1481.946138575673 0.1233846545219421 175.189955689013 0.3073617443442345 1.181896865367889 2.978013157844543 3314.253195166588 466.5422396585345 0.1215332895517349 248.3166778236628 1.314007893204689 0.5640331655740738 0 4000.922992862761 0 0.1878111809492111 173.5382178798318 0.8642396628856659 10.45545296370983 0.08780992031097412 55.95173989981413 0.2885669693350792 301.9077567830682 5.459031112492085 0 28.98525922000408 12.99613342434168 18.10874819755554 3211.873702727258 2415.412751600146 0.08749282360076904 5.543528631329536 13.2750044092536 35.08544815331697 0 8.098225757479668 1.511221215128899 18.13532027602196 5.973632946610451 0.1105779930949211 0 0 0 0 0.1042877733707428 1.397168017923832 0 0 0 0.8578406870365143 0.1095194071531296 0.4752502292394638 0 0 0 0 0 0 0.1806906908750534 0.3294297754764557 0 0.08078187704086304 0 0.4843953475356102 0.1058511808514595 0.6196866482496262 3.417127877473831 0 0.5116773173213005 2.120380073785782 1.159089408814907 0.2322776764631271 0.6777707636356354 0 0 0.1059945300221443 0.09498683363199234 0 0.832572415471077 0 0 0.3081383109092712 0 0 0 0
0.1233846545219421 104.0967929363251 43.7989119514823 0.4890157431364059 2.647540904581547 0.5064749792218208 2.321574784815311 2.428340159356594 1026.0819093436 0.3504608049988747 60.99527166038752 8.212710350751877 252.9536396935582 0.1025669127702713 24.57939095050097 54.84814639389515 9.050922438502312 0.7060904949903488 2.65075508505106 0.2654132843017578 4.962238289415836 2683.505169279873 9.87073864787817 813.7525222301483 2256.298114843667 146.5956648588181 7438.720141209662 14.07704045623541 0.3610346019268036 0.403583750128746 19.26318437606096 0.1009397208690643 0.1349604874849319 7.932331569492817 1.680765926837921 12.68534023314714 85.89977622032166 30.44947024434805 5.541170537471771 57.80264684557915 0.09803798794746399 146.2511395961046 0 0.09574563056230545 16.69254357367754 105.2410370931029 3.612242884933949 0 0.1281833201646805 0.4226673245429993 0.4227353930473328 9.525814659893513 0.4056635871529579 4.065714612603188 0.4719201326370239 21.11546084284782 0.3396832495927811 0 9.657501891255379 16.32312347739935 0.6570088118314743 5.084609188139439 0.9523385763168335 0.6983418986201286 9.59826835244894 15.40875639021397 9.692135073244572 7.395691514015198 156.5076971799135 723.7016309276223 4.39420123398304 0.4911818504333496 0.2701682224869728 4.951203361153603 0 0 3.637323208153248 0.2349453568458557 5.661557450890541 22.17156212031841 6.735977590084076 1.816491797566414 0.2908349633216858 0 7.526293024420738 0
175.189955689013 43.7989119514823 3601.418035656214 0.5254934728145599 0 110.8221566453576 486.0962479114532 1061.699681423604 0 80.91718952357769 9.252362668514252 0.1803435757756233 7.258897110819817 885.5832914337516 0 5.6876255646348 3819.487552136183 36.45818159729242 258.4405850544572 0.2967852577567101 606.2957078516483 1.669555500149727 6733.506014347076 10.35558839142323 0.1009388715028763 7219.08500674367 5619.234827466309 84.86293516308069 285.6065173223615 680.2449742406607 1.760861754417419 4.111107103526592 9.260072864592075 443.9651167169213 10.06343130022287 943.8519112542272 1055.441426821053 1149.627853885293 444.3330322653055 54.71998472511768 1.286436229944229 5.052052021026611 6.427092500030994 0.2247143983840942 258.6791267618537 1160.159504257143 0 0 0.2473603039979935 1.362686134874821 1.713294081389904 1.113467216491699 0 0.4215244874358177 0 0.1635818630456924 2.357318677008152 0 23.04895187914371 218.3513162881136 0.795368567109108 32.89984987676144 0 4.375545486807823 76.15864695608616 398.1959408447146 8.654033176600933 0.2625564262270927 250.9754179418087 1652.181609965861 5.213983431458473 1.085387736558914 6.281720191240311 0 0 0 22.43168660253286 9.230024352669716 88.68908590823412 10.54238438606262 93.45696121454239 42.09051965922117 1.274338982999325 0.3532240092754364 0.3510245680809021 0
0.3073617443442345 0.4890157431364059 0.5254934728145599 1715.471079654992 12.73366970568895 78.7546963095665 213.8506600260735 60.31047677248716 1042.886817857623 4210.17929315567 2.617892071604729 2727.29405733943 2.041001431643963 38.68644676357508 139.2303692400455 2.255915433168411 0.1150281727313995 0.5291614681482315 0.4055818095803261 3681.056910566986 0.9838385507464409 0.2208616435527802 1.653496891260147 1788.364354088902 3.386449694633484 1.047102458775043 7.198962278664112 4943.351616419852 112.8641056492925 1.92477323114872 0.1860613897442818 3.066024504601955 14.06932479143143 62.62444546073675 10.31398397684097 558.9560742676258 14.5420558154583 115.0200576037169 106.206283852458 346.4832504615188 2.910266607999802 4.924238599836826 2.61509732156992 0.2455493733286858 0.7159324139356613 0.2782353609800339 413.7398636713624 0.1209485903382301 56.64394830167294 208.0606567114592 18.88812842220068 196.0779880061746 137.8199734091759 0.4534998461604118 118.8004312217236 0.2261784970760345 14.49791068583727 10.73862733691931 0.09761352837085724 0 0.6102751940488815 0.08364565670490265 261.310719743371 0.1187636852264404 4.351672634482384 0.1313499212265015 369.6037628874183 0.5358086228370667 0.2035473957657814 1.201287269592285 541.3092302754521 6.596306629478931 2.659800469875336 0 0.8725342005491257 1.146061845123768 7.216172255575657 2.14174485206604 30.07354447990656 0.6178922653198242 27.01639891415834 7.086738616228104 249.5597262009978 1.838621497154236 2.261262640357018 0
1.181896865367889 2.647540904581547 0 12.73366970568895 74.67476117610931 415.9840930327773 3.70415210723877 198.6131228134036 106.3361385166645 11.08511473238468 97.64466088265181 224.7155613303185 3.194963186979294 11.1400231346488 2500.870095282793 0.1656223982572556 1.459433980286121 8.12699331343174 3.739966452121735 23.17023301869631 0.533530592918396 4.274009130895138 0.6334779039025307 65.77707576751709 0.5257111340761185 6.26396083086729 5.381060399115086 18.00056751072407 9.410886988043785 0.2875231951475143 1.378126509487629 120.0632148757577 0 352.1383821293712 0.1993526369333267 98.56906291097403 3.188187122344971 292.8220251351595 129.0529922246933 2113.632619962096 130.6143101602793 0.2501516938209534 3.693317830562592 0 0 0 0.1252402067184448 0 0.4560630917549133 1.077974423766136 0 0 0 0 0 0 0 0 0 0 0 0 0 0.09592552483081818 0 0 0.5579132288694382 0 0 0 2.637592621147633 0 0.1374392509460449 0 0 0 0 0 0.8279938101768494 0 0 0 0 0 0 0
2.978013157844543 0.5064749792218208 110.8221566453576 78.7546963095665 415.9840930327773 9789.181148812175 2256.914301671088 6105.071968816221 142.4059078320861 5204.683986224234 163.421566516161 4647.500291764736 24.80311366915703 826.055257730186 1648.643098466098 0.511914350092411 18.64652075618505 22.4374980404973 20.36271454393864 368.4369433149695 30.29262229800224 1.151133581995964 56.99034192413092 381.7350675463676 0.2955494523048401 44.95685555040836 52.39862865209579 471.1569980308414 323.6969076320529 17.2776835411787 1.237871311604977 1047.349158681929 7.095006428658962 849.4464099258184 4.632616393268108 723.8630910813808 19.68919625133276 744.9678092300892 398.0224772319198 2496.2810183689 252.1652054190636 10.74429999291897 13.70017574727535 0.235240638256073 0 1.60216698795557 17.66067042946815 0 6.704157643020153 113.254058368504 7.045772463083267 34.12308705598116 8.730948150157928 0.1841907650232315 2.311126805841923 0.1643578261137009 5.2390241548419 0.3855825066566467 1.200604014098644 0 0.1895626485347748 0 19.51785054802895 0.5718357339501381 0.9606224149465561 1.94502630084753 93.48315343260765 0 0.671314537525177 4.771313719451427 107.9185043126345 4.957128912210464 6.292928487062454 0 0.5572835803031921 0.3176085203886032 4.798344328999519 0.2685919106006622 26.44583594053984 1.260429710149765 19.56563515216112 5.859703987836838 34.11544124782085 0.9364507049322128 0 0.1447382867336273
3314.253195166588 2.321574784815311 486.0962479114532 213.8506600260735 3.70415210723877 2256.914301671088 9319.443870395422 3722.889855474234 170.908181540668 12863.27151869237 15.08639985322952 34.34440185874701 7.041149593889713 4203.50384786725 13.38806305080652 28.5136998668313 29.01608494669199 5.886248119175434 7.406660780310631 46.63395866006613 537.81961761415 8.75442361831665 666.8828756213188 817.2022413387895 0.2630846500396729 55.41683807224035 572.2225264012814 14099.26032497734 1817.642745263875 4106.323080651462 0.3245727494359016 29.87623678147793 209.4913041517138 694.7781462222338 70.65274576097727 2573.762067906559 92.30647166073322 954.7247441187501 795.8065819963813 87.81991113722324 16.29500740766525 1.56859265267849 16.41682986915112 0.696136362850666 2.076385132968426 8.380195654928684 32.17994286864996 0 22.11274110525846 285.8282182216644 25.83784065395594 124.6991717591882 16.15932650864124 2.16311963647604 7.693163365125656 0 15.43974920362234 0.3217514604330063 16.09354200214148 1.212064675986767 0.3909222856163979 0.1220549046993256 30.51348298788071 7.873543471097946 5.50653650611639 23.97337123006582 230.8897401690483 0.6816977858543396 1.205996319651604 18.75160377472639 253.5468771159649 9.895217753946781 17.62809869647026 0.1060569435358047 2.938718780875206 2.173819944262505 8.760200835764408 4.852490276098251 69.46141337603331 0.6861543729901314 51.28725949674845 14.68357456475496 41.25983539223671 1.287351876497269 0.2931985557079315 0.2525789439678192
466.5422396585345 2.428340159356594 1061.699681423604 60.31047677248716 198.6131228134036 6105.071968816221 3722.889855474234 7745.560400806367 69.21027506142855 2841.228846982121 185.2435653582215 939.996345795691 25.45178440958261 4673.151448920369 151.6140294447541 2.151553079485893 501.4898281544447 28.72982117533684 58.34860168397427 270.1332092806697 187.6958726868033 2.050758630037308 769.5140912681818 1348.871294721961 0.2340408265590668 274.9977709129453 180.4991232678294 667.4834400489926 321.3481446951628 793.7526672482491 0.3726045414805412 529.1885283514857 3.016385108232498 1012.364381998777 2.469425730407238 707.7247091084719 31.79871986806393 645.8099972605705 330.4157363027334 987.0784441456199 509.4347354993224 9.423736542463303 10.03822881728411 0.8716918975114822 2.312246151268482 16.74407527595758 37.24288787692785 0 18.37341418117285 435.8545672148466 21.17241022735834 90.05489576607943 16.25064762681723 1.273361206054688 6.18350175768137 0 21.13675783574581 0 4.669758468866348 4.529730625450611 0.3166706562042236 0.9540535435080528 33.74963852763176 5.947384156286716 2.41749481856823 10.75201334804296 299.798993177712 0 3.345208637416363 23.33933243900537 266.6887632086873 16.33052999526262 40.37738025188446 0 1.621999010443687 2.015602104365826 12.58928234130144 0.3838575035333633 85.40182272344828 1.892049245536327 51.97563196718693 24.57071217149496 49.4899495691061 2.48012837022543 0.6369547694921494 0.353092223405838
0.1215332895517349 1026.0819093436 0 1042.886817857623 106.3361385166645 142.4059078320861 170.908181540668 69.21027506142855 1205.280106469989 176.3444373458624 5.642117336392403 249.6895994693041 11.99874609708786 17.88432890921831 673.8345069214702 47.06608365476131 1.162032902240753 0.2885677590966225 0.7029232829809189 219.9464660733938 24.11219394207001 1735.016301840544 3.502336569130421 7709.747234478593 204.3793083429337 11.68386720865965 904.4509017318487 1457.595851764083 15.70613997429609 107.5913018211722 2.594044290482998 3.831651575863361 2.290287151932716 10.38017402589321 0 144.9537030011415 12.24463603645563 19.66830319166183 6.680721871554852 552.3575168251991 4.005012318491936 5.822829380631447 0.6452386379241943 3.268362157046795 6.846553802490234 3.386942930519581 188.8525761663914 0.09354870021343231 29.07946369796991 246.3048091903329 27.11684831231833 337.7328283414245 40.80033883452415 1.039860717952251 27.81636840105057 2.996376849710941 27.16571652144194 3.191572472453117 89.79542553424835 0.5790596604347229 0.3417167514562607 0.8727389872074127 111.3135444521904 53.57400712370872 51.75578970462084 1.830996282398701 1239.195870131254 1.814450889825821 1.728910624980927 10.92476228624582 562.1627637818456 30.71566942334175 79.87295319139957 0.2319240868091583 1.973221257328987 7.837539404630661 12.90599688887596 1.627511620521545 109.598259486258 5.157344542443752 54.87732857465744 21.33146143704653 127.8942889049649 2.05256113409996 0.8303408920764923 0.1506857872009277
248.3166778236628 0.3504608049988747 80.91718952357769 4210.17929315567 11.08511473238468 5204.683986224234 12863.27151869237 2841.228846982121 176.3444373458624 34410.81745601445 46.45051011443138 6114.397369705141 16.5316266939044 1530.928871393204 22.06346192955971 1.694344498217106 8.088731907308102 12.1446221768856 14.86828355491161 5747.257044807076 51.49830014258623 1.641337215900421 48.58310930430889 291.4331805557013 1.426054790616035 26.355090752244 56.6453545987606 2476.991232044995 1134.734627231956 18.10175612568855 1.05417912453413 61.57341551035643 23.19992483407259 538.2206849008799 27.54231532663107 2181.487969510257 83.94797613471746 934.878865391016 657.2867012247443 118.7843827530742 39.67153768986464 4.172604888677597 28.219452932477 0.2760507613420486 0.8739070817828178 2.195260852575302 336.7385939508677 0.2292605191469193 54.13805508613586 361.4179583117366 33.22939708828926 151.8414078950882 117.4161759465933 0.822370246052742 51.85004115104675 0.6760437339544296 21.95810997486115 1.233188509941101 1.438867427408695 0.2383809015154839 0.116380013525486 0.09624120593070984 231.0543439537287 0.6009656712412834 3.073773577809334 3.440845534205437 374.2440306842327 0 0.3773685321211815 2.717358008027077 610.7687109708786 9.010553739964962 3.156458511948586 0 3.302289947867393 1.008978128433228 12.74844285100698 2.600364089012146 52.36864591389894 0.6315999329090118 44.827018879354 11.1221696138382 141.7726094424725 1.816737003624439 1.249886870384216 0.8919066190719604
1.314007893204689 60.99527166038752 9.252362668514252 2.617892071604729 97.64466088265181 163.421566516161 15.08639985322952 185.2435653582215 5.642117336392403 46.45051011443138 8247.165659442544 80.63420352339745 2079.968760289252 84.46340996026993 3.366900883615017 1.209828153252602 190.2416431680322 2081.104926370084 559.5697763562202 26.40010206401348 10.30580308288336 13.72142128646374 24.46209706366062 23.57978653907776 102.5246617794037 2994.103442527354 185.068778000772 9.195542223751545 324.1011424958706 9.756699785590172 95.12413361668587 241.4701884910464 4.367423921823502 6320.927997648716 19.24575732648373 450.3292198255658 2782.348670497537 4383.959608443081 774.2050412669778 48.17834927141666 53.62305524200201 449.1605281606317 1.011601746082306 0 4.556666888296604 0.7500126659870148 0.4114209711551666 0 0 4.744596779346466 0 1.391315340995789 0 53.6773698925972 0 345.279855646193 0.3439519703388214 0 0.1108752116560936 0.5260736346244812 3.849160045385361 0.3955410122871399 0 0 0.523801177740097 0.2894792854785919 5.386726789176464 28.72344831377268 33.78489660471678 67.63385433703661 2.800540611147881 0.7374288290739059 1.272691860795021 55.37520761787891 0.1217905431985855 0 1.728535152971745 0.8692799210548401 13.79135992377996 145.0682003870606 8.354031637310982 5.523841843008995 0 0 67.36719509214163 1.1047682762146
0.5640331655740738 8.212710350751877 0.1803435757756233 2727.29405733943 224.7155613303185 4647.500291764736 34.34440185874701 939.996345795691 249.6895994693041 6114.397369705141 80.63420352339745 8743.786611124873 15.01866322755814 711.3643092811108 1124.659105710685 0.08429218083620071 2.015698060393333 21.24806477874517 15.71670530736446 5750.16618193686 2.160065978765488 13.85566265136003 2.330203615128994 931.2068764641881 8.833258211612701 22.35423301905394 16.28900378197432 656.4803346246481 676.9931490197778 1.77795746922493 0.9426689371466637 158.908046759665 0.6380965337157249 546.1541648283601 3.660412386059761 979.4438782036304 25.88715838640928 735.6668485328555 281.6213032007217 1590.06742259115 59.315628901124 16.22633704543114 5.326315000653267 0 0.2229288518428802 0 95.19207358360291 0 13.64232861995697 25.01309741288424 1.994011864066124 20.32427708804607 18.41446760296822 0.2694497928023338 70.66520730406046 0 4.369094997644424 0.8119310140609741 0.1115085631608963 0 0.2483612596988678 0.08172170072793961 58.60302947461605 0 1.632772535085678 0 71.36544043570757 0 0 0 80.86604587733746 0.8302635177969933 0.3356352150440216 0 1.087103255093098 0 2.169861629605293 0.689527690410614 17.44391059875488 0 9.403611779212952 1.929546929895878 207.7479416131973 0.5911495611071587 9.271990656852722 0
0 252.9536396935582 7.258897110819817 2.041001431643963 3.194963186979294 24.80311366915703 7.041149593889713 25.45178440958261 11.99874609708786 16.5316266939044 2079.968760289252 15.01866322755814 1621.088583901525 18.58753941953182 0.1101278886198997 3.617668375372887 4.557745471596718 47.67911770194769 17.57907363027334 5.712036989629269 21.58123309165239 24.79113185405731 42.24961901456118 11.91601970046759 1750.78676777333 423.9586384221911 1428.685739696026 8.560142152011395 15.1343677341938 5.495650053024292 498.3343785107136 21.46969213336706 0.2358877658843994 470.3369949534535 154.1973483115435 2201.571570232511 4244.693709805608 3703.802585110068 838.0642844066024 185.3147033303976 284.5195785462856 1451.568644635379 8.969845652580261 0 29.27377177774906 0.8112201914191246 0 0 1.351872131228447 1.168377034366131 2.925718821585178 2.063941195607185 1.06946212053299 336.0048159509897 0.7128410562872887 2963.143389120698 2.020743429660797 0 0.3972697481513023 0.3790900260210037 16.19215090572834 5.758189022541046 0.5128954648971558 0.2231091186404228 3.806619852781296 1.030470937490463 2.488116644322872 551.703611202538 204.2863703146577 502.1221996322274 3.093891717493534 1.476544141769409 0 457.3196744695306 4.606643632054329 0 8.480830311775208 37.65415711700916 221.9399136081338 1005.641708105803 146.1672551259398 88.33981029689312 14.17796592414379 24.3814881592989 287.4451308101416 1.085586667060852
4000.922992862761 0.1025669127702713 885.5832914337516 38.68644676357508 11.1400231346488 826.055257730186 4203.50384786725 4673.151448920369 17.88432890921831 1530.928871393204 84.46340996026993 711.3643092811108 18.58753941953182 6380.311172746122 32.29780864715576 1.192676886916161 841.9519165605307 24.00726711750031 83.76788317412138 204.3651527166367 143.3099088519812 0.5545277297496796 895.2434892505407 272.7626990303397 0.4106590151786804 220.2007988169789 130.0407882332802 274.6752067655325 3789.900393359363 2374.486387208104 0.4652554914355278 107.7178115770221 6.598791189491749 471.8281490951777 2.813049629330635 581.1549959778786 27.31699591130018 453.3060526102781 242.631648182869 433.7651904299855 126.8015572428703 9.521474726498127 6.206589490175247 1.159452013671398 2.478064529597759 9.727163411676884 2.753391623497009 0 1.462449416518211 54.41661775112152 4.123358458280563 18.56113039702177 1.172899484634399 0.2855971157550812 2.269249692559242 0 5.362642094492912 0 3.451778389513493 3.866540566086769 0 0.2643306776881218 4.434306561946869 5.156870312988758 1.478011958301067 3.68735271692276 71.03071833401918 0 3.17307373136282 15.57611934095621 50.55102082341909 3.689147725701332 16.73068701475859 0 0.1493417471647263 0.4194207042455673 2.62476371973753 0.9398558139801025 29.34694970399141 0.9803281724452972 14.27201049029827 7.041657879948616 5.329237893223763 0.8123070150613785 0.3225335031747818 0
0 24.57939095050097 0 139.2303692400455 2500.870095282793 1648.643098466098 13.38806305080652 151.6140294447541 673.8345069214702 22.06346192955971 3.366900883615017 1124.659105710685 0.1101278886198997 32.29780864715576 551.1737072467804 0.2619427740573883 0 0.1965467557311058 0.2240417450666428 115.5671603307128 0 48.27811779081821 0.1993104964494705 942.9961050599813 3.648248113691807 0.5581452324986458 32.09371012449265 136.7114216610789 6.548016436398029 0.1315427273511887 0.1287297904491425 225.5487616509199 0.1953588277101517 18.58596220612526 0 60.29537554830313 0.8294578939676285 9.22817637771368 8.782095655798912 1423.441666655242 173.0407775491476 0.8233549743890762 0 0 0 0 5.740744955837727 0 0 0.8997185528278351 0.3934966027736664 0.6366489678621292 0 0 1.584185183048248 0 0 0 0.1040204539895058 0 0 0 4.674088776111603 0.2839836627244949 0.1743191629648209 0 5.042053215205669 0 0 0 4.601030968129635 0 0.1582872420549393 0 0 0 0 1.634715914726257 0.3547051027417183 0 2.169687673449516 21.6858024597168 11.18764907121658 0.1856947988271713 0 0
0.1878111809492111 54.84814639389515 5.6876255646348 2.255915433168411 0.1656223982572556 0.511914350092411 28.5136998668313 2.151553079485893 47.06608365476131 1.694344498217106 1.209828153252602 0.08429218083620071 3.617668375372887 1.192676886916161 0.2619427740573883 1560.09921760112 20.02171470969915 0.9753321558237076 6.946975186467171 0.08944264054298401 1576.23304887861 1849.575512111187 4061.418945305049 1721.140511579812 2.854591898620129 6.345782406628132 3790.124934867024 1739.848038472235 11.17694787681103 21.59974078088999 0.1077528446912766 0 5.596955761313438 83.71050390601158 47.48299117386341 1803.137926720083 503.9592296332121 404.8134687840939 440.8406215980649 116.5308196991682 1.513345196843147 2.172828733921051 7.846961244940758 1.136284366250038 5.030183121562004 24.75145719945431 0 0 0.4754659533500671 6.720215268433094 1.842021785676479 11.0277831479907 0 0.2224606573581696 0.2630274370312691 0.1056036427617073 4.41856174916029 0 2894.349240325391 2.681679092347622 0.2267686352133751 1.560590527951717 0 860.306672282517 808.9225998446345 1693.492138430476 234.9061120599508 0 1.299294635653496 107.6513788551092 198.9413203150034 28.99831657111645 270.4774226099253 0 0 8.437102369964123 15.66093666106462 7.257005326449871 132.2580777108669 18.95868347585201 37.75658416748047 29.56243035942316 3.706872299313545 0.3077076971530914 0.1593039184808731 0.2471093460917473
173.5382178798318 9.050922438502312 3819.487552136183 0.1150281727313995 1.459433980286121 18.64652075618505 29.01608494669199 501.4898281544447 1.162032902240753 8.088731907308102 190.2416431680322 2.015698060393333 4.557745471596718 841.9519165605307 0 20.02171470969915 1253.104669764638 188.8884666785598 3693.136826992035 1.366723120212555 567.5230552554131 1.999325394630432 2011.834503255785 14.24825473874807 0.1193230599164963 2071.951018840075 6702.81973195076 16.56397768855095 1884.64229298383 2402.027476169169 1.947089768946171 8.224377542734146 132.0245555862784 2357.34253308177 5.783365853130817 579.7947710156441 755.1409774273634 1822.877127766609 430.96493383497 28.58153302967548 1.00373613089323 2.299461707472801 4.773075923323631 0.128629133105278 52.64645211398602 304.3091059848666 0 0 0 1.398096211254597 0.6873583793640137 1.211741745471954 0 0 0 0.1290563195943832 1.288494199514389 0 14.93861961364746 109.7598704248667 1.145732626318932 48.58200271427631 0 10.12102960050106 4.60748141258955 58.71510913223028 3.866167716681957 0.3429508656263351 188.1320979446173 517.3605507463217 2.976374968886375 0.5819168165326118 5.559166841208935 0 0 0 9.56124759465456 4.498656049370766 23.37662225961685 2.13181634247303 25.59650000184774 9.442832432687283 0.1500000953674316 0 0 0
0.8642396628856659 0.7060904949903488 36.45818159729242 0.5291614681482315 8.12699331343174 22.4374980404973 5.886248119175434 28.72982117533684 0.2885677590966225 12.1446221768856 2081.104926370084 21.24806477874517 47.67911770194769 24.00726711750031 0.1965467557311058 0.9753321558237076 188.8884666785598 320.8424945399165 556.8201227858663 6.0385837033391 7.511087909340858 0.1126972362399101 10.92788664251566 3.754829563200474 4.212983004748821 3659.659803882241 502.8670298308134 4.044539928436279 65.57515786588192 8.964549399912357 147.3008734434843 30.1487031430006 5.78234076499939 1518.519873917103 4.385462991893291 501.5419168323278 755.6979337483644 1957.059430599213 335.3304451853037 13.76421749591827 0.7767091244459152 0.7667732536792755 2.622587367892265 0 1.42214247584343 1.910582281649113 0.09393288940191269 0 0.2002687305212021 1.335283331573009 0 0.1005742624402046 0 0.313192144036293 0.08266517519950867 32.8792529925704 0 0 0.07204215228557587 1.882598094642162 5.207726202905178 3.473671533167362 0.09987414628267288 0.2474802732467651 0 0.4430852457880974 2.020079717040062 7.968429662287235 67.60872969031334 88.97269641608 0.9817211255431175 0 0 22.85878044366837 0 0 0 0.8265216499567032 5.632169626653194 1.58288948982954 0.9098658189177513 0 0 0 0 0
10.45545296370983 2.65075508505106 258.4405850544572 0.4055818095803261 3.739966452121735 20.36271454393864 7.406660780310631 58.34860168397427 0.7029232829809189 14.86828355491161 559.5697763562202 15.71670530736446 17.57907363027334 83.76788317412138 0.2240417450666428 6.946975186467171 3693.136826992035 556.8201227858663 1576.188572734594 5.585317753255367 87.77566353231668 0.6378790140151978 222.0827927142382 4.514060415327549 5.1790571808815 2310.494061782956 1452.216873623431 5.816938556730747 290.2536756768823 215.6862886995077 46.89965426921844 21.65426840633154 42.17694649845362 3752.086627431214 12.19576074928045 1064.394375130534 657.2866649627686 2283.566695399582 473.0248063579202 29.3373965844512 0.7271526008844376 1.121412798762321 6.400892943143845 0 8.881887868046761 19.17320320010185 0 0 0 0.435542456805706 0 0.2153993993997574 0 0.2045759558677673 0 9.136857122182846 0.2772116810083389 0 1.718402922153473 13.91972807049751 4.349454857409 23.39466428756714 0 0.8433047980070114 1.074794620275497 2.710097089409828 1.354549430310726 12.56723340600729 141.5475050285459 175.9703952670097 1.018544934689999 0.07318785786628723 0.5096759423613548 4.910865627229214 0 0 0.9605977609753609 7.799285545945168 8.487956844270229 1.113886132836342 2.149392798542976 0.1276521980762482 0.2776448726654053 0 0 0
0.08780992031097412 0.2654132843017578 0.2967852577567101 3681.056910566986 23.17023301869631 368.4369433149695 46.63395866006613 270.1332092806697 219.9464660733938 5747.257044807076 26.40010206401348 5750.16618193686 5.712036989629269 204.3651527166367 115.5671603307128 0.08944264054298401 1.366723120212555 6.0385837033391 5.585317753255367 890.0016954913735 2.934999510645866 0.2237107902765274 2.079779349267483 232.7119597420096 1.955967791378498 7.45557801797986 4.338876657187939 2319.177506864071 286.9151619672775 0.5631764605641365 0.2330091819167137 35.01114492863417 2.152821026742458 179.4102672785521 5.310012646019459 748.9542720094323 18.55175483971834 312.2560750991106 186.8045212328434 485.323100425303 19.19173664599657 1.023440822958946 11.03503831475973 0.1978530734777451 0 0 192.111847423017 0 32.8258258998394 166.6333397254348 13.17253284156322 64.6498498916626 49.4361819922924 0.3075011372566223 29.71523424983025 0 11.6366693302989 4.416560307145119 0 0 0.1170770674943924 0 111.5279036909342 0.1370590925216675 1.122383296489716 0 179.3487296998501 0 0.2264180779457092 0 272.3036283627152 2.646478682756424 2.417899489402771 0 1.038641735911369 0.6151642650365829 2.747241675853729 0 28.28510276228189 0.6009759157896042 27.64075752347708 5.414709247648716 148.4022298008204 0.900611013174057 0 1.950826406478882
55.95173989981413 4.962238289415836 606.2957078516483 0.9838385507464409 0.533530592918396 30.29262229800224 537.81961761415 187.6958726868033 24.11219394207001 51.49830014258623 10.30580308288336 2.160065978765488 21.58123309165239 143.3099088519812 0 1576.23304887861 567.5230552554131 7.511087909340858 87.77566353231668 2.934999510645866 10959.5591455996 193.3396439775825 8846.616833850741 87.76424867659807 0.7344848215579987 33.24600166082382 456.6877244785428 1808.353132717311 239.2863027378917 11042.36244920641 0 3.511442318558693 47.21630348265171 4044.076727561653 300.9613075256348 7458.551096722484 1756.002329729497 5590.458051271737 3481.542585276067 503.1620309352875 6.571519948542118 3.923978105187416 43.01494793593884 0.549502044916153 0.5159963518381119 20.71658612042665 1.221959210932255 0 0.09988401085138321 1.278918340802193 0.7374249473214149 5.009331710636616 0.08989419043064117 0.245958536863327 0 0 4.752312563359737 0 876.5580325871706 2.714266143739223 0.07822734862565994 1.126425065100193 0 803.570321418345 282.4895117878914 160.0520719364285 167.074458271265 0 1.451120942831039 9.423309154808521 170.3606366738677 28.46978689730167 375.0087969601154 0 0.4772523939609528 8.615192286670208 22.43524800240993 28.39225638657808 207.4352960512042 22.54611691087484 31.96451649814844 16.26369342952967 5.388716153800488 0 0.5368664264678955 0.3128975033760071
0.2885669693350792 2683.505169279873 1.669555500149727 0.2208616435527802 4.274009130895138 1.151133581995964 8.75442361831665 2.050758630037308 1735.016301840544 1.641337215900421 13.72142128646374 13.85566265136003 24.79113185405731 0.5545277297496796 48.27811779081821 1849.575512111187 1.999325394630432 0.1126972362399101 0.6378790140151978 0.2237107902765274 193.3396439775825 1606.240223795176 289.5556389838457 4480.464369386435 643.2565224096179 18.11713464558125 4130.512516215444 147.2163704931736 3.70672982186079 19.01128431409597 3.664811290800571 0.09676030278205872 0.949644923210144 4.409382946789265 0.8670598268508911 25.28266224265099 22.89368493109941 13.28833053261042 4.426288209855556 89.09022877365351 0.1639381498098373 12.32308304309845 0.09627912193536758 0.1574326604604721 9.874269433319569 19.13100492209196 3.740736171603203 0 0.7753406167030334 4.237308584153652 0.7096205428242683 22.09685519337654 0.9712287783622742 0.5406970903277397 0 6.586115226149559 2.118911668658257 0 886.8634692206979 0.5027297288179398 0.6713829562067986 0.7261160910129547 0.5028218924999237 171.5123952701688 50.15937387943268 343.2505038827658 96.47122329473495 2.231861092150211 4.64600583165884 150.3656703904271 47.96383144706488 3.431154660880566 55.62619344890118 1.19352950155735 0.1849704012274742 1.728663608431816 2.823453173041344 0.676445871591568 26.21497038751841 12.70524308085442 9.020902782678604 4.782911457121372 2.604981184005737 0 1.425501972436905 0
301.9077567830682 9.87073864787817 6733.506014347076 1.653496891260147 0.6334779039025307 56.99034192413092 666.8828756213188 769.5140912681818 3.502336569130421 48.58310930430889 24.46209706366062 2.330203615128994 42.24961901456118 895.2434892505407 0.1993104964494705 4061.418945305049 2011.834503255785 10.92788664251566 222.0827927142382 2.079779349267483 8846.616833850741 289.5556389838457 11047.45352289081 412.965855717659 0.294905424118042 509.5513676926494 9739.95516166091 3634.835729219019 820.7696966454387 6047.656796209514 0.6083624139428139 4.757901296019554 31.07072673738003 4521.38160507381 248.1454257071018 9406.761987276375 5207.664271958172 7223.10223415494 5078.689350478351 909.1478586271405 21.65716490149498 21.71524157375097 118.9446050748229 0.6356536149978638 51.02088835835457 712.2430737316608 0.9310623705387115 0 0.5973933190107346 14.79398990422487 3.987305596470833 3.760924100875854 0.7938059121370316 0.3614934384822845 0 0.2193925529718399 3.626143895089626 0 2192.327260419726 21.72967329621315 0.1067184135317802 2.664063759148121 0 426.6804595589638 474.5178855806589 3198.301058650017 88.51101605594158 0.1276037245988846 9.10402138531208 1514.458386152983 63.82994989305735 3.446001693606377 84.63593540340662 0 0 1.641940474510193 20.61169400811195 77.45517749339342 278.3181386068463 19.69568444788456 87.32807004451752 74.67784309387207 4.508285276591778 0.9715899229049683 0.9715664610266685 0.3878839313983917
5.459031112492085 813.7525222301483 10.35558839142323 1788.364354088902 65.77707576751709 381.7350675463676 817.2022413387895 1348.871294721961 7709.747234478593 291.4331805557013 23.57978653907776 931.2068764641881 11.91601970046759 272.7626990303397 942.9961050599813 1721.140511579812 14.24825473874807 3.754829563200474 4.514060415327549 232.7119597420096 87.76424867659807 4480.464369386435 412.965855717659 6201.853918269277 141.5342539176345 14.8448256701231 2680.917398229241 5620.74436121434 497.0684887245297 855.1336919367313 1.518365330994129 25.26359628140926 108.2393354773521 413.0671031475067 90.52982507646084 2774.376476794481 210.6735914871097 830.1055884733796 606.280413761735 1212.713710054755 16.93640378862619 5.551873035728931 13.6621465459466 13.08763585984707 6.907909154891968 17.74165154248476 179.7974995225668 0.2920127511024475 48.04859843105078 929.0181291550398 64.57696828991175 859.7662424594164 62.66681883484125 2.380156755447388 25.46947560459375 3.681778453290462 105.161919016391 3.959129817783833 321.639135889709 2.23614327609539 1.374998293817043 2.517845693975687 113.9512606784701 257.7339127063751 226.6923472061753 89.31721270084381 2051.292075537145 0.6910625323653221 3.255074817687273 25.24598872661591 1193.184586517513 142.6857337988913 334.5896538868546 0.7862368300557137 8.068681798875332 19.06948487460613 54.05930571258068 8.824827164411545 458.4945644140244 9.80346305668354 204.0055207684636 72.07696566730738 254.3705537244678 12.75945009291172 1.759467162191868 1.084597900509834
0 2256.298114843667 0.1009388715028763 3.386449694633484 0.5257111340761185 0.2955494523048401 0.2630846500396729 0.2340408265590668 204.3793083429337 1.426054790616035 102.5246617794037 8.833258211612701 1750.78676777333 0.4106590151786804 3.648248113691807 2.854591898620129 0.1193230599164963 4.212983004748821 5.1790571808815 1.955967791378498 0.7344848215579987 643.2565224096179 0.294905424118042 141.5342539176345 251.642751686275 215.6159838736057 3061.637378685176 1.873030066490173 0.5736342817544937 2.190686941146851 233.5520004853606 0.3014136552810669 0 26.42752195894718 3.247240170836449 621.4874484837055 342.0846360251307 331.6188495829701 79.66631475090981 107.5988232120872 10.58961588144302 1069.864698082209 0 0.1283330619335175 49.34285907447338 0.4001597091555595 0.3065434172749519 0 0 0.3521516174077988 0 1.473363615572453 0 150.5070860385895 0.1327468901872635 1421.375833310187 0.3206919655203819 0 0.3093484491109848 0.6830912232398987 2.399246379733086 9.764240562915802 0 0 1.019995957612991 0.3669387325644493 2.048401407897472 201.9613672867417 181.6919259354472 373.4366116970778 0.8956125900149345 0.07724308222532272 0.3086024597287178 86.30330774188042 0.1284784078598022 0 3.507854506373405 0 122.9576978236437 160.2174002453685 33.10181284695864 11.16605182737112 17.49258925020695 8.608777046203613 54.03359791636467 5.43468451499939
28.98525922000408 146.5956648588181 7219.08500674367 1.047102458775043 6.26396083086729 44.95685555040836 55.41683807224035 274.9977709129453 11.68386720865965 26.355090752244 2994.103442527354 22.35423301905394 423.9586384221911 220.2007988169789 0.5581452324986458 6.345782406628132 2071.951018840075 3659.659803882241 2310.494061782956 7.45557801797986 33.24600166082382 18.11713464558125 509.5513676926494 14.8448256701231 215.6159838736057 14822.4290234372 14876.7583527118 8.195007242262363 216.0832281708717 107.2711483314633 614.6170118302107 26.12453531473875 18.36864453554153 1344.603180170059 15.71447485685349 2834.137988194823 3720.632408522069 3279.303640134633 915.0830402448773 93.38702300190926 4.817911632359028 32.29384734481573 14.52027007937431 0.5987636148929596 352.4307790622115 139.5839236974716 0 0 0 1.143761575222015 0.7956239581108093 0.9054762646555901 0.1574599891901016 12.67186585813761 0 818.7736628428102 1.2797741740942 0 4.373214773833752 223.8841157108545 86.85608768463135 495.1210751533508 0 1.76117666810751 5.737366169691086 5.727722160518169 4.235952764749527 403.0523542165756 3070.505730517209 4637.791359387338 2.624090611934662 1.760961778461933 2.353004097938538 379.525168210268 0.2524657472968102 0.1116408705711365 9.680042333900928 14.61649774760008 37.26061551272869 72.67112584412098 33.40871771425009 17.64796520024538 0.20184525847435 0.5811996459960938 1.025111325085163 0.4197730123996735
12.99613342434168 7438.720141209662 5619.234827466309 7.198962278664112 5.381060399115086 52.39862865209579 572.2225264012814 180.4991232678294 904.4509017318487 56.6453545987606 185.068778000772 16.28900378197432 1428.685739696026 130.0407882332802 32.09371012449265 3790.124934867024 6702.81973195076 502.8670298308134 1452.216873623431 4.338876657187939 456.6877244785428 4130.512516215444 9739.95516166091 2680.917398229241 3061.637378685176 14876.7583527118 25740.48904254287 1605.862560167909 137.4022972434759 221.6734386086464 956.1604752913117 9.432226307690144 23.99388084560633 2291.526174671948 89.79893658310175 6712.979004725814 2563.509859010577 6524.534132622182 2705.175301037729 433.1039935126901 6.474872998893261 15.88430403918028 56.37609246373177 2.399374425411224 3663.49632576853 3048.850999608636 4.277683176100254 0 0.9855720475316048 24.57502285391092 9.036317132413387 24.47042592614889 0.51906668394804 13.29932900518179 0.8536709621548653 714.4210136011243 13.14476276934147 0 679.8612615540624 774.3566209748387 78.16631302237511 713.1579305753112 2.14079375565052 43.54387969523668 1085.444058805704 2301.886693462729 79.50565011799335 925.6523922458291 4770.216199606657 12771.88191445917 54.99817245453596 4.671782836318016 14.08105543255806 307.352298296988 0.4157521575689316 0.2457470670342445 75.78984247148037 84.51701298356056 298.862379424274 137.2370764240623 283.4290501624346 141.2160182371736 5.685390993952751 2.511217400431633 2.639138713479042 1.854044079780579
18.10874819755554 14.07704045623541 84.86293516308069 4943.351616419852 18.00056751072407 471.1569980308414 14099.26032497734 667.4834400489926 1457.595851764083 2476.991232044995 9.195542223751545 656.4803346246481 8.560142152011395 274.6752067655325 136.7114216610789 1739.848038472235 16.56397768855095 4.044539928436279 5.816938556730747 2319.177506864071 1808.353132717311 147.2163704931736 3634.835729219019 5620.74436121434 1.873030066490173 8.195007242262363 1605.862560167909 12969.80376877636 976.8455165624619 11377.1099556461 0.08283532410860062 9.777333527803421 397.5460112020373 1172.849243946373 239.5523511394858 5663.307118035853 337.3342054560781 2015.171473160386 1449.374922864139 545.3670099154115 13.13881995528936 2.771382637321949 23.18223639577627 10.94782238453627 3.15417741984129 19.39687363803387 539.5234803408384 1.259651213884354 91.85039369016886 949.3671093806624 71.30740834027529 596.999763481319 167.4918082281947 3.204325243830681 74.75906791538 1.001324646174908 88.82473094016314 5.796649947762489 268.4570922031999 2.513828903436661 1.903037659823895 2.925549611449242 388.1670165136456 304.6227776557207 141.0025279298425 53.02320018410683 1658.399422861636 0.3390739262104034 2.120959520339966 21.45475489646196 1548.640308611095 130.9691590741277 367.8872730359435 0.6061069890856743 5.203070871531963 22.46355443447828 45.95100287348032 14.59631721675396 338.5331283807755 9.617029614746571 157.4750386625528 63.83673955500126 402.7120259851217 9.226770401000977 1.133893728256226 1.718434743583202
