1137.693041145802 0 477.64117410779 58.72352784872055 0 45.41856463253498 5142.300124451518 904.0906054154038 7.460029654204845 272.551551297307 27.92961803078651 9.131940774619579 0.6440831422805786 5217.111643046141 0 0 736.0241685882211 18.14700407534838 125.7439508363605 76.42898173630238 29.5208842381835 0.9463655948638916 468.9552435278893 192.1812779530883 0 119.048320710659 27.15720597654581 459.2530448436737 4605.609326697886 2931.664511136711 0.3385881260037422 6.693385101854801 94.65574905276299 335.615263171494 2.249433860182762 56.91812141984701 8.57829724252224 125.0388942584395 18.24012903869152 1.981595240533352 7.240513019263744 0.4382214397192001 0.1977754682302475 1.101898767054081 0.3133189454674721 0.68844074010849 5.104548752307892 0 0 41.01453199982643 0 3.22769869863987 1.441907048225403 0 0 0 2.113548271358013 0 0.9256669506430626 0 0 0.5399310737848282 3.568501234054565 0.1420021206140518 0.6112522333860397 0.6738768368959427 15.51357838511467 0 1.492534272372723 1.549720354378223 27.65493084490299 1.433416523039341 6.148944824934006 0 0 0 1.973656997084618 0.2028071880340576 12.93958775699139 0 2.6855378895998 2.617632210254669 1.170709609985352 0.6928445398807526 0 0
0 177.2507255151868 180.1603072360158 0 0 0 0.9238573610782623 0.2653895616531372 879.6118009462953 0.1062010377645493 109.5098004117608 0.2764582484960556 699.8229172155261 0.2387609854340553 7.279460825026035 64.95641693472862 56.66205394268036 5.32053804397583 15.23113825917244 0.08014903217554092 0.8001704663038254 2739.036280736327 26.51079080998898 263.0622013360262 1418.578380078077 305.7885242924094 8151.044606260955 18.58549219369888 0.2006622031331062 0.8354962542653084 70.14141710847616 0 0.4954212605953217 66.07333792001009 0.1621744930744171 67.96268236637115 309.1814600378275 121.529397495091 27.72565391659737 6.564482979476452 0.3904997557401657 266.1143490150571 0 1.62404853105545 22.44292825460434 203.8730583935976 0 0 0.1209987476468086 2.467217266559601 0.8444700911641121 1.66600089520216 0 0.8752591162919998 0 3.641230255365372 1.600060470402241 0 2.609098978340626 77.89591813087463 4.082275703549385 29.81090266257524 0 0.4058912321925163 25.09319879114628 48.66881772130728 2.247049979865551 6.553139880299568 168.5827495679259 599.482703357935 1.706162333488464 0.4532139897346497 1.185628280043602 2.155313223600388 0 0.1371270716190338 29.28232809901237 0.7381960153579712 69.94896057993174 42.61663594841957 78.45419212430716 27.18064614385366 2.226785764098167 0.5194809436798096 0 0
477.64117410779 180.1603072360158 4036.027714438736 16.22957525402308 0 23.96253687143326 2947.335940547287 128.0043688490987 9.335571140050888 31.3433033451438 34.84454420208931 0.1597440987825394 3.269776545464993 551.1402039006352 0.3763166666030884 109.4742493927479 6881.938816152513 108.3404662236571 673.3648478910327 6.593435145914555 1004.571787327528 58.01697272062302 8064.42741446197 560.258876234293 0.3274972885847092 7906.008102022111 16437.4982541427 2677.844379670918 332.926076926291 649.2735868170857 6.001905687153339 0.4623940885066986 18.81848630309105 457.3094940632582 22.72249813377857 1051.417949840426 1594.813099913299 798.418345823884 546.9847306460142 40.8328956887126 5.881021998822689 5.925956815481186 8.534093752503395 3.040786847472191 281.8802400231361 987.1284172013402 0.575305849313736 0 0.4198769181966782 19.86406623572111 5.553849406540394 1.148543104529381 0.8088186681270599 3.146974459290504 0 0.7785406112670898 12.61028911173344 0 19.29114220291376 300.0981124266982 7.114053219556808 60.51275029033422 0.2037964761257172 10.83812180161476 35.85825961828232 525.0499829947948 6.292223781347275 1.673239752650261 373.2076403573155 1297.984034202993 4.396790400147438 1.997437126934528 8.19316840171814 0.6099729388952255 0 0 149.2121234536171 18.15869942307472 344.4060639515519 91.93606941401958 351.1862568557262 148.0975824967027 23.38806928694248 0 0 1.011363387107849
58.72352784872055 0 16.22957525402308 5068.931945823133 1.34519436955452 259.2759457826614 477.5361383035779 156.4669464826584 849.2726618647575 1828.144121341407 17.79962992295623 4144.413475319743 0.4310791119933128 346.508162997663 108.3619351238012 0 1.994437769055367 2.436466597020626 1.993420779705048 8781.796672284603 11.35553453862667 1.812440231442451 27.21659199148417 2749.060305699706 0 9.824509024620056 4.011838994920254 7441.951400697231 410.7691700682044 19.18358494341373 0.1790660098195076 14.46256983280182 32.023377597332 110.9204670488834 1.917820185422897 144.0937472358346 5.741354793310165 108.5336590856314 15.11510987579823 101.8700955361128 23.01260013878345 0.2104962170124054 1.158331133425236 1.293541461229324 0.264296293258667 0 342.0609119310975 0 1.946570873260498 159.931601934135 1.081678003072739 418.6041040122509 156.057620704174 2.335346683859825 213.565418228507 0.107207678258419 5.741467952728271 6.000547245144844 0.5146278738975525 0 0.1458191126585007 0 225.1287373900414 0 1.270206101238728 0.61701899766922 658.835041180253 0 0 0.5294013619422913 344.2166707515717 19.1661706417799 1.839551150798798 0 0 0.7063201665878296 6.267149567604065 0 37.26523102074862 1.293012022972107 32.63776267319918 7.389797382056713 49.10580487549305 1.922216445207596 0 2.861320957541466
0 0 0 1.34519436955452 83.95811830461025 43.6678691804409 0 0.6919444650411606 21.42247404158115 1.969847172498703 2.788503125309944 39.38742955029011 0 0.3451353162527084 1346.881706938148 0 0 0.1718311756849289 0 2.407076545059681 0 0.2478095442056656 0 5.641196385025978 0 0 0.1056477874517441 1.091430984437466 1.411322511732578 0.2873420119285583 0 82.37337219715118 0 148.1965131014585 0.1726324409246445 4.89009128510952 0 61.72670742124319 23.28263399004936 1784.359075583518 62.94320991635323 0 0 0 0 0 0 0 0 0.2766306698322296 0 1.232230424880981 0 0 0 0 0 0 0 0 0 0 0 0 0 0 0.2833291888237 0 0 0 0 0 0 0 0 0 0 0 0 0 0 0 0 0 0 0
45.41856463253498 0 23.96253687143326 259.2759457826614 43.6678691804409 16110.62905707955 2591.520435370505 3884.30924693495 143.7158353924751 10854.70774529129 22.76395313441753 4142.65629196167 1.021127566695213 1185.619262076914 1048.479824118316 0 4.751482136547565 3.546734288334846 1.7949373498559 1064.468029670417 1.170641899108887 0 2.483957044780254 40.79766726493835 0.4152819737792015 6.792368173599243 1.678810775279999 494.4164022728801 1891.791894875467 9.220884718000889 0.2870256006717682 926.8407328277826 1.501015536487103 156.0253399312496 0.8718479424715042 67.48144726455212 0.4389225691556931 69.27317555248737 21.70580869913101 1653.136100068688 181.1642316430807 3.160945177078247 1.091903865337372 0 0 0 2.538219407200813 0 0 19.80382364988327 0 8.285082772374153 2.854642331600189 0 22.82535116374493 0 0.2061255425214767 0 0 0 0 0 0.1790546625852585 0 0 0 15.6201990917325 0 0 0.2280478402972221 16.00107227265835 0 0 0 0 0 0.6261225938796997 0 5.823027469217777 0 1.700569778680801 0.5315430015325546 1.43492466211319 0 0 0
5142.300124451518 0.9238573610782623 2947.335940547287 477.5361383035779 0 2591.520435370505 18145.6710049659 2822.484741039574 81.57300065457821 13181.23316242546 44.06970823556185 45.85460456460714 2.312020532786846 11570.63929376751 17.01575560867786 1.201629661023617 468.5365585386753 22.19568535685539 56.71988496929407 285.2222809568048 843.122019559145 1.35087351500988 1439.268261268735 730.5850844085217 0.2748417779803276 710.8413072749972 56.40525503456593 15896.67313698679 3362.273739770055 3646.556189037859 1.141891531646252 35.43278393149376 542.9035435542464 552.0359000116587 33.37956020236015 1473.09271620214 68.8187559992075 704.1086022257805 177.5472125634551 95.55471492558718 121.9561783969402 5.239072293043137 14.8746375888586 4.148591890931129 1.242701634764671 6.862869806587696 11.25147645175457 0 0 158.9992062598467 4.439910054206848 63.04405945539474 5.54844343662262 0 0 3.820482730865479 9.280942603945732 0 1.089050188660622 3.275021687150002 0 0.2455438375473022 8.275889962911606 0.1498643606901169 1.307742476463318 3.777448654174805 114.9283753111959 0 4.748823195695877 10.74555580317974 124.637350320816 9.702181257307529 10.50468287616968 0 0 0.273615188896656 5.748318329453468 4.450057730078697 82.90103156864643 2.69853375852108 37.36907130479813 7.383428990840912 16.8333677649498 2.717064261436462 0 3.123428203165531
904.0906054154038 0.2653895616531372 128.0043688490987 156.4669464826584 0.6919444650411606 3884.30924693495 2822.484741039574 3779.171807989478 17.40685818344355 2251.195882678032 18.87218537181616 396.6873332187533 0.3150282949209213 6901.218749202788 119.2677716389298 0 77.09645777195692 2.325988322496414 12.32782881706953 448.4425649940968 2.770063474774361 0 46.39435839653015 116.5799738690257 0 36.07051692157984 3.221660658717155 298.5544991642237 693.1918867453933 134.7346399724483 0.8391817361116409 624.1924852058291 10.91651424020529 118.9333027303219 1.425156533718109 106.6549826934934 2.489412516355515 118.0887243747711 63.91879045963287 570.2101724073291 116.6707639023662 2.407612912356853 3.395804196596146 0 0 0.2277589291334152 13.7442299798131 0 0.3436941802501678 89.42438628524542 0.688012108206749 14.8533133789897 9.789971366524696 0.2090668380260468 4.867567844688892 0 1.226129814982414 0 0 0 0.1777178198099136 0.1213367059826851 4.110666856169701 0 0 0.1090065315365791 45.83562223613262 0 0.1202894300222397 0.3413968831300735 47.87704937160015 1.256713524460793 2.118176624178886 0 0.574271559715271 0 1.39900153875351 0 8.16513279825449 0 6.03592025488615 1.222141057252884 2.560060933232307 0 0.2418349534273148 0
7.460029654204845 879.6118009462953 9.335571140050888 849.2726618647575 21.42247404158115 143.7158353924751 81.57300065457821 17.40685818344355 745.4426196664572 85.06272400915623 6.740128114819527 656.0695519447327 31.85865419358015 59.63095270097256 828.667601108551 9.866797909140587 18.58275293558836 1.660633839666843 4.76938608288765 437.3309615254402 4.800129413604736 3049.687310241163 13.15589417517185 9798.360870368779 102.9407898336649 38.70911759138107 2308.416151426733 2142.702509000897 85.78302944451571 56.07484976947308 7.549801364541054 1.618280239403248 12.97108991444111 43.32747236639261 1.150505304336548 236.4893139079213 23.33599542081356 46.9383160918951 6.523134410381317 365.4133616536856 15.98167340457439 6.53620046377182 0.2547853887081146 15.5556296557188 3.952557131648064 3.178506799042225 124.9272322207689 0 1.231825962662697 313.4863590970635 5.544564992189407 181.5278829038143 58.31087851524353 2.574688866734505 24.86661426723003 0.9770208075642586 29.32099755108356 3.086499959230423 7.312752582132816 1.481291897594929 1.500289604067802 1.764012329280376 66.20926935970783 1.463330499827862 7.737716779112816 2.611469902098179 1097.510863021016 0.1201263591647148 8.096372701227665 13.52352548390627 549.3126714378595 40.73040165752172 62.18348872661591 0 0.2932710200548172 2.635556764900684 14.24704856425524 3.022298574447632 173.8198233619332 2.277259431779385 73.28890580683947 22.46152498573065 70.74823720753193 3.647868014872074 0.6220591068267822 0
272.551551297307 0.1062010377645493 31.3433033451438 1828.144121341407 1.969847172498703 10854.70774529129 13181.23316242546 2251.195882678032 85.06272400915623 30006.43802057207 92.09824489057064 3150.550490088761 3.388985879719257 3110.403936170042 106.3323651254177 0.1669328510761261 8.699931234121323 19.95605770498514 10.74402524530888 4976.808334976435 2.837357960641384 1.033650644123554 8.998542107641697 393.7830047234893 0.2980806529521942 26.3694966584444 9.108782052993774 4101.288376823068 2040.713228449225 50.85551483184099 1.434423491358757 80.7939263433218 97.20068264007568 504.2901056706905 5.693701848387718 425.5461078062654 14.804517775774 473.72528411448 48.69144956022501 164.9989666640759 88.19630241394043 3.652746178209782 5.957739725708961 0.9337733685970306 0.0867651030421257 0.322913870215416 125.3478669971228 0 0 162.4598277434707 0.5257456302642822 87.06598322093487 38.00071765482426 1.194133639335632 241.8329010903835 0 6.475011751055717 1.785045832395554 0.1617667078971863 0 0 0 47.09533619135618 0.157400906085968 0.5770142003893852 0.3920134082436562 287.5341491550207 0 0 0.4267476499080658 223.6806049123406 5.070130541920662 1.116343066096306 0 0 0.1370458900928497 4.755920454859734 2.749006927013397 18.29605170339346 0.7334219217300415 20.90508963167667 6.382058128714561 9.996857136487961 0.2463862299919128 0 0.5471568703651428
27.92961803078651 109.5098004117608 34.84454420208931 17.79962992295623 2.788503125309944 22.76395313441753 44.06970823556185 18.87218537181616 6.740128114819527 92.09824489057064 14076.14579036087 15.71407274156809 3784.037014789879 36.55368107557297 1.638257130980492 3.270892478525639 342.1865668147802 3076.573708899319 1923.498169966042 45.71745426952839 60.68903844058514 28.09293124079704 77.09465188533068 35.57516955584288 1175.447054110467 2582.519210465252 1065.365672908723 58.30118588358164 191.6440592035651 86.01338159292936 518.8462410420179 24.99731738865376 9.902461804449558 8726.667547136545 9.856807187199593 963.7961328998208 3131.969923213124 6344.578473091125 973.3292991369963 114.8918921500444 13.99432419240475 846.4135858267546 6.194204516708851 0 9.981125429272652 1.72448106110096 0.7049639374017715 0 0.1284535229206085 16.3133278042078 0 1.266758047044277 0 17.03370088338852 0.1108132228255272 76.46263878047466 0.1815154105424881 0 1.329785421490669 1.529127798974514 49.12143211066723 16.0453080534935 0.3141808435320854 0.1397696435451508 0.7192100882530212 0.7954026162624359 10.36986430734396 28.64327794313431 83.95710445940495 110.6047340855002 7.226280346512794 0.6367462873458862 1.240730911493301 32.6046055406332 0 0 1.619616776704788 1.485847786068916 9.357169687747955 17.77091166377068 3.412709698081017 1.665273047983646 0.9252256453037262 0 0 0
9.131940774619579 0.2764582484960556 0.1597440987825394 4144.413475319743 39.38742955029011 4142.65629196167 45.85460456460714 396.6873332187533 656.0695519447327 3150.550490088761 15.71407274156809 9570.53761959821 1.067630626261234 485.2408855557442 1605.378307253122 0 0.3576162979006767 3.433583550155163 1.291864991188049 6043.866277948022 0 2.315711051225662 0.2933251857757568 466.2942653298378 0 2.742661632597446 2.129700548946857 1547.738492295146 299.9793960601091 1.834030732512474 0.1717065572738647 40.03964953124523 0.9852904602885246 105.6673136875033 0 125.4489373117685 1.025754407048225 45.80443146824837 7.490916214883327 1369.300280079246 26.58823900669813 4.474229782819748 0.8805950880050659 0 0 0 125.5119863599539 0 5.827678866684437 34.61318576335907 0.4653293862938881 271.1640944182873 50.59669853746891 0 575.4439705014229 0 2.078247733414173 4.385347202420235 0 0 0.1217135190963745 0 64.48009562492371 0.6615723967552185 0.905873715877533 0 234.0122341439128 0 0 0.1235137209296227 85.68136205524206 0.7696792930364609 0 0 0 0 3.444653876125813 0 9.545899510383606 0 12.82227253168821 8.851713746786118 43.12761048972607 0.1184314489364624 5.993017673492432 0
0.6440831422805786 699.8229172155261 3.269776545464993 0.4310791119933128 0 1.021127566695213 2.312020532786846 0.3150282949209213 31.85865419358015 3.388985879719257 3784.037014789879 1.067630626261234 3986.212294988334 0.9450332522392273 0 1.629174068570137 1.970792129635811 21.41548044979572 2.303789511322975 1.505007036030293 0.4758725240826607 160.1483961865306 2.517219409346581 11.01915899664164 5394.689069062471 1014.569686070085 3563.907168805599 6.501764476299286 4.246036149561405 3.489819571375847 821.7946076765656 1.986415505409241 0.9662762656807899 1446.566275469959 9.636786788702011 528.627279818058 4905.471893429756 2577.758983917534 352.8331955447793 7.720642797648907 37.06782729923725 1923.205125793815 3.65797683596611 0 26.40951040387154 0.8621302098035812 0 0 0 0.17307049036026 0 0.1885235458612442 0.1842943578958511 51.9000942632556 0 159.0597610473633 0 0 0 2.189823254942894 92.07331666350365 22.88824028521776 0 0.1170062348246574 0.1291833817958832 0.1329224407672882 0 66.92936943471432 112.0475145801902 231.1095212474465 0 0.4587495997548103 0.1738554686307907 56.64910700917244 0 0 3.106653913855553 0.4081971943378448 24.34921280294657 55.40997467190027 4.220803052186966 1.003581121563911 0.8329290449619293 0 0.4328087568283081 0
5217.111643046141 0.2387609854340553 551.1402039006352 346.508162997663 0.3451353162527084 1185.619262076914 11570.63929376751 6901.218749202788 59.63095270097256 3110.403936170042 36.55368107557297 485.2408855557442 0.9450332522392273 10672.01498488337 76.90182228386402 0.8755338117480278 672.248822838068 14.4381370395422 100.8790278807282 967.1579567790031 28.87162547558546 1.572291985154152 334.8143086358905 798.3056241199374 0.1829728037118912 160.8248920664191 32.06727534532547 1351.740366965532 5572.233374282718 1487.538941256702 0.400242991745472 242.8936848938465 76.22877532243729 447.5257880911231 2.98099710047245 169.9258314296603 14.69313177466393 175.8600258007646 54.56429824233055 344.0203634873033 93.49742038547993 0.7893994897603989 1.717907778918743 5.630494125187397 0.2390264719724655 1.410926401615143 50.82303411513567 0 1.27928102016449 386.6572382822633 0.943670466542244 78.58762416243553 21.47359111905098 2.670447766780853 8.444803237915039 0.1226552799344063 12.86105564981699 0 1.657889187335968 0.1512639224529266 0.1349951326847076 0 14.13630270957947 1.61868417263031 0.9355238676071167 1.985355854034424 247.8662498444319 0 1.80554511398077 2.941445924341679 217.5559133142233 15.87352661043406 14.7941936776042 0 1.827904790639877 0.7161757275462151 12.08741101622581 0 66.15887498855591 0.3810673803091049 29.63319690525532 12.78707838058472 19.35897016525269 1.033559620380402 0 0.884257584810257
0 7.279460825026035 0.3763166666030884 108.3619351238012 1346.881706938148 1048.479824118316 17.01575560867786 119.2677716389298 828.667601108551 106.3323651254177 1.638257130980492 1605.378307253122 0 76.90182228386402 717.6228706985712 0 0.1244989335536957 0.8628322929143906 0.3987247347831726 160.7013694345951 0 42.33819477260113 0 656.6510563641787 0.1168592497706413 0.6905405968427658 28.83700124919415 73.24922173470259 51.09480292350054 0 0 354.4800033569336 0 22.64415775984526 0 38.95037673413754 0.1480046361684799 6.178124375641346 2.727901041507721 1511.926264099777 88.61048953235149 5.126890979707241 0.3539386093616486 0 0 0 5.614676356315613 0 0 0.3665894567966461 0 49.6323399245739 2.623148784041405 0 12.5824978351593 0 0 0 0 0 0.2205954194068909 0 9.665618121623993 0 0 0 22.67122592031956 0 0 0.1233279332518578 12.14923612773418 2.652834177017212 0 0 0 0 0 0 0.1216709539294243 0 0 0 12.21056985855103 0 0 0
0 64.95641693472862 109.4742493927479 0 0 0 1.201629661023617 0 9.866797909140587 0.1669328510761261 3.270892478525639 0 1.629174068570137 0.8755338117480278 0 2738.80928837508 71.67097993940115 1.80987061560154 8.762468777596951 0 2287.099477350712 5598.516142457724 9853.630881756544 3223.135282956064 3.90182326734066 26.35933442413807 2527.700542956591 563.8569300174713 8.752883821725845 545.0019233375788 0.3845693990588188 0.3672934174537659 7.820921935141087 147.3112811595201 57.7774840220809 2878.777094446123 862.3599659428 1014.681471295655 911.3728251755238 112.1360492706299 0.4999788701534271 3.068933472037315 31.85754111409187 16.83531357347965 1.987699434161186 16.00743562728167 0.1477108299732208 0 0 14.99269204586744 1.217005029320717 8.486823573708534 0.1597949117422104 0.5403519868850708 0 0 13.81583718955517 0 2414.172008626163 6.975029490888119 0.5798144713044167 1.493815988302231 0 479.9677735939622 1915.184684969485 1348.133519113064 296.1709623709321 0 3.364777140319347 227.1893360167742 252.7756024375558 70.01226164400578 374.1638495400548 0.1220533400774002 0 11.47205795347691 61.8158630952239 49.04198238253593 293.3824400901794 57.10602847486734 92.82150991261005 80.67876660078764 9.2206791639328 0.1172443032264709 0 2.907706275582314
736.0241685882211 56.66205394268036 6881.938816152513 1.994437769055367 0 4.751482136547565 468.5365585386753 77.09645777195692 18.58275293558836 8.699931234121323 342.1865668147802 0.3576162979006767 1.970792129635811 672.248822838068 0.1244989335536957 71.67097993940115 1672.045871295035 258.754799939692 2175.759681105614 1.62498414516449 1508.581971250474 38.60057730972767 2881.143677257001 147.3244514688849 2.851238206028938 2181.247042424977 9818.543253600597 273.874657727778 1361.058974936604 2371.466465890408 4.526091285049915 0.6043901219964027 58.27337230741978 1795.103032253683 22.21972093731165 961.860709965229 934.5116904973984 1856.553417250514 702.9907851442695 42.56107345968485 4.919585943222046 1.40321134775877 10.43925338983536 1.26203016191721 70.35779935121536 157.0794195234776 0 0 0 2.635543167591095 0.1587026119232178 0.4529161155223846 0 1.246187761425972 0 0.8953107222914696 2.718029007315636 0 5.297469712793827 62.14774295687675 1.377912364900112 71.32421455532312 0 2.077398173511028 6.676334619522095 65.00866787880659 2.401711903512478 1.381081610918045 259.4624676629901 363.0662907585502 2.732189454138279 0.3100492879748344 2.00683531910181 0.7098016142845154 0 0.3982167989015579 20.52546150237322 13.53803724050522 56.76788629591465 12.77653488516808 66.78529158979654 18.98851801455021 4.557940110564232 0.2147458493709564 0 0
18.14700407534838 5.32053804397583 108.3404662236571 2.436466597020626 0.1718311756849289 3.546734288334846 22.19568535685539 2.325988322496414 1.660633839666843 19.95605770498514 3076.573708899319 3.433583550155163 21.41548044979572 14.4381370395422 0.8628322929143906 1.80987061560154 258.754799939692 685.967430062592 2515.734940506518 11.01297478377819 33.37223943322897 3.583172783255577 63.93443469703197 8.547489129006863 46.14614072442055 3577.229261979461 899.4329336285591 16.04653578996658 62.50972346961498 53.07043375819921 57.36787038296461 2.453105434775352 2.501746647059917 1613.597603261471 6.124874301254749 750.4252439886332 941.8446153774858 2277.966593146324 742.2096480429173 13.8722166493535 0.5156280398368835 60.2890976369381 1.795462258160114 0.1988696604967117 7.589431032538414 0.7364886403083801 0.2038952559232712 0 0 1.753286719322205 0 0.379078134894371 0 8.055415019392967 0 38.97294997423887 0 0 0.4363727644085884 2.897937975823879 48.24544985592365 33.64352384209633 0 0 0.424481637775898 0.7262028455734253 0.6826182007789612 10.1225206181407 84.97427560389042 124.6346722170711 0.8876806199550629 0.1127367094159126 0 14.41986236721277 0 0 1.077243804931641 2.557223379611969 3.572919018566608 5.153482362627983 4.516376428306103 0.7807825952768326 1.399202346801758 0 0.1458611637353897 0
125.7439508363605 15.23113825917244 673.3648478910327 1.993420779705048 0 1.7949373498559 56.71988496929407 12.32782881706953 4.76938608288765 10.74402524530888 1923.498169966042 1.291864991188049 2.303789511322975 100.8790278807282 0.3987247347831726 8.762468777596951 2175.759681105614 2515.734940506518 2475.059086948633 6.359310202300549 192.3011559322476 10.03131151944399 382.3584271073341 21.16780123114586 4.732404880225658 2832.644245825708 2355.777562484145 31.77171931415796 281.2112131118774 314.9158942848444 11.22745675593615 0.4122969433665276 16.81484994292259 3511.608001798391 11.06297965347767 1080.997006781399 679.8086476922035 2238.887706369162 537.1627083346248 14.57086337357759 0.6369274333119392 4.121814876794815 1.319534458220005 0 36.59799162298441 15.41560933738947 0 0 0 1.434801615774632 0 0.227415956556797 0 2.683912709355354 0 4.838183403015137 0.5896755382418633 0 1.915561348199844 16.04366059601307 19.3132993131876 119.5892438963056 0 0.5154237747192383 2.056189805269241 7.06854273378849 1.03845501691103 3.107652075588703 325.5705401971936 266.7687963843346 1.370835289359093 0.5512835681438446 0.4818299934267998 3.396429665386677 0 0 3.910488665103912 1.336330443620682 13.72966057062149 4.452692374587059 16.95462150126696 2.262958154082298 0.1380508244037628 0 0 0
76.42898173630238 0.08014903217554092 6.593435145914555 8781.796672284603 2.407076545059681 1064.468029670417 285.2222809568048 448.4425649940968 437.3309615254402 4976.808334976435 45.71745426952839 6043.866277948022 1.505007036030293 967.1579567790031 160.7013694345951 0 1.62498414516449 11.01297478377819 6.359310202300549 1597.289419658482 3.075005799531937 1.084067821502686 7.208996258676052 1642.854189634323 0.1949879229068756 9.97951752692461 4.874459862709045 4355.204364456236 879.6414351314306 11.42805714905262 0.7190137058496475 39.92965723574162 26.50320430845022 264.2491244897246 2.18706014752388 201.457287542522 9.288154773414135 213.9604958072305 16.66814062744379 176.1371826454997 43.56312584131956 7.936977408826351 1.129173159599304 0 0.1212328001856804 0 301.2587987110019 0 0.4456020891666412 220.6440026164055 0 263.4534188061953 122.0069696456194 1.327805459499359 236.1267418116331 1.582872122526169 12.79460841417313 4.343431353569031 0 0 0 0 132.3382936641574 0 0.5002577304840088 0.1396788060665131 522.953619889915 0 0 1.405321076512337 366.2595518454909 11.03086872398853 1.138468474149704 0 0.3316288888454437 1.027432203292847 10.16066633164883 0 52.9327791929245 0 55.23160700500011 14.18518099933863 30.40263289213181 3.061343044042587 0 4.961926698684692
29.5208842381835 0.8001704663038254 1004.571787327528 11.35553453862667 0 1.170641899108887 843.122019559145 2.770063474774361 4.800129413604736 2.837357960641384 60.68903844058514 0 0.4758725240826607 28.87162547558546 0 2287.099477350712 1508.581971250474 33.37223943322897 192.3011559322476 3.075005799531937 14766.93163184077 139.7957375347614 13858.42376744002 816.1657299771905 0.1353623420000076 110.347650937736 378.8050620257854 8889.868125289679 85.81453347206116 11863.44990599155 0.4034857228398323 0.5610671788454056 11.10682451725006 2144.514461241663 103.0266213566065 4258.700417026877 1071.881167061627 4391.389877177775 1958.673994727433 188.342572376132 5.608743816614151 3.417541861534119 55.9937344416976 9.26596587896347 0.3339538425207138 4.47858490049839 0 0 0 8.489999897778034 0.4963276833295822 3.753233313560486 0 0 0 0 8.204567261040211 0 225.2741731405258 1.061797544360161 0.125744566321373 0.9043837711215019 0 103.3118055462837 168.95444637537 51.9681470990181 89.10195339471102 0 0.9606597721576691 14.20948129892349 76.78780127316713 35.50710506737232 130.8617028221488 0 0 8.720168694853783 15.11308398097754 88.65495553612709 84.48012929409742 13.89639224112034 17.59339478611946 11.42200936377048 3.148689925670624 0 0 0.5970333367586136
0.9463655948638916 2739.036280736327 58.01697272062302 1.812440231442451 0.2478095442056656 0 1.35087351500988 0 3049.687310241163 1.033650644123554 28.09293124079704 2.315711051225662 160.1483961865306 1.572291985154152 42.33819477260113 5598.516142457724 38.60057730972767 3.583172783255577 10.03131151944399 1.084067821502686 139.7957375347614 435.5670037195086 572.6829042136669 6202.95349471271 537.3652256280184 90.49690479785204 6969.01447199285 570.4323332384229 10.17678869515657 87.72847552597523 29.46735036373138 0 9.337985277175903 27.6621605232358 6.906155444681644 147.4831972494721 98.18344739079475 105.243619389832 50.26403062045574 59.64295552670956 0.2202358990907669 38.00583513826132 1.320313781499863 11.74563212692738 11.18472784012556 72.15384911000729 0 0 0.1156245172023773 20.57713021337986 2.710192553699017 24.21155604720116 0.8924153596162796 0.6071115881204605 0 1.210568279027939 13.89725919812918 0 1009.836173444986 10.78198180347681 1.595226861536503 3.115933924913406 0.3145177811384201 147.6645166426897 200.4233027026057 736.3704196736217 218.921177059412 2.293001033365726 14.34887034446001 680.947486281395 103.5892171636224 33.60872092097998 148.5713003128767 0.1150836572051048 0 5.906894415616989 37.74481951445341 9.49089626967907 205.9286555126309 45.45191885530949 93.919687949121 62.03910538554192 6.501258850097656 0.1250152885913849 0.333789587020874 2.927569761872292
468.9552435278893 26.51079080998898 8064.42741446197 27.21659199148417 0 2.483957044780254 1439.268261268735 46.39435839653015 13.15589417517185 8.998542107641697 77.09465188533068 0.2933251857757568 2.517219409346581 334.8143086358905 0 9853.630881756544 2881.143677257001 63.93443469703197 382.3584271073341 7.208996258676052 13858.42376744002 572.6829042136669 16275.38219404966 1213.167976275086 3.7670082077384 910.5815890878439 9767.684445895255 6434.336597569287 532.7644281163812 5935.342057451606 2.571419484913349 1.486515246331692 23.81774990260601 2093.742242857814 218.192190952599 10849.73966986686 3715.971753649414 7833.288020908833 6641.97428701818 561.9710079729557 5.997988790273666 9.871868379414082 139.6929444372654 1.835672438144684 25.58543818444014 134.525232359767 0.6223286390304565 0 0.2412042170763016 8.392979666590691 2.081106089055538 4.101780071854591 0.6800408810377121 1.170363783836365 0 0.2806993126869202 6.60126693546772 0 1130.895661771297 19.62001834064722 0.4920346736907959 3.09939831495285 0 161.4884350225329 667.8201966583729 1397.680537946522 51.26236746460199 0.151090994477272 11.60395782440901 749.8714429959655 51.53280095010996 10.61571376770735 70.91274290531874 0 0.2601954340934753 2.130301982164383 56.76192021369934 217.1260350346565 250.6566873639822 46.34696583449841 149.7681240662932 130.0094707235694 13.91279357671738 0.1214262023568153 0 2.310667917132378
192.1812779530883 263.0622013360262 560.258876234293 2749.060305699706 5.641196385025978 40.79766726493835 730.5850844085217 116.5799738690257 9798.360870368779 393.7830047234893 35.57516955584288 466.2942653298378 11.01915899664164 798.3056241199374 656.6510563641787 3223.135282956064 147.3244514688849 8.547489129006863 21.16780123114586 1642.854189634323 816.1657299771905 6202.95349471271 1213.167976275086 16380.26448342949 25.51701794564724 200.5239672139287 2283.504812955856 11058.81847204268 1839.925875514746 1099.724229611456 1.716545403003693 23.29532969743013 589.763177447021 735.3557265624404 74.39957059174776 2958.40384375304 289.1565739512444 1125.510255761445 346.8946900889277 480.4957916811109 147.6643052995205 8.553008250892162 22.60667122155428 126.0093845054507 3.353499293327332 11.29185624420643 643.1408609449863 0.2245561331510544 6.833625331521034 1624.823122605681 33.78187458217144 2200.726368613541 253.2616488263011 17.5887937694788 79.80526272207499 2.933252677321434 147.7608909532428 14.92740638554096 271.5738426819444 3.942350894212723 1.977841913700104 1.75356974452734 239.6012706905603 106.9433838650584 515.8330526575446 73.49445790052414 3216.966351397336 1.656501971185207 5.351836159825325 36.16012457758188 2085.717333458364 281.9633439928293 531.6925231218338 0.6760507822036743 2.371589317917824 26.27036898583174 87.30932454019785 21.68481317162514 981.7013579681516 42.79180186241865 352.6806542426348 108.3088112846017 214.0164068192244 19.55173813551664 0.6502631604671478 12.29545673727989
0 1418.578380078077 0.3274972885847092 0 0 0.4152819737792015 0.2748417779803276 0 102.9407898336649 0.2980806529521942 1175.447054110467 0 5394.689069062471 0.1829728037118912 0.1168592497706413 3.90182326734066 2.851238206028938 46.14614072442055 4.732404880225658 0.1949879229068756 0.1353623420000076 537.3652256280184 3.7670082077384 25.51701794564724 1496.553792908788 734.9484849721193 6808.897833809257 10.01166620850563 4.286401502788067 8.06632000207901 583.0511648654938 0.116002194583416 1.85385000705719 588.5195445269346 7.561337575316429 600.8708612918854 1790.535972744226 2453.733724065125 391.9926648810506 41.78515673428774 39.81063432991505 1370.793533958495 11.11046653985977 0.1436377018690109 46.40154871344566 1.980404138565063 2.584399223327637 0 0 0.5070168077945709 0.2103173732757568 0 4.140493869781494 35.98936928808689 0 191.7623739242554 0.1137300804257393 0 0 6.514347657561302 97.30909373611212 66.76621354371309 0 0.1764217019081116 1.520873636007309 0 2.607311964035034 90.96116773784161 288.6183170825243 730.0047507807612 0 0.2432151138782501 0.5326039493083954 49.98290200531483 0.682471752166748 0 8.617372140288353 0.5822533071041107 165.6412472203374 29.30420696735382 17.93986676633358 3.601188629865646 6.01147049665451 0 0.2750205099582672 0
119.048320710659 305.7885242924094 7906.008102022111 9.824509024620056 0 6.792368173599243 710.8413072749972 36.07051692157984 38.70911759138107 26.3694966584444 2582.519210465252 2.742661632597446 1014.569686070085 160.8248920664191 0.6905405968427658 26.35933442413807 2181.247042424977 3577.229261979461 2832.644245825708 9.97951752692461 110.347650937736 90.49690479785204 910.5815890878439 200.5239672139287 734.9484849721193 34974.56397943944 18283.91731304675 443.6000429987907 192.3915803432465 160.9773047342896 1074.241413846612 1.721203200519085 14.62471657991409 1902.647074915469 22.36827459931374 2925.972152970731 5559.317756481469 3935.437426663935 1126.057334944606 27.40965715795755 2.618829548358917 254.9298912361264 7.521061658859253 2.91757033765316 356.2159698158503 195.2705437019467 0 0 0.1456799209117889 5.601697869598866 0.7067434564232826 1.457414820790291 0.4877619296312332 109.9162182956934 0 358.8140314146876 2.75825522840023 0 8.085155792534351 242.7623471096158 386.7584082186222 720.4902051538229 0.1737035363912582 1.752319261431694 8.154782131314278 29.18498807400465 4.758246041834354 128.8854877725244 2221.019529744983 2865.36413513869 2.576456390321255 2.051901422441006 5.809871010482311 109.4271928146482 0.2533338069915771 0 60.98810868710279 6.686310045421124 127.8336283639073 85.19280864298344 159.3524518236518 38.62216383218765 4.786831974983215 0 2.640427261590958 1.023228138685226
27.15720597654581 8151.044606260955 16437.4982541427 4.011838994920254 0.1056477874517441 1.678810775279999 56.40525503456593 3.221660658717155 2308.416151426733 9.108782052993774 1065.365672908723 2.129700548946857 3563.907168805599 32.06727534532547 28.83700124919415 2527.700542956591 9818.543253600597 899.4329336285591 2355.777562484145 4.874459862709045 378.8050620257854 6969.01447199285 9767.684445895255 2283.504812955856 6808.897833809257 18283.91731304675 41591.30426837504 945.6242398023605 87.49468163400888 125.1986630707979 1806.353058472276 0.9867214933037758 9.660830356180668 4342.149129487574 172.7437363192439 8603.11296416074 4644.019091561437 7684.739891961217 3484.479407764971 238.2403119429946 16.28857461363077 134.2139267772436 55.73347391188145 14.85514637082815 2475.374211736023 1930.136411741376 0 0 0.9185523167252541 62.7611033692956 16.45080848783255 4.407616578042507 2.476903669536114 197.1885202527046 0 593.7697653323412 31.01795975118876 0 408.7629006877542 741.8314040452242 800.1131974756718 1538.819872871041 0.3935843110084534 97.29341568797827 656.915037587285 2420.390323393047 12.59997900575399 400.8393472582102 4694.816247664392 10208.90899974853 21.62808941304684 11.68948796391487 23.42995502799749 235.7250154837966 0.5931901633739471 0.7183052748441696 385.6432066634297 89.30234266072512 1050.279779568315 392.4815948531032 990.2290691286325 470.9378703311086 65.78035045415163 0.2732036560773849 1.872022479772568 7.346698373556137
459.2530448436737 18.58549219369888 2677.844379670918 7441.951400697231 1.091430984437466 494.4164022728801 15896.67313698679 298.5544991642237 2142.702509000897 4101.288376823068 58.30118588358164 1547.738492295146 6.501764476299286 1351.740366965532 73.24922173470259 563.8569300174713 273.874657727778 16.04653578996658 31.77171931415796 4355.204364456236 8889.868125289679 570.4323332384229 6434.336597569287 11058.81847204268 10.01166620850563 443.6000429987907 945.6242398023605 26545.1441180706 3388.297475814819 10074.63088082522 1.375928610563278 27.73156352341175 1248.486745104194 1481.095051176846 161.2907305508852 4943.305386826396 457.786405518651 2373.484533675015 719.2928385287523 237.9205235615373 206.9483598917723 15.47235921770334 42.10731238871813 176.5104389935732 1.882688499987125 9.37287412583828 381.3207896724343 0.415155827999115 7.072606183588505 2077.967516027391 42.22388058900833 1167.962816432118 170.7901127263904 10.67387010902166 94.17543308436871 0.8992331475019455 196.6710441485047 7.723505675792694 198.5796168595552 5.171903058886528 2.260164774954319 1.69141098856926 143.2187794074416 84.80746438354254 225.1466032043099 39.76445297151804 2522.278562873602 0.1313531249761581 8.117946341633797 22.70244887471199 1863.170567817986 362.0566947236657 756.1775894612074 0.4532142877578735 1.770623326301575 36.32915017753839 90.29734883457422 63.36883233487606 1144.964512974024 58.15760967880487 305.8674011230469 127.2867101803422 223.9812843054533 16.92481110990047 6.76040555536747 11.37111893296242
4605.609326697886 0.2006622031331062 332.926076926291 410.7691700682044 1.411322511732578 1891.791894875467 3362.273739770055 693.1918867453933 85.78302944451571 2040.713228449225 191.6440592035651 299.9793960601091 4.246036149561405 5572.233374282718 51.09480292350054 8.752883821725845 1361.058974936604 62.50972346961498 281.2112131118774 879.6414351314306 85.81453347206116 10.17678869515657 532.7644281163812 1839.925875514746 4.286401502788067 192.3915803432465 87.49468163400888 3388.297475814819 18004.07128036022 6809.729070723057 1.800131246447563 1177.186556659639 1799.952659904957 3953.133148029447 20.62000769376755 1217.211911417544 137.0277434512973 1910.108417235315 509.1810606941581 1062.087391093373 505.7250370755792 16.86479957401752 19.82555063813925 11.2826716452837 0 0.3394438922405243 23.91793702542782 0 1.697742715477943 346.7734029665589 4.583489343523979 67.97045294940472 9.427014276385307 3.128302797675133 6.177841149270535 0.1018014922738075 18.94524404406548 1.245137542486191 8.011639758944511 0.3154865205287933 0 0.7565152198076248 9.540570206940174 4.749132990837097 10.93236774206161 1.860905319452286 225.5853028520942 0 1.646739393472672 2.764732643961906 250.8768403381109 33.6986221075058 63.48223429918289 0.2425541207194328 0 3.394073970615864 17.02485348284245 3.855418145656586 170.5587169080973 5.584345728158951 59.16145788878202 16.90471397340298 32.54531374573708 3.174507826566696 0 1.264244124293327
2931.664511136711 0.8354962542653084 649.2735868170857 19.18358494341373 0.2873420119285583 9.220884718000889 3646.556189037859 134.7346399724483 56.07484976947308 50.85551483184099 86.01338159292936 1.834030732512474 3.489819571375847 1487.538941256702 0 545.0019233375788 2371.466465890408 53.07043375819921 314.9158942848444 11.42805714905262 11863.44990599155 87.72847552597523 5935.342057451606 1099.724229611456 8.06632000207901 160.9773047342896 125.1986630707979 10074.63088082522 6809.729070723057 16236.23208284378 1.442681320011616 4.116367504000664 1250.998051322997 3704.191995203495 151.3913143724203 3995.256706349552 620.8775968402624 4064.689417056739 948.2881850749254 132.7867224216461 30.44572431594133 6.858275100588799 33.00542767345905 82.31410888582468 0.5210967808961868 5.324442505836487 2.281217679381371 0.1018486246466637 0.2648125290870667 329.1984327435493 7.71485585719347 59.84293662011623 4.283898398280144 2.556113712489605 0 0 75.80666165053844 0.139492928981781 193.4771295711398 2.324483968317509 0.2252576574683189 1.067418500781059 0 107.9408307746053 163.92970071733 32.66973549127579 358.0334314033389 0 3.943610079586506 8.209337905049324 309.5530155077577 191.3343047872186 444.3088220730424 0 0 24.39942131191492 39.36106493324041 70.65819355845451 644.3568463101983 37.27620118111372 96.15209298580885 41.83235889673233 58.81038369238377 5.121175728738308 0 10.73377677798271
