1328.501619808376 1.3484827876091 331.1131524518132 8.273987114429474 0 31.9725027307868 1481.470415227115 722.1234023794532 8.86479926109314 76.40419130027294 18.08869751542807 11.4911015406251 1.340730980038643 4160.697439193726 1.159552432596684 1.80378270894289 113.2296991497278 5.471091747283936 23.35921287536621 12.17513007670641 135.5833007022738 4.687046825885773 499.1222858428955 47.98719646781683 0.2479445263743401 89.26044826954603 75.58100528270006 63.75500710308552 3798.462807379663 4801.003010094166 0.3017936423420906 14.22367577254772 67.55753976851702 292.3518418744206 2.229341633617878 85.40988978743553 16.49246720224619 205.8895964175463 23.9574496820569 13.00689162313938 4.514169439673424 0.1812705397605896 0.356014184653759 1.053899273276329 0.5196003243327141 0.4579802453517914 1.125053763389587 0 0.2345065325498581 1.853529296815395 0.2366218045353889 2.409711003303528 0 0 0 0.1610677540302277 2.236866660416126 0 4.327158585190773 0.1384855061769485 0 0 0.08625738322734833 3.688884399831295 1.458421319723129 3.951072618365288 9.997725501656532 0 0.1240418329834938 6.093684196472168 6.91546543687582 1.995783790946007 2.773736178874969 0 0 0.625837504863739 0.4647825658321381 0.1309246569871902 2.716068349778652 0.127162367105484 1.837774336338043 0 0 0.7403613552451134 0 0
1.3484827876091 756.883449062705 515.2719216421247 0.2691810354590416 0.1593652218580246 0.9417343363165855 37.42288644611835 2.717862226068974 86.90312872081995 1.626320786774158 192.7717733606696 0.6035255789756775 771.3072120547295 4.655494563281536 0.2452879622578621 330.1770143955946 801.6018235012889 2.501606203615665 43.54697813093662 0.09455973654985428 44.60055412352085 3947.365876160562 297.3077239468694 259.9530216008425 1448.96929910779 653.5129923149943 9919.299548447132 21.77076450735331 3.036595590412617 23.94348553568125 81.84134211391211 0.418528288602829 0.7511473000049591 95.65790382027626 9.470125064253807 460.180931545794 740.755735874176 536.0131172537804 177.0172312483191 6.498932629823685 5.872753947973251 75.77374971657991 2.389895662665367 0 208.6861650645733 333.1686946377158 0.126803457736969 0 0 0.9838375225663185 0.08901908993721008 2.397664874792099 0 3.389358282089233 0 23.14415141940117 0 0 20.05857926607132 123.8226268589497 0.9070676490664482 12.38425718992949 0 2.882257327437401 136.7788198143244 24.03000839054585 1.501575954258442 65.01138524711132 175.7698074579239 1364.896324858069 0.9983205944299698 0.3006494864821434 1.201953858137131 2.511777304112911 0 0 11.53544522821903 1.083736099302769 50.43567790091038 22.94411294162273 31.60873609036207 27.78051492571831 0.3712588399648666 0 0.4918676614761353 0.943726658821106
331.1131524518132 515.2719216421247 4958.437346041203 3.656799592077732 0.1859614253044128 16.13346315920353 976.1205438748002 359.7979918122292 1.078005321323872 38.67485454678535 41.70949851348996 2.931505553424358 20.83477762341499 660.6503648087382 0.6051612794399261 16.71443666517735 6069.179285652936 16.30361925065517 106.9139996618032 3.79310368001461 1961.021854437888 206.922534994781 12408.27121343464 28.6444471180439 31.30369678139687 9000.227023780346 10381.22315576673 677.2918565869331 214.4198909848928 1601.744769826531 2.272061444818974 2.50002883374691 17.27615620940924 683.2294642850757 75.37481803447008 2757.002869568765 3518.282349288464 2806.321104627103 1014.43823570013 47.37262127175927 11.54959125071764 5.290513008832932 14.45261662453413 0.9011368006467819 657.6008062586188 1112.522188827395 0 0 0 4.16422326117754 0.7597152143716812 4.337652005255222 0.1871973276138306 1.55820394307375 0 10.81582304090261 1.346911519765854 0 17.43356209248304 340.8815659880638 1.618210405111313 21.83489169925451 0.09323479980230331 17.97128104418516 360.1387080550194 167.4388879537582 10.21335889399052 30.64905329048634 311.1817972511053 2486.102779917419 10.3218729570508 3.790741160511971 11.83057067543268 1.326507054269314 0 0.1438990980386734 47.96033247560263 9.131806895136833 193.8198786526918 50.50550874322653 120.7588321790099 106.0774956345558 6.919327646493912 1.512442365288734 1.837589681148529 3.992668256163597
8.273987114429474 0.2691810354590416 3.656799592077732 2662.530414655805 1.129166707396507 61.92105516046286 852.1431678235531 69.46250159293413 723.5986857712269 4512.208266660571 1.887947671115398 1288.795293644071 0.39372418820858 52.54402443021536 28.72149410843849 1.571595974266529 0.5417997166514397 0.6632291749119759 0.6253632977604866 2826.269819319248 1.520022414624691 3.223925858736038 4.025633506476879 2582.570698782802 0.08529578894376755 1.256131909787655 5.024766683578491 4008.770830824971 67.41927152127028 4.553495936095715 0.07426153868436813 2.457002863287926 6.621393218636513 19.87724773585796 13.7371874153614 356.7486291453242 4.820522487163544 122.9769983068109 49.95501857250929 116.8867806494236 11.3078003898263 0.1292251944541931 4.052748918533325 2.047745302319527 0 0.5063424631953239 248.281244315207 0.2308674156665802 13.36789734661579 81.33632601052523 5.970200896263123 76.35867490619421 84.3800928145647 0 193.6534865051508 0 3.186425738036633 7.554093696177006 4.493854060769081 0 0.08357906341552734 0 145.4145739674568 2.918162815272808 1.223809123039246 1.980396494269371 484.312237508595 0.08486057817935944 0 0.7220197692513466 176.8178940713406 4.565821081399918 3.822255305945873 0 0 0.5165345519781113 1.889387890696526 0 25.53699761629105 0.271875724196434 5.455935083329678 1.231571108102798 108.3246010243893 1.418492339551449 0 0.09349270910024643
0 0.1593652218580246 0.1859614253044128 1.129166707396507 25.29222100973129 469.5855772793293 1.139889538288116 47.03700561076403 52.09271097928286 2.499502591788769 3.564912639558315 71.99170259386301 9.291280761361122 4.500877261161804 1390.018201768398 0 0 0.5505922585725784 0.5544472932815552 0.4836705550551414 0 0.1426402926445007 0.1068533360958099 12.44349421560764 0 1.300176218152046 0.5221481770277023 0.7740218862891197 15.60784658789635 0 0.129117950797081 38.25188909471035 0.1138634905219078 344.271177187562 0.1219239383935928 35.93139386177063 1.851309232413769 51.92554116249084 4.980038419365883 2039.497619241476 183.2324568033218 0.4791092127561569 2.2969711124897 0 0 0 0.4975838959217072 0 0 0 0 1.383156850934029 0.1289089322090149 0 1.669200122356415 0 0 0 0 0 0 0 0.2482781484723091 0 0 0 0.9213699549436569 0 0 0 0.1969948410987854 0 0 0 0 0 0 0 1.850469172000885 0 0 0 2.170081436634064 0 0 0
31.9725027307868 0.9417343363165855 16.13346315920353 61.92105516046286 469.5855772793293 9861.87759321183 389.0248801410198 5132.697748735547 30.47968412190676 3897.516562029719 137.3676530346274 4416.137228935957 24.47597526758909 953.6273273527622 643.5838942751288 0.3878133073449135 5.334156304597855 43.60746706277132 34.94879108667374 345.0930606126785 3.644812881946564 0.4249421060085297 15.64342433959246 46.87470801919699 3.439192332327366 52.19594664499164 24.25124230235815 106.9890931099653 590.0809549838305 30.3792480379343 4.737412191927433 904.2926800847054 1.808579012751579 540.0735025703907 10.64059545844793 526.0227826982737 34.27431429177523 836.9828999787569 80.05396518856287 2134.042402863503 806.1958687528968 2.747193820774555 8.91121481359005 0 0 0.09159636497497559 15.10611736029387 0.1101383045315742 4.242812365293503 7.768624521791935 0.3982040584087372 5.191307581961155 5.237866848707199 0.4347444772720337 19.98069399595261 0.943162776529789 0 1.457184165716171 4.517548829317093 0 0 0 12.20106586068869 0.6463721245527267 0.8934865593910217 0.5886958613991737 44.69756200164557 0.3841737508773804 0.4042422622442245 1.031371124088764 13.65500492602587 0.1739009693264961 0.863142341375351 0 0 0.08987908810377121 0 0.1328651010990143 10.23140512406826 0.8356379568576813 1.320468567311764 0 32.8241533562541 0.08611747622489929 0.114259198307991 0
1481.470415227115 37.42288644611835 976.1205438748002 852.1431678235531 1.139889538288116 389.0248801410198 16022.39400472492 2109.597568966448 155.6204362586141 7288.428249314427 17.36657728254795 70.18439450114965 5.693029642105103 6362.952750220895 2.986382313072681 265.8208358213305 56.19849387556314 5.232472769916058 12.96085012704134 289.3735308423638 596.9163718149066 439.6791554093361 1477.296620614827 2319.45578469336 2.891003027558327 130.2183409109712 954.1112871542573 17660.23808119446 1664.665527306497 3360.695204503834 0.6283732056617737 15.20606923103333 196.921244777739 339.4106725826859 127.6548822596669 2506.727355211973 157.6352018788457 1204.757208615541 497.0935633778572 149.4176917597651 60.47330275923014 0.5411912426352501 13.3753279671073 11.32916007936001 4.020396038889885 18.68153158575296 34.32992018014193 0 4.800781525671482 192.881993047893 13.35381927341223 95.17910592257977 24.64672186225653 0.1029948741197586 20.28026529401541 0.1948457583785057 13.54557158797979 0.1290073692798615 308.1505235806108 6.732934564352036 0.278172641992569 1.398905985057354 30.69175071269274 206.8367920666933 137.9936000853777 168.7767529562116 515.8237740248442 0.1128644049167633 2.087099991738796 91.68097018450499 322.1387629210949 52.04317274689674 108.457680515945 0.2189999222755432 0.1325080096721649 3.612555488944054 13.95051367580891 2.337978832423687 109.7085576206446 8.857988722622395 27.97424004971981 18.84648466110229 31.59861101210117 3.234346702694893 0.09333784133195877 0.1006250381469727
722.1234023794532 2.717862226068974 359.7979918122292 69.46250159293413 47.03700561076403 5132.697748735547 2109.597568966448 9820.163224454969 30.64861295372248 1746.907439801842 220.1315967068076 1669.971515901387 21.72144235670567 8903.604888238013 273.8132860809565 9.024997033178806 90.19999726116657 68.60694723576307 71.08583007007837 199.8786091506481 101.8327789604664 26.6265232115984 361.8314376957715 333.0115574523807 3.773080736398697 163.9325869940221 115.897506415844 319.8059249222279 2228.763410329819 985.3843857720494 6.585637964308262 1504.144617505372 18.2973787933588 899.9594268500805 23.66136331111193 731.478971734643 70.07514700293541 831.9478273615241 96.92002380266786 941.9364545494318 295.2849999591708 3.480190761387348 7.628830209374428 1.856341890990734 0.1276469677686691 1.261917561292648 4.255530402064323 0 2.935050040483475 46.16312895715237 4.472218446433544 20.09145627170801 1.7844383046031 1.186772078275681 2.426486745476723 1.057485871016979 3.804808415472507 0 32.57776007801294 0.3231118470430374 0 0.1345774382352829 2.266420461237431 14.86399803310633 8.017649158835411 17.33964934200048 117.2363957166672 0.2137744948267937 0.7095721811056137 8.545897170901299 59.87923550605774 9.97918401658535 14.08436251431704 0 0 0.8323978781700134 4.371311165392399 0 16.96122799813747 1.150841303169727 2.558156557381153 2.964486919343472 0.3338996917009354 0.122258186340332 0 0
8.86479926109314 86.90312872081995 1.078005321323872 723.5986857712269 52.09271097928286 30.47968412190676 155.6204362586141 30.64861295372248 1700.465353287756 200.6440467312932 1.679713293910027 180.1704782620072 3.284234881401062 38.32420378178358 832.8411676287651 26.01418753713369 1.397601805627346 0.2654800042510033 0.8236344009637833 499.1872945278883 12.75709243863821 2543.037414848804 7.609127439558506 9604.973494820297 5.202050767838955 1.406513124704361 13.69444896280766 625.3830265402794 64.59606502950191 200.8860582113266 0.2503981217741966 0.9277415499091148 29.29823696613312 45.65059006214142 11.08458089083433 344.9174611121416 19.19886176288128 92.84443227946758 38.09454968571663 717.6514262333512 8.197341844439507 0.7270567938685417 2.300308875739574 30.4623371809721 4.170906163752079 8.217778019607067 225.2024677395821 0.2624479755759239 15.7165667489171 248.4470794722438 25.15678859502077 423.3726697042584 58.90976775437593 0.7000036016106606 187.9504391625524 0.0986606702208519 32.21884939074516 22.15790238976479 441.5178697630763 4.220448762178421 0.276274785399437 0.7919363528490067 140.5613733455539 156.6079990342259 158.0667536631227 52.25564303994179 1610.756032600999 0 0.4032198637723923 34.60435305535793 587.4999265298247 106.0893436521292 125.4662813022733 0 0 9.298342376947403 17.30181338638067 2.222611516714096 100.1695961281657 8.623517423868179 24.68878086656332 11.11968759447336 133.4967971295118 3.044850803911686 0.1057942360639572 0.3514584302902222
76.40419130027294 1.626320786774158 38.67485454678535 4512.208266660571 2.499502591788769 3897.516562029719 7288.428249314427 1746.907439801842 200.6440467312932 27954.76223410666 31.99141941964626 5129.50350317359 5.092018514871597 1217.060490213335 5.023615434765816 17.41516604274511 3.92439279705286 10.40037172287703 14.19739071279764 9425.319627940655 15.60512243956327 22.11603052169085 49.61039584130049 1468.432142026722 1.065776012837887 25.52885654568672 45.65759002417326 4959.512556016445 339.4609914571047 60.86341623216867 1.243099488317966 27.37040589004755 18.1301007270813 195.1949767544866 84.67362779378891 1179.103375896811 28.74028276652098 1196.74713935703 301.6318415626884 445.5136207342148 118.3461301624775 0.758335180580616 27.66617449373007 0.8186669200658798 0.4009522646665573 0.4185346364974976 148.4494395032525 0.1255279928445816 11.765421256423 119.4547110721469 7.573125176131725 63.90891348570585 62.13160842657089 0.103871151804924 162.7368027120829 0.2187866196036339 3.569731324911118 6.700763829052448 17.08992740511894 0.4706979990005493 0 0 108.5698131769896 12.35431131720543 5.862602829933167 9.745969049632549 469.1414074748755 0 0.1457613557577133 4.236024975776672 201.7916705310345 9.651373267173767 9.42729426920414 0 0 0.5160405188798904 4.577324844896793 0.2179079204797745 27.24239927530289 0.1390187442302704 6.619551561772823 2.432438619434834 75.26165250688791 0.5928242951631546 0.07883475720882416 0.8648355156183243
18.08869751542807 192.7717733606696 41.70949851348996 1.887947671115398 3.564912639558315 137.3676530346274 17.36657728254795 220.1315967068076 1.679713293910027 31.99141941964626 8478.000004030764 75.57234071940184 2215.243186630309 182.4231038168073 8.180811502039433 6.112039230763912 157.2815283536911 4095.971344746649 2112.104436062276 6.407539397478104 5.096129596233368 61.55030669271946 20.25155935436487 8.361439131200314 1118.823057085276 4076.653758324683 1610.405135132372 6.344471767544746 162.3957973346114 19.06344088166952 356.4988151937723 205.5649166405201 3.301347255706787 5425.930546037853 6.071556814014912 412.5664009749889 3698.627174682915 3206.936847154051 468.2385547831655 77.83690278232098 237.7579159811139 783.4452000111341 16.10273521393538 0 11.51070989668369 0.101360447704792 0.09921818226575851 0 0 0.4257708638906479 0.3506525233387947 0 0 354.5257229581475 0.1137189120054245 1307.898482903838 0.1314050555229187 0 0.1163402497768402 0.113961286842823 13.15924337506294 3.579001992940903 0.0645756796002388 0.5977591872215271 1.21533440053463 0.2586207985877991 0.8951461464166641 164.9223205447197 137.3979925215244 217.1126694828272 0.5273597612977028 0.3079649433493614 0.5290719270706177 162.4585450664163 0.1001205816864967 0 0.7678323909640312 1.03558774292469 10.69375011324883 112.854701474309 6.812338769435883 0.7657721638679504 0 0.4229588806629181 71.53426198661327 1.546403169631958
11.4911015406251 0.6035255789756775 2.931505553424358 1288.795293644071 71.99170259386301 4416.137228935957 70.18439450114965 1669.971515901387 180.1704782620072 5129.50350317359 75.57234071940184 11051.90312617272 20.35456723719835 641.3126848861575 674.9154339581728 0.4046439900994301 4.010759674012661 27.30531072616577 29.57366491109133 4381.827944457531 1.939688861370087 1.978677727282047 2.917478494346142 733.6795270442963 1.581167533993721 38.94371600449085 19.26347781717777 838.0740071833134 152.5537623092532 7.471186146140099 2.529521599411964 47.34631565213203 1.823416203260422 251.9494548216462 13.51223567128181 1802.550080023706 39.52085372805595 863.0740988887846 66.95936430990696 1798.396913021803 65.35151385515928 11.81698790937662 6.638496339321136 0.614363856613636 0.4541428461670876 0.1118161529302597 199.9269166737795 0.1756264418363571 35.47067245095968 109.7620728909969 6.99503181129694 68.98398786783218 95.77940706908703 0.4082575216889381 445.7958482354879 0.7189243137836456 5.198858968913555 26.48657849431038 8.729369133710861 0 0 0.09235519915819168 188.7507868111134 2.251014016568661 0.4763012379407883 3.594669260084629 475.369712471962 0 0.2399616464972496 0.7898090109229088 180.5587514638901 7.406432144343853 5.393395707011223 0 0 0.9883034825325012 3.240833103656769 0.8069774508476257 109.8735246360302 0.8386242389678955 1.036831498146057 1.056116238236427 444.1686915829778 0.4608095586299896 0 0
1.340730980038643 771.3072120547295 20.83477762341499 0.39372418820858 9.291280761361122 24.47597526758909 5.693029642105103 21.72144235670567 3.284234881401062 5.092018514871597 2215.243186630309 20.35456723719835 3908.00529397279 11.71480400115252 0.5292551070451736 10.86771285533905 45.03478796035051 42.84026998281479 48.51414018124342 1.971775650978088 11.99427838623524 162.1922691389918 28.72252153605223 14.85596128553152 6899.216718837619 506.5189365521073 5232.873519785702 9.054054766893387 8.658209435641766 4.774349078536034 963.0689126253128 14.37738791853189 0.8902278691530228 783.5927282571793 73.21347607672215 1437.357721820474 7436.266434237361 5219.419179059565 516.8795192837715 57.59017400443554 188.878814779222 1697.059639960527 56.68547047674656 0 39.61669837683439 1.271917477250099 0 0 0.06539194285869598 0.2937025874853134 0.3394624218344688 0 0 932.1057565659285 9.918424308300018 3179.190139479935 0.07664579898118973 0 1.836910642683506 2.439076811075211 18.66534554958344 4.027321361005306 0 0.1781168431043625 2.508866250514984 4.644190683960915 1.17464791238308 726.730527728796 263.2068996503949 402.7939463406801 0.2939596399664879 0.2626322880387306 1.332456827163696 277.9034134820104 0.1612209528684616 0 3.576786763966084 69.7355819940567 352.6620661616325 555.960106998682 33.4815439581871 38.21368400007486 1.200272679328918 15.73427206277847 253.8702105954289 11.65508985519409
4160.697439193726 4.655494563281536 660.6503648087382 52.54402443021536 4.500877261161804 953.6273273527622 6362.952750220895 8903.604888238013 38.32420378178358 1217.060490213335 182.4231038168073 641.3126848861575 11.71480400115252 10610.11748334393 14.41939228028059 18.28806893527508 182.3645919784904 51.6947281062603 104.8524753525853 129.5522606819868 223.0355878695846 35.1438317373395 810.5567543432117 309.8679715320468 2.350642420351505 233.929473195225 201.2874334231019 361.2059864401817 6981.392529547215 3370.831183105707 5.879871815443039 172.8692406713963 34.87245082110167 1054.562169656157 31.37419506907463 749.859323464334 85.2297629788518 1271.954602487385 151.5821564048529 411.8843773528934 47.18097300082445 1.891057536005974 6.240400396287441 3.973775088787079 1.129859328269958 2.033797442913055 3.132397219538689 0 0.3383161723613739 40.28817593306303 2.559192672371864 10.51409459859133 2.433973059058189 0.655001312494278 6.91558388620615 0.8953419029712677 3.853765390813351 0.2150834649801254 41.17344596982002 1.03762636333704 0.0846787765622139 0.4171263873577118 1.860222399234772 28.11535057425499 11.6300553008914 20.72904881834984 99.99204149097204 0 0.8746164292097092 13.0926383510232 52.66365823149681 10.31860828399658 22.40211793780327 0.07637248933315277 0 0.1044750288128853 2.596045926213264 0.1064221560955048 17.15896606445312 1.674885913729668 4.980625957250595 3.867566280066967 1.862504243850708 0.4021039307117462 0.1476432383060455 0
1.159552432596684 0.2452879622578621 0.6051612794399261 28.72149410843849 1390.018201768398 643.5838942751288 2.986382313072681 273.8132860809565 832.8411676287651 5.023615434765816 8.180811502039433 674.9154339581728 0.5292551070451736 14.41939228028059 270.20893561095 0 0 1.665997542440891 0.4030291736125946 14.38043466210365 0.2105593904852867 5.834240667521954 0.2843926101922989 325.4988288879395 0.3443702459335327 1.348892599344254 1.305813208222389 8.988613717257977 18.78982327878475 0.8813518509268761 0.2153998985886574 460.8847216442227 0.1542412042617798 83.26770007610321 1.086388990283012 536.5571916624904 6.32466946542263 19.59079564362764 2.021039538085461 1093.353098750114 377.6802383139729 3.849096581339836 1.174252234399319 0.195433035492897 0 0 16.12898261100054 0 4.878059789538383 7.092853248119354 0.5956711247563362 16.80792637169361 4.828927725553513 0 54.86487809568644 0.1226504296064377 0.6162160485982895 3.656783565878868 0.4703505039215088 0 0 0 20.45192278921604 1.358100093901157 0 0.2598447203636169 40.99733619391918 0 0 0.1495505124330521 11.96528112143278 0.1115683391690254 0.313710629940033 0 0 0 0.1873501539230347 0 13.65799990296364 2.834256172180176 0.09440086781978607 0 78.80967266857624 0 0 0
1.80378270894289 330.1770143955946 16.71443666517735 1.571595974266529 0 0.3878133073449135 265.8208358213305 9.024997033178806 26.01418753713369 17.41516604274511 6.112039230763912 0.4046439900994301 10.86771285533905 18.28806893527508 0 1890.70287168771 15.63993673026562 0.6151063144207001 3.528521806001663 0.8785446658730507 1330.041029855609 4452.11583673954 3863.150512903929 3095.575414955616 20.17281054705381 7.409088358283043 4534.684307433665 650.2891976833344 6.050313144922256 46.7621171027422 1.112040966749191 0.2936695218086243 1.403205528855324 77.76266681402922 53.92442766577005 1810.559906974435 507.2444225549698 463.7490891367197 563.6375577226281 57.39161515235901 2.021419659256935 1.605132527649403 7.236820295453072 7.282622419297695 24.44642169773579 60.2989427447319 0 0 0.328867644071579 17.24131694436073 3.389990136027336 20.42789428681135 0.6232713684439659 0.2042954862117767 0.2130445465445518 0.6478522121906281 7.039937578141689 0 1727.145914085209 16.29022562503815 0.09907408058643341 1.802860789000988 0 476.3811533227563 1247.405108176172 1414.29143152386 55.8335273116827 0.802589975297451 7.128958031535149 651.1360727027059 145.1047027334571 20.3181241825223 102.9777863249183 0 0.116436704993248 2.102183625102043 16.6435549929738 12.50571291148663 252.4228744506836 89.12654540687799 84.93263600021601 100.2640736624599 9.890537366271019 1.726693540811539 1.067624107003212 2.3908616527915
113.2296991497278 801.6018235012889 6069.179285652936 0.5417997166514397 0 5.334156304597855 56.19849387556314 90.19999726116657 1.397601805627346 3.92439279705286 157.2815283536911 4.010759674012661 45.03478796035051 182.3645919784904 0 15.63993673026562 1916.537370026112 59.7221938893199 1796.809335567057 0.4316448122262955 434.0277387499809 45.50077942013741 1692.280775263906 12.33568015694618 68.09746462851763 3936.391150198877 7385.043366320431 25.7264291420579 217.1524858176708 681.4718293100595 11.65364659577608 7.585599362850189 30.34937480837107 3165.150538399816 19.30952592939138 511.3835870698094 1292.188465945423 4294.026565402746 674.1457358300686 12.62627947330475 5.445000484585762 7.757357537746429 2.597177840769291 0.3167706876993179 211.4817247316241 137.715742379427 0 0 0 0.9487440288066864 0.1753824055194855 0.8569156602025032 0 4.509829200804234 0 11.46702662855387 0.2191612794995308 0.1790764182806015 5.238267213106155 83.77610779553652 3.418494403362274 19.1953292787075 0 3.947313599288464 17.06479372084141 10.91732370108366 2.467702612280846 11.88141512125731 201.0686020776629 875.6166427209973 1.856910340487957 1.617614410817623 2.135589741170406 6.541748657822609 0 0 4.562532059848309 2.035435788333416 26.21072272211313 11.417580075562 18.11450854688883 11.77355698496103 0.3995895981788635 0 0.5555553734302521 0
5.471091747283936 2.501606203615665 16.30361925065517 0.6632291749119759 0.5505922585725784 43.60746706277132 5.232472769916058 68.60694723576307 0.2654800042510033 10.40037172287703 4095.971344746649 27.30531072616577 42.84026998281479 51.6947281062603 1.665997542440891 0.6151063144207001 59.7221938893199 162.9318050071597 1051.01697692275 2.535840637981892 1.912892386317253 0.4872081875801086 7.613553017377853 2.379830561578274 14.8637110888958 6323.136059567332 213.0770515874028 3.326094649732113 45.45814242213964 7.17659804224968 47.5396059602499 58.95702794194221 0.1126312091946602 1115.825023680925 4.890526629984379 196.5395530313253 639.9259186983109 969.1310842707753 181.3037668392062 24.50248121470213 32.50355783849955 70.4220654964447 1.536230869591236 0 5.995689585804939 0 0 0 0 0 0 0 0 16.59798426181078 0 48.65673281997442 0 0 0 0.7820629626512527 4.683876395225525 5.76526452600956 0 0 0.1054302379488945 0.1145144402980804 0.1096801608800888 2.173874646425247 33.88266765326262 48.89650020003319 0.1376230418682098 0 0.1552179157733917 18.69124661386013 0 0 0.5323698744177818 0.4156710356473923 2.231756396591663 2.398327484726906 0.6069419160485268 0.09490177780389786 0 0 1.285577319562435 0
23.35921287536621 43.54697813093662 106.9139996618032 0.6253632977604866 0.5544472932815552 34.94879108667374 12.96085012704134 71.08583007007837 0.8236344009637833 14.19739071279764 2112.104436062276 29.57366491109133 48.51414018124342 104.8524753525853 0.4030291736125946 3.528521806001663 1796.809335567057 1051.01697692275 2722.773399487138 2.336315162479877 62.01934625953436 2.166714385151863 254.0946342721581 4.7447389960289 31.42735170572996 9725.349562451243 2741.544809520245 5.926221624016762 156.8390831165016 108.7288882955909 56.83884207904339 65.70713243633509 11.89657479524612 3282.485845506191 14.86039045453072 501.9314232319593 489.4819973185658 3320.29167111963 674.7772328704596 22.56466144323349 10.582714214921 16.70708601921797 5.442771784961224 0.6354986876249313 34.8185677677393 4.75437867641449 0 0 0 0.09068059176206589 0.1625050157308578 0.2929417118430138 0 42.6759213283658 1.321038380265236 92.61752016097307 0.1045780032873154 0 0.7383482083678246 9.143950015306473 25.46404036134481 42.0310817733407 0 1.053190365433693 1.550014182925224 0.6241786777973175 1.295415386557579 3.659952610731125 302.8792729601264 345.9395121783018 0.4101127088069916 0.2386355325579643 0.3001219928264618 62.48253617435694 0 0 2.057074025273323 0.7547514289617538 5.201057754456997 7.11602246761322 4.574116967618465 1.919951476156712 0 0 1.109980717301369 0
12.17513007670641 0.09455973654985428 3.79310368001461 2826.269819319248 0.4836705550551414 345.0930606126785 289.3735308423638 199.8786091506481 499.1872945278883 9425.319627940655 6.407539397478104 4381.827944457531 1.971775650978088 129.5522606819868 14.38043466210365 0.8785446658730507 0.4316448122262955 2.535840637981892 2.336315162479877 519.462212279439 1.188063338398933 3.705685637891293 3.464739754796028 1238.670593291521 0.4967904016375542 3.805664665997028 2.662290401756763 2704.412780053914 77.0253818333149 4.311822161078453 0.3324485942721367 5.019069194793701 4.920644678175449 34.52984147518873 19.33885154128075 635.8127451315522 4.580426014959812 245.0129732787609 73.99369265884161 180.8006005808711 29.02541326731443 0.3657594621181488 10.65856657922268 4.335870325565338 0 0.1991814970970154 239.7198950573802 0.227477952837944 13.58030787855387 122.9400385543704 11.14801403135061 76.26729367673397 87.02746615558863 0.3415139093995094 193.9668741673231 0 5.104710333049297 10.23494692891836 5.79527772217989 0 0 0.06735821813344955 186.3220969438553 1.690605863928795 1.481133028864861 2.954541228711605 609.8142954707146 0 0 1.506049640476704 247.0793132558465 5.539260569959879 2.740645386278629 0.1025169417262077 0 0.9964405298233032 2.019080437719822 0.1318213939666748 33.40408906340599 0.713799387216568 5.094118878245354 0.7543494403362274 146.497164145112 2.019480153918266 3.472003221511841 0
135.5833007022738 44.60055412352085 1961.021854437888 1.520022414624691 0 3.644812881946564 596.9163718149066 101.8327789604664 12.75709243863821 15.60512243956327 5.096129596233368 1.939688861370087 11.99427838623524 223.0355878695846 0.2105593904852867 1330.041029855609 434.0277387499809 1.912892386317253 62.01934625953436 1.188063338398933 12366.92284995317 665.6811418309808 13806.46683099866 768.8281511440873 2.345973789691925 230.8536224514246 1609.982441499829 3926.482378400862 181.9694442376494 12653.65366537124 0.4061673134565353 1.92680562287569 25.37779096513987 3029.80158701539 209.4117641150951 6090.350297294557 999.1713625565171 4745.395618468523 2071.527118772268 262.7588802874088 9.578950420022011 2.909392796456814 20.27046082168818 6.450615338981152 4.159187689423561 17.10527773946524 0 0 0.2739581018686295 15.62583112716675 4.205747410655022 12.80867476016283 0.5970669686794281 0 0 0.09730273485183716 8.588397115468979 0 662.2851148694754 9.664844378829002 0.2363543957471848 0.5675553306937218 0 570.2300471961498 216.2470401749015 344.4237516894937 33.00555286556482 0.371736615896225 2.939225308597088 84.47931061685085 161.5106847733259 20.24392014741898 147.2239640653133 0 0.07841853052377701 4.16706495732069 12.57891862094402 7.270944252610207 126.0366007089615 24.62149067223072 26.53116197884083 24.66736843436956 3.196865998208523 0.1960725709795952 1.919038474559784 1.134575843811035
4.687046825885773 3947.365876160562 206.922534994781 3.223925858736038 0.1426402926445007 0.4249421060085297 439.6791554093361 26.6265232115984 2543.037414848804 22.11603052169085 61.55030669271946 1.978677727282047 162.1922691389918 35.1438317373395 5.834240667521954 4452.11583673954 45.50077942013741 0.4872081875801086 2.166714385151863 3.705685637891293 665.6811418309808 2812.332650795579 1210.358935512602 7657.958137206733 430.1418919935822 29.86710178852081 3746.626917406917 369.4314600601792 9.611366353929043 142.9785988554358 27.32175908982754 0.4408185333013535 1.213910207152367 70.32080063223839 12.04730529338121 428.9444526135921 414.8166230246425 305.7589909881353 190.6988835632801 22.54102490097284 2.382065989077091 10.30950513482094 0.5027540475130081 4.117349997162819 154.8065506890416 112.2927012071013 1.538837842643261 0.1467895060777664 1.045937910676003 10.53717029839754 3.339760176837444 36.121521897614 0.2619065344333649 1.676389962434769 0.1448813378810883 3.690795540809631 3.52540186047554 0.5525228232145309 1199.64536010474 18.14208736270666 0 2.1002237200737 0 280.4558428227901 675.6950730010867 671.7885178625584 48.57277078926563 4.905834972858429 16.73926650732756 805.8327472805977 87.13229376077652 8.896756052970886 60.28723812103271 1.240437038242817 0 0.6332643330097198 10.04639617353678 8.726603463292122 204.6583276167512 66.20988694578409 63.65282399207354 97.38681712001562 11.55255769193172 0.7870422303676605 0.1596527248620987 3.691124677658081
499.1222858428955 297.3077239468694 12408.27121343464 4.025633506476879 0.1068533360958099 15.64342433959246 1477.296620614827 361.8314376957715 7.609127439558506 49.61039584130049 20.25155935436487 2.917478494346142 28.72252153605223 810.5567543432117 0.2843926101922989 3863.150512903929 1692.280775263906 7.613553017377853 254.0946342721581 3.464739754796028 13806.46683099866 1210.358935512602 16438.73832038045 460.5014800578356 18.65174726396799 1113.871210098267 15453.49266883731 2660.087577015162 394.9062143787742 5357.926405027509 2.511558778584003 3.488011725246906 29.25242542475462 3335.610975727439 314.8698284700513 8628.880700528622 4410.535985089839 7750.021351344883 5690.606765985489 431.0106969550252 34.9602559953928 10.00112769752741 62.20221409201622 2.866043075919151 62.63211604207754 402.5582609176636 0.5610955283045769 0 0.3724183514714241 11.28785582631826 2.710459470748901 6.339339450001717 0.2414939031004906 1.564366400241852 0 1.330426953732967 2.494119830429554 0.1050420477986336 1141.346985220909 52.68123716115952 0.1070907711982727 3.58904105424881 0.1328684240579605 234.0056080445647 857.4135064184666 1439.019621290267 33.12807177007198 3.437758341431618 33.18901856988668 1466.300490982831 57.45873077958822 5.241018064320087 39.08277654647827 0.1328388154506683 0 0.3661250844597816 19.37019988894463 25.83708772063255 317.0039915367961 108.6211399063468 103.918486148119 155.0062216073275 16.30065555870533 0.8523827195167542 1.403502851724625 3.431056872010231
47.98719646781683 259.9530216008425 28.6444471180439 2582.570698782802 12.44349421560764 46.87470801919699 2319.45578469336 333.0115574523807 9604.973494820297 1468.432142026722 8.361439131200314 733.6795270442963 14.85596128553152 309.8679715320468 325.4988288879395 3095.575414955616 12.33568015694618 2.379830561578274 4.7447389960289 1238.670593291521 768.8281511440873 7657.958137206733 460.5014800578356 11094.49641373008 18.15895513445139 8.56682164222002 2246.64323951304 4253.220799937844 559.7486248016357 967.4136463701725 2.32047912478447 5.683554492890835 231.7329931929708 283.7344387546182 97.08824518322945 2464.322452776134 108.5715241655707 796.8431204631925 337.4238050282001 668.122701048851 32.46595276892185 3.003810681402683 13.62960254400969 97.84281072020531 12.48666165024042 50.48933298885822 524.3385032340884 0.9493653476238251 42.44695938378572 993.949161991477 105.7249689772725 1350.034075506032 241.714086510241 4.05927000939846 329.0993205457926 0.4383480474352837 108.4343332797289 26.07384852319956 953.1759022623301 17.42839039117098 0.7024876773357391 2.985738962888718 394.1300737932324 611.5095215514302 515.7582571431994 295.6452230513096 4063.544873833656 0 4.743506401777267 121.423435408622 2143.301140010357 314.3834876194596 517.073236040771 0.1227018311619759 0.5460596606135368 22.75052639842033 69.67313162982464 6.1757692694664 400.7434513568878 22.34449461102486 121.1230941489339 48.9640681296587 246.6052789241076 13.84578581154346 3.19292077422142 3.750139378011227
0.2479445263743401 1448.96929910779 31.30369678139687 0.08529578894376755 0 3.439192332327366 2.891003027558327 3.773080736398697 5.202050767838955 1.065776012837887 1118.823057085276 1.581167533993721 6899.216718837619 2.350642420351505 0.3443702459335327 20.17281054705381 68.09746462851763 14.8637110888958 31.42735170572996 0.4967904016375542 2.345973789691925 430.1418919935822 18.65174726396799 18.15895513445139 744.4250869825482 425.6472644880414 3684.684688717127 3.709578976035118 2.707092449069023 0.5150580182671547 767.741000957787 1.556030213832855 0 293.3271523043513 1.394328035414219 106.0451631322503 551.0698601976037 934.0097782537341 62.26934768259525 2.841538846492767 52.75960296392441 582.4593915939331 24.23077148199081 0 44.02592289447784 0.3977551460266113 0.1300527006387711 0 0.09376997500658035 0.06704595685005188 0.1423427239060402 0 0.0735819935798645 259.290201805532 0.2678208947181702 1348.577282436192 0.09376680105924606 0 0.325950562953949 1.31924931704998 7.642895475029945 8.070312492549419 0 0.1038608476519585 4.555434472858906 1.331597961485386 0.3144492655992508 75.12892529368401 164.8155473694205 683.1917387470603 0.1026449203491211 0.2817355915904045 0 116.0272545665503 0.09411634504795074 0 0.9272715896368027 3.047702074050903 4.150523878633976 65.68863402307034 5.754596315324306 2.110556423664093 0 0 38.71081937104464 0
89.26044826954603 653.5129923149943 9000.227023780346 1.256131909787655 1.300176218152046 52.19594664499164 130.2183409109712 163.9325869940221 1.406513124704361 25.52885654568672 4076.653758324683 38.94371600449085 506.5189365521073 233.929473195225 1.348892599344254 7.409088358283043 3936.391150198877 6323.136059567332 9725.349562451243 3.805664665997028 230.8536224514246 29.86710178852081 1113.871210098267 8.56682164222002 425.6472644880414 23409.58674212545 12993.63699529693 65.63036208599806 219.3161627799273 370.3510879874229 217.744131334126 75.16809228807688 21.78823436051607 1489.204837240279 67.26893828064203 2331.343392536044 3925.582504607737 4509.565702687949 1487.309685841203 58.17983306199312 30.93098093569279 133.7110813334584 18.44748745858669 0.6221800819039345 1396.070884652436 154.2674001827836 0 0 0.07901763916015625 1.844537436962128 1.814172059297562 1.42720078676939 0.1667955070734024 307.8446463420987 1.636268548667431 937.015768840909 1.722842186689377 0 8.269733637571335 297.1637578383088 118.5500322505832 459.7880099639297 0 3.780151858925819 26.86178711056709 6.865406759083271 3.867250829935074 170.4792940914631 2518.926289983094 6568.234364517033 3.118218779563904 3.351417422294617 4.467102512717247 441.6247797682881 0.4825893118977547 0 32.32780260592699 6.841722533106804 59.71463939547539 123.7424291744828 97.18006081134081 34.5372789055109 0.5686614513397217 0.1443412005901337 19.16720169782639 2.748912736773491
75.58100528270006 9919.299548447132 10381.22315576673 5.024766683578491 0.5221481770277023 24.25124230235815 954.1112871542573 115.897506415844 13.69444896280766 45.65759002417326 1610.405135132372 19.26347781717777 5232.873519785702 201.2874334231019 1.305813208222389 4534.684307433665 7385.043366320431 213.0770515874028 2741.544809520245 2.662290401756763 1609.982441499829 3746.626917406917 15453.49266883731 2246.64323951304 3684.684688717127 12993.63699529693 31254.99050515145 2123.790758237243 178.8052487596869 480.3650828227401 1796.324305400252 31.14938798546791 24.32908447086811 2040.313445404172 328.9068818166852 7998.504303298891 5926.082712076604 8648.187907136977 4200.019675299525 250.8166886419058 37.24057114869356 65.85760498046875 49.47984682023525 1.926489569246769 3055.492032237351 1887.213693074882 0.5850317925214767 0 0.3634548485279083 14.8015561401844 4.324821565300226 12.1822370365262 0.7653609961271286 128.7801599502563 1.403480917215347 476.4982221201062 6.972242057323456 0 416.2152113616467 500.8141894191504 55.87478709965944 268.368717931211 0 83.61207503080368 2079.019866414368 1467.826900996268 33.10123204439878 288.2097775861621 1850.918753415346 9964.312517918646 36.03688341379166 9.155244991183281 27.13702986389399 271.3682179525495 0.487800620496273 1.636957854032516 97.68723928928375 39.79796113073826 651.6400418430567 254.0042564943433 337.7926312685013 327.9505221396685 16.40867745876312 2.771006427705288 7.791969299316406 7.018765270709991
63.75500710308552 21.77076450735331 677.2918565869331 4008.770830824971 0.7740218862891197 106.9890931099653 17660.23808119446 319.8059249222279 625.3830265402794 4959.512556016445 6.344471767544746 838.0740071833134 9.054054766893387 361.2059864401817 8.988613717257977 650.2891976833344 25.7264291420579 3.326094649732113 5.926221624016762 2704.412780053914 3926.482378400862 369.4314600601792 2660.087577015162 4253.220799937844 3.709578976035118 65.63036208599806 2123.790758237243 14203.81044226885 705.9976052939892 11729.51756891608 0.4869487732648849 8.646433398127556 329.3053872585297 782.5849080085754 194.7186527475715 4913.901029646397 309.5146226584911 1836.138781532645 796.3022792562842 185.4327112659812 39.32232121378183 3.929696537554264 12.83331787586212 61.23754622787237 2.352846629917622 27.9952629134059 191.8510563820601 0.2378080934286118 21.7958797737956 479.190494582057 46.9232886582613 267.5480467528105 105.1805406883359 1.174200065433979 124.0228627771139 0.4609578475356102 61.15087887644768 6.027972720563412 496.5713162049651 9.29831925034523 0.2544014975428581 0.3079783320426941 155.4209353849292 483.3045786619186 138.1711789742112 193.4861516654491 1527.810887277126 0 2.734595939517021 87.65604290738702 1010.737363450229 203.7241295054555 355.2067635729909 0.1920822188258171 0.7268577888607979 21.96235194802284 42.17691477388144 4.743180982768536 216.4182856231928 15.47688103467226 66.36327560991049 31.15949487686157 89.90004526823759 5.948691874742508 2.441877990961075 1.389767788350582
