520.256820641458 0.5635684728622437 99.16600407660007 2.424427695572376 0 16.70835730433464 2385.946445148438 1007.383049342781 16.16457032412291 56.92517782747746 25.28795636445284 6.132792085409164 0.09237994998693466 5817.010056704283 0 1.876850977540016 244.3972871117294 34.47707511112094 163.7176819555461 4.563790433108807 158.9638596177101 3.086055368185043 295.7832625135779 84.57363346964121 0.4560307264328003 170.6949324905872 37.25381617993116 102.5559912398458 2753.83707728982 2225.038435768336 0.3258266523480415 2.810836523771286 359.4048867449164 481.2669955193996 2.932220943272114 13.82512357085943 6.042757906019688 136.2676223218441 14.74157167971134 3.754037693142891 4.292408533394337 0.1642734706401825 0.2160600274801254 0.1372601985931396 0 0 0 0 0.2288292795419693 0.5958492234349251 1.203416302800179 3.362778030335903 0.9393927603960037 0 0.5214927941560745 0 1.519576750695705 0 1.555898793041706 0 0 0 0 0.8699166104197502 1.513304978609085 0.1184925958514214 9.27542694658041 0 0.2498495429754257 0.8270804956555367 10.47971995174885 0.7394713908433914 1.915454812347889 0 0 0 0.1980562210083008 0 2.124887272715569 0 0.8814591318368912 0.7766210734844208 1.436521142721176 0.1181842908263206 0 0
0.5635684728622437 39.45378717035055 58.76474153995514 0.4967366233468056 0 1.034829288721085 5.402591519057751 4.542960986495018 127.7359394654632 2.687183365225792 60.30105650424957 0.6142702251672745 297.6597455367446 1.036385163664818 1.535751909017563 221.5810100436211 4.258892610669136 0.6891794428229332 1.883898012340069 0.2864909321069717 16.12533624470234 1646.303523160517 10.52161407470703 375.5764852613211 922.1006280258298 70.56563384830952 4686.590067401528 36.22791968286037 0.5519764423370361 1.956529080867767 26.56405575573444 0 0 16.91527030616999 0.9510337263345718 20.47063446044922 51.11782068014145 28.87893778085709 6.078879527747631 1.297645479440689 0.3086705803871155 139.4974168613553 0.821856290102005 0.4632410705089569 13.06601698696613 97.80568616092205 0 0 0 0.6220383793115616 0.363548569381237 1.393829822540283 0 8.869956061244011 0.4220221042633057 43.48003936558962 1.266959048807621 0 2.727059744298458 7.693385496735573 0.7075887322425842 2.680254206061363 0 2.80472082644701 14.03617104887962 40.66421151161194 2.644968211650848 14.68170338869095 48.16718770563602 1231.545990526676 3.385646149516106 0.4782905280590057 0.7060156613588333 6.612028248608112 0 0.2203087359666824 3.352229215204716 0.6056203544139862 27.8196961954236 21.73613169789314 18.07143948972225 10.66869869828224 0.6271006613969803 0 5.683175310492516 0
99.16600407660007 58.76474153995514 3962.484071210027 5.732287049293518 0 30.34829791635275 2353.548217691481 247.6852920800447 2.856441117823124 95.83379528671503 4.953055065125227 0.4468414634466171 2.0009630843997 276.1338840201497 2.772287994623184 14.52342389523983 1333.999577015638 56.91976571083069 218.3111058026552 3.280646935105324 383.2728435397148 10.20874225348234 9472.442069575191 147.4678478762507 0.1817060112953186 3204.870538324118 4382.698380760849 572.8517608568072 30.49611406028271 135.2071718722582 0.2403277382254601 0.4137904718518257 2.547608241438866 671.2223642878234 29.03491877019405 1092.642283037305 3223.134173691273 1457.667522072792 378.83721639961 33.56735537201166 1.562510877847672 5.023662149906158 8.609022237360477 0.4479396864771843 76.78168485313654 515.1895117983222 0.2724335193634033 0 0.4193116873502731 5.254784546792507 2.16827729344368 0.7775716409087181 1.687069185078144 0 0 2.175375252962112 1.685712702572346 0 20.17934111505747 36.92009484767914 0.1634564846754074 0.7708797305822372 0 8.397302627563477 66.08316279947758 220.5509365424514 10.08805945515633 1.537787169218063 36.04744950681925 1985.741521462798 15.15358036756516 2.101582385599613 0.568365141749382 0.9752447083592415 0.3698775619268417 0.291927307844162 18.43548266589642 12.58680924773216 80.6720360442996 34.47033555060625 64.74983730912209 30.72309707850218 1.585795916616917 0.1058181673288345 0 0.4340349733829498
2.424427695572376 0.4967366233468056 5.732287049293518 478.0712258219719 0 21.57206942141056 64.00242237746716 30.13403771817684 281.939424328506 1479.023202598095 0.4829592406749725 2776.744181349874 0 11.7679343521595 3.528872787952423 0.2967257797718048 1.714542880654335 1.539178572595119 1.697938099503517 1128.530757769942 0.1929031610488892 2.806846372783184 3.441632568836212 810.5951424017549 0.1248307973146439 8.197146892547607 4.240609124302864 905.3567400053144 21.60601875931025 0.205057218670845 0 0.07904826104640961 5.00358559936285 37.87447844445705 4.500741578638554 53.9276635274291 1.219580829143524 40.1218588873744 21.61157637834549 26.56101027131081 6.746198281645775 0.394286572933197 2.300033546984196 0 0.1250273287296295 0 46.90955583751202 0.2892490029335022 12.00387002527714 40.42288243025541 14.23714630305767 23.94589677453041 109.5245812311769 0.1776856258511543 58.45378044247627 0.2134117633104324 1.419946618378162 10.01545263081789 0.2420137673616409 0 0 0 10.34214115142822 0 0.2168660312891006 0.5170409679412842 177.490933932364 0 0 0.4668778628110886 187.6551845595241 1.007687278091908 0 0 0.2615125179290771 0 0.09461219608783722 0 25.74539059400558 0.3905035257339478 2.032760195434093 0.291777029633522 44.40353790670633 0.3170451074838638 0 0
0 0 0 0 0 118.9467399790883 0 22.27092881500721 144.8826069235802 1.67983166128397 2.606559894979 72.38762240111828 0.6781424731016159 28.7328208386898 717.0399944633245 0 0 0.3510120436549187 0 0.4977875053882599 0 1.145995303988457 0 6.948131114244461 0 0.4458931684494019 0.4430279284715652 0.2388937473297119 8.493528619408607 0 0 576.5194442868233 0 11.00061160326004 2.910781487822533 15.15171621739864 0.3959030956029892 17.52276477217674 10.7930171340704 520.9104706346989 0.4778086841106415 0.1970153152942657 0 0 0 0 0.1362893283367157 0 0 0 0 0.2034363746643066 0.495224341750145 0 2.088282808661461 0 0 0.1911551654338837 0 0 0 0 0 0 0 0 0.1516488194465637 0 0 0 0.8932743221521378 0 0 0 0 0 0 0.7467552721500397 4.390144214034081 0 0 0 2.111768007278442 0 0 0
16.70835730433464 1.034829288721085 30.34829791635275 21.57206942141056 118.9467399790883 6260.316928692162 1756.028939060867 4272.348250202835 61.89553992450237 3186.490908764303 77.37805882841349 1723.917720839381 13.95384829491377 1020.710938479751 1081.83901321888 0.4037302285432816 19.28585751354694 58.0001481436193 33.94370839372277 61.35132459551096 2.435002498328686 5.936489209532738 17.1708051264286 80.31997866183519 1.80999793112278 105.3824870735407 42.85986495018005 107.5104234591126 661.8997526019812 10.15120221674442 10.30116280168295 299.9830120205879 19.2892624810338 636.4382945075631 9.885880120098591 163.0872028544545 42.37305277958512 879.6199586428702 136.448270663619 1389.120136499405 132.536323979497 8.475903227925301 10.22355981916189 0.1994148641824722 0 0.3115459233522415 6.592180386185646 0 1.172204926609993 11.53879127651453 7.289476044476032 10.94858537614346 12.3288906365633 0.07904928177595139 14.61415113508701 0.07536496967077255 0.921830378472805 1.087971165776253 1.558073595166206 0.2908650934696198 0 0 1.940618716180325 1.279361382126808 1.166207559406757 0.2449431344866753 52.20088963955641 0 0.3031863123178482 2.220331072807312 62.49460693448782 0.696529895067215 0 0 0.2052841186523438 0 0.516818568110466 0.3940217792987823 11.6484095454216 0.3880635425448418 1.33914291113615 0.9736997485160828 13.01334159076214 0.6784183159470558 0 0
2385.946445148438 5.402591519057751 2353.548217691481 64.00242237746716 0 1756.028939060867 10525.15076035634 3221.433569177985 150.22339297086 3679.112915676087 20.80223881453276 3.076001472771168 2.582665361464024 5642.185865953565 1.815031871199608 16.01297456026077 380.0506437271833 96.15709559619427 309.0415571480989 35.3183875977993 1049.750490404665 41.30467291176319 2687.674495428801 1352.593851536512 1.638147443532944 1579.439833596349 361.1985904760659 9214.44839835912 751.983314987272 7583.289733812213 1.204709693789482 4.654917679727077 132.3325624614954 533.2481667771935 45.2639192417264 616.5697605013847 108.6753219366074 539.2121917381883 268.8356252983212 145.8462231978774 51.64070047438145 1.37780936807394 16.13218554854393 2.752042457461357 1.473754927515984 1.572244182229042 13.28403084725142 0 13.8909108787775 99.08522102236748 73.24433539807796 66.40069065988064 77.23375428467989 0.1795025318861008 14.70327620953321 0.3987243101000786 15.22489620745182 2.227516852319241 26.15369789302349 0.9180273711681366 0.6332463771104813 0 4.966369152069092 4.110275216400623 9.969828195869923 15.58812186121941 329.6524112150073 0.6234857365489006 5.981143444776535 38.81575955450535 372.710057720542 7.089221000671387 1.445117011666298 0.0748358815908432 0.2718263790011406 0.1076401546597481 5.078615605831146 0.8686046451330185 30.32671799510717 1.634307265281677 10.42900066077709 3.042053662240505 26.83825389295816 1.817446738481522 1.851881004869938 0.6530054807662964
1007.383049342781 4.542960986495018 247.6852920800447 30.13403771817684 22.27092881500721 4272.348250202835 3221.433569177985 2622.354956727475 130.5983767136931 1878.551359314471 116.9737896248698 644.0172384530306 8.636483334004879 5490.743774604052 320.4988646358252 2.541790716350079 361.5866866111755 112.5644859522581 348.1943436339498 107.7397823259234 94.89967239648104 37.1935118958354 290.5073632895947 513.2957802526653 0.9578360840678215 495.4372768066823 92.17243538796902 191.3863454014063 707.4785318151116 620.1182893961668 5.681867048144341 57.80042625963688 80.49799219146371 803.2571135871112 18.9253857806325 487.5188215225935 71.57702375203371 584.6756609901786 204.6818720474839 480.4234805554152 54.18867237120867 1.418420687317848 8.240829937160015 4.696222923696041 0 0 6.905215971171856 0 6.336583621799946 48.84687371551991 47.2284485027194 56.15576013922691 38.52618999034166 0.3635601103305817 7.059834904968739 0.3264948353171349 20.52928023040295 0.3502583801746368 36.78083270043135 1.16329687833786 0 0.5248086974024773 1.553927630186081 11.19875086843967 13.67269518971443 5.097598060965538 255.8146633729339 0.1590823605656624 2.009762920439243 9.624638602137566 289.5890979841352 15.80839107185602 2.14618331193924 0 0.3953343629837036 0.9647978991270065 3.31024881452322 1.910271421074867 19.98954322189093 0.9375010430812836 9.756877653300762 3.722247786819935 20.01865649968386 1.30844521522522 0.3786554336547852 1.17538583278656
16.16457032412291 127.7359394654632 2.856441117823124 281.939424328506 144.8826069235802 61.89553992450237 150.22339297086 130.5983767136931 449.0830405279994 109.8328774049878 1.682002335786819 626.7517834305763 9.884615950286388 39.58694691210985 781.8850794285536 187.554958768189 0.663141056895256 0.5288897752761841 0.5873652026057243 595.9755973443389 89.89131868630648 2455.275215633214 30.37180895358324 4538.281608179212 23.22538256645203 5.677389115095139 57.40410093963146 1037.525484643877 56.65752567350864 103.974867336452 0.6613685041666031 2.949189983308315 10.90295396000147 57.09994722157717 19.62702783942223 512.9683794826269 50.5703454464674 71.78232101351023 69.0838635340333 521.9869434833527 9.761254481971264 1.03049336373806 2.620702102780342 22.70576157420874 12.46113913506269 0.72440554946661 51.56208280473948 0.86514812707901 23.60131919384003 81.05699010193348 56.65798781067133 97.53649597615004 174.2523156702518 0.7261469438672066 165.8009317144752 0.2535526975989342 61.42800574749708 40.01142425835133 402.7605163380504 0.4849186837673187 0.2835452929139137 0.1699817702174187 26.62294986099005 100.5682381540537 83.05930123478174 63.09712418913841 1130.159008711576 0 0.8994147703051567 22.30810372531414 743.1825673654675 51.81957292556763 33.45811971276999 0.07870097458362579 1.919379070401192 8.392000690102577 15.61702509224415 1.534012734889984 95.26177211850882 3.035280659794807 29.18505728244781 14.05442502349615 91.41437976807356 2.05384423583746 1.062253162264824 0.6077601611614227
56.92517782747746 2.687183365225792 95.83379528671503 1479.023202598095 1.67983166128397 3186.490908764303 3679.112915676087 1878.551359314471 109.8328774049878 16662.62601172924 32.74449043720961 289.2748752012849 8.692288465797901 1232.090561870486 8.742148399353027 1.34153701364994 55.5433194860816 36.58247235789895 65.9157965965569 2480.114630639553 7.365365207195282 15.92494025081396 53.48281290382147 271.2054017558694 0.9590746536850929 174.1393267288804 53.71410244703293 2846.42477863282 780.3794832006097 21.01333478093147 3.237333349883556 24.26025978475809 78.30378346890211 892.6505491174757 83.33520233631134 589.1071971952915 34.4292640760541 1323.245302241296 456.9036251083016 460.8398006483912 231.6144116073847 6.346253916621208 63.38652186095715 0.4723419100046158 0.2104538977146149 0.1528503447771072 25.82514420151711 0.4505289420485497 14.74076394736767 83.8930134549737 30.83385583013296 40.48269430547953 122.6075399369001 0.2391292974352837 35.11096950620413 0 6.985995732247829 7.23807816952467 2.991706572473049 0.09657271206378937 0 0.361931711435318 13.81453614681959 0.1044260635972023 1.792675793170929 0.7884234711527824 268.2899102494121 0.2370299026370049 0.3274746015667915 3.973807752132416 293.3761485219002 2.601125925779343 0.2532686442136765 0.06974264234304428 0 1.05158519744873 0.9763815030455589 0.9737245962023735 22.80989421159029 0.1796945706009865 3.14435300976038 0.7463014647364616 35.21910263597965 0.9479659870266914 0.09031355381011963 0.3131749927997589
25.28795636445284 60.30105650424957 4.953055065125227 0.4829592406749725 2.606559894979 77.37805882841349 20.80223881453276 116.9737896248698 1.682002335786819 32.74449043720961 6191.901601955295 22.52766462415457 2542.692342452705 159.8158474862576 5.710348062217236 3.334676072001457 45.79594168066978 3637.957465879619 242.0938457325101 2.368280678987503 7.607041634619236 24.37684065848589 23.36877591907978 5.953728877007961 511.8662474304438 2579.538367513567 643.3978116586804 3.895617954432964 102.903213083744 25.55521103739738 726.9248562268913 51.12342599034309 4.988338455557823 3556.006438940763 8.778228312730789 320.5196744948626 2281.285310156643 3288.836537916213 1015.490249294788 43.41536290198565 34.92492978274822 519.5087129473686 13.25454220175743 0 1.068351581692696 0 0.09786941111087799 0 0 0 0 0 0 46.92289064079523 0 383.0993526652455 0 0 0.07553139328956604 0 3.27350927144289 0.7555107325315475 0 0 0.5662876516580582 0 0.8432366624474525 16.98951245844364 18.69074849784374 82.39450401812792 0.2439142912626266 0 0 59.33687832951546 0 0.08779002726078033 0.2286966443061829 5.327497839927673 11.24020593613386 204.7577211633325 4.410880781710148 0 0 2.755700826644897 37.01554248481989 0
6.132792085409164 0.6142702251672745 0.4468414634466171 2776.744181349874 72.38762240111828 1723.917720839381 3.076001472771168 644.0172384530306 626.7517834305763 289.2748752012849 22.52766462415457 2674.572438105941 8.60281041637063 214.8704953342676 474.2851616218686 0 1.513972625136375 18.36262867227197 5.030748568475246 1878.757332548499 0.4702335894107819 44.17899043858051 0.9397774413228035 474.0015268400311 6.051671214401722 22.21973419934511 13.4530751593411 1586.545824229717 296.2085533887148 1.408232107758522 3.503435529768467 23.0566103681922 2.665737748146057 376.0622002109885 2.701007902622223 259.4904127940536 15.55996398627758 651.5633669197559 66.09081722050905 929.2797061428428 100.8396728411317 6.866209462285042 13.4754317253828 0 0 0 80.29312567412853 0.7582224905490875 12.38814587891102 12.99442857503891 2.633025363087654 27.94598108530045 89.09502536058426 0.2110888808965683 188.7136574983597 0.1409103944897652 0.2131794691085815 26.01617474853992 0 0 0 0 18.61499551683664 0.2793018817901611 1.028404891490936 0.4730690121650696 115.134877294302 0 0.06939936429262161 0.1532337218523026 105.4905457645655 0 0 0.0783432349562645 0 0 0.113474503159523 0 136.5023259148002 0.3227226361632347 0.6036839410662651 0.8103498294949532 162.3900534063578 0 0 0
0.09237994998693466 297.6597455367446 2.0009630843997 0 0.6781424731016159 13.95384829491377 2.582665361464024 8.636483334004879 9.884615950286388 8.692288465797901 2542.692342452705 8.60281041637063 3991.667980283499 5.214185543358326 2.330528281629086 15.27974759042263 1.495645761489868 92.21502126008272 3.251811489462852 0.6624733656644821 3.470185488462448 172.891872599721 18.47628436237574 23.18024138361216 2068.284499168396 159.7071849182248 1614.188163883984 6.310351595282555 6.402468875050545 0.7648163288831711 925.988905094564 2.948848500847816 0.126320868730545 506.3849063068628 49.23115941882133 1490.121227577329 4077.098037697375 2462.039830133319 350.4923632591963 164.5620543882251 157.5247078388929 1897.848634041846 19.6243794709444 0.125101700425148 6.178543642163277 0.9013433903455734 0 0 0.07313169538974762 0 0 0.161785289645195 0.767626166343689 95.81719733029604 0 782.9275620728731 0 0 0 0 5.735341906547546 0.6305883675813675 0 0 1.47671727091074 0.8670940920710564 0.3498734012246132 101.5665011927485 34.15399498492479 263.2293519377708 0.08324235677719116 0 0 119.2560097277164 0 0.3113754987716675 0.4073201343417168 46.65585172176361 441.1783664524555 250.5357070863247 10.7013493180275 5.913771331310272 44.10693517327309 1.981270313262939 79.05303711444139 0
5817.010056704283 1.036385163664818 276.1338840201497 11.7679343521595 28.7328208386898 1020.710938479751 5642.185865953565 5490.743774604052 39.58694691210985 1232.090561870486 159.8158474862576 214.8704953342676 5.214185543358326 6909.57469625026 42.89232103526592 0.9842116683721542 491.4680241979659 157.4997409209609 384.0933784469962 62.14965228736401 182.391169898212 10.74253869056702 446.3882489949465 137.8579226136208 0.9789727330207825 584.0067715011537 121.9625137671828 101.5898728519678 5376.920860491693 1738.897332400084 9.556529454886913 26.05173986405134 164.5085980370641 2199.738989237696 5.507802709937096 421.8221533447504 61.26913283020258 814.7295797020197 120.7016615346074 390.016204148531 67.98177574574947 0.855341725051403 6.005457438528538 1.293666929006577 0.09447086602449417 0.1510915905237198 1.576785929501057 0 1.839856207370758 13.8592087700963 10.72478707134724 13.8974801748991 13.63716892153025 0 1.511017821729183 0.1809223964810371 3.24075673520565 0 14.05924101173878 0 0 0 0.398083008825779 3.478489339351654 2.927064374089241 0.7817076221108437 66.35443799942732 0 0.6075426787137985 5.196239151060581 78.49672369658947 3.037480220198631 1.390408396720886 0.2909397706389427 0.5028886646032333 0.6196019649505615 1.144144229590893 0.6968477964401245 6.75553984940052 0.09812016040086746 5.106984168291092 1.425177395343781 5.783436715602875 0 0 0.3399485051631927
0 1.535751909017563 2.772287994623184 3.528872787952423 717.0399944633245 1081.83901321888 1.815031871199608 320.4988646358252 781.8850794285536 8.742148399353027 5.710348062217236 474.2851616218686 2.330528281629086 42.89232103526592 216.7752554640174 0.1325725018978119 0.1843791306018829 3.535553485155106 2.714392125606537 15.01619224995375 1.553628109395504 58.3970405459404 5.243094570934772 215.092036396265 11.69967213273048 6.258871778845787 11.96687905490398 10.83887629210949 32.23443592339754 0.348069041967392 1.254609681665897 162.8016626536846 0.1482958197593689 29.17219918966293 0 244.3287879899144 91.87037410587072 59.12156295776367 9.441450498998165 942.4222124442458 85.47183218598366 6.123228877782822 0 0 0 0 16.56832828372717 0.1795288622379303 6.624756425619125 9.775794297456741 1.516706839203835 8.87330923974514 30.05122891068459 0 74.70466779172421 0 0 11.55278199911118 0.8530460596084595 0 0 0 6.670772194862366 0 0 0 57.79652206599712 0 0 0.6339784264564514 38.12079257518053 0 0 0 0 0 0 0 108.2619214057922 0 0.18185655772686 0.9642029404640198 137.0154362022877 0 0 0
1.876850977540016 221.5810100436211 14.52342389523983 0.2967257797718048 0 0.4037302285432816 16.01297456026077 2.541790716350079 187.554958768189 1.34153701364994 3.334676072001457 0 15.27974759042263 0.9842116683721542 0.1325725018978119 1512.857268966734 3.339739836752415 0.4825895205140114 0.2167902290821075 0 1716.55398966372 2352.180668108165 3059.490973301232 980.4364013373852 35.37877029180527 10.64597226679325 2937.022203318775 536.2412584796548 6.370283015072346 14.91173562407494 0.5096578449010849 0.1072945967316628 1.564222522079945 95.19869970530272 64.10873840749264 1817.370688669384 820.7846107929945 515.9470491483808 594.1595004498959 56.84335907548666 3.984930209815502 2.858017653226852 7.766252964735031 26.42437005788088 2.099103450775146 13.44636838883162 0 0 0.4400657564401627 17.47466308623552 12.80578234791756 13.36172042787075 2.116406232118607 0.2815793380141258 0.08463366329669952 0.2926839739084244 53.32767947018147 0 1787.339688166976 0.4941980242729187 0.1819925084710121 0.7681097686290741 0.1688271015882492 260.2101383134723 856.2284357100725 1040.200970113277 184.6304716840386 0.9296090751886368 2.247905395925045 330.6065480336547 292.4045021682978 73.23375694453716 57.79136873781681 0.2136794552206993 0.5013366490602493 13.92372407019138 25.03608866780996 9.833064883947372 250.0354558303952 11.11368218809366 53.90917257219553 35.28909585624933 27.72440853714943 1.959908679127693 0.5372041836380959 0.4279685765504837
244.3972871117294 4.258892610669136 1333.999577015638 1.714542880654335 0 19.28585751354694 380.0506437271833 361.5866866111755 0.663141056895256 55.5433194860816 45.79594168066978 1.513972625136375 1.495645761489868 491.4680241979659 0.1843791306018829 3.339739836752415 727.7889925986528 230.2775620892644 1436.825573567301 3.864369548857212 139.0782427340746 2.672380037605762 2407.849236112088 15.37170760333538 2.099914379417896 2403.849048547447 2881.482975732535 43.48016477376223 161.5386089719832 278.1932399272919 0.8338345140218735 0.8008690997958183 17.94098114222288 772.0396948158741 1.087287358939648 94.56746970117092 1557.276708208025 379.4087549820542 119.3787119537592 2.673854470252991 1.808393977582455 20.44915686547756 0.4199851602315903 0.2813629955053329 4.599881835281849 8.987404905259609 0 0 0 0.3058613389730453 0.09956551343202591 0.2727811336517334 0.08469244837760925 0.2233481854200363 0 2.174024663865566 0.09676177054643631 0 2.016110770404339 2.611208744347095 0.2357652708888054 2.93243907392025 0.0737522691488266 1.447592355310917 1.279543183743954 1.602789394557476 1.058539003133774 2.164707735180855 14.02498628944159 67.26216180622578 1.927943520247936 0 0 0.201958604156971 0 0.1194693669676781 0.3456225991249084 0 1.39256289601326 1.374371528625488 1.069409735500813 2.444806709885597 0 0 0 0
34.47707511112094 0.6891794428229332 56.91976571083069 1.539178572595119 0.3510120436549187 58.0001481436193 96.15709559619427 112.5644859522581 0.5288897752761841 36.58247235789895 3637.957465879619 18.36262867227197 92.21502126008272 157.4997409209609 3.535553485155106 0.4825895205140114 230.2775620892644 791.037654966116 599.932850562036 2.40425031632185 4.767112612724304 0.06463576108217239 37.47278265282512 6.548144124448299 4.668497987091541 2957.715428709984 309.0534220188856 16.40852013975382 69.84506404399872 31.03626849502325 218.2722274586558 22.68617841601372 4.471712317317724 1481.012122210115 6.264721348881721 572.554863139987 801.3672094121575 1555.185166131705 484.6192203499377 24.95929639786482 5.659716375172138 11.50179424881935 3.532142996788025 0 0.7932197526097298 0 0.07503503561019897 0 0 0.1460255309939384 0.07497316598892212 0.2895923480391502 0 8.656720213592052 0.0864834189414978 147.1333088874817 0.08274595439434052 0 0.2943330854177475 0.2331411093473434 6.422740697860718 8.064042545855045 0 0 0 0.2039229422807693 0.8907897360622883 9.322636276483536 24.32231647521257 147.0509015992284 0.7114555761218071 0 0 51.04628532379866 0 0.1000232920050621 0.8574239015579224 4.111975565552711 8.34029907733202 100.5736155062914 2.011536836624146 0 0.2913168370723724 0 0.8698242604732513 0
163.7176819555461 1.883898012340069 218.3111058026552 1.697938099503517 0 33.94370839372277 309.0415571480989 348.1943436339498 0.5873652026057243 65.9157965965569 242.0938457325101 5.030748568475246 3.251811489462852 384.0933784469962 2.714392125606537 0.2167902290821075 1436.825573567301 599.932850562036 1227.161940298975 5.386980228126049 30.0516786724329 0.5060287714004517 199.4812197647989 12.27157026529312 2.194273941218853 1384.59503684938 704.0573884509504 29.22906278073788 150.8040171973407 133.5826697610319 0.6215086653828621 8.421177372336388 19.36509539932013 2472.146754607558 2.351636879146099 332.0617414265871 1112.799932636321 1197.220968190581 187.2020110562444 11.1750670671463 2.309749644249678 28.07558982074261 2.445835404098034 0 2.178282663226128 1.396065451204777 0 0 0.1371235847473145 0.3548228144645691 0.1982941478490829 0.1590647548437119 0.07141616940498352 0.2627784982323647 0 3.351573154330254 0 0 0.2696192264556885 2.378954261541367 0.7877034693956375 6.33329102396965 0 0 0.2982097789645195 0.2380071878433228 0.6527894288301468 4.07386776059866 20.59758212417364 121.0569629669189 0.8345691487193108 0 0 2.521079003810883 0 0.1502014398574829 0 0.6540340632200241 2.131861850619316 4.170607767999172 0.2322464510798454 1.733619660139084 0 0 0 0
4.563790433108807 0.2864909321069717 3.280646935105324 1128.530757769942 0.4977875053882599 61.35132459551096 35.3183875977993 107.7397823259234 595.9755973443389 2480.114630639553 2.368280678987503 1878.757332548499 0.6624733656644821 62.14965228736401 15.01619224995375 0 3.864369548857212 2.40425031632185 5.386980228126049 849.9322438165545 0.4128791466355324 2.020572692155838 1.926966220140457 392.7173788174987 0 11.59800373017788 3.432350762188435 1343.996485091746 76.07705857604742 1.796905301511288 0.392062246799469 2.714420311152935 7.81772867590189 104.4980058446527 9.310117363929749 129.6486204043031 4.811293058097363 183.391587369144 69.54932551831007 90.16723973304033 36.23078645020723 0.8143113255500793 8.161561794579029 0 0.1256511360406876 0 57.07867398113012 1.447757318615913 21.22839280217886 104.9926637932658 28.47795376926661 54.59429856389761 237.972452417016 0 143.764585390687 0 3.429073520004749 23.07173366099596 1.14484565705061 0.1505608111619949 0 0 27.33201644569635 1.008206725120544 0.722218319773674 0.1134921088814735 373.2785710021853 0.1208867654204369 0 1.099876187741756 396.922932215035 1.628490529954433 1.573196291923523 0 0.1144735440611839 0 0.4265380576252937 0.1528777778148651 65.62011594325304 0.08856707811355591 3.390582330524921 1.639886982738972 107.6290120556951 0.39350426197052 0 0.1080552935600281
158.9638596177101 16.12533624470234 383.2728435397148 0.1929031610488892 0 2.435002498328686 1049.750490404665 94.89967239648104 89.89131868630648 7.365365207195282 7.607041634619236 0.4702335894107819 3.470185488462448 182.391169898212 1.553628109395504 1716.55398966372 139.0782427340746 4.767112612724304 30.0516786724329 0.4128791466355324 8778.538050629199 500.8998079523444 12624.04717656225 247.1989536359906 4.186949215829372 81.78759171441197 542.7735458686948 2482.797343052924 247.6096996068954 9834.69833496958 0.1350418999791145 0.3225143253803253 74.40796762704849 3463.750054441392 144.5128376558423 3165.092447608709 1322.015571773052 3313.471338868141 1546.296436272562 69.83944889903069 16.03678381443024 0.8723940253257751 11.46558000147343 11.54960241913795 0.2785840630531311 1.589946091175079 0.09128371626138687 0 0.1494517922401428 5.810821227729321 6.080106779932976 1.384828612208366 0.800743468105793 0.1326636075973511 0 0 25.87161883711815 0.1542956829071045 313.044356122613 0.6475065797567368 0.09521215409040451 0.8238570690155029 0 142.3860514163971 184.1375226303935 85.25805403292179 64.00957528501749 0 0.6509644240140915 28.24720936268568 115.1671811193228 34.80605317652225 31.2840838804841 0 0.09807925671339035 6.281630970537663 11.01619429141283 4.955688804388046 56.38955530524254 1.538534604012966 19.00771278887987 13.91613803803921 10.10564707964659 0.3580418676137924 0.6707405894994736 0
3.086055368185043 1646.303523160517 10.20874225348234 2.806846372783184 1.145995303988457 5.936489209532738 41.30467291176319 37.1935118958354 2455.275215633214 15.92494025081396 24.37684065848589 44.17899043858051 172.891872599721 10.74253869056702 58.3970405459404 2352.180668108165 2.672380037605762 0.06463576108217239 0.5060287714004517 2.020572692155838 500.8998079523444 647.9694501534104 528.3323444351554 4199.540342353284 745.210841730237 21.22835120558739 2532.181666173041 374.3591795638204 15.98412787914276 201.0170401185751 18.36775927990675 0 2.793601892888546 21.89751962572336 10.05056190490723 278.4976928308606 47.04417239129543 41.85146664828062 38.63263391703367 40.94372341036797 2.092537000775337 17.53571158647537 1.199283123016357 8.087104544043541 380.0617165565491 17.74778681993484 0.3690515607595444 0 0.4911903142929077 10.69254323840141 4.414394110441208 7.68182959407568 0.9555391892790794 2.53898099809885 1.097821801900864 22.56447980552912 17.6331185773015 0 1496.53252620995 0.7143582552671432 0.08200002461671829 0.2581376433372498 0.1124576404690742 213.3741768524051 164.7143381014466 716.9105327278376 116.1324302777648 180.2498962581158 4.111082747578621 829.1851928532124 119.4598728865385 21.43704342842102 74.56183628737926 1.107445083558559 0.2752409651875496 7.13717470318079 10.46976875513792 2.64102777838707 110.2411847487092 12.09595228731632 33.92815501987934 21.86459580808878 6.195323921740055 0 10.14597442746162 0.2550206482410431
295.7832625135779 10.52161407470703 9472.442069575191 3.441632568836212 0 17.1708051264286 2687.674495428801 290.5073632895947 30.37180895358324 53.48281290382147 23.36877591907978 0.9397774413228035 18.47628436237574 446.3882489949465 5.243094570934772 3059.490973301232 2407.849236112088 37.47278265282512 199.4812197647989 1.926966220140457 12624.04717656225 528.3323444351554 11250.00467250496 853.5739462003112 1.087797328829765 1530.244039185345 9564.836626119912 3236.102632887661 228.382972560823 3052.860761731863 0.3398268073797226 0.8871534392237663 35.95565339922905 4424.195230320096 270.4481843337417 5921.807831823826 7897.067447520792 7467.622256740928 4816.628761120141 216.5733649879694 36.43348436057568 7.781393587589264 44.64554882049561 2.433093443512917 6.236800380051136 81.45930217206478 0 0 0.2942870259284973 8.737465500831604 2.751901000738144 3.343098238110542 1.578364782035351 0.2821285724639893 1.393187522888184 0.1254619807004929 7.963930442929268 0 1277.294824801385 3.413580998778343 0.110152930021286 0.7078968435525894 0.1959393322467804 77.63511438667774 431.562289044261 948.5099361762404 78.35249448567629 0.3613333255052567 3.022638157010078 997.3780601769686 79.05168555676937 7.065651565790176 20.45351740717888 0.5949929803609848 0.08754963427782059 0.9063985198736191 6.970682308077812 24.18094488233328 104.294892936945 13.50727496296167 37.41405988484621 23.50417497009039 5.217433027923107 0.9820195734500885 0.5217339396476746 0
84.57363346964121 375.5764852613211 147.4678478762507 810.5951424017549 6.948131114244461 80.31997866183519 1352.593851536512 513.2957802526653 4538.281608179212 271.2054017558694 5.953728877007961 474.0015268400311 23.18024138361216 137.8579226136208 215.092036396265 980.4364013373852 15.37170760333538 6.548144124448299 12.27157026529312 392.7173788174987 247.1989536359906 4199.540342353284 853.5739462003112 4672.636291287839 87.18933491408825 128.2541709430516 1783.995323449373 7126.930981948972 328.7243339046836 16.99343014508486 5.288050077855587 1.068467870354652 122.3027944266796 543.6390145272017 128.7284547686577 2176.063826464117 236.1657127439976 747.5331058502197 526.7887082919478 349.4901406988502 43.86044612526894 4.830044344067574 25.70974735170603 20.12586459517479 2.489946648478508 8.028328813612461 73.09804032742977 0.7008218318223953 35.7585736811161 220.2963148579001 165.5412905439734 427.2701845169067 280.5799945220351 1.380790203809738 158.3129862695932 1.726877316832542 89.9305566996336 19.66092677414417 308.7708736136556 1.11711298674345 0.2464984208345413 0.8770275488495827 31.03648222237825 65.99079282581806 130.3547014147043 53.85790452361107 1416.757725857198 1.002679869532585 2.492158606648445 116.9723893925548 1435.208123087883 66.91657314449549 22.59463515877724 0.501734733581543 2.434327907860279 8.275783739984035 26.5812601968646 6.070330105721951 150.4352378770709 5.377125009894371 67.67160824686289 21.78861550241709 153.5113443806767 4.658365502953529 1.618527427315712 1.044746078550816
0.4560307264328003 922.1006280258298 0.1817060112953186 0.1248307973146439 0 1.80999793112278 1.638147443532944 0.9578360840678215 23.22538256645203 0.9590746536850929 511.8662474304438 6.051671214401722 2068.284499168396 0.9789727330207825 11.69967213273048 35.37877029180527 2.099914379417896 4.668497987091541 2.194273941218853 0 4.186949215829372 745.210841730237 1.087797328829765 87.18933491408825 129.6930993646383 135.6125646978617 2369.854895882308 7.242681980133057 1.091014459729195 0 440.0085526630282 1.270548939704895 0.2653623223304749 135.1014908701181 5.165491163730621 370.0725994631648 208.2761095017195 421.0081691071391 48.38584379851818 103.7017640396953 127.9404207319021 213.5618977025151 3.162422388792038 1.001317098736763 5.720792040228844 0.9800859466195107 0 0 0.3392397463321686 0.2590708434581757 0.1707548499107361 0.1435068547725677 0 66.30401773750782 0.6142318248748779 453.784958332777 0 0 2.254176437854767 0 2.628857433795929 1.471940971910954 0 0 1.092608436942101 0 0.706695169210434 31.72851350903511 24.74610359221697 686.0887109860778 2.268605753779411 0.09694045782089233 0 54.72777568548918 0.07995878905057907 0 1.472499661147594 6.058058828115463 742.7857880443335 37.34755982458591 1.203051224350929 0.8980216234922409 148.8531866073608 0 12.2279973551631 0
170.6949324905872 70.56563384830952 3204.870538324118 8.197146892547607 0.4458931684494019 105.3824870735407 1579.439833596349 495.4372768066823 5.677389115095139 174.1393267288804 2579.538367513567 22.21973419934511 159.7071849182248 584.0067715011537 6.258871778845787 10.64597226679325 2403.849048547447 2957.715428709984 1384.59503684938 11.59800373017788 81.78759171441197 21.22835120558739 1530.244039185345 128.2541709430516 135.6125646978617 16683.5414448306 8184.572958286852 340.6829691156745 142.274771310389 99.21110592409968 733.1189897209406 20.2988020144403 11.91679350286722 1864.148390673101 25.38554789125919 1746.422033935785 4970.590638354421 3779.064910382032 984.6346990391612 51.83930183202028 11.37389589101076 70.86803625524044 8.634960561990738 0.1217917427420616 115.9213827103376 190.8005160614848 0.3571329936385155 0 0.4025019779801369 3.560197986662388 1.575190268456936 2.03891496360302 0.7668213322758675 27.1753968000412 0.491937667131424 476.1038357019424 1.863622538745403 0 3.575592875480652 60.58544123917818 55.27482952177525 101.3134014382958 0 1.349070966243744 8.981697380542755 6.14623461663723 8.556976027786732 151.837845377624 482.886741541326 2813.846294656396 6.14186442643404 1.305753633379936 0.2343071550130844 168.0895747542381 0 0.1001151576638222 9.797369107604027 9.409030698239803 22.6954417899251 246.5302530825138 17.75345002859831 6.231389053165913 0.4071546122431755 0.06445799022912979 4.216402292251587 0.1479969322681427
37.25381617993116 4686.590067401528 4382.698380760849 4.240609124302864 0.4430279284715652 42.85986495018005 361.1985904760659 92.17243538796902 57.40410093963146 53.71410244703293 643.3978116586804 13.4530751593411 1614.188163883984 121.9625137671828 11.96687905490398 2937.022203318775 2881.482975732535 309.0534220188856 704.0573884509504 3.432350762188435 542.7735458686948 2532.181666173041 9564.836626119912 1783.995323449373 2369.854895882308 8184.572958286852 21173.71531753242 726.8575993925333 85.23782769218087 46.00817795097828 1411.080579239875 15.06615997105837 8.82577795535326 3195.793023895472 168.8569556176662 5450.955087937415 5160.610789828002 7690.868229035288 2462.545771554112 165.6089706793427 20.39211650192738 77.72949443757534 46.14217926561832 2.012879282236099 1519.178428299725 1462.873376242816 0.2066892758011818 0.09336444735527039 0.4989772066473961 18.57796439528465 8.478455401957035 6.318882018327713 4.002343341708183 31.71659947931767 0.1334007084369659 762.6863849833608 10.88189447671175 0.1339669078588486 596.7378228530288 197.2014037147164 90.98313596099615 179.0715018138289 0.1171307191252708 58.29322760552168 579.676837079227 1024.3256373927 40.38101391494274 1033.901985213161 1357.172079376876 14809.26460561156 61.87372927367687 8.383601322770119 3.484959825873375 311.9916030466557 0.3491693437099457 0.7544083371758461 55.58627995103598 53.69260591268539 279.1639267727733 379.6291905790567 229.2428625375032 112.9166767001152 6.10758913308382 4.155390292406082 5.936427764594555 1.127299576997757
102.5559912398458 36.22791968286037 572.8517608568072 905.3567400053144 0.2388937473297119 107.5104234591126 9214.44839835912 191.3863454014063 1037.525484643877 2846.42477863282 3.895617954432964 1586.545824229717 6.310351595282555 101.5898728519678 10.83887629210949 536.2412584796548 43.48016477376223 16.40852013975382 29.22906278073788 1343.996485091746 2482.797343052924 374.3591795638204 3236.102632887661 7126.930981948972 7.242681980133057 340.6829691156745 726.8575993925333 13778.91796015203 534.3978335857391 5063.339457578957 0.8585062250494957 1.053945876657963 282.1434613317251 1598.658147919923 199.1248842850327 3071.449783526361 327.2184790000319 1771.626624882221 1088.7034406811 253.7738243788481 47.57673826813698 1.566363736987114 26.85964392870665 17.08835806697607 1.765178367495537 4.331529669463634 86.0781032666564 0.1086047068238258 39.55474501848221 215.4340207800269 144.3444742262363 228.6576220095158 303.5299445167184 1.472318083047867 99.48653364181519 0.2966851443052292 74.23563747107983 12.47772293537855 225.8081273436546 0.2846471667289734 0.885138176381588 0.4065337106585503 26.75101071596146 70.13161678612232 87.89359020441771 28.72382847219706 1076.902855545282 0.1040660887956619 3.870029367506504 62.79527375847101 1268.255806297064 58.60441769659519 18.73067293316126 0.2447827458381653 1.932893022894859 7.301430322229862 24.37874884903431 7.424755819141865 138.466764330864 2.787179566919804 41.39160765707493 22.47988277673721 137.936801508069 5.696816943585873 0.4514025002717972 0.8465790823101997
2753.83707728982 0.5519764423370361 30.49611406028271 21.60601875931025 8.493528619408607 661.8997526019812 751.983314987272 707.4785318151116 56.65752567350864 780.3794832006097 102.903213083744 296.2085533887148 6.402468875050545 5376.920860491693 32.23443592339754 6.370283015072346 161.5386089719832 69.84506404399872 150.8040171973407 76.07705857604742 247.6096996068954 15.98412787914276 228.382972560823 328.7243339046836 1.091014459729195 142.274771310389 85.23782769218087 534.3978335857391 10440.96572111547 2865.325806707144 7.389378927648067 23.49379045888782 2043.495381031185 2468.646991122514 4.527966342866421 132.0611246973276 37.26288127154112 758.8254303485155 128.0760158896446 206.8444768339396 52.4427138492465 1.6148961186409 1.362337246537209 1.412424743175507 0 0.1797642111778259 0.7538028731942177 0 0.5408551767468452 4.81774527579546 4.820407785475254 7.307317897677422 4.083087854087353 0.0816505029797554 0.7582163885235786 0.1227483451366425 2.741586707532406 0 9.833211839199066 0 0.3137027323246002 0 0.1996834278106689 2.53232441842556 7.062142945826054 0.8259953558444977 35.65372727066278 0 0.07291495054960251 1.860105760395527 38.49672158807516 2.428568631410599 0 0.2086235135793686 0.08761794120073318 0.1386915594339371 0.3854471817612648 0 3.717391796410084 0.2398369833827019 1.164463810622692 0.7423177510499954 2.141248375177383 0 0 0
