1446.846856109798 2.654531836509705 340.3951375409961 9.728161841630936 0.1089070588350296 29.84984210878611 2285.327176228166 697.9124900326133 5.403540410101414 129.5672573819757 6.965406484901905 8.960590414702892 0.972875714302063 4615.404345028102 0.1067410856485367 0.8862535357475281 208.8352243453264 5.636059336364269 40.26057301461697 11.70406974107027 70.70843912661076 3.042294599115849 550.9516220465302 74.96455928683281 0.1019781902432442 91.49981772899628 78.23329836130142 130.5918435677886 4177.030319482088 4338.092944741249 0.4007284417748451 10.43697808682919 51.27081193774939 106.059549562633 0.3353278636932373 57.49387229979038 10.38759949803352 102.752937965095 19.5888739451766 8.983580477535725 3.321061745285988 0.1313866525888443 0.2730117291212082 0.08452358841896057 0.9738341644406319 3.092011332511902 0.1037536337971687 0 0 1.706400737166405 0 2.752211883664131 0.3131917044520378 0 0 0 0.2099714279174805 0 8.641992822289467 0.5548078417778015 0 0.3409565836191177 0 4.737218715250492 0.7608121857047081 2.424026116728783 12.73410835117102 0 1.543471045792103 7.997740432620049 12.82937855273485 0.7739840969443321 4.646647244691849 0 0 0.1035787016153336 0.08791361749172211 0 5.725377127528191 0.1247969269752502 1.975837729871273 0.768176257610321 0 0 0 0
2.654531836509705 359.7655627951026 695.700971879065 0.1093072518706322 1.067150682210922 1.526934266090393 9.700348675251007 5.292189210653305 493.9751965627074 2.399332173168659 196.5676395222545 1.428509682416916 730.7037690803409 5.708241000771523 8.25610389560461 203.1127308085561 399.5534328967333 1.954430446028709 156.6142848953605 0.544552743434906 40.32906614989042 3826.334442645311 68.66062997281551 884.1638895496726 2005.900376915932 681.0767639130354 10123.23852666467 28.63119236379862 12.94587442278862 18.81416623294353 96.2299027889967 2.243550166487694 1.999964259564877 153.0959282293916 2.683179005980492 348.488682731986 305.2995358631015 360.6873573586345 150.1751262173057 13.76838723570108 3.816480085253716 120.6632287427783 1.683840051293373 0.322187714278698 40.66431233286858 321.1595582067966 0 0 0 1.001820012927055 0.121377095580101 1.275358565151691 0 1.73787210136652 0 10.53657016903162 0.7425219342112541 0 3.793314628303051 166.5039954409003 0.5176758766174316 13.06049577891827 0 0.7463693842291832 3.396873995661736 22.84998770058155 5.246446065604687 7.47306764870882 150.059706158936 647.9963546171784 1.134615868330002 0 0.614060565829277 5.130532637238503 0 0 19.05741332471371 0 55.62517458200455 24.50806062668562 70.75874355435371 54.89754152297974 0.1075510531663895 0 0.4819943904876709 0
340.3951375409961 695.700971879065 5427.318090938032 4.89187516272068 0.08659956604242325 27.14280083030462 1378.868008866906 509.5768160447478 1.958459980785847 76.35203997045755 24.70361435413361 2.670715108513832 1.092178039252758 858.0125506743789 0.2314434126019478 24.28285349160433 5780.142899647355 15.40571457892656 215.6211895793676 3.504899278283119 536.7047319859266 230.7152136862278 9803.995698705316 25.60875194519758 2.162566833198071 9811.483870722353 10849.24393679202 359.7624549642205 297.6896071210504 1737.381347112358 0.7684344425797462 3.078007988631725 15.62915532290936 604.8295072689652 10.64393880963326 1512.078775621951 1524.247855186462 2090.274251334369 1078.162570022047 14.31472157686949 4.208181753754616 2.791748896241188 5.320977330207825 1.88488045334816 672.3120638802648 1499.82766507566 0.0943916067481041 0 0.4132883325219154 10.99075680971146 1.685412004590034 2.764162935316563 0 0 0 1.273075625300407 3.730025798082352 0 13.46872147172689 715.8509437665343 1.864138066768646 36.38336136192083 0 8.745969213545322 107.4084991142154 199.6777012497187 10.4025314450264 0.2572463378310204 297.179814606905 1187.198642067611 9.562084048986435 3.598702065646648 11.84969557821751 0.6879114732146263 0 0 39.13380723446608 3.441683828830719 226.1187349706888 68.50643395632505 340.4157578423619 157.71315574646 1.753757178783417 1.766384720802307 1.38471245765686 0.7230215668678284
9.728161841630936 0.1093072518706322 4.89187516272068 3186.746257275343 1.198212184011936 37.09782968461514 182.4628971591592 57.5189550742507 942.2376059293747 5543.320087969303 2.114009819924831 1660.0177571401 0.2408644258975983 53.23862928897142 33.62109733372927 2.29217690974474 1.082100160419941 1.805618956685066 1.146386377513409 4313.858505748212 0.9584444686770439 2.859750255942345 3.297144807875156 2511.458481542766 0 2.365579500794411 6.694989569485188 3881.599074959755 100.4326006025076 5.464820958673954 0.2894568964838982 5.852443024516106 7.586707755923271 36.60532189905643 5.517876029014587 257.7031968459487 5.722275197505951 151.1961111053824 56.20995787531137 73.75124631077051 25.55554246157408 0.6264454498887062 2.736955016851425 0.457564577460289 0.1380717605352402 0.1028044149279594 326.1774110347033 0.2774108052253723 28.93166982382536 110.4443680197001 4.946854025125504 115.3404408618808 459.5756631493568 0 201.22678861022 0 4.084330037236214 3.278662085533142 1.789802275598049 0 0 0 306.6996441334486 0.8112615868449211 0.483286514878273 1.03901045024395 528.1365053802729 0 0.08516350388526917 1.67472492903471 361.8738036751747 4.68963311612606 0.9678558707237244 0 0.8615932688117027 0.5132944360375404 9.389372393488884 0.875732421875 37.10575539618731 0.170339971780777 13.65279906988144 3.634480312466621 50.15261507034302 0.8724076747894287 1.973192453384399 0
0.1089070588350296 1.067150682210922 0.08659956604242325 1.198212184011936 34.95763625204563 423.0519461557269 2.913479007780552 522.8934343382716 131.8465699255466 10.89751981943846 13.6083982437849 97.9487034752965 2.205023266375065 43.05366762727499 907.9464229941368 0 0.7495083212852478 5.104082755744457 1.197357065975666 3.565094031393528 0.5769713446497917 3.620677381753922 0.1685099750757217 37.36321994662285 0.4737645909190178 3.371218912303448 0.6984630823135376 5.357568502426147 57.77901034802198 1.120087549090385 0.2912845611572266 100.4354580640793 0 245.5149959921837 0 99.68158894777298 3.060673490166664 209.6791786178946 64.14925044029951 2310.54426228255 151.3344005048275 7.256449520587921 1.043243214488029 0 0 0 1.414308331906796 0 0.8127379789948463 0 0 0.672038272023201 2.05326846987009 0 9.953445546329021 0 0 0.2650283128023148 0.2142541110515594 0 0 0 4.295362681150436 0.5128413513302803 0 0 5.053161069750786 0 0 0 2.597158469259739 0 0 0 0 0 0 0 2.538496255874634 0 0 0 3.27767887711525 0 0.3348173499107361 0
29.84984210878611 1.526934266090393 27.14280083030462 37.09782968461514 423.0519461557269 10959.28480476886 764.8481992557645 6492.274730145931 158.7770204171538 3262.078116405755 108.3239961713552 4346.33857062459 15.53905339539051 1215.522505529225 1013.567562989891 6.245247155427933 11.26554795354605 62.30754952132702 34.83509998768568 293.0498328059912 2.021707892417908 5.509542688727379 23.8822555243969 129.322498306632 4.332187719643116 46.97457545995712 37.83361528068781 101.2438552975655 598.5792633965611 31.80073722451925 3.165698476135731 336.1488047763705 5.474360473453999 441.6390992254019 10.19750748574734 681.7964430823922 18.44259098172188 834.1748119741678 132.2595838010311 2557.352423250675 330.2191052287817 15.3534637466073 9.04553110152483 0 0.2291358634829521 0.7826412171125412 38.16289835423231 0.2182040065526962 14.05343106389046 21.24823699891567 0.8507333695888519 17.56046445667744 27.20400498062372 0.1093892231583595 129.2199301123619 0.09668120741844177 0.5804898738861084 5.945424966514111 7.951591096818447 0.1188959926366806 0 0 62.23938339948654 0.9215052574872971 0.2602386921644211 0.9539552628993988 78.57101961225271 0 0.4752156361937523 2.392602279782295 45.02757316082716 0.7367351725697517 1.847590051591396 0.09327718615531921 0 0.4624278396368027 2.542489908635616 0 42.19961167871952 0.3503772094845772 3.513290271162987 1.757141597568989 67.80328260362148 0 3.351165771484375 0
2285.327176228166 9.700348675251007 1378.868008866906 182.4628971591592 2.913479007780552 764.8481992557645 16506.69416258484 2211.714156843722 231.5794801041484 8428.134180039167 11.39548643678427 41.18608580157161 2.100981771945953 6781.848773680627 6.111954852938652 251.4663918167353 78.67832549661398 11.08208863437176 15.06944294273853 52.26832585781813 235.1850520446897 123.5323447287083 1494.070001862943 1718.051786653697 1.394267544150352 220.0962416678667 1091.907599382102 18725.20371831954 1893.751407042146 5357.901122130454 0.4982016086578369 24.66216145455837 159.1901193335652 308.5826462581754 56.45674911141396 1992.743576474488 95.16288997977972 1177.167830765247 572.3990963026881 166.8098189532757 133.2762919962406 4.550269894301891 19.57087459415197 1.604682989418507 5.020282782614231 21.15463808178902 47.98478632420301 0.9718294739723206 11.76432959735394 282.1438994631171 8.815174199640751 97.58254294842482 38.01586697995663 0 27.24752001464367 0.1697235107421875 8.717412024736404 0.1530360728502274 80.35374926775694 3.190806798636913 0 0.429185763001442 69.16243451088667 21.98791112750769 29.86848489940166 65.97735340893269 603.7438157573342 0 3.181200228631496 70.34094759821892 393.3229570314288 18.05687555670738 44.88946308195591 0.2533586919307709 2.766451612114906 3.133356794714928 22.68672458082438 4.302709564566612 136.9286106899381 4.081511355936527 59.06789497286081 26.64626145362854 67.742197483778 5.406187810003757 5.394071340560913 0.3947887271642685
697.9124900326133 5.292189210653305 509.5768160447478 57.5189550742507 522.8934343382716 6492.274730145931 2211.714156843722 11550.40301857144 84.08794818073511 1961.500514592975 163.6462113633752 1733.886618629098 26.58142843097448 9393.615222383291 806.2553652748466 12.22279185801744 213.2589877620339 100.1970541030169 76.6493326202035 250.7816722169518 42.00204884260893 17.21043030172586 468.9497252479196 240.5969773828983 4.195910185575485 189.1134280785918 137.7887673377991 435.2546558529139 1937.022503770888 1091.52562250942 3.940708391368389 1140.023118913174 22.01277584582567 662.4913547337055 10.93484132736921 662.326204277575 35.10116098821163 814.667437620461 156.1936118900776 1988.662039346993 329.0540140867233 11.95492026209831 8.012290075421333 0.4765787422657013 1.235343925654888 6.416246563196182 1.529126681387424 0 2.416636504232883 32.54413983225822 3.535448029637337 16.24245739728212 2.564603731036186 0 4.639988876879215 0.5401055067777634 2.586819335818291 0.3905756324529648 23.21385664492846 1.007049195468426 0.2904665768146515 0.410285085439682 4.567619919776917 11.1368789896369 2.830117247998714 7.412723138928413 124.9221155494452 0.1116991937160492 2.277805052697659 15.56329867988825 74.39141087979078 9.759957268834114 16.04718203097582 0.08072327077388763 0 2.965663775801659 2.364956118166447 0 30.12321616709232 0.5019438788294792 7.170851148664951 3.723862446844578 2.256632573902607 1.981861174106598 0.148028776049614 0.9171961322426796
5.403540410101414 493.9751965627074 1.958459980785847 942.2376059293747 131.8465699255466 158.7770204171538 231.5794801041484 84.08794818073511 1179.571711421013 229.3255084753036 10.38145609945059 599.6204567626119 24.72387460619211 32.32092723995447 1751.059068739414 86.49300391972065 2.543448850512505 0.831631101667881 1.443855442106724 578.9142485558987 53.65359897166491 3005.024984300137 7.776703931391239 9882.344208940864 91.6090636625886 10.11307059973478 164.97012475878 903.3467256501317 45.72701875865459 82.05157026648521 5.102116845548153 8.343074798583984 9.393067076802254 16.99749947339296 2.523231342434883 101.7252600044012 10.4989952147007 74.76003444194794 16.60134809464216 656.0329669564962 36.74976336210966 2.831934921443462 3.295856282114983 6.113639913499355 0.6315176039934158 3.481686852872372 231.2598233819008 1.50733970105648 20.37660865485668 102.3120462670922 6.572743356227875 229.988732881844 81.3758105263114 0.202849954366684 231.5668482258916 1.007195003330708 7.975163593888283 6.337564080953598 407.6022387817502 1.236580543220043 0.1875270828604698 0.7421553432941437 221.0866502597928 120.718932390213 21.88276716321707 20.90703666955233 1513.48463691026 0.4869954586029053 1.11611657589674 32.1684549972415 492.6547501534224 51.35745518654585 139.3883629366755 0.08385606110095978 0.7214464619755745 8.578163579106331 15.61250884085894 1.517726853489876 104.4384574070573 2.793602056801319 29.228192307055 18.3061206266284 49.12292344868183 1.425287455320358 0 1.318621963262558
129.5672573819757 2.399332173168659 76.35203997045755 5543.320087969303 10.89751981943846 3262.078116405755 8428.134180039167 1961.500514592975 229.3255084753036 30592.96018407494 41.03807862102985 3802.079462043941 12.67558803409338 1332.206755876541 19.17066732048988 34.9309276714921 13.42456829547882 34.60923190042377 26.7018204331398 8699.488022603095 9.638608522713184 22.96518842875957 53.91990153491497 1232.675571016967 1.830583415925503 42.4849514067173 112.4089613556862 4545.252603530884 1297.844348724931 71.69674477726221 1.618839301168919 86.04220148175955 48.02875792235136 430.3364077061415 24.78280080854893 1295.730098538101 85.93523079156876 1575.942417740822 269.849414370954 362.0193754285574 216.8620593622327 37.43638903647661 28.00962226837873 1.494303345680237 0.8349952176213264 2.152773097157478 164.9701547175646 1.350364997982979 16.94176164269447 199.3094971999526 5.585392013192177 67.04302433878183 86.27500455826521 0.2737602591514587 112.7233240678906 0 6.270517289638519 4.348117224872112 12.77870674431324 0 0.1354051381349564 0.1137560606002808 183.4512486979365 4.147020526230335 5.669418066740036 6.824861600995064 508.248897254467 0.197320781648159 0.2541743665933609 10.6930305659771 259.3996254056692 5.982381053268909 12.7946053147316 0 0.3240634500980377 1.035375542938709 6.201438024640083 0.2254625260829926 61.75961143523455 0.9807874411344528 18.92331915348768 6.319194674491882 39.41215255856514 3.17497406154871 3.272681474685669 0.2714203745126724
6.965406484901905 196.5676395222545 24.70361435413361 2.114009819924831 13.6083982437849 108.3239961713552 11.39548643678427 163.6462113633752 10.38145609945059 41.03807862102985 10826.39615303278 62.42548489570618 2332.463339537382 281.5378455147147 4.11275465041399 7.748379796743393 132.7897221297026 5412.228971362114 753.8462666124105 13.50977507978678 5.502147600054741 61.37386222928762 36.92742789536715 26.69026935100555 966.8282554000616 2631.110544301569 854.9221944585443 10.6043236553669 246.5704131275415 11.38503697514534 296.0778493955731 291.2075053080916 8.045484967529774 4241.099926173687 4.871045120060444 220.8710007369518 3254.644818872213 2705.340122394264 428.2475285157561 66.41674369573593 41.27714741230011 941.4780016839504 7.937939777970314 0 14.83144982904196 1.39024855941534 0 0 0 1.111878484487534 0 1.310099512338638 0.07644576579332352 304.7418088391423 0.2967358529567719 1663.836803622544 0.2314473837614059 0.1470809131860733 0.8270226493477821 0.5743756145238876 58.15114442259073 12.86213422566652 0.115395225584507 0.55389254540205 2.062423288822174 0 3.157712675631046 326.6990297585726 140.1550018116832 430.746712833643 0.8585000336170197 0.409424901008606 0.4902836605906487 193.6381055861712 0.0954473689198494 0 32.21262768656015 0.7813700139522552 8.327908806502819 306.7562756240368 24.59496185183525 1.34086661785841 0 0 213.6952763870358 0.146669864654541
8.960590414702892 1.428509682416916 2.670715108513832 1660.0177571401 97.9487034752965 4346.33857062459 41.18608580157161 1733.886618629098 599.6204567626119 3802.079462043941 62.42548489570618 8839.173711903393 12.06402778625488 553.939081415534 1244.970774412155 0.3659539073705673 5.623067729175091 44.50078880041838 26.37205930799246 5340.647976197302 0.7578919976949692 6.380002439022064 5.214999832212925 679.7548042684793 2.011366404592991 34.39287918806076 18.89374076575041 1073.214004285634 415.2291057184339 7.724781572818756 2.120207779109478 77.06212787330151 1.960067436099052 272.0737901255488 2.173125483095646 804.2366936504841 10.19403737783432 736.438869908452 52.05342338234186 1978.693226143718 94.461874358356 4.651976592838764 9.231136575341225 0 0.2610789909958839 0.1395619213581085 190.7603600919247 3.9170161485672 46.21007493138313 49.94439402222633 4.106957525014877 90.69066648930311 102.5317643806338 0 495.5239578559995 0.2000640332698822 0.5698360428214073 18.39138359576464 0.6095095202326775 0 0 0 258.8099007382989 0.1065312847495079 0.9852471873164177 1.522897705435753 275.4277425333858 0 0.5486019402742386 3.487108200788498 124.4641089141369 1.244830623269081 2.592990294098854 0 0.2702946662902832 0 8.822623185813427 0.4145452678203583 117.1370252668858 0 1.496757738292217 0.09807112812995911 205.7072496265173 0.3627860844135284 6.490643501281738 0
0.972875714302063 730.7037690803409 1.092178039252758 0.2408644258975983 2.205023266375065 15.53905339539051 2.100981771945953 26.58142843097448 24.72387460619211 12.67558803409338 2332.463339537382 12.06402778625488 2694.007686644793 27.08836147934198 0.5235141292214394 22.26287189871073 4.072061128914356 64.89291237294674 11.35060680657625 1.992100037634373 4.304093100130558 169.1876152604818 2.409102275967598 51.23622243851423 5603.274540260434 230.3177549019456 5406.353114113212 3.449187748134136 16.53297913074493 1.296067699790001 608.3590802550316 33.54197784513235 0.2306734025478363 677.6440628170967 4.860907100141048 91.87818630039692 2354.30215818435 1579.742554165423 168.3497029989958 21.50318167358637 83.76943735033274 1938.180889852345 15.39719247817993 0 33.56109391897917 1.443721696734428 0 0 0.09010060876607895 0.4468723237514496 0 0.842687577009201 0 524.8473993986845 0 2857.289772607386 0.2500122636556625 0.08157498389482498 0.1958495751023293 0.6023823767900467 108.1312023028731 14.46285955607891 0 0 1.816088072955608 0.5066596195101738 2.092899583280087 1172.317308537662 298.1649072170258 719.0578991174698 0.4948630705475807 0.09451398998498917 0.08672226965427399 366.2376246526837 0.8627806454896927 0 35.72697901725769 0 11.14099289476871 517.9498632028699 30.83514023572206 3.367194958031178 5.409451320767403 0 318.6427540630102 0
4615.404345028102 5.708241000771523 858.0125506743789 53.23862928897142 43.05366762727499 1215.522505529225 6781.848773680627 9393.615222383291 32.32092723995447 1332.206755876541 281.5378455147147 553.939081415534 27.08836147934198 10544.18245963007 29.72459103912115 14.43375696241856 417.6802689135075 154.885722450912 196.8094877749681 148.7452731281519 110.9762956947088 17.14538496732712 1011.255091950297 244.0074064433575 3.229840330779552 322.0116984769702 268.68982783705 502.5874877125025 6175.635999131948 3763.923805072904 6.477289311587811 343.0541346408427 50.11878911405802 1503.557400170714 7.271884068846703 581.8398123979568 43.18808261305094 1164.313141591847 116.9835425540805 398.7429523319006 45.52865540236235 5.961532086133957 4.244228087365627 1.746526807546616 1.151142597198486 7.097836598753929 2.48146403580904 0 0.8765591084957123 20.34894818812609 1.555426195263863 14.04949884861708 0.7557307258248329 0 1.506783582270145 0 0.2130204886198044 0 25.56883364915848 2.48115224391222 0 0.4701317697763443 1.60808239877224 11.75873526185751 2.396650075912476 12.6881777048111 82.61264871060848 0.3879905417561531 4.596514657139778 18.92919018864632 61.78836150467396 7.57660374045372 15.83080659806728 0 0 0.8062484562397003 3.66445941478014 0.4476875513792038 22.11192288249731 2.0600765645504 8.4714535176754 4.110809490084648 3.958944447338581 0.5061072707176208 0 0
0.1067410856485367 8.25610389560461 0.2314434126019478 33.62109733372927 907.9464229941368 1013.567562989891 6.111954852938652 806.2553652748466 1751.059068739414 19.17066732048988 4.11275465041399 1244.970774412155 0.5235141292214394 29.72459103912115 354.6352690607309 0.1276537626981735 0 1.698342502117157 0.591151736676693 39.00259288400412 0 52.37428051233292 0.4832991361618042 790.0164459645748 1.136625692248344 2.559077434241772 3.419083751738071 32.27315947413445 3.334073334932327 0.2111923843622208 0.2934578135609627 208.2202513739467 0 17.0503813251853 0 496.6378869339824 1.453687936067581 19.7153542265296 1.903213270008564 1427.463262960315 114.8403395265341 0.6894580125808716 0.1485628038644791 0 0 0 32.44219636917114 1.333660498261452 9.336027629673481 10.90916082262993 0.7075299993157387 25.0984003841877 16.53624182194471 0 116.3059981912374 0.1042768955230713 0.5727316364645958 5.437723070383072 2.414488799870014 0 0 0 46.80070942640305 0.7080103158950806 0.2144919037818909 0.2459590509533882 55.97495476156473 0 0.1747652441263199 0.2183853164315224 19.40176241844893 0.2326377630233765 0.5142288729548454 0 0 0 6.554858408868313 0 36.62063101679087 1.788296580314636 1.013526856899261 0.9231643229722977 59.36119785904884 0.1546317934989929 2.447891235351562 1.660435557365417
0.8862535357475281 203.1127308085561 24.28285349160433 2.29217690974474 0 6.245247155427933 251.4663918167353 12.22279185801744 86.49300391972065 34.9309276714921 7.748379796743393 0.3659539073705673 22.26287189871073 14.43375696241856 0.1276537626981735 2615.29764188081 18.13768453896046 0.4541148617863655 3.028264537453651 1.053641073405743 1585.827945649624 3751.955300673842 3525.206171065569 2828.222190052271 62.8953506052494 11.30888152122498 5458.123417511582 1253.596707321703 3.269742615520954 136.9937933757901 3.956519976258278 0.09510353207588196 0.6129212230443954 62.36945486813784 20.47961954027414 1705.926058501005 713.1797513216734 680.7812464013696 863.5649510324001 38.90277646481991 1.963927268981934 4.323509387671947 10.85307494550943 2.320990204811096 7.459491960704327 43.34228878468275 0.1414535641670227 0 0 12.67967212945223 1.313909724354744 97.30947883427143 0.2709431946277618 0.2238480374217033 0.09294445067644119 0.1813683807849884 2.048165619373322 0 2699.071519553661 9.063015170395374 0 0.5112766548991203 0.139177069067955 1012.355840221047 1184.996820800006 1625.743140608072 57.06494383513927 0.1247063353657722 2.300896354019642 517.1165100857615 232.9337982088327 12.24731679260731 157.9573736414313 0 0 5.026569418609142 22.63957317173481 9.04158978164196 450.0705750361085 59.43675668537617 119.8950668498874 266.1664389744401 3.533047214150429 0.9429392069578171 0.157020702958107 1.721259519457817
208.8352243453264 399.5534328967333 5780.142899647355 1.082100160419941 0.7495083212852478 11.26554795354605 78.67832549661398 213.2589877620339 2.543448850512505 13.42456829547882 132.7897221297026 5.623067729175091 4.072061128914356 417.6802689135075 0 18.13768453896046 1703.411619760096 53.78152338415384 1798.842905111611 2.130712457001209 173.744434222579 71.86032395809889 1828.66226053983 23.29851917922497 26.51348228007555 2819.806576013565 6382.416213929653 30.53929352015257 473.6310780569911 803.8002608865499 1.711566314101219 18.43356571346521 42.58278880268335 2627.660012550652 5.853236749768257 537.8781360834837 930.4316221028566 3490.166497066617 886.3975315913558 12.74381389468908 1.492547400295734 6.634514942765236 2.949583806097507 0.8443104699254036 304.1398888975382 345.8598127216101 0 0 0 1.784368440508842 0.08605796843767166 1.18568729609251 0 1.166642606258392 0 2.701971478760242 0.231809176504612 0 9.057099588215351 169.4462309852242 3.311418995261192 27.02267425507307 0 8.516978308558464 13.64032124727964 21.5628804564476 4.424379266798496 1.188230112195015 397.0172157213092 715.4124176502228 4.557091027498245 0.7580606341362 3.416954196989536 2.75280350446701 0 0.4133184999227524 4.89851413667202 0.939488559961319 48.5505598038435 12.20021737366915 67.26193364709616 32.97539100795984 0 0 0.7759835720062256 0
5.636059336364269 1.954430446028709 15.40571457892656 1.805618956685066 5.104082755744457 62.30754952132702 11.08208863437176 100.1970541030169 0.831631101667881 34.60923190042377 5412.228971362114 44.50078880041838 64.89291237294674 154.885722450912 1.698342502117157 0.4541148617863655 53.78152338415384 236.9897272065282 982.9328128024936 9.89269220083952 1.896122485399246 1.132404208183289 13.46624308824539 4.879675231873989 7.992892600595951 5202.728127382696 288.0223965644836 7.751659117639065 114.5306809172034 10.31727121025324 74.73562502861023 130.0072130784392 1.771068207919598 1629.653941348195 3.160009637475014 256.041905336082 1659.066474303603 1915.870246753097 538.5353392660618 49.41804995387793 13.10853572934866 65.88982893526554 2.509811490774155 0 1.394476130604744 0.4774909093976021 0 0 0 0.5374250560998917 0 0.2580294907093048 0 25.90144939720631 0.08723728358745575 175.8537721708417 0 0 0.7097936496138573 0.3160734474658966 14.31725403666496 4.295052781701088 0 0 0.1768919676542282 0.2598065137863159 2.742997594177723 27.00842908769846 40.83329924196005 66.32825054973364 1.727525949478149 0 0.6001071110367775 42.0973158031702 0 0 0.1646374315023422 2.079941786825657 6.260021425783634 26.95454621315002 0.8908249735832214 0.8126428574323654 0 0.3790521919727325 0 0
40.26057301461697 156.6142848953605 215.6211895793676 1.146386377513409 1.197357065975666 34.83509998768568 15.06944294273853 76.6493326202035 1.443855442106724 26.7018204331398 753.8462666124105 26.37205930799246 11.35060680657625 196.8094877749681 0.591151736676693 3.028264537453651 1798.842905111611 982.9328128024936 4607.636891983449 8.136731371283531 30.2117907628417 7.904491826891899 286.3160198479891 7.651384279131889 65.1622134745121 5784.371681571007 2406.839696660638 8.330118834972382 208.9915150478482 137.8791612163186 14.65458898991346 86.7799526154995 12.11930471658707 3404.039789147675 8.476674020290375 694.3746489062905 761.1873006671667 3739.386655427516 1008.132465407252 29.91408900916576 3.556381121277809 7.572773829102516 4.784506298601627 0.495995506644249 170.8032344207168 27.05474404990673 0 0 0.1164985001087189 1.190039992332458 0.1306944638490677 0.8512951880693436 0 1.682653218507767 0 23.6907967031002 0 0 1.803055793046951 8.879034779965878 22.55861283838749 63.49288795143366 0 1.794526614248753 2.805551826953888 3.348864123225212 3.259350903332233 9.694343239068985 543.8729936331511 907.6776991486549 1.924125418066978 0.471203401684761 0.6707482635974884 25.11321423947811 0 0 0.6258072555065155 0.292944997549057 9.951005704700947 6.897938907146454 9.838516891002655 2.33490976691246 0 0 0.3387719392776489 0
11.70406974107027 0.544552743434906 3.504899278283119 4313.858505748212 3.565094031393528 293.0498328059912 52.26832585781813 250.7816722169518 578.9142485558987 8699.488022603095 13.50977507978678 5340.647976197302 1.992100037634373 148.7452731281519 39.00259288400412 1.053641073405743 2.130712457001209 9.89269220083952 8.136731371283531 673.3086764961481 1.066472060978413 1.149408295750618 2.942604579031467 1032.976108059287 0.2218308597803116 9.985059283673763 5.623329274356365 3292.304569095373 213.7741875499487 4.983792446553707 0.5130721479654312 22.74611221253872 5.276026427745819 87.12628804147243 8.149050675332546 463.8710579127073 10.66899074614048 370.7864188700914 66.04728294909 193.4505806937814 58.27399264276028 7.401587687432766 8.224715918302536 2.351563930511475 0.0887758880853653 0.627405658364296 223.364873893559 0.6700180098414421 28.40929069370031 152.8032473102212 3.513913698494434 92.87817837297916 117.3885628134012 0 218.8327341675758 0 4.655042976140976 5.175179570913315 2.805113017559052 0 0.19335076212883 0.6060095876455307 261.7187532931566 3.785252213478088 0.4490424543619156 0.7091235220432281 539.415390200913 0 0 1.830411933362484 294.1975135579705 4.397473454475403 0.6734215915203094 0 0.321484312415123 0.3472579196095467 4.778711229562759 0 54.39916115254164 1.466789916157722 10.64744313061237 4.009036377072334 83.48588673770428 1.220175504684448 1.326151847839355 3.244784742593765
70.70843912661076 40.32906614989042 536.7047319859266 0.9584444686770439 0.5769713446497917 2.021707892417908 235.1850520446897 42.00204884260893 53.65359897166491 9.638608522713184 5.502147600054741 0.7578919976949692 4.304093100130558 110.9762956947088 0 1585.827945649624 173.744434222579 1.896122485399246 30.2117907628417 1.066472060978413 11018.17779367417 417.7173959612846 14716.97361134738 613.1896118968725 12.71387795358896 41.29842103272676 2050.735129572451 4645.976281404495 276.2638488709927 9813.478022657335 0.6595157906413078 2.017584793269634 56.70693121850491 3796.912162698805 81.80822008103132 7024.200926311314 1850.364756904542 6910.252175860107 4516.631666444242 175.7104908525944 16.15656507015228 9.300287507474422 32.55837348103523 2.443574495613575 0.864208772778511 11.73588988184929 0.2209739089012146 0 0.2807249948382378 8.67962884157896 0.9277816340327263 49.57174695283175 0.1932345181703568 0 0 0.4870971739292145 2.120728276669979 0 1155.850421234965 6.13783785700798 0.1308349967002869 0.3955559581518173 0 1005.913750305772 222.7290617153049 374.9208892509341 38.16339556872845 0 1.992846116423607 81.97910849750042 226.8020319789648 7.383408308029175 173.4128025770187 0 0 3.056052640080452 7.56775488704443 8.203139595687389 193.3664886057377 24.45189250260592 32.07658276706934 57.74129129946232 0.7043868601322174 0.6710856258869171 0 0.7300100922584534
3.042294599115849 3826.334442645311 230.7152136862278 2.859750255942345 3.620677381753922 5.509542688727379 123.5323447287083 17.21043030172586 3005.024984300137 22.96518842875957 61.37386222928762 6.380002439022064 169.1876152604818 17.14538496732712 52.37428051233292 3751.955300673842 71.86032395809889 1.132404208183289 7.904491826891899 1.149408295750618 417.7173959612846 1850.933164611459 695.3132767900825 7954.058820597827 667.7271963730454 55.94932351261377 5873.924197427928 201.2863814160228 20.15988383442163 82.85828509181738 28.56379300355911 0.6186005622148514 2.950431600213051 65.27077203989029 2.148274391889572 206.0961726307869 80.27155870199203 187.7071202546358 126.8184579759836 47.62140740454197 6.244436509907246 21.49801145493984 4.570394903421402 0.2445589154958725 20.34828162193298 204.1140132173896 0.1414625942707062 0 0 5.571849644184113 0.3595101684331894 23.51802530139685 0.1164097264409065 1.185335770249367 0 3.247079133987427 0.7903973311185837 0 1147.755916543305 18.39440988749266 0.3703316748142242 0.1172049641609192 0 179.2551705613732 294.5422092080116 662.7112139984965 39.24016559123993 2.023114755749702 4.508606761693954 754.2994421198964 38.25423677265644 3.294575124979019 19.68928079307079 0.7788098305463791 0 0.6256692856550217 13.28069350868464 5.415024131536484 191.9817199930549 47.21958607435226 62.34201685339212 107.1037804409862 5.171670913696289 0.3752933144569397 0.6517082452774048 0.3862257599830627
550.9516220465302 68.66062997281551 9803.995698705316 3.297144807875156 0.1685099750757217 23.8822555243969 1494.070001862943 468.9497252479196 7.776703931391239 53.91990153491497 36.92742789536715 5.214999832212925 2.409102275967598 1011.255091950297 0.4832991361618042 3525.206171065569 1828.66226053983 13.46624308824539 286.3160198479891 2.942604579031467 14716.97361134738 695.3132767900825 13727.92152988911 357.9090352207422 7.80794071406126 1270.446657083929 13980.51874207705 2538.756788283587 639.8677876293659 6754.613244846463 0.4221950322389603 4.417946815490723 47.85004107654095 4119.262495130301 100.0290515050292 7401.23879596591 5253.232054784894 10812.38385489583 8037.674774505198 325.2285196259618 23.44540034234524 29.63878040015697 69.99932560324669 1.720118381083012 54.49896923452616 526.4500307068229 0 0 0.8056494668126106 11.98757138103247 1.605208374559879 9.712328054010868 0.3196276277303696 0.525774359703064 0.1964925080537796 0.57049959897995 3.271686598658562 0.2331463843584061 1628.441081218421 68.25936184078455 0.6741252839565277 1.805416323244572 0.09076431393623352 399.6785333678126 954.4160047024488 2174.046934977174 26.2635660842061 1.099970184266567 24.4129688963294 1416.054325260222 51.93489684909582 1.610716708004475 43.27088927477598 1.395144961774349 0 0.2791259959340096 45.15298191457987 15.73673880845308 591.6980097144842 103.8086545616388 315.2675134688616 422.5807870179415 9.450982600450516 2.108464658260345 2.882963597774506 2.415905922651291
74.96455928683281 884.1638895496726 25.60875194519758 2511.458481542766 37.36321994662285 129.322498306632 1718.051786653697 240.5969773828983 9882.344208940864 1232.675571016967 26.69026935100555 679.7548042684793 51.23622243851423 244.0074064433575 790.0164459645748 2828.222190052271 23.29851917922497 4.879675231873989 7.651384279131889 1032.976108059287 613.1896118968725 7954.058820597827 357.9090352207422 13931.6640586257 169.9119991734624 25.72498160600662 3180.452859058976 5190.160941667855 732.4949621632695 330.2573050111532 9.111544162034988 20.94570413976908 175.0290702134371 266.5688448399305 57.70668812096119 2470.848715029657 132.351381406188 928.6715636998415 535.0546709746122 658.1102414354682 109.9149791449308 16.89670278131962 21.82270428538322 26.34654338657856 14.65594659745693 56.28725294023752 475.4059238359332 2.268167778849602 82.22164512425661 1064.788521714509 49.60992638021708 1229.660873569548 255.993383012712 2.560406737029552 255.6327540278435 1.287079088389874 63.43789300322533 8.651575185358524 1015.263213269413 9.71379317343235 1.399648137390614 2.856778241693974 549.4228740409017 422.2538197115064 120.111671961844 182.0190922021866 4502.011603742838 2.213192127645016 7.631240874528885 165.4032932072878 2457.670498140156 167.3061074987054 483.08921264112 0.09777363389730453 9.257883690297604 30.20000518858433 104.2967037707567 7.425986863672733 520.3904960304499 11.35569482296705 237.2098067328334 87.64977086335421 157.6614836826921 18.39081719517708 14.20915780216455 4.534892857074738
0.1019781902432442 2005.900376915932 2.162566833198071 0 0.4737645909190178 4.332187719643116 1.394267544150352 4.195910185575485 91.6090636625886 1.830583415925503 966.8282554000616 2.011366404592991 5603.274540260434 3.229840330779552 1.136625692248344 62.8953506052494 26.51348228007555 7.992892600595951 65.1622134745121 0.2218308597803116 12.71387795358896 667.7271963730454 7.80794071406126 169.9119991734624 841.7221925184131 309.754607886076 2940.406953297555 7.593621380627155 3.190795563161373 2.147630907595158 413.8813230022788 4.297857634723186 0 214.2200230062008 0.9271016195416451 51.50361459702253 595.1526933088899 1189.984611406922 98.57420275360346 6.083772175014019 19.4105352461338 1299.564823158085 11.83056035637856 0.131693497300148 19.11200002580881 0.3498782366514206 0 0 0 0 0 0.3201033398509026 0 107.595213226974 0.09327077120542526 991.0405536070466 0.1312697678804398 0.1074942201375961 1.633388742804527 0.4883171021938324 11.21846342086792 3.080070294439793 0 0.4824785888195038 1.403457008302212 0.4932754710316658 1.422519989311695 88.00545661151409 112.8574258461595 901.0521527156234 1.180230997502804 0 0.09796052426099777 86.84218661487103 0.09029413759708405 0 39.97169804573059 1.112646222114563 2.146959885954857 35.01493044942617 20.21830269694328 1.363098829984665 0 0 62.36263713240623 2.864143133163452
91.49981772899628 681.0767639130354 9811.483870722353 2.365579500794411 3.371218912303448 46.97457545995712 220.0962416678667 189.1134280785918 10.11307059973478 42.4849514067173 2631.110544301569 34.39287918806076 230.3177549019456 322.0116984769702 2.559077434241772 11.30888152122498 2819.806576013565 5202.728127382696 5784.371681571007 9.985059283673763 41.29842103272676 55.94932351261377 1270.446657083929 25.72498160600662 309.754607886076 28637.88200939447 13344.24406897277 34.3100101351738 257.8159705884755 294.1532249376178 380.592012770474 82.24502624571323 17.0313123986125 1375.557578325272 20.55285782366991 1655.01456785202 4423.926268056035 3445.684325531125 1486.43931555748 46.81989815086126 9.266753956675529 90.00446544587612 8.409627310931683 0.4713169187307358 931.19223883003 434.3776530921459 0.09579478949308395 0 0.1859041154384613 2.762300096452236 0.2325533926486969 3.202625915408134 0.1745774447917938 82.26718125492334 0.0764111801981926 647.1555350422859 1.982307828962803 0.2143512368202209 8.090402692556381 224.8301615342498 205.0050085484982 344.7813843265176 0 2.758285969495773 15.01890211552382 10.99757264554501 14.71930669993162 171.5344729200006 2651.345079250634 5000.778846740723 4.999767951667309 0.8517493829131126 1.350164696574211 364.9617046266794 0.5423941612243652 0 17.15610761195421 0.34019935131073 64.36726579070091 83.09609920531511 109.8833299949765 49.65353198349476 0.6297948881983757 0.6986817419528961 0.5879193171858788 0
78.23329836130142 10123.23852666467 10849.24393679202 6.694989569485188 0.6984630823135376 37.83361528068781 1091.907599382102 137.7887673377991 164.97012475878 112.4089613556862 854.9221944585443 18.89374076575041 5406.353114113212 268.68982783705 3.419083751738071 5458.123417511582 6382.416213929653 288.0223965644836 2406.839696660638 5.623329274356365 2050.735129572451 5873.924197427928 13980.51874207705 3180.452859058976 2940.406953297555 13344.24406897277 32257.917901434 2698.466649882495 210.1657571047544 270.7661688923836 1333.575865834951 42.56305443495512 15.03658241033554 2290.894835889339 69.78121032565832 6164.356623500586 5551.180913463235 8532.219667553902 5289.905661486089 149.9622812047601 24.90419918298721 51.83391810953617 37.00380857288837 9.775833867490292 3579.634500540793 3281.417628988624 0.5871234834194183 0 1.732030898332596 33.49991595000029 5.059048071503639 16.37636019289494 0.7778076604008675 33.20847922563553 0.2022625654935837 355.3252059295774 12.76034208387136 0.4828303828835487 557.1437529921532 1058.215259149671 101.9992628321052 253.0028927698731 0.5402910560369492 86.10990826040506 1555.189591422677 2476.045881986618 57.51687823981047 275.2191069573164 2700.722661927342 9732.088039591908 52.63181814551353 9.627848692238331 57.89726597070694 246.6237105876207 0.6824437379837036 1.314189620316029 131.2600122466683 15.62655397504568 859.2903163805604 297.5551072731614 821.0593772232533 605.9161315783858 6.767804816365242 2.839270867407322 1.263849809765816 3.014855071902275
130.5918435677886 28.63119236379862 359.7624549642205 3881.599074959755 5.357568502426147 101.2438552975655 18725.20371831954 435.2546558529139 903.3467256501317 4545.252603530884 10.6043236553669 1073.214004285634 3.449187748134136 502.5874877125025 32.27315947413445 1253.596707321703 30.53929352015257 7.751659117639065 8.330118834972382 3292.304569095373 4645.976281404495 201.2863814160228 2538.756788283587 5190.160941667855 7.593621380627155 34.3100101351738 2698.466649882495 16926.25279867649 1201.156961195171 10534.81154312193 1.314006090164185 32.91889768093824 396.7664418891072 846.4248825609684 104.0990551561117 5508.704922005534 326.239156909287 2343.763488315046 1401.172494314611 463.2530291974545 150.7800406888127 11.78372868895531 27.59676390886307 19.96684760600328 4.404642499983311 50.50486575067043 203.9762123152614 2.185983769595623 36.34448780864477 644.9586083590984 33.26905459910631 371.6747820973396 130.0127010047436 2.050885491073132 110.4733293130994 1.700928993523121 35.43399654328823 2.175682134926319 671.4386768564582 8.364903345704079 1.082515671849251 1.739203222095966 268.3974233493209 537.372765570879 47.89177346229553 147.3067062646151 2078.197945043445 0.1020542681217194 2.233624838292599 104.9284880310297 1558.689103677869 149.1057851836085 483.2036230564117 0.1254541724920273 4.621739402413368 31.37800630182028 63.47738417983055 11.55527866631746 374.5801561251283 13.60410568863153 131.7159988805652 70.44463764876127 86.58707112818956 12.58335100859404 6.038440883159637 0.3360126614570618
