1721.071008220315 0.1358447074890137 39.95718222111464 3.974590353667736 1.102264702320099 36.50968204438686 2775.031908348203 1211.043642438948 5.823297165334225 157.7740331217647 11.89273706078529 4.668304428458214 1.653996296226978 5822.504775337875 0.4106069207191467 1.19996565580368 86.15217121690512 3.695445008575916 10.7238992229104 12.3064541220665 66.9981763958931 0.2690479755401611 178.1871028766036 16.14136268943548 0 30.42687410861254 27.91099846363068 38.07419622689486 4548.418795548379 3313.196988105774 0.1810437813401222 11.00845152139664 90.55135604739189 275.2182695269585 3.425694033503532 113.773944362998 3.703526251018047 331.8583578765392 55.4640508890152 13.53211981803179 9.428646482527256 0.1706737130880356 1.291946567595005 0 0 0 0 0 0 0.8861470222473145 0 0.5106296092271805 0 0 0 0 0 0 0.4790753275156021 0 0 0 0 0 0 0.1736037731170654 3.810810104012489 0 0 0.2424776256084442 4.142724320292473 0 0 0 0 0 0 0 0.7345833629369736 0 0 0 0 0 0 0
0.1358447074890137 883.7614892944694 130.5216942876577 0.5213458240032196 0.2352415770292282 0 12.05136597901583 0.3499676734209061 329.7066237404943 0.9439498409628868 146.7593934312463 1.170237801969051 1631.595134571195 1.095361322164536 1.268978662788868 105.9575765356421 59.42471238225698 4.071173995733261 8.442278869450092 0 3.886630646884441 2831.750834651291 15.64801998436451 668.2425050139427 2953.381458327174 621.5638877376914 13702.57327162474 50.75595089793205 1.564653471112251 3.348565444350243 118.6874432489276 0.1878302097320557 0.1203273013234138 17.93632093071938 0.4822170808911324 60.42524635046721 248.0477729216218 89.08028961718082 20.45276644825935 11.26005879789591 1.044326722621918 647.5550494715571 0.2335508167743683 0 140.5908544063568 273.0395709052682 0 0 0 1.759981244802475 0.1058409735560417 2.733999349176884 0 5.005962863564491 0 15.97520277649164 1.165692836046219 0.176636815071106 11.82127191871405 9.242597788572311 1.687211707234383 18.3426378890872 0.3119324147701263 2.309716060757637 78.37767794728279 83.24709469079971 9.033983990550041 27.66724665462971 93.26617481559515 1230.606684289873 3.193867243826389 0.2188834920525551 0.6681458130478859 4.189484380185604 0 0.2781274020671844 6.330735616385937 1.298158019781113 12.06152661144733 15.86113792657852 23.30362505465746 6.086832709610462 0.1476611346006393 0 1.543244212865829 0
39.95718222111464 130.5216942876577 5798.776198521256 4.580763846635818 0.1555199176073074 11.66381359100342 1343.210372969508 61.46531661599874 5.864807188510895 54.55058372020721 19.31757441163063 0.8787581399083138 17.75798505544662 138.0959815904498 0.2953613474965096 74.91849023848772 2239.056715577841 15.20263068377972 80.90018308162689 3.874179966747761 1388.007521592081 69.21810653060675 14797.15199023485 219.5505262985826 2.752111658453941 7505.049098804593 5250.935463368893 1399.032773606479 70.17758987098932 1409.50518783927 1.745126515626907 1.619111336767673 17.75391306728125 1146.702747479081 46.01287159323692 2224.004414439201 2105.946817219257 1949.375400461257 1094.267782747746 76.6081687361002 5.852894604206085 12.78558041155338 13.62594239413738 0.1539332568645477 102.4711596816778 381.9994737431407 0 0 0 4.332496829330921 0.6738079041242599 2.076674722135067 0.6042430847883224 0.3936560153961182 0 1.042206779122353 3.54545571655035 0 37.57034162431955 20.95619754493237 1.232114069163799 7.209518939256668 0 3.705963656306267 35.45861883461475 216.9779513925314 12.94863930344582 1.36164602637291 31.85310511291027 1017.19067966938 7.1600381731987 0.3939703702926636 0.4617037773132324 0.1871215403079987 0 0 8.304094798862934 11.19769106805325 31.52416064590216 6.165741786360741 36.50782269239426 15.72736850380898 1.198619961738586 0.5580223798751831 0 0.42572021484375
3.974590353667736 0.5213458240032196 4.580763846635818 3587.149861320853 3.992577478289604 119.9895661696792 509.4211041554809 72.57338326051831 332.0388709902763 3492.137072227895 5.114470854401588 1181.432818174362 2.057792507112026 54.93236982822418 82.12102929502726 0.2441345751285553 3.418307974934578 1.925349220633507 2.956815924495459 4167.964930512011 0.7798559367656708 1.628682941198349 3.736816041171551 1906.580361016095 2.042336225509644 7.221772570163012 4.038034476339817 4553.610203206539 64.80639613419771 20.16698744893074 0 4.60746818035841 3.971761859953403 49.16662338376045 1.452937640249729 487.7023917064071 2.512526668608189 158.2946120500565 38.80815420299768 274.6621803790331 21.12337321788073 0.5331946611404419 1.486058264970779 0 0 0 50.77901274710894 0 2.034735091030598 17.83207149803638 0.4735943600535393 22.35359165072441 8.227974064648151 0 17.9634598121047 0 0.269709050655365 4.37883123010397 4.359931141138077 0 0 0 19.84137651324272 1.299738168716431 0.5077413469552994 0.2479999512434006 123.0010946393013 0 0 0.1685665398836136 56.22626275569201 0.09601613134145737 2.008876442909241 0 0 0 0 0.9633011817932129 32.68961801379919 0 0.466386616230011 0.3546431362628937 34.71521830558777 0 0 0
1.102264702320099 0.2352415770292282 0.1555199176073074 3.992577478289604 226.410169698298 846.9835729822516 10.97151140123606 83.94020184129477 30.26069703698158 25.81819675862789 47.71115562319756 164.1764603406191 15.65790449827909 8.575233019888401 1597.609812766314 0.1489223539829254 1.710938505828381 8.479973860085011 10.1183485686779 19.41125939041376 0.1458506286144257 0.9159917384386063 0.8653242513537407 13.0759744271636 0 19.96682208776474 4.90707103908062 4.538455635309219 74.84554336220026 1.743029966950417 0.9974943697452545 174.5792747139931 0.1601271480321884 349.1377297639847 14.43310299515724 186.3884027823806 0.7407437711954117 273.3888466432691 24.80332037061453 2276.210078887641 343.1214092671871 4.425950288772583 4.999394029378891 0 0 0 0 0 0 0 0 0.560022383928299 0 0 0 0 0 0 0 0 0 0 0 0 0 0 1.902448557317257 0 0.5724927186965942 0 1.063565373420715 0 0 0 0 0 0 5.961286574602127 1.806445464491844 0 1.035579204559326 4.545475006103516 0 0 0 0
36.50968204438686 0 11.66381359100342 119.9895661696792 846.9835729822516 8702.202645607293 1105.530025757849 8952.970540940762 71.7173692882061 4015.841857392341 196.8809315785766 4684.484541568905 60.60641567409039 709.3274628147483 2465.507044009864 0.3267846927046776 15.39403802901506 39.36027653887868 41.93152552098036 544.4916271604598 3.569857396185398 1.350555144250393 17.99909400567412 141.1016434058547 0.7387078329920769 90.90755566582084 27.22341699525714 321.4928710609674 480.797202244401 71.50464764982462 2.384051814675331 554.4843519888818 10.71364773064852 558.3269623033702 6.572043500840664 759.8742089904845 13.52883750572801 830.0287569388747 88.58140104264021 3050.595339410007 304.2646274864674 15.58436251431704 8.004567556083202 0 0 0.1032462194561958 1.481174543499947 0.09154602140188217 1.079444222152233 8.542404890060425 0 6.42265535145998 2.528168551623821 0.1769000515341759 2.956983715295792 0 0 0.6881091892719269 1.235888697206974 0 0 0 4.166520707309246 0.413164421916008 1.427069693803787 0.2299383878707886 34.68174505233765 0 0.1085939407348633 0.4036658927798271 22.7944905012846 0.1069393530488014 1.204964876174927 0 0 0 0.1360532939434052 2.262243434786797 11.65689978003502 0.3624976500868797 1.123595260083675 0.3259176909923553 5.829992957413197 0.1596667319536209 0.1362248361110687 0
2775.031908348203 12.05136597901583 1343.210372969508 509.4211041554809 10.97151140123606 1105.530025757849 27034.56021285057 2015.140502136201 1101.449802689254 13184.28991562128 44.17190941050649 285.0228464342654 13.72041859477758 5883.508077457547 49.14312072098255 30.77228064090014 359.6515387073159 15.79345471411943 38.29400714859366 379.4806823842227 340.5834893062711 121.8566598892212 994.1202469021082 3855.555974919349 2.122364826500416 621.8311943300068 256.8605638220906 18816.20272276178 2805.612570356578 12023.39653423429 2.087326906621456 38.38917922601104 541.3579076454043 792.9581586830318 109.3673329278827 4885.020229429007 101.4356409162283 2024.919864796102 768.362763017416 823.3713970705867 152.6313376389444 2.616402320563793 46.24882544577122 1.754217505455017 1.671934075653553 1.112733423709869 16.41185443103313 0.4349604099988937 5.127887830138206 221.6941843628883 4.22393860667944 277.8486199826002 41.88085111230612 0 13.09932818263769 0.1109279468655586 3.554838016629219 12.40041130781174 58.42274519056082 0.1108729317784309 0 0.09294387698173523 36.40373630821705 21.35065768659115 8.658006437122822 18.20314515382051 1377.619927547872 0.2138746231794357 0.3423533290624619 22.81317923218012 616.1250748634338 5.000860296189785 45.14905348420143 0 0.2658244967460632 0.3109587579965591 3.550411991775036 12.74947521090508 169.6053044945002 2.300971418619156 14.91791500151157 5.750675737857819 100.6597704812884 0.8333399295806885 0 0
1211.043642438948 0.3499676734209061 61.46531661599874 72.57338326051831 83.94020184129477 8952.970540940762 2015.140502136201 12873.53166712821 62.57567273080349 3204.231839373708 276.2028935365379 504.4006509631872 51.32334417104721 10624.64597184211 582.3830884918571 1.091116346418858 134.9100614711642 74.53295426815748 94.09306600689888 331.9253237582743 56.56965234875679 3.195615872740746 189.6326759383082 182.1581105813384 0.4727105423808098 177.1937867812812 71.25684813410044 231.5053520835936 1989.061268106103 841.2777733504772 4.740423619747162 1214.034856274724 58.20003026723862 755.8533163033426 7.035043023526669 694.4593808576465 17.49862768501043 924.3540255874395 113.9893456473947 1614.082078203559 360.4574472308159 9.449405714869499 6.073031045496464 0.1044908091425896 0 0.1445768177509308 0.8655282557010651 0 0 6.592071563005447 0.1033098772168159 13.13916935026646 3.183991983532906 0 0.5239188224077225 0.1460289731621742 0 0.1276352852582932 0.736010953783989 0 0 0 1.180317439138889 0 0.1069690808653831 0 39.2803124114871 0 0.08644504845142365 0.5665205642580986 21.10742142796516 0 0.6755264475941658 0.08153704553842545 0 0.3314249217510223 0.5761976093053818 1.327859990298748 14.57486452162266 0.1455367803573608 0.6923934370279312 0.5481580421328545 8.431872949004173 0 0 0
5.823297165334225 329.7066237404943 5.864807188510895 332.0388709902763 30.26069703698158 71.7173692882061 1101.449802689254 62.57567273080349 2915.766916111112 212.9407415539026 6.827145636081696 400.4166619703174 32.05292429775 56.38736047595739 484.3258750587702 471.8666635677218 3.072878293693066 1.469112776219845 2.560152247548103 316.3101599141955 279.8250885978341 4196.639053873718 65.27943477034569 14286.64644643664 55.19711051881313 58.53888897970319 393.4251518324018 2212.446692734957 59.62469028681517 178.6078962609172 6.582465589046478 4.225959666073322 13.91816699504852 32.45129507035017 4.345122039318085 241.9066020324826 4.62864476442337 91.59057851880789 20.8320153132081 489.8087786138058 7.545575499534607 10.42178472131491 1.723271667957306 0.9161923974752426 3.319162756204605 1.663936786353588 18.87758436053991 0.7945069223642349 4.307036533951759 185.6926156133413 4.734358124434948 241.1678854376078 42.78128854930401 0 11.10186618566513 0.72866190969944 5.081268154084682 12.31639011204243 993.1379188671708 0.1922660991549492 0.1117500364780426 0.200390912592411 45.36643099784851 99.409124314785 63.805574901402 222.1185205355287 1976.777377106249 1.142729371786118 1.416457735002041 75.56210427731276 735.6076089218259 8.239367567002773 74.62056669592857 0 0.1055711284279823 0.3173460066318512 3.128868542611599 0.4639911204576492 93.79536899924278 4.985954381525517 18.00134146213531 7.211178310215473 77.7762168571353 1.069571547210217 0 0
157.7740331217647 0.9439498409628868 54.55058372020721 3492.137072227895 25.81819675862789 4015.841857392341 13184.28991562128 3204.231839373708 212.9407415539026 20867.38415110856 60.30293995887041 5076.518876377493 9.500612437725067 2477.843983627856 150.9876318126917 2.553290940821171 42.15623785182834 20.89873161539435 31.65240376442671 4984.774483758956 22.7719766497612 8.951825965195894 57.25203536450863 727.5467046201229 0.5712534114718437 85.91663894057274 39.80610642209649 6501.379423826933 911.1147791370749 337.9387271180749 1.544761225581169 54.99792438000441 53.79882176965475 454.0323155969381 19.06985505670309 1614.603386431932 21.95314019918442 1211.330270782113 284.1526665017009 426.65802924335 108.8083390519023 3.887130126357079 25.55827692896128 0 0 0 14.4580125361681 0.1415353864431381 0.7164345309138298 23.4710087031126 0.9834580719470978 30.73149135708809 9.887777470052242 0 24.73765932768583 0 0.209933765232563 4.381723903119564 5.718440182507038 0 0 0 8.63029795140028 2.677073121070862 1.102077357470989 1.677946537733078 168.1573611497879 0 0.1071919202804565 1.723679833114147 76.80551303178072 0.2972257435321808 4.6637864112854 0 0 0 0 2.918314456939697 49.89022431522608 0.1424463242292404 1.895826667547226 1.064562693238258 29.23987708985806 0.2075908482074738 0 0
11.89273706078529 146.7593934312463 19.31757441163063 5.114470854401588 47.71115562319756 196.8809315785766 44.17190941050649 276.2028935365379 6.827145636081696 60.30293995887041 8246.166796311736 47.59253940731287 3699.143396161497 189.9388289116323 2.785583354532719 5.087470002472401 494.0911580584943 3384.184630937874 2518.634082727134 31.32705322653055 7.124253667891026 25.95656365901232 45.61843369156122 21.32683258503675 722.9447145313025 4421.815378755331 881.3883957415819 15.81464328989387 245.3143120668828 17.99597172439098 807.2277161106467 215.6683995649219 0.9056522212922573 6122.778189107776 14.19955287873745 1011.063359364867 5581.169095136225 6155.335821904242 771.1675532907248 141.3313881531358 132.406887345016 832.9435539022088 10.5342974588275 0 9.182528421282768 0.1507257223129272 0 0.4589298367500305 0.1193114966154099 0.4265363812446594 0.1541207581758499 0.219743438065052 0.08489401638507843 285.2496396973729 0 886.7875516191125 0.1760968714952469 0 0 0.09184897691011429 1.469718508422375 0.9276974648237228 0.1854209005832672 0 1.141565099358559 1.434883832931519 2.348701864480972 68.16933225095272 68.4584192186594 213.2517698705196 1.457462020218372 0.1915295794606209 0 112.7565347924829 0.1566261500120163 0 38.20536030083895 1.482021570205688 62.49331628531218 232.2200592905283 18.25356003642082 4.780149340629578 0.872138723731041 0.4730295240879059 224.3475647643209 0
4.668304428458214 1.170237801969051 0.8787581399083138 1181.432818174362 164.1764603406191 4684.484541568905 285.0228464342654 504.4006509631872 400.4166619703174 5076.518876377493 47.59253940731287 6133.600926309824 8.404644533991814 330.6945673972368 2104.516157954931 0.07325878739356995 3.265581227838993 13.83633946627378 17.9012629725039 5390.948652513325 0.3358494266867638 13.04629473388195 1.37634713947773 1091.746955148876 0.1006311997771263 34.15082218497992 11.29514664411545 699.9576481617987 230.2600823305547 10.81174008175731 1.18991044908762 42.03005488216877 1.239389680325985 137.5410643070936 3.419156432151794 1033.011203251779 4.406970426440239 392.198357809335 35.73458253592253 1869.67596103996 40.43804290145636 1.889368131756783 1.517168924212456 0 0 0.2004005759954453 38.27804464101791 0 3.405677609145641 20.48200958967209 1.745709143579006 20.158227622509 82.3760487139225 0 118.9155812263489 0 0.495380699634552 4.651483200490475 11.64238947629929 0 0 0 13.77887155115604 1.43482717871666 0.897394523024559 1.166955322027206 96.63277573883533 0 0.07794347405433655 0 54.53929171711206 0.2719831168651581 3.896237805485725 0 0.08647879213094711 0 1.84292596578598 0 54.78996130824089 0.3338219523429871 2.408835381269455 0.08783918619155884 40.70853754132986 0.2160585522651672 0 0
1.653996296226978 1631.595134571195 17.75798505544662 2.057792507112026 15.65790449827909 60.60641567409039 13.72041859477758 51.32334417104721 32.05292429775 9.500612437725067 3699.143396161497 8.404644533991814 4858.795661397278 14.87108344584703 12.9411333873868 32.13735738396645 11.75483448803425 59.93452328443527 22.20151248574257 6.300791759043932 21.86525017768145 188.0139066502452 34.99873542785645 64.094337426126 7635.843739792705 548.4648306369781 3048.456873096526 23.10361412912607 17.985979616642 13.65321941673756 909.755847916007 23.4774252101779 0 324.6954741030931 199.9470901489258 2311.19320487231 7642.051454380155 3199.711753480136 619.9497591778636 168.0434256494045 142.405184879899 801.2028392851353 41.79689410328865 0 74.54407036304474 1.845058463513851 0 3.404163509607315 1.725644670426846 0.4876568466424942 2.576507769525051 0.2209859192371368 0.226413905620575 800.0482980981469 0 2457.948200441897 0.4913850799202919 1.667851142585278 10.32685802876949 0.1006489396095276 11.05795901268721 7.009914793074131 0 2.975556835532188 2.653636023402214 1.54183591157198 1.349527478218079 282.8849373087287 337.5692347064614 963.5251291841269 1.258054248988628 1.02928863465786 0.1097118258476257 364.243634365499 1.715624675154686 0 139.5365164205432 91.93217861652374 336.3804377689958 611.1335604339838 159.401862859726 62.11696961522102 17.76332126557827 27.42871662974358 560.7966341674328 1.283258549869061
5822.504775337875 1.095361322164536 138.0959815904498 54.93236982822418 8.575233019888401 709.3274628147483 5883.508077457547 10624.64597184211 56.38736047595739 2477.843983627856 189.9388289116323 330.6945673972368 14.87108344584703 14238.25203488022 6.237692102789879 0.6553471982479095 288.9091953933239 63.84844036400318 103.7002559453249 335.6134461797774 138.0651149526238 3.220255792140961 448.4074099734426 141.9151138365269 0.08463677018880844 201.7013237439096 121.1280586197972 254.4485850632191 10204.5945750773 2892.894896224141 4.111865252256393 471.9837529882789 157.5043571144342 967.019714564085 13.64211322367191 676.2132691219449 12.44508902728558 944.4913996681571 138.3287570029497 304.8570671081543 51.3724966570735 4.509331151843071 8.742633402347565 0 0.09294565767049789 0.199878141283989 0.1643479317426682 0 0.2224643230438232 7.864640638232231 1.218022935092449 7.729575552046299 2.965901628136635 0.0661059245467186 0.5827718675136566 0.2562608644366264 0.1395600587129593 0.574703112244606 1.833706393837929 0 0 0 0.8303959965705872 0.1351198703050613 0.253851979970932 0.619306668639183 39.52672360092402 0 0 0.9036831632256508 25.83556105941534 0.1967720836400986 0.299087792634964 0 0.332535594701767 0 0.3040040954947472 1.350652679800987 14.88430495560169 0 0.6105753555893898 0.5655374079942703 4.773320935666561 0 0 0
0.4106069207191467 1.268978662788868 0.2953613474965096 82.12102929502726 1597.609812766314 2465.507044009864 49.14312072098255 582.3830884918571 484.3258750587702 150.9876318126917 2.785583354532719 2104.516157954931 12.9411333873868 6.237692102789879 207.8372590094805 0 0.1128431409597397 0.2695680186152458 0.4297048225998878 250.4889905452728 0.4205380976200104 17.11260811984539 0.6092317700386047 546.3052912950516 2.999477475881577 0.9128725677728653 2.6231459826231 94.0370112285018 6.638391613960266 3.006277278065681 0 278.9038753211498 0.3349571079015732 5.054123379290104 10.03833571076393 507.2257650345564 65.2742760181427 22.14351770281792 3.630607195198536 1301.885158345103 38.18997386842966 53.15896235406399 6.246522009372711 0 0 0 0.6013192683458328 0 0.1454572528600693 5.432379946112633 0 2.509314842522144 0.8258033990859985 0 1.903060734272003 0.1513361930847168 0 0.2818005383014679 5.993746161460876 0 0 0 1.722139477729797 0 1.791961550712585 0.5478062033653259 29.91477946192026 0 0 0.395738884806633 12.06040927767754 0 1.018263310194016 0 0.1583080887794495 0 4.018568560481071 1.398941650986671 24.25769954919815 3.60261058807373 3.67563097178936 3.565911367535591 12.49182976782322 0.716554656624794 5.000722661614418 0
1.19996565580368 105.9575765356421 74.91849023848772 0.2441345751285553 0.1489223539829254 0.3267846927046776 30.77228064090014 1.091116346418858 471.8666635677218 2.553290940821171 5.087470002472401 0.07325878739356995 32.13735738396645 0.6553471982479095 0 5498.724225968122 39.31040713191032 1.327793501317501 2.355659812688828 0.5364342555403709 2287.380943655968 5843.276098363101 4147.396521866322 1086.878402404487 19.42390679568052 92.56359764188528 5790.004084333777 1490.895481236279 2.380585677921772 195.9578957408667 0.9726638421416283 0.07692684978246689 0.4210576862096786 143.759925737977 46.79183029383421 3060.627889446914 364.7944554910064 698.5118466988206 557.3455651551485 139.7585120871663 6.102467216551304 18.56623787432909 18.16124223917723 0.149086207151413 1.472704097628593 4.444261200726032 0.2369693219661713 0 0.8127471506595612 19.02170769870281 0.3375845178961754 104.0912055596709 1.530496045947075 0 0 0.1103538498282433 0.985656201839447 0.1119005680084229 1492.752829171717 1.0379798412323 0 0.4568728506565094 0.1339869350194931 200.4518947303295 702.1364724487066 424.365224391222 201.3961870223284 0 2.90773443877697 161.1400181129575 255.3607825189829 0.6745482385158539 41.43087224662304 0 0 0 12.50351044535637 6.3040971159935 170.426339738071 4.538239814341068 4.92366211861372 3.436030387878418 6.643092259764671 0 0 0
86.15217121690512 59.42471238225698 2239.056715577841 3.418307974934578 1.710938505828381 15.39403802901506 359.6515387073159 134.9100614711642 3.072878293693066 42.15623785182834 494.0911580584943 3.265581227838993 11.75483448803425 288.9091953933239 0.1128431409597397 39.31040713191032 2625.857326880097 479.5825846493244 4498.31458042562 6.682367578148842 935.0625230148435 28.89224311709404 5346.862147383392 24.34083822369576 3.907360717654228 8308.40611217171 5075.858841642737 93.91700321435928 306.882390499115 1591.5516006127 6.021922655403614 9.938134454190731 53.40826638787985 4097.200338728726 14.2665823623538 657.4863894730806 418.4273390844464 1682.75969646126 215.6904345750809 32.57014364749193 2.795789122581482 9.22698387503624 2.461458444595337 0 12.1078707203269 21.58713075518608 0 0 0 0.3178512156009674 0.1434688866138458 0.5417892560362816 0 0.1076843664050102 0 0.5311684012413025 0 0 5.038338929414749 1.983709312975407 0.4523415267467499 4.489313766360283 0 1.12216816842556 2.18629178404808 15.72444802522659 2.882891356945038 0.9246892780065536 16.15208863466978 101.5277546867728 0.7038085758686066 0 0.3082742989063263 0.09505190700292587 0 0 0.6364609375596046 1.759659171104431 3.968636587262154 0.6773086339235306 2.645713187754154 1.051363110542297 0.1024269387125969 0 0 0
3.695445008575916 4.071173995733261 15.20263068377972 1.925349220633507 8.479973860085011 39.36027653887868 15.79345471411943 74.53295426815748 1.469112776219845 20.89873161539435 3384.184630937874 13.83633946627378 59.93452328443527 63.84844036400318 0.2695680186152458 1.327793501317501 479.5825846493244 462.0990980118513 1775.88126616925 10.35201627388597 4.585731148719788 1.576685711741447 28.38975994288921 5.709615617990494 3.02517107874155 4134.872026283294 569.0895738080144 5.53424646705389 75.88356280326843 12.57529324293137 205.9355332925916 53.96704483032227 0.1965697258710861 978.9046683572233 6.838793538510799 503.1455439329147 515.2038902714849 1355.642052475363 157.0924613922834 36.59399352222681 6.740746408700943 8.719981402158737 1.658972069621086 0 0.5273027718067169 0.2251688838005066 0 0 0 0 0 0.08838512748479843 0 1.994993977248669 0 7.223389126360416 0 0 0.1179187074303627 0 0 0.1705338656902313 0 0 0 0.1260892003774643 0.3802387937903404 0.4988739937543869 8.334559388458729 13.51804197579622 0 0 0 2.753688275814056 0 0 0 0.2566439509391785 8.296628884971142 1.942110791802406 0.6069272607564926 0 0.4087160527706146 0 0.429059125483036 0
10.7238992229104 8.442278869450092 80.90018308162689 2.956815924495459 10.1183485686779 41.93152552098036 38.29400714859366 94.09306600689888 2.560152247548103 31.65240376442671 2518.634082727134 17.9012629725039 22.20151248574257 103.7002559453249 0.4297048225998878 2.355659812688828 4498.31458042562 1775.88126616925 3400.353285059333 14.09444861859083 31.02171892672777 3.453381322324276 239.6436765119433 11.04656375199556 2.101946704089642 4473.337594717741 756.008807271719 10.58533814176917 122.7401445284486 66.44492996484041 31.38975866138935 60.74824326485395 1.82475795596838 3248.353742845356 8.151400312781334 796.8299246132374 499.5238201841712 1949.598773539066 211.4654463157058 53.02471749484539 2.15850056707859 2.373617395758629 4.598916910588741 0 2.095934063196182 2.012613952159882 0 0 0 0.1154161840677261 0 0.1283926665782928 0 1.408704005181789 0 0.4247834533452988 0 0 0.4763776585459709 0 0.1815960258245468 2.259852632880211 0 0 0 0.4943408966064453 1.759921982884407 0 10.37627965211868 20.26095378398895 0.1857792735099792 0 0 0.5575425028800964 0 0 0 2.390494108200073 5.968117021024227 0.8491757065057755 0.6886962354183197 0.3061597347259521 0 0 0 0
12.3064541220665 0 3.874179966747761 4167.964930512011 19.41125939041376 544.4916271604598 379.4806823842227 331.9253237582743 316.3101599141955 4984.774483758956 31.32705322653055 5390.948652513325 6.300791759043932 335.6134461797774 250.4889905452728 0.5364342555403709 6.682367578148842 10.35201627388597 14.09444861859083 605.9654558897018 4.120077267289162 0.7446792721748352 8.352618340402842 1205.654858350754 0.197531096637249 30.2065188921988 10.23103446140885 3031.478455886245 327.974850833416 33.2287000566721 0.8544251173734665 33.05349991470575 9.486057363450527 208.0164751112461 4.923270553350449 1167.19096070528 16.18758349865675 681.7821995206177 150.6110284775496 577.9372120723128 68.75763323903084 1.6556606143713 13.63963546603918 0.2033412158489227 0 0 19.84468413889408 0.1485804468393326 1.757560312747955 23.24634763598442 1.29826757311821 26.6995472535491 10.40058287233114 0.4603903293609619 36.02305097877979 0 0.249509334564209 3.250017777085304 3.203530862927437 0 0.1127801090478897 0 9.69038637727499 0.2666429132223129 0.1874829232692719 0.8052205741405487 120.0834348201752 0 0 0.213542103767395 49.51804158091545 0.1980408877134323 1.345289818942547 0 0 0 0.6549502611160278 0.1117810234427452 44.24986401945353 0.1354129612445831 0.7610886693000793 0.191315084695816 33.44759428501129 0.8058993816375732 0.2315909415483475 0
66.9981763958931 3.886630646884441 1388.007521592081 0.7798559367656708 0.1458506286144257 3.569857396185398 340.5834893062711 56.56965234875679 279.8250885978341 22.7719766497612 7.124253667891026 0.3358494266867638 21.86525017768145 138.0651149526238 0.4205380976200104 2287.380943655968 935.0625230148435 4.585731148719788 31.02171892672777 4.120077267289162 9245.39759709686 593.8638959527016 19220.39245539159 795.5733445361257 2.545352719724178 283.2825843915343 955.0361727401614 4217.214729093015 114.896950148046 7834.592642091215 0.4027275070548058 0.4781281650066376 23.57929427176714 2305.635834410787 73.90790686756372 6117.431682407856 239.8260411396623 3587.37531259656 1705.184305220842 297.6093910634518 13.18811781704426 14.75772792845964 29.671062938869 0.1695525199174881 0.8911743313074112 1.350096270442009 0.2142880856990814 0 0.09553519636392593 9.936354793608189 0.5328908041119576 95.70302381366491 1.402889624238014 0 0 0 0.9661829769611359 1.312079176306725 560.7412144616246 0.1871259063482285 0 0 0.1548134386539459 174.7320133075118 226.9156282916665 69.78556368499994 136.8108290880919 0 0.8712756112217903 28.86267586797476 215.5459791496396 0.2425412684679031 39.46557673811913 0.1041881665587425 0 0 17.33653645217419 11.43923565745354 76.39838295429945 0.5151029601693153 1.515085279941559 2.496915973722935 4.445682175457478 3.492087483406067 2.174072802066803 0
0.2690479755401611 2831.750834651291 69.21810653060675 1.628682941198349 0.9159917384386063 1.350555144250393 121.8566598892212 3.195615872740746 4196.639053873718 8.951825965195894 25.95656365901232 13.04629473388195 188.0139066502452 3.220255792140961 17.11260811984539 5843.276098363101 28.89224311709404 1.576685711741447 3.453381322324276 0.7446792721748352 593.8638959527016 5138.268037356436 1562.555508241057 8654.813988864422 389.447441868484 207.405929453671 7004.633741803467 895.6319358423352 2.033105969429016 97.15524745732546 32.88070790469646 0 1.278570465743542 46.9787365719676 3.38968500494957 262.8733166530728 114.947196342051 136.3861352577806 58.15008589625359 120.0126684010029 0.3146693781018257 68.93874330818653 2.485904484987259 0 64.24326757341623 29.89198153465986 0 0 0.09987279027700424 10.42356898635626 0.6695230379700661 55.70329777896404 0.4881391599774361 1.084201000630856 0 1.582834035158157 1.815696559846401 0 1299.371819667518 4.369101241230965 0 0.365402489900589 0 95.53910434246063 261.2088338211179 500.901471465826 193.7096249014139 0.9509354531764984 5.434949941933155 510.481085665524 114.9860698953271 0 18.25999209284782 0.8295092731714249 0 0.1062888205051422 4.759357422590256 1.857517033815384 72.16141240298748 9.045109733939171 14.73815571516752 7.461661532521248 4.831758096814156 0.1470173895359039 0 0.104004442691803
178.1871028766036 15.64801998436451 14797.15199023485 3.736816041171551 0.8653242513537407 17.99909400567412 994.1202469021082 189.6326759383082 65.27943477034569 57.25203536450863 45.61843369156122 1.37634713947773 34.99873542785645 448.4074099734426 0.6092317700386047 4147.396521866322 5346.862147383392 28.38975994288921 239.6436765119433 8.352618340402842 19220.39245539159 1562.555508241057 14874.34710823745 780.2311658412218 5.850388862192631 3484.20440896228 9094.719724707305 5633.018378868699 354.3738683909178 7265.627966094762 2.040093533694744 2.848199360072613 87.53451384603977 5577.377893954515 303.8020528182387 9247.263727724552 1725.128873467445 8102.552703723311 3966.144963897765 602.7777066901326 22.40566526353359 19.27167525887489 75.1620175242424 0.2094421088695526 3.569979302585125 16.13179465383291 0 0 0.2645868957042694 6.880944713950157 0.3963861167430878 5.152069620788097 0.6513701528310776 0 0 0.1058551594614983 0.5288161113858223 0.1279164999723434 506.2330428883433 1.820239722728729 0 1.352515384554863 1.620370864868164 27.27336002886295 185.5731035843492 391.9592828080058 32.44127126038074 0.3725465536117554 2.975898452103138 265.7134140282869 32.19628410041332 0.09332744032144547 1.90475994348526 0 0.1618036031723022 0 5.270558141171932 52.27896562218666 58.2121244892478 3.111714787781239 13.92719967663288 8.112043306231499 2.776358008384705 0.6370260715484619 0 0.5462479591369629
16.14136268943548 668.2425050139427 219.5505262985826 1906.580361016095 13.0759744271636 141.1016434058547 3855.555974919349 182.1581105813384 14286.64644643664 727.5467046201229 21.32683258503675 1091.746955148876 64.094337426126 141.9151138365269 546.3052912950516 1086.878402404487 24.34083822369576 5.709615617990494 11.04656375199556 1205.654858350754 795.5733445361257 8654.813988864422 780.2311658412218 13878.52383857965 117.2868289127946 207.3458078503609 1780.267010055482 9564.414265468717 211.2903006151319 298.1203289628029 14.41635533422232 12.17705479264259 51.52177625149488 146.031893119216 19.98049907386303 1994.978357739747 72.86258633434772 479.6791439242661 178.6556571424007 1286.159274727106 30.26802583038807 21.38561394810677 8.527836345136166 1.927756458520889 4.69172752648592 6.10689639300108 25.92193204909563 0.8406332582235336 8.096441984176636 286.8509604483843 9.604053698480129 754.3442795202136 45.60840272903442 0.2183101624250412 18.1204102858901 0.7975942119956017 10.34990384429693 17.449358522892 407.6724424287677 0.6238678246736526 0 0.09407313913106918 37.83975613117218 115.3077489957213 119.4204858019948 85.31616123020649 2493.369882307947 0.3504721522331238 1.460502833127975 66.11912506818771 1336.509684734046 13.75241449475288 153.5726463198662 0.4241208806633949 0.4560978412628174 2.011631086468697 12.65859337896109 2.89440181851387 253.621146298945 4.485868558287621 27.64427772164345 12.12499903142452 127.8104568198323 1.110946409404278 0 0.4591159522533417
0 2953.381458327174 2.752111658453941 2.042336225509644 0 0.7387078329920769 2.122364826500416 0.4727105423808098 55.19711051881313 0.5712534114718437 722.9447145313025 0.1006311997771263 7635.843739792705 0.08463677018880844 2.999477475881577 19.42390679568052 3.907360717654228 3.02517107874155 2.101946704089642 0.197531096637249 2.545352719724178 389.447441868484 5.850388862192631 117.2868289127946 1530.354474879801 156.086535602808 4086.593831382692 10.32754053920507 0.2405572757124901 0.6947436407208443 282.121171683073 0 0 18.06278797239065 0.2763860523700714 79.36462926119566 457.6669703200459 227.5864117592573 54.06170288473368 6.288411363959312 14.70844823122025 707.4358925446868 0.2183614820241928 0 67.58989773690701 7.073949284851551 0 0 0.151744470000267 0 0 0.1995466724038124 0 62.50233538448811 0.1468146592378616 267.7112443894148 0.1677993834018707 0 6.129595495760441 0.3549575954675674 4.475468546152115 5.073651403188705 0 1.374827548861504 0.380243107676506 2.217074424028397 0.4470369219779968 27.61009138822556 152.9891667738557 397.6495219171047 0.2986720278859138 0.117675244808197 0 58.77804536372423 0.2606583535671234 0 9.540610663592815 5.295929819345474 17.3203454092145 38.38869046419859 8.777391776442528 1.679406642913818 0 0.4968927800655365 30.6603817269206 0
30.42687410861254 621.5638877376914 7505.049098804593 7.221772570163012 19.96682208776474 90.90755566582084 621.8311943300068 177.1937867812812 58.53888897970319 85.91663894057274 4421.815378755331 34.15082218497992 548.4648306369781 201.7013237439096 0.9128725677728653 92.56359764188528 8308.40611217171 4134.872026283294 4473.337594717741 30.2065188921988 283.2825843915343 207.405929453671 3484.20440896228 207.3458078503609 156.086535602808 34586.96225936711 13498.22745808214 352.7729935273528 208.5927625522017 639.5053708069026 504.5571792498231 100.7317323088646 10.04395100474358 2778.447337333113 76.00340317934752 5712.918440140784 6777.033183947206 5679.267222449183 1090.775414153934 278.6107357218862 15.34520965069532 76.1808562502265 22.9192176386714 0 412.8659023046494 306.0514406040311 0 0.1587589234113693 0.1837600544095039 2.900149993598461 2.146752275526524 1.56235945224762 0.2002525180578232 174.0381816774607 0.3390766754746437 677.4084313735366 3.918291293084621 0 20.12427186220884 31.74593490362167 56.92468755692244 281.5438593327999 0 2.111463397741318 25.7787607088685 30.5495899617672 15.68709930032492 137.6995725035667 1688.155376888812 4585.610672846437 5.344821609556675 2.899076774716377 0.7614368423819542 303.7726994082332 1.067429840564728 0 49.56313032656908 14.3085483238101 67.6006607785821 233.1436858028173 86.4954142048955 13.57778146117926 2.05758810043335 1.118582621216774 13.44838575273752 0.1310630738735199
27.91099846363068 13702.57327162474 5250.935463368893 4.038034476339817 4.90707103908062 27.22341699525714 256.8605638220906 71.25684813410044 393.4251518324018 39.80610642209649 881.3883957415819 11.29514664411545 3048.456873096526 121.1280586197972 2.6231459826231 5790.004084333777 5075.858841642737 569.0895738080144 756.008807271719 10.23103446140885 955.0361727401614 7004.633741803467 9094.719724707305 1780.267010055482 4086.593831382692 13498.22745808214 35567.95048888773 922.8259533420205 122.64771682024 474.7354768663645 2015.73768466711 30.26592953503132 17.66538809239864 3130.337968192995 199.7566322386265 7615.577532723546 5216.5095429793 5865.288589730859 2542.925255462527 338.5255080237985 19.2491587549448 61.4787562340498 53.23227458447218 1.741600781679153 1650.748446419835 2030.49866489321 0 0.454138919711113 0.9916966706514359 52.39412867277861 6.82194210588932 7.424092881381512 1.309088379144669 125.8263140767813 0.0800710991024971 491.8041322678328 20.06769850105047 0.3123019635677338 1281.412230059505 115.4305509626865 56.82089091092348 317.8304335176945 0.6289613395929337 74.0800938680768 409.4111280813813 2384.206002674997 82.76537295430899 129.2969767376781 2097.439182899892 11877.4134035781 78.54176393896341 4.403880417346954 13.57198818027973 232.6516467630863 0.9276465028524399 0.1763777732849121 133.7288164049387 44.50292503088713 267.1481477320194 213.9711167886853 338.9206024184823 116.2676351293921 11.56426295638084 3.712452694773674 7.557823680341244 2.824317336082458
38.07419622689486 50.75595089793205 1399.032773606479 4553.610203206539 4.538455635309219 321.4928710609674 18816.20272276178 231.5053520835936 2212.446692734957 6501.379423826933 15.81464328989387 699.9576481617987 23.10361412912607 254.4485850632191 94.0370112285018 1490.895481236279 93.91700321435928 5.53424646705389 10.58533814176917 3031.478455886245 4217.214729093015 895.6319358423352 5633.018378868699 9564.414265468717 10.32754053920507 352.7729935273528 922.8259533420205 17672.33395883441 434.5336782671511 6755.598142012954 3.24605418741703 11.11764396727085 201.906581133604 565.6324971988797 68.29358498752117 5017.356340751052 145.6582033708692 1497.569121554494 684.4565710946918 689.510648265481 61.49522139132023 20.80117449164391 31.79173599928617 2.106732599437237 2.119943261146545 4.008443996310234 43.34746885299683 0.1136409640312195 5.681348599493504 255.129393465817 6.466497004032135 582.9062277451158 39.19272633641958 0.1922601312398911 19.95187824964523 0 7.677692480385303 16.61241482943296 512.2696676775813 1.88925389200449 0 0.2450583279132843 34.94805187731981 177.8400855734944 97.49162527173758 71.5826755091548 2184.207367494702 0 0.9100405648350716 50.33749533444643 1322.634364761412 10.88952779024839 222.9718799293041 0 0.1163679957389832 2.095903508365154 12.33788042515516 12.39332897216082 252.023266069591 3.288528047502041 17.02282849699259 9.1242840513587 102.0233970806003 1.480428025126457 1.866814315319061 2.456241555511951
4548.418795548379 1.564653471112251 70.17758987098932 64.80639613419771 74.84554336220026 480.797202244401 2805.612570356578 1989.061268106103 59.62469028681517 911.1147791370749 245.3143120668828 230.2600823305547 17.985979616642 10204.5945750773 6.638391613960266 2.380585677921772 306.882390499115 75.88356280326843 122.7401445284486 327.974850833416 114.896950148046 2.033105969429016 354.3738683909178 211.2903006151319 0.2405572757124901 208.5927625522017 122.64771682024 434.5336782671511 29053.90451859683 8618.971762254834 4.048266291618347 1421.237921215594 3751.755899362266 3761.293256234378 20.52517887204885 641.897435426712 13.01077215373516 2102.244389370084 324.1450425460935 253.1897037625313 82.78111265599728 2.318028621375561 9.578957140445709 0 0.1307192742824554 0 1.033320657908916 0 0.448122501373291 5.014359533786774 0 6.920882381498814 1.05148670822382 0 0.2702203616499901 0.3162079527974129 0 0.3489061146974564 2.34680200368166 0 0 0 2.059445552527905 0.233264222741127 0.5728762820363045 0 36.16280909627676 0 0.08845493197441101 1.748167246580124 21.62699688971043 0 1.631357133388519 0.1615467742085457 0 0 1.501850605010986 5.003079928457737 13.31732387840748 0 0 0 3.168203577399254 0 0 0
