1270.038336709142 0 52.53065128624439 14.66583551466465 1.257357537746429 63.11703652143478 2661.109563477337 2001.905699372292 1.326884046196938 51.54031191021204 2.775146350264549 35.27810912579298 0 6453.912754870951 1.233071886003017 0.3093397542834282 199.8331579640508 2.105902008712292 27.3590203076601 92.25809755176306 187.8841560930014 0.08201880753040314 163.3582491353154 44.50511012226343 0 69.51690613478422 18.2309834510088 130.8852542713284 2320.064767815173 4358.220289036632 0 1.755579754710197 8.690285615622997 55.76201555132866 1.505028381943703 22.88729373365641 3.11117197573185 17.07342986017466 4.45455014705658 1.759903527796268 2.934746503829956 0 0.7609199434518814 0 0 0 0.5451710224151611 0 0 0.4636614322662354 0.1324172616004944 0.9507270455360413 0 0 0 0 0 0 0.4877766743302345 0 0 0.1019267290830612 0 0 0.1284249424934387 0 2.902390412986279 0.09962059557437897 0 0.6331677511334419 7.273485936224461 0.1465759128332138 0.4584415853023529 0 0 0 0.2605904936790466 0.6693548113107681 0.7307900786399841 0 0.5240738168358803 0 0.126465305685997 0 0 0
0 58.8996647298336 2.604761973023415 0 0 0 0 0 318.2925668880343 0 30.07213301956654 0 526.5568128600717 0.1140973195433617 0.9100685119628906 6.280234545469284 17.48272631317377 2.069279186427593 22.01327074319124 0 0.1041810512542725 2043.960619740188 3.374601162970066 43.42154434323311 2313.10243806988 197.5357810556889 5004.681201569736 0.1812285929918289 0 0 27.86685535311699 0 0 12.42268329113722 0.2165487259626389 14.45268280804157 24.59223609417677 20.04165188968182 11.15784123539925 0.8071264326572418 0 15.525375649333 0.1929826736450195 0 40.60090463608503 36.7652039155364 0 0 0 0.1029976084828377 0 0.08802708238363266 0 2.956616245210171 0 2.208981119096279 0.1450851708650589 0 2.418228060007095 7.424982063472271 1.855284370481968 7.555403292179108 0 0.3562605455517769 47.65193291008472 2.43803696334362 0.3610925376415253 5.69194795191288 64.59404467046261 1273.678243458271 0.3168072253465652 0 0.5194021910429001 0.7075984552502632 0 0 2.229047410190105 0.2703180015087128 3.151904709637165 6.67257197201252 7.825321137905121 2.020192883908749 0 0 0.1979213356971741 0.1733874082565308
52.53065128624439 2.604761973023415 7154.716049037874 20.00293023139238 2.650869704782963 85.18011938780546 456.1627528741956 469.1790212392807 43.87106654793024 40.94596661627293 6.294564835727215 2.625767737627029 0 207.1160224154592 0.4432267993688583 160.2147823348641 2438.030913032591 8.896242782473564 50.89958138763905 5.126184061169624 550.9643254354596 37.4590530693531 10699.36791562289 1289.619343079627 0.1071373149752617 7096.954837679863 3537.973551250994 776.3251008763909 92.47561097890139 420.5714575722814 0 5.62984810769558 5.92751420289278 795.1168873235583 25.21943973004818 2144.655090510845 2135.344407387078 2237.792917497456 1493.933680258691 66.99171526730061 15.39035635441542 0.707821786403656 8.684623062610626 0.523113951086998 15.67164659500122 309.0140921548009 0 0.3074462115764618 0.5786472335457802 15.60278209298849 2.910286493599415 11.61954834312201 0 1.687132850289345 0 0 3.175991997122765 0 40.37240502238274 35.05132988840342 0 2.074590489268303 1.842106536030769 7.039144903421402 37.62629975378513 103.8929221257567 43.64830473065376 0.2208404093980789 36.4375424683094 1410.509391538799 58.48349386453629 0.9053953513503075 17.61437933146954 0 0 0 18.52836572378874 13.98503290116787 40.17698746174574 5.660465613007545 59.54393603652716 13.29605192691088 4.230803683400154 0 0.2978150248527527 0
14.66583551466465 0 20.00293023139238 3897.093818247318 5.346488885581493 285.0407388433814 233.2635010927916 138.8438946157694 1247.041685953736 2255.025960095227 4.884423136711121 807.5810724273324 0.1427211314439774 76.99436272680759 78.81490929424763 0.1628432124853134 7.092837601900101 0.365315742790699 1.36945978552103 4844.247560076416 14.60108608752489 0.1465066969394684 20.89102701842785 1736.31723921746 0 13.92939183861017 2.05112811177969 3314.991508349776 209.769010566175 21.09771214425564 0.07383793592453003 6.156059190630913 35.04472510516644 112.1225114241242 7.064543887972832 519.2317375093699 7.690836735069752 197.2514200359583 60.19148507714272 105.9044326841831 69.72791788727045 0.5068309903144836 15.95158284902573 0.6738100796937943 0.2121675610542297 0 129.4320080056787 0.4541791453957558 21.60293227434158 116.2441381439567 33.72783830016851 277.0278664901853 103.9360454306006 0.4832867309451103 56.28199589252472 0.09397359937429428 7.984516769647598 10.71041316539049 1.355078674852848 0 0 0 112.201216943562 0.2591623142361641 2.134234815835953 0.6479492783546448 372.0148362219334 0 0.2313583865761757 0.7971967309713364 599.7186805382371 9.993720330297947 1.190060317516327 0 1.234282128512859 0 4.313991278409958 1.617150917649269 23.59374430775642 0.2536423951387405 25.06361764669418 2.992417700588703 49.04405719041824 1.269957914948463 0 0.2809558212757111
1.257357537746429 0 2.650869704782963 5.346488885581493 75.48357850313187 1275.564999818802 10.85028804838657 293.3324433937669 67.19959197938442 3.942869551479816 102.0912381857634 63.90721148252487 6.063079029321671 36.1148551851511 1222.753612905741 0.1035777404904366 1.750173404812813 7.18215174227953 7.25588446110487 14.25713776051998 5.674081347882748 0.9492225646972656 8.325380995869637 37.9082271233201 0.8947263807058334 19.16201001405716 4.945598237216473 24.0039279088378 112.8064459487796 12.7947334498167 0.5472753345966339 451.8213089630008 7.354872167110443 723.8621011599898 6.104583919048309 138.2974448278546 37.92463453859091 967.0441888943315 133.9398145228624 2677.801745854318 178.7966173440218 14.41403511166573 7.654936030507088 0 0 0 0.3783037662506104 0 0 0.7428758144378662 0.5419923365116119 0 0 0.3650698810815811 0.9880053997039795 0.8949295654892921 0 0 0 0 0 0 0 0 0.116886131465435 0 1.60401976108551 0 0.1377571225166321 0.2695631235837936 4.605068013072014 0.1211557611823082 0 0 0 0 0 2.940806820988655 3.619636729359627 0.6560343503952026 1.452442854642868 1.164424806833267 0.18377885222435 0 1.23594918847084 0
63.11703652143478 0 85.18011938780546 285.0407388433814 1275.564999818802 9483.764801450074 4670.678885653615 8590.680496901274 138.403433509171 6746.86512055248 165.4172229915857 3184.130045875907 2.529079295694828 1588.876650497317 2449.782108016312 0.3954541385173798 77.18852253258228 22.84712520986795 23.87141655385494 1189.746999412775 127.016278244555 0.1301392614841461 129.3332639187574 578.223634749651 0.4491544291377068 93.51730009913445 17.53841069340706 1166.671899959445 2796.813642807305 277.611224591732 1.649553701281548 415.8747407272458 44.09486342966557 1614.049831114709 7.620982117950916 721.6616200432181 71.99406076967716 1548.560224063694 293.7900680750608 2342.81180550158 505.3766626939178 14.04002271592617 25.93602051585913 0.3030266687273979 0.1444228291511536 0.7487707436084747 9.145062379539013 0.7499430179595947 2.760010950267315 32.29003078490496 7.258053570985794 37.88603094965219 10.90978675335646 1.23149748146534 11.99213401228189 0 3.90018755197525 3.263705253601074 1.661839529871941 0 0.09509337693452835 0 7.965125486254692 0.2447320818901062 0.425709642469883 0.6701440736651421 85.17779707163572 0 0.1851933598518372 1.812424294650555 119.194132424891 3.389819085597992 12.17783731967211 0.1155945509672165 0.4301550835371017 0 0.8486647605895996 7.812504962086678 14.84835517406464 0.5810424983501434 8.114536195993423 3.359818890690804 14.46823459118605 1.432988584041595 1.619814708828926 0
2661.109563477337 0 456.1627528741956 233.2635010927916 10.85028804838657 4670.678885653615 20799.80225718766 5803.428294055164 105.1096123605967 10929.01157934964 12.35476066172123 760.2608402371407 0 5751.555342063308 18.12024103105068 0.3625864386558533 108.2813505902886 3.953710809350014 9.750067755579948 563.5154578909278 608.0045067742467 0.2254657074809074 727.5680747777224 1403.87477966398 0.2976972460746765 169.4488640427589 15.12426960468292 14340.24135778844 1599.163692004979 9495.186309620738 0.07728094607591629 18.76289331912994 134.2837469577789 334.2185966521502 12.88472986221313 889.7551190555096 25.3022725135088 546.9949486553669 141.4808256179094 165.6163356751204 155.5159310176969 0.7828135788440704 22.92937648296356 0.6367930546402931 0.1211608722805977 0.2265321612358093 40.38353148847818 0.15509033203125 12.23120890557766 155.2543279230595 38.30173518508673 52.65211150050163 39.845080062747 0.733050748705864 18.69070859253407 0 13.54618789255619 2.304377339780331 3.824176050722599 0.1492601782083511 0.4707863628864288 0.1119929030537605 27.12683970481157 0.09339556097984314 1.746247835457325 1.688177913427353 225.0219477042556 0 0.09091853350400925 3.224977448582649 445.4522111713886 17.61636127531528 8.858087442815304 0 2.389887139201164 0.5908728390932083 8.72819335013628 3.119594693183899 54.43532713502645 0.6610528230667114 34.83817563951015 3.666563138365746 29.76932276040316 3.712309598922729 0.4845325350761414 0.1063843593001366
2001.905699372292 0 469.1790212392807 138.8438946157694 293.3324433937669 8590.680496901274 5803.428294055164 7813.116961084306 54.33910185843706 2588.800712667406 118.6544811874628 1770.492704622447 1.733070820569992 8601.883933223784 417.1511063575745 1.172651052474976 676.5648818910122 17.6620679050684 57.87029854953289 1222.110115200281 683.6999248564243 0.5944893285632133 712.0984189659357 1021.879223063588 1.146480709314346 404.8325272426009 84.16845615208149 1067.532257728279 3593.491546854377 3042.075866706669 0.7101936489343643 108.9737544953823 40.4713448882103 1136.397705823183 9.066802568733692 507.1893129423261 50.00174754112959 1016.857795007527 213.8386813998222 869.3704958185554 263.4226766005158 9.441644176840782 15.08282609283924 1.770866103470325 0.07588606327772141 0 14.46367466449738 0 6.007402785122395 101.2076544091105 15.90561901032925 50.9187763556838 20.68537016957998 0.9829210937023163 7.392892956733704 0.3086485043168068 5.126905724406242 1.146696016192436 5.36712559312582 0 0 0.2716348171234131 8.290275320410728 0.5325722098350525 3.324720658361912 1.558851346373558 175.4527271166444 0 0.6200421825051308 5.181653335690498 264.5426112338901 6.383407987654209 23.12651872634888 0 0 0.3687167167663574 5.306595206260681 6.049006909132004 33.06505480408669 1.575272187590599 17.42673312872648 4.156757943332195 10.05812709033489 2.703215390443802 2.107123985886574 0
1.326884046196938 318.2925668880343 43.87106654793024 1247.041685953736 67.19959197938442 138.403433509171 105.1096123605967 54.33910185843706 1519.503044076264 27.35167370736599 2.968838378787041 854.3374684005976 17.43643876165152 16.54301691055298 1009.642647609115 203.3210548609495 11.69345487654209 0.5804552286863327 12.4998766630888 966.0478872507811 45.9346009939909 2792.990264050663 93.05275385081768 8525.289717674255 142.9610898941755 45.96044248342514 2370.352815128863 984.579501144588 40.58398098498583 64.52014615386724 2.155589058995247 2.747113883495331 7.076130419969559 26.02449799329042 3.159995540976524 210.9765074849129 22.12159808725119 36.28595943748951 13.91322782635689 442.9976653680205 5.071071624755859 0.1121839433908463 2.728764861822128 2.288647092878819 4.20106764882803 2.171632274985313 124.3209070786834 0.993323840200901 16.20510748028755 103.8130996152759 31.94770735502243 257.4122560471296 89.32613757252693 0.9128935858607292 83.91039258241653 1.404739521443844 9.534671030938625 32.65919726341963 268.7136116176844 1.764269053936005 0.1148802861571312 0.7844549119472504 88.66086412221193 29.36010027676821 34.73170559853315 68.21818128228188 1155.510275289416 1.44435990601778 6.976407296955585 33.24236145615578 859.8879666700959 14.41594845056534 38.60255897790194 0 1.632536120712757 0.8538646027445793 5.197045736014843 1.134632401168346 39.42818347364664 2.128969974815845 26.03204737603664 4.297557577490807 88.49199540168047 1.30147110670805 0.1453020721673965 0.304076261818409
51.54031191021204 0 40.94596661627293 2255.025960095227 3.942869551479816 6746.86512055248 10929.01157934964 2588.800712667406 27.35167370736599 21428.49502057582 7.579752691090107 4177.155577480793 0 700.9130621403456 19.49582418054342 0 21.88291216641665 1.807490363717079 2.692948594689369 6645.374893546104 48.10725592821836 0 54.72124353796244 154.9808522090316 0 22.85818831622601 3.897108130156994 7846.080106556416 273.9506973549724 79.57684398442507 0 10.74999421834946 8.71430429816246 68.37686445564032 0.1716173738241196 168.7372083514929 4.054715715348721 98.54756876081228 13.37882601469755 73.93697547912598 26.39710823446512 0 4.475028440356255 0 0 0.4346542954444885 19.50234796106815 0 1.454719476401806 10.73634293675423 1.905242830514908 8.162430174648762 8.939942732453346 0 5.77862498909235 0 0.3645331412553787 0.4019361436367035 0.08772704750299454 0 0 0 4.510806947946548 0 0.2531172037124634 0 20.00750061124563 0 0 0 36.47559863328934 1.685430116951466 0.7390855252742767 0 0.09874685853719711 0.3034744188189507 0.3746495917439461 0.6836895346641541 1.994290977716446 0 1.690820902585983 0.2624546214938164 4.164530128240585 0 0 0
2.775146350264549 30.07213301956654 6.294564835727215 4.884423136711121 102.0912381857634 165.4172229915857 12.35476066172123 118.6544811874628 2.968838378787041 7.579752691090107 10406.87663471699 15.8392498344183 1843.485334217548 56.59200981259346 0.7579401955008507 3.198782466351986 156.6291850730777 4208.715961746871 3761.574066199362 24.53428775072098 14.2327294126153 12.2716007605195 43.57669475674629 23.27297949790955 267.3797201663256 7807.663989022374 916.4514277130365 31.72088656574488 222.0102200061083 20.23276844620705 732.3289547488093 146.1101683825254 10.97414222359657 7350.109478443861 5.291821449995041 589.8780165314674 6630.811148107052 4808.246282875538 1973.005578011274 23.95376572757959 101.9886535033584 1109.281478844583 7.084429755806923 0 27.83254680037498 0.0997941792011261 0.1726624369621277 0 0.4621106535196304 2.531264282763004 1.002477049827576 0.9634221494197845 0 909.770665563643 0 1324.293912529945 0.2212561517953873 1.376042127609253 0.6164018511772156 0.7023281380534172 10.7211574986577 4.441688276827335 0 0 1.256473019719124 0.2544184029102325 4.952836006879807 167.4470296502113 54.93500097841024 119.397128932178 3.845355726778507 0.7383488267660141 0.1924491226673126 75.79766493290663 0.7646045833826065 0 47.09850088506937 12.68891496956348 10.67856680601835 195.5418270975351 45.64094485342503 2.645000532269478 0.3329818844795227 0.9447728395462036 218.861560665071 0
35.27810912579298 0 2.625767737627029 807.5810724273324 63.90721148252487 3184.130045875907 760.2608402371407 1770.492704622447 854.3374684005976 4177.155577480793 15.8392498344183 6136.207064688206 0 654.9831874221563 932.7084357589483 0 3.201562747359276 2.656272053718567 3.494612827897072 5084.973459839821 2.746008738875389 4.704253986477852 3.380847863852978 434.6690727397799 0.1200541257858276 7.859495781362057 3.338112875819206 1575.108621843159 437.0749408006668 20.99948073923588 0.3983974754810333 28.16989957541227 8.058618247509003 137.7889875695109 1.835287660360336 344.9347603917122 5.935749709606171 217.7594126984477 31.25068781524897 1114.252975404263 54.72842582315207 1.399195715785027 8.856229282915592 0 0 0 29.75096964836121 1.032249182462692 5.140722513198853 20.93978130817413 5.509684599936008 160.7190665826201 36.94435928761959 2.45058561861515 66.13091187924147 0.103175014257431 0.982900395989418 9.863818913698196 0 0 0.1101935803890228 0 48.90882410109043 0 0 0.6648732423782349 68.84912347793579 0 0 0.1298728287220001 106.1054296195507 1.130427300930023 0 0 0.1351460963487625 0.2762540280818939 1.271709829568863 0.4139499962329865 2.756887711584568 0.2483298480510712 4.62612023204565 1.048248529434204 31.6658751219511 0.09480556845664978 0 0
0 526.5568128600717 0 0.1427211314439774 6.063079029321671 2.529079295694828 0 1.733070820569992 17.43643876165152 0 1843.485334217548 0 4931.448404595256 0.4363002926111221 0 0 2.051285266876221 42.89238365739584 19.91361464560032 0.553257018327713 0.1873227655887604 184.674606628716 0.5077531561255455 2.520187363028526 2139.997663445771 1788.694157399237 5912.30792838335 0.3979542776942253 2.025284193456173 0.08079295605421066 2454.001321494579 2.984437718987465 0 328.9863687679172 8.093144819140434 165.4242512732744 2817.505624093115 337.0029575824738 79.80791734158993 0.9508745968341827 21.06390938162804 278.9006191119552 3.373427450656891 0 49.95320355892181 1.14875265955925 0 0.1137653216719627 0.3596163690090179 0 0.7633293569087982 0.8677949458360672 0.2159829214215279 1327.32244155556 0 2153.749285034835 0.1385177820920944 0.1621699035167694 0 0.3955623209476471 39.04652732610703 11.01005438715219 0 0 4.900700487196445 0 1.293769374489784 373.7747383713722 179.8078810721636 399.1009586155415 0.2571020722389221 0.370925210416317 0 165.6958269774914 0.6238167583942413 0 39.50373689830303 17.01642127335072 24.35264110565186 260.759585686028 53.6697416678071 5.773138612508774 0.2475095838308334 1.560031890869141 206.4514414221048 0
6453.912754870951 0.1140973195433617 207.1160224154592 76.99436272680759 36.1148551851511 1588.876650497317 5751.555342063308 8601.883933223784 16.54301691055298 700.9130621403456 56.59200981259346 654.9831874221563 0.4363002926111221 7368.11608491838 28.51973106712103 0.5576178357005119 328.5204320549965 8.539504945278168 34.11537105590105 857.3577662110329 324.3784210458398 0.07476523518562317 359.1670984402299 396.8355691954494 0.1596162021160126 170.8799120932817 39.3079511448741 551.0481059476733 7778.982791401446 2831.327552221715 0.4890634343028069 409.8161302581429 63.10234529525042 647.5207906067371 1.663890317082405 154.1217415556312 19.4966861307621 303.6683520823717 39.1303895637393 93.10106904804707 51.16459860652685 1.454260930418968 2.679692953824997 0 0 0 1.610352657735348 0 1.843941576778889 28.22366186231375 5.32598502188921 11.50520452111959 5.968971729278564 0 0.2657036706805229 0 1.997463189065456 0.5325595140457153 0.288287915289402 0 0 0 3.273019999265671 0.6004883348941803 0.7344417199492455 0.7474443092942238 61.47010975331068 0 0.410839207470417 1.122787326574326 104.5601093545556 3.708912119269371 11.79286658763885 0 0.4433355182409286 0 0.2338987961411476 1.003200232982635 16.08882914483547 0.6229679584503174 6.362004227936268 1.222907245159149 4.03635561466217 1.062956213951111 0.4753828197717667 0
1.233071886003017 0.9100685119628906 0.4432267993688583 78.81490929424763 1222.753612905741 2449.782108016312 18.12024103105068 417.1511063575745 1009.642647609115 19.49582418054342 0.7579401955008507 932.7084357589483 0 28.51973106712103 616.5359694808722 0.2957410514354706 0.1980346292257309 0.1152684167027473 0.4230581894516945 99.1059847548604 1.567139312624931 35.13915660232306 2.126761473715305 1002.198971576989 0.2046242654323578 0.9300060421228409 13.9439600110054 56.32450189441442 54.11149992793798 6.066700950264931 0 257.309024207294 0.7744225412607193 21.07119561731815 0.1794568747282028 67.87196528911591 0 15.44623920321465 4.417450278997421 1074.420053645968 10.33435410261154 0 0.3703945279121399 0 0 0 2.073023445904255 0 1.010215997695923 1.403063774108887 1.228289246559143 18.9326434135437 0.6496215462684631 0 9.290787518024445 0 0 1.727741956710815 0.3848402723670006 0 0 0 4.143221631646156 0.1546665132045746 0.1752944588661194 0.3453207910060883 7.379092417657375 0 0 0.4282046556472778 15.59599687904119 0 0 0 0.1792351752519608 0 0 0.2559596002101898 1.036381348967552 0 0 0.5416037440299988 9.849500775337219 0 0 0
0.3093397542834282 6.280234545469284 160.2147823348641 0.1628432124853134 0.1035777404904366 0.3954541385173798 0.3625864386558533 1.172651052474976 203.3210548609495 0 3.198782466351986 0 0 0.5576178357005119 0.2957410514354706 1376.670992136002 159.4048134163022 1.915691025555134 32.440514318645 0 3677.987146340311 2630.805185191333 6207.819222435355 801.9737785831094 0.8748214244842529 102.0025108754635 4800.983804106712 532.7192473784089 0.6943757832050323 180.2141321524978 0.1139624938368797 0.3460758104920387 0.1137730777263641 134.4737620055676 24.71799063682556 1447.451321847737 453.8790609538555 351.4409815296531 486.6018940135837 71.71211847662926 1.648294769227505 0 5.536779671907425 0.8767498433589935 9.250874206423759 95.10356009751558 1.553970634937286 0 0.3207938149571419 19.22701073437929 2.647737100720406 99.86625786870718 1.314696922898293 0 0 0.1216676458716393 8.211410261690617 0 3163.381004564464 5.580203719437122 0.4807741194963455 2.020921885967255 0 363.6474235877395 1494.326974436641 1563.963153153658 223.7725652903318 0 10.32223983108997 926.3197767883539 406.6788162961602 5.077103868126869 202.4378989189863 0.1178781166672707 0 0.2374720126390457 7.778395399451256 9.280534766614437 37.30802326649427 7.536132916808128 18.84247434139252 13.90619722008705 1.540610581636429 0.1042459979653358 0 0.1534225791692734
199.8331579640508 17.48272631317377 2438.030913032591 7.092837601900101 1.750173404812813 77.18852253258228 108.2813505902886 676.5648818910122 11.69345487654209 21.88291216641665 156.6291850730777 3.201562747359276 2.051285266876221 328.5204320549965 0.1980346292257309 159.4048134163022 2131.859320789576 92.35415733605623 3437.954871557653 5.498722016811371 896.2840560525656 201.1756891459227 6585.034170456231 130.007301107049 0.9215904027223587 6761.529473342001 9701.797453388572 248.2415241003036 703.7568042874336 1212.077411003411 0.2574860751628876 3.861351333558559 41.09325305372477 1444.593465328217 8.636723503470421 609.6579605787992 1975.426475554705 810.6599073112011 385.6456032246351 20.73847763240337 7.571613453328609 14.46467280387878 5.949539467692375 0 23.77307999134064 124.3802306726575 0 0 0 0.8916559442877769 0.3478196412324905 1.37963405251503 0.09830635786056519 0.5531727746129036 0 0.6740250959992409 0.116270400583744 0 5.141088008880615 38.60399858653545 1.140518300235271 8.799163438379765 0 3.71752804517746 3.514875896275043 4.684173665940762 6.240144737064838 2.332888059318066 228.7880447804928 559.3454456478357 8.121112823486328 0 3.906829953193665 0 0 0.196072518825531 5.558559067547321 4.480591878294945 12.59355115145445 5.844792254269123 23.56162569671869 6.109051093459129 0.6159111857414246 0 0 0
2.105902008712292 2.069279186427593 8.896242782473564 0.365315742790699 7.18215174227953 22.84712520986795 3.953710809350014 17.6620679050684 0.5804552286863327 1.807490363717079 4208.715961746871 2.656272053718567 42.89238365739584 8.539504945278168 0.1152684167027473 1.915691025555134 92.35415733605623 470.0021107271314 1762.389302805066 4.271234542131424 7.162993907928467 2.154713906347752 27.7917363718152 4.076935082674026 33.73958430439234 5004.617499448359 354.5104093626142 6.157480008900166 34.08585946261883 5.454234823584557 71.50176630914211 17.02298302203417 1.142201215028763 780.3872318118811 0.37855114787817 326.2117330729961 1075.659884363413 1118.597877450287 634.7908534258604 4.600151985883713 14.3928085193038 45.5401279553771 1.870464995503426 0 5.500288709998131 0.2464008033275604 0 0 0 0.1930761188268661 0 0 0 31.32079590857029 0 90.42666875571012 0 0 0 0.3230446875095367 22.29037698358297 19.19225087016821 0 0 0.244704857468605 0.1605542153120041 0.5945558100938797 73.5161247253418 135.1239219903946 218.3474947959185 0.5453601330518723 0 0 20.49650949239731 0 0 4.168709777295589 5.010906487703323 5.466882556676865 7.272180110216141 4.556114286184311 2.076234668493271 0.1106797680258751 0.1279075741767883 0.2685996517539024 0
27.3590203076601 22.01327074319124 50.89958138763905 1.36945978552103 7.25588446110487 23.87141655385494 9.750067755579948 57.87029854953289 12.4998766630888 2.692948594689369 3761.574066199362 3.494612827897072 19.91361464560032 34.11537105590105 0.4230581894516945 32.440514318645 3437.954871557653 1762.389302805066 3947.205807551742 4.323633424937725 108.7765749841928 34.57092855870724 853.0428486689925 19.75822933763266 25.45532577484846 7113.917651318014 2859.729679457843 25.10486598312855 173.374690875411 73.39181640744209 11.13595403730869 18.03740841895342 12.15480291098356 2341.882361829281 7.507435165345669 1129.247704535723 2748.462248772383 3190.014815382659 1606.846351183951 12.13421835005283 31.046346783638 58.30187577754259 4.018643423914909 0 52.00256155431271 7.119511373341084 0 0 0 0.1368971168994904 0 0.4733473211526871 0 12.52890606969595 0 18.58378303796053 0 0 0.8069576025009155 9.564896754920483 33.16044607758522 57.37814063578844 0 0.8759009838104248 0.8188662379980087 1.829439349472523 0.7203681617975235 108.7934383228421 316.297830067575 541.8376949131489 1.064561612904072 0 1.107387349009514 5.573180861771107 0.09819341450929642 0 11.10037924349308 9.976487495005131 11.21687080711126 11.26750104874372 20.45725144445896 5.561173886060715 0 0 0.8146584331989288 0.1218676343560219
92.25809755176306 0 5.126184061169624 4844.247560076416 14.25713776051998 1189.746999412775 563.5154578909278 1222.110115200281 966.0478872507811 6645.374893546104 24.53428775072098 5084.973459839821 0.553257018327713 857.3577662110329 99.1059847548604 0 5.498722016811371 4.271234542131424 4.323633424937725 1247.595626205206 6.520525120198727 0.08880434185266495 11.38389453291893 1305.994971655309 0 11.14868681132793 2.788469880819321 6071.565397948027 759.6504007428885 50.01463684439659 0.1952731087803841 25.14520823210478 30.17476244270802 268.6175830587745 2.470803678035736 802.8580387383699 12.69207795709372 411.6973920091987 49.5006055533886 330.3883998692036 119.4726320579648 0.8826157003641129 23.65308563411236 0.2321057692170143 0 0 83.7279162928462 0.3727511838078499 14.81451739370823 80.04037424921989 24.90985458344221 216.8410484939814 75.42466674000025 0.2019840776920319 48.8218554481864 0 7.341636300086975 11.31150571256876 0.6986357271671295 0 0 0 77.76995109766722 0 1.336549431085587 0.3119028881192207 227.0884269550443 0.1035107001662254 0.08844262361526489 0.6098607629537582 382.5821546912193 7.971051417291164 3.464834898710251 0 0.8771353960037231 0.3555953726172447 3.809665814042091 3.905238203704357 15.73216481506824 0.5332228913903236 17.0974627584219 2.665341056883335 32.7311534434557 0.5294167846441269 0 0
187.8841560930014 0.1041810512542725 550.9643254354596 14.60108608752489 5.674081347882748 127.016278244555 608.0045067742467 683.6999248564243 45.9346009939909 48.10725592821836 14.2327294126153 2.746008738875389 0.1873227655887604 324.3784210458398 1.567139312624931 3677.987146340311 896.2840560525656 7.162993907928467 108.7765749841928 6.520525120198727 19740.27482327819 61.69281738251448 15512.36873243004 2324.892572417855 0 199.1085695177317 163.7719120569527 7229.201663002372 685.1597217768431 11847.57938093692 0.08933687955141068 8.006352081894875 45.43771451711655 3383.573448263109 182.1262872293591 5515.464512825012 904.640408411622 4341.31263782084 3421.260559991002 287.3175342828035 37.35360144078732 1.739892557263374 40.3849470615387 2.538997299969196 0.5462436228990555 13.29190138727427 0.2310116589069366 0 1.281342633068562 24.22239314764738 6.626918502151966 67.52347932755947 4.955698072910309 0.7140052318572998 1.599512368440628 0 5.392549805343151 0.208826869726181 496.193947404623 4.119148232042789 0.2205344885587692 0.5059066265821457 1.083226919174194 159.9728611186147 84.15802320837975 120.4869795590639 320.2525674179196 0 4.176826819777489 24.59904959052801 536.7400288134813 13.20396494865417 255.2830191776156 0 0.09261032193899155 0.9359699934720993 4.236113376915455 49.63196613639593 37.46370051801205 1.367785975337029 6.313886150717735 4.062276132404804 6.049458466470242 0.7132451608777046 0 0
0.08201880753040314 2043.960619740188 37.4590530693531 0.1465066969394684 0.9492225646972656 0.1301392614841461 0.2254657074809074 0.5944893285632133 2792.990264050663 0 12.2716007605195 4.704253986477852 184.674606628716 0.07476523518562317 35.13915660232306 2630.805185191333 201.1756891459227 2.154713906347752 34.57092855870724 0.08880434185266495 61.69281738251448 1414.588535167277 500.932241089642 3655.526218757033 1252.191199317575 198.8379302024841 6331.981559075415 34.42646609991789 0.3181317299604416 4.004823625087738 13.88060890138149 0.1642221510410309 0 166.3202259838581 1.75717468559742 166.1852201446891 49.82040826231241 207.6678284779191 100.8023001104593 21.72050093859434 0.9204336404800415 1.455254480242729 0.1338222771883011 0 11.72547382861376 27.63948807865381 0 0 0.3138366639614105 4.472866967320442 0.8674197793006897 38.35749074816704 0.1235808879137039 0.5265236496925354 0 2.108882911503315 0.6653957813978195 0.7616559267044067 773.4035936817527 2.433313637971878 0.6100010350346565 1.18382290750742 0 50.90412251651287 125.8495031148195 261.9204085171223 41.76175653189421 1.92066927999258 13.38417749851942 1180.73035351187 62.87821236997843 0.7101149410009384 15.58529799431562 0.9933481812477112 0 0 1.019143752753735 1.100053623318672 8.441763743758202 2.235827513039112 4.980240970849991 3.596567459404469 1.612828135490417 0.276448667049408 0.4031292498111725 0
163.3582491353154 3.374601162970066 10699.36791562289 20.89102701842785 8.325380995869637 129.3332639187574 727.5680747777224 712.0984189659357 93.05275385081768 54.72124353796244 43.57669475674629 3.380847863852978 0.5077531561255455 359.1670984402299 2.126761473715305 6207.819222435355 6585.034170456231 27.7917363718152 853.0428486689925 11.38389453291893 15512.36873243004 500.932241089642 21475.74816453457 2126.056251622736 0.1142286732792854 2259.242351748049 8040.254101537168 3983.880029179156 472.5869135484099 4613.23716340214 0.3110485523939133 19.11669446527958 38.92670911550522 3726.581694938242 236.0288256332278 10447.53748115152 4268.135700032115 8651.979031972587 7980.880469210446 636.2224614471197 55.10344928503036 6.741041615605354 57.44968745857477 1.420483022928238 1.534523621201515 143.056749433279 2.721665665507317 0.09819094091653824 2.466944515705109 39.29494258016348 7.263703994452953 33.07788020372391 2.514746405184269 1.113698810338974 1.093729689717293 0 10.27192085981369 0.3599437028169632 2627.406145222485 9.615910798311234 0.5338230952620506 2.240313902497292 1.020033046603203 262.2607190832496 773.8255086243153 1687.952386416495 168.8896063119173 0.4834025949239731 7.725842550396919 1311.995741687715 277.7456996515393 6.786374978721142 121.226595915854 0 0.1941725611686707 0.5636294409632683 6.787242561578751 86.12481356412172 62.90334251523018 11.8879087716341 26.62501577287912 23.08165625482798 7.591657400131226 0.2318816334009171 0.988364577293396 0.1387718915939331
44.50511012226343 43.42154434323311 1289.619343079627 1736.31723921746 37.9082271233201 578.223634749651 1403.87477966398 1021.879223063588 8525.289717674255 154.9808522090316 23.27297949790955 434.6690727397799 2.520187363028526 396.8355691954494 1002.198971576989 801.9737785831094 130.007301107049 4.076935082674026 19.75822933763266 1305.994971655309 2324.892572417855 3655.526218757033 2126.056251622736 14699.87310210615 14.38699002563953 321.2208719477057 2071.506228998303 13503.30988910049 968.9100301861763 1888.814175114036 0.7415946871042252 34.65912543982267 180.0902152583003 688.2025966867805 83.93709070235491 4147.738535962999 168.4238044023514 1144.05087441206 613.4354752898216 823.6101701259613 197.4176257178187 0.5053794384002686 67.49755953252316 20.23680526763201 5.320853896439075 25.08488190174103 155.1644184589386 2.047772809863091 43.49401500076056 581.0991542264819 123.5909096300602 1284.729920752347 161.4014701396227 5.60898557305336 65.65716720372438 1.242109246551991 62.96897178143263 25.66192841529846 516.4394864812493 4.239478960633278 1.441907346248627 0.913651242852211 130.8579346239567 145.2729084044695 133.8427543863654 145.3689094036818 3715.500820040703 1.012770436704159 6.949802838265896 166.1104947775602 4503.158363625407 109.779974155128 656.4534072503448 0 5.427211225032806 6.967171110212803 39.72128137946129 25.84800866991282 382.5669932663441 7.734950743615627 167.4691527485847 40.75506539642811 131.3126060068607 9.623563714325428 1.712769657373428 2.551923237740993
0 2313.10243806988 0.1071373149752617 0 0.8947263807058334 0.4491544291377068 0.2976972460746765 1.146480709314346 142.9610898941755 0 267.3797201663256 0.1200541257858276 2139.997663445771 0.1596162021160126 0.2046242654323578 0.8748214244842529 0.9215904027223587 33.73958430439234 25.45532577484846 0 0 1252.191199317575 0.1142286732792854 14.38699002563953 167.9889578074217 1243.536850266159 6099.595526181161 0.1520567536354065 0.8946397006511688 0 342.2910989224911 1.141137272119522 0 98.35872445255518 0 20.07354869693518 88.95411751419306 73.06974180042744 14.08990072458982 1.061284236609936 2.904962599277496 45.01286745816469 0 0 117.7389867603779 1.274194031953812 0 0 0 0 0 0 0 103.745767377317 0 134.4222485348582 0.1452902108430862 0 0 0.8582802191376686 12.53343207389116 14.34688609093428 0 0 7.888994470238686 0 0 86.77439618110657 99.26802113652229 253.7695665434003 0.1087212115526199 0 0 10.30398450046778 0 0 7.896942444145679 1.014852941036224 2.192658096551895 17.18782798945904 13.19279403239489 1.718916736543179 0 0 20.26823309063911 0
69.51690613478422 197.5357810556889 7096.954837679863 13.92939183861017 19.16201001405716 93.51730009913445 169.4488640427589 404.8325272426009 45.96044248342514 22.85818831622601 7807.663989022374 7.859495781362057 1788.694157399237 170.8799120932817 0.9300060421228409 102.0025108754635 6761.529473342001 5004.617499448359 7113.917651318014 11.14868681132793 199.1085695177317 198.8379302024841 2259.242351748049 321.2208719477057 1243.536850266159 41434.28688395768 19740.00715940446 209.2448429614305 290.8475321158767 222.5558849945664 906.8306722044945 34.94049164652824 12.65956192463636 3168.598649978638 25.98536878079176 5778.73947916925 14714.8816466406 7508.00414955616 4281.264531679451 51.80208158493042 59.42171937972307 378.0503242462873 23.83222865313292 0.3592618182301521 638.9972034096718 300.5681726634502 0 0.09977501630783081 0.4991233050823212 3.488044202327728 2.185956366360188 3.777687698602676 0.8192312568426132 637.2240848839283 0 1592.926783703268 2.285786673426628 0.1480949521064758 6.452652536332607 195.6437017247081 306.7605273276567 491.038549348712 0 8.607534326612949 15.28316789865494 30.8390346467495 12.65909019112587 1240.980649828911 3077.239667929709 6482.258664563298 10.30263615399599 4.529886722564697 10.9510625526309 290.0994873717427 0.5657559707760811 0 108.46376157552 45.16242919117212 114.2189471721649 230.9911884590983 223.868979126215 68.86678943783045 2.197704620659351 0.6353946030139923 13.69458732753992 0.9213583171367645
18.2309834510088 5004.681201569736 3537.973551250994 2.05112811177969 4.945598237216473 17.53841069340706 15.12426960468292 84.16845615208149 2370.352815128863 3.897108130156994 916.4514277130365 3.338112875819206 5912.30792838335 39.3079511448741 13.9439600110054 4800.983804106712 9701.797453388572 354.5104093626142 2859.729679457843 2.788469880819321 163.7719120569527 6331.981559075415 8040.254101537168 2071.506228998303 6099.595526181161 19740.00715940446 33966.52508894354 251.6012412235141 58.05098632723093 57.96012157201767 1415.599005907774 11.50092526525259 3.313457734882832 2384.344948813319 97.29433360695839 7105.633936479688 5619.415571935475 7315.75016964227 4716.93059836328 133.4682715535164 45.57751965522766 95.79513669759035 31.24344684183598 3.83412192761898 4232.133571453393 2215.137285463512 0.1518523991107941 0 1.320843890309334 39.35276983678341 7.648606657981873 3.66621820628643 1.728883422911167 361.7050191834569 0.08980776369571686 868.8301575630903 18.76510669291019 0 361.9836217388511 569.85340090096 275.2024367898703 617.2257298976183 0 42.40194661915302 1660.766246877611 674.021300047636 25.43427125364542 1132.141538232565 5017.370150722563 26638.68709713221 43.7068939357996 5.850830547511578 33.36900946497917 195.6409685686231 0.7445490583777428 0.2804532498121262 216.4689784348011 87.61624758690596 347.9657057672739 360.3374678716063 599.9666314125061 215.7210763022304 6.328226327896118 1.860839270055294 8.23099410533905 0.7628222927451134
130.8852542713284 0.1812285929918289 776.3251008763909 3314.991508349776 24.0039279088378 1166.671899959445 14340.24135778844 1067.532257728279 984.579501144588 7846.080106556416 31.72088656574488 1575.108621843159 0.3979542776942253 551.0481059476733 56.32450189441442 532.7192473784089 248.2415241003036 6.157480008900166 25.10486598312855 6071.565397948027 7229.201663002372 34.42646609991789 3983.880029179156 13503.30988910049 0.1520567536354065 209.2448429614305 251.6012412235141 26885.66224960238 1501.679909981787 14283.53231033683 0.1719906702637672 32.54197892546654 350.3655684813857 1548.379439584911 178.7995063439012 6199.298993632197 188.165073633194 2161.64223805815 1129.312512114644 555.0089060515165 280.9032903537154 2.03814410418272 108.031096637249 20.1864375397563 2.803619712591171 9.32392755895853 134.3078591972589 2.780050560832024 38.06211525201797 513.5478347241879 92.28444477170706 442.8743281885982 136.9919502064586 6.182991594076157 49.6563964933157 0.2168853878974915 47.45276320725679 15.25877400487661 227.719261623919 4.580564416944981 0.4352619796991348 2.689243882894516 116.6040675342083 72.93763563036919 38.7567822560668 68.40180571377277 2085.948740616441 0.5798321887850761 4.30161689966917 67.86709062755108 2960.947482973337 101.3027027025819 617.7882943972945 0 3.890276432037354 5.439230792224407 24.93374175578356 51.41066413372755 258.6890235692263 7.235110715031624 120.1407536417246 26.24994575977325 97.65801901370287 7.691588282585144 0.9721796214580536 0.8887464255094528
2320.064767815173 0 92.47561097890139 209.769010566175 112.8064459487796 2796.813642807305 1599.163692004979 3593.491546854377 40.58398098498583 273.9506973549724 222.0102200061083 437.0749408006668 2.025284193456173 7778.982791401446 54.11149992793798 0.6943757832050323 703.7568042874336 34.08585946261883 173.374690875411 759.6504007428885 685.1597217768431 0.3181317299604416 472.5869135484099 968.9100301861763 0.8946397006511688 290.8475321158767 58.05098632723093 1501.679909981787 16881.9913873449 11273.89239928126 1.70052932202816 1764.990202486515 2851.657492056489 4129.758444137871 16.00407689064741 769.1869636699557 90.38785654306412 1639.464466452599 192.373766168952 259.3383543565869 294.8467448502779 6.706109374761581 14.55283890664577 0.2428991198539734 0.2719290107488632 0.1009562090039253 1.944388695061207 0 1.711792521178722 41.44383163750172 8.644545421004295 20.44537467509508 4.057040110230446 0.3672811388969421 1.034697644412518 0 3.076331071555614 0.5356470867991447 2.696757599711418 0.1147683262825012 0 0 1.739663943648338 0.8359585255384445 1.300142154097557 2.123595185577869 76.97019575536251 0.3230575025081635 0.9156990796327591 3.265213407576084 132.6835773363709 4.697036392986774 12.50962491333485 0 0.10765390843153 0.1093170940876007 2.594073720276356 4.331489309668541 12.81908516585827 0 4.435469023883343 1.672365643084049 2.809234745800495 0.1230718120932579 1.617593839764595 0
