1672.912695817649 0.1146632730960846 29.76434597373009 5.376475252211094 1.044555947184563 23.79169530421495 2056.206288270652 450.4352499619126 13.45408058166504 74.03105365484953 2.256365984678268 2.863968349993229 0.1285057961940765 4611.070688568056 0.1281133145093918 5.158142112195492 61.3471222743392 1.445042960345745 18.47231133282185 14.77829560637474 42.01690863072872 0.3673199936747551 38.80283830314875 128.6382253840566 0 12.57003100961447 11.87284241616726 111.5815184414387 3510.294329628348 2749.752511784434 0.08687058836221695 2.171231240034103 153.0803895965219 189.7640924826264 0 28.58937498927116 6.856577299535275 139.0033173933625 24.07299413532019 1.534721150994301 0.7018487602472305 0.2265181988477707 0.3071636855602264 0.4512191116809845 0 0.1829207390546799 0 0 0 3.018045447766781 0.1876804605126381 6.797701492905617 0.9860343337059021 0 0 0 0.4572426676750183 0 2.735640600323677 0 0 0 0.4140623211860657 0.8118747547268867 1.546301178634167 0.297607809305191 18.34908816218376 0 0 0.5908345431089401 11.05884937942028 1.007647685706615 1.186206296086311 0 0 0 0 0 2.803444810211658 0.5160346031188965 0.7453793436288834 0.114261195063591 0.5062490105628967 0 0 0
0.1146632730960846 781.577965721488 69.91805104166269 0.2343058362603188 0.1609920263290405 0.1447392851114273 3.911531835794449 0.6940726637840271 329.7759484574199 0.09507032483816147 132.3443515077233 0.2394498512148857 551.1939291208982 0.7010584771633148 1.951490961015224 246.6450912058353 9.099968165159225 3.93338980525732 17.35229349881411 0 9.938899345695972 2726.394347220659 18.77117549628019 545.5420107915998 2540.849495626986 342.1462367027998 7647.119112722576 14.23822598159313 0.8235342800617218 1.027899295091629 28.41282431036234 0.3121135830879211 0.1941250562667847 22.34227249026299 0 14.63531997054815 41.37124469876289 38.47268989682198 7.326765701174736 2.81814943999052 0 2.665797933936119 0.4055463373661041 0 226.3501670360565 35.36126103997231 0 0 0 2.401236288249493 0 3.335200980305672 0 2.340251140296459 0 38.36878606677055 0.185107484459877 0 2.620604857802391 4.962327927350998 5.289446152746677 13.99228634685278 0 0.2487050443887711 28.50320412218571 6.527956739068031 5.046905368566513 64.13435558229685 222.664284594357 1361.813751094043 2.296373471617699 0.6872229874134064 2.804804980754852 3.474562577903271 0 0 4.871741138398647 0 8.774829283356667 42.50830394774675 20.62819610536098 10.78843374550343 0.6356347799301147 0.4578030407428741 2.472187206149101 0
29.76434597373009 69.91805104166269 8654.096718639135 3.067745864391327 0.7245965749025345 86.78734526783228 1251.323237806559 441.9137449786067 20.48800661414862 112.9518914669752 11.50680191069841 1.600264817476273 2.535244427621365 189.8710696324706 0.1266408860683441 47.44316557794809 3882.792647063732 28.12240672856569 307.611317679286 2.155972272157669 1448.772628232837 19.58914929628372 17000.82308357954 201.687694363296 1.997565865516663 5727.822214238346 9957.259203255177 1060.131311580539 115.1119672805071 606.3819836229086 2.630677856504917 2.853916667401791 5.785129606723785 1841.372656971216 28.40886094421148 1839.685254134238 7163.930106036365 3696.706165239215 1594.052714705467 31.76869890093803 8.269108712673187 2.315822146832943 5.463233612477779 0.8095215335488319 130.5664246827364 168.3652282059193 0.8543600365519524 0 0.2816558182239532 9.362460821866989 1.150815039873123 4.579023852944374 0.6733294650912285 0.6083523705601692 0 1.334585666656494 1.385794810950756 0.1851568073034286 7.075109221041203 8.568225659430027 0.533197432756424 2.892091326415539 0.2819294258952141 2.310088567435741 11.80479989945889 42.20761971175671 25.8279417976737 2.101944677531719 75.76915720105171 837.0544732585549 17.47101896256208 2.307920269668102 6.395153783261776 0.1051594838500023 0 0.6313410848379135 4.665280282497406 5.45350407063961 22.22362914681435 270.2849165573716 19.95968879759312 8.631827533245087 0.2592379748821259 0 0.3141860365867615 1.203396901488304
5.376475252211094 0.2343058362603188 3.067745864391327 3974.454022757709 0.7063648700714111 684.0987030267715 385.089572109282 107.7326758652925 453.6679107174277 2598.018099091947 0.7647048011422157 159.0936314836144 0 57.70224713534117 6.042879641056061 0.0764971524477005 0.3751681745052338 0.07510893046855927 0.2336767539381981 2887.603589616716 0.3922683522105217 0.4687946811318398 1.963396139442921 1531.112210988998 0 2.40870925784111 1.105136469006538 5223.66513171792 96.48945519328117 8.947435736656189 0.08836255222558975 1.313805259764194 1.173402637243271 28.88037913292646 0.1583427786827087 95.51251050829887 4.930815264582634 85.12195869535208 21.9278708845377 21.10465162247419 4.711742632091045 0 0.9034777507185936 0.3175951167941093 0.4406958743929863 0.1055299416184425 44.94161814451218 0 17.01730046421289 73.39537028223276 19.47753149271011 133.9225052595139 55.85689707100391 0.5092032253742218 90.17296845465899 0.1812707930803299 2.368378810584545 3.774401061236858 0.327596127986908 0 0 0 51.64559985697269 0.3211962133646011 0.6220681220293045 0.5862650722265244 156.8310823738575 0 0.141058936715126 1.458833999931812 101.2244247272611 4.486532583832741 1.823253892362118 0 0.5796258375048637 0.08516934514045715 2.168420076370239 0.5223510563373566 11.58252684026957 0.4909697026014328 6.441234797239304 1.224657863378525 19.54794800281525 0.6780616194009781 0.1103643327951431 0.4679881930351257
1.044555947184563 0.1609920263290405 0.7245965749025345 0.7063648700714111 5.693402886390686 332.7492509186268 5.703243032097816 146.782082259655 21.58457433432341 5.042354330420494 102.9447024539113 161.8186094537377 4.368787445127964 29.64601711928844 352.9881638586521 0 2.885123498737812 21.23878085613251 35.09984610974789 8.611085616052151 0.4624761044979095 0.07613062113523483 1.400963321328163 16.49112587422132 0.8797367215156555 44.71336683630943 27.5035653039813 5.601344905793667 120.0690046325326 1.649509340524673 2.682266391813755 378.7460292875767 0 387.8441558629274 1.375933259725571 107.7788263708353 28.20471806824207 676.8029747828841 212.0123541206121 406.2653954997659 48.90119130909443 8.600556433200836 2.174833759665489 0 0.1598972827196121 0.09235281497240067 0 0 0.3052084520459175 0.7903693914413452 0 0.8287571668624878 0 0 0.1673802435398102 0.2720977589488029 0 0 0 0 0.1931626126170158 0 0.2024652510881424 0 0.1090059950947762 0 2.651477016508579 0 0.3672777861356735 0.6539709270000458 1.003742523491383 0 0.5850031971931458 0.105236604809761 0 0 0 1.276473045349121 2.181457102298737 0.6082680821418762 0.09631191194057465 0 0.1863037794828415 0 0 0
23.79169530421495 0.1447392851114273 86.78734526783228 684.0987030267715 332.7492509186268 9122.551736287773 1939.713045828044 7127.645825877786 283.6640429273248 5795.739360019565 51.88172311335802 4104.604660056531 4.380246721208096 635.1052797660232 1078.069287873805 0.9484839588403702 26.57961537688971 14.53044565021992 31.99605557322502 914.5975476428866 26.97876454889774 1.903769113123417 29.55776731669903 1150.587608322501 0.8169118911027908 58.76149675250053 25.32332009077072 2065.46107596904 628.6553141698241 96.02042305469513 1.365259289741516 214.6586407423019 2.241026699542999 342.2632759362459 0.4735204577445984 365.9315818697214 40.67837623506784 1028.620773330331 141.153917260468 1664.940269909799 42.3366847038269 2.057891041040421 4.333918519318104 0.3438891172409058 0.3372075259685516 0 29.3249898403883 0.4234947264194489 16.16485783457756 78.35700052976608 19.84677824378014 91.63982180505991 37.85401955991983 0.5643008202314377 43.98057441413403 3.260148882865906 3.293141968548298 5.62535884976387 0.2899215146899223 0 0.121638223528862 0.1044308021664619 35.27097491919994 0.5795373469591141 0.254939541220665 0.2187745720148087 111.5730523169041 0 0.3019707128405571 1.250793553888798 81.87850334495306 4.895124278962612 2.541096478700638 0.1064694300293922 0.08278962224721909 0.09671560674905777 1.458654068410397 0.7383118271827698 28.90437323600054 0.4503292292356491 5.847952499985695 1.89106610417366 26.79143613576889 0.8871348351240158 1.16741144657135 0.2243631035089493
2056.206288270652 3.911531835794449 1251.323237806559 385.089572109282 5.703243032097816 1939.713045828044 14779.31560000032 5451.8398514539 267.8910760432482 9031.701353125274 8.700807079672813 82.02148923277855 0.6806234121322632 4795.729151114821 1.852024622261524 26.65677665919065 387.7652429640293 8.284644186496735 75.78476355969906 396.0593185573816 893.5380678847432 31.44228348135948 800.5169319584966 1740.17932472378 0.5469784215092659 433.8796960487962 87.70622354000807 18463.02487897873 1180.505666337907 7851.752973683178 0.09940919280052185 15.6747946664691 36.25609591603279 469.8301806524396 10.90615760535002 1163.420129463077 218.3808620199561 1211.222904376686 408.2972832173109 99.6210383027792 31.58515103906393 0.8192971423268318 9.821770146489143 4.888403698801994 0.08099029958248138 1.745856367051601 41.30301740020514 0.6044375821948051 18.68728864938021 224.0009982064366 43.95667150616646 146.5031772702932 56.69120746105909 1.075646348297596 33.13659976422787 0 17.01094394922256 2.28573139756918 22.91909261792898 0.1023393794894218 0.2895509898662567 0.4285617843270302 42.77045971900225 2.771009959280491 13.75509737432003 14.87940646708012 459.7659446299076 0 1.152599759399891 21.29236426204443 315.023202739656 22.59473761171103 16.89550937712193 0 1.108144462108612 1.234337136149406 10.1147131472826 6.942916005849838 117.9460600540042 3.356393985450268 36.69610291719437 10.13246649503708 33.16819471120834 6.09098158031702 1.962672203779221 3.295440770685673
450.4352499619126 0.6940726637840271 441.9137449786067 107.7326758652925 146.782082259655 7127.645825877786 5451.8398514539 11471.6760898903 40.51226249337196 2332.97730807215 118.9445560649037 1565.876280747354 7.241231799125671 6450.673804663122 274.5704862996936 2.377206332981586 436.4832308292389 36.61409083008766 178.5611049160361 854.0158181488514 183.3766218796372 0.1805087104439735 216.1533853933215 665.7443112209439 0.8211347833275795 219.1742990836501 123.4220385402441 492.5568149238825 1108.090541161597 1070.980237662792 3.904366910457611 270.1099199727178 11.26357200741768 568.661928139627 1.31145866215229 301.3540888205171 98.98425433039665 1427.834080398083 166.9921838492155 664.5513358339667 24.78701277822256 2.101959809660912 2.151670508086681 1.074611261487007 0.09610646218061447 0.1057720184326172 8.064376130700111 0.120060957968235 2.601233541965485 46.82127870619297 11.75194632261992 24.56614577025175 15.23802052438259 0.7348034009337425 9.928159609436989 0.4225756078958511 2.537565052509308 1.038901172578335 2.013561867177486 0 0.1278993487358093 0 12.32567311823368 0.3830810412764549 0.5236735194921494 0 77.21978052705526 0 0.7149936184287071 2.587386786937714 58.67075273394585 2.999406710267067 4.490471474826336 0.09788180142641068 0.08021707087755203 0.2278793752193451 1.498644568026066 0.5169447660446167 14.58835076540709 0.9221180453896523 4.995085187256336 0.7783314883708954 3.508144430816174 0.9593100994825363 0.4714797735214233 0
13.45408058166504 329.7759484574199 20.48800661414862 453.6679107174277 21.58457433432341 283.6640429273248 267.8910760432482 40.51226249337196 1469.637417882681 211.1921390295029 6.313869118690491 1441.112786903977 16.14113456010818 37.54538071155548 880.9310288876295 98.18417626619339 2.388397924602032 0.3978044390678406 1.349714376032352 1052.835708491504 21.5550417676568 1938.774411313236 9.167556442320347 8993.374111890793 160.6012055724859 25.43912463635206 787.4505454897881 638.1999102458358 120.0933024734259 116.9147028625011 1.730667889118195 2.808454804122448 9.472042068839073 46.60687255859375 1.791392028331757 512.7292650714517 24.5598601475358 157.0398143157363 59.83729715645313 960.2811848223209 10.38434672355652 0.1624056100845337 1.334673136472702 17.11609452962875 15.24418096989393 1.434718459844589 77.14354926347733 0.1214546784758568 29.22880204766989 242.0715955942869 43.16192486137152 509.2521255388856 88.41537737101316 2.81760223954916 96.6586112305522 0.4243343025445938 28.28766170144081 10.39154939353466 188.1340173184872 0.5202761441469193 0.3932740092277527 0.53128482401371 89.46317378431559 35.60448360443115 185.152228333056 14.18386816978455 1260.559281207621 0.5560654327273369 1.140193067491055 12.08763666450977 447.3713317289948 44.05036480724812 69.28486963361502 0.3639894351363182 0.9063315466046333 2.349095523357391 13.05447579920292 1.702376499772072 132.5522516667843 5.085762187838554 38.72837182879448 14.67736307531595 56.96188755333424 12.53326797485352 1.614111751317978 1.471187353134155
74.03105365484953 0.09507032483816147 112.9518914669752 2598.018099091947 5.042354330420494 5795.739360019565 9031.701353125274 2332.97730807215 211.1921390295029 18957.80938203633 4.013932228088379 1978.325185343623 0.1853326633572578 777.1760220378637 5.81727522611618 2.090862728655338 22.69284459203482 2.131435491144657 7.933504268527031 7264.57375510782 41.66820415109396 2.359999239444733 40.38342647254467 1259.832060322165 1.098542332649231 41.77946877479553 7.829396933317184 7255.24302726239 399.9179384037852 171.7561175897717 0 10.66849647462368 2.352650322020054 124.7047306746244 1.581607609987259 279.3856319487095 28.15188104659319 372.9977399334311 65.35384441912174 52.22297574579716 13.74619900435209 0.1372087895870209 2.904827326536179 1.136737763881683 0 0.3370715975761414 36.92043805867434 0 10.35946100950241 74.67887627333403 15.71509585529566 81.93515790998936 43.31537996977568 0.3589313551783562 30.42531631886959 0 3.925810389220715 2.066102601587772 1.915120311081409 0 0 0 38.3699444681406 0.3466440215706825 1.237566396594048 0.09185462445020676 132.2457086890936 0 0.08475494384765625 0.8376120775938034 106.1599462330341 4.058868080377579 2.284417733550072 0 0.4791337251663208 0.3659932464361191 1.101688854396343 0 16.98725915700197 0.287861667573452 4.975974358618259 1.406883515417576 13.66459123045206 2.529684312641621 0 0.1103508621454239
2.256365984678268 132.3443515077233 11.50680191069841 0.7647048011422157 102.9447024539113 51.88172311335802 8.700807079672813 118.9445560649037 6.313869118690491 4.013932228088379 8460.322917878628 26.64755307883024 3571.196932837367 65.74056795239449 0.1129742637276649 3.705318927764893 82.5480162575841 2638.150260619819 1797.120385028422 4.831939123570919 4.284137763082981 41.36902843415737 26.27300087362528 13.43053312599659 1732.559355676174 2689.216529071331 1078.31155564636 5.429585732519627 91.22894245386124 29.48897362500429 656.7692539766431 171.897198356688 0.5998839139938354 5224.115297719836 15.0146856084466 675.6305731683969 5281.967987343669 4291.597254656255 1160.853795267642 30.37174654006958 50.62729661911726 1198.377870291471 4.384574070572853 0.6407652124762535 23.91098950058222 0.3823293447494507 0.070389024913311 0.7802599519491196 2.847399510443211 1.157119147479534 4.17633256316185 0.7516578286886215 0.6174767166376114 367.1790790259838 0.4015581756830215 1535.101666800678 2.856758825480938 0 0 0 26.87718519568443 2.560294330120087 0.3164328783750534 0 2.827049046754837 0.4286742433905602 1.065165817737579 379.5265651941299 46.99013555049896 198.0341507345438 1.015428513288498 7.801962040364742 0.2200870141386986 158.1562061756849 6.251670271158218 0.07871154695749283 19.46949219703674 1.826025947928429 62.2418225184083 686.2712000980973 109.038426913321 9.652223899960518 1.465460330247879 2.428772419691086 242.4892673566937 0
2.863968349993229 0.2394498512148857 1.600264817476273 159.0936314836144 161.8186094537377 4104.604660056531 82.02148923277855 1565.876280747354 1441.112786903977 1978.325185343623 26.64755307883024 7934.623544476926 2.890235871076584 464.3764352053404 1350.953172117472 0.3485906645655632 2.007978975772858 6.644610211253166 14.75692353397608 4645.708332516253 0.9633383452892303 2.145227484405041 1.936582237482071 552.6154754906893 3.546373471617699 16.99475328624249 13.73270935565233 266.9744116440415 638.4842345565557 4.778542242944241 1.181814342737198 83.87276723235846 0 289.1623322889209 0 824.3692684173584 21.62700455635786 971.2627499997616 47.70184747874737 2564.32211843133 49.6702785640955 3.863948687911034 3.795641556382179 0.3157822266221046 0.2136598974466324 0.1367363482713699 73.0054991915822 0.7702060863375664 27.31447169184685 53.46433650702238 15.54477152228355 331.3219172731042 96.06305868178606 1.804326117038727 262.9567054957151 5.802129209041595 3.404542170464993 26.74121765047312 1.31801050901413 0 0 0 104.9853119179606 0.3455384746193886 0.6033687591552734 0.362085297703743 133.8940335512161 0 0.2380773723125458 0.75273796916008 98.18977531790733 5.957850456237793 3.106415376067162 0.1620793268084526 0.3429457917809486 0 0.7885680049657822 0 60.81524299830198 0.5914722830057144 4.322322204709053 0.7071947380900383 136.4787311032414 1.256462335586548 0 0.2942299842834473
0.1285057961940765 551.1939291208982 2.535244427621365 0 4.368787445127964 4.380246721208096 0.6806234121322632 7.241231799125671 16.14113456010818 0.1853326633572578 3571.196932837367 2.890235871076584 3355.291393257678 3.78966560959816 0 4.362119041383266 3.201241217553616 238.8301143944263 50.34024241566658 0.5778643488883972 0 131.5831565111876 0.9508984461426735 23.34559832513332 5017.466809101403 968.1650240346789 4041.300861507654 0.612593874335289 3.127078175544739 0.3727218583226204 713.0142168849707 6.262575753033161 0.09894166141748428 1248.620231255889 1.255931153893471 72.88204611092806 1853.169732421637 1169.699413284659 131.0706009790301 3.081777445971966 11.07755056768656 859.2683418095112 0.1242282539606094 0.3171302899718285 33.14058236777782 0.7478288412094116 0 0.3448476493358612 1.253375038504601 0.244750052690506 1.396929025650024 0.5592616498470306 0.2062793299555779 310.8094754815102 0.1837252825498581 1289.529575131834 2.391730032861233 0 0 0.2345923855900764 33.75449205935001 3.596133291721344 0.09214182198047638 0 1.819539144635201 0.608700804412365 1.315368309617043 636.6958849653602 83.84954801946878 314.5831331238151 0.3493386805057526 2.540377832949162 1.029717624187469 186.7229511067271 3.478363901376724 0 13.6486821770668 0.1617628484964371 11.49436911195517 485.0074061751366 63.74629550427198 6.05501601845026 0.3333466351032257 1.383707031607628 180.9695961028337 0
4611.070688568056 0.7010584771633148 189.8710696324706 57.70224713534117 29.64601711928844 635.1052797660232 4795.729151114821 6450.673804663122 37.54538071155548 777.1760220378637 65.74056795239449 464.3764352053404 3.78966560959816 8707.683073505759 6.248477719724178 9.445439130067825 365.5945073440671 25.07670724391937 146.1868004202843 310.2018212899566 137.4246163666248 1.90311936289072 182.5185558125377 610.6153801307082 0.8363126590847969 130.6097720190883 94.98674853891134 428.153402633965 5959.936770275235 2549.700408495963 3.084607616066933 220.1590524166822 29.43703186511993 821.5985375419259 2.16596569865942 121.2668718472123 46.35128789395094 865.9596346095204 88.3881169334054 65.26285061240196 8.256383657455444 0.9416120201349258 1.304804563522339 1.991837836802006 0.4276083186268806 0 4.898960962891579 0 3.309846289455891 23.68817339837551 4.719277992844582 19.83598650991917 5.186328873038292 0.205227442085743 3.36767616122961 0.2320438548922539 3.112045466899872 0 2.802700184285641 0 0.3982039019465446 0 4.329293496906757 1.633388660848141 4.70020592212677 0.5787934511899948 77.26439556479454 0 0.6092796325683594 1.658265151083469 43.2686976864934 5.228461943566799 8.776027545332909 0.1980646625161171 0 0 1.591285690665245 0 14.61753916740417 1.401538692414761 3.237284243106842 2.380901336669922 3.329009190201759 0.9058186635375023 0 0
0.1281133145093918 1.951490961015224 0.1266408860683441 6.042879641056061 352.9881638586521 1078.069287873805 1.852024622261524 274.5704862996936 880.9310288876295 5.81727522611618 0.1129742637276649 1350.953172117472 0 6.248477719724178 288.9310550838709 0 0.1180125847458839 0.2179607152938843 0.1954372003674507 25.22156405448914 0.727209210395813 6.905849024653435 0 158.3695231452584 0.3101532906293869 0.3866468816995621 2.816793829202652 6.997493304312229 3.480007767677307 0.4974247142672539 0 195.3747234493494 0.1554985791444778 12.15122073143721 44.97279325127602 166.4089539200068 3.414194762706757 13.22244477272034 2.87991389632225 1052.318711280823 7.354485914111137 0 0 0.2057593315839767 0 0 7.788795292377472 0 1.730502635240555 3.750715032219887 2.325767301023006 43.88156596571207 8.971159182488918 0 22.73183775693178 0 0 2.542213886976242 0.2501244693994522 0 0 0 10.12937803566456 0 0.2359895259141922 0 12.32843869179487 0 0.386859804391861 1.048461109399796 7.223957352340221 0.1691737771034241 0 0 0 0 0.9356695413589478 15.47696787118912 7.311970815062523 1.296165928244591 5.919361956417561 11.85593318939209 14.81983000785112 0 0 0
5.158142112195492 246.6450912058353 47.44316557794809 0.0764971524477005 0 0.9484839588403702 26.65677665919065 2.377206332981586 98.18417626619339 2.090862728655338 3.705318927764893 0.3485906645655632 4.362119041383266 9.445439130067825 0 1207.525310099125 44.94240114837885 0.5988390818238258 10.6407256051898 0.7116721644997597 3514.568231828511 3411.73114155978 3923.444109819829 2446.884201616049 31.00904507189989 118.829790443182 3732.576091751456 1898.531462959945 113.9341015219688 291.2954627126455 0.6709433197975159 0.5448765307664871 43.23089315742254 180.9492175132036 25.22637493163347 1581.238614976406 492.1954039409757 627.6124518588185 382.930564597249 30.46110313385725 4.824556350708008 1.838141813874245 10.51597572118044 8.767592750489712 19.92157407104969 31.39971330761909 1.987422823905945 0.2991869747638702 0.3392110913991928 57.28855820000172 4.372747883200645 92.10936211794615 2.629916936159134 0.8895509988069534 1.142519496381283 1.865999944508076 6.862964652478695 0.615440845489502 2243.978672809899 1.323581397533417 0.1133725270628929 1.149843990802765 0.2404099404811859 232.6330863833427 987.9522576704621 656.4963105395436 531.8672281801701 0.1067363396286964 4.623042315244675 463.356776162982 306.8437050804496 43.84821425378323 92.52503690868616 0 0.5512011647224426 3.37349359691143 10.84140332043171 12.38489727675915 362.0363338068128 22.95280630141497 24.68819977343082 17.92473692446947 3.683161124587059 0.8463064804673195 2.374996066093445 0.956002838909626
61.3471222743392 9.099968165159225 3882.792647063732 0.3751681745052338 2.885123498737812 26.57961537688971 387.7652429640293 436.4832308292389 2.388397924602032 22.69284459203482 82.5480162575841 2.007978975772858 3.201241217553616 365.5945073440671 0.1180125847458839 44.94240114837885 2829.311415322125 102.3394945934415 2635.087604813278 1.583914525806904 260.2950650155544 7.91073189675808 6771.400686092675 78.76651567220688 0.7092824354767799 4138.887215413153 4165.03113796562 216.1541348397732 214.7976966798306 912.8899474963546 6.989710241556168 6.523288585245609 8.933877177536488 1404.235936328769 4.847233287990093 479.1682310923934 1376.218737490475 1187.135078631341 368.9788978844881 7.649016737937927 3.383428446948528 0.4400530159473419 0.7399128675460815 0.7059522271156311 7.484300322830677 3.040554270148277 0 0 0 0.8687213808298111 0 0.8631579950451851 0 0.3851861953735352 0.0907394140958786 1.083981744945049 0 0 1.743595264852047 0.2755468785762787 0.3185873106122017 0.9162729233503342 0 0 0.4215524047613144 1.118042267858982 5.220658503472805 0.4942783266305923 21.68090219050646 52.21394346654415 2.55267746001482 0.5752714872360229 1.073195308446884 0.5513624548912048 0 0 0.2245911657810211 2.251738876104355 4.530203804373741 22.30439386516809 0.4037567228078842 1.494018137454987 0 0 0 0.4765980541706085
1.445042960345745 3.93338980525732 28.12240672856569 0.07510893046855927 21.23878085613251 14.53044565021992 8.284644186496735 36.61409083008766 0.3978044390678406 2.131435491144657 2638.150260619819 6.644610211253166 238.8301143944263 25.07670724391937 0.2179607152938843 0.5988390818238258 102.3394945934415 113.8362342938781 1619.857499092817 1.823823690414429 4.994842253625393 2.444304339587688 36.18122715502977 5.079586260020733 24.61482644081116 2393.838347971439 343.6416238769889 4.335819914937019 28.30034424364567 15.94809798151255 325.4712262228131 31.37125501781702 0 1094.536712601781 4.174047507345676 281.4347728267312 1356.111823141575 998.4937251657248 347.9309014379978 6.286903336644173 6.506103292107582 30.70639338344336 0.404178261756897 0 3.035248324275017 0.1218971312046051 0 0.217084527015686 0 0 0 0 0.08645478636026382 60.46586672216654 0 99.2331772223115 0.5819928795099258 0 0 0.2579462602734566 49.1496653854847 5.631794676184654 0 0 0.1474969387054443 0 0.0880628228187561 23.24627586454153 77.94992975145578 187.6573293581605 0.2068098187446594 0.3510188087821007 0 47.71868781745434 0.08155936002731323 0 2.617167338728905 0.6548574417829514 17.29311798512936 109.6144305542111 7.693577073514462 0.3178245052695274 0.1578418016433716 0 2.119522251188755 0
18.47231133282185 17.35229349881411 307.611317679286 0.2336767539381981 35.09984610974789 31.99605557322502 75.78476355969906 178.5611049160361 1.349714376032352 7.933504268527031 1797.120385028422 14.75692353397608 50.34024241566658 146.1868004202843 0.1954372003674507 10.6407256051898 2635.087604813278 1619.857499092817 2046.649985410273 2.967763140797615 33.85793498158455 3.862425707280636 469.8345299884677 21.89446328580379 15.99127747863531 5599.811959825456 1438.841226071119 38.73274298012257 138.0457082986832 193.706925868988 83.36999362707138 74.1114896684885 2.539531134068966 3550.414792023599 2.954990699887276 825.9654139578342 1997.689977869391 2427.040490746498 534.3689792528749 15.83677066862583 7.315249852836132 5.076716028153896 0.9881354346871376 0 14.15960368514061 0.2353018820285797 0 0 0 0.1912670135498047 0 0.3500555455684662 0 12.10729297250509 0 16.69574819505215 0 0 0.7140165492892265 0.8711018562316895 21.82017488032579 2.343510344624519 0.2343250066041946 0 0 0.2044764161109924 1.905160374939442 7.632530376315117 78.76517897844315 164.9231558814645 1.15957423299551 0.2336386069655418 0.6363381296396255 12.41987239569426 0.1318579167127609 0.1128371432423592 1.178283698856831 1.410885035991669 14.04351115971804 46.68380798399448 1.756009869277477 1.584971942007542 0.4499659240245819 0 0.2219240143895149 0
14.77829560637474 0 2.155972272157669 2887.603589616716 8.611085616052151 914.5975476428866 396.0593185573816 854.0158181488514 1052.835708491504 7264.57375510782 4.831939123570919 4645.708332516253 0.5778643488883972 310.2018212899566 25.22156405448914 0.7116721644997597 1.583914525806904 1.823823690414429 2.967763140797615 1110.025562994182 1.379845134913921 0.1217281371355057 2.154399171471596 1670.678604699671 0 6.049828536808491 4.864547237753868 2785.103101111948 462.8616707324982 7.679885216057301 0.08957827091217041 14.52042260020971 0.9730920270085335 157.0165185779333 1.459869667887688 478.556081674993 15.00762757658958 508.44142922014 64.67902877181768 163.6554496958852 22.54018706828356 0.4345854446291924 5.641095630824566 0.2222097814083099 0 0.09139447659254074 96.6661478728056 0 32.61684354394674 149.2370616495609 35.81551872193813 311.7692492902279 114.4112329930067 0.4692950621247292 141.7504796609282 2.783364117145538 8.437476709485054 8.890120320022106 1.04649218916893 0 0 0 118.6353849321604 0.9341121092438698 0 0.2437187060713768 287.318239569664 0 0.1957673206925392 1.066283844411373 203.5846712216735 6.473117783665657 1.823678962886333 0 0.3234667107462883 0 2.705880500376225 1.792890340089798 43.27065005153418 0.1102673336863518 10.73663140833378 3.591664008796215 64.15977369993925 3.066449373960495 0 0.138546034693718
42.01690863072872 9.938899345695972 1448.772628232837 0.3922683522105217 0.4624761044979095 26.97876454889774 893.5380678847432 183.3766218796372 21.5550417676568 41.66820415109396 4.284137763082981 0.9633383452892303 0 137.4246163666248 0.727209210395813 3514.568231828511 260.2950650155544 4.994842253625393 33.85793498158455 1.379845134913921 15498.71761110425 91.93318120390177 14431.60409191251 492.3852238729596 1.061096742749214 341.9500390589237 415.5786985754967 6490.436302550137 293.1565920114517 7862.828202851117 0.2581808120012283 0.6726732924580574 79.55852289497852 2001.089712299407 39.47453790158033 2835.423115082085 418.0216936543584 3650.54629137367 1240.742441914976 73.58723426610231 13.68059974908829 0.2550999522209167 18.49054693430662 2.313474401831627 2.172069758176804 3.824163042008877 0 0.35218146443367 0.4980809241533279 11.37624970078468 0.9467730522155762 17.12675575911999 2.910592786967754 0.3526613637804985 1.637374460697174 0 5.389720275998116 0.3618049323558807 242.6563413143158 0 0 0 0.3779980689287186 50.24382411688566 94.11896871775389 34.12028469890356 144.8977495580912 0 1.615260034799576 40.3950521722436 85.11245968192816 12.3502442240715 33.15695570409298 0 0 0.260916605591774 2.649227812886238 22.92317825555801 53.56394078582525 8.081260740756989 7.075197868049145 11.30786237865686 1.894590824842453 0.1903308779001236 0.133326530456543 1.169553756713867
0.3673199936747551 2726.394347220659 19.58914929628372 0.4687946811318398 0.07613062113523483 1.903769113123417 31.44228348135948 0.1805087104439735 1938.774411313236 2.359999239444733 41.36902843415737 2.145227484405041 131.5831565111876 1.90311936289072 6.905849024653435 3411.73114155978 7.91073189675808 2.444304339587688 3.862425707280636 0.1217281371355057 91.93318120390177 2836.859933130443 341.3499009534717 5606.21228248626 1092.186830863357 76.48943316191435 5317.824606753886 114.1329983845353 7.304930411279202 11.72114134579897 13.86956548690796 0.4161539971828461 0.9730794355273247 15.76077642291784 1.580243527889252 86.36148833483458 38.71668585389853 60.01341518759727 38.38084205240011 19.31329242885113 0.9547742605209351 2.921441957354546 0 3.978068843483925 48.78886877000332 73.80667754262686 0.6411394476890564 0 0.2962434887886047 18.59624892473221 1.419651865959167 120.4998207762837 0.5468530133366585 0.8903869017958641 0.4453226327896118 2.517584756016731 2.125296227633953 0 892.0748946294188 1.461778283119202 0.3222681209445 0.8458553329110146 0 48.2386187389493 367.1909600049257 395.7422076389194 173.567291803658 0.3708388656377792 5.715074881911278 911.3843981996179 89.06239166855812 7.198560990393162 13.62330390512943 1.001193918287754 0 0.8341851085424423 3.971266709268093 0 104.5420431345701 23.20647373050451 21.36831554025412 18.06583092361689 1.414514020085335 0.1122119426727295 0.2370529770851135 0
38.80283830314875 18.77117549628019 17000.82308357954 1.963396139442921 1.400963321328163 29.55776731669903 800.5169319584966 216.1533853933215 9.167556442320347 40.38342647254467 26.27300087362528 1.936582237482071 0.9508984461426735 182.5185558125377 0 3923.444109819829 6771.400686092675 36.18122715502977 469.8345299884677 2.154399171471596 14431.60409191251 341.3499009534717 18755.78558145463 649.7280066981912 1.318982243537903 2527.98525672406 6330.981527142227 3895.972460068762 132.2508177012205 3962.928472317755 2.82242788374424 2.94029950350523 20.76551067084074 2492.646162874997 169.9651712924242 8072.437365204096 6376.625493109226 7985.537035390735 4862.617747746408 179.03957542032 49.54654041677713 2.007320925593376 53.07227577269077 1.756487213075161 12.79359164834023 100.9154773429036 0 0 0.1186355575919151 15.38488347828388 0.6603713929653168 16.71160333603621 0.2925813123583794 0 0.1326954364776611 0.4583047702908516 1.216622292995453 0.1431697756052017 894.5086815953255 1.759903952479362 0.442586749792099 0.7892535999417305 0.1231650337576866 55.50283613055944 354.807152621448 592.1358404606581 92.8161668330431 0.185296855866909 4.537056788802147 857.7323125451803 63.04072563350201 6.003284208476543 10.84738114476204 0.08421915769577026 0 0 1.608300022780895 48.36082400381565 253.704764932394 74.79275844246149 27.08528539538383 48.99020466208458 0 1.032284885644913 0.9481398463249207 4.383549928665161
128.6382253840566 545.5420107915998 201.687694363296 1531.112210988998 16.49112587422132 1150.587608322501 1740.17932472378 665.7443112209439 8993.374111890793 1259.832060322165 13.43053312599659 552.6154754906893 23.34559832513332 610.6153801307082 158.3695231452584 2446.884201616049 78.76651567220688 5.079586260020733 21.89446328580379 1670.678604699671 492.3852238729596 5606.21228248626 649.7280066981912 9385.906225733459 156.9973780065775 269.3765617758036 1474.786289192736 5652.661298982799 1777.995208278298 1529.323886558414 3.204627253115177 21.21218355745077 245.5551437363029 703.4349235519767 24.38794871419668 3424.407776772976 249.6510803028941 2120.906295150518 818.026550643146 618.0646736994386 80.03287759423256 3.599751971662045 20.28755348175764 56.93226552009583 14.02838136255741 18.99837186187506 150.4813880324364 0.9784309342503548 79.68255608528852 736.1330738142133 150.808408036828 1582.735087357461 202.5839202404022 6.343931823968887 138.436620131135 2.624910324811935 90.15952845662832 16.07313784956932 384.2220081165433 1.013724476099014 1.363671779632568 0.9175658971071243 172.8794398084283 63.84001431614161 409.9517595171928 160.0770513564348 2897.295221224427 0.4362825453281403 5.371889181435108 210.8383406251669 1448.286680981517 156.9450046271086 238.3261520937085 0.5428939610719681 5.797601014375687 7.435839504003525 44.85066375881433 20.77961169183254 622.1499318182468 30.30267883837223 143.5755197927356 58.5174370855093 109.1996880173683 30.2792996764183 2.626960515975952 6.701086938381195
0 2540.849495626986 1.997565865516663 0 0.8797367215156555 0.8169118911027908 0.5469784215092659 0.8211347833275795 160.6012055724859 1.098542332649231 1732.559355676174 3.546373471617699 5017.466809101403 0.8363126590847969 0.3101532906293869 31.00904507189989 0.7092824354767799 24.61482644081116 15.99127747863531 0 1.061096742749214 1092.186830863357 1.318982243537903 156.9973780065775 301.0488371104002 550.2686689645052 4589.537435591221 4.099192030727863 2.782310858368874 1.427442982792854 187.6321354806423 2.303644441068172 0 341.4511262029409 2.910188555717468 507.4641687348485 437.0743752494454 397.4980096593499 56.64647912234068 48.54080853611231 24.87757438421249 183.4006731659174 3.532540559768677 0 146.4708680063486 1.001948438584805 0 0 0.3647829666733742 0.330446869134903 0.7708885222673416 1.588943794369698 0 121.3465960323811 0.1062604710459709 643.4342880472541 0.3458369374275208 0 2.47065307199955 0.3642769008874893 26.82721489667892 6.317887097597122 0.1375719308853149 0.4902765154838562 4.481243282556534 0.7965115308761597 3.504551604390144 140.7723384052515 82.05692286789417 673.5403070673347 0.4923074692487717 0.3866754323244095 0 69.74377670884132 1.151668958365917 0 3.877886690199375 1.247313022613525 174.1220882833004 63.92183689028025 34.24797041714191 3.413491308689117 2.301407933235168 1.420397445559502 15.26176592707634 0
12.57003100961447 342.1462367027998 5727.822214238346 2.40870925784111 44.71336683630943 58.76149675250053 433.8796960487962 219.1742990836501 25.43912463635206 41.77946877479553 2689.216529071331 16.99475328624249 968.1650240346789 130.6097720190883 0.3866468816995621 118.829790443182 4138.887215413153 2393.838347971439 5599.811959825456 6.049828536808491 341.9500390589237 76.48943316191435 2527.98525672406 269.3765617758036 550.2686689645052 26301.16929905862 17940.67698136717 402.3090211749077 119.281073756516 172.8170680403709 1168.988787531853 79.94174826145172 4.045728646218777 2472.825641363859 15.05728161334991 2217.266883686185 9229.620047971606 5468.123097322881 1230.63891890645 37.9178094342351 13.48557782173157 100.2701696380973 3.220027431845665 0.8110935389995575 309.4011002108455 27.74897069483995 0 0.1438117623329163 1.402067288756371 7.856905445456505 2.480688333511353 6.615526378154755 0.5422285422682762 313.0962065160275 0.2743980288505554 890.8397916778922 3.591263242065907 0.5138745531439781 5.098190687596798 23.59990727156401 298.8035980239511 62.60028536617756 0.1873453631997108 2.567571870982647 11.14191208779812 9.133038491010666 24.87726099044085 383.1077561452985 1447.116563670337 3296.416610494256 11.50004529953003 6.105364881455898 9.009484678506851 322.9065009877086 1.261014051735401 0 19.55754970014095 7.924234382808208 61.5231684371829 1170.155023515224 75.40370912849903 17.15569579601288 1.096345588564873 0.4776531457901001 18.11116382479668 0.1574836075305939
11.87284241616726 7647.119112722576 9957.259203255177 1.105136469006538 27.5035653039813 25.32332009077072 87.70622354000807 123.4220385402441 787.4505454897881 7.829396933317184 1078.31155564636 13.73270935565233 4041.300861507654 94.98674853891134 2.816793829202652 3732.576091751456 4165.03113796562 343.6416238769889 1438.841226071119 4.864547237753868 415.5786985754967 5317.824606753886 6330.981527142227 1474.786289192736 4589.537435591221 17940.67698136717 43123.64227078855 481.0839202776551 91.72204269468784 121.3519118800759 1304.590131118894 58.89177211374044 2.346747413277626 4832.238191746175 88.50179938971996 4985.242619328201 9639.985154673457 10387.54900105298 3770.618698388338 94.12014171481133 20.58915844559669 30.3869596645236 15.3155206143856 1.089182659983635 2873.83480065316 1536.001949772239 0.2029754295945168 0 1.509911485016346 57.25033650547266 7.602336168289185 16.23493637889624 0.6809243857860565 288.8316106721759 0 890.5532515645027 7.736947782337666 0 266.1743481829762 109.9999319911003 361.2615025192499 136.1071301475167 0.4948777034878731 24.85152739286423 448.5273103043437 810.3847702890635 58.05189266055822 971.3479421064258 3135.96314907819 14647.68310150504 53.74337668716908 3.845023483037949 22.03414229303598 406.7015708014369 0.6885759308934212 0 61.85701915621758 23.93878321349621 297.969195716083 2945.565777331591 317.987885504961 136.6733729764819 4.13355652987957 1.107059322297573 10.4673984721303 5.412318304181099
111.5815184414387 14.23822598159313 1060.131311580539 5223.66513171792 5.601344905793667 2065.46107596904 18463.02487897873 492.5568149238825 638.1999102458358 7255.24302726239 5.429585732519627 266.9744116440415 0.612593874335289 428.153402633965 6.997493304312229 1898.531462959945 216.1541348397732 4.335819914937019 38.73274298012257 2785.103101111948 6490.436302550137 114.1329983845353 3895.972460068762 5652.661298982799 4.099192030727863 402.3090211749077 481.0839202776551 18807.05186241865 1342.354887656868 11899.08830750734 0.9131437689065933 11.41115365177393 294.9138539880514 1149.425500050187 52.73844748735428 2996.898311115801 233.5303125530481 2501.576162107289 898.7388948574662 129.6981539875269 40.06871952861547 1.397756680846214 16.48905857652426 26.52140527963638 2.464386574923992 11.52537222206593 50.40410644561052 0.9754380062222481 29.41845671832561 331.3277131468058 76.14291141927242 307.1549514383078 77.77149333059788 2.42174032330513 51.3401387706399 0.8900202363729477 37.4918897151947 6.591277875006199 228.1042552515864 1.393484778702259 0.2160297930240631 1.02872621268034 62.62076018750668 59.89603464305401 119.8081149533391 54.13913708180189 1094.660762928426 0.158557653427124 2.067036963999271 87.2416015714407 628.5431829169393 80.64641824364662 118.8724547252059 0 2.102731592953205 3.454348333179951 20.06206975877285 19.02294098585844 284.0910527929664 14.06236469000578 67.28511022776365 34.69066572189331 38.71345523744822 11.22911218553782 1.707831636071205 2.631435081362724
