697.6162363439798 0.538309819996357 26.30936697870493 1.489385738968849 0.1409129351377487 5.449969500303268 2575.133939951658 745.2395925298333 0.9942243695259094 17.0246803984046 4.518412299454212 1.559607483446598 0.3037208989262581 6973.080028675497 0 0.1378486901521683 292.7537539973855 10.64556637406349 52.55103345215321 1.138583764433861 48.82635467499495 0 161.6747685521841 7.76659519225359 0.4282149225473404 89.32922226190567 21.6918081715703 27.70829021185637 3450.240206494927 3125.649562701583 0.3893309682607651 28.15994316339493 222.2844351530075 221.4077354967594 0.9233715534210205 13.80422675609589 2.605660758912563 26.67891741544008 4.222178772091866 3.697602242231369 0.166239395737648 0.1575482934713364 0 0 0.3199407085776329 0.1261693239212036 0 0 0 0 0 0.620471715927124 0 0 0 0 0 0 0.179664358496666 0 0 0 0 0 0 0 1.743780732154846 0 1.227687396109104 2.34223697334528 2.362914480268955 0 0 0 0 0 0 0 0.2018309831619263 0 0 0.1368690580129623 0 0 0 0
0.538309819996357 539.5475823581219 315.6308923959732 0.1884326636791229 0.9019256010651588 0.09106460213661194 4.516692817211151 2.740099258720875 511.6498467028141 0.6252578422427177 8.629988789558411 0.6178949624300003 1392.576837033033 1.737349882721901 13.78806512802839 242.3689276278019 215.7552950456738 2.962290309369564 49.23843950778246 0.114678755402565 3.779749244451523 2753.093124426901 17.42712024599314 768.3807502165437 2747.534919396043 629.1752847805619 5410.044876582921 13.94448456168175 1.946242585778236 1.643347069621086 64.14162956178188 0.3892558366060257 0.3480865806341171 36.93236409127712 0.2881503403186798 107.8920027911663 1362.620547570288 162.7380051016808 87.98638429492712 15.86760866641998 0.4010708034038544 61.19806964695454 0.3948139697313309 0.365438386797905 308.1236897259951 149.1537185758352 0 0 0 9.117189399898052 2.708688072860241 1.335368171334267 0.4246307015419006 3.256075516343117 0 20.16850464791059 0.7997391670942307 0 9.705481827259064 25.61680255830288 2.094315767288208 1.653700038790703 0 1.37331123650074 11.71120059490204 15.67637650668621 12.26147398352623 26.31651948392391 150.906518034637 2077.743567891419 5.01997796446085 0.317437618970871 0.1448297649621964 3.884670607745647 0.09992155432701111 0 3.615917295217514 0.8372042179107666 21.5378714799881 35.91425886750221 12.06398421525955 4.170721977949142 0.3830616697669029 0 3.172202572226524 0
26.30936697870493 315.6308923959732 5689.748449862003 7.227117024362087 0.7437858581542969 204.0128286257386 2997.001959353685 911.8255799040198 2.404507741332054 128.5257680416107 15.52304770052433 2.643753029406071 2.130087308585644 372.8142031282187 0.5657392740249634 64.76768650859594 2856.920650713146 21.52148060500622 203.3365164473653 0.6616052091121674 590.6947958543897 58.0093064904213 14627.23568125814 119.8242721036077 2.650405749678612 8355.288951836526 13785.25535044819 796.8956004232168 134.2869578674436 234.6126155480742 2.20503843575716 27.61731052398682 8.23827663064003 562.4954541772604 3.011189311742783 1539.73696090281 6064.805055230856 1657.286091692746 813.4951060637832 48.70662363618612 18.08213878422976 3.786082379519939 13.458097666502 2.886248990893364 402.7688766717911 1020.732009120286 0.314909815788269 0 0.4465806484222412 49.36699253320694 19.52626679837704 2.983970165252686 3.866801284253597 0.3782515078783035 0 1.616773724555969 12.00637852400541 0 23.72025565803051 202.4670108184218 1.071249663829803 13.43608804047108 0.5464084297418594 13.82772332429886 87.64286910742521 118.0340683013201 39.12722423672676 2.521062389016151 330.2096665427089 3379.099382087588 29.88564306497574 3.3671730235219 2.953502178192139 0.983269989490509 0.120464950799942 0.1979743391275406 14.79218427091837 1.751518368721008 80.30879905074835 262.9278349727392 60.48557763546705 28.5230852663517 4.240483984351158 0.340494692325592 0 0.5870642066001892
1.489385738968849 0.1884326636791229 7.227117024362087 4025.33365291357 8.017597511410713 166.2608080357313 26.32752697169781 28.50965146720409 1867.556067824364 5386.249464914203 5.684770159423351 3739.661882773042 0.09826824069023132 39.75312705338001 142.7667027935386 0.3094688355922699 2.00505542755127 1.475273706018925 5.048732429742813 8468.137122891843 0.2103531956672668 2.01812681555748 3.381000652909279 2214.88106572628 0.4076380431652069 7.974917754530907 2.487456545233727 2824.61718454957 103.0996219813824 0.1164845153689384 0.187166653573513 11.34225105494261 5.985486149787903 108.4581900462508 2.731188088655472 404.4182695001364 5.496420055627823 156.7789870128036 32.81162724643946 205.55376368016 20.85353725403547 0.1227191239595413 4.027072668075562 0 0.2585242986679077 1.11131739616394 296.3928219899535 6.016847267746925 32.57237328588963 4.318227127194405 4.199326753616333 113.3988250643015 321.3009522482753 0.1387899070978165 284.977735221386 0 1.001452788710594 35.60010831058025 0 0 0 0 212.7872513458133 0 0.2753765657544136 0.1403357535600662 373.4981230273843 0 0 0.4418207183480263 386.034963041544 0.4971009120345116 0.3858901858329773 0 0 0.09907955676317215 0.5713681653141975 0 144.7742626070976 0.161346048116684 4.069673523306847 0.4102473109960556 257.1642061248422 0 0 0.4164784550666809
0.1409129351377487 0.9019256010651588 0.7437858581542969 8.017597511410713 164.0357719659805 255.9559634923935 2.166915789246559 53.39041001349688 169.7648341581225 15.85571339726448 15.22158581763506 216.9152171611786 6.454753674566746 3.478728882968426 1352.693628311157 0.1441853195428848 1.437137424945831 4.905826047062874 7.343905620276928 10.18522053211927 0.6138641908764839 10.31245122104883 0.2368969097733498 36.98028014600277 1.951595321297646 3.353370971977711 2.265104971826077 10.87631394714117 7.501914292573929 0.6962074637413025 0 233.0499303638935 0 649.9667747169733 0.2958230972290039 53.38953424245119 4.106901630759239 147.5173904448748 22.73984211683273 1223.714831352234 48.97393769025803 0 1.255026370286942 0 0.1545125097036362 0 0.9082757085561752 0 0 0.1171956583857536 0 0.9958952963352203 1.149750307202339 0 1.897533342242241 0 0 0.3248369991779327 1.811607636511326 0 0 0 0.882372573018074 0.7850977033376694 0.9556682929396629 0.1710001230239868 3.33457375317812 0 0 0.9299136325716972 2.4314004778862 0 0 0 0 0 0 0 2.369743078947067 0 0 0 1.705495193600655 0 0 0
5.449969500303268 0.09106460213661194 204.0128286257386 166.2608080357313 255.9559634923935 11618.6050222069 2991.546025216579 2823.88287872076 37.07603337615728 10466.43964817375 95.17635434865952 4719.142346836627 6.553474232554436 324.7545131221414 881.516694560647 0.3045882061123848 89.63748078048229 36.82188832014799 78.02334247156978 377.4176947176456 31.37257181853056 0.6778400987386703 124.8170420154929 131.2446325793862 5.65815432369709 186.911100462079 39.44798251241446 2214.768328256905 366.7305666953325 23.571962274611 1.373824551701546 865.2829926684499 8.024264253675938 977.5054345205426 3.961029171943665 507.8714628517628 27.4158842638135 365.9060016870499 45.58669025450945 2055.634479820728 58.21364539861679 2.46266596019268 6.112995892763138 0 0.547468513250351 0.5570084676146507 12.10357514023781 0.3005044311285019 2.237960293889046 1.47417551279068 2.497454464435577 9.349074319005013 31.66434375941753 0 30.46471244096756 0.1079026386141777 0.2113457322120667 0.8387462049722672 1.174046508967876 0 0 0 28.05462568998337 0.1415940821170807 0.4068415462970734 1.624064087867737 38.1028484031558 0 0.493604451417923 2.06012786179781 54.22690209746361 2.329612970352173 0.3173045217990875 0 0 0 0.2250105962157249 0 34.64980115741491 0.1748731434345245 0.5450021028518677 0.2806816101074219 23.49270741641521 0 0 0
2575.133939951658 4.516692817211151 2997.001959353685 26.32752697169781 2.166915789246559 2991.546025216579 14037.95637033135 5017.163707464933 119.3679340928793 7332.772267863154 19.79409043490887 54.80415999144316 26.45644987374544 8889.55817117542 12.18622940778732 14.68605705350637 437.395778618753 15.82335919886827 63.32216495275497 5.291497945785522 1614.404741473496 5.84908327460289 2989.511405408382 728.4395503997803 25.49272853136063 981.0279223993421 248.7019045650959 21607.78798896819 1269.390982747078 6004.781303323805 6.659757718443871 72.10919729620218 90.5190701559186 511.1686748042703 9.115577146410942 786.4636446833611 202.1663990095258 794.901954613626 298.0364862978458 121.160363085568 33.43725220113993 0.9004365131258965 13.55982203781605 0.1112003475427628 2.350742600858212 25.29907976835966 5.249670565128326 0 1.687561273574829 8.582670569419861 6.100196525454521 23.19665502011776 16.16364638507366 0 4.770008385181427 0.7281457185745239 2.622441604733467 0 14.43725560605526 0.7187385261058807 0.1534764170646667 0 7.228840366005898 9.592427596449852 7.39652781188488 37.75247049331665 124.1308627799153 0.2978044152259827 1.437744617462158 73.71179337799549 118.3577152937651 0.5342517793178558 1.070609480142593 0 0.1143619865179062 0 0 0 59.05463772267103 2.55676157772541 1.873912215232849 1.515154853463173 6.285675659775734 0 0 0
745.2395925298333 2.740099258720875 911.8255799040198 28.50965146720409 53.39041001349688 2823.88287872076 5017.163707464933 9702.589852079749 3.389277957379818 2901.500725403428 187.5793681591749 506.5824948996305 17.60969201475382 5257.853447668254 173.0583188533783 0.8238937109708786 1461.609035827219 85.91247677057981 282.827567152679 100.9767046496272 265.8975013270974 0.3651944994926453 1324.997199073434 13.70829676091671 6.29206594824791 1061.542803011835 190.6360023096204 169.2775879874825 899.2497964650393 1006.606894336641 1.898171007633209 1038.190799795091 3.315967656672001 1287.958425581455 1.000560969114304 204.8131733238697 48.96774502843618 380.5181830823421 42.72658156603575 728.7166946157813 37.30751894414425 8.472732245922089 6.958371184766293 0 0.9081574678421021 1.584144599735737 0.2520398125052452 0 0 0 0 0.1125546619296074 0.9853592664003372 0.14386947453022 0.4456221163272858 0 0 0.1513083130121231 0.1266235560178757 0.1587723344564438 0 0.4124894067645073 0.772960402071476 0 0.2809554636478424 0 2.948080994188786 0.1476847976446152 2.12540777027607 12.88889040052891 5.090737588703632 0 0 0 0 0 0 0 2.212187066674232 0.1206095516681671 0 0 0.3483451753854752 0 0.272869884967804 0
0.9942243695259094 511.6498467028141 2.404507741332054 1867.556067824364 169.7648341581225 37.07603337615728 119.3679340928793 3.389277957379818 718.479832559824 365.0220156461 1.006524629890919 418.2441163361073 209.1009206548333 6.39042291790247 846.7616658061743 100.1122468113899 3.645240232348442 0.5908671617507935 1.01066018640995 777.4176039099693 21.98479165136814 3566.362824223936 3.63511911034584 9713.934396862984 337.6754441559315 11.82506810128689 184.2594523727894 1431.406417094171 17.95417136698961 54.92593996226788 12.63733378052711 5.178140625357628 4.266107186675072 25.70967884361744 1.678296238183975 163.4230155423284 7.738464951515198 55.93698019534349 18.79760737717152 562.9398599639535 11.16381575167179 3.542326003313065 3.127269938588142 1.043184071779251 27.88904654979706 15.08120992779732 119.0888619720936 4.239119939506054 12.87029618769884 10.43626508116722 7.165519922971725 154.6541073396802 170.1956183090806 0.1592352241277695 130.6094291210175 0.8689972385764122 2.339711911976337 27.6460937410593 139.1878548040986 0.8501555174589157 0 0 93.03898126631975 65.01301972568035 81.11941182613373 57.18667048215866 1163.483877561986 0.5352346375584602 1.182876989245415 88.84410353004932 589.3569399192929 3.971545994281769 2.660221979022026 0.2404531911015511 0.1009251102805138 0.2803490459918976 0.2624379843473434 0 49.04759270697832 1.424695655703545 9.094707801938057 3.627503827214241 39.80045856535435 0.138894647359848 0.1359020918607712 0
17.0246803984046 0.6252578422427177 128.5257680416107 5386.249464914203 15.85571339726448 10466.43964817375 7332.772267863154 2901.500725403428 365.0220156461 33801.94137129933 119.331052698195 6076.798446014524 7.359734646975994 1315.980418488383 59.65700165182352 1.2166358679533 27.14212868362665 59.83278197795153 122.7906802967191 5027.829515680671 18.37610986083746 1.139820113778114 68.72115107625723 630.3292682766914 5.750445388257504 116.4375303536654 35.32048014551401 12540.55170059949 1393.34692197293 13.68277706205845 1.745203509926796 292.892380438745 18.89080739766359 1346.768549606204 23.64880983531475 1752.200661085546 60.14702550321817 1915.871319293976 283.75935421139 746.441903218627 230.716464407742 6.63629188388586 40.55355090647936 0.1226828694343567 0.3254964798688889 0.6313868910074234 292.1679913327098 3.038093753159046 25.66816008090973 20.69352370500565 11.51548603922129 108.3416850194335 407.358255982399 0 221.4001319929957 0 2.10160893201828 19.27052564918995 0 0 0 0 220.6438400447369 0.1909645199775696 0.318519651889801 1.040621310472488 452.0800506919622 0.1133047565817833 0.8958532512187958 3.949710242450237 604.7673068866134 2.263139441609383 2.193475611507893 0 0.4359632655978203 0 1.632814832031727 0 179.2145841792226 0.5151990652084351 8.650388054549694 1.00136387348175 113.9918754771352 0.5783038213849068 0.3009665161371231 0
4.518412299454212 8.629988789558411 15.52304770052433 5.684770159423351 15.22158581763506 95.17635434865952 19.79409043490887 187.5793681591749 1.006524629890919 119.331052698195 4293.633334077895 147.731940947473 2217.999186620116 51.50747373700142 0.2294507548213005 0.7987911999225616 94.88342241942883 2912.458913892508 2355.311240755022 32.77706915140152 7.406890742480755 4.12464714050293 24.7687254101038 7.206494890153408 172.9194271862507 2552.320497997105 700.3069163411856 17.11291954666376 91.76026044785976 12.47918588668108 844.3992856442928 220.3783139288425 8.072152897715569 3797.634396329522 6.815177254378796 706.6998149901628 3207.83568944782 7181.671142540872 2342.303715117276 137.5426826551557 85.25346957147121 734.0101070329547 11.95276597887278 0 8.080064430832863 0.8992298096418381 0.4965779483318329 0 0 0 0 2.262958817183971 0.3745034635066986 82.99607360363007 1.17705749720335 352.9148092269897 0 0 0.1673266887664795 0.4718668460845947 40.71626634150743 3.212819516658783 0 0 0 0.1344807595014572 2.639702446758747 65.44498730450869 32.5967964604497 83.13663479685783 2.02659185230732 0 0.3718571066856384 21.96941760927439 0 0 7.380043298006058 8.891736418008804 20.27766951918602 313.3697955384851 4.909978710114956 6.000079832971096 0 0 189.3628052398562 0
1.559607483446598 0.6178949624300003 2.643753029406071 3739.661882773042 216.9152171611786 4719.142346836627 54.80415999144316 506.5824948996305 418.2441163361073 6076.798446014524 147.731940947473 10643.1691346392 9.33518473058939 320.3198279589415 1873.305404059589 0 8.52586217969656 63.76410559564829 120.0204268917441 9443.207836344838 0.6006697937846184 3.349773898720741 1.988417521119118 1425.923919044435 5.882764786481857 57.26249492913485 24.75620923191309 936.924342431128 410.9143493548036 1.112734355032444 1.603091858327389 326.6056254729629 1.793913751840591 819.7318352088332 7.341472834348679 2011.9982996732 32.52552933990955 864.3557666540146 76.27905430644751 4496.291421167552 104.8754723668098 3.251338347792625 16.1672330647707 0 0.8962814509868622 0 191.0354382619262 2.43770831823349 25.32183992117643 2.298987686634064 9.036182679235935 34.76069495081902 299.751470901072 0.3313973471522331 315.3512092530727 0.2135976254940033 2.045436225831509 20.84210021048784 0.3229746967554092 0 0 0 182.4888276532292 0 0.287256047129631 0.5036707818508148 157.1888077929616 0 0.1251650899648666 2.186842240393162 180.6905352026224 2.208539962768555 0 0 1.925810232758522 0 1.757472194731236 0.1390602141618729 231.3953968286514 0.4360826462507248 10.21402885764837 0.6273496821522713 222.5973528549075 0.958564430475235 0.576529435813427 0
0.3037208989262581 1392.576837033033 2.130087308585644 0.09826824069023132 6.454753674566746 6.553474232554436 26.45644987374544 17.60969201475382 209.1009206548333 7.359734646975994 2217.999186620116 9.33518473058939 1974.562977820635 1.531703099608421 6.132144585251808 138.3479524627328 3.753005221486092 68.40101443231106 18.23654944449663 1.525625362992287 4.959536835551262 663.44403642416 12.50537686794996 431.5289615765214 4227.068207137287 146.0864852741361 2697.458462059498 20.44319927692413 4.265680432319641 3.947434492409229 1102.553359158337 24.74891076982021 0 800.6922003254294 30.65211193263531 522.6768940016627 4437.856089703739 3976.032847158611 868.8430266752839 27.01932363957167 34.14913939684629 3141.593413181603 35.30453814566135 0 41.71599981933832 3.644905366003513 0 0 0.09570351243019104 0.120496541261673 0 1.199684031307697 0.101223848760128 553.2010327130556 0.08620044589042664 2186.964373350143 0.2782595306634903 0 5.542193926870823 2.413212344050407 259.6710300296545 16.72440025955439 0 0 8.120790988206863 2.998246610164642 5.456398144364357 740.0100235268474 338.3222452327609 878.7797785922885 2.254747584462166 0.4875556230545044 0.163659855723381 167.2581270411611 0 0 39.17314151674509 15.81720373034477 121.4535511806607 1194.646899834275 39.79289600253105 24.80862521380186 2.460749611258507 0 693.3507254868746 0
6973.080028675497 1.737349882721901 372.8142031282187 39.75312705338001 3.478728882968426 324.7545131221414 8889.55817117542 5257.853447668254 6.39042291790247 1315.980418488383 51.50747373700142 320.3198279589415 1.531703099608421 11189.11730188876 1.050141654908657 2.058342792093754 1403.889588445425 55.23399566859007 258.0750838443637 112.1166243180633 184.9409612715244 0.3931402564048767 940.3697631061077 30.49943453073502 1.594307206571102 638.7178905494511 135.804301276803 220.0579921379685 5510.617078103125 3154.8050301373 1.410766445100307 495.0796684026718 10.04939072579145 780.936935082078 0 140.0891485661268 27.64886101335287 144.7612557411194 14.20204352587461 66.253891967237 2.893700696527958 0.5924469530582428 0.1989286988973618 0 2.044371321797371 0.859887421131134 1.109672471880913 0 0 0 0 1.686485446989536 0.5244335681200027 0 0.902648963034153 0.1076693683862686 0 0 0.4069375321269035 0.2502835392951965 0 0.1339668333530426 0.3235850930213928 1.099795944988728 0.1439754962921143 0.1754994541406631 4.98869414627552 0 2.011286653578281 10.77441320568323 3.924244552850723 0 0 0 0 0 0 0 6.172551557421684 0.2381464242935181 0.09791187196969986 0 0.09624090045690536 0 0 0
0 13.78806512802839 0.5657392740249634 142.7667027935386 1352.693628311157 881.516694560647 12.18622940778732 173.0583188533783 846.7616658061743 59.65700165182352 0.2294507548213005 1873.305404059589 6.132144585251808 1.050141654908657 227.9695852696896 0.1443998664617538 0.1338119059801102 0 0.1614627838134766 210.4704270809889 0.1294400244951248 133.3499541953206 6.251019656658173 665.0966904684901 11.94803134351969 0.5856551304459572 8.111331552267075 125.7430357784033 21.78550913929939 0 0.4056791961193085 292.4169674888253 0 73.21624653041363 47.27179883420467 349.7383464723825 7.43668469786644 19.92010442167521 115.8451943993568 780.8011163473129 138.5630166530609 0.1999692469835281 0.160898819565773 0 0.4688072502613068 1.792126357555389 8.748126685619354 0.3832854777574539 1.487717032432556 0.1045391857624054 0.3642564415931702 11.15828990936279 9.430678993463516 0 17.23648273944855 0 0 2.520005956292152 11.30991763621569 0.1479998230934143 0 0 8.861719936132431 6.62680696696043 6.155542872846127 4.38451611995697 30.59974777698517 0 0.4778424650430679 5.711723692715168 26.63700949400663 0 0 0 0 0 0 3.327113389968872 28.30274809896946 0 0.1798828542232513 0 31.49433177709579 0 0 0
0.1378486901521683 242.3689276278019 64.76768650859594 0.3094688355922699 0.1441853195428848 0.3045882061123848 14.68605705350637 0.8238937109708786 100.1122468113899 1.2166358679533 0.7987911999225616 0 138.3479524627328 2.058342792093754 0.1443998664617538 5861.597955830395 59.52510026097298 1.729253470897675 8.007184565067291 0 5330.418141357601 3004.870106898248 6349.661608792841 3913.552944660187 253.0200053080916 107.581356883049 5495.048387691379 1288.257240176201 4.988936923444271 104.1757186129689 15.5125130712986 0.7462947815656662 2.656052112579346 93.42286571860313 26.6735053062439 2935.71402464807 707.4363799989223 509.4077374488115 658.8381587713957 143.4740081056952 3.927562326192856 30.09101448953152 22.35622589290142 1.909680604934692 37.91367663443089 77.68057606369257 1.670236527919769 0 0.6784009486436844 33.06139352172613 3.639236941933632 75.1634274944663 5.339757598936558 0.1699074804782867 2.817400708794594 0.1690851300954819 7.666107892990112 3.217271849513054 4210.809532903135 4.187399312853813 0 0.2004350274801254 0 894.1240181028843 645.3496096283197 1688.362237557769 858.1935961768031 0.8481563627719879 11.57322157174349 789.765487395227 735.3084072694182 20.29338066279888 10.57911303639412 0.2349851876497269 0 0 4.791082561016083 3.209386169910431 1689.948477186263 18.87722218036652 10.81090214848518 9.846758902072906 25.54361435770988 4.968588173389435 14.9477898478508 1.532805562019348
292.7537539973855 215.7552950456738 2856.920650713146 2.00505542755127 1.437137424945831 89.63748078048229 437.395778618753 1461.609035827219 3.645240232348442 27.14212868362665 94.88342241942883 8.52586217969656 3.753005221486092 1403.889588445425 0.1338119059801102 59.52510026097298 1287.599986091256 554.3216893151402 4515.624975346029 2.421383157372475 918.9040354788303 18.28816935420036 3674.264414146543 118.3146075382829 16.96566609293222 4151.894767276943 6768.236802503467 257.1486336886883 1073.609654121101 1590.733628034592 8.685039147734642 83.05241187661886 71.32539210468531 1877.065094821155 4.034077107906342 672.8786534890532 1463.729391887784 1639.903445519507 565.5860420614481 31.36793798208237 6.093175083398819 1.47178141772747 9.587695702910423 0.2419091165065765 131.6722366958857 97.58907863497734 0.1476496458053589 0 0.2952631488442421 3.130841583013535 1.654808185994625 1.074329860508442 0 0.2805375456809998 0 1.898126557469368 0.6473478302359581 0.1129153892397881 4.218637444078922 19.14299341291189 1.395199596881866 5.941787995398045 0 1.340030089020729 3.012948177754879 4.256952598690987 9.490656442940235 2.705972701311111 131.2139668464661 792.036699347198 3.885734729468822 0.1149363368749619 0.216214120388031 1.258485183119774 0 0 1.757444679737091 0.8917673528194427 15.68934236466885 36.9914763122797 5.216062262654305 5.363642916083336 0.3513620793819427 0 0 0
10.64556637406349 2.962290309369564 21.52148060500622 1.475273706018925 4.905826047062874 36.82188832014799 15.82335919886827 85.91247677057981 0.5908671617507935 59.83278197795153 2912.458913892508 63.76410559564829 68.40101443231106 55.23399566859007 0 1.729253470897675 554.3216893151402 267.6505094394088 1028.857340596616 15.28121531009674 6.929574437439442 0.2921733781695366 27.76667335629463 3.944581538438797 14.99451664090157 2783.63706369698 274.9493971467018 10.30223727226257 69.91099367290735 22.37642505019903 235.4719710275531 55.49311414361 4.621158391237259 1087.754497297108 1.228071466088295 333.5104302167892 1262.036499939859 2417.551662638783 810.4494640827179 43.4145694822073 6.881141766905785 6.025525666773319 3.395390138030052 0 2.43733511865139 1.879918724298477 0 0 0 0 0.5265287160873413 0.582129180431366 0 21.08664494007826 0.3021309301257133 62.86204984039068 0 0 0.6484041512012482 0.9419634938240051 24.07092031091452 12.23389448225498 0 0 0.1503189653158188 0 0.719383992254734 16.2322286516428 54.12667314708233 95.87328530848026 1.022014632821083 0 0 11.33027060329914 0 0 0.3340454548597336 0 5.350102625787258 6.534770376980305 0.9753325581550598 0.1352512687444687 0 0 1.283041551709175 0
52.55103345215321 49.23843950778246 203.3365164473653 5.048732429742813 7.343905620276928 78.02334247156978 63.32216495275497 282.827567152679 1.01066018640995 122.7906802967191 2355.311240755022 120.0204268917441 18.23654944449663 258.0750838443637 0.1614627838134766 8.007184565067291 4515.624975346029 1028.857340596616 1603.232741378248 30.48327139765024 91.9547473564744 2.704892382025719 386.9498061984777 20.58166691660881 78.20549504458904 3635.973934199661 2180.595326505601 43.92951565235853 299.0118236914277 253.7566166371107 32.87107010185719 142.7085364535451 17.50026444345713 3518.164607234299 5.107845686376095 1275.032427415252 1408.561407893896 4678.939141958952 1572.091003641486 69.81510029733181 3.149081222712994 6.084422551095486 8.897773921489716 0.1363888531923294 41.43218309432268 12.53201461583376 0.2923370003700256 0 0.1447226256132126 0.7489248812198639 0.3814099729061127 0.8398900404572487 0 4.285137295722961 0 10.97870640456676 0.263945996761322 0 0.1443334668874741 2.631644293665886 7.363930091261864 25.32308752834797 0.7432776093482971 1.031992137432098 0.7641430646181107 0.8511374890804291 2.496178470551968 7.978462234139442 120.6335775256157 448.1532435119152 1.717403464019299 0 0 1.847533330321312 0 0 2.077564135193825 1.947345852851868 10.15879861265421 8.93792475014925 2.440767146646976 3.140977367758751 0.4647738635540009 0 0 0
1.138583764433861 0.114678755402565 0.6616052091121674 8468.137122891843 10.18522053211927 377.4176947176456 5.291497945785522 100.9767046496272 777.4176039099693 5027.829515680671 32.77706915140152 9443.207836344838 1.525625362992287 112.1166243180633 210.4704270809889 0 2.421383157372475 15.28121531009674 30.48327139765024 1044.775768712163 0.236893892288208 0.1275074183940887 1.850048512220383 508.0939684137702 1.545183405280113 15.54754343628883 6.073086529970169 2217.314952149987 219.1827058196068 0.5006524249911308 0.5330683141946793 60.93440485745668 3.395364470779896 324.7952497005463 7.12748159468174 1027.98554110527 19.57438453286886 523.1850900650024 83.34002958983183 671.1691566333175 74.19763921946287 1.742613174021244 20.07276491820812 0 0.2893594205379486 0 286.5687279105186 4.862111054360867 31.75193155556917 16.28985169529915 13.4656255915761 105.5545568242669 562.5204544737935 0 292.4571103826165 0.1517093777656555 0.8275657445192337 31.64547272026539 0 0 0 0 282.9979662820697 0 0 0.5290725529193878 462.5710117071867 0 0.5369720757007599 0.2734736055135727 573.8033017888665 3.124896578490734 1.239756986498833 0 0.1888390481472015 0.1799201369285583 1.839898958802223 0 250.5563482940197 0.1266427934169769 9.749331079423428 0.9427983462810516 240.2156513184309 0.2926889508962631 0 0
48.82635467499495 3.779749244451523 590.6947958543897 0.2103531956672668 0.6138641908764839 31.37257181853056 1614.404741473496 265.8975013270974 21.98479165136814 18.37610986083746 7.406890742480755 0.6006697937846184 4.959536835551262 184.9409612715244 0.1294400244951248 5330.418141357601 918.9040354788303 6.929574437439442 91.9547473564744 0.236893892288208 15301.04411203414 94.80104553699493 21916.85417103022 470.7521141543984 5.462448880076408 65.73452834784985 2087.279295451939 7101.943605154753 138.7280687391758 9823.306223042309 0.9812676906585693 7.671094946563244 31.43070924282074 3346.852269642055 121.329278215766 6856.539425134659 397.192943289876 5302.106477677822 3072.413318090141 392.5227401554585 11.47549327462912 10.01347896456718 56.36489124596119 0.9504174292087555 0.2745931148529053 5.809304393827915 1.425449967384338 0.1024125218391418 0 8.749187394976616 0.1292634159326553 22.65622361004353 1.55977700650692 0 0.1503620892763138 0 1.7641611546278 0.2667777761816978 274.5124478265643 0.5577116459608078 0.1267843693494797 0 0 196.3342311605811 26.39072365313768 30.00084266066551 271.8029589802027 0 0.7507516145706177 19.73204842954874 204.9279070794582 4.740912199020386 4.969191163778305 0 0.1584369987249374 0.3069018721580505 1.178555324673653 3.074053347110748 152.8567496389151 4.962990552186966 2.553232833743095 0.5605523511767387 6.015634968876839 0 0 0.1174235269427299
0 2753.093124426901 58.0093064904213 2.01812681555748 10.31245122104883 0.6778400987386703 5.84908327460289 0.3651944994926453 3566.362824223936 1.139820113778114 4.12464714050293 3.349773898720741 663.44403642416 0.3931402564048767 133.3499541953206 3004.870106898248 18.28816935420036 0.2921733781695366 2.704892382025719 0.1275074183940887 94.80104553699493 1876.409760899842 86.57464660704136 8225.570373170078 1145.977341122925 66.14802318066359 3744.000883698463 156.6339694783092 2.39600446075201 26.49957330524921 49.99742382764816 0.6055137515068054 0.1411178261041641 10.0341984629631 0 21.58171980082989 21.82697625458241 16.55910095572472 7.812002971768379 203.2966564297676 0.9767588824033737 18.8789264857769 0 0.7762917280197144 310.8940849080682 264.1229370832443 0 0.1322561800479889 0.5849274545907974 20.97308271378279 6.110170736908913 22.13984143733978 2.838708996772766 0.4990004301071167 0.4400250166654587 4.385810427367687 2.579262405633926 5.025544181466103 2011.453022129834 8.802384294569492 0.5771472975611687 0.6837442666292191 0.1796495318412781 297.8933988437057 397.4772926270962 632.9641297012568 533.348038777709 34.11550755798817 12.86582697182894 1486.134801410139 274.6703426316381 4.443595081567764 3.315520226955414 0.3358647078275681 0 0.6290768980979919 2.427236683666706 0 70.65601769089699 17.02578588575125 11.47987097501755 8.176528364419937 3.324962794780731 0.1721715480089188 1.104994297027588 0
161.6747685521841 17.42712024599314 14627.23568125814 3.381000652909279 0.2368969097733498 124.8170420154929 2989.511405408382 1324.997199073434 3.63511911034584 68.72115107625723 24.7687254101038 1.988417521119118 12.50537686794996 940.3697631061077 6.251019656658173 6349.661608792841 3674.264414146543 27.76667335629463 386.9498061984777 1.850048512220383 21916.85417103022 86.57464660704136 19568.07603655756 347.0556757748127 10.79156682640314 2407.220101490617 23788.25454579294 3141.347099922597 329.7691090926528 5619.925668910146 6.439424768090248 47.99699409306049 48.05012267827988 4353.33285125345 217.7967049404979 16829.48040065914 11398.59728717804 10082.82535158843 9142.707825735211 1074.097448304296 102.0779379829764 22.59941527247429 141.2597388997674 1.071357294917107 23.62019783258438 361.4806033521891 0.2070223987102509 0 0.3020004481077194 35.57693491876125 10.72088866680861 8.006745010614395 2.62295663356781 0.4659729599952698 0 0 3.626938387751579 0.556557223200798 1016.937716946006 16.31875578314066 0.234613761305809 1.440105155110359 0 152.6143884137273 219.1598617583513 734.4907977283001 124.7091727927327 0.5490222573280334 9.660919137299061 974.0237052291632 126.0232429355383 3.543205112218857 2.892983362078667 0 0.3267202526330948 0 3.42830953001976 20.45116676390171 469.3928524628282 32.65505728125572 16.42047834396362 36.00768776983023 1.784162297844887 0 2.620093107223511 0.4422857165336609
7.76659519225359 768.3807502165437 119.8242721036077 2214.88106572628 36.98028014600277 131.2446325793862 728.4395503997803 13.70829676091671 9713.934396862984 630.3292682766914 7.206494890153408 1425.923919044435 431.5289615765214 30.49943453073502 665.0966904684901 3913.552944660187 118.3146075382829 3.944581538438797 20.58166691660881 508.0939684137702 470.7521141543984 8225.570373170078 347.0556757748127 7109.685288108885 691.2712804526091 182.4161209762096 5376.59822961688 4755.396591447294 332.0480846986175 777.0687084197998 42.20876040309668 11.05145095288754 126.0926968157291 461.6816104277968 42.70071139931679 2797.68321121484 211.8381847292185 1015.667117752135 443.0930761769414 633.3647692427039 38.60139173269272 18.69917603582144 22.7707235366106 4.633004873991013 62.59781959652901 105.9574476778507 169.1209695264697 2.775372967123985 23.39788834750652 55.52326792478561 51.25407356023788 921.2320031672716 404.4093510210514 0.5873525738716125 177.0744229257107 3.857949443161488 18.60846611857414 22.19218137860298 851.1695031523705 8.762847200036049 0.2403377667069435 0.5962629616260529 186.11939650774 399.5241340026259 302.8446621447802 301.3303523212671 3606.9655976668 3.963292852044106 14.31485296785831 429.0871758237481 2886.068616621196 37.20900333672762 20.65902124345303 0.2106437534093857 2.189490497112274 0.4894698113203049 10.67412523180246 0 950.017709761858 16.09981550276279 68.94344461709261 14.90761142969131 205.3400663509965 5.876811951398849 7.347514867782593 0.6926300227642059
0.4282149225473404 2747.534919396043 2.650405749678612 0.4076380431652069 1.951595321297646 5.65815432369709 25.49272853136063 6.29206594824791 337.6754441559315 5.750445388257504 172.9194271862507 5.882764786481857 4227.068207137287 1.594307206571102 11.94803134351969 253.0200053080916 16.96566609293222 14.99451664090157 78.20549504458904 1.545183405280113 5.462448880076408 1145.977341122925 10.79156682640314 691.2712804526091 116.1847951114178 2032.141371123493 4259.038548648357 31.19125291705132 2.256813526153564 0.6874768808484077 425.2482172846794 6.831742219626904 0.1568280905485153 263.9528443962336 3.00938007235527 138.7403192967176 373.4923395067453 1023.251558892429 212.8242839202285 25.68842194974422 20.65179855376482 274.8319905400276 4.210349500179291 0 86.85969072580338 0.7910562753677368 0 0 0 0 0.5465948283672333 2.04453618824482 0 120.0432661548257 0.0938972532749176 799.8888481631875 0.4149370864033699 0 1.83797213435173 0.9156492650508881 79.27974036335945 18.46829311549664 0 0.6098882555961609 5.752544924616814 2.326278850436211 5.877223774790764 154.2107146680355 143.8507186695933 961.280802488327 1.13960862159729 0.2639036923646927 0 30.86256321519613 0 0 33.97294414043427 1.705827236175537 60.10087957978249 123.3132601380348 21.077951207757 9.493443593382835 0.3908036053180695 0 119.3878664374352 0
89.32922226190567 629.1752847805619 8355.288951836526 7.974917754530907 3.353370971977711 186.911100462079 981.0279223993421 1061.542803011835 11.82506810128689 116.4375303536654 2552.320497997105 57.26249492913485 146.0864852741361 638.7178905494511 0.5856551304459572 107.581356883049 4151.894767276943 2783.63706369698 3635.973934199661 15.54754343628883 65.73452834784985 66.14802318066359 2407.220101490617 182.4161209762096 2032.141371123493 20590.13223866373 16536.70263079554 288.73672349751 498.0639094263315 156.8346086740494 216.2968208938837 91.6002491787076 25.24826464802027 1237.043465137482 11.08682742714882 4046.492390841246 10037.64979374409 4292.503757491708 2491.117474600673 84.47021891176701 17.086187325418 42.56485084444284 24.38482559472322 0.640048936009407 743.1563116759062 126.2823719754815 0 0.1365222036838531 0.2124010175466537 5.186433844268322 2.343060597777367 1.978374511003494 0.5553409084677696 173.5217779278755 0.1178164482116699 726.9273092374206 2.007948681712151 0.2354345098137856 10.77992257475853 38.84757321327925 295.9047817960382 415.2780382782221 0.1232533976435661 3.60633347928524 11.76316778361797 6.719939783215523 17.19173543155193 425.098630182445 1826.428417101502 6853.221047513187 6.988018050789833 1.252562768757343 1.239964038133621 79.95089996606112 0.09940727800130844 0 9.441245198249817 3.739199101924896 48.10442116856575 167.3883068561554 23.42113246023655 9.836520791053772 1.214681230485439 0 11.03451585024595 0
21.6918081715703 5410.044876582921 13785.25535044819 2.487456545233727 2.265104971826077 39.44798251241446 248.7019045650959 190.6360023096204 184.2594523727894 35.32048014551401 700.3069163411856 24.75620923191309 2697.458462059498 135.804301276803 8.111331552267075 5495.048387691379 6768.236802503467 274.9493971467018 2180.595326505601 6.073086529970169 2087.279295451939 3744.000883698463 23788.25454579294 5376.59822961688 4259.038548648357 16536.70263079554 46033.96106248349 2583.955287963152 129.3559471666813 76.72679763287306 2945.413862995803 37.92311564832926 12.96245789527893 2500.20688059926 42.84425264596939 4788.798901185393 7480.214046671987 7992.107717439532 3936.210666671395 266.505769431591 47.36245779693127 70.32175857573748 37.15380595624447 4.160106256604195 3517.606153577566 4465.288754336536 0.3889211267232895 0.2347743660211563 3.344393767416477 242.4536168500781 95.73866132646799 8.134573251008987 22.92563100904226 151.0556911826134 0.6460490226745605 755.0620710924268 40.90649297088385 0.3853315487504005 1252.704809069633 490.6149388700724 343.4091731160879 583.1550534516573 0 129.7134724929929 1861.101078681648 2548.440019823611 160.9811485409737 931.4525930508971 3320.533609166741 24502.78250225633 182.0237971171737 6.10607885569334 11.66614216566086 106.5849090963602 1.437505632638931 0 49.74992024898529 8.07642887532711 512.3098405599594 760.0225714743137 187.5395276248455 128.4380292072892 11.80410218238831 0.9243400394916534 15.54078254848719 1.066450580954552
27.70829021185637 13.94448456168175 796.8956004232168 2824.61718454957 10.87631394714117 2214.768328256905 21607.78798896819 169.2775879874825 1431.406417094171 12540.55170059949 17.11291954666376 936.924342431128 20.44319927692413 220.0579921379685 125.7430357784033 1288.257240176201 257.1486336886883 10.30223727226257 43.92951565235853 2217.314952149987 7101.943605154753 156.6339694783092 3141.347099922597 4755.396591447294 31.19125291705132 288.73672349751 2583.955287963152 20300.34843616933 1162.834645964205 7369.438130915165 2.37669949233532 41.92196650803089 369.2124079465866 1658.499504365027 122.4026292860508 6105.991514481604 284.7261212691665 3266.042347818613 1222.836546622217 809.5765596628189 97.80380855500698 8.962237469851971 74.32599487900734 1.120677798986435 2.336437791585922 29.37866140902042 175.6249798610806 1.745086282491684 12.57628765702248 33.97819484770298 24.64750244468451 315.9010232016444 319.7781307250261 0 139.814090244472 0 10.4392186626792 10.5011313855648 158.0236437320709 1.377880528569221 0.2881833240389824 0 174.98152051121 107.8262640535831 32.49864289164543 67.01095367968082 1482.570672512054 0 3.157391652464867 117.5873422622681 1488.93789961189 15.44737994670868 10.86370880156755 0 1.398945055902004 0.2379920333623886 3.45616053789854 0.3962254226207733 485.8074018657207 6.300637766718864 39.51304268836975 8.202889367938042 100.6567181944847 3.011188477277756 1.927057489752769 0
3450.240206494927 1.946242585778236 134.2869578674436 103.0996219813824 7.501914292573929 366.7305666953325 1269.390982747078 899.2497964650393 17.95417136698961 1393.34692197293 91.76026044785976 410.9143493548036 4.265680432319641 5510.617078103125 21.78550913929939 4.988936923444271 1073.609654121101 69.91099367290735 299.0118236914277 219.1827058196068 138.7280687391758 2.39600446075201 329.7691090926528 332.0480846986175 2.256813526153564 498.0639094263315 129.3559471666813 1162.834645964205 16001.92178631574 7088.140483163297 2.970342598855495 1339.475533202291 3116.797420375049 3213.399052023888 0.629070445895195 177.5652281045914 61.69785125553608 682.5391062572598 35.03313221782446 91.38933373987675 3.130577065050602 6.508827224373817 0 0 1.48334901034832 0.6755679398775101 2.411194391548634 0 0.5556654185056686 0.6121327877044678 0.656055212020874 5.280102826654911 4.676666542887688 0 3.243024572730064 0.4436271637678146 0 0.1196904107928276 3.937819674611092 0.174456924200058 0 0 2.608071386814117 3.055539056658745 0.7163673937320709 0.567818284034729 35.98975102603436 0 2.704163022339344 13.03068531304598 28.68467146903276 0.536407470703125 0 0 0.1659991592168808 0 0 0 15.45829425752163 1.043963253498077 0.1617587059736252 0.5467221736907959 0.5803769901394844 0 0 0
