955.5443770512938 1.77795447409153 211.1650268509984 1.019688695669174 3.272057123482227 28.9498697668314 2529.15182800591 935.8111310750246 11.30345789343119 31.18303199857473 19.83713748306036 8.163375228643417 0.3332960307598114 5264.158721499145 0.4823767766356468 1.809878714382648 303.3214517980814 10.02516479045153 18.32885533571243 7.117906898260117 221.9443517923355 1.074571959674358 525.4854106456041 45.29850831627846 0 113.534974180162 82.93034336715937 106.0849461406469 3865.225014321506 4484.839688211679 0.3394380658864975 12.3962564766407 100.8233437165618 465.6947467029095 6.41422563791275 236.8797074630857 17.8430712223053 485.1480074822903 69.28666304051876 28.23049531131983 19.16051079332829 0.9290148168802261 1.453640729188919 0 0.09171735495328903 0 0 0 0 0.7762804254889488 0 1.819846712052822 0 0 0 0.1270787119865417 0 0 1.061912052333355 0 0 0 0 2.033306375145912 0 0.5026150420308113 4.399051107466221 0 0.1040240302681923 0.8840636983513832 2.280675388872623 0 0 0 0 0.3556775376200676 0 1.760008350014687 0.2023221477866173 0 0.09893143177032471 0 0.08877784013748169 0 0 0
1.77795447409153 667.2012886106968 156.0992636829615 0.4197963550686836 0.882918506860733 3.938182920217514 62.43586026877165 2.502553999423981 480.1309056952596 10.49221833795309 378.8038427829742 0.7783589884638786 2699.461567588151 2.68259696662426 1.804516166448593 365.4339085146785 60.59242784231901 8.080342292785645 20.98562891036272 0.7021819427609444 22.50357490032911 2825.377323143184 47.52761152386665 1300.269333824515 2889.675710946321 831.1868213191628 12866.81882230192 197.4685190021992 2.948412150144577 4.976315528154373 164.8029467239976 0.5660035088658333 1.236007288098335 67.2713880315423 1.364534258842468 79.38576303422451 193.650599732995 113.3325169458985 15.10582767426968 4.340956471860409 4.729053974151611 286.0585178211331 0 0 152.2927249968052 105.8507848605514 0 0 0.09081190079450607 0.4110247939825058 0.4075777605175972 5.369859509170055 0 7.649339526891708 0 52.40261793881655 0.1307927370071411 0 13.30089691281319 9.796872153878212 3.983173474669456 23.23409998416901 0 1.706712737679482 74.44683039188385 70.60298243910074 10.77695220708847 70.43347685784101 170.6791713237762 1423.707047298551 0.9717246145009995 0.4264142066240311 0.4441096186637878 14.53907337039709 0 0 6.89975717663765 0.307327926158905 21.46551907807589 19.96179109811783 23.60475676506758 4.874403037130833 0.6719962060451508 0 3.240175813436508 0.4677237421274185
211.1650268509984 156.0992636829615 5449.385090515018 1.455601751804352 0.9926962777972221 23.67036230117083 1778.273832418025 128.8384370133281 4.550701662898064 77.13670594245195 17.01148321479559 0.9757730662822723 2.848428040742874 477.0901054143906 0.08707956969738007 14.3896069675684 2867.576168380678 48.13106571137905 102.4702242091298 7.751451179385185 1210.906404197216 69.35054964572191 12996.84837964177 23.49952387064695 0.4998775869607925 8349.607691928744 7138.12947999686 688.8384730368853 132.4726236984134 2512.796797201037 2.426008380949497 1.475431129336357 19.57890305668116 965.3005913048983 66.81898141652346 2004.680892065167 2600.242936909199 2482.700380519032 914.352645970881 97.98402615636587 5.179703302681446 13.02350798249245 13.84314057230949 0 137.8501143530011 361.5966806337237 0.08991984277963638 0 0 4.734244920313358 0.7727055922150612 9.013608202338219 0.2481954842805862 0.4140615165233612 0 0.577909842133522 0.6963874623179436 0.6512680798768997 50.44528216868639 25.43920800089836 0.14307901263237 8.181485153734684 0 10.05296771228313 104.1108871772885 332.2326464653015 36.74635246396065 1.026470154523849 33.24648454785347 1586.33891774714 6.493032887578011 0.1490366458892822 0.8293148875236511 0.4087214469909668 0 0.1241521686315536 7.452589780092239 7.959952592849731 36.79661181569099 8.027627050876617 37.10056287050247 21.33316034823656 2.118047162890434 0 0.1270965188741684 0.1363023221492767
1.019688695669174 0.4197963550686836 1.455601751804352 4415.536762967706 2.970071487128735 54.51823852956295 198.3442647233605 54.6297842413187 439.0502627789974 4238.077643603086 3.000978585332632 1561.029543273151 0.3005049005150795 16.36196298152208 71.8201762586832 0.6234746277332306 1.338684111833572 0.8560273945331573 1.133836694061756 5038.641152858734 0.3193995654582977 1.818288013339043 0.4350355193018913 2028.622359789908 0 1.803396753966808 4.292459413409233 4421.407471902668 36.66161513328552 4.017432264983654 0.0727773979306221 2.898289903998375 1.827662132680416 23.2343143671751 1.507735699415207 334.8329766914248 1.251399025321007 71.10754393786192 15.48813483119011 176.2016985341907 11.45413263142109 0.6330787539482117 3.273198284208775 0 0 0.1414542496204376 24.58994101732969 0.1179300919175148 2.533796392381191 13.30076419562101 0.3206285983324051 26.92044009268284 11.67939216643572 1.309271037578583 17.10944090038538 0 0.2030976712703705 3.782656624913216 1.602724865078926 0 0 0 6.880114197731018 1.293524846434593 0.2570433616638184 1.300432428717613 93.26946248114109 0 0 0.1369780451059341 44.27968745678663 0.468779593706131 0.1271386295557022 0 0 0.107318639755249 0.3177607804536819 1.284892350435257 57.54902446269989 0 1.226156443357468 0.1071727052330971 37.52185148000717 0 0 0
3.272057123482227 0.882918506860733 0.9926962777972221 2.970071487128735 229.6532896757126 1396.171964436769 8.465380311012268 198.1249120160937 35.41959854960442 24.75006491690874 180.0787720456719 190.7070471271873 3.113087981939316 19.86023078113794 2518.761089377105 0 2.19861251115799 19.49862582981586 14.17923084646463 21.15536516904831 0.2333928346633911 0.101466067135334 0.1777758076786995 22.93419114500284 0.1575251519680023 20.61369746178389 6.582651384174824 11.5687737390399 170.8798304796219 1.363327607512474 0.7653276547789574 412.5554903671145 0 688.9290639013052 0.2055085003376007 103.652049139142 5.147627763450146 264.6345040500164 10.87752164900303 2251.748576544225 173.0640317574143 5.292907983064651 3.550063863396645 0 0 0.1503210365772247 0 0 0.2934148609638214 0 0 0 0 0 0 0 0 8.015528298914433 0 0 0 0 0 0 0 0 0.7562178373336792 0 0.1101384162902832 0.09270591288805008 0.3770358115434647 0 0 0 0 0 0 61.70569941401482 2.345194771885872 0 0 0 0.1209240555763245 0 0 0
28.9498697668314 3.938182920217514 23.67036230117083 54.51823852956295 1396.171964436769 8488.458179675043 1486.024145640433 10652.53307429701 114.5483152195811 5018.192904934287 382.7276967167854 3197.243661113083 10.68207008391619 721.5891374200583 1958.391075097024 2.488563351333141 20.45965729653835 93.79770066216588 88.39592617750168 363.2985108867288 3.406300686299801 10.96416516602039 12.88106323033571 167.5681539326906 0.6751275062561035 128.1666842885315 67.23699826002121 434.8111367821693 988.8971113413572 43.42829243838787 4.577795326709747 1340.998906493187 10.90390920639038 712.2368491962552 9.565887600183487 661.2105717509985 20.51073150336742 1176.885532036424 77.36745077371597 4120.278681904078 455.8621109873056 7.83948739618063 13.28659414499998 0 0 0 0.9840092211961746 0 0.2138912826776505 8.315534941852093 0 8.988255009055138 2.68204840272665 0.2083165794610977 3.528811976313591 0.1873042061924934 0 2.05482429265976 3.332161746919155 0 0 0 3.693923562765121 4.443523496389389 0.5517378970980644 2.320663347840309 61.04668669402599 0.2535001337528229 0.5064441114664078 1.447765611112118 20.45810060948133 0.3083594515919685 0 0 0 0 0.1174149289727211 0.819869801402092 19.35587766766548 0.1437105238437653 1.167002767324448 0.1347474306821823 8.26646863669157 0 0.726836621761322 0
2529.15182800591 62.43586026877165 1778.273832418025 198.3442647233605 8.465380311012268 1486.024145640433 31501.45466992259 2290.757498577237 979.9941416680813 14865.79588077217 33.5844208933413 146.3362379074097 4.67854356020689 6085.354241043329 43.4251938983798 219.8581609800458 267.7248544842005 21.0082636103034 30.46838127076626 334.9775228723884 333.6956053748727 336.0421510860324 1268.769481413066 3202.560547269881 5.224233478307724 488.6708373278379 1254.505365252495 18624.62005795538 1981.591344319284 13182.77184244245 0.6600599437952042 33.10882667452097 377.0952952727675 767.9012065455317 116.0546322539449 5817.850914180279 175.3164574056864 2238.131225451827 707.4862092211843 1486.822369024158 178.5426545217633 6.989376492798328 47.94217757880688 0.6192441582679749 1.852960042655468 4.468154042959213 7.156277671456337 0.3089165687561035 4.04077073186636 168.5095745325089 3.689050197601318 218.1630101054907 29.57526761293411 0.7538458108901978 27.21872892230749 0 3.085788078606129 14.16045612096786 110.5146498829126 0.9495945051312447 0.2662036120891571 0.2563881278038025 22.66182312369347 172.6399437263608 30.52358257770538 84.79589764028788 1389.12049960345 0 1.132842548191547 33.35452991724014 487.7606043592095 5.921479381620884 12.46167709678411 0.1916335225105286 0 0.7576388642191887 3.137933239340782 15.87068091332912 188.1058132871985 2.265856102108955 15.24677138030529 5.311338752508163 94.64141571521759 0.8414836525917053 0 0
935.8111310750246 2.502553999423981 128.8384370133281 54.6297842413187 198.1249120160937 10652.53307429701 2290.757498577237 11415.76583449543 75.59624369442463 3684.042536363006 435.9942797869444 807.1736179739237 10.01349357515574 9439.775795869529 197.3168653249741 1.706825084984303 140.4352317526937 118.8108864687383 121.3296840637922 477.5416784957051 51.42024721950293 5.991285189986229 169.0054240077734 324.9498534947634 0.9252509400248528 224.2044852487743 106.6480266042054 343.6288360506296 3426.571846656501 467.7867058068514 6.771860964596272 980.5709186121821 50.00562228262424 909.0326904952526 15.78164119273424 678.231542982161 29.83969379216433 1176.541386723518 111.6821932569146 1250.430693440139 112.5986203849316 6.965045049786568 12.30817450582981 0 0.3761672154068947 0 1.004274919629097 0 0.1482662558555603 8.114475354552269 0 10.7418200969696 2.278940424323082 0.3576953113079071 4.880737088620663 0 0 0.5579076111316681 1.016342177987099 0 0 0.1196867823600769 1.054658576846123 4.36073899269104 0.516257032752037 2.575025752186775 67.8513413593173 0.2426352500915527 0.4392481595277786 1.394219473004341 24.72061599045992 0 0.62731072306633 0.1022149100899696 0 0 0.2507716715335846 1.921379789710045 18.50562707334757 0 0.2395848408341408 0.2743449211120605 9.948395617306232 0 0 0
11.30345789343119 480.1309056952596 4.550701662898064 439.0502627789974 35.41959854960442 114.5483152195811 979.9941416680813 75.59624369442463 2593.227322310209 283.8693111762404 8.523678869009018 607.4453474730253 28.19242674857378 52.87198197841644 710.9360599145293 319.912311412394 1.513232409954071 1.099163338541985 1.223483972251415 764.6105268597603 185.2726865932345 4885.68481311202 30.93223965913057 15068.52830644697 52.43814217299223 34.72276643663645 328.3387676030397 2958.176807567477 38.21786335110664 71.1562355235219 3.668658502399921 4.080902330577374 10.66051212698221 24.32854127883911 1.547674417495728 198.922620087862 6.913694828748703 80.73850715905428 15.61390270292759 350.1821219548583 8.121514648199081 14.16320285201073 0.9891724213957787 0.8389000818133354 1.468201823532581 4.232501156628132 16.75777871906757 1.108257308602333 7.632124528288841 191.2530000731349 3.97665074467659 181.6227875947952 48.33349552750587 0.4073798507452011 32.95388247072697 0.6881048157811165 2.354556806385517 12.62278500944376 802.419430360198 2.889234945178032 0 0.6648127064108849 36.24877404421568 387.0730117335916 53.08950707316399 478.886309094727 2487.739881999791 0.3625252321362495 3.124571435153484 33.08324076235294 635.3738063499331 8.689259439706802 26.71792387217283 0.2986255884170532 0.4865542501211166 0.9518228620290756 5.282258354127407 1.554847121238708 119.9332310333848 1.758597545325756 20.70785515010357 7.483643285930157 93.78822810947895 1.052185669541359 0.1022866517305374 0.1426461338996887
31.18303199857473 10.49221833795309 77.13670594245195 4238.077643603086 24.75006491690874 5018.192904934287 14865.79588077217 3684.042536363006 283.8693111762404 23061.35976852849 64.43488728627563 4965.774770885706 2.884615831077099 1819.208830088377 122.18195682019 9.853220172226429 41.33066464215517 26.9526229724288 30.02463117241859 7898.969699673355 12.14435318112373 39.20484870672226 44.97958815842867 906.857733309269 1.368141792714596 73.11707563698292 113.5552430152893 8531.160888515413 843.5296858549118 149.9527776278555 1.072852022945881 52.07372775673866 41.12182950973511 495.8983645513654 39.31866428256035 1562.432022221386 32.82632938027382 1292.740401398391 241.0852764621377 549.275910615921 149.2956098467112 3.487058579921722 33.10684233903885 0 0 0.2594432383775711 49.94867435842752 0.4991807863116264 0.6816198453307152 28.93394558131695 0.9960565492510796 39.14511136710644 13.48073966056108 0.119334764778614 31.3465937525034 0.0807742178440094 0.5862618833780289 4.401614084839821 12.84227579087019 0 0 0 8.936539262533188 14.3192777633667 5.034413881599903 11.79898425191641 185.4394429400563 0 0 2.865033566951752 70.50465137511492 1.5309863910079 0.7302459254860878 0 0 0 0.1305991858243942 7.087208636105061 61.19816052913666 0 2.144012100994587 0.5993907898664474 39.55540619790554 0 0.3594654202461243 0
19.83713748306036 378.8038427829742 17.01148321479559 3.000978585332632 180.0787720456719 382.7276967167854 33.5844208933413 435.9942797869444 8.523678869009018 64.43488728627563 9812.275689423084 66.56233854591846 3734.769809029996 199.9774843528867 2.07006923854351 4.277531482279301 300.4160292372108 3665.637347206473 1871.658611319959 24.21569911763072 11.36954246461391 40.64038860797882 51.61222573369741 26.43454263731837 440.8264044225216 1909.94193502143 2095.113802872598 18.91518419981003 503.605496160686 13.94589279592037 1178.11443592608 602.3877028599381 1.610721684992313 9389.907686825842 33.702183611691 1436.415967404842 7523.007247112691 5556.288405716419 669.7218592911959 190.7430776506662 156.8515755683184 1782.510414458811 37.72365394979715 0 26.69386420398951 1.571109265089035 0 0 0 0.7913806587457657 0.2556690946221352 0.5539200752973557 0 114.2146287187934 0 921.057253099978 0 0 0.3367241248488426 0.1012230664491653 3.6651751101017 6.9651730209589 0 0.2195333242416382 4.58519159257412 0.4178218096494675 2.795772805809975 237.872171856463 103.0161431208253 438.4582080468535 1.118161611258984 0 0 109.390183493495 0.09060114622116089 0 0.4901917651295662 4.234013237059116 54.31610590964556 231.5334580913186 7.012145131826401 0.6229886412620544 0.8797868639230728 0 169.1073316112161 0
8.163375228643417 0.7783589884638786 0.9757730662822723 1561.029543273151 190.7070471271873 3197.243661113083 146.3362379074097 807.1736179739237 607.4453474730253 4965.774770885706 66.56233854591846 8011.822728283703 2.785402521491051 241.8454028069973 2084.925699956715 0.2254636511206627 4.033820793032646 22.22004529833794 24.50649227946997 7148.311844818294 0.2994218766689301 2.231508418917656 1.072070151567459 1237.976092390716 1.572148650884628 34.96856198832393 15.12952234596014 741.0372016057372 304.1410035192966 2.656563341617584 1.378191888332367 65.41384582966566 1.773496270179749 262.4275709092617 3.166147336363792 1136.902041997761 12.39672151952982 772.0167845860124 57.86595041304827 2264.169961594045 92.30233810842037 2.44491782784462 9.489400386810303 0 0.08053214848041534 0.1663579642772675 10.52632911503315 0.1505184024572372 7.49902406334877 10.505545347929 0.09796558320522308 23.4479870274663 38.09430134296417 0.2197695523500443 67.68278527259827 0 0.4573609083890915 3.931845307350159 0.8627801835536957 0 0 0 34.38879045844078 8.631140753626823 0 5.201059728860855 89.19156167656183 0 0 0.2703651711344719 19.66836088895798 0.498932421207428 0 0 0.2162858620285988 0 0.1269050091505051 3.662351310253143 49.34410748630762 0 1.640224613249302 0 42.10430969297886 2.552020847797394 0 0
0.3332960307598114 2699.461567588151 2.848428040742874 0.3005049005150795 3.113087981939316 10.68207008391619 4.67854356020689 10.01349357515574 28.19242674857378 2.884615831077099 3734.769809029996 2.785402521491051 6025.362257756293 4.488044403493404 0.1354266405105591 17.75399377942085 2.391495689749718 29.50196680426598 2.825086370110512 1.205612257122993 5.940900944173336 219.5984059795737 12.01492716372013 74.14322080463171 5798.302363291383 778.0434337034822 3188.072337843478 12.42670434713364 8.522831104695797 1.410027198493481 1510.38423217833 10.95461993664503 0.1177661418914795 428.6038535684347 32.62482138723135 513.645894549787 6096.186504237354 1075.976220749319 287.5165995582938 17.83136600255966 105.3463067337871 1904.484353072941 31.27479702979326 0 69.51904504746199 0.5024864077568054 0 0 0 0.09986339509487152 0.6504542306065559 0.5995509773492813 0 265.0534693002701 0.1726904660463333 2248.700810208917 0.2737135365605354 0 1.739059925079346 1.126935720443726 4.5690927952528 11.33109724521637 0 0 13.91290172189474 0.3011508360505104 1.155158780515194 730.3278587087989 317.2534681782126 1175.344756215811 0 0.4709133729338646 0 279.7939237654209 0 0 4.213973335921764 5.723539292812347 48.67515081912279 469.2975897341967 16.344641700387 1.683450475335121 0.4430985674262047 0.1466352939605713 361.63429915905 0
5264.158721499145 2.68259696662426 477.0901054143906 16.36196298152208 19.86023078113794 721.5891374200583 6085.354241043329 9439.775795869529 52.87198197841644 1819.208830088377 199.9774843528867 241.8454028069973 4.488044403493404 12413.24911221117 7.309939570724964 4.009650163352489 438.3944784961641 69.48734634369612 88.68971588462591 136.0982886329293 238.5789969041944 9.85231889039278 636.1133786812425 183.0487461611629 0.4594178050756454 308.5922478586435 194.0586612597108 278.6245379894972 9043.888763107359 2395.459913678467 2.62648044526577 243.9791437163949 122.1615385562181 1124.857500463724 18.57520025223494 770.7668306007981 52.15595542639494 1129.022661745548 173.1696989089251 205.6637925431132 50.23096699267626 1.54426383972168 13.44459135830402 0 0.2178924381732941 0.1885640174150467 0.08500190824270248 0 0.4027924239635468 5.470318362116814 0 6.167258448898792 0.3093069195747375 0 0.9406074285507202 0.2903440594673157 0.07728221267461777 0.3189431577920914 3.605388551950455 0 0 0 0.3632151037454605 6.937953412532806 0 4.93662840873003 29.6990143507719 0 0.6499977111816406 4.184094853699207 12.01228118687868 0 0.3522403240203857 0 0 0 0.1230959370732307 3.015673592686653 8.728798404335976 0.2916785776615143 0.4854485169053078 0 3.133884266018867 0 0 0
0.4823767766356468 1.804516166448593 0.08707956969738007 71.8201762586832 2518.761089377105 1958.391075097024 43.4251938983798 197.3168653249741 710.9360599145293 122.18195682019 2.07006923854351 2084.925699956715 0.1354266405105591 7.309939570724964 218.4957716017962 0.4995230436325073 0.1842363923788071 0.2521463334560394 0.4983180537819862 221.0856185629964 1.024648308753967 8.926304325461388 0.6218923479318619 535.5947020947933 0.2142666131258011 1.271356806159019 3.719303026795387 126.8811528459191 10.66405791789293 2.957768388092518 0.1091789826750755 473.9863603189588 0.5136134177446365 6.689727663993835 2.207746759057045 443.3083815574646 0.4232885241508484 10.97147408127785 3.647491492331028 1521.140323862433 39.30375870317221 0 0 0 0 0 0.306098997592926 0.1484739929437637 0 4.862394526600838 0 3.932801842689514 1.576913699507713 0 2.67463806271553 0 0 2.724394544959068 2.341963574290276 0 0 0 0.2036222368478775 3.516393527388573 0.8550967127084732 2.633905440568924 25.24797911196947 0 0 0 9.663635857403278 0 0 0 0 0 0 36.06696185469627 10.68271175026894 0 0.4708272814750671 0 10.18230232596397 0 0 0
1.809878714382648 365.4339085146785 14.3896069675684 0.6234746277332306 0 2.488563351333141 219.8581609800458 1.706825084984303 319.912311412394 9.853220172226429 4.277531482279301 0.2254636511206627 17.75399377942085 4.009650163352489 0.4995230436325073 5554.634192854166 35.32743536680937 0.9749125987291336 4.207443416118622 1.445992797613144 2386.075700372458 5001.998866744339 4015.361094452441 1632.682121247053 32.65602490305901 30.33694472163916 4807.522982127964 3021.581810288131 4.693023301661015 166.2425613105297 2.466550812125206 0.1232433989644051 2.100332893431187 65.704585544765 32.11759941279888 2824.345663040876 308.9828494489193 571.0050386190414 509.9636316075921 113.2250891029835 5.893996231257915 71.25864686071873 26.5664000287652 0 3.463696226477623 7.40042620152235 0 0 0.095567487180233 3.755058564245701 0.113524004817009 70.24188434332609 0.5511797815561295 11.64284054934978 0.1639880388975143 2.613727189600468 0.1862715855240822 0 1157.530845709145 2.831334136426449 0 0.4727133363485336 0 154.7096350714564 493.2251491472125 761.6092262417078 203.9089049100876 1.283785223960876 3.043508462607861 107.1516974493861 33.23656060546637 0.4571828246116638 7.879606962203979 0.8416894674301147 0.7368950247764587 0.4960811585187912 0.3513260260224342 1.712280288338661 225.8213487192988 6.614127114415169 15.49141281843185 3.533997043967247 9.246405497193336 2.365102887153625 12.07563951611519 2.851503252983093
303.3214517980814 60.59242784231901 2867.576168380678 1.338684111833572 2.19861251115799 20.45965729653835 267.7248544842005 140.4352317526937 1.513232409954071 41.33066464215517 300.4160292372108 4.033820793032646 2.391495689749718 438.3944784961641 0.1842363923788071 35.32743536680937 2844.851311162114 575.116497464478 5372.054948851466 4.401448979973793 825.8825517222285 28.1763237118721 5555.24472310394 12.0572569668293 4.951638467609882 7589.151117868721 5996.839535340667 59.2165190204978 501.509215272963 1933.905308000743 1.271104514598846 9.084717638790607 85.98312935978174 4898.50927464664 9.084372967481613 532.4016887620091 1546.172849096358 2172.645581744611 230.3677227050066 25.14163162559271 1.520043879747391 4.274228058755398 2.711831882596016 0 22.94153792411089 29.74830438196659 0 0 0 0.2349424958229065 0 0.3616358041763306 0 0 0 1.636566020548344 0 0 4.491666279733181 0.8739313185214996 0.1405222713947296 10.49900304526091 0 1.039536863565445 4.058665789663792 11.00916423648596 3.279614172875881 0.5735439658164978 34.31205774843693 208.5676382631063 0.4962480068206787 0.2635800465941429 0 0.6250268593430519 0 0 0.71593277156353 0.5227358937263489 6.61327325552702 3.878922417759895 4.227584458887577 0.8210862129926682 0 0 0 0
10.02516479045153 8.080342292785645 48.13106571137905 0.8560273945331573 19.49862582981586 93.79770066216588 21.0082636103034 118.8108864687383 1.099163338541985 26.9526229724288 3665.637347206473 22.22004529833794 29.50196680426598 69.48734634369612 0.2521463334560394 0.9749125987291336 575.116497464478 185.3390576988459 1970.080407254398 8.794123969972134 5.239052474498749 1.903979420661926 44.71583148092031 5.227669954299927 1.045587852597237 2951.164454314858 604.3425859585404 6.326614528894424 104.2106270678341 21.92492006719112 64.44934670627117 89.82158836722374 1.568364374339581 1045.644658200443 12.97984817624092 715.8415266051888 1078.294680483639 1883.695478718728 245.0349203795195 51.85298879444599 4.121779404580593 12.14086613804102 2.468837723135948 0 1.523140147328377 1.150170966982841 0 0 0.09748836606740952 0 0 0.1655865684151649 0 4.864875219762325 0.112557128071785 29.2106562256813 0.09934082627296448 0 0 0 0 1.104476109147072 0 0 0.7678215801715851 0.2981363236904144 1.087098084390163 0.9740467816591263 32.14654048532248 68.71456485241652 0.08199132233858109 0 0 11.80626463145018 0 0 0 1.087359473109245 5.014183312654495 10.21425424516201 1.973578810691833 0 0.3836449310183525 0 0.1241263300180435 0
18.32885533571243 20.98562891036272 102.4702242091298 1.133836694061756 14.17923084646463 88.39592617750168 30.46838127076626 121.3296840637922 1.223483972251415 30.02463117241859 1871.658611319959 24.50649227946997 2.825086370110512 88.68971588462591 0.4983180537819862 4.207443416118622 5372.054948851466 1970.080407254398 3087.540314890444 9.045145317912102 24.81925454735756 3.407215654850006 160.5795264914632 6.532577753067017 6.042505979537964 4918.827379703522 825.0747132971883 8.739531368017197 132.7963867783546 66.59816139936447 2.96446917951107 74.18731056898832 4.272592060267925 2843.32598336786 10.16942465305328 733.3352416753769 778.7289355024695 2075.336724646389 242.9485362544656 40.15183275192976 1.083587355911732 6.585875630378723 2.540402106940746 0 4.544717408716679 1.815740212798119 0 0 0 0 0 0 0 2.165960609912872 0.1117329671978951 6.448219537734985 0.337680347263813 0 0.3863886147737503 0.7426932454109192 1.436551555991173 4.01444374024868 0 0 0.3327056467533112 1.107684299349785 1.491492934525013 0.8636895269155502 64.33871012926102 112.8885312974453 0.1751812249422073 0 0 2.982347279787064 0 0 0.2057739645242691 0.9868225306272507 4.391692295670509 3.76909314841032 6.257607370615005 0 0 0 0 0
7.117906898260117 0.7021819427609444 7.751451179385185 5038.641152858734 21.15536516904831 363.2985108867288 334.9775228723884 477.5416784957051 764.6105268597603 7898.969699673355 24.21569911763072 7148.311844818294 1.205612257122993 136.0982886329293 221.0856185629964 1.445992797613144 4.401448979973793 8.794123969972134 9.045145317912102 792.2341521084309 2.091661281883717 4.270901367068291 6.314410947263241 1475.984507523477 0.2100701853632927 17.69034414738417 11.03611426800489 4999.975368410349 320.9935702085495 22.80182488262653 0.3999562859535217 24.63525038957596 13.70599521696568 216.6838232651353 28.45611724257469 1585.825364947319 18.0332675203681 713.9435464739799 134.8833601102233 832.7002395987511 101.8374463617802 3.597590707242489 30.07552433013916 0 0 0 8.081549301743507 0.7901822999119759 2.681664004921913 35.81117327511311 1.903099834918976 59.10917733609676 18.3930151835084 0 42.92590295523405 0 0.1196689382195473 10.06968840956688 2.403194144368172 0 0 0 11.37052104622126 7.738418459892273 0.7217498123645782 1.254362478852272 222.4382320195436 0 0 0.105736568570137 78.08089400082827 0.2852476462721825 0.4654853940010071 0 0.2719151079654694 0.3433857411146164 0.09428750723600388 2.341572910547256 113.3481484949589 0 1.992991559207439 0.4410088732838631 78.47437408566475 0.2146140038967133 0.3278525248169899 0
221.9443517923355 22.50357490032911 1210.906404197216 0.3193995654582977 0.2333928346633911 3.406300686299801 333.6956053748727 51.42024721950293 185.2726865932345 12.14435318112373 11.36954246461391 0.2994218766689301 5.940900944173336 238.5789969041944 1.024648308753967 2386.075700372458 825.8825517222285 5.239052474498749 24.81925454735756 2.091661281883717 10396.85375732929 515.897964425385 15645.68801532686 1137.910638466477 2.686497874557972 136.8174444511533 1223.633571628481 2976.105917267501 208.1329741254449 10047.65075459331 0.2417761236429214 0.8520709574222565 45.38792557269335 2517.423043303192 64.49474450945854 7506.353309065104 248.1599890068173 5435.773704916239 2731.626415848732 405.7900244370103 18.57378606498241 41.40764319896698 41.40457727760077 0 0.5333002656698227 1.431843459606171 0 0 0 1.576965071260929 0.3602487593889236 49.06367086619139 0.4063558876514435 5.969515234231949 1.030972838401794 0 0 0 501.7981626242399 2.798350930213928 0 0 0 135.0899419784546 202.063776217401 322.0260764583945 102.7654589489102 0 3.011399410665035 28.23926058411598 22.95266908407211 0.3546248525381088 8.944600626826286 0 0 0 2.431937389075756 9.369887493550777 130.9926323965192 4.795428693294525 5.592644482851028 2.921829015016556 0.9878641366958618 0 9.709593176841736 0
1.074571959674358 2825.377323143184 69.35054964572191 1.818288013339043 0.101466067135334 10.96416516602039 336.0421510860324 5.991285189986229 4885.68481311202 39.20484870672226 40.64038860797882 2.231508418917656 219.5984059795737 9.85231889039278 8.926304325461388 5001.998866744339 28.1763237118721 1.903979420661926 3.407215654850006 4.270901367068291 515.897964425385 4301.969476938248 907.0271971523762 8760.253939300776 336.710085272789 152.3261191621423 6081.288323462009 1555.812524192035 5.792081579566002 30.69628334790468 27.85367760062218 0.3230249136686325 2.170951336622238 25.48151102662086 1.497092589735985 241.6878792792559 141.0202178433537 80.22731304913759 25.43314106762409 35.99043800681829 4.888167679309845 88.4472872838378 2.157107442617416 0.1330360472202301 26.71689459681511 29.63425597548485 0 0 0.2291500121355057 7.191960789263248 1.097939103841782 105.8409895822406 0.6084827333688736 19.89041020721197 0.1125421971082687 5.403961233794689 0.9706527888774872 0.1098080575466156 1945.068173579872 12.18630126863718 0.4933278039097786 3.338861621916294 0.2881627231836319 217.4321001917124 482.905712865293 1611.840369097888 223.4476656094193 1.056309171020985 14.79713303595781 932.2047632560134 49.34274142235518 0.3149494156241417 6.907048501074314 0.7074246779084206 0 0.4081529974937439 8.222835682332516 2.336769483983517 230.8435942903161 6.015759229660034 32.03246933221817 16.96067646145821 9.989583432674408 0 16.66457033902407 1.329281568527222
525.4854106456041 47.52761152386665 12996.84837964177 0.4350355193018913 0.1777758076786995 12.88106323033571 1268.769481413066 169.0054240077734 30.93223965913057 44.97958815842867 51.61222573369741 1.072070151567459 12.01492716372013 636.1133786812425 0.6218923479318619 4015.361094452441 5555.24472310394 44.71583148092031 160.5795264914632 6.314410947263241 15645.68801532686 907.0271971523762 15736.41970058531 487.7743990197778 10.37626925855875 2271.263136621565 9380.480964832008 5260.211072474718 500.6292910352349 9183.954186685383 1.484165713191032 2.518031090497971 88.99641977250576 4153.336631901562 193.1011185050011 11722.97396476567 4049.617341652513 10432.86479671299 4269.982679605484 558.9170011505485 18.13421745598316 35.795758202672 69.69202263653278 0 5.44015945494175 10.12576713413 0 0 0 2.335998177528381 0.1292592138051987 5.128215700387955 0.620572417974472 8.563818976283073 0 0.6736050546169281 0.1263764351606369 1.025123357772827 572.8690592199564 3.087106466293335 0 2.289493784308434 0 25.43684978783131 253.6702749356627 475.2295741811395 44.73195088654757 0.1616092622280121 3.769312120974064 260.0527085065842 10.64470599591732 0 1.756661862134933 0.3075645267963409 0 0 1.288989946246147 20.76316802948713 81.39416935294867 3.561958104372025 17.0216570943594 8.915889382362366 2.021548002958298 0 5.05012783408165 0
45.29850831627846 1300.269333824515 23.49952387064695 2028.622359789908 22.93419114500284 167.5681539326906 3202.560547269881 324.9498534947634 15068.52830644697 906.857733309269 26.43454263731837 1237.976092390716 74.14322080463171 183.0487461611629 535.5947020947933 1632.682121247053 12.0572569668293 5.227669954299927 6.532577753067017 1475.984507523477 1137.910638466477 8760.253939300776 487.7743990197778 16320.49776263535 126.324784219265 73.99309769272804 1678.270330935717 9564.847581066191 176.1636363044381 212.8819104880095 9.618392013013363 11.33349592983723 57.94822435826063 140.1207566410303 17.86360570043325 1996.095971852541 41.83559276163578 467.1759526953101 139.4282478988171 1084.349227547646 38.89496624469757 13.65405796468258 13.69169840961695 0.6082334965467453 4.75373137742281 9.214561082422733 11.67084894329309 1.493783533573151 7.399714194238186 261.5584001839161 6.029201075434685 642.7694974243641 53.71787611395121 2.474715560674667 43.31496063619852 1.729212515056133 4.319788202643394 16.66444885730743 343.0070858895779 3.384102754294872 0.07551896572113037 0.9886295273900032 30.89274499565363 497.3854242116213 92.36288379877806 252.8715511411428 2712.724629603326 0.7317081540822983 3.328203998506069 36.62876173853874 897.7075873017311 7.718458883464336 36.11435171961784 0.1206966191530228 0.2724476456642151 1.353004768490791 6.733143769204617 6.284682095050812 306.5451807826757 3.801601566374302 26.42544605582952 9.322824783623219 125.1137667000294 1.212057366967201 3.729616433382034 1.647522509098053
0 2889.675710946321 0.4998775869607925 0 0.1575251519680023 0.6751275062561035 5.224233478307724 0.9252509400248528 52.43814217299223 1.368141792714596 440.8264044225216 1.572148650884628 5798.302363291383 0.4594178050756454 0.2142666131258011 32.65602490305901 4.951638467609882 1.045587852597237 6.042505979537964 0.2100701853632927 2.686497874557972 336.710085272789 10.37626925855875 126.324784219265 2105.534080833197 181.8061689659953 7522.756895795465 18.8278214931488 0.2048674449324608 1.136975415050983 135.9406422823668 0.7783081829547882 0 91.00421965122223 2.961102813482285 87.27818116545677 284.6351508945227 138.6411606147885 25.39439453184605 1.029535822570324 29.85666224360466 386.9305923730135 12.70037460327148 0 428.792306445539 5.238353222608566 0 0 0.8716174885630608 0 0 1.506266817450523 0 45.69662846624851 0 416.7570071667433 0.2739441990852356 0 3.150751784443855 1.591587655246258 2.80693793296814 12.57403202354908 0 0.1469104439020157 4.385677874088287 0.7933314740657806 0.8611637428402901 129.4799309968948 170.5405920818448 638.5252361744642 0 0.1208214238286018 0 70.07564198225737 0 0 1.910661160945892 0 20.11811789125204 45.9645176678896 16.40571015328169 4.073358617722988 0.134203314781189 0.9113273024559021 28.83274809271097 0
113.534974180162 831.1868213191628 8349.607691928744 1.803396753966808 20.61369746178389 128.1666842885315 488.6708373278379 224.2044852487743 34.72276643663645 73.11707563698292 1909.94193502143 34.96856198832393 778.0434337034822 308.5922478586435 1.271356806159019 30.33694472163916 7589.151117868721 2951.164454314858 4918.827379703522 17.69034414738417 136.8174444511533 152.3261191621423 2271.263136621565 73.99309769272804 181.8061689659953 36987.11655062437 13909.50278390199 101.1118467822671 230.6537496075034 702.864752151072 1220.02735042572 94.68871169537306 10.820054076612 2540.378159627318 65.37795008718967 4138.327957384288 6149.744079038501 5539.671264067292 997.3398253619671 161.5614880621433 8.465660072863102 136.1097694933414 9.945354007184505 0.1464722603559494 279.347562789917 292.7794488966465 0 0 0.4033565074205399 0.9163345843553543 1.142273046076298 7.93133533000946 0.2396672889590263 68.85979156941175 0.09781996160745621 563.6813277602196 1.470684260129929 0 10.09149498492479 20.70200198143721 41.1003467515111 145.6695144176483 0.2367867231369019 2.853375934064388 41.57020667940378 23.67697712779045 16.76383696496487 57.18863752484322 1219.190250121057 3716.534942679107 1.875834204256535 0.8390096127986908 0.8472166284918785 201.0907754153013 0.4649376720190048 0 23.27924847602844 8.340914569795132 60.06386133283377 184.9729400873184 63.98917942494154 14.67467761039734 3.211152352392673 0 6.698303900659084 0.1987961977720261
82.93034336715937 12866.81882230192 7138.12947999686 4.292459413409233 6.582651384174824 67.23699826002121 1254.505365252495 106.6480266042054 328.3387676030397 113.5552430152893 2095.113802872598 15.12952234596014 3188.072337843478 194.0586612597108 3.719303026795387 4807.522982127964 5996.839535340667 604.3425859585404 825.0747132971883 11.03611426800489 1223.633571628481 6081.288323462009 9380.480964832008 1678.270330935717 7522.756895795465 13909.50278390199 32709.19957432896 2407.651091791689 164.315922755748 556.491379879415 1905.162056341767 30.89109530672431 17.49646843224764 3422.85883191973 250.6248475089669 8496.313711166382 7025.218718461692 8612.972384735942 2727.02339655906 335.9337074831128 10.60419967025518 134.6507863551378 55.28609846532345 0.1272492408752441 1715.532094225287 1299.505751229823 0 1.0931636095047 0.8703526332974434 18.71126165986061 5.256397508084774 23.90079562366009 3.303600743412971 77.47388146817684 0.393793985247612 565.4498410001397 7.29753864556551 1.074911825358868 1095.849688529968 124.7168806642294 59.57218986004591 328.6389314457774 0.6337870731949806 42.40291133522987 965.3626388609409 2349.606193564832 116.5897214785218 84.32805672287941 2212.706647492945 13834.41197261214 20.13855151832104 2.938069969415665 1.948082253336906 213.244816981256 0.8856401890516281 0.5822442770004272 70.20051053166389 46.84087620675564 312.850073993206 236.9751286059618 285.2877147570252 109.5588619336486 12.65757939219475 0.2783328145742416 19.1514709815383 2.711213059723377
106.0849461406469 197.4685190021992 688.8384730368853 4421.407471902668 11.5687737390399 434.8111367821693 18624.62005795538 343.6288360506296 2958.176807567477 8531.160888515413 18.91518419981003 741.0372016057372 12.42670434713364 278.6245379894972 126.8811528459191 3021.581810288131 59.2165190204978 6.326614528894424 8.739531368017197 4999.975368410349 2976.105917267501 1555.812524192035 5260.211072474718 9564.847581066191 18.8278214931488 101.1118467822671 2407.651091791689 17542.85445441306 337.7127284929156 9458.373567119241 1.590280652046204 12.21236646920443 146.8144177943468 466.9679392501712 57.75337925553322 5438.503125734627 182.4758945703506 1429.926166221499 733.3054405152798 859.9003405049443 63.48714030534029 30.98649342358112 30.48011862486601 0.4668626859784126 1.41479479521513 8.874633692204952 35.20020182430744 1.566565230488777 7.557105161249638 204.317219004035 7.193498432636261 548.724112354219 44.87982527911663 6.410145565867424 36.97078894078732 0.2693115174770355 4.345338478684425 14.14907881617546 657.3776274845004 2.725323662161827 0 0.7764567360281944 28.18889596313238 806.8706017807126 146.2419853955507 491.38001075387 2622.096503525972 1.946231238543987 2.677552372217178 42.41523546725512 762.4882705137134 8.28594883531332 59.76614139974117 0 0 1.554875575006008 5.747651599347591 15.27405880391598 405.5911642313004 2.487712986767292 28.4858794733882 8.492518961429596 148.1190652996302 0.5538175776600838 4.09590370953083 0.975057452917099
3865.225014321506 2.948412150144577 132.4726236984134 36.66161513328552 170.8798304796219 988.8971113413572 1981.591344319284 3426.571846656501 38.21786335110664 843.5296858549118 503.605496160686 304.1410035192966 8.522831104695797 9043.888763107359 10.66405791789293 4.693023301661015 501.509215272963 104.2106270678341 132.7963867783546 320.9935702085495 208.1329741254449 5.792081579566002 500.6292910352349 176.1636363044381 0.2048674449324608 230.6537496075034 164.315922755748 337.7127284929156 29394.06783307344 8622.469531483948 4.104162767529488 2686.08632247895 3494.039568074048 4004.763312578201 17.02729345113039 484.7639538794756 23.81983724981546 1892.867503270507 200.8095569722354 348.428215816617 163.7174041718245 4.345339968800545 6.469319604337215 0 0 0.2709431052207947 0.187461644411087 0 0 2.425532802939415 0 5.212185561656952 1.128279082477093 0 0.8368543609976768 0.1786579489707947 0.1213635727763176 0.3248235583305359 1.186828672885895 0 0 0 1.109298311173916 3.702011674642563 0.4089221358299255 1.694295801222324 23.89344245195389 0 0.5626824572682381 2.262855403125286 6.88585177063942 0 0 0.2506209686398506 0 0 0 2.192806705832481 5.655196167528629 0.09671775251626968 0.09696210920810699 0 1.553880415856838 0 0 0
