892.6564550176263 0 29.73811249434948 0.469789557158947 0 14.38181789964437 1037.248797960579 197.4229662716389 0.9544335901737213 21.46403494477272 8.387240141630173 4.103469431400299 0.198257215321064 6400.945412546396 0 0.5222093462944031 104.3208555057645 9.856000758707523 50.05968683212996 4.606487691402435 90.6507483497262 0 106.5365175232291 23.05574502050877 0 44.97389170527458 23.14186819642782 31.8947940915823 3629.590249896049 1855.426906958222 0.08588968217372894 4.573988795280457 71.56503131985664 58.79709723591805 0.6495845317840576 5.623264104127884 1.709941647946835 26.04939920455217 3.954744219779968 1.053993806242943 0.4869754910469055 0.1476790904998779 0.09509724378585815 0 0 0 0 0 0 1.765362486243248 0.3857441246509552 0.8446096479892731 0 0 0 0 0 0 0.2183618247509003 0 0 0 0.1896142065525055 0.5523082539439201 1.435875922441483 0 11.55754664540291 0 0.2088675871491432 0.3039347901940346 9.383868277072906 0.171350821852684 4.195065066218376 0 0 0.5462278127670288 0.5465928614139557 0 4.061166256666183 0.1625795513391495 0.1522416621446609 1.518647357821465 0.2918616235256195 0 0 0
0 151.8405944108963 4.686812818050385 0 0.2805282175540924 0.7020244374871254 0.8037974908947945 1.759618408977985 475.8416730612516 0.6983541920781136 17.74678753316402 2.388684257864952 437.9509186074138 1.044969789683819 8.800429277122021 32.16034911572933 210.3609780967236 10.1668568700552 270.3526688963175 0.2199824005365372 2.610033452510834 2897.00136885047 3.083349414169788 535.0493358746171 2324.229499295354 479.3801685795188 5312.66431876272 15.88027177006006 2.190517462790012 1.034166410565376 12.94795215129852 0.6239869594573975 0.2704722955822945 20.15333577990532 0.4074542820453644 97.06800009310246 99.42278314381838 97.58948741853237 21.25596426427364 43.01035145670176 0.2625286877155304 292.2198854833841 0.5700363516807556 0 63.40897777676582 26.43567882478237 0.3876974433660507 0 0 5.983736962080002 0 3.21741046756506 0.6517909318208694 8.688827387988567 0 39.92985589802265 1.056757271289825 0 3.377525866031647 11.78278186917305 1.182449638843536 11.4001180678606 0.1365446895360947 0 6.748950839042664 2.956125766038895 4.755924753844738 32.33074732869864 157.226596146822 2215.711386941373 2.546746961772442 0.2868481576442719 0.1106615290045738 14.04900404065847 0 0 3.486468568444252 0 13.57944293320179 27.71856291592121 17.33544100821018 3.040748983621597 0.1725734174251556 0 2.468467891216278 0
29.73811249434948 4.686812818050385 7714.192874498665 6.708432301878929 0 52.39303860813379 1537.752976462245 996.1524929106236 1.983422219753265 134.8619770035148 12.89275486767292 1.925060100853443 9.003291502594948 663.479663990438 1.013614468276501 9.157280750572681 3581.561775498092 36.55336453765631 141.47751673311 6.843687623739243 280.7192871421576 9.890556141734123 9238.383722014725 149.5910692214966 7.389618381857872 6333.35037752986 12065.0895581916 900.0997939184308 107.4011585861444 105.9131351113319 5.239276334643364 6.837365068495274 10.84772163629532 770.4654317647219 65.86770987510681 3417.134167209268 4589.152882739902 1822.601156160235 988.002697236836 123.3043155744672 3.794549435377121 37.21028243750334 13.94355734437704 0.1276793032884598 68.86490345001221 900.7146743014455 1.078930765390396 0 0 61.12598073482513 5.833661422133446 1.065135940909386 0.1970758587121964 0.7239757031202316 0 0.2729483246803284 12.26863066852093 0 67.74308544397354 15.25827312469482 0.6374884247779846 4.353450648486614 0 1.638700634241104 134.8476855605841 382.1139075830579 16.27209172397852 0.458520844578743 55.31774187088013 3950.023723252118 26.12497590482235 1.263117700815201 10.42501451820135 0.377679169178009 0.5874228477478027 0.1822220981121063 2.683567047119141 1.581081092357635 48.84644646942616 78.8131610006094 28.52293106168509 27.57741925120354 1.319598272442818 0 0.2321190237998962 0
0.469789557158947 0 6.708432301878929 720.4750191271305 0.4601935595273972 16.5654693543911 44.06173200905323 6.940100133419037 202.168301358819 2352.943054497242 0.7892291247844696 1651.617741629481 0.1165461242198944 8.519602343440056 15.22410517930984 0.1799430102109909 0.7575240358710289 0.3620355427265167 0.1162905991077423 2245.664814077318 0 2.067287266254425 5.063226103782654 1106.850085809827 0 9.628022879362106 19.29845664650202 3781.788593620062 40.37503942102194 3.560582533478737 0.08611718565225601 1.259313598275185 5.662607967853546 15.73519556224346 0.2516909539699554 85.30413688719273 0.9046633541584015 49.73746123164892 23.62221640348434 208.3198611661792 2.612867549061775 4.472223281860352 4.377511456608772 0.2689679563045502 0.1874503195285797 0 177.5201537013054 1.62989068031311 7.933538779616356 65.78161923587322 5.852294594049454 138.5241306871176 73.62497361004353 0.2251303046941757 45.82695014774799 0 2.469587802886963 10.82607029378414 0.4328665137290955 0 0.2807448208332062 0 120.8994281738997 0.1651606410741806 2.260972619056702 0.2185181528329849 297.2397557944059 0 0 1.366264350712299 239.8936614170671 3.055527105927467 2.706663891673088 0 1.178370401263237 0 2.006050825119019 0 74.53125640749931 0.4695259481668472 14.61830684542656 2.159387588500977 162.485540419817 0.4267934858798981 2.396107196807861 0
0 0.2805282175540924 0 0.4601935595273972 48.70047715306282 1035.962828174233 1.206367090344429 20.70646774768829 97.02980852127075 10.65290129184723 15.04258138686419 70.56917377561331 1.78318902105093 0.8547539710998535 975.9542103558779 0 0.3276256769895554 3.981338337063789 0.4114336371421814 8.587397985160351 0 2.083822324872017 0.5260795950889587 18.124157525599 0.1596694141626358 4.585473582148552 1.305848747491837 2.632274389266968 1.58658442646265 0 0.6267942115664482 329.7200494706631 0 111.7677002847195 0 24.93522724509239 2.055896513164043 114.1257776543498 14.58881975710392 1148.180764779449 23.60324281454086 3.927992314100266 5.743948996067047 0 0 0 0 0 0 0 0 0.3098284304141998 0 0 0.746692955493927 0 0 0 0 0 0 0 0 0 0 0 1.898000538349152 0 0 0 1.725279368460178 0 0 0 0 0 0 0 3.785983145236969 0 0 0 2.408192127943039 0 0 0
14.38181789964437 0.7020244374871254 52.39303860813379 16.5654693543911 1035.962828174233 12441.58803767711 1827.670852512121 6383.436049044132 216.4052320197225 11067.32765055448 157.859896838665 3424.505714870989 28.82624439150095 926.3830108940601 2559.640346050262 1.115352913737297 39.25788684934378 30.54630294442177 16.86437225341797 288.9292830079794 6.879517376422882 0.9964043647050858 42.40088437497616 122.7952249571681 5.91768054664135 130.3016223460436 38.52195256948471 319.2765210643411 513.777224496007 44.94196035712957 5.577878125011921 842.5692543536425 9.224136278033257 626.4199322015047 3.58422663807869 340.5692792311311 17.00766868889332 672.2784801200032 116.7451607733965 3666.463685683906 635.9258223325014 17.41959641128778 23.85280020534992 0 0.4699925482273102 0.6836292594671249 14.34987364709377 0.2369717359542847 0.3364982008934021 24.42675413191319 1.489498049020767 17.98425510525703 11.49551075696945 0.1401468962430954 7.807376757264137 0.2436501011252403 0.8340553641319275 2.151639565825462 0.7740566805005074 0 0 0 10.57630963623524 0.1724308282136917 0.1516987681388855 0.4125327616930008 45.26250050961971 0.3780916333198547 0.09217831492424011 2.26066392660141 40.23542153835297 3.377126924693584 6.699936501681805 0.1252179443836212 0.1364504247903824 0 0.4254970550537109 0 31.87388576567173 0 4.395857378840446 1.763533353805542 41.56462170183659 0.2417940199375153 3.897836923599243 0.3729026317596436
1037.248797960579 0.8037974908947945 1537.752976462245 44.06173200905323 1.206367090344429 1827.670852512121 19330.25317647308 6390.565213046968 172.7290068268776 8478.260025762022 52.11477131396532 51.00542897731066 6.699748173356056 7351.55357889086 16.28859720379114 2.894812777638435 358.4895601943135 32.25499828904867 52.0477631315589 54.85800159722567 400.458746984601 3.553991086781025 2293.737236559391 1695.751610219479 0.9834823906421661 893.3234535455704 381.451201044023 20775.38496037573 3372.685562379658 8433.318482778966 8.062863208353519 31.42529975622892 334.3150047361851 893.8830770552158 31.47069166600704 1668.515279315412 94.9462099596858 1933.441600114107 779.4624844640493 779.7891016677022 119.1179414466023 5.434578619897366 49.38842056691647 0.9744588732719421 1.075491055846214 7.773819342255592 50.36823745071888 0.5829160213470459 6.532665587961674 82.37809126079082 7.909798957407475 82.47733173519373 40.33908170461655 0.1707307100296021 3.57944718003273 0 0.1426675468683243 1.473197892308235 8.175317637622356 0 0 0.4071238860487938 43.34867209196091 2.660022459924221 5.839209705591202 5.553158670663834 176.6892517730594 0.1944864466786385 1.842576548457146 51.65032491832972 154.9786853864789 7.457937933504581 27.0382230207324 0 0.3660066798329353 0.2455229535698891 4.093079164624214 0.3097439110279083 47.1594965159893 0.7762030214071274 11.69439894706011 3.414194904267788 30.43015403300524 0.7591530084609985 0.2714535593986511 0.7086339592933655
197.4229662716389 1.759618408977985 996.1524929106236 6.940100133419037 20.70646774768829 6383.436049044132 6390.565213046968 15045.87056775391 177.754644960165 3637.688605301082 309.5087875425816 811.2547677531838 24.36936951428652 6729.563132494688 191.6651448830962 1.612191200256348 930.5327796265483 107.1650622934103 297.7369924038649 304.5147045999765 221.6135042011738 7.318287000060081 1142.079854145646 92.64126813411713 3.575667835772038 1321.508704461157 247.3193351402879 174.3685831725597 526.1026614382863 1254.476154714823 9.221198856830597 477.0017717033625 34.86110527068377 560.4496384784579 3.282771028578281 295.7552899941802 68.40577873587608 468.9919634386897 89.93643204122782 570.5813167095184 43.02798063308001 14.66499990969896 15.56685253977776 0 0.7888469472527504 3.027886115014553 53.54512983560562 0.2002422213554382 7.455999463796616 242.9616601839662 10.67947789281607 100.4523397237062 53.16118368506432 3.409284576773643 2.50750270485878 0.4933032318949699 5.691986329853535 4.526632025837898 0.9511462673544884 0.3264072090387344 0.4173763245344162 0.4154399931430817 71.98284731805325 0.9795666188001633 1.710307165980339 1.39562813937664 311.3738239407539 0.3119712769985199 1.770386300981045 16.47677414864302 280.7891191467643 13.83399924635887 41.19183580577374 0.1205102130770683 0.5950262248516083 0.9558364748954773 9.54857824742794 2.009264767169952 93.23195751011372 1.694619812071323 38.60951585322618 8.799120776355267 121.1133792847395 1.039402097463608 0 1.349817514419556
0.9544335901737213 475.8416730612516 1.983422219753265 202.168301358819 97.02980852127075 216.4052320197225 172.7290068268776 177.754644960165 821.9670853763819 239.5454454049468 2.978419773280621 576.4265204593539 17.96664901077747 18.27842513471842 667.2815826684237 10.98346105217934 8.860272511839867 1.654212445020676 17.75055509060621 295.4196521341801 3.731833398342133 2259.98046503216 4.636773139238358 6593.848825939 181.9992129281163 23.3423083871603 974.5753016918898 996.3523724973202 29.54528537392616 28.18506522476673 1.409912005066872 4.669724851846695 2.142324186861515 18.13948700577021 2.892822712659836 90.4018676429987 10.5201538875699 58.32561115920544 14.51441811770201 851.3312730044127 10.65187746286392 5.315768174827099 0.4449943751096725 4.422848150134087 3.683758437633514 1.916493773460388 81.11559137701988 0.210692510008812 4.103148855268955 245.0362166166306 3.628502011299133 251.407753944397 45.82742445170879 4.740723960101604 8.864855632185936 2.616049319505692 9.027711898088455 4.460945457220078 25.54568874835968 0.7748887613415718 0.3947238773107529 0.3694731295108795 40.62801603972912 12.49791456758976 21.05655308067799 2.746206194162369 1026.659358628094 2.938431993126869 4.122953668236732 15.48860718309879 383.3812943994999 39.69441284239292 190.1804172471166 0.5753378495573997 1.076230809092522 4.774139955639839 15.61848378926516 4.20375782251358 118.337418846786 6.334070272743702 42.53502871096134 20.08201368898153 156.5689279288054 2.673526436090469 0 0.3705850541591644
21.46403494477272 0.6983541920781136 134.8619770035148 2352.943054497242 10.65290129184723 11067.32765055448 8478.260025762022 3637.688605301082 239.5454454049468 39488.0713141188 140.4772474616766 5723.396170347929 13.24059916287661 1574.151409342885 71.24843323975801 0.5243407487869263 39.6503382474184 61.14815559983253 24.13106004148722 6839.287993445992 7.445821039378643 3.616655468940735 113.3401837646961 443.7861524373293 3.037000395357609 229.8630291819572 106.3483305126429 2452.831516206264 1960.172924466431 52.3634527027607 9.823753230273724 105.870936088264 48.95601686090231 702.1583043336868 6.722153589129448 957.8860571756959 29.83784347772598 1635.730425558984 401.4193960428238 783.7545428276062 115.6242840588093 10.21623650938272 38.94983813911676 0.9152541011571884 0.7345570474863052 1.664627075195312 346.4902716204524 0.9987417161464691 23.87617154419422 280.9771265238523 18.66610565781593 233.1268889904022 217.957431152463 5.16512618213892 52.07895968854427 0.2659676745533943 9.351655885577202 13.59856064617634 1.593965284526348 0 0.7699391767382622 0 270.8756889402866 0.5149402022361755 6.734060570597649 0.7319861501455307 733.0596980303526 0.4823581874370575 1.505406104028225 8.721356958150864 707.6523469761014 16.37097357213497 17.93321320414543 0.174666091799736 0.5594984143972397 2.963876694440842 12.77668015658855 2.206338405609131 116.1637806594372 2.311898522078991 44.11032995581627 9.254415348172188 228.4615463390946 1.130178242921829 0 0.4662468284368515
8.387240141630173 17.74678753316402 12.89275486767292 0.7892291247844696 15.04258138686419 157.859896838665 52.11477131396532 309.5087875425816 2.978419773280621 140.4772474616766 6996.934111796319 91.15900016576052 1759.339587531984 410.1523475125432 2.432402491569519 4.348065324127674 591.5989835113287 1301.116387851536 426.8734750673175 50.26443232595921 75.01737789809704 5.858072437345982 148.7640996649861 14.7660346031189 154.7633912265301 1123.172224886715 307.4111305326223 20.26409308612347 691.8679819479585 36.67096243053675 177.1696645244956 434.4396215379238 6.4276257827878 8065.956026725471 15.14590264856815 546.7323729097843 3749.317011214793 4585.040754541755 1097.045112803578 79.02026744186878 62.58829997479916 1274.21414244175 6.117814250290394 0 34.34723861515522 0.9380140081048012 0.7630463242530823 0 0 10.23731782287359 0.5656595155596733 9.582159340381622 2.824431002140045 211.0639830753207 0 795.9141130372882 0.09596577286720276 0 1.525336675345898 0 4.724079586565495 0.1151044219732285 0.731128066778183 0.4294386804103851 13.23774511367083 0.2467206716537476 26.59596488624811 205.2243606522679 53.27125385403633 216.370338819921 13.74739362299442 0.5691535547375679 2.619949139654636 87.27417457103729 0 0 1.815496735274792 3.310672909021378 18.41861259192228 183.3266733810306 26.91660935431719 3.382007203996181 4.65342278778553 3.66803252696991 104.8655132353306 0
4.103469431400299 2.388684257864952 1.925060100853443 1651.617741629481 70.56917377561331 3424.505714870989 51.00542897731066 811.2547677531838 576.4265204593539 5723.396170347929 91.15900016576052 6718.256191574037 7.345966167747974 502.3610827252269 1052.460691682994 0 3.789784945547581 37.73207026720047 10.22468390315771 4082.360896348953 0.9425739124417305 13.97312381863594 3.601167090237141 736.2173356339335 1.316190771758556 57.35108014196157 22.14279258996248 1244.605622984469 606.457107052207 5.389563202857971 4.797098718583584 84.18855985999107 0.7821060344576836 229.3764326423407 0 485.9597705975175 8.693510174751282 370.4263243451715 27.4035120755434 3176.284739479423 24.26401394605637 1.270229302346706 1.766261801123619 0 0 0 131.8773903548717 0.6328796148300171 9.23459067940712 34.17168354988098 1.19699826836586 99.04976761341095 35.92589536309242 0.4574130028486252 84.78245076537132 0.1829694285988808 0.3778804689645767 20.88390801846981 0.5215547680854797 0 0 0 90.05435910820961 0 2.151798263192177 0.4278043806552887 150.6487395614386 0 0.5432082861661911 0.4087736532092094 89.74456978589296 1.546336963772774 3.466807827353477 0 0.6979522481560707 0 0.4593720734119415 0 130.4209633618593 0.3106642663478851 7.123908378183842 0.3866779804229736 296.7332392930984 0 0 0.3641570210456848
0.198257215321064 437.9509186074138 9.003291502594948 0.1165461242198944 1.78318902105093 28.82624439150095 6.699748173356056 24.36936951428652 17.96664901077747 13.24059916287661 1759.339587531984 7.345966167747974 5300.957294613123 14.8809504956007 1.157445050776005 1.887102365493774 3.366229131817818 7.329387851059437 5.334618605673313 2.33075450360775 2.51389043033123 121.4894943013787 14.46847996860743 19.1482420489192 2690.307061716914 241.5211258307099 5782.510049074888 8.391993716359138 32.1806568801403 4.972982831299305 1735.851815111935 43.91395976394415 0.1595341265201569 418.8205709084868 142.5972316861153 2101.931608490646 4810.923090316355 2747.153882823884 447.7255217730999 105.1282530874014 94.75548864901066 1896.163485921919 34.90551388263702 0 101.0643830522895 0.467094786465168 1.210100159049034 0.1157998517155647 0.2713543921709061 3.405473187565804 0.6972630769014359 11.97251668572426 0.4132461547851562 537.882518902421 0 2075.349418342113 0.09812206029891968 0 2.895332187414169 0.2748655080795288 7.486890643835068 0.9051053076982498 0 2.119114421308041 36.70140797644854 2.949474781751633 33.27537306398153 1176.31369214505 225.3011117577553 777.7201705724001 3.398802354931831 0.5739002898335457 1.888126388192177 350.5475497469306 0 0 4.175826527178288 95.39042906463146 213.3177383542061 325.2135426476598 70.57378920912743 36.01271562278271 1.950422443449497 6.707532912492752 156.636138908565 0
6400.945412546396 1.044969789683819 663.479663990438 8.519602343440056 0.8547539710998535 926.3830108940601 7351.55357889086 6729.563132494688 18.27842513471842 1574.151409342885 410.1523475125432 502.3610827252269 14.8809504956007 15919.03429910541 11.47021909058094 1.883605033159256 983.4951966926455 182.4831671565771 470.0348162874579 281.5942190662026 524.9501228481531 1.16576212644577 1245.704558350146 71.95987252891064 0.6318121254444122 877.4649313390255 256.9934331029654 197.9957686215639 5189.107548050582 5102.45383375138 11.60159554332495 243.4296023622155 11.14385735988617 1208.770215451717 0.6803357675671577 165.6637144461274 54.61084736138582 556.5763157829642 54.10018388181925 142.9970819205046 11.26636209338903 6.815094232559204 7.748132809996605 0.3890435397624969 0.2438976541161537 1.775480672717094 2.731755428016186 0.8376809358596802 0.3122189044952393 26.04238669574261 1.137929528951645 9.956176996231079 4.405951082706451 0.08984366804361343 0.2425705641508102 0.4915798380970955 1.115060791373253 0.4609867632389069 1.097289599478245 0 0 0 6.804181218147278 0.8316995054483414 1.005421221256256 0.5524715930223465 46.76741940528154 0 1.049857378005981 7.372826762497425 44.20955222100019 1.526105254888535 9.608820974826813 0 0 0.4651223868131638 0.2764707058668137 0.2937518060207367 12.11502935737371 0.2453996166586876 3.205170221626759 2.636043682694435 10.95608964562416 0 0.9407868534326553 0
0 8.800429277122021 1.013614468276501 15.22410517930984 975.9542103558779 2559.640346050262 16.28859720379114 191.6651448830962 667.2815826684237 71.24843323975801 2.432402491569519 1052.460691682994 1.157445050776005 11.47021909058094 264.6751816123724 0.6717507243156433 0.3948379456996918 0.3668668046593666 0.1220912784337997 101.4050156474113 3.081616342067719 43.612050332129 0.7788639962673187 651.447110414505 3.643285907804966 1.741921551525593 22.4534223601222 58.15266661345959 9.78564839810133 4.605049431324005 0.3460947871208191 269.7787376046181 0.2192235887050629 7.065066143870354 74.20895774662495 454.889598287642 11.25535005331039 43.42547849565744 63.28848652541637 1426.130420811474 113.2901740074158 0.1596438437700272 4.714286014437675 0 0 0 16.99183145165443 0.3059496283531189 3.870078474283218 1.856173872947693 0.2827050387859344 11.71617539227009 8.22733972966671 0 18.43360002338886 0 0 6.814527794718742 0.1443645358085632 0 0 0 11.49631533026695 0.1546222418546677 0.1738550364971161 0 27.64588731527328 0 0.2866994440555573 0.6038302555680275 10.74887953698635 0 0 0 0 0 0 11.08802112936974 51.56880909204483 0 0 0.1843234747648239 85.93413156270981 0 2.514946937561035 0
0.5222093462944031 32.16034911572933 9.157280750572681 0.1799430102109909 0 1.115352913737297 2.894812777638435 1.612191200256348 10.98346105217934 0.5243407487869263 4.348065324127674 0 1.887102365493774 1.883605033159256 0.6717507243156433 5775.471402406693 40.18062344193459 2.574568644165993 17.25041031837463 0.2639653980731964 5271.298510663211 3131.649396069348 2227.659530945122 2386.441868983209 4.511696502566338 55.75362704694271 5299.007865600288 2250.527406871319 8.266731679439545 68.44084736704826 1.191037431359291 0 3.872485265135765 99.01315277814865 43.37736633419991 1851.570302277803 381.932634241879 471.4831258282065 624.6387181505561 70.19097253680229 2.159706011414528 0.245419830083847 15.19594590365887 2.204576231539249 12.66121673583984 23.95247955620289 1.522667095065117 0 0 26.95947400480509 0.1118666976690292 0.8342710882425308 0.365966409444809 0.1003294363617897 0 0.1184302568435669 1.307763934135437 0 3704.413719147444 2.500458419322968 0.1302742958068848 0.162671685218811 0.8232174515724182 556.4571179300547 841.4099405929446 1845.274000428617 170.9574766233563 0.1594194173812866 7.340775765478611 628.6458574086428 291.8156672939658 18.93787205219269 246.5350204110146 0.1329693794250488 0.3698547780513763 3.104512810707092 9.964872576296329 2.907278701663017 292.8315211087465 5.979687176644802 13.379579462111 16.85470385849476 33.41804908961058 0.2334709763526917 1.609087109565735 0
104.3208555057645 210.3609780967236 3581.561775498092 0.7575240358710289 0.3276256769895554 39.25788684934378 358.4895601943135 930.5327796265483 8.860272511839867 39.6503382474184 591.5989835113287 3.789784945547581 3.366229131817818 983.4951966926455 0.3948379456996918 40.18062344193459 1039.393275499344 392.4842415750027 4541.882836863399 4.128608793020248 463.5201796889305 60.15171782672405 4861.638278149068 171.5223129689693 0.7820440679788589 2890.589347071946 7797.981591820717 197.9691578373313 469.6646536588669 286.7388496175408 0.6965594068169594 8.548081070184708 32.42847812175751 1220.76399576664 2.945375144481659 198.5577692165971 1197.444987207651 268.5888483598828 107.8750514164567 12.261758223176 0.7782669514417648 5.878804281353951 0.5717538744211197 0.141674667596817 20.51856559514999 50.6397917792201 0 0 0 4.698039315640926 0 1.019213035702705 0.1321603655815125 0.1810070723295212 0 0.8754341974854469 0 0 6.867434538900852 5.42927573621273 0.1543862223625183 2.379064470529556 0 0.6891743391752243 3.549275800585747 4.700847908854485 6.545581012964249 0.9192616790533066 79.51232936233282 298.1203103139997 9.375967837870121 1.035635232925415 4.347628831863403 0.4480999559164047 0 0.199819415807724 1.967448845505714 0 7.433681562542915 48.89241523295641 6.536130264401436 0.8134467005729675 0.6936301589012146 0 0 0
9.856000758707523 10.1668568700552 36.55336453765631 0.3620355427265167 3.981338337063789 30.54630294442177 32.25499828904867 107.1650622934103 1.654212445020676 61.14815559983253 1301.116387851536 37.73207026720047 7.329387851059437 182.4831671565771 0.3668668046593666 2.574568644165993 392.4842415750027 1075.035810053349 1048.016202263534 23.0228129029274 56.43563999980688 3.452064827084541 150.7816826552153 11.38401374965906 3.707827538251877 1836.647917769849 292.58045104146 15.99006668478251 236.9911433905363 28.6880524083972 9.938155472278595 61.40692481398582 14.42070898413658 2867.323501475155 6.646460294723511 1134.003823429346 1893.297136589885 2481.194010421634 924.2982354909182 52.25462194532156 1.618859879672527 21.51620965451002 4.698778599500656 0 6.581587597727776 0.8122955858707428 0.2337480634450912 0 0 4.075215518474579 0 0.5166188627481461 0.4129481017589569 2.841405391693115 0 10.5838631093502 0 0.1324157118797302 0.2448707744479179 0.7824629694223404 7.116712808609009 12.33075873553753 0 0 1.030368760228157 0.3050006330013275 4.765330456197262 8.022923439741135 106.5378170758486 215.2023314684629 5.032489262521267 0 2.011461086571217 7.137533314526081 0 0.4250029325485229 0.4707076698541641 0.6601990461349487 6.556935869157314 38.98376737535 2.849780932068825 1.024189718067646 1.360314801335335 0 0.2850549966096878 0
50.05968683212996 270.3526688963175 141.47751673311 0.1162905991077423 0.4114336371421814 16.86437225341797 52.0477631315589 297.7369924038649 17.75055509060621 24.13106004148722 426.8734750673175 10.22468390315771 5.334618605673313 470.0348162874579 0.1220912784337997 17.25041031837463 4541.882836863399 1048.016202263534 1905.015235170722 6.49755023419857 286.6015921980143 48.291110239923 876.0201251208782 36.36512433737516 4.749530300498009 2293.590453952551 2230.584501832724 39.90462982654572 583.6063802093267 158.7086593657732 1.224934354424477 11.91201561689377 57.63121601194143 3627.837511315942 6.043232828378677 836.4115026444197 2336.442023158073 1914.722026787698 484.1991518884897 29.67397424578667 1.057137481868267 23.19613161683083 2.664001159369946 0.1672282367944717 40.18437659740448 9.000083029270172 0 0 0 1.933718681335449 0 0.5836837887763977 0 1.272389486432076 0 4.11834529042244 0 0 2.191268153488636 7.767064213752747 4.647808261215687 22.54512568563223 0 0.2536984980106354 0.7620256021618843 0.9676825851202011 3.36332131177187 2.807424061000347 181.7838326692581 361.3341605588794 5.622097782790661 0 3.849882401525974 2.994217962026596 0 0 1.159030094742775 0.6608399599790573 9.103960901498795 80.75902504473925 5.588005274534225 2.260263964533806 0.9679796248674393 0 0.1371644884347916 0
4.606487691402435 0.2199824005365372 6.843687623739243 2245.664814077318 8.587397985160351 288.9292830079794 54.85800159722567 304.5147045999765 295.4196521341801 6839.287993445992 50.26443232595921 4082.360896348953 2.33075450360775 281.5942190662026 101.4050156474113 0.2639653980731964 4.128608793020248 23.0228129029274 6.49755023419857 1348.956670172513 0.8943635523319244 1.070405319333076 3.831575140357018 250.8645233288407 1.846902072429657 41.88131596893072 21.39451728016138 4090.815573185682 520.4809365049005 8.343260183930397 3.871344044804573 32.1351288408041 5.309393092989922 212.0981608554721 1.133034437894821 365.7295213937759 8.012389458715916 540.4732224941254 118.9596188813448 1021.172362118959 48.66682275384665 5.493989646434784 15.47437759488821 0 0.983597606420517 0 241.2667496800423 0 21.51432962715626 202.6909998208284 12.43607878684998 174.5353575199842 127.940668463707 1.60714241117239 71.76667757332325 0.3196862563490868 4.245171308517456 19.86196756362915 0.6901407241821289 0 0.1090661734342575 0 180.5904273092747 0.1320862472057343 4.811238244175911 0 459.6979378163815 0 1.119991362094879 1.740069665014744 417.0157610625029 8.559736885130405 7.506939500570297 0 0.1816240251064301 0 8.736703783273697 1.55741174519062 141.9377823621035 1.27539199590683 22.99819882214069 5.596528455615044 260.8847786933184 2.003573268651962 0 0
90.6507483497262 2.610033452510834 280.7192871421576 0 0 6.879517376422882 400.458746984601 221.6135042011738 3.731833398342133 7.445821039378643 75.01737789809704 0.9425739124417305 2.51389043033123 524.9501228481531 3.081616342067719 5271.298510663211 463.5201796889305 56.43563999980688 286.6015921980143 0.8943635523319244 15124.1593683511 257.5158418044448 19072.39706859738 167.6529332250357 3.411308869719505 64.43116733431816 624.7766312584281 5685.723672091961 936.9518286287785 8094.802289515734 0.7780580893158913 4.276369787752628 187.3471242189407 5959.965989388525 125.0541670396924 5483.758793264627 532.4356679543853 5459.738138608634 2967.653134226799 188.3534034714103 14.08971154689789 5.894738405942917 49.32073460519314 3.185942597687244 0.1735125631093979 5.336578324437141 1.26152366399765 0 0.222760796546936 29.48905078321695 0.9220864102244377 1.741264596581459 1.633035555481911 0.593868762254715 1.217358112335205 0 1.018598526716232 0 513.8418192639947 1.262682139873505 0 0.840770997107029 1.253329485654831 341.8990271091461 88.66728603839874 105.2803638279438 146.4662370532751 0.221324123442173 1.784594789147377 29.17876304686069 285.1233856081963 21.40497150272131 278.0455473512411 0.14005146920681 0 3.24285115301609 12.68880882114172 7.923476919531822 184.7473470196128 2.492224708199501 14.03652385622263 14.40282986313105 34.46029448509216 0.559678852558136 0 1.719958379864693
0 2897.00136885047 9.890556141734123 2.067287266254425 2.083822324872017 0.9964043647050858 3.553991086781025 7.318287000060081 2259.98046503216 3.616655468940735 5.858072437345982 13.97312381863594 121.4894943013787 1.16576212644577 43.612050332129 3131.649396069348 60.15171782672405 3.452064827084541 48.291110239923 1.070405319333076 257.5158418044448 1073.30356413126 201.7424935847521 6888.052220031619 1102.196840897202 110.5855232402682 5645.179605826735 697.9460365101695 4.841466195881367 9.1695741340518 5.034670300781727 0.1317910104990005 0.9642783179879189 36.91957421600819 0.6595423296093941 87.06247202306986 47.4725000411272 107.0495679527521 19.62982195615768 244.4590979889035 0.5606732964515686 40.53205637633801 0.1544768065214157 0.263516902923584 23.55363349616528 25.46366512030363 6.712232813239098 0 0 12.78179461508989 1.694824859499931 15.68335095047951 1.06428374350071 3.520109415054321 0 8.505014464259148 0.6271078288555145 0 1247.487210571766 1.245108187198639 0.1024401560425758 0.3594590649008751 0.5408331006765366 155.0663336291909 162.8302798569202 266.0444339066744 107.3727133199573 5.722555071115494 19.41147167235613 1247.389180697501 105.7850303053856 6.027975171804428 85.4116355702281 3.587946996092796 0 0.4962827414274216 3.646138802170753 0.1566886454820633 21.63133085519075 6.02419738471508 6.164262302219868 3.770579539239407 2.441270992159843 0.3493492305278778 0.5129315257072449 0
106.5365175232291 3.083349414169788 9238.383722014725 5.063226103782654 0.5260795950889587 42.40088437497616 2293.737236559391 1142.079854145646 4.636773139238358 113.3401837646961 148.7640996649861 3.601167090237141 14.46847996860743 1245.704558350146 0.7788639962673187 2227.659530945122 4861.638278149068 150.7816826552153 876.0201251208782 3.831575140357018 19072.39706859738 201.7424935847521 19449.97406109422 553.736445300281 1.531797766685486 2098.694498859346 15123.38993251324 4403.218420960009 291.8107127919793 3572.878460124135 2.711668156087399 6.489708438515663 38.72881899774075 4383.481940448284 340.4690912663937 12849.29781208187 4192.539625652134 8482.488425314426 8853.41876924783 600.6845118254423 25.27241825312376 17.52208100259304 113.8193860948086 0.6407679915428162 5.901496917009354 97.85658311098814 2.045116126537323 0 0 28.02295066416264 2.305112227797508 2.295061886310577 1.018048867583275 0.08452800661325455 0 1.105521231889725 2.810496717691422 0 2629.702620767057 0.6816112399101257 0.1046124547719955 0.4213082641363144 1.524588346481323 265.3038474023342 297.632527410984 1761.767020612955 63.93837459385395 0 4.56419413536787 1667.420316137373 86.27448677271605 3.123132430016994 107.6224680170417 0 0 1.831017255783081 5.220137029886246 24.30427289754152 208.9035579487681 7.098348945379257 14.72968257218599 16.36370180547237 26.66206440329552 0.2547242939472198 5.478966504335403 1.293727517127991
23.05574502050877 535.0493358746171 149.5910692214966 1106.850085809827 18.124157525599 122.7952249571681 1695.751610219479 92.64126813411713 6593.848825939 443.7861524373293 14.7660346031189 736.2173356339335 19.1482420489192 71.95987252891064 651.447110414505 2386.441868983209 171.5223129689693 11.38401374965906 36.36512433737516 250.8645233288407 167.6529332250357 6888.052220031619 553.736445300281 9892.914429955184 159.3624326363206 556.1567348018289 4292.292100980878 7798.945161379874 627.8949532061815 962.2613092362881 10.24206890910864 7.125274889171124 218.4247802942991 399.676080159843 43.65545507520437 1869.125797234476 120.4355070367455 1152.348769493401 604.6661893352866 1911.462869003415 47.63906273245811 10.37276837974787 34.17234916239977 13.51550990343094 9.637607559561729 18.3557458370924 657.4412070140243 2.063491478562355 52.58908253908157 1182.257275670767 45.38223710656166 1666.799490526319 373.2814743071795 11.16833107173443 103.662562713027 4.382253177464008 27.15721950680017 42.6223288923502 439.2252222299576 1.670011565089226 3.390407659113407 1.724673554301262 484.8230190500617 175.7012698203325 320.9823246970773 156.1180975213647 3394.453302577138 2.197217784821987 13.82110308855772 160.0967187508941 2383.371476791799 134.9019535183907 809.0593657568097 1.501946285367012 2.368959367275238 15.05046515166759 64.11248641461134 8.860890723764896 740.3788271471858 14.36518336832523 220.1762573942542 68.35961204767227 888.9522636458278 14.99143103510141 3.265579283237457 2.832374483346939
0 2324.229499295354 7.389618381857872 0 0.1596694141626358 5.91768054664135 0.9834823906421661 3.575667835772038 181.9992129281163 3.037000395357609 154.7633912265301 1.316190771758556 2690.307061716914 0.6318121254444122 3.643285907804966 4.511696502566338 0.7820440679788589 3.707827538251877 4.749530300498009 1.846902072429657 3.411308869719505 1102.196840897202 1.531797766685486 159.3624326363206 543.9731337875128 265.175219938159 4779.496481567621 21.58051653206348 6.255971938371658 23.18372774124146 241.2341675832868 1.543479070067406 0 58.09899721294641 3.133658409118652 1068.810886621475 745.1156676337123 416.9525933116674 88.5355454608798 166.2868944182992 22.50133715569973 1200.810495153069 20.58973860740662 0 51.17403329908848 0.8409132063388824 0.3042123764753342 0 0 0.5824043601751328 0 1.868025496602058 0 74.10645037144423 0 354.4361071437597 0.1504745483398438 0 11.8150669336319 0.4961587339639664 4.489130556583405 2.264230251312256 0 21.20385366678238 4.340977177023888 1.463099271059036 4.347001522779465 533.4953879788518 202.3939514681697 1293.016718603671 11.80073672533035 1.40620394051075 7.722625941038132 89.41039898246527 0 0 2.314213186502457 3.366074547171593 738.7563656270504 60.29840752482414 29.56659161299467 10.36189411580563 30.10757271945477 3.054277658462524 26.58324186503887 0
44.97389170527458 479.3801685795188 6333.35037752986 9.628022879362106 4.585473582148552 130.3016223460436 893.3234535455704 1321.508704461157 23.3423083871603 229.8630291819572 1123.172224886715 57.35108014196157 241.5211258307099 877.4649313390255 1.741921551525593 55.75362704694271 2890.589347071946 1836.647917769849 2293.590453952551 41.88131596893072 64.43116733431816 110.5855232402682 2098.694498859346 556.1567348018289 265.175219938159 28198.20395315439 13930.29480949044 757.7821309939027 517.7214613333344 90.29759760200977 645.2748949825764 118.0449800640345 25.22230457514524 1499.762414127588 31.32108698040247 3710.860229499638 14080.08845936507 4694.2601454705 1922.763388544321 155.2039407640696 9.558245576918125 461.6170933619142 16.28246407210827 0.2226171866059303 531.6506054997444 174.2610471695662 1.064249120652676 0.2098001167178154 0 35.58653881400824 2.045833766460419 5.735461004078388 0.5561062395572662 151.0258348062634 0.3872750326991081 648.0612223669887 1.572124496102333 0.2597454786300659 11.70550645887852 85.36727481335402 173.2327401861548 316.8991766571999 0.9252264499664307 1.50316945463419 24.0759259313345 13.00159718096256 33.01804031431675 515.6582186967134 3588.271373465657 8648.563691198826 22.14904479682446 2.294779449701309 11.11279954761267 367.499045394361 0.7615653723478317 0 23.37188065052032 6.086322583258152 77.87790391594172 1166.963880717754 96.6345561593771 21.74308750033379 6.031593538820744 0.4138026535511017 13.92099012434483 0.2976713478565216
23.14186819642782 5312.66431876272 12065.0895581916 19.29845664650202 1.305848747491837 38.52195256948471 381.451201044023 247.3193351402879 974.5753016918898 106.3483305126429 307.4111305326223 22.14279258996248 5782.510049074888 256.9934331029654 22.4534223601222 5299.007865600288 7797.981591820717 292.58045104146 2230.584501832724 21.39451728016138 624.7766312584281 5645.179605826735 15123.38993251324 4292.292100980878 4779.496481567621 13930.29480949044 36477.94267057627 3013.364325784147 225.3392201438546 86.77132657915354 1959.989370658994 23.37112349271774 21.49526727944613 3379.000767976046 233.4711481332779 11483.4061268419 5331.824974939227 8893.101749666035 3762.90093947202 507.2713788598776 16.11347720772028 163.8860433623195 62.9180226251483 1.628144219517708 4180.067921869457 2355.79752086848 4.118194721639156 0.2166982814669609 2.683464676141739 213.0913035050035 20.51573152840137 11.43723729997873 5.090485692024231 167.7744378149509 0.4029164016246796 767.5639141052961 21.34466407448053 0.1473036557435989 1092.381079465151 156.5925346910954 123.1314384639263 241.1167391613126 2.103301465511322 13.3827990591526 1983.06030856818 1336.570817507803 88.22085561603308 1622.707601264119 3936.785801686347 28849.61611270905 93.11032462865114 8.149924971163273 23.64789435267448 437.2939352318645 0.986071951687336 0 44.06095576286316 21.20808609575033 261.8571144193411 1029.380153305829 241.2020376250148 98.98934376239777 13.69089592993259 0 18.43590606749058 1.823416203260422
31.8947940915823 15.88027177006006 900.0997939184308 3781.788593620062 2.632274389266968 319.2765210643411 20775.38496037573 174.3685831725597 996.3523724973202 2452.831516206264 20.26409308612347 1244.605622984469 8.391993716359138 197.9957686215639 58.15266661345959 2250.527406871319 197.9691578373313 15.99006668478251 39.90462982654572 4090.815573185682 5685.723672091961 697.9460365101695 4403.218420960009 7798.945161379874 21.58051653206348 757.7821309939027 3013.364325784147 22217.74454468489 1445.631422691047 10454.11751362681 4.150164097547531 12.28129861503839 658.8220870792866 1321.221286647022 128.2469443306327 4386.178425468504 290.1689195036888 3150.068897947669 1770.166691422462 877.5065586492419 87.00534737855196 15.75896507501602 77.84628783166409 12.70867741107941 5.478599332273006 21.46833840757608 540.3043136671185 1.981953635811806 45.23683119565248 957.3687870427966 53.2667209059 711.3178747817874 366.5290862545371 8.620944306254387 74.28803279995918 0.7182374745607376 18.85036471486092 28.06863754987717 500.3620300889015 1.839738495647907 1.476616784930229 1.526960007846355 463.7030405029655 295.7803467288613 208.3257175087929 128.9154582098126 2323.134140864015 0.4275861606001854 9.286470390856266 132.216783605516 2083.067581400275 105.1104709506035 797.002827167511 0.201825886964798 3.450588554143906 13.01774663478136 52.98877014219761 9.431726783514023 680.458570420742 8.69804821908474 164.0020884945989 60.80790438503027 646.6305585503578 14.50327278673649 6.581068351864815 1.033437743782997
