878.4216901287436 0.4694839492440224 51.9257925376296 2.723676092922688 0.1193950325250626 55.23469443619251 1941.893206171691 1150.302260681987 13.91408421844244 160.6542502492666 10.66184989362955 9.199303530156612 0.9034344702959061 4778.113716073334 0 0.3961261287331581 243.3653956279159 2.474582701921463 15.39149386435747 21.11765634268522 91.42804066091776 4.025346860289574 331.62779828161 51.60701990872622 0.2659363150596619 34.74594482779503 8.965137213468552 38.12336216121912 3262.151857368648 3155.166943490505 0.4251776859164238 46.18852443993092 26.6350505053997 163.1612559184432 3.413223922252655 60.92805338650942 4.267352476716042 85.26384905725718 17.92457875609398 4.13648433983326 0.1166979447007179 0 0.7811808437108994 0.1006289944052696 0 0.124748982489109 0.5748052150011063 0 2.114019602537155 10.2132083773613 5.691017717123032 10.32482915371656 3.793917149305344 0.7251754552125931 0 0.4196508377790451 4.770320437848568 0 0.8915943577885628 0.4048859775066376 0 0.0816555991768837 0.2386392205953598 1.667039431631565 0.5598693341016769 2.266868501901627 23.72052216529846 0 1.603888548910618 5.446898736059666 30.59633016586304 5.816745921969414 4.834534272551537 0 1.355361789464951 0.450992614030838 3.897300809621811 0 21.03578095138073 0 7.639754064381123 0.8644434288144112 11.43723767995834 0 0.4683842360973358 0.3403787016868591
0.4694839492440224 321.1331842243671 436.5767138004303 0.2392195835709572 0.8323098868131638 0.102462112903595 12.74429128319025 3.541047014296055 615.6664973944426 1.505901008844376 10.09972470998764 3.872485525906086 750.9429080337286 0.3419707864522934 7.568078607320786 218.9682235196233 662.767102189362 2.263430133461952 25.08265742659569 0.1227586716413498 3.312362313270569 3354.988261178136 10.31158994883299 815.0686340034008 1451.306246802211 406.3150130584836 8374.39113292098 38.52483670413494 1.333614058792591 2.252461090683937 20.72347340732813 0.5441869720816612 0.5657896026968956 575.9140597805381 1.727665916085243 214.8047147169709 122.3868319764733 146.6155889183283 37.27834282070398 17.69996570050716 0 175.3283337205648 0.3894664645195007 0.1392540633678436 28.51987728476524 106.2590744942427 0 0 0 0.846177950501442 1.929861515760422 2.328603386878967 0.1965710446238518 1.318633235991001 0 31.10026936233044 0.5543317645788193 0 3.166340246796608 30.91787791997194 1.359843261539936 35.21151483058929 0 0.4579689800739288 9.087050959467888 2.405507318675518 14.19501887261868 18.11628822982311 516.1709104776382 3400.906179979444 2.670292265713215 0.4340457618236542 0.5965256318449974 0.7989080548286438 0 0 1.047843910753727 0 10.17727623134851 8.590961590409279 7.507562831044197 3.143593162298203 0.3083044290542603 0 1.84852109849453 0
51.9257925376296 436.5767138004303 5026.066369622946 1.731653459370136 0 12.7939181625843 1972.131857782602 491.4884685799479 2.327856205403805 196.6758276596665 2.385602720081806 0.3347374945878983 0.7677315473556519 322.9544504657388 0 12.70562324672937 4209.786366254091 2.027003027498722 27.54332578927279 3.703648798167706 463.1438155323267 424.5066529884934 8924.091740615666 32.26296382397413 48.38296505063772 7436.658668711782 13534.65787783265 631.9430283233523 70.34331423789263 1855.925718471408 2.41362252086401 2.21650256216526 3.214946419000626 229.115149371326 18.17405847460032 1145.236508801579 255.346776008606 455.5626848936081 201.0747166648507 38.17459275573492 0.9158497676253319 1.248368263244629 10.20123942196369 5.496461488306522 285.1827786937356 2699.590608231723 0.8888249844312668 0 0.4650545716285706 72.05275871604681 12.32579945027828 3.40400318056345 0.5731601044535637 0.4116089344024658 0 2.14340552687645 26.92105238884687 0 40.9195374250412 413.9862397760153 0.5733394548296928 29.26701405644417 0 12.76452755182981 317.3222137242556 504.730224750936 32.62724909186363 1.648703873157501 161.7175629585981 5481.177878983319 25.73455380648375 2.842717401683331 17.6115491092205 0.1019677296280861 0.4305504411458969 0 22.76156952232122 6.598639369010925 213.7976659536362 14.46674688905478 175.8313727453351 173.2843708842993 3.002453856170177 0.2601699829101562 0.6945361196994781 0.4186478853225708
2.723676092922688 0.2392195835709572 1.731653459370136 914.783206358552 10.9142689332366 112.5888614878058 133.8963961824775 105.2799286544323 681.472819365561 3646.943693302572 3.890185847878456 1122.61293002218 1.268258720636368 36.78251478821039 71.44615433365107 1.889780104160309 1.160080850124359 1.709034636616707 1.305304579436779 5309.12625040859 0.5008677393198013 0.295918881893158 1.288633234798908 2232.199108175933 3.387904062867165 2.503140717744827 7.71568488329649 2526.397755198181 74.26748940348625 2.187444753944874 0.2947533801198006 8.305854640901089 14.86953615397215 42.34066543728113 6.97650995850563 272.1320009306073 4.63752756267786 102.0683428645134 40.21258363872766 167.7877366915345 3.126378089189529 0.3096326589584351 3.003915727138519 0.5304991006851196 0 0.1291123330593109 193.3153309300542 1.834304422140121 42.19172451645136 253.2968506813049 26.99226899445057 52.62479240447283 329.532751493156 0.4040820151567459 244.1166489645839 0.4331180155277252 10.14706921577454 3.165428221225739 0.6137610748410225 0 0 0 134.5043977126479 0.6764714419841766 1.500548958778381 0.421485424041748 171.1633153110743 0 0.1859851777553558 2.2517494186759 246.8895161375403 16.28831552714109 0.4360950440168381 0 4.251188866794109 0.3593524917960167 3.965320579707623 0.6034476757049561 13.75892822444439 0 15.38044033944607 10.13994511216879 39.59156914800406 0 1.133267879486084 0
0.1193950325250626 0.8323098868131638 0 10.9142689332366 201.7555824816227 410.1082703769207 3.978815354406834 22.31690499186516 209.7676816955209 25.11427183449268 66.94459223747253 431.085536852479 11.30110294371843 1.802244000136852 2146.205827534199 0.1419731229543686 0.1026977896690369 7.670279368758202 3.436385855078697 35.45950820297003 0.4240877777338028 6.886460527777672 1.300913855433464 33.65534230321646 1.273622386157513 4.967913769185543 4.423209182918072 16.2168927192688 42.54260208457708 0.7689080610871315 0.9175977408885956 511.8682720512152 1.47639936208725 407.3165731728077 0.3363334089517593 47.03667556494474 8.516776755452156 487.1721928790212 150.3513143360615 2295.630323827267 87.89861787855625 4.26930259168148 1.544661954045296 0 0 0 0.1311856806278229 0 0 1.023104727268219 0 1.418648332357407 0.3336903750896454 0 0.3303050100803375 0.637773260474205 0 0 0.2507325708866119 0 0 0 0 0.1356114447116852 0 0 1.507236979901791 0 0.1870801448822021 0.339744970202446 4.544711373746395 0.8619478642940521 0.9636070728302002 0 0 0 0 0 2.557989567518234 0 0.3340770751237869 0.4124040007591248 0 0 0 0
55.23469443619251 0.102462112903595 12.7939181625843 112.5888614878058 410.1082703769207 11073.58229292929 668.8159676715732 6301.980208814144 147.9297618120909 4191.385052233934 119.7564877048135 3870.244713954628 26.92111548036337 636.1952117606997 2967.981855936348 1.262757822871208 11.20042124390602 18.70399133861065 12.28912561386824 507.1209437400103 9.277691826224327 3.972694627940655 14.56540205329657 198.9287437051535 2.370047859847546 25.11147917807102 12.99535010755062 269.130833171308 714.7866105660796 35.46440137177706 5.389981091022491 855.368465282023 21.98496937006712 553.3717635348439 12.32652747631073 885.848044782877 30.18868744373322 864.7891234979033 573.7181528881192 3643.250770755112 157.4230051115155 29.66667048633099 18.5276883020997 0.777569554746151 0.103343091905117 0.4907950907945633 36.64548530429602 0 5.897055849432945 111.9655995741487 10.2498265504837 50.59557090699673 49.67938093096018 1.295729614794254 34.30060204863548 4.060442805290222 6.297969840466976 0.3128535002470016 1.520624987781048 0.2954240143299103 0 0 10.26797828823328 0.249623067677021 1.186103686690331 11.11462131142616 102.1082886978984 0 0.2525828257203102 6.47857204079628 151.7631144076586 22.24271437525749 20.6771339699626 0.09130869805812836 2.87360206246376 2.114894807338715 7.330806717276573 0 47.50170937925577 0.6451634466648102 20.26247619837523 6.506645187735558 20.60753285139799 0.1221973225474358 1.51252043992281 0.8274998068809509
1941.893206171691 12.74429128319025 1972.131857782602 133.8963961824775 3.978815354406834 668.8159676715732 14334.35774345696 3714.251149147749 599.6369220390916 10835.61892038584 13.82498276233673 31.84099946171045 4.347798474133015 8591.141014330089 27.73998441547155 40.14827177673578 512.476131722331 3.801661357283592 23.99533958733082 99.16994696855545 890.2159557566047 67.97258488088846 1462.031724214554 2518.607949353755 46.16558498889208 930.5602869167924 786.4804823473096 17301.82609442621 1673.933040425181 8209.508493967354 1.480120152235031 24.92680951952934 308.9204460531473 377.0286531969905 82.45844288915396 1840.597738094628 66.43815769255161 1073.023517437279 498.9424725100398 119.3557978868484 7.298031903803349 7.302238374948502 19.037228256464 3.312422171235085 2.161401264369488 18.18841758370399 93.47578804194927 0 13.0788509324193 298.2115347087383 27.942571811378 274.2887663766742 89.29083032160997 2.108347684144974 15.70602664351463 2.136305749416351 25.31377130746841 0 18.49499621242285 3.346499212086201 0.9622481614351273 0.9586473479866982 17.29536101222038 26.88755744695663 32.85315380990505 50.13211366534233 348.2084774151444 1.023367792367935 3.328105084598064 75.87803060561419 426.6923362538218 59.6763129606843 88.82736186683178 0.09952130913734436 2.402188822627068 3.275041803717613 25.84498497843742 3.871788665652275 126.8950838521123 1.227442026138306 45.41722827404737 17.24152770638466 74.28842213004827 2.854970186948776 1.648962408304214 0
1150.302260681987 3.541047014296055 491.4884685799479 105.2799286544323 22.31690499186516 6301.980208814144 3714.251149147749 19379.42572437227 234.2361227795482 5047.106968447566 150.0753075778484 852.7776284515858 31.34601763635874 8054.466689229012 96.40496316552162 8.912952095270157 895.9838180840015 21.61419663578272 70.43802266567945 474.2323673292994 179.5445114821196 35.87681095302105 969.4737800136209 1093.568607792258 6.65672342479229 328.5075819268823 96.63746249675751 456.6549260690808 1056.82851421088 1783.842988803983 7.795541532337666 514.8869660049677 93.2349069789052 1005.95217127353 26.36175131797791 1235.326459094882 49.81016899645329 1244.903992697597 697.3443853855133 1388.811054676771 96.22395088523626 42.7470173612237 18.22747780382633 4.100024931132793 0.6647174954414368 3.522930100560188 96.06337063014507 0.6438219547271729 19.30395700782537 763.7643209695816 77.53914175182581 325.5691341534257 150.4218447729945 5.060779258608818 28.08189062774181 2.276519097387791 72.82519792765379 0 5.324829511344433 0.9822801053524017 0.1492219716310501 0.7373601570725441 22.46139684319496 8.551669418811798 9.962350852787495 40.30227244645357 580.7926738485694 0.9654668346047401 4.638481691479683 36.24783017486334 824.1877822428942 109.460666693747 99.87594834715128 0.1031992807984352 13.89853920042515 6.349208012223244 50.22836900502443 2.522781878709793 237.367545068264 5.375614710152149 102.7294137179852 41.26229152083397 99.06588938832283 6.016822546720505 1.747023567557335 1.858111932873726
13.91408421844244 615.6664973944426 2.327856205403805 681.472819365561 209.7676816955209 147.9297618120909 599.6369220390916 234.2361227795482 1857.367160178721 599.9481772184372 5.881799250841141 876.2648249715567 58.65391765534878 51.68406438827515 1034.758110962808 219.6901815980673 4.530782222747803 0.832735076546669 1.773080885410309 651.5976699069142 67.96649771928787 3388.673083655536 34.7694832906127 7475.667118914425 124.4490841254592 7.550779350101948 702.8387626260519 1448.394594714046 37.16865151375532 138.3338848203421 2.587166011333466 11.16915155947208 2.484408386051655 44.9613044410944 3.330866329371929 125.7726474776864 9.092565082013607 72.62033807486296 18.77828947454691 873.6510853171349 9.527294680476189 5.752378962934017 0.3485730886459351 1.570263877511024 5.864431649446487 0.8513661324977875 455.0265577733517 3.13788577914238 64.65514080226421 297.8796975836158 36.87445155531168 426.0232483670115 415.9236189424992 2.13466913998127 592.5512005165219 2.749480776488781 25.80574122816324 12.41353458166122 156.462793417275 1.954870946705341 0 0.3626187965273857 184.3118545934558 289.8085920885205 67.53934704512358 66.62221454828978 1471.508904933929 1.88423278927803 4.91939988732338 45.94363706558943 842.7972544953227 61.79673486948013 136.828174136579 0.2840629294514656 2.017996303737164 6.089822508394718 13.74053916335106 0.1357567757368088 102.6123260706663 1.481134593486786 37.21974374353886 12.65249634534121 144.6399398520589 0.6066414937376976 0.9115229845046997 1.133780479431152
160.6542502492666 1.505901008844376 196.6758276596665 3646.943693302572 25.11427183449268 4191.385052233934 10835.61892038584 5047.106968447566 599.9481772184372 27892.82968961447 101.1438864246011 3135.293946161866 22.12935910373926 1756.81169128418 69.57455185800791 1.990954756736755 50.36494205147028 26.04348137974739 17.99363885074854 4697.86210411787 56.77502515166998 13.87590282410383 69.48833026736975 1211.46955063194 6.787293016910553 155.1777814999223 94.68031822144985 10344.45489221066 1412.090164236724 55.11906973272562 6.957131460309029 175.649541221559 134.8138814046979 602.1332112178206 51.79793773591518 2292.258079975843 54.82739748060703 1227.091206841171 408.7168583348393 388.0476213395596 41.29786503314972 7.111244462430477 27.80077724903822 1.826459057629108 0.487358346581459 1.826891787350178 322.432299695909 0.8479148149490356 63.72015571594238 748.531587742269 60.69104155153036 157.6506972387433 526.8260437846184 1.019485346972942 349.8423780202866 1.303149007260799 27.23694830387831 2.952618971467018 2.30918487906456 0.8013411685824394 3.08759631216526 0.1352374255657196 144.4701894894242 1.523426242172718 13.98736482858658 8.894771799445152 393.3050458133221 0.9299355447292328 4.473286904394627 14.80718093365431 647.7451572343707 42.58728935569525 31.44352472573519 0.08932281285524368 7.088868461549282 3.083765834569931 25.65292096138 1.755435883998871 76.24251068383455 1.656102694571018 41.02969245612621 12.65147723257542 69.3802333176136 1.178947925567627 0.1018138155341148 0.6388362646102905
10.66184989362955 10.09972470998764 2.385602720081806 3.890185847878456 66.94459223747253 119.7564877048135 13.82498276233673 150.0753075778484 5.881799250841141 101.1438864246011 8050.694438263774 44.41710068285465 2146.005316108465 18.48486964404583 0.1518199741840363 0.4744478464126587 151.6415350288153 3013.038758262992 595.2400066480041 29.53580848127604 8.350898683071136 4.029681466519833 34.84512220323086 9.230876609683037 170.6100603044033 2098.252696767449 484.2262210994959 14.03553082048893 452.4643393829465 19.11273343861103 716.6981070190668 244.1768016442657 10.42308470606804 7072.935494028032 9.917530357837677 596.4253076165915 2768.122315913439 5288.589683055878 969.2085649818182 31.02900508791208 53.07257251441479 935.4763269647956 3.648848056793213 0 8.737135320901871 3.144705079495907 0 0 0 3.604955352842808 1.113810285925865 5.739674106240273 0.7608750462532043 397.9163539484143 0.09363724291324615 1472.863401629031 0.8312341272830963 0 0.5532398596405983 1.014963574707508 198.3250396847725 23.11131200194359 0 0.9150272309780121 1.483331434428692 1.573889553546906 13.07486458867788 162.7660074904561 200.0883980020881 663.8436509296298 18.13203123211861 2.845093607902527 2.873195260763168 133.460450604558 0 0 3.717860788106918 3.379208505153656 33.98875053972006 181.3937956914306 26.96178311109543 11.2726636454463 2.286843933165073 0.2688747644424438 383.0999882146716 0.939900279045105
9.199303530156612 3.872485525906086 0.3347374945878983 1122.61293002218 431.085536852479 3870.244713954628 31.84099946171045 852.7776284515858 876.2648249715567 3135.293946161866 44.41710068285465 10216.8661326617 8.881149791181087 135.3981977701187 1975.124380625784 0.1316001266241074 0.933070220053196 8.841375611722469 3.931722745299339 4506.280609585345 0.830821618437767 15.87989851087332 0.5368485301733017 940.6743670031428 0.3449403271079063 8.055796779692173 6.084260389208794 561.8327956050634 283.6893034279346 0.9335140511393547 2.461213789880276 100.7506837397814 3.949492402374744 208.2742962092161 2.375577755272388 822.6363547295332 6.842077553272247 322.621630333364 89.33513861894608 3174.436881117523 22.70616940408945 16.68848965317011 2.929745689034462 0 0 0 130.2230582758784 1.020668961107731 41.80358140915632 186.7826807051897 17.37869503349066 33.70988747477531 283.9936250522733 1.033190354704857 606.5848913937807 0.2875576168298721 5.367505609989166 8.553270176053047 0.2884405255317688 0 0 0.09715501219034195 128.9875195175409 0.4169088304042816 1.762911573052406 1.653144463896751 174.9024378210306 0 0 2.155695922672749 170.3009031638503 11.51828264445066 1.347532331943512 0 1.076168842613697 0.4315626919269562 6.972684547305107 0.6967768967151642 24.26340106129646 0.08250643312931061 9.381915777921677 4.303207449615002 179.476684525609 0.4414266049861908 0.09884820133447647 0
0.9034344702959061 750.9429080337286 0.7677315473556519 1.268258720636368 11.30110294371843 26.92111548036337 4.347798474133015 31.34601763635874 58.65391765534878 22.12935910373926 2146.005316108465 8.881149791181087 2936.955580182374 1.87334918230772 0.7755524143576622 5.436554960906506 3.525262862443924 84.38395705074072 10.3769121915102 5.946425706148148 1.686118975281715 182.3419730216265 3.324960000813007 74.87959019094706 3563.049520380795 130.2381318733096 4230.639152750373 4.384864248335361 56.26818265765905 2.085945636034012 1652.529044672847 42.91291661560535 1.761153735220432 1838.167564451694 11.35972096025944 332.0709144324064 2381.871155098081 2607.368890486658 658.1897909715772 13.31636580079794 35.52578534185886 865.514927148819 4.775706246495247 0.115075558423996 36.56475045531988 0.3769503533840179 0 0 0.07797228544950485 0.8592992648482323 0.4521115720272064 3.359974279999733 0.07734990864992142 896.4342626929283 3.569468222558498 4379.425667196512 0.1076382249593735 0 0.5726760849356651 1.419004812836647 200.3318828344345 19.52423848211765 0 0 2.962455883622169 2.746186450123787 4.227172404527664 1107.902742125094 204.4280257001519 1435.509608179331 2.858478784561157 0.6638221368193626 0 236.3008890673518 0.6992786526679993 0 4.82358779758215 6.320002093911171 29.42055880278349 468.8769953548908 61.87270464003086 7.826933063566685 0.9187297821044922 2.156446203589439 904.4814591482282 6.38683557510376
4778.113716073334 0.3419707864522934 322.9544504657388 36.78251478821039 1.802244000136852 636.1952117606997 8591.141014330089 8054.466689229012 51.68406438827515 1756.81169128418 18.48486964404583 135.3981977701187 1.87334918230772 8693.464215390384 1.565041281282902 0.4143852889537811 725.2082088068128 4.003785133361816 41.38051959872246 184.0565240159631 152.1616497933865 10.06218822300434 956.74792984128 169.7533474713564 0.1135492622852325 167.0621527656913 35.15988110005856 122.24396276474 3778.251862287521 3105.670788303018 0.7486691325902939 423.9799340292811 24.91417641937733 313.4378395974636 4.472895212471485 170.0586162433028 9.958519272506237 183.6414778009057 48.23146282881498 51.37953735142946 2.850896440446377 0.8041399866342545 1.831611484289169 1.781911373138428 0.09126667678356171 1.455971352756023 3.789933077991009 0 0.7131746187806129 48.65218927711248 9.695309147238731 34.36837522685528 9.718918174505234 1.351611196994781 3.226731732487679 0 7.753430128097534 0 1.875453680753708 1.011125512421131 0.1033634692430496 1.522881761193275 0.916505441069603 2.372709549963474 1.811168290674686 8.968619376420975 86.59698732942343 0 3.846006453037262 13.11611723899841 111.5068325549364 20.2817158177495 20.72866579890251 0.5799605250358582 2.373468264937401 1.747711375355721 9.652867056429386 0.7595189213752747 44.23285844177008 0 20.14914400875568 6.945617415010929 23.75538691878319 2.343133002519608 0.279268354177475 0
0 7.568078607320786 0 71.44615433365107 2146.205827534199 2967.981855936348 27.73998441547155 96.40496316552162 1034.758110962808 69.57455185800791 0.1518199741840363 1975.124380625784 0.7755524143576622 1.565041281282902 157.9495536610484 0.3477228581905365 0 0 0 145.7680570781231 0 37.89894395321608 0.1830157339572906 291.7753998413682 1.763778410851955 0.1251442432403564 8.174850039184093 76.59673478454351 24.7036996409297 0 0.1038586795330048 307.0286627337337 0 1.0171874538064 0.1173196211457253 4.434008412063122 0.1222990080714226 3.888962522149086 1.290018253028393 805.7112974897027 27.59647113829851 0 0 0 0 0 0.1354515999555588 0 0.1074665933847427 2.041751086711884 0 11.96677319705486 0.7713945880532265 0 1.317700751125813 0 0.2663282454013824 0 0 0 0 0 0.5630380660295486 0.8198507130146027 0.6793293505907059 0 6.804445698857307 0 0.111588716506958 0 4.551857553422451 0 0.3138613998889923 0 0 0 0.4980933964252472 0 0.1694696545600891 0 0 0 0.1497228145599365 0 0 0
0.3961261287331581 218.9682235196233 12.70562324672937 1.889780104160309 0.1419731229543686 1.262757822871208 40.14827177673578 8.912952095270157 219.6901815980673 1.990954756736755 0.4744478464126587 0.1316001266241074 5.436554960906506 0.4143852889537811 0.3477228581905365 3171.43023173511 32.4320944994688 0.1600846499204636 3.087837494909763 0 2076.348324477673 4297.492650344968 1985.01375888288 5212.232498399913 32.51500187069178 11.21189576387405 3746.232063636184 3708.665308408439 3.367305286228657 217.5279707163572 1.128747649490833 0.2107822895050049 0.6348043456673622 123.2277839034796 53.44066373258829 1564.810481853783 497.780153952539 713.9265728890896 593.9562955647707 34.39268588274717 0 2.176158621907234 12.45638278126717 0.4108058661222458 6.508188642561436 72.57450141757727 1.806867212057114 0 1.02656364440918 36.84405628591776 1.612005278468132 17.5721919760108 1.087231956422329 0 0 0.7272743582725525 1.844936363399029 0.1382770389318466 1922.672561950982 3.499845907092094 0 0.5454162210226059 0.1744620352983475 760.8889602720737 1980.632450953126 2704.588535092771 223.9025209620595 0.5933935940265656 1.936704382300377 954.3239218741655 88.47826277464628 6.361524626612663 47.46933034807444 0 0.1078993380069733 0.7726503908634186 1.448864921927452 3.851693719625473 26.56031246483326 2.48742601275444 10.78125718981028 8.730725653469563 5.450552269816399 0.1577296108007431 0 0
243.3653956279159 662.767102189362 4209.786366254091 1.160080850124359 0.1026977896690369 11.20042124390602 512.476131722331 895.9838180840015 4.530782222747803 50.36494205147028 151.6415350288153 0.933070220053196 3.525262862443924 725.2082088068128 0 32.4320944994688 554.6503461524844 26.41750968247652 2262.003761939704 1.363083221018314 264.0832350030541 158.1286010667682 2628.868826441467 68.04941494762897 6.824473172426224 1932.060488238931 11495.94487670064 154.7428059503436 673.3782369941473 1523.896192602813 4.736550040543079 9.803797505795956 25.56240094453096 3625.091805383563 27.36182540655136 1917.06008194387 557.8574118837714 3470.992979481816 615.7632864192128 39.01278918981552 1.717273555696011 1.591967329382896 19.60360650718212 1.145343981683254 130.564286403358 1031.489228107035 0.1260834038257599 0 0 18.92107442766428 3.652302958071232 3.230103999376297 0.5277906805276871 0.3932573944330215 0 0.8240246027708054 6.083520315587521 0 12.36361446976662 273.0842933952808 0.7153078615665436 72.00733385980129 0 6.916928209364414 35.56784984469414 58.60830680280924 19.44830624759197 3.194998279213905 474.192820943892 2413.61753346771 13.25030986219645 1.983216293156147 7.423233568668365 0.1689391732215881 0.1004232540726662 0.4828422516584396 9.648317903280258 1.899071410298347 94.20654737204313 10.58558192849159 58.95008616149426 48.67357441037893 2.337898761034012 0.2829006016254425 0 0
2.474582701921463 2.263430133461952 2.027003027498722 1.709034636616707 7.670279368758202 18.70399133861065 3.801661357283592 21.61419663578272 0.832735076546669 26.04348137974739 3013.038758262992 8.841375611722469 84.38395705074072 4.003785133361816 0 0.1600846499204636 26.41750968247652 413.9252474680543 310.8905251696706 6.385713651776314 3.469841405749321 0.5025947093963623 12.22526805847883 3.552066884934902 33.23774515837431 4847.570945806801 611.0221779048443 4.61800204962492 62.63428799808025 7.086098894476891 386.6383604556322 28.18808524310589 3.084065318107605 1926.717626467347 7.116822645068169 534.7069167122245 1077.42973652482 2249.997477225959 366.0332527756691 6.00045632570982 1.59876936674118 29.8157337680459 1.56965384632349 0 4.810711860656738 0.9268464893102646 0 0.1119638606905937 0 1.166037634015083 0 0.1071891486644745 0 46.09625794738531 0 225.8370737209916 0.09253467619419098 0 0.5488345772027969 1.68450877815485 109.4273617565632 25.68534809350967 0 0.2104230895638466 1.299810826778412 0 2.114705540239811 92.82202263921499 293.5142600163817 1158.893757939339 1.978034272789955 0.118450865149498 0.8519554436206818 77.343863889575 0.1170298680663109 0 0.9054782539606094 2.265253707766533 5.96810432523489 11.56742218136787 8.037646792829037 1.038732916116714 1.704812109470367 0 0.7951744869351387 0
15.39149386435747 25.08265742659569 27.54332578927279 1.305304579436779 3.436385855078697 12.28912561386824 23.99533958733082 70.43802266567945 1.773080885410309 17.99363885074854 595.2400066480041 3.931722745299339 10.3769121915102 41.38051959872246 0 3.087837494909763 2262.003761939704 310.8905251696706 2567.635224893689 3.629667513072491 20.33225163817406 5.594007089734077 120.5188440084457 6.498812429606915 12.69315378367901 4206.997281596065 2817.368450291455 11.80673820525408 106.9288352429867 78.17637077718973 24.29017581045628 11.15175949037075 5.01090082526207 5379.171660013497 11.67089363187551 2045.063195638359 1373.226215712726 5331.257871940732 658.3985716477036 15.85932647436857 1.17054146528244 4.267159402370453 10.9759655892849 0.6243292242288589 30.94929787516594 25.36673279851675 0 0 0 1.680899605154991 0.098735511302948 1.651379838585854 0 7.890699043869972 0 28.73122055828571 1.681206293404102 0 1.956991836428642 35.6668484210968 23.02134011685848 166.6978000402451 0 0.4176969528198242 2.109589256346226 2.837249897420406 4.352154977619648 18.10132098197937 901.5998869985342 1184.889941088855 3.264645904302597 1.901857890188694 2.15694484859705 13.64343003928661 0 0 0.4323783740401268 1.029972493648529 7.149559780955315 5.740463905036449 6.967770934104919 7.370929688215256 0 0 0.2293087020516396 0
21.11765634268522 0.1227586716413498 3.703648798167706 5309.12625040859 35.45950820297003 507.1209437400103 99.16994696855545 474.2323673292994 651.5976699069142 4697.86210411787 29.53580848127604 4506.280609585345 5.946425706148148 184.0565240159631 145.7680570781231 0 1.363083221018314 6.385713651776314 3.629667513072491 888.200635433197 2.190629087388515 0.1559595465660095 1.917486622929573 1244.426676362753 0.2298661470413208 7.207032695412636 5.037948228418827 2499.8769813627 320.5236585810781 2.120707631111145 2.201646231114864 51.1660819798708 12.12818276137114 154.9990121200681 9.299847424030304 743.5662567764521 14.97352190315723 324.6398879960179 87.53659250587225 606.6310966387391 15.09506864845753 3.206778056919575 4.701289094984531 0.9600377380847931 0 0 142.2732294052839 1.382855698466301 29.01724875718355 245.6558943241835 17.97223421186209 37.99228295683861 239.0415232256055 0.5698181465268135 270.4005093872547 0.08382964134216309 5.891089409589767 4.008490815758705 0 0.1100063323974609 0 0 95.76300863176584 0.1041039228439331 0.7655698582530022 2.558588594198227 136.8515244573355 0.09052994847297668 0 0.3493582308292389 213.5167775005102 14.54096397012472 1.502384006977081 0 2.888244785368443 0.4996750801801682 11.6459359228611 0 32.8364389538765 0.4655297696590424 22.02507085353136 5.356347069144249 45.26747969537973 0.4808248579502106 0 0.1265125125646591
91.42804066091776 3.312362313270569 463.1438155323267 0.5008677393198013 0.4240877777338028 9.277691826224327 890.2159557566047 179.5445114821196 67.96649771928787 56.77502515166998 8.350898683071136 0.830821618437767 1.686118975281715 152.1616497933865 0 2076.348324477673 264.0832350030541 3.469841405749321 20.33225163817406 2.190629087388515 9039.283289134502 74.18268296867609 12669.71121113747 248.9809947013855 8.540092743933201 70.50316040217876 2249.39958254993 4378.722700402141 668.8944047838449 11306.78553148359 0.2080680206418037 5.546858556568623 45.64899506419897 3200.990961506963 213.7736340463161 7070.304102607071 1309.67717500031 6905.430774152279 3614.03609868139 144.8331624493003 3.210573129355907 5.785223886370659 57.43074033409357 0.4640421345829964 1.581961393356323 6.128525972366333 0.2028051614761353 0 0 3.357706151902676 0.8326324075460434 10.78956569731236 0 0.4288098812103271 0 0 0.8297268822789192 0 266.6621698662639 3.321018755435944 0 0.1271432340145111 0 449.1201435476542 247.1901682764292 161.7005995810032 145.1144986301661 0.1475439965724945 2.869468420743942 42.82746752351522 77.08946543931961 8.431223697960377 88.65843882411718 0 0.1420778930187225 0.6767211854457855 0.6556483507156372 7.056175693869591 17.15600480139256 0.1039202511310577 10.70915641635656 7.026934340596199 4.482441604137421 0 2.491620063781738 0.5939751267433167
4.025346860289574 3354.988261178136 424.5066529884934 0.295918881893158 6.886460527777672 3.972694627940655 67.97258488088846 35.87681095302105 3388.673083655536 13.87590282410383 4.029681466519833 15.87989851087332 182.3419730216265 10.06218822300434 37.89894395321608 4297.492650344968 158.1286010667682 0.5025947093963623 5.594007089734077 0.1559595465660095 74.18268296867609 865.2790732756257 657.5685424953699 6252.76433917135 483.4946720600128 37.79879479110241 5148.277223952115 279.2485316544771 6.936051853001118 6.962572231888771 8.593202665448189 3.773194253444672 0.7932207435369492 144.608110666275 1.62729600071907 136.2526820078492 34.56011761724949 118.3452474698424 28.89144816249609 103.5661857575178 1.463807702064514 19.93688920885324 2.961140528321266 0.5504420399665833 8.786295585334301 178.4825286790729 3.040434673428535 0 0.1359981447458267 18.84975805878639 1.073857873678207 25.92986839264631 2.933209165930748 1.382949240505695 0.1608092337846756 5.272201173007488 2.898140020668507 0 847.7105650901794 11.09303303062916 0.2272293269634247 2.752519547939301 0.6615914553403854 181.4963475391269 139.631728425622 777.5616432577372 144.9041064232588 5.238523587584496 13.17363747209311 2366.805764198303 39.99592021852732 2.964192844927311 10.86919575184584 0.2547522708773613 0.4605635032057762 0.6240297332406044 3.583785712718964 0.8723877519369125 21.8501954600215 2.113621704280376 14.4310617223382 14.55178470164537 5.781506538391113 0 0 0
331.62779828161 10.31158994883299 8924.091740615666 1.288633234798908 1.300913855433464 14.56540205329657 1462.031724214554 969.4737800136209 34.7694832906127 69.48833026736975 34.84512220323086 0.5368485301733017 3.324960000813007 956.74792984128 0.1830157339572906 1985.01375888288 2628.868826441467 12.22526805847883 120.5188440084457 1.917486622929573 12669.71121113747 657.5685424953699 15418.47595018893 412.8602424487472 88.7369557544589 1771.990149728954 11499.82707133144 3487.268632598221 834.4132137522101 7970.487080872059 2.353150486946106 12.82046868652105 31.27923961728811 3678.007473006845 417.9991352707148 8864.654419839382 3749.004357554018 10487.68183510005 6445.906271129847 356.3489306271076 4.613222859799862 18.00390803813934 111.0788420960307 0.1029254719614983 5.230269022285938 846.2140949070454 0.6063018441200256 0 0.2876998633146286 70.89336585253477 1.736008509993553 4.851930432021618 1.40546277910471 0 0 1.143578924238682 3.188645385205746 0 1560.631481990218 11.35592274367809 0.3494594618678093 3.676207169890404 0 306.2000699341297 1064.573111191392 3668.098316296935 115.5705325081944 0.1290557235479355 13.18363816291094 2103.177207529545 59.51572912186384 6.612634554505348 23.13818258792162 0 0.1729101240634918 0.3843059241771698 4.102531813085079 14.01647698134184 63.27390192449093 6.935855969786644 42.12443232536316 61.33404733985662 4.721192046999931 0 0 0.5902036726474762
51.60701990872622 815.0686340034008 32.26296382397413 2232.199108175933 33.65534230321646 198.9287437051535 2518.607949353755 1093.568607792258 7475.667118914425 1211.46955063194 9.230876609683037 940.6743670031428 74.87959019094706 169.7533474713564 291.7753998413682 5212.232498399913 68.04941494762897 3.552066884934902 6.498812429606915 1244.426676362753 248.9809947013855 6252.76433917135 412.8602424487472 12492.92115429044 191.3109436407685 42.54265895485878 4153.940022185445 7019.381645210087 203.4953762441874 322.940840408206 5.602005384862423 13.4915574863553 100.6407065466046 288.921350069344 70.66472085565329 2441.049682892859 105.2460857704282 764.4854680895805 370.8119610920548 603.7001558169723 10.89084609597921 13.24138103425503 15.61212094128132 12.98907627165318 7.151032365858555 44.26162232458591 459.815708629787 2.62957775592804 75.03948787599802 1063.369559541345 90.50454693287611 1413.450006142259 503.0084374621511 14.3842438608408 353.9257251992822 16.17501366883516 110.2741765975952 3.915952309966087 255.8648854568601 4.247418016195297 1.254705265164375 3.17189397662878 153.5687666088343 502.5767240300775 466.6421336382627 258.134767241776 2068.489422097802 1.315924488008022 10.18421220034361 332.9390334412456 1925.87895154953 224.1740420237184 421.6054199934006 0.2572829276323318 27.10088271647692 18.16845033317804 71.21859031915665 10.86887469887733 469.7228946015239 3.871362932026386 189.872683480382 57.07069498300552 242.2902397364378 7.800643295049667 4.096443757414818 3.525176681578159
0.2659363150596619 1451.306246802211 48.38296505063772 3.387904062867165 1.273622386157513 2.370047859847546 46.16558498889208 6.65672342479229 124.4490841254592 6.787293016910553 170.6100603044033 0.3449403271079063 3563.049520380795 0.1135492622852325 1.763778410851955 32.51500187069178 6.824473172426224 33.23774515837431 12.69315378367901 0.2298661470413208 8.540092743933201 483.4946720600128 88.7369557544589 191.3109436407685 424.5720096379519 313.3417085260153 6540.962835356593 27.00681631267071 2.396081790328026 4.052784010767937 446.298842959106 2.336205311119556 0 1438.92610117048 4.575159534811974 205.0975285246968 620.4431690275669 485.6535572335124 350.6922067850828 8.36332056671381 16.72581148147583 716.0101888850331 0.5625977516174316 0 40.28229631483555 1.743706308305264 0 0 0 0.1487912386655807 0.2498210817575455 0.5497152209281921 0.09225136786699295 107.2872875630856 0 983.7653960064054 0 0 0.3037675321102142 4.109370291233063 12.67902022600174 11.81287451088428 0 0.2487843856215477 0.8090922310948372 1.12687948346138 2.667751401662827 78.57393981516361 123.8334060534835 858.5541649535298 1.018984988331795 0.1025691106915474 0.2333807498216629 33.45777730643749 0.1083053424954414 0 0.1639778167009354 0 29.41220875829458 44.31949657201767 24.63420576602221 1.469042800366879 0 2.982674121856689 77.72029807418585 0
34.74594482779503 406.3150130584836 7436.658668711782 2.503140717744827 4.967913769185543 25.11147917807102 930.5602869167924 328.5075819268823 7.550779350101948 155.1777814999223 2098.252696767449 8.055796779692173 130.2381318733096 167.0621527656913 0.1251442432403564 11.21189576387405 1932.060488238931 4847.570945806801 4206.997281596065 7.207032695412636 70.50316040217876 37.79879479110241 1771.990149728954 42.54265895485878 313.3417085260153 23381.8823339045 21585.37768035382 172.4695916846395 112.7170804440975 678.9168166220188 513.0723838284612 21.98275604844093 3.511341281235218 957.1191768571734 22.69701761752367 2734.493547141552 4008.837618499994 2830.845396101475 622.8062768355012 34.50831988453865 2.252088516950607 50.77152956277132 13.33482187986374 3.813528940081596 498.3388566449285 768.0096974894404 0.447796955704689 0 0.3036575466394424 12.99560245871544 2.051020853221416 6.833017885684967 0.6925669610500336 64.65571999549866 0.06806651502847672 310.6165995970368 10.85916248708963 0 11.34730511903763 403.5453518033028 150.1630295291543 1128.578398771584 0 4.406424909830093 19.53319661319256 23.03901736438274 19.68935873359442 278.1918776109815 5992.084870181978 9222.078857295215 6.898755915462971 5.141415275633335 14.56057743728161 74.21763049066067 0.09353642165660858 0 14.90585268288851 6.392252616584301 81.60649164021015 40.78042875230312 56.93689538538456 37.90690778940916 2.220592565834522 0.2537947297096252 5.035757340490818 1.823275804519653
8.965137213468552 8374.39113292098 13534.65787783265 7.71568488329649 4.423209182918072 12.99535010755062 786.4804823473096 96.63746249675751 702.8387626260519 94.68031822144985 484.2262210994959 6.084260389208794 4230.639152750373 35.15988110005856 8.174850039184093 3746.232063636184 11495.94487670064 611.0221779048443 2817.368450291455 5.037948228418827 2249.39958254993 5148.277223952115 11499.82707133144 4153.940022185445 6540.962835356593 21585.37768035382 36535.25392341614 4680.339390829206 45.75002268701792 142.1769777089357 2564.983787603676 10.60493649542332 4.781168311834335 3178.510759741068 166.6181306913495 8362.00523262471 4836.608910031617 6583.895607128739 2233.084120355546 286.128701582551 2.456637091934681 31.54427783191204 85.67376561462879 5.359092690050602 1890.046356208622 1983.773215509951 4.178304105997086 0.1222404837608337 1.354272432625294 90.97496452927589 11.41630709916353 23.77329172939062 2.580917030572891 47.83911928534508 1.070394605398178 347.5325575694442 23.332579664886 0.1336966902017593 350.1521237045527 275.2303876578808 98.33011998981237 608.0293152555823 0 55.4947662577033 1068.458653047681 1325.624233789742 106.1745575144887 792.8758699670434 4071.147445566952 16097.47876538336 59.7711118683219 7.263041958212852 18.30933441221714 89.05403481423855 0.9892577901482582 0.6387612521648407 19.15661678463221 18.10611353814602 166.2479292824864 47.32506541907787 126.1723306328058 131.1973806098104 8.261700332164764 2.45598578453064 4.286657892167568 1.565165042877197
38.12336216121912 38.52483670413494 631.9430283233523 2526.397755198181 16.2168927192688 269.130833171308 17301.82609442621 456.6549260690808 1448.394594714046 10344.45489221066 14.03553082048893 561.8327956050634 4.384864248335361 122.24396276474 76.59673478454351 3708.665308408439 154.7428059503436 4.61800204962492 11.80673820525408 2499.8769813627 4378.722700402141 279.2485316544771 3487.268632598221 7019.381645210087 27.00681631267071 172.4695916846395 4680.339390829206 10665.68829763681 299.1198552399874 5211.167162902653 1.066872574388981 20.95512227714062 228.2811525240541 1109.954205073416 178.1696202903986 4490.412154495716 236.3620336279273 2619.305579163134 1175.101115137339 473.3224577456713 7.294172838330269 4.728977963328362 42.75087999552488 13.49475631117821 6.34678041189909 25.80805139243603 392.3547598570585 1.391264788806438 80.40254556387663 916.4225393310189 117.9994971528649 547.5288260504603 528.7734676599503 9.043430529534817 232.1544359326363 7.040472768247128 108.8592180460691 1.96689972281456 148.9183733761311 5.19176072627306 1.853284016251564 0.3866367414593697 148.3104952871799 324.0026245713234 168.2114330753684 160.6528654620051 1577.192135110497 0.8317000865936279 6.676562145352364 188.8632200434804 1627.80533515662 275.7709520533681 484.2594825401902 0.1606189608573914 27.29568656533957 15.87876582890749 83.8431524336338 11.0933628231287 493.0068696439266 4.794459588825703 198.5492071807384 58.97452563047409 267.2270626202226 20.96563691645861 3.098088957369328 2.050348997116089
