501.1566480398178 1.36163367331028 110.5207432508469 1.017154932022095 0 5.752137005329132 711.0493336617947 447.4136597439647 1.065847933292389 28.22534430772066 16.68220844119787 0.3992478474974632 1.672156885266304 3689.225518092513 0.2215200066566467 0.2090195566415787 228.0507584214211 10.53661417961121 61.495092689991 0.5802061930298805 27.62611475586891 4.536042526364326 73.25860550254583 84.48818600922823 0.1090027689933777 98.71002184599638 33.5235452875495 150.6311454996467 2179.993993714452 1681.33073361963 0.2974110320210457 1.814432390034199 82.23308874666691 276.5497348085046 2.116485342383385 68.64204053580761 28.20789623260498 138.0091294571757 30.55748412013054 1.968919031322002 0.8860621973872185 0.7653265073895454 0.4016902968287468 0 0.1214786320924759 0.4459114968776703 0 0 0 2.884979642927647 0.2083742544054985 0.4473936259746552 0.4551412165164948 0 0 0 0.1021238192915916 0.2402854114770889 1.156849689781666 0 0 0 0 1.523718535900116 0.1951790004968643 0.127887487411499 9.289684750139713 0 0 0.6355896592140198 12.70136017352343 0.4412902072072029 1.611987426877022 0 0 0 0.2633485272526741 0.311442106962204 2.935905598104 0.1817064359784126 0 0 0 0 0 0
1.36163367331028 112.8744083270431 21.22053038328886 0 0.1201846450567245 0.6604930683970451 7.589836642146111 2.313855327665806 808.6808498576283 2.315614469349384 123.8635191917419 2.022023916244507 951.3260786905885 1.380540996789932 6.797191366553307 125.5622841119766 14.55640708655119 4.939747489988804 10.72225069254637 0 5.401005282998085 1436.403566911817 20.49035692960024 821.7110022902489 1200.40169287473 449.7976904958487 6403.864705339074 59.42921764403582 4.587090462446213 5.462124459445477 92.15890306979418 1.13874426484108 0.7513300999999046 28.16850861907005 0.4294525682926178 12.1026247292757 47.03626493364573 58.11982525140047 2.219348132610321 13.79392111301422 1.575066223740578 55.69681503623724 0.243686355650425 0 31.89902094006538 46.35157762467861 0 0 0.1281195729970932 3.453510992228985 0.2225397974252701 1.768412441015244 0.09998790919780731 7.755112864077091 0 76.73993722349405 0.5346304923295975 0 0.696110337972641 2.282169796526432 1.981148242950439 2.004224762320518 0 1.99424060434103 12.71812289208174 2.168951436877251 11.47223322093487 118.735144354403 387.2836327552795 1982.668560668826 8.736480958759785 0.1187812313437462 0.5314732789993286 14.85050013661385 0.1742600947618484 0 0.6434058248996735 0 3.766393221914768 9.792801730334759 3.014505058526993 0.4296112060546875 0.4150625243782997 0 2.203643031418324 0
110.5207432508469 21.22053038328886 1862.3823338449 1.015445373952389 0.3360981494188309 23.86858186870813 1034.863356649876 703.9284638613462 0.5661133453249931 225.8883540481329 9.455815337598324 0.153369702398777 8.612025126814842 882.487622693181 0 5.736078664660454 555.1488673016429 20.4504017829895 80.5236134827137 0.9677489846944809 1119.799322471023 41.07616445422173 3917.43810043484 20.41154059022665 2.586776167154312 4499.060974746943 7780.390120603144 372.1874225512147 106.5781836509705 787.255806453526 0.2712171748280525 0.6794571802020073 7.996721304953098 443.7478596195579 11.50288324803114 738.6403599530458 4615.054993867874 822.6181411296129 202.0348838120699 16.96486750245094 2.299205556511879 31.57025797665119 3.352618783712387 0.5949643403291702 219.4317604228854 822.1695362478495 0 0 0.52344910800457 30.43059288710356 2.379526682198048 0.6038660034537315 2.110852003097534 0.09931257367134094 0 0.1124169528484344 3.189079537987709 0 53.3765684440732 4.864672251045704 0 0.1106398403644562 0 26.058568559587 81.27964662015438 191.9609298184514 33.32214683294296 0.3394116908311844 82.96067152917385 2059.184919722378 38.8246558457613 1.221604526042938 4.023174300789833 0 0.09049348533153534 0 1.392264544963837 5.796010427176952 18.67455690354109 614.6997156664729 7.808136008679867 6.493731275200844 0.5345505923032761 0.09182413667440414 0 0
1.017154932022095 0 1.015445373952389 1493.381699927151 2.591360688209534 100.5662359148264 132.741497002542 74.81835272163153 715.3054922297597 2509.576067440212 6.241474635899067 4962.324727743864 0.9056626707315445 24.32034597545862 80.4651660323143 0.2408916652202606 0 1.535011753439903 1.836444042623043 1566.784703306854 4.954422146081924 1.799522429704666 1.198021784424782 740.5004880279303 1.01183807849884 2.738132283091545 6.610908031463623 2211.398332178593 25.32074463367462 0.1887664198875427 0.08070642501115799 2.287974558770657 1.892225459218025 33.53764261305332 2.657718971371651 121.4487471207976 2.293236464262009 47.37465642392635 15.57850510627031 295.2957428917289 3.990579932928085 0 1.192877024412155 0 0 0 72.29175237566233 0.2050152271986008 16.6860336214304 35.55985846370459 3.540941178798676 66.88489892333746 121.340425491333 0 163.2147971019149 0 1.584558948874474 10.77691683918238 0.307560920715332 0 0.3445792272686958 0 38.78682857751846 0.7924545407295227 0.2893009632825851 0 53.07397566735744 0 0.08132535964250565 0.9530714005231857 112.2523713633418 0.9173778295516968 0 0 0.5623145774006844 0 1.613523319363594 0.3773539662361145 21.79249887913465 0 1.685434475541115 0.3773975446820259 86.16949464380741 0 0 0
0 0.1201846450567245 0.3360981494188309 2.591360688209534 23.18582111597061 185.6044065579772 2.75327392667532 35.12112281471491 39.25490607321262 6.946037523448467 3.995935700833797 57.89785474538803 1.671512857079506 31.25470032542944 1013.101295650005 0 0.1007775962352753 0.1347480714321136 0 3.575582548975945 0 0.6696407049894333 0 15.69293554872274 0 0.3599450290203094 0.7078652679920197 3.581885732710361 162.3315394967794 1.062608502805233 0 104.6198258250952 0 26.66855985671282 0.2054776698350906 35.48802015185356 0.3170165419578552 50.09354472905397 30.72873581945896 1973.237797379494 19.9302151799202 0 1.512457340955734 0 0 0 0.09410770237445831 0 0.1941559761762619 0.91446852684021 0 0.2320803850889206 0 0 0.2391212359070778 0 0 0.1573006361722946 0 0 0 0 0 0 0 0 0.9020611345767975 0 0 0 0.7906275168061256 0 0 0 0 0 0 32.82014507055283 2.560957819223404 0 0 3.371819496154785 0 0.3380297124385834 0 0
5.752137005329132 0.6604930683970451 23.86858186870813 100.5662359148264 185.6044065579772 9333.01144451648 1403.043724015355 5803.859174124897 37.26473338901997 3492.037732679397 163.7705572172999 2853.018682934344 39.34246940165758 707.5903483703732 1461.29707171768 0.1203881427645683 5.213936261832714 34.01237350702286 32.39989025890827 180.6288132704794 33.15486627072096 1.226030848920345 13.32824379950762 48.7779047191143 5.145665034651756 51.45085364580154 12.70716023445129 144.7881912887096 455.7298162057996 19.27387037873268 3.425718583166599 252.1005652546883 3.705748453736305 731.6854617968202 12.94300812482834 578.9868618771434 29.0770664960146 624.2525055930018 172.5716335102916 3287.974194444716 317.8354218676686 7.812943361699581 20.70716518163681 0 0.8646081537008286 0.2923479601740837 14.85721838474274 0.8726846277713776 9.044904507696629 22.23503513634205 0.968244194984436 7.953987263143063 26.2617257386446 2.141957394778728 29.50738795101643 0.8795076012611389 1.045502372086048 8.362684965133667 3.254916444420815 0 0 0 9.602119080722332 1.456967145204544 0.1621129661798477 1.632591687142849 18.27920432388783 0 0.289880208671093 2.297842688858509 46.33146151155233 1.170333363115788 1.894120633602142 0 0.9709290191531181 0.2701878845691681 0.5450304448604584 2.156741335988045 41.81287782639265 0.4015059843659401 2.52432519942522 1.300573840737343 64.24421060830355 0.7335455045104027 1.789056323468685 0
711.0493336617947 7.589836642146111 1034.863356649876 132.741497002542 2.75327392667532 1403.043724015355 15738.00813317299 3061.134399965405 252.6598566770554 11106.15054991096 104.2450447529554 18.94789566099644 31.95069734752178 6809.529386691749 14.71397858858109 21.8294532969594 81.94867746531963 30.7417967915535 50.6047516092658 108.1381947100163 2497.627811178565 68.66252036392689 611.1950343921781 1334.120718441904 3.001824460923672 436.1161773428321 423.0493946745992 12766.3471743837 1662.624136000872 5531.582146003842 1.686092667281628 14.51221752911806 184.7462360709906 1044.931477569044 140.0905851125717 3051.965259045362 294.2272395566106 1599.117228090763 721.4738974198699 403.9070270657539 94.07882234454155 4.908828020095825 42.51557312905788 3.807460717856884 11.29317229241133 20.91256202757359 62.60092885792255 0.2965926229953766 27.02109837532043 389.6067197546363 22.16562827676535 78.7725330889225 120.0914305150509 2.336935259401798 40.01220745593309 2.355727463960648 21.22326752543449 12.13574931025505 46.63502717763186 0.6233593598008156 0.517047643661499 0.08156625926494598 27.11971946060658 13.41450247913599 15.87591016292572 55.17306526750326 426.4125111922622 0.09529377520084381 3.822968050837517 100.3085252791643 782.8627129718661 20.14209563285112 18.3613346517086 0.1042117476463318 4.579155907034874 0.6680504903197289 11.23622842133045 8.980011522769928 119.7792969569564 16.69588005542755 29.6439158692956 6.928481183946133 104.6524659842253 3.66693639010191 10.7448735833168 2.311125352978706
447.4136597439647 2.313855327665806 703.9284638613462 74.81835272163153 35.12112281471491 5803.859174124897 3061.134399965405 12474.73049654439 19.60220772773027 3313.06844638288 124.3253750056028 886.2237459123135 23.39220209419727 8552.410753019154 265.3057888075709 0.828061044216156 343.3241890408099 36.31653425097466 108.4700527116656 159.1324971839786 219.1256226077676 6.659987345337868 242.0661717057228 232.35693821311 3.998634435236454 539.7120536230505 123.4584852904081 356.2038335576653 796.3418506458402 1056.798040777445 2.493656776845455 328.9888292104006 7.784022890031338 937.1718701012433 14.7244590818882 463.1992420852184 210.2917459756136 528.4756164029241 159.9434569403529 1123.312897831202 308.485281586647 8.090035140514374 11.40494122356176 0.7436577081680298 1.697127267718315 4.386114560067654 2.179496720433235 0 1.723470471799374 57.7515771985054 3.198228321969509 11.61397006362677 5.522095814347267 2.089283838868141 1.424527481198311 0.1722372025251389 3.650829054415226 1.324619442224503 5.008636936545372 0 0.1530593782663345 0 2.774482756853104 8.473886661231518 1.920951016247272 2.772529244422913 64.22371515631676 0 2.206097185611725 9.548337988555431 126.5649797320366 4.106382563710213 5.751107752323151 0 0.4849342852830887 0 0.9656270891427994 0.2998534142971039 22.67069817334414 5.923409171402454 7.027775056660175 1.346567630767822 11.78905248641968 0.3764933347702026 1.30659607052803 0
1.065847933292389 808.6808498576283 0.5661133453249931 715.3054922297597 39.25490607321262 37.26473338901997 252.6598566770554 19.60220772773027 645.271426461637 1125.820663943887 13.74647958576679 281.1674699857831 63.58420723676682 14.7592329531908 677.8347638770938 17.90454988926649 0.3128071948885918 1.137857265770435 1.838875561952591 684.4331736266613 20.25302138179541 2906.26033334434 4.727743983268738 10180.56383613497 89.68109999597073 14.53889147937298 668.3761682361364 2119.970045089722 16.77374493330717 9.688381120562553 16.13328895717859 2.591311171650887 1.362545065581799 18.44497703015804 1.505100235342979 106.1191202625632 12.87055844813585 33.20953315496445 7.27302286028862 352.7367222979665 2.613438598811626 0.4318758174777031 1.167848318815231 6.068887867033482 2.155579641461372 2.774148479104042 209.4846443757415 0.2866193056106567 16.66642293334007 226.847316108644 18.46373968571424 58.77333907037973 312.0325545370579 1.930797263979912 103.4132797569036 5.133919090032578 25.68445152044296 7.895161092281342 86.48074978590012 0.2969014346599579 0.9364525303244591 0.1953609958291054 83.75864263623953 82.65428027510643 45.4261746108532 4.691580638289452 2043.258105657995 2.390566021203995 6.058287292718887 13.23131270706654 1542.984514735639 43.31804727762938 37.54941362887621 1.704072192311287 2.33183529227972 3.15729708969593 17.45850357413292 3.764315277338028 68.03093812614679 1.87835118919611 32.44335858523846 7.494087502360344 61.90246609598398 3.027672439813614 0.8862786367535591 1.184351421892643
28.22534430772066 2.315614469349384 225.8883540481329 2509.576067440212 6.946037523448467 3492.037732679397 11106.15054991096 3313.06844638288 1125.820663943887 28355.27891355008 160.069923132658 2265.99946153909 21.97593729197979 849.3376229703426 71.77504713833332 2.82891084253788 18.35294510424137 46.0804877281189 56.57673469558358 1732.85001270473 319.9686998054385 11.08474509418011 96.50471359491348 1605.446862604469 1.560336709022522 173.4687973670661 93.1518342718482 3388.23020350188 658.2212500795722 178.2986170873046 1.793115340173244 28.60087502747774 29.73545496165752 817.3565279915929 116.0875585526228 1568.949969246984 79.00107228755951 1529.026998572052 461.4801636785269 662.5597930476069 162.1366959139705 1.980809234082699 42.64442911744118 1.424263566732407 2.321090005338192 3.668773107230663 323.0378386825323 2.060856088995934 64.45213906466961 333.4344232678413 17.23995527625084 184.4171171411872 529.4481250345707 2.73238331079483 273.9162659347057 0.3657079711556435 11.12309284508228 31.46235301345587 8.855616569519043 0 0.3406014293432236 0 157.4246367588639 5.258231930434704 3.640549957752228 13.95080053806305 326.4193602353334 0 1.156224295496941 20.43360625207424 754.8934444263577 6.042762249708176 2.750958755612373 0 2.22143030911684 0.1448785662651062 6.171755112707615 6.852156117558479 116.783719651401 3.647653289139271 13.01625847816467 1.551844269037247 312.0392069742084 0.7444007396697998 3.77960392832756 0.3465849161148071
16.68220844119787 123.8635191917419 9.455815337598324 6.241474635899067 3.995935700833797 163.7705572172999 104.2450447529554 124.3253750056028 13.74647958576679 160.069923132658 6447.008119180799 89.08126743137836 1859.212668322027 328.881626419723 15.99980615824461 0.5072847381234169 62.93135012686253 2295.744769960642 834.8241219036281 21.41756764054298 7.525653377175331 20.24891555309296 19.03024369478226 42.35658187419176 542.6130188256502 1720.973958484828 183.7646931186318 71.83351765573025 320.4070362746716 30.46383064985275 304.3404770493507 46.48228232562542 2.503613665699959 4641.04999659583 6.984591275453568 386.3649834692478 4745.951552674174 4513.776465781033 617.7799580618739 170.2922125607729 78.59087514877319 1252.503301769495 17.47982665896416 0.420865535736084 3.637088902294636 0.1079971045255661 0.3421379625797272 0 0.3983166068792343 9.387841947376728 1.08720738440752 2.307808794081211 0.2209726199507713 132.5838498026133 0.2712931409478188 916.1918878033757 0.5993033051490784 0.2215077877044678 0 0 21.93607470393181 2.834895484149456 0 0.731010690331459 1.115016408264637 0.1271294951438904 14.35318174958229 136.7504665255547 121.277024589479 69.91620001196861 27.1126720905304 0.1817975491285324 0.5545946210622787 120.7581740394235 0.4598802104592323 0.27664515376091 4.688137255609035 2.05160915106535 17.09175431728363 112.3164246082306 22.86621964722872 6.590431928634644 4.107641018927097 1.577563166618347 83.87059309333563 0.2926905155181885
0.3992478474974632 2.022023916244507 0.153369702398777 4962.324727743864 57.89785474538803 2853.018682934344 18.94789566099644 886.2237459123135 281.1674699857831 2265.99946153909 89.08126743137836 6199.248600959778 13.26466803252697 277.0291825830936 877.3599479943514 0 0.7173322439193726 16.95147122442722 12.57635729387403 2212.288188666105 0.5352015271782875 4.581623032689095 0.4971480220556259 582.0156017690897 2.570989519357681 21.82760442048311 3.231691308319569 2587.660661548376 162.743107393384 0.5743955671787262 1.410436280071735 32.9646136239171 0.5051712021231651 205.9103974252939 66.58737830817699 353.5096932947636 10.25445153564215 202.9636920467019 31.53387103229761 1591.538582578301 21.06927908211946 1.015941359102726 3.213577844202518 0 0 0 56.71783500164747 2.258195549249649 19.25669883191586 48.38031755387783 3.805150136351585 50.3090830668807 98.54276268929243 0.5734663233160973 159.3332393616438 1.573142655193806 2.455278664827347 16.00767781585455 0.3377789929509163 0 0 0 36.60238160938025 1.086330994963646 0.3093842267990112 0.1126460283994675 31.4103706330061 0 0 0 83.60652578622103 0.6897078454494476 2.110994055867195 0 0.9765884205698967 0.2668825387954712 0.1833880096673965 32.63603577017784 53.62339836359024 0.09191367775201797 1.944034911692142 0.3341575413942337 162.8858500644565 0.713936947286129 0.8806318640708923 0
1.672156885266304 951.3260786905885 8.612025126814842 0.9056626707315445 1.671512857079506 39.34246940165758 31.95069734752178 23.39220209419727 63.58420723676682 21.97593729197979 1859.212668322027 13.26466803252697 2486.753295212984 21.32246849685907 13.49973890930414 5.760201312601566 2.687951825559139 25.96649198979139 13.34262857586145 4.873723961412907 19.09342431277037 142.6588881239295 9.99636934697628 52.91255016624928 3316.361954040825 285.1933566331863 2633.897190608084 54.91716259717941 37.40160611271858 29.82146403938532 681.1359926015139 18.4436424896121 0.1151246502995491 589.5315834134817 58.31058915704489 2197.405681565404 5346.883970081806 2100.483325697482 509.4916985929012 291.3962221890688 139.0601122528315 1383.6982858181 25.82006761431694 0 23.62382799386978 0.8571763187646866 0.5474019348621368 0 4.810352295637131 9.959193788468838 2.149102762341499 0.9881112799048424 0.1851356253027916 392.0473002865911 3.619483627378941 3240.288138329983 2.150799572467804 2.188643455505371 0.1012850478291512 0 84.43646036833525 7.336364731192589 0.1129667237401009 2.282031238079071 1.314152896404266 0.5518420115113258 7.832559898495674 548.4492820426822 576.733856216073 356.492447167635 30.77412963658571 1.90983971953392 5.335039496421814 532.0179459378123 6.056970231235027 0 15.9282608255744 31.03994837403297 538.0998813286424 393.8203852921724 337.1915604993701 105.5749166086316 41.13443139195442 64.95119951665401 236.3845525383949 1.934982657432556
3689.225518092513 1.380540996789932 882.487622693181 24.32034597545862 31.25470032542944 707.5903483703732 6809.529386691749 8552.410753019154 14.7592329531908 849.3376229703426 328.881626419723 277.0291825830936 21.32246849685907 12185.84077340364 113.00252751261 1.338794149458408 632.230451144278 85.01831886172295 222.867905151099 61.19963912665844 121.589988604188 5.639819517731667 343.3008558191359 195.4641388654709 2.375495418906212 621.7950935587287 170.5999336540699 323.3259621411562 8626.115206535906 3949.735698476434 5.804553724825382 322.4375563785434 74.44284365326166 1749.41490714252 9.364176653325558 531.7671159207821 221.7042262628675 574.0610787421465 128.1331456527114 753.4440270140767 75.5101922377944 7.09356427192688 9.952554114162922 0.5498215556144714 1.379817374050617 4.024671286344528 1.613567560911179 0 1.6429383456707 28.78867589682341 1.244164541363716 5.815199241042137 1.173546433448792 1.015758611261845 0.5429219678044319 0.6339966654777527 1.757310546934605 0.3238555788993835 3.150620944797993 0 0.2043936774134636 0 0.136302262544632 7.831807367503643 0.9220836609601974 1.818586945533752 43.84158128499985 0 1.092954501509666 7.613924957811832 81.20958985388279 1.810242481529713 7.645519196987152 0 0.608527734875679 0 1.054197914898396 0.4177698940038681 18.32815743982792 4.836257308721542 4.307362414896488 2.014026746153831 7.216240733861923 0.9194400236010551 2.670546300709248 0
0.2215200066566467 6.797191366553307 0 80.4651660323143 1013.101295650005 1461.29707171768 14.71397858858109 265.3057888075709 677.8347638770938 71.77504713833332 15.99980615824461 877.3599479943514 13.49973890930414 113.00252751261 137.7398703917861 0.1438853442668915 0.08924673497676849 2.47521810233593 1.052701860666275 122.233344770968 0.9445495307445526 49.39231753349304 0.1841197460889816 718.3915177509189 7.971975609660149 2.218352504074574 12.97355673462152 105.3444511666894 54.4229768589139 1.440535195171833 0.2277727350592613 356.5543454512954 1.329218685626984 50.91788927465677 2.522833697497845 316.6126544624567 6.512757696211338 51.18412785977125 15.58419826626778 1176.621071822941 147.5051413550973 2.727514490485191 0.7431533187627792 0 0 0 5.625207625329494 0.4460221230983734 4.161165505647659 18.98138673603535 2.096938028931618 2.248004376888275 19.05097614973783 0.2112979292869568 17.25626605004072 0.09881187230348587 1.698088124394417 3.198689520359039 0 0 0 0 2.81882232427597 2.241377532482147 0 0 9.07853215187788 0 0.1876775622367859 0.1138727143406868 20.9872238561511 0.4150348007678986 2.258226633071899 0 0.105817936360836 0 0 0 51.96259403973818 0 0.8544491976499557 0 48.45376148819923 1.002281904220581 14.16058164834976 0
0.2090195566415787 125.5622841119766 5.736078664660454 0.2408916652202606 0 0.1203881427645683 21.8294532969594 0.828061044216156 17.90454988926649 2.82891084253788 0.5072847381234169 0 5.760201312601566 1.338794149458408 0.1438853442668915 1512.452055938542 1.190252669155598 0.6201579198241234 0.4469888657331467 0 3150.972923018038 4537.886563047767 5184.24992582947 1209.009419046342 4.471387207508087 2.546845458447933 2694.390235126019 843.9721190929413 5.016429729759693 6.841992080211639 0.7330758050084114 0 0.6657020226120949 14.45623402297497 11.5741166099906 497.5901276543736 155.5969784632325 106.5494269579649 90.6981810182333 8.631686151027679 0.2434917539358139 1.955266676843166 2.648043289780617 1.384117983281612 4.129574485123158 17.54195930808783 0.4310269430279732 0.1706106960773468 0.3062074929475784 15.76494393497705 1.202566005289555 10.4964215606451 1.801853641867638 0.1957746595144272 0.2735193073749542 0.1413670629262924 2.020562879741192 0 1071.361161619425 1.015414506196976 0 0.1232167035341263 0 546.6389241144061 522.6342675834894 770.5709702596068 267.1558972224593 0.8032703846693039 4.292948313057423 160.0921779870987 170.3793358504772 8.36405860632658 62.36725639551878 0 0.1131620109081268 2.58777542412281 0.9417276233434677 1.980687141418457 345.5907802581787 6.160675406455994 3.75846017152071 2.981951206922531 2.88764975965023 0 4.074642449617386 0.5666452199220657
228.0507584214211 14.55640708655119 555.1488673016429 0 0.1007775962352753 5.213936261832714 81.94867746531963 343.3241890408099 0.3128071948885918 18.35294510424137 62.93135012686253 0.7173322439193726 2.687951825559139 632.230451144278 0.08924673497676849 1.190252669155598 1320.18950086832 119.4760308414698 2291.690270990133 0.1709740906953812 620.9686985313892 1.283115647733212 4668.909889392555 4.704463601112366 3.705685779452324 1034.247822090983 1699.824633307755 21.18180556595325 619.7925225794315 889.3271143436432 0.3309489041566849 0.7834728583693504 78.6559060588479 3012.029795065522 10.70774398744106 641.6093480736017 1025.230109125376 2168.557508096099 420.4554894864559 9.788267657160759 1.313233718276024 7.405057571828365 2.350979417562485 0 2.017685905098915 3.022899501025677 0 0 0 0.478304386138916 0 0 0.1957636177539825 0 0 0 0 0 0.3434969559311867 0.5020856857299805 0 1.302793920040131 0 0.6757056564092636 0.4527004957199097 0.4693562909960747 0.6810717731714249 0.1298115253448486 40.48285426199436 48.28307917714119 2.015279352664948 0 0 0.1225469708442688 0 0 0 5.23983345925808 1.35830882191658 7.842014469206333 0.3369630798697472 0.1015663594007492 0 0 0 0.1283614486455917
10.53661417961121 4.939747489988804 20.4504017829895 1.535011753439903 0.1347480714321136 34.01237350702286 30.7417967915535 36.31653425097466 1.137857265770435 46.0804877281189 2295.744769960642 16.95147122442722 25.96649198979139 85.01831886172295 2.47521810233593 0.6201579198241234 119.4760308414698 24.11805236339569 246.929321244359 4.558849982917309 8.66874635964632 1.177818894386292 41.24134086817503 7.82704271376133 136.5169298872352 1742.267308294773 978.9062652476132 16.14585835114121 73.10415876284242 14.64885979145765 228.785981759429 3.154365785419941 3.22775362432003 1244.374211475253 5.909067705273628 489.7494447752833 1200.771398238838 1814.853486686945 443.0113244652748 28.69701586663723 4.456224016845226 6.259919337928295 3.21760056167841 0 3.688345469534397 0.07433971017599106 0 0 0.2060078084468842 1.852776356041431 0 0.7216321602463722 0 7.632763162255287 0 105.0765632167459 0 0 0.1121560335159302 0 38.82199458032846 6.516280122101307 0 0 0.6729449778795242 0 3.55064994096756 33.19955398887396 222.7418297156692 144.2034153789282 4.640244029462337 0 0.7622232735157013 56.72031003981829 0 0 1.777477040886879 1.35068878531456 7.077730178833008 2.830117151141167 2.045107796788216 1.04528034478426 0.2252223491668701 0 0 0
61.495092689991 10.72225069254637 80.5236134827137 1.836444042623043 0 32.39989025890827 50.6047516092658 108.4700527116656 1.838875561952591 56.57673469558358 834.8241219036281 12.57635729387403 13.34262857586145 222.867905151099 1.052701860666275 0.4469888657331467 2291.690270990133 246.929321244359 1864.453856527805 4.84737141430378 61.85435225814581 0.6242905855178833 423.7111485600471 7.090111121535301 117.6088212132454 1195.258003354073 695.142372444272 19.54707757756114 232.5554157607257 108.4392209500074 31.3493637368083 3.556733153760433 20.14033647626638 4503.647169388831 5.020155288279057 641.0084835886955 796.9669143557549 2817.439980626106 555.8231736049056 19.34947564452887 2.140038132667542 2.969061926007271 3.24649940431118 0 3.46406027674675 0.8462437838315964 0 0 0 2.271986231207848 0.1026734858751297 0.2461183294653893 0 0.4901992827653885 0.08718420565128326 4.570785038173199 0.2500706017017365 0 0.1935567408800125 1.032487042248249 5.676099017262459 2.749903425574303 0 0.5162193104624748 0.1063112765550613 0.2221428006887436 2.870433457195759 6.379883460700512 77.50150588899851 73.51053357124329 6.307770319283009 0 0.1336550116539001 4.447880424559116 0 0 0.2864418625831604 2.032413735985756 3.68638464063406 3.731277242302895 1.203522361814976 0.3721487745642662 1.679684713482857 0 0 0
0.5802061930298805 0 0.9677489846944809 1566.784703306854 3.575582548975945 180.6288132704794 108.1381947100163 159.1324971839786 684.4331736266613 1732.85001270473 21.41756764054298 2212.288188666105 4.873723961412907 61.19963912665844 122.233344770968 0 0.1709740906953812 4.558849982917309 4.84737141430378 172.5663225501776 2.06230916082859 1.319408655166626 0.2321474775671959 330.4064112454653 0.09350843727588654 6.071213133633137 3.369292579591274 1442.773605644703 43.23008900135756 0.3355844989418983 0.286731481552124 4.963091373443604 1.247496217489243 55.05699597299099 5.236916214227676 165.9035484343767 5.552426151931286 85.90129857510328 21.09611286967993 529.8989788144827 7.357677221298218 0.4412026703357697 2.409636899828911 0 0.1163289174437523 0 83.91851825267076 0.6709485650062561 27.76557663828135 62.95946951955557 2.83521357178688 82.97516395896673 164.1294581219554 0.6062490940093994 124.9535739421844 0 2.852426841855049 16.20873866975307 0.2741952240467072 0 0 0 55.07200150936842 0 0 0 67.22187048941851 0 0 0.271166555583477 150.0998364910483 0 1.37345752120018 0 0.8424351513385773 0 0.7536833882331848 0 52.14216852933168 0 0.5995246469974518 0.1490067988634109 151.5783735141158 0.1567265689373016 0.4718987345695496 0
27.62611475586891 5.401005282998085 1119.799322471023 4.954422146081924 0 33.15486627072096 2497.627811178565 219.1256226077676 20.25302138179541 319.9686998054385 7.525653377175331 0.5352015271782875 19.09342431277037 121.589988604188 0.9445495307445526 3150.972923018038 620.9686985313892 8.66874635964632 61.85435225814581 2.06230916082859 6694.441768236458 506.4717184454203 8071.529620967805 621.2463766857982 2.781275123357773 90.05389674752951 1782.066549032927 4716.626608401537 118.8570216372609 7938.02811344713 0.4698686078190804 0.112608015537262 30.86958856135607 3052.137907385826 173.3593145087361 6611.321614332497 1426.274151720107 6043.460147023201 3286.198265589774 144.6656443029642 11.4785228446126 8.627491697669029 41.20507831126451 3.286417402327061 1.467357382178307 10.77020732313395 0 0 0.1990085244178772 24.26767525821924 0.6079982072114944 16.8066034540534 1.073478505015373 0.3020363450050354 0.09822949022054672 0.7250540852546692 4.871842667460442 0 661.4890014454722 2.076168701052666 0.08117195963859558 0.3217587694525719 0 853.8276292607188 223.5285294353962 250.0393035709858 419.1739911809564 0 3.080430828034878 28.83509661257267 266.4227762296796 20.78584321588278 135.0978359133005 0 0.199388675391674 4.571999527513981 6.336224876344204 28.47103071212769 378.2735010012984 2.9657032340765 11.26871258020401 5.884455129504204 9.064725771546364 2.307120323181152 6.282224044203758 0
4.536042526364326 1436.403566911817 41.07616445422173 1.799522429704666 0.6696407049894333 1.226030848920345 68.66252036392689 6.659987345337868 2906.26033334434 11.08474509418011 20.24891555309296 4.581623032689095 142.6588881239295 5.639819517731667 49.39231753349304 4537.886563047767 1.283115647733212 1.177818894386292 0.6242905855178833 1.319408655166626 506.4717184454203 764.3916437998414 1306.338608764112 4515.378429077566 219.9989749342203 25.85753908753395 6761.147442661226 499.4262369647622 31.19036462157965 35.09564094245434 31.78116008639336 0.680249035358429 4.514931969344616 12.99414753913879 0.8809280470013618 37.64161122590303 19.99417381733656 22.10127541422844 5.895145133137703 90.17710772901773 0.497691735625267 6.30967066437006 0.09674687683582306 0.2758006900548935 5.76736157387495 108.0281576290727 0.0979657918214798 0 0.4721142277121544 19.90932205319405 0.5678826197981834 9.747964695096016 1.697366386651993 0.8279283121228218 0 9.452266544103622 2.369079150259495 0 1770.180708676577 1.044293455779552 0.2263924553990364 0.3763723820447922 0 472.419538512826 98.77713287621737 1118.049709588289 507.2781200483441 3.925232224166393 10.33110815286636 897.1998306140304 199.3238270506263 5.854648552834988 27.86317424476147 0.8408105596899986 0.09977244585752487 1.341182023286819 1.824509717524052 0.1585551202297211 21.20049186050892 7.848387405276299 4.479626722633839 1.846720732748508 3.575341746211052 0.1722673028707504 1.393930777907372 0
73.25860550254583 20.49035692960024 3917.43810043484 1.198021784424782 0 13.32824379950762 611.1950343921781 242.0661717057228 4.727743983268738 96.50471359491348 19.03024369478226 0.4971480220556259 9.99636934697628 343.3008558191359 0.1841197460889816 5184.24992582947 4668.909889392555 41.24134086817503 423.7111485600471 0.2321474775671959 8071.529620967805 1306.338608764112 5812.7411557585 161.365683272481 0.8859503716230392 1605.664725162089 9603.916781939566 1187.044792145491 137.5360894277692 3538.953927896917 0.9104319959878922 0.08873221278190613 22.78875637799501 3101.840377800167 237.7721332982183 10752.52023096383 7909.036910437047 7722.580434933305 5289.302582725883 439.1385471150279 24.08944831043482 26.41644845157862 76.65625087916851 0.4086566567420959 57.62890446931124 348.4341898337007 0 0 0.8858432918787003 36.14987418800592 1.080373346805573 4.211541689932346 2.361361339688301 0 0 0.1029992550611496 2.107661120593548 0 2289.465458184481 1.879479043185711 0 0.1695019155740738 0.1211955845355988 560.8589630424976 749.3468038216233 2380.828070826828 153.0563671812415 0.113367386162281 5.96657270938158 1659.86875295639 131.542044326663 2.629647716879845 35.11465980112553 0 0 0.2695803642272949 0.9620058014988899 40.62451778352261 975.592658944428 187.8536359742284 4.89892652630806 10.9526976570487 2.54322911798954 0.2678418159484863 0.9857025146484375 0.110989049077034
84.48818600922823 821.7110022902489 20.41154059022665 740.5004880279303 15.69293554872274 48.7779047191143 1334.120718441904 232.35693821311 10180.56383613497 1605.446862604469 42.35658187419176 582.0156017690897 52.91255016624928 195.4641388654709 718.3915177509189 1209.009419046342 4.704463601112366 7.82704271376133 7.090111121535301 330.4064112454653 621.2463766857982 4515.378429077566 161.365683272481 10057.31472756714 71.6748953089118 28.51184792816639 2408.899672172964 6186.914675839245 512.6232270672917 172.6567100211978 10.97078158706427 9.093414172530174 70.73501110076904 278.3018559217453 38.5572243258357 1367.738414563239 109.2015210986137 493.8302617222071 211.0120374709368 721.0446553528309 25.71143189817667 4.87254424393177 15.96681255847216 14.38491445034742 6.673162132501602 20.59662897139788 197.2865100726485 0 43.74909029901028 792.3336751535535 58.55780091136694 626.5633207559586 413.5308377444744 8.140931248664856 111.8247579708695 3.862301304936409 72.02623900771141 15.82762181758881 213.2539151981473 1.429071106016636 1.425249934196472 1.76511812210083 85.29561679810286 300.4312656149268 131.9006003811955 56.90780801326036 2396.55846196413 1.602398626506329 11.49725820869207 110.75853202492 3034.117188170552 73.72848635166883 162.3908935710788 0.2895312756299973 8.158368453383446 5.159802429378033 47.43318146467209 9.517619341611862 347.6835586279631 10.46560925990343 114.3566236719489 28.71237746626139 241.2749034762383 13.15228283405304 14.3534936234355 1.783486507833004
0.1090027689933777 1200.40169287473 2.586776167154312 1.01183807849884 0 5.145665034651756 3.001824460923672 3.998634435236454 89.68109999597073 1.560336709022522 542.6130188256502 2.570989519357681 3316.361954040825 2.375495418906212 7.971975609660149 4.471387207508087 3.705685779452324 136.5169298872352 117.6088212132454 0.09350843727588654 2.781275123357773 219.9989749342203 0.8859503716230392 71.6748953089118 175.4758240878582 1536.077347710729 2754.380017645657 17.30334515124559 3.198523513972759 8.13033102452755 507.5715872943401 2.029796272516251 0 180.0095133855939 2.249783754348755 247.4595749676228 701.2389569431543 522.4037877693772 47.62113760411739 62.40138886123896 46.23621591925621 474.049550935626 17.99198006093502 0 20.5083657130599 0.1060476899147034 0 0.2460927516222 0.08766638487577438 6.091645911335945 0.2840075641870499 0.280668169260025 0 331.5666508600116 0 1625.24101228267 1.358809635043144 1.503954172134399 0.1845079064369202 0.2326484993100166 87.98935550451279 9.371344998478889 0 0.2043322026729584 2.460768014192581 0.2570172622799873 3.624700181186199 180.9795551672578 322.2289484366775 458.3142592161894 3.942312717437744 0.284222885966301 0.2928867042064667 166.993058912456 0.662852481007576 0 14.81930434703827 0 151.5301449969411 64.57275373488665 86.68745487928391 14.68546807020903 13.056889295578 12.09030231833458 88.55134265124798 0
98.71002184599638 449.7976904958487 4499.060974746943 2.738132283091545 0.3599450290203094 51.45085364580154 436.1161773428321 539.7120536230505 14.53889147937298 173.4687973670661 1720.973958484828 21.82760442048311 285.1933566331863 621.7950935587287 2.218352504074574 2.546845458447933 1034.247822090983 1742.267308294773 1195.258003354073 6.071213133633137 90.05389674752951 25.85753908753395 1605.664725162089 28.51184792816639 1536.077347710729 17021.82000560313 12555.94705444574 80.81122164428234 239.7241460941732 127.3954137265682 689.2255220040679 5.121130041778088 14.34818302094936 1589.006299264729 36.05975212901831 3055.18824262172 9584.174625739455 5010.356377705932 1399.037492573261 57.28828196227551 6.963008187711239 42.03678581863642 14.44909640401602 0.09877049177885056 285.8267186284065 55.02886839210987 0.1443639397621155 0 0.7662962302565575 3.453305840492249 0.6972326934337616 3.245898723602295 0.1887052804231644 67.55153354257345 0.08427610993385315 864.1599118635058 0.4219705983996391 0.09898889809846878 4.523839071393013 23.75862549990416 482.3296297863126 119.9511230438948 0 4.462376669049263 7.757358707487583 3.647933930158615 9.857107415795326 491.5182719826698 3993.820679418743 4361.754565097392 8.028781577944756 0.4172820970416069 1.87285890430212 394.7794033735991 0.237335741519928 0 16.13244374096394 15.92066684365273 26.77138163149357 227.6073495596647 31.83716186881065 12.18758291751146 1.077699728310108 0.1068542078137398 6.271241158246994 0
33.5235452875495 6403.864705339074 7780.390120603144 6.610908031463623 0.7078652679920197 12.70716023445129 423.0493946745992 123.4584852904081 668.3761682361364 93.1518342718482 183.7646931186318 3.231691308319569 2633.897190608084 170.5999336540699 12.97355673462152 2694.390235126019 1699.824633307755 978.9062652476132 695.142372444272 3.369292579591274 1782.066549032927 6761.147442661226 9603.916781939566 2408.899672172964 2754.380017645657 12555.94705444574 25193.26068645716 2620.181196853518 74.01230766624212 75.14684457331896 2450.155213087797 0.2146366462111473 5.181738130748272 1828.594637967646 146.3252098336816 7796.607785642147 6354.397773146629 7289.595615372062 1972.263282440603 261.9846003353596 15.96014863997698 35.27658083289862 36.2091206163168 1.090222284197807 2740.316673204303 1813.345548123121 0.1131006628274918 0 2.393368028104305 99.7436650916934 8.44371684640646 9.775334678590298 7.458119705319405 33.42947444319725 0.3058824390172958 430.7849410101771 10.85809242725372 0 804.172485254705 80.1495730355382 263.3882989212871 100.8507403507829 0 94.53580936789513 798.4947876259685 1127.655425012112 144.805409103632 693.3123160749674 5690.905800834298 14239.24564677477 175.7490328624845 4.40664005279541 14.63915260881186 243.5838278010488 0.8048418685793877 0.6834315434098244 18.03949496895075 45.99778851866722 190.0820662677288 1266.325818829238 56.94865620136261 28.49808154255152 5.133268684148788 0.6408844068646431 2.876665316522121 0.6907782852649689
150.6311454996467 59.42921764403582 372.1874225512147 2211.398332178593 3.581885732710361 144.7881912887096 12766.3471743837 356.2038335576653 2119.970045089722 3388.23020350188 71.83351765573025 2587.660661548376 54.91716259717941 323.3259621411562 105.3444511666894 843.9721190929413 21.18180556595325 16.14585835114121 19.54707757756114 1442.773605644703 4716.626608401537 499.4262369647622 1187.044792145491 6186.914675839245 17.30334515124559 80.81122164428234 2620.181196853518 19684.7776016891 1061.023815050721 3764.283577032387 2.750687554478645 15.88980793952942 288.686874397099 929.9711140021682 149.4240332618356 3993.862879812717 305.7679811418056 1754.886416569352 709.3586970716715 533.4687976241112 48.18027282506227 6.340627558529377 38.21081087738276 15.77416089177132 7.594818279147148 38.3170667514205 159.1436583399773 1.540859952569008 59.05920823663473 990.2398729324341 62.26473730802536 396.4629738256335 313.4814442023635 10.25582958012819 122.2782196551561 5.565240658819675 78.71228529512882 26.30625468492508 185.7555074542761 1.254703171551228 2.092569589614868 0.8122107461094856 74.30163838714361 310.7752659767866 78.1355073004961 72.51632487028837 2134.056877888739 0.3380435481667519 6.488500133156776 182.6128769144416 3093.410769023001 88.78020079433918 214.6032548397779 0 11.98368901759386 5.792607709765434 50.68348924815655 19.4693692997098 382.913683257997 17.56405493617058 110.1886131465435 20.64810920506716 306.4373621046543 13.54003908485174 24.86411038041115 2.468850046396255
