457.9506882727146 0.7276380062103271 48.58171793073416 2.383935004472733 0 5.943709276616573 728.2996353507042 717.5909245759249 3.555493235588074 34.25807899981737 45.05319327116013 2.616845868527889 3.10922709107399 4399.079989343882 0.1178450733423233 1.127988331019878 167.4438015073538 14.07784210145473 87.10851078480482 0.574305348098278 27.6683461740613 7.44395811855793 34.83402642607689 70.53871660679579 0.303509883582592 45.85072291642427 11.69628346711397 109.8818790540099 2909.506367906928 1022.681031405926 1.108441755175591 4.694631740450859 289.2487383559346 337.9571464732289 0.9017839878797531 63.69473835080862 18.988818988204 125.0283702537417 17.71947600692511 3.430940628051758 2.202607676386833 0.1447378247976303 0.1463805735111237 0 0 0.1032324507832527 0.09426037222146988 0 0.1345802247524261 6.004860013723373 0.6299721002578735 4.904778495430946 0.4403494894504547 0.1460127085447311 0 0.1541977673768997 1.188750065863132 0 0.2802353128790855 0 0 0 0 0.5000710114836693 0.2747102081775665 0.1199281141161919 19.15142606943846 0.08699129521846771 0.1271926611661911 0.5882593244314194 23.95916461199522 1.154439233243465 0.6784361600875854 0 0 0.08804354816675186 0.100245326757431 0 12.80053804069757 0 3.584088742733002 0.2047765851020813 4.675782918930054 0 0 0
0.7276380062103271 200.982476875186 7.059545688331127 0 0.5109862834215164 0.6847805604338646 9.196249388158321 1.166318327188492 918.0958298817277 1.779043607413769 82.72029120475054 0.3383347168564796 953.0302524268627 1.875302374362946 8.591315716505051 56.08798941969872 2.371490247547626 1.159374311566353 4.026596702635288 0.2777271568775177 4.794918023049831 2398.861774384975 3.20884608477354 1043.417765907943 1305.321498788893 48.94811768084764 3929.33880802989 46.01020740717649 3.22980771958828 17.46971008181572 9.63193279504776 0.2969957888126373 0.4525699019432068 34.7882155328989 0 7.358343712985516 67.70694925636053 38.91239749640226 3.772131852805614 15.06581825017929 0.7752405777573586 87.28512997925282 0.1175792291760445 0 146.2005021125078 95.80450158566236 0.08301346004009247 0 0 2.470347225666046 0.2725312411785126 1.975990042090416 0.2433326989412308 13.85095509886742 0.09789590537548065 46.14188132435083 0.1648368537425995 0.08143696933984756 7.31195592880249 14.39620994031429 1.126775935292244 9.851238697767258 0 1.553978204727173 27.06057076901197 7.349680535495281 13.439129114151 27.29968650639057 233.8346824944019 2116.826833508909 5.063060931861401 0.2826405465602875 0 2.932408683001995 0 0.1225755289196968 1.087934613227844 0.4439840912818909 15.51302473247051 24.53016469627619 14.2200985699892 6.211477674543858 0.3969725072383881 0 5.572243973612785 0
48.58171793073416 7.059545688331127 3070.189179703593 0.3710507750511169 0 33.06492417305708 1427.084051251411 830.6869871020317 0.9450392872095108 286.6388899981976 7.174115635454655 0.9077066853642464 2.46449975669384 1014.439720012248 0.3632251471281052 6.148881979286671 674.5399413183331 13.60831318050623 157.9877655059099 0.2056689634919167 957.9240711256862 41.75542068481445 3948.268187850714 18.42843787372112 0.1029773578047752 6423.607797287405 7133.818052463233 661.2645273134112 100.6019038632512 2122.687058262527 1.789935931563377 1.290873259305954 10.55899710953236 228.7493481710553 28.12906320393085 1233.704956993461 5893.481929339468 975.6186655312777 280.6048617139459 33.34115178883076 4.805179119110107 2.62160949409008 4.78194173425436 0.9796115830540657 129.2049887105823 946.1935657784343 0.09845077991485596 0 0.3102083057165146 20.31705715507269 0.2502897158265114 4.225265137851238 1.318343080580235 0.9144528433680534 0.4117850065231323 2.600112870335579 1.02925531566143 0 75.98715083301067 38.85157495737076 0.5964600294828415 2.999399684369564 0 24.35070274025202 125.9461207911372 325.545680783689 71.040462449193 0 152.3265055418015 2145.439829498529 45.6174445822835 0.6860347241163254 9.023098587989807 0.1110418736934662 0 0.09557203203439713 4.211117662489414 6.09385384619236 71.12145378440619 250.1775915399194 28.38572441786528 18.21268356591463 0.5182147473096848 0 0.1195524260401726 0.3231002390384674
2.383935004472733 0 0.3710507750511169 1891.730825170875 8.941209085285664 31.77253269404173 137.5043207034469 26.89898141473532 382.4113497585058 3238.01622107625 6.869911707937717 5064.448688186705 0.8554112762212753 13.68556314706802 117.0207530558109 0.4916585981845856 0 1.328045874834061 1.296408966183662 2296.955168940127 1.190925166010857 0.9613785892724991 0.5170459672808647 675.1775588169694 0 1.724894888699055 6.743208885192871 1929.12339271605 20.28651534765959 0.4641160815954208 0.07554487138986588 5.157497316598892 1.452164180576801 8.052381694316864 1.69517183303833 88.34398932754993 2.093281850218773 17.1954552680254 9.454095251858234 263.669755987823 4.215432465076447 0.2285224571824074 0.6050090864300728 0 0 0.09633592516183853 88.35956111550331 0 6.872790843248367 12.5505653321743 0.2706204354763031 56.20847748965025 109.1078741699457 0 86.62258641421795 0 1.707549147307873 2.112743869423866 0 0 0.2186277732253075 0 40.86980707943439 0.1468197405338287 0 0.3856884837150574 62.03591873496771 0 0 0.7013797760009766 67.28747650235891 1.406909480690956 0 0 0.07754051685333252 0 1.012667417526245 0 21.05403115600348 0 0.5045816898345947 0 76.94556497037411 0 0 0
0 0.5109862834215164 0 8.941209085285664 37.94575214385986 350.4163521155715 1.668805070221424 110.1427303925157 81.59605794399977 18.74799304455519 7.317187733948231 183.5056321099401 0.3810491934418678 3.917827978730202 1279.382704652846 0 0.09682426601648331 0 0.500422477722168 12.13795349001884 0 1.193645097315311 0 46.72452358156443 0 0.2623191997408867 0.7894462719559669 11.61809346824884 1.987695820629597 0.2289241254329681 0 140.3701639845967 0 14.88857498764992 0 45.01120261102915 0.5979747474193573 39.06604257971048 31.58007897436619 1678.683465510607 46.27792222797871 2.613836616277695 1.889175310730934 0 0 0 0.4657004177570343 0 0.1445115059614182 0 0 0.201889306306839 0 0 0.7786686941981316 0 0 0 0 0 0 0 0.2869435399770737 0 0 0 1.722286768257618 0 0 0 0 0 0 0 0 0 0 0 1.059942871332169 0 0 0 1.04354952275753 0 0.6457774639129639 0
5.943709276616573 0.6847805604338646 33.06492417305708 31.77253269404173 350.4163521155715 9168.571037694812 1253.260362662375 6719.873907633126 42.71501715481281 3983.180703055114 255.0223862156272 1921.071407131851 30.58913108706474 678.3779083937407 2463.891093231738 0 13.58430930972099 56.97730530798435 63.13616439327598 58.17261824756861 22.01204459369183 0.8029644936323166 11.99414446204901 13.40437517315149 1.165595799684525 80.46134382486343 19.30336245894432 55.38760104775429 679.2298356406391 23.61812664568424 6.098682552576065 586.4233128651977 4.642141237854958 339.6542197242379 20.06322358548641 1151.588896647096 39.32498639822006 613.9964064657688 301.0927930623293 3669.379735417664 267.7811096832156 18.99032887071371 15.04136195778847 0 0 0.4523091986775398 22.44266659766436 0.1167311891913414 8.237836144864559 15.7577997520566 0.429620273411274 8.191784158349037 45.72051119059324 0.4315746873617172 39.74449141323566 0.5656715109944344 0.763980895280838 4.462045975029469 0.8320834189653397 0 0 0 17.67892383784056 0 0 0.1123869270086288 26.00092128664255 0.09951842576265335 0.3413470312952995 2.218847222626209 31.88779249787331 2.314451552927494 0.528477668762207 0.1999055594205856 0 0 0.2414389699697495 1.910175196826458 74.27130978554487 0.5685309022665024 3.155185595154762 0.7690039277076721 99.90259838104248 0 1.14211855083704 0.1515676230192184
728.2996353507042 9.196249388158321 1427.084051251411 137.5043207034469 1.668805070221424 1253.260362662375 14895.46445458382 2768.244262516499 354.5677118897438 9623.601131163538 151.7646940499544 27.34923107177019 17.14161694794893 6916.006682865322 14.26377359777689 15.67796103656292 141.0105128064752 49.36481827124953 116.550637088716 39.17415379732847 1920.317559808493 51.54591783881187 762.2761149406433 1142.820531107485 1.040456205606461 570.9378850832582 963.6570890247822 12485.86665254086 2383.844490736723 3785.374516673386 4.14904810488224 42.10718029737473 403.6701373532414 847.0655128657818 194.2065267041326 4440.391127683222 371.7171995341778 1987.383911006153 1166.287422545254 924.2311358451843 183.4098520949483 6.061455428600311 49.36835274100304 4.39689040184021 3.274203188717365 23.18641398847103 184.6683476045728 0.4514841735363007 24.44916398823261 288.386725589633 21.35581087321043 103.3240638524294 338.9071618318558 4.935196280479431 92.57448484003544 1.83719415217638 54.89432233572006 7.377142533659935 42.76167661696672 1.927169933915138 1.022879496216774 0.2162478044629097 86.62735106796026 22.90534221380949 17.32410622388124 62.52670826017857 698.5583861917257 0.3334245458245277 6.360790498554707 95.65448531508446 803.747255794704 50.06196487694979 15.08768018335104 0.1094178110361099 2.512526802718639 3.728148311376572 22.93905285745859 21.89000752568245 313.3663174435496 9.439539507031441 59.72924701869488 15.34619066119194 289.4397718533874 5.258356884121895 1.720602750778198 4.503497548401356
717.5909245759249 1.166318327188492 830.6869871020317 26.89898141473532 110.1427303925157 6719.873907633126 2768.244262516499 14810.26652002335 53.41183373332024 2301.618936397135 177.1112885400653 547.6735012158751 18.74855472147465 8132.602567583323 241.6224474012852 0.2278979197144508 865.6482960060239 38.36294168233871 452.0226853974164 61.83548968285322 138.8619007989764 3.653409413993359 215.804117500782 56.28203386813402 2.345030352473259 676.378770083189 103.3771585673094 124.6328866928816 1140.193194970489 1084.028081610799 3.01264576613903 641.6380991637707 7.30019336938858 531.7669788077474 15.90872586518526 497.4750380590558 111.5244378969073 540.5945898741484 272.10005287081 1064.180379442871 203.6291950419545 13.71422968804836 8.420347541570663 0 0.8144336491823196 2.82400356978178 3.476962856948376 0 0.1175520196557045 23.76666860282421 1.864320337772369 4.957818292081356 8.194665104150772 0.5678465366363525 1.337036445736885 0.1196657046675682 3.362128935754299 1.148741126060486 0.496896043419838 0.322552427649498 0 0.1850480586290359 1.59907890111208 0.9371479898691177 0.1673630177974701 1.527908749878407 70.5286523848772 0.1058806777000427 1.683215320110321 10.67551229894161 45.19765892624855 4.262506455183029 2.741562090814114 0 0 0.741896741092205 1.976010128855705 0.856915682554245 27.84417990595102 1.004155576229095 4.375722482800484 1.197000116109848 8.659910805523396 0.1303729712963104 0.4628527089953423 0
3.555493235588074 918.0958298817277 0.9450392872095108 382.4113497585058 81.59605794399977 42.71501715481281 354.5677118897438 53.41183373332024 1232.92989294976 1242.674576364458 14.52394817024469 188.1243565231562 65.44576943665743 25.25773304700851 424.6353064253926 101.318666011095 1.405515514314175 0.9106311276555061 3.860553167760372 405.3360565379262 50.21733891963959 3394.59081928432 23.51724863797426 10531.34846905619 139.6215494051576 10.43571750074625 581.0615552738309 2246.466561555862 49.83035720139742 58.76792684942484 3.670968137681484 2.64977116137743 7.566570609807968 25.27427612990141 3.777349680662155 125.3604852482677 11.33077814429998 31.89776226133108 19.02798391133547 370.3918560370803 13.63203816115856 5.726098157465458 0.7945509254932404 9.617281824350357 44.71063499897718 2.010750137269497 178.2211540192366 0.2815430909395218 6.004326812922955 145.5368046239018 7.376237846910954 52.93332163244486 190.3352520987391 3.249627254903316 84.70979130268097 3.749045610427856 34.45520212501287 0.5885971859097481 92.57295548170805 0.4854703545570374 0.1754717081785202 0.1005112826824188 72.47454965859652 112.4304016008973 22.94681625813246 22.03718539327383 1615.714696615934 1.079723671078682 2.704869069159031 15.57430606335402 877.1416693776846 67.38213898986578 62.20112636685371 0.5064669400453568 0.7374171614646912 8.040159128606319 20.61339797079563 3.329514764249325 97.15827143937349 2.873736083507538 52.46814502775669 10.81522826105356 50.52007013559341 3.952910758554935 0.2940775752067566 1.394057579338551
34.25807899981737 1.779043607413769 286.6388899981976 3238.01622107625 18.74799304455519 3983.180703055114 9623.601131163538 2301.618936397135 1242.674576364458 23475.37185887247 261.5450287461281 3792.819278426468 29.04746410995722 878.2242386341095 167.039153881371 2.177284069359303 67.79344753175974 78.82709488272667 131.9004205949605 1911.144753567874 219.1811317801476 10.93281474709511 106.0567875429988 1216.176678113639 0.8024751991033554 251.1418744400144 225.1107007861137 4542.148964956403 905.1328750550747 226.0742610394955 6.723066627979279 89.97817612439394 41.78063400089741 565.7661546692252 95.88976597040892 2710.417228452861 96.29732330143452 1427.805813662708 630.7003992199898 818.9389515221119 217.9859702736139 4.575442314147949 45.1922175064683 0.8861117511987686 0.62753626704216 3.469802543520927 522.6209217458963 1.288725048303604 48.65112649649382 121.6739908084273 13.63532616198063 318.0324825868011 904.3698150143027 1.851387515664101 407.2450832203031 0.6744139716029167 17.40656837075949 17.20919300615788 5.898962035775185 0.1001109331846237 0 0 300.2325320616364 2.212102919816971 2.974948316812515 12.46190043538809 492.7550814673305 0.1317678242921829 2.007465332746506 16.38766507804394 635.4063380509615 12.83731389045715 1.414689168334007 0.1883985549211502 0 0.9164761006832123 6.784945279359818 9.487333528697491 259.5587551295757 1.27841030061245 16.15663173049688 2.238596111536026 511.6549194529653 1.083070568740368 0.5298208892345428 0.3041471838951111
45.05319327116013 82.72029120475054 7.174115635454655 6.869911707937717 7.317187733948231 255.0223862156272 151.7646940499544 177.1112885400653 14.52394817024469 261.5450287461281 9090.89257260412 104.8353450596333 2320.970627240837 247.0946054235101 24.66468872129917 0.3746111914515495 138.9478957802057 1664.315893247724 1175.149724312127 17.0753183439374 4.735849156975746 23.61383791267872 14.67697021365166 20.25356736779213 401.1701221242547 1715.854416005313 547.5719687566161 43.50692180544138 575.4215917140245 36.5060171931982 495.7082650437951 180.9318906515837 5.706317484378815 7503.627433732152 22.24425280839205 567.654673602432 4760.61834577471 3035.028577461839 588.3442335724831 152.3631137087941 106.0855983197689 886.4973523169756 11.70408608019352 0.08238019794225693 20.69210996478796 0.1264396011829376 1.177068591117859 0 0.1284698694944382 10.01426043361425 0.9604993462562561 2.392795532941818 1.987861827015877 163.9170678406954 0.5531547218561172 642.4343241527677 1.849500350654125 0.09212221950292587 0.3483403772115707 0.3234510123729706 0.9504240155220032 0.8463771268725395 0 0.2205465883016586 3.872195661067963 0 19.89032074809074 155.7297114655375 95.92592626810074 95.57981695979834 20.95664431899786 2.118365943431854 0.2402545288205147 38.40606585144997 0 0.1212033852934837 3.874160408973694 1.648906633257866 37.97022171318531 169.5738199874759 15.68943648040295 7.217216417193413 1.547288164496422 1.327408611774445 156.9896687716246 0
2.616845868527889 0.3383347168564796 0.9077066853642464 5064.448688186705 183.5056321099401 1921.071407131851 27.34923107177019 547.6735012158751 188.1243565231562 3792.819278426468 104.8353450596333 5934.876835532486 13.84338525682688 221.2492526397109 1359.987948209047 0 1.264000482857227 27.39688257128 24.33686896413565 3102.791048958898 0.2455782517790794 0.3445395529270172 0.3103892058134079 597.6409887000918 0.803217239677906 19.9475656375289 4.403312534093857 2778.121364794672 242.9311188645661 2.760789819061756 2.168133459985256 101.5045892894268 0.3838426321744919 90.55193163454533 6.44146928191185 471.1323886439204 11.41113704442978 172.1816213354468 52.02707043290138 1391.60657684505 47.60403408110142 2.281870424747467 1.356738373637199 0 0 0 172.8235492035747 1.013522177934647 24.93716382980347 8.637869447469711 1.441898681223392 36.6402824819088 218.4034190177917 0.1003319323062897 181.3979132398963 0.1300261318683624 2.420691922307014 8.405658237636089 0.4119504690170288 0 0 0 105.0126187726855 0 0 0 51.798135638237 0 0 0.09416200965642929 72.65546334534883 1.302228003740311 0 0 0 0 0.6860430091619492 0.4509349763393402 90.457060970366 0 2.126717075705528 0.1135362461209297 245.2008988931775 0.3516160249710083 1.155309602618217 0.5290191769599915
3.10922709107399 953.0302524268627 2.46449975669384 0.8554112762212753 0.3810491934418678 30.58913108706474 17.14161694794893 18.74855472147465 65.44576943665743 29.04746410995722 2320.970627240837 13.84338525682688 2461.654304198921 19.70803224667907 3.654337972402573 1.238195016980171 1.901263989508152 69.89335664361715 19.77471914887428 2.554786913096905 5.91058961302042 211.5022058412433 3.126237466931343 67.25013703852892 3884.185536362231 434.760428622365 2025.198816336691 9.573628552258015 37.79121801257133 7.96064143627882 457.0438794717193 22.54496250674129 0.2984771206974983 1216.162881240249 32.67779901623726 436.5308801680803 2827.164243072271 1857.387995667756 380.8861390277743 17.15907711535692 52.20604567974806 1594.639866031706 1.60201320797205 0 67.82684195041656 0.2123830765485764 0 0 0 1.572560057044029 0.1325127184391022 1.104909002780914 0.09068309515714645 541.9535699412227 0 2494.746389985085 0.4759655222296715 0 0 0 12.38163174688816 5.415633782744408 0 0 6.921009160578251 0 3.368577972054482 807.6292665377259 414.1349916756153 493.387438878417 2.300952091813087 0.5576333403587341 0 198.8080071136355 0 0 6.006902948021889 4.696813672780991 35.11316973716021 516.3529880493879 38.73526774346828 22.35009227693081 0.715533435344696 12.51656246185303 736.6449807137251 0
4399.079989343882 1.875302374362946 1014.439720012248 13.68556314706802 3.917827978730202 678.3779083937407 6916.006682865322 8132.602567583323 25.25773304700851 878.2242386341095 247.0946054235101 221.2492526397109 19.70803224667907 13799.84428366274 64.23755022138357 0.7073149010539055 1039.511026196182 63.05275049805641 505.9811060577631 32.06825564056635 123.8325701802969 7.701885163784027 292.4207893833518 82.2132942378521 1.919139631092548 579.9047499969602 82.53412341326475 147.9389329478145 5273.759678333998 3838.403790764511 3.959740869700909 50.49712464958429 22.97396218031645 748.4591782838106 2.099504910409451 292.8500877320766 101.0428406223655 429.4766716808081 116.5982563495636 283.7390161529183 23.97371651977301 5.148126602172852 3.609209910035133 0.2347518056631088 0.4454998299479485 2.04513880610466 1.386655956506729 0 0.09890779852867126 15.8161172196269 0.2599233686923981 6.029869325459003 5.348551422357559 0.1567596197128296 0.5645285993814468 1.122675657272339 2.780662328004837 0.1056436225771904 0.2200295627117157 0.1319912225008011 0 0 0.226810559630394 2.189070716500282 0.2112879678606987 0.5559157058596611 50.23326471447945 0 1.189395248889923 8.546151459217072 43.08449719101191 3.225864738225937 3.244930848479271 0 0 0.4751331508159637 1.482198052108288 0 16.05122809112072 0.7836183682084084 3.635855734348297 1.231668651103973 3.740032210946083 0 1.44150410592556 0
0.1178450733423233 8.591315716505051 0.3632251471281052 117.0207530558109 1279.382704652846 2463.891093231738 14.26377359777689 241.6224474012852 424.6353064253926 167.039153881371 24.66468872129917 1359.987948209047 3.654337972402573 64.23755022138357 264.9009414687753 0 0.31878612190485 2.823206938803196 1.622560575604439 223.2279644906521 0 29.12431462109089 0.1113147065043449 759.0948888361454 2.683301620185375 2.790678538382053 7.628025069832802 145.9628140106797 70.80327532440424 0.4477604180574417 0.4167144224047661 269.6301105171442 0 20.73146673291922 0.1436207145452499 166.335623241961 4.472273468971252 45.11347141116858 28.23005569726229 1232.720229521394 276.1306807994843 0.4941809624433517 0.2872930914163589 0 0 0 2.76426674425602 0 1.001281969249249 0.1134806424379349 0 0.8134389594197273 7.366791628301144 0 6.78398510068655 1.858875632286072 0 0 0 0 0 0 3.527704440057278 0 0 0 5.433638237416744 0 0 0.1120991781353951 4.738320872187614 0 0 0 0 0 0 0 11.59191253036261 0 0.4912192970514297 0 18.36361254006624 0 0 0
1.127988331019878 56.08798941969872 6.148881979286671 0.4916585981845856 0 0 15.67796103656292 0.2278979197144508 101.318666011095 2.177284069359303 0.3746111914515495 0 1.238195016980171 0.7073149010539055 0 2359.000993654132 3.157533891499043 0.3114886283874512 1.044669196009636 0.1394807398319244 3104.640014395118 2933.301639191806 4582.228833965957 1814.061364673078 4.779754891991615 2.159884490072727 4321.267495155334 1149.239357739687 10.89466813206673 6.526018045842648 0 0.2018633335828781 2.151499062776566 11.76225450634956 18.78058542311192 901.9176520928741 297.5985430330038 108.4502699524164 142.2643203735352 19.36235775053501 1.275974795222282 1.375884257256985 2.306823387742043 1.415160328149796 9.512813970446587 41.91240971535444 0.6315391808748245 0 0.3710154220461845 21.748689904809 1.813935168087482 68.69487679749727 0.7205649092793465 0.1034670099616051 0 5.655600383877754 4.45381960272789 0.3136107176542282 2439.628106467426 1.311829850077629 0.116193100810051 0.5765863656997681 0 853.5911428704858 1112.886306554079 1977.567795090377 581.2712603807449 0.8630118668079376 4.612252160906792 514.6522277146578 299.9103529006243 13.56005971133709 63.28228081017733 0 0 4.113897904753685 4.347837917506695 3.169040083885193 357.6608140617609 5.006956934928894 12.97387579828501 7.995018310844898 2.109639286994934 0 0.7256287932395935 0.1832551509141922
167.4438015073538 2.371490247547626 674.5399413183331 0 0.09682426601648331 13.58430930972099 141.0105128064752 865.6482960060239 1.405515514314175 67.79344753175974 138.9478957802057 1.264000482857227 1.901263989508152 1039.511026196182 0.31878612190485 3.157533891499043 927.6005728244781 106.0197534188628 1880.657686069608 0.4861462414264679 463.1887656599283 2.172020323574543 2498.768167592585 15.47295363992453 0.3686988651752472 692.6496732458472 2836.409556716681 47.68019950389862 649.4921464696527 1310.409964330494 1.156800404191017 4.890721544623375 80.61615928262472 3002.946030564606 11.58662757277489 708.6957903727889 1901.188998520374 2823.653197176754 619.1717850714922 14.08599659055471 5.060360781848431 2.10452526807785 1.978737734258175 0 28.84811731427908 63.53414919227362 0.1417406052350998 0 0 1.465787544846535 0 0.5876183658838272 0 0 0 1.34743919223547 0.08859355747699738 0 0.8014685288071632 14.84415218234062 0 5.710046038031578 0 0.314778596162796 2.120227262377739 2.442192524671555 4.162795014679432 0 153.1459019854665 338.2389542907476 4.957649290561676 0.4276072829961777 0.7113754600286484 0 0 0 0.7593487501144409 3.694234415888786 16.56139736622572 59.21497347950935 3.02497474104166 1.149122253060341 0.6082439124584198 0 0 0
14.07784210145473 1.159374311566353 13.60831318050623 1.328045874834061 0 56.97730530798435 49.36481827124953 38.36294168233871 0.9106311276555061 78.82709488272667 1664.315893247724 27.39688257128 69.89335664361715 63.05275049805641 2.823206938803196 0.3114886283874512 106.0197534188628 169.0054603740573 414.465015489608 5.241305835545063 2.903599560260773 0.1764380931854248 18.09369772672653 4.045942455530167 38.32880724221468 1256.461203824729 611.4169055223465 10.24069984257221 97.14639634639025 14.71242033690214 226.5984246730804 10.949253924191 1.927608035504818 1196.151418350637 6.290100991725922 407.9750619754195 697.1678031161427 1810.843419402838 506.8227157443762 22.36031021922827 3.906517326831818 9.815328329801559 0.4755689352750778 0.1577952206134796 3.033387020230293 0.4209093898534775 0.1623062938451767 0 0 0.7591287717223167 0 0.6846618428826332 0.3556949123740196 9.349861860275269 0.1412232369184494 92.39728524535894 0.3363911956548691 0 0 0 4.07834418118 0.3151638060808182 0 0 0.7110723778605461 0 6.408880159258842 20.13319284468889 140.1246853545308 99.7089735865593 4.518516257405281 0.1056735664606094 0 26.67631390690804 0 0 0.2121373489499092 2.488720566034317 20.48215650767088 10.76820406317711 0.7538555040955544 0.3464807868003845 0 0 0.5515727996826172 0.3946589529514313
87.10851078480482 4.026596702635288 157.9877655059099 1.296408966183662 0.500422477722168 63.13616439327598 116.550637088716 452.0226853974164 3.860553167760372 131.9004205949605 1175.149724312127 24.33686896413565 19.77471914887428 505.9811060577631 1.622560575604439 1.044669196009636 1880.657686069608 414.465015489608 750.4576583653688 5.470803372561932 38.98568972200155 2.249050498008728 422.2309269234538 9.006083287298679 68.94329723715782 2516.916467517614 1443.35403521359 22.061807282269 374.2237106487155 170.196530431509 56.71324706822634 7.065772496163845 29.48030319809914 4988.086452454329 18.53726101666689 1164.508383244276 1387.867430336773 3854.414090272039 910.60470674932 23.95823955535889 4.710712946951389 6.426412738859653 3.756083220243454 0.2521673664450645 15.41836678981781 5.519696615636349 0.1125028803944588 0 0 1.75807286053896 0 1.251316905021667 0.1275797337293625 4.053691789507866 0.2029282972216606 37.18588571995497 0.4331129565834999 0 0.3845691978931427 2.316045269370079 9.530368082225323 9.31231614202261 0.2277379631996155 0.1197415143251419 1.425920426845551 0.3483776673674583 7.554256774485111 16.54413486272097 254.0730232521892 358.0017469897866 7.954493269324303 0.7566020935773849 0.2698705717921257 10.72669097036123 0 0 0.794847771525383 5.185437835752964 68.14397080242634 10.38938493281603 2.401009008288383 0.4230032190680504 1.511678017675877 0 0.2437964826822281 0.1213084235787392
0.574305348098278 0.2777271568775177 0.2056689634919167 2296.955168940127 12.13795349001884 58.17261824756861 39.17415379732847 61.83548968285322 405.3360565379262 1911.144753567874 17.0753183439374 3102.791048958898 2.554786913096905 32.06825564056635 223.2279644906521 0.1394807398319244 0.4861462414264679 5.241305835545063 5.470803372561932 400.0071889609098 0.7303609848022461 0 1.153557144105434 349.4107038453221 0.3286839500069618 3.821450315415859 3.524185940623283 1984.968946538866 41.19756969064474 0.6026870459318161 0.2413887530565262 9.50505755841732 0.4468070715665817 18.13503144681454 1.854940831661224 173.3768544942141 2.588752128183842 42.25128152966499 14.63902654498816 433.572749517858 9.379822373390198 0.5832137987017632 0.5545298606157303 0 0 0 94.34669655561447 0 11.51024854183197 12.33837834745646 0.8491436690092087 60.2944893091917 144.9419996589422 0.681626558303833 117.3650886043906 0 3.203016616404057 3.55185104906559 0.2582236230373383 0 0 0 65.07346447557211 0 0 0.1391573846340179 67.32402591407299 0 0 0.2872364819049835 81.80880913883448 0.1887034326791763 0.2028607875108719 0 0 0 0.2205283865332603 0 41.82739444822073 0 0.807004876434803 0 147.8641230762005 0 0 0
27.6683461740613 4.794918023049831 957.9240711256862 1.190925166010857 0 22.01204459369183 1920.317559808493 138.8619007989764 50.21733891963959 219.1811317801476 4.735849156975746 0.2455782517790794 5.91058961302042 123.8325701802969 0 3104.640014395118 463.1887656599283 2.903599560260773 38.98568972200155 0.7303609848022461 7352.723110124469 326.0920052081347 9026.171219222248 243.5585324317217 7.780829720199108 57.42870490252972 2528.254161439836 4790.687176987529 120.8547891750932 6680.75216178596 0.2188162207603455 0.6522199809551239 23.88312222063541 1882.697598136961 181.0454064756632 9078.364395387471 1308.547041647136 5856.070855036378 4392.830375373363 249.0079713091254 14.02013563364744 20.76882589608431 37.46427392214537 4.655313685536385 1.438528470695019 28.64043150097132 0.2781167328357697 0.09537394344806671 0.2647580206394196 27.50509564578533 3.70359368622303 65.7052414342761 0.378874845802784 8.438523821532726 0 12.79358150064945 13.80971966683865 0.1886783391237259 578.0926150232553 1.047074191272259 0 0.1267703622579575 0 857.7241053059697 244.6523826941848 232.9509901404381 646.0302717983723 0 4.120614536106586 60.57924716174603 410.9809386059642 31.73786909878254 121.6232071816921 0 0 10.60101497173309 10.20864605903625 25.1839082762599 477.9530432224274 13.78679672628641 16.11061318218708 9.211067087948322 3.084439553320408 0.08001583814620972 11.81603507697582 1.393759548664093
7.44395811855793 2398.861774384975 41.75542068481445 0.9613785892724991 1.193645097315311 0.8029644936323166 51.54591783881187 3.653409413993359 3394.59081928432 10.93281474709511 23.61383791267872 0.3445395529270172 211.5022058412433 7.701885163784027 29.12431462109089 2933.301639191806 2.172020323574543 0.1764380931854248 2.249050498008728 0 326.0920052081347 1085.655277460814 276.8491594269872 4159.629753731191 478.6759663075209 19.88560358434916 4246.485923342407 412.9931282475591 113.7584467828274 81.67037207633257 6.625102989375591 0 30.52244950085878 14.10862459242344 0.1976000368595123 91.5946196615696 31.52887416630983 23.0950923115015 11.25910486280918 60.83074466884136 1.930851824581623 12.69920564442873 0.2702842652797699 0.8882326036691666 19.85380536317825 176.6240235194564 0.2439099848270416 0.1662634164094925 0 16.22423374652863 0.9521300196647644 34.9388141259551 0.6558853685855865 3.564040564000607 0 13.76104553043842 2.427440568804741 0.5580667853355408 1737.076130136847 4.412211880087852 0 0.4522046148777008 0.3590804636478424 228.0842904224992 212.3456707969308 825.3599870353937 405.4724396243691 5.917953103780746 11.58833482861519 1661.799393624067 157.2473822385073 6.289362035691738 17.32249752432108 1.931201800704002 0 2.218591816723347 1.777810320258141 0.8465160802006721 27.30006058514118 9.926469944417477 7.974932819604874 9.310810469090939 2.119114652276039 0.249742217361927 1.067835353314877 0.1256420016288757
34.83402642607689 3.20884608477354 3948.268187850714 0.5170459672808647 0 11.99414446204901 762.2761149406433 215.804117500782 23.51724863797426 106.0567875429988 14.67697021365166 0.3103892058134079 3.126237466931343 292.4207893833518 0.1113147065043449 4582.228833965957 2498.768167592585 18.09369772672653 422.2309269234538 1.153557144105434 9026.171219222248 276.8491594269872 5326.259224794805 387.7395790293813 1.28338897973299 916.0895366221666 9787.921212390065 2491.846803680062 108.7403020188212 4104.602331824601 0.7505005449056625 1.210692793130875 15.4046950340271 1659.44989784807 238.4932401627302 12965.42745661736 11888.107601583 8680.767592385411 5943.378263801336 566.8279176205397 46.82855699956417 19.79960059374571 44.18198920041323 0.6378458738327026 5.376350030303001 339.4884602576494 0 0.1220095455646515 0.106960840523243 19.37894070148468 1.135275579988956 16.91837062686682 0.772436611354351 1.158288717269897 0 1.569906830787659 2.719589129090309 0.8766715824604034 2450.092704333365 3.959841176867485 0 1.148319378495216 0 533.7325407341123 584.6445059925318 2353.242093138397 331.5141741260886 0 7.409944660961628 1430.45556551218 161.0280565619469 4.460868611931801 25.37746005505323 0 0 2.02920900285244 4.125487312674522 33.96842440217733 501.857630610466 34.58981888741255 13.71064982563257 11.94686903804541 5.50875298678875 1.972517840564251 1.433357663452625 2.597783744335175
70.53871660679579 1043.417765907943 18.42843787372112 675.1775588169694 46.72452358156443 13.40437517315149 1142.820531107485 56.28203386813402 10531.34846905619 1216.176678113639 20.25356736779213 597.6409887000918 67.25013703852892 82.2132942378521 759.0948888361454 1814.061364673078 15.47295363992453 4.045942455530167 9.006083287298679 349.4107038453221 243.5585324317217 4159.629753731191 387.7395790293813 8470.590617641807 144.6285260245204 20.26237867772579 3162.513001404703 7196.711944229901 479.0582800209522 345.8371376544237 3.615132831037045 5.565398402512074 90.73659211397171 89.33355770260096 34.28827434778214 1312.371460273862 144.5744264647365 261.7480016052723 188.3060451000929 919.6148911491036 20.42433507740498 9.114817701280117 8.485540136694908 24.50506784021854 9.653015963733196 40.1428904607892 424.6192482337356 0 37.33361619710922 707.7535252943635 61.08604247123003 1067.351441383362 668.4525745362043 17.87006877362728 126.076754398644 6.242584258317947 166.2046806588769 7.418673172593117 202.0182411968708 3.600377447903156 2.478464223444462 1.823716394603252 160.204162709415 382.2813820391893 130.9785247668624 132.6190990060568 3601.768129266798 2.133837908506393 12.96573145315051 161.7863702178001 3129.884294979274 246.9579942524433 199.2511000409722 0.631067119538784 4.068840771913528 28.80014406144619 91.53924410790205 13.14865666627884 630.5691488087177 17.7492772564292 259.946670666337 50.5714036822319 352.8676163479686 18.21145812422037 3.994031742215157 6.294192411005497
0.303509883582592 1305.321498788893 0.1029773578047752 0 0 1.165595799684525 1.040456205606461 2.345030352473259 139.6215494051576 0.8024751991033554 401.1701221242547 0.803217239677906 3884.185536362231 1.919139631092548 2.683301620185375 4.779754891991615 0.3686988651752472 38.32880724221468 68.94329723715782 0.3286839500069618 7.780829720199108 478.6759663075209 1.28338897973299 144.6285260245204 471.9034839868546 561.9766532927752 3538.696416407824 7.794705159962177 2.095409393310547 5.642673313617706 203.4246911033988 0.6647378355264664 0.4013527631759644 346.3644731491804 15.53034469485283 371.6519665941596 298.9160372316837 478.9075807109475 132.4405523836613 31.50357352942228 48.64543116092682 536.6120136082172 18.38531506061554 0 52.85595516860485 0 0.1073815450072289 0 0 0 0 0.7289658188819885 0.1117991954088211 206.2747798040509 0.09339793771505356 1162.800581343472 0.1582558006048203 0.1789625585079193 0 0.4113579317927361 5.78990326821804 6.102898567914963 0 0 4.872925870120525 2.219190359115601 0.9337330982089043 235.2620899826288 305.0935869067907 857.805445805192 1.017214797437191 0.4396993219852448 0 100.4501835480332 0 0 6.466219455003738 2.181027173995972 114.6638986691833 62.72870349138975 27.25446260720491 12.2753716558218 9.701815605163574 0 72.12106172740459 5.723170638084412
45.85072291642427 48.94811768084764 6423.607797287405 1.724894888699055 0.2623191997408867 80.46134382486343 570.9378850832582 676.378770083189 10.43571750074625 251.1418744400144 1715.854416005313 19.9475656375289 434.760428622365 579.9047499969602 2.790678538382053 2.159884490072727 692.6496732458472 1256.461203824729 2516.916467517614 3.821450315415859 57.42870490252972 19.88560358434916 916.0895366221666 20.26237867772579 561.9766532927752 18257.32879400998 11490.28385551274 115.6851953864098 161.9219196774065 158.088242508471 973.6406257078052 13.80893478542566 6.446884989738464 927.9151144772768 44.56018298864365 2942.051562838256 8036.898532919586 3611.412607111037 1303.163028426468 47.33840793371201 12.82529745995998 54.55692442506552 9.330193229019642 0.09881126880645752 220.7688513994217 98.11574859917164 0 0 0.08028190582990646 3.274638839066029 0.2973548099398613 3.65496888011694 0.867046445608139 118.6757678240538 0 1008.183195844293 0.4497032836079597 0 3.333051085472107 81.47388110309839 127.7132993042469 137.9195192828774 0 2.938009172677994 16.55830263346434 4.717774339020252 11.72129932045937 334.2566191479564 3502.141459748149 4574.463900946081 6.311422027647495 1.198538407683372 1.706801056861877 233.6387559920549 0 0.1022663116455078 5.714535407721996 5.966910757124424 130.2837268412113 214.7633696496487 19.70507368445396 12.74013343453407 2.005973644554615 0.255407452583313 3.778010025620461 0
11.69628346711397 3929.33880802989 7133.818052463233 6.743208885192871 0.7894462719559669 19.30336245894432 963.6570890247822 103.3771585673094 581.0615552738309 225.1107007861137 547.5719687566161 4.403312534093857 2025.198816336691 82.53412341326475 7.628025069832802 4321.267495155334 2836.409556716681 611.4169055223465 1443.35403521359 3.524185940623283 2528.254161439836 4246.485923342407 9787.921212390065 3162.513001404703 3538.696416407824 11490.28385551274 28515.14008998871 3652.722061514854 48.88555110991001 83.48853958398104 2031.816156290472 2.064064122736454 4.024127930402756 1549.596033707261 142.8297463208437 7293.163791835308 6577.476183511317 7837.747931145132 2355.039158076048 238.7533239126205 44.27446300536394 41.13861920684576 30.01735254377127 0.7096896395087242 3336.122851923108 2410.111031457782 0.6215098053216934 0.2314977049827576 1.203434333205223 65.17899495363235 2.938064083456993 21.77811472862959 6.126923985779285 107.4057880118489 0.2660371735692024 772.396435290575 4.268854439258575 0.2756906598806381 1328.244246169925 354.3621038421988 103.4481719583273 316.1869532465935 0.5309221148490906 81.97440480440855 1379.288213603199 1680.838881991804 319.1969301253557 460.0306236445904 6376.771064594388 19020.80424515903 179.6446787491441 6.383063822984695 14.03046654164791 206.2029989659786 0.1152015626430511 0.2532331496477127 25.9973491281271 31.93136443942785 376.2567638456821 664.1122150719166 132.4555067270994 87.30390699207783 9.25383222848177 1.382441088557243 11.24248246103525 2.457695677876472
109.8818790540099 46.01020740717649 661.2645273134112 1929.12339271605 11.61809346824884 55.38760104775429 12485.86665254086 124.6328866928816 2246.466561555862 4542.148964956403 43.50692180544138 2778.121364794672 9.573628552258015 147.9389329478145 145.9628140106797 1149.239357739687 47.68019950389862 10.24069984257221 22.061807282269 1984.968946538866 4790.687176987529 412.9931282475591 2491.846803680062 7196.711944229901 7.794705159962177 115.6851953864098 3652.722061514854 17207.40604943782 731.167457215488 5490.649511478841 1.943667709827423 15.98014885932207 363.8454226478934 530.2849634513259 177.881365865469 4608.775611639023 440.0183618068695 1686.582199834287 1126.959474295378 744.4627400040627 54.66696649044752 5.873588562011719 35.73543382436037 20.90342695266008 6.760128386318684 80.97118932753801 339.4665274918079 0.877718523144722 33.12326297163963 892.7380138114095 59.04215229302645 496.799814902246 605.6203929930925 14.83573079109192 151.972703628242 14.44845728576183 165.2096725329757 6.7900116071105 206.1418255642056 3.247229091823101 3.175770692527294 3.838179096579552 154.7768102362752 283.3723562881351 110.0855478048325 153.5310045108199 2787.454986058176 0.3902470916509628 12.36660321801901 312.1166832447052 2785.322606272995 227.3277055472136 215.7124826386571 0.2372428551316261 5.195341154932976 23.86940461397171 80.3135145008564 22.62731332331896 710.2437077537179 18.56872303038836 247.7024507075548 53.76429355889559 492.5172739103436 19.02164497971535 1.675594791769981 2.579575911164284
2909.506367906928 3.22980771958828 100.6019038632512 20.28651534765959 1.987695820629597 679.2298356406391 2383.844490736723 1140.193194970489 49.83035720139742 905.1328750550747 575.4215917140245 242.9311188645661 37.79121801257133 5273.759678333998 70.80327532440424 10.89466813206673 649.4921464696527 97.14639634639025 374.2237106487155 41.19756969064474 120.8547891750932 113.7584467828274 108.7403020188212 479.0582800209522 2.095409393310547 161.9219196774065 48.88555110991001 731.167457215488 14976.13276961446 2134.204008169472 7.322896592319012 23.01101546362042 3059.542753756046 3303.720426909626 6.629796132445335 530.59877564013 173.2034967318177 1227.247790910304 218.4935768246651 411.5419425368309 44.30531225353479 4.901755675673485 4.659893788397312 0.6753968149423599 0 1.888390265405178 2.660708531737328 0 0.4121321737766266 37.05398134887218 1.023244082927704 9.22339653968811 5.960054896771908 0.1517281979322433 2.039993025362492 0.776141345500946 4.889710374176502 0 1.600817307829857 0.1602283120155334 0 0 0.8958681374788284 10.15210209041834 0.3526241630315781 0.4713236391544342 98.01633804291487 0 0.6883063912391663 3.510774448513985 114.767995364964 6.132237829267979 9.110372975468636 0.2388017475605011 0.0917968824505806 1.258257292211056 1.143734753131866 2.082466557621956 35.95951244235039 0.9758234992623329 12.5862819775939 3.656829155981541 11.18197701871395 1.221802763640881 0.1411347687244415 0.1128670200705528
