1487.323536641896 0 68.15534511953592 2.191420659422874 0 3.260794334113598 2505.408828899264 104.20472124964 0.8196958675980568 33.9790161922574 0.2454708740115166 0.6676775589585304 0.09700481593608856 3526.137590520084 0 0.4317434504628181 105.2977220118046 0.2875431403517723 4.242993414402008 3.218448281288147 141.2359403297305 0 529.0516089871526 12.41215746104717 0 14.41959221661091 16.24713362008333 46.62359517067671 2177.521742425859 2686.882925771177 0 1.319798424839973 2.943939119577408 24.37289872020483 0 3.492574542760849 6.105347901582718 11.59570297598839 3.207054831087589 0.1169690787792206 0 0.1669290661811829 0.1339311897754669 0 0 0.1156344264745712 0 0 0 0 0 0.2875272780656815 0 0 0 0 0 0 0.0761537030339241 0.2122929245233536 0 0 0 0.1887332424521446 0.1231818869709969 0.1140246316790581 0.8874422460794449 0 0.2374517470598221 1.188755750656128 0.1513177156448364 0 0.1169646978378296 0 0 0 0 0 0.0988994687795639 0.2223138511180878 0.1307133585214615 0 0 0 0 0
0 109.6499408856034 11.23114501684904 0 0.1268077790737152 0.1183129921555519 0 0.4422359466552734 398.9484462141991 0.1105998009443283 105.3700572997332 1.43371108174324 955.1658803746104 0.3844216167926788 3.03049436211586 36.17848287522793 44.54186342656612 0.8910392597317696 10.15581656247377 0.1599811762571335 4.329718492925167 1715.572260394692 13.33068441599607 727.9182696342468 1194.407616406679 413.4899413362145 9141.838155068457 8.402187786996365 0.9408842101693153 1.223641842603683 13.01201060414314 0 0.1457369774580002 12.94368084520102 0.5295006632804871 29.61251210421324 164.0565547049046 54.32617250829935 7.394244961440563 4.327047057449818 0 126.7932750880718 0 0.3418445587158203 578.8175256326795 45.3176121711731 0 0 0 0.7626271322369576 0.451224610209465 2.054582878947258 0 3.856335498392582 0.2292555719614029 26.58945612609386 0.819718100130558 0 1.241315580904484 77.83570431917906 1.544044576585293 23.85205207765102 0 1.075232699513435 15.363185942173 17.32903063297272 4.935204528272152 105.790809892118 379.2573311850429 2091.256143242121 0.4515880718827248 0.7660682499408722 0.7596656084060669 7.160400874912739 0 0 12.3801181986928 0 47.0783229097724 76.45035912841558 44.11224945634604 6.854687094688416 0.2173393368721008 0 1.454917639493942 0.4772609621286392
68.15534511953592 11.23114501684904 1994.977640256286 4.676749557256699 0.417218953371048 217.8940453007817 1120.472900733352 1040.513539306819 3.484992057085037 10.621741078794 15.32916904240847 0.8810806423425674 6.345979079604149 611.8997294232249 0.587940126657486 4.169454954564571 5177.336714990437 12.69090325385332 105.7575607672334 0.4378585964441299 460.5073872730136 25.73270842432976 13645.7873333618 49.50281681865454 0.5124144703149796 6188.667955316603 9858.968510553241 720.0042838230729 175.8616458848119 137.3654333725572 0 6.475100725889206 16.65635639429092 497.0267416238785 15.90576082468033 1157.61431594193 2833.130529917777 1719.314814612269 560.8789846748114 24.15650197863579 1.422237850725651 8.622862800955772 2.243381641805172 0.4874096214771271 422.7476559430361 523.035025678575 0 0 0.3527524173259735 4.485911495983601 1.433332838118076 0.7451990693807602 0.2271649837493896 1.405867978930473 0 0.7271176725625992 1.429443381726742 0 10.17911244928837 352.7602458745241 0.3987258449196815 77.13718728721142 0 6.471065729856491 40.50107075273991 149.8221611976624 8.200911127030849 6.660375900566578 399.0171495676041 1897.638369783759 11.57652620226145 0.8034900277853012 6.713094115257263 0.1241181939840317 0 0.1182490587234497 28.67055383324623 4.806227073073387 162.7560742795467 300.1745611131191 144.3913191184402 22.81661687791348 2.55765326321125 0 0 0.8902316093444824
2.191420659422874 0 4.676749557256699 3142.827462546527 2.996503964066505 180.3875868842006 109.5755779519677 79.16468862444162 922.6482504606247 4942.769215002656 3.170199543237686 6372.180311620235 1.11340619623661 115.88699991256 35.03990764170885 0 0.6085023805499077 0.5172516703605652 1.24769826233387 4134.350306607783 0.3949605375528336 0.160053089261055 2.65462426841259 1378.286599107087 0 1.954235479235649 3.034622900187969 3623.794160142541 315.5352609232068 3.586462810635567 0 9.066255435347557 37.15406176447868 56.98474711924791 6.427540816366673 554.9789319485426 8.353576257824898 156.5237210541964 53.1713263168931 83.36093837767839 8.366597913205624 2.657396629452705 2.431084118783474 0 0 0.3786969780921936 187.4243483543396 0.7548137083649635 10.84226128458977 113.2388226687908 3.596990860998631 330.2915288805962 83.1159636080265 0.3487586081027985 74.79444704204798 0 4.872733488678932 13.16009799391031 0.1640724092721939 0 0.1790192723274231 0 167.3300036117435 0.1274491846561432 0 0.4127313196659088 432.5338948220015 0.1622095108032227 0.09166523814201355 0.33969946205616 344.1208071783185 7.105824589729309 2.807089775800705 0 0 0 1.180073842406273 1.45076060295105 39.03786394745111 0.7964892685413361 9.379996240139008 1.57948961853981 98.30940748751163 1.878032624721527 0 1.916105106472969
0 0.1268077790737152 0.417218953371048 2.996503964066505 69.6834999024868 368.859141856432 5.241091877222061 179.8380709886551 204.2170409858227 11.01647770404816 80.51056170463562 77.18485001474619 8.066245973110199 25.75054729729891 1987.827794402838 0 0.5865204855799675 3.094169601798058 4.719397142529488 6.089665897190571 0.08684574812650681 0.8379669040441513 1.456392668187618 37.87781047821045 0 6.676374189555645 1.588010251522064 12.37349437922239 341.1501617580652 0.3208415806293488 0 308.2259670495987 0 294.6714065670967 3.781819254159927 71.73485343158245 2.629776820540428 309.569670073688 51.90563371777534 2508.073923133314 51.907082259655 6.834063082933426 3.497333899140358 0 0 0 1.803513050079346 0 0 0.5457361340522766 0 1.938833922147751 1.179142236709595 0 0.5397787690162659 0 0 0.206661194562912 0 0 0 0 1.646450817584991 0 0 0.6743125915527344 1.482016131281853 0 0 0 3.07940074801445 0 0 0.1065167039632797 0 0 0 0 0.8337788730859756 0 0 0 2.179691195487976 0 0 0
3.260794334113598 0.1183129921555519 217.8940453007817 180.3875868842006 368.859141856432 8862.14475607127 2372.981405898929 8601.110369980335 388.2007587775588 8682.750918209553 92.04171530902386 4305.692141652107 19.3686308786273 835.7602812871337 2197.491861611605 0 55.08070942014456 8.955023907124996 15.17725335806608 334.5578061938286 26.86620770394802 0.8476758152246475 173.6285522803664 474.6141641512513 1.157765433192253 34.73885431140661 28.00367905199528 1015.21218444407 567.8090722560883 31.93297958374023 0.3766723275184631 545.1609341129661 8.936437524855137 234.3723350092769 3.198608495295048 526.0137303322554 30.41746558994055 500.8219788298011 148.2726983055472 2625.628613352776 107.6783772110939 24.33993312716484 17.76505159586668 0 0.37751804292202 1.370805904269218 9.035054661333561 0 2.264826148748398 5.814327411353588 0 16.41174060851336 5.852496013045311 0 6.659344106912613 0.1083304733037949 0 1.487065136432648 0.4413146078586578 0.1214152500033379 0 0 10.38910719752312 0 0.1148261055350304 1.365444362163544 27.66199497878551 0 0.2817831486463547 3.495219849050045 26.79560422152281 0 0.5128656476736069 0 0 0 0 0.1644660532474518 8.635978765785694 0.1719092652201653 1.661735557019711 0.383246161043644 20.71826794743538 0 0 0
2505.408828899264 0 1120.472900733352 109.5755779519677 5.241091877222061 2372.981405898929 13530.16481327266 6513.841135513037 186.2809484824538 3243.73078917712 8.191042840480804 76.9832019880414 1.475244902074337 6902.623480893672 22.07507790625095 1.216022990643978 44.43559551984072 1.759517997503281 4.425317078828812 25.29193331301212 538.278775639832 6.28073038905859 1242.515771172941 2115.584412373602 0.1923922598361969 38.80933716148138 214.3109077215195 20965.41563919187 2389.620622418821 5286.406718321145 0 25.25967787951231 417.3126782104373 431.3752089813352 53.01205112040043 2035.960037663579 66.11380695551634 1071.354959607124 294.2667158693075 151.6701247394085 40.28673612326384 3.105924844741821 15.93587252497673 4.026269607245922 0.6722769737243652 5.426084272563457 33.34957697987556 0 2.910367630422115 137.2176029384136 6.645730718970299 161.4555051848292 19.15270312875509 1.090846344828606 12.54687570035458 0 10.80952423065901 2.947872832417488 5.937206983566284 0.4139198437333107 0.3282424136996269 0.1368724405765533 24.11365555971861 1.563002943992615 2.589614078402519 10.47730196267366 425.4217892289162 0.242956131696701 0.7735006883740425 20.02910410612822 522.1915158778429 18.79249197244644 52.67022749781609 0.08908335864543915 1.337337836623192 1.346032969653606 6.137818180024624 8.324908226728439 104.9557819291949 2.249655432999134 24.89722589403391 9.044056735932827 43.95792356878519 3.967191472649574 0.5555611997842789 0.8578450083732605
104.20472124964 0.4422359466552734 1040.513539306819 79.16468862444162 179.8380709886551 8601.110369980335 6513.841135513037 8711.993880160153 21.8651073127985 4811.91871188581 123.0023555979133 486.6107986867428 17.35311864316463 7729.797743618488 325.3172368481755 0.4036636427044868 418.8112440779805 13.63125088065863 33.12797334045172 207.2598760351539 287.5108352676034 0.4236551225185394 1308.583669498563 238.2747964411974 1.381614968180656 145.1331097185612 104.0791734308004 998.5213238820434 303.6130491122603 461.5781711339951 0.1960749477148056 295.845130585134 8.583460547029972 226.6345053762197 5.179281234741211 247.6896217167377 58.67668434232473 476.5931801795959 132.9406095817685 515.9986113831401 176.3984107747674 20.32159865647554 9.60088237375021 0.1156698390841484 1.437143325805664 4.479450188577175 2.00618052482605 0 0.6876799613237381 5.537561058998108 0.4637902677059174 9.88210654258728 0.1202874854207039 0.3406258225440979 1.229727782309055 0 0.6909285634756088 0 1.05285956710577 2.032022476196289 0 0.5160390511155128 3.417794309556484 0.181700199842453 2.513102866709232 3.608015097677708 22.59028124064207 0.1857239007949829 1.995787553489208 15.4179150313139 27.14271538704634 0.7592619732022285 2.03166726231575 0 0 0.3237920105457306 0 0.5386368036270142 2.617094181478024 2.058972530066967 2.472527712583542 0.658590592443943 3.424716904759407 0 0 0.3425939977169037
0.8196958675980568 398.9484462141991 3.484992057085037 922.6482504606247 204.2170409858227 388.2007587775588 186.2809484824538 21.8651073127985 691.569113470614 199.538526751101 2.293776199221611 744.721649594605 5.63603475689888 22.34918061643839 839.4303528517485 200.1825721487403 5.324784241616726 0.5087434053421021 0.4257075637578964 664.6946822479367 122.5406955480576 1286.988762021065 44.862040579319 11777.39492888004 10.87708888202906 12.54911146312952 1062.801385439932 1914.093758583069 48.85266602039337 156.708854354918 0.113752692937851 6.259178891777992 6.685541525483131 23.1245055347681 1.787652224302292 274.0663623139262 21.82373929768801 50.37528162449598 12.32260130345821 559.3021496906877 3.035886071622372 1.682844571769238 0.6375364363193512 10.57456658035517 4.434964917600155 1.470196433365345 95.61516764014959 1.722849905490875 4.501130916178226 62.98449050635099 3.703149996697903 95.65261545777321 43.3183721229434 0.8400042057037354 59.93335865437984 0.3785510435700417 7.204455062747002 17.82881264388561 299.078933313489 1.171219132840633 0.1249218732118607 0.9672945588827133 83.44084262102842 172.1216718479991 22.50604665279388 87.54600777477026 1131.71385845542 0.3959196954965591 4.01435137540102 9.099182039499283 553.3096891567111 29.19943793118 133.1143158450723 0.3156814202666283 0.6858562827110291 2.979030042886734 7.170393452048302 2.389428526163101 78.21918612718582 5.894373849034309 20.54072960466146 9.872834466397762 75.35824312269688 3.774110645055771 0.8844536542892456 0.5237168669700623
33.9790161922574 0.1105998009443283 10.621741078794 4942.769215002656 11.01647770404816 8682.750918209553 3243.73078917712 4811.91871188581 199.538526751101 33939.93914406002 30.20739921927452 9880.533109776676 7.31495589017868 1613.797061819583 62.03231302648783 0.1050780043005943 5.02688954025507 5.314980313181877 11.16279591619968 4062.71336068958 2.292667075991631 0.5015669614076614 7.88079296797514 984.886412627995 0.1525327414274216 14.51289441436529 7.350802309811115 6287.192654699087 1627.641963206232 12.29373537749052 0.0883907824754715 67.88448625802994 112.4711614847183 343.3550762906671 11.90770051628351 1119.541024640203 23.25122717022896 690.0464037060738 147.9928839281201 219.0267536193132 44.97335139662027 4.200150370597839 11.07496789097786 0.1953855156898499 0 0.1283382028341293 67.59862652420998 0 2.933377929031849 53.61746699362993 2.367250628769398 86.8145816475153 28.78103459626436 0.1530495136976242 16.25284781306982 0 2.103901594877243 4.791519686579704 0.1321591585874557 0.1082548648118973 0 0 46.44825506955385 0.1085094586014748 0.3814271092414856 1.321177527308464 190.6781667619944 0 0.08707460016012192 0.6549393609166145 173.6885742396116 2.938794709742069 2.378091990947723 0 0.5131104588508606 0 0.2066248655319214 1.251400217413902 21.86477293074131 0.2020946890115738 1.865313075482845 0.9954478740692139 33.70803648233414 0.695079579949379 0 0.1811554878950119
0.2454708740115166 105.3700572997332 15.32916904240847 3.170199543237686 80.51056170463562 92.04171530902386 8.191042840480804 123.0023555979133 2.293776199221611 30.20739921927452 11903.55146730691 41.37540020793676 1973.207207232714 229.2930638194084 8.826034151017666 1.800958260893822 1351.973197221756 4506.110647290945 2811.406029611826 10.22804914414883 20.01660886406898 3.864199250936508 70.27249276638031 11.77364291250706 538.1374582126737 2500.121638059616 388.9816717579961 13.90641190856695 472.3402315080166 8.724838919937611 259.80721783638 454.4647914171219 0.3707839250564575 6424.754233933985 7.448779538273811 225.7093383967876 3791.910192683339 5009.910650476813 297.4098800048232 31.64038578420877 162.1300298944116 1388.417569413781 1.790893703699112 0 12.14338412880898 0.7183539643883705 0.1206960752606392 0 0 0.9833351671695709 0 1.946052819490433 0 79.46309278905392 0.2449489384889603 486.9162606447935 0 0 0 0.7003781050443649 3.318340763449669 0.4578296393156052 0 0 1.002521723508835 0.2555960118770599 4.232761822640896 74.85905492305756 54.07885376363993 112.402142316103 3.823208175599575 0.1822189837694168 0.2590415626764297 55.81452569365501 0.1152747422456741 0 1.379913821816444 0.29358971118927 22.76531764864922 340.1088653132319 23.92254677414894 0.4722456634044647 0.1504130512475967 0 236.9415789991617 0
0.6676775589585304 1.43371108174324 0.8810806423425674 6372.180311620235 77.18485001474619 4305.692141652107 76.9832019880414 486.6107986867428 744.721649594605 9880.533109776676 41.37540020793676 5174.735902942717 8.904954463243484 432.4803837314248 716.2712069377303 0.1932654231786728 1.829814381897449 4.550957426428795 10.57451751083136 3673.044633589685 0.3367972001433372 0.8833161145448685 1.064462251961231 846.7856460213661 0.11350067704916 11.76543019711971 4.885777831077576 1358.289774108678 347.137165620923 0.5296375341713428 0.1027051508426666 97.60024277120829 2.349649272859097 143.3832983672619 1.170732542872429 651.8268249481916 10.96368950605392 330.7418745458126 68.67149091511965 794.2059279456735 11.35040567070246 3.045905843377113 2.336793415248394 0 0 0 28.79807920753956 0 7.291816897690296 7.136959731578827 1.873813092708588 115.678424462676 23.1277158036828 0 33.63497689366341 0 0 10.40516762435436 0 0 0.0819520503282547 0.09188655018806458 49.39923804998398 0 0.1400487422943115 0 68.65661981701851 0 0 0 41.10135454684496 0.3167455792427063 0 0 0 0 0.1072369962930679 0.1127976849675179 12.14959469437599 0 1.23434878885746 0 58.9503448754549 0 0.224705383181572 0
0.09700481593608856 955.1658803746104 6.345979079604149 1.11340619623661 8.066245973110199 19.3686308786273 1.475244902074337 17.35311864316463 5.63603475689888 7.31495589017868 1973.207207232714 8.904954463243484 4110.923986338079 25.6908059194684 3.100816242396832 3.08268953114748 6.428818263113499 131.7699920907617 12.07298199832439 1.850190304219723 12.33180490136147 43.32003763318062 5.042627736926079 10.13037885725498 5277.059035040438 990.4047992601991 4566.843903757632 11.78147625923157 26.33712558448315 3.866219229996204 1881.638694219291 48.71585545688868 0 455.1374192684889 19.37247414886951 749.5835214853287 2875.331328079104 5128.24696201086 266.6788349598646 98.92835512012243 202.9917227253318 739.5738687291741 15.16151793301105 0 45.01803324371576 1.033097825944424 0 0 0.1062237098813057 3.99884358048439 0.3549526110291481 0.2833341062068939 0 138.3682448193431 0.3480751439929008 769.2212585061789 0.5048010423779488 0 0.5347407311201096 0.1104027330875397 7.016258910298347 2.428761757910252 0 0.8255836963653564 1.429832577705383 3.195697486400604 1.903858408331871 153.231447994709 126.3605514839292 257.4951473772526 1.646809905767441 0.1555765122175217 0 105.4746875017881 0 0 5.821675799787045 8.586370378732681 206.5177058652043 561.341613933444 118.288220949471 42.76328907907009 25.99474666267633 12.90916696190834 323.675244808197 0
3526.137590520084 0.3844216167926788 611.8997294232249 115.88699991256 25.75054729729891 835.7602812871337 6902.623480893672 7729.797743618488 22.34918061643839 1613.797061819583 229.2930638194084 432.4803837314248 25.6908059194684 8481.894137416035 99.04814817756414 0.7811216711997986 702.4801212996244 35.12434439361095 90.77915641665459 304.8841148614883 424.490456841886 0.5407983064651489 1801.752302959561 352.9738947749138 0.3323816061019897 170.6821361929178 122.4010677784681 809.5191499963403 2912.61889808625 2083.992984928191 0.9145068228244781 313.3924348056316 8.749833278357983 625.0928007550538 4.930862970650196 367.1133041977882 70.75006066262722 1015.946496270597 179.6565997228026 223.5423057749867 60.0583421587944 15.7117915302515 10.39845561236143 0.4103517681360245 1.047486998140812 3.870592765510082 4.146007552742958 0 0.4521795511245728 18.42701210826635 0.5174129754304886 19.57775440067053 4.09902124106884 0.0929415225982666 1.267223700881004 0 1.265647508203983 0.3294970691204071 0.9502580463886261 0.8898579403758049 0 0.07828874140977859 1.762748666107655 0.3926749527454376 1.281679049134254 1.085733637213707 53.62876743078232 0 1.756380349397659 9.630889132618904 59.52304108440876 1.562576025724411 7.186581805348396 0 0 0 0.3610687777400017 0 14.91916346549988 1.367741771042347 2.666223555803299 0.4324673712253571 4.840008616447449 0.3384419977664948 0 0.1978989839553833
0 3.03049436211586 0.587940126657486 35.03990764170885 1987.827794402838 2197.491861611605 22.07507790625095 325.3172368481755 839.4303528517485 62.03231302648783 8.826034151017666 716.2712069377303 3.100816242396832 99.04814817756414 419.0781715214252 0 0.6877333223819733 1.164617270231247 2.145947627723217 66.51690205931664 0 12.2139887958765 0.7722613513469696 961.1820194125175 0.1135783195495605 2.49662934243679 7.428196035325527 107.0988559499383 47.73317823559046 0.1997085064649582 0 387.5351591557264 0.2235628217458725 37.90387522429228 1.419274225831032 553.8406209424138 4.154416128993034 65.9368958324194 14.62282430380583 1748.340460777283 14.30378036946058 5.23299615085125 1.284320585429668 0 0 0 10.33470791578293 0 0 4.047265350818634 0 22.39238952100277 3.68567456305027 0 9.709844753146172 0 0 1.302002653479576 0 0 0 0 12.77792742848396 0 0 0 21.62799352407455 0 0 0 18.33737426251173 0 0 0 0 0 0 0.8489383459091187 3.069068610668182 0.127041295170784 0 0 51.17697960138321 0 0 0
0.4317434504628181 36.17848287522793 4.169454954564571 0 0 0 1.216022990643978 0.4036636427044868 200.1825721487403 0.1050780043005943 1.800958260893822 0.1932654231786728 3.08268953114748 0.7811216711997986 0 2130.486047886312 20.51234360039234 0.1274430304765701 3.137298949062824 0 4839.394872695208 3102.370610721409 2777.725545853376 1509.89204479754 3.478001572191715 2.300877563655376 1801.284515805542 1284.183728925884 3.827979639172554 297.6018285080791 0 0.1064923256635666 0 86.32865369319916 44.72662219405174 1624.258097983897 621.013013638556 489.3680112808943 501.4369955286384 17.17470080405474 2.259540423750877 8.597003132104874 5.571222685277462 0.2864635661244392 3.263073332607746 8.316716782748699 0 0 0.2145640999078751 2.978256665170193 0.7058486938476562 1.295558705925941 0 1.129448786377907 0 0 0.688744343817234 0 2949.674030348659 8.624594755470753 0 0.9396006464958191 0 712.7045331448317 970.472832210362 2092.513823330402 313.5357552543283 0.149249792098999 4.5550851598382 184.5494041889906 221.803231485188 1.15324354916811 81.88457222282887 0 0 0.1007930710911751 5.79847889393568 5.891081176698208 401.8040705919266 9.250210911035538 20.42213704437017 18.26115787774324 3.537868946790695 0.1871073246002197 4.908314198255539 1.421120882034302
105.2977220118046 44.54186342656612 5177.336714990437 0.6085023805499077 0.5865204855799675 55.08070942014456 44.43559551984072 418.8112440779805 5.324784241616726 5.02688954025507 1351.973197221756 1.829814381897449 6.428818263113499 702.4801212996244 0.6877333223819733 20.51234360039234 2452.314538531005 569.0286113023758 5176.332580819726 1.34063970297575 744.2492447718978 18.53651387244463 7119.812289468944 16.53656314313412 5.344063796103001 1590.822265833616 5527.623033508658 32.5305792465806 921.041836977005 236.7371860444546 0.1431618630886078 16.6940465644002 47.48512569069862 3341.374968394637 7.837629027664661 699.1794697195292 1951.375894427299 2868.506038159132 673.7205574512482 13.56392063945532 3.078742355108261 21.75078620761633 2.573963612318039 0.09917987883090973 118.0928289741278 43.41862705349922 0 0 0 0.4309063628315926 0.5797352492809296 0.9180846363306046 0.6811254918575287 1.141805984079838 0 0.8454955667257309 0.7242195829749107 0 3.429502539336681 67.91507563740015 0.7563568130135536 40.61653110384941 0 2.399459414184093 2.308841794729233 12.70522150397301 2.231956891715527 7.57496452331543 194.0716739445925 488.172796189785 1.024178527295589 0.5434176027774811 1.198494330048561 0.3480541110038757 0 0 7.958682462573051 3.935937769711018 29.35063314437866 122.8890598788857 33.95077929645777 5.233542218804359 0.4281434714794159 0 0.1535828560590744 0.169890433549881
0.2875431403517723 0.8910392597317696 12.69090325385332 0.5172516703605652 3.094169601798058 8.955023907124996 1.759517997503281 13.63125088065863 0.5087434053421021 5.314980313181877 4506.110647290945 4.550957426428795 131.7699920907617 35.12434439361095 1.164617270231247 0.1274430304765701 569.0286113023758 409.8486514091492 1364.787172973156 1.955620773136616 2.82264769077301 0.1086741387844086 14.33400280028582 2.154218755662441 26.64762073755264 2348.864771775901 238.3849461078644 2.104074239730835 58.24505881220102 1.669538035988808 27.41108040511608 40.43803986161947 0.4682531654834747 715.1280183494091 4.578453361988068 219.3266611918807 1248.14509498328 1614.702332317829 334.9136013910174 4.511586062610149 6.733981445431709 84.91788362711668 0.7116160541772842 0 3.635566599667072 0.1077188327908516 0 0 0 0.2555842101573944 0 0.4797492846846581 0 4.193174779415131 0 40.79620915651321 0 0 0 0.1537637114524841 1.55875039100647 2.636282220482826 0 0 0.6217139363288879 0.1343559622764587 0.123733825981617 20.27876657992601 41.09811133891344 87.10314004868269 1.561761870980263 0 0 25.42546491324902 0.1325183659791946 0 0.2988805919885635 0.6575334370136261 2.353514619171619 10.56124588102102 0.5549669340252876 0 0 0 0.2744913026690483 0
4.242993414402008 10.15581656247377 105.7575607672334 1.24769826233387 4.719397142529488 15.17725335806608 4.425317078828812 33.12797334045172 0.4257075637578964 11.16279591619968 2811.406029611826 10.57451751083136 12.07298199832439 90.77915641665459 2.145947627723217 3.137298949062824 5176.332580819726 1364.787172973156 2298.925871923566 3.877588674426079 53.0641161352396 1.818524532020092 190.7992686182261 3.591947339475155 6.50523579865694 5998.37077255547 937.4126760214567 6.84026175737381 185.5468555986881 24.39917374402285 4.828827261924744 61.64408694207668 3.95978719741106 3187.000581979752 10.3506593182683 529.7091628611088 1339.207851909101 2457.00049751997 539.1748342588544 5.915500439703465 3.233253806829453 8.983306787908077 1.281773552298546 0 21.74934759736061 2.213958717882633 0 0 0 0.5581211149692535 0.1015486717224121 0.4187382310628891 0 1.009824253618717 0 6.586379416286945 0.3392970189452171 0 0 4.223427511751652 1.666865758597851 12.55899742245674 0 0.2671243250370026 0.2868320271372795 0.9260144159197807 1.388191185891628 17.03434334695339 106.8037168383598 137.0097801461816 1.065801210701466 0 0.4592553749680519 5.900160908699036 0 0 1.32609549164772 3.717000335454941 6.044225364923477 29.23150067776442 4.525183141231537 0.7616874352097511 0 0 0.3340409100055695 0
3.218448281288147 0.1599811762571335 0.4378585964441299 4134.350306607783 6.089665897190571 334.5578061938286 25.29193331301212 207.2598760351539 664.6946822479367 4062.71336068958 10.22804914414883 3673.044633589685 1.850190304219723 304.8841148614883 66.51690205931664 0 1.34063970297575 1.955620773136616 3.877588674426079 801.8496996089816 0.516153872013092 1.332747310400009 1.434336639940739 400.2741402164102 0 4.637393593788147 1.108820617198944 1268.811646804214 425.7566049173474 2.813563950359821 0 22.91924791783094 23.51565589755774 106.6480281725526 2.229159124195576 514.5910573080182 7.844582505524158 248.0649811178446 45.57572158426046 195.6898269578815 13.87678878754377 1.754323214292526 2.111143596470356 1.208907082676888 0 0 41.17542259395123 0 4.257966801524162 36.27030451595783 2.120679140090942 105.3681158199906 21.07265958189964 0.1425015479326248 21.12136235833168 0 1.142163448035717 4.005956619977951 0 0 0 0.09462349116802216 39.00524104386568 0 0 0 123.5737137272954 0.114660456776619 0 0 112.5518374145031 0.2697097808122635 1.250263996422291 0 0 0 0.2918497920036316 0.1947841048240662 10.73828666657209 0 2.463683903217316 0.1441614776849747 37.55364108085632 1.250288113951683 0.7404130697250366 0
141.2359403297305 4.329718492925167 460.5073872730136 0.3949605375528336 0.08684574812650681 26.86620770394802 538.278775639832 287.5108352676034 122.5406955480576 2.292667075991631 20.01660886406898 0.3367972001433372 12.33180490136147 424.490456841886 0 4839.394872695208 744.2492447718978 2.82264769077301 53.0641161352396 0.516153872013092 19858.69003181159 627.0198167338967 15205.55699532479 368.9210003837943 6.005643308162689 14.67127775400877 1359.092663183808 8628.41876912117 487.4358798861504 11114.64200088382 0 2.678658001124859 27.23946736007929 5671.959463387728 223.2896388098598 7307.117932848632 1774.379811860621 6680.978605166078 3799.954334795475 102.255336843431 10.8447053283453 21.53759829699993 29.16652175784111 0.3481108099222183 1.653307095170021 11.22032073140144 0 0 0 1.762256532907486 0 2.43354843556881 0.1293131709098816 0.1025248691439629 0 0.3312909603118896 0.1692400202155113 0 486.0626428350806 12.42567280679941 0 2.428432039916515 0 560.3228493705392 169.0280762687325 212.6478570699692 240.6904934868217 0 6.508606441318989 36.98186587542295 246.639769077301 2.14804632216692 128.244461350143 0 0 0.609413780272007 5.005505487322807 34.46890634298325 199.7714549899101 10.77817230671644 14.79074236005545 12.41196774691343 1.938252329826355 1.514462918043137 13.08986113965511 0.441831186413765
0 1715.572260394692 25.73270842432976 0.160053089261055 0.8379669040441513 0.8476758152246475 6.28073038905859 0.4236551225185394 1286.988762021065 0.5015669614076614 3.864199250936508 0.8833161145448685 43.32003763318062 0.5407983064651489 12.2139887958765 3102.370610721409 18.53651387244463 0.1086741387844086 1.818524532020092 1.332747310400009 627.0198167338967 972.8010526224971 1014.694204628468 6229.604260243475 117.015318185091 63.27971719205379 5720.007388979197 278.1884125992656 2.210123479366302 305.2073050513864 1.592425487935543 0 0.5850137621164322 81.42318055033684 10.39149548113346 605.3923362195492 215.3419177383184 243.5464677736163 194.0224496722221 24.48859524726868 0 3.285007670521736 1.836123734712601 0.4728221148252487 79.06936595588923 83.94231378287077 0 0 0 1.808169156312943 0.2600530534982681 5.433523595333099 0.2846575677394867 0.2080745622515678 0.9222350418567657 1.166903890669346 1.213817052543163 0.1694808155298233 1334.975833386183 20.28930497169495 0 4.170062161982059 0.1538530141115189 149.6714746430516 270.6590633168817 603.6835664063692 188.9943874776363 7.935930699110031 19.49438409507275 1386.141935639083 87.1309415102005 1.676301434636116 29.13714905828238 1.153667189180851 0 0 5.548916541039944 1.712770208716393 72.86655616015196 16.29953844100237 33.29804801940918 14.29231747239828 1.394888162612915 0.3590084910392761 2.303389549255371 0.1642574071884155
529.0516089871526 13.33068441599607 13645.7873333618 2.65462426841259 1.456392668187618 173.6285522803664 1242.515771172941 1308.583669498563 44.862040579319 7.88079296797514 70.27249276638031 1.064462251961231 5.042627736926079 1801.752302959561 0.7722613513469696 2777.725545853376 7119.812289468944 14.33400280028582 190.7992686182261 1.434336639940739 15205.55699532479 1014.694204628468 19808.94834627211 402.1955458521843 0.2499406039714813 1202.756157979369 12792.22722937912 3864.646402008832 1729.94191724062 3059.167027812451 0.1124030873179436 11.51838243752718 51.21396727859974 3334.432549059391 261.7840112969279 9468.004078067839 7703.405109502375 7714.029216326773 6873.852244868875 151.7933535724878 9.793313831090927 15.21753626316786 33.21875369548798 0.2990000024437904 57.77173278480768 595.4759410843253 0 0 0 10.18551179766655 2.004633195698261 1.258041545748711 0 0.254323273897171 0 0.1966707408428192 1.875559352338314 0.09829135984182358 2214.491225786507 63.41354705393314 0.6857011914253235 6.831040933728218 0 317.8314999043941 689.4873955845833 2179.980677008629 132.0209773182869 2.195845246315002 51.21211269497871 2191.735902175307 89.81244190782309 0.9285475984215736 28.23277316242456 0.09056418389081955 0.2025748938322067 0 18.44813665002584 53.090810790658 463.4939656183124 101.3016305342317 122.9179835915565 66.2076962441206 5.299150168895721 0.3241149038076401 4.51748026907444 1.629878252744675
12.41215746104717 727.9182696342468 49.50281681865454 1378.286599107087 37.87781047821045 474.6141641512513 2115.584412373602 238.2747964411974 11777.39492888004 984.886412627995 11.77364291250706 846.7856460213661 10.13037885725498 352.9738947749138 961.1820194125175 1509.89204479754 16.53656314313412 2.154218755662441 3.591947339475155 400.2741402164102 368.9210003837943 6229.604260243475 402.1955458521843 12370.24316366017 20.68331444263458 30.65627732872963 4453.581764943898 10718.57161917165 1377.800164043903 2987.470420390368 0.1019023731350899 20.98588808625937 307.6918582692742 560.2333614453673 90.88367269188166 4227.938409030437 338.7445809394121 1364.07924477756 439.1539073958993 728.8130364045501 48.2494455203414 12.95088563859463 18.07926658540964 39.46166381984949 5.73935279250145 7.528737291693687 261.6838958114386 0.9145736694335938 19.22663043439388 368.4525157436728 15.04594906419516 1538.445640012622 157.5348999649286 2.67396604269743 96.85856541246176 0.3325821533799171 35.109041929245 27.10188400000334 271.2349310219288 9.545596495270729 1.394526403397322 4.268419861793518 225.0242390334606 267.5643172860146 299.9283140301704 69.56065438687801 2978.2866608724 0.8969304487109184 9.518620073795319 39.42419812828302 2605.094580151141 118.337350372225 622.2192842960358 0.4940874725580215 2.649149060249329 12.35703152418137 34.34929032623768 23.61253108084202 412.7633620128036 20.98769988119602 105.8430691584945 39.77363493293524 208.7078989744186 11.76975604146719 1.364887535572052 2.922192588448524
0 1194.407616406679 0.5124144703149796 0 0 1.157765433192253 0.1923922598361969 1.381614968180656 10.87708888202906 0.1525327414274216 538.1374582126737 0.11350067704916 5277.059035040438 0.3323816061019897 0.1135783195495605 3.478001572191715 5.344063796103001 26.64762073755264 6.50523579865694 0 6.005643308162689 117.015318185091 0.2499406039714813 20.68331444263458 704.0264628231525 1424.598231494427 8390.85235132277 0.2615333944559097 0.5448848083615303 1.922715306282043 444.6439515650272 1.971081130206585 0 59.80806944519281 0 69.42817586660385 462.5550242960453 241.0975797697902 40.15587053447962 14.96087616682053 28.37421642243862 538.0663913562894 7.843441963195801 0 58.6691133081913 0.8699050545692444 0 0 0 0.2319613844156265 0 0.3641969710588455 0 29.2103052213788 0 300.0928432717919 0.4991271570324898 0 0.3665695935487747 1.318092621862888 8.834380112588406 9.907011650502682 0 0.5134300515055656 1.459733627736568 0.2859041094779968 1.243142686784267 298.7640242353082 423.3976259231567 859.8450231701136 0.1065532490611076 0.4056770876049995 0.1476009637117386 60.43814368546009 0 0 4.561028823256493 0 105.469944126904 81.51050043851137 32.30624774843454 3.409348756074905 23.29695022106171 2.074266612529755 19.74002027511597 0
14.41959221661091 413.4899413362145 6188.667955316603 1.954235479235649 6.676374189555645 34.73885431140661 38.80933716148138 145.1331097185612 12.54911146312952 14.51289441436529 2500.121638059616 11.76543019711971 990.4047992601991 170.6821361929178 2.49662934243679 2.300877563655376 1590.822265833616 2348.864771775901 5998.37077255547 4.637393593788147 14.67127775400877 63.27971719205379 1202.756157979369 30.65627732872963 1424.598231494427 23034.98076529056 11857.8339759782 20.12578809261322 207.0291996002197 13.59340701252222 329.9092212170362 84.96946404129267 3.387772545218468 1850.847004428506 25.98496478050947 1952.754338212311 9167.82140699774 5148.691324241459 1326.608399696648 27.18768171966076 10.193856947124 341.1201107874513 4.295180305838585 2.948450207710266 1055.812187664211 27.85636196285486 0 0.2459778487682343 0.09619350731372833 7.948513381183147 3.010722041130066 4.873395539820194 0.3105828687548637 84.2769962772727 0.3901342302560806 1171.229892544448 5.589255325496197 0 2.868159532546997 153.4083133861423 100.4348961561918 379.3987486734986 0 9.297240644693375 12.65776202827692 13.20508848875761 9.165694899857044 1141.02462542057 3488.309286788106 6221.038398563862 4.467419855296612 5.702811576426029 8.850652411580086 535.0081474557519 1.01742959022522 0 62.36790293455124 8.489317834377289 140.2335313335061 1037.116610094905 241.5713617876172 26.85646279901266 1.676389969885349 0 15.98015134781599 0
16.24713362008333 9141.838155068457 9858.968510553241 3.034622900187969 1.588010251522064 28.00367905199528 214.3109077215195 104.0791734308004 1062.801385439932 7.350802309811115 388.9816717579961 4.885777831077576 4566.843903757632 122.4010677784681 7.428196035325527 1801.284515805542 5527.623033508658 238.3849461078644 937.4126760214567 1.108820617198944 1359.092663183808 5720.007388979197 12792.22722937912 4453.581764943898 8390.85235132277 11857.8339759782 23835.55398756266 1954.506598547101 123.5173205807805 57.4691551104188 278.2164322435856 16.85187773406506 8.714670471847057 1835.883589573205 92.74252544343472 5515.088119372725 5134.760674491525 5501.957196682692 2367.780342251062 107.817378051579 4.680090613663197 79.01742850989103 12.58637484908104 3.475953370332718 3855.237620547414 2069.633277639747 0.4720059186220169 0 0.6840355917811394 27.11143777519464 8.686414740979671 8.680332012474537 0.5240529850125313 57.48497042804956 1.024463728070259 576.5828355774283 12.03142154216766 0 1209.676095344126 1083.714482292533 41.92596726864576 410.7991051152349 0 38.86342968046665 1364.775415964425 1930.469702966511 52.44241865724325 799.7933626025915 3664.084769383073 16521.95757631212 28.44548074156046 6.306299164891243 17.88654897361994 275.940800614655 0.1896342858672142 0.5989671796560287 148.1701083779335 46.67149232327938 750.676261909306 972.156306758523 703.1995328217745 161.4573207646608 10.55296650528908 2.372370690107346 12.71901766210794 1.844166368246078
46.62359517067671 8.402187786996365 720.0042838230729 3623.794160142541 12.37349437922239 1015.21218444407 20965.41563919187 998.5213238820434 1914.093758583069 6287.192654699087 13.90641190856695 1358.289774108678 11.78147625923157 809.5191499963403 107.0988559499383 1284.183728925884 32.5305792465806 2.104074239730835 6.84026175737381 1268.811646804214 8628.41876912117 278.1884125992656 3864.646402008832 10718.57161917165 0.2615333944559097 20.12578809261322 1954.506598547101 25929.09862969071 2246.309520438313 13884.73076198995 0 26.71500531584024 607.1159100160003 1253.211344756186 188.1194694042206 5576.064774490893 424.543936803937 2567.410306304693 873.8387471586466 290.4637230858207 57.94421210885048 23.37648121267557 31.37099003791809 55.04263916611671 2.12208965420723 8.898672513663769 222.1339195147157 0.8145429417490959 20.47701365500689 400.2170216217637 15.79700736701488 915.2541822716594 130.4970880970359 1.937908008694649 72.18952530622482 0.08846844732761383 41.85905043035746 22.14774676412344 195.0669204741716 9.610136061906815 1.330161347985268 2.251875348389149 177.3579969033599 282.5946711972356 189.8557075187564 44.3618152141571 2941.497902169824 0.3109526261687279 11.92187575995922 16.98325268924236 3028.380348779261 155.6604500412941 1044.08360106498 0 1.940825991332531 17.70299836993217 42.11079505831003 30.29412978887558 477.9404181167483 20.57125210016966 104.7307343631983 41.06985963135958 187.7324587851763 14.8891171887517 8.447959929704666 4.245521605014801
2177.521742425859 0.9408842101693153 175.8616458848119 315.5352609232068 341.1501617580652 567.8090722560883 2389.620622418821 303.6130491122603 48.85266602039337 1627.641963206232 472.3402315080166 347.137165620923 26.33712558448315 2912.61889808625 47.73317823559046 3.827979639172554 921.041836977005 58.24505881220102 185.5468555986881 425.7566049173474 487.4358798861504 2.210123479366302 1729.94191724062 1377.800164043903 0.5448848083615303 207.0291996002197 123.5173205807805 2246.309520438313 18263.22489051521 8309.744605429471 1.68467902392149 1441.247709192336 2192.084766156971 3809.94655226171 13.96251481771469 1447.243610665202 119.1642696857452 3883.731642249972 539.3783958107233 311.9947080612183 814.1226848885417 20.47363506257534 22.70929960906506 2.658103294670582 0.79314935952425 0.7328245788812637 9.765536852180958 0 1.430843777954578 43.28914973884821 1.648399002850056 47.86763871461153 6.080947354435921 0.2540329545736313 0.7007835730910301 0.108006477355957 2.879960484802723 0.7959953397512436 2.691588908433914 1.021121934056282 0 0.724215142428875 7.17598419636488 4.364407539367676 1.627158008515835 1.501380324363708 159.3692753016949 0.1044034734368324 2.494811519980431 8.530472621321678 205.3289561197162 10.59586592763662 33.62453132122755 0.1023234948515892 0.1633918881416321 0.4542111530900002 1.982984609901905 3.036265283823013 38.26366444677114 2.902744457125664 8.10725099593401 3.049059815704823 11.16223458945751 1.9169542491436 0 0.1225467473268509
