823.5381451174617 0.2926752641797066 655.9663280472159 4.503166317939758 0.3081105425953865 22.00092393159866 1800.874799601734 479.47146743536 4.477339871227741 39.18901100754738 0.4340461790561676 11.95477520674467 0.5368456989526749 2046.041178815067 0 1.334915772080421 21.96367900073528 0.2843348383903503 1.365844517946243 3.512273028492928 102.2014582157135 0.2531782016158104 294.7184612303972 24.19925639033318 0 10.98807473480701 20.10232829302549 121.0089115574956 2143.696820244193 3779.91172298044 0 3.026677876710892 51.32237131893635 60.02487993985415 1.32231979072094 12.2899494022131 4.888154186308384 23.06656881421804 4.745382070541382 0.9706781953573227 0.3006294667720795 0 0 0 0.2677817866206169 0 0 0 0.1477976143360138 0.286792665719986 0 0.6842151284217834 0 0 0 0 0.4350610300898552 0 1.039507821202278 0.1095053777098656 0 0 0.3341725170612335 0 0.602972611784935 0.2140413373708725 4.585789546370506 0 0.269574798643589 3.077463157474995 2.183620437979698 0.3603863418102264 0.6540692150592804 0 0 0 0.1967829763889313 0 1.515861541032791 0.3494164571166039 0.2623955681920052 0 0 0 0 0
0.2926752641797066 108.2379824146628 150.2561788931489 0.8831717744469643 0.5984706357121468 1.316691435873508 7.079583398997784 1.658011116087437 770.7557366937399 0.9284462630748749 101.7025145888329 12.17233898490667 777.449803352356 1.637615896761417 36.0575899630785 158.5101321563125 361.5869169235229 15.63690656423569 101.5983308181167 0.3842556849122047 11.32846856117249 1840.294131867588 15.65825733542442 771.4171424359083 1893.781076766551 2693.017390206456 8651.229192405939 25.83678278326988 2.158363029360771 2.939584471285343 91.80967149883509 2.242385864257812 0 67.19035766273737 3.024640008807182 95.15498824417591 314.2990346848965 229.1119863539934 87.45155178755522 21.80511672049761 0.2731455340981483 141.6482158824801 0.5166236162185669 0 325.8693096786737 1.256026953458786 0.101161815226078 0 0.1013857945799828 0.1362099349498749 0 5.247107088565826 0.3255262300372124 15.72734050452709 0.1482932716608047 64.95056135952473 0 0.1105224341154099 4.708263911306858 6.997318603098392 0.3198936879634857 2.404106661677361 0.1158292070031166 0.4138943776488304 21.20028141140938 3.007259391248226 4.031487450003624 46.09345224499702 100.8363196477294 1111.276030920446 2.360557824373245 0.1472390294075012 0.478654570877552 15.11583829671144 0 0 6.301093704998493 0 6.811179004609585 41.8324975296855 7.657642267644405 1.759040802717209 0.628200352191925 0 9.931079506874084 0
655.9663280472159 150.2561788931489 1769.185264654458 6.979722380638123 3.876048557460308 138.1047643013299 827.8645964339375 1341.319280602038 12.65391284972429 63.76248377561569 57.69585686177015 4.816743522882462 21.76388816535473 1285.18504261598 1.179213978350163 9.45889288932085 5692.436704650521 18.69039938226342 98.1121207550168 4.033608764410019 974.9699930623174 110.7014806047082 7659.9514266029 38.75272008776665 3.013794913887978 2710.111474331468 10276.34619304538 992.1601743102074 1746.795764703304 921.1818032339215 0.8073485419154167 16.43246422708035 104.5925825461745 977.7374042272568 38.51427983492613 1306.191713176668 2935.481088243425 2680.355219811201 447.281688451767 50.89625149965286 5.890837348997593 43.21388008445501 5.714934632182121 0.3282892033457756 618.3415989726782 77.14693296700716 0 0 0 1.501546323299408 0.75599455088377 2.691234678030014 0.18816739320755 3.731610372662544 0.09544826298952103 5.023002669215202 1.454153396189213 0 9.754725776612759 129.3614894449711 0.6324806213378906 14.77368538081646 0.1266650259494781 3.973051086068153 137.2339667603374 112.0221809521317 9.865159265697002 10.1438872590661 76.98068272322416 2866.867346517742 2.769087396562099 1.73186456412077 3.508883856236935 0.4777734652161598 0.1793763041496277 0 133.8672865405679 5.614976823329926 118.5555581748486 932.7031538188457 182.4735645800829 64.84915548563004 6.364588469266891 1.219582214951515 2.577926926314831 0.5388818383216858
4.503166317939758 0.8831717744469643 6.979722380638123 4106.281934253871 0.5073406994342804 280.4899010881782 162.3686805069447 46.14638638496399 772.4341995641589 4463.220453567803 0.8667609766125679 5197.484022818506 2.291553974151611 30.28018838912249 7.636003233492374 0.3389796614646912 0.3844281584024429 0.4415922835469246 0.3990492671728134 3727.547292985022 0.6795019060373306 2.810167536139488 1.274499014019966 1256.781104959548 0 1.15756643563509 14.65494173020124 2582.369782850146 95.41791605949402 7.226194985210896 0.1100094020366669 1.022747963666916 8.889066025614738 36.96944303810596 4.296289950609207 298.7414952516556 17.81702861189842 79.77837556600571 28.29670736938715 63.14898400753736 9.255632519721985 3.427539400756359 3.378786846995354 0.7548968344926834 0 0 69.23076739907265 0 10.54456654936075 26.61123429238796 1.723905727267265 138.8116041272879 61.3978183940053 0 78.10363854467869 0 3.194081641733646 21.80630030483007 1.39486987888813 0.1130387857556343 0 0 93.38382178544998 0.3038261234760284 0.7603500112891197 0.4562055766582489 411.8907417356968 0 0.2604724764823914 0.8822425007820129 247.5621988251805 5.508388936519623 2.049487620592117 0 0 0.4698525592684746 4.499374553561211 0 35.44662368297577 0 9.631151750683784 2.211775250732899 76.22766861319542 1.333851486444473 0.7605951726436615 0
0.3081105425953865 0.5984706357121468 3.876048557460308 0.5073406994342804 86.67508926987648 431.0852990299463 3.222375743091106 88.39470592141151 2.769140839576721 2.938929006457329 125.3336227536201 5.99840085953474 22.31721416115761 31.14531240612268 1191.072295702994 0 4.376344293355942 12.25085727870464 18.04317623376846 0.3410502746701241 0.6339223235845566 0 2.344284802675247 0.6493605747818947 0 27.0815414339304 4.916701160371304 2.918451443314552 185.9276767224073 2.626379914581776 2.43976778537035 458.6197318434715 0.2443826720118523 1031.565927289426 0.4405592978000641 24.07324302196503 7.920594274997711 652.6037964075804 46.79478098452091 1098.631953038275 154.355860710144 6.152132734656334 0.5467609316110611 0 0 0 0 0 0 0 0 0.6965507566928864 0 0 0 0 0 0 0 0 0 0 0 0 0 0 1.590724438428879 0 0 0 0.6161485761404037 0 0 0 0 0 0 0 0.7597161680459976 0 0 0 0 0 0 0
22.00092393159866 1.316691435873508 138.1047643013299 280.4899010881782 431.0852990299463 9901.032176688313 3031.915127817541 6043.000018443912 501.5181424096227 6119.350904732943 230.5624095723033 3584.258164785802 80.58992877602577 841.5951076373458 2727.17435117811 0.7359591722488403 8.510018855333328 31.31864991039038 24.76380608975887 206.3563907518983 11.60114555805922 5.407840795814991 31.61279536038637 226.410063624382 0.7193675562739372 77.48845828324556 45.38663294166327 1145.608710639179 1326.116710759699 61.01210424304008 6.002446301281452 2288.386027187109 8.323496297001839 1091.608849070966 8.731069028377533 716.6704348400235 51.89427215605974 1779.074494659901 175.309458553791 2174.452393405139 238.4323323145509 18.73820707947016 15.25750647485256 0 0.1995989605784416 0.2197775840759277 6.365494959056377 0 1.591326177120209 4.1812374740839 0 8.848445542156696 6.472487010061741 0 10.2294272556901 0 0.9033919721841812 2.228609077632427 1.028149969875813 0 0 0.09504912048578262 8.020247831940651 0 1.033101469278336 1.010260291397572 41.04153943061829 0.08370847254991531 0 3.659022077918053 31.3649939224124 2.182429254055023 0.6372956335544586 0 0 0 0 0.5683518052101135 12.54517043381929 0.5663761422038078 1.613089315593243 0.1198500394821167 10.79668251425028 0 0 0
1800.874799601734 7.079583398997784 827.8645964339375 162.3686805069447 3.222375743091106 3031.915127817541 10962.34619098902 6549.228483233601 119.8598433285952 5818.010247543454 13.45736991614103 105.7931985557079 9.757825769484043 5238.65271480009 12.76481293141842 46.10349468886852 19.05752889811993 3.013437569141388 3.766625486314297 60.58056918531656 412.9962033554912 151.5166446194053 472.2469508349895 1230.257156930864 0.07808370888233185 20.9838486649096 984.2939382344484 20172.28155423701 2350.663876544684 4181.830175835639 0.4457062855362892 25.86234154179692 206.4592360258102 423.9580377489328 66.83108655363321 2060.230926461518 138.8209307864308 931.4137090742588 367.9804871529341 415.5800817385316 92.73189812898636 3.497608847916126 28.84108961373568 0.3646506071090698 3.392053700983524 1.21490603685379 14.50290108472109 0 4.645514771342278 26.04059715569019 4.39364168792963 85.40875815600157 20.2069725766778 0.5381127223372459 13.7270133793354 0.1999013125896454 2.631102301180363 2.374910555779934 35.60930602252483 0.484377920627594 0.2356233149766922 0.2689079865813255 28.10760332643986 4.837854571640491 20.71882013231516 25.41000312566757 277.2158706635237 0 1.283354423940182 61.75116641819477 232.6038837879896 6.889113366603851 8.740202575922012 0 0 0.3443012461066246 4.298234388232231 3.029990792274475 47.3653699606657 10.86734608560801 14.61083396524191 9.43530298769474 19.58599953353405 0.2335234433412552 0.09753881394863129 0.2851918041706085
479.47146743536 1.658011116087437 1341.319280602038 46.14638638496399 88.39470592141151 6043.000018443912 6549.228483233601 9238.144391730428 54.42099460214376 3221.200158789754 140.3517621457577 661.0527406558394 30.60439220070839 10023.32042207941 143.0492015704513 3.735589295625687 45.70704908296466 31.39619506150484 46.1804938018322 91.25061549246311 116.2434529066086 6.302601180970669 388.0033352375031 132.6064448058605 1.274769812822342 109.073038674891 185.3785821646452 904.7181700840592 2752.586688596755 1025.131165821105 5.106651030480862 416.0515221133828 13.85076071321964 972.3651082366705 6.53658202290535 290.0740145221353 58.26331416517496 921.173981629312 75.83007737249136 229.3165985643864 45.55154057592154 6.216696619987488 7.085829302668571 0.09753891825675964 1.151194266974926 0.9720416739583015 1.027630180120468 0 0.6576021909713745 2.271673940122128 0.2968981862068176 10.02625166624784 4.070458568632603 0 1.519563175737858 0 0.348179318010807 1.124870516359806 7.344751700758934 0.5891368612647057 0 0.08486457169055939 5.424231201410294 1.003291971981525 3.78902830183506 5.956731587648392 38.4249966815114 0.1726182848215103 0.9736236408352852 21.15156725049019 29.24109610915184 0.1995853036642075 0.8845587447285652 0 0 0 0.5672148540616035 1.125705361366272 9.036260277032852 4.949498996138573 4.698565237224102 2.701550103724003 1.194258876144886 0.202435165643692 0 0
4.477339871227741 770.7557366937399 12.65391284972429 772.4341995641589 2.769140839576721 501.5181424096227 119.8598433285952 54.42099460214376 1093.279690906405 258.4683247432113 2.769245482981205 1282.653517961502 1.300637111067772 23.23441775888205 783.1421116441488 311.7597140297294 0.6430581361055374 0.6271826326847076 1.338445968925953 824.7479611486197 128.9050645828247 2475.15541870147 103.8409143537283 13611.04522144794 0.8017913922667503 10.2181906029582 277.4938766881824 2472.680070221424 131.2194906622171 713.5558489859104 0.4110470041632652 2.990102641284466 19.02747149765491 53.17964039742947 16.81925658881664 680.5820930227637 33.50606614351273 118.7643731385469 47.7152241319418 406.9576182588935 6.696974501013756 1.290349587798119 2.219543427228928 12.61569327861071 2.284737341105938 0.144925594329834 51.51686070114374 0 13.25968606024981 83.00408817082644 14.96284741163254 81.06166820973158 36.46271650493145 0.5851962119340897 118.1932304129004 0 20.53528922051191 33.52123571932316 305.0384734421968 2.326642543077469 0.1219053491950035 0.806493952870369 62.20260532200336 66.23468124121428 182.6805873811245 75.57996076345444 1744.928264588118 0 1.208754755556583 13.69341568648815 477.0150049552321 34.82982178032398 199.7358445003629 0.09840419143438339 0 5.862928666174412 43.24151702970266 5.238777071237564 183.3870263248682 5.251110255718231 49.69837836921215 17.73111938685179 46.72857092320919 2.743165642023087 1.252265453338623 4.005403429269791
39.18901100754738 0.9284462630748749 63.76248377561569 4463.220453567803 2.938929006457329 6119.350904732943 5818.010247543454 3221.200158789754 258.4683247432113 34953.79807652533 10.75910844653845 5185.914966598153 10.76296772062778 776.4228017814457 11.65654489398003 1.700347885489464 2.496743328869343 3.305785834789276 4.202667370438576 4135.192623347044 4.725934691727161 8.859818406403065 10.78698570281267 984.293238773942 1.531792335212231 10.53443233296275 53.21816565096378 7421.605107374489 892.9586891010404 41.07057023048401 0.5814988166093826 18.42228305339813 36.60992880910635 258.2873528972268 12.76446089148521 1038.291919335723 64.50342123955488 448.0796704813838 120.9567867740989 244.1986925378442 48.49177022278309 3.457041680812836 16.14434064179659 0 0 0 55.08818104118109 0 4.660874977707863 22.18865932524204 1.104778289794922 61.37402655184269 63.92780770361423 0 46.43981725722551 1.145679913461208 1.128743648529053 10.39114532619715 1.221710085868835 0.1082385554909706 0 0 65.60217406600714 0.1006242111325264 0.8181731477379799 1.648276686668396 259.0158301964402 0.5311179980635643 3.143443331122398 7.782010339200497 202.2369096726179 4.422414667904377 3.251350611448288 0.2487933784723282 0.3517586886882782 0 3.795726127922535 1.105913043022156 31.70541673153639 1.281643077731133 9.738662980496883 2.921499438583851 35.40106725692749 0 1.22715175151825 0.5849438905715942
0.4340461790561676 101.7025145888329 57.69585686177015 0.8667609766125679 125.3336227536201 230.5624095723033 13.45736991614103 140.3517621457577 2.769245482981205 10.75910844653845 10563.90875792503 22.72819885611534 2464.300568848848 53.95351031422615 13.72620938718319 0.1443997323513031 792.3221045956016 3483.071073003113 3591.517610795796 1.306854546070099 9.322329856455326 2.414246551692486 30.03586282581091 5.412592180073261 482.9612455591559 5768.277741447091 1337.15459998697 7.375297762453556 131.6928803995252 3.737539440393448 674.328247949481 374.0206880345941 2.593234807252884 3671.510641589761 11.43117807805538 155.9250681474805 3437.91410779953 1926.641212426126 161.8316811546683 31.84574767947197 146.28738707304 545.7680116072297 1.010615237057209 0 17.05748867243528 0 0 0 0 1.350024908781052 0 0.1477483361959457 0 58.43502801656723 0 269.6829825490713 0 0.08593536913394928 0 0.5036555528640747 0.9160110950469971 3.893686078488827 0.5908893793821335 0 0 0.450806200504303 4.185896076261997 25.98898077011108 114.705081269145 137.4000457450747 4.451340824365616 0.11016546189785 0 90.70198761671782 0 0 7.639291822910309 0.6029223203659058 2.87335167080164 189.1740061566234 3.7554085329175 1.646746478974819 0 0 44.08774264901876 0
11.95477520674467 12.17233898490667 4.816743522882462 5197.484022818506 5.99840085953474 3584.258164785802 105.7931985557079 661.0527406558394 1282.653517961502 5185.914966598153 22.72819885611534 6646.351370416582 14.97089847922325 289.4043461382389 378.4574919044971 0.5194023847579956 0.9620495066046715 5.505906648933887 6.439769849181175 3559.939490757883 0.9276311621069908 26.05068948119879 2.470070220530033 630.0742690339684 0.8425036519765854 16.54710597544909 9.831386841833591 1130.025573194027 845.6884265318513 21.28723569959402 1.060760095715523 30.17047429829836 6.749661177396774 308.7764960452914 5.25867386162281 979.9249111413956 35.98196367919445 462.7684767395258 66.79309728741646 1026.213253304362 33.62233240902424 7.521772049367428 7.364969782531261 0 0 0 84.52969425171614 0 11.46410070359707 7.746063783764839 0.4122872650623322 69.51808264106512 26.34567754715681 0 155.7404698431492 0 1.648086898028851 30.38163550198078 0 0.320024847984314 0.4517930448055267 0 111.5656891018152 0 0.322502002120018 0.1884439736604691 160.7508120015264 0 0.08790423721075058 0.5121717751026154 79.98518426716328 2.379337333142757 1.213418424129486 0 0 0.6709597110748291 3.927250884473324 0 30.81548266857862 0.1687590628862381 3.250240668654442 1.775398463010788 98.97661502659321 0.1198485940694809 2.240669727325439 0
0.5368456989526749 777.449803352356 21.76388816535473 2.291553974151611 22.31721416115761 80.58992877602577 9.757825769484043 30.60439220070839 1.300637111067772 10.76296772062778 2464.300568848848 14.97089847922325 3823.936911068857 8.448164112865925 5.447543017566204 4.408609718084335 15.06543057411909 32.45344737917185 25.73089758306742 3.930921621620655 8.124054677784443 8.705466963350773 59.81098096072674 7.690476305782795 3308.576404951513 1166.662009865046 3806.025624617934 23.12421459704638 17.20871143788099 2.74711536616087 896.8123385235667 52.62370803207159 0.6858184337615967 508.8854901865125 178.6715295538306 1363.912098355591 4531.235100790858 4272.127456270158 517.8489918932319 247.7426954358816 372.3522752374411 1515.087842449546 29.67487905919552 0 26.39203584939241 0 0 0.5474952459335327 2.899580515921116 1.714826315641403 0.8181121796369553 0.1954485177993774 2.840579085052013 356.9292489737272 0.9712367057800293 1602.962582781911 0.955140620470047 0 0.1754292696714401 0.1002671793103218 1.158883929252625 0.5665373131632805 0 0.2310707271099091 0 1.691844344139099 6.525667414069176 154.282047778368 273.1067472398281 286.052100636065 14.55291616171598 0.1385088413953781 0.4875896871089935 291.0186194106936 0 0 97.08222287148237 31.08641611039639 461.7552843913436 1146.571487441659 108.1928788647056 63.83698971569538 122.10161241889 16.9244472682476 583.1105831712484 3.061114072799683
2046.041178815067 1.637615896761417 1285.18504261598 30.28018838912249 31.14531240612268 841.5951076373458 5238.65271480009 10023.32042207941 23.23441775888205 776.4228017814457 53.95351031422615 289.4043461382389 8.448164112865925 4012.141218405217 34.78781469911337 2.757598377764225 48.85927170887589 16.04268996417522 25.16240151226521 72.02993559837341 156.179429911077 3.291097491979599 447.0264112502337 121.3696776255965 0.6064162850379944 58.09011749178171 97.15819953009486 588.3751710653305 5116.909797243774 2222.007305957377 1.507074624300003 793.1334689892828 26.01671645790339 745.0073723867536 1.455460399389267 76.37679414451122 20.40729109942913 354.4120738208294 26.4015988484025 44.86155325174332 11.89638541638851 2.242768108844757 0.9621721282601357 0.2209951877593994 1.05446270108223 0 1.051221713423729 0 0.8433912396430969 2.975460886955261 0.9492647051811218 6.937766872346401 2.717010177671909 0 0.7623002007603645 0 0.5977164581418037 0.2523028701543808 3.864580698311329 0.3120425418019295 0 0.07891435921192169 2.710637137293816 0.4622622951865196 0.8660464510321617 2.263465009629726 32.64811993017793 0.09997218102216721 0.2470081523060799 9.509651072323322 25.89031666517258 1.206730589270592 2.259689137339592 0 0 0.1668737977743149 0.7507228627800941 0.534710168838501 6.236082337796688 1.834590151906013 1.691953964531422 0.9663352817296982 4.567689120769501 0.5678062438964844 0 0.1785870045423508
0 36.0575899630785 1.179213978350163 7.636003233492374 1191.072295702994 2727.17435117811 12.76481293141842 143.0492015704513 783.1421116441488 11.65654489398003 13.72620938718319 378.4574919044971 5.447543017566204 34.78781469911337 338.8513686060905 1.812678560614586 0.7790904194116592 2.010728091001511 2.41273345053196 5.960098594427109 7.4798878505826 76.68632639944553 6.7155442237854 684.1449636891484 0 7.541746690869331 13.84216625243425 96.20968912541866 195.351575024426 29.7824245095253 0.7639217525720596 364.6261108666658 0.3435365259647369 145.6672453284264 0.3331846594810486 560.3716790378094 17.05212926119566 224.3253779038787 13.34133682399988 1129.178842164576 54.99208230525255 0.3128194659948349 0.1571302115917206 0.814209520816803 0.3078478574752808 0 14.29156518727541 0 0.9869088232517242 8.172330722212791 0.4578323811292648 44.66801451146603 21.01475684344769 0 39.81437411904335 0 0.6749611794948578 16.98962962627411 1.107239007949829 0 0 0 22.90947303920984 0 0 0.8390147089958191 84.15868550539017 0 0.09062741696834564 0.5192463472485542 40.61529096215963 0.5755327343940735 3.709051668643951 0 0 0 3.013931319117546 1.087009429931641 33.08394472301006 0 2.069981776177883 2.091609954833984 83.88746476173401 0.4320366978645325 3.831401348114014 0
1.334915772080421 158.5101321563125 9.45889288932085 0.3389796614646912 0 0.7359591722488403 46.10349468886852 3.735589295625687 311.7597140297294 1.700347885489464 0.1443997323513031 0.5194023847579956 4.408609718084335 2.757598377764225 1.812678560614586 2103.211474657059 1.702126204967499 0 0.4726622700691223 0.4255798310041428 2831.365510076284 3059.821309924126 3094.493554770947 2636.37734670192 0 2.486905962228775 2841.435743436217 1426.678108289838 41.36675102263689 35.2392653375864 0 0.3368457779288292 27.39749033749104 138.9415140748024 149.288999684155 2650.796807467937 1020.430943056941 535.8515326827765 602.7795412018895 117.9748893007636 4.875115148723125 2.428089432418346 20.46094377338886 1.803796634078026 10.18836063146591 0.4635537713766098 0.110433541238308 0.1351217031478882 0.1674084812402725 5.494768895208836 1.361567877233028 24.42845647037029 0.2235340625047684 0.8648604601621628 1.259735509753227 0 2.945921912789345 0 2017.526373036206 5.46501350402832 0.279531866312027 2.618518576025963 0.3280030712485313 191.483684360981 1155.471414260566 593.971715785563 453.7660918533802 1.54265770316124 1.389449395239353 170.2241269871593 95.61239986121655 5.236200124025345 214.4257998168468 0 0.2851180732250214 0.8352526873350143 78.35211741179228 19.72899876534939 571.485495314002 58.9943043589592 129.8952745944262 96.39342071861029 13.49972183257341 0.6784733012318611 0.7557370066642761 0.1324902027845383
21.96367900073528 361.5869169235229 5692.436704650521 0.3844281584024429 4.376344293355942 8.510018855333328 19.05752889811993 45.70704908296466 0.6430581361055374 2.496743328869343 792.3221045956016 0.9620495066046715 15.06543057411909 48.85927170887589 0.7790904194116592 1.702126204967499 2830.554507613182 257.9895746856928 2177.728666864336 0.3900832533836365 563.1641566306353 7.101158626377583 7122.276015602052 4.231673054397106 202.2961990758777 3358.431319251657 3038.134813442826 32.01546011120081 235.7497424706817 368.6324438527226 0.5836973264813423 24.32812923938036 45.27206222712994 3788.130755163729 18.10520957410336 536.4342262372375 1912.142732314765 2601.368240840733 501.4296033605933 10.52804704010487 2.023767560720444 10.21621638536453 3.384517788887024 0 53.98365339636803 3.505462028086185 0 0 0 0.07172650098800659 0 1.180682897567749 0.07020825892686844 1.830968141555786 0 1.722057111561298 0 0 0.7484223693609238 18.68790990114212 0.2775253802537918 8.329291798174381 0 0 4.682666577398777 1.346187733113766 2.761724539101124 2.231947906315327 69.6709116473794 381.0080177858472 0.4901928752660751 0 0.0801166296005249 0.3430498167872429 0 0 14.12307778000832 1.594283699989319 14.95094399154186 144.9068705067039 15.66801645606756 5.071467012166977 0 0 0.6391992345452309 0
0.2843348383903503 15.63690656423569 18.69039938226342 0.4415922835469246 12.25085727870464 31.31864991039038 3.013437569141388 31.39619506150484 0.6271826326847076 3.305785834789276 3483.071073003113 5.505906648933887 32.45344737917185 16.04268996417522 2.010728091001511 0 257.9895746856928 480.5576078593731 2165.700982503593 0.7830583229660988 2.304473049938679 0.5596117824316025 9.221637040376663 0.9656296968460083 89.06856938451529 2817.322528511286 324.8660696223378 2.190484952181578 38.86242022365332 1.991537939757109 38.03980169445276 69.75543431192636 0.2713998481631279 942.9992456883192 3.438582316040993 68.15200355648994 420.364894554019 643.2220300585032 118.6568590551615 3.671886295080185 3.32971028983593 27.46949066966772 0.6378327831625938 0 1.891352035105228 0 0 0 0 0 0 0.142895370721817 0 1.674208745360374 0 7.134705893695354 0 0 0 0 0.1469707638025284 0.4033741801977158 0 0 0 0 0.2566318362951279 5.640301391482353 15.61540377885103 28.27693797647953 0.2109916806221008 0 0 7.488612905144691 0 0 0 1.254899337887764 0.8902668207883835 2.644074834883213 0 0.1021829172968864 0.2329802364110947 0 0 0
1.365844517946243 101.5983308181167 98.1121207550168 0.3990492671728134 18.04317623376846 24.76380608975887 3.766625486314297 46.1804938018322 1.338445968925953 4.202667370438576 3591.517610795796 6.439769849181175 25.73089758306742 25.16240151226521 2.41273345053196 0.4726622700691223 2177.728666864336 2165.700982503593 1909.611977361143 0.8179721683263779 40.46013656258583 1.405418902635574 152.0991071537137 2.027586281299591 200.5180262848735 6272.280765622854 1148.01616628468 7.683349676430225 74.3041772544384 25.07961036264896 7.612068809568882 95.85111562907696 9.864472627639771 3256.220963507891 9.806637480854988 279.6741346716881 793.195198982954 1991.35878354311 563.3392387256026 6.927901029586792 2.503378130495548 5.369724124670029 1.855615943670273 0 4.87959548085928 0 0 0 0 0.3577286601066589 0 0.08881649374961853 0 2.254010692238808 0.08688029646873474 5.408705428242683 0 0 0 0.228195033967495 0 0.876505471765995 0 0 0.5753830149769783 0 0.2310529351234436 3.456941194832325 21.5829094722867 49.13978727161884 0.7434398829936981 0 0.09904050827026367 3.180550135672092 0 0 0 3.738124042749405 4.416118867695332 7.145686864852905 0.6140165105462074 0.09788908064365387 0.399885505437851 0 0.1902775764465332 0
3.512273028492928 0.3842556849122047 4.033608764410019 3727.547292985022 0.3410502746701241 206.3563907518983 60.58056918531656 91.25061549246311 824.7479611486197 4135.192623347044 1.306854546070099 3559.939490757883 3.930921621620655 72.02993559837341 5.960098594427109 0.4255798310041428 0.3900832533836365 0.7830583229660988 0.8179721683263779 854.3617610633373 0.5525990203022957 2.202333450317383 0.6866959407925606 477.8169939443469 0 1.986249156296253 2.145088024437428 955.1974917277694 181.942944817245 3.536234252154827 0.2003539055585861 3.667799331247807 7.859965182840824 69.8531883507967 3.48403088748455 436.5941245183349 14.34286066144705 128.1131094992161 29.43238366395235 153.6607997938991 14.78150057047606 0.7790619730949402 6.323861196637154 0.1278764307498932 0 0.1921941637992859 56.68741422146559 0 9.299789316952229 33.89309883862734 3.310696661472321 109.6907325983047 40.74315264821053 0 75.06570901721716 0 2.378732234239578 18.11067532002926 1.313669919967651 0 0.2655892968177795 0 73.30863421410322 0.1917017698287964 1.222226694226265 0.3570035174489021 311.6853795871139 0 0 0.8276108875870705 215.8941726833582 5.567239120602608 4.480443984270096 0 0 0.8822369873523712 3.004127502441406 0.265909343957901 32.57107065618038 0 7.604039169847965 4.769924879074097 77.20368510484695 0 0 0
102.2014582157135 11.32846856117249 974.9699930623174 0.6795019060373306 0.6339223235845566 11.60114555805922 412.9962033554912 116.2434529066086 128.9050645828247 4.725934691727161 9.322329856455326 0.9276311621069908 8.124054677784443 156.179429911077 7.4798878505826 2831.365510076284 563.1641566306353 2.304473049938679 40.46013656258583 0.5525990203022957 12390.16662959754 293.0186003819108 15851.80903722346 1004.95943517983 1.761155642569065 28.91400983929634 1272.379922449589 7291.324332758784 383.0729147344828 11400.48479221016 0 6.627120621502399 81.44465043395758 6406.593266524374 500.3077557757497 6798.134502962232 2711.087663814425 5326.249841965735 3342.844364799559 390.2032683193684 33.54100150614977 5.865552395582199 75.67258020490408 3.163186997175217 2.179981388151646 1.354119703173637 0 0 0 4.73393128067255 1.519505985081196 18.05574410408735 0.4971056059002876 0 0.1202640607953072 0.1221337988972664 2.686072513461113 0 535.1886360198259 3.792177550494671 0 1.076953552663326 0 213.1909293234348 275.8984951227903 152.7635199204087 440.920484893024 0 0.9096644595265388 41.74172914773226 131.0422985702753 6.924048192799091 251.0224586054683 0 0 2.132889479398727 53.30307701230049 38.00011932104826 243.9012340828776 15.46489627659321 41.10004357993603 27.12018474936485 6.520199045538902 0.2893998920917511 2.757655128836632 0.3823240101337433
0.2531782016158104 1840.294131867588 110.7014806047082 2.810167536139488 0 5.407840795814991 151.5166446194053 6.302601180970669 2475.15541870147 8.859818406403065 2.414246551692486 26.05068948119879 8.705466963350773 3.291097491979599 76.68632639944553 3059.821309924126 7.101158626377583 0.5596117824316025 1.405418902635574 2.202333450317383 293.0186003819108 1648.962706111372 540.5657201185822 7166.232284501195 18.65088453143835 62.47407501935959 3590.924339793622 539.2299901098013 20.18241660296917 106.4333065971732 0.5630182027816772 0.496532566845417 19.40626157820225 67.81569138169289 8.410877719521523 524.5022499337792 255.8022491410375 179.3172169625759 83.09761843085289 59.12310171872377 0.1392599493265152 0.9294860363006592 2.488311417400837 1.916949592530727 177.2572952508926 33.63701179623604 0.6787838190793991 0.166394367814064 0.3609046936035156 4.623754918575287 0.7517351359128952 36.61164551973343 0.420430526137352 0.8718501180410385 1.095198221504688 2.612113565206528 1.851413793861866 0.7381066605448723 1016.024439305067 8.78928479552269 0.3718139231204987 1.822006106376648 0.8323908299207687 87.3772496804595 552.614691965282 399.3390142396092 324.348080649972 6.275219812989235 3.918634831905365 1127.422697082162 48.31850600987673 1.410323090851307 91.82971752434969 0 0.2025788426399231 0.528111569583416 42.13906911015511 3.571629777550697 239.9084060564637 152.9340104833245 132.8087629824877 106.3197470009327 5.537139326334 1.714380338788033 0.4542880058288574 1.22064620256424
294.7184612303972 15.65825733542442 7659.9514266029 1.274499014019966 2.344284802675247 31.61279536038637 472.2469508349895 388.0033352375031 103.8409143537283 10.78698570281267 30.03586282581091 2.470070220530033 59.81098096072674 447.0264112502337 6.7155442237854 3094.493554770947 7122.276015602052 9.221637040376663 152.0991071537137 0.6866959407925606 15851.80903722346 540.5657201185822 14765.64205047488 325.0241896361113 1.909458354115486 906.0248329415917 9056.252425990999 3416.436134591699 944.7814006283879 5308.670232340693 0.0855751559138298 12.17723296582699 65.74256514012814 3814.595141775906 764.4949052259326 11169.18671164662 13261.96775244921 9666.569145433605 6536.634804129601 586.9198632389307 53.21341022104025 99.78816078603268 79.74700979143381 1.649688556790352 55.24639836698771 65.97062934935093 0 0 0.1239530071616173 5.274569503962994 1.345905289053917 9.351600423455238 0.3210298120975494 1.730964981019497 0.2848121225833893 1.235870666801929 2.104366071522236 0 1574.573695510626 15.99359931051731 1.32148227840662 2.285322763025761 0 126.8385684639215 810.1559856757522 759.7822542414069 223.633049108088 0.8700809255242348 4.685233317315578 1434.235171236098 37.77513056993484 1.68195266276598 94.32793514430523 0 0.333890825510025 0.6205028891563416 69.01817994564772 72.55109959095716 658.491099126637 450.6029733195901 230.0829839631915 170.9860831946135 19.4980054050684 3.641280673444271 1.033274568617344 1.036856293678284
24.19925639033318 771.4171424359083 38.75272008776665 1256.781104959548 0.6493605747818947 226.410063624382 1230.257156930864 132.6064448058605 13611.04522144794 984.293238773942 5.412592180073261 630.0742690339684 7.690476305782795 121.3696776255965 684.1449636891484 2636.37734670192 4.231673054397106 0.9656296968460083 2.027586281299591 477.8169939443469 1004.95943517983 7166.232284501195 325.0241896361113 14311.44733101875 0.581608958542347 11.66196177154779 1370.609776034951 11255.09596569836 604.2411698028445 2318.659353941679 0.3267971724271774 6.465144276618958 151.5589482560754 301.7012883275747 94.2573267146945 2826.827227339149 151.7913521155715 610.6835130006075 287.4708358123899 542.0846566110849 56.88733861595392 3.410637363791466 24.41252278536558 30.13745289295912 4.760288529098034 3.995884902775288 119.0038806647062 0.2493167966604233 30.39647457003593 314.0722832456231 54.12253977358341 1120.107689887285 143.1340463161469 0.275010384619236 173.6236406564713 0 71.19470302760601 48.06324762851 309.0761850178242 4.666265957057476 0.525155283510685 2.171491362154484 187.0906354784966 152.9333309978247 259.5252143442631 59.87513516843319 3449.741610616446 0.1902482062578201 4.090703964233398 27.85989821702242 2015.001601152122 115.6832375228405 435.1347178146243 0 0.4198542535305023 19.11912485957146 73.67813181877136 13.61440359055996 513.2867981418967 8.405695699155331 126.1644333004951 41.94217883050442 207.8516382426023 25.04499468207359 2.009194888174534 3.028772100806236
0 1893.781076766551 3.013794913887978 0 0 0.7193675562739372 0.07808370888233185 1.274769812822342 0.8017913922667503 1.531792335212231 482.9612455591559 0.8425036519765854 3308.576404951513 0.6064162850379944 0 0 202.2961990758777 89.06856938451529 200.5180262848735 0 1.761155642569065 18.65088453143835 1.909458354115486 0.581608958542347 244.1208851784468 1266.631904445589 5021.534807130694 0.3077487200498581 1.253382742404938 0.8017662167549133 1193.901049777865 1.510109104216099 0.665713369846344 66.00835357606411 4.978975310921669 74.98401494324207 425.8367957100272 415.01210488379 93.23267532885075 5.694518759846687 10.33524358272552 474.7495399266481 9.450338751077652 0 49.40786585956812 0 0 0 0 0 0 0 0 253.1257854774594 0 1566.086584195495 0 0 0.6140865087509155 0 0 1.175165668129921 0 0 0.4868572056293488 0 0.3760519623756409 139.8349457755685 71.72643252462149 270.3346887007356 0 0 0 125.6262619793415 0 0 66.05025523900986 2.682887434959412 5.325669810175896 237.0439302027225 63.26871283352375 14.89583077281713 0 0 93.53070747852325 0
10.98807473480701 2693.017390206456 2710.111474331468 1.15756643563509 27.0815414339304 77.48845828324556 20.9838486649096 109.073038674891 10.2181906029582 10.53443233296275 5768.277741447091 16.54710597544909 1166.662009865046 58.09011749178171 7.541746690869331 2.486905962228775 3358.431319251657 2817.322528511286 6272.280765622854 1.986249156296253 28.91400983929634 62.47407501935959 906.0248329415917 11.66196177154779 1266.631904445589 17485.50964526832 8474.877443768084 22.32997347414494 138.245295420289 41.31532420217991 275.2931525036693 162.9923137575388 7.273324370384216 1928.52045314759 43.58911100775003 1746.586243838072 9894.228081151843 5272.428924269974 1499.369778357446 29.28292424976826 21.41378603130579 318.3336282297969 6.001932263374329 0.07410351186990738 663.7516702339053 9.811351008713245 0.1634147018194199 0.8104408383369446 0.5976817905902863 0.8824655041098595 0.6774604022502899 5.648460574448109 0 161.0204813852906 0.1903720125555992 875.3792408108711 0.5291767194867134 0 4.238723829388618 58.72317290306091 14.68709237128496 107.8651131391525 0 0.5056775137782097 11.51140341162682 2.942878596484661 10.63428450375795 277.6470160782337 2296.60178989172 4712.155595093966 2.51340714097023 0.5420462638139725 1.855334147810936 500.8424956798553 0 0 47.62492880225182 4.50844644010067 60.31229808181524 869.8895893469453 72.52381495386362 18.2504620179534 2.651404611766338 0 29.58194561302662 1.053460940718651
20.10232829302549 8651.229192405939 10276.34619304538 14.65494173020124 4.916701160371304 45.38663294166327 984.2939382344484 185.3785821646452 277.4938766881824 53.21816565096378 1337.15459998697 9.831386841833591 3806.025624617934 97.15819953009486 13.84216625243425 2841.435743436217 3038.134813442826 324.8660696223378 1148.01616628468 2.145088024437428 1272.379922449589 3590.924339793622 9056.252425990999 1370.609776034951 5021.534807130694 8474.877443768084 19633.10287670046 2443.62108630687 115.7312746793032 101.1679694950581 874.137434206903 35.93938173353672 19.02631483972073 2777.399773180485 224.0048080533743 6512.144383400679 8096.327727124095 10531.35955449939 2749.909243293107 202.6898439005017 12.65531565248966 211.4283555299044 23.05862834304571 2.341724187135696 5088.956256248057 223.5698984861374 0.08239078521728516 0.1633925139904022 2.370635934174061 12.28658946603537 3.108061663806438 14.69191407412291 0.6889724731445312 219.6249575093389 0.9882275089621544 678.5465902015567 4.636544987559319 0.1175501793622971 723.6444704011083 246.1328746303916 21.51066412031651 167.7650257200003 1.725793302059174 77.72641730308533 1827.995218858123 907.5940517112613 75.44680652022362 944.8751753941178 3601.699225194752 15797.06356751174 16.67864575982094 5.947063557803631 15.51829896867275 391.1350780576468 0.7297909781336784 0.2775010168552399 244.7894562706351 37.63260106742382 544.020393371582 2265.470199048519 544.7177131697536 290.9124148190022 15.00400008261204 2.313082814216614 28.39864179491997 1.874536767601967
121.0089115574956 25.83678278326988 992.1601743102074 2582.369782850146 2.918451443314552 1145.608710639179 20172.28155423701 904.7181700840592 2472.680070221424 7421.605107374489 7.375297762453556 1130.025573194027 23.12421459704638 588.3751710653305 96.20968912541866 1426.678108289838 32.01546011120081 2.190484952181578 7.683349676430225 955.1974917277694 7291.324332758784 539.2299901098013 3416.436134591699 11255.09596569836 0.3077487200498581 22.32997347414494 2443.62108630687 20711.59353905916 1656.410647921264 10944.57365100086 0.3255224004387856 20.77220798283815 491.8238005414605 1465.700435861945 263.5665642544627 5394.386039555073 363.9142307564616 2177.191415660083 1094.858469702303 639.4315630123019 101.889837577939 10.13901702314615 56.30696152150631 42.5565377920866 6.218921191990376 3.937513545155525 126.2362528368831 0 28.98543031513691 297.5034343376756 53.4208964407444 712.7750829979777 141.3156156614423 1.055371776223183 149.543740965426 0 82.97197715938091 32.69846671819687 306.2499918863177 6.005770169198513 0.6248826682567596 3.129203349351883 196.8406870812178 173.1597251221538 131.7058680057526 73.48286677151918 3673.097822315991 0 4.22865853458643 80.43563516438007 2414.532114982605 138.6093016862869 488.2931303083897 0.4691630601882935 0.2429531589150429 29.65774970501661 75.52443451434374 24.87525921314955 441.7976949810982 14.70725169032812 115.6769000142813 47.26051465421915 173.1916531547904 10.62003439664841 5.310864567756653 3.328132346272469
2143.696820244193 2.158363029360771 1746.795764703304 95.41791605949402 185.9276767224073 1326.116710759699 2350.663876544684 2752.586688596755 131.2194906622171 892.9586891010404 131.6928803995252 845.6884265318513 17.20871143788099 5116.909797243774 195.351575024426 41.36675102263689 235.7497424706817 38.86242022365332 74.3041772544384 181.942944817245 383.0729147344828 20.18241660296917 944.7814006283879 604.2411698028445 1.253382742404938 138.245295420289 115.7312746793032 1656.410647921264 13445.50464189053 9247.601271368563 4.351782619953156 2670.003605149686 2414.810214169323 4655.409303285182 9.897279433906078 560.7444356828928 73.23355956375599 1634.433422297239 197.0383869484067 280.8932330384851 82.20707847177982 6.954358518123627 9.776393488049507 1.105089962482452 1.556921437382698 0.2881983518600464 6.173002287745476 0 2.486306726932526 15.59318041056395 3.002952679991722 26.17069328576326 8.260260887444019 0 6.134319044649601 0 1.896205134689808 1.465340383350849 5.325279213488102 0.3769702315330505 0.142828956246376 0 8.971244812011719 1.577336750924587 3.97075542062521 3.322844617068768 140.5301831066608 0 0.1706724166870117 12.65258246660233 109.2039129063487 4.609578311443329 9.469806186854839 0 0 0.4114221706986427 1.892362244427204 1.604302078485489 22.40912769734859 1.920380316674709 7.400799185037613 2.608883023262024 9.850965797901154 0.5751578807830811 0.4199592471122742 0
