1167.139692269266 0.4643549248576164 377.4868535473943 8.694834589958191 0.2580605447292328 10.73465179651976 1003.38821092248 885.6604194492102 3.551679521799088 21.19599705934525 13.18281026929617 2.825022041797638 0.3470912501215935 4745.404625698924 0 0.6916938498616219 297.4354645013809 15.29415690898895 38.58916821703315 3.999472238123417 72.53171508014202 0.2223678529262543 182.5309573188424 76.57697376608849 1.098152227699757 189.0848769955337 42.95539660006762 151.9236587584019 4274.169188737869 3762.598691374063 0.6064309328794479 8.065340496599674 65.80135540664196 257.2213958352804 3.81165350228548 94.54506711661816 5.593083471059799 271.4671078771353 42.25536129623652 7.844189837574959 3.390750795602798 1.621475078165531 0.6361374109983444 2.704096682369709 0.7261940538883209 0.6879576221108437 0.442062996327877 0 0.08487978577613831 23.86065268516541 1.425829604268074 2.560054413974285 0.3328411132097244 0.09477310627698898 0.1421749740839005 1.772487610578537 6.363756783306599 0 5.233011066913605 0.415909618139267 0.2110863476991653 0.1146868318319321 0.4510811865329742 9.150761298835278 0.4262051284313202 2.582031287252903 32.71163461357355 0.1514111310243607 2.983530066907406 6.362631902098656 58.63426770269871 5.274895183742046 23.39609957486391 0 0 0.09355520457029343 1.744176872074604 0.3507350534200668 16.84497332572937 0.3517363518476486 7.508004374802113 3.26561363786459 0.7190315872430801 0.2939839735627174 0 0
0.4643549248576164 184.6520162075758 35.31146255135536 0.2689317241311073 0.5532199367880821 0.09963640570640564 0.1322474628686905 0.2904545590281487 535.0932927802205 0 25.92974488437176 2.019467674195766 556.136940151453 0.9831036701798439 11.5115587040782 80.40545275807381 30.97407831996679 2.39992368966341 23.2291047796607 0 2.940364629030228 1585.646110095084 18.45574355870485 804.2801054343581 2034.120416678488 332.0480942353606 9857.535548463464 13.06526702642441 0.4124495759606361 1.879451513290405 23.55573064088821 0 0 19.04993380606174 2.1358622610569 47.44726701080799 45.61874172836542 61.11070274561644 26.40271712839603 7.231155268847942 0.4282733798027039 78.53027962893248 0 2.295022442936897 91.59226436167955 146.4547995552421 0.3230392411351204 0 0 7.713492497801781 0.882544606924057 1.138335354626179 0.8134745582938194 22.60568859428167 0.9551642164587975 40.89556024223566 2.185132324695587 0 3.600867055356503 111.5177564620972 2.976162135601044 61.50153615325689 0.2518985569477081 3.217720709741116 14.03485302627087 31.65726189315319 3.936654441058636 16.13134215772152 282.3349217250943 1461.31609043479 3.624338023364544 1.377967298030853 12.70670760422945 10.98813672363758 0.1076450869441032 0.1220013946294785 7.533798433840275 0.6724565476179123 71.37781438231468 27.13900762796402 51.43655963987112 22.45246757566929 3.442288964986801 0 5.839523293077946 0
377.4868535473943 35.31146255135536 5245.889250226319 3.929913192987442 0 41.70340665429831 428.1178974434733 340.6232130602002 0.1044184491038322 39.01261212676764 26.83810916543007 0.6093766242265701 2.182376034557819 1239.74915459007 0.1692697554826736 6.75638236105442 5699.326024033129 55.48149909824133 296.8606651946902 1.37381137907505 205.1959500610828 31.01474586129189 7179.134630799294 16.99049343913794 0.4487434178590775 7797.445389710367 3553.805634483695 112.9670849665999 351.5618463903666 2191.909778520465 5.265439338982105 1.281088709831238 9.000558353960514 796.2032162845135 32.54349713027477 1393.821661502123 925.7704308256507 1759.660157442093 661.4630024507642 39.74024376273155 2.428433135151863 1.235852763056755 6.909401744604111 0.3628654107451439 100.0396504700184 651.1557534635067 0 0 0 9.509061545133591 1.618975654244423 0.5718749016523361 1.136773437261581 0 0 0.383711040019989 0.6174282059073448 0 24.86793146282434 169.2685332745314 0.9796288907527924 5.18336808681488 0 22.82905807346106 45.1739122569561 193.7790109813213 10.8162886723876 0.2544574216008186 53.18608989566565 1639.092875465751 13.36837524920702 0.7476181983947754 20.64683386683464 0 0.1022224649786949 0.1902602761983871 9.282431460916996 2.777439936995506 112.9624878242612 20.41255255788565 74.67494041472673 32.29796670377254 8.308171480894089 0 0 0.4335017800331116
8.694834589958191 0.2689317241311073 3.929913192987442 1342.112547799945 3.149116858839989 103.9275730997324 199.141554556787 44.62293530255556 1466.810319930315 3102.113914072514 1.059892609715462 4553.454407982528 0.09729623794555664 23.75335722416639 163.393956027925 0.2971205115318298 0.4292035549879074 0.6809064969420433 2.100803181529045 2758.402636677027 9.977920643985271 0 2.474337287247181 1215.493223316967 0 1.99316032230854 3.994499839842319 3075.938447088003 78.97200626134872 10.07036574929953 0.1787465438246727 3.50208306312561 12.17242737114429 31.09450969099998 7.183427840471268 256.111169628799 1.315583273768425 105.244795806706 60.8863986954093 357.4634889662266 8.376988783478737 0.1302956789731979 2.078599438071251 0.6539461091160774 0.3396141901612282 0.1754652410745621 223.6190991178155 0 11.69835850596428 286.2010964080691 8.530986733734608 139.1265178322792 401.2370695322752 0.08290546387434006 142.8785908892751 0 9.876062773168087 11.96678188443184 0 0 0.1099632456898689 0.2463081330060959 374.3432424739003 0.1161213740706444 1.753552615642548 0.1944059729576111 206.5813779607415 0.2186003178358078 1.350318431854248 2.830632992088795 244.3977927863598 1.727923981845379 2.531596392393112 0 0 0.1343704760074615 2.31657600402832 0 15.27609506249428 0 21.21641198545694 2.284418493509293 59.33111211657524 0.9197538495063782 0 0
0.2580605447292328 0.5532199367880821 0 3.149116858839989 61.81854774057865 160.5102378055453 1.224754601716995 5.533780381083488 67.30132754147053 4.869703784584999 0.9122756272554398 31.42971631884575 1.738217890262604 0.314469113945961 891.7511156797409 0 0 0.1869849190115929 0.1177767962217331 3.664410255849361 0 1.027819320559502 0 20.62287988513708 0 0.1886635273694992 0.5066189765930176 1.891832448542118 0.8246020525693893 0.116371750831604 0 910.1657684221864 0 9.214738555252552 0.1375685036182404 9.754920110106468 0.476454108953476 15.77263364195824 15.79202618449926 1204.203064292669 21.21559980511665 1.778540596365929 0 0 0 0 0 0 0 0 0 0 0 0 0 0 0 0 0 0 0 0 0 0 0 0 0 0 0 0 0.221349909901619 0 0 0 0 0 0 0 0 0 0 0 0 0 0 0
10.73465179651976 0.09963640570640564 41.70340665429831 103.9275730997324 160.5102378055453 13739.73659566045 1192.147699773312 6920.511497072875 76.57573822885752 10565.29885993153 40.09309539198875 3922.666346594691 13.26068815588951 1248.754772648215 3572.320034511387 0.3539088815450668 18.02431819587946 20.29676953703165 21.92466763406992 424.4056235775352 46.629574008286 0 20.16294737160206 116.3246473073959 0.1480948776006699 40.14352924376726 13.84148509055376 388.4617995917797 617.3003138154745 50.47895632684231 2.016680888831615 605.077280625701 3.191527672111988 219.713207192719 3.757515519857407 237.0577477440238 10.66211802512407 428.7193050831556 122.8421788141131 2147.413295127451 83.70497236400843 20.10833601653576 4.037758484482765 1.207612112164497 0.2836944162845612 0.2295759618282318 12.40327919274569 0 2.05820494890213 88.20459281653166 3.296412512660027 13.50317071378231 29.95738220214844 0.3624530807137489 12.89684873819351 0 3.561799563467503 0 0 0.3193940371274948 0 0 19.84419664740562 0.3998389691114426 0.5046455711126328 1.566744893789291 47.5767472833395 0 1.565212480723858 1.734279401600361 58.12472327798605 2.767386108636856 5.489802047610283 0 0.1629800871014595 0 0.4607473388314247 0 9.161509163677692 0.1223083734512329 4.574231430888176 0.14351786673069 8.896794229745865 0.2898200303316116 0 0
1003.38821092248 0.1322474628686905 428.1178974434733 199.141554556787 1.224754601716995 1192.147699773312 17669.73967716098 2135.885246984661 258.7361018061638 13247.025105156 12.85687040537596 23.43316980451345 3.106484204530716 6141.257066890597 18.76642650365829 9.548388808965683 62.39038418233395 7.599901586771011 13.75645019114017 106.2707946896553 1001.742930524051 1.394321709871292 381.0386036634445 2741.45876673609 2.133085250854492 126.120600014925 249.6161109954119 15941.32037581503 1519.739694982767 5869.853055737913 0.5776301696896553 20.36530734598637 266.8616649135947 484.61119556427 57.83523540943861 2667.160876527429 56.97348798811436 1465.737096406519 736.835073158145 305.4683876931667 66.39075289666653 2.224266409873962 18.29452937096357 22.31935303658247 1.216518059372902 3.532571561634541 91.64626982063055 0.173291802406311 10.70789262652397 767.8844200372696 40.4086150676012 169.7330920100212 164.9290185421705 3.108904123306274 26.88641480356455 0.1124110966920853 71.42707452178001 3.644353926181793 10.90976726263762 1.080526642501354 0.7770703062415123 0.08208080381155014 98.41663479059935 13.72132457047701 6.980389803647995 13.06746317446232 500.1925464570522 0.6087496131658554 3.025445625185966 39.06815883517265 630.1084001064301 37.72801489382982 64.93420274555683 0.09698549658060074 1.424946948885918 1.318401880562305 10.99905370920897 5.683222442865372 104.4275566115975 5.336447201669216 76.97442081570625 18.50154056400061 47.63636644184589 7.955143861472607 0.1533161699771881 1.702141791582108
885.6604194492102 0.2904545590281487 340.6232130602002 44.62293530255556 5.533780381083488 6920.511497072875 2135.885246984661 7241.883097410202 14.88744859397411 2347.745988704264 62.53035020828247 797.7058925256133 28.0510666295886 8689.603387318552 276.6078216508031 0.8191889300942421 224.6512733697891 32.9213549643755 46.35518584400415 206.3502229377627 169.8349175900221 0.2136034071445465 139.4577418118715 231.5365588366985 0.2009780704975128 250.5217155516148 62.47289356589317 343.3024443313479 826.6462765485048 511.5754241868854 2.430447153747082 200.7207784950733 6.469650968909264 605.8887119144201 8.568519994616508 484.5895867049694 31.10639782994986 614.1676182672381 220.0321650505066 498.2674217820168 129.1346462965012 26.19725591689348 8.287414968013763 5.567600578069687 0.1663280725479126 4.156032465398312 9.007240474224091 0 1.532115176320076 164.3249830678105 6.666365049779415 15.21243629604578 12.40262810140848 0.6098272651433945 1.044161722064018 1.34933327883482 17.38260582834482 1.306593298912048 2.966876156628132 1.484085895121098 0.3120638430118561 0.08551844954490662 4.32373433560133 3.848516769707203 1.404695585370064 4.087938256561756 105.5615175738931 0 1.979498349130154 14.76002032309771 151.162389293313 9.376586422324181 40.57380804419518 0 0.2438681423664093 1.083669632673264 1.271303921937943 1.972589641809464 29.24303869903088 1.313767269253731 14.24291764944792 3.961031764745712 6.840407587587833 1.772903241217136 1.78431224822998 0.1953470408916473
3.551679521799088 535.0932927802205 0.1044184491038322 1466.810319930315 67.30132754147053 76.57573822885752 258.7361018061638 14.88744859397411 1023.346991986036 461.7032352536917 4.950403772294521 826.4194317013025 71.1324649900198 9.97965744882822 527.9293696507812 10.83798566460609 0.4963156133890152 0.4565535038709641 0 962.5277148634195 13.60893110185862 2222.750852435827 2.088476955890656 7143.634275175631 167.4373138919473 10.09457388520241 614.8221298977733 992.0844702795148 9.378615848720074 28.57658922672272 7.16222170740366 5.224097691476345 0.9629955813288689 3.26561675965786 0.5316095948219299 26.13014535605907 2.471919931471348 13.18329657614231 5.141152061522007 257.1422261074185 2.446296706795692 7.447281010448933 0.4154694899916649 25.92041070759296 2.16325581818819 1.822952404618263 162.1187070757151 0 11.31995438039303 349.7485930249095 22.79114841669798 95.79361589998007 190.8035463839769 5.321703240275383 69.16450257599354 4.040268532931805 56.25038684159517 7.204322695732117 54.93146608024836 1.402379356324673 0.5942055061459541 0.6593775823712349 187.7748518064618 62.74688483774662 41.32429383695126 6.533851452171803 1326.186586931348 3.570314235985279 9.448805503547192 17.37986919283867 687.5764816105366 52.11612360179424 111.5443661510944 2.224083371460438 0.3459819927811623 4.723561502993107 12.01377131044865 2.41854465007782 88.62214470654726 3.700356088578701 44.72602352499962 15.07696169614792 34.63738355785608 3.482105299830437 1.454239740967751 2.399856649339199
21.19599705934525 0 39.01261212676764 3102.113914072514 4.869703784584999 10565.29885993153 13247.025105156 2347.745988704264 461.7032352536917 24210.34208598733 37.81991996616125 2615.584343917668 5.39960315823555 971.2340605780482 157.3394907787442 0.9137486442923546 11.85818203538656 26.33640003949404 32.85112428665161 2595.798659335822 93.92377059161663 0.1369200199842453 27.25412949919701 711.6727085188031 4.074609369039536 52.64223108440638 33.14895509928465 7446.555166132748 732.5347987413406 73.06590369343758 2.026201635599136 68.38342723250389 61.6554851308465 450.4224774166942 28.51409213989973 1617.010717228055 36.42663999646902 1387.370041422546 487.4699684754014 492.091709882021 106.551942653954 5.91829826682806 15.4104722738266 3.506572671234608 0.2718922197818756 0.6590563356876373 218.8280609175563 0 13.44109755009413 533.9405071735382 20.49819312989712 108.8776603192091 455.7911392301321 0 123.6967588290572 0 18.19905652105808 4.658613763749599 0.4838690683245659 1.041832588613033 0.3683687299489975 0.1491664350032806 333.6546292155981 0.2108633443713188 4.210647836327553 2.730655893683434 310.5869301632047 0.1711842119693756 1.391615450382233 9.411275967955589 401.8484847396612 7.423637606203556 7.810517050325871 0 0.4929977059364319 0 3.441492766141891 0.7853769212961197 30.36267767101526 0.2592685520648956 23.763442479074 7.728094413876534 47.10677915066481 3.55254852771759 0.6169871687889099 0.8572750091552734
13.18281026929617 25.92974488437176 26.83810916543007 1.059892609715462 0.9122756272554398 40.09309539198875 12.85687040537596 62.53035020828247 4.950403772294521 37.81991996616125 9964.1457811445 29.95620010793209 1899.268336832523 51.06119327992201 1.107543520629406 1.059509105980396 444.8028807863593 2976.085974037647 1035.436369366944 8.497641623020172 37.43819312751293 8.976771004498005 63.59804216772318 9.147370636463165 671.5608606860042 2695.65329091996 391.5980338454247 10.78588648885489 119.2343913540244 44.94046010822058 464.6593382209539 45.78874532133341 9.252284102141857 5472.779402717948 7.150168478488922 236.0946455672383 4481.906477943063 3739.134970799088 482.0558053925633 18.37233767658472 23.31642757356167 934.650439016521 1.296018376946449 0.2813857793807983 3.632838845252991 0.3209810554981232 0 0 0 2.572062954306602 0 0.2944048196077347 0.1632359623908997 577.8187624886632 0 1044.123377069831 0.08581367135047913 0 0.1763098016381264 0.3107699751853943 18.16266071051359 0.8244773223996162 0 0.2930828630924225 0.6573999896645546 0.4272531196475029 1.003343358635902 43.14358252286911 78.20910998433828 83.08721639215946 3.205359943211079 0.2975758612155914 0.2954566478729248 116.7722307890654 0 0 0.2939278408885002 4.377257116138935 13.15260415524244 349.4768484160304 29.63240081816912 3.126291401684284 0 0 479.395949922502 0
2.825022041797638 2.019467674195766 0.6093766242265701 4553.454407982528 31.42971631884575 3922.666346594691 23.43316980451345 797.7058925256133 826.4194317013025 2615.584343917668 29.95620010793209 4489.045203432441 6.130431719124317 301.7263345569372 1123.348842613399 0 4.275726512074471 15.50739674270153 24.38262734562159 2819.093387976289 0.4266013130545616 6.836747542023659 0.9176327511668205 423.1086847111583 7.492633536458015 21.56921216100454 10.13535510003567 305.8243393301964 302.8069509416819 2.21909836679697 0.9681743010878563 54.78606846928596 1.612872123718262 210.2437980398536 4.180941730737686 324.527085006237 11.09747093915939 525.8944417536259 84.32946874201298 1364.413557216525 25.21507205069065 1.893385291099548 2.608542993664742 0 0.1455469578504562 0 53.4517605304718 0 7.534537933766842 49.52716548740864 1.625375494360924 42.47259771823883 123.7722585201263 0 87.60552123188972 0 1.643018648028374 15.17587177455425 0 0 0 0 125.2882044091821 0.09949936717748642 0.2404311001300812 0 28.62666226178408 0 0.4864700138568878 0 49.75302317738533 0.09930181503295898 2.830750115215778 0 0 0.252397894859314 0 0 6.056696772575378 0 2.927794426679611 0 68.80242194235325 0 0 0
0.3470912501215935 556.136940151453 2.182376034557819 0.09729623794555664 1.738217890262604 13.26068815588951 3.106484204530716 28.0510666295886 71.1324649900198 5.39960315823555 1899.268336832523 6.130431719124317 3472.41076605767 3.598231129348278 4.324806526303291 3.769911706447601 5.13380278646946 39.46654615551233 8.68289964646101 0.8511119708418846 7.651091456413269 177.642301119864 12.10291841626167 83.86981073766947 4352.078481219709 865.9311794340611 3368.281718239188 4.15005798637867 14.13575505465269 6.270351484417915 1449.744761891663 42.14588537067175 0.5488486066460609 259.1908993348479 18.62221126258373 1463.680577419698 3295.522629007697 3350.732415102422 415.789430744946 96.83780936151743 141.162094630301 1337.003997609019 8.42712439596653 0.08859297633171082 6.608729913830757 0.3319111764431 0 0 0 1.132402658462524 0 0.4718637242913246 0 911.427669711411 0.1027673855423927 1644.859296381474 0.08298315852880478 0 0 1.667467825114727 14.16481613367796 3.57048524171114 0 0.09298457950353622 0.6088828220963478 0.8119217753410339 0.5552268698811531 120.7476358860731 150.5793763399124 169.4683351293206 0.3989097401499748 0 0.8741144463419914 217.0621625781059 0.1049567833542824 0 3.030840873718262 50.05493604391813 126.9639644250274 408.185309574008 50.49729998409748 27.70284214615822 0 5.769180417060852 803.9116245880723 0
4745.404625698924 0.9831036701798439 1239.74915459007 23.75335722416639 0.314469113945961 1248.754772648215 6141.257066890597 8689.603387318552 9.97965744882822 971.2340605780482 51.06119327992201 301.7263345569372 3.598231129348278 11332.77927646786 20.8848095536232 1.039429001510143 640.0834967717528 45.64787695556879 97.92803659290075 111.1810444295406 432.0163772329688 0.5454631596803665 550.9135756120086 203.0638548508286 0.4587222933769226 660.2472941279411 131.5354791805148 356.5753446742892 5595.579001069069 3113.065310917795 1.99099625647068 50.97016019374132 22.8181446865201 667.4233976006508 3.924842283129692 272.7181869894266 19.24774007499218 534.3383503854275 75.72340223193169 65.06517793238163 8.334394834935665 2.655779622495174 1.393608711659908 8.239565499126911 1.532967686653137 9.137508079409599 6.40543120354414 0 0.7314671874046326 138.7945275381207 9.150475613772869 13.96349024027586 14.44414703547955 0.2016646787524223 2.156167104840279 1.569101139903069 18.98028190433979 0 7.326501570641994 2.431215792894363 0.258474200963974 0.3960681781172752 4.996811181306839 12.07500137388706 2.050456292927265 9.693932190537453 101.6046512499452 0 4.978505231440067 32.18303406983614 160.6478010416031 11.83114255964756 46.97097703814507 0.07703732699155807 1.140467539429665 2.341419957578182 4.636974789202213 1.257270582020283 40.35726098716259 1.128835171461105 21.62184868007898 5.908241644501686 9.692472517490387 3.498136170208454 0.8261536359786987 0.1570799499750137
0 11.5115587040782 0.1692697554826736 163.393956027925 891.7511156797409 3572.320034511387 18.76642650365829 276.6078216508031 527.9293696507812 157.3394907787442 1.107543520629406 1123.348842613399 4.324806526303291 20.8848095536232 482.5990169495344 0 0 1.160063967108727 1.156667076051235 200.2211343050003 0 41.29134803265333 0.4868346154689789 962.6468956023455 4.690896578133106 1.362313106656075 20.36345513164997 68.95876839756966 32.21836110204458 1.576121211051941 0.09463450312614441 1096.146104604006 0 19.48119422793388 0 138.0156383663416 0.6720271557569504 24.16130549460649 8.922628313302994 1393.317302800715 68.79286888241768 2.497903011739254 0.2307792007923126 0 0 0 0 0 0 3.691811628639698 0 0.805185079574585 9.721057713031769 4.749106429517269 21.58271598815918 9.55731575191021 0 8.013193130493164 0.1383849680423737 0.108664408326149 0 0 4.806485742330551 0 0.1990826278924942 0.2088562324643135 1.384233631193638 0.1645491719245911 0.148207426071167 0.6217936649918556 1.041205942630768 0 0 0 0 0 0.09510330110788345 0 7.329022035002708 0 0.1710593700408936 0 6.355355739593506 0 0 0
0.6916938498616219 80.40545275807381 6.75638236105442 0.2971205115318298 0 0.3539088815450668 9.548388808965683 0.8191889300942421 10.83798566460609 0.9137486442923546 1.059509105980396 0 3.769911706447601 1.039429001510143 0 1884.778123572469 4.679177835583687 0 0.4117077961564064 0 532.1801418438554 1483.457174159586 2547.457876428962 815.099803969264 8.6062982827425 4.138875730335712 4779.127801023424 537.1962776705623 27.1213296726346 45.05252555012703 0.3217334821820259 0 9.102477729320526 41.61114449054003 20.17552229017019 1094.013450697064 415.8431611210108 267.1045500040054 411.0726714581251 39.36437479406595 3.426226109266281 0.9562320411205292 10.87969844043255 4.184189319610596 3.039699472486973 4.675528347492218 0 0 0.2369057387113571 6.922205574810505 1.904179342091084 5.095893912017345 0 0 0 0.1544549763202667 4.916103474795818 0 2517.591317310929 8.926212318241596 0.09434236586093903 1.340861067175865 0 721.0885233432055 920.6808268651366 2162.420346260071 113.9039199501276 0.3119941651821136 6.356855303049088 363.9621198475361 100.4630186110735 10.50999580323696 120.641485594213 0 0.1388667821884155 1.049450911581516 3.890626035630703 4.024268038570881 190.2431475818157 14.32049126923084 32.14623970538378 31.4109163582325 6.104061119258404 1.013260081410408 0.7515196055173874 0.5028775185346603
297.4354645013809 30.97407831996679 5699.326024033129 0.4292035549879074 0 18.02431819587946 62.39038418233395 224.6512733697891 0.4963156133890152 11.85818203538656 444.8028807863593 4.275726512074471 5.13380278646946 640.0834967717528 0 4.679177835583687 1196.343240760267 408.1802065819502 2833.537274070084 1.220974981784821 1385.197333656251 7.391510769724846 1997.463130362332 13.19959187507629 3.400608867406845 4291.683467917144 4721.515397273004 18.98990982025862 830.4079799726605 2666.754455178976 7.014891982078552 3.530900068581104 43.16064255684614 4099.721047513187 10.12753693759441 534.6309429034591 206.5915852934122 2866.225541837513 574.9632555022836 15.13764111697674 1.320480495691299 0.7927557528018951 2.299829863011837 1.043270960450172 48.34258849918842 80.41558311879635 0 0 0 3.315048843622208 0.2567074298858643 0.4391605108976364 0 1.13556282222271 0 1.714383885264397 1.709498576819897 0 2.782420724630356 67.07113722711802 0.9681882336735725 30.66445116698742 0 7.281890586018562 4.60897471010685 24.61614871770144 4.998500801622868 1.007723413407803 177.1611589863896 375.3672097176313 6.452218569815159 0.4118124470114708 10.35576182603836 2.150489054620266 0 0 5.051317691802979 0.2551306486129761 32.89956530183554 13.23920956254005 28.20172374695539 8.265374310314655 0.6116600632667542 0 0 0
15.29415690898895 2.39992368966341 55.48149909824133 0.6809064969420433 0.1869849190115929 20.29676953703165 7.599901586771011 32.9213549643755 0.4565535038709641 26.33640003949404 2976.085974037647 15.50739674270153 39.46654615551233 45.64787695556879 1.160063967108727 0 408.1802065819502 271.196563705802 1198.491807766259 5.355700448155403 12.99076836556196 0 24.68376934528351 2.694303303956985 11.81131917238235 1627.494258403778 350.9624841958284 5.561535239219666 64.77013277262449 34.6692478954792 30.1638573333621 20.91420549154282 1.200988031923771 1537.761554822326 4.540443100035191 323.9483113363385 1093.189807936549 1466.654823713005 546.1817514002323 7.658625274896622 3.28649041056633 27.45210588723421 1.2274289727211 0.08539948612451553 1.224846884608269 0.350851021707058 0 0 0 3.89698414504528 0 0.3703265637159348 0.2894887030124664 36.50680898874998 0 74.52812636643648 0 0 0.1901385635137558 0.5879637822508812 18.15686997771263 1.519008114933968 0 0.212312713265419 0.18207748234272 0 1.325820818543434 15.97584684938192 112.4576238244772 74.10274781286716 2.141366869211197 0.2077825218439102 0.07176040858030319 44.2854308784008 0 0 0.346715547144413 2.712112724781036 7.165450476109982 2.008099161088467 1.91002231836319 0.2555548921227455 0.8231864869594574 0.4071204960346222 2.171172201633453 0
38.58916821703315 23.2291047796607 296.8606651946902 2.100803181529045 0.1177767962217331 21.92466763406992 13.75645019114017 46.35518584400415 0 32.85112428665161 1035.436369366944 24.38262734562159 8.68289964646101 97.92803659290075 1.156667076051235 0.4117077961564064 2833.537274070084 1198.491807766259 899.6282519847155 7.69352750480175 134.0611527785659 1.331346280872822 415.8382992967963 5.589183613657951 5.787647254765034 3858.94873829931 1159.355610445142 8.959924757480621 143.7305686958134 334.8930023759604 10.38656500726938 16.93759620934725 7.923838905990124 3015.952763274312 5.431670419871807 608.1746651232243 658.1492766514421 2663.462431162596 826.0254448875785 12.47699645161629 0.3256417885422707 2.776616558432579 1.801680974662304 1.065101958811283 38.39820094406605 7.94548774510622 0 0 0 5.892033495008945 0.3138039261102676 1.215571969747543 0 7.116018310189247 0 14.90069400519133 1.049251154065132 0 1.028345704078674 22.15804151445627 11.28999751061201 41.93582095950842 0 1.735223427414894 1.151435971260071 5.554700650274754 1.788711234927177 5.021787703037262 287.2557558268309 278.8300096318126 4.045748502016068 0.7914138734340668 5.294673666357994 14.10346908867359 0 0 2.481013990938663 0.3294156193733215 21.8751612380147 7.584990151226521 12.97684396058321 3.34521659463644 1.082230851054192 0 0 0
3.999472238123417 0 1.37381137907505 2758.402636677027 3.664410255849361 424.4056235775352 106.2707946896553 206.3502229377627 962.5277148634195 2595.798659335822 8.497641623020172 2819.093387976289 0.8511119708418846 111.1810444295406 200.2211343050003 0 1.220974981784821 5.355700448155403 7.69352750480175 448.6561624854803 1.293093375861645 0.2203056439757347 1.08654260635376 367.9133091494441 0.2228999435901642 8.278381302952766 3.436306990683079 995.0964039564133 135.675653398037 2.168136581778526 0.311676912009716 12.77099969238043 7.02721281349659 88.40227701514959 6.325984425842762 414.3240008205175 7.264238521456718 325.1529627591372 114.4975135177374 485.2472415566444 23.1314837411046 1.422004610300064 6.70965151488781 0.1385017484426498 0.2485886067152023 0.184588298201561 157.3821143433452 0 13.36270372569561 229.3173325434327 6.13501813262701 80.18383453041315 287.6717650964856 0 123.8177264034748 0 4.678064994513988 9.290864229202271 0 0.3160264641046524 0 0 270.1390936002135 0 1.646758168935776 0.1704353541135788 146.8093702346087 0.2583586275577545 0 1.734182953834534 166.7654812410474 3.542441599071026 0.633627638220787 0 0 0.2641789019107819 0.6916411966085434 0 12.46372757852077 0 12.49873750656843 3.347939401865005 41.9589576125145 0.2171456813812256 0 0
72.53171508014202 2.940364629030228 205.1959500610828 9.977920643985271 0 46.629574008286 1001.742930524051 169.8349175900221 13.60893110185862 93.92377059161663 37.43819312751293 0.4266013130545616 7.651091456413269 432.0163772329688 0 532.1801418438554 1385.197333656251 12.99076836556196 134.0611527785659 1.293093375861645 8967.654976867139 105.3915634676814 7743.54779869318 443.4363481327891 0.7372432723641396 54.58814001828432 1068.879269607365 4548.735104344785 202.3255741596222 10002.35089533776 0.7317150011658669 0.8083189651370049 54.31116472184658 3609.350287638605 127.8401546701789 5649.924801558256 1189.098773322999 4799.176179774106 3831.579035423696 233.1604667380452 17.43998265266418 5.232577160000801 44.89200872182846 10.78534136712551 1.745444662868977 7.003074832260609 0.4634505361318588 0 0 16.07204958796501 4.030829302966595 9.988216385245323 0.5515392422676086 0.6049938499927521 0.07491917163133621 0.4756402373313904 15.18888591974974 0 695.4704583361745 4.652636505663395 0.5372991934418678 1.614232502877712 0.6460721790790558 728.7993250116706 160.7567371279001 451.1910780146718 211.6130670309067 0 8.001336298882961 47.44940233975649 189.6868836209178 24.75349427014589 189.6877836361527 0.1827296614646912 0 1.640846006572247 8.97393336892128 7.228680640459061 263.0242475643754 5.467324756085873 27.47143606841564 15.11444446444511 4.796412132680416 0.4847211390733719 2.933030545711517 0.6074215248227119
0.2223678529262543 1585.646110095084 31.01474586129189 0 1.027819320559502 0 1.394321709871292 0.2136034071445465 2222.750852435827 0.1369200199842453 8.976771004498005 6.836747542023659 177.642301119864 0.5454631596803665 41.29134803265333 1483.457174159586 7.391510769724846 0 1.331346280872822 0.2203056439757347 105.3915634676814 1126.928302615881 222.7503038048744 5859.307778254151 584.8882429599762 26.70748000591993 3726.763648018241 142.0476531982422 3.325265951454639 3.451576218008995 11.81272734701633 0.3087234348058701 1.904333829879761 3.686351463198662 0.8894567415118217 14.51462436467409 10.57387432456017 12.97742158919573 6.591107100248337 29.4535578340292 0.237251490354538 17.91956898570061 0 2.292385034263134 5.937796920537949 16.66105322539806 1.394953191280365 0 0.3007009476423264 6.586695201694965 0.1128934100270271 3.513292990624905 1.428926184773445 8.837537303566933 0.5910787135362625 11.0774557814002 2.286859385669231 0 1517.865110754967 8.754314556717873 1.373075276613235 1.528369218111038 0.6430007070302963 401.1015548184514 284.0980723574758 649.8058231547475 186.0595791488886 1.156655080616474 15.02970979362726 857.5473705381155 70.87377300858498 7.693869523704052 50.06951896846294 2.78994745016098 0 1.096327632665634 2.81387598067522 4.497738972306252 81.87218300253153 14.10197477042675 19.91364000737667 19.80446396768093 4.034416809678078 0.1953841298818588 2.406668901443481 0.320960521697998
182.5309573188424 18.45574355870485 7179.134630799294 2.474337287247181 0 20.16294737160206 381.0386036634445 139.4577418118715 2.088476955890656 27.25412949919701 63.59804216772318 0.9176327511668205 12.10291841626167 550.9135756120086 0.4868346154689789 2547.457876428962 1997.463130362332 24.68376934528351 415.8382992967963 1.08654260635376 7743.54779869318 222.7503038048744 9294.870353288949 487.7333206608891 1.133071564137936 819.6085324212909 12460.39888861775 1324.923063248396 297.5915660485625 8314.264850027859 0.4274705126881599 1.273845933377743 15.26365584135056 2884.230125635862 240.4150037840009 9168.986263424158 4735.334580115974 6549.077501758933 6433.404929175973 473.4643881395459 26.45612931996584 11.4972463324666 66.94335761666298 3.045249797403812 11.98655330389738 198.3704675957561 1.029083415865898 0 0 28.62915483117104 1.933968216180801 0.9237260669469833 0.459983766078949 1.221809037029743 0 2.160946570336819 4.51207509636879 0 2155.796175591648 20.38977407664061 0.2353759557008743 1.79119499027729 0 322.4285700470209 563.3736342340708 2718.153984420002 29.15052102506161 0.3610371276736259 8.06451952457428 2206.300813369453 36.11064147204161 2.299689039587975 55.7570842653513 0 0 0.3693647384643555 6.729002729058266 13.32789458334446 264.9694648310542 21.72462371736765 44.71963592618704 53.03356202691793 6.675148643553257 0.3277931958436966 1.228106319904327 0.7391218841075897
76.57697376608849 804.2801054343581 16.99049343913794 1215.493223316967 20.62287988513708 116.3246473073959 2741.45876673609 231.5365588366985 7143.634275175631 711.6727085188031 9.147370636463165 423.1086847111583 83.86981073766947 203.0638548508286 962.6468956023455 815.099803969264 13.19959187507629 2.694303303956985 5.589183613657951 367.9133091494441 443.4363481327891 5859.307778254151 487.7333206608891 7527.904120132327 206.1373681351542 23.0082260966301 4299.260667033494 7577.471951320767 369.621223911643 229.7940317988396 7.716167472302914 8.56637716293335 54.83330478519201 141.2557249516249 30.88018546253443 1326.070197530091 53.74017079174519 485.105329580605 260.6271035373211 440.7483668029308 22.06628173589706 8.027776218950748 10.38246946781874 105.0645474866033 8.823234625160694 16.69377270340919 346.0024166554213 0.1389179229736328 32.86619511246681 1736.101856417954 105.0761217102408 1070.762421473861 571.6869875863194 13.84643074125051 140.1273005604744 9.520688161253929 229.0163144916296 6.458821587264538 499.1571182832122 12.43775993585587 4.627273663878441 5.494630493223667 432.8748072087765 663.6367204412818 270.5135945379734 167.5529048293829 2844.768538638949 3.712178610265255 35.06650120019913 127.5310904607177 2734.724639564753 203.7943174988031 598.6222378462553 1.83712650090456 5.505122419446707 21.07812022417784 57.25842265039682 19.78762026876211 512.2148720249534 12.46693602949381 259.6464922428131 77.74584478884935 118.5685616061091 26.67114669084549 4.485019020736217 5.457864910364151
1.098152227699757 2034.120416678488 0.4487434178590775 0 0 0.1480948776006699 2.133085250854492 0.2009780704975128 167.4373138919473 4.074609369039536 671.5608606860042 7.492633536458015 4352.078481219709 0.4587222933769226 4.690896578133106 8.6062982827425 3.400608867406845 11.81131917238235 5.787647254765034 0.2228999435901642 0.7372432723641396 584.8882429599762 1.133071564137936 206.1373681351542 1037.893298365176 576.4743894785643 4783.32869592309 3.260825805366039 0.4217453896999359 1.582877144217491 462.6144903451204 2.562096193432808 0 57.22420013695955 3.609086871147156 246.1793851107359 115.1277129799128 236.9854053556919 82.95423091948032 38.83726516366005 150.2404894828796 673.3731399923563 15.30754382908344 0 28.44531678408384 0.3343422710895538 0.212258443236351 0 0 0.359227366745472 0.1049962937831879 1.867031089961529 0 400.5974715352058 0.2320220321416855 1879.94749596715 0.2956313118338585 0 0.3171798884868622 4.110929973423481 16.78924453258514 8.804547421634197 0.2425744235515594 0 3.042568534612656 0.2892107665538788 0.5376944169402122 91.4054387062788 440.1337469443679 787.4359003007412 0.3053941950201988 0.437069833278656 0.7202399224042892 211.2601831331849 0 0 6.298561304807663 11.14810314774513 33.68442175537348 130.7280819565058 86.8401320502162 3.617034681141376 0.5955365896224976 2.602467060089111 526.9081193953753 0
189.0848769955337 332.0480942353606 7797.445389710367 1.99316032230854 0.1886635273694992 40.14352924376726 126.120600014925 250.5217155516148 10.09457388520241 52.64223108440638 2695.65329091996 21.56921216100454 865.9311794340611 660.2472941279411 1.362313106656075 4.138875730335712 4291.683467917144 1627.494258403778 3858.94873829931 8.278381302952766 54.58814001828432 26.70748000591993 819.6085324212909 23.0082260966301 576.4743894785643 24404.48830036074 14021.40926798433 18.38625235110521 345.6686704084277 436.5960610285401 825.5755323022604 25.18157425522804 12.48254203051329 1837.38232717663 31.54670891910791 2237.736827105284 4756.948634490371 4842.880555652082 1664.429436817765 27.16938719153404 6.574333302676678 106.3025891929865 7.701425082981586 6.630516692996025 584.2280595302582 222.9120329916477 0.1890160888433456 0 0 18.39417374879122 3.670071341097355 3.334391675889492 0.1294634193181992 374.004047639668 0 1087.762103289366 13.2947054952383 0 4.345487624406815 542.1926610991359 235.1941020861268 413.0578991696239 0.1906686574220657 13.89805249869823 10.01313604414463 38.77431173622608 13.95025096833706 304.747899338603 4068.51158721 3975.2224913463 6.855466485023499 6.482968106865883 37.94928244501352 493.4193753376603 0.2079529538750648 0.3174832612276077 28.46734297275543 7.392029166221619 228.344166457653 134.2855946868658 191.2012662813067 48.85043162852526 8.751699700951576 0.239018589258194 10.71612087637186 0.1550342887639999
42.95539660006762 9857.535548463464 3553.805634483695 3.994499839842319 0.5066189765930176 13.84148509055376 249.6161109954119 62.47289356589317 614.8221298977733 33.14895509928465 391.5980338454247 10.13535510003567 3368.281718239188 131.5354791805148 20.36345513164997 4779.127801023424 4721.515397273004 350.9624841958284 1159.355610445142 3.436306990683079 1068.879269607365 3726.763648018241 12460.39888861775 4299.260667033494 4783.32869592309 14021.40926798433 27956.84743244201 1242.952233172953 96.51738138496876 263.598261885345 2121.856001213193 5.747808128595352 11.67336375266314 2277.149804249406 145.5785609036684 5575.565208539367 3751.774595342577 6766.856564097106 2384.221123345196 171.7411147654057 7.248036704957485 38.32449905574322 29.93405150622129 14.40509029477835 2751.457482427359 2286.933866985142 2.054692156612873 0.1031975448131561 0.8295666053891182 87.99301850050688 6.54926697909832 9.670374661684036 2.950339131057262 270.0857279375196 0.4585879445075989 703.6399377733469 31.01006804406643 0.132636696100235 1391.709835074842 1366.300057552755 155.8249362632632 397.4004283547401 1.048671871423721 129.8596186190844 1423.953027203679 1861.57265483588 104.3211080059409 615.5152247101068 4523.116296999156 16093.25915965438 91.30323892831802 21.23434074223042 126.3149556517601 426.7736985757947 0.1949189007282257 1.594937108457088 79.65509773045778 13.09237353503704 757.3384028673172 218.6168558746576 587.5877086743712 217.3551833257079 40.50496807694435 0.7120929658412933 9.436933040618896 1.957585006952286
151.9236587584019 13.06526702642441 112.9670849665999 3075.938447088003 1.891832448542118 388.4617995917797 15941.32037581503 343.3024443313479 992.0844702795148 7446.555166132748 10.78588648885489 305.8243393301964 4.15005798637867 356.5753446742892 68.95876839756966 537.1962776705623 18.98990982025862 5.561535239219666 8.959924757480621 995.0964039564133 4548.735104344785 142.0476531982422 1324.923063248396 7577.471951320767 3.260825805366039 18.38625235110521 1242.952233172953 16130.76942029595 762.1865694001317 4835.688588432968 0.7597536742687225 12.49899309873581 193.2181152626872 444.2420028448105 73.58143934607506 3135.867397263646 90.70787793397903 1392.983412384987 775.4912429749966 271.145876146853 46.84899778664112 6.826402924954891 21.63742572814226 72.13903477787971 4.102213464677334 11.60558672249317 198.8803898021579 0.4680735096335411 17.51355683803558 1344.9682488814 73.03928726166487 357.1942108869553 384.2144706249237 2.903584182262421 81.96277937293053 5.214528977870941 168.4064457044005 8.221077896654606 173.1739536076784 7.321829028427601 1.693806573748589 1.695467188954353 300.1371313259006 294.1478208601475 70.539829172194 54.39719066023827 1467.545410960913 0.5114811956882477 22.58091310411692 59.93807949870825 1679.011110901833 152.7495550364256 507.5771843791008 0.1375066787004471 4.479673713445663 12.57587970048189 39.29180993139744 10.91435876488686 343.3105446100235 7.054423555731773 148.8672249019146 48.92130301892757 93.77082532644272 18.4355326294899 2.227008819580078 3.525177426636219
