632.991908878088 0.4152206182479858 143.4625102430582 17.69930236041546 0 15.21077491343021 887.8824811652303 227.2640926241875 8.256503216922283 131.8221021816134 3.497380994260311 5.326408684253693 0.1027756407856941 4135.168007239699 0 1.337294451892376 138.0360367968678 2.326829664409161 28.46435085684061 15.75170291960239 45.69587787240744 1.036546908318996 122.8994541689754 46.92029923945665 0 30.07088353484869 33.17873358726501 116.3847270235419 2312.049072615802 2350.443675048649 0.07932591438293457 3.716587714850903 68.45661440491676 229.033610843122 3.849245816469193 189.3493355587125 11.17903570830822 110.5781192183495 49.31171733140945 9.432335764169693 7.30929884314537 0.8384517207741737 2.45855637639761 0 0.140483632683754 0.3163463026285172 0 0 0 2.474743567407131 0.6685978919267654 1.949695624411106 0.08546508848667145 0 0.2432536780834198 0 1.530210606753826 0 2.667423099279404 0 0 0 0.1422918140888214 3.31501929461956 6.356338039040565 1.097114279866219 12.62504440546036 0 0 1.658423267304897 38.25625664740801 2.682341352105141 4.595438733696938 0 0 0 1.198688842356205 1.025077804923058 11.00928197801113 0.335725910961628 2.559092693030834 0.6377551853656769 0.8394158780574799 0.1513552367687225 1.252683877944946 0
0.4152206182479858 84.9339144974947 278.4315108060837 0.1968814209103584 0 0.4759487956762314 9.40881036221981 0.9519562572240829 362.6597820594907 1.280878618359566 56.22477480024099 0 462.156598366797 1.667241774499416 1.84038732945919 152.5242455303669 802.7552375867963 20.74876949191093 12.03878469765186 0 6.380824409425259 2052.060611844063 60.20275970548391 868.891092069447 1775.564440771937 405.8345034718513 7596.790776245296 50.36530996114016 2.136900931596756 8.839195892214775 140.8638605624437 0 0.2346599996089935 91.0316296517849 3.563980400562286 262.6495514810085 111.566205278039 405.6263641417027 156.5857911556959 5.435332305729389 0.2755254209041595 130.3002262711525 1.196865290403366 0 54.65762486308813 87.61075697094202 0 0 0 1.970502346754074 0 1.214167527854443 0 1.067254096269608 0 3.769241996109486 0.1536289677023888 0 5.566640205681324 7.112066820263863 0.9761305972933769 7.055774793028831 0 0.3483953773975372 34.0747926980257 10.04425884783268 4.399539716541767 5.484151177108288 91.4963551312685 1207.477448262274 5.673794664442539 0.2830187007784843 0.7403226345777512 1.410700142383575 0 0 2.589708156883717 0.4136767387390137 9.18495824187994 4.486391194164753 7.796945884823799 5.468955881893635 0.5358878374099731 0 0.2669797241687775 0
143.4625102430582 278.4315108060837 3078.216724179685 2.267231747508049 0.2195422053337097 39.22181317210197 493.4596878439188 561.091124728322 2.574810467660427 165.7355112433434 26.10887331515551 0.90782081335783 2.066950738430023 446.7573169395328 0 5.683702237904072 6269.702357664704 32.43666262924671 645.4812889099121 0.5716199725866318 1687.374776795506 181.9193078577518 9540.813590832055 13.12230458110571 3.075238764286041 5668.469090476632 8139.575106076896 33.9762302711606 159.7631454393268 1625.245702244341 0.7904375940561295 3.141614265739918 11.72244197875261 987.260714918375 19.90015492588282 1585.41446492821 1809.609172284603 2309.958280995488 858.0261438339949 48.7915276363492 13.63962701708078 6.577247776091099 5.087898589670658 0.9926997572183609 92.56729581952095 637.6763484701514 0 0 0.4595593810081482 9.228006690740585 0.5295367538928986 0.1294450908899307 0 0.5040466710925102 0 0 1.154194489121437 0 74.95033444464207 31.24444201588631 0.1031462475657463 5.69706030189991 0 9.445546351373196 195.4221886843443 111.0853921025991 13.32977883517742 0.430019199848175 58.59003336727619 3104.559146374464 15.25950352847576 1.906306490302086 3.469563707709312 0 0 0 13.28840478509665 5.758778020739555 60.4775922447443 7.488260760903358 36.80118855088949 29.42299318313599 0.3965818732976913 0.8839635103940964 0 1.512149155139923
17.69930236041546 0.1968814209103584 2.267231747508049 1911.835991419852 0.9877697080373764 59.67272885888815 343.7465465813875 65.705177500844 1393.606140002608 3610.758033789694 1.715324126183987 1352.11294933781 0 123.6131895557046 42.76434064656496 0.4075705632567406 0.3616274073719978 0.08146179467439651 0.6651108488440514 2360.882883675396 1.42661502212286 0.5782976150512695 1.061381138861179 1211.876525387168 0 0.2782997786998749 4.843856297433376 5558.111698925495 165.1594270393252 7.720870941877365 0 1.719273649156094 20.19581911712885 38.59858486801386 8.530261188745499 350.4814520180225 5.980527825653553 87.86957321316004 48.74838942289352 73.71016382426023 26.30850978195667 1.248825587332249 5.843642733991146 1.513043805956841 0 0.2374962717294693 132.8513351008296 0 10.78515624254942 118.2508968561888 10.25782649219036 181.5870681554079 259.6247471645474 0.9873476922512054 82.21660071611404 0 9.823122121393681 2.265076339244843 0.1404201090335846 0 0 0.09237370640039444 113.4191947355866 0 0.6755175143480301 0.4103403687477112 233.5612719282508 0 0 0.7508113831281662 335.7507515400648 6.983075320720673 0.2045072093605995 0 0.4262838289141655 0 2.983020976185799 3.444536164402962 21.30490408837795 0 6.802241764962673 3.082154415547848 41.93746154010296 1.001547753810883 0 0.1776187717914581
0 0 0.2195422053337097 0.9877697080373764 20.16185867786407 94.42402199655771 0.3199397623538971 64.12179075181484 46.39079269766808 0.7863431796431541 0.9590862393379211 95.48486752808094 0 1.163536198437214 1376.733797103167 0 0 0.7953175753355026 0.4614746272563934 2.582982018589973 0 0.1706029325723648 0.4274194240570068 7.875808626413345 0.1939868330955505 0 0 1.435068801045418 71.20624823868275 0.1636895090341568 0 120.9103035926819 0 83.69136866927147 0 0.5649573504924774 3.230881705880165 44.12599056959152 9.779356151819229 764.2021917998791 9.640819013118744 1.035970330238342 0 0 0 0 0 0 0 0 0 0 0 0.8142855167388916 0 0 0 0 0 0 0 0 0 0 0 0 0 0 0 0 0 0 0 0 0 0 0 0 0 0 0 0 0 0 0 0
15.21077491343021 0.4759487956762314 39.22181317210197 59.67272885888815 94.42402199655771 7337.092509202659 2613.480259723961 3913.909799188375 61.10105239599943 5186.172217391431 69.85762187093496 3063.260054551065 5.947156250476837 956.7089593112469 717.4593784883618 1.304671883583069 6.443115197122097 9.04734094440937 11.77413932979107 268.7439221516252 23.33061243593693 2.317123107612133 21.06033591926098 130.9637770205736 2.178369343280792 15.5247451364994 21.37659372389317 952.629011683166 959.8879453614354 55.76060290634632 0.6526709347963333 845.2945660799742 17.58125697821379 867.5545964092016 11.34610309451818 505.8154421150684 40.53096602857113 624.9972025901079 231.4246401563287 1893.622016429901 318.1681252270937 79.89613603800535 26.67565460503101 0.6362969875335693 0 0 4.546117067337036 0 1.203736737370491 28.74578137695789 1.97017814964056 10.16283774375916 9.233676038682461 4.690613195300102 7.169130906462669 0 1.346089571714401 0 0 0 0 0 2.676315411925316 0.6042288839817047 0.1515780389308929 0.1758236587047577 29.48499543964863 0 0.092583067715168 0.8373603820800781 45.49644896388054 3.4196667522192 4.819894425570965 0 0.6361700296401978 0.09648120403289795 0.2995167300105095 0.1233191713690758 21.49754576385021 3.316648945212364 6.535365596413612 4.255131229758263 7.082054898142815 2.425690658390522 2.852058216929436 0.8706498891115189
887.8824811652303 9.40881036221981 493.4596878439188 343.7465465813875 0.3199397623538971 2613.480259723961 9495.853084117174 3408.251161798835 252.753127284348 7440.639365941286 5.435449227690697 53.67834375053644 0 5353.813452430069 9.766754508018494 22.01552777737379 28.26339863240719 1.808756440877914 4.867789946496487 145.556766025722 642.8621144965291 36.7696323171258 309.7179254367948 3154.493886485696 0.758957102894783 33.80429095774889 258.2952506691217 14692.88910611719 909.3401426523924 2299.214648582041 0 14.45007856935263 128.7282983288169 216.7193243727088 30.162343531847 1338.89374730736 24.58862448483706 419.2852652221918 245.9590639099479 216.9040317609906 84.19359505176544 3.791156716644764 30.41595800220966 6.356305740773678 0 3.669980138540268 33.58353955298662 0 16.26427918672562 239.5828851535916 21.01294232159853 58.78974018990993 112.3371968865395 2.953712292015553 18.80179230123758 0 17.6113795787096 3.026706218719482 9.214520983397961 0 0.08114723116159439 0.09979209303855896 29.08178749680519 1.236552484333515 6.525457717478275 4.075500756502151 268.4139277413487 1.33071756362915 0.2190542742609978 13.40139568597078 404.2005355879664 27.81773092597723 13.80159842967987 0 1.472370319068432 0.9096226915717125 7.525883786380291 1.302126057446003 96.52491179853678 1.555360063910484 34.98201598227024 9.206412442028522 57.05447570979595 10.46695084869862 0 1.425407454371452
227.2640926241875 0.9519562572240829 561.091124728322 65.705177500844 64.12179075181484 3913.909799188375 3408.251161798835 5527.22871734947 30.48086792230606 3337.679838053882 28.34361224621534 748.0572018846869 3.443275026977062 3796.908551935107 165.8715573996305 0.8842742145061493 179.8933579735458 5.63770853728056 35.20604679733515 309.1419107019901 174.3249327465892 4.393318466842175 245.7421946078539 133.5816765427589 0.8970151990652084 71.11919638514519 87.7773126065731 393.9543242231011 405.0361294075847 866.2793882340193 0.1040451377630234 486.3312783762813 23.7314892411232 365.4033744335175 3.779058873653412 257.8067845329642 25.21866553276777 305.6319834664464 124.3057066351175 589.9373676255345 183.0457037910819 34.82443287968636 9.709416054189205 1.94525882601738 0 0.7177256047725677 4.387062937021255 0 1.118234783411026 45.80498360097408 1.25450923293829 7.482664987444878 9.414794258773327 5.125921458005905 3.54891811311245 0 5.311891116201878 0 1.318186566233635 0.1083313971757889 0 0 2.793078638613224 3.55881068110466 2.549409039318562 0.3821368589997292 57.07389125972986 0 0.3514878079295158 3.997609786689281 85.93442961573601 7.085737593472004 9.856581963598728 0 0.8167707324028015 0.1052985787391663 1.951524935662746 0.8146910890936852 22.29642750322819 1.330015636980534 8.781145326793194 2.115321263670921 6.377993956208229 0.5973029285669327 1.733495652675629 0.5604888051748276
8.256503216922283 362.6597820594907 2.574810467660427 1393.606140002608 46.39079269766808 61.10105239599943 252.753127284348 30.48086792230606 1021.330425322056 320.0250778570771 4.435078427195549 831.1928075104952 15.6397175937891 43.37834322452545 771.7439220994711 129.1160818487406 0.3380777090787888 2.030715301632881 1.118979848921299 1212.575598686934 48.24346605688334 2333.502309575677 30.94969542324543 10143.20684152097 58.05340548604727 38.95286872982979 392.0131500959396 1646.635297946632 59.38358410447836 268.0381867960095 14.46728122979403 1.655456520617008 8.044776372611523 23.01215547323227 3.156235575675964 194.9111996218562 4.645601481199265 43.73527740687132 19.99683997035027 351.112559042871 8.074059039354324 5.848609313368797 4.043601602315903 21.77183982729912 1.899385496973991 0.7492543011903763 138.1219465136528 0 21.56542187929153 265.415157623589 30.20956185460091 167.7277071624994 194.4253018349409 1.312151156365871 78.70782359689474 0.09733746200799942 36.83456239849329 13.25210227072239 470.7289830818772 1.258428350090981 0.08773499727249146 0.4031677320599556 84.28194317221642 234.3497293740511 48.20989985764027 115.1643926724792 1219.617502734065 0.5970492735505104 2.078567542135715 31.04712237417698 892.1005941405892 98.83168496191502 138.479466676712 0 1.231344126164913 4.932798996567726 19.6249720454216 3.71702629327774 107.9328931048512 3.75420143455267 43.78444607555866 18.1833163946867 92.31106125563383 8.878720253705978 0 0.9005165249109268
131.8221021816134 1.280878618359566 165.7355112433434 3610.758033789694 0.7863431796431541 5186.172217391431 7440.639365941286 3337.679838053882 320.0250778570771 23596.39397317916 17.96750894933939 2462.61993470788 0.4940159022808075 1491.16470329836 21.52205906063318 2.313098572194576 14.32987526059151 3.589199066162109 10.40456511080265 4363.209665961564 98.60605593025684 5.502635397017002 65.98494949191809 547.7115918621421 0.3843679130077362 21.67236737906933 44.88463154435158 5300.938869342208 1032.307139541954 117.4982297495008 0.2507562264800072 30.45521842688322 56.35062319785357 263.9255011081696 29.90952835977077 1055.228718593717 18.77907714247704 424.476527698338 160.8682084977627 304.9007462263107 83.51432749629021 8.110750027000904 32.59816270321608 2.812361195683479 0 0.3108211904764175 118.4823956266046 0 8.672436013817787 196.8704716265202 21.38185883313417 113.7074860855937 229.582614608109 4.043538890779018 70.53516086935997 3.574144601821899 16.34153977781534 2.067916944622993 0.5817664116621017 0 0.09242935478687286 0 95.9398814663291 1.07356584072113 0.5415957570075989 0.8611676543951035 241.2942103669047 0 0.4076726138591766 2.968468613922596 354.2419749721885 12.09258987009525 2.362581260502338 0 1.08093473315239 0.5472259446978569 1.900501795113087 1.752253845334053 63.57214749604464 2.77862036973238 21.34624331444502 3.881101258099079 60.81905782222748 2.99878916144371 0.4498977139592171 0.2756181061267853
3.497380994260311 56.22477480024099 26.10887331515551 1.715324126183987 0.9590862393379211 69.85762187093496 5.435449227690697 28.34361224621534 4.435078427195549 17.96750894933939 3853.553682141006 17.34889623522758 1478.188223801553 76.26777938008308 3.09725184738636 0.6330113485455513 327.3994823843241 2051.367322571576 3499.516051128507 5.620013199746609 3.759766936302185 13.84059655666351 12.43138149380684 9.189979396760464 1325.553668797016 1643.700792580843 577.1742191314697 9.249272987246513 284.6714569851756 11.4557576328516 77.03316085785627 116.3629326671362 3.465805992484093 3643.788992106915 9.253929972648621 550.2921748310328 5269.629920445383 5162.130694739521 881.1594618558884 50.23485974222422 75.87391851097345 1481.376312464476 27.20420066267252 0 14.09261140227318 1.143594212830067 0 0 0 1.360239945352077 0 0.9649259895086288 0 598.732090741396 0.1228659003973007 1338.769803524017 0 0 0 3.152424558997154 85.0797965452075 29.88905257731676 0.1723587512969971 0 4.473168432712555 0.1037219986319542 3.647753819823265 376.2212309241295 440.5203377529979 685.4480377584696 4.692048728466034 1.033565558493137 0.09290424734354019 175.0795052498579 0.3033585399389267 0 15.06682159751654 3.656050249934196 21.55568919330835 912.8767784386873 21.89399103820324 4.096296392381191 0.2269816100597382 1.672681592404842 509.6260698214173 0
5.326408684253693 0 0.90782081335783 1352.11294933781 95.48486752808094 3063.260054551065 53.67834375053644 748.0572018846869 831.1928075104952 2462.61993470788 17.34889623522758 4328.599683634937 0.8624048978090286 541.1508204340935 701.0849588885903 0 0.7641334757208824 2.719819210469723 6.722292207181454 1841.669318988919 0.6769626066088676 1.135145410895348 0.5323930233716965 346.5303516536951 0 4.870340071618557 3.393615439534187 299.6336265727878 416.3382859677076 5.193704552948475 0.3995211720466614 47.99042135477066 3.35191472619772 149.6565115451813 2.314019374549389 284.4719848707318 6.491649374365807 172.3237037286162 45.74096699804068 1236.07357198745 29.09603641927242 8.963039599359035 5.802334405481815 0 0.1499455571174622 0.1474044173955917 25.00020748376846 0 7.928748190402985 24.61185342818499 5.192602828145027 57.06740905344486 45.54972121864557 0 70.41085986793041 0 0.8352821543812752 0 0 0 0 0 22.66435464471579 0 0.1214234679937363 0 30.92114140093327 0.1211162731051445 0 0.2735359072685242 59.01312473416328 0.7359087616205215 0 0 0 0.1041212826967239 0 0.682131439447403 10.36750742048025 0.2122830748558044 2.560701854526997 0.2423817738890648 12.29547753185034 0.2390682622790337 0.7893199473619461 0.1555292010307312
0.1027756407856941 462.156598366797 2.066950738430023 0 0 5.947156250476837 0 3.443275026977062 15.6397175937891 0.4940159022808075 1478.188223801553 0.8624048978090286 1704.248841635883 5.978166230022907 0 3.083184227347374 1.957394957542419 72.23645283281803 12.46412333846092 0.1851498410105705 0.4859922081232071 63.87396043539047 1.217014044523239 25.41112700104713 4030.457271099091 229.0598974302411 2336.853980712593 2.694285966455936 9.779407881200314 0.3785087913274765 348.708226904273 8.017649531364441 0 169.7163011655211 1.20328526198864 83.12814342975616 1922.944030933082 1202.766014233232 161.6338809207082 9.854939609766006 41.35744892060757 853.7411703765392 11.81934835016727 0 25.80749167501926 0 0 0 0 0 0.194706454873085 0 0.0827186182141304 286.4635507166386 0 517.4070802330971 0.2450074404478073 0 0 0.1356812864542007 33.64753539860249 6.734482795000076 0 0 0 0 0.2600501775741577 185.6075558289886 195.5592201799154 228.175459176302 0.08865092694759369 1.605030879378319 0.2314285337924957 83.16049049049616 0 0 6.662983544170856 0 2.831993021070957 355.0531882569194 9.486000642180443 0.7239679247140884 0 0 179.6710675954819 0
4135.168007239699 1.667241774499416 446.7573169395328 123.6131895557046 1.163536198437214 956.7089593112469 5353.813452430069 3796.908551935107 43.37834322452545 1491.16470329836 76.26777938008308 541.1508204340935 5.978166230022907 7607.896450020373 55.13376647233963 2.201751455664635 257.5770861804485 14.77031943202019 61.44721325486898 309.9717296250165 109.5912354812026 4.556454680860043 261.7526018768549 223.0330056622624 2.403666011989117 82.37384362518787 93.38915210217237 526.9079835638404 4309.079385720193 2298.637919999659 0.4687924757599831 20.1818395331502 73.62274587154388 790.1561712548137 6.558592058718204 499.4246608018875 41.48140022158623 561.3152923211455 176.8278002031147 484.8978367373347 114.0558288469911 49.3045167401433 10.1852070838213 4.683638542890549 0.5386202037334442 1.046459168195724 6.662233255803585 0 2.424325615167618 67.57530131191015 2.338545978069305 12.66534211486578 9.244468666613102 2.327878706157207 4.508544184267521 0 3.741538599133492 0 4.586281403899193 0.7132084518671036 0 0 3.689087308943272 5.618791416287422 7.574735470116138 0.5942142754793167 85.46021523326635 1.597478926181793 0.3632114380598068 7.173065952956676 149.6354582235217 11.38843415677547 15.51859388500452 0 0.4150236845016479 0.2369431629776955 3.160928033292294 1.113439485430717 34.72800020873547 2.865262940526009 12.83538319915533 6.364466898143291 8.030022069811821 3.319469399750233 1.69529464840889 0.5526554882526398
0 1.84038732945919 0 42.76434064656496 1376.733797103167 717.4593784883618 9.766754508018494 165.8715573996305 771.7439220994711 21.52205906063318 3.09725184738636 701.0849588885903 0 55.13376647233963 304.4260737597942 0 0 0.1083154082298279 0.3656308725476265 94.64649935811758 0 13.98447027802467 0 699.8043644279242 0.2584357708692551 0.4318389073014259 1.329912833869457 42.24751222133636 39.48751612752676 4.6891218572855 0 418.0322569012642 0.1643780171871185 97.93302390724421 0 40.72557061165571 1.047980383038521 31.02856270968914 11.41897945851088 1154.194597110152 115.6127177923918 2.902156665921211 0 0 0 0 0.1614352911710739 0 0 0.9906703233718872 0 2.958965659141541 0.8981708139181137 0.5542965233325958 2.480523765087128 0 0.1265115141868591 0 0 0 0 0 0.1616808176040649 0 0.3608673214912415 0 0.9932344257831573 0 0 0 2.955195695161819 0.3461715579032898 0 0 0 0 0 0 0.1937634646892548 0 0 0.2345243692398071 0 0 0.2142132520675659 0
1.337294451892376 152.5242455303669 5.683702237904072 0.4075705632567406 0 1.304671883583069 22.01552777737379 0.8842742145061493 129.1160818487406 2.313098572194576 0.6330113485455513 0 3.083184227347374 2.201751455664635 0 1547.411741681397 3.508776307106018 0.5691766664385796 0.3409458994865417 0.09217973053455353 1291.941099099815 3769.267918072641 3278.931536540389 2668.145757526159 13.3782956302166 7.030844196677208 2497.131405502558 1009.932345338166 18.03932555019855 66.59605605900288 2.053804703056812 0 6.85384239256382 62.3135349303484 41.914591178298 2632.261916123331 624.2030187249184 267.5439719632268 507.3640991896391 54.4873213917017 5.972387850284576 1.707051679491997 11.69251804798841 4.92801458388567 1.489535391330719 8.945927061140537 0 0 0.2660831138491631 11.14407955110073 1.304965391755104 7.247049525380135 0.7049412131309509 0 0 0 5.560553051531315 0 2402.221229657531 3.11028228700161 0.0963422879576683 0 0.1192911937832832 607.23121124506 415.8917676508427 1175.504124306142 153.3915893137455 0.1092968210577965 0.3835300505161285 296.2261022254825 227.775445394218 48.92480313032866 111.5709624215961 0 0.1025465428829193 2.265434861183167 9.538370624184608 6.595040179789066 92.76721159368753 5.257137097418308 14.52089596539736 18.63736503571272 3.605254173278809 1.506537660956383 1.001041151583195 0.2577156499028206
138.0360367968678 802.7552375867963 6269.702357664704 0.3616274073719978 0 6.443115197122097 28.26339863240719 179.8933579735458 0.3380777090787888 14.32987526059151 327.3994823843241 0.7641334757208824 1.957394957542419 257.5770861804485 0 3.508776307106018 1363.1786172539 97.1782613992691 1801.318617776036 0.8524325489997864 368.7281422615051 58.68582241237164 2697.511147119105 6.658130623400211 13.57334423810244 3987.223090067506 4640.248041808605 6.164864435791969 235.3124811723828 944.0583939552307 1.662418939173222 3.450118213891983 17.18622419238091 2959.115258656442 1.764187455177307 546.5933168306947 485.5537476837635 1052.360011726618 268.8327672407031 9.905669398605824 2.281026586890221 0.4979704618453979 1.312359526753426 0 22.0132424980402 34.90154567360878 0 0 0 0.3001809120178223 0 0.1358910650014877 0 0.9952054917812347 0 0.2293664515018463 0 0 1.220457479357719 5.036442935466766 0 5.355939313769341 0 0.1401318162679672 6.768354654312134 3.690176717936993 1.464194975793362 0.4557210355997086 48.21569314599037 333.23002461344 2.083860546350479 0 0 0 0 0 2.251500695943832 0 13.73437751829624 0.1423230320215225 8.555268563330173 2.33811391890049 0 0.1249095723032951 0 0
2.326829664409161 20.74876949191093 32.43666262924671 0.08146179467439651 0.7953175753355026 9.04734094440937 1.808756440877914 5.63770853728056 2.030715301632881 3.589199066162109 2051.367322571576 2.719819210469723 72.23645283281803 14.77031943202019 0.1083154082298279 0.5691766664385796 97.1782613992691 170.189911223948 2043.12604405731 1.00413666665554 1.066873379051685 8.757011368870735 14.59614891558886 4.874032206833363 34.79472473263741 1429.977874048054 1008.011142365634 1.328610569238663 36.24016185849905 6.726508013904095 100.5174171775579 10.92114558815956 0.67812529951334 761.41009426862 4.47703318297863 461.1742147803307 1005.03531602025 1440.569354355335 451.4525767639279 8.841458685696125 4.425863534212112 50.71145425736904 3.501918502151966 0 16.64587349444628 0.6148475408554077 0 0 0 0.1264093220233917 0 0.09438835829496384 0.1428830474615097 7.956788338720798 0.1217200756072998 36.10985513776541 0 0 0.2911904975771904 1.725810416042805 10.50169915705919 20.77778167277575 0 0 0 0 0.5719136670231819 34.01444315910339 174.225212790072 269.7749878168106 0.2254548147320747 0.08975100517272949 0.08305706828832626 11.5241167768836 0 0 1.493312336504459 1.234142936766148 18.29424141347408 8.13147459179163 2.462367810308933 0.2634358331561089 0 0 0.275849461555481 0.1202796027064323
28.46435085684061 12.03878469765186 645.4812889099121 0.6651108488440514 0.4614746272563934 11.77413932979107 4.867789946496487 35.20604679733515 1.118979848921299 10.40456511080265 3499.516051128507 6.722292207181454 12.46412333846092 61.44721325486898 0.3656308725476265 0.3409458994865417 1801.318617776036 2043.12604405731 1549.92454880476 2.581910915672779 7.624196670949459 1.798366218805313 247.5872490480542 2.720324784517288 6.582109428942204 4678.989482425153 1266.910747431219 2.965902887284756 101.8379661589861 116.0811912342906 14.2901663556695 9.120180867612362 4.921449840068817 2576.706281460822 5.102495722472668 815.5535104125738 734.0322336107492 1854.373557604849 589.928616464138 14.53255507349968 5.981973230838776 13.43892879784107 4.548460856080055 0 15.61566439270973 6.675802782177925 0 0 0.08932826668024063 0.2444113492965698 0.1086430996656418 0 0 2.265973217785358 0 3.536916576325893 0 0 0 2.477078229188919 1.559715986251831 18.39504059404135 0 0.1844120621681213 0.3945216089487076 0.2848288714885712 0.09552369266748428 3.864819042384624 116.3626381009817 180.13964497298 1.695763044059277 0 0 2.385279193520546 0.08556000888347626 0 0.8590854108333588 1.312135308980942 23.87148495018482 4.003770343959332 3.402626305818558 0.459268257021904 0.09353986382484436 0 0.6404744386672974 0.1471911668777466
15.75170291960239 0 0.5716199725866318 2360.882883675396 2.582982018589973 268.7439221516252 145.556766025722 309.1419107019901 1212.575598686934 4363.209665961564 5.620013199746609 1841.669318988919 0.1851498410105705 309.9717296250165 94.64649935811758 0.09217973053455353 0.8524325489997864 1.00413666665554 2.581910915672779 716.9150395095348 0.3655021786689758 0.4222052469849586 0.9046694934368134 452.1108028069139 0 2.587721087038517 1.616548515856266 2646.303601793945 310.4142779633403 6.477501377463341 0.1393394023180008 11.74026453495026 14.49802167713642 84.78797838836908 4.155103676021099 305.80281072855 9.821886874735355 116.1450712531805 38.36476553231478 322.8556647077203 23.58622210472822 1.992262497544289 12.50645408779383 1.815415777266026 0.1448921263217926 0 120.9192406311631 0 14.88457212597132 114.349850460887 6.956991240382195 159.8128619641066 186.5679473727942 0.4974065274000168 69.7393985465169 0 8.040956623852253 1.848387829959393 0 0 0 0 88.77077575027943 0 0 0.1355752050876617 183.4721457436681 2.285151481628418 0 1.179980739951134 265.1732611656189 4.391610756516457 1.130328074097633 0 0 0 2.339982554316521 0.2220395505428314 14.55100025236607 0.4226986765861511 8.014043092727661 2.451440013945103 37.65143332630396 0.3816529884934425 0.09704278409481049 0.2634423971176147
45.69587787240744 6.380824409425259 1687.374776795506 1.42661502212286 0 23.33061243593693 642.8621144965291 174.3249327465892 48.24346605688334 98.60605593025684 3.759766936302185 0.6769626066088676 0.4859922081232071 109.5912354812026 0 1291.941099099815 368.7281422615051 1.066873379051685 7.624196670949459 0.3655021786689758 11262.29308473319 190.9567200914025 14206.21264488995 736.1974443420768 0.8967774733901024 30.57282472401857 919.6334774419665 2783.864782877266 94.74934960901737 7430.685640156269 0.5461067110300064 2.070845238864422 41.46774760633707 5211.389174938202 207.7554536834359 7014.410482570529 668.5412837192416 4994.88053753227 3579.220206923783 167.5737853720784 23.17506740242243 4.123633466660976 45.87698336690664 9.360263325273991 0 3.236403621733189 0 0 0.6320941001176834 13.84388292580843 2.290935330092907 6.09658508002758 0.3218719810247421 1.169964976608753 0 0 6.607577189803123 0 303.7078615501523 1.351428382098675 0 0 0 286.1964692696929 79.55256950855255 77.79659352451563 143.2686140835285 0 0.5650094151496887 25.08415202051401 292.4879445433617 60.8488824442029 104.0899589583278 0 0.3541237711906433 2.85534905642271 12.02281216531992 14.86957263201475 116.2674551978707 4.772807091474533 12.80248986184597 14.15641944855452 4.101290330290794 0.5256761461496353 0.3362401872873306 2.141846477985382
1.036546908318996 2052.060611844063 181.9193078577518 0.5782976150512695 0.1706029325723648 2.317123107612133 36.7696323171258 4.393318466842175 2333.502309575677 5.502635397017002 13.84059655666351 1.135145410895348 63.87396043539047 4.556454680860043 13.98447027802467 3769.267918072641 58.68582241237164 8.757011368870735 1.798366218805313 0.4222052469849586 190.9567200914025 1167.86047026515 567.9758902713656 6044.095285087824 497.0204188898206 105.7898510545492 3650.200244411826 312.1366756483912 5.689461827278137 54.81157680600882 45.68653958290815 0 2.391496196389198 87.13375512510538 4.20199091732502 292.2626635283232 98.37684386968613 164.7429127022624 122.1680600419641 25.02786302566528 2.631095767021179 9.237871751189232 2.163998857140541 1.342431418597698 21.52369101345539 67.92662265151739 0.1526567786931992 0 0.1004787310957909 10.58279591798782 1.038674779236317 12.89472978562117 0.5969262197613716 0.8416991606354713 0 0.8150728568434715 2.476994775235653 0 1840.217168591917 1.231676898896694 0.2956219092011452 0.4301417544484138 0.2127000987529755 270.5896238386631 152.1921523436904 678.0508847236633 121.6372722908854 7.031639136373997 3.194333136081696 962.5228520855308 82.55771638453007 16.34003617614508 32.16117428988218 0 0 1.159870557487011 6.25109276920557 0.9364592283964157 31.837378077209 3.639155320823193 12.22411207854748 12.16441338509321 2.405757933855057 1.145154379308224 0 1.298598617315292
122.8994541689754 60.20275970548391 9540.813590832055 1.061381138861179 0.4274194240570068 21.06033591926098 309.7179254367948 245.7421946078539 30.94969542324543 65.98494949191809 12.43138149380684 0.5323930233716965 1.217014044523239 261.7526018768549 0 3278.931536540389 2697.511147119105 14.59614891558886 247.5872490480542 0.9046694934368134 14206.21264488995 567.9758902713656 12060.22128608078 1718.49683919549 1.966912969946861 769.7832298502326 9711.485640689731 1674.574536204338 179.4371315613389 2830.88918183744 0.2549727335572243 5.603238001465797 17.66214947402477 3565.680378779769 295.888799585402 9868.921349324286 3743.906836666167 5571.412217102945 5481.261854574084 451.4637511670589 53.37595181912184 18.18200056254864 87.31607134640217 0.7824973315000534 1.6856439858675 72.60078156739473 0 0 0.1633193343877792 7.908945195376873 1.019879087805748 1.99076633900404 0 0.3675740882754326 0 0.1010861471295357 1.232905626296997 0 1428.935578025877 2.706971071660519 0 0 0 210.3511755764484 186.8101898506284 793.591438472271 35.30213205516338 0.1663966625928879 1.160200998187065 620.4667923748493 47.50406207889318 10.40157449990511 28.48539354652166 0 0 1.379316307604313 4.180500485002995 28.73011758178473 119.5459897816181 9.805052697658539 13.4760309830308 25.50406211614609 0.8020862191915512 0.8101650774478912 3.50265896320343 2.032617196440697
46.92029923945665 868.891092069447 13.12230458110571 1211.876525387168 7.875808626413345 130.9637770205736 3154.493886485696 133.5816765427589 10143.20684152097 547.7115918621421 9.189979396760464 346.5303516536951 25.41112700104713 223.0330056622624 699.8043644279242 2668.145757526159 6.658130623400211 4.874032206833363 2.720324784517288 452.1108028069139 736.1974443420768 6044.095285087824 1718.49683919549 7873.727114200592 112.4483848214149 54.47617740929127 2426.561999879777 9608.662601523101 556.6970246359706 1052.780759550631 20.23182513564825 5.220135241746902 124.6468180343509 202.1485155075788 41.36960234493017 2006.359475314617 55.53697489202023 414.7264316156507 281.1500370502472 542.394777789712 64.76343313604593 8.612568624317646 22.31384497135878 56.49842432141304 1.129929482936859 8.883259147405624 105.7095254957676 0 32.27041707932949 839.4058121740818 67.0044326633215 508.3577738106251 232.2790301144123 8.130281545221806 56.31868113577366 4.341973759233952 88.70699084922671 5.037854015827179 186.0677601471543 2.179485373198986 0.8684760257601738 0.506223276257515 79.43165078759193 141.601684898138 190.6329566165805 46.85605604201555 1892.61174890399 3.074631884694099 2.536151029169559 54.12536109983921 2263.077171966434 250.3879998028278 300.9616123735905 0.1878925338387489 4.285909935832024 11.47306697815657 47.66745091229677 10.18438791483641 374.8253589048982 9.261686354875565 158.253457762301 54.66239276528358 194.7573055848479 33.05310790240765 3.681292474269867 5.839733473956585
0 1775.564440771937 3.075238764286041 0 0.1939868330955505 2.178369343280792 0.758957102894783 0.8970151990652084 58.05340548604727 0.3843679130077362 1325.553668797016 0 4030.457271099091 2.403666011989117 0.2584357708692551 13.3782956302166 13.57334423810244 34.79472473263741 6.582109428942204 0 0.8967774733901024 497.0204188898206 1.966912969946861 112.4483848214149 1063.987972162664 430.1906506419182 2650.12066014111 6.596213974058628 3.559701845049858 3.256247237324715 739.8108495026827 1.496666461229324 0 142.4961982816458 1.16875946521759 52.05763842910528 217.1014659181237 1337.472191482782 114.0311267599463 6.443314090371132 47.25343921035528 664.2428140044212 16.24507918953896 0 95.352678142488 0.2510818839073181 0 0 0 0.2131119072437286 0 0.2961392179131508 0 74.32880179584026 0 288.7724539116025 0 0 0.2963858246803284 0.3400421291589737 17.41072421520948 13.37382741272449 0 0 0.4069207012653351 0 0.4050696045160294 115.3940076455474 218.0103293284774 362.1205608099699 1.119837164878845 0 0 47.06790718436241 0 0 0.787700243294239 4.704592309892178 7.375089682638645 39.89291952550411 3.330444827675819 1.638644143939018 0 0 7.543495535850525 0
30.07088353484869 405.8345034718513 5668.469090476632 0.2782997786998749 0 15.5247451364994 33.80429095774889 71.11919638514519 38.95286872982979 21.67236737906933 1643.700792580843 4.870340071618557 229.0598974302411 82.37384362518787 0.4318389073014259 7.030844196677208 3987.223090067506 1429.977874048054 4678.989482425153 2.587721087038517 30.57282472401857 105.7898510545492 769.7832298502326 54.47617740929127 430.1906506419182 16803.74509908259 9881.364755809307 10.76453453302383 89.46355946362019 156.7162637114525 368.6720973551273 13.94492296129465 2.798607654869556 1873.534003615379 13.76293925195932 2063.845123492181 3274.61049643904 3213.726089537144 1083.114442542195 34.04108702391386 10.6998889669776 162.1660694777966 12.00537316501141 0 524.5603213906288 163.3191807940602 0 0 0 1.610872350633144 0.1306397467851639 1.209247320890427 0.2176034599542618 94.74020011723042 0.08487830311059952 357.9948142468929 1.017774239182472 0 3.693003535270691 68.09797981381416 72.06695050001144 381.3854977563024 0 0.3956072703003883 13.37315825372934 4.012439921498299 6.612225107848644 295.0451753139496 2486.583319753408 5206.421412430704 2.528579100966454 1.64375327527523 3.339695334434509 118.0137406438589 0.1592446640133858 0 38.00144066661596 9.940570488572121 90.47226960211992 78.39082513004541 67.22936183959246 22.34673038870096 0.9633519202470779 0.1462834626436234 5.49471140652895 0.7359386757016182
33.17873358726501 7596.790776245296 8139.575106076896 4.843856297433376 0 21.37659372389317 258.2952506691217 87.7773126065731 392.0131500959396 44.88463154435158 577.1742191314697 3.393615439534187 2336.853980712593 93.38915210217237 1.329912833869457 2497.131405502558 4640.248041808605 1008.011142365634 1266.910747431219 1.616548515856266 919.6334774419665 3650.200244411826 9711.485640689731 2426.561999879777 2650.12066014111 9881.364755809307 24591.0462109521 1212.409971646965 79.73447394371033 274.1378776207566 1134.039469860494 5.907689899206161 5.796326987445354 3351.284540265799 117.7912687286735 6961.190906323493 4613.956265866756 6945.405658356845 3312.690446287394 311.7834268137813 53.37316723912954 41.00471960008144 53.52706921845675 2.224433310329914 1517.946341946721 1287.746364764869 0 0 0.8294762820005417 20.2259965762496 1.788150481879711 5.084797471761703 0.6274307295680046 64.78682295233011 0.6249502897262573 207.1599706187844 3.731575541198254 0 1569.743133969605 103.1703182011843 62.37948322296143 345.1288148462772 0 57.32966835051775 883.4978903532028 1104.540844790637 48.6759744361043 357.0586717277765 2727.328298553824 12687.22983074188 56.92118760198355 7.791856840252876 14.03126456588507 86.04061599820852 0.3449576571583748 0.4186661839485168 67.38127192109823 24.98940229415894 238.2265739291906 84.04270675033331 150.379124186933 117.368083268404 4.404243096709251 1.551391400396824 4.971466489136219 2.34057654440403
116.3847270235419 50.36530996114016 33.9762302711606 5558.111698925495 1.435068801045418 952.629011683166 14692.88910611719 393.9543242231011 1646.635297946632 5300.938869342208 9.249272987246513 299.6336265727878 2.694285966455936 526.9079835638404 42.24751222133636 1009.932345338166 6.164864435791969 1.328610569238663 2.965902887284756 2646.303601793945 2783.864782877266 312.1366756483912 1674.574536204338 9608.662601523101 6.596213974058628 10.76453453302383 1212.409971646965 15104.21228339523 987.0762264505029 7575.207931563258 1.326826401054859 12.36144767701626 258.8306546360254 614.3171008080244 95.73234946280718 4117.21903988719 111.6952637061477 1025.155448161066 680.6418666467071 413.9595442563295 114.8866132125258 9.765274092555046 56.03155430406332 42.94848062098026 0.2425848990678787 1.88697411864996 151.787041567266 0 27.13026598095894 712.0819771811366 47.8234998062253 292.6947672516108 257.1905787587166 2.751644231379032 78.20486296713352 4.114581629633904 65.74694420397282 4.695710420608521 100.6616177707911 1.110966451466084 1.15580066293478 0.5663312301039696 100.3471525907516 90.20970193296671 82.37206991761923 24.31522422283888 1205.945792250335 0.1814413741230965 1.112778440117836 25.1246445402503 1706.828961364925 166.4694419428706 253.3983524516225 0.2667322680354118 2.920329570770264 5.846328049898148 35.49808988720179 10.3430597782135 322.4551300927997 6.981139242649078 101.3753032982349 35.1372407078743 123.470575645566 23.80364057421684 4.20874211192131 5.774663425981998
2312.049072615802 2.136900931596756 159.7631454393268 165.1594270393252 71.20624823868275 959.8879453614354 909.3401426523924 405.0361294075847 59.38358410447836 1032.307139541954 284.6714569851756 416.3382859677076 9.779407881200314 4309.079385720193 39.48751612752676 18.03932555019855 235.3124811723828 36.24016185849905 101.8379661589861 310.4142779633403 94.74934960901737 5.689461827278137 179.4371315613389 556.6970246359706 3.559701845049858 89.46355946362019 79.73447394371033 987.0762264505029 12380.64197999239 5800.037302814424 1.428404867649078 1920.99669547379 2649.813240773976 4108.439681507647 35.62576702982187 1058.278577342629 176.3080781698227 2154.424985021353 474.2882622331381 488.834121696651 226.5168824642897 57.18601532280445 24.04174549877644 4.354372709989548 0.1154162958264351 0.6920542344450951 3.456522844731808 0 2.401150986552238 76.01360961049795 6.076807767152786 18.23548809438944 15.0954152867198 2.224209055304527 2.46526962518692 0 5.474788725376129 0 7.565508380532265 0.1122621148824692 0.4006369709968567 0 3.282668679952621 9.436363689601421 9.718820132315159 1.564899869263172 126.1416323110461 2.026342630386353 0.6486827731132507 2.770668059587479 219.9260999336839 14.91714295744896 18.37463518977165 0 0.2155124843120575 0.9978229701519012 7.918842121958733 4.683766826987267 62.80531756579876 4.441002041101456 16.28196722269058 10.09309966117144 15.47734811902046 2.331860475242138 1.373369947075844 1.014796122908592
