231.6993145272136 0.815844789147377 59.50674551725388 11.56420973688364 0.119361899793148 4.829719759523869 966.2098222374916 327.7371513694525 7.639479778707027 12.34724391251802 3.23101756721735 0.5604816749691963 0.1110944747924805 2639.109440542758 0.2336814105510712 0 83.27041082829237 0.9935874491930008 10.24216551333666 2.996771760284901 40.08282368630171 0.6897709369659424 187.7714304998517 37.67062383890152 0.08378507196903229 7.896546434611082 28.43231081217527 75.03082626312971 2383.162062250078 1851.54835061729 0.07287115603685379 1.036316879093647 67.9369493573904 155.4638060703874 0.9872005209326744 46.40860253572464 9.166247643530369 68.69815148413181 23.12104770541191 4.694472178816795 0.5855622291564941 0 0.5646634697914124 0 0.09101153165102005 0.7532239407300949 0.6291084140539169 0 0.5311581268906593 2.111380435526371 0.8297315239906311 1.645530872046947 0 0 0.2198614105582237 0 0.6421636044979095 0 0.1870880350470543 0 0 0.08211333304643631 0.2981452196836472 0.2039678543806076 0.293288379907608 0.4077218025922775 4.141292989253998 0 0.07227716594934464 2.5761738717556 8.143564902245998 0.9151384308934212 1.499959774315357 0 0 0.3185975030064583 0.411939837038517 0 3.324643827974796 0.309003047645092 1.262343473732471 0.1932467147707939 1.712086632847786 0 0 0
0.815844789147377 40.6996051967144 386.5769007727504 0 0.130590945482254 0.2740449756383896 8.481671132147312 1.004521913826466 228.5027436763048 0.2054183632135391 45.88690496236086 0.7694348469376564 301.4902021288872 1.216789647936821 1.944346308708191 297.8964576497674 314.2000013366342 73.86381946504116 136.9107459709048 0 5.319663248956203 1882.871394053102 35.04029460251331 420.4739830568433 813.825495518744 1591.825021192431 10050.42911387235 27.87634002417326 3.729275025427341 1.851795315742493 44.26315143704414 0 0.2691014409065247 45.76386332511902 0 63.57146549969912 122.5654497072101 35.45596440881491 18.79875463992357 10.14910545200109 0.1825650036334991 110.7702311947942 0 0 14.840784676373 187.2928980439901 0 0 0.08427775651216507 0.2888071909546852 0.2497915178537369 4.444620758295059 0 6.005853936076164 0 40.8831107839942 0.2261360809206963 0 0.1263965964317322 70.12917038798332 3.00971844792366 41.10000736266375 0 0.4084200412034988 16.89011193811893 11.47338240593672 2.618992373347282 25.74426971375942 284.401527158916 1232.863776005805 1.127354480326176 0.4553416073322296 2.965433463454247 5.506770022213459 0 0 6.397618897259235 0.7078753113746643 35.3572780713439 24.76096568256617 24.19762527197599 4.640616670250893 2.031343773007393 0 6.735674791038036 0
59.50674551725388 386.5769007727504 3413.202920742333 1.758723229169846 0.08420449495315552 42.1688685901463 188.9513798356056 208.2864464297891 8.151375085115433 4.849359527230263 7.605896703898907 0.8731621652841568 6.823571436107159 212.8666647225618 0 18.51941047608852 3527.799419648945 4.80488470569253 101.2134485319257 5.554597564041615 459.1265216171741 89.18585389107466 5748.369434028864 35.38872390985489 6.115958914160728 3532.936854783446 8079.181426778436 50.02654159814119 248.4871295765042 268.8181616812944 0.4644901975989342 0.5039707198739052 20.58108957856894 328.8549912795424 5.903771497309208 1247.732132792473 3197.266862042248 703.7846659943461 373.8290546610951 50.69427192956209 3.702368699014187 24.15706731379032 6.346353523433208 0.5221631154417992 238.1658184155822 884.6446432769299 0 0 0.1134142801165581 2.959135450422764 0.761261835694313 3.145284377038479 0 0.3745332360267639 0 0 2.220013000071049 0.7978426814079285 48.47189351171255 217.2683535814285 0.8242021277546883 16.63657853007317 0.5789065286517143 9.926731333136559 230.9188885241747 530.6213197037578 6.014638610184193 0.2270805537700653 76.48724921047688 1536.380731843412 10.79065308719873 2.606895588338375 19.50643985718489 0.08411877602338791 0.09568463265895844 0 26.76419953256845 2.931841641664505 266.1302114203572 178.3787756636739 86.66027918457985 22.82246870547533 12.8975924551487 0.162367507815361 0.545038528740406 1.07704496383667
11.56420973688364 0 1.758723229169846 1438.991216808558 2.660530164837837 287.8751322701573 506.3695895373821 56.41096795350313 651.8972685486078 3609.324352607131 1.006877779960632 769.624785669148 0 55.27402117848396 75.59149947762489 0.1719847321510315 0.4708315432071686 0.06341620534658432 1.213805541396141 2536.291681304574 1.497821696102619 1.31744983792305 2.61245821416378 1094.494310371578 0.1056646332144737 0.7435433119535446 1.7881203815341 3645.582452520728 185.8156040385365 2.268561534583569 0.1165793240070343 0.6449193060398102 40.78126461058855 63.04678022116423 3.87584213912487 447.2445436641574 8.810743235051632 99.83613839745522 74.15098720043898 381.9481570720673 4.831015311181545 4.859021306037903 7.192433886229992 0.6574399173259735 0 0 185.6166064888239 0 11.06677762418985 91.91962839663029 17.80675011873245 68.7473411411047 149.9098010584712 0.734418511390686 56.00422608852386 0.1816665008664131 8.220359571278095 1.163915999233723 0 0 0.2608980759978294 0.09476789087057114 190.6448575407267 0 0.2519872933626175 0.1727427393198013 242.3178205043077 0 0.2399980127811432 0.7750532329082489 287.1232741847634 5.84856166690588 4.044217444956303 0 0.528125025331974 0.2359258681535721 4.876242838799953 0.1179492995142937 85.41422212868929 0.2472841590642929 10.31299213320017 2.053046174347401 84.61630961298943 1.489273443818092 0.8146417737007141 0.1717322319746017
0.119361899793148 0.130590945482254 0.08420449495315552 2.660530164837837 44.41325621306896 544.5922201126814 2.642827436327934 6.403644882142544 48.83809888362885 6.149394914507866 13.00740885734558 154.7213428765535 5.675779521465302 4.561696376651525 1129.792325489223 0 0.3087792992591858 2.252765171229839 0.8561605289578438 7.148104533553123 0.08039402961730957 1.097147673368454 0.3242985606193542 11.75816281884909 1.292912006378174 3.428394749760628 0.2357760891318321 6.157024350017309 44.39000517129898 0.5241930186748505 0.08396930992603302 194.7949805855751 0 83.14209156483412 0 17.6448076441884 4.000253327190876 114.8017158061266 86.73016584664583 1413.089086167514 10.06659530848265 1.353479564189911 1.897535420954227 0 0 0 0.7869981378316879 0 0 0.7181436419487 0 0.5078123658895493 0.8921365588903427 0 0.1877525150775909 0.1870396584272385 0 0 0 0 0 0 0.3319841623306274 0 0 0 1.94601671397686 0 0.1747592091560364 0 0.4210315868258476 0.1255556046962738 0 0 0 0 0 0 1.317117899656296 0 0 0 0.4941821992397308 0 0 0
4.829719759523869 0.2740449756383896 42.1688685901463 287.8751322701573 544.5922201126814 7346.813625685871 3182.486287198961 2761.571158606559 60.37475483119488 9650.024988733232 42.8552212305367 4177.536170758307 18.30974087864161 442.9418396912515 1367.717807464302 0.4041112959384918 8.218353964388371 5.846940089017153 10.23188721016049 753.4260692000389 59.15965899080038 0.4993672221899033 97.45370740443468 135.0097719207406 2.90719398856163 17.08282599970698 11.18532153964043 1175.850612878799 374.0738982781768 56.95300504565239 0.569956436753273 939.8793446421623 2.391971908509731 449.4220434725285 1.098618663847446 492.1690418347716 15.49592016637325 371.8641610555351 207.7207336723804 2254.381428599358 122.7246005088091 15.97357672452927 13.20028594881296 1.333317741751671 0.09670944511890411 0.6921940818428993 40.93914607912302 0 5.649129301309586 51.98564035445452 10.36663761734962 21.49308426678181 29.1416222974658 2.509967356920242 24.59544760733843 0.4468466490507126 4.62267118319869 1.863388225436211 1.223425850272179 0.08161032199859619 0.1849921196699142 0 49.06559304147959 0.8790693506598473 0.6375210881233215 1.340562030673027 68.17353329434991 0 0.4261855110526085 2.641606152057648 100.9838331788778 7.43829184025526 10.82243410497904 0.1782999336719513 0 0.08273684233427048 2.631280899047852 0.07540598511695862 78.17756973952055 0.5241212695837021 11.87786547839642 2.775296971201897 66.61497641354799 0.5888701900839806 0 0.07886931300163269
966.2098222374916 8.481671132147312 188.9513798356056 506.3695895373821 2.642827436327934 3182.486287198961 11184.99078337476 4331.822669122368 1234.986481204629 5633.881503544748 9.175490766763687 115.5705834850669 2.578062668442726 6407.130417458713 38.16143038868904 2.218281343579292 20.20046001300216 3.303264588117599 11.12946769595146 87.72605382651091 632.4881276637316 39.59528485685587 422.6565764248371 3161.378501594067 0.9012009277939796 18.37989355251193 70.37414439767599 11895.77044191211 1915.735906582326 4224.385582797229 0.4456151463091373 6.733073323965073 217.5131156593561 394.3322741687298 23.66869769245386 1588.675516955554 49.90490542724729 605.7562250383198 408.3899347148836 270.3589652851224 26.98831104487181 5.416899017989635 21.31738036870956 7.358569793403149 0.6867117136716843 3.371499180793762 83.641526684165 0.6302899718284607 23.71594717353582 413.2957727909088 81.31341654807329 174.9800368621945 121.127135425806 6.425493858754635 39.64098795503378 0.8262864388525486 43.14891713857651 0.4415578320622444 11.3742908090353 0.4887489080429077 1.428775973618031 0.6168279349803925 144.9232021048665 3.995723932981491 5.263342015445232 20.21966028958559 475.4052368327975 0 1.102552935481071 7.176090762019157 800.8753317371011 67.17520431429148 75.52874454855919 0.5986773669719696 1.578440979123116 3.724745400249958 27.99690090119839 6.576188892126083 229.6588209569454 1.255200736224651 79.22548118978739 18.73361635953188 108.0250777155161 11.4773765951395 0.1218704804778099 1.965629726648331
327.7371513694525 1.004521913826466 208.2864464297891 56.41096795350313 6.403644882142544 2761.571158606559 4331.822669122368 7024.416305374354 45.88908192515373 2141.925183981657 229.476946413517 1150.684532623738 49.27049634605646 6427.109790567309 128.4841040298343 0.3323095217347145 99.24095370620489 42.75893840938807 53.17991375923157 481.2592791207135 227.1350711882114 2.180549211800098 614.1015035137534 159.8676395788789 0.08197835087776184 89.21064599230886 69.13648512214422 412.0276147536933 504.9649964570999 790.1806487441063 2.371573828160763 177.8386463299394 4.888895981013775 704.6571166962385 1.855394683778286 263.9575160443783 73.86551662534475 989.0829817987978 578.0682000145316 855.7993516325951 88.43477862328291 8.856406144797802 26.1249386370182 1.186961218714714 1.444758988916874 3.516983769834042 5.926889792084694 0 1.648294150829315 37.60214251279831 9.013442113995552 11.49890148639679 6.512731969356537 1.825714185833931 5.03848235309124 1.942517928779125 5.298743180930614 0 2.591624863445759 1.094526015222073 0 0.249360203742981 9.820064306259155 1.01315463334322 1.572652913630009 2.928695023059845 36.87472906708717 0.1827175915241241 0.7282578870654106 6.559885516762733 73.45987379550934 6.842933557927608 9.32921739667654 0 0.1685395389795303 0.5809309333562851 2.362909726798534 0.5822489038109779 28.57805088162422 1.155365280807018 5.823400437831879 3.284883297979832 11.15203949809074 0.9655261337757111 0 0.1766726523637772
7.639479778707027 228.5027436763048 8.151375085115433 651.8972685486078 48.83809888362885 60.37475483119488 1234.986481204629 45.88908192515373 747.9223365113139 107.1068673059344 2.368004858493805 71.8904717117548 9.850542716681957 32.21534207463264 677.4561970233917 157.2391141876578 12.12388627231121 2.622942581772804 6.994798593223095 342.7490809336305 61.63569648563862 1957.438660152256 63.75711604207754 3237.049456655979 28.84390861541033 109.8386482745409 570.8464718088508 2245.531055554748 80.56490118056536 135.7179388180375 1.471041418612003 1.610650800168514 24.86937953531742 49.37598172575235 3.508809968829155 262.329522356391 13.2341690286994 81.54400856047869 53.32070161402225 554.932749569416 6.137495741248131 3.845131076872349 5.261707164347172 6.381827645003796 1.302903719246387 1.133742704987526 221.6514198631048 0 11.65515569597483 280.2743774503469 43.54494143277407 98.90167015045881 89.35082350671291 2.240354180335999 29.32791981846094 0.7536487430334091 28.29574616253376 2.323176026344299 268.5108864456415 1.866176150739193 1.105899676680565 0.4068514630198479 131.8134333118796 80.76408185809851 22.37393940240145 71.48761151731014 1140.999276444316 0.6844494342803955 1.57537804543972 4.198388062417507 886.100327052176 65.32848294079304 119.0213079228997 0.4209971725940704 0.555880956351757 6.746557042002678 16.15824420005083 3.149083346128464 89.98484303057194 2.53148390352726 29.58123548328876 15.16841146349907 52.47611889243126 2.954336620867252 0.2550916075706482 0.6310022175312042
12.34724391251802 0.2054183632135391 4.849359527230263 3609.324352607131 6.149394914507866 9650.024988733232 5633.881503544748 2141.925183981657 107.1068673059344 24092.84277453646 21.39594611525536 5616.90414795652 2.302132822573185 624.3592905029655 29.37416213750839 0.08560761064291 5.611104637384415 6.922133721411228 16.26380804553628 7167.509427230805 7.32633788138628 1.090138457715511 9.975999150425196 67.87505160272121 0.4224991500377655 15.75563057512045 5.069928154349327 3285.776059124619 755.0504165738821 7.317967191338539 0.1426124647259712 10.0686891451478 43.85330848395824 297.4101365804672 8.936819009482861 940.8536238521338 25.61794520914555 533.0556785240769 198.1874110028148 250.6114706806839 40.69411966204643 1.68417827039957 28.53039059042931 0.441183440387249 0 0.1737810969352722 107.2634117007256 0 5.074140645563602 85.35554149746895 12.49115445464849 26.3745606392622 86.64798394590616 1.477903068065643 36.64075085520744 0.1225836575031281 6.983566857874393 0.2348424345254898 0 0.08476392179727554 0.7351181358098984 0 74.24113940447569 0.1197721511125565 0 0.4554691389203072 112.0207215473056 0 0.1486958265304565 0.2958369553089142 157.3896690234542 6.63802845031023 4.050525397062302 0.1179030388593674 0 0.1002285853028297 2.469443298876286 2.323691055178642 44.25315879285336 0.2153057754039764 8.114800736308098 2.616758868098259 32.49716752767563 2.036801435053349 0 0.5897043496370316
3.23101756721735 45.88690496236086 7.605896703898907 1.006877779960632 13.00740885734558 42.8552212305367 9.175490766763687 229.476946413517 2.368004858493805 21.39594611525536 6683.669814541936 36.67352604493499 1978.083577536047 95.932955250144 50.11475124210119 0.791355662047863 578.3392659723759 2634.391435906291 1891.368975996971 19.10809122398496 5.495708294212818 3.914667576551437 5.995111100375652 5.883995771408081 291.9971198141575 1936.822491899133 211.6304471567273 7.959595128893852 586.0280623286963 13.05434326827526 105.0802260786295 150.0926393344998 2.056961253285408 4389.161472678185 3.673771008849144 275.661386616528 2671.633232355118 1784.33094342798 487.9850537404418 155.41971706599 43.68959435075521 1381.572785571218 28.60127451270819 0 8.687165014445782 1.148756675422192 0.115667000412941 0 0 0.67420594394207 0.09632104635238647 0.3618530184030533 0.565127857029438 93.42786757647991 0.1963667273521423 530.3518234789371 0.695886641740799 0 0 0.8752695247530937 20.82482640445232 2.672783091664314 1.129509523510933 0.3742931485176086 0.6065253615379333 0.5090368762612343 1.542498879134655 201.7019840478897 55.60592263191938 163.839220546186 3.727733116596937 0.1438654065132141 0.229741595685482 66.91387912631035 0.09714177995920181 0 4.825618468225002 5.655284658074379 12.71568968147039 179.5503164231777 25.35355369746685 7.545939326286316 0.356757827103138 0 127.9422748535872 0
0.5604816749691963 0.7694348469376564 0.8731621652841568 769.624785669148 154.7213428765535 4177.536170758307 115.5705834850669 1150.684532623738 71.8904717117548 5616.90414795652 36.67352604493499 8073.595436971635 3.849119871854782 462.4748633094132 1474.783013008535 0 4.552397731691599 11.65136100724339 22.33622183650732 6114.006423711777 0.5794602632522583 4.054883025586605 2.840414717793465 297.5096096843481 0.9305694103240967 24.00804841518402 4.409169152379036 267.4144591353834 387.56196693331 1.826704472303391 0.5923532620072365 38.47057488933206 1.245690010488033 191.2407604828477 1.471472203731537 812.9056579172611 32.41327869147062 359.8166917189956 55.19516751170158 1522.547993205488 23.2275922819972 6.467081248760223 13.49814108014107 0.4476841390132904 0 0 170.2440155446529 0.9609774947166443 20.64856806397438 23.57454340904951 20.4065612629056 54.23480176180601 337.9824829474092 2.453187219798565 316.554534226656 0.3180528283119202 5.605631150305271 4.245138630270958 0.1171585917472839 0.1418305635452271 0.3167638257145882 0.07197283953428268 182.1974180489779 0.7565662711858749 0.4176456034183502 0 115.3362907543778 0 0.2977604866027832 0.3599859029054642 114.1162249594927 3.784784965217113 4.557101413607597 0 0.5190471410751343 0 5.078105993568897 0.8959050327539444 165.360491655767 0 12.8065018877387 2.521854475140572 168.4035280197859 0.9168528020381927 0 0
0.1110944747924805 301.4902021288872 6.823571436107159 0 5.675779521465302 18.30974087864161 2.578062668442726 49.27049634605646 9.850542716681957 2.302132822573185 1978.083577536047 3.849119871854782 2509.903407111764 2.676424488425255 2.139751583337784 3.748214565217495 5.40054278075695 38.74679404497147 18.1112836971879 1.58662611246109 8.66193626075983 44.83180869370699 7.802055269479752 13.67407024651766 1403.283011876047 170.4633320719004 2136.877749845386 4.915301699191332 17.40093947201967 0.7653654739260674 991.8085538744926 14.35528642684221 0 587.6601867675781 32.36165356636047 679.1675699055195 3787.967082716525 2783.957874506712 291.864049218595 78.91240254789591 54.74414891004562 1773.934580728412 20.48099538683891 0 14.14077495783567 0 0 1.904251933097839 1.087937951087952 0.3532916307449341 0.4576429650187492 0.7707092314958572 0 91.76597839593887 0 822.3978189118207 0.1629967987537384 0 0.78997403383255 0 49.15586476773024 5.058484107255936 0.0810074508190155 0 1.064598195254803 4.828087866306305 0.2663488015532494 406.5963641479611 164.5603309646249 431.3278403952718 0.3999143205583096 1.054242722690105 0.08003708720207214 164.0248348116875 0 0 7.114368095993996 23.17697364091873 87.38700964301825 211.0399483591318 46.81661482900381 16.56606443226337 4.946200251579285 3.177737325429916 130.3416832908988 0.8986626863479614
2639.109440542758 1.216789647936821 212.8666647225618 55.27402117848396 4.561696376651525 442.9418396912515 6407.130417458713 6427.109790567309 32.21534207463264 624.3592905029655 95.932955250144 462.4748633094132 2.676424488425255 8782.591089945287 19.825663395226 0.3924772143363953 165.9528581351042 22.76678422838449 51.56360759586096 308.7328840047121 186.8531012907624 1.276807136833668 679.7774995490909 140.5478018820286 0.117616593837738 58.27455434203148 74.46031922101974 363.2741829156876 4970.584712058306 1876.356757216156 1.18262542784214 81.06238079816103 20.47886724770069 500.6898049861193 2.95088903605938 264.8105506747961 51.93455386161804 503.5942260473967 120.8558186888695 312.9530756697059 8.665720671415329 1.118624173104763 9.571100547909737 1.583178624510765 0.7934660166501999 2.525879248976707 6.268652699887753 0 0.8824949190020561 21.83274868503213 5.924106381833553 8.915529422461987 4.537196479737759 0.1585412323474884 3.313712179660797 0.3976438865065575 2.906739071011543 0 1.350998677313328 1.030839957296848 0.144006684422493 0 9.634566225111485 1.940488494932652 2.205480203032494 1.86034581810236 25.9678468182683 0.07029008120298386 0.2716118022799492 4.720551572740078 53.27463753893971 4.995893143117428 10.11841545253992 0 0 0.4007464200258255 1.449690647423267 0.2155056893825531 19.44163896888494 0.8751014992594719 7.869281448423862 1.709720693528652 5.624732501804829 0.1681483834981918 0 0.2752660512924194
0.2336814105510712 1.944346308708191 0 75.59149947762489 1129.792325489223 1367.717807464302 38.16143038868904 128.4841040298343 677.4561970233917 29.37416213750839 50.11475124210119 1474.783013008535 2.139751583337784 19.825663395226 373.154988065362 0.3441656827926636 0.5868670642375946 4.790113590657711 3.283105358481407 93.85048419237137 0.2302483022212982 21.45614194124937 0.3052005171775818 366.7533018440008 2.247594684362411 8.494196884334087 6.738847568631172 143.313687749207 177.0910963267088 1.582680732011795 0.1881527975201607 633.6595079377294 1.16107439994812 59.13393910229206 0 223.0196184515953 6.925674848258495 45.66265156120062 13.87364514917135 1328.574502855539 44.45408315956593 8.39438670873642 1.115180119872093 0 0 0 8.681682676076889 0 0.1424037367105484 4.937400393188 1.680434994399548 2.465247213840485 6.395540080964565 0 6.380593150854111 0.2118457406759262 1.63854256272316 0.5951045453548431 0.6170254647731781 0 0 0 10.57130673527718 0.6526038944721222 0 0 9.238035529851913 0 0 0.1039065197110176 7.666214384138584 0.8368054777383804 0.8291657716035843 0 0 0.3072880506515503 0.7075333297252655 0 29.35986942052841 0 2.221062153577805 0.2973172068595886 22.16369259357452 0 0 0.8442219495773315
0 297.8964576497674 18.51941047608852 0.1719847321510315 0 0.4041112959384918 2.218281343579292 0.3323095217347145 157.2391141876578 0.08560761064291 0.791355662047863 0 3.748214565217495 0.3924772143363953 0.3441656827926636 2266.873426482081 11.9563740119338 0.4420411363244057 1.624519519507885 0.3714247643947601 1329.159561663866 4265.782068766654 4014.748447068036 1485.322299301624 7.758019112050533 59.81868916749954 2501.722412608564 1277.479198105633 1.47231262922287 5.31191647797823 0.1105717495083809 0.1131997555494308 4.674956485629082 145.0285096764565 23.26862582564354 1244.498324327171 205.5890431925654 424.1502342373133 344.83394189924 47.24966532737017 1.118062146008015 9.246443748474121 8.422644138336182 5.146017245948315 1.190885357558727 8.362833291292191 0.3696883320808411 0 0.5134647339582443 9.124516282230616 5.059814155101776 21.75923871994019 4.371598228812218 1.464822769165039 2.636329233646393 0.2304797694087029 8.080008827149868 1.089952550828457 1725.346794210374 4.493902958929539 0.3309866189956665 0.7466341704130173 2.255398243665695 512.1285183206201 653.1384935602546 1203.042033478618 266.3458657264709 0.2225262597203255 1.193936437368393 106.44611633569 284.6289249062538 59.64549649506807 212.8212186619639 0.09416215121746063 0 9.702357321977615 17.41509734094143 3.120427168905735 277.6373942345381 3.14592832326889 14.76035840809345 13.92161436378956 42.37175064533949 0.2890343815088272 0.689953088760376 0.1560633629560471
83.27041082829237 314.2000013366342 3527.799419648945 0.4708315432071686 0.3087792992591858 8.218353964388371 20.20046001300216 99.24095370620489 12.12388627231121 5.611104637384415 578.3392659723759 4.552397731691599 5.40054278075695 165.9528581351042 0.5868670642375946 11.9563740119338 746.5297049880028 193.3998861983418 1701.558423437178 4.751720309257507 377.3908989802003 32.48867283761501 3229.915372259915 19.73997453600168 6.869275018572807 2513.618471365422 5885.501054696739 8.526536606252193 430.9751764461398 1133.624171890318 3.842761486768723 3.118882186710835 46.79710691422224 2559.492992311716 8.848591729998589 1325.224863998592 2166.825122721493 1571.698226414621 569.2754792571068 36.9315060377121 2.771738186478615 14.99950140714645 6.167427644133568 0.3293714821338654 100.0046022087336 199.1187450587749 0 0 0 1.328123852610588 0.2148037701845169 1.727028980851173 0.1551713198423386 0.1314812004566193 0 0.5742391720414162 0.5124798640608788 0 4.975934997200966 69.717783883214 0.570039339363575 19.79215352982283 0 1.355233483016491 21.75521845370531 48.84244428575039 1.355636924505234 1.176873669028282 71.6994398906827 401.8763882443309 2.209779359400272 0.6091952100396156 3.350119918584824 0.5516961663961411 0 0 7.947739101946354 1.689859494566917 52.8435185328126 74.36866357177496 22.71827967464924 4.3439836576581 2.92419246584177 0 0.2990576028823853 0.1049801632761955
0.9935874491930008 73.86381946504116 4.80488470569253 0.06341620534658432 2.252765171229839 5.846940089017153 3.303264588117599 42.75893840938807 2.622942581772804 6.922133721411228 2634.391435906291 11.65136100724339 38.74679404497147 22.76678422838449 4.790113590657711 0.4420411363244057 193.3998861983418 448.6559492796659 2047.294312760234 5.990751523524523 1.107057705521584 11.10833998769522 1.597412250936031 3.691669680178165 78.06837284564972 1289.545105345547 267.1588202863932 7.94537590444088 107.3217061236501 3.025485925376415 94.96278591454029 23.64105405658484 0.2715263217687607 880.9200017228723 2.862805314362049 282.7789648845792 554.7713669389486 487.2316166982055 301.1593902111053 24.79691217839718 1.635581262409687 14.60918526351452 5.282589606940746 0 14.236093737185 0.7580754533410072 0 0 0 0.4396171495318413 0.1044888868927956 0 0.5094995051622391 0.4033245667815208 0.1056677922606468 9.868433728814125 0 0 0 0.3783299922943115 4.194922797381878 5.953424967825413 0.1020138114690781 0 0 0.1191325113177299 0.6080930680036545 30.76490832865238 63.35387412458658 94.89175163209438 0.5690481998026371 0 0.1375433355569839 5.317972354590893 0 0 0.4217383116483688 1.882636070251465 1.6716677993536 8.48164938390255 1.147146292030811 0.2254058867692947 0.07516736537218094 0 0.147212341427803 0
10.24216551333666 136.9107459709048 101.2134485319257 1.213805541396141 0.8561605289578438 10.23188721016049 11.12946769595146 53.17991375923157 6.994798593223095 16.26380804553628 1891.368975996971 22.33622183650732 18.1112836971879 51.56360759586096 3.283105358481407 1.624519519507885 1701.558423437178 2047.294312760234 2061.947035863996 14.35290664806962 12.84862267225981 21.41710362583399 48.04415076225996 12.4403657540679 56.62403423339128 4201.711371384561 773.0423863008618 7.846334785223007 168.9128912314773 50.77617691457272 31.38198719918728 22.93605301529169 7.144447967410088 3524.386631336063 6.87427793443203 1404.608430825174 1122.051823809743 1786.152505781502 681.0719481557608 52.23152352124453 1.907580219209194 8.817044444382191 7.306733019649982 0 37.02916050702333 9.622588962316513 0.1005763709545135 0 0.110786460340023 0.7276528999209404 0.08274646103382111 0.6796575002372265 0.3100037127733231 1.352159827947617 0 8.273653417825699 0.07558926194906235 0 0.4818955808877945 6.38063570857048 5.744046442210674 25.98585014790297 0.7569608092308044 0 0.9503021910786629 0.7746017128229141 0.8734306320548058 15.4368959069252 153.5300679951906 218.7189628556371 2.935776360332966 0.4356327652931213 0.5360558405518532 7.492743439972401 0 0 0.9293815791606903 1.988584212958813 10.18910352885723 27.00536116212606 4.487274922430515 0.6105523109436035 0.4656980484724045 0 0.2398406341671944 0
2.996771760284901 0 5.554597564041615 2536.291681304574 7.148104533553123 753.4260692000389 87.72605382651091 481.2592791207135 342.7490809336305 7167.509427230805 19.10809122398496 6114.006423711777 1.58662611246109 308.7328840047121 93.85048419237137 0.3714247643947601 4.751720309257507 5.990751523524523 14.35290664806962 1792.982842482626 1.010888613760471 0.3208553194999695 2.804000586271286 190.3930819258094 0.9457453489303589 15.69297714158893 3.585378564894199 1425.977685980499 478.6574960686266 2.542063571512699 0.2100189551711082 10.81621816754341 20.43627729266882 247.1822218894958 5.889702200889587 1334.657335177064 24.74313442409039 491.8874168545008 168.377999946475 694.1719192974269 39.33887917548418 3.139818295836449 28.21648456156254 4.189055904746056 0.253481537103653 0 288.5624106675386 0.3845382928848267 21.32349158078432 275.6053622290492 61.34276787191629 106.3318408802152 250.0882452577353 2.233023464679718 138.4672131985426 0.1123300343751907 21.33512840420008 2.98311373591423 0.6858905255794525 0.1810130625963211 0.9723964855074883 0.4514235481619835 356.0940344929695 0.4142465591430664 0.2801523804664612 0.1901627629995346 392.6498996019363 0 1.634673781692982 0.5919123664498329 543.9030299708247 21.99286053329706 17.81487470120192 0.1821259409189224 0.9440827220678329 0.6043318435549736 10.05193811655045 1.692401021718979 207.134820535779 0.7097977995872498 34.03457156568766 8.576576627790928 173.8575128018856 4.665443025529385 0.7092648595571518 1.516221180558205
40.08282368630171 5.319663248956203 459.1265216171741 1.497821696102619 0.08039402961730957 59.15965899080038 632.4881276637316 227.1350711882114 61.63569648563862 7.32633788138628 5.495708294212818 0.5794602632522583 8.66193626075983 186.8531012907624 0.2302483022212982 1329.159561663866 377.3908989802003 1.107057705521584 12.84862267225981 1.010888613760471 11901.49950052053 185.4988676533103 13181.88104312867 479.0100860074162 4.81765066832304 20.92058262601495 174.4903114438057 2443.56265424937 176.8659829944372 6732.45017144084 0 1.114066794514656 32.71312961727381 5270.094915352762 167.3688149675727 6113.573400773108 698.5409090071917 5012.918174445629 2761.401065476239 280.3504211679101 7.413356959819794 18.70608028024435 37.20823428034782 6.917277783155441 0.5955866873264313 5.559018395841122 2.81121800839901 0 2.09280526638031 16.73211298882961 8.77781568467617 23.45770493149757 3.516511641442776 1.066710487008095 2.909482330083847 0 15.55122563242912 0.6656249985098839 397.1718023717403 4.010029561817646 0.2885044813156128 1.100054912269115 8.145515143871307 355.964208342135 101.0444773957133 141.3461591154337 292.0917773321271 0 0.8391968011856079 15.49415972083807 400.9789570942521 69.54927364736795 237.5091794133186 0.3044384717941284 0.1113329082727432 10.3951036259532 19.49030281603336 23.05785717815161 421.6229096204042 8.062596343457699 19.7247965708375 12.82989905029535 51.0649079978466 1.91998752951622 2.831520214676857 0.133408322930336
0.6897709369659424 1882.871394053102 89.18585389107466 1.31744983792305 1.097147673368454 0.4993672221899033 39.59528485685587 2.180549211800098 1957.438660152256 1.090138457715511 3.914667576551437 4.054883025586605 44.83180869370699 1.276807136833668 21.45614194124937 4265.782068766654 32.48867283761501 11.10833998769522 21.41710362583399 0.3208553194999695 185.4988676533103 1124.019301474094 935.4192861020565 3717.000439427793 185.2207577377558 346.7961784899235 6002.744040772319 420.621434673667 8.012998715043068 10.72155539691448 8.904818691313267 0 9.7300144135952 11.75542524456978 0.4151336401700974 56.83817102015018 21.15528231114149 18.16127011924982 13.49246928095818 99.12069948017597 0 10.81093484908342 0.5688140988349915 1.018169194459915 1.993112616240978 64.34175858646631 0.1299730241298676 0.1319937258958817 0.700053334236145 0.9980619102716446 0.5873746871948242 14.36768122017384 0.2307429909706116 0.881927102804184 0.131976455450058 4.603935472667217 0.8247733190655708 0 880.1567669957876 7.170752801001072 0.1788967549800873 1.014350816607475 0.1497661620378494 102.4513373970985 50.58417367190123 508.9188816994429 112.6374595537782 1.981418505311012 3.462070927023888 458.4410298988223 52.85986724495888 10.71863493323326 48.63160686939955 0.832458570599556 0 1.705569267272949 6.937111869454384 1.045100077986717 42.20686207711697 7.01948132365942 9.019931323826313 5.325455836951733 7.973976612091064 0 0.4907661825418472 0.2456550151109695
187.7714304998517 35.04029460251331 5748.369434028864 2.61245821416378 0.3242985606193542 97.45370740443468 422.6565764248371 614.1015035137534 63.75711604207754 9.975999150425196 5.995111100375652 2.840414717793465 7.802055269479752 679.7774995490909 0.3052005171775818 4014.748447068036 3229.915372259915 1.597412250936031 48.04415076225996 2.804000586271286 13181.88104312867 935.4192861020565 13157.1147576794 384.4880108982325 1.70205207914114 364.4756484739482 9788.668778344989 1533.665705054998 635.6459772139788 3822.184812135994 0.7705414295196533 2.50477073341608 40.83340624719858 3922.204244509339 134.7902998775244 9856.632961146533 4839.227151751518 6574.963282965124 4303.497108306736 486.0023368373513 21.33939797431231 19.88053756952286 56.49449419230223 4.287577256560326 10.54652943462133 175.8116692379117 0.9068472310900688 0 1.295144841074944 7.2907525151968 3.504818990826607 4.791564889252186 1.307534635066986 1.162096083164215 2.656683072447777 0.2026109024882317 4.197172172367573 0.2383987605571747 2218.483981631696 26.05584099143744 0.1686076074838638 1.008405223488808 3.062723726034164 314.3197174295783 710.4847183600068 2599.36200594157 84.01336472481489 0 5.264441534876823 837.4195720925927 112.9223561510444 31.60792293399572 108.2903175503016 0 0.1013522669672966 5.663936339318752 21.91838295012712 36.95358318835497 767.6425042897463 34.48719992488623 32.80996802449226 24.26883533596992 61.67516428232193 0.6461079120635986 0 1.117429308593273
37.67062383890152 420.4739830568433 35.38872390985489 1094.494310371578 11.75816281884909 135.0097719207406 3161.378501594067 159.8676395788789 3237.049456655979 67.87505160272121 5.883995771408081 297.5096096843481 13.67407024651766 140.5478018820286 366.7533018440008 1485.322299301624 19.73997453600168 3.691669680178165 12.4403657540679 190.3930819258094 479.0100860074162 3717.000439427793 384.4880108982325 4138.741536617279 38.04935344308615 192.7586810514331 1467.236936308444 5660.978512123227 391.8780674561858 605.7950765304267 2.815503649413586 2.641854979097843 131.1071898490191 235.0193346887827 31.39595467597246 1714.599117197096 44.67564859241247 511.9501419067383 329.4720288217068 1150.738456182182 24.2983770519495 5.885107219219208 26.68264298886061 12.32136712223291 2.658699378371239 2.02434316277504 153.3449035435915 0 16.174425765872 220.1881432160735 56.24409424141049 385.9547787383199 120.5510301291943 6.36604542657733 161.581618398428 1.995016127824783 43.62635203078389 5.782742500305176 154.6933148354292 3.259788632392883 0.7938280068337917 1.082067370414734 151.2578900977969 122.5574607253075 162.8451603651047 64.60648725181818 922.5881287455559 0.7032724469900131 2.521087616682053 17.7022437825799 1017.256347596645 112.6341560333967 200.7734447717667 0.7021207511425018 1.485896676778793 9.799520291388035 35.18826808035374 6.280172646045685 265.2175476998091 2.62569771707058 64.80254585295916 22.02374274283648 116.983018912375 8.907337687909603 0.6963251084089279 0.9418813288211823
0.08378507196903229 813.825495518744 6.115958914160728 0.1056646332144737 1.292912006378174 2.90719398856163 0.9012009277939796 0.08197835087776184 28.84390861541033 0.4224991500377655 291.9971198141575 0.9305694103240967 1403.283011876047 0.117616593837738 2.247594684362411 7.758019112050533 6.869275018572807 78.06837284564972 56.62403423339128 0.9457453489303589 4.81765066832304 185.2207577377558 1.70205207914114 38.04935344308615 316.7101188972592 366.1714858189225 2690.856200188398 7.794185861945152 0.8105544000864029 1.204085230827332 221.808539994061 0.08857236802577972 0 42.8400476500392 0.4096536338329315 115.8054348379374 588.9493900164962 210.2511113658547 47.97608256340027 35.81388914585114 11.80288988351822 612.8684985563159 4.527491688728333 0 19.84606152027845 0.2269127368927002 0 0 0 0 0.2399809882044792 0.7129282429814339 0.07713299244642258 78.19199874252081 0.09471177309751511 329.9912129044533 0 0 4.426856815814972 0.6273513659834862 14.61723654717207 5.745852008461952 0 0.5266311764717102 0.9676561206579208 6.020547091960907 0.1703386232256889 83.80323589593172 163.3856284767389 678.4263054355979 2.331001691520214 0.8181600272655487 0.07906555384397507 42.67150387167931 0 0 3.224751472473145 0.255265474319458 89.58933195471764 60.84935460984707 27.72290525585413 7.677751928567886 4.413636274635792 5.40212494134903 23.63521461188793 0
7.896546434611082 1591.825021192431 3532.936854783446 0.7435433119535446 3.428394749760628 17.08282599970698 18.37989355251193 89.21064599230886 109.8386482745409 15.75563057512045 1936.822491899133 24.00804841518402 170.4633320719004 58.27455434203148 8.494196884334087 59.81868916749954 2513.618471365422 1289.545105345547 4201.711371384561 15.69297714158893 20.92058262601495 346.7961784899235 364.4756484739482 192.7586810514331 366.1714858189225 11178.83384089917 10352.19852619246 37.25618606060743 219.6704143285751 20.40967234969139 138.7338699251413 42.93879022449255 3.81646903604269 1555.661855690181 12.35621504485607 2806.933437474072 7052.206841565669 2068.683535628021 1207.96846871078 110.1955389678478 3.364333868026733 170.5028361529112 18.37185759097338 0.08947452157735825 497.5860881358385 161.4962651133537 0.208197258412838 0 0 1.572966337203979 0.1937897130846977 3.923470735549927 0.1433873325586319 17.36250312626362 0.1125521287322044 313.7643283158541 0.785977303981781 0 0.9220653101801872 111.6630356535316 77.520961150527 298.0303792282939 0.1786542981863022 1.247111424803734 6.499735869467258 3.753683298826218 3.1690858528018 280.8520659282804 1360.688419029117 2925.950217299163 2.127392515540123 0.6964534968137741 2.714770160615444 112.7710939794779 0.1112254485487938 0.09826243668794632 12.59297979623079 10.00882556289434 63.02318060025573 331.5309632495046 41.01796628534794 8.563456751406193 2.697275161743164 0 3.441963821649551 0.1063681691884995
28.43231081217527 10050.42911387235 8079.181426778436 1.7881203815341 0.2357760891318321 11.18532153964043 70.37414439767599 69.13648512214422 570.8464718088508 5.069928154349327 211.6304471567273 4.409169152379036 2136.877749845386 74.46031922101974 6.738847568631172 2501.722412608564 5885.501054696739 267.1588202863932 773.0423863008618 3.585378564894199 174.4903114438057 6002.744040772319 9788.668778344989 1467.236936308444 2690.856200188398 10352.19852619246 21022.94779915363 406.654544301331 136.1945709660649 76.22800160199404 723.1074963435531 1.446278348565102 12.74729035049677 1016.54393401742 33.40919421613216 5209.199502594769 4446.486772343516 2319.646393693984 1124.336573921144 255.8638392463326 5.721732102334499 99.94562803953886 25.26855178177357 0.4663462191820145 2033.895048461854 1603.651843324304 0.2989108934998512 0 0 3.896325595676899 1.769930429756641 11.25870973616838 0.4573295712471008 14.14034085720778 0.1335103511810303 247.7893494665623 3.299567803740501 0 552.7581041306257 461.7327493950725 68.96361213177443 397.6287990882993 1.7723748087883 20.05490609258413 1409.701976910233 1933.267612934113 37.10140065848827 442.7127786502242 2006.495043151081 7400.719444945455 23.74803388118744 4.320641666650772 30.12242524325848 99.77311722189188 0 0.2540275007486343 69.27094522118568 12.40303026139736 585.5423189178109 670.2488976791501 203.3985544592142 62.84809045493603 28.05600230395794 0.08130838721990585 3.748667791485786 1.415697202086449
75.03082626312971 27.87634002417326 50.02654159814119 3645.582452520728 6.157024350017309 1175.850612878799 11895.77044191211 412.0276147536933 2245.531055554748 3285.776059124619 7.959595128893852 267.4144591353834 4.915301699191332 363.2741829156876 143.313687749207 1277.479198105633 8.526536606252193 7.94537590444088 7.846334785223007 1425.977685980499 2443.56265424937 420.621434673667 1533.665705054998 5660.978512123227 7.794185861945152 37.25618606060743 406.654544301331 9519.771590203047 958.8235321305692 4530.997006244957 0.4545398503541946 3.485464125871658 226.3812346979976 783.3943497948349 75.23690863698721 3490.594497926533 82.21144682914019 1158.207383781672 832.5503254570067 722.5224256068468 25.86458187550306 22.37472419440746 42.67220345884562 33.61947531253099 0.8788852170109749 2.527414232492447 255.5793763548136 0 27.61059099435806 474.5429981127381 117.9087643772364 367.0874569490552 182.2627065777779 9.212149620056152 66.20465726405382 0.999426044523716 96.55351200327277 3.49487216770649 187.2538982853293 5.491368874907494 1.495695602148771 1.77829822152853 252.3988554850221 224.8411478623748 119.0716339349747 60.29760632663965 1438.270501930267 0 2.495973497629166 10.7849174067378 1879.981324784458 245.7458134740591 442.2123538404703 0.2755268439650536 2.387183152139187 18.61623106896877 70.81360225006938 22.29027166217566 477.7392020002007 3.508110769093037 123.8692337200046 48.02748377621174 202.2681541964412 13.22139189392328 1.58354614675045 3.065715372562408
