669.8413954079151 0.4119215160608292 157.0816075205803 0.4624055996537209 1.057649098336697 37.52008612453938 1246.252330809832 426.1308882720768 0 15.00817121565342 5.653663702309132 2.112371012568474 0 5220.460366070271 0.4115524739027023 0.1565206348896027 76.96891938894987 3.001386865973473 29.36310058087111 2.522088028490543 44.31457682698965 0.09714343398809433 307.6274402886629 10.45457988232374 0 41.3310032710433 14.04723604768515 19.16244851052761 3106.514086805284 1794.109607882798 0.0909087061882019 14.88201524317265 112.9751110598445 235.7175060287118 5.552695155143738 120.9851079136133 19.48993840068579 144.4015876948833 57.07043580710888 10.10162219405174 9.981727138161659 0.412965252995491 3.212004318833351 0 0 0.1192261502146721 0 0 0 0.7370045408606529 0 0.1086276993155479 0 0 0 0 0.8232811391353607 0 0 0 0 0 0 0 0.6808539032936096 0.211904376745224 0.8373947441577911 0 0.2389200776815414 1.081880912184715 1.180248066782951 0 0.3807107508182526 0 0.3868426978588104 0 0 0 1.856926918029785 0.1081704422831535 0 0.08632616698741913 0.6600499749183655 0 0 0
0.4119215160608292 331.4002506136894 167.7482122257352 0.8130708634853363 0 0.3119226321578026 12.26636258512735 2.930598795413971 561.4383939281106 1.288009598851204 128.9746533706784 0.634386733174324 634.2539055943489 1.996472015976906 8.562689878046513 317.8675681129098 49.82929279655218 1.102025710046291 0.9346630871295929 0.1958683356642723 13.38572224229574 2331.659757621586 59.57162054628134 975.7486807331443 2236.600148528814 264.773287050426 6254.485505416989 58.07138336449862 0.9108891710639 0.2561742067337036 25.66074954718351 0 0.1954952031373978 84.98707723617554 0 49.70534982532263 131.9035467654467 211.5155352950096 25.33332177996635 6.214087188243866 0.4538662880659103 143.1965563669801 0 0 71.714545160532 101.343357026577 0.2186876535415649 0 0 2.524447217583656 0.5011393204331398 3.33718541264534 0.07938845455646515 7.415939942002296 0.142047256231308 44.20160954445601 0.1889940723776817 0 2.838546127080917 11.74755961447954 2.112586468458176 6.440925016999245 0 0 6.129385553300381 6.481606975197792 1.913157649338245 105.0038275122643 118.1610034778714 1026.743516787887 2.475185766816139 0.1706176251173019 0.6794433072209358 6.254162661731243 0 0.1067505478858948 4.966348551213741 0.1587224155664444 15.60877679288387 109.0171569511294 14.7537829130888 2.251188151538372 0.2584549337625504 0 7.650618270039558 0
157.0816075205803 167.7482122257352 2461.531527325511 9.044287085533142 0.9765661954879761 132.3395985551178 2170.616809114814 1451.351638328284 22.98020680993795 185.7517893761396 16.15081465989351 2.794902861118317 0.7976767048239708 1667.747904360294 0.6563751921057701 11.39167449623346 3304.248038902879 28.77588388323784 175.3714623376727 3.584570959210396 764.776558585465 670.3973298594356 7385.147614710033 145.3254782631993 0.6183860898017883 3715.049418151379 6931.16859369725 289.1709566786885 185.0914091952145 362.1121277287602 1.115424539893866 13.92032184824347 11.45458035171032 573.2203375585377 14.35516158491373 1227.474794067442 6352.206752061844 1117.560682736337 622.0523954927921 45.14907228946686 6.256714887917042 17.96650945395231 8.794371224939823 1.035304740071297 239.7206933796406 875.2476775124669 0.0935344323515892 0 1.244358062744141 27.43705767393112 8.756024621427059 7.066699326038361 2.543249912559986 0.5283887684345245 0 3.35426153242588 11.3888888657093 0 56.17365849018097 50.21175227314234 1.088703982532024 9.910447508096695 1.367555595934391 2.795743979513645 55.46150610595942 131.46253541857 24.92756281793118 11.17292324453592 192.9362156316638 2807.566779814661 42.84675972163677 1.336125135421753 4.683293394744396 2.355211816728115 0 0 23.0428357347846 14.48695009201765 79.91802748292685 366.0688528269529 58.92889552563429 16.40515615791082 1.828223362565041 1.261431187391281 0.3333148658275604 0.4376565217971802
0.4624055996537209 0.8130708634853363 9.044287085533142 1749.217737108469 0.6146148443222046 196.9779316484928 76.20583023875952 68.29382389038801 622.1863119602203 2776.161515139043 1.235765486955643 1241.743293814361 0.08062845468521118 18.48281879723072 81.4950855076313 0.2623714804649353 0 0.5195454210042953 0.7280538007616997 1990.325019046664 0.9986027777194977 1.047799862921238 4.118907779455185 1050.470858283341 0 3.025699630379677 6.694661237299442 3592.113979905844 69.93615609407425 0.327210821211338 0 1.958217665553093 9.257374301552773 37.40037997066975 5.748491160571575 183.8266896232963 3.951788336038589 58.07134332507849 28.46092650294304 71.13577809929848 9.041239582002163 0 3.394229128956795 0 0 0.3814191520214081 104.9035301804543 0 9.493015125393867 106.5530260130763 21.84819531440735 273.3683945089579 198.5910348594189 0.08107138425111771 38.01133318990469 0 7.845614925026894 1.095856323838234 0.4053771793842316 0.2088080197572708 0 0 43.11393857002258 0.3142174333333969 0.5225228294730186 0.7550523653626442 229.269459977746 0 0.1240928918123245 1.232844986021519 209.7023862972856 3.966171085834503 0.5052805840969086 0 0.0702255442738533 0.2995022609829903 1.919496886432171 0.5971467345952988 6.966753706336021 0.7199012786149979 2.289870552718639 0.5619828701019287 22.34034442901611 0 0 0.1570168286561966
1.057649098336697 0 0.9765661954879761 0.6146148443222046 35.7451049387455 135.7568926662207 2.826935596764088 13.12215896695852 29.9845057874918 13.7769672870636 2.071014985442162 91.13429885357618 0.1474104076623917 4.389122381806374 1589.158002614975 0 0.5247215628623962 0.05566272512078285 0.3436560444533825 5.310489736497402 0.06375951319932938 0.1318587958812714 0.866131603717804 6.293434351682663 0 0.8545547276735306 0.3369249999523163 0.5209777727723122 23.73672195523977 1.015208221971989 0.1057583391666412 86.64294047653675 0 67.38900441676378 0 18.35993064939976 0.197564072906971 125.5514244139194 16.5834364593029 2039.132655650377 65.30979871749878 1.582788959145546 2.659025900065899 0 0 0 0.199147641658783 0 0 0.315800353884697 0 0.09657182544469833 0.5171562433242798 0 0 0 0.09157302230596542 0 0 0 0 0 0 0 0 0 0.07587946951389313 0 0 0.07374986261129379 1.404729716479778 0 0 0 0 0 0 0 0 0 0 0 0.08609971404075623 0 0 0
37.52008612453938 0.3119226321578026 132.3395985551178 196.9779316484928 135.7568926662207 7390.576851576567 1156.971997577697 3478.372537299991 75.35433599352837 6385.498784184456 220.073852032423 2165.998345151544 7.794940993189812 677.2064514048398 921.2986153513193 0.4315163418650627 21.09899687021971 35.94977701082826 54.45730155706406 222.9863672405481 13.81941855698824 0.5415833070874214 74.20373233035207 272.8468201905489 1.288908839225769 64.31928561627865 31.24682684987783 335.2430121302605 922.5123797915876 78.41716973856091 2.309790708124638 1510.989152908325 12.61467725038528 1034.469886399806 11.94601436704397 468.1584030687809 37.83653455600142 616.3770318180323 92.58881848305464 3709.926040910184 265.5364375188947 10.71149129420519 10.89900059252977 0.4331211224198341 0.1991898417472839 1.213768608868122 31.94793908298016 0 7.518660984933376 110.9426433779299 34.11921284347773 53.64763899892569 100.961248472333 0.2461035251617432 13.18317384272814 0 11.61003500968218 0.1608789712190628 1.103386737406254 0 0 0 21.44296407699585 0.1656393185257912 0.2404074519872665 0.5350387692451477 106.476153306663 0 0 3.232110157608986 145.6225241869688 3.972270756959915 1.499173991382122 0.1737376824021339 0.6857705563306808 0.6318965926766396 6.319083251059055 3.419330589473248 10.27420064806938 0.5990114212036133 4.36513215303421 1.272167839109898 10.60921592265368 0.3271249383687973 0 0.1056826338171959
1246.252330809832 12.26636258512735 2170.616809114814 76.20583023875952 2.826935596764088 1156.971997577697 22563.68343012035 5015.794682759792 162.6484828218818 9353.440877221525 22.65232691168785 143.7189566716552 1.191293269395828 6527.704886086285 19.92061024904251 20.85052933543921 34.71777446568012 6.642609193921089 16.4989557005465 50.5564109608531 703.0576718300581 32.14272207021713 2263.952840462327 467.5075595974922 4.100130632519722 240.8697351589799 627.5182129591703 14750.92653521895 993.6235852539539 3890.537970714271 0.4779814630746841 41.40469112619758 221.858297124505 456.2665231525898 68.5704265460372 2113.637309521437 118.8788254261017 648.8083870336413 399.2335740327835 148.251263692975 60.83445719629526 0.9702908173203468 22.21176585555077 4.108220882713795 3.20530528575182 12.83671948313713 49.43079557269812 0 34.80479635298252 1032.479434803128 190.7806119695306 159.1542896851897 157.2736628800631 3.429489329457283 17.38341578841209 1.048261627554893 99.37761683017015 3.303219586610794 26.09600827097893 1.272481076419353 1.678647920489311 0.3918446972966194 25.26835030317307 16.23787178099155 13.40980590879917 32.03377266973257 531.3188846185803 0.1386814117431641 4.039777770638466 98.51529847830534 1225.435901030898 61.98441509157419 52.35227137058973 0.7330186143517494 9.491491176187992 5.217447176575661 44.05522089451551 17.75259298086166 180.6471753716469 10.35839876532555 66.90054275095463 20.30384750664234 48.56849587708712 6.167320683598518 0.3448353558778763 0.2218882292509079
426.1308882720768 2.930598795413971 1451.351638328284 68.29382389038801 13.12215896695852 3478.372537299991 5015.794682759792 7162.948691569269 47.86597080528736 3567.031688667834 40.78173953294754 806.2366541400552 1.227883622050285 5849.721431955695 50.66770704835653 1.835187673568726 183.8536351695657 13.83996905758977 91.0607847943902 96.74896942824125 167.2827456332743 4.985287137329578 774.3383195213974 468.2228864729404 0.905336320400238 273.4669030122459 131.5784005746245 519.7594307735562 676.8714133426547 867.5437786094844 0.5636659935116768 551.7538338042796 48.88830114156008 312.722872518003 8.016267873346806 340.8849820382893 88.45620483905077 226.9666074737906 96.6044580899179 489.901621684432 45.4703232049942 3.050861828029156 6.109367892146111 1.089408300817013 1.467986524105072 4.498896636068821 32.25860401988029 0 15.44388895481825 312.5838906392455 83.3743409588933 34.72991781681776 105.8710228353739 1.240864425897598 11.5686619207263 0.4084235429763794 37.504264973104 1.391974367201328 2.31470925360918 0.3554475754499435 1.174501195549965 0.140620231628418 13.50184437632561 1.842325009405613 1.704698711633682 4.115453660488129 151.7676880024374 0.2183199673891068 2.720249593257904 23.10975265130401 325.3967125415802 17.7779509536922 5.182739958167076 0.1833356693387032 1.86033046990633 1.888656198978424 17.88397797569633 3.779509298503399 36.36284624040127 2.87891049683094 18.92375130951405 3.406429566442966 14.588499173522 2.227554380893707 0.1910471618175507 0
0 561.4383939281106 22.98020680993795 622.1863119602203 29.9845057874918 75.35433599352837 162.6484828218818 47.86597080528736 907.4377053678036 409.9477855488658 10.74834036827087 518.6077037006617 68.40628536045551 28.17911852151155 317.6459452360868 133.8414448425174 12.34197718650103 0.3361680209636688 0.4952947422862053 549.1573647707701 212.7366642802954 2352.754497073591 41.24160776287317 8349.83213480562 325.544307410717 54.58100555092096 815.4279252886772 1387.438442252576 22.05273795872927 41.92037170380354 14.2111025005579 1.768732987344265 1.70465549826622 14.29345872998238 3.962771072983742 188.5968679562211 12.78300330787897 16.88318429142237 13.69020862877369 103.0068872123957 4.442826345562935 5.810042150318623 1.032181233167648 3.905242264270782 1.552146717905998 1.498721517622471 67.2858013138175 0.1977927833795547 12.59422636777163 327.1514163389802 83.65783500671387 66.08937523514032 103.751216955483 2.520517379045486 23.71448309719563 2.351848416030407 56.7546849027276 1.161040395498276 289.0326119884849 0.5091996863484383 0.4726864099502563 0.09992119669914246 35.15170565247536 225.9438223391771 27.82545880973339 75.65403965115547 1217.959053076804 0.1126551851630211 4.73439934104681 49.64097867161036 1083.411253482103 40.53559006750584 41.02836597710848 0.1004300862550735 3.21157506108284 8.614496663212776 27.1389049962163 9.871034644544125 152.2431440353394 6.803732313215733 44.73889453709126 15.28319419175386 42.14033417403698 2.524193860590458 0.1664575040340424 0.1154844984412193
15.00817121565342 1.288009598851204 185.7517893761396 2776.161515139043 13.7769672870636 6385.498784184456 9353.440877221525 3567.031688667834 409.9477855488658 22172.61934800446 80.16714768856764 3679.300916366279 3.538216292858124 991.6209216192365 216.37997751683 1.237022012472153 5.99030164629221 21.00294168293476 31.07264882326126 2663.562436841428 15.32857735455036 1.27159558981657 88.20032488554716 909.0747320055962 0.6374312117695808 51.92679373919964 65.56663834303617 9116.573829740286 1779.208549208939 14.12939745932817 1.084115602076054 109.2766207456589 76.15027963370085 929.1244765892625 55.46967931091785 1801.216570548713 61.94855287671089 969.5398591347039 367.0489997714758 785.9353496730328 172.0440523028374 2.838429637253284 32.95751137286425 0.692604772746563 0.1147736385464668 3.630089953541756 140.9298213198781 0 29.02507720887661 269.2052741199732 65.56540579348803 293.06072473526 408.158366382122 1.320498563349247 63.95964919775724 0.09853029996156693 18.28098145872355 0.4661487340927124 1.723701603710651 0.2446101978421211 0 0 80.17721351236105 0.2933076471090317 0.6642891764640808 3.074314408004284 461.4827813059092 0.3750200122594833 1.243916727602482 8.965803697705269 435.895251840353 9.634142801165581 0.08792567253112793 0 1.492363497614861 0.4162647724151611 4.774791300296783 5.172537095844746 16.76649198681116 0.628424696624279 10.13452095538378 2.302847869694233 51.61224217712879 0.4706684052944183 0.1320944577455521 0
5.653663702309132 128.9746533706784 16.15081465989351 1.235765486955643 2.071014985442162 220.073852032423 22.65232691168785 40.78173953294754 10.74834036827087 80.16714768856764 8673.806486107409 33.9492080360651 1742.702720403671 75.25515583157539 9.967328876256943 2.010644435882568 383.9912615269423 2688.834239706397 1104.025648534298 12.37901241332293 17.90623777359724 47.94044710695744 38.18664223700762 15.91227715462446 619.3779877051711 1595.782642997801 889.4702152982354 32.3889721557498 164.2944403961301 17.67605765908957 486.311691775918 61.50472843647003 3.128602549433708 5996.948667921126 8.224906787276268 718.8099450543523 5161.506246872246 4582.775071434677 1209.327453240752 143.3259686455131 58.04104822874069 2759.031401179731 20.3097732514143 0 4.375781983137131 1.011891946196556 0.5958180800080299 0 0.1848383471369743 3.55200619250536 0.7263570576906204 0.909394659101963 1.070237457752228 381.8180850669742 0.09527970850467682 1310.349676333368 0.1187848895788193 0 0 0.09971337020397186 46.79058477282524 12.81423930823803 0 0 0.9136000722646713 0.2946709394454956 2.593435995280743 221.7988411709666 184.366443477571 263.7791195809841 3.527055747807026 0.4240507483482361 0 155.5825095698237 0 0 6.903503559529781 18.81405741721392 6.192528381943703 316.1252048760653 4.967921711504459 0.2245856896042824 0.1786812245845795 0.3116909265518188 154.2156666889787 0.2002403438091278
2.112371012568474 0.634386733174324 2.794902861118317 1241.743293814361 91.13429885357618 2165.998345151544 143.7189566716552 806.2366541400552 518.6077037006617 3679.300916366279 33.9492080360651 6464.01409433037 0.5915194526314735 164.1390552930534 2016.492781750858 0 0.8881355300545692 6.848505981266499 8.294952228665352 2878.921584166586 0.4649078175425529 1.672175593674183 1.95565677434206 373.0342835709453 0.4745592102408409 9.270839460194111 6.353548742830753 465.9835071861744 334.2462924495339 0.97480758279562 0.9511236622929573 43.55948066711426 1.05885061621666 249.003225915134 4.077831149101257 556.2025515213609 10.54817641526461 179.5382017716765 41.23577636480331 1842.715312473476 36.83603626489639 7.858875676989555 7.631364919245243 0 0 0.3383576273918152 297.888016693294 0 12.12989021092653 105.0156559497118 21.94113946706057 438.2884900271893 310.033860899508 0.4181824773550034 120.4687468260527 0 5.804880179464817 0.4728924930095673 0.1594505161046982 0.243657112121582 0.2155169099569321 0 76.40591084212065 0.461685910820961 0.3178328722715378 0.4396878182888031 218.0786131620407 0 0.2529607340693474 0.7763550281524658 217.9604650512338 2.219917982816696 0.2356450110673904 0 0.2047342360019684 0.3729780316352844 5.874604232609272 0.4737955629825592 6.834824822843075 0.1601007282733917 1.911512859165668 0.3111249133944511 64.99177318066359 0 0 0.1266525089740753
0 634.2539055943489 0.7976767048239708 0.08062845468521118 0.1474104076623917 7.794940993189812 1.191293269395828 1.227883622050285 68.40628536045551 3.538216292858124 1742.702720403671 0.5915194526314735 3360.558086633682 2.610861547291279 1.539282605051994 7.137149594724178 1.422306574881077 33.44124691933393 3.754481352865696 0.265576645731926 3.202168442308903 235.0850179195404 2.518434129655361 58.55514787137508 5022.351161055267 151.9745953381062 3222.110796779394 3.067122370004654 3.647435866296291 2.029272839426994 1376.815775573254 1.674786478281021 0.07782462984323502 614.0721799433231 5.075805425643921 170.1176164597273 1785.01004435122 1063.185957111418 147.3731159716845 7.317886233329773 28.07065677642822 860.5074671283364 14.82950726896524 0 8.594424583017826 0.5576523542404175 0 0 0 0 0 0.2913960292935371 0 468.2127572819591 0 1442.409357242286 0 0 0 0.09490572661161423 59.70751075446606 12.97456316649914 0 0 0.3635262101888657 0.2097423225641251 0.206190824508667 400.0622547566891 329.8510701656342 374.5305001139641 0.1148106753826141 0 0 283.7286989241838 0 0 3.613658517599106 2.460297137498856 1.799173645675182 301.1278368905187 21.38265230506659 0.2466234713792801 0 0.09652867913246155 129.8257484734058 0
5220.460366070271 1.996472015976906 1667.747904360294 18.48281879723072 4.389122381806374 677.2064514048398 6527.704886086285 5849.721431955695 28.17911852151155 991.6209216192365 75.25515583157539 164.1390552930534 2.610861547291279 14547.35527276993 15.8754453137517 0.1352117210626602 380.3016322255135 26.99313101917505 199.328525070101 129.0830311626196 299.7997649982572 3.789565756917 1607.880526892841 176.5853803083301 0.2279323562979698 348.5194534249604 140.5608192458749 222.8081657737494 4591.223845932633 3341.978588361293 0.7097363546490669 448.4463948793709 40.74424997717142 755.7218595817685 8.776635460555553 354.1705863624811 119.1159760132432 294.2707800641656 91.85440028458834 225.4555981867015 24.57886106520891 2.276008255779743 3.838846743106842 0 0.7850935012102127 2.845975376665592 5.026591688394547 0 1.378853619098663 71.31510815769434 12.92765442281961 8.503030367195606 10.27144337445498 0.1776943132281303 1.852950736880302 0 6.056704096496105 0 2.103774212300777 0.2508588954806328 0 0.1965579837560654 0.8395145386457443 0.7327583581209183 0.9172274172306061 1.926475465297699 33.95565603673458 0.3010327890515327 1.783764950931072 18.13958720117807 76.86283646523952 2.992682762444019 3.49847836047411 0 0.4653560444712639 0.07735401391983032 3.903147779405117 1.317114822566509 11.19512284547091 2.823124296963215 5.134174793958664 0.6915070787072182 1.951984196901321 0.1085506677627563 0 0.08927448838949203
0.4115524739027023 8.562689878046513 0.6563751921057701 81.4950855076313 1589.158002614975 921.2986153513193 19.92061024904251 50.66770704835653 317.6459452360868 216.37997751683 9.967328876256943 2016.492781750858 1.539282605051994 15.8754453137517 473.9020136445761 0 0.09689541161060333 1.434493906795979 2.192464798688889 245.7837948799133 0.1095597073435783 32.069340929389 0.1055651009082794 782.0017336010933 5.36133086681366 4.175920322537422 20.54383799433708 47.9209600687027 70.82371328026056 4.430127792060375 0.4871893748641014 349.705059453845 0.1279220730066299 65.74903577566147 0 20.47573434561491 1.463194757699966 26.71681260317564 1.99301141500473 1198.997597016394 66.1683973968029 0.3797095268964767 0.2661122530698776 0 0.3951829075813293 0 6.554917275905609 0 0 0.8253134340047836 0.3703966811299324 0.1802221089601517 0.2745055556297302 0 6.594148837029934 0 0 0 0.5269054919481277 0 0 0 0.1921020448207855 0 0.1365943998098373 0 1.548794031143188 0.07774274796247482 0.3123635649681091 0 1.339214339852333 0 0 0 0 0 0 0 0.2103560343384743 0 0 0 0 0 0 0
0.1565206348896027 317.8675681129098 11.39167449623346 0.2623714804649353 0 0.4315163418650627 20.85052933543921 1.835187673568726 133.8414448425174 1.237022012472153 2.010644435882568 0 7.137149594724178 0.1352117210626602 0 1740.375064752996 14.47718396782875 0.4492224380373955 1.373160563409328 0 2837.494980126619 2520.845099367201 1162.929808862507 1824.293655134737 54.07309368252754 26.15795078128576 4224.703022278845 1941.119711250067 0.7697695419192314 19.65688529610634 3.643628664314747 0.09983155131340027 0.6230509877204895 59.85545043647289 12.43644067645073 934.65906149894 779.119243696332 289.9177089110017 530.6287974119186 27.53651160746813 3.526947773993015 0.6948429197072983 7.23503165692091 0 0.8813727125525475 16.61712409555912 0.2299173846840858 0 0.2024088874459267 21.27326257526875 0.2251087427139282 9.343428105115891 1.997315920889378 0 0 0.403394028544426 0.7235941141843796 0 1751.750798858702 0.3724059015512466 0.207838699221611 0 0.2355574369430542 305.4648685157299 701.6389748454094 1414.725977241993 104.3992996141315 0.4828593581914902 1.094513066112995 392.0687563195825 124.6729829162359 0.1300672292709351 10.57793563604355 0.3076422736048698 0 0.1232615783810616 2.447017379105091 3.360609143972397 287.9051147475839 4.291959643363953 6.222606509923935 3.971102111041546 0.5093898773193359 0 0 0
76.96891938894987 49.82929279655218 3304.248038902879 0 0.5247215628623962 21.09899687021971 34.71777446568012 183.8536351695657 12.34197718650103 5.99030164629221 383.9912615269423 0.8881355300545692 1.422306574881077 380.3016322255135 0.09689541161060333 14.47718396782875 809.1579257324338 192.1568692922592 2313.730279482901 0.7035550847649574 970.0213193595409 17.13870816677809 2972.896547652781 44.17029954493046 0.7300477772951126 3374.211051516235 3744.978830747306 25.32295655459166 284.2809080183506 1191.832703918219 1.276301056146622 6.196632049977779 38.86730372905731 1394.89949080348 2.909077197313309 265.6922023072839 1233.947517164052 793.661473326385 295.0056033357978 13.79221107810736 1.660677954554558 5.178276538848877 0.69034144282341 0 14.29005542397499 26.11796669661999 0 0 0 0.7693805024027824 0.227377824485302 1.038438431918621 0.1081421077251434 0 0 0.7943630367517471 0.367122620344162 0 1.425088375806808 10.8323637470603 0.09786334633827209 2.96543674916029 0 0.1454771906137466 1.921156406402588 1.901775576174259 1.061534866690636 3.08795502781868 79.14457924664021 234.1544189155102 1.841205582022667 0.2806840315461159 0.08567189425230026 0.4661836922168732 0 0 2.649332523345947 2.184479802846909 8.727608181536198 112.1487236320972 7.142071090638638 3.303322851657867 1.305427879095078 0 0 0
3.001386865973473 1.102025710046291 28.77588388323784 0.5195454210042953 0.05566272512078285 35.94977701082826 6.642609193921089 13.83996905758977 0.3361680209636688 21.00294168293476 2688.834239706397 6.848505981266499 33.44124691933393 26.99313101917505 1.434493906795979 0.4492224380373955 192.1568692922592 118.1777283400297 761.4597422108054 3.000346031039953 7.79038043320179 0.2639153599739075 30.6447417512536 1.32504303753376 26.95175586640835 2609.876741498709 216.1044359505177 3.14275049418211 33.9462768509984 13.34552524983883 72.46299179643393 7.504246719181538 1.743995949625969 911.707574993372 8.085393987596035 528.8182130977511 1076.96599484235 1894.3894007653 647.8685755431652 35.19167940318584 4.273434564471245 56.97420111298561 5.31633149087429 0 1.512031331658363 0 0.07657058537006378 0 0 0.3739770203828812 0 0 0.768033504486084 30.56573468446732 0 112.3679864257574 0 0 0.1104318797588348 0.08260896056890488 32.35782562941313 11.16196105629206 0 0 0.1020596325397491 0 0.2602177783846855 29.50396168231964 191.7587840780616 180.170241266489 0.9866199269890785 0 0 85.53972631692886 0 0 0.4183375388383865 6.527514085173607 3.013464212417603 23.09330459684134 0.5146394744515419 0.534041702747345 0.2099796682596207 0 0.522859200835228 0
29.36310058087111 0.9346630871295929 175.3714623376727 0.7280538007616997 0.3436560444533825 54.45730155706406 16.4989557005465 91.0607847943902 0.4952947422862053 31.07264882326126 1104.025648534298 8.294952228665352 3.754481352865696 199.328525070101 2.192464798688889 1.373160563409328 2313.730279482901 761.4597422108054 1302.994773931801 4.279768422245979 124.7445020005107 1.095938473939896 581.163981936872 4.709763713181019 1.892080411314964 1909.127648435533 525.9551910981536 13.84381134808064 211.8878104239702 217.6161089390516 4.192123606801033 10.95061746239662 33.54981955140829 2729.255365274847 4.882313132286072 642.9227620586753 796.0577609837055 2697.997207097709 682.2938069291413 41.75435550510883 3.79960235953331 6.760888271033764 4.138874217867851 0 3.55822217464447 1.69344412535429 0.08854947984218597 0 0 1.269941039383411 0.154634952545166 0.2391496524214745 0 1.475540764629841 0 8.22307625412941 0 0 0 0.6657273769378662 3.316677205264568 2.907362252473831 0 0 0.4761274084448814 0.2596040070056915 1.197329543530941 3.175049714744091 51.74259029328823 70.57917968183756 1.147354997694492 0.2469320595264435 0 6.063836716115475 0 0 0.1758669018745422 7.010405078530312 1.796293169260025 4.36621655523777 0.6293361708521843 0.1620546281337738 0 0 0 0
2.522088028490543 0.1958683356642723 3.584570959210396 1990.325019046664 5.310489736497402 222.9863672405481 50.5564109608531 96.74896942824125 549.1573647707701 2663.562436841428 12.37901241332293 2878.921584166586 0.265576645731926 129.0830311626196 245.7837948799133 0 0.7035550847649574 3.000346031039953 4.279768422245979 621.2346729561687 0.199013277888298 0 1.576314322650433 553.6156318932772 0 4.293047733604908 2.561659432947636 2038.646039284766 265.9013048931956 1.125420145690441 0.1426682248711586 15.41520798951387 4.384173169732094 179.8958475217223 11.39422625303268 485.8603818640113 9.691924899816513 198.4746132344007 76.39080660790205 447.7930007204413 39.24916724860668 0.9386042132973671 8.776195287704468 0 0.6476223021745682 0.8843036890029907 110.1727461665869 0 14.58652972429991 128.7649163007736 30.1629675924778 247.0818153917789 236.2511068955064 0.5492906123399734 42.58142441511154 0 7.395912028849125 0.6221875846385956 0.2677956372499466 0 0 0 45.6754265204072 0 0.5177151411771774 0.3046684861183167 203.5310179889202 0 0 1.870562948286533 214.7141163796186 4.467557549476624 0.142196923494339 0 0.1204092800617218 0.1299259811639786 3.998970486223698 1.612366676330566 9.454442970454693 0 1.901471503078938 1.446122072637081 23.51154591888189 0.9835021421313286 0 0
44.31457682698965 13.38572224229574 764.776558585465 0.9986027777194977 0.06375951319932938 13.81941855698824 703.0576718300581 167.2827456332743 212.7366642802954 15.32857735455036 17.90623777359724 0.4649078175425529 3.202168442308903 299.7997649982572 0.1095597073435783 2837.494980126619 970.0213193595409 7.79038043320179 124.7445020005107 0.199013277888298 10229.09645909071 466.3475026935339 11853.63571560383 352.1079074144363 2.869874127209187 54.29133841395378 1048.89832226932 1359.501987539232 83.86087366193533 11278.90094737709 0.495957612991333 1.596757058054209 12.2314295694232 3487.506144113839 90.39222355186939 6375.529949404299 2945.136047482491 4728.541475988925 5478.106694504619 156.0298981294036 53.19655496627092 8.074706196784973 53.73532177507877 0 0.9653366208076477 4.79010883718729 0 0 0 12.95886428654194 0.9160636812448502 30.00246471911669 0.2564132362604141 0 0.1075009778141975 0 0.4324308037757874 0 582.0744901895523 1.081554517149925 0.1012965813279152 0 0 387.3304034173489 450.7618676796556 223.0197614431381 208.7981149926782 0 1.27867741137743 59.07889652997255 262.0264242291451 0 21.85729893296957 0 0 0 1.154197350144386 47.97096598893404 100.4876987338066 4.095366597175598 2.589475490152836 5.898649841547012 0 1.314346149563789 0 1.615418046712875
0.09714343398809433 2331.659757621586 670.3973298594356 1.047799862921238 0.1318587958812714 0.5415833070874214 32.14272207021713 4.985287137329578 2352.754497073591 1.27159558981657 47.94044710695744 1.672175593674183 235.0850179195404 3.789565756917 32.069340929389 2520.845099367201 17.13870816677809 0.2639153599739075 1.095938473939896 0 466.3475026935339 1239.995259001851 709.1697442606091 5055.38282609731 1024.982495829463 160.7108079195023 5067.627487957478 437.1746347695589 1.440705455839634 4.958374291658401 21.40025804936886 0 0.3639726042747498 37.58024614304304 2.171549320220947 83.76108419895172 86.72957327216864 46.218536503613 25.49940590560436 16.99849932640791 0.3577744588255882 27.75938861072063 0 0.1295058876276016 130.3299940004945 392.8315090984106 0.2740287929773331 0 0.7954427301883698 33.19366948306561 3.32812712341547 19.87275793403387 2.606690593063831 5.60443253070116 0 28.07087158411741 4.518239967525005 0 1607.192610271275 33.10568158328533 0.6656362190842628 7.246646352112293 0.1188211068511009 195.7620021849871 313.9139420092106 898.4754365086555 104.588491126895 102.3760171085596 95.71299298852682 3765.861040107906 96.22005740553141 0.3099922761321068 4.758219599723816 3.080715194344521 0.2696799114346504 0 16.02385483682156 1.051104664802551 63.87576735764742 30.31424975395203 40.55895541608334 12.94839310646057 1.500381536781788 0.08904268592596054 6.246379159390926 0
307.6274402886629 59.57162054628134 7385.147614710033 4.118907779455185 0.866131603717804 74.20373233035207 2263.952840462327 774.3383195213974 41.24160776287317 88.20032488554716 38.18664223700762 1.95565677434206 2.518434129655361 1607.880526892841 0.1055651009082794 1162.929808862507 2972.896547652781 30.6447417512536 581.163981936872 1.576314322650433 11853.63571560383 709.1697442606091 4921.45866458118 487.8884575217962 3.442550346255302 1556.783203348517 7025.380800448358 2238.570555403829 424.0758276991546 5063.691764399409 0.8253127560019493 12.9946792460978 30.10487809032202 2869.67538613826 115.341699205339 7671.139484182 9718.721721932292 5445.957340724766 7324.723244696856 315.4561158716679 40.92064494639635 12.1730470135808 61.55348662286997 0.2970324456691742 24.18424791842699 419.4828915074468 0.5916310623288155 0 1.897363431751728 80.56020557880402 6.308529205620289 30.223767593503 4.862956218421459 1.84817273914814 0 0.4527945667505264 5.644821859896183 0 1890.658734284341 6.405556179583073 0.08265162259340286 1.445779368281364 1.04181344807148 133.378724604845 521.4517643228173 1868.736984156072 139.4836797118187 1.546393699944019 16.68690324574709 2204.316054955125 222.1648485064507 1.13683295249939 16.8731486722827 0.3481703475117683 0.1994707435369492 0.1214693337678909 17.85752471536398 75.99122561514378 227.1784127503633 37.57119797170162 38.53799917548895 22.79065015166998 0.5959640741348267 0.5155744254589081 0.4550225287675858 0.1528191864490509
10.45457988232374 975.7486807331443 145.3254782631993 1050.470858283341 6.293434351682663 272.8468201905489 467.5075595974922 468.2228864729404 8349.83213480562 909.0747320055962 15.91227715462446 373.0342835709453 58.55514787137508 176.5853803083301 782.0017336010933 1824.293655134737 44.17029954493046 1.32504303753376 4.709763713181019 553.6156318932772 352.1079074144363 5055.38282609731 487.8884575217962 7999.684959791601 336.7784462273121 137.1744554713368 3257.948823496699 7484.435328222811 294.3294100686908 114.8493219539523 12.86253013461828 12.31203734129667 95.78430891036987 256.0379075184464 46.63736642897129 1833.890513025224 160.7253099456429 376.6576809287071 256.8428092375398 305.2291651889682 32.95103213191032 7.185013383626938 16.9989446029067 2.409853436052799 5.911387331783772 10.8336253464222 170.4942375272512 0 50.57867692410946 823.9670014902949 164.3119733184576 1251.550677999854 401.8237010389566 4.13320130109787 76.64384692162275 0.8468904718756676 80.2586409971118 4.521925568580627 338.8280081450939 1.549642078578472 1.786486223340034 0.5660186037421227 67.37612129747868 217.9743512943387 533.855570949614 170.5014478936791 1700.227951161563 1.049134381115437 7.388457380235195 173.2101643308997 2309.88428055495 53.12099766731262 75.95913971215487 0.5828097015619278 7.340659577399492 6.798112131655216 38.38209427148104 18.78703208267689 219.3278504237533 11.70909699052572 64.52019619196653 24.99064707010984 61.79915077984333 4.132874712347984 2.673061959445477 0.6225528940558434
0 2236.600148528814 0.6183860898017883 0 0 1.288908839225769 4.100130632519722 0.905336320400238 325.544307410717 0.6374312117695808 619.3779877051711 0.4745592102408409 5022.351161055267 0.2279323562979698 5.36133086681366 54.07309368252754 0.7300477772951126 26.95175586640835 1.892080411314964 0 2.869874127209187 1024.982495829463 3.442550346255302 336.7784462273121 739.682226151228 263.8165963962674 3635.246495872736 13.76314786076546 0.258122518658638 0.09503497183322906 415.8952977061272 0.1720698922872543 0 145.3235106617212 0 27.26277639716864 92.8438041433692 239.9496016874909 17.2343984618783 3.43602304905653 5.429000794887543 518.6877466067672 1.768669426441193 0 18.97123356163502 0.4942054897546768 0 0 0 0.1656934171915054 0 0.3344080150127411 0 46.34513065963984 0 240.9028995782137 0.1417891979217529 0 0.1149090528488159 0.1083055809140205 6.324350751936436 4.046515375375748 0 0 0.983052022755146 0 0.700798436999321 56.72242149710655 117.9745135754347 334.3900293931365 0.2357173264026642 0 0.1365080326795578 46.55726724117994 0 0 1.955763481557369 0.7580639123916626 2.469132982194424 24.48096883296967 5.659101985394955 2.183487609028816 0 0 2.657160118222237 0
41.3310032710433 264.773287050426 3715.049418151379 3.025699630379677 0.8545547276735306 64.31928561627865 240.8697351589799 273.4669030122459 54.58100555092096 51.92679373919964 1595.782642997801 9.270839460194111 151.9745953381062 348.5194534249604 4.175920322537422 26.15795078128576 3374.211051516235 2609.876741498709 1909.127648435533 4.293047733604908 54.29133841395378 160.7108079195023 1556.783203348517 137.1744554713368 263.8165963962674 11803.69574286789 5347.655075244606 73.08983666449785 211.8104552999139 118.8729142546654 242.4054594486952 13.68677720054984 23.47083589434624 1807.287725664675 22.02055169641972 2812.397209297866 5759.457699239254 3926.7728914693 1275.844647571445 107.2970001325011 8.500958114862442 58.30290722101927 13.2209137827158 0.2178510203957558 358.1136261671782 71.68152315169573 0 0 0.09139227122068405 4.673548921942711 0.8060037568211555 1.995749972760677 0.2022638097405434 47.17673671990633 0.1032544374465942 332.219710342586 2.093932032585144 0 4.665023982524872 40.51574839651585 133.9623179286718 244.2174810096622 0 0.3858217149972916 11.99097096174955 4.297720015048981 6.390880525112152 396.7674454003572 2443.967859484255 4132.20327039063 6.408292204141617 0.3088912293314934 1.799990266561508 234.9449992179871 0.263558603823185 0 16.66767171025276 20.32952820509672 35.98014022409916 235.7138973474503 45.58629164844751 10.12585648149252 1.217560321092606 0.4706261456012726 5.827219121158123 0
14.04723604768515 6254.485505416989 6931.16859369725 6.694661237299442 0.3369249999523163 31.24682684987783 627.5182129591703 131.5784005746245 815.4279252886772 65.56663834303617 889.4702152982354 6.353548742830753 3222.110796779394 140.5608192458749 20.54383799433708 4224.703022278845 3744.978830747306 216.1044359505177 525.9551910981536 2.561659432947636 1048.89832226932 5067.627487957478 7025.380800448358 3257.948823496699 3635.246495872736 5347.655075244606 22072.8540334627 1949.733334138989 72.02401746064425 65.79083202779293 755.6758086308837 3.660386592149734 9.174417927861214 4041.196306139231 106.3092136383057 7069.446956165135 7070.262073837221 5864.162393912673 3198.658189438283 253.8261791169643 8.686954073607922 63.25764021277428 40.27051807940006 1.390695251524448 1460.764736428857 1194.709540523589 0.5842444896697998 0 1.792460240423679 81.36235054582357 10.88824690133333 37.70248404145241 4.255541108548641 84.59479609131813 0.2301253080368042 497.8292446732521 18.14554743468761 0 457.7337549626827 122.9188010022044 114.4607914090157 273.7834500074387 0 54.82074372470379 387.1013735979795 527.9898189678788 104.2648111209273 883.1626730710268 3357.82577111572 11042.61352694035 186.7497012764215 2.659679755568504 15.83427808433771 335.8041494637728 0.3173812180757523 0.4974888190627098 62.80996484309435 85.17141654342413 199.3125010579824 889.7786123156548 159.1364070102572 45.8771159350872 4.024277336895466 0.1359787136316299 21.8981698602438 1.13676293194294
19.16244851052761 58.07138336449862 289.1709566786885 3592.113979905844 0.5209777727723122 335.2430121302605 14750.92653521895 519.7594307735562 1387.438442252576 9116.573829740286 32.3889721557498 465.9835071861744 3.067122370004654 222.8081657737494 47.9209600687027 1941.119711250067 25.32295655459166 3.14275049418211 13.84381134808064 2038.646039284766 1359.501987539232 437.1746347695589 2238.570555403829 7484.435328222811 13.76314786076546 73.08983666449785 1949.733334138989 18308.6159125939 511.3465974330902 7818.757699415088 0.8784998506307602 11.23040063679218 132.0872952640057 678.0398195460439 76.5014730617404 2822.867678612471 432.7132856175303 861.1377485468984 690.5606121867895 102.928129568696 42.33246448636055 3.61663493514061 27.5346142500639 3.491224996745586 2.593814082443714 10.44344756007195 103.4985104575753 0 33.26932497322559 981.6288626641035 150.7572085782886 693.9462290331721 278.12240883708 3.324392162263393 42.89188675582409 1.057242475450039 81.77710196375847 3.844053007662296 260.0136482715607 1.077301017940044 0.5624431744217873 0.82391357421875 41.54104738682508 242.0972175896168 408.8752890229225 120.5226420834661 1637.22664694488 0.2407015040516853 3.710287615656853 160.3235631212592 2710.17634575814 55.85125919431448 173.9918098524213 0.7134072780609131 8.879155084490776 3.958137735724449 40.89346104115248 27.94839278608561 219.4918160960078 8.956342771649361 64.25222736597061 24.28761564195156 52.86405922472477 4.621619939804077 0 1.875527933239937
3106.514086805284 0.9108891710639 185.0914091952145 69.93615609407425 23.73672195523977 922.5123797915876 993.6235852539539 676.8714133426547 22.05273795872927 1779.208549208939 164.2944403961301 334.2462924495339 3.647435866296291 4591.223845932633 70.82371328026056 0.7697695419192314 284.2809080183506 33.9462768509984 211.8878104239702 265.9013048931956 83.86087366193533 1.440705455839634 424.0758276991546 294.3294100686908 0.258122518658638 211.8104552999139 72.02401746064425 511.3465974330902 18395.08680153638 2076.471177417785 1.133910529315472 575.5383412055671 2143.94820600003 3405.115233682096 27.1514506265521 939.1307262554765 181.3509102538228 1240.278478294611 353.8869738504291 564.5149340257049 121.3726391494274 3.365399107336998 18.14380945265293 0 0.09722498059272766 0.7644408643245697 4.735021412372589 0 1.828626960515976 43.57586110755801 8.542198866605759 7.326899953186512 12.99346709996462 0.1410666853189468 2.128168284893036 0.1530946046113968 2.931848436594009 0 1.868733301758766 0 0 0 0.8750224038958549 1.117264583706856 2.016685552895069 0.7148307338356972 23.86906903982162 0 0.4631207957863808 4.929583318531513 57.10962092876434 1.554877743124962 2.336410440504551 0 0.5345291793346405 0.2613042145967484 2.671507030725479 5.96573731303215 8.153377592563629 1.212500773370266 2.675250388681889 1.549463160336018 0.197958342730999 0.3358833789825439 0.1244604289531708 0.1107596829533577
