3052.939171724021 0 66.78814820945263 6.439374275505543 0 23.96992875635624 2866.505022779107 723.0985111221671 1.596940219402313 62.3478000536561 3.199692353606224 13.0300143584609 0.1862162798643112 8855.782844722271 0 0.4767785668373108 301.9946636334062 4.969229198992252 17.57494055479765 8.499294772744179 326.5385143905878 0.6655349880456924 963.1075217500329 45.89609972387552 0 44.42504082620144 29.91172038763762 79.70738649368286 5531.000400416553 3810.568652585149 0 1.322576113045216 22.5879138559103 44.66003806143999 0 11.60383818298578 10.11567538976669 33.05123677104712 6.004289090633392 1.24714195728302 0.3083496987819672 0 0 0 0 0.3767915368080139 0 0 0 2.963695928454399 0 0.922163337469101 0 0 0 0 1.048344753682613 0 2.877059616148472 0 0.1567797958850861 0.2592355534434319 0 2.772795416414738 0.1550183296203613 1.967372789978981 9.627139858901501 0 0.9307266473770142 2.242604330182076 12.10812495648861 1.214300334453583 0.521564856171608 0 0 0.2016505151987076 0.2360877990722656 0 2.77580526471138 0.1779303252696991 0.7839033305644989 0.7730637937784195 1.180538684129715 0 0 0
0 685.8950093314052 4.968149349093437 0.2094366475939751 2.457967221736908 1.04708156734705 0.9056224822998047 1.313060186803341 832.088643103838 0.5241261571645737 91.74992053955793 2.064714886248112 611.3605513200164 2.779704205691814 72.45255170762539 127.3835918828845 20.32048584520817 13.09081219136715 30.33660633862019 0.1373211294412613 4.559812754392624 3769.379449114203 4.558904826641083 1406.483464322984 1762.630718953907 247.6680736839771 8153.953291259706 28.4238049313426 3.20078344643116 0.23755843937397 36.44758462905884 0 0 34.60900663584471 1.197939947247505 56.36437477171421 385.6234305799007 73.19649993628263 8.129708677530289 30.6990787088871 0 80.65642775595188 0.106854185461998 0 296.0160893723369 46.54301099479198 0.3685774654150009 0 0 1.483727619051933 0.6507713496685028 7.018188945949078 0.1377323567867279 7.481887899339199 3.409188695251942 45.42874772846699 0.6238008290529251 0.2961975634098053 5.566022403538227 85.72474834322929 9.263890162110329 83.45030465722084 0.389337532222271 0.279204286634922 73.21724830567837 12.30180451273918 20.06481494009495 20.22629018872976 451.9661880582571 1893.960740923882 4.803895197808743 0.254413791000843 0.5757958963513374 10.60746204108 0 0 10.38324849307537 2.175740405917168 115.5279075652361 358.350143827498 35.78387911617756 7.886964172124863 1.650039777159691 0 2.381627321243286 1.217492818832397
66.78814820945263 4.968149349093437 5836.506292656064 11.20738757401705 0.1038260161876678 26.73652086406946 1172.56996743381 186.7323479279876 3.071665965020657 15.59451869130135 16.0692640542984 1.85698676109314 1.947839133441448 347.10099221766 0.5074699968099594 5.370257139205933 3118.146659553051 18.223777115345 193.7783860787749 1.457719974219799 638.191388681531 8.285782374441624 9508.8370475173 39.62716796249151 0.4865817576646805 16541.01695204526 5807.08260858804 361.4151390492916 59.07529843598604 125.8037251457572 0.4385147988796234 0.8710723295807838 3.364014208316803 638.2149736732244 62.04789061099291 3483.38466027379 1366.843680366874 2206.447546795011 646.6293394044042 126.6173541545868 3.556370258331299 3.485268533229828 21.4141881018877 1.737596407532692 31.27068088948727 107.6764672324061 1.223402842879295 0 0 3.597729578614235 0.74641352891922 0.4592845588922501 0.4017926752567291 0 0 0 3.667837917804718 0 20.42141103744507 72.19303073734045 0.8070071786642075 10.56309982389212 0 4.738168835639954 29.49412885308266 207.0485301241279 20.40782929211855 1.247499093413353 142.4170721173286 1260.554668955505 9.082298636436462 0.6888624057173729 3.930599838495255 0.775762751698494 0 0 16.97893597185612 5.969392359256744 148.68280082196 114.4722584038973 49.86515498161316 30.13478424400091 1.753825485706329 2.129518270492554 1.712324142456055 1.324105620384216
6.439374275505543 0.2094366475939751 11.20738757401705 4831.926595196128 5.464958414435387 167.5773995444179 267.7161574736238 96.99497830122709 1640.430117055774 5946.036808684468 2.565872967243195 2129.011004917324 3.914060674607754 96.27027709782124 234.3138176724315 0.5186351835727692 3.761327430605888 0.8032249510288239 0.5963816866278648 4741.40216165781 0.7140573337674141 0.6171131283044815 23.61087369173765 3703.967047572136 0.09676345437765121 9.667993471026421 19.9981010183692 4675.876630440354 183.9276169538498 2.521436288952827 0.1128610000014305 1.405506201088428 13.14272969216108 36.65656913071871 4.674297243356705 415.0645591169596 8.125926978886127 125.4876892790198 77.69810578227043 207.0196825712919 23.16051292419434 1.250099778175354 6.689755693078041 0.1440261751413345 1.065782353281975 1.196144931018353 527.5832383409142 0.3927387595176697 82.41057838499546 304.0053950101137 32.57895539700985 116.6091328561306 259.6852457672358 2.100204057991505 290.230876840651 0.3810839653015137 38.01995807141066 36.63413440436125 2.526353225111961 0 0.3126794695854187 0 322.2126118689775 1.25778828561306 3.92291447520256 1.884984508156776 442.9864281788468 0 0.6650789231061935 2.187498897314072 563.4796717464924 29.65606495738029 2.362083852291107 0.2184727638959885 0.2378835827112198 0.1177314221858978 23.10995836555958 0.6040735840797424 39.38212669640779 0.8158529251813889 40.92557794600725 10.82990980893373 134.6711642369628 2.403263852000237 0 0.1463229954242706
0 2.457967221736908 0.1038260161876678 5.464958414435387 33.40893767774105 655.8262328878045 5.213149689137936 46.40050128102303 31.61222358047962 11.4436965957284 47.05878896266222 125.6398406103253 8.303785420954227 14.6701852530241 1380.837537966669 0 0.5421611219644547 3.601704694330692 0.5659652724862099 12.39072342962027 0 2.7286391928792 0.8307164534926414 33.59993350505829 0.972393274307251 2.691451832652092 6.179007723927498 11.79281162470579 20.05304054915905 0.2173475474119186 0.5535908341407776 55.11690648645163 0.09076209366321564 211.0897296443582 0.9752032458782196 52.80801369994879 8.491635113954544 182.9814632236958 48.73234528303146 2102.43965934962 162.4107493311167 0.4072985053062439 0.1116635128855705 0 0.1104081347584724 0 0.2780835181474686 0 0 1.241089530289173 0 0.2179389595985413 0 0 1.303295195102692 0 0.7555879950523376 0 0 0 0 0 1.29198157787323 0 0 0 3.803702354431152 0 0.4361799210309982 0 3.568180523812771 0 0.8054370880126953 0 0 0 0 0 0 0.3433994352817535 0 0.4955214858055115 1.187363334000111 0 0 0
23.96992875635624 1.04708156734705 26.73652086406946 167.5773995444179 655.8262328878045 16913.8346721828 2979.857819207013 10266.92559348792 97.95241779834032 6834.935591444373 66.65140675008297 3481.916280709207 26.37479254603386 2340.428732857108 2126.460949368775 0.5929916799068451 44.32932516187429 10.57662813365459 11.18295866250992 412.4169966503978 15.60272188484669 0.3760362565517426 126.0317709594965 340.8329486250877 1.681902691721916 30.4524694532156 21.08161935955286 1240.529737457633 936.7126576825976 45.05711551010609 2.391498848795891 763.4816330000758 6.841954499483109 276.1749338954687 5.375482499599457 464.0863164812326 31.16164047271013 448.0631701424718 180.7672372758389 1455.297315239906 429.8093337789178 7.98713855445385 5.199694320559502 1.143118560314178 0 1.349984504282475 39.28723080456257 0 9.440691143274307 92.09824356436729 6.039582058787346 27.89844052493572 22.11540958285332 0.8106518387794495 21.67197395116091 0 12.38635838031769 4.811281427741051 3.854441918432713 1.174784779548645 0 0 21.86286067962646 1.630843065679073 2.857242062687874 2.078942313790321 175.2637063637376 0 0.9678948968648911 2.684415318071842 176.9052663967013 11.11961269378662 4.380772978067398 0 0.4874127805233002 1.032146722078323 5.902728363871574 0 13.46633180975914 2.528686307370663 22.92110925167799 5.91540738940239 28.06461909413338 0 0 0
2866.505022779107 0.9056224822998047 1172.56996743381 267.7161574736238 5.213149689137936 2979.857819207013 18079.32362089306 3849.147615276277 372.8639263212681 3038.773748904467 16.68863013386726 54.59278671443462 6.693626634776592 9262.062153883278 45.98710766434669 1.640320509672165 270.2072215005755 7.368218205869198 28.31338751316071 51.80475603789091 1076.441082209349 1.755404122173786 4088.647687196732 1064.176266849041 0.2893217355012894 487.2173854336143 618.2872079238296 20073.28972840309 2598.932727776468 8630.825948745012 0.4280252009630203 12.95446889847517 268.0060617476702 484.4004257023335 42.00690725445747 2474.369817733765 101.0891341865063 1399.596271120012 741.1079579144716 118.4431320056319 91.95535429567099 2.958499737083912 35.13335114717484 1.86898010969162 1.21941040456295 3.414986185729504 95.01780308037996 0 19.92030381411314 245.6581286564469 28.49404039233923 88.05753107368946 58.26001544296741 0 27.31953100860119 0 25.97112262248993 10.59142342209816 17.77401227504015 2.672087579965591 0.4078702032566071 0.6176181361079216 55.44578319787979 13.74294345825911 5.752228885889053 23.24352452158928 360.7827473804355 0.1554152816534042 3.042254947125912 74.65804187953472 370.4509876966476 24.00567569583654 9.742859520018101 0.1277793794870377 0.3669539391994476 1.715285927057266 14.27847069501877 2.258479878306389 50.22164132446051 3.592452153563499 40.97887080162764 10.03115637600422 50.8493802472949 3.403012454509735 0 0
723.0985111221671 1.313060186803341 186.7323479279876 96.99497830122709 46.40050128102303 10266.92559348792 3849.147615276277 16294.82016541809 92.23188558220863 3316.517180405557 39.94578806310892 1448.376855328679 10.88267450779676 10811.45959008485 479.226352982223 0.9924915730953217 494.6506012603641 21.57902037352324 55.36494954675436 357.2946727722883 249.0496760159731 2.201857946813107 1454.265710458159 829.1811488717794 1.613720133900642 152.1886885389686 73.58330027759075 940.256502263248 898.5354148820043 859.5088252052665 0.5869772061705589 877.364263638854 20.32661414146423 158.6478507742286 6.80054135620594 314.7685398161411 49.0099214091897 290.9924296587706 111.5640664845705 504.0294979140162 120.6380853578448 3.238301068544388 2.272710748016834 6.625257924199104 0.3154548704624176 1.740932688117027 33.09818589687347 0 7.580667316913605 183.0533813908696 28.77237731218338 80.52619656175375 32.77919036895037 1.039386838674545 13.65603228658438 0 34.70915653556585 5.934120267629623 21.58385450392962 1.993519335985184 0 0.940114825963974 24.61795249581337 17.09333496540785 5.321523852646351 5.554507687687874 504.4528726488352 0 0.4716705828905106 18.00430513173342 431.1316138356924 31.17217622697353 24.30752201378345 0.1149254068732262 1.367012143135071 2.534351408481598 19.23601817339659 0 61.11722922325134 1.217411071062088 52.64761347323656 21.87278692424297 62.2292525395751 2.041767835617065 0 0
1.596940219402313 832.088643103838 3.071665965020657 1640.430117055774 31.61222358047962 97.95241779834032 372.8639263212681 92.23188558220863 588.814484000206 170.4384682327509 3.742700345814228 497.8435448259115 11.42050164937973 38.59591168910265 1037.912336051464 106.0876015871763 3.67251431196928 3.321634851396084 5.238888211548328 647.9876349940896 24.9298030808568 2804.396443538368 12.13569433987141 7451.356407001615 78.27751036733389 42.86334251612425 1010.557117596269 1298.410206310451 30.61725387722254 6.332615077495575 2.36586581915617 1.248377896845341 2.750902324914932 12.14994372427464 1.099515616893768 62.82600758224726 9.516725264489651 19.98868749290705 16.51843605190516 149.6141845583916 4.110644221305847 0.9777762219309807 0.8432477116584778 5.559948094189167 10.16798639297485 1.806392908096313 441.3521421775222 0 34.60946063697338 273.5626918449998 30.80141708254814 76.19205847382545 164.3739203363657 1.339467003941536 183.044087678194 3.352722726762295 34.80148873478174 11.37624664604664 384.2473744675517 2.702305682003498 0.9257455393671989 1.245086468756199 202.9254872500896 101.1115093380213 71.25357061624527 55.03240913897753 1722.612856462598 2.52406769990921 9.054972790181637 24.8116370588541 857.6485603302717 39.7252990603447 55.55305458605289 2.127671219408512 0.4858667403459549 7.352447062730789 16.07797683775425 0 60.05501043051481 6.241533540189266 44.46930110454559 13.67130324244499 67.90844224393368 1.172922730445862 0.8565914928913116 0.6949666142463684
62.3478000536561 0.5241261571645737 15.59451869130135 5946.036808684468 11.4436965957284 6834.935591444373 3038.773748904467 3316.517180405557 170.4384682327509 28137.8371091634 33.35963389277458 6960.941954486072 10.2547917291522 1648.914307318628 85.69135155528784 0.1399467289447784 15.88731921464205 9.370646178722382 7.222724787890911 5650.848412409425 6.255825333297253 0.1144076660275459 48.20479666441679 343.0341695323586 1.353193581104279 20.26520727574825 20.79519156366587 10981.78215815872 1094.197278261185 22.32819847017527 0.680365152657032 25.19727721065283 12.26750935614109 316.3734144121408 15.82407429814339 1117.760416135192 42.51515527069569 801.3412479162216 251.9049303308129 148.308068446815 78.93027568608522 3.216836795210838 22.08413549512625 1.39779494702816 0 0.3982172608375549 144.9775425419211 0.8392868340015411 19.99287249147892 165.4817514643073 28.95776817947626 30.2983885705471 91.4116137996316 0.584264874458313 69.83018002659082 0.1121029183268547 17.0042741894722 4.451310567557812 2.449112787842751 0 0 0.2572890222072601 93.75738223642111 1.158946022391319 0.5587204098701477 1.466329678893089 166.5747037082911 0 0.1220469102263451 3.213175103068352 235.7622551172972 8.005558021366596 0.6873185038566589 0.1674122363328934 0.2733981013298035 0 7.98097550868988 0.6437606811523438 20.75088784098625 0 31.19603864848614 6.637936905026436 40.38477881252766 0.5947361588478088 0 0
3.199692353606224 91.74992053955793 16.0692640542984 2.565872967243195 47.05878896266222 66.65140675008297 16.68863013386726 39.94578806310892 3.742700345814228 33.35963389277458 17391.26559661329 43.22648949176073 5302.931296728551 137.3996576890349 10.15863110870123 3.080997839570045 741.7504394054413 2475.424389645457 836.8326815515757 12.86143855005503 24.35331772267818 49.20577950775623 47.95445515960455 15.61494891345501 1175.655344031751 1764.930064238608 507.0337309017777 26.36598687618971 847.3528051003814 16.43724621832371 558.5733449682593 159.4526167884469 10.48842664808035 7737.70043502748 28.55232148617506 1122.080878473818 5300.726428680122 4591.49244595319 1025.152262173593 28.13779442757368 41.28527767956257 893.3967384397984 9.014647722244263 0 8.952726349234581 0.1353679150342941 0.1472679227590561 0 0 2.029729843139648 0 0.8385979011654854 0.3471944332122803 210.3910243287683 0 1255.716961577535 0.4488287791609764 0 0.2697282508015633 0.5630428791046143 5.326807670295238 4.429507374763489 0 0.3098581582307816 1.358226209878922 0.4375414848327637 9.077318891882896 229.2017910033464 85.8331161737442 331.0363081023097 5.457424588501453 0.2722282409667969 0.8789485394954681 206.7837651818991 0.1781972795724869 0 18.94745814800262 10.79395464062691 28.076246522367 810.6344503834844 15.06267155706882 8.833141505718231 0.1161261573433876 0 306.4241670817137 0
13.0300143584609 2.064714886248112 1.85698676109314 2129.011004917324 125.6398406103253 3481.916280709207 54.59278671443462 1448.376855328679 497.8435448259115 6960.941954486072 43.22648949176073 8010.964139759541 29.43857295811176 867.1613516360521 2596.465014077723 0.3483760952949524 7.697368606925011 11.72731336951256 8.858600787818432 4885.543428122997 4.12627100199461 3.758528932929039 13.38475359231234 332.6452863067389 2.321019299328327 9.809255868196487 11.90282142162323 644.3103455081582 579.8094272091985 9.698361277580261 1.197557985782623 45.84243945032358 1.436984859406948 188.3950427100062 3.08926223218441 788.9860777854919 34.16516210138798 454.8876004442573 111.6477097943425 1825.526074007154 36.35162986814976 5.263599663972855 5.217975303530693 0 0.27613765001297 0.1346294730901718 217.0418664366007 1.605773642659187 32.367002800107 112.532628506422 21.489467471838 36.76433921605349 180.3997333496809 0 287.6114313825965 0.2030294016003609 14.26201052963734 51.03594219684601 0.5979412794113159 0.1580622047185898 0.5120466351509094 0 160.369255758822 0.5295295417308807 0 0.5092303156852722 151.9169175177813 0 0.2320283651351929 0.8095829337835312 201.3952528312802 17.86878355592489 0.2229232043027878 0 0.1994431689381599 0 6.899727627635002 0 19.13993839919567 1.787261337041855 31.30142933130264 8.194828554987907 207.4930930137634 1.009415149688721 4.570245042443275 0.3734787404537201
0.1862162798643112 611.3605513200164 1.947839133441448 3.914060674607754 8.303785420954227 26.37479254603386 6.693626634776592 10.88267450779676 11.42050164937973 10.2547917291522 5302.931296728551 29.43857295811176 4444.699879780412 52.75591330975294 6.210562318563461 17.08771800249815 22.17662328481674 263.6925845444202 15.64258978515863 8.932224825024605 32.03302643448114 229.8951063156128 22.83876237273216 27.09211201965809 6579.918698072433 176.7474073544145 1312.53464885056 30.68900233507156 124.3993362411857 17.52076141536236 714.6075907051563 33.08385492861271 0 1197.405001088977 104.2769358754158 2653.965194024146 5513.588151201606 4306.027121379972 488.6462632492185 112.5787856802344 135.9685081765056 849.9018075764179 14.52609802037477 0 33.70310682803392 1.091799736022949 0.1098244413733482 0.3095069229602814 0.2280699163675308 1.920227348804474 4.583358988165855 1.636239066720009 0.3208555951714516 492.1183844953775 0.8272195011377335 3249.225153468549 1.905361771583557 0.3441339135169983 0.2783951684832573 0.8465607315301895 9.151983313262463 6.856814987957478 0.2628371715545654 0.8278820514678955 5.370469331741333 0.1215064525604248 1.713672913610935 918.2358082979918 241.6308284252882 911.8001710772514 2.798975221812725 1.069707669317722 0 527.6904916167259 2.513416513800621 0 64.07888663560152 57.53994652628899 310.8761199861765 1299.150798000395 232.6144589260221 78.34531612694263 3.2055733948946 12.80567557364702 411.6270594596863 2.882683992385864
8855.782844722271 2.779704205691814 347.10099221766 96.27027709782124 14.6701852530241 2340.428732857108 9262.062153883278 10811.45959008485 38.59591168910265 1648.914307318628 137.3996576890349 867.1613516360521 52.75591330975294 16320.21630732715 176.6135425716639 3.793010875582695 970.5817721709609 39.85277909785509 95.12892369925976 326.3379885032773 823.3495842218399 2.100601345300674 3281.316233277321 551.0168627426028 5.907210364937782 242.8259814679623 127.8800629377365 881.6573883444071 6031.315875664353 4191.789570428431 4.661126933991909 418.9493130296469 20.54663258045912 766.0056501626968 6.214163288474083 701.5554353520274 94.72510323673487 818.7963203042746 241.4021429419518 407.0001523345709 250.257727265358 15.92624931037426 7.674551665782928 5.244715221226215 0 6.930407531559467 11.3611014932394 0 2.434632390737534 86.14341426640749 15.0671926215291 35.26559507101774 25.75530523061752 0.7031453251838684 3.849283821880817 0.4031178131699562 21.52789321541786 4.050973176956177 31.0197284296155 1.843740172684193 0 1.547291845083237 11.06218582391739 23.32084403932095 9.763235472142696 4.797846503555775 300.2047400698066 0.3303433060646057 2.302533902227879 22.62262561172247 271.7583107575774 30.21303038299084 22.00771797448397 0 0.5602238774299622 1.626258164644241 13.23429688811302 0.7279723882675171 49.02958500385284 3.13398090749979 41.92306196689606 16.46867175400257 42.61208992451429 2.432982355356216 0.8850809261202812 0
0 72.45255170762539 0.5074699968099594 234.3138176724315 1380.837537966669 2126.460949368775 45.98710766434669 479.226352982223 1037.912336051464 85.69135155528784 10.15863110870123 2596.465014077723 6.210562318563461 176.6135425716639 1034.52711070329 0.4896382391452789 1.02011002600193 1.244417883455753 0.8055415377020836 255.674422249198 0 142.2835044041276 1.469151102006435 1428.57618842274 4.976568602025509 3.787341892719269 87.12908897548914 162.5950787365437 124.948423974216 0.3646955490112305 0.3856562599539757 294.1017387360334 0.2125481143593788 40.0519455820322 0.9941675364971161 196.2665756344795 5.096890911459923 63.24946801364422 23.50350175797939 1719.088396780193 96.63916390389204 2.583150520920753 0.07934464514255524 0.7674807906150818 0.1508481204509735 0 4.589683920145035 0 2.235557436943054 9.367577090859413 0 2.331912077963352 5.67553573101759 0.1147860214114189 22.46992020308971 0 0.1337521374225616 1.525129914283752 1.604588538408279 0.2575331479310989 0 0.1048479303717613 8.267698496580124 0 0.2200521528720856 0.2339063286781311 12.04183140397072 0 0.2602730318903923 1.08217404037714 15.99063311517239 1.17475314438343 1.110130190849304 0.198677234351635 0 0.7262625098228455 1.818439900875092 1.841325998306274 5.394987747073174 0.1123548969626427 8.214024290442467 2.411578297615051 27.49626936018467 0 0.6815529465675354 0
0.4767785668373108 127.3835918828845 5.370257139205933 0.5186351835727692 0 0.5929916799068451 1.640320509672165 0.9924915730953217 106.0876015871763 0.1399467289447784 3.080997839570045 0.3483760952949524 17.08771800249815 3.793010875582695 0.4896382391452789 4097.495037592947 37.82413954287767 2.33148729801178 4.851985834538937 0 3153.112695001066 1356.893125087023 3953.986827813089 3198.87166056782 2.081410840153694 17.36570338904858 4394.670278146863 1532.496297851205 37.03816009312868 31.57078625261784 0 0.125124990940094 18.20608516037464 52.54175262153149 20.01942433416843 2480.16604924947 962.0858881622553 395.4898615628481 386.5976881608367 150.5863050222397 1.924351796507835 6.953826352953911 17.82438109070063 7.930082939565182 26.6079079657793 33.18197489529848 0.4220867604017258 0 0.2168103978037834 14.34040583670139 3.548404298722744 10.68078257143497 2.321746125817299 0.4326407983899117 0.1683751046657562 0.4020303785800934 13.3955293148756 0 4779.171037264168 18.91348545253277 0.8686581030488014 5.705901816487312 0.1819109469652176 862.1812719628215 1067.760534718633 2805.349325045943 294.8815313354135 2.364346705377102 11.04276521503925 2067.128555759788 337.7945258915424 91.47268326580524 181.6088399663568 0.09065242111682892 0.2265876233577728 25.48747418820858 38.68948231637478 2.159531384706497 201.6506603434682 32.97587493062019 72.16116113215685 50.16477319598198 19.18877164274454 2.795702785253525 2.104378879070282 2.643479317426682
301.9946636334062 20.32048584520817 3118.146659553051 3.761327430605888 0.5421611219644547 44.32932516187429 270.2072215005755 494.6506012603641 3.67251431196928 15.88731921464205 741.7504394054413 7.697368606925011 22.17662328481674 970.5817721709609 1.02011002600193 37.82413954287767 1606.304205738008 331.5466153696179 1512.496726892889 3.796723365783691 380.7737318649888 19.63704794645309 4623.980484157801 49.93553826212883 7.885352127254009 3265.684590980411 4888.595138698816 94.97386670857668 1063.91423227638 863.1785625070333 4.12063093483448 2.926627993583679 115.3484409600496 3005.24565782398 7.350085273385048 554.4710257202387 2670.594416074455 1378.39448030293 233.3575737923384 19.92329546064138 2.192452497780323 66.51230573654175 1.7194569632411 0.4171107411384583 25.3860115557909 29.84066830575466 0 0 0 1.266545340418816 0 0.09633072465658188 0 0.7512907087802887 0 1.772071585059166 1.096646711230278 0 9.382244758307934 76.09939952939749 3.310728520154953 63.8284770026803 0 8.256453543901443 3.212056368589401 16.29085306823254 5.06668022274971 2.758711397647858 263.4284973368049 587.3335083425045 7.231986127793789 1.658451408147812 1.134829767048359 2.147124372422695 0 1.201979413628578 5.085978776216507 2.079932555556297 69.90400046855211 248.1841738149524 23.70591124892235 5.931470565497875 0.3228069543838501 0 0 0.4487781822681427
4.969229198992252 13.09081219136715 18.223777115345 0.8032249510288239 3.601704694330692 10.57662813365459 7.368218205869198 21.57902037352324 3.321634851396084 9.370646178722382 2475.424389645457 11.72731336951256 263.6925845444202 39.85277909785509 1.244417883455753 2.33148729801178 331.5466153696179 1378.955302134156 1813.107988506556 3.966953545808792 18.63871233910322 8.620054051280022 36.80675392597914 7.099144071340561 68.70747062563896 2720.554701238871 670.215141735971 9.305481970310211 168.0989337190986 12.28330216556787 318.4929856136441 17.9854179918766 8.504223197698593 1961.972854621708 26.15105918049812 1465.420148149133 1833.204786285758 1683.219973780215 406.7614462599158 14.49938949942589 2.890152327716351 32.72905902564526 6.338166914880276 0 3.288952805101871 0 0 0 0 0 0 0 0 25.64668706059456 0.2112034410238266 314.6326256096363 0.1151146590709686 0 0.1547347903251648 1.766657993197441 25.74846974015236 22.20514561235905 0 0.4535594806075096 0.156526193022728 0.5126606822013855 3.074044413864613 39.46946628391743 218.9504788517952 517.7414363995194 2.723233699798584 1.424809172749519 0 167.9454254955053 0 0.1283063143491745 2.136740684509277 2.932168886065483 21.16698042303324 92.79828167706728 5.567766264081001 0.4007828533649445 0.6329862475395203 0 1.835591942071915 0
17.57494055479765 30.33660633862019 193.7783860787749 0.5963816866278648 0.5659652724862099 11.18295866250992 28.31338751316071 55.36494954675436 5.238888211548328 7.222724787890911 836.8326815515757 8.858600787818432 15.64258978515863 95.12892369925976 0.8055415377020836 4.851985834538937 1512.496726892889 1813.107988506556 3379.65451400727 2.478275291621685 46.61845614761114 23.55808766186237 238.523722961545 12.66264504939318 23.87363110482693 4052.53848733753 1916.461313344538 13.61131155490875 212.2860856279731 49.19718895852566 24.81723071634769 9.697906672954559 23.78745539486408 3805.014465816319 14.46210611611605 1082.38459803164 1262.53413040936 2155.434158906341 308.8029688969254 13.35297825187445 1.533295944333076 26.3015791028738 3.493204146623611 0 41.40969356149435 3.587533928453922 0 0 0 0.3992473557591438 0.1283447295427322 0.7686610072851181 0 5.437026880681515 0 54.59044893085957 0.1009367778897285 0 0.9258527532219887 53.88507106155157 20.8673083037138 182.3531337082386 0 1.976423256099224 4.251474767923355 1.321510262787342 2.569060564041138 13.81462057679892 561.2681534588337 799.1455633193254 2.081965327262878 0.2436145916581154 0.2047655284404755 41.16531455516815 0 0.2522548735141754 2.466438055038452 0.1475335955619812 41.37783340364695 303.8774695172906 15.80535697937012 2.665418386459351 0.732568621635437 0 0.1247593760490417 0
8.499294772744179 0.1373211294412613 1.457719974219799 4741.40216165781 12.39072342962027 412.4169966503978 51.80475603789091 357.2946727722883 647.9876349940896 5650.848412409425 12.86143855005503 4885.543428122997 8.932224825024605 326.3379885032773 255.674422249198 0 3.796723365783691 3.966953545808792 2.478275291621685 724.1480545550585 1.761967897415161 0.1382962316274643 8.863061018288136 730.6735018417239 0.8659135103225708 3.858083233237267 4.533705860376358 2999.672319933772 326.0085471943021 6.240317046642303 0.3672992140054703 9.680735610425472 1.84235829859972 91.8979330509901 4.085323005914688 488.3999703451991 15.09711611270905 275.1429470404983 80.55985555052757 382.4210775345564 26.70145938545465 2.295622073113918 4.14993779361248 0 0 0.6955491751432419 346.8960700035095 0 57.75794700533152 355.823879443109 33.86194881051779 58.1402357891202 217.5716036558151 1.453836262226105 239.1831220760942 0 37.61400185525417 30.5231446325779 0.6900213807821274 0 0 0 215.2328088060021 0.3288230299949646 2.247757151722908 0.404759481549263 331.0858808979392 0 0.1129856109619141 0.4956616163253784 488.4970699772239 23.98713839054108 3.092173740267754 0 1.215516686439514 0.5390888601541519 15.69477321952581 0.4519782960414886 31.11029843986034 0.8203002661466599 43.24386352300644 17.75273048877716 167.4589921683073 3.635172121226788 0.8583816289901733 0
326.5385143905878 4.559812754392624 638.191388681531 0.7140573337674141 0 15.60272188484669 1076.441082209349 249.0496760159731 24.9298030808568 6.255825333297253 24.35331772267818 4.12627100199461 32.03302643448114 823.3495842218399 0 3153.112695001066 380.7737318649888 18.63871233910322 46.61845614761114 1.761967897415161 17821.94824142754 102.8330172151327 13648.01539902389 217.4585914537311 0.200064092874527 51.7593637779355 819.2009819075465 4648.812283575535 834.5800629928708 11613.05018099397 0.2261694371700287 1.612426474690437 153.6267395913601 4670.307470299304 85.26908863335848 7735.70690523833 2268.879946798086 5766.568274706602 2566.292933754623 473.7600149437785 9.221839897334576 12.91692765057087 57.9253573268652 8.610900975763798 1.197697915136814 16.13332467526197 0 0 0 13.77314564585686 1.848883584141731 2.642427705228329 3.081003874540329 0.2469759881496429 1.967814147472382 2.270063400268555 11.13905594497919 0.2243562191724777 1389.910410419106 13.37854573130608 1.158820629119873 4.230833619832993 0.09639700502157211 816.6208725422621 190.2621190771461 735.4285082146525 199.4202990159392 0 5.55856803804636 104.4391973763704 314.8998446017504 85.58957373350859 146.5276671648026 0 0.9460603147745132 25.02558590471745 39.39312338083982 7.665314674377441 183.6661761105061 16.00330985337496 59.51579284667969 32.07393525540829 14.00982464849949 0.9100987836718559 2.319593176245689 5.181475840508938
0.6655349880456924 3769.379449114203 8.285782374441624 0.6171131283044815 2.7286391928792 0.3760362565517426 1.755404122173786 2.201857946813107 2804.396443538368 0.1144076660275459 49.20577950775623 3.758528932929039 229.8951063156128 2.100601345300674 142.2835044041276 1356.893125087023 19.63704794645309 8.620054051280022 23.55808766186237 0.1382962316274643 102.8330172151327 933.7923114895821 85.25188880413771 6199.937117822468 700.1232133507729 187.6704541146755 5503.112040936947 133.340403392911 2.296259246766567 1.623993799090385 23.76833045482635 0.114615187048912 0 21.76647810637951 0.7604456841945648 36.20149347931147 51.05337422341108 51.69860628247261 5.261145122349262 65.9370739236474 0.2032714337110519 52.1339165866375 0 1.67148856818676 45.95557700842619 51.43986709415913 0.4776728898286819 0 0 4.7462173178792 2.226162008941174 9.66994995623827 0.2255519330501556 11.32413018494844 9.145666494965553 39.07765182107687 2.871276438236237 0 1278.736563943326 41.755127415061 5.211853928864002 26.25770831108093 0.5470069050788879 91.66904747486115 522.1603816151619 505.8768925070763 122.9582673385739 24.93543166667223 267.0187058597803 3706.359503932297 50.48418501764536 9.904070474207401 24.12486713379622 14.74403209984303 0.1037432178854942 3.4571897611022 11.39460104703903 1.429211527109146 91.6948484107852 36.64219672232866 38.68820181488991 19.63772028684616 3.151909708976746 0.1348463892936707 0.709583044052124 0.4530918896198273
963.1075217500329 4.558904826641083 9508.8370475173 23.61087369173765 0.8307164534926414 126.0317709594965 4088.647687196732 1454.265710458159 12.13569433987141 48.20479666441679 47.95445515960455 13.38475359231234 22.83876237273216 3281.316233277321 1.469151102006435 3953.986827813089 4623.980484157801 36.80675392597914 238.523722961545 8.863061018288136 13648.01539902389 85.25188880413771 21474.43158087134 752.9575592651963 0.4592745006084442 4009.282322369516 9988.823945336044 4176.089191831648 1160.445357069373 7378.958657316864 2.295824125409126 2.764157176017761 118.9198054373264 4395.919796340168 207.0843016132712 13197.56882378459 6779.035224169493 8505.876030653715 5013.181473635137 1191.780313320458 20.00337164849043 9.384569466114044 146.5726831927896 2.962383568286896 18.06791381537914 142.7295015528798 0.8136935234069824 0 0.5512231588363647 19.51079212874174 2.362873420119286 3.551360107958317 3.48074933886528 0.4747130572795868 0.08806011080741882 0.2818672209978104 5.380612351000309 0 1948.009408764541 42.43095185607672 1.162703663110733 7.209219865500927 0 323.732407681644 267.2013644725084 2080.17948192358 133.4214277714491 2.080486632883549 36.02805665135384 2777.812320925295 128.4057743176818 17.54017842561007 60.4371986463666 0.3889270126819611 0 6.79161424189806 32.24954260885715 17.71884576976299 195.4119136556983 46.55420953780413 71.79143910109997 60.5099072009325 11.78296588361263 1.650735855102539 0.9852025806903839 0.5867063403129578
45.89609972387552 1406.483464322984 39.62716796249151 3703.967047572136 33.59993350505829 340.8329486250877 1064.176266849041 829.1811488717794 7451.356407001615 343.0341695323586 15.61494891345501 332.6452863067389 27.09211201965809 551.0168627426028 1428.57618842274 3198.87166056782 49.93553826212883 7.099144071340561 12.66264504939318 730.6735018417239 217.4585914537311 6199.937117822468 752.9575592651963 11192.77232903987 89.80298267304897 89.8025154620409 4239.327194295824 4529.665958076715 1001.485521920025 208.4082702845335 3.680473811924458 13.72574335336685 193.7017691135406 303.7363137304783 30.24684009701014 2354.257495239377 108.1222214400768 924.6675114035606 528.9123813211918 444.7278148457408 77.91310152411461 5.20695973187685 20.92079844325781 33.41211888939142 23.95811516046524 28.56621763855219 388.0695772841573 0.7761228531599045 80.14100582152605 871.6270264163613 124.7693489119411 1160.708335950971 256.0402132496238 7.061362981796265 216.5017011091113 3.242830745875835 183.7513784766197 40.89108541607857 959.1536206677556 22.02432010322809 3.199439853429794 8.197782374918461 224.6666056960821 466.5181976258755 401.4641550928354 250.8467793315649 3821.672460928559 1.35795371979475 20.29993511736393 280.5007603764534 2847.227073602378 289.2432487532496 215.4721044898033 1.178620018064976 4.755676120519638 29.27985431998968 94.62540455162525 3.975766509771347 417.1355455890298 20.03973317891359 320.3276162818074 108.1266214996576 362.6867965608835 11.44716704636812 0.5534509345889091 0.6310341283679008
0 1762.630718953907 0.4865817576646805 0.09676345437765121 0.972393274307251 1.681902691721916 0.2893217355012894 1.613720133900642 78.27751036733389 1.353193581104279 1175.655344031751 2.321019299328327 6579.918698072433 5.907210364937782 4.976568602025509 2.081410840153694 7.885352127254009 68.70747062563896 23.87363110482693 0.8659135103225708 0.200064092874527 700.1232133507729 0.4592745006084442 89.80298267304897 1599.018974706531 658.4050199389458 6059.355593934655 2.225322842597961 15.29394519329071 0 507.027436055243 7.755718290805817 0 436.3684419468045 0.3974836468696594 69.24980347603559 584.2991707250476 597.1389508917928 77.22636968642473 1.747893191874027 3.12218713760376 714.1413337364793 5.299056753516197 0 121.2529954612255 1.633809596300125 0 0 0 0.1906949132680893 0.09763254970312119 1.458985649049282 0 122.5223869606853 0.2649998888373375 1167.913414672017 0 0 0 4.161058895289898 9.128120869398117 22.6505133882165 0 0.5997040346264839 8.596675075590611 0 3.63400623947382 292.0982196107507 242.0948678776622 937.0347705185413 1.273682236671448 0 0 149.1592025533319 0 0 5.907911241054535 0 10.48259640485048 192.41776163131 8.280206419527531 0 0 0 19.79254791140556 0
44.42504082620144 247.6680736839771 16541.01695204526 9.667993471026421 2.691451832652092 30.4524694532156 487.2173854336143 152.1886885389686 42.86334251612425 20.26520727574825 1764.930064238608 9.809255868196487 176.7474073544145 242.8259814679623 3.787341892719269 17.36570338904858 3265.684590980411 2720.554701238871 4052.53848733753 3.858083233237267 51.7593637779355 187.6704541146755 4009.282322369516 89.8025154620409 658.4050199389458 30173.21984700859 13326.69370350987 123.8248553052545 172.2097199857235 29.94557678699493 1068.000189699233 16.39378051459789 5.983243428170681 1129.628359124064 42.49650751054287 2817.56701310724 3321.877311266959 2946.578469730914 539.8570826873183 38.07277005165815 5.81971088796854 49.6069325953722 10.40487036108971 0.4246347174048424 192.9527462348342 42.96429867297411 0 0 0.2275728434324265 2.876256130635738 0.9005292803049088 0.7564628124237061 0.4263215959072113 88.76393819600344 0 901.4470885172486 1.742269918322563 0 3.17282573133707 142.1368576437235 112.9672841951251 579.0081405341625 0 1.570208236575127 7.389721982181072 7.095249712467194 5.93581385910511 230.4309428408742 2425.727279938757 4068.860450275242 3.078771993517876 0.952955350279808 0.5669073015451431 433.4521711692214 0 0 16.91973674297333 5.468122377991676 143.1253806129098 854.1443314924836 62.50519268959761 7.593599893152714 5.235807105898857 0 4.633123151957989 0
29.91172038763762 8153.953291259706 5807.08260858804 19.9981010183692 6.179007723927498 21.08161935955286 618.2872079238296 73.58330027759075 1010.557117596269 20.79519156366587 507.0337309017777 11.90282142162323 1312.53464885056 127.8800629377365 87.12908897548914 4394.670278146863 4888.595138698816 670.215141735971 1916.461313344538 4.533705860376358 819.2009819075465 5503.112040936947 9988.823945336044 4239.327194295824 6059.355593934655 13326.69370350987 31600.13199081272 1921.410454407334 128.5701599940658 77.59401816874743 1647.067131415009 9.250071235001087 9.979655146598816 1647.318724960089 168.039255939424 10010.6801860854 4086.854739151895 6003.146764136851 1935.084521569312 459.6997929364443 9.951029121875763 30.03946726769209 61.34197048097849 8.924198724329472 2194.959421768785 990.6051978766918 2.482527486979961 0 0.6764526590704918 58.85374558717012 18.17805902659893 8.193263307213783 1.597510777413845 98.68229953944683 5.40044366568327 834.7521576881409 37.03598400205374 0.1632541120052338 839.0505969077349 965.7095133140683 162.5921215042472 893.6646017953753 0.7177761942148209 96.89369048923254 1093.278790153563 2467.184063181281 274.0862908288836 634.3617814183235 4933.115272700787 24350.80331992358 128.9211492240429 6.660411141812801 39.49725054949522 512.3616786077619 0.2000276446342468 0.5899627804756165 157.6921017318964 26.85016273707151 1509.001102291048 1829.385277174413 494.4873781278729 241.5601502135396 48.33863233029842 0.5947058647871017 9.880555130541325 5.938685908913612
79.70738649368286 28.4238049313426 361.4151390492916 4675.876630440354 11.79281162470579 1240.529737457633 20073.28972840309 940.256502263248 1298.410206310451 10981.78215815872 26.36598687618971 644.3103455081582 30.68900233507156 881.6573883444071 162.5950787365437 1532.496297851205 94.97386670857668 9.305481970310211 13.61131155490875 2999.672319933772 4648.812283575535 133.340403392911 4176.089191831648 4529.665958076715 2.225322842597961 123.8248553052545 1921.410454407334 18913.91724896431 2333.354853779078 11462.08682206273 1.171982817351818 18.38082082569599 806.8439081087708 1475.127894200385 125.1750453934073 6546.047249153256 253.2493803352118 3512.971216522157 2055.137235499918 295.9053617492318 130.2891563475132 2.833332233130932 71.96202953904867 31.56061774492264 4.827134035527706 19.48932863026857 419.6704342141747 0.2842608690261841 80.62555666267872 692.6391140967607 84.5870513767004 357.8742792457342 276.7824593037367 6.453126296401024 180.311184220016 0.6059515774250031 150.7421144470572 27.19845548272133 576.4927178695798 10.65041568875313 2.627715051174164 4.765988707542419 263.1218214035034 386.943527020514 135.0469658002257 171.3270882368088 2163.627359949052 0.1050954461097717 8.245586633682251 174.9213094636798 2016.146871477365 268.2342137023807 186.5592539012432 0.6889476701617241 4.1835558116436 25.97616009414196 78.7147656455636 7.84044374525547 306.7321793138981 6.807814218103886 236.39357534796 80.05223022401333 270.3492083251476 11.20794808864594 1.518978282809258 0.5752966031432152
