145.3971840292215 0 45.34250325709581 8.111614376306534 0 1.223635233938694 526.4443135336041 245.6302262693644 0.6924430727958679 25.84346411377192 7.333285070955753 0.3112562969326973 0 1454.065180540085 0 0 58.62328917533159 4.258931301534176 24.10334457457066 1.713646434247494 17.60100463777781 0 168.9973371475935 16.52324954420328 0 37.401840493083 7.958625212311745 46.37267844378948 2262.327289715409 1532.592314183712 0 1.561627812683582 25.89332192391157 80.11765734106302 0.2608583569526672 14.64467556774616 3.112709984183311 23.63969843834639 7.595154017210007 0.1276436895132065 0.5325343906879425 0 0.2265964448451996 0 0 0.1282990425825119 0 0 0 0 0 1.071846127510071 0 0 0 0 0 0 0 0 0 0 0.5296136140823364 0.1512708961963654 0.124088853597641 0.1632165163755417 1.777393825352192 0 0 0.8097219169139862 2.295343928039074 0.3844988644123077 1.034260392189026 0 0 0 0 0 2.244472861289978 0 0 0 1.737347483634949 0 0 0
0 71.81987392157316 197.4650419726968 0 6.675744488835335 0.5572427287697792 14.54198204725981 2.451543189585209 989.3527095764875 0.07365348935127258 44.48033554852009 2.954305686056614 752.731802329421 1.142088003456593 95.2602815926075 158.6269012540579 247.6770678535104 3.208744272589684 7.130657851696014 0.08581934124231339 5.749069266021252 1604.914763204753 28.27699095755816 1013.576174773276 1673.012016326189 185.1962329298258 5279.401222392917 23.1130401045084 0.7893341854214668 1.495885200798512 16.78467452526093 0.4041929915547371 0 113.2248022556305 1.471278518438339 118.6770066395402 128.3020908385515 259.9996318891644 101.9050285667181 101.2631604596972 1.224515601992607 48.02035154402256 0 0.1143409758806229 24.78005623072386 120.9597445502877 0.5575545430183411 0 0 1.167316734790802 0.6605483442544937 1.463791191577911 0.108664907515049 9.795715905725956 0 37.77359136193991 0.4102858603000641 0 7.642976701259613 20.56433134526014 1.141210176050663 4.776101917028427 0 0.7912833392620087 46.25646812468767 8.291072472929955 13.59527602791786 22.62522727251053 101.1869836300611 1693.361239254475 1.046548753976822 0.6825362518429756 1.477651476860046 12.84417592734098 0 0 3.0564289316535 0.1174692437052727 21.805882781744 9.515582010149956 16.28832460194826 12.2441079095006 0 0 0.544967457652092 0
45.34250325709581 197.4650419726968 3098.775985352695 2.413859881460667 0.7542012333869934 185.6062114238739 1060.478550836444 1225.806294061244 0.5420981645584106 30.78549790382385 29.84862597286701 0.7034102529287338 1.422641187906265 529.3829408213496 0.4157163798809052 1.829289145767689 4564.487142689526 26.91087736934423 204.5037400349975 0.19355458766222 656.3611939847469 15.74920903146267 7421.088045790792 9.377818278968334 0.4804401844739914 5128.65247772634 4189.269912309945 41.18935534358025 278.7107289284468 203.2722817212343 0.4504420757293701 6.292978219687939 11.59513860195875 1418.092466719449 10.68150967359543 1147.868054777384 3132.600861661136 2258.163618415594 1020.56093352288 31.6679443269968 6.827110089361668 4.304508931934834 2.735974699258804 0.1217515096068382 87.29101736843586 739.2752024009824 0 0 0.1954755187034607 13.97614528983831 3.834480330348015 1.410954922437668 2.192767903208733 2.791270732879639 0 1.442631095647812 1.527009777724743 0.269702672958374 32.07528246939182 75.40479838103056 0.9456728398799896 7.420208886265755 0.1777302324771881 6.712013334035873 103.3183651715517 381.1564864963293 21.34209372848272 1.915873408317566 95.26761517673731 2185.790515832603 6.179752714931965 0.6532004103064537 3.189265497028828 0.9794639497995377 0 0 6.385011583566666 2.552118256688118 45.50129891932011 14.77464241534472 52.54574681818485 32.27662172913551 2.131526872515678 0.4399740993976593 0 0.7622286081314087
8.111614376306534 0 2.413859881460667 1090.688666857779 1.835313871502876 40.0132210329175 116.117864638567 40.64789244532585 1512.81259688735 2324.783066779375 1.886936098337173 3157.741767376661 0.1101024225354195 29.26931361109018 58.80008970946074 0.0934702605009079 0.1772493347525597 0.9854585006833076 0.3921237289905548 2942.281311333179 0.5134453028440475 0.7856304049491882 0.7639627531170845 1762.806827820837 0 1.169800519943237 2.776764310896397 1368.6962428689 127.7331777215004 2.422505021095276 0.2316501289606094 2.492111124098301 10.75482843071222 68.65707951039076 10.92079785466194 437.4739250987768 1.911519251763821 99.40519215166569 79.19821307063103 126.3926769793034 6.456799276173115 0.1417896300554276 2.75333908200264 0.1468635648488998 0 0 315.6424700021744 0.5478364825248718 8.426456063985825 141.6064810156822 6.581371895968914 180.2561553567648 356.2606545761228 2.576403975486755 300.2862999737263 0 4.046340554952621 21.3620277941227 0.1598343402147293 0 0.4634950235486031 0.1629063487052917 432.9866287633777 0 0.1860587596893311 0.1225423142313957 400.5496168807149 0.3506703674793243 0.1020568013191223 1.56785573810339 231.5701655969024 0.8880709409713745 10.61287176609039 0 0 0.1040860861539841 10.08945350348949 0 132.8276544585824 0 32.42102707922459 1.346789926290512 119.6564173996449 0.6970791816711426 0 0
0 6.675744488835335 0.7542012333869934 1.835313871502876 30.92111532390118 231.4749186486006 0.8260769918560982 44.2217443883419 100.4482335150242 6.972057312726974 50.7089246660471 65.4096170514822 5.374980174005032 1.81609408557415 975.4394733756781 0 0.5955229476094246 9.364007659256458 20.87117562443018 3.136800520122051 0 8.23966971039772 1.465059719979763 36.52944130450487 1.273676618933678 14.16793069988489 10.58637918531895 1.681847043335438 39.41711471229792 0.3280796855688095 1.317256949841976 392.2648743838072 0 1370.075206913054 3.026275306940079 54.9955929890275 6.816123448312283 286.3574155047536 131.0991651117802 1929.637907639146 178.9876225292683 7.948989346623421 2.373897850513458 0 0 0 0 0 0 0.7148557305335999 0 0.2128394991159439 0.3131701946258545 0 1.097839772701263 0.2310211062431335 0 1.233602166175842 0 0 0 0 0.7201691567897797 0 0 0.350929319858551 0 0 0 0.330963023006916 0.9258342981338501 0.3679792284965515 0 0.09211858361959457 0 0 0 0 3.047050356864929 0.5581805258989334 0.4907913506031036 0.2279492169618607 1.053454697132111 0 0.8492613285779953 0
1.223635233938694 0.5572427287697792 185.6062114238739 40.0132210329175 231.4749186486006 7053.859635964036 2021.253968648612 3228.968774788082 57.98173668980598 7446.92669737339 118.6070679575205 3307.108947843313 10.58594752848148 292.1674857661128 1164.464679032564 0.1631696373224258 28.29873126745224 31.23357633501291 44.30271884053946 555.3309551849961 5.33837416023016 1.27130650728941 143.9644113630056 64.7085217833519 1.932201012969017 61.16482511907816 57.6275869011879 149.635986328125 260.6082121133804 16.84192093461752 2.685416005551815 448.3751639649272 0.4478404447436333 848.575990229845 25.91962333023548 899.9263959899545 23.17114631086588 670.3428874760866 324.7770478203893 2369.746547356248 235.363709770143 26.8484446182847 14.51417383551598 2.067179888486862 0 2.226269967854023 8.917138122022152 0 0.3646009266376495 34.8940466567874 1.14474093914032 5.032279849052429 14.2644010707736 0.9528554081916809 19.32162362337112 0 3.057490564882755 2.041487991809845 0.3684283420443535 0.1072315201163292 0.4444482624530792 0.1027643829584122 17.15639600902796 0 0.442212849855423 1.181598491966724 17.46360312402248 0.1095847263932228 0.1798408776521683 3.526498779654503 14.87688694149256 1.521380081772804 14.63365508615971 0 0.5289735794067383 0 1.80403595417738 3.948040962219238 53.11387012898922 2.556680761277676 4.263348430395126 1.249053612351418 31.66896465420723 0.6986987888813019 6.871694549918175 5.302941083908081
526.4443135336041 14.54198204725981 1060.478550836444 116.117864638567 0.8260769918560982 2021.253968648612 7417.720704250038 5567.01888474822 235.4663787782192 6939.365156710148 17.58295008540154 15.85962447524071 3.293997429311275 8717.804885670543 8.411659561097622 38.67542923986912 86.20355468988419 6.670087657868862 12.52104823291302 33.19219695031643 347.2802757769823 76.40263360738754 1496.553517714143 2520.638798870146 0.6844904199242592 103.7244370207191 2040.77167968452 13559.71247969568 1497.686197780073 2829.173501729965 0.7686189636588097 19.83930247277021 141.3251324594021 805.3048944920301 39.68602243065834 2092.634418211877 76.563765399158 1055.436823494732 612.5232317000628 226.851653970778 52.69289737939835 2.294301614165306 21.5796172991395 23.80097901076078 3.858161933720112 24.99432208389044 75.56412218511105 0.589321032166481 14.82110822200775 691.9046645238996 58.06511787325144 122.7161076441407 225.4260140359402 10.93137604743242 58.76095873117447 0.4648660868406296 83.0040078163147 15.0599180161953 24.0891248434782 4.384619973599911 1.074144221842289 1.982001632452011 117.5186413452029 26.24609136581421 15.62735959887505 67.75396399199963 576.5680235996842 0.2213055640459061 6.409397646784782 112.0625446438789 616.3102645799518 94.36771283298731 354.7753183320165 0.2567412704229355 3.269402071833611 3.525933563709259 60.54321439564228 5.85598911345005 615.2728656232357 2.97203341126442 173.4770653098822 31.32591532170773 332.7908337116241 33.76996134221554 0 1.745289400219917
245.6302262693644 2.451543189585209 1225.806294061244 40.64789244532585 44.2217443883419 3228.968774788082 5567.01888474822 5279.985629864037 11.52157007157803 3589.715152472258 146.035883821547 572.3057240247726 8.40953703224659 2579.887530915439 75.66335028409958 0.6155121475458145 372.4147413745522 52.82802268862724 130.4160909727216 221.8567279949784 75.88392917811871 0.5796438008546829 2127.304994128644 175.131556250155 0.1361058950424194 332.7287457808852 160.0672089830041 224.7464459165931 990.4992756173015 1063.683407917619 3.074691385030746 975.4251123815775 8.974348314106464 813.4746027290821 37.83838713169098 502.3394748792052 67.93398042023182 673.2420008778572 251.3744916766882 939.4895533695817 106.7823587283492 8.584415197372437 7.776016570627689 2.504162766039371 0.8942765071988106 5.74325305968523 11.66624839603901 0 0.1511119604110718 96.38827276229858 2.465919941663742 9.686437577009201 30.27630068361759 1.430077821016312 9.025520570576191 0 7.817382499575615 5.814178138971329 2.053521044552326 0.3747036308050156 0 0.2098654434084892 13.71439780294895 1.68851338326931 0.3663703352212906 3.207340709865093 50.39545254409313 0 2.126644395291805 16.26779318600893 42.27346324920654 7.74559336155653 33.24389021098614 0.6539911329746246 0 0.2220592796802521 2.339636422693729 4.007211983203888 29.91898903995752 0.6657514721155167 13.49041832983494 1.461662799119949 20.75591694563627 0.1695081293582916 0.231904998421669 0.1231549456715584
0.6924430727958679 989.3527095764875 0.5420981645584106 1512.81259688735 100.4482335150242 57.98173668980598 235.4663787782192 11.52157007157803 627.8876043185592 198.9215391874313 4.328507199883461 184.545633867383 92.78011576831341 5.606511004269123 923.0687397569418 69.25317574292421 0.4920537248253822 0.8520179316401482 0.5342073291540146 634.8547987192869 43.69192429631948 2063.117890946567 8.557131260633469 6526.556493490934 163.3347775191069 7.850715205073357 590.5939657539129 1040.270664505661 11.88016521185637 35.84223990887403 5.643619000911713 2.69051505625248 0.1036420539021492 14.96859420090914 0 81.18870916962624 8.333021566271782 18.61953639239073 3.430359818041325 313.4623558819294 5.25943087041378 0.7104801386594772 1.065558135509491 7.647199414670467 1.28627011179924 2.661651581525803 227.1561985462904 0.1896076798439026 3.775723278522491 370.1535553485155 19.64379833638668 40.9331920593977 141.8152991756797 4.296295568346977 112.710682541132 4.794214010238647 30.81420805305243 5.18643905967474 24.95636799186468 0.3995859622955322 1.697141192853451 1.222646445035934 221.744500361383 77.92748823016882 2.476050928235054 8.279709354043007 1289.407036527991 0.2650117874145508 3.636241406202316 14.30243416875601 525.2446089014411 51.03878476470709 189.0973388627172 4.266772091388702 1.058771729469299 1.528806686401367 18.13160718232393 3.324882283806801 71.11540085822344 3.14937549829483 42.3194440677762 9.427068568766117 48.91263402998447 8.460489124059677 0 0
25.84346411377192 0.07365348935127258 30.78549790382385 2324.783066779375 6.972057312726974 7446.92669737339 6939.365156710148 3589.715152472258 198.9215391874313 20686.25698822364 56.35855914652348 3442.783824309707 3.704009547829628 778.9015443399549 78.21019607037306 0.3056250810623169 6.331368044018745 19.11528342962265 25.51166848838329 3407.390328392386 1.991952940821648 0.3240379691123962 15.56793866306543 392.1292367056012 0.1631676480174065 27.63405132293701 37.98523005098104 5767.129774980247 1099.531198091805 11.65363540500402 2.417962528765202 54.29569511115551 22.12393622845411 949.6537860110402 31.88892410695553 1790.970058336854 31.21016851812601 1171.330484092236 422.7521951720119 304.6918020248413 110.2016794458032 2.219604097306728 22.36955192685127 1.365826070308685 0.3057711720466614 0.521461620926857 219.5827582255006 0.1481001824140549 3.712139844894409 259.0276422053576 6.163800582289696 74.38148440420628 367.5152283161879 5.245880603790283 221.7233173325658 0.1747471392154694 8.860799923539162 20.10696794092655 0.1869973242282867 0.5334869623184204 0.6101775914430618 0.7396637946367264 333.6772408485413 0 0.1056377962231636 0.9155109897255898 299.837858133018 0 0.7451262474060059 0.9843362048268318 180.1347330138087 5.836373269557953 26.85493343323469 0.1248405948281288 0.4094604998826981 0 11.09149999916553 2.310910180211067 215.9573323726654 0.1453622132539749 47.60120616108179 1.296686694025993 152.0345995873213 3.653211504220963 0.1028452217578888 1.384118318557739
7.333285070955753 44.48033554852009 29.84862597286701 1.886936098337173 50.7089246660471 118.6070679575205 17.58295008540154 146.035883821547 4.328507199883461 56.35855914652348 7300.563162431121 55.02287109941244 1973.545893847942 105.0297852531075 2.0518419444561 6.012180402874947 159.3807143047452 2693.959556758404 1251.298651345074 18.00360261648893 73.17560080438852 9.374971777200699 214.8211840614676 13.96196460723877 225.81221023947 2273.556145049632 822.2833971679211 7.37292292714119 317.9661260992289 37.20052240043879 787.8124281391501 250.790246643126 60.39970587193966 6182.602779336274 15.45923648774624 454.5481923446059 4515.527210503817 4614.630085483193 770.2487634643912 80.32117296010256 56.21948153525591 337.7605043053627 10.4316279143095 0.4387950152158737 1.819850072264671 0.436341293156147 0.5437794923782349 0 0.5592525005340576 5.446634955704212 0.5185521245002747 1.057190917432308 2.422982454299927 117.68265222013 0.3550585582852364 680.0378912240267 0 0 0.3052574694156647 0.3233600556850433 7.140299782156944 1.896835625171661 0.7287638485431671 1.107275009155273 0.6084244772791862 1.374272286891937 2.923620454967022 34.42125237733126 31.38096025586128 159.2791484519839 1.774471454322338 0.2336423695087433 1.436553388834 116.4693360030651 0 0 1.385399967432022 0.2056938260793686 21.72765937447548 165.9075823500752 7.451487950980663 1.093844920396805 1.309207275509834 0 60.33601328730583 0
0.3112562969326973 2.954305686056614 0.7034102529287338 3157.741767376661 65.4096170514822 3307.108947843313 15.85962447524071 572.3057240247726 184.545633867383 3442.783824309707 55.02287109941244 8136.8224343732 3.236339241266251 400.1027393117547 780.4603266268969 0 1.120774671435356 18.08743075281382 24.83107009530067 4271.753610402346 0.08680509030818939 3.931093364953995 1.438813708722591 177.3963233307004 1.87699231505394 26.82546915858984 9.000509850680828 363.7492892220616 290.9761486053467 1.42513332515955 1.995995186269283 49.18822287023067 0 379.1698870807886 6.796722397208214 1373.504467129707 13.3924403861165 483.1337373554707 96.53341528773308 731.0463021248579 50.57625567167997 4.965459711849689 8.554701462388039 1.041539072990417 0 0 123.3250137045979 0.3319476991891861 3.483292430639267 26.07632727921009 2.946769446134567 80.30273974686861 124.0331534594297 0.3462648764252663 295.7667156755924 0.07450480759143829 1.042318291962147 26.49154305458069 0 0 0 0.1701762601733208 216.4632449820638 0.3432100713253021 0 0 75.09610871970654 0 0.1469495296478271 0.9030158892273903 55.51800479739904 1.079350605607033 6.215302810072899 0 0.09650357067584991 0 1.749485842883587 0.1709385365247726 179.6348973587155 0.1125251799821854 8.418618455529213 0.6997534111142159 168.5071076378226 0.1179295554757118 5.23479487746954 0
0 752.731802329421 1.422641187906265 0.1101024225354195 5.374980174005032 10.58594752848148 3.293997429311275 8.40953703224659 92.78011576831341 3.704009547829628 1973.545893847942 3.236339241266251 2803.389978252351 5.364638589322567 8.37074576318264 4.455834105610847 2.73058095574379 72.31776934862137 4.442134015262127 1.264689303934574 5.164690747857094 141.8276054784656 4.721345111727715 52.88841564208269 3292.773957170546 572.3418654426932 3111.856710866094 4.304710797965527 5.011288575828075 5.112992167472839 1371.329563640058 11.75200982391834 0.1204953119158745 899.9946148321033 12.96324455738068 667.3305435106158 3383.573090709746 2208.053607679904 562.9449727684259 29.29057370871305 30.29307660460472 891.2264790609479 21.66603735089302 0 33.12504190951586 0.7104107290506363 0 0 0.285323865711689 0.3199087679386139 0.1637631729245186 1.281859092414379 0.4941103681921959 520.5915061458945 0.1519495248794556 3081.361702293158 0.5870518535375595 0 0.1038902550935745 0.3438498377799988 29.03680259734392 2.70169922709465 0 0 1.644569836556911 0 0.8903374671936035 346.4592055901885 189.4703081548214 1018.806185416877 0.5419093370437622 1.192361570894718 0.5354613661766052 614.9932409450412 0.07737253606319427 0 2.176493115723133 0.4292089641094208 75.41700956970453 713.821449585259 26.23112044483423 4.005603425204754 3.783374182879925 1.859488964080811 378.0273221880198 0.1040177121758461
1454.065180540085 1.142088003456593 529.3829408213496 29.26931361109018 1.81609408557415 292.1674857661128 8717.804885670543 2579.887530915439 5.606511004269123 778.9015443399549 105.0297852531075 400.1027393117547 5.364638589322567 5443.575660601258 13.7994756475091 0.3134531453251839 242.7096692472696 41.60378789156675 114.6428426504135 149.815975882113 90.30990372598171 0 1586.27160487324 102.705671787262 0.4222589209675789 176.3283368125558 72.52916820347309 162.6254170536995 5467.916210196912 3370.632167585194 2.556638941168785 90.95506668835878 24.20115333050489 657.9561346769333 17.58946756273508 366.8788636624813 37.97346342355013 418.7373539209366 89.51589508354664 211.3581820502877 19.97726286947727 1.859978049993515 4.320816606283188 1.09210192412138 0.5632425919175148 1.633550725877285 2.958140283823013 0 1.058743357658386 61.13205923140049 3.244607359170914 4.40009181946516 20.1474170088768 0.3429229557514191 3.665653124451637 0.1185216680169106 4.235724776983261 0 1.080953754484653 0.4215944111347198 0 0 14.0628719329834 1.693334810435772 0.2028916925191879 1.562864325940609 23.55014760047197 0 0.5082032233476639 6.899271227419376 28.40240978449583 5.966521829366684 20.33596003800631 0 0 0.2560052871704102 2.031276568770409 1.451531380414963 34.24089625477791 0.418156698346138 4.479789555072784 0.8561330586671829 13.99205595254898 1.284632533788681 0.5654614418745041 0
0 95.2602815926075 0.4157163798809052 58.80008970946074 975.4394733756781 1164.464679032564 8.411659561097622 75.66335028409958 923.0687397569418 78.21019607037306 2.0518419444561 780.4603266268969 8.37074576318264 13.7994756475091 238.6416299939156 0 0 0.610780343413353 1.450302697718143 53.12512294948101 0 144.5162193179131 0.5897973701357841 1043.052065484226 14.53874804079533 2.8211420327425 69.79679000377655 26.06967191398144 11.54010728001595 0 0.3227038979530334 181.2871702983975 0 40.87228856235743 0 698.1747185215354 0.7661419212818146 13.91040313988924 1.887057341635227 1377.786899976432 84.60862074792385 0.2553000748157501 0.3190313875675201 0 0 0 8.717420190572739 0.2864989340305328 0 0 0 5.190447598695755 14.73675416409969 0 39.50372166186571 0.2746885418891907 0.5344100892543793 2.292896181344986 0 0 0 0 15.45915342867374 0 0 0 3.513405963778496 0 0.2819048836827278 0.5848309397697449 4.876894488930702 0 0.616863489151001 0.544762596487999 0 0 0 0 56.54286867380142 0.2056215852499008 1.228231653571129 0 44.16440960764885 2.343564540147781 1.969782114028931 2.044254302978516
0 158.6269012540579 1.829289145767689 0.0934702605009079 0 0.1631696373224258 38.67542923986912 0.6155121475458145 69.25317574292421 0.3056250810623169 6.012180402874947 0 4.455834105610847 0.3134531453251839 0 1794.974305227399 9.360711298882961 2.895186454057693 3.262310802936554 0.08973558247089386 1204.770654805005 1959.969561353326 1226.938559129834 1392.749862492085 5.631146863102913 3.632411003112793 3247.09960834682 1425.969954490662 2.783296681940556 47.22871541976929 0.1594608575105667 0.125161424279213 2.112713858485222 73.70796414464712 17.82164265960455 1203.644790023565 234.8396833091974 273.4088836684823 544.0399668291211 32.87880294024944 1.504716649651527 0.6237621009349823 4.222920544445515 2.207583725452423 2.074392080307007 20.07075923681259 0.1199998036026955 0 0.1120434477925301 22.64136493206024 3.424916535615921 15.23438542336226 3.885114476084709 1.728262290358543 0.7648798376321793 0.1214110627770424 6.782267197966576 0.1951687335968018 1727.028995722532 1.893803805112839 0.156379833817482 1.76855793595314 0.1023338288068771 712.1553589701653 694.3200108706951 2265.752376802266 421.0898407250643 0 3.044499345123768 180.3900184258819 265.3649064898491 26.82454935461283 213.4697361141443 0 0 5.046569928526878 9.512152262032032 2.704293370246887 177.2014706507325 7.036736473441124 24.39652126282454 27.25427189469337 9.272745423018932 3.126496896147728 5.154306769371033 1.562452398240566
58.62328917533159 247.6770678535104 4564.487142689526 0.1772493347525597 0.5955229476094246 28.29873126745224 86.20355468988419 372.4147413745522 0.4920537248253822 6.331368044018745 159.3807143047452 1.120774671435356 2.73058095574379 242.7096692472696 0 9.360711298882961 721.8310049623251 306.7384149804711 2626.187745392323 0.7977353408932686 615.8300234228373 3.49363099783659 3520.691608034074 13.72970622777939 6.547069497406483 3129.820311546326 4565.405615605414 9.753673993051052 603.0486969724298 2168.110386103392 0.6892716959118843 11.05497229844332 89.58342936635017 2084.225897409022 1.895779468119144 400.6427367627621 3633.11260663718 1910.990082964301 554.6880993843079 11.75520575046539 2.193470478057861 5.196134656667709 1.332340016961098 0.1671709418296814 52.70097480714321 252.8095082864165 0.09975071996450424 0 0 1.454988949000835 1.820464506745338 0.795461393892765 0.09869232028722763 0.5306709483265877 0 1.458686336874962 1.173111692070961 0 0.80165795981884 53.14058014005423 0.4132357388734818 18.74413412809372 0 1.285050310194492 3.237022370100021 6.428388118743896 4.827949531376362 2.663323134183884 231.3381876498461 782.2315635308623 1.224771976470947 0.4657329767942429 2.825347945094109 1.007391840219498 0 0 2.024753347039223 2.344944417476654 20.73232628405094 15.71861376613379 22.98193226754665 9.03175850212574 0.3474540114402771 0 0 0
4.258931301534176 3.208744272589684 26.91087736934423 0.9854585006833076 9.364007659256458 31.23357633501291 6.670087657868862 52.82802268862724 0.8520179316401482 19.11528342962265 2693.959556758404 18.08743075281382 72.31776934862137 41.60378789156675 0.610780343413353 2.895186454057693 306.7384149804711 325.8369167074561 1678.605674117804 6.682337820529938 16.85229009389877 0.3430436626076698 72.80587568879128 4.50780227035284 34.61512223631144 2226.714416019619 431.0868192538619 2.216126389801502 93.69887443631887 46.1198173686862 170.7766390740871 59.73909720778465 11.64758981764317 1207.399668626487 5.26492028683424 372.2302752286196 598.0955883264542 1819.294900119305 517.494741037488 21.60855608433485 4.294126495718956 8.861016176640987 0.7126431614160538 0 0.7149389758706093 1.29404903948307 0 0 0.2384670376777649 0.5481722876429558 0.5678779184818268 0.6515629217028618 0 20.14513171464205 0 93.43282731622458 0.5220696330070496 0 0.1805781126022339 0 22.40696486830711 4.910952538251877 0 0 0.1394703835248947 0 0.8180442452430725 24.90639371424913 121.5787941664457 264.0190018564463 1.072123035788536 0.5346554517745972 0.7100321352481842 76.33955374360085 0 0 0.2099850252270699 0.2278568297624588 7.182044327259064 5.343045219779015 4.250777527689934 0.9668910205364227 1.191673472523689 0.5364431589841843 0.1467190533876419 0
24.10334457457066 7.130657851696014 204.5037400349975 0.3921237289905548 20.87117562443018 44.30271884053946 12.52104823291302 130.4160909727216 0.5342073291540146 25.51166848838329 1251.298651345074 24.83107009530067 4.442134015262127 114.6428426504135 1.450302697718143 3.262310802936554 2626.187745392323 1678.605674117804 1579.663634419441 9.218478135764599 109.3899692967534 0.3805307298898697 502.25277300179 6.253679685294628 9.464284352958202 4549.330742813647 1348.060864843428 5.7186394110322 393.4846306070685 347.0084398984909 5.570137605071068 117.7810776382685 74.60532894730568 4052.929817542434 7.21787816286087 501.0468045324087 781.1212860196829 2801.110423639417 738.3115468397737 28.40981082618237 3.797414757311344 1.967999339103699 2.227162159979343 0 5.260873183608055 7.657254904508591 0 0 0 1.502665773034096 0.2145842239260674 0.1910318732261658 0 6.973748162388802 0.6575136780738831 16.83431603759527 0.2828608229756355 0 0.4236127138137817 2.594739258289337 11.75347317010164 15.46865133941174 0.8246826082468033 0.3793248310685158 0.4524465352296829 1.858906634151936 1.413247153162956 8.444855496287346 159.6791882887483 258.5320423170924 2.164734072983265 0.1487433165311813 1.112700447440147 21.95782100409269 0 0 0.8302422165870667 0 10.42956354469061 2.670179545879364 2.826023548841476 1.39043403416872 0.2386436015367508 0 0.2472845017910004 0
1.713646434247494 0.08581934124231339 0.19355458766222 2942.281311333179 3.136800520122051 555.3309551849961 33.19219695031643 221.8567279949784 634.8547987192869 3407.390328392386 18.00360261648893 4271.753610402346 1.264689303934574 149.815975882113 53.12512294948101 0.08973558247089386 0.7977353408932686 6.682337820529938 9.218478135764599 622.9991369917989 0.2556993961334229 0 1.261503428220749 687.8006422966719 0.08986332267522812 7.536644764244556 3.308322794735432 1804.285326451063 232.3700003027916 1.780655391514301 0.7265979126095772 15.29142944514751 1.872845984995365 233.9613130986691 10.50858157128096 855.4259228333831 11.75396987050772 370.7195528075099 135.7826805859804 344.078386105597 39.90874662995338 0.9159422889351845 8.012367933988571 3.447803944349289 0 0 249.1621834933758 0.775446891784668 7.547500029206276 198.4092757105827 6.70243127644062 100.7393390908837 387.2928344234824 3.696040511131287 300.949310913682 0 1.565918654203415 35.69756270945072 0.2672858685255051 0 0.6258139610290527 0.7448546886444092 385.1857110932469 0 0.4886661618947983 0.1782294511795044 270.3915249407291 0.4756259471178055 0.3526970222592354 0.646314449608326 176.0743258744478 7.392403237521648 22.1640830039978 0 0.4855503141880035 0.1186789944767952 8.585401892662048 1.469739645719528 257.2679922878742 0 31.4772559478879 5.508749164640903 211.9432194828987 3.570206373929977 0.1634847223758698 0
17.60100463777781 5.749069266021252 656.3611939847469 0.5134453028440475 0 5.33837416023016 347.2802757769823 75.88392917811871 43.69192429631948 1.991952940821648 73.17560080438852 0.08680509030818939 5.164690747857094 90.30990372598171 0 1204.770654805005 615.8300234228373 16.85229009389877 109.3899692967534 0.2556993961334229 8808.640888594091 158.255953207612 14805.25614715368 57.4289346113801 0.7116774022579193 38.87426663190126 1141.226705290377 1656.576080016792 327.2459255680442 6115.17855618149 0.3785901293158531 1.259814329445362 176.535397104919 5476.175825104117 98.06962410360575 5833.015872344375 1802.038605488837 4513.971143722534 3786.235539518297 150.8585219532251 11.9873535707593 6.071314245462418 28.42655273526907 2.787624709308147 0.7868654876947403 15.08547996729612 0.1105609759688377 0 0 11.66162797808647 2.091218695044518 16.17549805343151 1.493651047348976 7.982086054980755 0 0 12.61482957750559 0.6403768658638 291.7152801305056 3.61311075091362 0.1785349696874619 1.589216314256191 0 605.0726587623358 92.26820903271437 313.566951058805 363.5411449819803 0 0.9104543924331665 18.10418563336134 290.7942904531956 44.39494168013334 365.5061904266477 0.1339883804321289 0.1178115829825401 9.229021362960339 10.82019723206758 6.362644016742706 310.6447499543428 8.439799301326275 21.8093650713563 29.19090726226568 20.42946901917458 5.234774380922318 5.5743737667799 2.984599441289902
0 1604.914763204753 15.74920903146267 0.7856304049491882 8.23966971039772 1.27130650728941 76.40263360738754 0.5796438008546829 2063.117890946567 0.3240379691123962 9.374971777200699 3.931093364953995 141.8276054784656 0 144.5162193179131 1959.969561353326 3.49363099783659 0.3430436626076698 0.3805307298898697 0 158.255953207612 399.8586665168405 383.8541691154242 5882.006761394441 325.4590101763606 10.24146632105112 2622.272642888129 142.5738457888365 0.6571756601333618 16.94273498654366 5.361529514193535 0.1760562211275101 0.1047670617699623 9.89616459608078 2.357053101062775 63.83408309519291 30.00756222009659 60.59110513329506 36.08449874073267 159.9086801856756 0.3088797479867935 4.04043185710907 0 0.2032591998577118 2.077262297272682 36.63040563464165 0.1575070172548294 0 0.5677532106637955 10.36818888038397 0.8892861008644104 5.52577793598175 1.231415316462517 0.8880554437637329 0 8.17830378562212 1.114218078553677 0 929.5464693829417 1.475004710257053 0.59220951795578 1.258908338844776 0 153.7109791114926 336.5698361024261 653.8888487964869 165.7112457901239 1.79553596675396 5.086136221885681 1334.2454303056 60.17870351672173 2.520544469356537 32.22724089026451 2.414617113769054 0 1.148860305547714 4.272976994514465 3.125148743391037 33.62122024595737 3.096309438347816 17.73500628769398 15.13426427543163 0.1673935353755951 0 0 0.7180662155151367
168.9973371475935 28.27699095755816 7421.088045790792 0.7639627531170845 1.465059719979763 143.9644113630056 1496.553517714143 2127.304994128644 8.557131260633469 15.56793866306543 214.8211840614676 1.438813708722591 4.721345111727715 1586.27160487324 0.5897973701357841 1226.938559129834 3520.691608034074 72.80587568879128 502.25277300179 1.261503428220749 14805.25614715368 383.8541691154242 10334.80174231529 511.2259513661265 4.540033519268036 1651.937670730054 5743.308484047651 1551.045882716775 1039.880544617772 6642.164919093251 0.4409138932824135 10.16118698567152 116.747776530683 3843.009335160255 167.0190306678414 7373.2419372648 5069.885945215821 7361.787419125438 7965.253418877721 307.6256349757314 46.32215080410242 18.31032261252403 35.44170162826777 1.314062997698784 6.808716475963593 117.3951879143715 0.2638449370861053 0 1.330558240413666 78.97254154831171 9.70230720937252 1.890550367534161 8.768842317163944 8.413715444505215 0.1250196397304535 1.755471535027027 6.139059871435165 0 2067.778725244105 1.267532840371132 0.08418989181518555 0.706752672791481 0 567.5814819559455 504.1908739879727 4575.476480729878 203.7959350943565 0 6.054042682051659 1074.942974075675 131.8659930825233 8.263170830905437 129.4187299311161 0 0.07202854007482529 1.519534394145012 11.84217142313719 10.17654937505722 239.2071401923895 20.03725882619619 86.11565966159105 109.2817653417587 10.3523176163435 9.165448099374771 13.72523534297943 10.44703277945518
16.52324954420328 1013.576174773276 9.377818278968334 1762.806827820837 36.52944130450487 64.7085217833519 2520.638798870146 175.131556250155 6526.556493490934 392.1292367056012 13.96196460723877 177.3963233307004 52.88841564208269 102.705671787262 1043.052065484226 1392.749862492085 13.72970622777939 4.50780227035284 6.253679685294628 687.8006422966719 57.4289346113801 5882.006761394441 511.2259513661265 3743.012473799288 98.54249723255634 24.46158961206675 3679.772933058441 4159.300134122372 411.5715785399079 83.9414694160223 3.001244738698006 7.127401135861874 110.9506201297045 376.0144875869155 54.63562955707312 2434.797070257366 199.2996306568384 627.9593465328217 409.4853289723396 494.1686598658562 32.51061028987169 0.5321175158023834 14.83613351732492 39.90260496735573 5.428851000964642 26.97078950703144 374.4778839349747 0.8891226872801781 20.09694662690163 1170.947814278305 86.84594772011042 1021.961476475 548.6840162202716 15.25200811773539 194.3705039694905 5.25361043959856 159.2517064586282 16.77312795817852 136.916273906827 6.973030105233192 3.34147360175848 6.160638406872749 418.2634940221906 243.8154525533319 160.2431142553687 180.7954953014851 2476.767975822091 0.6426177322864532 10.81172203272581 148.8645590916276 1707.816033914685 218.2360516265035 707.5528128966689 1.985405884683132 5.749494999647141 9.442556835711002 91.24503520131111 8.7132688164711 466.3531117513776 7.329468257725239 240.1571985706687 39.15377343446016 250.4585693031549 25.44060162454844 3.696055427193642 4.517511986196041
0 1673.012016326189 0.4804401844739914 0 1.273676618933678 1.932201012969017 0.6844904199242592 0.1361058950424194 163.3347775191069 0.1631676480174065 225.81221023947 1.87699231505394 3292.773957170546 0.4222589209675789 14.53874804079533 5.631146863102913 6.547069497406483 34.61512223631144 9.464284352958202 0.08986332267522812 0.7116774022579193 325.4590101763606 4.540033519268036 98.54249723255634 790.7086222618818 356.6604352816939 3597.185506604612 3.36766491830349 0.1809828877449036 1.293153405189514 320.0739913582802 1.052385047078133 0 312.8081792443991 0 220.4467147812247 481.73327216506 372.2383590564132 147.2149062305689 36.58352788537741 14.41743642091751 269.5237445384264 18.37937104701996 0 49.31412754952908 0.5979725047945976 0 0 0 0.0797591432929039 0.7166819423437119 3.077515095472336 0.2522822469472885 96.32796189188957 0.07605645805597305 1173.890674270689 0.1785221099853516 0.3677064031362534 0 0 6.109351888298988 1.88153187930584 0 0 3.56465046107769 0 1.412687540054321 83.18898423016071 132.1997981742024 1237.666823044419 0.4009499102830887 0.1983566284179688 1.111093282699585 152.2852636873722 0.09860615432262421 0 0.8904223367571831 0 34.21556682884693 48.67237603664398 13.22507978230715 1.319296717643738 8.214200504124165 0 25.57410880178213 0
37.401840493083 185.1962329298258 5128.65247772634 1.169800519943237 14.16793069988489 61.16482511907816 103.7244370207191 332.7287457808852 7.850715205073357 27.63405132293701 2273.556145049632 26.82546915858984 572.3418654426932 176.3283368125558 2.8211420327425 3.632411003112793 3129.820311546326 2226.714416019619 4549.330742813647 7.536644764244556 38.87426663190126 10.24146632105112 1651.937670730054 24.46158961206675 356.6604352816939 21588.56270284206 9755.663675174117 7.335369259119034 400.9522947669029 167.1159860491753 567.8753007203341 79.51445906609297 41.28410193324089 2235.468565754592 21.81823174655437 2316.255333460867 5950.63435716182 6189.036235101521 2071.84438033402 68.60358712077141 7.985145829617977 53.86377806216478 6.228441156446934 0.7333851009607315 155.8913857787848 227.6352969482541 0 0 0.08099920302629471 1.134171478450298 2.747724421322346 2.622606940567493 0.5832952708005905 153.1764365285635 0.1746381223201752 662.6855225786567 2.457788221538067 0.4637092649936676 0.9880556464195251 93.12122542411089 145.4102100580931 284.4066088050604 0 1.361517407000065 6.209744825959206 4.209148168563843 9.981169156730175 222.8025583997369 2375.880343392491 5379.128351785243 2.166784465312958 1.933223940432072 7.34942364692688 439.915847979486 0.5132372081279755 0 7.764735922217369 2.588444963097572 57.56971351057291 98.55111357569695 80.07884958386421 21.98623371869326 1.959532633423805 0.2589130699634552 2.019287966191769 0.3670365810394287
7.958625212311745 5279.401222392917 4189.269912309945 2.776764310896397 10.58637918531895 57.6275869011879 2040.77167968452 160.0672089830041 590.5939657539129 37.98523005098104 822.2833971679211 9.000509850680828 3111.856710866094 72.52916820347309 69.79679000377655 3247.09960834682 4565.405615605414 431.0868192538619 1348.060864843428 3.308322794735432 1141.226705290377 2622.272642888129 5743.308484047651 3679.772933058441 3597.185506604612 9755.663675174117 21259.63547860086 1408.126033067703 111.1496557667851 122.3041026368737 566.6273911967874 36.80028831213713 17.61354880034924 3085.531677022576 75.29657316952944 4722.899833269417 4678.323762968183 8259.405842237175 4039.751588568091 255.0328765138984 13.91484228521585 29.76588704437017 16.96343340724707 1.631315313279629 2008.38980589062 2512.366306595504 1.156005755066872 0.1142388954758644 2.031457558274269 113.3029037714005 20.13642896711826 16.19312012940645 9.084272176027298 176.6071423441172 0.1988272964954376 749.58744943887 15.05013608932495 1.154165729880333 1010.042531043291 315.9801920577884 137.8916054666042 310.6909235939384 0.09709175676107407 67.44487501680851 1437.979293100536 2580.989533089101 152.8965326994658 566.4018364623189 3540.927153028548 20980.77556812018 76.33984944224358 10.41471555829048 41.44960352778435 549.2961427345872 0.9894887208938599 0.6849756091833115 48.5940525084734 12.83379864692688 334.7748098298907 191.3099683746696 353.4765206426382 194.1041836068034 10.53549709171057 2.567690134048462 9.353095389902592 6.131216078996658
46.37267844378948 23.1130401045084 41.18935534358025 1368.6962428689 1.681847043335438 149.635986328125 13559.71247969568 224.7464459165931 1040.270664505661 5767.129774980247 7.37292292714119 363.7492892220616 4.304710797965527 162.6254170536995 26.06967191398144 1425.969954490662 9.753673993051052 2.216126389801502 5.7186394110322 1804.285326451063 1656.576080016792 142.5738457888365 1551.045882716775 4159.300134122372 3.36766491830349 7.335369259119034 1408.126033067703 6300.092379137874 811.7483359947801 3507.64414858073 0.2853681594133377 5.575670838356018 268.862398929894 1032.328588590026 95.61174969375134 3984.018030576408 297.5753744393587 1615.229789033532 1071.443749316037 96.5834055095911 25.91391152888536 3.623505868017673 28.14100007712841 38.52446599304676 0.8019784316420555 13.7551002651453 247.158589489758 0 15.75075811892748 754.3701537922025 65.21964904665947 338.5736938267946 377.6191360205412 15.98561954498291 165.5873222351074 0.8246079012751579 126.3917436376214 14.01056930422783 41.34717289358377 3.972397468984127 2.476653270423412 5.62274694442749 334.4456418305635 168.3299690410495 37.52807926386595 42.65690333396196 1301.188755653799 0.3315458297729492 7.564342342317104 46.15476506203413 1075.563719049096 194.6903626024723 597.1302907019854 0.8382561951875687 2.855071507394314 13.03699023276567 58.10854475945234 7.232305452227592 493.1798777729273 5.446399837732315 167.1774014756083 31.163932710886 223.8046889528632 20.90834973007441 9.225389927625656 1.983518809080124
