2870.921966291964 0 316.9683476500213 8.374438136816025 0 53.19740811362863 2208.946728918701 1371.470888536423 1.881434358656406 148.3939688876271 10.65563983470201 13.51674573868513 0.2271948009729385 6150.552885886282 2.020995698869228 7.156165294349194 256.9939665980637 4.341419599950314 5.412196196615696 10.11789079755545 185.5186684541404 3.065631940960884 222.1182343736291 110.7112914100289 0.1684931963682175 74.03908074274659 55.52314700186253 233.4796267971396 5197.354939494282 4874.21574825421 0.07135789841413498 7.269116561859846 191.2276554331183 262.1844257861376 4.983290657401085 107.9592305310071 14.30878432095051 174.1120610609651 44.59658502787352 13.55081950128078 3.439771793782711 0.895932100713253 0.9263641238212585 0.07046160101890564 0.1923214569687843 1.338668785989285 0.5442856550216675 0 0.08588209748268127 2.015181951224804 0.1326546221971512 4.979462683200836 0.09046652913093567 0 0 0 0 0 5.055314473807812 0.4395613223314285 0 0 0 0 1.743010371923447 0.6281843781471252 11.30129545927048 0 0.3504769876599312 1.692544907331467 5.013277594000101 0.4287448525428772 2.255919173359871 0 0 0.2214496061205864 0.6970236599445343 0 3.81016406416893 0 0.7723964899778366 0.5084607005119324 0 0 0 0
0 131.7668405026197 9.768493622541428 0 0.1342779397964478 0.5440649390220642 7.613034956157207 0.9955506920814514 168.6510556489229 1.014678068459034 120.4089625626802 0.1503341197967529 695.2251890748739 0.5526197999715805 0.7900313585996628 197.815795391798 49.09795711934566 14.29811854660511 36.1613182425499 0 24.01777353137732 1586.283007867634 11.65505762398243 404.2687056288123 761.8263336122036 890.9085587188601 6443.306391075253 15.06796923279762 2.133354999125004 5.593809634447098 89.84292367845774 0.3220281079411507 0.342731200158596 63.69128187000751 0.1713409870862961 19.77878310531378 93.42839542031288 54.83077761530876 9.067668505012989 0.9088165685534477 0.2315812110900879 94.46145336329937 0.115994356572628 0 352.6757437288761 42.51407822966576 0 0 0 0.3356278017163277 0 0.1294892579317093 0 11.73690877109766 0 62.74844459444284 0 0 3.428543873131275 5.993156455457211 3.44254120439291 2.3609833791852 0 0.1147728711366653 10.30688474327326 0.3053015172481537 1.116669155657291 29.67768635600805 215.9592120796442 718.3957088664174 0.3621182218194008 0.1756647825241089 0 19.63462971150875 0 0 0.3282520994544029 0.1212166175246239 2.755475580692291 63.42198484390974 6.141044475138187 2.30668094009161 0 0 2.013304702937603 0
316.9683476500213 9.768493622541428 8113.265310864896 12.57580484449863 0 48.18893140181899 759.6409878581762 551.5812787301838 2.294624336063862 119.6909127496183 11.0167801938951 4.323666252195835 0.36578219383955 596.0867416411638 1.379554249346256 40.64703320711851 3026.878709565848 11.12278053164482 43.45067027583718 5.195872120559216 2094.778796162456 28.44905397295952 7388.295149102807 177.6227962970734 0.1567074805498123 7586.31449521333 8043.241749547422 384.8037819750607 335.1742782555521 1921.532603580505 0.4009370431303978 2.668702002614737 23.36425455659628 668.3884878344834 15.48179046809673 652.8111062981188 903.5549235641956 926.3146393597126 281.1543217487633 34.81708110123873 6.564359821379185 0.3799721747636795 3.98749602586031 0 159.2789781838655 289.2863430529833 0.1649881452322006 0 0.08274629712104797 2.136104568839073 0 1.650606259703636 0 0.5972170829772949 0 0.1250535845756531 0.08928859978914261 0 32.83676371723413 7.089388005435467 0 1.419400691986084 0 2.201493851840496 41.40950857847929 42.78811118751764 8.647684715688229 0.1831403076648712 93.17126892507076 1097.674524977803 4.480838246643543 0 0 0.3178590387105942 0 0 0.7026330530643463 4.503054305911064 11.45675004273653 67.78329110890627 7.164902672171593 1.159360833466053 0.1446144133806229 0.284922368824482 0 0
8.374438136816025 0 12.57580484449863 2121.36718288064 0 50.46240172535181 284.124240025878 40.29986371845007 132.0490343570709 2913.026326835155 0.4699169918894768 821.2026465907693 0 29.01580554246902 6.417602092027664 0.2560242861509323 0.7729873955249786 0.6282105818390846 0.1116892844438553 4395.129632256925 8.569441519677639 1.193421848118305 3.924946740269661 1850.509965643287 0 3.09592792019248 1.656350642442703 2175.18687377125 50.74058445543051 2.958182156085968 0 0.7312626168131828 4.096931420266628 29.64768393337727 2.696055606007576 137.5513238161802 7.626367285847664 61.87131875753403 36.10068093985319 21.72841668874025 8.828819207847118 1.228858754038811 0 0 0.7498463019728661 0 3.019709855318069 0 3.277350880205631 12.34978676587343 0.1576627716422081 94.44833015650511 4.846391931176186 0 7.547317057847977 0 0.2084750980138779 0.6581478118896484 2.169177211821079 0 0 0 9.090250052511692 0.1558346301317215 19.5733780413866 0 155.7237896621227 0 0.8534116819500923 0.9114354699850082 41.3285321071744 0.5295939594507217 0 0 0 0.09168354421854019 0.6700305938720703 1.906186699867249 7.388117872178555 0.8189753293991089 2.542582057416439 1.909366838634014 1.911717891693115 0 0 0
0 0.1342779397964478 0 0 0 52.0627238675952 1.177887432277203 17.87694697827101 28.22594225406647 3.49981777369976 41.189557261765 3.105951696634293 1.800507329404354 3.367057502269745 430.6876804083586 0 0.2706148400902748 3.973285861313343 2.304364621639252 0.07576262950897217 0.3193518370389938 0 0.3560568541288376 1.255062147974968 1.29937682300806 4.291646242141724 0.6262228488922119 0 3.37056066095829 0.3353186845779419 0.6469584181904793 14.29326834529638 0 292.7022573724389 0.2357158064842224 28.78915257751942 7.079449959099293 225.8210437372327 55.15810826420784 537.1730154305696 252.0134124606848 5.487415999174118 0.5346815586090088 0 0 0 0 0 0 0 0 0.332379549741745 0 0 0 0 0 0 0 0 0 0 0 0 0 0 0.1406048983335495 0 0 0 0 0 0 0 0 0 0.3603715300559998 0 0.3232643902301788 0.572242796421051 0.1914387345314026 0 0.8072411417961121 0 0 0
53.19740811362863 0.5440649390220642 48.18893140181899 50.46240172535181 52.0627238675952 10843.80714819953 2254.889644518495 5840.762937247753 91.16992996260524 6385.215252157301 182.5895634554327 3645.79183768481 19.74720695614815 996.2310455627739 331.5835397392511 2.6379249766469 12.9575011394918 39.34559669345617 21.00147932767868 408.5941857658327 46.6105075776577 3.314532443881035 20.42755145579576 140.9256640300155 5.511710241436958 51.55345620214939 17.08974669873714 400.0177785158157 1192.110411304981 33.48835538700223 6.557090055197477 638.3084623552859 9.613839641213417 659.4919886030257 26.07294373214245 755.3109321929514 102.6444076821208 1188.402241472155 250.5348858051002 1113.143154542893 360.1999250128865 49.42360004782677 13.10408792644739 0.07982106506824493 0.1861637756228447 0 0.500479519367218 0 1.738935187458992 6.067319966852665 0.5362402051687241 8.510367825627327 2.125834785401821 1.490699902176857 2.316560029983521 0.1674917936325073 0.2379627525806427 0 2.053440272808075 0.152403712272644 0 0 1.156531602144241 0.4661760032176971 1.588227778673172 0.6630046665668488 61.09413189440966 0 0 1.256147712469101 22.25108353793621 1.283593565225601 1.066747508943081 0 0 0.08787567168474197 0.6171176731586456 0.7998276352882385 7.959942720830441 2.251717202365398 4.799463465809822 1.859941482543945 0.8038805052638054 1.501000575721264 4.027075737714767 0
2208.946728918701 7.613034956157207 759.6409878581762 284.124240025878 1.177887432277203 2254.889644518495 14951.33654344082 3307.990705970675 92.98057019710541 10845.83187267557 14.00535979494452 45.88782848417759 0.8388460427522659 4708.241886816919 11.70691238716245 64.48375710099936 58.46666045859456 7.745458893477917 4.901707980781794 53.43385045230389 1108.376156229526 57.14262871444225 447.170560054481 1476.993331536651 3.37012442946434 116.4107765965164 197.2261825278401 16662.68413563445 1113.956589307636 6004.787193216383 0.8357162922620773 15.35955704748631 120.8879728913307 456.9373425543308 30.48677074164152 870.1104892715812 55.11794099956751 685.4602617621422 289.4053188078105 93.38062005490065 46.61264882981777 2.736467055976391 8.81872271746397 0.8633020371198654 0.2948389649391174 4.787627182900906 3.276889197528362 0 7.869544722139835 52.19861945509911 2.996821567416191 64.38333148509264 14.47261162102222 0.07590126991271973 4.730306886136532 0 5.470801845192909 0.5104993283748627 49.52165473997593 3.530447460711002 0.1411722749471664 0 2.878359697759151 7.43568043410778 19.34547516703606 2.936700977385044 405.6278423592448 0 5.819958366453648 9.468407824635506 150.9965400993824 7.817172579467297 15.58946261554956 0 0.08876437693834305 0.6944679245352745 7.809316635131836 4.511316433548927 51.69400010257959 3.430161006748676 16.01271293312311 11.00504774600267 4.6178337931633 1.110580828040838 0.08328764140605927 0.3863572478294373
1371.470888536423 0.9955506920814514 551.5812787301838 40.29986371845007 17.87694697827101 5840.762937247753 3307.990705970675 12903.70999781415 9.448592245578766 1950.600678261369 136.3847563825548 506.3049332685769 13.19748326018453 5694.480480156839 95.04101634770632 4.76713552325964 177.4461378194392 30.13084395602345 18.66902985051274 122.3020738065243 320.3116239495575 5.194405972957611 218.832124710083 163.7748136259615 2.940846987068653 146.3927653096616 69.95997135713696 447.7258417569101 1417.637332513928 919.2203015498817 4.061257876455784 722.4657379835844 29.52740183472633 555.1302826032043 13.96029948443174 463.7741147838533 66.63718691468239 735.1906941980124 168.0989642627537 450.3115098327398 192.195322394371 24.95030067116022 5.592835918068886 0.1995018124580383 0.1793059706687927 1.927651509642601 0.4770369902253151 0 0.4396369010210037 4.469926867634058 0.5706796795129776 5.032373018562794 2.194470107555389 0.2131828218698502 0.7696443721652031 0.4555852636694908 0.3128952085971832 0 6.269254684448242 0.3513303101062775 0.09625796228647232 0 0.1599772423505783 0.63056530803442 3.375799983739853 0.3222294971346855 41.96520340070128 0 0.5061429440975189 2.411611154675484 20.57102479785681 0.335810199379921 2.020653381943703 0.09912791103124619 0 0.09446530789136887 1.140411138534546 0.4379023909568787 10.66820950061083 1.206375695765018 1.934537373483181 2.478662386536598 0 0 1.612572155892849 0
1.881434358656406 168.6510556489229 2.294624336063862 132.0490343570709 28.22594225406647 91.16992996260524 92.98057019710541 9.448592245578766 408.322400867939 73.20785839855671 7.099028944969177 918.6725612431765 19.99605602771044 6.651729121804237 1328.700481504202 21.94084902852774 1.665418244898319 1.70393643528223 1.139404661953449 243.5112206488848 3.833934664726257 1751.911472477019 4.674089446663857 7457.941099993885 76.83891548216343 63.2909073010087 148.1179142892361 363.8105941265821 15.99924189597368 35.72361738979816 2.86789233982563 0.242816686630249 3.472001411020756 7.801135860383511 0.804217241704464 222.112899184227 13.12831515818834 12.08652424812317 9.781580835580826 324.076379083097 0.9475728124380112 1.606963098049164 1.040069699287415 1.927094981074333 31.4517268538475 10.55886389315128 15.11301768571138 0.08352866768836975 16.72565360367298 87.21242879331112 6.105616383254528 258.3264539241791 41.63748902827501 1.167144171893597 61.51320759952068 2.093792319297791 5.733797624707222 6.851638689637184 74.54776604473591 1.78978605568409 0.07064948230981827 0.1384139060974121 16.5453889593482 11.62616990506649 71.31328031420708 6.319892451167107 1559.67767187953 0 7.984926506876945 8.815005511045456 342.6763221547008 10.12182237952948 16.82935646176338 0.07740525156259537 0.4791845977306366 1.717749752104282 12.36921893805265 1.865376502275467 85.86793527007103 3.266544245183468 20.89655638486147 15.2243314832449 52.61724047362804 2.627542987465858 0 0.2770677506923676
148.3939688876271 1.014678068459034 119.6909127496183 2913.026326835155 3.49981777369976 6385.215252157301 10845.83187267557 1950.600678261369 73.20785839855671 22007.8192775026 38.25465378910303 3059.771193828434 2.542718078941107 1062.232510149479 70.10966630280018 4.435314558446407 14.08289237692952 13.63052388653159 11.06263956055045 3003.107074078172 99.80413144081831 6.592868611216545 34.9485090598464 896.7271837070584 1.666751816868782 31.43135760352015 26.28819706663489 3145.70444566384 1040.375300712883 65.43243347108364 1.513849291950464 39.12836446613073 22.33590652048588 533.3218623585999 55.09563812613487 1116.155142057687 59.37367735058069 990.5702380500734 277.6016078963876 242.8788715079427 123.9570540711284 6.271037228405476 15.64027643203735 0.4309802278876305 0.4209455922245979 0.4548212140798569 3.09136489033699 0 6.956469230353832 17.90651384741068 2.442213550209999 25.76787758618593 16.42625275999308 0.300951287150383 85.17626533657312 0 1.090399622917175 0.8044766783714294 8.117019057273865 0.1910590827465057 0 0 4.07386552542448 0.7663065865635872 3.058338545262814 1.461212627589703 205.5132031999528 0 0.08265016973018646 1.211845472455025 75.21116157621145 1.8915671184659 2.054419949650764 0 0 0.8431416451931 3.582233890891075 1.275780156254768 10.2226255685091 0.3281976953148842 6.396461226046085 3.749226413667202 2.858053252100945 0.3711398020386696 0.5032220780849457 0
10.65563983470201 120.4089625626802 11.0167801938951 0.4699169918894768 41.189557261765 182.5895634554327 14.00535979494452 136.3847563825548 7.099028944969177 38.25465378910303 11012.5113594532 23.76548359170556 3394.475516058505 151.0575877726078 14.07997593283653 2.392471738159657 581.7617858797312 3659.884286325425 1391.312366113067 5.61114127933979 5.020867541432381 37.92744562774897 23.42426633834839 10.30097908899188 1357.749921873212 2445.233144499362 738.1241282969713 5.689916618168354 521.200357362628 16.074701923877 457.4778263792396 374.8817510679364 1.077685438096523 4760.473952747881 5.24518971145153 417.8457318916917 4491.437480948865 3326.788542859256 744.3599935621023 100.2541122883558 83.78846304863691 1292.919843368232 4.927684597671032 0 8.37044969201088 0 0 0.5695691779255867 0.3764449506998062 0.08084464818239212 0.5923058539628983 0 0.07442866265773773 184.0777252838016 0.192068986594677 623.1969100236893 0.3863407596945763 0 0 0.08832761645317078 14.4211121276021 1.06366816163063 0 0 1.725302688777447 0 0.4031979739665985 91.76039507985115 138.6531838402152 159.3311845809221 0.4046686664223671 0.6735937371850014 0 110.089644856751 0.7082114592194557 0 4.158248975872993 2.175261363387108 6.488715820014477 291.9409332796931 4.829093582928181 1.377517208456993 0.1685872822999954 1.075856640934944 36.94019112735987 0
13.51674573868513 0.1503341197967529 4.323666252195835 821.2026465907693 3.105951696634293 3645.79183768481 45.88782848417759 506.3049332685769 918.6725612431765 3059.771193828434 23.76548359170556 6985.289042524993 2.656448788940907 280.7531294301152 840.1961084529757 0 3.68378584086895 9.495456553995609 6.344480760395527 3578.46359193325 1.524180449545383 4.430879458785057 1.699822872877121 420.3961101770401 0.2471867799758911 9.399538896977901 3.43100780621171 54.83400266617537 344.5165981315076 4.959047123789787 0.9527274183928967 26.80113700032234 0.3603900521993637 214.1047805175185 19.95529066026211 432.2997387945652 18.04749853909016 316.191377479583 45.68036399036646 665.5266372896731 37.759262368083 2.482313267886639 3.682308219373226 0 0 0 1.120037466287613 0 2.648677587509155 7.849863141775131 0.4752497375011444 143.3972351700068 14.21678428351879 0 31.61053386330605 0 0.3838403224945068 12.73862680792809 0.6765283942222595 0.09040958434343338 0 0 13.13540081679821 0.133630558848381 0 0.1137682124972343 141.3835878670216 0 0.09549149870872498 0.09129220992326736 35.4696636274457 0.5108813792467117 0 0 0 0 0.1143339201807976 0.09406261891126633 1.72221302986145 0.4309335052967072 0.8030520975589752 0.3594417497515678 40.43856337666512 0 0.3489298075437546 0
0.2271948009729385 695.2251890748739 0.36578219383955 0 1.800507329404354 19.74720695614815 0.8388460427522659 13.19748326018453 19.99605602771044 2.542718078941107 3394.475516058505 2.656448788940907 3653.14789429307 8.68662041425705 0.6954048871994019 4.322221517562866 0.8810126036405563 72.8034260943532 0.8663113117218018 0.6439671218395233 0.8472294509410858 148.3355440199375 1.068722173571587 30.34863312169909 4242.543554581702 531.0835903920233 2145.22907692194 1.704446163028479 35.93808121979237 0.3428921289741993 357.2421930208802 23.88424787670374 0.07642443478107452 1166.888224087656 3.326280012726784 99.23978730291128 1564.050960846245 654.308436319232 94.09566797316074 18.2437075600028 32.41065839678049 1180.038219429553 2.447205930948257 0 21.45974186807871 0.1533214300870895 0 0.07748988270759583 0.5343776196241379 0 0.4886408075690269 0 0.1505415812134743 280.2941633239388 0.08704335987567902 997.8323780447245 0.1779652386903763 0 0 0.3009174987673759 24.90169408172369 1.133988074958324 0 0 1.513717368245125 0.1913231089711189 0.2372676953673363 191.6742812022567 234.1281565129757 273.0810879319906 0.1570028439164162 1.855405777692795 0 190.9581880643964 0.9756613820791245 0 4.250937007367611 0.8246447443962097 1.671945929527283 405.8594839349389 9.027986295521259 0.8557248488068581 0.346046008169651 0.3642476201057434 46.49975527077913 0
6150.552885886282 0.5526197999715805 596.0867416411638 29.01580554246902 3.367057502269745 996.2310455627739 4708.241886816919 5694.480480156839 6.651729121804237 1062.232510149479 151.0575877726078 280.7531294301152 8.68662041425705 11352.9401496537 80.07567916065454 5.407946743071079 300.5306060984731 47.13396448269486 33.05450170114636 84.1640385389328 329.4258835986257 2.92480856180191 276.5302933566272 142.150021776557 1.945904940366745 171.8205664120615 98.62189654260874 436.159803327173 7288.35610402748 2196.780859537423 4.531382352113724 563.6644157581031 42.03516669943929 1080.751130960882 9.73924096673727 474.1833662986755 65.69991557300091 777.9301367141306 116.9731908030808 281.11970121786 79.49395201355219 15.81381564587355 4.880867950618267 0.1353075504302979 0.1411159187555313 1.195847220718861 0.245181493461132 0 0.8905765116214752 2.736206710338593 0 3.663347981870174 0.3473422080278397 0.717884935438633 0.140358179807663 0.2545541301369667 0.4435877501964569 0 4.443233892321587 0 0 0 0.3248346447944641 1.148961327970028 2.569146014750004 0.09591119736433029 23.41367508098483 0 1.199284963309765 2.49446877092123 8.182619098573923 0.9294417053461075 2.204805493354797 0 0 0.0856761634349823 0.895879827439785 0.7113389670848846 5.360181458294392 0.3084508776664734 1.963882014155388 0.9763449430465698 0.5748616605997086 0.8622818365693092 0.4476715847849846 0.4133453071117401
2.020995698869228 0.7900313585996628 1.379554249346256 6.417602092027664 430.6876804083586 331.5835397392511 11.70691238716245 95.04101634770632 1328.700481504202 70.10966630280018 14.07997593283653 840.1961084529757 0.6954048871994019 80.07567916065454 222.7007616385818 0 1.337643466889858 2.866236485540867 1.637416139245033 43.86365853995085 0.5483711585402489 7.648216441273689 0.6926083490252495 229.8842536062002 0.2044018283486366 4.407840192317963 2.290681436657906 8.366161778569221 118.7896397709846 1.800445772707462 0.2833395227789879 10.82304314523935 0 53.92139223217964 0.7891539335250854 580.1025808528066 33.14866009354591 95.37468995898962 13.71168582141399 944.5753926038742 24.78188858181238 6.346201106905937 1.773136898875237 0 0 0 0.4497794881463051 0 1.068723626434803 2.693564876914024 0 94.09165021777153 2.264899387955666 0 8.614754945039749 0 0 1.190623104572296 0.3625317513942719 0 0 0 2.041527524590492 0 0.4613375514745712 0 82.8862568885088 0 0 0.155653789639473 14.35239639133215 0 0.2295752018690109 0 0 0.168237566947937 0.2493520528078079 2.49770450592041 6.331795901060104 0.9188067466020584 0.09759794175624847 0.8020541220903397 16.51139649748802 0 0.1991188377141953 0
7.156165294349194 197.815795391798 40.64703320711851 0.2560242861509323 0 2.6379249766469 64.48375710099936 4.76713552325964 21.94084902852774 4.435314558446407 2.392471738159657 0 4.322221517562866 5.407946743071079 0 1982.40717805922 44.69671074301004 0.9474179372191429 3.264140240848064 0 3485.912563510239 2964.736312948167 3301.3767811656 1811.510462641716 21.27292722463608 73.16603175550699 2989.647856764495 1180.478782773018 52.42992648482323 42.84322544187307 1.166168451309204 0.2444896697998047 11.45693450421095 167.7327756881714 114.4067287668586 3340.61217815429 967.2096489742398 666.4895599260926 759.959784604609 119.8876620158553 4.916760228574276 4.22915443778038 32.6392183303833 1.986508041620255 32.55181390047073 50.52792114764452 0.2870418429374695 0 0 1.983599752187729 0.4069428816437721 14.94204120337963 0.2542144954204559 0.2188072726130486 0 0.2515071928501129 2.219734527170658 0 2655.608637079597 1.910227887332439 0 0 0 142.2625816985965 1117.958518527448 495.9543648287654 62.23253069072962 0 7.097437709569931 514.5925075784326 97.96234917640686 5.152327120304108 8.611206263303757 0 0 0.3853299170732498 2.721747346222401 10.94552770256996 36.88876664638519 9.018121428787708 4.597939305007458 3.98347295075655 1.124256923794746 0.1548915207386017 0.137733519077301 0
256.9939665980637 49.09795711934566 3026.878709565848 0.7729873955249786 0.2706148400902748 12.9575011394918 58.46666045859456 177.4461378194392 1.665418244898319 14.08289237692952 581.7617858797312 3.68378584086895 0.8810126036405563 300.5306060984731 1.337643466889858 44.69671074301004 1727.732045203447 165.3770439252257 855.5816698148847 0.9511353224515915 549.5466717779636 43.9333618581295 4294.505333002657 37.5214384868741 0.6547392308712006 1522.38611920923 7003.926642015576 30.31226099282503 531.9825773537159 2159.257819890976 0.5106877386569977 7.316542122513056 51.33044132590294 3261.65358608216 15.8799882158637 620.1983640231192 1471.283617049456 2343.535324983299 788.8975219652057 30.02639211714268 7.658175617456436 2.976167157292366 3.595603443682194 0 79.48187890648842 22.23448459804058 0 0 0 0.1701625213027 0 0.5840530544519424 0 0.5011388435959816 0 1.431321956217289 0 0 4.048075780272484 4.118821904063225 0.1203802675008774 3.6896777972579 0 0.5472260713577271 4.094319008290768 2.158862255513668 0.5867786407470703 0.1624778360128403 102.0523445159197 359.2750579193234 0.7616839110851288 0.1067135855555534 0 1.096972577273846 0 0 0.1680037826299667 1.945758849382401 5.855560474097729 41.9942714124918 2.295639216899872 1.076807402074337 0 0 0 0
4.341419599950314 14.29811854660511 11.12278053164482 0.6282105818390846 3.973285861313343 39.34559669345617 7.745458893477917 30.13084395602345 1.70393643528223 13.63052388653159 3659.884286325425 9.495456553995609 72.8034260943532 47.13396448269486 2.866236485540867 0.9474179372191429 165.3770439252257 264.0997544303536 1103.096601337194 1.449715130031109 3.241054870188236 4.765104249119759 10.95297224074602 2.088133968412876 26.50705892592669 1569.941322676837 314.6788773983717 2.659703034907579 107.695420332253 7.198326863348484 77.52095536887646 51.05986575037241 0.4934215322136879 868.578805975616 7.624037824571133 506.0699966028333 883.4745176509023 1392.975757569075 448.8760924078524 27.748290900141 5.275854650884867 23.22718342393637 1.947761960327625 0 3.373039916157722 0 0 0 0 0 0 0.1237097345292568 0 12.68292234838009 0 37.64393515884876 0.08054182678461075 0 0.1529606431722641 0 3.856801562011242 0 0 0 0.2133086174726486 0 0 11.86304275691509 52.58038023859262 62.1583958119154 0 0 0 23.91815235465765 0 0 0 1.202731035649776 1.874170936644077 11.26453441381454 0.6843017563223839 0.6618922427296638 0 0 0.2172065004706383 0
5.412196196615696 36.1613182425499 43.45067027583718 0.1116892844438553 2.304364621639252 21.00147932767868 4.901707980781794 18.66902985051274 1.139404661953449 11.06263956055045 1391.312366113067 6.344480760395527 0.8663113117218018 33.05450170114636 1.637416139245033 3.264140240848064 855.5816698148847 1103.096601337194 2876.248227491975 1.163596913218498 6.528870601207018 5.052619598805904 32.90686494112015 2.57281918078661 2.609662659466267 4010.691993191838 880.5543937981129 3.127311922609806 74.67773239687085 24.37889379262924 1.644515715539455 19.7606905400753 1.256931394338608 2110.725650727749 6.216040305793285 390.1001990288496 368.5534702986479 1186.879677888006 378.0135472714901 17.86626292765141 3.487371940165758 1.298398159444332 1.168784081935883 0 33.20705439150333 1.651399970054626 0 0 0 0 0 0 0 1.487994201481342 0 3.596726514399052 0 0 0.2052906602621078 0 0.3832652568817139 0.277174137532711 0 0 0.08018700033426285 0 0.2225928455591202 1.427572056651115 61.05172585695982 121.2289858907461 0 0 0 3.788050517439842 0 0 0 2.71186251193285 1.175751887261868 9.244984246790409 0.3232465982437134 0.3305114656686783 0 0 0 0
10.11789079755545 0 5.195872120559216 4395.129632256925 0.07576262950897217 408.5941857658327 53.43385045230389 122.3020738065243 243.5112206488848 3003.107074078172 5.61114127933979 3578.46359193325 0.6439671218395233 84.1640385389328 43.86365853995085 0 0.9511353224515915 1.449715130031109 1.163596913218498 891.8206019103527 3.153669022023678 0 1.11764994263649 486.8198955059052 0 2.900261413305998 1.440410628914833 1741.225811190903 119.6778101362288 3.147789753973484 0.2012331560254097 6.805962946265936 1.654290206730366 63.22020529210567 4.969576820731163 193.0442527756095 11.36676302552223 132.3814665302634 47.64467713981867 84.03673443198204 18.99717805534601 0.9464320093393326 1.294139325618744 0 0 0 2.590323984622955 0 1.025149472057819 2.075906530022621 0.3793677389621735 19.59894943982363 5.541389226913452 0.3070781528949738 8.044877424836159 0.08509773761034012 0.1864350140094757 0 0.06977295875549316 0 0 0 1.117582321166992 0 0 0 45.55049657076597 0 0 0.206440269947052 15.44567912071943 0.6853969767689705 0 0 0 0 0 0 2.173989698290825 0 0.4834821820259094 0.3582344800233841 1.713019043207169 0.3272573053836823 0.09785886108875275 0
185.5186684541404 24.01777353137732 2094.778796162456 8.569441519677639 0.3193518370389938 46.6105075776577 1108.376156229526 320.3116239495575 3.833934664726257 99.80413144081831 5.020867541432381 1.524180449545383 0.8472294509410858 329.4258835986257 0.5483711585402489 3485.912563510239 549.5466717779636 3.241054870188236 6.528870601207018 3.153669022023678 10044.95883565396 201.9583937600255 12304.99923039228 814.6246640011668 5.130556404590607 82.15212532132864 666.214660346508 3887.103978678584 226.1124036759138 15220.51449778304 0.3953780308365822 1.992506064474583 37.52222789824009 3151.780984587967 242.9182672277093 5165.498807959259 361.7948978617787 3959.362944275141 2085.707797728479 223.4974572435021 9.186045810580254 3.286321356892586 55.94185181707144 0.7829315066337585 1.046078324317932 5.359967239201069 0 0 0.2689648270606995 1.139856524765491 0.2108145728707314 5.225551843643188 0.6044652312994003 0 0 0 0.5603097304701805 0 137.4308101311326 0.7555860579013824 0 0 0 25.11108350753784 71.55631739646196 9.22637927532196 21.82068226486444 0 0.3283932656049728 10.41070614010096 29.72930520027876 2.016355656087399 3.586513459682465 0 0 0.2030121684074402 0.6638171970844269 28.29394480586052 11.29915817081928 2.440457224845886 3.782265141606331 3.093910872936249 0.2754651606082916 0 0 0
3.065631940960884 1586.283007867634 28.44905397295952 1.193421848118305 0 3.314532443881035 57.14262871444225 5.194405972957611 1751.911472477019 6.592868611216545 37.92744562774897 4.430879458785057 148.3355440199375 2.92480856180191 7.648216441273689 2964.736312948167 43.9333618581295 4.765104249119759 5.052619598805904 0 201.9583937600255 1820.444120623171 252.4230144023895 6657.401933468878 782.8035644814372 375.7712256610394 2886.853218145669 232.0852099657059 22.67041113972664 47.12433860450983 30.03889963775873 0.1293125376105309 3.637228094041348 24.10273570567369 0.9466116800904274 64.82208386063576 51.65882072597742 40.81433875858784 12.52733550965786 9.349464274942875 1.541041016578674 19.71638377010822 0.4754938781261444 2.796986073255539 139.8166521787643 20.84025518596172 3.365605667233467 0 0.6516176909208298 8.888688482344151 0.4718862846493721 24.55617952346802 0.8140387609601021 2.616161517798901 0 7.382257074117661 1.541053771972656 0 1476.109701886773 2.082146592438221 0.1062308773398399 0.203149750828743 0.09548546373844147 132.0805343836546 197.0248773992062 206.7143629342318 83.87550143152475 1.942997336387634 14.99841576814651 253.1895608901978 94.02396589517593 4.945293068885803 16.12055693566799 0.4515416324138641 0 1.213748551905155 2.125720635056496 0.944531261920929 25.30060575902462 8.068531103432178 6.220973514020443 3.328473836183548 0.1033800542354584 0 2.094147711992264 0.1089214831590652
222.1182343736291 11.65505762398243 7388.295149102807 3.924946740269661 0.3560568541288376 20.42755145579576 447.170560054481 218.832124710083 4.674089446663857 34.9485090598464 23.42426633834839 1.699822872877121 1.068722173571587 276.5302933566272 0.6926083490252495 3301.3767811656 4294.505333002657 10.95297224074602 32.90686494112015 1.11764994263649 12304.99923039228 252.4230144023895 16286.25570259243 892.505881972611 2.09174981713295 1692.82908173278 6057.347371816635 2094.927662573755 252.0663006789982 4994.423362631351 0.5660820156335831 3.971973687410355 28.61969053000212 3986.824765324593 418.4116411134601 8713.655278265476 3596.074865147471 8575.645415656269 5398.234108578414 545.0820649266243 33.95644815266132 11.04091087728739 104.5082263797522 1.573314815759659 6.901522405445576 22.63311398029327 0 0 0 1.070768572390079 0 1.678822167217731 0.1571827158331871 0 0 0 0 0 418.4909196346998 0.6245573610067368 0 0.2328476905822754 0.1199660152196884 11.87935934960842 141.8619269356132 131.2637853398919 10.83989468216896 0 3.29888828843832 192.4612611681223 12.14781366288662 1.160924717783928 0.9027021527290344 0 0 0 0.50429917126894 51.80795571208 92.36080487072468 3.855213806033134 4.632996648550034 12.09965338557959 1.512268453836441 0 0.4307712763547897 1.050320029258728
110.7112914100289 404.2687056288123 177.6227962970734 1850.509965643287 1.255062147974968 140.9256640300155 1476.993331536651 163.7748136259615 7457.941099993885 896.7271837070584 10.30097908899188 420.3961101770401 30.34863312169909 142.150021776557 229.8842536062002 1811.510462641716 37.5214384868741 2.088133968412876 2.57281918078661 486.8198955059052 814.6246640011668 6657.401933468878 892.505881972611 9727.924382444471 107.5944964215159 139.00390855968 1825.996506936848 12865.77484583855 820.2675336226821 478.8258102461696 5.393885254859924 2.761251460760832 196.1291716769338 411.4188045412302 77.30009799450636 2309.100113704801 190.3063102811575 667.1494453474879 434.4625737518072 227.0807664468884 28.60497567802668 4.201395407319069 21.6747976616025 14.79672663658857 20.5183352008462 59.35476235672832 71.06828711926937 0.6816030144691467 123.5582299791276 524.201389208436 42.20731121301651 1665.726915962994 208.2987661324441 1.835159979760647 132.4895972535014 1.213022872805595 38.94877773523331 16.68065543472767 560.5738216862082 13.12093464285135 0.105193518102169 0.5660194158554077 64.93987786024809 108.6993425711989 292.0822076648474 42.15418566018343 5589.362729616463 0.0793798565864563 30.07930186390877 104.6966297179461 1931.398512654006 76.01947415620089 109.7582500949502 0.2557209432125092 0.5571891218423843 14.70658274367452 84.12640153244138 17.95706214755774 605.6577755473554 15.83719382435083 181.1061432100832 119.0861266031861 120.614939391613 10.9848658144474 0.3921278640627861 8.380116268992424
0.1684931963682175 761.8263336122036 0.1567074805498123 0 1.29937682300806 5.511710241436958 3.37012442946434 2.940846987068653 76.83891548216343 1.666751816868782 1357.749921873212 0.2471867799758911 4242.543554581702 1.945904940366745 0.2044018283486366 21.27292722463608 0.6547392308712006 26.50705892592669 2.609662659466267 0 5.130556404590607 782.8035644814372 2.09174981713295 107.5944964215159 1321.498153731227 472.9996383413672 2215.531180851161 4.923745684325695 7.117988683283329 0.4028511121869087 339.8054099753499 3.853373534977436 0.1171345114707947 760.8075775653124 14.04242756962776 85.97544714808464 737.4984404668212 468.4952600374818 57.57117354869843 16.59265375137329 60.46086700260639 633.3102351129055 11.94195812940598 0 24.2791545689106 0 0 0 0.07920461148023605 0.07705763727426529 0.1936311945319176 0 0 150.6486139073968 0 686.9144490733743 0.1508632004261017 0 0.09033576399087906 0.0762600302696228 11.58969616889954 0.8272386342287064 0 0 9.832549586892128 0.0899021178483963 0.7809948325157166 125.8272227495909 128.9857087731361 168.3308479562402 0 0.4727105349302292 0 127.1376406252384 0.7235288470983505 0 2.206090711057186 2.693627081811428 6.534007497131824 102.2453700378537 5.568117745220661 0.0931798443198204 0 1.420955181121826 29.79658798128366 1.526799917221069
74.03908074274659 890.9085587188601 7586.31449521333 3.09592792019248 4.291646242141724 51.55345620214939 116.4107765965164 146.3927653096616 63.2909073010087 31.43135760352015 2445.233144499362 9.399538896977901 531.0835903920233 171.8205664120615 4.407840192317963 73.16603175550699 1522.38611920923 1569.941322676837 4010.691993191838 2.900261413305998 82.15212532132864 375.7712256610394 1692.82908173278 139.00390855968 472.9996383413672 26061.73105113208 13846.53729239851 52.05345069989562 227.708277285099 402.9092241227627 942.5128646269441 50.24920870736241 14.1522263251245 973.7822176069021 24.05721831321716 2066.155231937766 5387.340539991856 3114.014874048531 1307.19532879442 70.49458988010883 13.95448213070631 61.48905676603317 9.555549323558807 0.07991758733987808 616.3540192171931 55.74302762001753 0 0 0.1319752633571625 0.08395019173622131 0.08819840103387833 1.204412490129471 0 113.667279548943 0.06656226515769958 441.6255807653069 0.1553461477160454 0 5.780971847474575 17.93424625694752 50.09040869027376 23.10832557827234 0 0.5293153002858162 8.270630814135075 1.182331599295139 3.380890265107155 177.6760254427791 1682.748884662986 3404.876592375338 1.212155386805534 0.4200626835227013 0.5341223478317261 278.5871003121138 0.334778681397438 0 4.366798043251038 9.570913806557655 19.88447236269712 307.9438721016049 17.2607489824295 9.121024109423161 0 0.3392159938812256 3.9744773209095 0
55.52314700186253 6443.306391075253 8043.241749547422 1.656350642442703 0.6262228488922119 17.08974669873714 197.2261825278401 69.95997135713696 148.1179142892361 26.28819706663489 738.1241282969713 3.43100780621171 2145.22907692194 98.62189654260874 2.290681436657906 2989.647856764495 7003.926642015576 314.6788773983717 880.5543937981129 1.440410628914833 666.214660346508 2886.853218145669 6057.347371816635 1825.996506936848 2215.531180851161 13846.53729239851 22638.72423865646 921.6376495473087 195.8177662603557 393.4729292243719 1359.084103364497 12.53533741831779 21.36964223533869 3948.847675472498 167.5756575912237 5623.774206645787 4967.358212612569 7790.48972703889 3187.329929202795 304.3302513584495 28.39835506677628 21.69379065930843 41.27237745374441 0.2566278129816055 2862.561539746821 1448.89121260494 0.4003125578165054 0 0.3874184563755989 8.545519687235355 0.9723028764128685 7.659310564398766 0.3871367797255516 84.74047993123531 0 296.9479602128267 0.921481192111969 0 884.4741511493921 87.15322632342577 43.46980368345976 51.67814721912146 0.09400714188814163 14.64037299901247 927.965537711978 683.3793941736221 37.53401140868664 164.8245894983411 2551.895275324583 11440.69646942616 26.32751327008009 2.197990030050278 2.110373511910439 244.0518665164709 0 0.1185383945703506 15.27891750633717 33.03278198838234 97.79596254974604 813.0693791210651 43.30289445072412 32.2482857182622 0.9085270762443542 0.7359370291233063 3.95060034096241 0.2927724570035934
233.4796267971396 15.06796923279762 384.8037819750607 2175.18687377125 0 400.0177785158157 16662.68413563445 447.7258417569101 363.8105941265821 3145.70444566384 5.689916618168354 54.83400266617537 1.704446163028479 436.159803327173 8.366161778569221 1180.478782773018 30.31226099282503 2.659703034907579 3.127311922609806 1741.225811190903 3887.103978678584 232.0852099657059 2094.927662573755 12865.77484583855 4.923745684325695 52.05345069989562 921.6376495473087 24634.55782879144 1384.352490063757 7069.756098587066 0.5136795565485954 5.974502801895142 513.1695778444409 971.1797068417072 137.1831251233816 3179.175611197948 219.3451216444373 1429.876035358757 822.700017683208 175.9384147822857 52.4523950740695 2.35328109562397 31.20985508710146 2.605045653879642 2.491767801344395 16.81112678349018 22.63878456503153 0.1374250799417496 25.45326872169971 120.5476589202881 8.723539471626282 185.1165469512343 60.56244181841612 0.4839972406625748 14.09560377150774 0 7.198932662606239 0.6617726981639862 110.4065240547061 2.597759045660496 0.1547033339738846 0 14.45539072155952 20.68340912461281 43.53636498004198 6.387026563286781 1000.649649076164 0 8.203213140368462 27.49871163070202 398.5271055847406 18.31793072074652 22.76759396493435 0 0.0792350172996521 4.781693004071712 22.33726035803556 18.6085854023695 146.8536161854863 5.095712214708328 41.00981542468071 30.74978621304035 14.4435905367136 1.649337902665138 0.09967237710952759 0.5501086264848709
5197.354939494282 2.133354999125004 335.1742782555521 50.74058445543051 3.37056066095829 1192.110411304981 1113.956589307636 1417.637332513928 15.99924189597368 1040.375300712883 521.200357362628 344.5165981315076 35.93808121979237 7288.35610402748 118.7896397709846 52.42992648482323 531.9825773537159 107.695420332253 74.67773239687085 119.6778101362288 226.1124036759138 22.67041113972664 252.0663006789982 820.2675336226821 7.117988683283329 227.708277285099 195.8177662603557 1384.352490063757 19636.41951519996 3599.218415267766 12.93063953146338 182.0022773705423 3352.25612770766 3896.780759207904 23.7110001295805 875.8053445853293 184.3531121499836 2866.587759405375 299.3018281720579 714.4882193394005 309.7902204543352 33.711421020329 7.585418477654457 0.2696559131145477 0.6235361322760582 2.19641787558794 0.3896980956196785 0 0.5026149973273277 8.814968980848789 0.1134151369333267 23.73236499726772 0.976773239672184 0.7267905920743942 1.134626187384129 0.8446515426039696 0.6430369317531586 0 28.5123640820384 0.5865688174962997 0 0 0 8.56760235875845 17.00584046170115 2.137993104755878 73.59132381156087 0 0.6857519447803497 10.3632657378912 27.71858827769756 3.124101772904396 3.409190267324448 0.2116649448871613 0 0.6417792141437531 0.9349442198872566 0.7915797531604767 25.39899491518736 2.182831414043903 5.810340024530888 5.827827982604504 0.9884956479072571 0.6259828433394432 2.396850168704987 0
4874.21574825421 5.593809634447098 1921.532603580505 2.958182156085968 0.3353186845779419 33.48835538700223 6004.787193216383 919.2203015498817 35.72361738979816 65.43243347108364 16.074701923877 4.959047123789787 0.3428921289741993 2196.780859537423 1.800445772707462 42.84322544187307 2159.257819890976 7.198326863348484 24.37889379262924 3.147789753973484 15220.51449778304 47.12433860450983 4994.423362631351 478.8258102461696 0.4028511121869087 402.9092241227627 393.4729292243719 7069.756098587066 3599.218415267766 17095.67164583504 0.1287857592105865 5.442218456417322 899.5503335520625 3580.608082506806 129.1362813562155 2610.717521287501 185.733887091279 2207.047446936369 908.0079222768545 137.6777447685599 12.86986776441336 0.63349599391222 26.29427944868803 1.946150720119476 2.11669085919857 15.9067457318306 0 0 0.3895449489355087 11.953822247684 1.516868866980076 85.29442273825407 0.1791979521512985 0 0 0 2.085485935211182 0 91.3924767524004 1.297609202563763 0 0.10200434923172 0 15.54654593765736 59.71188838034868 8.011257722973824 95.34371814131737 0 4.821494370698929 17.67133335769176 44.46312613040209 3.16932287812233 11.37786989659071 0 0 0.7795283496379852 6.204707249999046 19.45711725950241 79.66791746765375 0.7428974658250809 13.88509481400251 8.103101156651974 1.237266778945923 0.6688849031925201 0.1368609964847565 0
