392.6634278893471 0.1068515181541443 243.9618701413274 3.520384825766087 0 22.7058788985014 5264.037114568055 1261.693360760808 0.4743256717920303 24.48548327386379 24.29796001315117 1.608126766979694 2.588386557996273 4761.797874175012 0 0.5449826866388321 309.6699618175626 4.51826311647892 43.82527680695057 2.697537407279015 44.37940093874931 0.3115924596786499 312.3547873795033 6.46992402523756 0.5924743264913559 145.9131197407842 46.37507636845112 28.81066670268774 4123.872372843325 1846.158258199692 1.728152863681316 3.389050468802452 23.40302021056414 292.4431023970246 0.2807171046733856 17.62800348550081 3.23858156055212 85.52485021948814 7.345422394573689 0.2914008349180222 1.575091324746609 1.021839380264282 0 0 0.252524621784687 1.584495507180691 0 0 0 0 0 0 0 0 0 0.3161019384860992 0 0 0.2809055224061012 0.1920474320650101 0 0.9509590193629265 0 0 0.1344539374113083 0.1259091645479202 0.789819598197937 0 2.799125924706459 3.403688490390778 0.8617648556828499 0.07789704948663712 0 0 0 0 0 0 0.6400205418467522 0 0.2921891063451767 0 0 0 0 0
0.1068515181541443 163.3991527631879 54.62494664639235 0.3548053801059723 0.2975463569164276 0.9126573950052261 3.284037299454212 0.7526305317878723 482.6896381005645 1.409506723284721 160.4675617516041 5.443749308586121 1144.260155752301 0.479847326874733 8.959828272461891 223.1104195415974 32.59401002526283 21.03201602399349 34.61364530026913 0.8808852285146713 2.424417600035667 2558.553253687918 15.05297355353832 915.4941817075014 1365.071026876569 570.176311634481 7789.842459760606 25.59900672733784 1.459077775478363 0.9154010862112045 27.75438646972179 0 0 48.55202237516642 0.7774408310651779 54.0390322804451 83.96738369017839 94.59919238835573 29.42014791816473 4.513295978307724 0 15.27537789940834 0.2755449712276459 0 64.94928432255983 19.85222318768501 0 0 0 0.2543142735958099 0 1.485975824296474 0 0.3318632543087006 0 20.77945470809937 0 0 4.489636071026325 13.12525255978107 2.36952731013298 5.338047787547112 0 0.6272441074252129 23.24623048305511 3.465147264301777 9.425979815423489 22.72313760221004 45.05334471166134 231.5532197132707 6.549423761665821 0.5977930352091789 0.3597532287240028 2.82749991863966 0 0 1.234073773026466 0 7.0165034532547 2.174525320529938 11.05121165513992 2.491171255707741 0.2358416020870209 0 0.5387815833091736 0
243.9618701413274 54.62494664639235 8526.945371128619 18.43699369579554 0.7955874353647232 489.9126186296344 2249.474159799516 1358.26669947803 3.166398547589779 139.8093865662813 34.84717018157244 6.337215453386307 10.10114272683859 1071.0913772434 0.7855022773146629 35.79127556085587 4582.393641799688 14.70665260404348 125.3423931896687 5.715532600879669 753.4568733796477 6.211292609572411 13839.27247695625 81.34801399707794 4.095329634845257 5057.547218859196 11283.10776613653 1033.269962713122 308.0682196766138 940.4651187062263 2.214987240731716 7.974754177033901 8.061801068484783 851.3421577960253 32.81605498492718 1627.819446980953 1627.973029464483 2212.26565207541 689.668215803802 46.66159269958735 9.539747096598148 2.401556983590126 9.039778962731361 0.5178068876266479 149.2990491837263 2200.628210216761 0 0 0.3445303440093994 11.53412535041571 0.9302981272339821 3.436038888990879 0.2995421439409256 2.86536480486393 0 1.33451746404171 1.774813950061798 0 47.56185753643513 473.3559233099222 4.992516301572323 103.9718045219779 0 13.56271061301231 86.78196448087692 234.1897472292185 41.80984126776457 2.271108657121658 867.2544633150101 3879.223895259202 18.07613725215197 0.8154715448617935 2.828088909387589 0.4334488809108734 0 0.3660030514001846 56.7828972786665 8.432923272252083 312.9529291242361 39.68218347430229 195.8760521262884 90.65534210205078 11.32976193726063 0 1.348112732172012 2.076333105564117
3.520384825766087 0.3548053801059723 18.43699369579554 2397.511553242803 0.436974048614502 129.4073831215501 54.38425060361624 117.1821036636829 688.461708471179 3409.316030293703 10.46947607398033 2929.889766946435 6.225756384432316 76.37230326235294 53.7049026787281 0.1974744498729706 3.914480052888393 1.015398412942886 2.037257507443428 3535.481002151966 1.82844402641058 0.7431228458881378 9.97000590711832 1063.035856805742 0.7335975542664528 11.18171968311071 4.787054553627968 6314.269673347473 195.4826128408313 0.6417899504303932 0.9422509148716927 2.390054285526276 10.40448816120625 97.42774910479784 7.330933332443237 242.6910293102264 3.003811299800873 252.6513604670763 104.6699027940631 134.1574919372797 21.11982240527868 0.2900590002536774 3.10173436999321 0.2200994938611984 0.3418230786919594 0.1661072969436646 129.5538166239858 0 8.909427560865879 57.24349420517683 4.189630158245564 140.1125052124262 77.31487593054771 1.57209225744009 245.3101750761271 0.1445196270942688 3.087123185396194 5.559571012854576 0 0.2642375603318214 0.6110527440905571 0.1278144121170044 171.2062440812588 0.3548419326543808 0.3549311310052872 0 472.4754161387682 0.1256269365549088 0.6766902357339859 0.9853409454226494 422.7755618989468 7.125597462058067 1.135297387838364 0 0.1081162914633751 0.5904319658875465 7.229888178408146 0 19.53432593494654 0 5.300242125988007 0.5269767642021179 37.48702873289585 0.1424247473478317 0.1969368159770966 0
0 0.2975463569164276 0.7955874353647232 0.436974048614502 4.513668060302734 295.4954703971744 5.39162789285183 14.63824027776718 13.90282547473907 5.65417142957449 1.120537161827087 33.79484164714813 1.5873202085495 1.996158517897129 660.3173698857427 0 0.0847897008061409 0 0 2.323531068861485 0 0.1818856745958328 0.3635190203785896 7.757875591516495 0 0.1773070320487022 0.3025895655155182 1.669329792261124 53.70919800549746 0 0 199.1945150494576 0.08199892193078995 46.47258090227842 0 5.308708257973194 0.1004925742745399 24.91588912904263 0 234.700403906405 93.03142827749252 0 0.6374732851982117 0 0 0 0.3267609477043152 0 0 0 0 0 0 0 0 0 0 0 0.08624772727489471 0 0 0 0 0 0 0 0.4831365421414375 0 0 0 0.4716804027557373 0 0 0 0 0 0 0 0.1503859907388687 0 0 0 0 0 0 0
22.7058788985014 0.9126573950052261 489.9126186296344 129.4073831215501 295.4954703971744 15932.45473153144 5534.699838921428 9130.335144877434 77.39857020229101 13401.27047564834 124.0447429940104 5959.618265174329 115.0336940214038 1435.383911058307 712.1503309831023 1.177844502031803 110.1315427497029 12.62719651311636 21.88863985240459 234.3417945057154 44.25609598308802 0 285.1290033832192 71.46683529764414 7.327013276517391 208.3108112812042 53.48165608942509 2338.470908120275 837.9685203880072 38.16501422226429 13.96318242698908 1120.467880174518 14.72261255979538 736.8493387326598 4.057706460356712 125.4233015552163 23.9483265131712 401.0639126077294 102.2559990361333 1559.795999854803 123.7913706302643 21.45408552139997 3.917210437357426 0 0.09528163075447083 1.24036331474781 4.184390336275101 0 0 2.333874389529228 0 3.883348286151886 2.565205544233322 0.4652297496795654 12.3493237644434 7.552383534610271 0 1.911287814378738 1.197609052062035 0.7602863535284996 0.108648307621479 0.5432506203651428 5.357570454478264 0.2511858195066452 1.175619162619114 1.615835882723331 19.36839054524899 1.497052453458309 2.347275115549564 8.507945112884045 24.34259604662657 0.9876180961728096 0.4504558891057968 1.540007203817368 0 0.09769216924905777 0.1127150356769562 0 3.911866240203381 0.2556446865200996 1.500317849218845 0.09292802214622498 16.17328768968582 0 1.279897212982178 0
5264.037114568055 3.284037299454212 2249.474159799516 54.38425060361624 5.39162789285183 5534.699838921428 18101.75757221878 5119.405071102083 41.76958817988634 5435.58498083055 57.97252324968576 250.2592763751745 29.89834948629141 9021.380304403603 19.22638196498156 23.68453705310822 556.4827610179782 11.95359848439693 52.66462726145983 76.33913338184357 693.294821664691 15.87757290899754 3021.77350255847 1892.99243799597 2.727976948022842 532.3568083718419 219.4138070419431 23512.87110581994 3800.196665793657 11674.18959976733 6.290533840656281 29.3255443200469 190.7241646423936 728.6504593864083 42.37028121948242 1644.491523079574 59.34173455089331 1250.121865518391 529.2368660271168 86.21440747380257 51.7244206815958 2.330364659428596 18.35579346120358 0.120255134999752 3.275713860988617 24.90132037550211 20.57748648524284 0 0.6092731207609177 124.6161099076271 2.442012146115303 17.58069688826799 16.23817355185747 3.752554848790169 2.734221369028091 1.301079839468002 8.058286130428314 1.773363724350929 28.1564419567585 5.204961702227592 0.1151894629001617 2.330818668007851 11.50509355962276 7.023912400007248 10.95021886378527 29.1671070381999 584.3781873658299 1.058046288788319 10.08896812796593 96.81355477869511 618.5514345467091 37.72424237430096 10.28379697352648 0 0.1026034280657768 7.059412755072117 18.88435171544552 1.733895421028137 220.4534581378102 1.536472246050835 73.37286811321974 18.98434080928564 11.80174897611141 1.348468452692032 0.4693135321140289 3.189959689974785
1261.693360760808 0.7526305317878723 1358.26669947803 117.1821036636829 14.63824027776718 9130.335144877434 5119.405071102083 11415.36048729718 1.413678824901581 3671.660520732403 81.87387937307358 1464.073235526681 23.92801135778427 8484.549227401614 161.0247654616833 1.497814454138279 879.448093675077 9.465919584035873 125.1140889450908 317.2752271145582 110.0697582960129 0.3300140425562859 962.3346189931035 47.23776402324438 2.110920153558254 784.0854031890631 177.0537183880806 553.343541406095 906.3681176304817 585.7049337998033 3.58514092862606 560.9873588234186 8.435215309262276 915.2241384461522 4.373638652265072 93.84145020693541 13.28472618758678 228.071921736002 43.13668332993984 514.4481764063239 29.27902586013079 11.73126691579819 1.728344514966011 0 0.4276474565267563 2.948053605854511 0.2221655175089836 0 0 0.1231664791703224 0 0 0 0.1153201684355736 0.4924501478672028 1.755350954830647 0 0 0.6420809254050255 1.656373217701912 0.09815268218517303 1.432196237146854 0 0 0.4617246091365814 1.273591503500938 8.034609541296959 0 8.276943974196911 15.26652482151985 8.933242462575436 1.213196568191051 0.4529276341199875 0.3085806965827942 0 0 0.1256422698497772 0 3.7880479991436 0.3055199533700943 2.433627553284168 0.4855249673128128 0 0 0.5909463763237 0
0.4743256717920303 482.6896381005645 3.166398547589779 688.461708471179 13.90282547473907 77.39857020229101 41.76958817988634 1.413678824901581 1560.036392882466 139.9199358671904 13.42666235566139 723.2669074088335 60.21251209825277 0.8162558227777481 1176.90993258357 21.58858644962311 13.07602193206549 4.483358286321163 9.191963881254196 1032.793233782053 2.874533146619797 2304.915507555008 5.820001468062401 11391.12971644849 148.4605224728584 151.1987252905965 1546.7526486516 1131.765532195568 28.37929367274046 17.63067236542702 6.848863452672958 2.441847145557404 12.72069027274847 25.44623214006424 3.665738984942436 349.484830327332 29.05741397291422 64.30437751114368 26.49815140664577 521.8374329209328 1.95819953083992 1.737409859895706 1.178785800933838 0.4732717871665955 149.7684352099895 21.63364847004414 120.794583722949 0 3.20211573690176 66.23405968397856 1.448148965835571 47.09971654415131 53.74891197681427 0.3200890570878983 38.8356516957283 1.944205202162266 7.630904495716095 13.40189078450203 140.5031041577458 7.430411279201508 0.888377420604229 4.886350460350513 62.77947476506233 20.69543784856796 204.5683804452419 25.54887315630913 2359.027380615473 5.216558679938316 15.54884388297796 218.9288476705551 863.6132276281714 69.43047293275595 35.66421847045422 0.8012968301773071 0 12.50715569406748 24.83732077479362 0.7083325982093811 217.7688775360584 5.020548403263092 74.01395446807146 22.25605603307486 28.12477467209101 1.268056139349937 0 0.3335280418395996
24.48548327386379 1.409506723284721 139.8093865662813 3409.316030293703 5.65417142957449 13401.27047564834 5435.58498083055 3671.660520732403 139.9199358671904 21566.47414939851 166.436188146472 6474.796966418624 69.55581843852997 1717.620042830706 30.87463665753603 0.5808761417865753 26.58965723961592 26.90156952291727 29.92678505927324 3013.25773063302 10.1815452426672 0.5028283596038818 88.50276210159063 292.1957942470908 8.593327760696411 87.14958047866821 58.42892609536648 2053.455975458026 1506.071989171207 10.53700915724039 18.31712668389082 61.12914779037237 29.09270261228085 1028.507778525352 45.38002090156078 1345.185602337122 37.16710538417101 2140.581106647849 591.1352858841419 216.4522459656 214.0185488164425 6.29999615252018 41.00246530026197 0 0.2840902656316757 0.7518421187996864 49.05276462435722 0 2.511038720607758 39.34452175348997 0.478819839656353 69.1847320497036 34.08948408067226 0.2762044593691826 24.95555400848389 5.547343298792839 1.325015000998974 3.542149126529694 0.8589218705892563 0.4152528494596481 0.3825139552354813 0.2128172591328621 25.15577471256256 0 1.013892635703087 0.5668288469314575 280.5459547191858 1.066228412091732 2.645150974392891 7.782675720751286 220.4079409316182 4.896858975291252 1.112465098500252 0.9201328381896019 0 0.2521759867668152 0.6396883353590965 0 16.7729174643755 0.9450820088386536 7.621519930660725 1.393325090408325 15.31280508637428 0 1.125287301838398 0
24.29796001315117 160.4675617516041 34.84717018157244 10.46947607398033 1.120537161827087 124.0447429940104 57.97252324968576 81.87387937307358 13.42666235566139 166.436188146472 8196.622589632869 230.0941320881248 3874.849725954235 153.2882011756301 1.702921018004417 3.618446983397007 788.7399997785687 2804.17196572572 2339.058569945395 43.73468060791492 37.8949378952384 28.85471230000257 52.46340717375278 24.54708076268435 1422.042461037636 2188.508815281093 2133.688580743968 47.49076137691736 248.2077921852469 53.33857172727585 1357.981671929359 22.91793665289879 13.92340794205666 5582.593740031123 21.97546057403088 1097.19831687957 6375.630710035563 6000.028163172305 1819.711994744837 57.53434105962515 12.83469818532467 1154.120089113712 19.20096699893475 0 34.43710725754499 1.574562504887581 0 0 0 1.190624728798866 0.7493482828140259 0.1826980710029602 0.5844105780124664 216.8809781372547 0.3152649402618408 2253.654414482415 0.3698839843273163 0 0.1090948730707169 2.743106722831726 104.4268264323473 14.94494564831257 0 0 1.955236807465553 0.1076278015971184 5.09265274554491 354.2852241694927 435.379146553576 607.7540088966489 3.78591250628233 0 0 262.3051650002599 0 0 5.001940339803696 3.657313242554665 16.52163153886795 261.6076556742191 30.84561002254486 9.044329464435577 0.6424740850925446 0 73.3117983341217 0
1.608126766979694 5.443749308586121 6.337215453386307 2929.889766946435 33.79484164714813 5959.618265174329 250.2592763751745 1464.073235526681 723.2669074088335 6474.796966418624 230.0941320881248 13688.94788980484 97.57742018997669 474.1900367066264 1119.482830189168 0 6.332757920026779 26.82116854190826 23.83216306567192 8339.386339560151 1.059955880045891 6.720151141285896 3.449249513447285 1146.126934662461 14.42845500260592 52.84633199125528 62.85065859556198 1480.144715942442 889.7896212115884 1.614386305212975 21.62390974909067 169.9141913056374 1.040497392416 1165.827405422926 4.856227234005928 357.3293627947569 27.68888560682535 1006.964839041233 139.1670304462314 1956.721386358142 121.2799377590418 13.80998273193836 8.301597975194454 0 0.2872900068759918 0.2160536646842957 58.28307653963566 0 3.685323737561703 7.064638406038284 0.2083602547645569 91.63921441137791 44.31733317673206 1.451290667057037 343.985946431756 10.21499215066433 0.925012432038784 24.33123022317886 0.3387083560228348 0.1158782690763474 1.399815879762173 0.1347301751375198 101.8452427387238 0.1437215507030487 0.6702959090471268 0.1230798363685608 143.597126789391 1.855881981551647 2.87457463145256 4.90273280441761 122.3836349323392 1.515509285032749 0.1212964653968811 2.795941315591335 0.1111019924283028 0 0.8776000365614891 0 18.54131577908993 0.1954249888658524 1.818481050431728 0.6687613949179649 58.1432686150074 0 1.101925492286682 0
2.588386557996273 1144.260155752301 10.10114272683859 6.225756384432316 1.5873202085495 115.0336940214038 29.89834948629141 23.92801135778427 60.21251209825277 69.55581843852997 3874.849725954235 97.57742018997669 4191.289429731667 24.41344835609198 10.48092474043369 7.350019305944443 11.04080726951361 14.42985149472952 16.66511913388968 16.81584688276052 8.137980706989765 150.966456823051 23.67265567183495 55.93905697762966 4365.784418568015 124.8031177669764 2463.525442220271 43.92235894501209 46.11434529721737 8.737193569540977 645.6575777679682 59.28459795564413 0.3399595245718956 1361.500010848045 111.991765871644 2971.300681374967 6224.459139935672 5384.149848647416 2057.377241969109 318.8553652688861 82.93286129832268 1732.254512503743 80.67789793014526 0 96.50749656558037 0.8204783946275711 2.793495699763298 0 0.324971430003643 1.206167437136173 1.400642216205597 0.4431313276290894 0 437.8668816387653 0.4842186942696571 3688.111201629043 0 0 0 1.326519370079041 53.58375354856253 7.139007084071636 0.2770296335220337 0.655794084072113 7.686703100800514 0.3093711733818054 4.35195504128933 833.6811056286097 281.4368135407567 562.4072167053819 3.293755583465099 0.7499797865748405 0 201.623445533216 0.9875643253326416 0 2.245627403259277 16.32547427713871 422.6329051628709 843.5137750357389 88.07694096118212 49.10659795254469 17.85445415973663 16.17007979750633 460.9329147040844 9.528203010559082
4761.797874175012 0.479847326874733 1071.0913772434 76.37230326235294 1.996158517897129 1435.383911058307 9021.380304403603 8484.549227401614 0.8162558227777481 1717.620042830706 153.2882011756301 474.1900367066264 24.41344835609198 10666.78098649532 47.68530639261007 2.047619290649891 929.1316043511033 18.49031892418861 143.5794957354665 136.041703902185 116.3843330070376 0.978401742875576 970.1503083631396 71.1596597880125 5.351388961076736 652.3648133426905 194.2154656872153 509.553996860981 5390.506966888905 1188.792894378304 11.20097782462835 293.7538523152471 14.02818021923304 1721.606602780521 5.070681884884834 136.294056199491 20.43907472491264 364.0809998735785 35.87126123905182 64.1304495036602 24.11666329205036 6.108016468584538 2.665333479642868 0 1.113468125462532 1.016090340912342 0 0 0 0.4530077278614044 0 0 0 0.2121506184339523 0.2655659541487694 3.684484928846359 0 0 0 0.7161687165498734 0.6711958348751068 0.923013910651207 0.1196596845984459 0 0.6815421581268311 1.670781917870045 5.398924671113491 0.8273932337760925 7.408368811011314 15.98889522999525 9.662523828446865 0.2010426297783852 0 1.06126756966114 0 0 0.2626537531614304 1.699267387390137 6.521350786089897 0.4154198989272118 1.590364173054695 0.5038149207830429 0.5132278203964233 0 0 0
0 8.959828272461891 0.7855022773146629 53.7049026787281 660.3173698857427 712.1503309831023 19.22638196498156 161.0247654616833 1176.90993258357 30.87463665753603 1.702921018004417 1119.482830189168 10.48092474043369 47.68530639261007 539.1386566460133 0 0.912995845079422 0 0.3025785684585571 159.9445227012038 0 25.06934175640345 0.09539231657981873 974.8767044320703 1.444028288125992 2.334435410797596 34.65129512548447 59.50452125072479 65.84182437509298 0.1957651525735855 0.2828029543161392 1244.503807462752 0 99.68115347623825 0 169.5096455663443 0.9253522157669067 16.0265935510397 6.708803623914719 1168.67354311049 61.49311140179634 0.3132577538490295 0 0 1.370098859071732 0.8428561389446259 16.48602484166622 0 2.396547019481659 0.8987453579902649 0 33.03139950335026 12.70157235860825 0.2377978414297104 23.93457324802876 0 0 7.479379117488861 2.723554313182831 0 0 0.1447790116071701 13.20893919467926 1.21424500644207 1.562680453062057 0.173572301864624 55.53183063864708 0 0 2.168328061699867 40.23138719797134 0.9064642488956451 0.3575200438499451 0 0 0.2433122172951698 0.238169327378273 0 13.05388143658638 0 1.195204295217991 0.3205699697136879 46.70121613144875 0.1369146704673767 0 0
0.5449826866388321 223.1104195415974 35.79127556085587 0.1974744498729706 0 1.177844502031803 23.68453705310822 1.497814454138279 21.58858644962311 0.5808761417865753 3.618446983397007 0 7.350019305944443 2.047619290649891 0 4464.44911133498 91.84449210762978 2.320039212703705 7.987264834344387 0 3414.210597500205 2939.137377977371 5222.180261991918 1852.880394972861 10.67274635285139 21.46777732670307 7074.676615819335 2781.479443579912 4.863554321229458 434.0008845627308 0.9175164848566055 0 1.399477489292622 166.1274807676673 39.36000880599022 3541.115421548486 846.1554243117571 1175.51186068356 1496.836933135986 66.18374969065189 2.222615048289299 2.916118592023849 27.6841111779213 0.1176624074578285 39.09168539941311 203.5543637275696 0 0 0.1223245486617088 18.94525465369225 3.042680099606514 7.821121878921986 1.582723528146744 1.23960018157959 0 0.4154413640499115 2.298660084605217 0 6176.72670096904 35.81971467286348 0.8896477371454239 6.132080264389515 0 604.4309410601854 1301.847289554775 2629.486879691482 195.6899882555008 1.181706309318542 35.14349059760571 1338.392322212458 340.1603625938296 2.009784609079361 150.5420309454203 0.1560175567865372 0 0.2599034756422043 19.71381626278162 4.127727434039116 382.3444212898612 33.74359264969826 102.9819780960679 32.35040310025215 9.362946331501007 1.259247928857803 0.4921245872974396 2.33284355700016
309.6699618175626 32.59401002526283 4582.393641799688 3.914480052888393 0.0847897008061409 110.1315427497029 556.4827610179782 879.448093675077 13.07602193206549 26.58965723961592 788.7399997785687 6.332757920026779 11.04080726951361 929.1316043511033 0.912995845079422 91.84449210762978 1146.17959445715 366.6424231976271 1603.724310800433 1.395197182893753 1342.975540295243 43.40681380778551 2698.888135455549 98.76434975117445 7.29554295539856 7278.879232950509 8145.725452236831 283.5591654032469 1267.270973846316 1631.2502540797 3.463508129119873 4.459817565977573 74.23025679588318 3897.297066219151 15.13761311769485 1201.929984353483 1027.019050113857 2543.485484957695 933.2236485332251 30.56233917921782 4.876252450048923 0.3895461335778236 7.683933019638062 0 40.20124018192291 105.1976826786995 0 0 0 1.589670315384865 0.211450420320034 0.6364903599023819 0 2.350204437971115 0 9.578270889818668 0.08710091561079025 0 8.833246648311615 100.3926267102361 12.95548623800278 104.1883514076471 0 2.541017904877663 5.137529939413071 9.749051496386528 5.029132202267647 4.471429064869881 429.2639476656914 561.7762904763222 7.08272447437048 0.3240606412291527 1.492673620581627 5.555998936295509 0 0 11.52772963792086 0.8948555290699005 42.79076049476862 23.02455778419971 36.03274945169687 16.07047010213137 0.757236160337925 0 0.4124142229557037 0
4.51826311647892 21.03201602399349 14.70665260404348 1.015398412942886 0 12.62719651311636 11.95359848439693 9.465919584035873 4.483358286321163 26.90156952291727 2804.17196572572 26.82116854190826 14.42985149472952 18.49031892418861 0 2.320039212703705 366.6424231976271 129.4632138162851 1292.944793283939 5.890005581080914 7.266656495630741 7.707831896841526 16.9448774382472 5.024376288056374 63.53088237345219 1446.49891487509 288.0519858673215 9.974301286041737 32.2848265171051 11.3311136290431 16.41121921688318 0.3714489638805389 1.364979788661003 541.1577530354261 2.689765498042107 299.3127600848675 906.7536482065916 986.022391654551 419.3108128681779 4.053801693022251 0.597461462020874 2.420364946126938 3.982368230819702 0 8.666900590062141 0.6427111402153969 0 0 0.2761350870132446 0.7821980640292168 0 0.2934693023562431 0.270575150847435 69.5801704376936 0.1175439804792404 538.9476906955242 0 0 0 4.565990895032883 140.5872743800282 30.89632392674685 0 0 0.2939145565032959 0 0.3985937982797623 55.83959190547466 476.2602602168918 491.2874163240194 0.1188312694430351 0.1980165243148804 0.1315168738365173 155.3629734665155 0 0 2.625662878155708 2.194005966186523 8.860434353351593 31.04338034242392 20.34107407927513 3.528832972049713 0.4737782031297684 0 0.7371547222137451 0
43.82527680695057 34.61364530026913 125.3423931896687 2.037257507443428 0 21.88863985240459 52.66462726145983 125.1140889450908 9.191963881254196 29.92678505927324 2339.058569945395 23.83216306567192 16.66511913388968 143.5794957354665 0.3025785684585571 7.987264834344387 1603.724310800433 1292.944793283939 2140.106096155941 6.123795881867409 94.32167994976044 19.42708245664835 148.7579267993569 17.80962686985731 46.03478886932135 3921.857918053865 979.3091896772385 31.20415277034044 310.5503738597035 134.0606626644731 5.925148278474808 0.5495050624012947 39.15816280245781 3448.624805785716 5.602417200803757 607.4013082683086 886.9066613316536 2315.977973096073 816.9443405792117 5.094617865979671 3.329050727188587 2.785466581583023 4.286877006292343 0 35.94208104163408 7.843570753931999 0 0 0 0.9779377207159996 0.2358304932713509 0.2844403386116028 0.3578796088695526 33.44676597416401 0.3969044238328934 257.4010358601809 0.2794183939695358 0 0.974185399711132 30.71988529711962 155.4633315354586 153.9814013615251 0 0.2556349188089371 2.169170692563057 1.110370256006718 1.301155120134354 45.88226565718651 824.3183389827609 840.182840116322 1.489213280379772 0 0 86.9448190331459 0 0 10.68673530220985 1.060119047760963 17.46139435470104 32.79712082445621 39.85536611825228 9.818673990666866 0.5168222263455391 0 1.746671855449677 0.3151052594184875
2.697537407279015 0.8808852285146713 5.715532600879669 3535.481002151966 2.323531068861485 234.3417945057154 76.33913338184357 317.2752271145582 1032.793233782053 3013.25773063302 43.73468060791492 8339.386339560151 16.81584688276052 136.041703902185 159.9445227012038 0 1.395197182893753 5.890005581080914 6.123795881867409 896.859954982996 0.4466571435332298 1.203595817089081 4.271295420825481 1271.515988729894 3.251091428101063 12.36232677102089 15.32077352702618 5325.878933399916 317.6088402196765 1.007361635565758 5.470212064683437 18.65177026391029 8.421204760670662 280.2872936278582 9.783137924969196 369.0833526328206 10.27179862558842 447.7299523949623 127.806707456708 727.6663454994559 47.99381038546562 1.500265367329121 5.591598346829414 0 0.1104699969291687 0.9136289358139038 109.2283604890108 0 3.022607862949371 40.74363373965025 0.5649660676717758 159.8671457469463 65.27674572169781 0 154.41942897439 1.966888748109341 0.9671016559004784 16.81867526471615 0.3258012384176254 0 0.688946470618248 0.2000569403171539 59.44031615555286 0 0.3800838589668274 0 371.1702562272549 0.271227665245533 1.002522900700569 1.262320622801781 308.5903701260686 4.438698679208755 0.4624164700508118 0.2257801815867424 0.1714767068624496 0.1672418117523193 1.612680919468403 0.6272006630897522 20.18727421015501 0.1994054168462753 1.777560047805309 1.572499230504036 77.25369001924992 0 0 0
44.37940093874931 2.424417600035667 753.4568733796477 1.82844402641058 0 44.25609598308802 693.294821664691 110.0697582960129 2.874533146619797 10.1815452426672 37.8949378952384 1.059955880045891 8.137980706989765 116.3843330070376 0 3414.210597500205 1342.975540295243 7.266656495630741 94.32167994976044 0.4466571435332298 22236.82750220597 57.92446222901344 16448.4511193037 475.6391138583422 0.4199607670307159 93.29113404452801 1460.870438314974 6499.426681749523 203.8423734754324 15985.88471843302 0.479799285531044 0.09421461820602417 48.03881862014532 4596.24990607053 73.05800071358681 6851.044473201036 2323.514274895191 7498.496587716043 4506.558984972537 74.52409169822931 2.658864386379719 4.935866765677929 55.13333044201136 0 1.36153107881546 14.13529147207737 0 0 0 1.308224461972713 0 1.886945173144341 0 0.6163950115442276 0 0 0 0 986.9368248134851 6.169283017516136 0.7111351191997528 1.6907072737813 0 283.7719682008028 54.07674604654312 243.6930706351995 63.71700815111399 0 6.80887995660305 64.95052140206099 145.2125810906291 0.1393501758575439 85.55505014955997 0 0 0.1384518444538116 7.243456549942493 0.4692086279392242 98.75132715702057 3.711035460233688 23.06780363619328 7.098762467503548 0.1622152030467987 1.208030700683594 1.524309486150742 0.7869488000869751
0.3115924596786499 2558.553253687918 6.211292609572411 0.7431228458881378 0.1818856745958328 0 15.87757290899754 0.3300140425562859 2304.915507555008 0.5028283596038818 28.85471230000257 6.720151141285896 150.966456823051 0.978401742875576 25.06934175640345 2939.137377977371 43.40681380778551 7.707831896841526 19.42708245664835 1.203595817089081 57.92446222901344 1805.605900406837 110.61934543401 7376.90589479357 467.0162332728505 259.8314183726907 4453.418394863605 164.9839086830616 2.087984710931778 6.290904946625233 11.66664922237396 0 0.8720282688736916 32.43615588545799 0.3650156855583191 94.58854199200869 35.29717338830233 92.98888793587685 24.61755368113518 11.78734758496284 2.810907766222954 2.18310584127903 0.3412367105484009 0.202118992805481 231.1664711758494 46.92951721698046 0 0 0.09879107773303986 3.480478450655937 0.2001163959503174 31.33450745791197 0.2771849930286407 0.5566463768482208 0 4.189501404762268 0.2721942812204361 0 823.6999633312225 13.66821529716253 1.568052545189857 6.092058122158051 0 101.4269609078765 275.9125092178583 105.9548013955355 190.1131704971194 10.90894435346127 27.49286644160748 385.5862898975611 176.2121700122952 3.314421020448208 35.13645429164171 0.69308852404356 0 0.8253218159079552 9.296826846897602 0 101.916462726891 7.884799122810364 21.98313940316439 6.819642059504986 1.192851811647415 0.628179669380188 0 0.7263147532939911
312.3547873795033 15.05297355353832 13839.27247695625 9.97000590711832 0.3635190203785896 285.1290033832192 3021.77350255847 962.3346189931035 5.820001468062401 88.50276210159063 52.46340717375278 3.449249513447285 23.67265567183495 970.1503083631396 0.09539231657981873 5222.180261991918 2698.888135455549 16.9448774382472 148.7579267993569 4.271295420825481 16448.4511193037 110.61934543401 32607.27445033193 399.4466952085495 1.611802242696285 1888.986938752234 16026.75029668212 5056.266887485981 717.4072016701102 9294.461396582425 1.924404174089432 6.079145602881908 25.77870528399944 2435.872638680041 107.0440542548895 9568.134075328708 3281.967179976404 9556.946971446276 8025.785720877349 319.8050378113985 12.10969576239586 12.96233426034451 97.50844541937113 0.4255189746618271 26.0950765311718 707.2505299448967 0 0 0.1595793664455414 32.66456431895494 3.235070027410984 0.9445005059242249 1.684851787984371 1.053692236542702 0 0.5557502806186676 3.228488884866238 0 2136.625897996128 69.96952430903912 3.046175956726074 11.44283020496368 0 148.4022748097777 375.5574654266238 2146.697595499456 77.87025661766529 0.1275477707386017 52.2470975741744 2646.75082873553 91.22776553034782 2.179974220693111 27.99240988492966 0.2507816255092621 0 0 43.420530423522 6.899331107735634 348.9099725186825 39.80552420765162 153.3561539649963 61.30931760370731 13.90291982889175 2.905226036906242 3.372322224080563 2.229112356901169
6.46992402523756 915.4941817075014 81.34801399707794 1063.035856805742 7.757875591516495 71.46683529764414 1892.99243799597 47.23776402324438 11391.12971644849 292.1957942470908 24.54708076268435 1146.126934662461 55.93905697762966 71.1596597880125 974.8767044320703 1852.880394972861 98.76434975117445 5.024376288056374 17.80962686985731 1271.515988729894 475.6391138583422 7376.90589479357 399.4466952085495 10921.48213553429 125.4383667632937 165.9783751517534 3784.584641069174 9310.050216563046 852.5556794628501 887.6438037827611 3.360649265348911 1.963436365127563 269.7030035927892 594.9969938620925 105.5120724141598 3906.286895781755 160.433161444962 1595.974460572004 818.7467273250222 599.8131771013141 70.84045180678368 9.393093213438988 41.75009399652481 3.568692944943905 78.32802258431911 63.51892518252134 260.2403341308236 0 16.61749238520861 786.8648031130433 17.40577758848667 1022.276845864952 162.119616754353 5.225208200514317 90.55624204128981 3.052103541791439 57.99423767626286 13.66642062366009 1343.790478847921 22.87959390878677 3.817896865308285 8.465254671871662 134.1788658648729 403.6183455809951 345.8059573173523 123.672594204545 8290.758330896497 2.862422332167625 28.32684394717216 301.2920193895698 6312.377597622573 416.678470864892 369.3973488435149 0.5784868821501732 2.990506395697594 65.72623440623283 194.2344424426556 7.354798525571823 1684.973069019616 18.01159396022558 560.6406373158097 151.7733694240451 129.1945786625147 16.72781473398209 5.122031629085541 9.555952616035938
0.5924743264913559 1365.071026876569 4.095329634845257 0.7335975542664528 0 7.327013276517391 2.727976948022842 2.110920153558254 148.4605224728584 8.593327760696411 1422.042461037636 14.42845500260592 4365.784418568015 5.351388961076736 1.444028288125992 10.67274635285139 7.29554295539856 63.53088237345219 46.03478886932135 3.251091428101063 0.4199607670307159 467.0162332728505 1.611802242696285 125.4383667632937 251.8008644580841 470.9024290293455 4080.831711053848 5.684131182730198 6.742073029279709 0.8969544246792793 171.9526803791523 0.8648285269737244 0 390.4575548619032 0 140.3334378898144 1185.677746780217 1123.035691261292 260.1553761586547 5.850751593708992 4.209440767765045 631.7665990889072 13.45192214846611 0 143.9016228541732 0 0 0 0.2986761331558228 0 0.4407296255230904 0.4043913260102272 0 123.3792787492275 0.128973126411438 1637.272946968675 0.2231796234846115 0 0.6048345863819122 3.081866428256035 41.29587875306606 11.9333593249321 0 0.2402940168976784 10.58520942926407 0.1154874637722969 0.9820928201079369 260.5043998509645 207.6007685810328 675.9270848706365 1.048684619367123 0.2924480140209198 0.1307620257139206 84.86123923957348 0.8012306094169617 0 4.398746833205223 0 5.540412172675133 176.6292076408863 31.63639412820339 9.355343841016293 0 0 111.7615488618612 0
145.9131197407842 570.176311634481 5057.547218859196 11.18171968311071 0.1773070320487022 208.3108112812042 532.3568083718419 784.0854031890631 151.1987252905965 87.14958047866821 2188.508815281093 52.84633199125528 124.8031177669764 652.3648133426905 2.334435410797596 21.46777732670307 7278.879232950509 1446.49891487509 3921.857918053865 12.36232677102089 93.29113404452801 259.8314183726907 1888.986938752234 165.9783751517534 470.9024290293455 31264.60521660745 18712.66452836245 198.6979479566216 603.525955863297 186.7037622779608 214.3177868202329 8.243559986352921 46.66380809992552 2284.137225277722 48.38337059319019 2663.489349782467 2957.900280080736 4102.109321124852 1885.744418717921 33.36405755579472 11.22294198721647 7.333911657333374 22.94094616919756 0.5232654362916946 647.2713819071651 323.6336093768477 0 0 0.3929014950990677 4.888243541121483 2.209732502698898 3.16879814863205 1.250740945339203 109.142864651978 2.598591975867748 1134.127581134439 0.9550276473164558 0 3.730539754033089 633.0950646996498 546.1715606078506 1031.716159157455 0.1519418209791183 2.256447590887547 19.80691900849342 9.989414684474468 15.44402819871902 848.7109053134918 5194.909810163081 7095.809478133917 4.991881921887398 1.57714056968689 0.8671179264783859 323.0188238844275 0 0.1573172360658646 84.56570661067963 7.497127443552017 300.1640692725778 266.2015501633286 332.1448865905404 120.9217703044415 9.165130734443665 0.4496784806251526 6.662945881485939 0.6254698038101196
46.37507636845112 7789.842459760606 11283.10776613653 4.787054553627968 0.3025895655155182 53.48165608942509 219.4138070419431 177.0537183880806 1546.7526486516 58.42892609536648 2133.688580743968 62.85065859556198 2463.525442220271 194.2154656872153 34.65129512548447 7074.676615819335 8145.725452236831 288.0519858673215 979.3091896772385 15.32077352702618 1460.870438314974 4453.418394863605 16026.75029668212 3784.584641069174 4080.831711053848 18712.66452836245 34503.17695753276 3348.502648860216 244.273912422359 153.197434976697 1179.03830973804 2.451153233647346 19.48486845195293 3850.023151785135 181.1558738276362 9316.862562224269 4099.95456880331 11607.74714910984 5613.345737874508 355.2199830934405 25.41240399330854 42.96943252533674 79.64892718195915 2.986784011125565 3878.563191637397 3396.61788135767 0 0 1.90429600328207 48.94412707537413 8.204625271260738 12.85672636330128 2.056195721030235 96.3520547747612 1.309263572096825 1264.718706347048 10.82826332747936 0.1399581730365753 1553.641093112528 1493.197810165584 323.6955902501941 1077.251051187515 0.288659393787384 99.9758809581399 2458.815838724375 2353.705098934472 188.9440763145685 943.1506788134575 5356.789796903729 19409.10283564031 101.0811348557472 8.02258737385273 10.9226191341877 264.612022921443 0 0.3701510056853294 212.9116554558277 34.42794124037027 1344.07826923579 373.7640601545572 855.9079780131578 387.5563803091645 58.12597838044167 6.392413467168808 14.38271579146385 10.37766833603382
28.81066670268774 25.59900672733784 1033.269962713122 6314.269673347473 1.669329792261124 2338.470908120275 23512.87110581994 553.343541406095 1131.765532195568 2053.455975458026 47.49076137691736 1480.144715942442 43.92235894501209 509.553996860981 59.50452125072479 2781.479443579912 283.5591654032469 9.974301286041737 31.20415277034044 5325.878933399916 6499.426681749523 164.9839086830616 5056.266887485981 9310.050216563046 5.684131182730198 198.6979479566216 3348.502648860216 31937.79834688455 1887.874260738492 11888.53054460138 3.540480263531208 15.87769643217325 395.634209394455 2066.393161974847 215.7578875720501 6435.829341776669 318.7757344245911 4394.340183109045 2116.026388786733 243.6673860028386 105.464975990355 14.18872097879648 89.50748836249113 2.648266598582268 8.780177146196365 53.99793174862862 273.0469983890653 0 11.52825890481472 524.6840320676565 11.75448270142078 326.3903984799981 146.845795571804 5.998931251466274 108.3357615321875 1.938730336725712 28.17111941426992 28.30825190246105 713.5965799018741 17.78595484793186 1.699224397540092 3.506883762776852 119.2871902287006 315.9227236136794 98.34007517248392 99.2557388395071 4165.707037806511 0.3115125447511673 10.89861317723989 194.441013418138 4025.738450706005 190.768378905952 332.1963842138648 0.595715269446373 0.7310552820563316 37.21871573477983 101.8389169126749 6.369834065437317 997.1985743865371 17.47321435064077 328.3958192616701 82.85376067459583 93.7305972725153 11.53283789753914 0.5555614829063416 1.69987391680479
4123.872372843325 1.459077775478363 308.0682196766138 195.4826128408313 53.70919800549746 837.9685203880072 3800.196665793657 906.3681176304817 28.37929367274046 1506.071989171207 248.2077921852469 889.7896212115884 46.11434529721737 5390.506966888905 65.84182437509298 4.863554321229458 1267.270973846316 32.2848265171051 310.5503738597035 317.6088402196765 203.8423734754324 2.087984710931778 717.4072016701102 852.5556794628501 6.742073029279709 603.525955863297 244.273912422359 1887.874260738492 23627.73893108964 10180.1637898609 7.312789030373096 177.3918651565909 3670.826699092984 5345.361689604819 35.38955862820148 937.1288204193115 33.90909398347139 2035.395267322659 125.6931113526225 299.3913042545319 325.2572225481272 5.007339209318161 11.95918557792902 0.4467170983552933 1.403534501791 2.449386142194271 1.788092911243439 0 0.2266863584518433 11.72785421460867 0.2213622555136681 1.712790951132774 0.7557736188173294 2.231291562318802 1.539778262376785 3.183075502514839 0.573503740131855 0 2.321601040661335 1.955433033406734 1.166305460035801 1.478364735841751 0.2673870101571083 1.025406002998352 0.4598720967769623 1.5605144277215 97.90080655366182 1.07453640550375 9.281534850597382 14.75720410048962 73.5343315154314 8.295893140137196 3.934210687875748 1.433423951268196 0 0.4130945354700089 2.590568996965885 0.1475772559642792 25.44980522245169 0.8215469270944595 8.165949963033199 3.544324055314064 0.1108250394463539 0 0.322313666343689 0
