1321.814620450139 0 35.56032094359398 3.71601165831089 2.378220602869987 28.17289029061794 5117.182694114745 495.0252531245351 0.7410586029291153 56.28302602469921 39.04252032935619 1.313267111778259 1.982356645166874 4728.148710459471 0 0 479.8104646503925 22.73684439063072 138.4798033982515 9.342859737575054 11.83105934411287 2.074784383177757 57.92310958355665 33.92575021088123 0 99.13467836380005 10.6699195727706 168.2037640586495 3626.143630206585 2053.699491858482 0.774290069937706 21.24061634391546 11.86292722821236 210.4637091234326 0.2023746520280838 6.342888668179512 1.812715649604797 56.83715277910233 5.204392418265343 0.8410802260041237 1.000909395515919 0.8435888141393661 0.1847630590200424 0 0 0.1643379777669907 0.119395337998867 0 0 0.5660759210586548 0 0 0 0 0 0 0 0 0.4951523542404175 0 0 0 0 0.2211895287036896 0 0.1123048365116119 1.958625212311745 0 0.4655067846179008 0.6729847490787506 6.151256330311298 0.3935811072587967 0.2702524363994598 0 0 0 0.2126946449279785 0 1.674540415406227 0.4170804917812347 1.860017135739326 0.651258610188961 0 0 0 0
0 88.71234865486622 54.66388767957687 0 0.9463733732700348 0.1685746610164642 0.8062751293182373 0 639.7685111016035 0.2862315401434898 29.9688765257597 1.08619524538517 1250.952746123075 0 6.391131229698658 121.7608794122934 7.649294704198837 0.382110133767128 2.847995139658451 0.08823198080062866 1.633721701800823 2990.330511875451 7.989238515496254 780.0065440312028 1639.370518125594 46.61135496199131 3835.643684878945 15.38495977222919 0.1749773323535919 0 21.84430576860905 0 0 10.51986595988274 0 25.70243743807077 57.44967790693045 34.48358499258757 16.70093444734812 9.936474420130253 0 151.9239690005779 0.8430637717247009 0 53.26671448349953 83.16193586587906 0 0 0 1.27521488070488 0 1.294814541935921 0 0 0 6.797489032149315 0.1873032003641129 0 4.124145984649658 10.08884659409523 0.1515850722789764 5.88180011510849 0.09826231747865677 0.1179043874144554 318.1286955028772 6.259139657020569 5.49356397986412 36.89600574970245 86.66233192384243 1541.389124214649 1.314808338880539 0.3518355786800385 0 0.9331221580505371 0 0 3.688507452607155 1.025771260261536 23.46862733364105 7.767765298485756 17.92827472090721 10.5291113704443 0.5287711545825005 0 0.1612632870674133 0
35.56032094359398 54.66388767957687 5121.638426065445 0.8319144397974014 0.211079403758049 29.0873027741909 1974.566108584404 324.3466483578086 0.1235207915306091 31.72513450682163 23.71495838463306 0.4412068054080009 21.08868703991175 209.3607397601008 0 7.354179218411446 7533.445830211043 22.54499236494303 185.0444167256355 1.056849405169487 2098.051253996789 399.0413455814123 12529.19177493453 52.16262254118919 0.4192663580179214 5620.959497399628 10105.1793545559 945.334706492722 41.33623481541872 771.8938437327743 18.69656405597925 0.5637766420841217 5.021233685314655 315.1082667633891 9.601968333125114 863.5068483874202 1738.782759912312 902.5148907750845 297.5590247511864 23.47226479649544 0.4530747756361961 1.284019559621811 5.346531063318253 1.016729548573494 68.96641156077385 2956.078051254153 0.6063773036003113 0 0.2429273575544357 17.26276667416096 3.201939113438129 1.357977464795113 0.3201329112052917 2.737727880477905 0 29.48392659425735 3.361777074635029 0 11.96708554774523 41.88753131777048 4.956465929746628 19.73400632292032 0 3.861715294420719 344.0028923526406 72.120650626719 10.23057567328215 4.923976689577103 295.1824001595378 3907.414768315852 8.595456585288048 2.341068096458912 3.512164063751698 5.283463090658188 0 0 18.38217791169882 1.918166562914848 298.3454909622669 125.534288212657 168.6593718975782 137.0263214334846 8.163732200860977 0 3.025905549526215 0
3.71601165831089 0 0.8319144397974014 1480.455702781677 7.797761812806129 151.3643547222018 89.85963270813227 56.91979207098484 311.8081790953875 2755.688572511077 14.27659561485052 6063.305108316243 1.948741339147091 94.02614341676235 69.44266050308943 0 0.5387517660856247 2.155082575976849 0.7011852338910103 3727.340286932886 2.250269763171673 1.192103654146194 0.6378174722194672 986.5123389810324 0 4.541965141892433 2.51430855691433 3062.365904450417 108.8593861311674 0.5142941474914551 0.7833466678857803 8.157564744353294 3.515575788915157 59.69831898063421 8.35658111423254 293.769517108798 4.979937255382538 208.1959546357393 115.8742921128869 214.9579444527626 31.43815756589174 3.333911299705505 7.494697600603104 0.6512686610221863 0 0 131.6917482465506 0 4.825089737772942 32.61486011743546 0.613928385078907 64.44361937046051 63.20686171203852 0 79.47693359851837 0 1.313571006059647 5.951039910316467 0.4070880562067032 0 0 0 108.8753939941525 0 2.258409455418587 0.4676403999328613 648.3522287905216 0 0.3349122107028961 0 277.2066481262445 4.15487939119339 0 0 0.5139222741127014 0.9874473661184311 2.180243968963623 1.566178679466248 13.26557844877243 0 7.130063772201538 1.575914949178696 35.26466408371925 2.001387655735016 0 0
2.378220602869987 0.9463733732700348 0.211079403758049 7.797761812806129 12.57808332145214 843.5810816660523 19.28752562403679 265.4315526261926 222.5925904512405 42.63689678162336 53.73253543674946 186.7757629007101 1.849498093128204 25.78546490520239 1254.361287608743 0 2.309714168310165 2.540890388190746 1.03468045592308 34.78743454068899 0.1231916770339012 4.151323415338993 0.6865041553974152 49.57588416337967 0 2.022890329360962 1.433863691985607 20.13568828999996 48.31854736059904 0.8419800773262978 0.4662006497383118 40.9176786839962 0.08723538368940353 137.7669497802854 72.02587985992432 83.95894320309162 0.8691957592964172 56.2980015873909 12.4129485860467 1751.466218791902 272.8765393793583 0 2.310407236218452 0 0 0 0.3007325232028961 0 0 0 0 1.71422116458416 0 0 0.7801835089921951 0 0 0 0.1800719052553177 0 0 0 0.9157809913158417 0 0 0 3.247562266886234 0 0 0 3.996758282184601 0.1110930368304253 0 0 0 0 0 1.611707121133804 3.646862804889679 0 0 0 0.6178303956985474 0 0 0
28.17289029061794 0.1685746610164642 29.0873027741909 151.3643547222018 843.5810816660523 10817.92720830441 2097.887465149164 6000.96780975908 88.37158884108067 4709.028820089996 200.1464015096426 4647.260912835598 9.995921790599823 570.9322954565287 600.7193203791976 0.1140362024307251 13.55783279240131 16.32058164477348 8.799503020942211 568.6862088963389 17.7545142993331 3.775396928191185 5.134084105491638 96.72252245247364 0.2339870482683182 51.63857872784138 9.016671381890774 491.060279533267 454.1585816666484 9.142500706017017 3.754640109837055 475.7187547981739 10.6168517023325 350.634962208569 12.64846955239773 362.254381634295 12.297004327178 396.7362712621689 114.4198494777083 1942.691111169755 322.1990405917168 7.743518389761448 10.10607925057411 0 0 0.4215931594371796 11.53929772973061 0 0 16.7332531362772 0.631453350186348 11.29121741652489 10.77621723711491 0 11.70949184894562 0 0.5557461306452751 1.701956570148468 1.025575526058674 0 0 0 9.592717885971069 0 0 0.8001008927822113 127.1682590767741 0 0.356141209602356 0.7399224191904068 72.35380600392818 1.782204940915108 0.4258056581020355 0 0 0 1.041210144758224 1.003377065062523 18.42298775166273 0 3.184837773442268 0.758759394288063 6.209838852286339 0.2118508964776993 0 0.5351145267486572
5117.182694114745 0.8062751293182373 1974.566108584404 89.85963270813227 19.28752562403679 2097.887465149164 22801.61124433577 6923.862547382712 26.00892239063978 6838.944482676685 85.81382606178522 31.31444019079208 5.669138893485069 10143.34251721948 2.4729925096035 15.10814759880304 1690.922624304891 82.55560905486345 223.9390779137611 86.95399868488312 1657.295874670148 17.66162001341581 803.5627410560846 330.3891236186028 3.37142039090395 1521.99329624325 171.1382932662964 14043.17853044719 3517.791517160833 10967.80247926712 11.20747482031584 44.95258566737175 352.9362220987678 565.6027052402496 52.45400679856539 709.7041434496641 46.14059256762266 1188.213808789849 519.3544969335198 47.05178069323301 40.1859180778265 7.685873433947563 15.45128503441811 0.1386193037033081 0.7408403605222702 8.082732923328876 13.53743620961905 0 1.116763837635517 50.28988266736269 0.103446789085865 22.49187079071999 10.09468570351601 0.8680720329284668 6.505136534571648 0.4911318272352219 1.005088284611702 0.8323701620101929 12.00275030732155 0.7432789653539658 0 0.09277872741222382 9.816319391131401 1.315714634954929 3.020811036229134 11.93635389208794 201.8903504014015 0 6.161201298236847 28.91141168773174 165.9054783433676 11.61063727736473 2.244200557470322 0.08432545512914658 0 0.8220820277929306 4.971123412251472 5.107462801039219 55.25883415341377 1.609849587082863 16.95466665923595 6.360527195036411 7.575407207012177 4.689938113093376 0.1730307787656784 0.2373946160078049
495.0252531245351 0 324.3466483578086 56.91979207098484 265.4315526261926 6000.96780975908 6923.862547382712 13266.24171180278 14.35606449842453 2091.618538066745 612.0084474980831 344.3955051973462 24.76935932785273 6827.084688842297 10.66684946417809 0.2640095353126526 892.9513974860311 115.1564072519541 341.1115033105016 347.0565150529146 66.25969803333282 16.13951507210732 91.23226124048233 253.830816924572 0.2906778082251549 800.9192536249757 53.28881157934666 625.6616216376424 936.5141297802329 461.61748072505 11.08924626559019 1020.254988692701 27.30268402397633 1015.044389277697 19.82552370429039 372.5111071094871 53.02391134947538 690.0797135010362 110.1199262663722 439.1562323644757 357.0382741689682 4.048014707863331 8.609133750200272 0 0 2.424285709857941 5.16247520595789 0 0 37.98128966987133 0.5572703778743744 10.06598813831806 5.704744175076485 0 1.527724206447601 0.5448002368211746 1.566899478435516 0 2.779555700719357 0 0 0.4526152908802032 3.929409630596638 0 0.8505296111106873 0.8394898772239685 121.0675847530365 0 1.47281639277935 3.865882188081741 116.1037469059229 8.425494350492954 1.023920178413391 0 0 0.4146671295166016 1.669828653335571 1.517946965992451 22.94459527730942 0.8163207173347473 7.726114630699158 2.230252109467983 3.318771257996559 1.241556160151958 0 0
0.7410586029291153 639.7685111016035 0.1235207915306091 311.8081790953875 222.5925904512405 88.37158884108067 26.00892239063978 14.35606449842453 774.7174123674631 114.6065667197108 2.340964242815971 552.1208775117993 27.09805578738451 4.953686356544495 1506.570066422224 8.799146458506584 3.922656267881393 0 1.436406821012497 294.3509117364883 3.621857270598412 3139.241560176015 5.839772783219814 6615.708742335439 76.96227525919676 7.899358309805393 690.4477946683764 1187.56261767447 9.159417912364006 9.757953584194183 1.551645658910275 1.614962339401245 3.026803404092789 5.427154034376144 2.255175173282623 293.0219083875418 31.04001717269421 21.55647995322943 13.35202814638615 1010.810049980879 1.131750613451004 1.262215159833431 0.1761357039213181 1.106674298644066 2.62602212280035 1.998148806393147 85.06991735100746 1.123079463839531 8.438193492591381 81.16519110649824 3.120889768004417 106.8327491655946 60.01041258871555 1.086605116724968 117.4459307864308 2.228339649736881 6.908488757908344 23.3055182993412 128.1792437061667 0.1267069131135941 0.5868546590209007 0.1807405352592468 88.189034961164 26.75361389666796 18.56468894332647 1.150421366095543 2048.103070043027 1.128711119294167 3.792277775704861 20.52737883478403 552.913080252707 66.18790844082832 80.61701235920191 0.2298178970813751 0.5921620577573776 8.070959910750389 20.56815164536238 7.183745890855789 252.4441394507885 8.007650569081306 85.40388121455908 42.18026525527239 159.3582981824875 6.52519253641367 0.2424362003803253 1.953166216611862
56.28302602469921 0.2862315401434898 31.72513450682163 2755.688572511077 42.63689678162336 4709.028820089996 6838.944482676685 2091.618538066745 114.6065667197108 23118.45864062011 250.0352353081107 5137.546028256416 16.98942048102617 1311.357308313251 24.72711037844419 0.3731290251016617 13.77347897738218 45.50367406755686 24.00499684363604 2614.207729466259 21.40526884794235 1.936638981103897 9.988537579774857 430.809984497726 3.130445420742035 77.86301743984222 27.2073800265789 6729.665280729532 1192.207545466721 9.04441461712122 8.618496626615524 115.0389764159918 32.73220755904913 564.3397943377495 36.83424036949873 1123.619109541178 32.43882551789284 1498.940071232617 514.8656335920095 233.9312909319997 146.5111701637506 11.33023568242788 32.25790400058031 0.4457557499408722 0 0.533588171005249 112.7604809999466 0 11.58722883462906 58.83520146459341 3.790127538144588 64.80362366884947 93.75263494253159 0.1778594255447388 60.27918837219477 0.207942858338356 1.577756494283676 4.900954894721508 1.201262980699539 0 0.2059412524104118 0 106.2373904064298 0 0.2617431879043579 0.4361403733491898 728.3802374079823 0 0 0 376.6471052542329 11.96218737959862 0.1354637742042542 0.2490662187337875 0.1136996895074844 0.2518615499138832 2.85539948195219 3.230471484363079 42.74251004308462 2.062151700258255 11.63333654403687 4.755113124847412 50.06068906933069 2.570069409906864 0 0.2756014466285706
39.04252032935619 29.9688765257597 23.71495838463306 14.27659561485052 53.73253543674946 200.1464015096426 85.81382606178522 612.0084474980831 2.340964242815971 250.0352353081107 7538.261130459607 93.86431005597115 1274.757283426821 381.7980224639177 0 1.274105660617352 661.1428133770823 4663.88753016293 1982.654426500201 104.6589344888926 20.07479512691498 7.15023896843195 38.02680171281099 46.08311682194471 324.7214857265353 1334.714398428798 272.5814094394445 82.33818891644478 944.0763927996159 21.16602753102779 96.41553675383329 277.2973410785198 6.785198427736759 8557.709094241261 6.211043611168861 578.6612304970622 4601.762167066336 7421.867579072714 895.1613205075264 39.22809901088476 149.5326256304979 646.5765617266297 16.98738527297974 0 2.6315848082304 1.949268266558647 0 0 0 5.581267178058624 0 0.7027319222688675 0 14.6792908385396 0 396.6769451275468 0 0 0.2383500784635544 0.5348690152168274 0.7061242163181305 0.2733633369207382 0 0 0.6240000873804092 0 7.360437698662281 70.18551172316074 61.90381226688623 213.6731745153666 8.213203579187393 0.6390925794839859 0 58.04649227112532 0 0 0.3737747967243195 3.519408777356148 24.20141324400902 130.3942449465394 3.159300193190575 0.7502646520733833 0 0 77.68908965587616 0.3961050510406494
1.313267111778259 1.08619524538517 0.4412068054080009 6063.305108316243 186.7757629007101 4647.260912835598 31.31444019079208 344.3955051973462 552.1208775117993 5137.546028256416 93.86431005597115 3735.233748555183 5.596978187561035 188.0081405565143 1199.366754367948 0 1.341726340353489 13.03745897114277 5.019842065870762 3663.86243648082 0.09457628428936005 7.047151252627373 0.6000631749629974 941.1699937358499 9.256390571594238 9.547235354781151 4.373111434280872 1098.01322748512 198.559118360281 0 2.098006159067154 62.15167658030987 0.1999727487564087 132.6636850088835 0 354.7029517069459 7.510471262037754 247.8479602113366 38.39580430835485 1905.088725052774 35.26445721834898 1.847815826535225 0.6969444155693054 0 0 0 24.46709033101797 0 4.712499395012856 4.789332374930382 2.681964613497257 139.9243297725916 42.27050523459911 0.3755471780896187 107.8369212895632 0.544694647192955 1.882446698844433 5.681862987577915 0 0 0.208871491253376 0 40.7302822470665 0 0 0 203.2491429746151 0 0.5168943181633949 0.4133732318878174 22.16660191863775 1.730589300394058 0.2893551588058472 0.1086245328187943 0.1095472499728203 0 1.380674123764038 0 4.869344338774681 0.2084230482578278 4.849896393716335 0.4182312488555908 37.86186961084604 1.391829863190651 0 0
1.982356645166874 1250.952746123075 21.08868703991175 1.948741339147091 1.849498093128204 9.995921790599823 5.669138893485069 24.76935932785273 27.09805578738451 16.98942048102617 1274.757283426821 5.596978187561035 2222.551053643227 15.69525661319494 0.09429512917995453 1.776754774153233 4.816783390939236 321.454776160419 9.719188310205936 5.642950281500816 0.9499304890632629 200.8431597724557 5.304331101477146 29.73000724613667 5445.731149069965 302.8622175902128 1946.091627649963 6.046257838606834 23.98658386617899 0.2241198867559433 119.7147464007139 8.173562631011009 0 781.9185205921531 32.43833903968334 895.2778990492225 5569.741737104952 4109.373444244266 972.4652839004993 10.69090636074543 59.93251060694456 1311.698725171387 44.34412455558777 0.1370357275009155 79.23251260817051 6.725825399160385 0 0 0 0.1288780868053436 0.4467499479651451 0.1789472997188568 0 41.5827679336071 0 1561.721209764481 0.09307540208101273 0 0.7021872401237488 1.424054577946663 5.508278399705887 19.85621140152216 0 0.2956602871417999 5.661640755832195 1.328005447983742 2.556857854127884 451.7419763579965 439.8443804010749 1908.201405234635 0.6410491541028023 0.3385227248072624 0.1032880917191505 216.0855577886105 0 0 2.027101866900921 0.9972618222236633 141.8088650330901 537.150204025209 21.25255411118269 2.529957048594952 11.32045543193817 0.3469342738389969 479.2048620581627 0
4728.148710459471 0 209.3607397601008 94.02614341676235 25.78546490520239 570.9322954565287 10143.34251721948 6827.084688842297 4.953686356544495 1311.357308313251 381.7980224639177 188.0081405565143 15.69525661319494 8580.007644347847 0.4867797195911407 0.5067920833826065 1145.297947466373 116.8350367099047 371.877538472414 327.490523070097 43.09209965914488 13.48986237496138 140.3309288173914 242.8715397790074 0.1824648082256317 534.4423941522837 45.20746655017138 1038.426159031689 3774.881778009236 1059.951342642307 9.743116408586502 154.4979315847158 43.11085104942322 933.133159160614 6.787386663258076 214.9055966883898 14.90455534309149 454.4867716729641 55.07394208014011 91.65292886644602 57.48880043625832 1.08023989200592 4.428035452961922 0.2114455699920654 0 1.96825610101223 0.5685056895017624 0 0.6355538964271545 13.5000708848238 0.09126362204551697 4.143902391195297 0.1243753656744957 0 0.9994280338287354 0 0 0 3.425543896853924 0.1144315078854561 0 0.2869224697351456 0.4328578859567642 1.260122671723366 0 0 36.23683071136475 0 1.499344192445278 2.38904944807291 52.22544062137604 1.404952384531498 0.2107800841331482 0 0 0.4172292649745941 0.3749557435512543 2.578608453273773 12.46675549447536 0 5.500629216432571 1.751796416938305 0.4460907876491547 0 0 0
0 6.391131229698658 0 69.44266050308943 1254.361287608743 600.7193203791976 2.4729925096035 10.66684946417809 1506.570066422224 24.72711037844419 0 1199.366754367948 0.09429512917995453 0.4867797195911407 234.3731574565172 0.1635693609714508 0 0 0 170.4865329787135 0.1719861030578613 52.57719494402409 0 536.8944144174457 5.173602230846882 1.748328685760498 12.32101480662823 108.8886289745569 0.7260588482022285 0 0 57.91334533691406 0.08946779370307922 5.009938672184944 66.80848497152328 239.5560941249132 1.873201847076416 4.934434048831463 4.709074199199677 621.9258326888084 3.04853244125843 0 0 0 0 0 6.174570575356483 0.773634672164917 0 0.7598944008350372 0 21.83281180262566 5.579348206520081 0 46.90192787349224 0 0 7.19120167195797 0 0 0 0 9.93973396718502 0 0 0 68.32509794086218 0 0 0 3.995593428611755 0 0 2.180765628814697 0 0 0 4.080315545201302 1.73399406671524 0 0 0 29.5036860704422 0 0 0
0 121.7608794122934 7.354179218411446 0 0 0.1140362024307251 15.10814759880304 0.2640095353126526 8.799146458506584 0.3731290251016617 1.274105660617352 0 1.776754774153233 0.5067920833826065 0.1635693609714508 5218.509934335947 5.774959534406662 0.1133859977126122 0.5878019034862518 0 2847.891372814775 3289.612797148526 3715.924147151411 1181.818848922849 4.704230196774006 17.17939079552889 6819.97470792383 1070.162701427937 6.869432255625725 71.25059732794762 0.4128615185618401 0.6222684755921364 8.010639406740665 85.34705473482609 60.35158251971006 2311.816526032984 668.8677505478263 651.021792627871 901.4599411785603 64.86741135269403 1.890736028552055 1.160872310400009 15.5796352699399 0.3824228644371033 0.4048144370317459 6.417738899588585 0.2040996253490448 0 0 8.736083045601845 0.202238105237484 20.63859605789185 0.0972495973110199 0.1501688063144684 0 0.4605596363544464 0.1484609842300415 0.2988648116588593 3082.963151998818 0.7698464244604111 0 0.6682169660925865 0 346.0924107953906 1076.002256251872 1138.02039989084 251.5978496074677 0 1.704276226460934 423.5262501612306 298.9990761429071 23.38568472862244 173.4864451140165 0 0 9.810033358633518 18.77603250741959 10.29138454049826 501.4568559154868 53.06108293682337 82.20212441682816 67.22939855605364 30.38950007408857 1.059704169631004 0 0.9689942449331284
479.8104646503925 7.649294704198837 7533.445830211043 0.5387517660856247 2.309714168310165 13.55783279240131 1690.922624304891 892.9513974860311 3.922656267881393 13.77347897738218 661.1428133770823 1.341726340353489 4.816783390939236 1145.297947466373 0 5.774959534406662 1448.809923000634 142.5104684978724 3496.48684258759 1.677072919905186 1068.303385533392 31.7730672582984 2937.041641443968 16.28853543102741 1.067746311426163 1877.330246537924 7806.689777396619 185.3549396693707 1296.06189840287 2005.213741339743 4.582698136568069 6.220288500189781 31.50576411187649 3304.601846389472 0.5535926595330238 57.84246952831745 331.0860665664077 667.237473629415 61.83766175806522 2.377614580094814 1.055129006505013 11.32741078734398 0.7029126361012459 0.3444398045539856 7.124462902545929 131.8075261414051 0 0 0 1.634481944143772 0.1219311878085136 0.1330218911170959 0 0 0 3.358963899314404 0.5630467981100082 0 1.546112515032291 8.162893876433372 0.1300905048847198 4.238446146249771 0 0.2832513302564621 4.291256561875343 2.352980472147465 1.287812255322933 1.022277817130089 85.88840913772583 246.4955951273441 0.8965465053915977 0 0.271553635597229 1.764894887804985 0 0.3894301354885101 4.08643064647913 0.5641812086105347 18.24180230498314 8.229640260338783 19.25425654649734 4.073819324374199 1.059556007385254 0 0 0
22.73684439063072 0.382110133767128 22.54499236494303 2.155082575976849 2.540890388190746 16.32058164477348 82.55560905486345 115.1564072519541 0 45.50367406755686 4663.88753016293 13.03745897114277 321.454776160419 116.8350367099047 0 0.1133859977126122 142.5104684978724 1284.612066276371 1165.562037676573 15.95769324153662 9.642594955861568 1.237349703907967 44.49752686172724 7.41256907582283 7.513666704297066 2154.667479537427 370.5534348487854 29.92332044988871 104.710928812623 9.990495145320892 108.139036141336 10.38275615870953 3.166841566562653 800.8097259551287 4.117768339812756 540.8370800167322 1043.533643774688 1753.444465368986 410.6988701373339 7.348908081650734 2.497041083872318 26.53793662786484 3.919749200344086 0 0.9031552523374557 0.6304353773593903 0 0 0 0 0 0 0 1.246040344238281 0 37.75516407936811 0 0 0.2328664883971214 0 0 4.185133218765259 0 0 0.6359977275133133 0 2.106265261769295 4.49055677652359 33.6284167021513 88.84869413077831 0.4724860712885857 0 0 6.775313392281532 0 0 0 0.7584417015314102 4.535808369517326 7.498735092580318 0.7479464709758759 0.1545007675886154 0.190720796585083 0 1.955751076340675 0
138.4798033982515 2.847995139658451 185.0444167256355 0.7011852338910103 1.03468045592308 8.799503020942211 223.9390779137611 341.1115033105016 1.436406821012497 24.00499684363604 1982.654426500201 5.019842065870762 9.719188310205936 371.877538472414 0 0.5878019034862518 3496.48684258759 1165.562037676573 2342.114811368287 7.424324706196785 56.99632684141397 3.893587119877338 200.5942967459559 7.976745098829269 7.528525747358799 6034.770935237408 2187.479045085609 31.02774674445391 388.1383900791407 110.3472016379237 13.44921950995922 4.622176341712475 16.44369617849588 2894.373739078641 1.315810948610306 206.9434828385711 448.9041306450963 1196.340703062713 148.3834554105997 7.026850610971451 0.7949828431010246 25.32278019189835 0.4512417316436768 0.6695428490638733 8.461057439446449 13.88643418252468 0 0 0 0.4355648458003998 0.2080042064189911 0.2087762355804443 0 0 0 5.769610986113548 0.1419143378734589 0.4709257185459137 1.777799874544144 6.145083174109459 0 21.0151399821043 0 0.4734333455562592 2.112696349620819 1.289141803979874 0.9923386871814728 11.03187453746796 226.5651576891541 298.0672433525324 0.5795111060142517 0.4409619271755219 0.3341968208551407 2.322558492422104 0 0 1.833794504404068 0.5854573845863342 7.592217624187469 6.817718878388405 14.78597864508629 4.130378752946854 0 0 0 0
9.342859737575054 0.08823198080062866 1.056849405169487 3727.340286932886 34.78743454068899 568.6862088963389 86.95399868488312 347.0565150529146 294.3509117364883 2614.207729466259 104.6589344888926 3663.86243648082 5.642950281500816 327.490523070097 170.4865329787135 0 1.677072919905186 15.95769324153662 7.424324706196785 316.8711951076984 0.4802421033382416 0.8171828910708427 1.138549640774727 746.7967231795192 0.4228121191263199 16.68506422638893 8.607132896780968 1200.331344038248 350.7283919677138 0.9239390566945076 2.591169528663158 52.98541221022606 5.115545876324177 197.081013508141 17.75495412200689 617.0449672266841 16.70018333941698 531.7066951394081 192.3149860426784 608.2030781134963 67.54208669811487 7.112977102398872 14.42967946827412 0 0 0 94.99927923083305 1.628636062145233 5.680305272340775 28.73246669769287 1.495011731982231 56.63164657354355 38.5676172375679 0 50.55866704136133 0 2.153526239097118 3.676152303814888 0 0 0 0 82.81876610219479 0 1.571551904082298 0 462.5514789298177 0 0.150397315621376 0.5643978044390678 203.3667987287045 4.848663732409477 0 0 0 1.059503793716431 1.193291947245598 4.821192800998688 18.93880571424961 0 7.165836617350578 0.9214893579483032 33.41701619327068 0.3828098401427269 0 0
11.83105934411287 1.633721701800823 2098.051253996789 2.250269763171673 0.1231916770339012 17.7545142993331 1657.295874670148 66.25969803333282 3.621857270598412 21.40526884794235 20.07479512691498 0.09457628428936005 0.9499304890632629 43.09209965914488 0.1719861030578613 2847.891372814775 1068.303385533392 9.642594955861568 56.99632684141397 0.4802421033382416 13802.91772674769 376.6464935168624 17040.78349167109 658.8076415508986 0.7319263890385628 293.8833244517446 1326.553891472518 8220.333673588932 161.5219138860703 6392.966533891857 1.754496052861214 0.552346870303154 33.7147124260664 3352.690526410937 178.9155284240842 4988.407746098936 480.0904209539294 6313.38361363858 2530.301806293428 46.1970689073205 2.305330976843834 4.173040211200714 21.16599048674107 0.8903011381626129 0.1621941775083542 3.690003730356693 0 0 0 4.927202492952347 0 7.394184067845345 0.1739660501480103 0 0 0.5197680294513702 0.3647666797041893 0.1367641985416412 459.3302179947495 0 0 0 0 185.0694020316005 107.4862607493997 43.12216332554817 151.6896652430296 0 2.476742006838322 43.92232778668404 206.2126436755061 19.4519195407629 119.4849508106709 0 0 7.232887625694275 12.23943459242582 18.43990729749203 293.9595357477665 18.88912932574749 49.07272715121508 33.3965655490756 12.91538869589567 0.7090451121330261 0 1.050333470106125
2.074784383177757 2990.330511875451 399.0413455814123 1.192103654146194 4.151323415338993 3.775396928191185 17.66162001341581 16.13951507210732 3139.241560176015 1.936638981103897 7.15023896843195 7.047151252627373 200.8431597724557 13.48986237496138 52.57719494402409 3289.612797148526 31.7730672582984 1.237349703907967 3.893587119877338 0.8171828910708427 376.6464935168624 1277.03279812634 665.3856557831168 4775.487954102457 673.125289157033 41.12400145828724 5114.886509731412 295.5871002152562 52.29920580983162 134.3517844080925 10.49303832650185 1.621564656496048 27.93880100548267 102.7196241542697 19.05341497063637 953.3677472099662 39.6192951798439 415.1869281828403 299.5051684901118 136.3839879482985 5.511100381612778 3.885404236614704 5.583247549831867 0.1225891262292862 10.68384869396687 77.89843215048313 1.174509800970554 0 1.922421157360077 13.11772641539574 0 51.9299430847168 0 0.2398899048566818 0.2099471390247345 1.595895230770111 0.895802766084671 0.7226326018571854 2009.158202201128 1.328250169754028 0.3262132406234741 0.6763661950826645 1.171535313129425 240.871621362865 223.6063087880611 563.6035842970014 271.3040742427111 1.203793585300446 22.26753902435303 762.8762123063207 236.7982785850763 20.56121518462896 136.5565944164991 0.4144042953848839 0 9.388074561953545 14.15280248969793 10.40205119550228 417.4744656160474 45.04912574589252 59.69780797511339 58.0160374045372 24.53557457029819 0.7393459379673004 0 1.352650508284569
57.92310958355665 7.989238515496254 12529.19177493453 0.6378174722194672 0.6865041553974152 5.134084105491638 803.5627410560846 91.23226124048233 5.839772783219814 9.988537579774857 38.02680171281099 0.6000631749629974 5.304331101477146 140.3309288173914 0 3715.924147151411 2937.041641443968 44.49752686172724 200.5942967459559 1.138549640774727 17040.78349167109 665.3856557831168 23275.41746696085 214.6086995080113 0.2716806158423424 1718.532552845776 9522.666549026966 1528.913070820272 353.4171045646071 4063.466405704618 12.03445595502853 1.710283920168877 14.01589850336313 3603.390189886093 268.0495237112045 9461.356974504888 3738.289303578436 10392.16634235531 7938.950699046254 445.6097447574139 7.149994619190693 16.83904188126326 92.99338935315609 0 1.402687966823578 96.4300277531147 0 0 0 7.253026723861694 0 1.359240978956223 0 0.2584947645664215 0 0.4791520014405251 0 0 1926.241746738553 0.6460511162877083 0 0.620107114315033 0 91.73913198709488 504.0285915732384 1037.425604574382 73.56968201696873 0 6.964728981256485 950.8836218342185 80.66783010214567 3.043426416814327 24.27979655563831 0 0.1472521275281906 0.9689230173826218 4.082117438316345 24.33272863179445 209.8850114420056 47.51262924820185 43.54893013089895 72.29337775707245 13.47409810125828 0 0 1.416827380657196
33.92575021088123 780.0065440312028 52.16262254118919 986.5123389810324 49.57588416337967 96.72252245247364 330.3891236186028 253.830816924572 6615.708742335439 430.809984497726 46.08311682194471 941.1699937358499 29.73000724613667 242.8715397790074 536.8944144174457 1181.818848922849 16.28853543102741 7.41256907582283 7.976745098829269 746.7967231795192 658.8076415508986 4775.487954102457 214.6086995080113 10916.90128153563 117.9930055066943 69.68759917467833 2897.934357963502 11285.82436604798 803.5308862105012 231.1288425326347 3.531357251107693 27.15736438333988 273.3187602236867 441.8006253913045 161.5977503433824 2723.704798549414 99.02887915074825 1479.635137550533 940.2480742037296 733.5906262025237 94.2567902430892 12.77899889647961 41.44879089295864 6.728788368403912 8.242115005850792 4.564637929201126 323.3816804662347 1.518595471978188 32.41133581846952 695.6003067269921 25.0457616224885 1218.254295296967 253.8162561506033 8.018009461462498 208.7493703886867 10.14567340910435 32.47393921017647 21.37355819344521 258.301651738584 0.8994780033826828 1.629295110702515 0.9204656407237053 294.2300023660064 69.91475673019886 145.1158505901694 32.20483958721161 5408.967287652194 2.138237312436104 6.355210952460766 62.70350094884634 2968.080144777894 259.2928176224232 139.2590413987637 0.8892902582883835 6.78788547962904 28.25402285158634 74.05681098252535 37.68209725618362 919.8288472816348 11.66306438297033 354.1338607668877 163.6099623292685 217.1115373671055 34.87729998677969 3.46110861748457 9.604741625487804
0 1639.370518125594 0.4192663580179214 0 0 0.2339870482683182 3.37142039090395 0.2906778082251549 76.96227525919676 3.130445420742035 324.7214857265353 9.256390571594238 5445.731149069965 0.1824648082256317 5.173602230846882 4.704230196774006 1.067746311426163 7.513666704297066 7.528525747358799 0.4228121191263199 0.7319263890385628 673.125289157033 0.2716806158423424 117.9930055066943 337.5407219678164 110.4958197548985 3736.372898645699 18.07684581726789 1.041849315166473 0 335.6618147864938 0.38462033867836 0 85.70697566866875 4.468077272176743 818.6033544316888 714.8838512822986 581.0732582360506 226.7232293188572 303.1072349697351 55.98281103372574 610.4742262363434 32.17387700080872 0.2424037605524063 74.81951421499252 7.260642938315868 0 0 0 0.09883464872837067 0.1987516433000565 0 0 3.614480890333652 0 341.3670145496726 0 0 0.4575446248054504 1.015073776245117 3.352793946862221 24.47592164576054 2.163753636181355 0.1363493055105209 14.95403991639614 0.3563255816698074 8.357992075383663 108.8623158782721 279.9241462424397 1099.044638685882 0.5040221214294434 0 0 11.46922041475773 0 0 1.785227671265602 0.8824794590473175 114.918649315834 89.50347994267941 20.87195237725973 4.504192873835564 105.8039660453796 0.5643985271453857 138.017107874155 0.3104791939258575
99.13467836380005 46.61135496199131 5620.959497399628 4.541965141892433 2.022890329360962 51.63857872784138 1521.99329624325 800.9192536249757 7.899358309805393 77.86301743984222 1334.714398428798 9.547235354781151 302.8622175902128 534.4423941522837 1.748328685760498 17.17939079552889 1877.330246537924 2154.667479537427 6034.770935237408 16.68506422638893 293.8833244517446 41.12400145828724 1718.532552845776 69.68759917467833 110.4958197548985 19512.12328264862 12508.47958666086 473.2090129628778 180.1065402850509 185.7715471237898 1344.105017893016 11.04501761496067 6.633979320526123 1760.325294867158 21.80349902808666 2734.507610298693 4504.234374016523 5074.384694620967 1452.834804318845 52.80514112114906 3.539613880217075 112.6836536899209 18.57853447645903 1.7044897377491 144.296565040946 622.4258834347129 0 0 0.3983016386628151 12.11969976872206 2.740020371973515 2.281466335058212 0.2820900082588196 16.75113602727652 0.5662488043308258 456.2989681884646 3.6407320946455 0 9.349936462938786 83.78684911876917 21.12639839947224 250.2778428047895 0.5135463699698448 3.181453071534634 16.65745598822832 7.045280575752258 14.14038288593292 144.7877198085189 2712.222842611372 4759.700213827193 5.361424826085567 2.434185110032558 3.184021517634392 114.3234618678689 0.2667619585990906 0.2012396305799484 32.71642667800188 3.962680712342262 183.9129849076271 214.4490465447307 263.5943049862981 67.97322717308998 3.021827265620232 0.5849429368972778 19.49353449046612 1.204815298318863
10.6699195727706 3835.643684878945 10105.1793545559 2.51430855691433 1.433863691985607 9.016671381890774 171.1382932662964 53.28881157934666 690.4477946683764 27.2073800265789 272.5814094394445 4.373111434280872 1946.091627649963 45.20746655017138 12.32101480662823 6819.97470792383 7806.689777396619 370.5534348487854 2187.479045085609 8.607132896780968 1326.553891472518 5114.886509731412 9522.666549026966 2897.934357963502 3736.372898645699 12508.47958666086 25832.93481386453 1473.495991818607 56.588398180902 24.64841245859861 372.7646468058228 2.34311193972826 9.3071309030056 3345.834160469472 135.0733876600862 8757.771001368761 6230.651515491307 11091.62100759894 4467.455567032099 502.404513977468 12.66033349186182 67.83460274338722 78.09028731286526 2.953666090965271 2167.994276851416 3989.431814394891 0 0.1045579090714455 2.732894733548164 43.25058408081532 6.051021791994572 8.324855878949165 0.6485670506954193 20.50359207391739 0.7137285470962524 455.1964479312301 9.075638502836227 0.2549297139048576 844.5296409875154 159.4477902576327 25.04821329563856 345.5812665969133 0 35.70032215863466 2281.131708391011 1183.393818862736 74.0577217489481 471.7284624427557 4171.135331168771 20554.47861759365 58.08385307341814 4.580992452800274 7.087570510804653 136.058563888073 0.3222042694687843 0.4162148982286453 58.69389998912811 34.97290819883347 886.2624596208334 429.4197526872158 542.1601643264294 379.929237999022 31.21675598621368 1.107892669737339 11.03531379252672 2.710347831249237
168.2037640586495 15.38495977222919 945.334706492722 3062.365904450417 20.13568828999996 491.060279533267 14043.17853044719 625.6616216376424 1187.56261767447 6729.665280729532 82.33818891644478 1098.01322748512 6.046257838606834 1038.426159031689 108.8886289745569 1070.162701427937 185.3549396693707 29.92332044988871 31.02774674445391 1200.331344038248 8220.333673588932 295.5871002152562 1528.913070820272 11285.82436604798 18.07684581726789 473.2090129628778 1473.495991818607 20203.2393437475 3094.846934840083 2768.371327280998 6.972839072346687 32.66183669865131 1084.30688534677 1266.346039019525 285.5401394963264 3461.643102243543 139.0722230449319 3466.74571352452 1889.963814467192 300.2350952476263 109.5006166249514 10.1144187822938 42.88993249833584 2.839119888842106 0.4613080471754074 5.597833976149559 405.0498043522239 0.1518196612596512 33.04218506067991 571.6275144666433 17.73383399099112 462.2743250653148 271.6934442892671 3.976199194788933 195.4352137595415 8.864486493170261 20.6077378988266 10.16937220096588 189.8362919911742 0.2943087965250015 1.200902193784714 0.1990769803524017 356.9851298704743 54.07637741416693 44.35416959971189 41.34607642889023 3892.695377476513 0.1344434469938278 2.212319239974022 62.74310833960772 2319.360156543553 142.7159375697374 85.92960868030787 0.1601944267749786 2.588882468640804 13.7537253126502 52.5726892799139 32.79278545081615 488.2318726330996 12.6468760818243 206.1231269314885 99.17268848419189 118.4052310585976 21.14756363630295 1.955974578857422 4.226026766002178
3626.143630206585 0.1749773323535919 41.33623481541872 108.8593861311674 48.31854736059904 454.1585816666484 3517.791517160833 936.5141297802329 9.159417912364006 1192.207545466721 944.0763927996159 198.559118360281 23.98658386617899 3774.881778009236 0.7260588482022285 6.869432255625725 1296.06189840287 104.710928812623 388.1383900791407 350.7283919677138 161.5219138860703 52.29920580983162 353.4171045646071 803.5308862105012 1.041849315166473 180.1065402850509 56.588398180902 3094.846934840083 15060.38800241798 6206.493735805154 11.24801951646805 153.6082819104195 2384.101467974484 3389.72395863384 16.89119081199169 463.1242572143674 23.96475787460804 1357.933557718992 177.3188629373908 192.1109891608357 240.6032566949725 4.61409617215395 10.55384364724159 0.2947810441255569 0 0.3452161401510239 0.7043086141347885 0 0.3038621842861176 28.27615159004927 0.7577911019325256 7.534863121807575 2.989653639495373 0.08478906005620956 0.1347024440765381 0.8925166428089142 1.004943825304508 0 12.19009773433208 0 0 0.2662515938282013 0 3.338368080556393 1.006384156644344 0.1370909363031387 116.0185691267252 0 1.363975904881954 3.025704562664032 111.347008317709 12.83872407674789 6.111433625221252 0.2990750670433044 0 1.347549021244049 3.902474068105221 4.529046893119812 51.60485024005175 1.263841524720192 15.59436192363501 8.713578917086124 4.474183917045593 0.8266745805740356 0 0.1638376265764236
2053.699491858482 0 771.8938437327743 0.5142941474914551 0.8419800773262978 9.142500706017017 10967.80247926712 461.61748072505 9.757953584194183 9.04441461712122 21.16602753102779 0 0.2241198867559433 1059.951342642307 0 71.25059732794762 2005.213741339743 9.990495145320892 110.3472016379237 0.9239390566945076 6392.966533891857 134.3517844080925 4063.466405704618 231.1288425326347 0 185.7715471237898 24.64841245859861 2768.371327280998 6206.493735805154 14349.77098433673 0.2613642290234566 4.88186950981617 1183.270649589598 3494.542413257062 28.81764287501574 862.435365088284 37.75575313717127 2092.091815233231 420.9737121090293 2.887370347976685 0.7000314965844154 0.6483052596449852 0.8542774096131325 0 0.1451824009418488 1.287745140492916 0 0 0 2.088757947087288 0.3791448920965195 11.29913902282715 0.5767528414726257 0 0 0 0.1571458578109741 0 98.17366045713425 0.1138257011771202 0 0 0 43.96476227790117 23.73479254543781 1.345889702439308 126.9315758049488 0 0.9836875051259995 5.198494508862495 141.5466046482325 14.99823819100857 58.43840312957764 0 0 7.107744574546814 9.15421000123024 4.058411255478859 170.8834752887487 3.126117095351219 31.78394354879856 20.36436650902033 13.80145126581192 0.6189317107200623 0 0.7700206637382507
