599.4330140203238 0 18.11298248916864 3.978408828377724 0.5867711007595062 2.28449110686779 1334.659265317023 285.5613961368799 8.615103274583817 7.398767732083797 9.502926364541054 0.9474851116538048 0.4516957923769951 5384.40790078789 0 0.3248012438416481 110.5619922950864 10.11760848760605 40.62529476732016 0.6563760787248611 33.88069299608469 0.3558752536773682 24.95500250905752 49.7623358592391 0 17.26001667231321 10.19229439646006 187.8734417930245 2767.999691724777 1979.080347590148 0 1.327540434896946 61.71730217337608 146.4557906240225 0.9802360907196999 25.83272787928581 4.117615886032581 107.7438402250409 14.33874735981226 0.4523425474762917 1.18951790779829 0 0.858927920460701 0 0 0.1239694505929947 0 0 0 0.796535849571228 0 2.646665781736374 0.2526559606194496 0 0 0 0.1382768154144287 0 0.7183220610022545 0 0 0 0 0.7272268831729889 0.3072706311941147 0 5.321347013115883 0 0.1495474427938461 0.6942629367113113 7.317321054637432 0.1992444396018982 1.249202013015747 0 0 0 0 0 0.8212781101465225 0 0.3657096922397614 0.09322251379489899 0 0 0 0
0 149.413892172277 83.08984185755253 0.392228476703167 0 0.7266591563820839 3.943658165633678 0.4633306935429573 330.7322593554854 0.3252413645386696 11.54481486231089 8.735885441303253 123.3595320433378 0.6623537912964821 2.867027476429939 317.4914965182543 101.8078212887049 2.078212328255177 6.457524463534355 0 25.02873688936234 2005.141628012061 20.57995427399874 555.974392786622 2186.734211042523 169.777078256011 6462.356857791543 34.03238651901484 0.9357472509145737 2.638426840305328 5.39068665355444 0.1872805655002594 0.1049437448382378 125.7030482068658 4.494662314653397 158.1459590867162 31.23249952495098 230.3936348557472 40.05811412632465 5.597314767539501 0.7124959826469421 114.2883683368564 2.063301801681519 0.5473767593502998 47.02750961482525 108.8073802292347 0 0 0.1271657347679138 4.418727159500122 1.691258773207664 1.065519616007805 0 11.03488932549953 0 65.39225772768259 1.249383069574833 0 7.283923581242561 31.07407042384148 2.098957091569901 15.3990670889616 0 0.1392908245325089 7.865689873695374 25.1198178306222 4.227203279733658 45.05847050249577 114.8376317694783 1513.222276590765 2.737861178815365 0.5265125259757042 0.8052946031093597 2.589252337813377 0 0 10.82099260389805 0.2390581071376801 62.77774885296822 26.29615806043148 38.44307259470224 20.3342849612236 0.4884010553359985 0 8.324586465954781 0
18.11298248916864 83.08984185755253 3912.195591688156 2.38702991604805 0.6731891706585884 180.244986794889 2869.952698171139 946.8518483191729 0.5579586029052734 352.2292309179902 47.14840360730886 1.748564071953297 11.73215585947037 375.0391894206405 0.2806336879730225 2.863347887992859 3691.142548523843 36.15259401500225 174.8696888312697 0.5479482933878899 1615.015189051628 15.73083981126547 9260.46751460433 69.86201097816229 1.77487076818943 10433.26083502918 7884.017873950303 1788.273087069392 125.8787946030498 502.5780659243464 2.15854749083519 2.15982074290514 1.141111277043819 1113.076085165143 33.02109733223915 1520.120579697192 1311.065225847065 2384.560232639313 765.8543710336089 116.0992196500301 4.940666645765305 2.352895550429821 12.77300974726677 2.684520743787289 122.3609886318445 1236.693576738238 0.3278695046901703 0 0.1317442059516907 33.41044674068689 24.97492659091949 0.5366110503673553 3.401700086891651 0.9532525390386581 0 3.273137107491493 15.52917338162661 0 20.68806676566601 112.5685943961143 2.439084976911545 6.815678425133228 0 4.045200884342194 84.44263002276421 279.1741758212447 10.50861513614655 5.435038387775421 164.7314702346921 2269.116169460118 11.84834903478622 3.489382535219193 4.974184066057205 1.158387213945389 0.3628057166934013 0 57.59883980453014 5.938973098993301 201.4909932240844 57.85381103307009 188.1135753765702 108.5345115289092 2.349426940083504 0 0.1074932739138603 2.581085279583931
3.978408828377724 0.392228476703167 2.38702991604805 1347.127109281719 4.036735117435455 154.3407873883843 32.43377669900656 119.0149533078074 2449.548118285835 2335.393154844642 11.05589320510626 8925.031607866287 2.729559116065502 131.5813455209136 190.6586650833488 0 3.993293650448322 6.72841177880764 6.54594162106514 2697.408680893481 0.3875167891383171 0.3332062214612961 0.6026337444782257 1787.493526794016 0.3296547383069992 9.980467736721039 4.848442979156971 6281.769003070891 209.0456778109074 1.079795867204666 0.09941160678863525 8.895523265004158 2.265524506568909 89.51585127413273 19.70816631615162 295.5340744405985 7.791455484926701 290.9229563847184 60.10010403394699 263.7741651460528 35.59702957421541 4.37099301815033 9.369182899594307 0 0.3464369028806686 0 291.2560428529978 1.299709677696228 10.09372007101774 62.45526373386383 4.456039570271969 145.5649965703487 191.5223964080215 0.3366405889391899 100.2865558713675 0 1.548461131751537 0.2872337996959686 0.2171377316117287 0 0 0 132.402065269649 0 1.803957737982273 0 464.3682532981038 0.2287928685545921 0.08621390908956528 0.7431783229112625 678.4467686787248 2.46369044482708 0 0 0.3256086111068726 0 2.412058942019939 0 15.40194399654865 0 8.947484500706196 2.726855963468552 33.83387336134911 0.5241017788648605 0 0
0.5867711007595062 0 0.6731891706585884 4.036735117435455 31.57737179100513 374.7232318371534 4.457040205597878 33.52746494859457 49.76428279280663 9.22004409134388 225.7300217598677 28.8184023052454 29.45825681090355 18.78731962293386 1697.025945499539 0 2.290330976247787 30.5168846771121 26.46980398148298 2.948095798492432 0.2608465105295181 0.3441550433635712 0.1101137325167656 4.682842828333378 0.8489367514848709 24.25950795412064 7.717915780842304 7.431274235248566 125.9461517855525 0.85358677059412 1.100683629512787 40.10084772109985 0.284986674785614 1097.286398366094 1.66793517023325 62.81824935227633 17.66832920908928 367.4096794202924 23.94209913909435 788.222897619009 119.3352137058973 6.994191542267799 1.339104890823364 0 0 0 0 0 0 0 0 0 0.3003832697868347 0 0 0 0 0 0 0 0 0 0 0 0 0 1.586724132299423 0 0.209412693977356 0.1588108092546463 1.072026148438454 0 0 0 0 0 0 0 0.6955693736672401 0 0 0 0 0 0 0
2.28449110686779 0.7266591563820839 180.244986794889 154.3407873883843 374.7232318371534 8826.632549211383 1215.781626679003 6620.174500137568 168.2713486254215 4747.757299341261 244.8974874913692 5825.450331352651 54.64128817617893 757.7978908419609 471.0653365701437 0.4390839338302612 73.98199107497931 99.9176319539547 91.3159836679697 263.1284755170345 3.8350715264678 0.2343878969550133 37.95598571002483 146.828292325139 6.063573494553566 317.2269281819463 74.99343075603247 665.8170331269503 886.2757422924042 50.40752708911896 3.605356507003307 747.1036897152662 2.814496360719204 422.7223185151815 9.642504654824734 354.7090178132057 154.637911811471 735.9169807881117 166.7713818177581 1385.578564308584 374.6620941087604 39.95894398540258 4.295312151312828 0 0.6741644144058228 2.799833357334137 2.891902223229408 0 0 10.81353510916233 0.3729722797870636 9.704846978187561 4.085460245609283 0.1523499041795731 3.457148522138596 0.5276234596967697 0 1.006518006324768 2.247454509139061 0.1898545920848846 0.09288179874420166 0 4.352804720401764 0 2.095613688230515 1.088621445000172 39.64670423418283 0.3428143560886383 1.761407017707825 9.975790962576866 52.50937870144844 2.015594899654388 0.9914056360721588 0.1111223772168159 0 0 0.6446160078048706 0 10.26073853671551 0 1.762414298951626 0.3768439292907715 0 0 0 0
1334.659265317023 3.943658165633678 2869.952698171139 32.43377669900656 4.457040205597878 1215.781626679003 9451.116186089814 7189.662000380456 77.6791469976306 8079.326733589172 38.86390750855207 80.41680357605219 14.56270494312048 10457.34411910921 14.12502135336399 3.963527768850327 815.2233412340283 34.2960292994976 99.79976182430983 1.800617352128029 250.8284409418702 1.927926272153854 1434.342530377209 261.1177063584328 1.152983285486698 1263.482525147498 179.1722466275096 11234.07610619068 1309.234598316252 2794.327873528004 0.403333492577076 17.21754374355078 110.6550757661462 497.1117121949792 92.30302643030882 2174.278502292931 76.60407715290785 1164.321421667933 514.5930113941431 327.9593705385923 95.16264762729406 4.915381707251072 30.15348437428474 1.993107497692108 1.034523695707321 17.17913822084665 25.81902950257063 0 1.772789627313614 93.97620753198862 1.347971357405186 43.61034190654755 25.01143033802509 0.3716809004545212 1.696047395467758 0.09100206196308136 0.168259471654892 0 9.272745028138161 1.905928805470467 0.2962696254253387 0.8652345985174179 9.598866291344166 0.2235870808362961 3.387071207165718 15.0424158424139 187.4377424940467 1.063252203166485 6.429679945111275 45.91508835554123 437.9711421355605 3.026731006801128 2.078533679246902 0 0 0.5602057799696922 2.154685124754906 1.238364517688751 67.79886642098427 1.380033791065216 9.773222744464874 6.288825646042824 8.188735492527485 0 3.051803290843964 0.3191672563552856
285.5613961368799 0.4633306935429573 946.8518483191729 119.0149533078074 33.52746494859457 6620.174500137568 7189.662000380456 10283.91222640127 11.06086960434914 5997.175774775445 227.3409806638956 1210.409203849733 35.79055803269148 4818.757314115763 264.6097065880895 0.6574207618832588 1016.248430512846 125.5326430499554 331.3816207647324 207.9705395251513 38.66472400724888 0.1015841066837311 280.3717333450913 76.56053977459669 3.700910910964012 842.750799164176 166.3712907731533 491.3506120815873 1526.966560341418 685.4355628117919 3.982074342668056 266.8529748246074 52.41789617389441 634.6459059119225 13.49167820066214 356.8647210150957 52.02411808073521 504.2900589779019 111.6184141114354 454.9624711051583 310.6753742769361 9.875581577420235 4.374303288757801 0 1.492282390594482 4.404853396117687 0.8878326565027237 0 0.09444434195756912 7.499674297869205 0 5.158393628895283 0.9720650613307953 0 1.17722138017416 0.283997431397438 0.1538069844245911 0 1.898081757128239 0.5104721486568451 0.4368781596422195 0.1016145721077919 0 0.4238844960927963 0.4219048619270325 0.3719269409775734 21.78078949451447 0.1436922997236252 3.122681431472301 8.533284932374954 29.26029158383608 0.8193972408771515 3.646848544478416 0.1373974978923798 0 0 0.5959642082452774 0 7.104927681386471 0.1975496113300323 1.315757609903812 1.016654640436172 0.1385219246149063 0 0 0
8.615103274583817 330.7322593554854 0.5579586029052734 2449.548118285835 49.76428279280663 168.2713486254215 77.6791469976306 11.06086960434914 876.5463258996606 347.8603015467525 1.309476375579834 963.2216038331389 11.27180828154087 17.21668921411037 819.9889652729034 527.9285103678703 2.635019265115261 0.5966599732637405 1.47400277107954 804.1347942948341 285.8140519186854 2125.88418456912 57.23937300592661 11511.96736591309 184.7111788541079 4.956189513206482 336.8287306651473 2952.639164544642 68.38698971271515 163.1335682570934 1.077474817633629 2.152009792625904 9.909675516188145 19.73750465363264 5.088011212646961 198.7830983176827 18.33126573264599 48.17973067611456 25.56763746589422 538.2919732108712 6.667862631380558 3.274781912565231 1.178361415863037 1.605339147150517 4.326760739088058 1.259455040097237 150.52278457582 0 11.93801252543926 77.93088626116514 4.570693477988243 39.03607286512852 116.0320105031133 0.8965051174163818 48.43808177858591 2.288944892585278 4.231846421957016 2.876955986022949 842.6189407408237 0.3912444710731506 0.6459012180566788 0.1983299925923347 75.11498646438122 167.3288370072842 71.85528142005205 77.68918908387423 1304.013794206083 2.533145152032375 3.309411734342575 8.772462151944637 1040.810341581702 22.62206607311964 39.58851083368063 0.633978933095932 0.9205961227416992 2.419722959399223 5.492272526025772 0.9220914244651794 88.75024959445 0.932217612862587 15.54650118947029 6.43331341445446 27.20746914297342 0.968075729906559 0.1286715865135193 0.7668656706809998
7.398767732083797 0.3252413645386696 352.2292309179902 2335.393154844642 9.22004409134388 4747.757299341261 8079.326733589172 5997.175774775445 347.8603015467525 32238.4755890891 66.45811715722084 7318.093525484204 13.18043794482946 1349.277341507375 29.59413403272629 0.3451023697853088 115.7544781267643 46.29380315542221 71.52720104902983 2816.713462285697 5.67091853171587 0.6377579569816589 79.87075419723988 200.8860710263252 2.452015168964863 340.0045141726732 64.57259045541286 6827.450529672205 1281.722394429147 22.2881318628788 1.614822246134281 49.20644821971655 4.514450497925282 513.0675651282072 62.86666061729193 990.7552400007844 57.9654900059104 1608.122417025268 285.1049797162414 705.6370735317469 184.236579708755 12.40770811587572 61.27721896767616 0.2652270793914795 1.616812005639076 3.522172257304192 101.1527435258031 0 3.677393786609173 22.7234979569912 0.5419920608401299 45.73344780504704 58.89880096912384 0 16.6543163061142 0 0 1.194221019744873 2.552504427731037 0.5762829184532166 0.08038576692342758 0.1732888370752335 38.38408276438713 0.1029879301786423 0.5783210247755051 1.369351528584957 164.1595528945327 0.3964221403002739 1.512065075337887 12.55993861705065 231.592016376555 0.144900768995285 0.2013792544603348 0 0 0 0.108014389872551 0.9252797663211823 14.10398823022842 1.367049306631088 1.087119147181511 0.7219642177224159 10.55319477617741 0 0 0.1273471713066101
9.502926364541054 11.54481486231089 47.14840360730886 11.05589320510626 225.7300217598677 244.8974874913692 38.86390750855207 227.3409806638956 1.309476375579834 66.45811715722084 6416.325498536229 139.3043633177876 1255.51645309478 158.652174860239 39.14095003157854 1.304542362689972 79.86437446624041 3544.120378851891 811.0806796997786 20.45743332803249 23.46106058359146 4.109648257493973 38.6556890308857 8.804064974188805 332.5081187337637 3105.305627502501 1379.927649065852 31.55148983001709 653.2247470095754 59.99934341013432 260.2307346984744 356.7032900899649 5.314006447792053 3885.972594492137 12.81503888219595 488.1154437214136 2273.175359643996 2658.283989019692 565.9121954068542 51.54458048939705 324.1363102272153 563.7598671242595 17.10220335423946 0 1.766535416245461 0.4132742583751678 0 0 0 0.1370462775230408 0 0 0 125.6205922067165 0.1922783926129341 710.3651468008757 0 0 0.5482214540243149 0.9418466240167618 35.0672364756465 6.923337563872337 0 0.08884933590888977 0.3887398838996887 0.2268170118331909 2.632026940584183 44.55649473518133 60.27910037338734 113.9682537317276 3.16580519080162 0.3897527009248734 0.13649782538414 28.75331004709005 0.1422172784805298 0 1.286987692117691 0 2.624898731708527 345.3517486676574 10.25128021091223 4.268852934241295 0.2566750943660736 0 111.4057875201106 0
0.9474851116538048 8.735885441303253 1.748564071953297 8925.031607866287 28.8184023052454 5825.450331352651 80.41680357605219 1210.409203849733 963.2216038331389 7318.093525484204 139.3043633177876 6742.749696791172 26.95568324625492 835.341568723321 688.7785266116261 0.6573037952184677 6.648890040814877 79.83303716778755 89.74939124286175 3925.530686102808 0.7937847077846527 60.06735827028751 4.145928896963596 493.3674470111728 7.670896776020527 62.70640043914318 51.24507087469101 1293.237545244396 810.3641430214047 16.87626442313194 2.130127690732479 104.7994108945131 0.30337805300951 382.9951275959611 21.63054639846087 497.5505278930068 106.359321475029 972.8133766874671 90.596585303545 811.9174327850342 83.66349886357784 9.742136165499687 11.22043766081333 0 0.1919998005032539 0 77.90389095246792 0 0.6770719587802887 9.171190530061722 1.078523010015488 13.43009402602911 42.49814137816429 0.2775502577424049 65.2396188005805 0.234077163040638 1.136257953941822 1.894195020198822 0.7005471736192703 0 0 0.6234597340226173 25.94976577907801 0.8912456035614014 1.042917251586914 0 64.54161794483662 0 1.035622648894787 1.798979118466377 76.48837461322546 1.265684947371483 3.004557847976685 0 0.4555263891816139 0.7307437062263489 0.9655072689056396 0 8.625341147184372 0 4.261640764772892 0.6232788488268852 9.424402609467506 0 0.2843558192253113 0
0.4516957923769951 123.3595320433378 11.73215585947037 2.729559116065502 29.45825681090355 54.64128817617893 14.56270494312048 35.79055803269148 11.27180828154087 13.18043794482946 1255.51645309478 26.95568324625492 2334.513977907598 16.31572415679693 10.08894994109869 10.40578200668097 2.520191617310047 23.76098493486643 8.477058634161949 2.040615096688271 1.131760403513908 38.0705661252141 5.476278476417065 27.54189331829548 2950.818653017282 544.9888912662864 4098.664372384548 22.88283425569534 62.076046846807 0.9472877383232117 305.8040331974626 54.64775090664625 0 1863.391334727407 0.9103948324918747 241.5736387446523 2644.222792036831 2006.585236467421 259.7857993021607 13.53529971092939 179.9002756625414 1535.942012771964 46.70155782997608 0 14.85264462977648 2.099290654063225 0 0 0 0.6590517908334732 0.09753435850143433 0.438937596976757 0 307.2930428832769 0.1294402778148651 1597.948354020715 0.359626367688179 0 0.5341584086418152 0.9603096842765808 80.07532474398613 15.91657124459743 0 0.2610180824995041 0.9920568093657494 0.147685781121254 0.4913002401590347 289.4812916442752 181.6737678050995 354.9510898143053 0.7698439955711365 0.7307325378060341 0.09719627350568771 88.75019128620625 0.2580914497375488 0 2.937617719173431 0.1364192217588425 12.46758258342743 863.2393704429269 26.22810255736113 5.831881068646908 0 0.2900173142552376 440.4061378464103 0
5384.40790078789 0.6623537912964821 375.0391894206405 131.5813455209136 18.78731962293386 757.7978908419609 10457.34411910921 4818.757314115763 17.21668921411037 1349.277341507375 158.652174860239 835.341568723321 16.31572415679693 11720.37665335089 70.56808915734291 1.625239998102188 839.2539139688015 100.623744212091 311.9851147010922 173.0667221620679 97.67641762644053 0.9301736205816269 195.9578588828444 116.8997190445662 1.040172383189201 305.7077788040042 113.7731977328658 755.4927914217114 5472.546035833657 2807.659399516881 1.084059178829193 89.06591917574406 64.20192617923021 906.380677588284 15.10759989917278 446.8694968000054 41.83440959453583 655.2651031911373 86.20131080597639 292.8125565648079 49.17240250110626 6.473595917224884 4.156181365251541 0.4281752407550812 0.4239194095134735 1.415083147585392 2.272230476140976 0 0 4.388149298727512 0.5153360143303871 6.798216164112091 1.462122276425362 0 0.442778006196022 0.139714851975441 0.303633451461792 0 5.024652913212776 0 0 0.5381894707679749 0 1.194172523915768 0.7601617351174355 0 22.39551678299904 0.1258366852998734 3.241064578294754 3.780442923307419 35.96985540539026 0.6244553700089455 0.9310706406831741 0.1103415116667747 0 0 0.2420662492513657 0.354379266500473 9.222716465592384 0 0.2309794500470161 0.6650182083249092 0.3990122824907303 0 0.1119470074772835 0
0 2.867027476429939 0.2806336879730225 190.6586650833488 1697.025945499539 471.0653365701437 14.12502135336399 264.6097065880895 819.9889652729034 29.59413403272629 39.14095003157854 688.7785266116261 10.08894994109869 70.56808915734291 631.8431813567877 0 0.1093055009841919 7.203397512435913 4.31124833971262 124.5065029039979 0.2073718905448914 28.48021170496941 0 138.8616922572255 4.414056546986103 4.860256910324097 7.212449751794338 72.76163908094168 57.5133003666997 0.1164424940943718 0.1144312620162964 240.7724775150418 0 64.08121812343597 1.164470121264458 166.8795401751995 13.29193016886711 98.39612577855587 35.34935738146305 730.0822890251875 218.9868537336588 15.9031580016017 5.187376230955124 0 0 0 2.598522812128067 0 0 0 0 1.159500256180763 0.4655983746051788 0 1.96150815486908 0 0.3569584488868713 0 0 0 0 0 0 0 0 0 8.213333129882812 0.3498358130455017 0.1100949645042419 0.1404181867837906 4.185619369149208 0 0 0 0 0 0 0 4.190821647644043 0 0 0.3650876879692078 0 0 0 0
0.3248012438416481 317.4914965182543 2.863347887992859 0 0 0.4390839338302612 3.963527768850327 0.6574207618832588 527.9285103678703 0.3451023697853088 1.304542362689972 0.6573037952184677 10.40578200668097 1.625239998102188 0 1957.259272411466 5.966761782765388 0.5123874321579933 2.952369675040245 0 4517.995198018849 4818.894872128963 2255.707383029163 4690.17645483464 68.13770013302565 10.21313977241516 1965.902734965086 2788.923907570541 3.940684258937836 221.3526238873601 0.4285603910684586 0.3199968934059143 0.2976224273443222 38.8373184800148 19.15235838294029 1129.397709421813 531.5343971773982 220.5444954261184 426.494409583509 26.57408536970615 2.457492657005787 2.354836009442806 4.469931676983833 0.5138849467039108 8.38514044880867 12.7943494617939 1.234649986028671 0 1.122371219098568 10.36808805167675 1.007455058395863 15.15279395878315 5.196848310530186 0.813658282160759 0 2.320642091333866 0.7305145636200905 0 3469.577982738614 2.138393960893154 0.3794210255146027 0.8524916395545006 0 341.6959188729525 804.706851772964 1257.745498642325 259.1125204265118 0.9474542811512947 6.723042644560337 309.4932243525982 313.9984112456441 5.240970142185688 18.03845833986998 0 0 0.5269818231463432 3.125251583755016 3.795061692595482 102.0629562214017 10.71560217440128 28.6667371019721 41.64848821610212 4.485597871243954 0.8097249269485474 0.2238781154155731 0.9588665962219238
110.5619922950864 101.8078212887049 3691.142548523843 3.993293650448322 2.290330976247787 73.98199107497931 815.2233412340283 1016.248430512846 2.635019265115261 115.7544781267643 79.86437446624041 6.648890040814877 2.520191617310047 839.2539139688015 0.1093055009841919 5.966761782765388 1462.022434219718 147.6407879814506 1054.910831958055 1.586781114339828 843.3295396566391 4.593112364411354 3409.825919747353 131.4422171115875 3.168394088745117 3023.384651221335 6692.043462686241 445.5727336108685 636.4677915200591 1295.702482692897 0.5925008803606033 6.987050496041775 22.6724476069212 2101.670025147498 7.680952623486519 336.105535261333 122.1229719594121 968.8591946214437 328.3147629126906 4.922577381134033 1.742376819252968 0.5563067942857742 0.6163540780544281 0.269302062690258 48.12653355300426 132.6301732733846 0 0 0.129179060459137 5.667324788868427 6.494144752621651 0.6096432283520699 0.5611630901694298 0.7977665960788727 0 2.199659556150436 4.915124572813511 0 3.003166511654854 43.18419397622347 1.766347847878933 28.89170499891043 0 0.3763006627559662 3.41096106171608 13.70152735710144 3.99457099288702 3.135448791086674 443.5627006292343 598.6217518001795 5.060923963785172 0.7292459383606911 1.843298427760601 1.12491150200367 0 0 9.682576686143875 2.872667968273163 33.41111585497856 9.919407613575459 17.43912271410227 9.376094900071621 0.2528785169124603 0 0.1080940663814545 0
10.11760848760605 2.078212328255177 36.15259401500225 6.72841177880764 30.5168846771121 99.9176319539547 34.2960292994976 125.5326430499554 0.5966599732637405 46.29380315542221 3544.120378851891 79.83303716778755 23.76098493486643 100.623744212091 7.203397512435913 0.5123874321579933 147.6407879814506 51.12261299788952 601.3511165380478 12.62169718742371 17.71173318475485 0.3594530448317528 55.73707701265812 9.675436176359653 14.96988802403212 1385.932248689234 440.5903893262148 20.44908042997122 222.0975104048848 65.92084645479918 8.931882187724113 67.4117233902216 3.228991262614727 1276.218986652792 10.48227314651012 737.7875271141529 1748.406811408699 1290.466568648815 481.5616673156619 20.31657134741545 29.46687499433756 20.84400843083858 2.466854408383369 0.1197564974427223 1.591303646564484 0.7347621768712997 0.1026973202824593 0 0 0.3832301422953606 0.1181422472000122 0 0 15.98944070935249 0.3228149339556694 77.57946143299341 0.4794662371277809 0 0.1495437771081924 0.4150086119771004 45.23979727178812 24.28101020306349 0 0 0.2683664709329605 0.122406080365181 2.198486767709255 11.4327767342329 123.9987733513117 139.0558232590556 1.399749889969826 0.4607462882995605 0 14.0050176307559 0.1439072042703629 0 2.665547646582127 2.094312965869904 6.606994524598122 7.343453750014305 8.471967861056328 2.889411747455597 0 0 0 0
40.62529476732016 6.457524463534355 174.8696888312697 6.54594162106514 26.46980398148298 91.3159836679697 99.79976182430983 331.3816207647324 1.47400277107954 71.52720104902983 811.0806796997786 89.74939124286175 8.477058634161949 311.9851147010922 4.31124833971262 2.952369675040245 1054.910831958055 601.3511165380478 575.0354188010097 15.80824767053127 108.2439073249698 2.567779198288918 258.2139319181442 15.19756856560707 6.14464695751667 3787.075635708869 1791.785500362515 52.29669381678104 519.6029024720192 320.8230224102736 2.734018459916115 47.30644556134939 14.98787245154381 5098.394791610539 11.49023166298866 987.6876935809851 805.222408272326 1933.176664471626 906.7231292426586 22.35105264186859 10.19389224797487 4.341732501983643 2.828232981264591 0.460051067173481 10.94068430364132 7.844985947012901 0.1020285338163376 0 0 1.877325981855392 0.3493289053440094 0.1042728871107101 0.4688834324479103 11.85291910916567 0.1187155097723007 48.35908404737711 0.7931064367294312 0 0.4931530505418777 5.039334319531918 53.31924743950367 88.57847157865763 0 0.4458641111850739 0.9258716553449631 1.169215083122253 1.851827688515186 14.17370376735926 408.3958815634251 429.5816527828574 1.17135664075613 1.09486997127533 0.3583774268627167 10.5545312166214 0.1302880346775055 0 4.220880210399628 2.804535575211048 15.48143929988146 20.32687398791313 19.21709851920605 6.679052963852882 0.4074388295412064 0 0.5094508528709412 0.1636693328619003
0.6563760787248611 0 0.5479482933878899 2697.408680893481 2.948095798492432 263.1284755170345 1.800617352128029 207.9705395251513 804.1347942948341 2816.713462285697 20.45743332803249 3925.530686102808 2.040615096688271 173.0667221620679 124.5065029039979 0 1.586781114339828 12.62169718742371 15.80824767053127 358.8254467993975 0.09876028448343277 1.063431859016418 0.249473437666893 148.7259916812181 0.8835824280977249 9.979142807424068 5.934345357120037 1752.174891531467 199.931149750948 0.324735127389431 0.4044051691889763 13.81829331815243 0 92.74383814632893 8.245726384222507 147.0764824301004 8.954425379633904 256.00246604532 42.23125522583723 216.6369844600558 26.96770330518484 2.758042126893997 8.035770252346992 0 0.3276436626911163 0 62.15196222066879 0 2.285853937268257 8.080548487603664 0.5916947573423386 24.02931442856789 45.90495516359806 0 22.64583633840084 0.09664300829172134 0 0.2438872456550598 0 0 0 0 37.38963524997234 0 0.5835403352975845 0 85.94168741255999 0 0.1305867433547974 0.3943819254636765 118.9448300823569 0 0 0 0 0 0 0 2.716993451118469 0 0.1412725448608398 0 3.720494359731674 0 0 0
33.88069299608469 25.02873688936234 1615.015189051628 0.3875167891383171 0.2608465105295181 3.8350715264678 250.8284409418702 38.66472400724888 285.8140519186854 5.67091853171587 23.46106058359146 0.7937847077846527 1.131760403513908 97.67641762644053 0.2073718905448914 4517.995198018849 843.3295396566391 17.71173318475485 108.2439073249698 0.09876028448343277 10978.13935852051 314.3424169197679 11160.63846231997 142.7116025686264 11.51527632027864 116.7074837237597 980.145950101316 2746.227700971067 293.156338788569 7751.155823811889 0.3117444515228271 0.5920873656868935 11.63035593926907 3914.49095607549 141.6604332476854 6488.975320130587 1174.920666992664 5996.443605199456 4484.44005921483 100.1051887273788 11.85450155287981 5.164848424494267 35.96533761173487 0.949614018201828 0.7561031728982925 1.507138699293137 0.8703228533267975 0 0.5102709606289864 6.584463827311993 0.4854441806674004 7.768762342631817 5.974763080477715 0.47618168592453 0 0.1127975136041641 1.262871377170086 0 1021.430768020451 0.1242625713348389 0.1193724945187569 0 0 329.2910753637552 160.7982316017151 126.5934813022614 216.5963790565729 0.1219685897231102 0.9152340516448021 17.37425865232944 259.6948820129037 2.442459493875504 15.75611365586519 0 0 0.1315894424915314 0.9181236699223518 4.261969424784184 50.35924868285656 1.386636689305305 2.799815744161606 3.753602415323257 1.206105634570122 0 0 0.1807897835969925
0.3558752536773682 2005.141628012061 15.73083981126547 0.3332062214612961 0.3441550433635712 0.2343878969550133 1.927926272153854 0.1015841066837311 2125.88418456912 0.6377579569816589 4.109648257493973 60.06735827028751 38.0705661252141 0.9301736205816269 28.48021170496941 4818.894872128963 4.593112364411354 0.3594530448317528 2.567779198288918 1.063431859016418 314.3424169197679 1225.232110887766 628.2433758601546 5558.451790176332 1013.011940985918 18.80909886956215 3904.95159149915 206.2035697028041 3.069261983036995 43.47797119617462 2.995284423232079 0 0.2401093766093254 14.39545571058989 0.9936307519674301 49.66093283891678 18.11626438051462 20.36935453861952 19.76981960982084 23.64254510402679 0.7243219614028931 11.52266193181276 0.1196749657392502 0 31.05875603854656 198.4778322279453 0.6335273087024689 0 0.1040288507938385 3.662233166396618 0.2679708525538445 7.360706515610218 1.442781195044518 3.165871076285839 0.4584574997425079 13.28063659369946 0.3363561183214188 0 1503.336278498173 3.432513430714607 1.227030351758003 0.8063231036067009 0 51.19171961396933 270.7893133014441 528.1354362443089 38.32151460647583 7.238242879509926 16.14128226786852 1188.299255877733 29.14340914040804 0.1244882717728615 2.769344754517078 0.4195740818977356 0 0.564691036939621 8.185851208865643 4.576693385839462 104.8206956982613 18.15997883677483 52.44468123465776 54.27406834810972 1.770846366882324 0.2947515845298767 0.4937393590807915 0.3935248851776123
24.95500250905752 20.57995427399874 9260.46751460433 0.6026337444782257 0.1101137325167656 37.95598571002483 1434.342530377209 280.3717333450913 57.23937300592661 79.87075419723988 38.6556890308857 4.145928896963596 5.476278476417065 195.9578588828444 0 2255.707383029163 3409.825919747353 55.73707701265812 258.2139319181442 0.249473437666893 11160.63846231997 628.2433758601546 13126.16159876436 224.5555652678013 3.683227054774761 2823.986764319241 11111.29131321609 3265.604870192707 119.5808336287737 2866.904112622142 0.4240554869174957 1.826749823987484 7.94791816174984 2864.023334056139 200.5406953170896 10889.81444895267 6483.393601663411 8369.024666160345 8807.967513397336 402.3028028011322 19.51438518613577 10.14254861325026 49.33982986211777 0 12.19472803175449 210.7839362025261 0.1312159448862076 0 0.08131255209445953 7.272920124232769 2.270522825419903 0.9244186356663704 2.238859996199608 0.6257417947053909 0 0.273451030254364 0.4266129285097122 0 2422.281691938639 6.025606006383896 0.3326848074793816 1.166778892278671 0 118.2071551084518 680.2350496351719 1643.535457462072 41.98621943593025 1.512481302022934 9.388498350977898 1667.003936827183 54.05718622356653 0.4418142139911652 2.277097314596176 0.1655329763889313 0 0 21.80955866724253 17.2283096164465 185.3876035585999 38.5440376996994 136.9456142038107 112.8408663272858 5.715741328895092 0.8415130972862244 0.8381284773349762 1.373257860541344
49.7623358592391 555.974392786622 69.86201097816229 1787.493526794016 4.682842828333378 146.828292325139 261.1177063584328 76.56053977459669 11511.96736591309 200.8860710263252 8.804064974188805 493.3674470111728 27.54189331829548 116.8997190445662 138.8616922572255 4690.17645483464 131.4422171115875 9.675436176359653 15.19756856560707 148.7259916812181 142.7116025686264 5558.451790176332 224.5555652678013 8866.143061362207 153.9908849522471 155.0601763725281 3079.916835516691 6139.605035983026 451.6437242627144 665.4768202528358 4.527409270405769 4.618645839393139 87.01838389784098 241.1909761056304 63.16320619732141 1377.586831964552 86.57409811019897 577.302966363728 313.0708133801818 187.3405442908406 33.87999974191189 4.193898089230061 14.76928535103798 9.257349856197834 46.84843430668116 97.58195914328098 263.9451469630003 0.2146442160010338 17.75879683345556 467.711267888546 28.13351885974407 1061.564391799271 260.3682666942477 3.867058649659157 34.34017930179834 3.925617836415768 17.83218877017498 1.536796361207962 311.7719793468714 7.972857616841793 2.04429204761982 1.922527477145195 84.76810734719038 78.89057215303183 104.2587713077664 51.29922172427177 2786.274121142924 3.328912079334259 18.28817629814148 307.3554686456919 3890.884959287941 74.44282665103674 118.5662401765585 0.5248524993658066 1.615003682672977 6.03870628029108 16.80822710692883 3.43757152557373 402.4737129211426 9.503247052431107 98.44671854376793 38.09987825900316 61.66471441090107 5.267129331827164 0.2428629100322723 1.291304014623165
0 2186.734211042523 1.77487076818943 0.3296547383069992 0.8489367514848709 6.063573494553566 1.152983285486698 3.700910910964012 184.7111788541079 2.452015168964863 332.5081187337637 7.670896776020527 2950.818653017282 1.040172383189201 4.414056546986103 68.13770013302565 3.168394088745117 14.96988802403212 6.14464695751667 0.8835824280977249 11.51527632027864 1013.011940985918 3.683227054774761 153.9908849522471 1057.995172969997 206.0195574089885 3648.653299629688 16.9088676199317 5.854328624904156 1.382201872766018 95.53700049966574 4.474428087472916 0 463.9300582632422 2.356945797801018 911.1621531322598 701.5340213105083 948.2926116287708 171.4669705629349 134.2079108729959 185.2993086129427 578.896904706955 31.28039094060659 0.1668685227632523 61.65100647509098 1.992619447410107 0.8162620067596436 0 0 1.244173109531403 1.044392943382263 0.0811852440237999 0.354545496404171 236.0989688262343 0.2874295860528946 1505.903611660004 0.1128509864211082 0 0.5244626104831696 1.325227156281471 67.79026334732771 40.15860616415739 0 0 1.109652623534203 0 1.189559087157249 503.6569580584764 348.1273862197995 734.5591678544879 3.127443201839924 1.241545893251896 1.462445259094238 75.09007144719362 0.120241567492485 0 4.672530546784401 2.504199236631393 260.7632257863879 284.4699220582843 83.06865833699703 17.23559419810772 11.23594999313354 5.974033951759338 118.9693043604493 3.083808854222298
17.26001667231321 169.777078256011 10433.26083502918 9.980467736721039 24.25950795412064 317.2269281819463 1263.482525147498 842.750799164176 4.956189513206482 340.0045141726732 3105.305627502501 62.70640043914318 544.9888912662864 305.7077788040042 4.860256910324097 10.21313977241516 3023.384651221335 1385.932248689234 3787.075635708869 9.979142807424068 116.7074837237597 18.80909886956215 2823.986764319241 155.0601763725281 206.0195574089885 28037.9428947717 13589.41564196348 687.8318352997303 249.7066111862659 243.8574398085475 238.7379685267806 47.28379345685244 2.822785697877407 1475.139821432531 32.44205501675606 2613.035434260964 4259.063104018569 2807.720204137266 1184.859824717045 50.92944404482841 24.07854333519936 65.44303222000599 6.521972522139549 3.113548815250397 200.5385836362839 311.9958922490478 0 0 1.318120837211609 23.87668115645647 20.95112012326717 1.814102783799171 1.985621564090252 114.9665488377213 1.899300180375576 733.4300196543336 16.06352329999208 0 9.498159922659397 147.6663538739085 322.8349619805813 535.4679620787501 0.1334671229124069 4.01551278680563 17.85902316123247 18.35832624137402 9.922902926802635 190.4601246640086 3201.483683675528 4510.566069714725 11.37706859409809 10.84649869054556 11.17504501342773 88.2873393073678 1.950021684169769 0.215251088142395 58.31466829031706 10.62408491969109 167.8581329509616 176.1323587745428 216.5900046601892 53.65221065282822 1.963473111391068 0.5467779040336609 4.890433982014656 3.666433244943619
10.19229439646006 6462.356857791543 7884.017873950303 4.848442979156971 7.717915780842304 74.99343075603247 179.1722466275096 166.3712907731533 336.8287306651473 64.57259045541286 1379.927649065852 51.24507087469101 4098.664372384548 113.7731977328658 7.212449751794338 1965.902734965086 6692.043462686241 440.5903893262148 1791.785500362515 5.934345357120037 980.145950101316 3904.95159149915 11111.29131321609 3079.916835516691 3648.653299629688 13589.41564196348 29645.17086794972 1625.962480142713 133.4132387042046 96.41253151744604 880.0603029355407 28.01574852317572 1.36919055134058 3871.317602805793 163.740802846849 7204.414404205978 2469.133178174496 7617.699531555176 4129.782820686698 453.3819705918431 20.27672752737999 95.17319505661726 52.62421614676714 5.522051148116589 2213.763847179711 3253.580213904381 1.83079332113266 0 2.985007382929325 108.927763491869 76.43730387091637 5.703815266489983 12.81757555902004 184.8002183958888 1.787434838712215 1100.929714985192 46.82821920514107 0.112666130065918 1386.2874013111 440.7434267774224 379.6240965425968 677.3058816939592 0.7240907847881317 67.83510514348745 1793.689479038119 2334.274374939501 84.29455477744341 871.2393961697817 5180.953029260039 18961.75447939336 69.57910445332527 19.0642271488905 27.44191804528236 161.900738209486 3.392358474433422 0 252.254372343421 42.6079839989543 997.1650313585997 494.6076634377241 949.6884575858712 517.0880272015929 17.19024379551411 1.000750228762627 35.35044552385807 6.782946117222309
187.8734417930245 34.03238651901484 1788.273087069392 6281.769003070891 7.431274235248566 665.8170331269503 11234.07610619068 491.3506120815873 2952.639164544642 6827.450529672205 31.55148983001709 1293.237545244396 22.88283425569534 755.4927914217114 72.76163908094168 2788.923907570541 445.5727336108685 20.44908042997122 52.29669381678104 1752.174891531467 2746.227700971067 206.2035697028041 3265.604870192707 6139.605035983026 16.9088676199317 687.8318352997303 1625.962480142713 17472.08923096955 2518.453154340386 9105.48334235698 0.3343046754598618 22.77490812540054 344.6649906858802 1259.949142478406 279.5852762237191 6558.390206664801 555.7044394686818 3023.395819172263 1672.416064545512 537.3032045811415 196.3368575274944 18.41962203383446 82.37422540783882 8.817542709410191 10.16613253951073 45.61955282092094 462.7492095381021 0.07732319831848145 29.72898865491152 732.6993274465203 37.32347849011421 814.6428910195827 433.3048111945391 3.37239433079958 85.01000767946243 2.442343764007092 19.26841779053211 3.063154503703117 555.3739290982485 5.545160703361034 0.4212356060743332 1.798984616994858 170.4188349619508 181.9844310805202 134.3241599947214 75.23636300116777 3173.585105516016 3.88660329580307 11.54589980840683 177.4014821499586 5179.862295031548 93.22145615518093 163.1111324802041 0.537587583065033 3.534842222929001 4.99140989780426 19.17036507278681 6.716754034161568 484.7517860680819 5.873257629573345 106.9081763625145 38.42450777441263 79.27380584925413 5.59209343791008 2.102322801947594 1.876693390309811
2767.999691724777 0.9357472509145737 125.8787946030498 209.0456778109074 125.9461517855525 886.2757422924042 1309.234598316252 1526.966560341418 68.38698971271515 1281.722394429147 653.2247470095754 810.3641430214047 62.076046846807 5472.546035833657 57.5133003666997 3.940684258937836 636.4677915200591 222.0975104048848 519.6029024720192 199.931149750948 293.156338788569 3.069261983036995 119.5808336287737 451.6437242627144 5.854328624904156 249.7066111862659 133.4132387042046 2518.453154340386 15964.02480205894 5938.780894733965 4.930826865136623 1733.494192056358 2966.271773047745 3772.548169434071 42.36737436801195 725.3357959464192 114.3011204078794 2776.763135306537 342.9282367676497 304.753066778183 160.3839041739702 19.49284185469151 6.730984076857567 0.2704309821128845 0.349973276257515 0.7550253048539162 2.518853239715099 0 0.0897313579916954 19.07991404831409 1.168218590319157 23.02595958858728 3.208476521074772 0 1.623833350837231 0.382804661989212 0.5793045908212662 0 5.86156614869833 0 0.2243512719869614 0.2001646384596825 2.043128550052643 2.39676671475172 2.00298810750246 0.8011037334799767 80.09590476751328 0.3839333951473236 2.284245543181896 7.184072010219097 133.9874945729971 1.18700934946537 2.137212738394737 0 0.0904872938990593 0.2171597480773926 0.5125711038708687 2.003077432513237 15.33634513616562 0.1273557245731354 2.620275028049946 1.800966650247574 1.518977910280228 0.09619522839784622 0.4517751261591911 0.1148609891533852
