1159.507554247975 0 242.6197793856263 1.946217112243176 1.32298070192337 9.140099387615919 1191.447965174913 610.9826438650489 2.72626106441021 17.51393036544323 10.18362192809582 1.131952509284019 0.4962364956736565 5804.924337334931 0.2183493077754974 0.1153337359428406 181.6842496916652 6.786594063043594 18.35016429051757 6.506396494805813 4.036002941429615 0.4408717304468155 98.65673513710499 54.05094049870968 0 56.27567594498396 23.37722963839769 59.90564805269241 2529.505663536489 1896.474887058139 0.4903285577893257 11.05928242579103 65.12705298513174 98.78948307782412 2.08942574262619 14.88416731357574 5.372166834771633 106.4658300802112 11.90126637369394 1.934082165360451 2.291687026619911 0.1004600748419762 0.3251906633377075 0.212069496512413 0.1100444570183754 0.3037793040275574 0 0 0 0.1031302064657211 0 0.6243822574615479 0 0 0 0 0 0 0.6968166902661324 0 0 0 0 0.4454791620373726 0.284849040210247 0 2.005364753305912 0 0.1951202973723412 0.9047755673527718 3.901628375053406 0 0.7298917099833488 0.08745979517698288 0 0 0.1962627395987511 0 0.5328082144260406 0.3196912705898285 0.8047859370708466 0.1074913889169693 0.2682112455368042 0 0 0
0 25.19177117943764 3.729070261120796 0 1.043823681771755 0.5911281332373619 0.1882485821843147 0.09315440803766251 381.8531164750457 0.123555488884449 54.15524135529995 1.824448183178902 258.537274248898 0.09449516236782074 16.70076224207878 154.8401597067714 4.560059726238251 21.77941961586475 29.49559812992811 0.4934969991445541 7.296239443123341 1639.928854338825 5.691947437822819 707.1946935877204 1347.110447518528 366.9536598771811 5652.565139420331 9.62200640141964 0.4011048078536987 2.231875874102116 59.90969567745924 0.5077976211905479 0 67.35934764891863 0 6.591456435620785 53.35639691352844 29.90253221988678 3.6129459887743 27.44556420296431 0.3170143663883209 206.0826599150896 0 0 24.33604680001736 8.713780596852303 1.08691443502903 0 0 0.356267973780632 0 0.2766432762145996 0 4.309746570885181 2.165190063416958 8.54794354736805 0 0 1.34814864397049 0.5291697680950165 0.9065856486558914 6.753333769738674 0 0.1641132384538651 5.06099146604538 0.6043285578489304 0.7163796797394753 4.5600780621171 56.34967013448477 221.7152001559734 0.1280938982963562 0 0 5.516745664179325 0 0 0.1615506857633591 0.2862526476383209 0.7274206578731537 16.74379113316536 2.21314525604248 0.6240526437759399 0 0 0.6300237029790878 0
242.6197793856263 3.729070261120796 4125.4371111691 13.17678145319223 3.057734586298466 156.3785462230444 964.6469464227557 761.152710698545 0.6431117802858353 55.48206036537886 21.56061990559101 1.358537718653679 1.076792553067207 749.6347095891833 3.007518894970417 3.511902205646038 7074.986130848527 71.63212722539902 301.2488559260964 14.13238278776407 326.994332022965 2.252345517277718 8919.479270860553 30.36491037905216 0 5435.14647603035 4980.769654624164 639.0238548219204 390.3701868951321 1258.866591237485 2.480175204575062 15.24940823763609 14.41969901323318 995.1944444403052 49.87625043839216 1291.071651294827 2831.758295156062 2388.535652197897 507.057317905128 49.58874750882387 17.90985123068094 12.63519383966923 4.966199450194836 0.822287917137146 23.89629047363997 213.4010924547911 0 0 0 1.372755445539951 0 4.377150416374207 0.1793546229600906 0 0 0 0.6199432089924812 0 6.06755518913269 14.19693315029144 0.1684371083974838 7.815635316073895 0.170363649725914 0.8950240612030029 25.16332158446312 12.73782314360142 8.492710098624229 0.3672601878643036 102.3389968648553 998.7481766119599 9.626748725771904 1.989059656858444 1.629813998937607 0.1896289214491844 0 0 1.858942866325378 15.97725521028042 35.44159740954638 77.60312610864639 21.43705523759127 9.624088570475578 1.032210886478424 0 0 0
1.946217112243176 0 13.17678145319223 2400.861490696669 3.502063602209091 68.40386292338371 211.8293575420976 45.66872575879097 677.9026824235916 6217.531136520207 6.715421818196774 523.1743380129337 0.2704491913318634 52.25316179543734 60.46552134305239 0 0.9331596419215202 0.8967363461852074 2.590754829347134 3196.311738424003 1.380589544773102 0.4556451439857483 3.033234149217606 1658.80136462301 0.07359132170677185 9.577900245785713 1.585051000118256 2284.431085504591 60.06337963044643 4.993563413619995 0.1583463698625565 4.466277569532394 1.863965138792992 18.8822979927063 7.814422324299812 106.7265254929662 2.68472358584404 97.27952824532986 20.99449112266302 137.0388146862388 16.7398724257946 0.6210962459445 2.978301480412483 0.2575539797544479 0 0 94.49471668899059 0.7826523780822754 6.060368746519089 29.98989871889353 6.191280879080296 121.1598616912961 32.81604513525963 1.10841828584671 40.71579045802355 0 2.541251420974731 0.1457930952310562 0 0 0.2808076441287994 0.09356136620044708 73.2161261215806 0 0.3766305297613144 0.2371293902397156 207.0231699198484 0 0.118814654648304 0.1772234737873077 139.4885703772306 6.244927078485489 0.2024812921881676 0 0.09484872967004776 0.8016490042209625 1.511609874665737 2.404012143611908 10.99483515322208 0 10.08892212063074 0.6046949550509453 41.75135637074709 1.519884698092937 0.3281965851783752 0
1.32298070192337 1.043823681771755 3.057734586298466 3.502063602209091 164.094485104084 1107.166808404028 30.39335288107395 123.4761219918728 104.3545938283205 26.06704061478376 125.3112894073129 166.1966999992728 13.41032472997904 8.328304141759872 1343.151271492243 0 1.676042348146439 9.062316752970219 8.774302922189236 26.17548552900553 0.2191889509558678 5.193837724626064 3.543123550713062 36.82628545165062 1.680187709629536 17.74339162558317 3.683664463460445 8.580097191035748 32.49148044735193 2.837046168744564 2.80303293466568 312.7072924226522 1.787180341780186 437.7220643088222 3.761410146951675 71.77823107689619 10.09367437660694 419.3168650195003 77.53468652069569 2477.889763973653 34.94875220954418 15.73061513155699 3.155032806098461 0.09247048944234848 0.1354681998491287 0 0.3016687631607056 0 0.3850090205669403 4.447967827320099 0 3.577452197670937 0 0 0.09033650159835815 0.1676274016499519 0 0 0.1179365515708923 0 0 0 0.5903717279434204 0 0 0.1061352863907814 2.100386872887611 0 0 0.2563473805785179 3.472930260002613 0.2679449021816254 0 0.09156367927789688 0 0 0 0 0.7146338224411011 0 0 0 0 0 0 0
9.140099387615919 0.5911281332373619 156.3785462230444 68.40386292338371 1107.166808404028 7008.512399017811 3094.051227673888 4333.521575089544 54.74907433241606 5574.922878995538 79.46446506306529 4481.449816256762 11.59275668114424 493.9622581899166 954.3912312909961 0.4229185208678246 20.08464702218771 12.53273038938642 16.10849496349692 556.1566295847297 5.220208585262299 1.09213662147522 31.83797355741262 172.5548317581415 0.5525618493556976 89.57044158130884 19.90169407427311 833.4530753903091 149.1862678341568 97.15782574936748 3.605993434786797 273.3014489002526 2.986433438956738 151.443574398756 6.882845349609852 167.8016660809517 17.51783386617899 321.416458055377 55.75109602510929 1881.03007902205 55.19819415360689 7.628958635032177 10.80320262908936 0.1095066517591476 0 0.09401370584964752 6.96102400124073 0 1.727420955896378 4.231583312153816 2.454760864377022 8.053336441516876 4.240147665143013 0.1108840629458427 3.975542783737183 0.06893599778413773 0.4787668585777283 0.4438023716211319 0.520377516746521 0 0 0 10.32533559948206 0 0.2913405671715736 0.6891520544886589 41.75191295146942 0.1279937773942947 0.9131795391440392 1.966415196657181 33.10854314267635 2.792437188327312 0.2865779176354408 0 0.5492979735136032 0 0.176231823861599 0.6162177622318268 8.405171200633049 0.5584264770150185 5.25365985929966 1.138788975775242 3.712516345083714 0.354977086186409 0 0
1191.447965174913 0.1882485821843147 964.6469464227557 211.8293575420976 30.39335288107395 3094.051227673888 11526.55583202839 3942.157585814595 79.0944351926446 3958.228414844722 50.79675755277276 20.2446386963129 6.058431316167116 3724.285686936229 45.86448218673468 5.157856680452824 55.1537145152688 13.57175938040018 29.57022166252136 178.2184505984187 63.24349571019411 2.916634507477283 394.9248366132379 1849.154908627272 0.9404881373047829 301.6340502426028 156.6158517003059 18991.93948994577 778.1404274217784 3156.690850250423 2.393384531140327 55.65196724236012 20.09742502868176 189.8589752614498 54.92082142829895 664.1995049417019 63.09893999993801 718.9514377638698 222.7269149497151 169.189466111362 95.14929722249508 3.360041677951813 16.24930547177792 3.610035851597786 0.77691300958395 0.7003094479441643 38.39777401089668 0.4929039478302002 5.104469291865826 57.09311340749264 13.00374936312437 83.77232798188925 23.22219789773226 2.16482575237751 8.059458822011948 0.3196933642029762 9.791488274931908 0.4049052298069 5.647805899381638 0.2403921335935593 0.07716670632362366 1.23211745172739 43.04863231629133 0.49977707862854 6.936495371162891 3.730600349605083 249.5622888430953 0 1.200115218758583 11.46576830744743 213.9811822921038 8.906784623861313 6.16152212023735 0.1150402724742889 1.0718644708395 1.813371144235134 5.666702449321747 2.378164000809193 78.29100704193115 1.158572882413864 33.3925231769681 8.05928460508585 48.29641261696815 6.773391932249069 0.2797048091888428 1.17663499712944
610.9826438650489 0.09315440803766251 761.152710698545 45.66872575879097 123.4761219918728 4333.521575089544 3942.157585814595 8527.384908724576 19.74510630965233 2057.517116740346 147.7271088734269 922.649397470057 15.76088267564774 5251.67236225307 159.0519831106067 0.6196343973278999 260.8450023531914 25.02756221592426 39.94000886380672 398.5799736529589 5.887862130999565 0.1535036712884903 158.3454416543245 181.259288392961 2.933805927634239 259.0963737107813 54.60947863012552 410.4258107431233 565.729083571583 1149.538380771875 4.777989149093628 278.7288698330522 5.359799049794674 203.8816829845309 3.313639625906944 258.6042877957225 33.07205142080784 354.7584453001618 47.43039748072624 686.4424690976739 19.56619346141815 7.358524329960346 5.470143400132656 0.09739946573972702 0 0.3671826422214508 4.075333274900913 0.09495510160923004 1.427649959921837 7.907151117920876 3.421949073672295 10.40881878137589 3.024146713316441 0 1.962950095534325 1.634595133364201 1.95845889300108 0 0.5597848668694496 0 0 0 1.877759881317616 0.172194167971611 0.5035774558782578 0.1180533990263939 36.1540640220046 0.1956124231219292 1.418825417757034 4.379106439650059 28.72272246330976 2.706818535923958 0.8464618027210236 0 0.461967408657074 0 0.5453778505325317 0.7782823443412781 10.3947322294116 0.7561872899532318 4.079743206501007 1.513171225786209 2.630299180746078 0.7071483731269836 0.8066353797912598 0
2.72626106441021 381.8531164750457 0.6431117802858353 677.9026824235916 104.3545938283205 54.74907433241606 79.0944351926446 19.74510630965233 309.4153922200203 44.33136263489723 11.83704600483179 728.8545615822077 30.46336058527231 23.09635492414236 1466.543478325009 48.57842928171158 0.2000638395547867 3.1692238971591 3.35048546642065 929.8442907109857 12.43941655009985 1909.173722237349 4.823691211640835 8088.521258659661 250.6367074623704 52.50172877311707 221.6307856291533 724.5871071070433 56.43913973122835 67.15904974192381 12.69823614507914 10.22081648558378 14.95860747992992 24.81162529438734 20.0892698764801 220.7034388110042 10.13637240231037 95.94629859924316 40.20480418950319 445.9800244197249 10.23193667083979 10.84867488592863 3.829020500183105 7.374624989926815 1.586279399693012 0.2875944674015045 142.4374657049775 2.279687345027924 12.08378367125988 112.7239183112979 25.65155071765184 49.62661968916655 50.52305770665407 3.100827813148499 58.94149159640074 3.023121289908886 13.01918079704046 11.56141883134842 180.1524430513382 0.253336176276207 0.759403370320797 0.3097642734646797 111.896742425859 75.95870736241341 42.85641248524189 8.66234465688467 1213.347397856414 0.8673618361353874 3.532482005655766 2.430605515837669 427.647280447185 52.0013936534524 103.7352701872587 1.423760555684566 1.777909979224205 8.712243273854256 9.762760654091835 6.791047319769859 175.7530344873667 3.836313270032406 65.86238841712475 23.94648540765047 104.0338143259287 10.58849988877773 0.1216196566820145 2.692447990179062
17.51393036544323 0.123555488884449 55.48206036537886 6217.531136520207 26.06704061478376 5574.922878995538 3958.228414844722 2057.517116740346 44.33136263489723 29598.10475321859 84.79630785807967 5000.566483311355 7.663362622261047 768.3814214989543 43.42914107441902 1.157988876104355 9.228129900991917 17.87586189806461 38.37392304837704 5514.470609121025 4.748825244605541 0.7401468306779861 17.20401395112276 696.0631593130529 0.8613113090395927 66.27000268548727 29.85036446154118 5268.127652153373 362.0493742153049 30.26469321548939 3.544460438191891 75.99390841275454 5.25445082038641 158.1947118267417 17.0951494127512 452.3164955377579 21.83253169804811 635.088017359376 87.4405999481678 217.5932497009635 98.00467499345541 2.888943329453468 25.16869729012251 0.9488233402371407 0.2061893194913864 0.1144443303346634 24.10169827193022 0 1.303104273974895 17.89215799421072 4.944063238799572 27.09694489091635 10.57537166029215 0.4696603789925575 38.00561861693859 0.2612294554710388 1.775131344795227 0.2407155930995941 0.3423345685005188 0 0.1977841556072235 0 23.40407161414623 0 0.6573574244976044 0.1101256832480431 83.78344829380512 0.1636738777160645 0 1.909237764775753 67.51919607073069 3.325465358793736 0.1465635746717453 0 0 0 0.2615920603275299 0.7623588591814041 17.4297259375453 0.1087239608168602 10.68126894533634 0.4202763289213181 9.152458764612675 1.643512398004532 0.1077569872140884 0.8628398180007935
10.18362192809582 54.15524135529995 21.56061990559101 6.715421818196774 125.3112894073129 79.46446506306529 50.79675755277276 147.7271088734269 11.83704600483179 84.79630785807967 8757.784319065511 149.3104319795966 1474.717040270567 144.1586367823184 1.120665654540062 1.913737528026104 221.3009375035763 2537.86771389842 1142.197785302997 73.70129671692848 6.46798500418663 33.22615567594767 19.59721275418997 47.79315058141947 502.8791245892644 2397.282824516296 1078.307008229196 42.35606800764799 668.5834459215403 26.56906330212951 690.3618684858084 738.3061629906297 12.13345710933208 4087.654859952629 9.092095963656902 559.0117645934224 3888.113698743284 3049.752941526473 432.9682662934065 46.05691040307283 137.8721782565117 1147.988906465471 1.964830540120602 0.2185454070568085 8.90860041975975 0 0.933708094060421 0.06659939885139465 0.08766742795705795 2.109943993389606 1.048972845077515 4.084521248936653 0.3163646459579468 258.1979586184025 0.3776189535856247 728.7886146008968 0.07700707018375397 0 0.5326228365302086 0 10.12258765846491 2.864595353603363 0.5934320688247681 0 1.059305928647518 0.1084170788526535 10.39933753013611 213.1308772712946 87.37108857184649 110.9662460535765 8.767267934978008 2.237353608012199 0.7035923302173615 121.1186939105392 0.1417519897222519 0 0.4509182721376419 4.273577682673931 12.81588551402092 183.6595236361027 6.51623260974884 0.9208185747265816 3.066347852349281 0.7574985921382904 200.0527221485972 0
1.131952509284019 1.824448183178902 1.358537718653679 523.1743380129337 166.1966999992728 4481.449816256762 20.2446386963129 922.649397470057 728.8545615822077 5000.566483311355 149.3104319795966 3742.609539031982 17.0726126357913 472.7792143449187 1420.471765249968 0 4.562614738941193 29.97444874048233 46.53643358498812 4926.855654418468 0.6928814202547073 8.283497646450996 0.4825211092829704 200.400114223361 1.164934262633324 67.15570787340403 18.10772985965014 220.9736925885081 261.4275293536484 1.98401702940464 8.315294399857521 147.4027739092708 0.5937141701579094 166.7648930326104 2.843435883522034 129.0100772231817 12.12474567443132 558.797261275351 18.57327373325825 1600.905388474464 49.72742340713739 17.00763919949532 5.004145734012127 0 0 0.1690019071102142 32.72370932996273 0 12.3198372349143 8.1691834628582 3.062799409031868 61.55580528080463 7.62731197476387 0 35.42421375960112 0.162091538310051 0.6807443648576736 5.583133935928345 0 0 0 0.1664248257875443 37.84272769093513 0 0 0 113.3140156641603 0.3326705694198608 0.3095733448863029 0.3953866139054298 45.59533228725195 0.2357294484972954 0.1431576609611511 0 0 0 0.08768301457166672 0.5201173275709152 3.15432097017765 0 2.090947449207306 0 46.36346061527729 1.625377684831619 0 0
0.4962364956736565 258.537274248898 1.076792553067207 0.2704491913318634 13.41032472997904 11.59275668114424 6.058431316167116 15.76088267564774 30.46336058527231 7.663362622261047 1474.717040270567 17.0726126357913 2414.962701335549 9.144681386649609 2.08376769721508 5.623348221182823 0.9171215742826462 46.15971641242504 7.970284938812256 7.186611592769623 0.1528701931238174 188.0175638794899 1.427123069763184 37.81577810645103 3007.941992878914 476.3185858204961 3760.487874142826 4.701119549572468 35.16803998500109 2.174964301288128 1382.762853644788 66.87276354432106 0.1984543278813362 802.4670224450529 0.8779028207063675 84.22689419239759 1948.767521947622 971.3245368823409 58.98670115321875 16.44822433590889 63.376932926476 719.3449951335788 1.640729576349258 0 13.37914206832647 0.2658044695854187 0.1034117564558983 0.3439159318804741 0.1752840429544449 0.2581689432263374 0.3440822064876556 0.8496756702661514 0.5066143274307251 579.9505078718066 0.7521081641316414 1424.32549341768 1.533243700861931 0 0.2207273915410042 0.2571262791752815 19.16805417090654 5.514485456049442 0 0 1.667380504310131 0.4327722787857056 1.030058935284615 885.5856925547123 227.590953104198 246.5193396881223 1.43664862215519 4.245766401290894 0.1055302694439888 279.6411482170224 3.426914162933826 0 13.88773944973946 0.3497897386550903 12.4819151237607 307.1880984082818 9.400972239673138 0.7015489637851715 0.08268881589174271 0.08863191306591034 201.6746818348765 0
5804.924337334931 0.09449516236782074 749.6347095891833 52.25316179543734 8.328304141759872 493.9622581899166 3724.285686936229 5251.67236225307 23.09635492414236 768.3814214989543 144.1586367823184 472.7792143449187 9.144681386649609 8482.466943867505 7.379434883594513 1.416632480919361 414.9031767696142 30.48152516782284 65.79566426947713 319.4648429751396 5.066625565290451 0.2249656915664673 190.68507232517 362.2811620384455 0.1311925798654556 253.782594949007 77.96064713224769 443.6405813246965 5910.969963639975 2373.553218208253 5.173502631485462 381.7805632166564 73.24042463302612 304.677463285625 5.730138465762138 243.1217410489917 26.66264963895082 354.3091336935759 41.11686845123768 129.4454663023353 6.722764901816845 4.999298579990864 5.357535243034363 0.8156637027859688 0.08559045940637589 0.3466048389673233 1.656415738165379 0 0.6396752297878265 3.847410067915916 1.461692355573177 13.16021942347288 1.080449163913727 0 2.026460133492947 0.1857489421963692 0.9045701771974564 0 1.311889089643955 0 0.07234754413366318 0.0915951207280159 3.359313368797302 0.7774362489581108 0.1405802816152573 0 39.08035584539175 0 0.1859226897358894 3.112345494329929 28.5417811870575 3.977473929524422 2.960161700844765 0.2772706225514412 0.1138745322823524 0.2128342837095261 1.130227521061897 0.462163507938385 18.24109131842852 0.2181934416294098 3.528089590370655 0.8183111250400543 2.79233143478632 0.2978190779685974 0 0
0.2183493077754974 16.70076224207878 3.007518894970417 60.46552134305239 1343.151271492243 954.3912312909961 45.86448218673468 159.0519831106067 1466.543478325009 43.42914107441902 1.120665654540062 1420.471765249968 2.08376769721508 7.379434883594513 311.3968172073364 0 0.4439013078808784 0.3650081977248192 0 131.2537597492337 0 106.4408531188965 0.9960141107439995 967.0623008534312 13.61543183773756 3.789925001561642 11.08533032238483 52.95181047171354 5.372796662151814 1.796073898673058 1.048683986067772 434.7216273397207 0.3044490814208984 1.279425531625748 3.443672925233841 2.190012373030186 0.195148654282093 5.272785674780607 1.039770253002644 1507.538419641554 2.881141722202301 4.627980843186378 0.2828496992588043 0.273017019033432 0.6608767807483673 0 10.41808503866196 0.5015990734100342 2.415022455155849 2.729675978422165 1.906072437763214 16.97302900254726 4.353641986846924 0 12.89386850595474 0 0 0.7105972170829773 0.1309780031442642 0 0 0 7.046856239438057 0.6323934942483902 0.1822225004434586 0.1616730093955994 60.16885262727737 0.2224991619586945 0.1046351715922356 0 10.67566092312336 0 0 0 0 0 0 0.5239125490188599 0.3409216701984406 0.1164322197437286 0.2523695528507233 0 31.12817549705505 0 0 0
0.1153337359428406 154.8401597067714 3.511902205646038 0 0 0.4229185208678246 5.157856680452824 0.6196343973278999 48.57842928171158 1.157988876104355 1.913737528026104 0 5.623348221182823 1.416632480919361 0 1589.774965494871 10.83569809049368 0.2008285224437714 0.8972239047288895 0.2387902215123177 617.0092195793986 2285.526425398886 6073.310358695686 1747.562436066568 36.02967559546232 10.08782397955656 1970.707896761596 982.8771752417088 10.3977133706212 188.8705608472228 2.673311159014702 0.1737636476755142 17.94057945162058 68.18469595909119 142.3668816164136 2113.745885305107 883.3736462146044 488.4590241387486 756.2522933408618 33.25644776970148 5.5027035176754 1.744085349142551 17.51443922519684 5.782725930213928 0.9012274742126465 7.05035363137722 0 0 0.6352603659033775 4.425913825631142 1.308009587228298 62.01112117618322 0 2.188973970711231 0 1.144914031028748 2.185716390609741 0.1090177893638611 2075.049465917051 0.5905751064419746 0.1049834713339806 0.6914366260170937 0 403.3093123883009 1022.627309799194 1296.746843963861 123.5057501643896 0.2255451828241348 1.041907303035259 340.7943587750196 157.9934203848243 22.6743500828743 178.5274321138859 0.2481880709528923 0.2555782794952393 8.259440094232559 14.85917842388153 22.66720231622458 333.7973688393831 23.66283769160509 86.93319830298424 103.4047026559711 8.61743688583374 0.6914047002792358 0.1553424745798111 3.970033511519432
181.6842496916652 4.560059726238251 7074.986130848527 0.9331596419215202 1.676042348146439 20.08464702218771 55.1537145152688 260.8450023531914 0.2000638395547867 9.228129900991917 221.3009375035763 4.562614738941193 0.9171215742826462 414.9031767696142 0.4439013078808784 10.83569809049368 1445.372220210731 244.7467581704259 2456.728232502937 3.93983506411314 720.5310337617993 1.805746994912624 3173.200592026114 8.471029449254274 0.3768049031496048 2799.239349961281 4647.777328826487 63.19001926854253 505.2516072951257 1872.099124118686 1.564952835440636 20.04216062277555 39.89494951814413 1856.931945338845 11.9583257958293 354.0428682863712 512.9916281923652 1815.865328624845 279.8032607659698 9.878186471760273 5.730882994830608 2.062236949801445 0.8949983716011047 0 7.029307834804058 9.777452662587166 0 0 0 0 0.3164162933826447 0.2914241924881935 0 0.07595077157020569 0 0.2403678521513939 0 0 0.8877992480993271 2.866441711783409 0 4.682664521038532 0 1.07791706174612 2.733138509094715 3.140586897730827 0.9612071141600609 0 32.89017517119646 105.0951559469104 1.413427405059338 0 0 0.09907205402851105 0 0 0.09865932166576385 0.1075015738606453 8.969371646642685 26.63718708604574 2.584777340292931 3.204410538077354 0 0 0 0
6.786594063043594 21.77941961586475 71.63212722539902 0.8967363461852074 9.062316752970219 12.53273038938642 13.57175938040018 25.02756221592426 3.1692238971591 17.87586189806461 2537.86771389842 29.97444874048233 46.15971641242504 30.48152516782284 0.3650081977248192 0.2008285224437714 244.7467581704259 164.4689799845219 1933.118851050735 14.31579829007387 2.364740192890167 7.072132259607315 19.90268916636705 11.98146853595972 21.96012525260448 3285.67630790174 808.3976437300444 8.821373090147972 110.5142806172371 25.62189968675375 150.7707335427403 72.03436341881752 3.58901946246624 664.8515797033906 2.640038162469864 280.8685925900936 973.3506289720535 1189.659636024386 286.8125323653221 8.632234290242195 5.897604696452618 10.56434717774391 0.4990906789898872 0 3.512837655842304 0.2072371244430542 0.3188070058822632 0 0.1254849284887314 0 0.1064684763550758 0 0 6.671075724065304 0 26.26668878644705 0 0 0 0 4.442680686712265 6.514278195798397 0 0 0 0 2.818488597869873 5.188801601529121 64.11381884664297 64.19331977516413 1.271947108209133 0 0 16.17742154747248 0.08508042991161346 0 0.227222815155983 0.736210510134697 4.850270137190819 24.86757309734821 2.299204476177692 0.3123218193650246 0.2708556950092316 0 0.2140445038676262 0
18.35016429051757 29.49559812992811 301.2488559260964 2.590754829347134 8.774302922189236 16.10849496349692 29.57022166252136 39.94000886380672 3.35048546642065 38.37392304837704 1142.197785302997 46.53643358498812 7.970284938812256 65.79566426947713 0 0.8972239047288895 2456.728232502937 1933.118851050735 2303.471866697073 26.80542892962694 22.10392523556948 4.14602692425251 188.2966832891107 21.45766288042068 5.650403223931789 4514.089708849788 1036.776416026056 19.89502714201808 240.8737077750266 95.33027214556932 17.86575930565596 85.38237306475639 11.12269129604101 2743.839557804167 6.711339361965656 701.3469707742333 982.6761631295085 3093.151262253523 555.4008701145649 16.41242489218712 4.574095405638218 3.051390022039413 1.570642128586769 0 14.96200728416443 0.2934510260820389 0 0 0 0 0 0.7822915762662888 0 0.9907668009400368 0.1054939031600952 1.894226625561714 0 0 0.1408536434173584 0.9265370815992355 1.466708846390247 17.09003894031048 0 0 0.6170065477490425 0.4027482271194458 2.589679151773453 0.6420686766505241 107.212481752038 95.0662824884057 2.894277468323708 0 0.2679592669010162 1.702157899737358 0.07939875870943069 0 0.8914754390716553 4.704687163233757 12.3848140463233 19.93566908687353 3.624564006924629 1.241438694298267 0.9037801474332809 0 0 0
6.506396494805813 0.4934969991445541 14.13238278776407 3196.311738424003 26.17548552900553 556.1566295847297 178.2184505984187 398.5799736529589 929.8442907109857 5514.470609121025 73.70129671692848 4926.855654418468 7.186611592769623 319.4648429751396 131.2537597492337 0.2387902215123177 3.93983506411314 14.31579829007387 26.80542892962694 815.6834563538432 1.266614280641079 0.8642014637589455 4.150034710764885 848.8721171393991 1.128808625042439 36.41044870018959 13.79896253347397 2353.932851985097 265.5435772389174 10.24921705573797 2.781548656523228 74.19814305007458 3.511293962597847 125.6771941930056 15.76705365628004 577.3132597506046 14.56629012525082 537.2047173604369 78.49226262420416 549.2648559510708 94.76877465099096 7.913797937333584 34.98431771248579 0.5205091387033463 0 0 113.5354496091604 1.614665985107422 9.898884207010269 62.82095048576593 8.852882780134678 212.3332581520081 30.12944515794516 0.2890430390834808 36.9008294865489 0 5.963421814143658 7.870665282011032 0.1295481771230698 0 0 0 84.09496738761663 0 0.6325341314077377 0.2414719760417938 305.3559331074357 0.1196401566267014 0.1996531784534454 0.2756138443946838 200.4772766306996 7.767987705767155 1.286055713891983 0.07374027371406555 0 0 2.261161535978317 1.064963012933731 20.06042888015509 0 12.89202594012022 5.972056679427624 70.23087132722139 4.256011873483658 0 0.2995092570781708
4.036002941429615 7.296239443123341 326.994332022965 1.380589544773102 0.2191889509558678 5.220208585262299 63.24349571019411 5.887862130999565 12.43941655009985 4.748825244605541 6.46798500418663 0.6928814202547073 0.1528701931238174 5.066625565290451 0 617.0092195793986 720.5310337617993 2.364740192890167 22.10392523556948 1.266614280641079 7478.037279494107 75.42763701081276 6306.757202871144 403.5546620190144 1.61178445070982 33.37197911739349 190.9686782136559 2623.251090154052 42.6028800085187 6738.039884537458 0.3468594029545784 1.031022101640701 16.47695540636778 2084.37201346457 482.8246632516384 4388.328618824482 909.2725952863693 4208.17927826941 2845.872370153666 56.07640637457371 17.56441497802734 1.725394710898399 38.37706603854895 2.496287062764168 0 1.370259284973145 0 0 0 0 0.1985976621508598 15.66390114277601 0 0 0.1520533114671707 0 0.9238084480166435 0 228.0958596765995 0.09334246069192886 0.1326755881309509 0.09341196715831757 0 90.52770702540874 61.77398548275232 72.57151697576046 36.8802408054471 0 1.049055084586143 5.206427931785583 50.28465755283833 9.010877221822739 45.94070106744766 0 0 2.984299920499325 4.281787134706974 20.92128111422062 103.3728547245264 2.474805355072021 16.51032233983278 22.27359381318092 3.754518985748291 0 0 0.3488955646753311
0.4408717304468155 1639.928854338825 2.252345517277718 0.4556451439857483 5.193837724626064 1.09213662147522 2.916634507477283 0.1535036712884903 1909.173722237349 0.7401468306779861 33.22615567594767 8.283497646450996 188.0175638794899 0.2249656915664673 106.4408531188965 2285.526425398886 1.805746994912624 7.072132259607315 4.14602692425251 0.8642014637589455 75.42763701081276 690.0543222725391 289.0918281078339 5120.69312492758 1748.889215610921 150.75450694561 4400.944638870656 65.24776764959097 2.51519176363945 28.2203422114253 51.2315745651722 0 0.1146223545074463 43.35234068334103 7.140241384506226 50.52226249873638 23.52887768298388 24.74463288486004 21.54035244137049 188.5000410825014 0.1097261011600494 156.2599708735943 0.4669800400733948 0.6069497987627983 48.33615466952324 51.27302629500628 20.73417653888464 0 0 1.395245879888535 0.4570326060056686 15.43266220390797 0 1.463677488267422 21.24969306588173 4.568449698388577 1.014887519180775 0 823.8967896774411 0.8671263679862022 0.2643941044807434 0.6420610398054123 0.3026800155639648 94.18414137512445 191.1834548860788 497.980070643127 23.55559766292572 4.181538134813309 15.24348469823599 677.9432604238391 33.09612046927214 3.747556172311306 39.61101574450731 2.255376130342484 0.08861519396305084 1.540775001049042 4.60143231600523 3.437577709555626 104.8013461753726 23.32144798338413 36.17299003899097 39.83980155736208 2.237093828618526 1.511679872870445 0.2980416268110275 1.549544751644135
98.65673513710499 5.691947437822819 8919.479270860553 3.033234149217606 3.543123550713062 31.83797355741262 394.9248366132379 158.3454416543245 4.823691211640835 17.20401395112276 19.59721275418997 0.4825211092829704 1.427123069763184 190.68507232517 0.9960141107439995 6073.310358695686 3173.200592026114 19.90268916636705 188.2966832891107 4.150034710764885 6306.757202871144 289.0918281078339 7665.676572196186 230.2694267630577 2.122373849153519 579.11211309582 9543.581639170647 2046.182945691049 225.2843329906464 3387.524685978889 0.4277605041861534 5.353451192378998 10.68389205634594 2117.32081797719 454.4488968774676 7409.68514906615 6498.929338045418 7800.955555602908 7019.258699178696 178.0655302926898 25.76492834836245 13.48722793161869 59.48774968087673 0.09475462138652802 3.075833544135094 98.18979046493769 0 0 0.5196236968040466 4.399004586040974 0.7143650352954865 6.057361096143723 0 0.5293631255626678 0 0.149548664689064 0.6047756746411324 0 863.6482662633061 1.098114877939224 0.1685385853052139 0.6236711442470551 0 101.5276462435722 475.2371083348989 675.1284371241927 18.12785664200783 0 6.257577188313007 772.314489684999 29.94256639480591 3.498389959335327 40.48310795426369 0 0 0.483860194683075 6.272072069346905 65.60387326776981 177.9705211147666 27.43340254575014 53.60922400653362 81.733543202281 8.463896065950394 1.096146196126938 0.3641782402992249 2.082245565950871
54.05094049870968 707.1946935877204 30.36491037905216 1658.80136462301 36.82628545165062 172.5548317581415 1849.154908627272 181.259288392961 8088.521258659661 696.0631593130529 47.79315058141947 200.400114223361 37.81577810645103 362.2811620384455 967.0623008534312 1747.562436066568 8.471029449254274 11.98146853595972 21.45766288042068 848.8721171393991 403.5546620190144 5120.69312492758 230.2694267630577 8170.530410088599 281.8401480391622 78.91982603818178 2628.066775649786 7923.91021771729 869.7182856798172 290.3520280867815 14.92891473323107 47.73437148332596 185.9058630019426 383.082730948925 224.6431973055005 1997.799792557955 55.9360326975584 1076.572482232004 436.2827821597457 659.3488105013967 110.6465283185244 20.83602900803089 38.13926650583744 27.06160124391317 4.104610525071621 3.144787512719631 358.1750579550862 4.420538976788521 42.66797506064177 332.8016239106655 105.7043743878603 1413.404670007527 138.5614095330238 12.29022464901209 138.0761519595981 2.99390933662653 74.30290180444717 14.63269116729498 238.3850169405341 1.123218834400177 4.388117790222168 2.759077869355679 271.5283912867308 144.7197555303574 61.69775404036045 33.17568898200989 2700.907406978309 0.794839434325695 4.699975483119488 18.21532708406448 1768.779866874218 169.2818100005388 185.6807526051998 1.816483974456787 14.09019765257835 15.48944751918316 44.34760346263647 26.75190878659487 634.8465759903193 5.815073050558567 318.0308749079704 83.00814218819141 286.0553058162332 53.00578960031271 6.845352321863174 14.35272064059973
0 1347.110447518528 0 0.07359132170677185 1.680187709629536 0.5525618493556976 0.9404881373047829 2.933805927634239 250.6367074623704 0.8613113090395927 502.8791245892644 1.164934262633324 3007.941992878914 0.1311925798654556 13.61543183773756 36.02967559546232 0.3768049031496048 21.96012525260448 5.650403223931789 1.128808625042439 1.61178445070982 1748.889215610921 2.122373849153519 281.8401480391622 692.7370342612267 405.7290757745504 3034.780258238316 5.048471361398697 4.358947061002254 0.5773514211177826 444.3305404782295 7.268455006182194 0 850.3971084356308 0.1351977437734604 55.6272080540657 245.5905513092875 525.8769737929106 25.24531684070826 44.17695221304893 102.5934041440487 795.5030326768756 0 0.1381257325410843 64.61450451612473 0.400128573179245 0.6058560833334923 0 0.4103316366672516 0 0 0 0.1362091153860092 93.70671650767326 0.9913310259580612 350.4940276443958 0 0 0.1129151210188866 0.09688077867031097 15.33231733739376 12.27088688313961 0.09507568925619125 0.1030320152640343 0 0 0.1996684819459915 212.9106750711799 305.0907715186477 417.6610928848386 0.8050519675016403 0.6506752371788025 0 113.2760360017419 0.1110126078128815 0 14.64376425743103 0 17.46459546685219 78.35899049043655 15.26118613779545 4.530559226870537 7.841016873717308 0 56.05307830870152 0
56.27567594498396 366.9536598771811 5435.14647603035 9.577900245785713 17.74339162558317 89.57044158130884 301.6340502426028 259.0963737107813 52.50172877311707 66.27000268548727 2397.282824516296 67.15570787340403 476.3185858204961 253.782594949007 3.789925001561642 10.08782397955656 2799.239349961281 3285.67630790174 4514.089708849788 36.41044870018959 33.37197911739349 150.75450694561 579.11211309582 78.91982603818178 405.7290757745504 18810.9022416994 12125.1262902841 71.01754193753004 361.5126747600734 196.1060278899968 403.1816525384784 123.2961815446615 24.06576526910067 1490.352113522589 18.55522612482309 1841.28866571188 7401.168402448297 5252.699675615877 1050.591298058629 47.76386294513941 14.85569867491722 60.24919461458921 4.16754474490881 0.3954248428344727 284.7281009107828 6.801600784063339 0.2558476999402046 0 0 2.511410489678383 0.3855164349079132 2.267538733780384 0.1207938343286514 110.2632490172982 0.509101964533329 453.5705211311579 1.016639582812786 0.1851446181535721 1.198555283248425 16.96418219804764 87.58785040676594 266.2010625973344 0 1.268721282482147 3.415113985538483 1.139403395354748 9.135565064847469 118.473076581955 2190.619264908135 2443.414878621697 8.237998485565186 1.187357418239117 1.08020406216383 282.4335624203086 1.155213437974453 0 4.731091357767582 6.837581053376198 43.48970051109791 613.1576346606016 38.65192645788193 17.71210497617722 1.164320737123489 0.6613304167985916 5.274945415556431 0.1058958768844604
23.37722963839769 5652.565139420331 4980.769654624164 1.585051000118256 3.683664463460445 19.90169407427311 156.6158517003059 54.60947863012552 221.6307856291533 29.85036446154118 1078.307008229196 18.10772985965014 3760.487874142826 77.96064713224769 11.08533032238483 1970.707896761596 4647.777328826487 808.3976437300444 1036.776416026056 13.79896253347397 190.9686782136559 4400.944638870656 9543.581639170647 2628.066775649786 3034.780258238316 12125.1262902841 23536.25819791108 1251.847480557859 133.7425186298788 110.8936190232635 1533.010668158531 40.42384842783213 10.67740670591593 2393.549898937345 201.7934915795922 5084.866965092719 8253.969208881259 7746.26668381691 2514.752365075052 175.2002932056785 18.00238624215126 76.94512498378754 16.27873051911592 0.5099440962076187 1812.708931319416 1288.418561823666 1.186363101005554 0 1.430184438824654 14.87425898015499 2.109113991260529 9.980259194970131 0.777279406785965 119.3135736435652 1.06339319050312 418.8626854866743 2.663097999989986 0.1265867799520493 413.6796649619937 178.8140760958195 91.1581659540534 421.4893242493272 2.144169941544533 22.81091072410345 1412.810048319399 758.8849373981357 26.03230798989534 283.3997139781713 4139.268494226038 13074.44174981862 28.30021796375513 2.801785990595818 10.74100679159164 317.6570439636707 0.7791246101260185 0.545299306511879 40.36215050518513 79.46105305850506 323.261293746531 1344.202248618007 273.8455705270171 176.1626999825239 10.87773369252682 0.6226937398314476 7.621123045682907 1.184439122676849
59.90564805269241 9.62200640141964 639.0238548219204 2284.431085504591 8.580097191035748 833.4530753903091 18991.93948994577 410.4258107431233 724.5871071070433 5268.127652153373 42.35606800764799 220.9736925885081 4.701119549572468 443.6405813246965 52.95181047171354 982.8771752417088 63.19001926854253 8.821373090147972 19.89502714201808 2353.932851985097 2623.251090154052 65.24776764959097 2046.182945691049 7923.91021771729 5.048471361398697 71.01754193753004 1251.847480557859 17258.79583589733 732.0547886528075 9976.703674692661 1.301105119287968 36.09319528192282 250.7644237503409 983.8544121831656 442.8206337541342 3205.572497285903 105.3957898393273 1995.159523904324 938.2516357749701 202.0766173601151 96.41274635493755 3.761695735156536 37.29494905471802 18.9937966838479 0.8431556820869446 1.40105689316988 185.5512897819281 2.537378378212452 34.35930129885674 244.8207828179002 71.22475153952837 430.4193742722273 97.21506195515394 8.984384723007679 35.06372097879648 0.3409616053104401 51.64593395590782 8.463535569608212 182.9319485500455 0.6469087526202202 2.557660393416882 1.433862008154392 170.8268446400762 126.0126385614276 29.3824015930295 28.70642095059156 1513.723035268486 0.4149849116802216 3.234992787241936 8.716934449970722 1152.477169908583 116.4242329970002 155.4074017480016 1.496692635118961 9.386082008481026 12.02177651971579 24.08298975229263 27.0745512470603 438.6540360748768 4.222593158483505 208.1884772628546 60.62145137786865 186.9793845787644 37.39956887066364 1.189449980854988 6.340287536382675
