731.9895930066705 0 280.8060934916139 0.8296061083674431 0 14.62089125066996 2845.26466691494 302.6046354398131 0.1371455788612366 23.58909034729004 7.079220794141293 1.782187283039093 0.08203910291194916 3342.254978589714 0 0.1067231595516205 141.011076182127 5.453264616429806 17.42294931411743 4.907462999224663 209.3780379071832 0.5106081515550613 394.5503576248884 6.448373913764954 0 174.0365416407585 10.47944149374962 65.43686006218195 4185.27359315753 2325.771553821862 0.2024865970015526 7.891499735414982 27.33498030155897 38.18323606997728 0 17.61154931783676 36.12065812945366 32.4537769779563 7.695079378783703 1.690732359886169 1.687457159161568 0.1227733865380287 0 0 0 0.3267019614577293 0.3817625343799591 0 0 0.1338451951742172 0 0.294664740562439 0 0 0 0 0 0 0.6635836660861969 0.255461573600769 0 0 0 0.2342250198125839 0 0.3308064490556717 1.986929655075073 0 0.3772636726498604 4.610578790307045 2.367408290505409 0 0 0 0 0.2723963260650635 0 0 0.458408311009407 0.2276252061128616 0 0 0 0 0 0
0 551.5730349719524 6.769755631685257 0.3594358861446381 0.3789435625076294 1.551039256155491 3.398108832538128 6.302502870559692 954.008236810565 0.6670984774827957 440.884979121387 0.6504999250173569 939.5152297243476 2.208535835146904 23.47733548283577 56.32748428732157 2.696326076984406 0.1242308542132378 4.727859176695347 0 0.2596789672970772 2160.03290028125 2.327600345015526 578.1065630018711 1770.379222072661 121.1316166967154 5581.219881422818 10.62135895341635 0.6804953515529633 1.61226586997509 90.67186281830072 0.4698744714260101 0.534074604511261 71.83653638511896 0.1970655024051666 9.252733886241913 28.43987864255905 22.44529768824577 4.513358190655708 34.51291128247976 0 70.73687961697578 0 0 590.984664849937 87.17542780935764 0.3383543565869331 0 0 0.3784684687852859 0 1.833877980709076 0.2471536248922348 8.690680123865604 0 14.27983379364014 0.3502451777458191 0 13.89760872721672 3.82259613275528 1.559502318501472 2.338413536548615 0 1.236473843455315 33.68103867024183 1.921622581779957 8.63883001357317 17.09725622087717 121.021246381104 2133.037134774029 2.745354734361172 0.09138505905866623 0.697219654917717 5.609659917652607 0 0 1.539480604231358 0 3.360312096774578 24.0587485358119 7.269655615091324 0.7226604074239731 0.5175311416387558 0 3.315746560692787 0
280.8060934916139 6.769755631685257 4674.280283346772 13.31907243281603 0 143.8746301606297 397.0337812006474 763.7873286604881 0.3972411304712296 80.43761163949966 39.27902624756098 3.344467893242836 1.829128496348858 1206.894726492465 0.1317408382892609 4.323606215417385 6674.115561537445 58.17314302921295 173.5728772729635 8.718044422566891 178.117535173893 2.036818362772465 9745.464861944318 12.17038919776678 0.6881061270833015 9920.516794912517 6842.935157507658 167.0785344839096 402.80816398561 473.518344797194 0.09757459908723831 6.892695963382721 15.88529493659735 1354.937467925251 32.41208004951477 2364.277824349701 5943.010173097253 3827.06748881191 1470.330083332956 28.7193506732583 28.87051349133253 7.558364517986774 7.625783540308475 0.1259715110063553 74.690918199718 617.3282565176487 0.1629522442817688 0 0 3.17811506986618 1.56771619617939 0.1361739933490753 0 0 0 0 1.311781287193298 0 29.96882155537605 25.05965832620859 0.2609025835990906 4.850670889019966 0 2.779874697327614 88.24326369166374 25.15941103547812 9.363127551972866 1.223066739737988 72.74934863299131 2470.72686445713 5.248190134763718 0.4112078547477722 1.71802344173193 0.2737430334091187 0 0.3182537257671356 3.80686966329813 17.16720142960548 22.62671928852797 127.4113235399127 19.08239021897316 18.16907370090485 0.9485155493021011 0 0 0
0.8296061083674431 0.3594358861446381 13.31907243281603 2318.829751849174 1.426645427942276 144.0982058793306 290.4270443618298 38.43077373504639 661.303030282259 1986.15753801167 4.954116381704807 1691.674163520336 0.4963313117623329 34.79658395797014 100.0477913618088 2.723407804965973 1.008389055728912 1.170107565820217 1.169200673699379 3214.194631434977 35.96106699854136 2.911782413721085 12.10667285323143 1921.276662148535 0 3.563336588442326 5.11895414441824 6443.803896017373 95.91034318506718 2.527398616075516 0.1781744956970215 4.429611638188362 21.04645005613565 47.45948937535286 4.084618911147118 205.7047906070948 2.853827528655529 92.74139995127916 36.01316074281931 253.7574612423778 10.92972822487354 2.977546170353889 2.812867417931557 0 0.4971815645694733 0.1420887112617493 392.6581795737147 0.1025442034006119 14.29404652118683 74.91035379469395 6.548087015748024 171.0311564654112 274.1628322377801 0.2054552435874939 128.7346762344241 0 3.726415440440178 4.909098520874977 2.29289336502552 0 0.09642007201910019 0 193.0401947274804 0.7838309705257416 2.458347864449024 0.2487301528453827 459.5732573717833 0 0 2.815911903977394 423.3549175411463 0.3566227406263351 0.1162460371851921 0 0.6864171028137207 0 3.023937702178955 0.6081646978855133 7.224110305309296 0.1627826243638992 6.152347348630428 0.9542019218206406 59.26930293440819 0.8052593171596527 1.258539199829102 0.2214044034481049
0 0.3789435625076294 0 1.426645427942276 14.9976210296154 372.5513939931989 1.706910647451878 21.92681583762169 33.92756628990173 2.079651556909084 11.20189932733774 51.1469903960824 2.590609662234783 1.96806662529707 654.0022376924753 0 0.2711515426635742 1.113112784922123 0.9025949686765671 5.638820193707943 0.3593032658100128 2.020016044378281 0.6043757051229477 13.90332742035389 0 1.667228192090988 0.4685055539011955 2.676460184156895 3.163533933460712 0.2626781463623047 0.1133262515068054 242.9472889527678 0 103.0450565367937 2.475347682833672 70.40251994878054 9.199807196855545 169.0656301751733 83.72646449506283 1656.822924681008 114.5350274667144 35.69058223068714 2.268862560391426 0 0 0 0.1284294426441193 0 1.249395154416561 0.1106528118252754 1.39210506528616 0 0 0.1565136462450027 0.595273531973362 0 0.4961598962545395 0.1111114919185638 0 0 0 0 0.1142011508345604 0 0 0 0.5705690830945969 0 0 0 0.7029496431350708 0 0 0 1.788160108029842 0 6.08922615647316 3.75504694879055 2.495529063045979 0.5162851214408875 7.220188073813915 5.512217804789543 1.659672826528549 2.928389519453049 2.791284024715424 1.067557215690613
14.62089125066996 1.551039256155491 143.8746301606297 144.0982058793306 372.5513939931989 9269.734353758395 3173.898971438408 6067.329954892397 73.50460125505924 4623.060348682106 105.3730474337935 4354.011827789247 11.38712710142136 806.0427541285753 3331.060578040779 4.400513894855976 22.22409541159868 18.77290421724319 11.60278993844986 660.8962740972638 197.5356461405754 2.778100401163101 102.1697256341577 227.5261165872216 1.072338879108429 82.7574670240283 16.89320676773787 1265.841540589929 375.7696577906609 35.30954106897116 1.594507671892643 434.9192152768373 32.08425993472338 459.9579457640648 12.34987153112888 811.0383761450648 43.84270102530718 694.4536708593369 358.8068428710103 4765.007488541305 333.1124076098204 69.01372980326414 18.54943214356899 0.1005145013332367 0.3192846179008484 1.403346486389637 40.03627281636 0.3027759492397308 8.482145257294178 32.32221987843513 12.44018159806728 15.88344376534224 61.653404481709 0.943736843764782 44.51849883049726 0 3.632859610021114 1.72666734457016 3.280648753046989 0 0 0 44.80217509716749 2.76309160143137 1.423795998096466 1.468751944601536 81.86870338022709 0 0.3040276616811752 6.453250296413898 93.5052408427 0.7298221737146378 0.9609423950314522 0 5.028886005282402 0 33.75046949088573 6.05965331196785 20.42463449388742 0.3513356894254684 29.26787902414799 30.30288831889629 69.79887717962265 19.11349941045046 14.28347004950047 1.326558299362659
2845.26466691494 3.398108832538128 397.0337812006474 290.4270443618298 1.706910647451878 3173.898971438408 15234.87108942121 4235.128784798086 55.1460769250989 10874.85102105141 55.68876729905605 177.5801938101649 1.89947646856308 5999.899149507284 14.61295083910227 31.04963776469231 37.07428782433271 16.23405942320824 10.82111020386219 305.7677197083831 1082.634101115167 12.59875605255365 497.7226995676756 1166.105358809233 0.3497068583965302 135.0894816070795 55.95253147929907 17817.77658911049 2181.369673117995 5947.776484690607 0.2968185022473335 50.25594260543585 440.9555555656552 704.3132649809122 97.16912036389112 2994.615301251411 57.64324614405632 1254.220223106444 579.7534700185061 305.0963342413306 125.1330795958638 6.841628447175026 42.82114627212286 0.3981540501117706 0.7765878289937973 3.222043111920357 62.57569544762373 0 12.73085553944111 227.9194425940514 18.46988870948553 42.33040887117386 167.4088342636824 1.579527124762535 33.51269565522671 0 16.58554431796074 1.855216532945633 22.34137086570263 0.1320003122091293 0 0 87.07772918045521 18.67080275714397 4.270005933940411 8.643792189657688 432.4319996833801 0 0.3195186331868172 25.57997837662697 600.2932155355811 3.977913327515125 13.84135070443153 0.1110574826598167 0.9070935174822807 1.264464259147644 6.459338381886482 40.02109879255295 77.01315701752901 1.615998953580856 18.60731461644173 17.75979627668858 73.70445065200329 3.604373469948769 0.5647381842136383 0.6157969832420349
302.6046354398131 6.302502870559692 763.7873286604881 38.43077373504639 21.92681583762169 6067.329954892397 4235.128784798086 11817.37848942727 22.91772858798504 1473.934420518577 117.1562611013651 1714.263891912997 15.94760132580996 8457.72697185725 536.6219675689936 6.850094310939312 575.1569456756115 42.95700858533382 98.70809070765972 522.1495662853122 377.6892138943076 37.83494209498167 639.8091635629535 373.4200097993016 0.9575243145227432 644.8353258818388 63.03636291623116 856.3262428343296 931.2104932442307 724.9865397363901 0.9582603573799133 437.2488720566034 14.16396701335907 421.0055386051536 6.4605523198843 615.2124264091253 136.3763925656676 522.2964301481843 281.091498143971 1580.833740189672 171.6124574393034 64.87545517086983 9.851642951369286 0 0.4999945089221001 3.020556226372719 7.358037680387497 1.158952414989471 5.814251430332661 72.37579437345266 8.136347457766533 10.90683890134096 25.24228716641665 0.267919585108757 5.273709632456303 0.1788608282804489 5.303052097558975 0 5.999922305345535 0.1262360513210297 0 0 21.90462198853493 7.316519655287266 1.124575302004814 3.258286856114864 137.0873130559921 0 0.8458640649914742 20.229407556355 222.3130092322826 2.794811196625233 11.1193482875824 0 4.262663796544075 0 27.13719691336155 3.538763582706451 27.67129918932915 2.232594363391399 33.42641998082399 24.25097098201513 28.65108355134726 17.41575552523136 10.01486660540104 1.85334362834692
0.1371455788612366 954.008236810565 0.3972411304712296 661.303030282259 33.92756628990173 73.50460125505924 55.1460769250989 22.91772858798504 696.0829411968589 49.52857898175716 29.71378994733095 558.0406768620014 53.9528785571456 5.485514312982559 934.6124934703112 31.00593552738428 0.3256752416491508 0 0.8933116942644119 396.0643464699388 13.74501975625753 3834.767918400466 7.457814812660217 7847.930203571916 94.9218143671751 18.75743249803782 1321.377954483032 849.4683087691665 7.82706518471241 8.755115836858749 11.61367303878069 1.497615322470665 0.9688358902931213 9.981666751205921 0.1710395812988281 173.7707526236773 11.00908340513706 12.85651344060898 4.796012833714485 366.6090924143791 1.096510738134384 1.688121698796749 0.455180823802948 1.088059395551682 13.73059543222189 5.344511412084103 189.5154494717717 0 7.445256106555462 47.1818889901042 5.082526125013828 110.064782910049 83.71804559975863 0.1854885518550873 34.62016829848289 0.9599561914801598 2.439810857176781 0 126.4226843044162 0.3696735054254532 0.08769286423921585 0 87.20606143772602 73.43024376034737 140.7863463163376 18.37157672643661 1890.487608797848 1.11764432489872 4.15495964884758 52.8663138449192 652.7340926378965 3.890914589166641 19.96769370883703 0.5562048852443695 0 0.8722840547561646 2.894198529422283 0.8924714326858521 35.54032913595438 1.15845650434494 4.178074635565281 1.653243951499462 19.42745444178581 1.45365509390831 0 0
23.58909034729004 0.6670984774827957 80.43761163949966 1986.15753801167 2.079651556909084 4623.060348682106 10874.85102105141 1473.934420518577 49.52857898175716 24579.1259842217 134.27055311203 7122.052126504481 7.241574957966805 767.8420842587948 37.98542407900095 8.995411798357964 10.29456727206707 39.70166024565697 36.69608573615551 5030.650090076029 168.4588553756475 5.300343282520771 74.04426534473896 550.1553317978978 2.270492203533649 57.38812445104122 27.79595037549734 9584.161821343005 1186.339446865022 22.14576067775488 2.16754437237978 110.1632590889931 75.87392602860928 563.0447472184896 32.07367035746574 1011.66644705832 36.1171665713191 991.5161797106266 213.7244301810861 230.6841886565089 129.8978797346354 9.777087561786175 21.93986020982265 0.5608353465795517 0.3544127494096756 0.7352451458573341 235.8666480630636 0.1729282885789871 12.67737513035536 85.94079584628344 9.450930088758469 44.01463779807091 190.7286727055907 0.1880084574222565 54.11241708695889 0 3.577504299581051 1.618670359253883 4.144481226801872 0 0.1297516673803329 0 124.159373819828 1.424723409116268 2.6986433416605 3.026523023843765 264.885596178472 0 0 8.616624429821968 325.2412505149841 1.442518226802349 1.595450825989246 0 0.372947134077549 0 4.651436470448971 14.91714496910572 23.19715240597725 0.2874113917350769 11.21046797186136 4.761979185044765 58.31759011745453 1.762965343892574 3.339292623102665 0.2042296379804611
7.079220794141293 440.884979121387 39.27902624756098 4.954116381704807 11.20189932733774 105.3730474337935 55.68876729905605 117.1562611013651 29.71378994733095 134.27055311203 9396.250510387123 183.8290003165603 2618.970842011273 120.5774266496301 5.667786173522472 8.648696064949036 347.2444796413183 5458.395139202476 1369.802733130753 111.5447647944093 30.3105405792594 86.15587088465691 75.17702697962523 30.01705351471901 1128.510777562857 2673.419545382261 382.503356307745 39.18400435894728 454.788712605834 75.40078284591436 351.7786374017596 392.8233401179314 18.27680619060993 8019.799289055169 4.335204035043716 463.5785117000341 5390.419306471944 4490.87003261596 799.2131808176637 59.07075732946396 69.28930698335171 2294.874886676669 3.835257455706596 0 83.72119540721178 0 0.1224116161465645 0 0.6124178990721703 0.7409332320094109 2.935979500412941 0.3661023303866386 1.435098432004452 893.3674867376685 0.7544708028435707 951.1877786889672 2.793490558862686 0 0 0.1750804036855698 12.21784367412329 0.433196134865284 0.7684060037136078 0.6187268272042274 1.039589896798134 0.4476935267448425 7.478907555341721 43.61409121006727 63.38535225391388 191.4839515537024 6.413460545241833 3.509538218379021 0 115.6501823589206 2.094184048473835 0 79.1054320037365 3.174135863780975 20.64107700437307 791.6287073865533 150.2495311796665 13.17191915214062 0.4276498258113861 0.7919961512088776 572.488848105073 0.86080002784729
1.782187283039093 0.6504999250173569 3.344467893242836 1691.674163520336 51.1469903960824 4354.011827789247 177.5801938101649 1714.263891912997 558.0406768620014 7122.052126504481 183.8290003165603 4520.328348830342 14.73134642839432 696.7589557543397 1601.40395192802 0.6191129013895988 3.555817045271397 44.04187820106745 29.23835033178329 4593.505171947181 2.598724335432053 2.494220852851868 3.066262222826481 467.7360197156668 4.960241392254829 48.81477217376232 11.78801795840263 1238.203940071166 537.2213164493442 1.73458256572485 1.635358884930611 194.1107434406877 3.631559811532497 472.6660521626472 10.42184067517519 695.686672590673 22.81285554170609 732.0539281070232 130.6977064982057 2273.420453064144 113.5322601795197 30.9365209043026 9.748681984841824 0 0.1793847233057022 0 300.9404044449329 0.3593938574194908 32.82617138326168 45.49528189003468 7.561705850064754 120.7033277601004 299.8269705101848 1.042901948094368 344.7148923873901 0.7698061689734459 2.585372686386108 18.05285303294659 0.3740419447422028 0.1104288026690483 0.669139176607132 0.2555374875664711 243.3667749091983 0.4741234183311462 0.8738230466842651 0.08186002820730209 238.4483057633042 0.9665006846189499 0.4457840844988823 3.601037368178368 207.1686733588576 1.926237158477306 0 0.9700146913528442 1.143578633666039 0 22.76999919861555 2.250698447227478 36.40790990740061 0 18.13655369728804 9.392834275960922 311.9595127999783 4.257286354899406 10.36976128816605 1.017727062106133
0.08203910291194916 939.5152297243476 1.829128496348858 0.4963313117623329 2.590609662234783 11.38712710142136 1.89947646856308 15.94760132580996 53.9528785571456 7.241574957966805 2618.970842011273 14.73134642839432 3109.034565344453 5.750875599682331 4.187717765569687 0.596121072769165 1.270965993404388 51.33569224923849 1.616845659911633 7.482123002409935 1.451345801353455 142.7797370254993 1.895843103528023 30.0555208325386 6354.05130136013 272.9499041587114 3338.176557518542 2.9023342654109 14.3153174072504 0.7528451681137085 1043.252674005926 30.35050578415394 0 1691.423843882978 0.1113171428442001 58.7030438631773 1359.468937471509 1979.906286612153 148.6946065872908 7.71666906028986 39.46670869737864 1178.163032025099 0.2860978096723557 0.3405086174607277 149.9498010724783 1.085750214755535 0 0 0.3959843888878822 0.6720100417733192 2.638345994055271 0.2087597995996475 0.6015447750687599 997.814610555768 0.5417190343141556 1223.67250367254 2.71546446532011 0 0.1241492033004761 0 13.81722575426102 0.1105377376079559 0.2214584946632385 0 0.6694549024105072 0 1.38126015663147 72.27906960248947 164.3497775495052 454.7063009813428 2.418736696243286 3.262795425951481 0.1276937872171402 255.4738503247499 2.421947836875916 0 52.97379434853792 5.975674271583557 5.35684185475111 464.4621794223785 114.3389442637563 4.529004268348217 0.6046879068017006 0 235.136352404952 0
3342.254978589714 2.208535835146904 1206.894726492465 34.79658395797014 1.96806662529707 806.0427541285753 5999.899149507284 8457.72697185725 5.485514312982559 767.8420842587948 120.5774266496301 696.7589557543397 5.750875599682331 7589.831151664257 18.30396991223097 3.156752072274685 971.0416362956166 59.5993609726429 158.7241177782416 334.8514212965965 612.6024197041988 15.35010449588299 1273.352264776826 186.8263487443328 0.8559754863381386 905.687939837575 85.58390168845654 609.3740906119347 6979.57146101445 2538.23599434644 0.6622869297862053 563.6796470507979 29.63332393020391 468.3596033230424 4.467586174607277 339.3962503820658 173.2084266394377 415.327194519341 93.48495759814978 209.0872244089842 20.20034539699554 12.05231159925461 4.754026934504509 0 1.927032515406609 4.339263305068016 5.432518303394318 0.4303270801901817 3.205460593104362 28.20200968533754 4.673124432563782 3.117483600974083 13.61436340212822 0.1857002526521683 3.72295057028532 0 2.209428407251835 0 3.402748547494411 0.1037307381629944 0 0.1250525265932083 6.27936813980341 5.981646135449409 0.6165208071470261 3.302509538829327 69.14178497344255 0.1976978182792664 0.8297955468297005 20.83520627766848 109.5072929635644 0.245413213968277 4.491237841546535 0.1212111115455627 0.3703914359211922 0 4.239136643707752 3.090530708432198 13.21408877521753 1.260057523846626 9.604420863091946 5.857623644173145 7.777748219668865 2.860668122768402 1.259407095611095 0.2652386873960495
0 23.47733548283577 0.1317408382892609 100.0477913618088 654.0022376924753 3331.060578040779 14.61295083910227 536.6219675689936 934.6124934703112 37.98542407900095 5.667786173522472 1601.40395192802 4.187717765569687 18.30396991223097 514.1929149627686 1.069999754428864 0 0.463104359805584 0.08881787210702896 173.7778302356601 0.7171678245067596 89.21273928135633 0.4282953292131424 830.9449318125844 3.173357717692852 0.7511014491319656 34.88031880557537 59.06083416193724 6.194645285606384 0 0.1379930377006531 196.772227242589 0 12.06554479151964 4.685940742492676 57.59066069871187 10.3983267173171 16.85491015762091 3.547606006264687 1408.184422925115 11.83425876498222 14.31487518548965 0 0 0 0.3831992745399475 8.322270020842552 0 0.1335001140832901 0.5724900960922241 0.4441501274704933 6.014691203832626 9.842980816960335 0.5685057640075684 17.83277572691441 0 0.1462700814008713 0.3885971009731293 0.3665869534015656 0 0 0 6.487108707427979 0.1193253621459007 0.1645204275846481 0 14.18167876452208 0 0 0.4523474276065826 4.769413962960243 0.1264042556285858 0 0 0.5520628243684769 0 4.369530588388443 0 6.930632293224335 0.1182353347539902 4.596379637718201 3.509219989180565 15.76126620173454 3.278909385204315 5.036312386393547 0.1937558799982071
0.1067231595516205 56.32748428732157 4.323606215417385 2.723407804965973 0 4.400513894855976 31.04963776469231 6.850094310939312 31.00593552738428 8.995411798357964 8.648696064949036 0.6191129013895988 0.596121072769165 3.156752072274685 1.069999754428864 1381.359635025263 18.68478748947382 2.415569789707661 10.93949067592621 1.012366846203804 1453.885462105274 3413.437726721168 2996.088162153959 1963.052326977253 0.7315109297633171 6.915266700088978 2786.051158741117 781.5106512308121 8.73407156765461 121.9514667764306 0.3563250079751015 0.8052729293704033 4.021786913275719 78.82141499221325 29.21644509583712 1680.35359352082 503.3541872277856 352.5737396776676 422.4948594421148 46.31935274600983 4.359915554523468 2.74121817946434 7.790642946958542 0.1052425056695938 7.752758122980595 20.38181604444981 1.223471373319626 0 0.9997280240058899 20.05328914523125 2.799218222498894 60.01555102318525 5.769848011434078 0 1.221528708934784 0.1144107654690742 0.528443768620491 0.1256228387355804 4390.397872909904 1.687908992171288 0 0.9769446104764938 2.494732916355133 758.1892348453403 1464.52830209583 3291.358491256833 411.2425608038902 0.4893927350640297 0.2709980756044388 818.3946107551455 275.451080493629 3.141647048294544 133.50132137537 0 0.1614604741334915 1.666607320308685 6.074682928621769 16.50530362129211 51.12616726011038 6.599646009504795 12.28169699758291 7.104743704199791 10.13603246212006 0 0 0.2797686755657196
141.011076182127 2.696326076984406 6674.115561537445 1.008389055728912 0.2711515426635742 22.22409541159868 37.07428782433271 575.1569456756115 0.3256752416491508 10.29456727206707 347.2444796413183 3.555817045271397 1.270965993404388 971.0416362956166 0 18.68478748947382 3479.181566290557 168.3042460903525 2399.022127754986 4.102687731385231 412.5125970095396 2.246622830629349 4026.847196571529 6.17582069337368 0.3401321917772293 995.59229375422 5709.96931001544 23.59114966541529 1351.258136749268 2718.658969812095 0.7068014070391655 9.529970459640026 71.85225153714418 1857.292467936873 4.149216666817665 301.0288013368845 659.645783290267 1092.201447829604 212.3334067836404 4.066715285181999 2.08704474568367 3.353028208017349 0.379926398396492 0 5.328217156231403 17.9615318775177 0 0 0.1009996458888054 0.1448221206665039 0 0.3103295564651489 0 0.1231343373656273 0 0.1935855746269226 0 0 0.9445047825574875 2.794086739420891 0.1191424205899239 0.5363884642720222 0.5026063919067383 0.1858313530683517 1.361288167536259 0.304061621427536 1.442008458077908 0.1489038616418839 29.06346628069878 141.3252690881491 1.190801881253719 0 0 0 0 0 0.2909472733736038 0.9148747473955154 2.825331136584282 27.86746212095022 1.767815947532654 0.5419846847653389 0 0 0 0
5.453264616429806 0.1242308542132378 58.17314302921295 1.170107565820217 1.113112784922123 18.77290421724319 16.23405942320824 42.95700858533382 0 39.70166024565697 5458.395139202476 44.04187820106745 51.33569224923849 59.5993609726429 0.463104359805584 2.415569789707661 168.3042460903525 350.592769138515 2485.104122407734 29.85586012899876 8.639741308987141 0.2651519998908043 45.41193026304245 4.599684901535511 16.11563924700022 3820.710355781019 142.0693157091737 10.75395870953798 120.444572545588 32.31075666099787 23.41859221458435 48.99167811125517 7.192019000649452 1399.314756371081 6.846751004457474 1001.2272330001 2345.088225021958 2250.814271464944 702.2599187344313 13.32877414673567 6.178781285881996 93.63300150632858 4.727428063750267 0.1336739212274551 2.812137886881828 1.084086202085018 0.09335574507713318 0 0 0.7620129436254501 0.3362777307629585 0.1311539560556412 0.2456326335668564 70.6316639482975 0.1006483063101768 135.7705030441284 0.2541171237826347 0 0 0.1906071752309799 9.305438935756683 1.09986849874258 0 0 0 0.1231713369488716 0.7762830778956413 7.148541644215584 95.72012187540531 170.9331381395459 1.726759478449821 0.1661870032548904 0.2764952182769775 93.7563099861145 0.1300832480192184 0 1.723885104060173 3.773106351494789 39.47203497588634 19.72421806305647 5.208270706236362 0.4122670739889145 0.3609299063682556 0 1.090405374765396 0
17.42294931411743 4.727859176695347 173.5728772729635 1.169200673699379 0.9025949686765671 11.60278993844986 10.82111020386219 98.70809070765972 0.8933116942644119 36.69608573615551 1369.802733130753 29.23835033178329 1.616845659911633 158.7241177782416 0.08881787210702896 10.93949067592621 2399.022127754986 2485.104122407734 4419.435081779957 22.8026614934206 42.47533877938986 1.620577707886696 205.5225258171558 4.321459993720055 0.4155555069446564 2537.81886497885 797.0015292093158 11.63273905217648 312.781178638339 165.1201897412539 2.062330171465874 19.23858084529638 26.26515490561724 4387.104316622019 8.729078143835068 1137.078361779451 1392.949225462973 3747.411336667836 891.49462261796 6.416219905018806 2.043192602694035 1.781710788607597 3.300655774772167 0 7.824010588228703 3.843319773674011 0 0 0 0 0 0 0 0.6457266956567764 0 1.418016210198402 0.6027817130088806 0 0 0.7873788252472878 0.4600957185029984 3.034145876765251 0 0 0.3142145574092865 0.1367901116609573 0.4683308526873589 0.7595849931240082 70.14900320768356 179.1304632499814 1.113216690719128 0 0 2.898408725857735 0 0 0.1303053647279739 4.193188101053238 27.27384600788355 13.62365493923426 1.686505027115345 0.6328906416893005 0 0 0 0
4.907462999224663 0 8.718044422566891 3214.194631434977 5.638820193707943 660.8962740972638 305.7677197083831 522.1495662853122 396.0643464699388 5030.650090076029 111.5447647944093 4593.505171947181 7.482123002409935 334.8514212965965 173.7778302356601 1.012366846203804 4.102687731385231 29.85586012899876 22.8026614934206 824.9745649620891 11.04618109762669 0.6755432263016701 5.462645374238491 648.37486346066 5.361433796584606 31.92308551073074 6.927936725318432 3551.959851078689 501.9484258294106 3.795144468545914 1.90162181854248 93.00346427410841 19.24849528074265 369.6826655268669 23.37935428321362 936.5934906452894 19.75988167524338 717.1408011987805 162.7493781298399 616.4168167188764 141.8543941676617 20.94908517599106 24.03655872493982 0 0.6559697389602661 0 455.957874327898 0.4806066453456879 29.40558465570211 179.317605279386 13.58774704486132 133.5037565007806 505.9262330234051 0.4827960133552551 210.8434292301536 0.09210263937711716 4.982594214379787 11.49061617255211 1.288729146122932 0 0.1182598173618317 0 383.4451662749052 0.821138471364975 1.027306959033012 0 555.4958505854011 0.6532033681869507 0.6288994550704956 1.971821300685406 669.3029184117913 2.269280344247818 1.782521232962608 0 1.162031315267086 0 9.3747503682971 6.439935579895973 39.42307964712381 2.330688461661339 19.10077613592148 10.17791593819857 207.7890263348818 1.867172613739967 15.31504540145397 0
209.3780379071832 0.2596789672970772 178.117535173893 35.96106699854136 0.3593032658100128 197.5356461405754 1082.634101115167 377.6892138943076 13.74501975625753 168.4588553756475 30.3105405792594 2.598724335432053 1.451345801353455 612.6024197041988 0.7171678245067596 1453.885462105274 412.5125970095396 8.639741308987141 42.47533877938986 11.04618109762669 12266.17197159678 75.60019367188215 8737.949901521206 1219.08558370918 0 24.24487382918596 351.2492094859481 6692.059033513069 347.6334819719195 9577.9576356709 0.2325519025325775 5.754804439842701 59.47854529321194 5515.965624526143 120.563494451344 5199.792434044182 2024.631010465324 4259.127004675567 2454.52332817018 195.2885708138347 28.42913264781237 3.935984581708908 38.47266720980406 0.2652818858623505 2.588084302842617 0.7888874411582947 3.091550588607788 0.125695213675499 0.9378358274698257 14.75464417040348 1.387172520160675 22.74845228344202 4.742209002375603 0 1.181553065776825 0 0.6922706514596939 2.599865153431892 511.445239469409 0.8491770327091217 0 0.5365023612976074 1.307422876358032 358.8522129505873 135.7223179489374 339.5269098356366 229.1409567147493 0 0 29.58656843006611 231.7673602849245 5.004700571298599 101.641798004508 0.1845732927322388 0 2.575439989566803 2.552891068160534 39.93753013014793 55.69682579487562 0.9856642484664917 4.471986852586269 4.535339079797268 14.67620643973351 0.2275965884327888 0.4607328921556473 0.2152944803237915
0.5106081515550613 2160.03290028125 2.036818362772465 2.911782413721085 2.020016044378281 2.778100401163101 12.59875605255365 37.83494209498167 3834.767918400466 5.300343282520771 86.15587088465691 2.494220852851868 142.7797370254993 15.35010449588299 89.21273928135633 3413.437726721168 2.246622830629349 0.2651519998908043 1.620577707886696 0.6755432263016701 75.60019367188215 1437.022541083395 210.9671723842621 5930.618468940258 253.9585912451148 38.87348736822605 5486.52956507355 118.827880539 5.440228193998337 28.0022388920188 20.61716336011887 1.282051384449005 2.421798765659332 11.21501958370209 2.14408552646637 46.22573719918728 11.28120920807123 16.26194170117378 4.807436607778072 150.9983985498548 1.702255249023438 7.671210750937462 0 0.3132509291172028 67.967474386096 39.35500064492226 0.8445108234882355 0 0.6995906382799149 7.804233752191067 1.312186300754547 106.6404706463218 2.042837336659431 1.790963314473629 0.1676898449659348 2.147503890097141 0.654723733663559 0 1756.070353619754 1.824041999876499 0.1149651035666466 0.3396212160587311 0.4940294772386551 129.162036113441 354.6284168735147 564.743939653039 288.2222153991461 4.563114576041698 9.127402476966381 1279.088493570685 124.0810156688094 1.945997580885887 19.17325536906719 1.755057521164417 0.1263522505760193 0.1640055924654007 1.031997114419937 0 12.29087416827679 8.838435493409634 6.068392388522625 1.541361801326275 2.328229814767838 0 0.187860980629921 0
394.5503576248884 2.327600345015526 9745.464861944318 12.10667285323143 0.6043757051229477 102.1697256341577 497.7226995676756 639.8091635629535 7.457814812660217 74.04426534473896 75.17702697962523 3.066262222826481 1.895843103528023 1273.352264776826 0.4282953292131424 2996.088162153959 4026.847196571529 45.41193026304245 205.5225258171558 5.462645374238491 8737.949901521206 210.9671723842621 12517.12931393832 480.4075299873948 0.8963018134236336 1200.277440465987 6453.841152645648 2487.530178256333 635.2135434672236 9689.686529397964 0.103662371635437 7.55763104557991 31.87877571582794 4127.717832185328 186.8944021910429 9928.741645261645 8595.169097483158 7731.401318319142 6500.148654572666 386.3364296928048 84.76873954385519 14.34137618541718 36.2693389877677 0.1616728007793427 6.96067413687706 156.3477755114436 0.870647668838501 0 0.2740826308727264 14.29966974258423 1.298547491431236 8.104409962892532 3.515847325325012 0 2.40599063038826 0 2.074277773499489 0 2672.320823676884 1.872775226831436 0 0.1231037527322769 0.7273970246315002 211.9874828904867 434.7928533554077 2299.913019798696 106.2043091952801 0 2.125703990459442 1556.370619013906 83.15790343284607 2.666595995426178 37.38521379977465 0 0 0 1.705306462943554 99.10020674020052 97.77801770716906 8.982567079365253 13.64932300895452 35.55582647025585 7.686260685324669 2.619619578123093 0.3421882688999176 0
6.448373913764954 578.1065630018711 12.17038919776678 1921.276662148535 13.90332742035389 227.5261165872216 1166.105358809233 373.4200097993016 7847.930203571916 550.1553317978978 30.01705351471901 467.7360197156668 30.0555208325386 186.8263487443328 830.9449318125844 1963.052326977253 6.17582069337368 4.599684901535511 4.321459993720055 648.37486346066 1219.08558370918 5930.618468940258 480.4075299873948 9434.064989127219 50.25016918033361 12.56802198290825 2092.166314870119 10448.68438588828 336.5788687318563 221.5518204793334 3.275629580020905 14.01800708472729 135.7916947975755 212.0433122813702 48.9153346568346 1621.817010268569 59.57743407785892 440.815098926425 227.2116958126426 1102.518935889006 53.83787477016449 5.257043674588203 21.69568901509047 4.891498327255249 9.952800080180168 10.3899133503437 369.7901933863759 1.341275081038475 42.27476245164871 659.7081900537014 55.82563303411007 1135.711465768516 449.1359269320965 1.562865614891052 111.9734646901488 0.7720350474119186 41.0485340282321 4.976208165287971 515.2974350824952 3.525669135153294 1.718914143741131 1.139926575124264 321.5733703747392 550.7850828021765 214.7463169768453 144.8744216859341 4777.409356623888 1.353639014065266 4.763356074690819 150.5416706651449 4320.084511630237 44.28692538291216 382.2281118556857 1.244520455598831 3.265748046338558 2.732878111302853 35.30354007333517 20.0434568375349 352.0805448442698 7.89879747480154 80.09200606495142 24.1296773403883 174.7263398692012 11.11937001347542 3.787853211164474 2.506814524531364
0 1770.379222072661 0.6881061270833015 0 0 1.072338879108429 0.3497068583965302 0.9575243145227432 94.9218143671751 2.270492203533649 1128.510777562857 4.960241392254829 6354.05130136013 0.8559754863381386 3.173357717692852 0.7315109297633171 0.3401321917772293 16.11563924700022 0.4155555069446564 5.361433796584606 0 253.9585912451148 0.8963018134236336 50.25016918033361 445.0307526886463 486.6433625742793 3249.711140111089 7.545564189553261 1.225817248225212 0.4652859270572662 1037.412642866373 1.691902108490467 0 422.0944787934422 0.5321109890937805 170.9722934141755 143.5997647643089 441.2213893681765 30.95307371020317 96.46105235815048 24.91122253239155 351.5908226594329 1.121202111244202 0 222.1942109018564 1.218393094837666 0 0 0.7330600246787071 2.546838834881783 2.828325778245926 0.4022243916988373 4.217887125909328 682.9811802580953 0.3202098235487938 1724.538302749395 1.711020432412624 0 1.18243020772934 0.12710140645504 1.367046281695366 0 1.480756253004074 0 22.2858337238431 0 0.09447139501571655 51.59592998027802 58.0860960483551 293.075497739017 1.24786151945591 0.9103483557701111 0.09982475638389587 47.57775747776031 2.626590564846992 0 100.6768081337214 3.23403012752533 66.57749186456203 39.76256534457207 144.4996631890535 7.551160536706448 52.64150978624821 0.3833162188529968 46.62800773978233 0
174.0365416407585 121.1316166967154 9920.516794912517 3.563336588442326 1.667228192090988 82.7574670240283 135.0894816070795 644.8353258818388 18.75743249803782 57.38812445104122 2673.419545382261 48.81477217376232 272.9499041587114 905.687939837575 0.7511014491319656 6.915266700088978 995.59229375422 3820.710355781019 2537.81886497885 31.92308551073074 24.24487382918596 38.87348736822605 1200.277440465987 12.56802198290825 486.6433625742793 24855.21705266088 10104.40974893421 29.27163080126047 306.3812750577927 89.23729685693979 347.6462175548077 54.09683559834957 14.25058440119028 1247.108476564288 16.26860993355513 2791.934861451387 10024.00566319376 3964.006604455411 1234.284670442343 21.32638367265463 12.41135276854038 183.0014324039221 5.73148338496685 0.5478412806987762 328.971216134727 127.0174971967936 0.1089170947670937 0 0.2433620914816856 1.439763195812702 1.360548421740532 3.23747019469738 0.6052247956395149 533.8339961320162 1.132947698235512 1189.13973583281 1.630839981138706 0.1366908699274063 4.086777277290821 17.63260781764984 91.70543284714222 52.80847059935331 0 0.7515470236539841 13.50839834660292 2.6001291051507 6.021148599684238 133.8787131682038 2073.494737386703 5242.030097350478 2.427796632051468 2.440705172717571 0.8673346862196922 779.0676026120782 0.6700888127088547 0 16.1804261803627 5.879478678107262 73.27364031970501 288.2480150014162 63.09965625405312 9.827450089156628 1.593526490032673 0.2835720777511597 6.738637790083885 0
10.47944149374962 5581.219881422818 6842.935157507658 5.11895414441824 0.4685055539011955 16.89320676773787 55.95253147929907 63.03636291623116 1321.377954483032 27.79595037549734 382.503356307745 11.78801795840263 3338.176557518542 85.58390168845654 34.88031880557537 2786.051158741117 5709.96931001544 142.0693157091737 797.0015292093158 6.927936725318432 351.2492094859481 5486.52956507355 6453.841152645648 2092.166314870119 3249.711140111089 10104.40974893421 26733.90365439653 313.1665264889598 140.7040218636394 183.202820405364 1369.444651283324 9.259291268885136 16.24263785034418 2648.653844259679 95.59481450915337 6205.371849179268 6196.414045915008 8532.216778755188 3506.430104918778 142.6996986716986 67.8176880851388 38.70334000885487 20.55510488897562 1.669118270277977 4581.359031327069 2368.106523327529 1.768078245222569 0.2010914161801338 1.094096042215824 16.91519673913717 5.00151788443327 22.7430797368288 6.276001654565334 233.0886976420879 2.395969040691853 720.6815331876278 9.884622223675251 0 1151.668127305806 108.1462932303548 74.70645549893379 73.91649970412254 2.780747093260288 59.69397228211164 1962.857694946229 633.8066815584898 128.4276226535439 294.9624657481909 3555.089866280556 26312.31851670146 71.45160118490458 2.066879317164421 15.34512083232403 530.9031690955162 0.7857303991913795 0.1501525789499283 46.98469827324152 57.59744085371494 137.6312817186117 729.5412577390671 158.5410556122661 45.91611734032631 4.268033482134342 1.986706525087357 7.982124663889408 0.7356351464986801
65.43686006218195 10.62135895341635 167.0785344839096 6443.803896017373 2.676460184156895 1265.841540589929 17817.77658911049 856.3262428343296 849.4683087691665 9584.161821343005 39.18400435894728 1238.203940071166 2.9023342654109 609.3740906119347 59.06083416193724 781.5106512308121 23.59114966541529 10.75395870953798 11.63273905217648 3551.959851078689 6692.059033513069 118.827880539 2487.530178256333 10448.68438588828 7.545564189553261 29.27163080126047 313.1665264889598 20837.47969346493 1074.222614996135 10603.16242706031 0.6297023221850395 37.09898768365383 621.8818136900663 1823.662107475102 184.164453625679 5743.870040245354 133.6242691427469 2229.079800277948 1141.883468233049 455.0323106199503 73.41381257027388 13.62519630789757 66.78472556918859 11.86194279044867 3.836272157728672 4.381227910518646 311.939195021987 0.6135789304971695 42.18610068410635 608.9450944811106 51.53615740686655 411.5404637753963 441.1863122358918 3.201089709997177 129.2435200512409 0.1084986105561256 34.03416827321053 1.629986077547073 378.6601227223873 2.720155410468578 1.451322048902512 2.700990572571754 265.4318526163697 471.0186573788524 116.2895456403494 88.30076766014099 3076.207685984671 1.054832123219967 1.931160442531109 67.13912648707628 3326.454356580973 55.34309801459312 562.6440929546952 0 2.697923898696899 3.590965338051319 37.55278806388378 86.31760196387768 355.7125537618995 8.57050371915102 78.64789167046547 38.92287740856409 185.2495699375868 8.302802108228207 4.78524411469698 1.594547018408775
