1479.172935403883 0 34.27112679183483 1.697520434856415 0.1468505710363388 7.987915426492691 2143.173602923751 617.7654986307025 2.252347826957703 61.31439903378487 3.292505472898483 2.236957713961601 0.2083815187215805 8142.727235235274 0 0 26.14718795567751 1.259431563317776 1.474819235503674 2.383638694882393 0.8781281560659409 0 36.78366822749376 16.97244082391262 0 3.423381976783276 10.19971718639135 43.92216338217258 4332.221362411976 3046.845774509013 0.5585170239210129 5.163651637732983 39.92453020811081 73.44356500357389 2.479325175285339 58.59479638189077 1.410102911293507 62.70891270786524 14.55252732336521 1.095779255032539 2.127003066241741 0.2379931509494781 0.1196264997124672 0 0.1343903988599777 0.1171843633055687 0.08742351830005646 0 0 0 0 0.387803241610527 0 0 0 0 0 0.176585853099823 0.4421663507819176 0 0 0 0 0.2420381903648376 0 0 3.151378192007542 0 0.18697439879179 0.412415474653244 2.835630223155022 0.1194121986627579 0 0 0 0 0 0.09335328638553619 2.507994405925274 0 0 0.09704677760601044 0.3174682110548019 0 0 0
0 249.0112666189671 225.231592439115 0 0.1497923880815506 1.036398336291313 2.107447132468224 0.8286158666014671 846.4099610000849 0.3144828230142593 28.01519663631916 4.942324578762054 633.1818365082145 0.5103827640414238 15.00060120224953 147.5697742775083 103.1831647977233 29.23262034356594 104.0578237622976 0.1128753870725632 7.998692139983177 2992.342762589455 22.45421060174704 1028.70373904705 1410.26099781692 1447.17423851788 14155.16016614437 34.96937769651413 0.8219285756349564 1.852443188428879 76.93799183517694 0.2368572503328323 0 46.15271229296923 0.5394545793533325 94.64291015267372 250.7348083630204 112.9724394008517 22.65614248067141 38.44935109466314 0 173.7851560562849 0 0.2965482175350189 117.9441747441888 246.2357788980007 0 0 0 2.168078154325485 0 12.63938339054585 0 1.242093399167061 0 16.64946191012859 0.3438747674226761 0.2644929587841034 1.673437863588333 54.8346059024334 2.076307557523251 42.66781873255968 0.1056752502918243 0.3455961942672729 35.33736672997475 4.418096274137497 4.528885714709759 15.49417041987181 863.6875241920352 2315.615400440991 0.3626711666584015 0.1252631098031998 0.3895054534077644 2.715071111917496 0 0 9.818929970264435 0.4828456938266754 19.82688776403666 16.46457527577877 13.59209129959345 4.393656030297279 1.087768644094467 0 2.505357563495636 0.1411020010709763
34.27112679183483 225.231592439115 12040.71854139864 2.108050279319286 0.2504262328147888 8.813906610012054 431.0317345112562 181.5821327865124 18.20836572349072 7.046201553195715 39.56967867165804 1.632562056183815 19.83129742741585 231.048147469759 0.8164715021848679 22.85271269083023 10412.67812547088 72.4781638532877 365.6436372548342 1.421767100691795 590.9643935933709 21.08407726883888 13105.92681517452 378.7663804143667 2.996359206736088 7992.583053290844 7093.194917604327 296.1948345676064 225.105929903686 1080.967474505305 6.118085198104382 3.737748973071575 40.68107661604881 1344.454317823052 47.16384138166904 2195.865927487612 1959.751849651337 2806.933528631926 1088.912805512547 88.87326708436012 6.511098891496658 52.31444447487593 8.266965590417385 0 134.0499370023608 411.0073870047927 0 0 0 2.890178367495537 0 15.46045860648155 0.3268623650074005 0.1528611034154892 0.2820177674293518 2.486523933708668 0.2231116071343422 0 10.04041366279125 53.47165863215923 1.115336887538433 22.93621776252985 0.128903403878212 4.721252538263798 33.89398550987244 12.50064200162888 25.2774713486433 2.462597072124481 555.8030966743827 1442.649766169488 21.50192525982857 0.1394675225019455 4.398986026644707 1.838597938418388 0 0 6.2168800085783 29.48266126215458 28.26070182770491 24.79771586507559 13.66429327428341 6.031670048832893 1.630639985203743 0 0.7906774878501892 0.3407072126865387
1.697520434856415 0 2.108050279319286 3185.137621693313 3.483882270753384 140.4886363968253 172.2372556328773 124.139842197299 247.2356625050306 1379.820246085525 8.049920789897442 5187.376850217581 0.8300870433449745 95.02079569548368 93.36049800366163 1.012003391981125 0.45170708745718 1.673758812248707 0.9793074280023575 3776.724301569164 0.2622570693492889 0.638611376285553 3.203380167484283 1931.921283558011 0 4.52989823371172 2.367843799293041 3642.35686057806 75.06511063873768 8.518311999738216 0.8201897516846657 13.11484748870134 8.774822413921356 82.61308477073908 6.797962933778763 468.6848252117634 6.422649808228016 153.4049648940563 31.21721685677767 207.4344645291567 12.97606794536114 1.449158027768135 1.528670571744442 0 0.08743936568498611 0.5222117900848389 50.20005881041288 0.2781169414520264 2.436255529522896 33.43250084668398 17.02295293658972 63.04686095565557 25.91991982609034 0.243125855922699 36.38369761407375 0 14.21867800503969 1.266344785690308 0.294445127248764 0 0 0 48.13203258067369 0 0.1365876495838165 0.1880037933588028 176.3663714379072 0 0 0 155.4757598862052 3.357500046491623 0.6299140453338623 0 0.1914789378643036 0 3.874485313892365 0.6070582568645477 83.28456862270832 0 9.074409328401089 3.785042658448219 90.93564360588789 0.2989878356456757 0 0
0.1468505710363388 0.1497923880815506 0.2504262328147888 3.483882270753384 291.7809394001961 1392.31587664783 3.825472250580788 343.7844438478351 6.732070460915565 17.27842541784048 35.78949068486691 53.04163780808449 6.057616584002972 58.0450526624918 1218.215787701309 0.1759821325540543 0.2134450674057007 4.052374519407749 0.9654018953442574 12.09444235265255 0.3487756326794624 0.4141810983419418 0.4149110168218613 15.33306751400232 0.3041620254516602 5.054583087563515 3.011793650686741 4.460601933300495 2308.882794857025 2.79997880756855 2.084446638822556 407.0635936260223 0 510.500999905169 1.95832747220993 325.3400138989091 7.595206044614315 312.628128670156 20.3298751860857 2057.529289096594 410.241533242166 3.613158449530602 4.583681717514992 0 0 0 0.1867844760417938 0 0 0 0 0.2123757004737854 0 0 0.249916598200798 0.1482112109661102 0 0 0 0 0 0 1.09309709072113 0 0 0 0.5895862951874733 0 0 0.1228440031409264 1.735893398523331 0 0.367662787437439 0 0 0 0 0.6544231176376343 1.796507813036442 0 0 0 0.8781068325042725 0 0 0
7.987915426492691 1.036398336291313 8.813906610012054 140.4886363968253 1392.31587664783 12600.40608688444 918.6957518160343 7696.033949442208 34.30593395978212 8508.695773478597 116.4276289269328 5086.288514778018 18.31450675427914 803.2507327906787 3756.601202897727 0.0802706852555275 4.743071362376213 24.73544898629189 9.317354008555412 524.3582373037934 0.7555843591690063 0.3570319041609764 6.204799063503742 148.6821597293019 1.987285166978836 41.85465846955776 17.14465404301882 225.5868121162057 282.0613189227879 60.41581424325705 8.426710873842239 472.4770824089646 4.674609936773777 455.6761815622449 6.58649992197752 1055.364419199526 31.1908949688077 616.216942936182 51.53143288195133 5438.947727739811 313.5281779766083 14.75954212248325 7.670502260327339 0 0.1369384676218033 0.1135692968964577 3.481624364852905 0 1.185557782649994 4.421585768461227 1.809428185224533 6.388809837400913 0.6675924062728882 0.4571053683757782 1.909343972802162 0.1076847836375237 0.9295391291379929 0.2585818469524384 0.1066299006342888 0 0 0 2.744096606969833 0 0.1048075035214424 0.4125152230262756 15.85925050824881 0.1846357211470604 0.563364177942276 0.6196595281362534 15.39067126810551 0.294804722070694 0.8222709745168686 0 0 0 0.3923275172710419 0.2780886963009834 14.01364365965128 0 0.9815898686647415 0 5.810483679175377 0 0 0
2143.173602923751 2.107447132468224 431.0317345112562 172.2372556328773 3.825472250580788 918.6957518160343 17391.98163402826 4740.908385299146 337.1622678115964 5621.222779400647 18.68290166556835 18.61676673591137 3.177631862461567 7296.734213590622 12.65077627450228 11.56184539198875 43.90831396728754 7.215123862028122 4.531467750668526 43.43468879908323 53.09260950982571 9.793296366930008 667.2188903465867 4570.310244113207 0.415106475353241 20.17443978786469 76.84466371685266 21934.67442969978 857.7513481527567 7503.200434610248 2.150078549981117 20.37468304485083 166.8009527251124 589.9618129134178 35.12004609405994 1724.775565966964 47.32123886793852 826.1735875383019 254.2410053312778 105.039080478251 41.2739601880312 2.182216174900532 13.81919202208519 0.2921495586633682 0.1944524347782135 2.004577100276947 32.1585333570838 1.055749773979187 6.339148730039597 57.94369205832481 43.3036325275898 90.29384341090918 28.03001006692648 2.66746811568737 18.05177731066942 1.472544714808464 43.96586317569017 1.388199403882027 8.929638594388962 0.1491362750530243 0.2986605763435364 0.2568097114562988 31.58197544515133 1.710991315543652 1.938838616013527 6.972764447331429 306.5821333676577 0 0.5897913202643394 6.536173969507217 267.1478919386864 11.31224682182074 14.66230260580778 0 3.161082394421101 0 9.531385011970997 3.701199248433113 95.81115286797285 0.3299761861562729 38.52763964235783 8.593890868127346 87.48795206844807 0.6986216902732849 0 1.599495708942413
617.7654986307025 0.8286158666014671 181.5821327865124 124.139842197299 343.7844438478351 7696.033949442208 4740.908385299146 15998.18166298419 35.52865176647902 3099.297368135303 135.4461472928524 842.9811854958534 21.14113883674145 10018.64578000829 65.62173276394606 1.194028846919537 79.18662744760513 33.38901210576296 13.86701991409063 317.9589408785105 5.853476487100124 0.3210287243127823 139.5640377029777 397.8481053411961 2.022842817008495 57.33737511187792 58.85202457383275 484.0000313408673 762.8721977621317 2009.450878709555 9.772173032164574 498.4253785610199 30.74877686053514 478.8496185392141 8.87152186781168 810.2309180796146 39.13838161528111 554.4058688804507 66.58898820355535 642.8107013478875 168.768567584455 10.30255517363548 4.305564060807228 0 0.2658026218414307 0.09195627272129059 10.47233121842146 0 2.180981352925301 16.92074187844992 8.637786887586117 17.41150364279747 8.901177816092968 0.6305393576622009 2.960777692496777 1.013397037982941 8.073054566979408 0 0.4926846027374268 0.09875933080911636 0 0.2538827955722809 7.519649282097816 0.3972056061029434 0.9731013998389244 0.8570431023836136 71.26360265910625 0.3601900860667229 1.010421939194202 2.201762557029724 60.54914330691099 3.076628372073174 2.567897230386734 0 0 0 2.199189141392708 0.7729066833853722 27.43697173893452 0.1172686815261841 7.281534917652607 1.478719219565392 24.20847037434578 1.366676449775696 0 0
2.252347826957703 846.4099610000849 18.20836572349072 247.2356625050306 6.732070460915565 34.30593395978212 337.1622678115964 35.52865176647902 1277.970784150064 210.5442296564579 2.337621621787548 281.2884480655193 17.89172039926052 27.8863618299365 256.0269723534584 154.926586151123 5.527597159147263 1.221012689173222 1.656222507357597 187.708056487143 29.66498636454344 2914.997408136725 36.37111579626799 12386.91690541804 102.5129220187664 24.66270564496517 584.6732538938522 1631.759386576712 35.64502479881048 44.81374339014292 6.499309323728085 1.913175381720066 4.523731984198093 18.96427726745605 0.9938491433858871 162.9175164625049 15.28455758839846 34.31777980178595 8.963299818336964 303.9531998410821 4.880358800292015 2.571610324084759 0.6045274287462234 0.4536424428224564 3.71135176718235 5.104313440620899 103.4578992277384 0 17.29156170785427 146.9970861077309 76.3399046510458 153.7034135460854 46.91432431340218 2.73871074616909 47.04752516001463 0.4667444676160812 70.68948939442635 3.759007699787617 139.1606827974319 1.102105423808098 0.2011404186487198 0.4683923423290253 101.8410896882415 55.31693436205387 57.9759768769145 12.87408398091793 1251.905152976513 0.1596117615699768 4.031945019960403 18.13287600129843 843.1824444383383 14.84015008807182 38.97823227196932 0.09520021080970764 1.726412460207939 0.2315293699502945 18.66413363814354 1.021974086761475 98.00795566290617 0.4941073358058929 38.57552965730429 9.554198272526264 141.1183110252023 3.189043655991554 0 0
61.31439903378487 0.3144828230142593 7.046201553195715 1379.820246085525 17.27842541784048 8508.695773478597 5621.222779400647 3099.297368135303 210.5442296564579 32117.69863425195 71.93730806559324 5663.693767532706 7.43485201895237 1607.638792410493 127.7582866698503 0.5725812613964081 3.395729139447212 23.80955912172794 11.39597893506289 1726.955935366452 1.140708617866039 0.3525634407997131 8.579250238835812 1747.689561992884 0.6474018394947052 45.25308164209127 23.9317149668932 8898.502368427813 675.6248537711799 66.34707594662905 8.707003407180309 94.45173025876284 34.40203909575939 684.6329343616962 29.00243669003248 2129.794653527439 36.84911569952965 1039.78573794663 186.3759618848562 427.9895986691117 101.3205645978451 8.250471532344818 13.87170199304819 0 0.1142334342002869 0 120.9089416414499 0 4.024201534688473 39.92953199893236 25.02890687435865 58.91523500531912 20.34798842668533 0 16.71469383686781 0.1077838018536568 20.31586164981127 0.6835776567459106 0.156733438372612 0 0.3495460748672485 0 37.32700227946043 0 0.5275530815124512 1.159283846616745 160.4617067277431 0.2024817988276482 0.9476442337036133 1.022832661867142 161.8935803994536 4.20361141115427 1.595955744385719 0 1.520206928253174 0 4.540824413299561 1.318796291947365 90.33374945819378 0 9.742115288972855 1.607379116117954 78.04010259360075 0.6970398277044296 0 0
3.292505472898483 28.01519663631916 39.56967867165804 8.049920789897442 35.78949068486691 116.4276289269328 18.68290166556835 135.4461472928524 2.337621621787548 71.93730806559324 19150.50975561142 49.27642548084259 5163.571281261742 96.83949322998524 0.7949475646018982 0.3864186927676201 481.7215163782239 2820.899590015411 2781.497431002557 22.45193807035685 12.81060399860144 4.554628059267998 73.04314289242029 23.33718732744455 538.6402922123671 4610.766984425485 1407.642805203795 15.65319667756557 135.0372953861952 32.91455863416195 1835.840774267912 230.3076889812946 2.883456438779831 7600.831084616482 5.541703537106514 440.2853747531772 3243.860419981182 3217.371235914528 326.2461843118072 21.60307927429676 139.3433400541544 719.8556140065193 3.059516109526157 0 14.68603163957596 0 0.5043638050556183 0 0 1.018084451556206 0 0.6506277993321419 0.2090712785720825 69.34892288595438 0 499.2869979515672 0.4141050726175308 0 0 0.783808171749115 5.862243540585041 9.038991384208202 0 0 0.7726637870073318 0 4.285560287535191 146.4273141697049 108.0152672156692 201.0381239131093 2.462520949542522 0 0.5268685817718506 54.60636150091887 0 0 0.9097609892487526 1.011035412549973 16.18094069510698 124.2520013675094 4.975705690681934 0.2668889164924622 2.95085746794939 0 47.55430668592453 0
2.236957713961601 4.942324578762054 1.632562056183815 5187.376850217581 53.04163780808449 5086.288514778018 18.61676673591137 842.9811854958534 281.2884480655193 5663.693767532706 49.27642548084259 7990.121000140905 5.302442483603954 403.3627385720611 1823.48202867806 0.5683933645486832 2.144683755934238 15.46252683550119 6.462239384651184 3692.487394869328 0.151491180062294 10.60869162529707 2.373332925140858 1065.590775765479 1.184117287397385 23.75402614474297 11.99947258085012 816.6018939465284 186.2726956382394 10.41991505026817 6.049354568123817 74.8913274332881 0.537845715880394 205.523760817945 3.126470193266869 1092.667681612074 16.01731835305691 311.5052646398544 15.1325620636344 2720.292185164988 40.20752740651369 5.448447018861771 2.149024151265621 0 0.09352683275938034 0 69.39948614686728 0.4612322747707367 7.089217305183411 14.5483001768589 8.209430731832981 41.13793161511421 23.50438432395458 0 70.01002954691648 0.8229237794876099 7.458204202353954 2.665702536702156 0.8208623677492142 0 0.1732428073883057 0.1199178397655487 73.2778107598424 0 0.8578354120254517 0.249334529042244 192.1696314588189 0.1649315804243088 0.6432890519499779 0.6168451607227325 96.4594814479351 1.8608253672719 0.571811854839325 0 0.2631934583187103 0 2.081274002790451 0 156.8821349367499 0 3.800226405262947 1.886404886841774 140.7192883715034 0.5073273852467537 6.211339950561523 0
0.2083815187215805 633.1818365082145 19.83129742741585 0.8300870433449745 6.057616584002972 18.31450675427914 3.177631862461567 21.14113883674145 17.89172039926052 7.43485201895237 5163.571281261742 5.302442483603954 4271.937986828387 8.364189095795155 0.1391295492649078 7.429708696901798 12.26113480329514 47.12041440606117 11.55214887112379 2.908236593008041 6.712648674845695 80.52567597478628 7.922619998455048 25.23877158015966 5570.021105796099 582.5370616689324 2894.431522138417 16.42672494798899 6.243511959910393 9.129523195326328 1173.205670386553 24.70115594565868 0.4446396082639694 1178.613655328751 28.09090550243855 1043.676874190569 6877.758191540837 3615.343122206628 292.5044296756387 47.19476314634085 172.9372951462865 1332.872588865459 12.12755778431892 0 111.2886967808008 0 0.6969630122184753 0 0 0.07684119790792465 0.7655363604426384 2.502462729811668 0.08168810606002808 270.3044352903962 1.032506823539734 2331.141525432467 0.9316583722829819 0 2.499825865030289 0 27.77648516744375 8.367559485137463 0 1.243866205215454 4.449840813875198 1.429821968078613 1.560955122113228 791.9888635575771 196.5993247851729 507.1400408446789 0.738244891166687 0.2117419242858887 0 210.1358781158924 0.1203932240605354 0 3.238301493227482 1.808505296707153 317.2726642414927 528.1774654760957 18.29558444023132 0.5788372308015823 14.28960318863392 0 143.8771590143442 0
8142.727235235274 0.5103827640414238 231.048147469759 95.02079569548368 58.0450526624918 803.2507327906787 7296.734213590622 10018.64578000829 27.8863618299365 1607.638792410493 96.83949322998524 403.3627385720611 8.364189095795155 11204.12864770368 4.008070468902588 1.364545449614525 158.8224016353488 33.88338442146778 25.9384375885129 225.2070271745324 10.16900512576103 0.5494475141167641 212.9783158414066 376.926636300981 1.368430495262146 64.22865729406476 87.97578954696655 460.7106605023146 10554.17675014585 6073.669810224324 8.075541973114014 266.8006655946374 85.04993162304163 1019.321370646358 11.64069814234972 649.6293324828148 35.95337086170912 828.4559492319822 226.922852486372 84.07150939851999 31.68142227083445 4.910321243107319 4.378138773143291 0 0.3708096146583557 0.4541587457060814 5.823733918368816 0 0.9445224106311798 11.09011341631413 4.540767677128315 13.93331184238195 4.557151906192303 0.6909860968589783 2.715928785502911 0.4672735631465912 6.623483337461948 0 2.668742507696152 0 0 0.07815132290124893 7.045170001685619 0.8435508012771606 0.6587315797805786 0.1225249543786049 66.91083403676748 0 1.513657443225384 2.80901899933815 48.58244075626135 1.746175274252892 3.6407685354352 0.1034123301506042 0 0 2.004689395427704 1.223837472498417 18.18091922998428 0.3772009983658791 3.944580383598804 1.24713109433651 21.89133982360363 0.7928337156772614 0 0
0 15.00060120224953 0.8164715021848679 93.36049800366163 1218.215787701309 3756.601202897727 12.65077627450228 65.62173276394606 256.0269723534584 127.7582866698503 0.7949475646018982 1823.48202867806 0.1391295492649078 4.008070468902588 480.6805185824633 0 0.1509803831577301 0.3226758912205696 0 267.4459927231073 0 53.70873957872391 0 882.2410420030355 2.006847314536572 0.9633924067020416 15.82550264894962 51.80297431349754 4.132747150957584 0.1889249831438065 0.1019512563943863 68.23252300173044 0 19.8420127928257 0 50.11614021658897 0.574422761797905 1.539587177336216 0 1212.383346505463 46.22538393735886 0 0 0 0.194060742855072 0.09630857408046722 1.764668852090836 0 0 0.9282965883612633 0.1828732043504715 0.9274435937404633 0 0 0.4502151161432266 0 0.1435295790433884 0.1606839746236801 0 0 0 0 2.094840705394745 0 0.1536471396684647 0 9.65759339928627 0 0.1616277545690536 0.1896762549877167 3.109252758324146 0.5549970865249634 0.1394012868404388 0 0 0 0 0 7.383241206407547 0 0 0 9.213286444544792 0 0 0
0 147.5697742775083 22.85271269083023 1.012003391981125 0.1759821325540543 0.0802706852555275 11.56184539198875 1.194028846919537 154.926586151123 0.5725812613964081 0.3864186927676201 0.5683933645486832 7.429708696901798 1.364545449614525 0 5726.435824669898 5.280823826789856 0.8537418097257614 1.04569723457098 0.09501001983880997 7092.175832793117 5639.975585125387 7768.67017415911 2188.474070169032 9.81709398329258 4.797087721526623 2385.325710549951 3040.485415123403 5.084258049726486 10.67089295387268 0.2857634425163269 0.225491113960743 1.116171009838581 62.76442220062017 30.72030591219664 2122.906520716846 556.6867793798447 465.4766127020121 723.9804712235928 44.47767221927643 2.937112331390381 12.44641969352961 12.76508477330208 0 1.207188278436661 18.85630302131176 0 0 0 3.4532470703125 1.893160402774811 131.1475390791893 1.347481906414032 0.6042380928993225 0.9137951731681824 17.58236646652222 0.2168031632900238 0 2529.224900759757 0.4148940220475197 0 0.4705106839537621 1.845316976308823 364.582190208137 1236.894157119095 924.6567307561636 326.0517407730222 0 1.017084881663322 598.2242493033409 268.1481823921204 1.79401296377182 53.67238545417786 0 0 0 1.665010839700699 10.90873317420483 48.14927240461111 5.132339403033257 6.78652935475111 4.846586771309376 21.12041863054037 1.649261876940727 10.89557278156281 3.149087905883789
26.14718795567751 103.1831647977233 10412.67812547088 0.45170708745718 0.2134450674057007 4.743071362376213 43.90831396728754 79.18662744760513 5.527597159147263 3.395729139447212 481.7215163782239 2.144683755934238 12.26113480329514 158.8224016353488 0.1509803831577301 5.280823826789856 5261.132468521595 351.125233091414 6361.921680085361 1.063687831163406 547.5522681325674 8.938056081533432 4685.370427660644 49.59420878440142 1.066465556621552 3475.446024306118 6327.758728057146 64.73655474185944 290.7817486971617 1629.795109346509 2.310945801436901 2.219778157770634 54.72102514654398 3645.092023469508 6.705253183841705 464.7217428982258 991.5246346369386 1046.029803745449 219.7950444892049 10.05396907776594 2.128685422241688 35.94142445921898 1.749870598316193 0 32.07996763288975 31.19263453781605 0 0 0 0.3919838592410088 0.1706505715847015 1.484023675322533 0 0.8920391052961349 0 0 0 0 0.2955144345760345 19.02147014439106 2.020822234451771 32.61423376202583 0 0.7628026902675629 2.507244467735291 2.022547036409378 1.89832579344511 1.199432447552681 263.3226553052664 210.2784319669008 0.8163762614130974 0 0.4482707530260086 0.8301128745079041 0 0 2.83895093947649 3.703793860971928 7.880120828747749 21.33506229519844 4.697969175875187 2.200812488794327 0.3367130160331726 0 0 0
1.259431563317776 29.23262034356594 72.4781638532877 1.673758812248707 4.052374519407749 24.73544898629189 7.215123862028122 33.38901210576296 1.221012689173222 23.80955912172794 2820.899590015411 15.46252683550119 47.12041440606117 33.88338442146778 0.3226758912205696 0.8537418097257614 351.125233091414 1139.686499796808 4796.236775711179 7.718607507646084 4.620528414845467 5.068665713071823 34.28409462422132 9.163568578660488 96.81619396805763 5061.988628529012 526.0535077750683 5.957704707980156 31.58633483201265 13.52089568972588 153.8851535618305 35.44762175530195 1.400464124977589 1350.992717444897 6.429857730865479 616.2069301977754 860.5247362852097 1282.063613124192 327.4363552704453 8.232208505272865 3.922820165753365 6.096475526690483 0.9911962002515793 0 14.15333630889654 0.5673978999257088 0 0 0 0 0 0.1323588341474533 0 3.670931540429592 0 28.89666946977377 0 0 0 1.856475360691547 5.271285109221935 13.225651063025 0 0 0.2141502574086189 0 1.336616151034832 31.30855246633291 144.7361517697573 222.1691588684916 0.1556864827871323 0 0.3202568292617798 17.86424173414707 0.1042734980583191 0 0.5981786400079727 3.060997374355793 6.50957366079092 5.416138984262943 3.098025724291801 0.4307296127080917 0 0 0 0
1.474819235503674 104.0578237622976 365.6436372548342 0.9793074280023575 0.9654018953442574 9.317354008555412 4.531467750668526 13.86701991409063 1.656222507357597 11.39597893506289 2781.497431002557 6.462239384651184 11.55214887112379 25.9384375885129 0 1.04569723457098 6361.921680085361 4796.236775711179 4177.57856028527 4.377752743661404 23.27460793405771 4.446151159703732 299.8109269738197 5.184302091598511 31.4409825950861 6727.824405677617 902.6212720647454 7.604860670864582 28.49975104629993 61.58632988482714 13.82839544117451 12.04655061662197 2.572671197354794 4096.918114438653 6.040170103311539 367.4721683934331 1457.47790004313 1018.293403424323 171.2520460486412 6.575564332306385 1.306382872164249 46.66438961029053 1.008303575217724 0 75.89352490752935 4.063559405505657 0.07600114494562149 0 0 0.1168577373027802 0.1437850892543793 0.3519263938069344 0 3.959121905267239 0 12.23292464017868 0 0 0 50.40988451242447 8.065921477973461 176.3730892241001 0 0.2740165740251541 0.4637026637792587 0.7546598017215729 0.2707151025533676 21.16165675967932 1096.99352633208 647.1451815292239 0.09385216981172562 0 0.1072972342371941 11.78514868021011 0 0 4.080042533576488 2.053405821323395 16.90910343080759 40.38266791403294 8.301913745701313 1.417460739612579 0.1643547415733337 0 0 0
2.383638694882393 0.1128753870725632 1.421767100691795 3776.724301569164 12.09444235265255 524.3582373037934 43.43468879908323 317.9589408785105 187.708056487143 1726.955935366452 22.45193807035685 3692.487394869328 2.908236593008041 225.2070271745324 267.4459927231073 0.09501001983880997 1.063687831163406 7.718607507646084 4.377752743661404 496.1535742580891 0.07937697321176529 0.373026005923748 1.250439062714577 981.428836658597 0.4594301804900169 14.76196206361055 7.772299714386463 1349.331990517676 142.8979644402862 8.586490578949451 1.767652660608292 38.61349587142467 5.615495286881924 158.0553004592657 4.95514278113842 748.5975655466318 9.287968896329403 264.9358616471291 38.59493197500706 558.7741401195526 27.83867474645376 0.8975742384791374 3.551640994846821 0.2013736367225647 0 0 26.53874730318785 0.1715476810932159 2.172164425253868 20.29652433842421 9.705988727509975 26.21430803835392 17.20406375080347 0.1093499436974525 11.51688330620527 0 8.083671018481255 0.5814657211303711 1.090576261281967 0 0 0 25.25581782311201 0 0.8117444440722466 0.5820303335785866 108.2291282564402 0.1266808956861496 0.3071059584617615 0.5386732146143913 85.14285508543253 2.768800720572472 1.90386988222599 0 0.8344134986400604 0 4.834873497486115 0.5227424651384354 56.85332456976175 0.09533205628395081 6.278515040874481 1.58170585334301 76.40983001887798 0.4850823879241943 0 0
0.8781281560659409 7.998692139983177 590.9643935933709 0.2622570693492889 0.3487756326794624 0.7555843591690063 53.09260950982571 5.853476487100124 29.66498636454344 1.140708617866039 12.81060399860144 0.151491180062294 6.712648674845695 10.16900512576103 0 7092.175832793117 547.5522681325674 4.620528414845467 23.27460793405771 0.07937697321176529 12272.11955333501 706.4650226533413 23295.90329523385 235.3555747419596 1.006517201662064 35.62697573751211 262.1164810806513 4655.019030399621 35.60730194300413 9603.795152112842 0.8813992962241173 1.217017129063606 7.266523197293282 4780.63909111172 95.16403660178185 5275.656044371426 798.9054644629359 5789.326486691833 3257.377003148198 101.0692734271288 19.64478200674057 11.68832118064165 35.09153956919909 0 0 1.328699104487896 0.7974711060523987 0 0.3077602684497833 0.2938210889697075 0.7993630766868591 58.60206530243158 0 0.1628976464271545 0 5.156698763370514 0.4097627997398376 0 562.6113682985306 0.4971170425415039 0 0.2107331603765488 1.739932805299759 262.6256901100278 240.7691271901131 81.8460533246398 182.8261265605688 0 0.6205562576651573 7.909695483744144 186.6630749776959 0.4707497507333755 53.5739638209343 0 0 0 1.817545875906944 14.40463451296091 44.73499798029661 1.125581726431847 0.627164900302887 0.8382246270775795 12.11734564602375 0 2.1661217212677 0
0 2992.342762589455 21.08407726883888 0.638611376285553 0.4141810983419418 0.3570319041609764 9.793296366930008 0.3210287243127823 2914.997408136725 0.3525634407997131 4.554628059267998 10.60869162529707 80.52567597478628 0.5494475141167641 53.70873957872391 5639.975585125387 8.938056081533432 5.068665713071823 4.446151159703732 0.373026005923748 706.4650226533413 3007.959692530334 818.4129464402795 6234.118231862783 394.2052721530199 55.92712842673063 4688.664818741381 663.8460277318954 3.791643187403679 7.26157333701849 14.38656287640333 0 0.721953809261322 15.13159416615963 1.487742111086845 112.1019309982657 226.8160702586174 49.10843371599913 37.58693358302116 129.8996388018131 0 8.063933044672012 0 0 7.221126578748226 163.1300215870142 0.1389821022748947 0 0 2.441282607614994 1.904875248670578 61.36235951632261 0 2.367153123021126 0.1681195795536041 0.7587649002671242 0.4670966416597366 0 1734.69184088707 5.705724626779556 0 2.498176746070385 0.4102294147014618 171.974048666656 555.8767612427473 586.0132357701659 105.2243665009737 1.350938856601715 13.89076539129019 1336.781278446317 91.27190105617046 0.5137929990887642 19.57275822758675 0.3875429928302765 0 0.2977750897407532 3.128274641931057 0.6055894494056702 19.40046224743128 3.535624355077744 4.842487044632435 1.304439783096313 8.217724591493607 0 0 0
36.78366822749376 22.45421060174704 13105.92681517452 3.203380167484283 0.4149110168218613 6.204799063503742 667.2188903465867 139.5640377029777 36.37111579626799 8.579250238835812 73.04314289242029 2.373332925140858 7.922619998455048 212.9783158414066 0 7768.67017415911 4685.370427660644 34.28409462422132 299.8109269738197 1.250439062714577 23295.90329523385 818.4129464402795 23901.48047252744 409.9650933668017 2.988208405673504 282.4203506857157 7527.140661083162 2370.861066505313 291.5894741639495 7660.573880180717 3.223431177437305 5.914478920400143 53.83381576836109 5899.923160172999 221.2991387397051 10659.39077724516 3693.528058633208 8431.480325654149 7380.570000126958 237.3087435811758 23.13127899169922 33.97313098609447 59.34424012154341 0 3.85904311388731 96.16402616351843 0 0 0.2051884382963181 2.060778401792049 0.9548770040273666 15.4014111533761 0.7921213209629059 0.1187179312109947 0 3.376810640096664 0.3887350931763649 0.1534346342086792 1464.764177046716 2.133551850914955 0.3960342556238174 2.190094545483589 0 129.0200360640883 662.2327342107892 649.5737052261829 56.71231611818075 0 10.8933677226305 1011.590994894505 52.54002766311169 0.9343411177396774 18.81994888186455 0 0 0 0.88353331387043 93.25404182076454 121.893229149282 3.695386201143265 6.835743792355061 8.40463700145483 8.435150071978569 0 2.112002581357956 0
16.97244082391262 1028.70373904705 378.7663804143667 1931.921283558011 15.33306751400232 148.6821597293019 4570.310244113207 397.8481053411961 12386.91690541804 1747.689561992884 23.33718732744455 1065.590775765479 25.23877158015966 376.926636300981 882.2410420030355 2188.474070169032 49.59420878440142 9.163568578660488 5.184302091598511 981.428836658597 235.3555747419596 6234.118231862783 409.9650933668017 19249.84152884781 93.96911663562059 47.61545620113611 918.5822572857141 17065.46317248046 596.1580419540405 499.8646461814642 7.58913404494524 37.23235835880041 111.4176443815231 479.8228511884809 41.82324676960707 3705.134651266038 98.29490873962641 858.7233121022582 250.4737657010555 1332.795442931354 61.83106055855751 13.14230590313673 16.91769053041935 0.3787435665726662 4.849003605544567 6.90759488940239 285.6024658083916 1.451825618743896 30.95580939203501 292.6423508375883 143.7029198408127 872.7686744630337 146.4710397645831 9.061807967722416 124.1202531680465 10.12180879712105 147.6342534348369 9.827825665473938 219.5200421586633 1.046304158866405 3.04238623380661 0.2775852605700493 269.9592530801892 75.79821808636189 104.4325828552246 47.10634760558605 2438.682671390474 1.910377390682697 4.896402470767498 51.13131734728813 1788.638992503285 43.35907118022442 78.36955294758081 1.053362734615803 7.26928348839283 0.974544994533062 51.60353777557611 2.639258094131947 595.1047160476446 4.338786713778973 101.8933492004871 32.69700673222542 633.9177279993892 5.491456642746925 14.55167746543884 0.4139606580138206
0 1410.26099781692 2.996359206736088 0 0.3041620254516602 1.987285166978836 0.415106475353241 2.022842817008495 102.5129220187664 0.6474018394947052 538.6402922123671 1.184117287397385 5570.021105796099 1.368430495262146 2.006847314536572 9.81709398329258 1.066465556621552 96.81619396805763 31.4409825950861 0.4594301804900169 1.006517201662064 394.2052721530199 2.988208405673504 93.96911663562059 850.9635446965694 572.6270615980029 6347.841553479433 5.13867212831974 1.246819503605366 0.2689486891031265 411.2936662435532 2.669352620840073 0 238.9127476960421 1.569944620132446 127.6034560799599 1005.164594814181 617.3450318351388 64.16396441310644 14.15674643963575 33.11603108048439 931.005122974515 8.327195018529892 0 144.1803721264005 0.3159868121147156 0 0 0 0 0 1.787300392985344 0 126.9096489921212 0 1159.655660785735 0 0.2931205332279205 0 1.296172276139259 14.52076663821936 13.41079976409674 0 0 7.001011624932289 0.2099733799695969 1.260557234287262 414.5016513764858 212.635021045804 433.6217840313911 0.1258111000061035 0 0.1360912173986435 101.9843910485506 0 0 1.835046000778675 0.1547686159610748 63.47763754427433 199.8105547875166 15.45170213282108 8.562836550176144 7.406953275203705 0 86.29611591994762 3.608196496963501
3.423381976783276 1447.17423851788 7992.583053290844 4.52989823371172 5.054583087563515 41.85465846955776 20.17443978786469 57.33737511187792 24.66270564496517 45.25308164209127 4610.766984425485 23.75402614474297 582.5370616689324 64.22865729406476 0.9633924067020416 4.797087721526623 3475.446024306118 5061.988628529012 6727.824405677617 14.76196206361055 35.62697573751211 55.92712842673063 282.4203506857157 47.61545620113611 572.6270615980029 35397.59910525382 19194.93735975027 22.42319698631763 70.10596018284559 77.79917418956757 1378.07544798404 58.46869395673275 9.482013314962387 2994.865435138345 42.96751979738474 3138.624949790537 4916.676916107535 4882.500202074647 1239.143476769328 48.00284702330828 9.168836690485477 98.10691760480404 9.502338267862797 0 347.8977522701025 100.8091777786613 0 0 0 1.64082008600235 0.216437466442585 1.442300125956535 0 44.85085593909025 0 304.5918641164899 0.1735160201787949 0 0.3945263251662254 147.8037804141641 39.36033929884434 240.7785493284464 0 0.4717018529772758 6.812143355607986 4.197423219680786 2.784568205475807 242.2729166075587 2167.055467799306 2612.91553465277 1.480915799736977 0.8186663165688515 2.165535420179367 125.8978408649564 0.1117043942213058 0 19.60721172392368 17.57982202619314 66.8299436122179 132.5265554264188 36.56122101843357 8.499137975275517 2.661048747599125 0 0.7429622411727905 0
10.19971718639135 14155.16016614437 7093.194917604327 2.367843799293041 3.011793650686741 17.14465404301882 76.84466371685266 58.85202457383275 584.6732538938522 23.9317149668932 1407.642805203795 11.99947258085012 2894.431522138417 87.97578954696655 15.82550264894962 2385.325710549951 6327.758728057146 526.0535077750683 902.6212720647454 7.772299714386463 262.1164810806513 4688.664818741381 7527.140661083162 918.5822572857141 6347.841553479433 19194.93735975027 50260.14407891035 235.1002291440964 110.1922118142247 255.4104486182332 1642.550383195281 20.2698280364275 17.89167553931475 4011.612307816744 121.2192353531718 7838.861867241561 6876.677390865982 9076.05820889771 3176.056244030595 298.8186581134796 8.872555591166019 102.8421990126371 20.90864340960979 0.8794568032026291 2113.821632884443 2437.771653622389 0.9769973605871201 0.3112019896507263 0.2265695109963417 15.59278801828623 0.8682434856891632 108.1758229061961 0.547555685043335 67.48477443307638 0 447.7169302180409 2.862702906131744 1.287250757217407 821.3716409280896 308.7784669771791 55.58729733526707 560.3053936883807 0.3082652390003204 7.866124235093594 1424.237949848175 620.4944433048368 70.32375579327345 411.4500115737319 5052.58138140291 14103.12262010574 29.42384852468967 3.342052258551121 19.68608380109072 195.2819047942758 0.164289802312851 0.8203636929392815 51.87923737615347 84.60402282327414 164.4112296029925 240.262084916234 88.56368758529425 33.49922732263803 11.09037584811449 0 2.188966304063797 1.097295448184013
43.92216338217258 34.96937769651413 296.1948345676064 3642.35686057806 4.460601933300495 225.5868121162057 21934.67442969978 484.0000313408673 1631.759386576712 8898.502368427813 15.65319667756557 816.6018939465284 16.42672494798899 460.7106605023146 51.80297431349754 3040.485415123403 64.73655474185944 5.957704707980156 7.604860670864582 1349.331990517676 4655.019030399621 663.8460277318954 2370.861066505313 17065.46317248046 5.13867212831974 22.42319698631763 235.1002291440964 30180.31207802892 512.2342419847846 9624.813149578869 1.179791122674942 20.25656548142433 112.8168778792024 1373.229910835624 83.6064797192812 4302.58805090189 171.9166159182787 1636.297190733254 778.7526065260172 193.2284241691232 47.83222678303719 16.0908719971776 24.67562631517649 0.5557528808712959 0.6882597953081131 2.363921783864498 131.8063004463911 0.560659795999527 22.28774830698967 152.8465221300721 89.20226453989744 460.9168106541038 64.80929148942232 5.390882581472397 53.69039709120989 13.09113708138466 89.17329247295856 2.318930551409721 420.9211395084858 1.042670294642448 0.6994436830282211 0.3777104467153549 119.8725927844644 214.8433232307434 142.274299390614 35.33878950029612 1490.11235819757 0 2.776597559452057 17.02649201452732 1163.405218757689 24.99182549118996 104.8139496073127 0 7.08920643478632 0 27.33590074628592 8.024735018610954 306.5551644042134 3.968090429902077 63.59711620956659 17.10618702322245 273.7255521789193 6.358418330550194 12.30527405440807 3.254589915275574
4332.221362411976 0.8219285756349564 225.105929903686 75.06511063873768 2308.882794857025 282.0613189227879 857.7513481527567 762.8721977621317 35.64502479881048 675.6248537711799 135.0372953861952 186.2726956382394 6.243511959910393 10554.17675014585 4.132747150957584 5.084258049726486 290.7817486971617 31.58633483201265 28.49975104629993 142.8979644402862 35.60730194300413 3.791643187403679 291.5894741639495 596.1580419540405 1.246819503605366 70.10596018284559 110.1922118142247 512.2342419847846 26635.89325428009 8399.546536359936 8.001964569091797 656.7395298704505 4854.021982565522 3199.469712302089 35.441839158535 877.93013446033 47.17060081660748 1576.854472145438 404.7540550455451 70.18090480566025 112.0361808687449 4.260534681379795 9.411604903638363 0 0.1277326196432114 0.4949875026941299 4.029879994690418 0 2.093575268983841 9.625513143837452 9.302848942577839 22.37980401515961 4.497254304587841 0.4256575405597687 2.074805423617363 0.2635151743888855 6.370938703417778 0 7.0305570140481 0.08651188760995865 0 0.2139221429824829 3.7109345048666 0.1575606614351273 0.8383399248123169 0.7228307127952576 67.11281301081181 0 1.321742102503777 2.473595455288887 77.7097672149539 1.498665258288383 2.251744836568832 0.2452386692166328 1.375577732920647 0 2.131102234125137 2.640503399074078 20.51846086233854 1.024732708930969 3.875511348247528 1.361890703439713 22.82448007166386 0 2.460975229740143 0
