1300.958375662565 0.07416915148496628 28.30242948234081 12.00310900062323 0.09435881674289703 13.92724374681711 1918.257346536964 656.8134355731308 16.74569586664438 136.0508328452706 5.155741058290005 2.262522615492344 0.6998257711529732 4039.506513509899 0.2069997936487198 2.796214986592531 25.20596386492252 0.6684612743556499 2.599571779370308 9.947353295981884 46.30895882844925 4.143422722816467 93.5249477699399 128.378062274307 0 4.193852920085192 28.53585250675678 167.8621173650026 3993.694479078054 1904.289040219039 0.1694421917200089 15.87469596415758 102.1911241710186 354.1510745771229 1.302851870656013 69.77547796815634 7.412416137754917 168.3503901064396 60.76594692096114 26.59167831391096 18.26257089525461 2.158579647541046 4.761967211961746 0 0.08035283535718918 0 1.744546599686146 0 0.1082595810294151 10.05091245472431 0.4178431704640388 3.227383233606815 1.612965382635593 0 0.8521284312009811 0 0.4410321265459061 0 2.568528294563293 0 0 0 0.1523400098085403 0 1.38372153788805 1.016165316104889 12.18940656632185 0 0.1004012078046799 3.275009647011757 10.10016427189112 0.1170657202601433 0 0 0 0 0.3312879800796509 0 0.712291531264782 0 0.4989458173513412 0.1631229519844055 0 0 0.1134497299790382 0
0.07416915148496628 86.75049553066492 24.03395868092775 0 0 0 1.325591094791889 0.1773233935236931 302.1534625813365 0 28.34257960319519 0.3727259933948517 356.3604137152433 0.4755994006991386 1.226741939783096 62.54005294293165 79.22759473323822 22.93402145802975 84.22772394865751 0 1.445908159017563 1229.034020558 6.852344863116741 61.22646584361792 991.3282568305731 1291.127971805632 4325.393737696111 5.065665662288666 1.088001869618893 0.2155733332037926 75.20658542215824 0.4007062986493111 0.08206675201654434 30.8436331152916 0 34.36852509528399 105.5108673721552 40.72522658109665 12.15392409265041 0.5200095996260643 0.2064248770475388 132.1245890855789 0 0 212.4643042758107 45.44421672821045 0 0 0 0.07484917342662811 0.09293261170387268 0 0 1.417114824056625 0 26.01227485388517 0 0 0.6138442754745483 72.1553393304348 2.233316875994205 14.21777568757534 0 0.6192033290863037 7.175513319671154 24.33840045332909 0.1228272616863251 25.11291048675776 256.1745753958821 608.4158759564161 0.5936716496944427 0 0.2951620817184448 3.52597813308239 0 0 12.7023538351059 0.3443118631839752 53.55387569963932 32.48186938464642 37.10332511365414 5.911126032471657 3.369760036468506 0 3.289497375488281 0
28.30242948234081 24.03395868092775 7738.639966025949 0.6637714579701424 0 2.088185489177704 353.8788300901651 18.54586772620678 7.332847185432911 5.944860033690929 3.717171356081963 0 2.631373532116413 47.59783066436648 0 49.12040117755532 5052.748351760209 6.131327092647552 52.27653596550226 0.1214391514658928 188.8296383023262 14.1908763051033 5154.452292013913 126.6821830943227 0.4143029302358627 3979.25235458836 7462.457368031144 338.5804985314608 57.26397678256035 320.4123089201748 1.288717769086361 1.557485193014145 3.391862079501152 353.9996702261269 19.00109212845564 528.5787146277726 135.9464972987771 236.2051278240979 91.35869169980288 33.24693529307842 5.203386142849922 1.475292593240738 6.829085178673267 0 161.147932395339 233.4885204806924 0 0 0 4.333380408585072 0 0.07640553265810013 0.4380672574043274 0 0 0.5346817374229431 0.1571014449000359 0 23.86911632120609 19.62424249202013 0.2010901123285294 3.36245047301054 0 7.345931626856327 48.02675613760948 125.9995372071862 2.487036757171154 4.900295078754425 65.18030857294798 778.2279776185751 3.840484566986561 0 1.857835367321968 0.4084421545267105 0 0 18.93412974476814 0 106.1212396472692 51.62047183513641 41.03919073194265 22.23151974380016 1.163467600941658 0 0.4339563548564911 0.557604044675827
12.00310900062323 0 0.6637714579701424 388.4811923205853 0 16.787612400949 454.7858785092831 31.25251473486423 239.2401942759752 895.7520920783281 0.5848633125424385 1384.631627500057 0.09200645238161087 36.21845075488091 1.539029464125633 0 0.09638619422912598 0 0 1127.010395422578 0.4891373068094254 0 0.4538270458579063 989.3667708262801 0 0.07578033208847046 0.08587212115526199 2136.51400308311 19.09480249136686 1.313506528735161 0 0.6720374226570129 0.2433981746435165 19.41526489704847 5.824616104364395 36.58049843460321 1.444360308349133 26.511767975986 9.695038892328739 11.17360723018646 4.297027818858624 0 0.5254529118537903 0.2155182510614395 0 0 22.0925520658493 0 0 18.92753583192825 0.6741648316383362 61.04863490909338 9.840533450245857 0 34.72594058513641 0 0 0.9410562217235565 0 0 0 0 12.35785631835461 0 0 0 73.76195494830608 0 0 0 57.60286249220371 0.3215471506118774 0 0 0 0 0 0 1.396307736635208 0 1.024036087095737 0 0 0 0.280442088842392 0
0.09435881674289703 0 0 0 21.21939611434937 146.9284027665854 1.023921340703964 5.508099183440208 41.39844992756844 0.4194551855325699 2.967156454920769 6.254734873771667 1.489117100834846 0.1156440675258636 752.266736894846 0 0 0.1304297149181366 0.1467131227254868 0.2752867043018341 0.1927898377180099 0 0.1751610636711121 0.2145145088434219 0 0.1040343567728996 0 0.361786313354969 159.4787181839347 0.2000636011362076 0 62.12640669941902 0 13.49922494590282 0 6.494031473994255 1.012367323040962 50.57329535484314 15.15042698383331 559.3213034421206 26.62277956306934 0.5929021835327148 0.429507851600647 0 0 0 0 0 0 0 0 0.3260306119918823 0 0 0.3147805631160736 0 0 0 0 0 0 0 0 0 0 0 0.1408354341983795 0 0 0 0 0 0 0 0 0 0 0 0 0 0 0 0 0 0 0
13.92724374681711 0 2.088185489177704 16.787612400949 146.9284027665854 4081.710692122579 1487.15833684057 5696.910157315433 105.5733329206705 3228.649159111083 30.76977301388979 2888.765956550837 14.62858321517706 983.6029043793678 778.0927283540368 0.1893160566687584 2.575222939252853 0.9092199876904488 6.598648503422737 156.701069444418 3.241680409759283 0 5.013408653438091 14.71992076188326 0.7494972795248032 7.400474961847067 4.070311225950718 17.94825312495232 784.0369356647134 15.44775078445673 0.1723479256033897 622.9898904636502 1.532255545258522 222.6763473898172 0.4151287078857422 107.7875877991319 10.47911383956671 409.5857085362077 98.36564243584871 1681.557976469398 403.4146498069167 6.105241596698761 4.385391771793365 0 0 0 0.727426752448082 0 0.09500745683908463 3.053382456302643 0.5918485820293427 3.007527954876423 0.5131666362285614 0 1.825653597712517 0 0 0 0 0 0 0 0.2220494151115417 0 0 0 7.588374592363834 0 0 0 2.864067353308201 0 0 0 0 0 0 0 0.7737347930669785 0.3496747463941574 0.1115918830037117 0.5310705900192261 0.1276373565196991 0 0 0
1918.257346536964 1.325591094791889 353.8788300901651 454.7858785092831 1.023921340703964 1487.15833684057 11224.52464964241 1909.504702694714 551.2761452570558 8447.724312964827 9.919851642102003 9.48536691069603 3.042388550937176 4617.591795749962 1.527100168168545 26.49458276480436 22.16820161417127 0.8825369887053967 5.340049214661121 199.4485764056444 397.8032946810126 48.91410076618195 571.395358029753 1603.650898329914 0.1078955233097076 8.707694079726934 132.5044928267598 9143.807316605002 1110.316403433681 4022.20478527993 0.1478363201022148 30.73219606280327 68.27369724214077 551.2592659555376 6.316614121198654 730.9467266872525 30.66408768296242 543.9366162791848 224.6637659706175 176.2820426523685 73.04701380431652 3.030726417899132 26.02560068666935 4.533255912363529 0.3374167457222939 1.278735101222992 49.29796362668276 0 1.758415460586548 336.5541791990399 15.48583020269871 114.2296213805676 37.49983783811331 0.1681954190135002 12.7918566018343 0 12.893425822258 1.589002206921577 35.92218320816755 0.2164522707462311 0 0 12.33904056251049 2.931241989135742 13.9419012889266 12.94493399560452 409.5350629016757 0 0.253827378153801 10.75238589942455 356.5464313924313 1.603474985808134 6.037729494273663 0 0.05840936675667763 0.3545947968959808 2.18347629904747 0.2208120822906494 20.87090577185154 0.3689553290605545 5.559989750385284 4.657223932445049 2.555729642510414 1.242333076894283 0.3254807442426682 0
656.8134355731308 0.1773233935236931 18.54586772620678 31.25251473486423 5.508099183440208 5696.910157315433 1909.504702694714 2693.887312296778 16.00127646327019 1757.679075144231 30.9307102188468 466.0767700001597 14.05678281188011 4719.804804068059 55.12441818416119 0.8222362324595451 8.154154781252146 1.25538120418787 6.668901942670345 194.5027439072728 29.11364745348692 0.9328499734401703 49.87133628129959 101.2485434561968 0.8250547721982002 7.49311426281929 18.82050849869847 119.2435338124633 1196.985024254769 358.5191421061754 0.4440353885293007 694.0174570828676 3.110465474426746 209.500889968127 0.4663510844111443 132.4937298819423 14.76876033842564 275.5743555240333 72.76395128667355 695.3507614955306 100.4970124214888 3.858712822198868 6.00296576321125 0 0.2205014526844025 0 2.778820179402828 0 0.3421005010604858 18.24696580320597 1.098480202257633 7.579532533884048 2.356057070195675 0 0.7996934056282043 0 0.6054622977972031 0 1.806353822350502 0 0 0.09203489124774933 0.08982429653406143 0 0 1.135880798101425 23.97605931758881 0 0 0.7596817910671234 15.48626139760017 0.08968355506658554 0.5340184420347214 0 0.05654469504952431 0 0 0.1265038549900055 1.550279796123505 0 0.3360748440027237 0.7050826549530029 0.6527236104011536 0 0.3621785044670105 0.9683321118354797
16.74569586664438 302.1534625813365 7.332847185432911 239.2401942759752 41.39844992756844 105.5733329206705 551.2761452570558 16.00127646327019 611.0996004268527 87.01212576776743 1.021408218890429 396.6886828094721 1.751795433461666 42.10192543268204 857.551878452301 70.67682994902134 1.307147622108459 0 0.4418229311704636 155.8831688016653 9.882612749934196 2390.333595298231 11.83247959241271 5902.333094500005 14.81955739110708 6.886406235396862 107.2613250464201 1487.659233093262 65.02898984402418 59.16425125300884 0.529073491692543 1.147551335394382 17.78265291452408 67.82924618571997 1.708306431770325 308.9677441567183 29.06692957878113 62.09761717915535 30.42038459330797 357.9985435605049 7.410860702395439 0.6864376664161682 6.022742830216885 17.45475331693888 0.7917061671614647 0.1841423213481903 130.9465090334415 0.3955093026161194 3.68626905977726 832.1882550120354 31.11403934285045 311.4370465874672 85.91461050510406 0.3699517250061035 176.7630043253303 0.3609858676791191 40.94295969605446 55.20605812966824 169.4374938085675 0.07507383823394775 0 0.06844891607761383 46.66603464633226 19.59168227761984 78.33761405944824 14.87116264551878 1609.614935204387 0 0.4057931825518608 3.623290061950684 880.830663010478 12.89582726359367 54.58701311051846 0 0.753714919090271 0 5.754410296678543 0.7027055621147156 55.26858047395945 1.644194111227989 13.11568115651608 9.469002366065979 27.6478720381856 2.029271766543388 0 0.4543932676315308
136.0508328452706 0 5.944860033690929 895.7520920783281 0.4194551855325699 3228.649159111083 8447.724312964827 1757.679075144231 87.01212576776743 13273.5374551788 12.95669659972191 1084.427261814475 4.891454368829727 894.9544322788715 2.049681022763252 0.8496424183249474 3.067219842225313 1.095124550163746 3.87257819250226 1655.934028126299 8.141415752470493 0.4420163556933403 12.45163356512785 221.8827129676938 0.7088116556406021 5.384809151291847 6.06168644502759 1041.749726936221 382.9589081816375 30.28259439393878 0.06964834034442902 34.43629869818687 2.638422608375549 349.6444610580802 0.3274474292993546 322.1078023016453 12.59244526922703 398.5603655911982 134.874308116734 170.1478772088885 69.75782682746649 0.9431257992982864 11.25054952502251 0 0 0 44.0742577239871 0 0.3993523195385933 32.38418072462082 2.932460159063339 34.82986557483673 55.47173016518354 0 7.809404522180557 0 0.6358011960983276 0.8547722548246384 0.7006110697984695 0 0 0 5.395491860806942 0 0 0.1901135444641113 72.27959755808115 0 0.1191231459379196 0 39.16049025207758 0.4158980771899223 0 0 0 0 0.08750765025615692 0 2.219731040298939 0 0.5034839957952499 0 0.2742957249283791 0.2747826278209686 0 0
5.155741058290005 28.34257960319519 3.717171356081963 0.5848633125424385 2.967156454920769 30.76977301388979 9.919851642102003 30.9307102188468 1.021408218890429 12.95669659972191 6104.47031942755 5.390430651605129 3731.321850024164 49.79650440439582 0.9670727849006653 1.964515659958124 670.566483207047 3368.187725231051 1014.693149700761 1.244712866842747 4.457143940031528 0.7312331572175026 11.49609388783574 4.346771597862244 482.7826633304358 2889.015988513827 140.1774282306433 4.377177834510803 192.8427436463535 5.755314595997334 724.8179481849074 90.18613328784704 0.8704171553254128 2908.862734183669 9.576909504830837 310.5309878513217 2539.940635494888 2828.109631337225 559.7052000537515 99.59600663930178 193.3016941472888 437.4198170006275 5.555970899760723 0 5.06451553106308 0.3215868175029755 0 0 0 0.5382611900568008 0 0.7452515363693237 0.0811103954911232 10.57053383439779 0 318.7806351557374 0 0 0.3179470598697662 0.2734811305999756 2.369743756949902 0.4637856930494308 0 0 0.2410754188895226 0.1718339771032333 0.1369771808385849 75.78524716198444 8.114243812859058 18.38636139035225 0.7486224845051765 0 0 13.84590987861156 0.1337337046861649 0 0 4.085473269224167 2.497963197529316 83.42137541621923 0.8542711287736893 0.1156062409281731 0.3143595308065414 0 13.76092270761728 0
2.262522615492344 0.3727259933948517 0 1384.631627500057 6.254734873771667 2888.765956550837 9.48536691069603 466.0767700001597 396.6886828094721 1084.427261814475 5.390430651605129 3817.808850832283 1.129996724426746 181.5848006308079 266.3933165967464 0 0.07781486213207245 0.1783337146043777 1.389742836356163 972.835972070694 0.2719309329986572 1.167628854513168 0.465874545276165 69.1076402515173 0 1.575094066560268 0.7328236848115921 312.1785216778517 85.08607394993305 0.5618114620447159 0 19.58026771247387 0 53.37318665534258 6.559394687414169 49.16751459985971 3.491087436676025 52.22444146871567 10.78082621842623 299.9613013267517 8.373356848955154 0.6134750247001648 0.5058942437171936 0 0 0 7.777936279773712 0 4.796248227357864 0.5507673621177673 0.4669167771935463 50.51808786392212 9.660519242286682 0 65.86081928014755 0 0 6.761624321341515 0 0 0 0 5.782598674297333 0 0 0 26.41275137662888 0 0.0844515934586525 0 6.524865880608559 0 0 0 0 0 1.205843448638916 0 0.3768937289714813 0 0 0 4.974075675010681 0 0 0
0.6998257711529732 356.3604137152433 2.631373532116413 0.09200645238161087 1.489117100834846 14.62858321517706 3.042388550937176 14.05678281188011 1.751795433461666 4.891454368829727 3731.321850024164 1.129996724426746 2619.523431912065 10.68579989671707 0 2.669686079025269 4.124580278992653 152.8632627427578 20.71637368947268 0.08453226834535599 1.067201294004917 15.41500631719828 5.025970555841923 2.937269300222397 2459.461177647114 188.0106037184596 654.7996926680207 2.571843005716801 33.97163386642933 1.343869492411613 441.1877577975392 36.62866608053446 0 618.636813737452 33.39457331597805 1752.91625957936 6168.591054487973 2777.259802184999 936.97948820889 125.1143338531256 266.4088786095381 750.8728908151388 26.008082062006 0 25.66105382889509 0 0 0 0 0.2398520037531853 0 0.7598270997405052 0 31.34711996465921 0 1266.677907712758 0 0 0 0 8.304450422525406 0.5592056810855865 0 0 0.9493639245629311 0.3678712546825409 0.2180920988321304 361.160441622138 31.20226126909256 71.33878874778748 0 0 0 45.70277869701385 0.08830045908689499 0 1.294330455362797 18.29574370384216 150.3201414942741 378.365980066359 3.159034982323647 2.691180557012558 0 0 173.8984388932586 0
4039.506513509899 0.4755994006991386 47.59783066436648 36.21845075488091 0.1156440675258636 983.6029043793678 4617.591795749962 4719.804804068059 42.10192543268204 894.9544322788715 49.79650440439582 181.5848006308079 10.68579989671707 5905.283534526825 0.3824100494384766 2.601276814937592 27.12364005669951 3.669827789068222 14.22876861691475 87.71757067739964 74.84761339426041 3.92687114328146 127.3961297385395 222.7934705764055 0.6861141324043274 18.48574515804648 40.77597754821181 251.2266369014978 3381.018397968262 1192.98581758514 0.6532704904675484 270.3958886414766 10.15481152385473 587.8941501714289 2.348829112946987 169.8355780504644 21.72044954076409 336.5721015147865 81.70248466730118 320.943234115839 48.63193802535534 5.117539525032043 3.925197675824165 0 0.1866778358817101 0.3113063275814056 4.944195874035358 0 0.09224247932434082 35.83009698987007 0.7102994695305824 12.64339242130518 5.153456464409828 0 0.5544343069195747 0 0.6619632989168167 0 5.14169991761446 0 0 0.1606602668762207 2.022848501801491 0.7518282830715179 1.025212630629539 1.725541114807129 34.35214574635029 0 0.2309500351548195 1.595882818102837 30.02868850901723 0.2362161725759506 0 0 0 0 0.2042257934808731 0 2.424311727285385 0 0.6198722943663597 0.09481215476989746 0.08635838329792023 0 0 0.1515750139951706
0.2069997936487198 1.226741939783096 0 1.539029464125633 752.266736894846 778.0927283540368 1.527100168168545 55.12441818416119 857.551878452301 2.049681022763252 0.9670727849006653 266.3933165967464 0 0.3824100494384766 241.2991054058075 0 0 0 0 5.154703825712204 0 13.6256700605154 0.1290426701307297 50.37352156639099 0 0.1297667622566223 0.3021866381168365 4.186866335570812 27.61280998587608 0 0 419.0874885320663 0 1.010467171669006 0 2.606641858816147 0 1.405166149139404 0.1519782841205597 704.4370952397585 22.68417394161224 0 0 0 0 0 6.162274926900864 0 0 2.499137699604034 0 137.8769227862358 0 0 36.6147096157074 0 0 7.742699801921844 0 0 0 0 1.672936975955963 0 0.3426302969455719 0 38.26487573981285 0 0 0 3.139239460229874 0 0 0 0 0 0 0.2996337115764618 0 0 0 0 10.10783517360687 0 0 0
2.796214986592531 62.54005294293165 49.12040117755532 0 0 0.1893160566687584 26.49458276480436 0.8222362324595451 70.67682994902134 0.8496424183249474 1.964515659958124 0 2.669686079025269 2.601276814937592 0 1965.752170875669 32.05156486853957 0.2733545079827309 0.9715094715356827 0 3044.48715493083 1672.996750630438 3523.124368760735 1008.365886867046 1.046657398343086 21.91426151990891 2484.148241173476 609.4807827435434 12.37482533231378 131.6101060956717 0 1.537913419306278 2.08036832511425 275.5816656164825 90.34379983693361 2578.600606232882 763.3124789744616 608.8553149215877 548.8665455430746 149.1049501225352 8.676956690847874 1.836994037032127 28.75936104357243 20.2479160875082 3.000360012054443 9.567881524562836 0.09399870783090591 0 0 60.2664837539196 1.133123330771923 27.41381227970123 2.848281219601631 0.08869850635528564 0 0.7798559367656708 4.033671461045742 0 1569.801117219031 0.1254309564828873 0 0 0.1812772750854492 75.02070762962103 442.593085758388 622.7608130127192 67.3627899363637 0 1.787810724228621 185.9958042055368 102.5171699374914 10.413265645504 11.30648888647556 0 0.1554488986730576 1.078901022672653 4.64976941794157 2.045843914151192 44.99100289493799 5.779124207794666 12.4852380156517 4.987451002001762 0.8902913331985474 1.783893644809723 1.963870629668236 0.8723360896110535
25.20596386492252 79.22759473323822 5052.748351760209 0.09638619422912598 0 2.575222939252853 22.16820161417127 8.154154781252146 1.307147622108459 3.067219842225313 670.566483207047 0.07781486213207245 4.124580278992653 27.12364005669951 0 32.05156486853957 2594.331223942339 86.66210515797138 4295.479978948832 0.6584816351532936 739.5379323139787 46.56353405117989 3673.830905597657 19.28573616594076 1.188290499150753 4033.812909424305 5359.122848775238 34.44354863092303 160.1270779520273 455.1461129747331 2.058788895606995 3.356886055320501 9.911887109279633 3226.446107663214 37.5809328481555 787.357752609998 295.5090656913817 670.4472802579403 305.1235177256167 59.88236177712679 12.87644020467997 1.778975501656532 10.41853179037571 0.08918363600969315 75.95983649045229 7.066541194915771 0 0 0 0.2838629111647606 0 0 0 0 0 1.00203812867403 0 0 0.523499108850956 15.09194860607386 0.6701925992965698 8.346054419875145 0 0 2.626864388585091 6.8969811424613 0.6133655980229378 2.092303059995174 43.53037613630295 104.3460306152701 0.2248214557766914 0 0 0.07820279896259308 0 0 1.340243011713028 1.672327429056168 14.82889176905155 4.367425501346588 3.539430446922779 3.125037372112274 0.1734682768583298 0.4114263206720352 0.3134703785181046 0.4865912199020386
0.6684612743556499 22.93402145802975 6.131327092647552 0 0.1304297149181366 0.9092199876904488 0.8825369887053967 1.25538120418787 0 1.095124550163746 3368.187725231051 0.1783337146043777 152.8632627427578 3.669827789068222 0 0.2733545079827309 86.66210515797138 375.0240251347423 323.7629772126675 0.1441529914736748 0.3674990795552731 1.453873991966248 0.8008016236126423 0.9376439824700356 8.115453399717808 990.0316847637296 67.24923292547464 0.279253613203764 10.78125685453415 0.3054024651646614 175.3972236737609 2.84814765304327 0.08554243296384811 330.0240580514073 2.481146037578583 170.0874412879348 304.239603728056 630.4045557454228 78.66390125453472 3.905869014561176 3.615375846624374 0.9792396873235703 2.21072806417942 0 6.436584375798702 0 0 0 0 0 0 0 0 7.394614160060883 0 67.28058503568172 0 0 0 0.3299729526042938 14.94736181199551 0.8668408170342445 0 0 0 0.3812732696533203 0 19.6365802064538 68.70037527382374 83.13680258393288 0 0 0 18.56386140733957 0 0 0.1699575483798981 0 1.437092199921608 2.337297216057777 2.127817071974277 0.9758416712284088 0 0.09209448844194412 0.3665716871619225 0
2.599571779370308 84.22772394865751 52.27653596550226 0 0.1467131227254868 6.598648503422737 5.340049214661121 6.668901942670345 0.4418229311704636 3.87257819250226 1014.693149700761 1.389742836356163 20.71637368947268 14.22876861691475 0 0.9715094715356827 4295.479978948832 323.7629772126675 1097.460931278765 0.4275111965835094 6.007460482418537 3.143573127686977 24.70413602516055 2.606895830482244 4.011224925518036 2312.285303398967 652.6116129234433 4.168069519102573 47.24986135214567 6.711363665759563 14.70188777893782 9.158577807247639 1.35783064365387 1721.209830656648 6.259222090244293 311.538277104497 308.1038608700037 985.0335257016122 152.9187216833234 10.14552906900644 2.645543776452541 0.108657568693161 2.755282051861286 0 82.45012458413839 1.340761810541153 0 0 0 0.1121982261538506 0 0 0 5.739286258816719 0 36.92889083176851 0 0 0.1223829612135887 16.48327336460352 11.72067528218031 19.97402500361204 0 0 0 0.4214145615696907 0.07737402617931366 15.31467471271753 245.2730950266123 120.6017286330462 0.06568854302167892 0 0 11.69489837437868 0 0 0.1013278737664223 1.407576233148575 4.253617778420448 3.164656095206738 1.245425716042519 0.2034142538905144 0 0 0.4412457868456841 0.3374337255954742
9.947353295981884 0 0.1214391514658928 1127.010395422578 0.2752867043018341 156.701069444418 199.4485764056444 194.5027439072728 155.8831688016653 1655.934028126299 1.244712866842747 972.835972070694 0.08453226834535599 87.71757067739964 5.154703825712204 0 0.6584816351532936 0.1441529914736748 0.4275111965835094 65.25056211650372 0 1.143012702465057 0.7758232578635216 194.0489265322685 0 0.5095110312104225 0.3217702955007553 2105.144119992852 45.0315999314189 1.590826839208603 0.06845903396606445 3.74128757417202 0.4058492854237556 39.17511665821075 2.887585908174515 33.66186749190092 2.896185271441936 40.00495351105928 12.05383025109768 24.30557890981436 5.980519846081734 0.4247912466526031 0 0 0 0 18.33058951795101 0 0.4997448325157166 3.653336569666862 0.3425102531909943 6.888932801783085 0.1730638444423676 0 1.309985280036926 0 0 0.3614949584007263 0 0 0 0 1.857557594776154 0 0 0 9.931391589343548 0 0 0 5.176675379276276 0 0 0 0 0 0 0 0 0 0 0 0 0 0 0
46.30895882844925 1.445908159017563 188.8296383023262 0.4891373068094254 0.1927898377180099 3.241680409759283 397.8032946810126 29.11364745348692 9.882612749934196 8.141415752470493 4.457143940031528 0.2719309329986572 1.067201294004917 74.84761339426041 0 3044.48715493083 739.5379323139787 0.3674990795552731 6.007460482418537 0 9974.838652387261 98.54130807518959 9749.530164532363 169.6639817468822 1.093566380441189 17.45202309265733 430.5213463716209 2409.012093402445 115.5206987820566 9173.814052380621 0.0681665763258934 6.027065351605415 16.0745425671339 3308.148096822202 80.73189640045166 2024.466027870774 126.9273485392332 1680.744095131755 977.0323687791824 178.1907995119691 14.9508938267827 1.054643526673317 37.61236270517111 0.6653826236724854 0.5668767243623734 2.386138960719109 0.6910331249237061 0 0 8.023719057440758 0.715100958943367 2.425311051309109 0.4887754842638969 0 0 2.476404130458832 0.1033191904425621 0 45.70120788365602 0.2790095135569572 0.09043034911155701 0 0 6.641032181680202 21.11918719857931 14.02778067439795 5.29817321151495 0 0.1978192180395126 13.04414924234152 11.97658589482307 1.439433857798576 1.618459850549698 0 0 0.1883852183818817 0.3363323509693146 2.458055436611176 23.63234163820744 1.475794360041618 1.313023656606674 8.750820927321911 0 1.731759086251259 2.779194131493568 0.9033099412918091
4.143422722816467 1229.034020558 14.1908763051033 0 0 0 48.91410076618195 0.9328499734401703 2390.333595298231 0.4420163556933403 0.7312331572175026 1.167628854513168 15.41500631719828 3.92687114328146 13.6256700605154 1672.996750630438 46.56353405117989 1.453873991966248 3.143573127686977 1.143012702465057 98.54130807518959 1378.894218556583 302.0695146098733 2990.754969611764 168.2517734989524 128.7102396935225 1753.978114455938 183.1812897920609 11.89167775213718 36.4930070489645 1.800751224160194 0 3.56094066798687 40.45170347392559 2.656380727887154 98.55143211781979 51.58856792002916 40.60855102166533 21.20433666557074 10.92133690416813 0.43865966796875 3.065775781869888 0.7829570770263672 39.49076996743679 20.00603283941746 17.63129444420338 0.7390245795249939 0 0 78.51855961233377 4.00859659165144 21.8852162361145 4.46555320173502 0 0.4215137362480164 0 7.778552800416946 0 1903.112839028239 0.4959582909941673 0 0.2221706435084343 0.1481097191572189 129.0611066743731 332.0561232641339 531.4141469523311 87.58080034703016 0.208166316151619 6.899566829204559 271.8543840572238 152.5426822528243 30.62030376493931 33.50167134404182 0 0 2.353507161140442 7.925047524273396 0 30.26754886657 0.268448680639267 12.85206109285355 5.640541963279247 1.122378870844841 1.405991666018963 0 0.3408854007720947
93.5249477699399 6.852344863116741 5154.452292013913 0.4538270458579063 0.1751610636711121 5.013408653438091 571.395358029753 49.87133628129959 11.83247959241271 12.45163356512785 11.49609388783574 0.465874545276165 5.025970555841923 127.3961297385395 0.1290426701307297 3523.124368760735 3673.830905597657 0.8008016236126423 24.70413602516055 0.7758232578635216 9749.530164532363 302.0695146098733 15680.99165644124 554.4685281403363 1.066885605454445 134.0468304641545 8436.571066338569 1327.480465583503 245.0945676490664 4129.464371457696 0.3520804718136787 9.339879114180803 16.67935207486153 3133.941916234791 388.9171882346272 6352.430414769799 1180.222975797951 3386.002559438348 2577.506525147706 736.5857268348336 29.85951270908117 8.975425571203232 99.88907587528229 0.6950709223747253 4.291041426360607 31.63272300362587 0.2721265032887459 0 0 8.725884463638067 0.08138832449913025 1.51849927008152 1.299878425896168 0.3980328291654587 0 2.841689303517342 0.5793460011482239 0.2102444916963577 502.2380385696888 0.3336078673601151 0.1408122777938843 0.5367935299873352 0.151797816157341 9.83270925283432 77.92080879956484 343.4142430275679 14.40134746581316 0.0708773210644722 1.434726350009441 274.5767716094851 15.35319162905216 0.5776638016104698 0.5360742956399918 0.4508358836174011 0 0.4745226800441742 1.327354237437248 17.92048166692257 103.8545450642705 13.21373280137777 18.38973947614431 21.68945951014757 2.499190375208855 1.806547626852989 8.574195168912411 3.697137825191021
128.378062274307 61.22646584361792 126.6821830943227 989.3667708262801 0.2145145088434219 14.71992076188326 1603.650898329914 101.2485434561968 5902.333094500005 221.8827129676938 4.346771597862244 69.1076402515173 2.937269300222397 222.7934705764055 50.37352156639099 1008.365886867046 19.28573616594076 0.9376439824700356 2.606895830482244 194.0489265322685 169.6639817468822 2990.754969611764 554.4685281403363 5856.831709638238 3.050652615725994 14.63011748343706 1063.526374086738 7526.858842276037 637.9010372720659 266.6598316952586 0.1694925278425217 11.89370972663164 245.4224522635341 838.2392202019691 24.02212143689394 1720.743546336889 65.35372225940228 826.0301903858781 414.6084397733212 201.0502250567079 78.97660518437624 1.149295300245285 36.82656122744083 20.20378793776035 1.187082313001156 4.533473245799541 97.27354866266251 0.3773406445980072 4.45742205530405 892.393604926765 42.35340285673738 652.1812528967857 88.52479966729879 0.4069729521870613 115.9622190594673 0.6466024369001389 32.47129954397678 12.89989620447159 215.4655243307352 0 0.05887647718191147 0.2468395382165909 32.5745547786355 34.47630126029253 121.5513079985976 21.65757913142443 1166.081925507635 0 0.8487771302461624 17.85899473726749 991.5970415398479 16.09159112721682 40.94496420770884 0 0.3071492537856102 0.2673690840601921 9.631618715822697 1.793072760105133 78.26274616271257 3.735587596893311 22.70670108497143 12.56068301945925 13.17980700731277 3.74859406799078 0.2586168572306633 1.010282076895237
0 991.3282568305731 0.4143029302358627 0 0 0.7494972795248032 0.1078955233097076 0.8250547721982002 14.81955739110708 0.7088116556406021 482.7826633304358 0 2459.461177647114 0.6861141324043274 0 1.046657398343086 1.188290499150753 8.115453399717808 4.011224925518036 0 1.093566380441189 168.2517734989524 1.066885605454445 3.050652615725994 308.2057368680835 407.4565103724599 3639.813224248588 1.678019627928734 2.79062619805336 0.2075987011194229 217.6735299378633 2.249055817723274 0 128.8217557221651 4.859935000538826 402.0818430557847 686.4948829784989 794.9713288843632 478.2122987061739 6.437266059219837 80.16655893623829 480.8253808617592 14.07091024518013 0 168.0241144523025 2.083516627550125 0 0 0.1040116474032402 0 0 0.1975993514060974 0 10.35388766229153 0 504.2742569372058 0 0 0.1289091408252716 0.8107694089412689 8.503656700253487 1.459989130496979 0 0 0 0.3913363367319107 0.1762572526931763 162.9221769049764 79.18957830220461 110.8670945689082 0 0.5043376684188843 0 15.32029768824577 0 0 0.1323342472314835 5.493876338005066 162.9012031704187 71.58161367475986 5.511951044201851 1.364447861909866 0 0 35.54335637390614 0
4.193852920085192 1291.127971805632 3979.25235458836 0.07578033208847046 0.1040343567728996 7.400474961847067 8.707694079726934 7.49311426281929 6.886406235396862 5.384809151291847 2889.015988513827 1.575094066560268 188.0106037184596 18.48574515804648 0.1297667622566223 21.91426151990891 4033.812909424305 990.0316847637296 2312.285303398967 0.5095110312104225 17.45202309265733 128.7102396935225 134.0468304641545 14.63011748343706 407.4565103724599 8311.153873100877 11656.94103103131 9.981360983103514 56.47815115377307 19.03145424649119 378.9077574759722 12.5343218035996 1.89558207243681 1511.945357177407 40.09715116769075 1921.871374025941 2464.941820278764 2887.099738966674 650.0412560850382 32.46241741999984 16.5966799929738 7.140466950833797 15.04806126654148 0.1334605664014816 1033.251461155713 29.03261829167604 0 0 0 1.453063912689686 0.165597639977932 0.1035636216402054 0.1194366440176964 88.30417789518833 0 868.8465028107166 0.1725530326366425 0 1.809403650462627 216.236984051764 144.9659026861191 128.7459076717496 0 0.6519361734390259 3.247816443443298 30.66962733119726 1.023120194673538 338.0805518701673 1554.841132625937 1857.680759318173 0.7224622890353203 0.1960589587688446 0.4440084099769592 194.5329054519534 0 0 12.03242162615061 6.218323111534119 90.8794931769371 89.34508981183171 61.39993622526526 16.90956157445908 1.307424485683441 0.5789457261562347 4.288889199495316 0.3913783505558968
28.53585250675678 4325.393737696111 7462.457368031144 0.08587212115526199 0 4.070311225950718 132.5044928267598 18.82050849869847 107.2613250464201 6.06168644502759 140.1774282306433 0.7328236848115921 654.7996926680207 40.77597754821181 0.3021866381168365 2484.148241173476 5359.122848775238 67.24923292547464 652.6116129234433 0.3217702955007553 430.5213463716209 1753.978114455938 8436.571066338569 1063.526374086738 3639.813224248588 11656.94103103131 13890.69873088226 544.618384283036 127.5170996040106 288.6810588687658 349.6208362951875 8.816960390657187 13.86021675541997 3161.046081382781 149.7168039605021 4518.325817521662 3592.653626486659 2514.173908375204 738.1258225105703 322.7102319821715 27.27737533301115 19.86331212520599 30.74271106719971 1.591282188892365 2702.00324382633 1120.259678728878 0.5268445387482643 0 0.2369110658764839 16.03375694900751 0.9843358844518661 1.551962815225124 0.2505150064826012 39.43026813864708 0 602.1176252812147 0.5284860469400883 0 332.6047583892941 241.3002922981977 73.37281385809183 115.3445924893022 0.1766379177570343 22.69048999249935 355.7140110656619 1194.927075155079 16.27287851274014 393.451916217804 1941.672224514186 4911.91286867857 28.19857043400407 1.339628331363201 4.64504186809063 124.4535962492228 0 0 78.615284062922 10.09503071010113 365.5148282274604 190.6202430576086 178.3787657096982 71.92379488050938 7.824553228914738 2.670177020132542 5.867405861616135 4.333892628550529
167.8621173650026 5.065665662288666 338.5804985314608 2136.51400308311 0.361786313354969 17.94825312495232 9143.807316605002 119.2435338124633 1487.659233093262 1041.749726936221 4.377177834510803 312.1785216778517 2.571843005716801 251.2266369014978 4.186866335570812 609.4807827435434 34.44354863092303 0.279253613203764 4.168069519102573 2105.144119992852 2409.012093402445 183.1812897920609 1327.480465583503 7526.858842276037 1.678019627928734 9.981360983103514 544.618384283036 11196.47452792525 914.1099104359746 4927.640012443066 0.06207449361681938 10.29277811199427 322.5515097416937 1134.855476625264 25.34890500456095 1672.533848159015 52.88399302959442 961.2840779572725 518.30137912184 189.0800102725625 74.910838752985 1.672999456524849 37.58189277350903 7.279146745800972 0.4239190891385078 2.013940311968327 77.13089486211538 0 2.445203997194767 538.0568912774324 28.25646284967661 273.5143408402801 76.98353908210993 0.1769333481788635 37.40802761167288 0 19.21610614657402 4.918990336358547 64.47026395797729 0.1540365666151047 0.1043566912412643 0.2267231941223145 38.85177894681692 6.470651425421238 30.53761066496372 16.04524365440011 709.3279788717628 0.2138923108577728 0.2713787853717804 14.53139831125736 603.2583663314581 5.928193926811218 8.789326153695583 0 0.3199101984500885 0.485230028629303 5.109112620353699 0.9127063304185867 41.2665589004755 1.507302902638912 12.04214064031839 8.875121273100376 5.247486509382725 1.927071787416935 0.523821160197258 0.09665924310684204
3993.694479078054 1.088001869618893 57.26397678256035 19.09480249136686 159.4787181839347 784.0369356647134 1110.316403433681 1196.985024254769 65.02898984402418 382.9589081816375 192.8427436463535 85.08607394993305 33.97163386642933 3381.018397968262 27.61280998587608 12.37482533231378 160.1270779520273 10.78125685453415 47.24986135214567 45.0315999314189 115.5206987820566 11.89167775213718 245.0945676490664 637.9010372720659 2.79062619805336 56.47815115377307 127.5170996040106 914.1099104359746 11553.80645953864 4105.865606132895 1.965600617229939 153.1543262191117 2017.607114929706 3043.293894853443 8.976322174072266 485.2750877887011 71.78515113145113 1328.1951033324 449.2175989560783 384.9024801850319 116.3271927535534 14.84646069258451 18.45087732374668 1.290381103754044 0.5033938512206078 0.1190359443426132 3.469282276928425 0 0 34.73732854798436 2.236590281128883 12.32856652885675 4.240182660520077 0 0.1368261575698853 0.07122880220413208 1.090302534401417 0 6.313902452588081 0 0 0.1030065193772316 1.026411920785904 0.265968918800354 3.461176142096519 12.32762782275677 38.99354423582554 0 1.234039932489395 6.211166456341743 39.87549341470003 0 0.5626650452613831 0 0 0 0.4049682319164276 0.3950067758560181 3.929109893739223 1.030031263828278 1.079144738614559 1.279996901750565 0.8669201880693436 0.4395772218704224 0 0
1904.289040219039 0.2155733332037926 320.4123089201748 1.313506528735161 0.2000636011362076 15.44775078445673 4022.20478527993 358.5191421061754 59.16425125300884 30.28259439393878 5.755314595997334 0.5618114620447159 1.343869492411613 1192.98581758514 0 131.6101060956717 455.1461129747331 0.3054024651646614 6.711363665759563 1.590826839208603 9173.814052380621 36.4930070489645 4129.464371457696 266.6598316952586 0.2075987011194229 19.03145424649119 288.6810588687658 4927.640012443066 4105.865606132895 7428.934477765113 0 11.63464201241732 704.7853313535452 3528.510035086423 26.76003651320934 743.5699293017387 42.43921720981598 1130.954101104289 505.6556472592056 122.818216662854 33.93809741362929 1.487873412668705 24.61206874251366 0 0.169603630900383 1.474548816680908 0.1008098646998405 0 0 18.80906841158867 0.7800017073750496 6.715433064848185 0.4433592930436134 0.5805502533912659 0 0.2401757091283798 0.733436144888401 0 18.02786141633987 0 0 0 0.09271497279405594 2.129609286785126 6.364747621119022 19.68252195417881 19.46930761262774 0 0.3322636559605598 9.423831775784492 26.62854013592005 0.8860839307308197 3.192245066165924 0 0 0.1205732300877571 0.5303125381469727 0 7.429479487240314 0.580938383936882 3.273388005793095 0.8295572623610497 0 0.107912614941597 0 0
0.1694421917200089 75.20658542215824 1.288717769086361 0 0 0.1723479256033897 0.1478363201022148 0.4440353885293007 0.529073491692543 0.06964834034442902 724.8179481849074 0 441.1877577975392 0.6532704904675484 0 0 2.058788895606995 175.3972236737609 14.70188777893782 0.06845903396606445 0.0681665763258934 1.800751224160194 0.3520804718136787 0.1694925278425217 217.6735299378633 378.9077574759722 349.6208362951875 0.06207449361681938 1.965600617229939 0 47.60019087791443 1.160399883985519 0 44.16352756693959 0.6908057257533073 33.31540539488196 221.3175361454487 184.1966391652822 18.2806004807353 1.400059070438147 0.7255673184990883 8.187579765915871 0.421063020825386 0 3.346225753426552 0 0 0 0 0 0 0 0 13.74930861592293 0 325.1419052928686 0 0 0 0.2873818278312683 11.38475250452757 0.7979499697685242 0 0 0 0 0 90.84407089650631 28.94271337985992 78.77252927422523 0.103217177093029 0 0 38.89753365516663 0 0 0.2504552602767944 0 0.7718994542956352 28.47262547165155 1.378129370510578 0.5853089764714241 0 0 2.65927492827177 0
15.87469596415758 0.4007062986493111 1.557485193014145 0.6720374226570129 62.12640669941902 622.9898904636502 30.73219606280327 694.0174570828676 1.147551335394382 34.43629869818687 90.18613328784704 19.58026771247387 36.62866608053446 270.3958886414766 419.0874885320663 1.537913419306278 3.356886055320501 2.84814765304327 9.158577807247639 3.74128757417202 6.027065351605415 0 9.339879114180803 11.89370972663164 2.249055817723274 12.5343218035996 8.816960390657187 10.29277811199427 153.1543262191117 11.63464201241732 1.160399883985519 17.39140078425407 2.913476027548313 678.9062503501773 2.378305919468403 137.6681298837066 24.98862036317587 1007.69624889642 198.2172305546701 1027.832149840891 377.1087017059326 14.10492201894522 3.021530605852604 0 0 0 0.2116401195526123 0 0 0.4226348921656609 0.0642131119966507 0.2566295117139816 0 0 0 0 0 0 0.3911626935005188 0 0.08448471128940582 0 0 0 0 0 2.114320009946823 0 0.1593885943293571 0.09449636191129684 0.3901629447937012 0 0 0 0 0 0 0 0.7069204896688461 0 0 0 0 0 0 0
