1202.051650464535 0 216.5949442982674 2.522216990590096 0.1061749830842018 3.191641196608543 3805.58572075516 136.9912873655558 0.3395987898111343 27.09669133275747 8.092052355408669 0.1293516308069229 0 2769.924555100501 0 0 279.4084211066365 4.500506915152073 54.51875600218773 1.760758079588413 86.69278393685818 0 374.1489918157458 32.86117060482502 0 295.9869638979435 7.750122644007206 178.107744179666 4831.540783032775 3001.319526232779 0 18.40487534552813 63.63237995654345 91.69285842776299 0 1.559521667659283 1.571357004344463 80.57252409309149 3.561569474637508 0.2953324019908905 0 0.3995058536529541 0 0 0 0.6003069281578064 0.1357547789812088 0 0 1.618591248989105 0 0.1740919351577759 0.3150246143341064 0 0 0.3179881274700165 0 0 0.4361543357372284 0 0 0 0 0.8583023548126221 1.312034279108047 0 3.745519168674946 0 0 0 2.806856155395508 0 0.9855415672063828 0 0 0 0 0 3.258036822080612 0 0.5823622345924377 0 0 0 0 0
0 186.4781546667218 34.60409380495548 0.6493531167507172 4.68676745891571 1.045611493289471 6.968450330197811 1.679200798273087 779.1788316518068 1.355017364025116 147.1426455825567 17.07812687009573 888.4117282480001 0.0956786721944809 36.93805017322302 310.8443221673369 22.4130233079195 2.110085174441338 9.826985262334347 2.349749431014061 14.38488610833883 2666.661431007087 8.482978746294975 1212.415958680212 1779.021205529571 88.26058530062437 8450.215277202427 68.76423423737288 0.4670749753713608 0.3761295154690742 22.7258212864399 0.8819510787725449 0 9.173962697386742 0.6622486114501953 25.34184289723635 123.8847144395113 68.88088017702103 12.8477588146925 60.21825053542852 1.046168610453606 777.3758743405342 0.156663790345192 0.3527318388223648 7.144780859351158 138.4360140115023 0.1786622554063797 0 0 1.746214270591736 0 1.202944025397301 0 4.880692854523659 0 64.42188030481339 0.4199505597352982 0 19.42602387070656 13.34100411832333 0.5299047529697418 2.306197330355644 0 0.6422243416309357 33.99345472455025 7.739818379282951 24.36479799449444 0.9241366237401962 228.3504151105881 3359.124888516963 7.242876023054123 0.8840874433517456 1.041132569313049 11.26634320616722 0 0 1.443900793790817 0 12.30098856985569 42.18015141040087 12.33939354866743 2.797290906310081 0.5906769931316376 0 31.54712896049023 0
216.5949442982674 34.60409380495548 8078.429372444749 7.310808151960373 1.821174323558807 96.09987890720367 1573.339678458869 2905.645675636828 0.6883555576205254 177.8686812594533 26.49276319891214 1.150375932455063 8.770969346165657 1587.012041181326 0.6423973813652992 29.53954549133778 2176.006626047194 11.96852438896894 79.85822283476591 1.415337689220905 1366.907271668315 17.9981694072485 10870.96402677149 48.63314729183912 3.199910953640938 14104.03400274366 11209.10225386918 551.5441280677915 468.7735466063023 203.9800559729338 0.4195241034030914 21.73664380609989 15.88481013476849 203.7415463551879 10.8322466313839 1332.026268087327 3084.065187469125 1246.039221599698 436.8374160528183 46.92247121781111 4.021447047591209 4.161679305136204 5.801349386572838 0.6937218010425568 2.2474654763937 767.3252086862922 0 0 0 10.1716413423419 0.3063349723815918 0.2044004797935486 0 0.2080874294042587 0 2.826075941324234 1.42012083530426 0 49.05264213681221 28.63906426727772 0 2.06811635196209 0 22.86244954168797 17.80455359816551 147.3970090895891 19.21975503861904 0 82.03303751349449 2130.396839819849 21.88176888227463 0.8356082141399384 13.81656984984875 1.331292822957039 0 0 1.055835828185081 7.511689394712448 24.13186554610729 223.4354960992932 25.66734810173512 8.392068207263947 0.8964127749204636 0 2.845785915851593 0
2.522216990590096 0.6493531167507172 7.310808151960373 1336.984699487686 18.3300880715251 118.9416516497731 138.7861739471555 118.8262814804912 797.7101935744286 1747.495313629508 19.86813024431467 3574.233696833253 1.004714541137218 132.903713427484 234.2128514871001 0.213409885764122 0.3385599255561829 5.622365519404411 12.06727197766304 4383.859375141561 1.112455546855927 1.044880956411362 3.598613664507866 1910.183856293559 0.3841317296028137 11.97280845046043 30.67667069286108 1576.974023208022 238.0918618515134 4.611557774245739 0.5274086073040962 22.52529344707727 16.80522481352091 83.43614511191845 15.05083201825619 484.1294872909784 6.862407222390175 391.101558201015 180.5341152176261 364.1969417631626 28.93030255287886 0.752743773162365 3.893898993730545 0.6816858202219009 0 0.5945518612861633 141.7296456620097 0.3366184234619141 4.54543099552393 116.5457137674093 6.805968292057514 285.5941675677896 26.82398783415556 0.6707789897918701 6.766085341572762 0 8.674113467335701 2.419202193617821 0.3276175558567047 0.1494679600000381 0 0.425999328494072 52.74935364723206 1.793730609118938 0.3394156098365784 0.3066987097263336 268.062124826014 0 0.5244808346033096 3.381419122219086 406.2243101149797 6.831489764153957 0.531233012676239 0 2.181111849844456 0.1305730789899826 2.752998225390911 3.029894337058067 39.64031225442886 0.5708490759134293 18.3141915127635 7.720635212957859 61.88071862608194 3.086832240223885 0 0
0.1061749830842018 4.68676745891571 1.821174323558807 18.3300880715251 137.5812004804611 913.3312461823225 14.28871362656355 21.93100328743458 209.7764096930623 34.62496354430914 32.23128613084555 189.8040679618716 4.615763746201992 1.670947276055813 1883.277617067099 0 0 2.641725122928619 2.075468227267265 25.32796052843332 0.8602423369884491 13.63186333328485 1.127820551395416 113.135966680944 1.115478470921516 2.899119414389133 8.432286612689495 21.36768231540918 1.580481298267841 0.3235529065132141 0 109.1638702973723 0 141.7140781357884 1.806734442710876 31.21063727140427 0.3075820207595825 140.7829055562615 36.44934623688459 1400.717610873282 52.74911651015282 4.0552748888731 0.2167254686355591 0 0 0 3.488356225192547 0 0.1572037190198898 1.408643811941147 0.7264540493488312 6.982364796102047 2.507315918803215 0 0 0 0 0 0 0 0 0 0 0 0.4700156599283218 0 6.699542574584484 0 0.4003233313560486 0 8.289889469742775 0 0 0 0 0 0 0 1.944286853075027 0 0 0 5.783834263682365 0.1851067692041397 0 0
3.191641196608543 1.045611493289471 96.09987890720367 118.9416516497731 913.3312461823225 11724.68524166942 2859.082144282758 4901.822535350919 156.5129847452044 12580.93538261205 165.3778408020735 2310.832749582827 23.95732186734676 208.3165880218148 1528.78567392379 0.7455699741840363 6.138795338571072 24.66842216253281 40.77589377760887 486.5645693317056 39.6092593818903 6.445569939911366 36.20308439433575 71.56886047124863 1.248269706964493 80.94609601050615 60.14057805389166 1270.215760596097 303.3383238613605 18.43678855895996 1.727388173341751 905.6944835335016 8.240179017186165 574.0381315052509 2.410262197256088 202.5290553569794 11.80785709619522 455.577487565577 170.4588113352656 1467.82559799403 584.3508712276816 35.99137642979622 3.563750758767128 0 0 0.6582414209842682 8.059360034763813 0 0 6.647283352911472 1.223686873912811 10.12032387405634 2.999467596411705 0.1207305938005447 0 0 0 0.3382209241390228 1.342729769647121 0.2659239023923874 0 0 2.675771236419678 0 0.2304927781224251 0.66244937479496 20.59823431819677 0 0.1386798769235611 2.759930670261383 25.58603655546904 0.6744231060147285 1.34501713514328 0 0 0 0.1285094171762466 0 0.8967924490571022 0.3413662612438202 0.9278107881546021 0 2.539859741926193 0.5186960101127625 0.9478169679641724 0
3805.58572075516 6.968450330197811 1573.339678458869 138.7861739471555 14.28871362656355 2859.082144282758 26582.87658894062 10542.7443844229 257.3067795783281 6207.846806906164 48.28580481559038 56.71667847037315 12.13355027139187 10649.79864403605 29.97334709763527 36.45839317888021 97.03457795828581 13.77749244868755 40.0738537684083 22.44168327003717 1065.505058281124 26.01520553231239 1299.770783111453 1011.332554362714 12.26579996943474 754.564865924418 1917.580807432532 18406.77166672796 2956.26342947036 9079.109404221177 0.3497052490711212 64.16171979904175 516.0002346262336 464.8482493832707 69.06862640380859 1945.917448885739 69.78398972004652 1485.674332410097 885.9847477898002 102.2038793861866 35.96588529646397 34.55503035336733 14.25577778369188 5.724217943847179 0.4216126054525375 13.64490361511707 113.2331569865346 0.2038647532463074 10.59609910845757 362.0324395522475 20.26056799292564 168.441611006856 21.61769498884678 3.49633913487196 4.097306981682777 3.575602725148201 21.37483754009008 0.8985928893089294 69.32597627490759 1.158112227916718 0 0.2351550683379173 36.79702536761761 62.87416264414787 36.94480203092098 13.12000698596239 822.1519767791033 0 6.487122364342213 65.25132469832897 995.1812997832894 45.34706375747919 170.4868447110057 0.1979811787605286 0.5924215987324715 4.764722384512424 11.76514004915953 12.50184036791325 152.0863703042269 5.510900259017944 70.8398465514183 19.76133843511343 56.74070010334253 9.785864271223545 4.381961897015572 2.729715898633003
136.9912873655558 1.679200798273087 2905.645675636828 118.8262814804912 21.93100328743458 4901.822535350919 10542.7443844229 19262.43223196641 14.94276902079582 7451.766222693026 476.1084174588323 778.0165243968368 71.4935387969017 6901.048979055136 258.4141806066036 2.693335451185703 410.3509639129043 59.92760592699051 135.5801190212369 445.8522635325789 938.1443028375506 0.9530483707785606 1764.138034939766 56.57021803408861 2.91142438352108 2091.706015378237 225.0345181822777 1766.344217635691 436.5796195268631 923.4825946390629 3.579273097217083 177.6883460097015 27.30285138636827 954.980597063899 5.619928158819675 397.2257055491209 28.80216675251722 756.6499155685306 315.9307413995266 1229.208893820643 619.1602508127689 81.20310273766518 12.67422397434711 0.2642627134919167 0 3.631089426577091 3.447569824755192 0 0 12.33001125603914 0.4492983669042587 3.829926088452339 0 0 0.1347422450780869 0 0.5604244917631149 0 4.313985012471676 0.3245675563812256 0 0 1.729809805750847 2.339131236076355 2.073889262974262 2.82703921943903 25.96400602906942 0 1.339476756751537 11.53619079291821 33.27696274966002 1.325023576617241 4.69478714466095 0 0 0 0.4117813631892204 0.7189614772796631 4.039369344711304 0.7853930294513702 2.590724796056747 1.797630243003368 1.131430685520172 0.3562201857566833 0.5103346109390259 0
0.3395987898111343 779.1788316518068 0.6883555576205254 797.7101935744286 209.7764096930623 156.5129847452044 257.3067795783281 14.94276902079582 262.0738143995404 283.633329808712 4.996022827923298 690.8262840136886 23.35801661014557 5.382525414228439 894.4492538794875 6.645519159734249 0.4940707981586456 0 0.7522705048322678 280.6132725030184 1.6444221585989 2569.184788055718 1.471933379769325 9139.891902789474 157.0582421496511 7.766746185719967 694.5140704736114 1552.298148289323 11.29038038104773 6.903372600674629 1.543681055307388 25.68527828902006 4.061533495783806 2.767746768891811 0.7128596901893616 166.9163312464952 19.57702405005693 23.54687567800283 17.32422430813313 665.3701456561685 20.85159048438072 7.618925034999847 0.4726362824440002 3.971659950911999 0.5723837316036224 0.5626980662345886 69.85686054080725 0.1103098317980766 3.122294828295708 155.9594244733453 9.434839226305485 31.59540246427059 15.98133961856365 0.8383888825774193 2.358351983129978 1.209500975906849 16.54673976451159 2.206183716654778 30.70955784618855 0.2207468301057816 0.3926413878798485 0.8913168236613274 29.61263978481293 23.360576197505 22.15762293338776 1.428621128201485 759.7717649042606 0 3.219408877193928 11.82405783236027 572.2225611433387 22.32739318162203 74.12942481040955 0.6842959597706795 0.9855888932943344 2.904313504695892 7.64205115288496 8.715211480855942 57.45669975876808 5.172344699501991 38.40918453782797 15.18594873696566 10.27964410930872 5.190968349575996 0 1.302417248487473
27.09669133275747 1.355017364025116 177.8686812594533 1747.495313629508 34.62496354430914 12580.93538261205 6207.846806906164 7451.766222693026 283.633329808712 26986.07606750727 212.2171534150839 8085.073883317411 17.60363779962063 1426.939082030207 114.7233467772603 3.958457626402378 14.53445722907782 55.9540136680007 125.6269713714719 4542.286879837513 54.74190956354141 4.912143521010876 97.65960570052266 638.3670434728265 0 150.8696829006076 262.8713559508324 2134.164902608842 1742.403875589371 48.11851543188095 1.740512251853943 190.5723795220256 97.60862611979246 553.0336305424571 39.41958360373974 1771.23090236634 46.45643661916256 1889.427436523139 722.135668605566 324.4617148861289 102.97633934021 16.18100090324879 22.17710579931736 1.263896368443966 0 1.614610210061073 138.9127741530538 0 3.926560811698437 122.3393235430121 11.11476758122444 181.5889231339097 19.81285821646452 0.7573181986808777 5.653046727180481 0.0927191898226738 11.31884390115738 1.561683401465416 1.997190356254578 0.2660399973392487 0 0.1062764972448349 31.29518197476864 1.138298764824867 0.8511570245027542 0.6165001541376114 282.023528650403 0 1.1339211165905 11.0000246539712 395.6485915184021 11.61612110584974 12.91362500190735 0.2010052129626274 0.7778520211577415 1.214865997433662 3.333188734948635 7.942226976156235 50.85624143481255 0.9480463862419128 22.24694891273975 7.794468179345131 41.9575892239809 3.51697413623333 0 0.3475852012634277
8.092052355408669 147.1426455825567 26.49276319891214 19.86813024431467 32.23128613084555 165.3778408020735 48.28580481559038 476.1084174588323 4.996022827923298 212.2171534150839 6450.15913746506 180.8330839499831 1954.487358875573 85.80665634572506 2.318182989954948 4.138741098344326 274.530716240406 2686.7161218822 2881.827538713813 121.9900663495064 59.56735794246197 24.91175227612257 53.17088361084461 20.56035988777876 276.225028321147 3465.989080578089 982.0322425216436 60.74693299084902 1026.88732791692 35.92677698284388 312.1248366832733 554.9358422756195 57.24545582383871 8110.392033070326 1.586789585649967 413.1291191130877 2300.528244204819 5566.259010747075 578.2673609182239 94.27618267387152 90.38447108864784 1579.431015007198 13.61978232860565 0 1.531050130724907 0.7872337102890015 1.467452876269817 0 0.143991619348526 1.239551678299904 0 0.5259288549423218 0 129.7879987433553 0.1635542809963226 430.4018638134003 0.4148585349321365 0 2.631123006343842 0.137099489569664 1.826276004314423 0 0 0.69989413022995 4.607540458440781 0.2844452261924744 5.476280339062214 5.068516120314598 28.51243986934423 129.813295930624 0.6345497369766235 0.1172206699848175 0.7457822561264038 52.60044456273317 0 0 1.136564522981644 1.527331709861755 12.69883757829666 148.7587259113789 9.708621636033058 2.980186931788921 0 0 82.58303220570087 0
0.1293516308069229 17.07812687009573 1.150375932455063 3574.233696833253 189.8040679618716 2310.832749582827 56.71667847037315 778.0165243968368 690.8262840136886 8085.073883317411 180.8330839499831 8626.75858361274 20.33109096437693 230.5346126332879 885.7755631878972 0.5793970823287964 3.150783739984035 37.77660225331783 80.23863873630762 5690.583854705095 0.3522470891475677 49.71383322775364 1.233604706823826 641.8438987657428 8.812697686254978 32.46019000560045 28.0252983123064 1260.506318770349 365.8670723512769 0.7774126976728439 2.27658948302269 158.7629304528236 1.296740546822548 253.1382753476501 4.004882991313934 344.8209026455879 38.77653561532497 649.9343615099788 137.171339392662 1448.225901417434 37.96322296559811 33.49055130779743 1.978671789169312 0 0 0.1169471815228462 210.5429839789867 0.7960573434829712 9.622999608516693 40.51946686953306 8.404814697802067 143.4719354212284 20.49847355484962 1.376608960330486 28.13173058629036 0 3.386440955102444 3.678392127156258 0.3401419371366501 0 0.5124536454677582 0 51.21717937290668 0.3099592626094818 1.278907179832458 0.227580338716507 158.4009649381042 0 0 1.020848654210567 152.3008480742574 3.224813528358936 3.126502245664597 0 0.6312851086258888 0.1864268183708191 1.584676846861839 2.347231149673462 31.63035061955452 1.012301400303841 11.03139469027519 2.153659552335739 67.93674597144127 2.128785774111748 0.1378912031650543 0.226265624165535
0 888.4117282480001 8.770969346165657 1.004714541137218 4.615763746201992 23.95732186734676 12.13355027139187 71.4935387969017 23.35801661014557 17.60363779962063 1954.487358875573 20.33109096437693 4100.974255219102 5.535496883094311 1.642552681267262 16.46784268319607 11.46955045312643 31.53599855303764 69.25548304617405 6.399502731859684 11.17216901481152 102.7335828989744 15.89888472110033 54.57877807319164 3407.292819812894 432.4437130019069 9715.438831612468 29.69301370531321 38.18755753338337 6.378501586616039 1620.700696140528 62.29253470897675 0.09447762370109558 1033.693026252091 39.66926568746567 1320.872875571251 3793.645850554109 4043.934239350259 640.6983279064298 135.7815606892109 304.6316079944372 1793.258698634803 31.56850148737431 0 4.647574752569199 11.10181964188814 1.541227698326111 0 0.1788283139467239 2.027907133102417 0.2261943817138672 0.186400830745697 0 285.5628999099135 0 1147.477332912385 0.3834827840328217 0 14.65076011419296 0.8441185727715492 1.791419431567192 0.499153658747673 0 12.00169149041176 6.297462582588196 4.63935786485672 8.176246784627438 29.64363998174667 127.6290943473577 629.9228987544775 2.557155027985573 0.1863683015108109 5.920191042125225 200.4698043763638 1.89021734893322 0 15.69360461831093 29.67741098999977 181.1543285399675 296.585521787405 49.18336048722267 13.42508888989687 0.5001950263977051 3.57149064540863 214.6177521720529 1.260768890380859
2769.924555100501 0.0956786721944809 1587.012041181326 132.903713427484 1.670947276055813 208.3165880218148 10649.79864403605 6901.048979055136 5.382525414228439 1426.939082030207 85.80665634572506 230.5346126332879 5.535496883094311 13942.4246532619 6.180109292268753 0 1207.939242362976 33.66422298550606 282.1459953635931 281.379233494401 368.9939766302705 1.364318050444126 1475.074845328927 159.8094034790993 0 1808.206733465195 60.00456157326698 1203.246607922018 3875.686442561448 2025.74952673912 0.2512709721922874 69.97327204793692 7.856924183666706 204.2945655956864 0.6035990417003632 148.4975399896502 10.30481301248074 196.2861775122583 45.53888686001301 118.8669044673443 15.78030731528997 7.460663810372353 1.374071724712849 0.2335937917232513 0 1.200236983597279 1.358488105237484 0 0.1446828693151474 7.549854539334774 0.600248895585537 1.885222963988781 1.233196094632149 0 0 0 0.1419055163860321 0.09447959810495377 6.078395396471024 0 0 0 0.315100759267807 3.350381456315517 0.9713909029960632 0.3693535923957825 24.00671546906233 0.4797005653381348 0.5852129012346268 2.40095316618681 28.24620044976473 0.9258944913744926 6.65766142308712 0 0.1185199096798897 0 0.5652506873011589 0.2729598581790924 4.698031462728977 0.563719816505909 0.8586969375610352 0.8257831558585167 1.490917891263962 0.3886044323444366 0 0
0 36.93805017322302 0.6423973813652992 234.2128514871001 1883.277617067099 1528.78567392379 29.97334709763527 258.4141806066036 894.4492538794875 114.7233467772603 2.318182989954948 885.7755631878972 1.642552681267262 6.180109292268753 237.7425564229488 0.1657427996397018 0.1799097210168839 0.6564184948801994 1.33943934738636 114.1055548489094 0.08719079196453094 138.1578809991479 0 1178.36933747679 5.808698885142803 0.9733754545450211 48.15666946023703 159.4266647025943 24.94776048511267 0.07805117964744568 0 591.2175739780068 0 96.03593397140503 0.7683200687170029 32.90126345306635 0.824507400393486 9.878079578280449 5.643201604485512 794.7622239738703 236.1889775916934 1.034061074256897 0 0 0 0 21.60922172665596 0 0.1175229847431183 2.191843569278717 0.3386325985193253 19.93385021388531 6.696625530719757 0 2.387057721614838 0.2345140427350998 0.1484627574682236 0 1.48568069934845 0 0 0 12.234648630023 0.8509119898080826 2.215489134192467 0 22.65347933024168 0 0 0.1209068447351456 29.22213777899742 0.1237253397703171 0 0 0 0 0.1177921146154404 0 12.81153357028961 0.2166231423616409 1.381761893630028 0.1316865682601929 26.62724211812019 0 0 0
0 310.8443221673369 29.53954549133778 0.213409885764122 0 0.7455699741840363 36.45839317888021 2.693335451185703 6.645519159734249 3.958457626402378 4.138741098344326 0.5793970823287964 16.46784268319607 0 0.1657427996397018 4096.252445876598 49.77349639683962 1.023542761802673 8.940877348184586 0 4639.026447042823 3427.073584616184 2389.249195605516 3710.232896111906 13.68940132111311 42.14219694584608 10333.79542058706 2188.08337367326 1.694753639400005 57.72998523712158 0.3285069316625595 0.2327554523944855 0.3953341990709305 75.24766144156456 120.3720787167549 5063.990217395127 1298.510477662086 1137.702899076045 2061.046708270907 189.8810788691044 3.10900591313839 10.41969237476587 39.54882448911667 0 1.060388445854187 18.37839636206627 1.217158451676369 0 0 10.38555124402046 0 0.7766962945461273 0 0.5236358940601349 0 0.929316483438015 0.5185169279575348 0 4562.137179076672 1.860917896032333 0 0.4672248065471649 0 539.9759128317237 1499.918292105198 1572.578067742288 282.7644129320979 0 9.709787525236607 624.2649347931147 115.8630375340581 0.8144285827875137 129.7252995669842 0.9928424954414368 0 0 1.142424374818802 11.23425602912903 99.58266125619411 14.23949053883553 17.98941943049431 13.09972778707743 7.39079487323761 2.330470323562622 4.128691375255585 0.5638014823198318
279.4084211066365 22.4130233079195 2176.006626047194 0.3385599255561829 0 6.138795338571072 97.03457795828581 410.3509639129043 0.4940707981586456 14.53445722907782 274.530716240406 3.150783739984035 11.46955045312643 1207.939242362976 0.1799097210168839 49.77349639683962 2104.638183586299 124.4881214052439 2125.038050025702 2.984523840248585 705.2984148263931 7.390988230705261 1743.520010501146 58.45681024342775 5.371453136205673 3196.06384729594 5226.106944918633 129.1861378401518 2111.648541159928 686.7725131809711 2.458235174417496 8.482981592416763 315.1552895903587 1123.561142683029 6.747870855033398 1549.703772000968 3103.771986924112 1395.001865789294 370.3544818758965 52.13661673665047 0.6725142896175385 12.04874411225319 3.415163569152355 0.1841167509555817 0.3884362578392029 141.3604361414909 0 0 0 0.434154249727726 0 0.1912463903427124 0 0.1635771542787552 0 2.147371508181095 1.006578028202057 0 2.039824262261391 10.69041329622269 0 1.687284782528877 0 0.4934119582176208 1.436892494559288 4.572107151150703 4.6751614138484 0 108.2752546370029 362.9662707000971 1.52504450827837 0 1.283318892121315 1.281608067452908 0 0.2022429257631302 1.073730677366257 3.255139410495758 6.374796435236931 180.993029743433 5.354194737970829 0.4960664510726929 0 0 0 0
4.500506915152073 2.110085174441338 11.96852438896894 5.622365519404411 2.641725122928619 24.66842216253281 13.77749244868755 59.92760592699051 0 55.9540136680007 2686.7161218822 37.77660225331783 31.53599855303764 33.66422298550606 0.6564184948801994 1.023542761802673 124.4881214052439 16.46269147098064 884.5645125061274 28.05149400234222 23.90907484292984 0.8626680374145508 15.5961207151413 5.747793130576611 1.713729336857796 1346.201023608446 378.1151944175363 17.04302107542753 139.6807435974479 19.48245427012444 34.05278392881155 36.61039806157351 28.6586232855916 995.7072144970298 3.064121134579182 387.8026858195662 859.4605942368507 2105.591751798987 285.4950745627284 18.34397568553686 1.138175651431084 21.17663949728012 1.944999888539314 0 0.1991294175386429 0.5628655105829239 0 0 0 0 0 0 0 10.12585651129484 0 86.46089492738247 0 0 0.7482545375823975 0.1192525550723076 2.089107990264893 0.5322252511978149 0 0 0.2453157603740692 0 0.546800434589386 0.2623845040798187 40.03288687765598 185.3387779295444 0 0 0.7896350622177124 45.26091375201941 0 0 0 1.556936621665955 1.810396388173103 15.96750843524933 1.7714659050107 0.3147910684347153 0 0 0.474613294005394 0
54.51875600218773 9.826985262334347 79.85822283476591 12.06727197766304 2.075468227267265 40.77589377760887 40.0738537684083 135.5801190212369 0.7522705048322678 125.6269713714719 2881.827538713813 80.23863873630762 69.25548304617405 282.1459953635931 1.33943934738636 8.940877348184586 2125.038050025702 884.5645125061274 1117.064626008272 62.80102574825287 279.180196583271 1.151771448552608 284.2855675593019 23.12347301095724 5.132311776280403 5387.340816810727 2010.541603833437 68.42170580476522 909.2526581138372 249.205164976418 85.55521647632122 47.72827389091253 290.5693603679538 4951.051680460572 11.57091279327869 1706.104084931314 2031.633933857083 6204.280261613429 788.4367565661669 46.1220305711031 3.35383328795433 21.1530098170042 4.65780396014452 0 0.9425973892211914 9.486612997949123 0.1590739339590073 0 0 0.2413864284753799 0 0.09324961155653 0 1.928081020712852 0 22.35612300038338 0.1168417558073997 0 0.6953969970345497 0.731866829097271 0.5254278182983398 1.513372018933296 0 0.130757063627243 0.7948337346315384 0.1481969207525253 1.379770308732986 0.1954976916313171 80.28790605068207 328.7558671310544 1.794047847390175 0 0 17.74657908827066 0 0 0.1569315791130066 5.553519546985626 5.488216944038868 37.75414233654737 3.585284568369389 0.7009408324956894 0 0.784114807844162 0.4973927885293961 0
1.760758079588413 2.349749431014061 1.415337689220905 4383.859375141561 25.32796052843332 486.5645693317056 22.44168327003717 445.8522635325789 280.6132725030184 4542.286879837513 121.9900663495064 5690.583854705095 6.399502731859684 281.379233494401 114.1055548489094 0 2.984523840248585 28.05149400234222 62.80102574825287 848.8641109764576 0.6971546486020088 6.718389570713043 1.424687065184116 294.125164359808 0.5870963260531425 27.8558172956109 8.799446582794189 1617.051192484796 514.9291220232844 1.039555765688419 1.205089688301086 92.76379199326038 5.707981467247009 244.6071679294109 11.8560186624527 713.5237215608358 18.85182963311672 845.7085215225816 239.967217259109 453.4526073113084 43.13296081125736 9.822382472455502 8.36344888061285 0.2488464564085007 0 1.639854192733765 86.51980896294117 0 1.657325372099876 24.54781438410282 2.715155124664307 79.54256141930819 9.386869125068188 0 0.9717095643281937 0 3.439441911876202 0.2911088466644287 0.3396982550621033 0 0 0 21.02164155244827 0 0 0 100.3628874719143 0 0 1.372672408819199 101.5770753473043 2.79722236841917 0.2583272755146027 0 0.08787579834461212 0 0.446218267083168 2.045810043811798 13.0021125972271 0.1929068267345428 4.04541327804327 0.8775996267795563 18.24557307362556 0.6729567646980286 0 0
86.69278393685818 14.38488610833883 1366.907271668315 1.112455546855927 0.8602423369884491 39.6092593818903 1065.505058281124 938.1443028375506 1.6444221585989 54.74190956354141 59.56735794246197 0.3522470891475677 11.17216901481152 368.9939766302705 0.08719079196453094 4639.026447042823 705.2984148263931 23.90907484292984 279.180196583271 0.6971546486020088 14717.38200181723 416.5094099268317 17743.96473550797 287.4198537766933 4.594154939055443 294.3377602100372 1403.811901777983 4275.330362536013 250.8705366253853 10126.01246243715 0 7.450121641159058 18.60086739808321 4313.474276579916 167.381639495492 7451.416404716671 2621.060673654079 7362.839369595051 3525.07645791769 163.4883226826787 2.181564643979073 22.10374422371387 54.34945975244045 0 0 1.502211034297943 1.389428496360779 0 0.2699029147624969 7.496743351221085 1.105874128639698 0.9229366630315781 1.174702286720276 0.7354840636253357 0.1111669167876244 1.994845397770405 0.5678184330463409 0 1041.675160340965 0.2203711420297623 0 0.161541610956192 0 455.9778729453683 375.2956015840173 177.2076249271631 153.4784501343966 0 0.2900125086307526 23.96446963399649 119.1785444021225 1.248532354831696 156.6341090202332 0 0 0.3118975758552551 1.647783309221268 20.74198554456234 59.66795811057091 3.401866570115089 5.802729450166225 8.056698709726334 6.193838909268379 1.444551765918732 6.699667036533356 0.2381695806980133
0 2666.661431007087 17.9981694072485 1.044880956411362 13.63186333328485 6.445569939911366 26.01520553231239 0.9530483707785606 2569.184788055718 4.912143521010876 24.91175227612257 49.71383322775364 102.7335828989744 1.364318050444126 138.1578809991479 3427.073584616184 7.390988230705261 0.8626680374145508 1.151771448552608 6.718389570713043 416.5094099268317 429.4472282081842 258.9610289633274 5950.105421714485 630.376153409481 32.6007164940238 4284.520984202623 413.2636235579848 1.627190567553043 35.29125230759382 3.520646527409554 2.409272521734238 1.73515547811985 1.643019288778305 1.135781526565552 28.92681942880154 16.59166584908962 15.09349517524242 5.464202463626862 228.0143444463611 1.028561145067215 33.80270742624998 0.1585562229156494 0.3330452889204025 0 29.0979156345129 0 0 0 5.510222390294075 0 5.979048490524292 0 0.3469202667474747 0 3.464351050555706 0.2677257508039474 0.2315458953380585 1734.86931284517 0.1388925164937973 0 0.4637427851557732 0 184.7821089625359 42.50734607875347 524.8599078506231 160.3273939341307 0.1650136113166809 6.853087276220322 1055.674688965082 68.5690865367651 1.41888040304184 56.53726889193058 0.4195882678031921 0 0 0.5560323894023895 0 15.02143154293299 5.267667219042778 4.498451717197895 2.463174626231194 0 0.1768632978200912 0.2266461998224258 0
374.1489918157458 8.482978746294975 10870.96402677149 3.598613664507866 1.127820551395416 36.20308439433575 1299.770783111453 1764.138034939766 1.471933379769325 97.65960570052266 53.17088361084461 1.233604706823826 15.89888472110033 1475.074845328927 0 2389.249195605516 1743.520010501146 15.5961207151413 284.2855675593019 1.424687065184116 17743.96473550797 258.9610289633274 21441.50472415984 193.5548275560141 0.171226903796196 1069.902660854161 19092.50102750957 1518.172834776342 938.4050770029426 3214.459885574877 0.5424716621637344 9.85236319899559 48.95039412379265 2484.263161182404 170.5740880668163 9121.204929381609 5526.598936580122 7615.635269545019 6813.99618087709 683.1117959246039 6.861681200563908 6.098939999938011 86.17142158746719 0 0 201.2369065880775 0.3867925107479095 0 0 18.36273322999477 0.6622178703546524 0 0 0.2371766120195389 0 1.689221322536469 1.486409187316895 0 1589.655641406775 1.647609725594521 0.4410347938537598 0 0 91.18347794562578 356.0893641114235 903.7366404980421 89.99224942177534 0 6.820485316216946 1926.080563008785 57.17491509020329 0.3405387699604034 25.25844258069992 0 0 0 0.93240886926651 23.19832648336887 38.82537047564983 28.56927970051765 15.3498428016901 16.12579722702503 1.764962375164032 0.8400216102600098 0.52499920129776 0
32.86117060482502 1212.415958680212 48.63314729183912 1910.183856293559 113.135966680944 71.56886047124863 1011.332554362714 56.57021803408861 9139.891902789474 638.3670434728265 20.56035988777876 641.8438987657428 54.57877807319164 159.8094034790993 1178.36933747679 3710.232896111906 58.45681024342775 5.747793130576611 23.12347301095724 294.125164359808 287.4198537766933 5950.105421714485 193.5548275560141 8006.601910591125 184.1414323374629 107.6671773716807 7477.528138756752 6341.779655784369 487.5111761987209 726.5178757235408 3.564690634608269 24.48272360861301 149.9763548523188 307.5523380190134 88.00862574577332 2878.326682597399 214.8899523243308 1289.299375407398 887.0505203530192 1135.717029824853 34.68953041732311 55.97367779165506 22.17895928025246 17.7949274033308 0.778095081448555 41.57337395846844 274.4443970620632 1.263435930013657 18.1486950814724 923.694975271821 36.16066510230303 1027.452821448445 66.93722911924124 6.754378974437714 8.384672753512859 5.032874695956707 63.48030825704336 4.065883658826351 731.0487494468689 2.288678281009197 1.402918368577957 2.811855480074883 87.26481001824141 524.7208706438541 525.1525100916624 78.36087327450514 2887.781804464757 1.903037890791893 21.60860012471676 276.3149516135454 3021.175209708512 123.5710446983576 728.294181406498 1.380996271967888 4.589449919760227 13.87417484074831 36.56909779459238 37.72667814791203 404.1299594119191 30.74101863056421 204.6310090348125 72.9858020991087 131.3092901259661 30.81034198403358 19.66706362366676 11.54914542287588
0 1779.021205529571 3.199910953640938 0.3841317296028137 1.115478470921516 1.248269706964493 12.26579996943474 2.91142438352108 157.0582421496511 0 276.225028321147 8.812697686254978 3407.292819812894 0 5.808698885142803 13.68940132111311 5.371453136205673 1.713729336857796 5.132311776280403 0.5870963260531425 4.594154939055443 630.376153409481 0.171226903796196 184.1414323374629 412.5962264761329 98.58144088089466 3808.905100345612 25.11237117648125 1.819498032331467 3.866188183426857 186.0591135025024 0.4302136451005936 0 19.74419739842415 0 255.7980857565999 258.4187791645527 346.8896274715662 120.6175723820925 58.41416093707085 89.58422517776489 653.5899725705385 7.868835210800171 0 10.69765534996986 3.344100758433342 0 0 0 2.064828038215637 0 0.6064223200082779 0 279.2676921933889 0 683.2329190000892 0 0 9.71258732676506 0.5658393055200577 2.120746791362762 1.081379681825638 0.1408913731575012 11.71951484680176 12.57610093057156 0.7816141247749329 4.772394604980946 33.94014883041382 96.14556540548801 828.2719707563519 2.523525111377239 0.3637761920690536 2.591465353965759 91.27466823160648 0.8678137362003326 0 9.016671627759933 0 124.4423997029662 79.97906927764416 113.5870198234916 2.917157545685768 6.460981369018555 3.275887429714203 69.3680137693882 0
295.9869638979435 88.26058530062437 14104.03400274366 11.97280845046043 2.899119414389133 80.94609601050615 754.564865924418 2091.706015378237 7.766746185719967 150.8696829006076 3465.989080578089 32.46019000560045 432.4437130019069 1808.206733465195 0.9733754545450211 42.14219694584608 3196.06384729594 1346.201023608446 5387.340816810727 27.8558172956109 294.3377602100372 32.6007164940238 1069.902660854161 107.6671773716807 98.58144088089466 36425.69341116399 14764.5219899863 332.3973438739777 1363.946597076952 294.8121374249458 228.7337632328272 51.11067675054073 118.3368360996246 832.3095069378614 36.78700485080481 4002.798491768539 7819.031424492598 5300.947539366782 1262.465978078544 96.25077877938747 5.889561101794243 111.5525431036949 14.40036575496197 0.4612954407930374 7.302935987710953 165.6128100380301 0 0 0 3.006910599768162 0.3949054777622223 0.9030347764492035 0 73.99879710376263 0 658.2932864204049 1.151037693023682 0 17.658501945436 24.63112888485193 14.18173985183239 14.28113976120949 0 4.092830307781696 17.9945675432682 9.548166632652283 21.30205085873604 11.53578947484493 956.9902420938015 3641.851979784667 7.803905412554741 0.758016400039196 3.287286348640919 297.8783482015133 0 0 0.7546768635511398 10.71597042679787 28.59047808498144 632.5744457170367 26.19338423758745 5.801319532096386 0.831609234213829 0 10.63240374624729 0
7.750122644007206 8450.215277202427 11209.10225386918 30.67667069286108 8.432286612689495 60.14057805389166 1917.580807432532 225.0345181822777 694.5140704736114 262.8713559508324 982.0322425216436 28.0252983123064 9715.438831612468 60.00456157326698 48.15666946023703 10333.79542058706 5226.106944918633 378.1151944175363 2010.541603833437 8.799446582794189 1403.811901777983 4284.520984202623 19092.50102750957 7477.528138756752 3808.905100345612 14764.5219899863 35763.67093706131 5238.245300248265 80.82522124052048 88.36620239913464 2363.727007821202 8.221523560583591 21.77669076621532 879.105721488595 128.4499456435442 12408.64157202095 7993.960797175765 9744.522012248635 5101.8536632061 990.0792940035462 21.92794616520405 189.1894247829914 101.2122779041529 3.087999805808067 86.77384780347347 2904.556720614433 1.895199000835419 0 0.5115073472261429 78.67745573073626 3.607943259179592 7.802094481885433 1.062924638390541 159.8573030233383 0.3835031390190125 1758.788966499269 7.003488108515739 0.2933154627680779 1400.90559117496 191.7843551114202 44.37572553008795 62.39009640365839 0 59.5570155903697 636.0679896324873 1548.059421740472 264.3069465532899 48.15828585624695 4143.931610897183 29259.17748964578 162.2612402886152 5.570065200328827 15.9099949747324 848.2872907742858 0 0.8308505862951279 13.92307382822037 52.16691572964191 160.4329977184534 2410.626229934394 181.0706902891397 48.86797122657299 4.095353297889233 1.673189133405685 41.799710303545 1.67268668115139
178.107744179666 68.76423423737288 551.5441280677915 1576.974023208022 21.36768231540918 1270.215760596097 18406.77166672796 1766.344217635691 1552.298148289323 2134.164902608842 60.74693299084902 1260.506318770349 29.69301370531321 1203.246607922018 159.4266647025943 2188.08337367326 129.1861378401518 17.04302107542753 68.42170580476522 1617.051192484796 4275.330362536013 413.2636235579848 1518.172834776342 6341.779655784369 25.11237117648125 332.3973438739777 5238.245300248265 11521.07173361629 1912.369845159352 11489.71159031987 0.911061629652977 56.90837731212378 654.6222265660763 1337.923142850399 162.7794647142291 5314.984385222197 288.0087064653635 3869.229171022773 2119.822723507881 391.5934377536178 55.64141703397036 61.90351490676403 36.44126595556736 14.20912948250771 0.7281743884086609 30.26488201320171 310.7944339588284 0.5173467844724655 22.47205327451229 861.0804231017828 33.01279758661985 630.0908740311861 78.39340770244598 4.041673056781292 12.21106714010239 10.10842280089855 59.33425164222717 7.327614538371563 502.0826410800219 1.829042829573154 1.18488471955061 1.907002292573452 99.03032467514277 405.3305159285665 251.852542117238 47.34973987191916 2283.270914129913 0.5458402335643768 11.76548504829407 154.5967055037618 2560.735425651073 93.86505581438541 664.5719713866711 0.3210236579179764 3.738304734230042 10.46454183012247 28.66939791291952 35.58247308433056 333.7293242886662 15.82957645505667 159.0976738929749 62.70420553535223 160.89292357862 21.98221865296364 20.43395110964775 7.317995458841324
4831.540783032775 0.4670749753713608 468.7735466063023 238.0918618515134 1.580481298267841 303.3383238613605 2956.26342947036 436.5796195268631 11.29038038104773 1742.403875589371 1026.88732791692 365.8670723512769 38.18755753338337 3875.686442561448 24.94776048511267 1.694753639400005 2111.648541159928 139.6807435974479 909.2526581138372 514.9291220232844 250.8705366253853 1.627190567553043 938.4050770029426 487.5111761987209 1.819498032331467 1363.946597076952 80.82522124052048 1912.369845159352 17787.49512567371 6284.034725993872 3.828881658613682 494.4756740704179 1301.169035084546 3096.641644589603 10.07533271610737 522.6023772358894 23.1299766972661 2869.355854518712 368.5769990086555 243.2685179114342 163.296824991703 25.83623826503754 7.144381046295166 0.628181204199791 0 0.6439291834831238 7.004009813070297 0 0 23.31503423303366 0.5878128185868263 7.062227167189121 1.132447063922882 1.83604371547699 0 0.968700498342514 0.5608695074915886 0.1326530426740646 8.181117802858353 0 0 0 1.236954808235168 12.28846228122711 4.669157207012177 1.068638071417809 53.46717359125614 0 0.80998595058918 1.92696437984705 65.23327942937613 2.571036204695702 11.05307073146105 0 0 0.2499617636203766 0.2526469230651855 1.167215287685394 12.49290132522583 0.3458801656961441 5.358281314373016 1.383241087198257 5.942768529057503 0.1602376103401184 3.607314705848694 0
