1546.073013670743 0.4525008276104927 28.8312681093812 2.488747909665108 0.09565985947847366 10.27189959585667 3884.469146221876 136.7528768703341 1.613972216844559 30.29800458997488 18.09349711239338 0.1256552189588547 1.544614478945732 2114.245220422745 0 1.031313769519329 356.478848785162 23.00965995341539 128.2912867441773 1.396494761109352 13.04007198661566 1.69960955530405 91.40270344167948 57.27610497176647 0.1320346891880035 102.4362720921636 40.48393636196852 90.53474416583776 4281.53966511786 864.169255413115 0.3055476918816566 3.929453521966934 260.8398523852229 257.0468879938126 0 15.52521772682667 4.189875714480877 167.0436694398522 10.82441101968288 0 0 0.2686139047145844 0 0.1351548284292221 0.1253308802843094 0.490029864013195 0.1006531193852425 0 0 0 0 1.730202108621597 0.7552990913391113 0.1309956759214401 0 0 0.4212326407432556 0 4.25616754591465 0 0.1092629432678223 0.1337384581565857 0 2.735279969871044 3.014430165290833 0 11.12316353619099 0 1.276428781449795 2.16340272128582 5.694221906363964 0.6792103126645088 1.49718114733696 0 0 0 0 0 0.8644008785486221 0.1623942703008652 2.352886885404587 0 0 0 0 0
0.4525008276104927 37.36660499870777 247.160586476326 0.3651314154267311 1.046076275408268 0.5976942032575607 6.389119111001492 2.113361991941929 223.2844388112426 2.253307059407234 27.58304850757122 0.7451156824827194 1310.558400675654 1.31193558126688 16.80309434980154 203.053441517055 16.49349097162485 0.4203712493181229 8.089749068021774 0 11.80740988999605 1279.233381234109 9.170921750366688 909.4785088002682 1097.930148869753 210.8295146673918 4637.150589518249 55.81048944592476 4.158063046634197 10.15879315882921 68.83980753272772 0.3615982681512833 0.731981098651886 30.37769174575806 0.8009609133005142 51.39961978048086 64.85454252362251 76.30072953552008 18.59852932393551 21.54305004328489 0.3465439602732658 63.62953345477581 0 0.09580375254154205 22.38519646972418 42.77000190317631 0 0 0 0.4551699161529541 0.1489489823579788 32.02532733976841 0.5154975950717926 1.32181453704834 0 9.065633170306683 0.3069224432110786 2.946254014968872 5.075863659381866 13.18642945587635 1.98462225496769 6.918355040252209 0.1171647980809212 0.3417077213525772 52.93729136884212 4.469331510365009 14.90022010356188 9.408236108720303 169.1377105116844 732.9549413472414 1.194103173911572 0 0 4.720572493970394 0.3341657519340515 0 0.8958136141300201 0 11.47625814378262 6.822052456438541 15.71741665154696 6.47074680775404 0 0 1.26709246635437 0
28.8312681093812 247.160586476326 7453.09739010781 1.545290425419807 0.2178227752447128 34.32399773597717 1786.857742533088 300.8333521261811 0.9387181103229523 218.8345844447613 6.590909637510777 0.1288154423236847 17.82127732038498 202.36594068259 0 21.30258399993181 4279.444037139416 6.016837619245052 71.6819297298789 1.407315008342266 669.7303999960423 31.1001485362649 7805.474850296974 14.63240818679333 11.76667475700378 8580.43307235837 11174.36966644228 384.2274213880301 51.74111250787973 394.4000159427524 0.8442203998565674 2.17389827221632 2.145910613238811 266.0116254165769 17.18253061175346 1258.193581692874 2397.744737558067 911.967454187572 513.4339549914002 35.62062591314316 1.125125512480736 11.18809774518013 7.053716063499451 0.5087236762046814 318.7217536568642 1086.436781458557 0.4673155099153519 0 0.9734245091676712 31.26348234713078 7.723337844014168 1.52976867556572 4.678862780332565 0.5767952129244804 0.3951909840106964 0.9462754651904106 1.875721901655197 0 70.16909992694855 260.913042396307 1.233949400484562 16.70230814814568 0.1688509434461594 20.7503474354744 120.0771564692259 737.0244955047965 13.47557561844587 2.080388933420181 185.4671315848827 2885.865858025849 16.84935390204191 1.46471132338047 1.791940852999687 1.111755132675171 0 0 31.21333179622889 12.57989498972893 411.8130830749869 56.4286337569356 258.1890503317118 165.2381531894207 4.306769780814648 1.70419730246067 9.519859492778778 1.176994502544403
2.488747909665108 0.3651314154267311 1.545290425419807 2192.629347771406 16.78355727344751 149.0765895992517 387.7314622029662 21.54128992557526 1202.708835676312 3540.000164233148 2.907983019948006 2518.177887782454 2.918445475399494 20.23677852749825 216.8362679183483 0 0.2271754816174507 0.193497397005558 0.6425176858901978 4324.235990099609 0.7484636381268501 2.077335849404335 0.9664604142308235 2354.823853850365 0 4.164194144308567 2.252134293317795 3355.851647429168 62.23590468615294 0.4769666418433189 0 3.357718981802464 7.525328725576401 23.31023240834475 4.081433266401291 210.5747231394053 3.064259178936481 91.59631820768118 47.4561428502202 306.0283244475722 6.637839742004871 1.547966293990612 4.508466549217701 2.241501569747925 0 1.018249817192554 446.6336981803179 0.7626850455999374 23.15460342168808 45.6928780823946 48.42195204645395 177.7739641964436 489.0610884204507 5.195480167865753 218.9719582125545 0.2722936570644379 24.95691155642271 13.94194985926151 1.447684481739998 0 0.4944257587194443 0 231.4861906543374 0.2832033038139343 0.6422378122806549 1.418563410639763 912.1590653583407 0 0.783163495361805 0.1196536794304848 890.4737572669983 12.06258828192949 1.593302249908447 0.3281174302101135 1.188658870756626 1.265008397400379 25.6132094040513 1.133045166730881 26.25833117216825 0.4236128330230713 68.86454693228006 25.49620632082224 268.4870389476418 0.9073475897312164 2.40641975402832 0.4326304197311401
0.09565985947847366 1.046076275408268 0.2178227752447128 16.78355727344751 2.275335237383842 1045.142860546708 9.15140201151371 55.09945016354322 88.24475982040167 33.09280892461538 18.37454929202795 107.5323576927185 23.95534680783749 7.579556204378605 2661.882145300508 0 0.3869479671120644 0.6568367481231689 0.5890666469931602 4.887671254575253 0.09361809492111206 8.248487025499344 0 59.21781930327415 0.1284210532903671 1.212944574654102 3.642195351421833 5.396180614829063 73.85978040099144 0 0.1050272807478905 15.4997800141573 0 67.16283195465803 1.086483120918274 38.99051877856255 4.92070560157299 54.50096869468689 19.35099325329065 1049.108154773712 59.72972427308559 5.98403699696064 5.243327409029007 0 0.1474923193454742 0 0.1448546797037125 0 0 0 0.3043080270290375 0.5113381147384644 0 0 0 0 0 0 0.3020951449871063 0 0 0 0 0.1145050227642059 0.4691025018692017 0 1.349611140787601 0 0 0.1046945303678513 0.4374116659164429 0 0.1128621995449066 0 0 0 0.8230629414319992 0 1.708266854286194 0 0.8174612820148468 0.9447412341833115 0.3306205719709396 0.5837512612342834 0.5661386400461197 0
10.27189959585667 0.5976942032575607 34.32399773597717 149.0765895992517 1045.142860546708 9439.53275256604 1827.435311540961 4820.69837461412 161.5147868767381 14713.97214335203 122.4340466782451 3230.085689231753 200.5871657729149 630.0181266143918 731.3803071826696 2.278434157371521 22.17022892832756 12.23472017794847 25.80980278551579 650.1795388311148 3.385540679097176 3.8834173604846 13.06278292834759 38.47839131206274 7.349570974707603 66.78171307593584 22.65273280441761 847.5836868137121 854.2424389123917 6.321348458528519 1.240829028189182 1573.872152678668 13.25606817752123 862.3668463006616 8.768424794077873 692.7571441009641 47.9848605170846 776.1908734813333 302.915754288435 3287.51290589571 400.0005490332842 72.06061862409115 13.03569383174181 0.4944382160902023 0.09798792749643326 0.4467982053756714 28.62368084490299 0.5675870776176453 6.033715978264809 24.10374867916107 6.013400830328465 9.480776317417622 34.60186599940062 0.4055408015847206 29.60356786847115 0.09799569845199585 2.70846476405859 5.077114507555962 6.156212784349918 0.1166837587952614 0 0 17.07122898101807 1.350681595504284 2.681241512298584 0.1423076242208481 100.0406755506992 0.1114355474710464 0.2151774391531944 0.7734065651893616 85.41641392558813 3.744464993476868 3.284909345209599 0 0.3448648378252983 0.8227296322584152 12.69238597154617 0 12.54780492931604 0.335971787571907 24.54290655255318 17.99973280727863 123.3242148756981 1.187403060495853 1.652230441570282 0
3884.469146221876 6.389119111001492 1786.857742533088 387.7314622029662 9.15140201151371 1827.435311540961 17037.44314353168 4805.604513674974 337.0870698392391 4279.621560961008 47.79724660515785 27.29969856142998 40.72981888055801 9302.219445757568 11.17963968962431 67.14508171379566 695.1276693493128 36.9379203543067 219.9964495003223 118.9742893502116 384.3258135989308 64.76466661691666 1706.262800000608 1950.206843033433 1.816562540829182 1579.313280642033 484.5236396789551 17598.90418372303 2141.345576189458 6682.880274035037 1.155739769339561 49.86222068965435 149.1259244307876 424.1497720554471 72.82630503922701 2307.66506061703 167.9105009883642 1577.614423364401 784.2101851031184 194.0235888138413 52.22937022149563 10.53116366267204 27.21098513156176 14.13454110920429 5.759946279227734 15.78841108828783 123.701907992363 1.706731639802456 8.746172294020653 297.4047603681684 71.86395259201527 154.0728054493666 240.9376643002033 14.36791085451841 41.65866362303495 0.4318778067827225 60.7161081507802 2.491888761520386 128.4822510704398 3.223941788077354 0.9928728193044662 1.502571322023869 73.31135946512222 19.2517392039299 22.52173488587141 62.11354104429483 1479.594973370433 0.3927907347679138 7.955547958612442 94.34808888286352 1162.212831549346 65.91551339626312 52.28436894714832 0 4.32574126124382 5.951432675123215 64.25982420891523 17.42403326928616 219.1271892413497 2.771114252507687 263.2439796924591 119.334728769958 169.4836110845208 7.8233293145895 3.007469579577446 2.840037018060684
136.7528768703341 2.113361991941929 300.8333521261811 21.54128992557526 55.09945016354322 4820.69837461412 4805.604513674974 9079.655025869608 8.256480015814304 3756.998241148889 197.7296965494752 180.9148679450154 299.5423940271139 7355.984593003988 47.03707868605852 11.25622586160898 427.5862336605787 68.71536698937416 376.3428860455751 53.75853026658297 18.28728740662336 19.5574117898941 145.0915964990854 161.8901428505778 14.25274627655745 576.0724321082234 124.4086402058601 345.4112989529967 1000.879969142377 123.9700027406216 1.889964774250984 420.7360309287906 16.40854198485613 690.5385403707623 9.356299921870232 574.7554744631052 131.0417718663812 992.2222753167152 586.6626871749759 651.6339221894741 101.0633648559451 132.8056563138962 14.8767195045948 0.6927906423807144 0.7077338621020317 0.9171349927783012 1.678659461438656 0.1100158914923668 1.517708152532578 9.8473005220294 2.495116762816906 9.115399584174156 1.031228326261044 2.796000942587852 0.8314786404371262 0.1153379306197166 2.222782164812088 0 44.70336207002401 0.3667898625135422 0 0.4400294870138168 0.2333692759275436 11.72189569473267 16.69179992377758 5.634313344955444 72.88787250220776 0 2.66269738227129 8.732680678367615 45.90627282857895 6.485953934490681 14.35250546783209 0 0.3116709440946579 0.6846849769353867 18.71373938024044 0.8932506740093231 9.247304238379002 1.64813344180584 26.49457284063101 22.8492714241147 6.455635197460651 3.488020695745945 5.074324809014797 0.170255184173584
1.613972216844559 223.2844388112426 0.9387181103229523 1202.708835676312 88.24475982040167 161.5147868767381 337.0870698392391 8.256480015814304 1287.832936324179 587.3740236908197 1.022628284990788 951.3917934447527 7.110363267362118 5.82485119998455 750.0691382884979 3.343727044761181 1.711562044918537 0.4756658226251602 0 738.1552842110395 2.224734328687191 2226.650363743305 1.55645140260458 6905.032978273928 14.80184552818537 4.605174891650677 634.5444772541523 747.4987270459533 18.51979967206717 3.632305711507797 0.3193192407488823 2.711385801434517 4.365140698850155 7.248353883624077 1.413180619478226 229.2506185770035 5.554748222231865 35.2756245136261 12.21236450225115 715.3099515587091 10.37789814919233 1.211770564317703 0 9.56737607717514 4.199786707758904 1.075928263366222 121.2677159458399 0 6.339824929833412 29.1741454154253 14.01629255712032 141.984925404191 65.26738671213388 1.701299250125885 41.86395353078842 0.1944305524230003 17.76821821928024 8.26522758603096 63.03954439610243 0.3397198766469955 0.2236045002937317 0.1208564713597298 44.91329473257065 11.86732781678438 42.69183710217476 8.96607768535614 1162.414396710694 0.8659219443798065 4.59509090334177 12.11747141182423 316.8803230673075 22.85249996185303 18.99602896720171 0 0.6331666633486748 3.136192783713341 10.27476305514574 4.064467146992683 50.93029807507992 0.4952753558754921 45.04751507937908 20.0894416347146 78.05675373971462 0.8652398884296417 0 0.3328307569026947
30.29800458997488 2.253307059407234 218.8345844447613 3540.000164233148 33.09280892461538 14713.97214335203 4279.621560961008 3756.998241148889 587.3740236908197 26076.38425100595 165.1123918071389 5452.466203078628 156.8275077491999 1288.7946363464 65.99982454627752 12.5312328338623 43.71667582541704 26.48425912857056 46.77489307522774 7309.846921220422 21.01926165819168 12.13917937874794 94.47734436392784 744.3286339193583 3.181232236325741 265.3684542402625 86.51555845886469 4956.244075387716 1614.498847134411 15.90757647156715 4.299952313303947 184.0817049443722 70.63871074467897 887.1104141026735 65.89891540259123 3387.467166952789 136.6221589446068 2582.035514250398 779.6387990266085 708.774468421936 173.9713347703218 32.40780784934759 52.63752738386393 6.191461056470871 1.14711382240057 6.980480879545212 306.4276246130466 1.684397622942924 24.86670795083046 261.4452806487679 88.50956995785236 105.7290896549821 490.8448290228844 11.80355408042669 169.7807503268123 1.092319816350937 51.37827812880278 10.95125782489777 25.43241435289383 1.341641888022423 1.086746752262115 0.1124107986688614 158.2293312996626 6.591633528470993 5.231769397854805 11.36096747219563 1322.627045214176 0 1.936661332845688 9.377029687166214 1172.661812238395 41.71144509315491 17.21500313282013 0.2034039348363876 2.514901459217072 4.096969246864319 48.91109964996576 11.04253083467484 116.4132299274206 2.447872206568718 178.8067253381014 90.7310224249959 331.2972475141287 4.325607590377331 2.366637013852596 2.014464810490608
18.09349711239338 27.58304850757122 6.590909637510777 2.907983019948006 18.37454929202795 122.4340466782451 47.79724660515785 197.7296965494752 1.022628284990788 165.1123918071389 7319.18079893291 40.18013149499893 2395.668155036867 214.571363709867 1.001187533140182 1.3347162976861 496.7498722746968 1402.359403625131 1294.505779035389 13.9417961910367 25.67544447630644 2.001458540558815 72.27709193527699 16.25795156508684 184.6300928965211 3691.030521929264 868.2276712656021 20.4604189619422 597.8430794477463 49.45416290313005 711.0711054205894 258.2915347516537 3.517584122717381 5497.166932068765 19.35262676328421 608.2440096139908 2846.583760015666 3752.94504699111 916.7766302451491 89.75505054742098 21.45129422843456 218.6738380119205 14.61163678765297 0.09521792083978653 9.430633574724197 0.5119085758924484 0 0.1890366971492767 0 2.081097342073917 0.4635891914367676 1.312563769519329 0 263.7582613527775 0.1599512845277786 1091.617656253278 0.3426684588193893 0.1360844969749451 1.210991114377975 0 7.340364620089531 0.9793934226036072 0 0.9248077869415283 4.253641448915005 0.2647849917411804 10.04544735699892 99.10991653800011 26.34882906079292 155.4580484032631 6.309566371142864 0.1201447695493698 0.3757527768611908 99.58550345152617 0.1805556267499924 0 12.15063068270683 0.3467356562614441 21.34884279221296 308.4661360010505 30.55803180485964 3.566477090120316 2.84517502784729 0 160.6809143051505 0
0.1256552189588547 0.7451156824827194 0.1288154423236847 2518.177887782454 107.5323576927185 3230.085689231753 27.29969856142998 180.9148679450154 951.3917934447527 5452.466203078628 40.18013149499893 6781.972003906965 30.88989575952291 75.15416102856398 573.1145808324218 0.1822110861539841 0.4221189171075821 4.032737590372562 3.279887609183788 5223.689226850867 0.4915657341480255 4.359011419117451 0.6639231294393539 119.1970647126436 0.973622739315033 8.470393739640713 7.349122449755669 1003.768362171948 217.8491213545203 0.4506590738892555 0.6708933264017105 50.98746459186077 0.3559886589646339 147.015542678535 3.628527626395226 502.0190940573812 13.49229717254639 311.4111460968852 64.41714343428612 1447.966458193958 32.91505765914917 9.962245345115662 0.9526330828666687 0.476772740483284 0.5513173937797546 0 267.6297230422497 1.830235496163368 32.36513037234545 7.744763121008873 13.24157253652811 66.48368060588837 238.4496444016695 1.559352070093155 226.0444963276386 0 3.367187179625034 41.65463130176067 0.1092628017067909 0 0.1991762891411781 0 171.2552362084389 0 0.1957235187292099 2.006704285740852 233.8029090538621 0.1048758029937744 0.1039623022079468 0.3035350367426872 256.3148267418146 2.321904093027115 0.1155362576246262 0 1.945236317813396 0.1516150385141373 5.91426744312048 0 5.28544632345438 1.062024347484112 10.51048310101032 6.598764419555664 744.9988673701882 0.2701381891965866 0.2218946516513824 0.09613972902297974
1.544614478945732 1310.558400675654 17.82127732038498 2.918445475399494 23.95534680783749 200.5871657729149 40.72981888055801 299.5423940271139 7.110363267362118 156.8275077491999 2395.668155036867 30.88989575952291 1712.731081090868 59.03731623291969 4.076484806835651 5.161421544849873 40.74406099319458 23.40310137718916 8.364429868757725 12.22405236214399 8.411242865025997 57.58121430128813 30.90920089930296 48.7871592566371 2660.520870022476 258.5285046175122 3338.999634154141 38.67794129252434 213.5734747573733 6.101373344659805 640.3558680489659 292.15745832026 0.09156385809183121 1122.697134256363 638.8181339204311 3754.3928796947 9121.136817224324 6547.619566895068 1801.180387318134 344.459958717227 266.7547890692949 1436.042125433683 58.13697075843811 0 81.12749821692705 4.6120665371418 0.4406367018818855 0.1558689177036285 0.4018396660685539 7.353114552795887 2.375256076455116 4.329768866300583 0.7191518545150757 655.4066166430712 0.3442700654268265 3807.177581600845 0.4852632582187653 0.1560829132795334 1.417224884033203 0.539314016699791 26.48108825087547 3.583767376840115 0.09939432144165039 0 7.716167494654655 0.6177093237638474 11.93491850048304 641.1671268045902 134.4194189459085 581.3755726367235 8.109426602721214 0.5080903321504593 0 220.9323654100299 2.341100320219994 0 44.28944443166256 34.05737082660198 175.5052482485771 776.7040715813637 102.5534905567765 29.25640054047108 22.02901095896959 3.96631121635437 407.3665140718222 0
2114.245220422745 1.31193558126688 202.36594068259 20.23677852749825 7.579556204378605 630.0181266143918 9302.219445757568 7355.984593003988 5.82485119998455 1288.7946363464 214.571363709867 75.15416102856398 59.03731623291969 10161.63493859768 2.141478016972542 6.112608440220356 884.5344665423036 107.2705820128322 614.9618805125356 33.23254017531872 23.43652621656656 14.66898550838232 215.2232127487659 242.6085743531585 2.234229184687138 562.0132790878415 160.5270020291209 337.1147514283657 5235.940514288843 628.5165973827243 2.435038797557354 235.8512888029218 41.23842324316502 801.5725001171231 1.48774690926075 189.3264671936631 61.95732616633177 636.1597089543939 98.53624585270882 130.2559524327517 33.07930668443441 14.21749483048916 3.203116431832314 1.384034991264343 1.64714403450489 1.520560048520565 1.04262937605381 0 0.3602837398648262 8.188621751964092 0.2764714807271957 12.82299311459064 3.786472767591476 1.051458448171616 0.4242678210139275 0 2.938717983663082 0 17.83142853528261 1.177908591926098 0.2852260321378708 0.6035612821578979 1.599212534725666 5.843013867735863 10.54079487919807 1.939125895500183 48.70985563844442 0.7848100811243057 2.160850845277309 11.82224982231855 42.79715701937675 2.479610078036785 8.071385130286217 0.3612648695707321 0 0.3890348672866821 3.277070559561253 0.7793806940317154 3.160376399755478 0.9028083086013794 11.27023313939571 5.887511044740677 3.262293264269829 2.188050791621208 0.8137905225157738 0
0 16.80309434980154 0 216.8362679183483 2661.882145300508 731.3803071826696 11.17963968962431 47.03707868605852 750.0691382884979 65.99982454627752 1.001187533140182 573.1145808324218 4.076484806835651 2.141478016972542 549.9758785963058 0 0 0 0 91.5978672131896 0 109.1795034632087 0.1140115186572075 1048.745069406927 1.683206461369991 0.534604087471962 37.43828205019236 38.24038001149893 5.005237020552158 0 0 229.3132151812315 0 21.58120465278625 0.239140659570694 19.23365968465805 0.3614141196012497 11.95634388178587 3.767472989857197 1960.590235337615 478.5638320595026 1.753260910511017 0 0.506494402885437 0.3050794899463654 0 1.830688461661339 0 0.9293792247772217 0.4221286177635193 0 4.770540930330753 1.37704411149025 0.2107878476381302 4.160589128732681 0 0.1158554404973984 2.589004516601562 2.32443930208683 0 0 0 0.9103691577911377 0.3626819849014282 1.91931739449501 0.63908950984478 18.00215724855661 0 0.4583402425050735 0.4906777292490005 6.284319818019867 0.6738741993904114 0.1485476195812225 0 0 0.1408368945121765 0.1805853992700577 0 0.4623973965644836 0 2.739965543150902 0 20.34202176332474 0 0 0
1.031313769519329 203.053441517055 21.30258399993181 0 0 2.278434157371521 67.14508171379566 11.25622586160898 3.343727044761181 12.5312328338623 1.3347162976861 0.1822110861539841 5.161421544849873 6.112608440220356 0 2630.43968334049 59.05414958298206 1.865302182734013 1.983247332274914 0 3228.296128354967 2102.871955059469 3788.819457925856 2174.245711050928 9.255746752023697 10.05185555666685 4035.79762814939 1553.4617177248 18.55993919819593 183.9328128993511 0.4927002191543579 0.2075718194246292 6.71338027715683 61.29474231600761 96.64413916319609 3663.255876764655 1298.099056623876 749.984084405005 797.1829959228635 113.4040158092976 1.343458235263824 3.796468406915665 37.75877416133881 5.688096709549427 14.51735262572765 14.00436501204967 0 0 0.1516146808862686 6.118503302335739 1.857558108866215 5.685162842273712 0.126945972442627 0 0.1915582269430161 0 3.198653668165207 0 5370.835830003023 5.465249575674534 0 0.8847713470458984 0 252.1258970573545 911.9695627093315 1747.966707512736 216.9314946904778 0.4422699809074402 10.6197817325592 1071.836644440889 119.0247035622597 10.46039831638336 76.05261551588774 0.2410469651222229 0 2.677687503397465 4.46733420342207 5.672414653003216 44.76438194513321 4.861512750387192 19.74485071003437 15.82700932770967 3.838067084550858 0.5082604289054871 0.344820111989975 0
356.478848785162 16.49349097162485 4279.444037139416 0.2271754816174507 0.3869479671120644 22.17022892832756 695.1276693493128 427.5862336605787 1.711562044918537 43.71667582541704 496.7498722746968 0.4221189171075821 40.74406099319458 884.5344665423036 0 59.05414958298206 1517.619565613568 290.9735759049654 3317.05488269031 0.2267940640449524 868.5298138484359 17.01968132704496 2663.371515452862 16.77918288111687 5.49707155674696 2914.332158640027 6837.127136297524 69.94386314600706 931.0496255010366 3115.01958938688 0.2957704216241837 5.639792315661907 33.55451127886772 1764.033542945981 2.584017053246498 129.8817161917686 3046.106849528849 496.8223247006536 68.42272672057152 6.71596722304821 1.116532362997532 30.05929194390774 0.1510964334011078 0.121498703956604 34.79726828634739 179.860126927495 0 0 0 3.436456046998501 0.6771754324436188 0.3166727349162102 0.5453212857246399 0.2935616075992584 0.1185306012630463 1.003028631210327 1.119532816112041 0 21.42428313195705 67.90847462415695 0.4988889247179031 16.30792906880379 0 3.176284871995449 15.74952645599842 61.11673706024885 1.42736828327179 0.6633111983537674 89.8445979654789 491.6664817109704 2.963241964578629 0.08969777077436447 1.545750260353088 0.2952738702297211 0 0 7.08261214196682 1.508009552955627 60.13612550497055 11.70226058363914 58.07816845178604 35.65286435186863 0 0 0.5510540008544922 0
23.00965995341539 0.4203712493181229 6.016837619245052 0.193497397005558 0.6568367481231689 12.23472017794847 36.9379203543067 68.71536698937416 0.4756658226251602 26.48425912857056 1402.359403625131 4.032737590372562 23.40310137718916 107.2705820128322 0 1.865302182734013 290.9735759049654 157.2687761411071 1641.392543211579 1.606724843382835 12.94201044738293 0.3046773225069046 42.67778519541025 1.506414353847504 3.760847210884094 1157.588765576482 265.5410023480654 4.352068513631821 105.2280225902796 62.71702586114407 29.30974634736776 12.60098851472139 2.610261537134647 899.3532974347472 6.267483189702034 789.7810244932771 846.6940695419908 1631.020540446043 486.5424340069294 18.44509357213974 0.6250398755073547 26.64326996356249 2.822526976466179 0 1.876836732029915 1.106442332267761 0.09543828666210175 0 0 0 0.3861989676952362 0.1915999352931976 0 39.23912830650806 0.1102536395192146 117.3410830944777 0 0 0.7159745469689369 2.349162191152573 24.47920692712069 4.15906335413456 0 0.109370231628418 0.898030586540699 0.3778118193149567 0.8156295642256737 11.62601956725121 119.8000496849418 247.906959913671 0.1515966653823853 0 0.1159360855817795 103.9397841468453 0 0 1.630512051284313 0 5.342577621340752 12.1080389097333 5.807483650743961 1.622590810060501 0 0 0.6697033643722534 0
128.2912867441773 8.089749068021774 71.6819297298789 0.6425176858901978 0.5890666469931602 25.80980278551579 219.9964495003223 376.3428860455751 0 46.77489307522774 1294.505779035389 3.279887609183788 8.364429868757725 614.9618805125356 0 1.983247332274914 3317.05488269031 1641.392543211579 3303.113701365888 1.823902703821659 49.93227118253708 2.385139472782612 156.3495356217027 1.688171423971653 0.6536304801702499 3546.707422614098 1220.123453259468 9.424569085240364 421.0016931071877 452.8274747207761 2.812546342611313 13.01718915998936 11.84234961867332 2042.471765071154 2.655038595199585 251.1048289760947 1123.270696431398 1487.293601036072 166.7993540093303 10.10552328079939 0.5503359138965607 3.733992964029312 0.6567422598600388 0 19.04431074112654 27.17997877299786 0 0 0 0 0 0.6868058145046234 0 3.897097453474998 0 3.236293897032738 0 0 1.225585460662842 46.27824977040291 6.211689159274101 28.34013672173023 0 0 0 1.079523175954819 0.8280731290578842 6.111551985144615 200.8568017035723 373.6706130504608 1.120472274720669 0 0.3759078979492188 10.03028565645218 0 0 4.382685117423534 0 26.19803528487682 12.11431767046452 24.61638738960028 11.52114287018776 0.4067285358905792 0 0 0
1.396494761109352 0 1.407315008342266 4324.235990099609 4.887671254575253 650.1795388311148 118.9742893502116 53.75853026658297 738.1552842110395 7309.846921220422 13.9417961910367 5223.689226850867 12.22405236214399 33.23254017531872 91.5978672131896 0 0.2267940640449524 1.606724843382835 1.823902703821659 1188.028127998114 0.3644444271922112 0.5488617867231369 0.5389409214258194 253.3981591388583 0.2354858666658401 4.485778987407684 3.230149529874325 2416.88168246299 108.2930910736322 1.743374913930893 0.3405561000108719 11.70513202250004 3.629220776259899 60.20730811357498 7.959789291024208 419.4265749081969 11.58335489779711 191.9191084727645 70.6011458337307 239.8165364190936 10.52931208908558 3.527051225304604 6.770018517971039 3.182344242930412 0 0.6662730053067207 241.8001921847463 0.3519405871629715 18.26221358031034 78.2126576974988 48.13663059473038 80.10326692461967 347.7603491470218 8.949675381183624 123.2030628547072 0 19.28714555501938 10.32535235583782 0.3210572153329849 0 0 0.7302232533693314 128.5296222344041 1.177984282374382 0.4296310395002365 0.3599237948656082 644.4251336753368 0 0.7005456686019897 0.7811949923634529 652.811084523797 16.14811310917139 3.626664578914642 0 1.585158973932266 1.060087218880653 17.14590980857611 3.132733553647995 40.18340196460485 1.052743911743164 75.84113700687885 35.44302878528833 270.8901173770428 1.978988379240036 0.9569471776485443 0
13.04007198661566 11.80740988999605 669.7303999960423 0.7484636381268501 0.09361809492111206 3.385540679097176 384.3258135989308 18.28728740662336 2.224734328687191 21.01926165819168 25.67544447630644 0.4915657341480255 8.411242865025997 23.43652621656656 0 3228.296128354967 868.5298138484359 12.94201044738293 49.93227118253708 0.3644444271922112 11337.15610387921 148.6346800401807 17898.75517531484 99.93549152463675 4.200203403830528 243.8480911627412 1923.097142934799 1737.49353595078 142.2578136250377 5505.346772141755 0.2538436874747276 0 42.66021026670933 3537.396311357617 185.4080809131265 5218.079793125391 778.8539922982454 5512.205103643239 1823.180018998682 133.215353988111 2.936633303761482 5.973784647881985 45.15341607481241 0.545458510518074 1.221558451652527 2.840870939195156 0 0 0.2562480121850967 4.905616201460361 1.440568223595619 7.241494737565517 0.2144418060779572 0.4031940847635269 0 0 2.849803239107132 0 487.3783592134714 2.349452152848244 0.1480554044246674 0.8181812614202499 0 108.2931230813265 94.99066732823849 118.4124248474836 123.2870008647442 0.1024462878704071 2.981984347105026 49.70912440121174 85.0466153845191 8.948491603136063 50.53189964592457 0 0 1.751698166131973 2.52651983499527 10.84702774882317 26.93755257874727 0.8055259138345718 13.03026226907969 10.07943579554558 2.939927987754345 0 0.1688974499702454 0
1.69960955530405 1279.233381234109 31.1001485362649 2.077335849404335 8.248487025499344 3.8834173604846 64.76466661691666 19.5574117898941 2226.650363743305 12.13917937874794 2.001458540558815 4.359011419117451 57.58121430128813 14.66898550838232 109.1795034632087 2102.871955059469 17.01968132704496 0.3046773225069046 2.385139472782612 0.5488617867231369 148.6346800401807 1020.092380858958 155.0396512672305 6664.463931813836 178.8202273398638 28.90164326131344 5756.447382166982 407.7352685555816 16.01891805231571 94.13851728290319 4.207394957542419 0.1069000139832497 3.247898422181606 19.17816783487797 3.321443304419518 103.6540428251028 28.84988981485367 44.68395227193832 23.27647774666548 154.7890951856971 0.6311184838414192 2.361100010573864 0.7032407224178314 0 45.50365305691957 53.33354157954454 0.298678383231163 0 0.1336188614368439 4.838186681270599 0.9189382120966911 9.449767731130123 0.6236398071050644 0.3877001702785492 0.8005419671535492 3.500143930315971 3.181283853948116 0.1732373982667923 1630.15170314163 15.41127838939428 0.1692504435777664 2.670813590288162 0.3646493554115295 98.58413850516081 97.55193735659122 407.4277873709798 198.0161537081003 10.37615190446377 22.07765540480614 798.2868759483099 51.02644765377045 3.793843127787113 30.81807841360569 0.6697004213929176 0.1232828944921494 0.6413528025150299 1.714182682335377 0.69603231549263 55.5138129517436 7.357432380318642 20.84790853410959 22.18872122466564 0.3283787071704865 0 0.6447061002254486 1.225940585136414
91.40270344167948 9.170921750366688 7805.474850296974 0.9664604142308235 0 13.06278292834759 1706.262800000608 145.0915964990854 1.55645140260458 94.47734436392784 72.27709193527699 0.6639231294393539 30.90920089930296 215.2232127487659 0.1140115186572075 3788.819457925856 2663.371515452862 42.67778519541025 156.3495356217027 0.5389409214258194 17898.75517531484 155.0396512672305 23518.69345285743 62.61390913277864 5.069296978414059 1862.075387492776 12803.70354234427 2110.764123618603 265.4792457595468 5615.872433327138 0.9282340258359909 1.667717568576336 13.84306564927101 2912.623539797962 391.6247349232435 11028.42438192666 2632.65035379678 8535.520329862833 6063.535794310272 747.8833269625902 5.250818178057671 20.23157796263695 155.0894854962826 0 8.019240252673626 33.14323856681585 0 0 0 2.295201011002064 1.101820930838585 1.869434751570225 0.455160416662693 0 0 0 0.1474213600158691 0 1728.248263306916 7.338327892124653 0.1660403311252594 0.4799623861908913 0 39.86929570883512 168.8072780296206 843.8492211699486 35.68605873733759 0.4261573255062103 7.970222093164921 787.1839094609022 20.47258998453617 0.511426754295826 5.366499148309231 0 0 0.116368405520916 1.821767188608646 26.95054037868977 45.54016623646021 3.297719918191433 21.15943329781294 20.44597585499287 0.6636105924844742 0 0 0
57.27610497176647 909.4785088002682 14.63240818679333 2354.823853850365 59.21781930327415 38.47839131206274 1950.206843033433 161.8901428505778 6905.032978273928 744.3286339193583 16.25795156508684 119.1970647126436 48.7871592566371 242.6085743531585 1048.745069406927 2174.245711050928 16.77918288111687 1.506414353847504 1.688171423971653 253.3981591388583 99.93549152463675 6664.463931813836 62.61390913277864 8571.70994451642 62.14809488505125 20.0861858278513 3034.670750789344 5655.493453457952 740.8306107595563 258.2152926325798 2.574659772217274 9.723543986678123 224.3239979892969 321.1136864721775 87.98736692965031 2275.01376388222 222.8304026946425 1210.390133306384 568.1194046661258 1096.978606916964 34.80556507408619 6.85835999250412 29.20474553108215 42.31074921786785 20.82332090288401 15.04006125032902 351.9135584980249 4.12176887691021 18.47803889960051 380.5575618445873 118.6419596970081 802.8820552155375 478.1693069264293 12.10087278485298 94.17511958628893 3.845785014331341 95.65770684927702 6.256882645189762 1033.496771529317 5.724394783377647 3.282271802425385 3.290222026407719 156.8142658099532 325.4775634109974 354.4124029874802 176.928516946733 4287.60703779757 1.579516105353832 16.69289866834879 114.0873578935862 2222.734724186361 176.1115691512823 308.6027750372887 0.1996820643544197 5.964768849313259 22.6810156032443 79.07188972085714 34.12982568889856 327.1861977279186 7.15927966684103 329.9262854009867 141.8766018822789 215.8893330693245 7.719704076647758 4.172639667987823 1.881980501115322
0.1320346891880035 1097.930148869753 11.76667475700378 0 0.1284210532903671 7.349570974707603 1.816562540829182 14.25274627655745 14.80184552818537 3.181232236325741 184.6300928965211 0.973622739315033 2660.520870022476 2.234229184687138 1.683206461369991 9.255746752023697 5.49707155674696 3.760847210884094 0.6536304801702499 0.2354858666658401 4.200203403830528 178.8202273398638 5.069296978414059 62.14809488505125 132.2645386084914 267.5046180859208 2119.172739945352 6.09549818187952 3.241842769086361 1.086799673736095 375.8970455005765 6.256462767720222 0.2701487392187119 68.94173680245876 5.795679077506065 1423.152489863336 461.612491697073 1594.65374674648 449.944374628365 75.48055020719767 44.9168912768364 318.6178301721811 8.02965372800827 0 54.96989662200212 1.559726238250732 0 0 0 0 0 0.1393307149410248 0 216.0474527329206 0.129991888999939 820.9793407469988 0 0 0.4822263866662979 6.493224203586578 22.86328521370888 4.511801771819592 0 0 3.914353236556053 0 1.590917073190212 176.3813801258802 260.3559517338872 1026.255972452462 0.4178792610764503 0 0 130.3956798091531 0 0 12.47721290588379 0 144.4606079161167 92.06910932064056 68.1724057495594 25.69866596162319 53.78488802909851 0 10.24025951325893 0
102.4362720921636 210.8295146673918 8580.43307235837 4.164194144308567 1.212944574654102 66.78171307593584 1579.313280642033 576.0724321082234 4.605174891650677 265.3684542402625 3691.030521929264 8.470393739640713 258.5285046175122 562.0132790878415 0.534604087471962 10.05185555666685 2914.332158640027 1157.588765576482 3546.707422614098 4.485778987407684 243.8480911627412 28.90164326131344 1862.075387492776 20.0861858278513 267.5046180859208 26073.6348355338 16604.08281899244 145.5199953615665 278.7752495035529 469.0029777437449 451.7639269456267 27.51184050738811 8.813050307333469 2378.015131659806 33.55108783394098 2878.321104735136 4733.107239931822 4687.15414917469 1404.684018462896 66.3121841698885 4.304979249835014 147.7287734001875 9.862261146306992 0 319.3572985157371 331.5583241507411 0 0 0.2132255360484123 0.9831834882497787 0.206527478992939 1.328330099582672 0.542509526014328 379.8050138056278 0 1786.937371410429 0.7009513527154922 0 5.571853011846542 223.7190323248506 421.1366034299135 197.4892982840538 0 1.354352012276649 9.968355879187584 15.84179054200649 5.345283359289169 512.3539852201939 2846.81427679956 5858.774251058698 2.647604867815971 0.1701069176197052 0.9030579403042793 983.199335500598 0.1255958527326584 0 23.51728547364473 5.07354111969471 145.7334785237908 162.2395773157477 181.714786246419 63.69464824348688 2.298634186387062 0.2687192261219025 7.28157551586628 0
40.48393636196852 4637.150589518249 11174.36966644228 2.252134293317795 3.642195351421833 22.65273280441761 484.5236396789551 124.4086402058601 634.5444772541523 86.51555845886469 868.2276712656021 7.349122449755669 3338.999634154141 160.5270020291209 37.43828205019236 4035.79762814939 6837.127136297524 265.5410023480654 1220.123453259468 3.230149529874325 1923.097142934799 5756.447382166982 12803.70354234427 3034.670750789344 2119.172739945352 16604.08281899244 24163.84577279538 2013.752866856754 246.3238761499524 251.8437919393182 1122.329945877194 13.93553407490253 18.28147778660059 4468.09134414047 185.7103467211127 8771.173889644444 3758.487817063928 11535.89036567509 4796.030976623297 524.6627253592014 17.5054292678833 101.0484565570951 63.15666776895523 1.29791346937418 2683.359618239105 1848.587005659938 0.2214066982269287 0.1864637136459351 2.255281716585159 67.95224066078663 13.88625402748585 16.33345985412598 11.32421313226223 249.3245567381382 1.088926933705807 1671.600617624819 13.21823602169752 0 1131.861956246197 711.4910801202059 276.2876661792397 344.2877123579383 0.2693271040916443 75.01050327718258 936.8778702020645 2296.423513405025 101.9269909411669 860.1624536290765 3602.940786205232 15482.0722931698 71.71964132785797 5.55163512378931 5.472153976559639 835.2585080265999 0.1024313271045685 0.3179302215576172 74.78791631758213 27.46577045321465 902.7435040250421 255.7515555843711 685.2250246554613 399.8935657888651 19.44944734871387 0.7645596265792847 13.15693432092667 2.40013349801302
90.53474416583776 55.81048944592476 384.2274213880301 3355.851647429168 5.396180614829063 847.5836868137121 17598.90418372303 345.4112989529967 747.4987270459533 4956.244075387716 20.4604189619422 1003.768362171948 38.67794129252434 337.1147514283657 38.24038001149893 1553.4617177248 69.94386314600706 4.352068513631821 9.424569085240364 2416.88168246299 1737.49353595078 407.7352685555816 2110.764123618603 5655.493453457952 6.09549818187952 145.5199953615665 2013.752866856754 16247.93609393388 1103.044600576162 10169.2239774093 0.3922172412276268 20.56750552356243 320.1099251285195 688.2858001813293 171.5819717943668 4288.818975590169 455.268884524703 2612.519717335701 1203.689987853169 289.7954095378518 29.59408365190029 7.158063247799873 51.17922125756741 57.55574773997068 4.424089789390564 11.82559134811163 294.8786195293069 1.50573992729187 22.5383038893342 483.1790975257754 92.89123833179474 435.81394931674 412.536654420197 17.72245162725449 85.74773523956537 0.3456572145223618 119.7676503062248 7.263993993401527 622.0972531810403 3.956265352666378 3.178162820637226 2.324695900082588 166.922232709825 196.8658041357994 171.1809197664261 112.4405170157552 3432.10714481771 0.3242087066173553 5.875792942941189 90.03359270840883 2193.46881801635 187.2239480316639 315.2567730545998 0.3922393471002579 6.561733350157738 24.63134594261646 101.8201659172773 35.51705046743155 401.9605909734964 8.801519557833672 341.835010483861 154.2223736047745 284.4986021369696 8.070380441844463 9.67401597648859 3.593328908085823
