2212.05838099122 0.1323873996734619 261.4345852285624 5.600642830133438 8.063206128776073 92.35227519273758 2304.381770350039 1735.459360837936 8.345463640987873 60.39036068320274 2.964938044548035 11.02183200418949 0.3087998479604721 4238.944883882999 0.8708569705486298 0.1021415814757347 283.521391145885 2.943688377737999 52.03354028612375 7.709209725260735 177.9362565204501 4.107609033584595 268.2808450460434 73.33296708762646 0 138.4612530991435 23.62046106904745 131.7959199845791 3231.144747011364 2549.099117100239 0.1019632443785667 1.986215405166149 120.7557671740651 159.4520019441843 0.8836478367447853 96.85124146938324 60.7907722890377 103.0684590861201 31.40312363952398 3.671830460429192 3.538565680384636 0 0.1278646737337112 0.2427006512880325 0.2472018897533417 0.638340450823307 0.2679657340049744 0 0 2.590625710785389 0 1.79370591789484 0 0 0 0.08863774687051773 0 0 2.395407453179359 0.2140277922153473 0.09446702152490616 0 0 0.3412933275103569 1.064366340637207 0.2619444206357002 9.236184552311897 0 0.8056720644235611 2.923031084239483 13.35562995821238 1.064880326390266 1.043643519282341 0 0 0 0.7615826800465584 0 1.874018937349319 0.4818816110491753 0.5097132697701454 1.162264876067638 0 0.3271588087081909 0 0
0.1323873996734619 585.7987637445331 53.70832759141922 0 0.6461348161101341 0 3.95460382848978 0.9031220823526382 189.0758993551135 0.1797614246606827 97.38996231555939 0.5199598371982574 429.7369737699628 1.050638757646084 0 176.017536021769 71.96608281880617 4.285361371934414 33.13276449590921 0 5.148914806544781 1861.387480452657 25.04637957364321 163.154485963285 1605.76373475045 281.8240280896425 6319.480104073882 16.73236348479986 0.5172209739685059 0.3385542035102844 11.97399597615004 0.1178316175937653 0.2813065052032471 76.99077124893665 0 142.6321876719594 646.6215269267559 412.8939115405083 103.2140643596649 2.172897815704346 0 172.261704556644 0.1179783567786217 0.08888700604438782 149.745164744556 54.37297950685024 0 0 0 0.581216849386692 0.178893007338047 7.962748534977436 0.1095637828111649 4.442116774618626 0 49.56486400961876 0.5570398047566414 0 11.53096380829811 34.1110108345747 5.456853680312634 33.2838758379221 0 0.7720170393586159 36.81556552648544 8.213113382458687 1.980785198509693 63.37602154165506 338.2410256192088 1384.231230303645 1.265657506883144 0.2265365049242973 1.292313158512115 2.851171389222145 0 0.1150167062878609 6.429024673998356 0.3533068597316742 16.66399986296892 98.39291509985924 19.65381079167128 6.664071083068848 0.8250493556261063 0 5.130758985877037 0
261.4345852285624 53.70832759141922 5163.316108770669 4.762010157108307 3.110180661082268 67.10232619941235 815.4000501409173 555.2978381291032 3.817310743033886 19.40055195242167 14.2949064001441 5.863814547657967 5.248631842434406 367.0362970232964 0.7240297347307205 11.14051757007837 4113.203221164644 28.32955430448055 515.4694993272424 0.5057457014918327 608.3664597272873 26.46109785139561 6221.795780599117 119.8118359968066 2.505483850836754 9330.389184169471 6432.627532728016 265.255392447114 311.0896497815847 424.9968317523599 0.5973253697156906 2.496140815317631 15.92083083093166 888.5811544433236 20.75936364382505 1592.589202240109 4942.999864548445 2037.458703897893 740.2509274706244 16.45158373564482 4.75374697893858 5.797675341367722 1.492255970835686 0.6853830218315125 83.22252072393894 265.6164194792509 0 0 0.1621420383453369 5.858586572110653 0.6793422400951385 0.8533938080072403 0.4420901536941528 0.5325259938836098 0 1.245226614177227 0.7693248316645622 0 11.1165005415678 54.1295834556222 1.006971903145313 8.603660896420479 0 1.038628190755844 32.05702850967646 20.1965643838048 6.858872003853321 6.068477787077427 142.750998929143 1213.093949146569 9.966487474739552 0.9886787384748459 0.4937920644879341 0.2196909263730049 0 0 7.605786271393299 0.2311671823263168 32.41619647294283 252.0406624823809 27.11123035103083 7.092830248177052 0.840495303273201 0 0.2565757930278778 0
5.600642830133438 0 4.762010157108307 1492.071330294013 3.31169556081295 173.8050194233656 476.2103493958712 93.37252185493708 140.6015414521098 2368.235986083746 0.363790400326252 786.5830478072166 2.24926920235157 17.53124143928289 13.25215449929237 0.2720776349306107 0.7631334364414215 0.1010517999529839 0.1803027093410492 1460.762301497161 0.999658428132534 3.619340509176254 2.172881923615932 408.0091776922345 9.981920264661312 2.211659848690033 0.8985292017459869 2015.092537380755 81.30752869695425 2.310282208025455 0 1.290439151227474 6.525787942111492 28.76998330652714 0.4872672259807587 256.1206349506974 2.83304138481617 54.4899290651083 28.19089007377625 69.72456274926662 8.070011660456657 2.00970721244812 2.531155586242676 0.2879662662744522 0 0 75.37641932815313 0 23.22836296260357 112.7013085782528 10.0511829033494 80.59724000096321 72.99911338090897 0 56.61809473484755 0 1.792993858456612 3.220344491302967 1.049970231950283 0 0 0.3158665597438812 56.14492892473936 0 0.1853101253509521 0.5491993650794029 309.2549448013306 0 0.2038407102227211 0 179.83711142838 3.834869921207428 0.642809733748436 0 0.5919072777032852 0.2789553999900818 3.197770163416862 0.6800045669078827 39.38484126329422 0 13.94368463009596 3.587168402969837 151.6469191685319 2.205631420016289 5.055991351604462 2.305695533752441
8.063206128776073 0.6461348161101341 3.110180661082268 3.31169556081295 41.70491589605808 826.6210661754012 43.50749664008617 485.3536621779203 11.07434969395399 10.08313245326281 151.7108542472124 87.23219648748636 59.33541069924831 246.7596946060658 809.9191966056824 0.1394215971231461 5.359277002513409 26.24137638509274 40.73550389707088 15.38397245109081 2.662141963839531 0.1320769637823105 4.552517615258694 23.35336484760046 3.414073146879673 32.93174479156733 6.669870145618916 31.09235710650682 82.69751392304897 9.011627197265625 1.099181458353996 146.5760692059994 1.320812106132507 696.9615673944354 3.706095099449158 281.4725973680615 34.24686337262392 1170.548440679908 742.6263941824436 862.0148341208696 200.7762265056372 17.42126105725765 11.71130648255348 0.1014731824398041 0.1409592777490616 0.1737870723009109 0.4963846057653427 0 0 5.375536166131496 0 0.1596626788377762 0.1317212581634521 0 0 0.9129187911748886 0.3651860952377319 0 0.4871259182691574 0 0 0 0 0 0 0 6.21572383493185 0.141741007566452 0.1006902307271957 0.6251567900180817 8.595696844160557 0.8114762976765633 0.408348947763443 0 0 0 0.4418998882174492 0 3.94470439106226 0.2585833892226219 0 0.4250912964344025 0 0 0 0
92.35227519273758 0 67.10232619941235 173.8050194233656 826.6210661754012 7181.690177708864 2187.389547258615 9278.810999527574 42.01550930738449 3536.33245754987 69.61813220381737 1847.801072567701 16.12325336039066 765.8601785600185 965.085387378931 1.618420273065567 27.59194651991129 14.15538269281387 36.12629006057978 954.1528430953622 30.50127585232258 0.9066672921180725 43.06713363528252 110.6463983356953 0.9080344066023827 60.39627953618765 16.7121342793107 1254.662077382207 490.330216832459 40.85574668645859 1.564601935446262 159.2838482633233 17.53986854106188 321.7063119411469 0.9593272805213928 577.7031367942691 35.39667693525553 1006.406823217869 276.9992772042751 996.7665660232306 85.80170943588018 7.294775247573853 7.122497320175171 0 0 0 7.594566829502583 0 0.2233364135026932 18.3056500479579 0.4190382957458496 6.754439741373062 3.27336473017931 0 0 0.1127283945679665 0 0 1.764384403824806 0.3194265514612198 0.1021238937973976 0 0.1817693412303925 0.4455800652503967 0.4676280468702316 0 23.11537184566259 0 0.24688471108675 3.032725647091866 23.76527567952871 1.174453891813755 0.5381781011819839 0 0 0.2798801884055138 0.278079129755497 0.5161680728197098 5.336157143115997 0.5327454507350922 1.480504170060158 1.323590949177742 0.1697883903980255 0 0 0
2304.381770350039 3.95460382848978 815.4000501409173 476.2103493958712 43.50749664008617 2187.389547258615 10834.32060601562 4172.949177950621 333.4183109551668 5237.154720187187 9.903251148760319 785.4804702103138 6.470880657434464 3306.453460693359 9.532853543758392 22.49565498530865 98.11773505806923 3.764165282249451 30.78142488747835 1315.954214759171 571.1217371299863 47.04188751429319 685.5547908991575 1625.914550505579 2.866824708878994 309.2444235906005 242.9898076876998 12684.19305290282 1900.051337733865 1932.24670124054 0.1911934837698936 13.16046389937401 248.3816025555134 558.2408764287829 16.20602533221245 1658.144297651947 183.4352176859975 901.2678951025009 458.9581634402275 230.8110447898507 75.77316261082888 2.57672556489706 18.86879305541515 3.803886108100414 1.303200408816338 9.388304270803928 35.22598654031754 0 12.94435409456491 386.3050976246595 18.33099643886089 161.0219291076064 30.70726370811462 0.07709148526191711 5.290122963488102 0.2518036961555481 5.605516217648983 2.409121453762054 17.92972660809755 0.695009745657444 0.09388140588998795 0.6663988530635834 13.58904790133238 3.583773292601109 7.857000663876534 5.039175547659397 582.5162180289626 0 3.778281569480896 47.87832962721586 641.2197008877993 25.17766328155994 18.95386600494385 0 0.1034157872200012 6.374118432402611 17.34481915086508 1.834004908800125 100.6677525565028 4.779455862939358 40.97258708626032 19.77028212696314 56.07468073070049 2.537222743034363 5.216511622071266 0
1735.459360837936 0.9031220823526382 555.2978381291032 93.37252185493708 485.3536621779203 9278.810999527574 4172.949177950621 10044.42963989079 27.83378107845783 2051.374293968081 106.1711704432964 833.4852226451039 20.14907746762037 6344.302894949913 405.3909294754267 1.426846340298653 361.4521274641156 26.69102545082569 123.8871024549007 734.7391833513975 250.0398080423474 6.209684185683727 447.8239685073495 178.5306735411286 1.549472033977509 349.0489842444658 63.3622585311532 843.7050350010395 1324.134982831776 731.36633425951 1.320197835564613 69.767936617136 32.63001501560211 488.1595821008086 1.788607738912106 462.5905882865191 163.4170299172401 995.1600322499871 266.9331323355436 519.2994406372309 64.69985167682171 6.076725788414478 5.911756724119186 1.33961133658886 0.9789855852723122 4.277793988585472 2.674574457108974 0 0.2556832134723663 32.03962600976229 1.249206244945526 16.69277639687061 1.980921901762486 0 0 0.6113206669688225 0.9458182975649834 0 3.331411547958851 1.02897734194994 0 0 1.270699314773083 1.287000820040703 1.724987454712391 0.9173021614551544 42.41236761957407 0.1406845450401306 2.254042334854603 19.25644595175982 47.62869790196419 1.022933833301067 1.990880504250526 0.09670272469520569 0 0.3409174755215645 1.058618865907192 0 8.043277218937874 2.172856040298939 1.893977075815201 1.571722775697708 3.738084837794304 0.2827793657779694 0.2892389297485352 0
8.345463640987873 189.0758993551135 3.817310743033886 140.6015414521098 11.07434969395399 42.01550930738449 333.4183109551668 27.83378107845783 1246.868907086551 12.64568497240543 4.300051346421242 306.5050597786903 29.76686332374811 13.7000437527895 156.8843793869019 31.67936796694994 0.7027605175971985 0.183581106364727 1.38067976385355 158.2776178643107 8.580325685441494 3277.794455133379 31.14536235481501 7034.390765786171 66.90222067385912 13.73636824637651 313.7842955589294 820.9532858207822 89.07884890586138 44.0779949426651 1.695053309202194 0.2086035758256912 11.17703200876713 31.77750350534916 0.9184804111719131 855.8770128935575 92.31392254680395 68.90731136500835 31.96263962984085 350.7280949428678 5.513593956828117 5.230501338839531 3.726503729820251 4.652485124766827 0.9322921708226204 0.8450199738144875 50.2821252644062 0 32.81202629208565 191.836923211813 10.25983458012342 221.2502950578928 81.42152857035398 0 165.2183410152793 0 4.510068163275719 9.838673487305641 164.5255263000727 0.3373873308300972 0 0 145.2882182821631 33.96649841964245 98.99783536791801 17.87044284492731 1595.053055129945 0.1634427309036255 1.699896223843098 5.899699054658413 594.0136930495501 19.58935553580523 17.12390254437923 0 0 5.335763193666935 7.663478717207909 1.319036841392517 106.4474780857563 3.024220332503319 23.58206801116467 10.99371019005775 256.9768089801073 0.8463304489850998 0.7165955007076263 3.067735075950623
60.39036068320274 0.1797614246606827 19.40055195242167 2368.235986083746 10.08313245326281 3536.33245754987 5237.154720187187 2051.374293968081 12.64568497240543 10576.95591215789 2.132409177720547 3361.346814379096 1.909161925315857 249.009109556675 1.404775187373161 0.3647889569401741 3.837073400616646 1.039281912147999 3.183467455208302 7042.564662568271 12.94152542948723 0.8160624653100967 14.63881092518568 209.3205758631229 0.6115837171673775 14.83646155148745 4.602422848343849 2896.743994124234 406.7111495733261 14.09992828965187 0 4.838929198682308 33.55470319092274 133.1056913137436 1.893188059329987 435.5652295947075 8.514445379376411 196.9010870754719 93.30535849183798 52.83600258082151 24.02177307754755 1.784524329006672 6.831930100917816 0.6458199173212051 0 0 348.0923571884632 0.2312023788690567 0.721336156129837 12.11126963049173 0.6962933838367462 2.880332596600056 1.288081362843513 0 6.574110604822636 0 0.3863253742456436 0.142501026391983 0.2025135979056358 0 0 0 1.413554757833481 0.1299321055412292 0 0 21.47504864633083 0 0.1277390718460083 1.290407814085484 23.86644764989614 0.6531613990664482 0 0 0 0.7106756716966629 0.3360491469502449 0 3.595296949148178 0 1.551423229277134 0.5249136686325073 3.192401133477688 0.174001932144165 0 0
2.964938044548035 97.38996231555939 14.2949064001441 0.363790400326252 151.7108542472124 69.61813220381737 9.903251148760319 106.1711704432964 4.300051346421242 2.132409177720547 6797.285620309412 9.618286818265915 2478.666878812015 183.9112526923418 0.6368584185838699 1.47935027629137 103.1708660796285 3788.85198622942 1969.566613681614 2.634041763842106 2.233433723449707 52.03791842609644 9.471502475440502 5.801894471049309 951.43724925071 1774.072746366262 348.1037112697959 2.857820801436901 443.6194683909416 4.702431194484234 219.171347245574 160.3811865150928 1.009371384978294 7203.468859530985 1.149500347673893 541.7809487059712 4111.588546849787 3915.954226635396 660.7858366966248 14.05029778182507 260.4148820564151 848.486081160605 1.639430478215218 0 9.111354127526283 0 0 0 0.3131415098905563 1.904652118682861 0.1315071135759354 0.4733049720525742 0 70.34359156340361 0 769.1844002306461 0.1759749725461006 0.2179148942232132 0.1201125904917717 0.6363940238952637 42.32542540878057 7.232535764575005 0.1368159800767899 0 0.5943934395909309 0.2072967141866684 1.685636721551418 302.3816452398896 163.1676425784826 147.4792635813355 2.344196550548077 0.3796486034989357 0 62.93644464761019 0.5709109455347061 0 1.958458803594112 0.4588016718626022 26.29481089860201 412.8783887028694 14.94574517756701 2.331889845430851 0.5006237030029297 0.5401671081781387 144.8173217177391 0.1639471054077148
11.02183200418949 0.5199598371982574 5.863814547657967 786.5830478072166 87.23219648748636 1847.801072567701 785.4804702103138 833.4852226451039 306.5050597786903 3361.346814379096 9.618286818265915 2888.818630605936 3.857383333146572 170.3027848154306 753.7568974941969 0.1953843384981155 1.727058872580528 3.390985943377018 6.242151752114296 2083.994384221733 3.832066990435123 31.71971155703068 2.185658156871796 490.5980120450258 7.735110320150852 5.802165061235428 2.850556910037994 1326.148282431066 236.6272999644279 5.487582169473171 0.1986797749996185 10.97125075012445 4.289145015180111 135.368243701756 10.1241701990366 992.4506101310253 10.37079502642155 369.2580937445164 105.4673743769526 1227.476530462503 44.92329675704241 5.956090658903122 7.259582787752151 0 0 0.113151453435421 17.98413173109293 0.1159442290663719 17.53168488293886 38.92567115277052 2.760637834668159 156.7090859413147 26.29075555503368 0.1419592499732971 51.75170181691647 0 1.544956058263779 5.261745810508728 0.8765473887324333 0 0 0 35.44093672186136 0.6078548431396484 0.1808046996593475 0.2045328468084335 155.9805966317654 0 0 0.141064926981926 66.60468158125877 1.129064284265041 0.7354938238859177 0 0 0.8615428507328033 1.178489282727242 0 54.24292284250259 0 5.178836464881897 1.586054004728794 178.1136032640934 0 2.40464648604393 0
0.3087998479604721 429.7369737699628 5.248631842434406 2.24926920235157 59.33541069924831 16.12325336039066 6.470880657434464 20.14907746762037 29.76686332374811 1.909161925315857 2478.666878812015 3.857383333146572 2316.479618452489 17.63464802503586 0.5618275105953217 9.173553101718426 3.639412619173527 130.584938660264 35.58994301408529 3.380826458334923 4.278175599873066 282.138677880168 9.187191620469093 24.4026787802577 3893.476748742163 679.539293281734 3939.876606307924 8.368918381631374 59.63086542487144 2.962028354406357 912.350810430944 37.06376000493765 0.1750316321849823 527.9439744129777 2.580320298671722 1230.685872897506 5426.817675642669 3374.615937337279 634.5070716515183 52.40616059303284 145.9127951189876 952.2272551655769 6.172521665692329 0 26.87756175547838 2.637963645160198 0 0 0.6451700031757355 1.594013519585133 0.2960606291890144 2.448613658547401 1.135199159383774 122.4916380271316 0 1406.075750865042 1.064376451075077 0 0.5243906229734421 2.73603193461895 87.35065184533596 17.36535099893808 0 0.4215063452720642 1.786914296448231 1.411318205296993 1.037647716701031 555.4357062205672 360.2993694618344 294.4344490468502 1.486288517713547 0.4961618110537529 0.5810026377439499 122.4519997909665 0.9773956686258316 0 10.44758592545986 1.149640962481499 200.5113015249372 731.4102213159204 101.4303105920553 42.96459266543388 18.22960422933102 20.07868440449238 145.5657681301236 3.239880412817001
4238.944883882999 1.050638757646084 367.0362970232964 17.53124143928289 246.7596946060658 765.8601785600185 3306.453460693359 6344.302894949913 13.7000437527895 249.009109556675 183.9112526923418 170.3027848154306 17.63464802503586 5331.307340323925 12.32570222020149 1.370229713618755 272.5836469233036 44.92577321827412 161.4124715328217 83.47041886299849 185.8167677521706 4.730382405221462 315.787723697722 120.5089756697416 2.077725701034069 261.0117904022336 36.3039927110076 233.2663152813911 5284.196911476552 959.8912586644292 2.116591669619083 244.7304111421108 90.54835356026888 1464.052026420832 2.33190830051899 187.7449323832989 103.9803721010685 1160.651389651 152.7994049564004 66.45735595375299 39.80092139542103 6.698335751891136 2.057420700788498 0.492824912071228 0.4415254667401314 1.323301516473293 1.640295460820198 0 0 14.30824552476406 0.6382755637168884 8.663996748626232 0.1030853316187859 0.1206971406936646 0.2391320168972015 0.4425806105136871 0 0.5521746873855591 1.588102117180824 0.2144354283809662 0.1124254018068314 0.3171196579933167 0 0.8330312967300415 1.521083123981953 0.2304296717047691 22.29332964122295 0.4569762647151947 2.522946313023567 8.691293083131313 38.04483839869499 1.517916105687618 3.610000759363174 0.2211377918720245 0 0.1245418041944504 1.600825890898705 0 3.25286740809679 1.199124604463577 1.095619931817055 1.435162246227264 2.123401179909706 0 0.461383230984211 0
0.8708569705486298 0 0.7240297347307205 13.25215449929237 809.9191966056824 965.085387378931 9.532853543758392 405.3909294754267 156.8843793869019 1.404775187373161 0.6368584185838699 753.7568974941969 0.5618275105953217 12.32570222020149 284.6079307794571 0.5463272333145142 0.203340157866478 0.1097529381513596 0.5851378291845322 32.45794805884361 0 6.01551379263401 0.4876398295164108 202.1136681437492 0 0.3679349422454834 0.3311685621738434 8.910018995404243 12.01727835834026 0.4836872667074203 0 188.5739558637142 0 5.134224355220795 0 38.04530236124992 1.932731442153454 12.32296665012836 10.56106805801392 626.3496431112289 6.611826837062836 0 0 0.1524031609296799 0 0 0.4288136065006256 0 0 1.81655341386795 0.1894376873970032 9.754120975732803 0.5963885188102722 0 1.812543302774429 0 0 0.7977352738380432 0.2734105587005615 0 0 0 0.9192190170288086 0 0 0 6.760234266519547 0 0 0 2.885730914771557 0 0 0 0 0 0 0 2.611139893531799 0 0 0.1369744688272476 7.222572565078735 0 0 0
0.1021415814757347 176.017536021769 11.14051757007837 0.2720776349306107 0.1394215971231461 1.618420273065567 22.49565498530865 1.426846340298653 31.67936796694994 0.3647889569401741 1.47935027629137 0.1953843384981155 9.173553101718426 1.370229713618755 0.5463272333145142 1136.312888033688 2.545232757925987 0.4615826010704041 0.9227196350693703 0.09073895215988159 2130.178350187838 2044.550172135234 3369.48994781822 2276.058153137565 16.33634015917778 17.35780098289251 1712.290255002677 1090.380804598331 10.39408462494612 30.22125888615847 0.2319780215620995 0.148341178894043 11.67152976244688 62.50210717320442 44.33236192166805 1869.217791780829 780.484567143023 344.0144362673163 307.8015098273754 30.88460054248571 7.128965310752392 2.537025965750217 7.556306026875973 2.427323706448078 11.66532902419567 58.37789319455624 0 0 0.949503630399704 17.37891265004873 1.154587432742119 45.97762960940599 1.622176617383957 0 0.4791340157389641 0.1152947843074799 0.4625124409794807 0.9343809634447098 2697.599346362054 0.622519463300705 0 0 0.2838153839111328 169.7949702814221 882.395268574357 566.2779790088534 248.2678868770599 0 2.398872517049313 510.6342811957002 263.0832028761506 17.58663237094879 31.12902615964413 0 0 3.983802258968353 3.260185584425926 1.575108349323273 102.8122947067022 9.20030203461647 3.723660297691822 3.520019493997097 5.734893962740898 1.452341914176941 0 0.7017631679773331
283.521391145885 71.96608281880617 4113.203221164644 0.7631334364414215 5.359277002513409 27.59194651991129 98.11773505806923 361.4521274641156 0.7027605175971985 3.837073400616646 103.1708660796285 1.727058872580528 3.639412619173527 272.5836469233036 0.203340157866478 2.545232757925987 2932.871230952442 93.79456538707018 2551.123786881566 0.7900470793247223 943.4200294986367 29.81662229448557 5051.175413392484 21.55214508622885 4.018015697598457 2647.168655216694 2174.15025947988 52.31777743250132 1007.305367462337 1088.925197251141 1.791571974754333 3.623527489602566 57.69146668165922 2684.266005955637 6.317356154322624 565.7800728008151 3662.150640904903 1478.996821194887 423.9213043227792 5.826071731746197 4.077100716531277 8.452016167342663 0.8995848521590233 0 12.23858566582203 11.62649969011545 0 0 0 1.014537788927555 0.08365235477685928 0.6687984466552734 0 0.3172550350427628 0 1.1056107878685 0.2091038003563881 0 1.595084629952908 11.01013058423996 0.5626760423183441 7.746157348155975 0 0.1980831548571587 0.4988020434975624 1.825487643480301 1.537311919033527 1.567430280148983 71.9528431892395 140.2982313483953 2.546828791499138 0.1557545810937881 0.2830608114600182 0.213961161673069 0 0.3232168853282928 1.382240749895573 0.2294692993164062 8.271849535405636 70.19334214180708 3.262552738189697 0.697833240032196 0 0 0.09973113983869553 0
2.943688377737999 4.285361371934414 28.32955430448055 0.1010517999529839 26.24137638509274 14.15538269281387 3.764165282249451 26.69102545082569 0.183581106364727 1.039281912147999 3788.85198622942 3.390985943377018 130.584938660264 44.92577321827412 0.1097529381513596 0.4615826010704041 93.79456538707018 391.3136070147157 3052.535014122725 0.8935334160923958 1.77387111634016 1.48180079460144 12.50957863777876 1.423130698502064 49.81620288640261 3184.974081270397 501.0199574381113 1.190082170069218 79.11646228283644 6.083741508424282 85.46840418875217 25.28305068612099 0.5383424460887909 1112.882131122053 2.4421062245965 411.0345970541239 925.8990968987346 1071.737918637693 290.7767759561539 1.714642688632011 15.41744638979435 19.39999237656593 1.008930645883083 0 1.729162245988846 0.2752705812454224 0 0 0 0.4747969582676888 0.1712666377425194 0 0 12.38970547914505 0 57.09001658856869 0.07412701845169067 0 0.2214939221739769 0.8753998503088951 23.0045560002327 12.29932246357203 0 0.1667236536741257 0.231756292283535 0.1121477037668228 0.7104469686746597 13.94871041178703 106.2118803113699 122.7930101454258 0.4700612053275108 0 0.1229546666145325 20.83849423378706 0.08671557158231735 0 0.6697561591863632 0.2716045454144478 11.8781228736043 44.38411248475313 3.41549002379179 0.4350746423006058 0 0 3.146538704633713 0
52.03354028612375 33.13276449590921 515.4694993272424 0.1803027093410492 40.73550389707088 36.12629006057978 30.78142488747835 123.8871024549007 1.38067976385355 3.183467455208302 1969.566613681614 6.242151752114296 35.58994301408529 161.4124715328217 0.5851378291845322 0.9227196350693703 2551.123786881566 3052.535014122725 2693.865726388991 1.714131839573383 52.86562131345272 4.420086868107319 430.2734015807509 9.040872186422348 14.73701287806034 7340.989515446126 1154.130859553814 12.61619130522013 326.4339332655072 136.6007048040628 17.65140461176634 53.31111489981413 9.172429986298084 3167.383717797697 10.30108059942722 1076.013106144965 2153.649920344353 3306.758398659527 902.7265378013253 5.44699914008379 17.59565826505423 24.47914724051952 2.314316399395466 0 19.84334741532803 2.914090909063816 0 0 0 1.224651671946049 0.175405353307724 0.2188024669885635 0 1.947314724326134 0 10.4873513802886 0 0 0.3105067387223244 16.75050723552704 7.269074380397797 42.82321825623512 0 0.6439902111887932 0.9137335568666458 1.098301142454147 1.123922996222973 6.722165666520596 224.3479370474815 231.1513932719827 2.735888496041298 0.1806885078549385 0.4340106546878815 3.463863752782345 0 0 3.076192609965801 1.823999971151352 22.14157147705555 103.4837883189321 8.422326721251011 1.500728033483028 0 0 1.031240597367287 0
7.709209725260735 0 0.5057457014918327 1460.762301497161 15.38397245109081 954.1528430953622 1315.954214759171 734.7391833513975 158.2776178643107 7042.564662568271 2.634041763842106 2083.994384221733 3.380826458334923 83.47041886299849 32.45794805884361 0.09073895215988159 0.7900470793247223 0.8935334160923958 1.714131839573383 1019.500121407211 4.402288317680359 2.303093954920769 1.741255648434162 359.1455599889159 1.038040786981583 0.7638271674513817 0.9961456507444382 1040.94680441916 177.5919665768743 3.425190448760986 0.1207846403121948 4.577490001916885 8.228175282478333 111.8356972634792 1.504595324397087 758.1344326287508 7.030916631221771 240.9924998283386 88.3929128497839 311.0618080496788 38.75405510514975 2.473040834069252 13.78363381326199 0.4216264486312866 0 0.1666905730962753 114.6027325764298 0 9.374248452484608 86.06597031652927 6.817174196243286 56.74799607694149 27.84134238213301 0 20.38114202022552 0.1088372468948364 1.458620131015778 2.192056953907013 0.1920919269323349 0 0 0 25.33748818188906 0.3454816043376923 0 0 210.958425194025 0 0 0.6955052763223648 144.6204351484776 2.767088823020458 0.4244962930679321 0 0.2032163590192795 0.6897570341825485 2.944717541337013 0.5699737071990967 38.27367093414068 0.3116932511329651 7.73982472717762 4.137218773365021 114.6793702319264 1.383414000272751 1.800854027271271 0
177.9362565204501 5.148914806544781 608.3664597272873 0.999658428132534 2.662141963839531 30.50127585232258 571.1217371299863 250.0398080423474 8.580325685441494 12.94152542948723 2.233433723449707 3.832066990435123 4.278175599873066 185.8167677521706 0 2130.178350187838 943.4200294986367 1.77387111634016 52.86562131345272 4.402288317680359 11325.70019884408 73.80788046866655 12544.47540711612 724.7507416680455 1.955488294363022 91.11715623736382 883.0529493242502 6672.338294439018 169.1416269168258 6171.60063059628 0.09491608291864395 1.717172518372536 18.55464472621679 2781.127632439137 155.495395489037 5134.221222512424 661.7726929634809 4531.703731529415 1910.910306535661 109.0382473021746 54.53786503523588 7.478173293173313 31.61899338662624 3.436738722026348 0.1061705648899078 3.872133158147335 0.4039249420166016 0 0.4432007521390915 14.90980505943298 0.1025155708193779 22.3087210059166 0.113549530506134 0 0 0 0.1099786683917046 0.6394196748733521 316.1203111186624 0.6494325026869774 0 0.08228317648172379 0 80.2123664394021 75.88140005618334 43.35058555752039 107.0068099275231 0 1.072526000440121 19.46798242628574 133.9345105811954 14.93732512742281 25.70360238105059 0 0 6.932984545826912 3.470676176249981 9.813324093818665 22.36158639937639 2.195861168205738 2.121463678777218 3.010624058544636 2.956955477595329 0 0 0.09794630110263824
4.107609033584595 1861.387480452657 26.46109785139561 3.619340509176254 0.1320769637823105 0.9066672921180725 47.04188751429319 6.209684185683727 3277.794455133379 0.8160624653100967 52.03791842609644 31.71971155703068 282.138677880168 4.730382405221462 6.01551379263401 2044.550172135234 29.81662229448557 1.48180079460144 4.420086868107319 2.303093954920769 73.80788046866655 2789.94360794872 212.3044150471687 6371.144130155444 824.7351698875427 95.56139548122883 3196.2472968027 262.6191408336163 16.01191040128469 10.13272318989038 8.641091622412205 0.1972377896308899 1.7560755610466 57.57367847114801 1.805741250514984 150.157883644104 41.73109059035778 137.2164952605963 49.82885271310806 68.00597141683102 1.635764196515083 55.49429286271334 0 0.1994150727987289 43.05312629044056 106.9374495446682 0 0 0 9.80988859385252 0.2706168442964554 77.36217509955168 0.3050534427165985 0.3890415281057358 9.173932328820229 3.106046117842197 0.4020135998725891 0.784542441368103 1068.451554365456 1.259371928870678 0.3562707975506783 0.8711817488074303 0 41.02781251817942 365.0051904097199 239.6995272412896 216.2427736073732 4.285128206014633 10.16151989996433 1121.723812997341 96.14408602565527 3.882107861340046 6.194453544914722 0.5255117267370224 0 1.218493536114693 1.835517063736916 0 23.65830092132092 14.55997461825609 3.760976299643517 2.41989728063345 4.255744025111198 0 0.7663307636976242 0
268.2808450460434 25.04637957364321 6221.795780599117 2.172881923615932 4.552517615258694 43.06713363528252 685.5547908991575 447.8239685073495 31.14536235481501 14.63881092518568 9.471502475440502 2.185658156871796 9.187191620469093 315.787723697722 0.4876398295164108 3369.48994781822 5051.175413392484 12.50957863777876 430.2734015807509 1.741255648434162 12544.47540711612 212.3044150471687 12974.23818064481 563.6464739218354 2.559855885803699 1317.801717638969 5934.850237540901 2844.369376279414 354.9792830869555 2527.146706648171 0.3473669439554214 2.725892253220081 18.35153242200613 2349.848528534174 281.4372472465038 9354.142910942435 7203.238082163036 5786.276463918388 3339.159139879048 146.4453728348017 57.16913642734289 12.02166453003883 36.08538481593132 1.275476567447186 6.912948437035084 158.4794829785824 0 0 0.5975318849086761 10.00533799827099 0.3679163753986359 10.89877367764711 0.72026327252388 0 0 0 0.3894504904747009 0.593681812286377 1055.840779691935 2.758105844259262 0 1.280935429036617 0.1220602244138718 34.17067750543356 332.4560291394591 270.633205331862 67.00505189597607 0.7089868411421776 12.16648439317942 810.1283484697342 69.98012706637383 1.60502053052187 5.198742225766182 0 0 0 1.855557970702648 15.16597644984722 71.41672252863646 19.08316594362259 4.761869661509991 6.303291589021683 2.6272993683815 0 0 0.3069669455289841
73.33296708762646 163.154485963285 119.8118359968066 408.0091776922345 23.35336484760046 110.6463983356953 1625.914550505579 178.5306735411286 7034.390765786171 209.3205758631229 5.801894471049309 490.5980120450258 24.4026787802577 120.5089756697416 202.1136681437492 2276.058153137565 21.55214508622885 1.423130698502064 9.040872186422348 359.1455599889159 724.7507416680455 6371.144130155444 563.6464739218354 10496.49524534494 44.64700658619404 73.84794629365206 1273.2897503227 8537.062080293894 1075.889628849924 339.9715920090675 0.7851962819695473 6.432444795966148 257.8690324276686 439.1255048066378 18.26671490073204 2128.703918419778 82.40034661442041 655.8941388130188 395.651381328702 484.5393791869283 54.54222289472818 5.882406055927277 19.15532848238945 24.22328566759825 1.277937777340412 9.301668368279934 91.11795579642057 0.3817338794469833 55.04335184395313 863.6329699978232 48.75949712842703 1036.07979824394 157.3309868052602 0.5320524573326111 168.7817019298673 0 21.65325172990561 7.848451256752014 515.4052707999945 2.656788505613804 0.5487189143896103 1.326854914426804 157.3352511078119 124.1290576308966 207.3604470491409 63.54797133803368 2680.751061946154 0.1843878179788589 3.919885568320751 64.0405196622014 2201.927282474935 97.34036330878735 112.3602132275701 0 1.606437250971794 22.53687167167664 46.38526173681021 2.121898323297501 276.9105575531721 6.372525654733181 100.1194250658154 45.35251544415951 437.09530608356 2.8042356595397 10.4692485332489 3.915692538022995
0 1605.76373475045 2.505483850836754 9.981920264661312 3.414073146879673 0.9080344066023827 2.866824708878994 1.549472033977509 66.90222067385912 0.6115837171673775 951.43724925071 7.735110320150852 3893.476748742163 2.077725701034069 0 16.33634015917778 4.018015697598457 49.81620288640261 14.73701287806034 1.038040786981583 1.955488294363022 824.7351698875427 2.559855885803699 44.64700658619404 1317.846089221537 873.3353648632765 5185.667533397675 4.937866687774658 5.102318927645683 0.5512186884880066 543.2395393922925 3.653641618788242 0.5172587335109711 163.3737582564354 0.2103666961193085 520.3775136247277 584.3717356920242 714.8711108639836 257.5366221815348 69.08235075324774 71.27589044719934 647.4575162678957 1.983527541160583 0 80.78900273144245 2.340329743921757 0 0.1976858302950859 0 0.3551028594374657 0.205138310790062 5.097240507602692 0 47.87943451106548 0 549.6578773260117 0.2656332850456238 0 0.9688813239336014 4.821626737713814 57.69155552983284 35.31628084927797 0 0.2954623103141785 6.87515227496624 1.607128657400608 1.891200169920921 139.9052503705025 511.9588462486863 764.9596769958735 0.6391804069280624 0.4408690482378006 0.2195559069514275 58.61635938286781 0.1062831357121468 0 5.438987798988819 0.2427819073200226 207.1938868388534 120.7392666861415 28.2887058109045 33.74259282648563 12.37830498814583 6.382273942232132 54.84284114092588 0
138.4612530991435 281.8240280896425 9330.389184169471 2.211659848690033 32.93174479156733 60.39627953618765 309.2444235906005 349.0489842444658 13.73636824637651 14.83646155148745 1774.072746366262 5.802165061235428 679.539293281734 261.0117904022336 0.3679349422454834 17.35780098289251 2647.168655216694 3184.974081270397 7340.989515446126 0.7638271674513817 91.11715623736382 95.56139548122883 1317.801717638969 73.84794629365206 873.3353648632765 33431.42819185555 8993.61252886802 73.57412326335907 386.5205850452185 203.4520696923137 667.7219167500734 30.19114084541798 13.29220690578222 1161.468178376555 17.81341959536076 2616.734183862805 7994.675794817507 3885.249814763665 1280.687752395868 15.83048939704895 19.11048371344805 95.29751684516668 6.446957960724831 0.9841641932725906 354.2345251366496 60.36427632719278 0 0 0.423752062022686 4.910756476223469 2.944552809000015 1.277351543307304 0 103.3275086060166 0.318840429186821 560.6517887189984 1.504535347223282 0 1.729808248579502 160.334885969758 321.2142425402999 508.9925913587213 0 1.627118356525898 14.44762951135635 11.87086816132069 2.489645816385746 238.6223116368055 3182.552930615842 3054.507821835577 2.85755830258131 1.287002556025982 4.187534004449844 207.6163630783558 0.3049615547060966 0 37.77616219967604 2.820719659328461 83.25630175322294 1180.103066034615 99.79118925333023 16.63864473998547 1.325608476996422 0.3742074966430664 26.1131778433919 0.2846370339393616
23.62046106904745 6319.480104073882 6432.627532728016 0.8985292017459869 6.669870145618916 16.7121342793107 242.9898076876998 63.3622585311532 313.7842955589294 4.602422848343849 348.1037112697959 2.850556910037994 3939.876606307924 36.3039927110076 0.3311685621738434 1712.290255002677 2174.15025947988 501.0199574381113 1154.130859553814 0.9961456507444382 883.0529493242502 3196.2472968027 5934.850237540901 1273.2897503227 5185.667533397675 8993.61252886802 33514.64539102465 1186.086636796594 68.23992785811424 55.2696461006999 527.407188616693 8.498966820538044 5.130848877131939 2377.320839554071 122.3146516755223 6021.965320363641 7436.663977026939 5844.587171107531 2303.535307653248 64.67661724239588 21.01858263462782 47.17662467807531 6.768555648624897 3.304013766348362 1842.882626183331 1292.116289868951 0.09100250154733658 0.2000189125537872 0.6867447718977928 20.89963119477034 8.733206130564213 14.86950726807117 1.64319996535778 67.04942151904106 0.1159344017505646 288.6405846998096 6.09455668926239 0.315422385931015 402.3571516498923 380.1768549159169 230.7268380150199 449.7190870642662 0.107301376760006 14.72070210427046 563.4927143380046 233.1805378496647 45.09682075679302 378.2042738124728 3646.052431181073 10639.04424809664 48.96615808457136 5.172116488218307 10.6838560551405 118.7275310605764 0.2002157643437386 0.631651371717453 75.80795959383249 12.83533806353807 196.8389186188579 1604.221019499004 203.1075856611133 50.95020578056574 4.246078476309776 0.3833951652050018 16.70656676590443 0.211211197078228
131.7959199845791 16.73236348479986 265.255392447114 2015.092537380755 31.09235710650682 1254.662077382207 12684.19305290282 843.7050350010395 820.9532858207822 2896.743994124234 2.857820801436901 1326.148282431066 8.368918381631374 233.2663152813911 8.910018995404243 1090.380804598331 52.31777743250132 1.190082170069218 12.61619130522013 1040.94680441916 6672.338294439018 262.6191408336163 2844.369376279414 8537.062080293894 4.937866687774658 73.57412326335907 1186.086636796594 16435.67818864435 1351.515957400203 9807.387346342206 0.3682705387473106 8.186457961797714 330.5161234736443 1136.590058356524 52.95123777538538 3846.239693202078 169.5892531499267 1396.052920341492 749.1368118822575 244.5980792716146 82.61657080054283 9.964519269764423 32.63628696650267 24.12842959165573 0.6739941984415054 6.69600360840559 46.17342050373554 0.4038203209638596 19.89766671508551 640.9285163357854 29.02632857859135 347.1640699207783 45.56430209428072 0.07417596131563187 20.54657452553511 0 14.02080130577087 2.140604317188263 406.291509360075 3.26803120225668 0 0.8116860538721085 24.34323205053806 123.2109436020255 111.2841651290655 46.20034098625183 1408.162662610412 0 2.849231891334057 34.75408773869276 1628.466507293284 96.03458148241043 118.7998125627637 0 1.219564542174339 25.02460934221745 38.89462593197823 4.61114014685154 200.6886756569147 5.042189218103886 81.06536547839642 44.30645840615034 157.3045326694846 2.764193288981915 6.769295610487461 2.158790066838264
3231.144747011364 0.5172209739685059 311.0896497815847 81.30752869695425 82.69751392304897 490.330216832459 1900.051337733865 1324.134982831776 89.07884890586138 406.7111495733261 443.6194683909416 236.6272999644279 59.63086542487144 5284.196911476552 12.01727835834026 10.39408462494612 1007.305367462337 79.11646228283644 326.4339332655072 177.5919665768743 169.1416269168258 16.01191040128469 354.9792830869555 1075.889628849924 5.102318927645683 386.5205850452185 68.23992785811424 1351.515957400203 16704.03769081086 4275.279929056764 4.313581511378288 903.3701389953494 3769.230547502637 3072.373810179532 2.568779602646828 382.9726868495345 213.2698068395257 2166.300737023354 598.4343365728855 100.7887430265546 83.55170978605747 24.58517517894506 9.83223182708025 2.038315802812576 0.4619683176279068 0.7978844717144966 2.128890290856361 0 0.7796521261334419 51.85091114789248 1.811571896076202 31.27225068211555 1.076335176825523 0.1080636754631996 1.100918531417847 0.6145179271697998 1.605622805655003 0 32.88417913764715 0 0.09376098960638046 0.6086632609367371 1.571203544735909 12.24312674254179 8.703051343560219 3.806246176362038 120.9960648044944 0.4215245470404625 3.204397827386856 5.033386394381523 181.7785757780075 10.42928986251354 18.79822709411383 0 0.08485018461942673 5.382458336651325 3.751364685595036 0.3919765651226044 27.6195597872138 1.931260831654072 9.253210224211216 6.178388372063637 4.310896344482899 0.125169113278389 0.5025594383478165 0.1729792654514313
