1901.150069050491 0.2261180877685547 192.6066440418363 14.02364735305309 0.2857910245656967 26.64593573659658 1350.555831000209 286.0236639752984 8.491793356835842 185.6454574763775 23.47453693300486 9.646848142147064 0.5569890588521957 5427.636365219951 0.1967171877622604 0.3429857492446899 388.6570015922189 19.94242747873068 151.5040447711945 8.26996012032032 411.2833105772734 0.5937765836715698 557.5942831709981 100.9470258280635 0.1143197640776634 81.58909279108047 26.01505978405476 154.9874522089958 4892.736489340663 3798.660734578967 0 9.065500564873219 65.13856948912144 236.3012684509158 2.726466745138168 148.1291181370616 20.20412061363459 133.537628762424 26.55161398649216 8.378174267709255 3.900948733091354 0.1572987735271454 2.044294387102127 0.3310281410813332 0 0.4548904821276665 0.4360793679952621 0 1.296161264181137 14.25375963002443 1.540350630879402 1.42786280810833 2.356495708227158 0 0.5971927791833878 0 0.1284940987825394 0 1.289006784558296 0.1229901909828186 0 0 2.763020604848862 2.216044723987579 0.2554025053977966 0 8.510083988308907 0 0.4740732535719872 1.081988319754601 18.15031215548515 2.372024655342102 4.573130451142788 0.163939043879509 0 0 0.9486844092607498 0 3.857484705746174 0.2241661846637726 0.7781805992126465 0 4.339164406061172 0.3102283477783203 0 0
0.2261180877685547 249.8930249363184 108.8955002427101 0.1166077852249146 0.4065251350402832 1.398598894476891 15.98579151928425 1.771197892725468 445.297270834446 3.61908720433712 650.1166392341256 8.440806038677692 1052.284815117717 2.573849782347679 4.535655125975609 34.75235127657652 152.9859499409795 30.62056636810303 82.43053060024977 0.3843300342559814 1.213074594736099 1427.846868380904 33.96241118013859 537.9875439032912 1526.700465038419 970.3330751955509 5800.134286679327 19.33662734925747 1.029335722327232 0.404200367629528 88.43412360548973 0.7540528029203415 0.2298320382833481 176.6598557680845 3.730131186544895 91.93547285348177 322.2634349241853 323.3972134888172 71.21209426224232 4.798987507820129 0 148.1088580042124 0.1734163016080856 0.2715964168310165 161.9762869477272 153.6138441413641 0.2116625383496284 0 0 1.893847100436687 0.1214380785822868 2.043608479201794 0.6420085951685905 7.501585803925991 0.1175601482391357 23.08320000767708 0 0 1.44788134098053 32.63369058817625 3.318851090967655 35.41863419115543 0 0.1422916799783707 14.26223078370094 6.087412394583225 5.170570977032185 36.55910853296518 501.5999894365668 1703.524175554514 1.348364420235157 0.1209677830338478 0 3.977894671261311 0 0 8.647188812494278 0.6721660196781158 13.91581071168184 30.1438600346446 23.15107452869415 5.153037890791893 0.7432692646980286 0 3.018068552017212 0.6310635209083557
192.6066440418363 108.8955002427101 4925.90684825927 4.284732334315777 0.1593420207500458 10.51092281192541 1262.757901400328 229.0525710955262 2.072862133383751 57.58305291086435 16.35040555149317 0.9509366154670715 0 1158.976356498897 0 15.35808607190847 3392.979486770928 102.2420681566 726.4948062077165 0.5565588921308517 779.2134741991758 27.12306194752455 14120.8050263375 15.65640857070684 0 4417.032593786716 4031.190459348261 433.0656746774912 46.49372095614672 548.9744775369763 0 2.627827040851116 2.987150780856609 1369.393644325435 19.18016605079174 802.8415188118815 3013.175443254411 1275.757787592709 462.0658757910132 28.46473525464535 2.500850200653076 2.30332987010479 2.937066555023193 0.8415041193366051 149.3878834396601 1058.011197164655 0.0965876579284668 0 0.1124498173594475 19.06092831492424 1.089761398732662 0.7407233268022537 1.381735399365425 0.5225607305765152 0 0.6223707795143127 5.84914742410183 0 32.72866316139698 130.7050332650542 0.238122746348381 18.40588119626045 0 22.1747337654233 66.38507555425167 304.9747861251235 10.91041515767574 0 225.7810166552663 1914.391423515975 12.75612019002438 1.646098554134369 10.98996526002884 0 0.1775942146778107 0 45.61381254345179 7.635044768452644 96.20006614178419 100.6503802537918 112.8763343170285 37.85917039215565 1.246033877134323 0.2798532843589783 0 0.9910562634468079
14.02364735305309 0.1166077852249146 4.284732334315777 3438.702688321471 2.855762422084808 97.68565066158772 168.6288232430816 62.49415748566389 802.7670302987099 4430.443022437394 4.666058108210564 1662.128108300269 0.3388321623206139 61.08740273863077 38.10551399737597 1.905343107879162 1.989063300192356 0.9417235255241394 1.755583323538303 4614.518346212804 2.064748428761959 5.352543517947197 2.572031356394291 1541.132549911737 0 3.23960143327713 9.667904779314995 2017.731515072286 77.34204994142056 2.274458341300488 0 3.582915157079697 7.215126641094685 33.00248403847218 2.100671708583832 133.2575628831983 7.99806847423315 56.73561152070761 9.634751558303833 96.94582824409008 1.501546785235405 1.300659894943237 0.6396337151527405 0.2362098395824432 0.9611136764287949 0.312908723950386 176.0971014723182 0 42.00302990525961 124.5202495455742 31.21930035203695 236.621902808547 380.4219305068254 0.542368620634079 192.7550047188997 1.898963928222656 16.43538749217987 10.74533635377884 0.6892969384789467 0.2174633741378784 0.2325865775346756 0 280.6301928758621 0.8587528541684151 20.49033930897713 0.1638356000185013 407.4823736175895 2.192916393280029 0.4497270211577415 2.986615635454655 320.7229059040546 7.38153949379921 0.5778478980064392 0 0.08822044730186462 0 3.69022773206234 0 6.092039667069912 0.3988620713353157 7.077973283827305 0.520138293504715 43.17716535925865 0.6740307211875916 1.434257194399834 0
0.2857910245656967 0.4065251350402832 0.1593420207500458 2.855762422084808 131.0647909343243 567.449744746089 7.218244083225727 104.6164968162775 124.2530606016517 16.54210287332535 150.9139407202601 50.90434896945953 3.172693118453026 16.4893733561039 1048.797162853181 0.4917069897055626 0.2558416053652763 16.49550924450159 9.068408906459808 3.872913919389248 0.8320230394601822 2.025454923510551 0.704758457839489 12.02897822111845 0.5206546783447266 15.43007680028677 4.377685964107513 7.72772403806448 16.69926714152098 2.999572932720184 1.010501272976398 70.3852170035243 0.1413821876049042 592.0044364407659 1.024843126535416 290.1730360686779 27.30387050658464 618.6049387454987 193.328511364758 1701.149825751781 237.3420613780618 3.686036616563797 1.037179604172707 0.9444329738616943 0 0 0.673567607998848 0.3917507529258728 0 3.057491153478622 0.6968001127243042 1.342051133513451 0.2563387677073479 0.09895238280296326 0 0.2055992633104324 0.6187635660171509 0.2870024144649506 0.5456536412239075 0 0 0 1.428510308265686 0 0 0 0.7647838890552521 0 0 0.1249467432498932 4.461077764630318 0 0.3838450610637665 0 0 0 0 0.3785321414470673 8.654983758926392 0.4208353012800217 0 0 0.8909994959831238 0 0 0
26.64593573659658 1.398598894476891 10.51092281192541 97.68565066158772 567.449744746089 10309.44680503011 2112.081628710032 6977.920676656067 150.9006727859378 4424.17041683197 95.01557216048241 5590.30432280153 3.860633373260498 1013.580258615315 2560.301448144019 2.847556486725807 4.563039608299732 14.82288266718388 8.943090669810772 452.1650993674994 5.319077715277672 8.528393931686878 18.18720228970051 143.6557717323303 0.5429129377007484 18.28148946911097 33.71094346791506 516.8898214623332 203.2629485726357 19.46834687143564 0.2917255237698555 202.949507676065 8.22105784714222 259.6978590339422 3.773434057831764 734.8949299231172 57.91853730380535 539.6463439390063 204.3043969646096 2505.514341011643 193.3690415471792 8.115381129086018 4.780230790376663 1.446997046470642 0.1291732639074326 0.2980451583862305 13.83927121013403 0 8.386300906538963 73.98759569227695 15.30928807705641 20.33921497315168 52.23456665873528 0 20.98851723968983 0 10.16736035048962 5.811755985021591 0.8144907131791115 0 0.1035660356283188 0 38.12277574837208 1.318714432418346 1.753734387457371 0.9586414620280266 51.50191195309162 0.1056181043386459 0.08145427703857422 1.284636966884136 83.68444748967886 3.393281579017639 4.033506371080875 0.1908975467085838 0.08886604011058807 0.1700588762760162 1.037924043834209 0.8251964896917343 30.12918637692928 0.7281405478715897 4.422739312052727 1.304789587855339 10.45836885273457 0.09576860070228577 0 0
1350.555831000209 15.98579151928425 1262.757901400328 168.6288232430816 7.218244083225727 2112.081628710032 27122.14016952366 2045.716441556811 246.602466635406 12775.54433079809 41.21965675055981 44.58787050843239 0.9525652602314949 9114.747498355806 7.775933362543583 85.78125068545341 291.2216883078218 30.36675116419792 118.8616964370012 16.69617738574743 1307.938207939267 122.5730358362198 1782.074425593019 1279.385942600667 0.679573729634285 270.210988432169 812.7817885950208 11248.18014039099 1242.39668802917 7227.641899362206 0.3074203059077263 38.39998427778482 196.8639304935932 378.2218850404024 26.13046649098396 1081.825517386198 105.8418348506093 826.2941005825996 232.9281409010291 78.00819391012192 17.47156933695078 4.002138137817383 9.361176878213882 9.553549662232399 1.774484783411026 11.6189691349864 24.29055272787809 0.1643650680780411 21.82447968423367 456.7700521200895 74.09685960412025 74.45344518125057 139.5047548040748 3.267810940742493 60.49624420702457 0 61.46398545056581 1.258440017700195 21.6996635645628 0.8382215648889542 1.05556820333004 0.8350282609462738 68.4533671066165 19.07774940133095 14.34276849776506 23.79837837070227 237.5251854509115 0.1187743321061134 3.230323545634747 63.55376298725605 409.0998905599117 22.98248468339443 52.21705886721611 0.09397856146097183 1.070302791893482 0.2436564937233925 8.626255221664906 5.121919088065624 53.21954714506865 1.575650677084923 25.1287843734026 3.086633279919624 48.53495793044567 2.399067886173725 0.3939786404371262 0.3229683935642242
286.0236639752984 1.771197892725468 229.0525710955262 62.49415748566389 104.6164968162775 6977.920676656067 2045.716441556811 9427.697745837271 291.5926810279489 4195.659746475518 332.725739210844 1993.312357798219 8.133674219250679 8657.308071732521 200.0959435626864 5.000202298164368 149.8009177818894 56.5584829300642 97.58410056680441 380.0828899145126 162.6614296808839 9.274424582719803 162.5784035623074 375.5647790953517 5.937842510640621 96.33745034784079 48.37767706811428 471.9917167052627 1450.969317004085 339.86362092942 1.98814245313406 824.4075273424387 4.238662041723728 664.5456558689475 2.411434106528759 899.8253522515297 134.3201356828213 1027.278840973973 279.6697880774736 774.1740871667862 135.680370554328 10.11925753951073 3.371393226087093 3.947390079498291 0.1745445430278778 0.257518969476223 16.90107136964798 0 12.68248007446527 343.476500891149 43.64105489850044 62.47719767689705 88.52448336780071 2.331666059792042 33.91162702441216 1.156594447791576 39.08575051277876 2.840088129043579 3.197939865291119 0.2772976532578468 0.4299363195896149 0.3682834208011627 59.1115663126111 3.420239090919495 0.5930602550506592 2.006811805069447 158.5770606547594 0 0.6157153099775314 4.030942931771278 279.5651007220149 15.3477031365037 22.26058069616556 0 0.6455487757921219 0.329568587243557 4.548206716775894 0.5070711597800255 58.83701936900616 2.891981936991215 15.26669781655073 2.411747887730598 32.50745725631714 1.078560307621956 0.129593625664711 0.4842062294483185
8.491793356835842 445.297270834446 2.072862133383751 802.7670302987099 124.2530606016517 150.9006727859378 246.602466635406 291.5926810279489 504.6825443431735 360.5954636707902 32.70094628632069 749.6959759891033 114.9945023581386 267.3715841844678 1824.497403353453 236.4106175750494 6.118412390351295 7.50504158437252 3.893147818744183 394.292724981904 61.20570839196444 2186.600198879838 53.21729942411184 6148.908562101424 193.4194947108626 133.2774881646037 607.6652456671 1557.353012397885 64.87351262569427 54.63304220885038 23.11616843193769 7.80427759885788 3.309359982609749 47.29214537143707 2.382440328598022 368.3969079405069 52.53975541144609 100.3074091225863 20.0312230810523 615.6477506160736 12.71280477941036 1.387738727033138 0.09103737771511078 8.687406219542027 2.136106133460999 2.051557317376137 144.4188068211079 0.3871910870075226 20.52428440004587 309.9275836721063 40.72095061093569 203.9804310277104 161.197438493371 2.941367022693157 57.29857785999775 3.82326053828001 49.93652876466513 20.87246498465538 634.8215663582087 0.6104054301977158 0.6727194786071777 0.7888070940971375 137.873435087502 188.3852303922176 22.33335065841675 137.8707492724061 1153.868778653443 1.734292834997177 6.640986382961273 20.523562066257 819.9562008306384 20.92236211150885 95.34995292127132 1.632322162389755 0.999367468059063 0.5831110775470734 3.270048961043358 0.7929025441408157 42.98002501577139 9.964880615472794 16.22508079558611 3.55046071857214 64.40771641582251 2.482991188764572 0.6063485890626907 0.3825432360172272
185.6454574763775 3.61908720433712 57.58305291086435 4430.443022437394 16.54210287332535 4424.17041683197 12775.54433079809 4195.659746475518 360.5954636707902 30105.6643057242 85.80752960592508 4352.313492015004 4.794239088892937 1966.69661064446 20.7896710857749 5.617729745805264 12.8519145399332 32.4860917031765 31.00791253149509 3041.496800422668 36.58510459959507 21.45992860943079 53.23915188014507 878.6287929266691 0.4625911489129066 55.20278239995241 94.98663637042046 7203.776096791029 1173.791700921953 20.27036640793085 0.6155390366911888 64.94710195809603 43.61076248437166 446.9958842471242 17.0622975230217 1034.334630377591 63.99333602190018 1032.317569024861 122.4531930908561 99.45036747306585 31.46667187660933 3.885637395083904 13.45817906409502 2.24578595906496 0.338214173913002 1.015070185065269 210.6369872614741 0.1318772584199905 76.54554938524961 353.6034444868565 85.72834312915802 173.7191741764545 618.3378142118454 2.256489552557468 169.2058953344822 0.1255598664283752 53.99020303785801 13.42008527368307 4.304391793906689 0.1519720405340195 0.3654623106122017 0.8289021179080009 357.1610168665648 2.882946260273457 1.956695735454559 4.626593664288521 434.4418257921934 0.13553386926651 0.6835210621356964 5.935440748929977 476.2140542566776 17.50858400762081 4.6592927724123 0 0.6709087044000626 0.2736655920743942 9.520466469228268 1.616029739379883 34.92538269609213 4.077451415359974 16.63011945784092 3.249438859522343 40.95075735449791 1.718280471861362 5.721328377723694 5.929050266742706
23.47453693300486 650.1166392341256 16.35040555149317 4.666058108210564 150.9139407202601 95.01557216048241 41.21965675055981 332.725739210844 32.70094628632069 85.80752960592508 11492.98844835162 93.09543158859015 1569.423610679805 437.3665759339929 1.640622459352016 3.171844653785229 76.26623087376356 4922.762192666531 1084.315068908036 21.52767596393824 26.34150018543005 119.9015853703022 28.726144567132 44.63485059887171 1421.94709508121 1966.894295834005 788.0149184651673 40.31738229095936 483.3920386210084 30.21859169751406 260.1064615771174 413.9238942489028 4.42632382363081 5981.99418271333 15.13637623935938 1157.734128132463 4105.226171121001 3516.848118297756 913.9383258745074 35.83108370751143 41.63891848921776 940.9040565118194 6.883470356464386 0.2764743864536285 16.77111775428057 1.215605810284615 0.2361819893121719 0 1.02567795664072 33.70216822624207 4.58900735527277 3.396200574934483 7.707986399531364 454.8064542934299 4.330490171909332 1088.033617317677 5.731758676469326 0 0.8198807239532471 0.6951968520879745 59.2431899830699 3.37598705291748 1.763950988650322 1.57790020108223 1.799538381397724 0.275054395198822 18.33978489786386 155.8198413327336 175.8665584772825 223.3248318806291 27.09562367200851 1.065814599394798 6.758640006184578 130.4402247369289 0 0 7.917806446552277 6.933622285723686 62.87521360069513 513.2705335766077 36.06707387417555 3.494586303830147 5.590674683451653 0.1274391859769821 216.7757382914424 0.124538391828537
9.646848142147064 8.440806038677692 0.9509366154670715 1662.128108300269 50.90434896945953 5590.30432280153 44.58787050843239 1993.312357798219 749.6959759891033 4352.313492015004 93.09543158859015 7198.160542435944 4.682147540152073 670.5883528143167 955.5284561365843 0.7096244618296623 1.131194703280926 24.41224031150341 12.50332726538181 3805.035270154476 1.164618216454983 49.88213716447353 1.936369255185127 461.7542914897203 4.207900054752827 33.74405766278505 24.42485193908215 334.754227809608 302.9155629426241 1.576794408261776 0.8030161187052727 53.96137453615665 1.062388457357883 181.0586133301258 5.752238877117634 539.7235187366605 17.58439457416534 291.9249639734626 23.97812625020742 1044.170223906636 6.943193018436432 27.39528361707926 1.157026425004005 1.16579595208168 0.1761099398136139 0 78.83586360514164 1.179845333099365 15.7336120903492 47.7662531286478 10.07254701852798 89.56181246042252 119.6083894744515 0.3779165595769882 131.1166015416384 0.3315982893109322 8.903453752398491 26.71334911882877 0 0 0 0 119.584461517632 0.2568512782454491 0.7802870497107506 0 141.1011439487338 0 0 0.7897989228367805 69.70961021631956 3.028157629072666 0.503923311829567 0.1514122039079666 0.1080716624855995 0.2095961421728134 4.680947504937649 0.3489521741867065 20.64686142653227 1.587142735719681 1.669252812862396 0.7937482595443726 107.4292215108871 0 0 0
0.5569890588521957 1052.284815117717 0 0.3388321623206139 3.172693118453026 3.860633373260498 0.9525652602314949 8.133674219250679 114.9945023581386 4.794239088892937 1569.423610679805 4.682147540152073 2389.317448042333 7.968004249036312 1.404596664011478 0 0.4903353974223137 94.23129363358021 2.086252138018608 0.9449235945940018 0.326095312833786 341.1152836456895 0.8260605335235596 106.9818778112531 3640.210776045918 739.3067631050944 1047.075541757047 3.225153185427189 6.995022386312485 0.2507944107055664 275.7605773508549 8.930390365421772 0 736.3117709308863 11.14985062927008 584.0638620778918 2047.944670908153 1328.985148206353 298.7395383566618 21.35916613042355 4.734941147267818 418.4506046995521 1.689206026494503 0 37.26884564012289 0.8624616265296936 0.09785095602273941 0 0 1.265222229063511 0.6727545410394669 0.7982496321201324 0.1062248051166534 420.6626771390438 0 1307.180181697011 0.3672253340482712 0 0 0.2381926774978638 90.75512716174126 4.704122945666313 0.09922030568122864 0.3091995120048523 2.200676947832108 0.1658682823181152 1.615117110311985 265.5042289942503 348.1389545127749 370.2021166905761 0.6980184465646744 0.826473280787468 0.07991161942481995 202.5104394182563 0.3184777200222015 0 15.08483636379242 5.091386020183563 126.0050726756454 483.0738619491458 35.62616591155529 6.031248614192009 21.54240092635155 0.7695910707116127 118.434576317668 0
5427.636365219951 2.573849782347679 1158.976356498897 61.08740273863077 16.4893733561039 1013.580258615315 9114.747498355806 8657.308071732521 267.3715841844678 1966.69661064446 437.3665759339929 670.5883528143167 7.968004249036312 12472.68149477988 11.22236213833094 3.880933500826359 781.7926106527448 113.550477527082 412.0956823527813 175.4638923108578 899.2134324088693 7.915313273668289 1085.941504411399 554.7796548083425 0.8242757096886635 378.8864193409681 114.227340862155 668.0496858358383 5509.889130696654 3154.25876647979 2.083371929824352 378.1428736075759 12.42897631973028 849.8055623248219 1.750434629619122 360.8140043988824 113.1428487151861 832.4388394132257 58.84781420975924 44.39780041575432 7.730730518698692 4.496831476688385 2.22496971487999 3.601229131221771 0.07745512574911118 3.980779625475407 13.92583813518286 0.1911816745996475 14.12976847589016 303.5404860824347 47.90579107403755 55.07088010013103 81.91849414259195 2.516825765371323 33.68659321218729 0.1869523674249649 32.31577179580927 1.470489710569382 3.345748782157898 0.2095277458429337 0.1085761487483978 0 40.62993304431438 3.579940229654312 0.8443049043416977 3.251650460064411 142.5232052654028 0 1.938397265970707 8.166657246649265 248.6816160678864 13.31926027685404 24.53686706721783 0 0.6341860294342041 0.2918001934885979 4.171822339296341 0.5207262337207794 38.36241794377565 1.6519685536623 15.4885925501585 2.649798572063446 24.89738209545612 3.189532950520515 0 0.6943070292472839
0.1967171877622604 4.535655125975609 0 38.10551399737597 1048.797162853181 2560.301448144019 7.775933362543583 200.0959435626864 1824.497403353453 20.7896710857749 1.640622459352016 955.5284561365843 1.404596664011478 11.22236213833094 507.4538078010082 0 0.1330102235078812 0 0.1101144030690193 38.29098252207041 0 24.34547028690577 0.4990740120410919 211.1689175590873 3.20263484120369 2.491417713463306 4.886750459671021 23.55590229481459 2.463599622249603 0 0.1205638274550438 170.331583507359 0 26.29375836253166 2.719591975212097 180.9394264519215 4.531106218695641 4.561655178666115 2.94199812412262 1632.484651684761 74.70114080607891 11.23857450485229 0 0 0.1830319464206696 0.2430669665336609 9.380517087876797 0 2.865905560553074 3.817374520003796 0 18.72951973974705 11.76081489026546 0 15.12405885756016 0.1386383771896362 0 3.415150761604309 0 0 0 0 18.06390769779682 0 0 0 18.06697114557028 0 1.238314934074879 0.1294178664684296 5.267758972942829 0 0.08815988898277283 0 0 0 3.455837965011597 144.7091412991285 19.68742337077856 0 16.91902008652687 52.1652215719223 33.58911976218224 1.8954176902771 0 2.7005295753479
0.3429857492446899 34.75235127657652 15.35808607190847 1.905343107879162 0.4917069897055626 2.847556486725807 85.78125068545341 5.000202298164368 236.4106175750494 5.617729745805264 3.171844653785229 0.7096244618296623 0 3.880933500826359 0 3043.063999697566 29.29252185672522 2.038668297231197 17.6471911072731 0.4011020511388779 1615.588493458927 3558.75883603096 2787.550267800689 1873.444175258279 0.6726459264755249 17.28376835584641 1475.096377126873 2018.591646634042 5.820558212697506 238.2867064997554 0 0.4305921792984009 2.465072900056839 261.1934335231781 112.4776303619146 1680.908453069627 467.2928556054831 849.2964718788862 1048.730881199241 50.89865167438984 1.761385776102543 0.8753055930137634 17.9668440669775 8.634843535721302 1.531622365117073 6.361061282455921 0.6273331791162491 0 0.225791834294796 17.99976221472025 1.194885917007923 5.932920873165131 1.027387343347073 0 0.4655604511499405 0.168484553694725 2.25808273255825 0 2293.463555365801 1.645794838666916 0 0.0871560275554657 0 755.8389426246285 1211.219150848687 1552.482131786644 49.29007442295551 0 2.5494050309062 442.4319122955203 184.6959498673677 9.387362450361252 177.8995558917522 0 0.4400484561920166 0.9579096809029579 4.80795768648386 4.521739356219769 52.28844461590052 5.165718138217926 14.53890989720821 10.32399444282055 1.415193639695644 0.2976766005158424 0 0.1300402134656906
388.6570015922189 152.9859499409795 3392.979486770928 1.989063300192356 0.2558416053652763 4.563039608299732 291.2216883078218 149.8009177818894 6.118412390351295 12.8519145399332 76.26623087376356 1.131194703280926 0.4903353974223137 781.7926106527448 0.1330102235078812 29.29252185672522 432.2744448706508 35.25340108573437 1971.407493725419 0.3898184821009636 364.9282296672463 45.87295204401016 2018.032733500004 20.94181162118912 0.3115694522857666 3747.578022629023 4163.933524817228 62.69537425786257 254.7113539353013 745.3079731687903 0.1933577358722687 2.824674665927887 29.33235947787762 856.455635458231 21.98724922537804 971.9403081536293 1243.691067881882 732.5423535183072 664.1584982797503 21.24276352673769 1.029841087758541 1.870546773076057 4.044766560196877 0.6093866229057312 20.48402582108974 80.1934463083744 0 0 0 3.606566682457924 0.6498177349567413 0.1162199601531029 0.5441852360963821 0.7055635154247284 0 0 0.290833406150341 0.1682842671871185 5.99261674284935 26.01194916665554 0.3740210086107254 13.31387810409069 0 4.780566513538361 2.586842738091946 9.120888493955135 3.441104479134083 0.3698481470346451 96.83963107317686 295.6461588963866 5.293836571276188 0.4647055566310883 3.665641076862812 0 0 0.166552722454071 5.844681933522224 8.548487782478333 15.06122535467148 14.45444992929697 16.48478659242392 4.95421064645052 0.6965230703353882 0 0.25087970495224 0.2919141352176666
19.94242747873068 30.62056636810303 102.2420681566 0.9417235255241394 16.49550924450159 14.82288266718388 30.36675116419792 56.5584829300642 7.50504158437252 32.4860917031765 4922.762192666531 24.41224031150341 94.23129363358021 113.550477527082 0 2.038668297231197 35.25340108573437 628.3554837629199 698.2006923481822 6.398119017481804 10.71577993035316 9.08707894384861 43.09582637250423 10.86407092213631 46.32638646662235 3440.253611192107 439.2407170087099 17.4254727512598 71.36446595191956 16.20452128350735 63.97119572758675 57.53019551932812 1.473677985370159 1127.703924134374 14.83075661212206 944.7159506902099 1245.745130345225 2167.316727027297 512.1963402181864 19.92054890096188 3.180850774049759 16.15358559042215 3.074475541710854 0.1591992080211639 16.40112531930208 5.265350967645645 0.2306828871369362 0 0.1453623473644257 9.304127559065819 1.110102973878384 1.188827663660049 1.736289381980896 22.0540259256959 0.7852669358253479 116.0531469732523 0.7606727033853531 0 0.6518698334693909 1.509379267692566 34.3531518727541 8.589969150722027 0.3125518262386322 0.5095162093639374 0.5943541750311852 0.1055436208844185 4.159890823066235 20.54116106033325 283.1376889124513 393.7190469801426 7.620287545025349 0.2529810890555382 1.283616632223129 57.19567982852459 0 0 0.6069961413741112 5.272598572075367 22.98561111092567 75.0460407063365 2.026974782347679 0.2280577719211578 1.966010197997093 0 0.2182238548994064 0
151.5040447711945 82.43053060024977 726.4948062077165 1.755583323538303 9.068408906459808 8.943090669810772 118.8616964370012 97.58410056680441 3.893147818744183 31.00791253149509 1084.315068908036 12.50332726538181 2.086252138018608 412.0956823527813 0.1101144030690193 17.6471911072731 1971.407493725419 698.2006923481822 1824.418434120715 4.212300255894661 106.4884003922343 5.816839627921581 547.0749018415809 11.23329824954271 3.259431347250938 2646.205175943673 896.9008747786283 28.42111912369728 156.8685929253697 217.4737882167101 0.6960889101028442 26.06660041213036 17.15490562468767 3094.861005999148 10.53377379477024 858.4966805651784 993.2218078076839 2103.450314007699 566.2325214371085 21.63522881269455 1.676894128322601 1.870780363678932 2.349509119987488 0 10.90951246768236 14.01320046931505 0.2030224204063416 0 0 6.954686477780342 0 1.070616498589516 2.022900514304638 2.90756718814373 0.433041162788868 5.952396519482136 0.2980897128582001 0 2.563202127814293 4.536123245954514 3.537222556769848 9.263162583112717 0.6263227462768555 2.163860514760017 0.3724482804536819 1.262611351907253 1.713607728481293 1.868614889681339 104.8241622075438 138.3862394839525 5.679628655314445 0.6583296209573746 0.8929359614849091 5.249792784452438 0 0 1.8082015812397 3.693417593836784 12.93831716477871 14.18952105939388 5.256769813597202 0.1574620604515076 2.150943249464035 0 0 0.1302738636732101
8.26996012032032 0.3843300342559814 0.5565588921308517 4614.518346212804 3.872913919389248 452.1650993674994 16.69617738574743 380.0828899145126 394.292724981904 3041.496800422668 21.52767596393824 3805.035270154476 0.9449235945940018 175.4638923108578 38.29098252207041 0.4011020511388779 0.3898184821009636 6.398119017481804 4.212300255894661 667.7411626279354 0.3811000064015388 4.046448230743408 1.103869907557964 295.3429037481546 3.607190825045109 9.30235880613327 5.167608208954334 947.8025967180729 115.6083401590586 1.238821230828762 0.2741962149739265 11.89784895628691 1.329177521169186 69.09218157827854 3.135928496718407 204.4851668104529 5.684271089732647 132.2853219658136 17.6384010091424 178.2523507848382 3.476626388728619 2.822472102940083 1.534479223191738 0.1325081884860992 0.2507760524749756 0.1099509745836258 91.40122502297163 0.2626669406890869 28.67731318622828 103.3238847181201 25.83617630600929 81.13883925229311 241.9303323850036 0.5197871476411819 105.0726011171937 0 17.56399821490049 22.91924944519997 0.3336373269557953 0.09097990393638611 0.3486037775874138 0.09282528609037399 189.835397914052 0 0.6605543196201324 0.2770065516233444 192.4349186718464 0 0 0.2070872485637665 157.7443394809961 6.266322858631611 0.4824795350432396 0 0.2397120222449303 0 1.237315006554127 0 10.64717593044043 0 6.020300313830376 2.617935664951801 53.7383376583457 0.6770641058683395 0.1895958036184311 0
411.2833105772734 1.213074594736099 779.2134741991758 2.064748428761959 0.8320230394601822 5.319077715277672 1307.938207939267 162.6614296808839 61.20570839196444 36.58510459959507 26.34150018543005 1.164618216454983 0.326095312833786 899.2134324088693 0 1615.588493458927 364.9282296672463 10.71577993035316 106.4884003922343 0.3811000064015388 12441.83107282221 257.6338904052973 11769.94516068697 135.3762205764651 0 113.245833106339 817.3537498787045 2234.113751016557 544.9980816841125 11211.77905246615 0.1140301376581192 4.833912402391434 107.1405935287476 4228.714234299958 227.4517972841859 3492.940580666065 1018.019318290055 4247.84968868643 2722.065967030823 108.2688572779298 10.24429509043694 1.001845002174377 38.68420817703009 8.318366043269634 0.528478667140007 2.793123729526997 0.1428041756153107 0 0 16.51220507919788 1.272501558065414 6.133838564157486 1.190635710954666 0 0 0 1.302170485258102 1.118069171905518 656.2506056129932 0.6498408243060112 0.0872737318277359 0 0.1498693376779556 509.9533630907536 228.233226493001 259.9288024604321 26.48192098736763 0 0.5480979010462761 26.86899514496326 149.0991460457444 16.88302029669285 191.2195418849587 0 0 0.1930267214775085 2.386681661009789 11.23028951883316 53.59951071441174 1.757233276963234 5.122183591127396 3.201396092772484 1.830761574208736 0.3104934394359589 0.2455440908670425 0.3605213910341263
0.5937765836715698 1427.846868380904 27.12306194752455 5.352543517947197 2.025454923510551 8.528393931686878 122.5730358362198 9.274424582719803 2186.600198879838 21.45992860943079 119.9015853703022 49.88213716447353 341.1152836456895 7.915313273668289 24.34547028690577 3558.75883603096 45.87295204401016 9.08707894384861 5.816839627921581 4.046448230743408 257.6338904052973 738.6754960715771 538.3415464386344 5149.685272425413 573.7228513136506 212.9748153910041 4473.577013134956 427.273239761591 4.563697099685669 128.7676419019699 49.52630285918713 0.433099165558815 1.221995949745178 103.185767441988 7.414522349834442 249.2815308198333 122.1414564698935 172.879931665957 77.20293965190649 27.84649652242661 2.682389959692955 12.60524869710207 1.789916336536407 0.5816375240683556 18.62520001828671 240.9991038665175 0.1075120121240616 0 0 15.95890004187822 0.2296471297740936 23.21851997822523 2.12995670735836 3.449555620551109 0.7424741387367249 11.44073168933392 2.056584872305393 0.380224883556366 929.7442666068673 6.822433032095432 1.32482323795557 1.588694848120213 1.363081522285938 152.4564040228724 359.1596973985434 700.7570693418384 69.96869666129351 4.60037137567997 14.60031396150589 1570.017075814307 57.84765144437551 2.053131148219109 27.05491640418768 3.150645680725574 0 0.2298702076077461 4.721522592008114 0.298130989074707 34.99860163033009 15.72685861587524 19.63610506802797 15.82395650446415 2.010592237114906 0.6133248656988144 0 0.55557781457901
557.5942831709981 33.96241118013859 14120.8050263375 2.572031356394291 0.704758457839489 18.18720228970051 1782.074425593019 162.5784035623074 53.21729942411184 53.23915188014507 28.726144567132 1.936369255185127 0.8260605335235596 1085.941504411399 0.4990740120410919 2787.550267800689 2018.032733500004 43.09582637250423 547.0749018415809 1.103869907557964 11769.94516068697 538.3415464386344 14569.98910361528 356.9950186386704 0 777.4791963919997 8659.757738530636 4997.410431027412 227.2830633297563 6388.711689531803 0.1207695603370667 3.359291471540928 35.01746863126755 3412.947991840541 341.1750433743 5541.982040069997 4148.822441056371 7522.091125696898 6902.889123447239 272.8696711733937 20.81855897605419 8.463964730501175 39.18487666547298 2.207843005657196 9.470521084964275 179.1051243767142 0 0 0.6376743167638779 30.55670973658562 2.85358514636755 2.830863416194916 2.055466502904892 0.1429699212312698 0.3978223204612732 0 3.238210342824459 0 1494.404276013374 8.9091467410326 0 2.255820102989674 0.6994034424424171 242.0437340289354 552.215158700943 1611.752575159073 41.39280185103416 0 11.04833153635263 1195.960410512984 78.72353474795818 6.357916414737701 55.54274846613407 0 0 0.3724158331751823 12.40498248487711 27.78494910895824 141.9487989619374 15.87296866625547 40.10448955744505 24.79970215260983 7.821700185537338 0.1614710986614227 1.734941124916077 0
100.9470258280635 537.9875439032912 15.65640857070684 1541.132549911737 12.02897822111845 143.6557717323303 1279.385942600667 375.5647790953517 6148.908562101424 878.6287929266691 44.63485059887171 461.7542914897203 106.9818778112531 554.7796548083425 211.1689175590873 1873.444175258279 20.94181162118912 10.86407092213631 11.23329824954271 295.3429037481546 135.3762205764651 5149.685272425413 356.9950186386704 9454.282395180315 179.1678039878607 120.8627410307527 2209.984323740005 9371.935938861221 767.016160659492 462.0100403353572 18.94118840247393 14.14118174463511 168.9160504415631 220.7040648460388 37.57207556813955 959.8838880136609 127.6516467556357 515.2452064082026 193.6737379282713 195.5007958263159 14.28680328279734 5.692676164209843 14.30839682370424 49.81331901997328 2.48667373508215 15.45677970349789 189.8943429738283 1.242467433214188 54.86270424723625 908.9763638079166 100.1715229526162 840.3802792802453 386.2603276818991 7.907114610075951 103.8667587339878 2.408255778253078 99.62868632376194 12.29864651709795 444.6021490544081 2.808709315955639 1.808052845299244 2.198778741061687 251.8539657592773 457.7782894223928 219.8997421041131 53.94939848780632 1525.410995937884 1.146235175430775 8.431493140757084 53.60987763106823 1899.828054599464 86.97603675723076 361.0719328969717 0.825447604060173 1.65129230171442 2.970526315271854 23.37686130404472 2.150602243840694 152.0658358037472 11.51853375136852 55.09786125272512 13.06030012667179 90.72851473838091 8.142627194523811 0.2221733331680298 1.938805796205997
0.1143197640776634 1526.700465038419 0 0 0.5206546783447266 0.5429129377007484 0.679573729634285 5.937842510640621 193.4194947108626 0.4625911489129066 1421.94709508121 4.207900054752827 3640.210776045918 0.8242757096886635 3.20263484120369 0.6726459264755249 0.3115694522857666 46.32638646662235 3.259431347250938 3.607190825045109 0 573.7228513136506 0 179.1678039878607 213.7969995439053 705.4124173149467 3083.474450476468 4.71101975440979 0.5349998697638512 0.09759143739938736 302.1959759145975 1.096385397017002 0 517.7057682350278 5.47499144077301 139.8350675329566 435.6016660630703 388.6921305507421 68.03252840042114 2.619000963866711 0 537.4311675131321 6.318077445030212 0 48.78671230375767 3.602887883782387 0 0 0 0.204136073589325 0.0982394739985466 1.432764567434788 0 107.238937497139 0 932.2994465902448 0 0 0 0.1551261246204376 19.68006629496813 2.873115465044975 0.1081671342253685 0 2.634694628417492 0 3.725634090602398 77.94666475057602 155.1009426936507 364.5754758119583 0.6006654500961304 0 0 57.76141759008169 0 0 3.987826436758041 1.003068536520004 34.2479821741581 83.61653563380241 7.963331051170826 4.288099139928818 0 0 19.34697583317757 0
81.58909279108047 970.3330751955509 4417.032593786716 3.23960143327713 15.43007680028677 18.28148946911097 270.210988432169 96.33745034784079 133.2774881646037 55.20278239995241 1966.894295834005 33.74405766278505 739.3067631050944 378.8864193409681 2.491417713463306 17.28376835584641 3747.578022629023 3440.253611192107 2646.205175943673 9.30235880613327 113.245833106339 212.9748153910041 777.4791963919997 120.8627410307527 705.4124173149467 18455.86513118446 11535.61873855442 59.35309085994959 124.9893630370498 97.31916458904743 1018.774230010808 58.66542848944664 9.837776765227318 3184.205911643803 46.85353701561689 2591.040637008846 5978.122974440455 5011.184783495963 1810.633464053273 65.04587860405445 14.42653796076775 60.44807751476765 8.318612717092037 0.5797674283385277 502.7667769044638 166.2784374579787 0.1172323524951935 0 0.2860409393906593 12.62996359169483 1.414063811302185 3.615125685930252 2.636367663741112 72.69373805820942 0.4246648550033569 414.6449408009648 0.9688774198293686 0 4.326650530099869 137.0912892520428 123.2445916235447 255.8055254369974 1.803454369306564 3.37017535418272 10.62327581644058 10.24801418930292 9.084365904331207 126.0608357787132 3000.107169441879 4470.800978466868 10.88510628417134 0.6381348893046379 3.750803388655186 184.4223780483007 0.1042817756533623 0 36.16439482569695 15.78484507650137 96.63107874244452 273.7087880000472 98.22580832988024 28.19205000251532 4.132108017802238 0.5089571923017502 1.563732601702213 0.8693442866206169
26.01505978405476 5800.134286679327 4031.190459348261 9.667904779314995 4.377685964107513 33.71094346791506 812.7817885950208 48.37767706811428 607.6652456671 94.98663637042046 788.0149184651673 24.42485193908215 1047.075541757047 114.227340862155 4.886750459671021 1475.096377126873 4163.933524817228 439.2407170087099 896.9008747786283 5.167608208954334 817.3537498787045 4473.577013134956 8659.757738530636 2209.984323740005 3083.474450476468 11535.61873855442 21387.02469619364 2187.403972998261 66.22431990504265 88.65581297129393 837.1779299303889 15.77104134857655 8.910315185785294 4726.325081780553 138.4411113336682 4500.031056381762 3847.405728586018 6581.450448825955 2895.882415555418 174.3419193327427 16.37853935360909 29.6967803388834 19.24526020884514 2.073935024440289 2262.164967499673 2553.216873124242 0.5606155022978783 0 1.233310133218765 75.99023227393627 9.412373326718807 7.55291598290205 6.955954305827618 27.72498433291912 2.673337802290916 110.0596751719713 15.19197089970112 0 521.7192195206881 353.5486187413335 50.39233832806349 342.373226262629 1.022610560059547 51.07929704338312 991.4595198407769 1762.148401215672 64.66196873039007 72.78927265107632 3623.05301643908 11702.36481805146 38.46209319680929 2.138675816357136 16.56582341343164 57.45652332156897 0.6444824561476707 0.1708131730556488 105.3788313567638 41.17765201628208 339.6731607839465 342.9011775106192 355.4552389383316 128.6014625877142 8.554551236331463 0.6012400910258293 1.680316761136055 1.865158230066299
154.9874522089958 19.33662734925747 433.0656746774912 2017.731515072286 7.72772403806448 516.8898214623332 11248.18014039099 471.9917167052627 1557.353012397885 7203.776096791029 40.31738229095936 334.754227809608 3.225153185427189 668.0496858358383 23.55590229481459 2018.591646634042 62.69537425786257 17.4254727512598 28.42111912369728 947.8025967180729 2234.113751016557 427.273239761591 4997.410431027412 9371.935938861221 4.71101975440979 59.35309085994959 2187.403972998261 15702.86524889618 1160.089221552014 13765.98095384985 0.3977790251374245 34.25690310448408 434.0264088436961 992.7398476004601 151.9705225005746 3083.351146221161 456.1690013185143 1865.497494362295 891.8260272964835 151.4856317564845 32.51712760329247 2.906361065804958 33.68426376581192 118.4511180445552 1.904394261538982 16.12614849209785 156.8671897575259 1.187384337186813 70.03578671813011 1531.596493676305 138.2799620553851 456.896687798202 453.4964322522283 11.08658823370934 121.2418325841427 0.4569469839334488 145.0335499793291 13.46798064559698 561.873858705163 3.75939554721117 2.318163000047207 2.174540914595127 231.3395954892039 636.896259509027 132.094578973949 72.9050931930542 1646.928796470165 1.109181456267834 2.476794831454754 61.81067727506161 2420.803061999381 166.2738895379007 871.8592983707786 0.4631058648228645 2.442026868462563 6.085251465439796 33.7995470687747 8.489246062934399 272.7846828401089 8.190242804586887 81.74773287028074 24.5769467279315 149.3828855827451 8.959319047629833 2.561080537736416 1.385395616292953
