1396.820420011878 0 151.6506021395326 14.57698336988688 1.094691097736359 40.68101949244738 1942.111809007823 490.1435964852571 10.55783036351204 218.3394797071815 8.534802302718163 23.68048017472029 1.052576377987862 5004.205407682806 0.3116205409169197 5.379587687551975 280.6512873396277 8.648561857640743 21.61374043673277 45.07515984028578 87.84269545972347 1.040471784770489 157.1731736510992 140.9704885482788 0.6737446561455727 231.5942774116993 56.21219062805176 295.7138887643814 3893.999700710177 4149.019350796938 0.3957667872309685 1.245297841727734 78.07063889503479 185.175327450037 0.8257883712649345 49.48578575253487 16.372025616467 79.11704812943935 21.89154686778784 12.28080353885889 1.391611188650131 0 0.5159794539213181 0.6463158577680588 0.2595174908638 1.135811515152454 1.045742593705654 0 0.6610936522483826 11.29443207383156 2.934226259589195 5.400325208902359 2.181060902774334 0 0.6414914280176163 0 1.006209015846252 0 2.235801085829735 0 0 0 0 1.09098008275032 0.6851148679852486 1.666000008583069 27.39105358719826 0 0 5.445121772587299 26.72232215106487 0.6994748637080193 2.569586262106895 0 0 0.3180292472243309 0.1693313121795654 0.1236201897263527 9.829874746501446 0.1951520368456841 1.764675088226795 1.090959303081036 4.428099483251572 0 0 0
0 342.1560249254107 82.49626266211271 0 0.1278398931026459 0.1070621907711029 0.9084912240505219 1.011527925729752 574.4625285565853 0.4589201286435127 210.7103494852781 0.46576888859272 406.3682001829147 0.766689695417881 0.7509803920984268 85.71966879814863 12.63415643572807 6.266373701393604 15.38584397733212 0.09679980576038361 21.28520125895739 1856.733955703676 15.42862575501204 459.0626857802272 1267.651428386569 211.5144007578492 11293.27634529024 22.78018415719271 1.067917846143246 1.313411928713322 29.74708182364702 0.4177228957414627 0.2056189998984337 8.766418814659119 0 24.74938248097897 105.3033493310213 42.51783688366413 3.229562669992447 4.390905119478703 0 181.6638553142548 0 0.2264959961175919 345.1173960492015 190.7083816602826 0 0 0 3.856628619134426 0.2625438272953033 2.376602865755558 0 5.678230687975883 0.09774283319711685 29.97808883339167 0.7918774336576462 0 6.2997115701437 7.459030963480473 2.682845503091812 6.149693712592125 0 0.9458504989743233 61.35037390142679 19.11097473651171 4.575979970395565 38.12959782779217 181.1443330422044 1145.484620332718 1.710253998637199 0.09495820105075836 0.8899032026529312 4.946181319653988 0 0 1.425349660217762 0 8.02394512295723 17.49748670309782 7.153227150440216 1.625182695686817 0 0 3.055486172437668 0
151.6506021395326 82.49626266211271 7234.389824047685 0.5975590646266937 0.3427689522504807 18.53302212804556 1541.822715200484 604.7357537746429 20.07034917920828 57.29975856095552 11.19132493436337 1.213515788316727 3.176064699888229 458.7280251085758 0.2267714589834213 8.19388622790575 1464.118513904512 54.13491250574589 114.1432877480984 1.452583752572536 475.2916214466095 440.2781787887216 10045.66086345538 48.37129407376051 0.4437877684831619 9768.555053792894 7347.319270521402 269.1980522125959 121.8142610415816 575.3779107108712 5.082499012351036 1.972622692584991 24.40790674090385 548.6044076904655 20.83529342710972 1914.880614541471 4101.183555163443 1427.7217932567 442.6722607985139 43.74572014808655 0.6637868359684944 4.400928407907486 9.058699108660221 1.699564784765244 124.7004698216915 1349.479776769876 0.1091964319348335 0 0.3408262655138969 33.69212143868208 6.466994717717171 3.553652174770832 0 1.355759628117085 0 1.112532451748848 8.6744574457407 0 31.18382582068443 24.62600462883711 0.5621992647647858 3.113606825470924 0 10.96391876041889 162.8828269615769 445.1225589737296 30.1791610494256 3.119526222348213 26.15806061029434 2181.082873851061 27.1112891882658 1.775894895195961 9.218058601021767 0.4909427613019943 0.08482272922992706 0 13.63186351209879 9.599232852458954 150.7630054354668 129.2590754926205 67.51695778220892 29.57974603027105 7.400479324162006 0 0.7450135350227356 0.5537938922643661
14.57698336988688 0 0.5975590646266937 2567.323055997491 1.591373302042484 89.69449695944786 77.49388501793146 106.3041116669774 282.6062015071511 1984.693691022694 0.7643947154283524 1421.148463584483 1.164845436811447 91.13668265938759 25.7268728390336 0.9227610304951668 0.3995082303881645 1.292172729969025 0.8676510155200958 3221.298315018415 1.260803826153278 0.2676916420459747 0.9098180830478668 1233.328560397029 0 1.949535109102726 1.467569753527641 2288.935353443027 91.30411264300346 2.580711603164673 0 1.425917379558086 3.558504745364189 55.17214104533195 0.9469803869724274 201.8844258785248 0.8949269950389862 76.34288284927607 51.54021843522787 113.7630491927266 7.519292160868645 0.3330130875110626 8.225432679057121 1.791114419698715 0.3795399814844131 0.1326128095388412 62.8415310010314 0.1140733882784843 33.47135891765356 65.65049532800913 16.79568296670914 48.72336260974407 67.22506734728813 0.3050994426012039 264.6161990687251 0.9131069779396057 8.684329278767109 7.782569602131844 0.526689738035202 0 0 0 61.71417563408613 0.5328021347522736 1.67264050245285 0.2435121834278107 231.936641536653 0.1124128624796867 0.1113904714584351 1.932550117373466 155.2075274661183 1.232170060276985 6.775736048817635 0.1149772927165031 0.3096767067909241 0.1262911856174469 1.897440627217293 1.192880660295486 37.23926867544651 0 7.43828321993351 1.924860864877701 60.70961476862431 0.2999623715877533 0.805354118347168 0
1.094691097736359 0.1278398931026459 0.3427689522504807 1.591373302042484 177.5159124284983 1021.478953965008 3.222879119217396 40.14068384468555 97.31730587780476 10.56419612467289 127.0254546254873 46.08310340344906 229.8358125686646 9.043299578130245 1148.19854298234 0 2.800203524529934 32.51157592982054 26.62107282876968 6.185910589993 1.385713368654251 0.3169273287057877 2.907665476202965 12.16567156463861 0.3868337646126747 38.88842501491308 11.60903064161539 7.718658916652203 316.5828606784344 3.249815054237843 4.045435205101967 472.3304277583957 0.3283123448491096 766.7002471983433 1.475455731153488 63.98730452358723 16.63635125756264 590.9059758111835 178.0530251637101 2228.605314299464 256.6790007948875 5.282578334212303 1.9214888215065 0 0 0.1688618212938309 0.1095979437232018 0 0 0.6401335448026657 0 0 0 0 0 0.1876398175954819 0 0.165305882692337 0.1197362616658211 0 0 0 0.1021483838558197 0.1121196895837784 0 0 2.713471733033657 0 0.285631462931633 0.3867955729365349 1.470844283699989 0.2234043776988983 0 0 0 0 0 0.3464283645153046 2.507866382598877 1.206009715795517 0.9840769469738007 0.8510017246007919 0.1531863063573837 0 0.170383408665657 0
40.68101949244738 0.1070621907711029 18.53302212804556 89.69449695944786 1021.478953965008 10842.84450371563 867.6909166127443 8072.943472877145 171.3157719746232 5762.100454501808 97.82228535413742 3282.138022966683 157.2555655762553 465.198501393199 1367.036879278719 2.022447653114796 10.26292365044355 46.17003313452005 47.91430775821209 516.4382711648941 11.11003113538027 1.541204117238522 12.97452342510223 506.6245167627931 0.6197870224714279 77.55275672674179 25.60365098714828 814.1617926210165 627.4709547646344 19.33752661198378 3.675894185900688 704.9821392819285 8.506343729794025 315.8464708700776 3.892465502023697 523.2032262608409 27.78161918371916 899.7138930112123 286.8985118120909 3547.985002547503 264.1204474121332 5.001692056655884 10.74139589071274 2.497868314385414 0.1809142753481865 0.8734282106161118 18.48461473733187 0 6.958767667412758 62.08884216845036 13.03064765036106 29.64821076393127 16.83571603894234 0.6483863890171051 13.77303559333086 0.1782520115375519 6.832440659403801 7.134311258792877 0.6225805580615997 0 0.1136772334575653 0 13.43157312273979 0.1544581800699234 0.4779982566833496 1.190251432359219 146.7804995402694 0.12459746748209 0 4.454138897359371 120.0614071637392 2.34161114692688 7.63185478746891 0 0 0 0.4732051491737366 0.5249930024147034 41.21605188399553 0.6652974933385849 4.588442780077457 2.016204915940762 36.88589709997177 0.1706978380680084 0.5137044191360474 0.1711259633302689
1942.111809007823 0.9084912240505219 1541.822715200484 77.49388501793146 3.222879119217396 867.6909166127443 16476.71214875579 5739.25094043836 198.364040106535 8755.333610326052 5.073184952139854 26.73278160393238 8.387701824307442 7099.731170289218 4.278918586671352 33.99383716285229 136.866650018841 14.62930454313755 21.75725340098143 42.68858993053436 1696.014199800789 20.90156749635935 1385.285758301616 953.1221555806696 0.1553666740655899 756.0120308771729 158.6434631720185 17621.50286609679 997.5583843924105 9635.582531444728 0.6330467537045479 6.411460481584072 116.7771935388446 303.744512014091 12.68005892634392 992.2855214327574 72.40319617837667 442.631547652185 269.0729649960995 145.7506264224648 14.71158360689878 6.17260580509901 14.89622646570206 5.545928686857224 0.4792751520872116 8.641261801123619 24.34288837760687 0.4546500444412231 13.46336474269629 179.6854249164462 26.59893085807562 94.88930594176054 27.4811275601387 8.062755651772022 4.895884871482849 1.401314817368984 30.02218928188086 2.042168095707893 21.44544427096844 0.7440247684717178 0.4245715141296387 0.0975014939904213 11.88486871123314 3.91417883336544 6.846947714686394 33.15008977800608 429.1997024491429 0 0.554836593568325 51.63474650681019 401.5622013881803 16.80406358093023 64.73333420604467 1.565637081861496 0.1022837311029434 1.794925808906555 4.921899154782295 2.538351312279701 263.6051987335086 1.528770372271538 29.50279626250267 6.324547968804836 98.80660121887922 1.552669420838356 3.476821720600128 0.2093084156513214
490.1435964852571 1.011527925729752 604.7357537746429 106.3041116669774 40.14068384468555 8072.943472877145 5739.25094043836 14351.30494580045 114.246608607471 5380.913008295 185.9806416481733 933.1770652234554 175.9709795489907 4521.164932526648 161.1073164865375 4.739398904144764 224.8153329789639 100.5084757879376 114.1007112711668 524.6452356204391 180.1845824792981 7.575885288417339 270.2015982940793 652.6628045812249 1.147790379822254 738.555695656687 73.839654289186 1147.473061371595 2952.227288071066 994.224765624851 7.895687788724899 288.2707483172417 28.20450770109892 661.5593972280622 4.961029186844826 770.9575204849243 70.76137647777796 946.4517796933651 341.0072352513671 1321.334305055439 65.2858107984066 14.01051440089941 14.68234366923571 1.950262419879436 0.6251262947916985 4.642838388681412 21.61212427914143 0.3212323561310768 9.009866528213024 155.6562209054828 33.25163703411818 73.1062663346529 28.96318247914314 1.163123026490211 10.16214683651924 0.6959822475910187 16.94201516360044 3.62877245247364 7.074663482606411 0.07144403457641602 0.09012334793806076 0 13.2459923774004 1.348908975720406 2.825528107583523 8.317006357014179 337.5912190824747 0.2193661108613014 0.3796284049749374 18.44407518208027 305.6032359078526 6.68042203783989 32.07142262905836 0 0 0.5593445599079132 5.335560485720634 4.2745456174016 83.0856856033206 0.8210116103291512 14.57300235331059 3.563386775553226 38.41415205597878 0.6242476999759674 0.8048767745494843 0
10.55783036351204 574.4625285565853 20.07034917920828 282.6062015071511 97.31730587780476 171.3157719746232 198.364040106535 114.246608607471 1071.024870365858 226.9465896189213 5.765694819390774 305.4803287088871 6.676548674702644 30.85138063132763 898.5224288702011 268.8890877142549 1.737929217517376 0.7442202493548393 0.6513344123959541 327.4921298474073 76.10589661449194 2912.985429644585 80.81700019538403 12437.77526859939 38.02501522004604 20.85404040664434 988.1181864365935 1426.925064079463 43.08491746336222 60.43488713353872 1.979895867407322 2.843970961868763 8.752068236470222 19.4266754835844 0.8173852935433388 338.1098892316222 9.172056555747986 25.7699469178915 14.12891326844692 542.452455163002 10.6844230145216 1.574205726385117 0.4855712950229645 10.08330543339252 3.162755943834782 1.5946429297328 78.76910075545311 1.378509715199471 21.29562635719776 153.6048313975334 32.62056277692318 131.6558034867048 58.31560289859772 4.103847682476044 94.60944263637066 1.355541385710239 26.13083800673485 31.42050942778587 626.6715436205268 0.5081216171383858 0.6946468874812126 0 58.43538285791874 162.3719368875027 38.25725716352463 201.2196062207222 1696.325876407325 0.1939834952354431 2.84563522040844 40.78009705990553 665.884686075151 38.08784262090921 83.17110413312912 0.1307358592748642 0.07365822792053223 7.487198740243912 10.81952937692404 0.4277677536010742 87.73943285644054 1.714273303747177 23.5478728339076 5.238225899636745 101.26620965451 0.7165437191724777 1.272235870361328 0
218.3394797071815 0.4589201286435127 57.29975856095552 1984.693691022694 10.56419612467289 5762.100454501808 8755.333610326052 5380.913008295 226.9465896189213 26288.15522544086 21.37302199751139 3442.273478597403 13.76870941370726 1250.735439881682 34.00862665474415 3.107602715492249 10.54790543019772 15.06222930550575 22.87199334055185 4146.497368641198 41.5036144182086 3.30433814227581 33.81335539370775 1065.697021048516 0.103243388235569 56.28069157898426 19.04829566925764 6540.020757075399 820.7871879301965 24.81278818845749 1.585578054189682 17.95102129876614 21.08526330441236 374.2427585124969 5.968370214104652 718.0788566321135 18.40529765188694 592.4175324365497 255.1066154912114 357.0547383129597 40.17022204399109 3.330158457159996 28.2450615093112 0.9277160838246346 0.3427740931510925 0.434677429497242 40.78763561695814 0.1647290140390396 13.27861413359642 85.21426567435265 21.25423581153154 62.88133670389652 38.06900969147682 0.6852686405181885 66.49733344465494 0 11.12807736545801 9.325241103768349 2.746090240776539 0 0 0 23.70771475881338 0.5925915241241455 0.2730468064546585 2.932842433452606 219.9023254811764 0 0 6.553060308098793 198.9749775081873 1.966887399554253 6.742945671081543 0 0.2381575405597687 0 1.107753731310368 1.22291424870491 40.99823067337275 0.2232172042131424 8.627975627779961 3.095826089382172 51.04784142225981 0.6753893941640854 0.1064645200967789 0.09056217968463898
8.534802302718163 210.7103494852781 11.19132493436337 0.7643947154283524 127.0254546254873 97.82228535413742 5.073184952139854 185.9806416481733 5.765694819390774 21.37302199751139 9796.344387553632 13.10902862995863 4189.534689567983 177.2084269225597 0.5356481447815895 0.7235683426260948 261.9168013781309 3503.317059881985 1620.735304959118 8.617717012763023 10.59396888315678 15.74452013522387 37.61860289424658 11.48331981897354 1057.742145560682 2677.641695693135 1014.551866769791 5.862337104976177 259.9559710919857 18.17077326029539 1465.040247246623 168.0383808240294 2.71535936743021 3908.606222040951 2.85109031945467 324.4686725735664 3723.469216413796 3033.890117280185 522.0868299603462 39.23244382441044 75.0916288793087 1666.009028226137 12.2403584048152 0 24.8548297137022 4.49900459498167 0.4503030255436897 0 0.2311795502901077 0.3801777958869934 0.4134161770343781 0.3931796997785568 0 331.4955073818564 0 1340.470298103988 0.4383950307965279 0 0.1199214085936546 1.662461407482624 38.64740447700024 9.775306835770607 0 0 0.4382069855928421 0.7525534704327583 1.769425213336945 277.5396221131086 92.42087683826685 163.8825683742762 1.335845947265625 0 0.2020958960056305 55.28100448846817 0.1065511703491211 0 1.734094329178333 4.328913360834122 18.96122647076845 241.0873400941491 6.185852959752083 4.258538454771042 0.4670885056257248 1.424749225378036 220.9823871701956 0.1122464463114738
23.68048017472029 0.46576888859272 1.213515788316727 1421.148463584483 46.08310340344906 3282.138022966683 26.73278160393238 933.1770652234554 305.4803287088871 3442.273478597403 13.10902862995863 6641.248237960041 19.79695826768875 328.648242495954 1159.35716496408 0.4233273863792419 1.939720615744591 11.98801390081644 14.57277508825064 5708.588386952877 1.847751580178738 4.623018965125084 4.653518475592136 812.5718263536692 0.6331285834312439 20.09081449359655 10.98575004935265 543.4187072366476 217.8865187391639 4.022873587906361 1.295046143233776 11.9506079852581 0 144.0281438976526 0.6752222776412964 1128.485020540655 12.57305622845888 336.2617880627513 83.89921710640192 1733.338515080512 15.79931181669235 6.604058742523193 7.802690304815769 0.1799622029066086 0.1558636277914047 0 67.36483566462994 1.085654139518738 14.9562568590045 47.72687300294638 11.03328625112772 71.84175238758326 48.19079084694386 5.972204186022282 288.4618306234479 0.1524818390607834 3.725790061056614 48.13534092903137 0.5287392735481262 0 0.4485534429550171 0 54.10614242404699 0 0.7097451537847519 0.9521801844239235 208.4002331197262 0 0.8390486389398575 3.743182182312012 110.6190176084638 1.330264680087566 3.013989433646202 0 0 0 0.4516621381044388 0.2081271409988403 145.6702971979976 0.4309473559260368 2.838724076747894 0 280.5782520622015 0.9180349260568619 0 0.7537543177604675
1.052576377987862 406.3682001829147 3.176064699888229 1.164845436811447 229.8358125686646 157.2555655762553 8.387701824307442 175.9709795489907 6.676548674702644 13.76870941370726 4189.534689567983 19.79695826768875 4850.025885336101 113.430009894073 5.538848467171192 16.96692554652691 9.602138854563236 168.186396509409 65.93126392364502 9.510782137513161 34.10975343734026 28.36329942941666 43.82809030264616 18.46639745682478 3877.396494694054 449.5752796754241 2768.615136884153 17.70577768236399 168.0901160314679 19.57583096623421 966.9835202246904 339.8638529404998 1.100810371339321 426.6153679639101 35.38036392629147 1527.661358095706 7361.11485555023 4053.124189428985 609.6313159316778 142.8139825239778 73.20057651400566 2495.26340483129 37.09898079186678 0 38.08763502538204 2.110079273581505 0 0 0 1.208440892398357 0.7297016233205795 0.2378926053643227 0.1120062246918678 620.2476945891976 0.1304367333650589 2334.469408020377 0.2922813668847084 0.2689824998378754 1.650400027632713 1.395795479416847 51.04853115230799 7.85545526444912 0 0.9590082764625549 0.808752752840519 1.880994647741318 1.841391779482365 475.6451274529099 142.7404969111085 238.4890982508659 5.311791136860847 0.4989625215530396 0.397596538066864 94.28682073950768 0.09139055758714676 0 2.589063458144665 35.48932546377182 275.5728621184826 513.814991004765 171.9390209242702 129.7457508742809 4.496645405888557 7.017470598220825 441.6465799659491 0
5004.205407682806 0.766689695417881 458.7280251085758 91.13668265938759 9.043299578130245 465.198501393199 7099.731170289218 4521.164932526648 30.85138063132763 1250.735439881682 177.2084269225597 328.648242495954 113.430009894073 8995.700536325574 14.97702695429325 3.372742980718613 442.2425550371408 105.3601975366473 157.3188130706549 367.6727877706289 121.5511744841933 5.611580722033978 325.8450523838401 397.8117301091552 0.7470566928386688 718.5643683820963 147.5768122300506 606.7127556428313 6444.561871021986 3075.334074027836 6.806622974574566 78.72045680880547 25.81221491098404 1478.577637881041 5.289016664028168 817.259620860219 63.34380883723497 1070.143428370357 219.6426278725266 367.4971611127257 84.2932737916708 7.596837356686592 9.765826754271984 1.779860399663448 0.662492536008358 3.545069374144077 6.844461314380169 0.1901926845312119 2.585188694298267 44.57561884820461 9.749602004885674 19.8408390507102 5.536298401653767 1.426336988806725 3.803624637424946 0.1807002797722816 5.800630562007427 0 2.966838914901018 0.2587919756770134 0.2212968468666077 0.08920811861753464 1.97329219430685 1.264526687562466 0.8531170189380646 4.095380842685699 108.7951585240662 0.1346205770969391 0.7514204457402229 11.60626343637705 113.6770228073001 6.010837621986866 15.11948009580374 0.1303895115852356 0 0.1486158967018127 0.7286087647080421 0.7750022560358047 41.03668819367886 1.326478891074657 7.940217189490795 1.104911603033543 14.26863506436348 0 0.160994753241539 0
0.3116205409169197 0.7509803920984268 0.2267714589834213 25.7268728390336 1148.19854298234 1367.036879278719 4.278918586671352 161.1073164865375 898.5224288702011 34.00862665474415 0.5356481447815895 1159.35716496408 5.538848467171192 14.97702695429325 494.6079946756363 0 0.2216873466968536 0.6745488867163658 0.300653837621212 104.299723111093 0.1071381121873856 8.599602274596691 0.8331673890352249 289.8712161555886 0.226263552904129 1.507253400981426 4.639844551682472 39.2484465315938 89.19397559016943 0.2216446474194527 0 127.15717895329 0.143341913819313 18.32242394983768 1.129145756363869 299.8959001302719 3.454780399799347 17.54539585113525 1.935711912810802 1627.516491822898 134.4725167304277 0 0.2467133179306984 0.1275272965431213 0 0 11.08896838128567 0.3357523083686829 2.780230313539505 5.53944930434227 2.470688685774803 12.79900948703289 7.659781061112881 0.5533870458602905 16.80577579140663 0 0.1375473290681839 8.430902048945427 0 0 0 0 9.910536512732506 0.1811019629240036 0.148176908493042 0.3104599416255951 27.18234845250845 0 0 0.3876504302024841 13.30947404354811 0.1688393801450729 1.306447386741638 0 0 0 0 0.579567551612854 65.07987655699253 1.912475883960724 0.1620288640260696 1.431634426116943 58.87053839862347 0.7159818410873413 0 0
5.379587687551975 85.71966879814863 8.19388622790575 0.9227610304951668 0 2.022447653114796 33.99383716285229 4.739398904144764 268.8890877142549 3.107602715492249 0.7235683426260948 0.4233273863792419 16.96692554652691 3.372742980718613 0 4390.92433411628 8.713459476828575 0.1119142919778824 0.6471854671835899 0.3892741650342941 4129.848894000053 4223.967928297818 3503.62040848285 2600.129165887833 9.055370859801769 7.31458518654108 2509.634599290788 2067.560255646706 32.47571953386068 258.5916546955705 0.2481690719723701 0.3906011283397675 17.92979653924704 84.96170683950186 21.2128819450736 1254.603915549815 494.667291097343 277.751078620553 317.1551676020026 51.27454204112291 2.223527878522873 22.59051921218634 11.09678668528795 7.588597476482391 1.532850332558155 5.06250337511301 1.028648279607296 0 0.2620978578925133 12.34138663858175 1.432050630450249 21.78609821945429 1.559748142957687 9.36784154176712 0.2646516859531403 0.607048898935318 5.538387075066566 0.2045494690537453 2613.953041240573 1.176965467631817 0.8226979374885559 1.092091292142868 0.3079721629619598 348.5963148921728 808.8258452117443 1698.742346204817 262.1560006290674 0.3178731948137283 1.924470566213131 560.2684691026807 258.5901160165668 47.91203008592129 131.3427620977163 1.003325223922729 0.08092202991247177 10.8571660593152 10.52639269828796 9.522759512066841 537.4095463901758 7.728138796985149 21.81559725850821 9.700851954519749 37.82369973510504 1.233862020075321 15.67967177927494 1.245805412530899
280.6512873396277 12.63415643572807 1464.118513904512 0.3995082303881645 2.800203524529934 10.26292365044355 136.866650018841 224.8153329789639 1.737929217517376 10.54790543019772 261.9168013781309 1.939720615744591 9.602138854563236 442.2425550371408 0.2216873466968536 8.713459476828575 1413.704686634243 162.2853977754712 1868.878240041435 2.965860247612 838.297924131155 25.31661810725927 5487.677190303802 46.5501285046339 0.9205121248960495 1693.040035761893 3485.231251783669 78.84412866830826 470.4028517641127 797.4363394677639 1.3247334882617 10.75792931765318 91.52776939421892 2846.39001904428 11.32503132522106 998.336745493114 2192.538718141615 1711.735478647053 355.4925486594439 19.28180726617575 2.310203433036804 2.707588210701942 2.766265779733658 0.6361346989870071 44.9930949062109 246.7259000241756 0 0 0.1189529970288277 6.213991209864616 1.048880159854889 1.453028790652752 0 0.320962131023407 0 1.142840698361397 1.981059074401855 0 5.737901106476784 9.48055362701416 0.441235288977623 1.445648953318596 0 2.609138123691082 12.62096019089222 22.1005822122097 12.25643770396709 0.6463654488325119 46.13466984778643 307.3613402470946 11.85411886125803 0.3353493809700012 2.449735656380653 0.2101699709892273 0 0.3563285768032074 1.482607282698154 3.518798246979713 21.84290356934071 78.60113234072924 5.060895681381226 4.413769625127316 2.216486252844334 0.4787987545132637 0 0
8.648561857640743 6.266373701393604 54.13491250574589 1.292172729969025 32.51157592982054 46.17003313452005 14.62930454313755 100.5084757879376 0.7442202493548393 15.06222930550575 3503.317059881985 11.98801390081644 168.186396509409 105.3601975366473 0.6745488867163658 0.1119142919778824 162.2853977754712 957.6294304281473 2056.462347827852 6.063128672540188 2.096031881868839 1.107861682772636 20.35315724462271 5.826624229550362 13.83932406455278 3016.385598987341 490.0895929560065 5.922269999980927 115.7186997905374 10.73122315108776 122.028418675065 57.90875209867954 2.214656241238117 1146.913400664926 2.428398787975311 488.5359084233642 1295.214932635427 1180.406138963997 385.9688442498446 22.95397520065308 11.37311013787985 27.82925198972225 2.826104655861855 0 6.689910769462585 8.731542892754078 0.1888736933469772 0 0 1.229009121656418 0 0.1825157254934311 0 23.87090732902288 0 96.73699501901865 0 0 0 0.6933957412838936 18.13867565989494 4.338082522153854 0 0 0 0.5695032477378845 0.7658664584159851 37.55455939471722 56.50678769499063 86.82464968413115 0.8601128458976746 0.335529737174511 0.2208769470453262 20.3679658472538 0 0 0.1112494319677353 3.044653430581093 10.66555605083704 6.535888887941837 0.6686903983354568 1.174454301595688 0.1815850883722305 0 0.1774328351020813 0.2396881580352783
21.61374043673277 15.38584397733212 114.1432877480984 0.8676510155200958 26.62107282876968 47.91430775821209 21.75725340098143 114.1007112711668 0.6513344123959541 22.87199334055185 1620.735304959118 14.57277508825064 65.93126392364502 157.3188130706549 0.300653837621212 0.6471854671835899 1868.878240041435 2056.462347827852 2058.564131602645 10.9071062207222 18.11250121891499 4.379407130181789 152.2649349942803 9.350865021348 11.92814277857542 3669.522694088519 1423.3835022524 11.90749672055244 203.513049736619 49.07425484061241 10.16492930799723 58.90192038565874 8.492678485810757 3240.103317052126 8.231898702681065 1242.864664286375 2181.225052699447 2140.777882240713 413.7392657101154 37.4551877528429 10.75548177957535 11.34376373887062 3.229791462421417 0 62.18360617011786 61.75282524526119 0 0 0.1037979647517204 0.6910789906978607 0.3062985688447952 0.2453675121068954 0 11.06969553232193 0 53.68270383775234 0.08768655359745026 0 0.5077219903469086 14.2868704199791 21.00658465176821 24.48659215867519 0 0.4703212976455688 2.123955957591534 1.92380303889513 1.650198884308338 40.61530908942223 218.9860977530479 300.3979398310184 1.626061476767063 0.2221677377820015 0.7439645081758499 13.50682193785906 0 0 1.364845871925354 3.639445707201958 14.47213002294302 78.10404727607965 4.649763986468315 1.318762123584747 0.5073575377464294 0 1.97771030664444 0
45.07515984028578 0.09679980576038361 1.452583752572536 3221.298315018415 6.185910589993 516.4382711648941 42.68858993053436 524.6452356204391 327.4921298474073 4146.497368641198 8.617717012763023 5708.588386952877 9.510782137513161 367.6727877706289 104.299723111093 0.3892741650342941 2.965860247612 6.063128672540188 10.9071062207222 906.2759686112404 2.585563786327839 0 2.08030067384243 705.7341122254729 0.07115987688302994 11.25246731936932 4.268028363585472 1784.539389632642 306.991631038487 4.524936139583588 0.2681770995259285 10.23438246548176 3.261298783123493 176.2645805254579 4.29172283411026 665.3789703696966 5.724222466349602 313.6205592527986 156.6644035726786 517.9322075918317 29.83817588537931 0.630756139755249 24.25767411291599 0 0 0 38.84692671895027 0.6006482988595963 9.25109525769949 43.33231623470783 10.19556139409542 35.88269565999508 21.42287150770426 0 86.61889835447073 0.1129338890314102 6.716522581875324 9.591567546129227 0.3724549859762192 0 0.2043067067861557 0 16.81578785926104 0.2701147645711899 0 0.735082596540451 128.1752253770828 0 0 0.9640700072050095 108.8255501836538 0.7090924829244614 3.77433617413044 0 0 0 1.195170663297176 1.169761955738068 40.27950028330088 0.5087509453296661 4.288482710719109 1.246187195181847 52.83064673841 0.7288465648889542 0 0
87.84269545972347 21.28520125895739 475.2916214466095 1.260803826153278 1.385713368654251 11.11003113538027 1696.014199800789 180.1845824792981 76.10589661449194 41.5036144182086 10.59396888315678 1.847751580178738 34.10975343734026 121.5511744841933 0.1071381121873856 4129.848894000053 838.297924131155 2.096031881868839 18.11250121891499 2.585563786327839 16178.32499337196 254.983505859971 8611.283809013665 783.0461148917675 5.144548118114471 62.28063155710697 608.7631389647722 4995.151980429888 187.0160944089293 10316.82449392229 0.1178703904151917 6.432016998529434 48.7318321838975 3290.461943686008 150.8336983546615 6146.317451931536 916.6737572401762 4204.861347720027 3187.883370615542 240.2172688618302 10.51154363900423 29.48226035386324 47.01396824419498 8.806232504546642 0.4075220003724098 7.036056436598301 1.24700254201889 0 1.254808634519577 13.45035769790411 2.837427020072937 20.70060734450817 2.459184266626835 15.12114569544792 0.5514165014028549 6.951076835393906 7.347676992416382 0.1526482999324799 512.7497917115688 0.7908010631799698 0.1294020712375641 0.7049979716539383 1.001598209142685 250.8832928910851 121.3790095672011 192.2560864686966 257.487981043756 0 3.918491549789906 39.96229459345341 240.4660013690591 54.98420159518719 128.1701950207353 0 0 14.55237702280283 12.85951995849609 32.33009241521358 321.4606028273702 2.897812016308308 18.97885745763779 24.2851010710001 48.98967431485653 1.441642597317696 8.430926084518433 0.1128049716353416
1.040471784770489 1856.733955703676 440.2781787887216 0.2676916420459747 0.3169273287057877 1.541204117238522 20.90156749635935 7.575885288417339 2912.985429644585 3.30433814227581 15.74452013522387 4.623018965125084 28.36329942941666 5.611580722033978 8.599602274596691 4223.967928297818 25.31661810725927 1.107861682772636 4.379407130181789 0 254.983505859971 1705.037849187851 1479.475432232022 6670.286073818803 156.5651643052697 44.03087858110666 7270.575117938221 201.5490007102489 10.77597244828939 30.64463976770639 3.454890735447407 0.2718037515878677 4.352034598588943 82.01033040881157 7.853442423045635 523.2308470830321 130.0478055551648 287.9318059384823 136.8280576840043 58.33034843206406 0.9601059257984161 6.55530072748661 1.791077256202698 2.007985971868038 11.70853271335363 151.5479547306895 0.09094724059104919 0 0.502825528383255 10.58281094580889 1.43187814950943 14.59763751924038 0.4462441578507423 1.807163849473 0 2.861742042005062 2.010950669646263 0 662.2415678948164 3.32926981896162 0.5510080605745316 0.6216634586453438 0 53.84442692250013 133.9355449080467 420.5478359758854 85.52089271694422 2.611676000058651 4.6994274482131 1242.570444345474 56.60012385994196 6.750867925584316 17.03915929794312 0.8172179982066154 0 1.21882463991642 5.082182839512825 1.924142330884933 52.36091910302639 10.81174934655428 17.08813648670912 9.612482741475105 3.380784630775452 0 0.611952155828476 0
157.1731736510992 15.42862575501204 10045.66086345538 0.9098180830478668 2.907665476202965 12.97452342510223 1385.285758301616 270.2015982940793 80.81700019538403 33.81335539370775 37.61860289424658 4.653518475592136 43.82809030264616 325.8450523838401 0.8331673890352249 3503.62040848285 5487.677190303802 20.35315724462271 152.2649349942803 2.08030067384243 8611.283809013665 1479.475432232022 18130.09899303317 824.7359360009432 6.331117734313011 1651.219803348184 9258.036005824804 1844.402835547924 189.8886701390147 3059.474375076592 0.3475209623575211 6.387739285826683 44.61148403584957 3301.073723420501 223.5549990534782 9332.814001813531 8026.947750493884 6298.19194740802 5147.524263493717 313.0800271853805 10.68791580945253 27.62336172163486 76.72988460958004 4.91187983751297 5.558089956641197 201.0793008431792 0.7594154477119446 0 0.08576732128858566 31.31507530063391 4.617185026407242 10.59788270294666 1.362635269761086 4.232497729361057 0.2037936821579933 2.366402365267277 6.837418965995312 0.1182410344481468 2088.376152336597 5.558238007128239 0.3975400105118752 1.341408140957355 0 243.8341528177261 406.9465020447969 2182.900017477572 127.287976488471 0.5027332380414009 4.419412955641747 1726.89678286016 129.1307773813605 30.29436114430428 88.10103862732649 0 0 8.473838575184345 14.59307409822941 61.87127057462931 615.3893591761589 31.28618848323822 41.95710114389658 42.04142837226391 32.55515912175179 0.8202760815620422 12.79143664240837 1.621180281043053
140.9704885482788 459.0626857802272 48.37129407376051 1233.328560397029 12.16567156463861 506.6245167627931 953.1221555806696 652.6628045812249 12437.77526859939 1065.697021048516 11.48331981897354 812.5718263536692 18.46639745682478 397.8117301091552 289.8712161555886 2600.129165887833 46.5501285046339 5.826624229550362 9.350865021348 705.7341122254729 783.0461148917675 6670.286073818803 824.7359360009432 13438.59873116761 24.79722076654434 41.32626459375024 1913.355226971209 7871.144652750343 978.5643927752972 1275.442125424743 1.554533518850803 9.201843149960041 301.4845503792167 546.3238701894879 34.99671860784292 2466.240810200572 36.2977015003562 772.694758862257 462.7125089801848 983.5899054557085 32.66994023323059 12.85733567923307 29.00675047188997 28.49350215494633 4.402578823268414 7.40592198818922 209.2635577246547 2.953235998749733 69.60133939981461 734.6314292103052 150.2162914648652 1225.868172943592 192.684474170208 5.226599752902985 116.1890163570642 4.764412634074688 96.36367094516754 40.39871691167355 311.6121973320842 1.676189035177231 1.240026757121086 0.7073925212025642 129.2375888898969 122.8348186165094 150.8000872582197 99.55492141842842 3388.072859495878 0.8722746670246124 4.314314253628254 137.4629409909248 2495.172314122319 113.307012476027 246.0114784687757 0.190789982676506 2.061280958354473 5.268681213259697 24.09140087664127 9.066832885146141 513.5412196815014 7.029354937374592 112.5312660261989 26.10349939018488 272.7456420063972 6.890206508338451 5.236925937235355 3.297634892165661
0.6737446561455727 1267.651428386569 0.4437877684831619 0 0.3868337646126747 0.6197870224714279 0.1553666740655899 1.147790379822254 38.02501522004604 0.103243388235569 1057.742145560682 0.6331285834312439 3877.396494694054 0.7470566928386688 0.226263552904129 9.055370859801769 0.9205121248960495 13.83932406455278 11.92814277857542 0.07115987688302994 5.144548118114471 156.5651643052697 6.331117734313011 24.79722076654434 579.885457970202 480.825495056808 6148.193797498941 5.951460778713226 1.082557395100594 5.859841644763947 631.830101840198 0.7277344539761543 0.2186001390218735 26.30224297195673 4.354307293891907 121.0978546068072 346.0550641342998 323.6839266866446 65.79329027235508 13.08539952337742 22.80317199230194 575.1464063301682 9.47940868139267 0 210.0595847219229 1.338347934186459 0 0 0 0.2775719165802002 0.8352431505918503 4.266704641282558 0.6064813584089279 223.6697282493114 0 1651.836790792644 0 0 0.9918508231639862 1.15181777626276 28.4871793165803 9.515379019081593 0 1.399226069450378 39.6091915667057 1.808216840028763 2.801260679960251 617.3923132494092 247.4129534289241 911.6134930849075 0.6153734028339386 0 2.90549772977829 106.7521906718612 0 0 8.758661381900311 7.394424796104431 111.626842930913 93.6391090080142 30.75088848918676 13.03558118641376 7.105261772871017 28.10124909877777 96.9271481782198 10.18020343780518
231.5942774116993 211.5144007578492 9768.555053792894 1.949535109102726 38.88842501491308 77.55275672674179 756.0120308771729 738.555695656687 20.85404040664434 56.28069157898426 2677.641695693135 20.09081449359655 449.5752796754241 718.5643683820963 1.507253400981426 7.31458518654108 1693.040035761893 3016.385598987341 3669.522694088519 11.25246731936932 62.28063155710697 44.03087858110666 1651.219803348184 41.32626459375024 480.825495056808 29720.08000901341 12496.55589859933 97.23834316059947 385.4725881330669 250.9621544703841 1484.924667850137 72.88615697622299 39.40611358731985 1135.091333627701 16.35165069252253 2359.533414140344 6841.383686818182 2889.900557532907 758.4618214741349 50.65108377486467 14.45539896935225 107.9795845076442 9.864157624542713 0.9781405031681061 773.8884059041739 493.9412850141525 0 0 0.1297786086797714 7.493483364582062 1.265615835785866 2.434632569551468 0.278016485273838 272.8212145268917 0.3634996339678764 1394.505702577531 2.715275175869465 0 3.279699355363846 123.3020821884274 227.5516340211034 246.7586461007595 0 3.232174448668957 18.71966564655304 23.31407605856657 13.8921289741993 895.4256351664662 2262.961741365492 3443.209930054843 13.10018418729305 1.908782839775085 7.357139259576797 238.3347819447517 0.2954675108194351 0.2229505479335785 17.32403369992971 9.811846777796745 58.90684483200312 409.6254619434476 37.87656194716692 9.633801765739918 3.740516796708107 0.1410179734230042 3.616771675646305 0.181230902671814
56.21219062805176 11293.27634529024 7347.319270521402 1.467569753527641 11.60903064161539 25.60365098714828 158.6434631720185 73.839654289186 988.1181864365935 19.04829566925764 1014.551866769791 10.98575004935265 2768.615136884153 147.5768122300506 4.639844551682472 2509.634599290788 3485.231251783669 490.0895929560065 1423.3835022524 4.268028363585472 608.7631389647722 7270.575117938221 9258.036005824804 1913.355226971209 6148.193797498941 12496.55589859933 37151.49027907848 1019.589136011899 144.013937368989 174.7226416841149 1786.414251945913 26.66757589578629 20.97270492464304 1881.420031294227 105.9686011597514 7102.214019164443 5563.657386504114 5698.629179157317 2007.956474997103 161.6033016294241 7.341761633753777 69.26619291305542 36.18248809129 7.99482536315918 3462.067343711853 3752.687684617937 0.7428691238164902 0 1.357292748987675 108.5088653191924 16.35354034602642 18.19560439884663 1.489986404776573 211.3548706099391 0.3784430548548698 1173.011526815593 23.73556633293629 0.4908754676580429 983.4608855471015 223.9116448760033 196.6349164173007 273.0579852238297 0 49.77197141200304 1106.204988859594 2328.892760872841 123.3774792924523 968.7704631760716 3345.679205037653 14467.28170866519 76.77801142632961 7.766605645418167 31.84711772203445 200.1172640696168 0.3475010022521019 1.586652435362339 58.55831871926785 43.26578831672668 495.3283614292741 734.2489572763443 229.2389222532511 92.51758331805468 9.18519489467144 0.8098534494638443 6.416567772626877 0.9045029953122139
295.7138887643814 22.78018415719271 269.1980522125959 2288.935353443027 7.718658916652203 814.1617926210165 17621.50286609679 1147.473061371595 1426.925064079463 6540.020757075399 5.862337104976177 543.4187072366476 17.70577768236399 606.7127556428313 39.2484465315938 2067.560255646706 78.84412866830826 5.922269999980927 11.90749672055244 1784.539389632642 4995.151980429888 201.5490007102489 1844.402835547924 7871.144652750343 5.951460778713226 97.23834316059947 1019.589136011899 22139.86581476033 1567.330386944115 8200.145565606654 0.5826873928308487 9.524791561067104 528.4290483519435 986.6373322457075 49.1101606413722 2912.887060694396 60.54711822420359 1038.429106652737 650.1462351158261 393.2839355394244 25.31562674790621 16.70072439312935 32.41199377924204 26.8278234153986 1.362901359796524 8.701653353869915 206.5659060701728 1.422285825014114 50.09383723884821 487.1467542499304 104.1864574328065 453.9903112947941 148.1748606786132 12.72960382699966 85.34416538476944 2.92982180416584 88.12323443591595 25.84868820011616 163.1258828416467 1.766125328838825 0.6462055966258049 1.117992207407951 115.5397518277168 74.61858811229467 54.40583195537329 61.01766057312489 1991.376069314778 0.2251175120472908 2.452618233859539 80.031867146492 1462.457417540252 110.7394053041935 214.3313999176025 0 0.7437803968787193 6.966225184500217 20.17338957637548 12.32918424904346 470.2503348737955 2.953962422907352 71.73277315497398 18.00540190935135 224.601556263864 5.278398476541042 12.65161554515362 2.667299896478653
