1445.339272901416 0 324.4261047914624 15.55262776464224 0 36.02091506868601 2698.553484782577 515.909577190876 12.56124808639288 64.2167641222477 16.60115840286016 3.114506058394909 2.0560048148036 5905.871077619493 0.148434117436409 0.6956164687871933 245.5054792538285 18.37222382426262 17.17100815474987 8.866820260882378 46.67554361373186 0 172.5137928724289 75.59437802433968 0 169.6466433852911 46.79024662822485 123.2891287133098 3170.770142748952 2076.671514458954 1.289034359157085 10.19904091209173 47.7251925393939 234.5691472440958 0.6531492471694946 18.61122737824917 31.02935345470905 215.8954073339701 14.86388205736876 0.2082342579960823 0.2050152495503426 0.3268304169178009 0.3106816709041595 0.1703473031520844 0.1214019283652306 0.5852338075637817 0.787349209189415 0 0.1602414697408676 16.44984299689531 2.611672550439835 1.445840798318386 1.004909761250019 0.1885604858398438 0.421687975525856 0.1385004073381424 1.224239267408848 0 1.448867343366146 0 0 0 0.2620185688138008 0 0.7345987856388092 0.7726755887269974 25.0719161555171 0.1690439283847809 1.209514915943146 4.998547241091728 33.17106944322586 2.141450226306915 5.281991474330425 0 0.3354965224862099 0 0.8022421151399612 0 4.065712429583073 0.1727791279554367 2.62929567694664 0.226636566221714 2.557249657809734 0.5708715170621872 0 0
0 114.4327286109328 5.639619380235672 0 0 0.4526527971029282 1.475136920809746 0.3657116591930389 586.4076906964183 0.2358260676264763 53.60398477315903 0.1049089878797531 750.4429621547461 0.119249701499939 3.716221168637276 54.08996834605932 5.855747744441032 0.2237327843904495 0 0 3.039844192564487 1828.419725656509 4.083143912255764 667.1170107573271 2220.388432756066 65.39255375415087 3320.338975191116 6.873944029211998 0.1299205273389816 0.2582291960716248 23.9242110401392 0.1868943572044373 0 17.84259555488825 0 5.74075984954834 44.67883588373661 25.6869987770915 2.470876276493073 2.672497227787971 0 282.813843101263 0 0 146.0137882083654 12.15818277746439 0.2038394957780838 0 0.1038078814744949 3.136255294084549 0.6834535598754883 5.274878911674023 0.6114678084850311 11.47127464413643 0.09995992481708527 40.50077559798956 0.2712842598557472 0 5.87470705807209 9.581166163086891 0.3321924954652786 9.849464565515518 0.4321563541889191 0.4189104735851288 67.47617441415787 0.6359203159809113 9.998105645179749 23.26739516854286 152.0915143415332 1414.756518125534 6.973028115928173 0.513516291975975 0 6.103329956531525 0.2162985801696777 0 4.451041698455811 1.193164944648743 10.66989402472973 11.31362674385309 10.03271675109863 2.038410380482674 0.8907521814107895 0.3997068703174591 2.90367291867733 0.1236506849527359
324.4261047914624 5.639619380235672 6710.98922649771 0.3695524632930756 0 126.7298052385449 453.0723968595266 1439.323808833957 0.5715344399213791 20.18730597943068 26.68460837006569 0.6599107906222343 6.981260806322098 1757.393126823008 0.6594304367899895 2.546683318912983 3450.925470739603 28.34027437865734 24.39469296485186 0.55032067745924 2590.662691839039 4.093472249805927 12262.24869858474 9.792028769850731 1.318830221891403 6572.69158603251 4466.988328486681 112.5084108263254 217.5694338530302 1279.547291070223 1.402590595185757 7.567263282835484 12.90785297751427 709.896377004683 42.42869938910007 2030.336785361171 5614.305980078876 2782.48148599267 808.5630889087915 26.72812901437283 4.783269256353378 15.16876731812954 5.051047816872597 1.176460660994053 300.3601212203503 1089.025956325233 1.051401644945145 0 0.8377192765474319 32.7666127383709 7.192615173757076 0.1826474964618683 2.563919752836227 2.95565864443779 0 0.5140291750431061 8.087274573743343 0 38.16959051042795 255.6851723790169 1.782956391572952 94.05616268515587 0.8505668044090271 19.67725899815559 231.8069433793426 34.4954966455698 25.72054566442966 1.815939456224442 590.716265745461 4909.965190000832 29.6122220531106 4.427010901272297 11.24044618010521 1.213696494698524 0 0.6266574114561081 44.05556510388851 5.911528810858727 119.9662670195103 33.88874300569296 169.6295931562781 42.83726102113724 2.01303043961525 0.7486786395311356 0 1.206288143992424
15.55262776464224 0 0.3695524632930756 2587.969175726175 0.5641651749610901 117.7445944175124 308.4380522668362 74.9015791118145 1253.426512695849 2424.045516930521 4.771312654018402 1080.165624164045 1.093078449368477 44.4322992041707 94.39514816552401 1.603283360600471 0.6294420659542084 2.150684483349323 1.290805794298649 6546.997071012855 3.755574010312557 3.108639240264893 0.6465428918600082 2435.575282759964 5.173545777797699 6.901498228311539 18.57200917601585 2301.051388606429 139.1981061846018 1.47445884346962 0.5217489898204803 3.985027156770229 8.390685096383095 45.93151264637709 3.470738060772419 250.1879362687469 2.696407236158848 138.5725824087858 70.36771599203348 98.55009523779154 14.57690469175577 1.459487833082676 4.702029012143612 0.2791647166013718 1.163754403591156 0.386846736073494 289.7784550115466 0.1569144129753113 21.97760235518217 69.26026796549559 17.03837735950947 225.4076135829091 232.2487494796515 0.4154269397258759 251.8912430033088 0.3193124532699585 1.169681072235107 3.81101456284523 0.5893292799592018 0.1800676882266998 0 0.6170629411935806 296.3470374718308 1.761725284159184 2.475449040532112 0.2092729508876801 300.8408597037196 0.5500983074307442 0.4653720259666443 2.545414879918098 398.3813716471195 0.9618238210678101 0.8648689389228821 0 0.1050302311778069 0 2.158721573650837 0 5.220989026129246 0 10.96778082847595 4.109105363488197 32.81994651257992 0.5649633333086967 0.396688312292099 0.2194586247205734
0 0 0 0.5641651749610901 16.0457783639431 535.9231473878026 2.233482792973518 8.814359083771706 42.88165366649628 9.796825081110001 11.0896323248744 79.69112124294043 5.127445489168167 1.74176324903965 1075.655082508922 0 0.4073814824223518 4.701291792094707 1.222522079944611 5.265627086162567 0 0 0.1169735416769981 8.861835867166519 1.401261210441589 5.855218045413494 2.522784106433392 3.47094950824976 52.37534690648317 0.219668872654438 1.047630310058594 56.41057227551937 0 408.6933002248406 4.929220765829086 131.985820248723 3.254967346787453 112.6608914658427 54.45674849301577 986.4137160778046 63.52523800730705 3.95584237575531 1.391743540763855 0 0 0 0 0 0.3887118399143219 0.774166464805603 0 0.9526726007461548 0 0 1.136443614959717 0 0 0 0.16505466401577 0 0 0 0 0 0 0 0.3358157873153687 0 0 0.1262398213148117 0.7096037641167641 0 0 0 0 0 0.8177980929613113 0 0.6456350535154343 0 0.4188237935304642 1.539815679192543 5.715693950653076 0 0.6225943267345428 0.4501924216747284
36.02091506868601 0.4526527971029282 126.7298052385449 117.7445944175124 535.9231473878026 9145.231828220189 2746.835804581642 3772.549453094602 76.17436783760786 5231.520051971078 130.1421778053045 7049.360887758434 30.37411729246378 408.7453201785684 1802.354580201209 1.871336810290813 34.63710933178663 65.67346804589033 40.9016405493021 359.5594242662191 108.5848012715578 2.385373339056969 27.05436178296804 250.2919121310115 4.655764199793339 251.477504901588 89.61668609082699 1179.46450792253 488.0291533321142 40.73576702922583 10.00421484559774 273.487177349627 7.527459464967251 1051.263703592122 21.67897693812847 1231.098769724369 37.57962577790022 810.1080043837428 355.8516051098704 2835.658793233335 436.4535890370607 22.62472315877676 9.067191399633884 0 0 1.436954379081726 40.52478978782892 0 7.140138827264309 92.85736086219549 21.20659487694502 17.51306294649839 53.1191048771143 0.1053002178668976 38.97358249127865 0.2567782029509544 3.321425087749958 0 2.016431353986263 0.2260305285453796 0.2446368113160133 0 64.43350707739592 1.64479998499155 0.6505689099431038 1.874174125492573 87.03731596469879 0.2809839621186256 1.301090493798256 13.24140492081642 143.271866120398 1.480696089565754 5.055821068584919 0.2446402460336685 0 0 5.65202409029007 3.422815144062042 11.69482287764549 1.445333018898964 10.0512031391263 3.218517936766148 11.51790856570005 5.911921717226505 3.124005183577538 1.346118524670601
2698.553484782577 1.475136920809746 453.0723968595266 308.4380522668362 2.233482792973518 2746.835804581642 13538.43524281681 5662.199824646115 188.2436561062932 9089.773976005614 55.54236748069525 103.5803838819265 13.75774403661489 6663.18696359545 16.86826792359352 63.19016282260418 30.32581929117441 30.64692260324955 19.72516209632158 49.41648481786251 1021.504189349711 19.87842433154583 370.2414925098419 1575.675667621195 8.084497213363647 479.5387886911631 573.718876414001 17807.00971584022 1451.522491693497 5977.628063544631 5.213949054479599 37.60857944190502 107.9533365443349 542.668732136488 49.57595597952604 2125.650743752718 79.43140090256929 1542.249187856913 699.1648394837976 382.1838278248906 113.2970889061689 9.464581280946732 36.21601342409849 2.757659137248993 6.979691132903099 14.77946259826422 115.5040283128619 0 41.94167249649763 876.9480656683445 258.0046506524086 129.129159770906 233.2842693328857 4.645307794213295 121.3580958545208 1.61160235106945 47.5938259139657 2.013373523950577 18.51950231194496 0.8286995738744736 2.425456151366234 0.8954329341650009 217.1687862947583 11.53271917253733 15.79291555285454 17.46898470073938 837.3057663291693 0.7219427227973938 8.427709512412548 130.1151081770658 1096.462124601007 28.64753962308168 45.87773942947388 0.269990012049675 1.321578599512577 1.827603600919247 31.76227030158043 3.907082870602608 84.31586960703135 2.269681729376316 94.80583319813013 14.20158465951681 82.65793018788099 10.79051645845175 1.070757910609245 1.403247162699699
515.909577190876 0.3657116591930389 1439.323808833957 74.9015791118145 8.814359083771706 3772.549453094602 5662.199824646115 9029.860820382833 38.09702710062265 3174.673271656036 206.3582894653082 1015.713522419333 16.62426516413689 6640.942204222083 121.5080479457974 2.379019126296043 695.025174818933 153.4962245225906 106.442702896893 304.0070878788829 383.1312346756458 2.76848266273737 304.2016489803791 614.6285789906979 2.406444646418095 1273.767974592745 246.4563527628779 1339.889455787838 2630.306602835655 973.7388877719641 13.16925641149282 283.5298194512725 9.66266356408596 1119.255412943661 14.27960446476936 704.8038021251559 121.9857801869512 611.0495698004961 149.0943194106221 634.6866766363382 44.36879932135344 9.698887623846531 6.205318219959736 1.855923376977444 1.10681277513504 6.370510637760162 16.59409935027361 0 10.18077329546213 375.5346616879106 61.0075661689043 25.70150905847549 52.57430697232485 1.201759502291679 29.35912200808525 0.8577765598893166 17.5072128623724 0.2073111236095428 9.464926704764366 1.353909365832806 0.6805131211876869 0.2271124422550201 52.95800995826721 3.210933648049831 3.105156570672989 8.988025292754173 347.0214803516865 0.6470776721835136 3.210423566401005 32.70197489112616 382.4280785396695 14.03052753955126 25.94278536736965 0 0.3331383168697357 0.8121967166662216 12.1559888869524 0.1008507087826729 32.8041235730052 1.174329861998558 21.00535769015551 3.080847889184952 25.32966635376215 3.096476674079895 1.064519762992859 2.679499089717865
12.56124808639288 586.4076906964183 0.5715344399213791 1253.426512695849 42.88165366649628 76.17436783760786 188.2436561062932 38.09702710062265 605.9320118501782 301.6297969892621 6.08696722984314 1330.586354605854 58.56051988899708 20.09752256423235 1043.726858690381 13.04180283099413 5.628750711679459 0.8697415590286255 0.3760184198617935 1425.254684023559 8.353443540632725 2682.921290740371 2.432872027158737 9114.226848624647 330.8149627149105 17.52536118030548 1334.900524832308 1587.007044143975 98.86752530932426 78.91261381655931 7.65432396531105 4.334461830556393 15.1743079572916 24.2517534121871 4.243772476911545 164.9602236300707 16.99364827573299 59.46039666235447 38.27056389302015 530.1818808764219 6.448609501123428 11.85336024314165 1.848243221640587 7.95538154989481 18.5845719948411 2.383475355803967 271.3456081449986 1.943600535392761 46.04748594760895 154.070648804307 43.18586422502995 217.6818046346307 138.7563786357641 2.599609889090061 327.1252052336931 4.74516873806715 22.774967238307 18.18914432823658 89.50773376971483 1.527494192123413 0.3116973638534546 1.274234592914581 253.7220043689013 31.43253118544817 128.613325342536 12.07573837041855 2345.854212127626 6.218537651002407 9.551886335015297 45.12450197339058 850.5129210352898 57.19873894006014 145.213121175766 0.3071430325508118 0.1924418807029724 3.355071887373924 11.70255547761917 2.495986476540565 49.15806891024113 2.567891679704189 31.01444619894028 6.312256835401058 96.56198325008154 2.802061527967453 1.060460090637207 1.002215936779976
64.2167641222477 0.2358260676264763 20.18730597943068 2424.045516930521 9.796825081110001 5231.520051971078 9089.773976005614 3174.673271656036 301.6297969892621 31767.31888327748 45.35063261538744 6929.775728516281 14.0842188000679 752.3195734843612 35.50667738169432 3.889051735401154 3.396373219788074 31.74671377241611 16.97997944802046 4533.611751668155 37.89127615839243 3.000330992043018 12.50685738772154 846.8542838171124 6.101343065500259 104.4932463765144 77.52969019114971 5667.702337726951 724.8445136472583 10.76052878797054 5.671087920665741 46.77895208448172 16.80379492044449 360.2154253944755 21.44005885720253 1476.594169855118 32.58782956749201 1408.417737841606 437.0660701543093 164.0627575591207 150.3502137362957 10.16209918260574 29.65569227188826 0.6533909291028976 0.8069648668169975 3.124305211007595 403.013632170856 0.2972182333469391 39.75601164996624 252.7338702082634 80.13380132615566 157.7144918888807 400.5100328251719 1.490971855819225 409.7620500922203 0.7769086882472038 8.783850014209747 5.590025819838047 2.399181477725506 0 0.5321515575051308 0.6886364594101906 511.5891270563006 1.133999824523926 2.705477811396122 2.24192787706852 448.9883526340127 0.1608417481184006 3.048388175666332 10.33848905563354 728.7001700028777 3.935029827058315 1.390264414250851 0.2041806727647781 0.4279800355434418 0 22.60728299617767 0.968953013420105 14.23554556816816 1.359920836985111 30.8561991378665 1.857502080500126 39.28332781046629 3.850232996046543 0.5642906054854393 0
16.60115840286016 53.60398477315903 26.68460837006569 4.771312654018402 11.0896323248744 130.1421778053045 55.54236748069525 206.3582894653082 6.08696722984314 45.35063261538744 9185.921861954033 70.14942457526922 1421.120975323021 132.0915056690574 7.15570130944252 5.792635209858418 367.5815222486854 2188.003352664411 677.1669195145369 27.0491649210453 15.48892575502396 19.45729054510593 84.51042467355728 27.12065227329731 209.2205732166767 1752.242361083627 397.2918160632253 31.00199846923351 231.8397477418184 25.68993750959635 132.4773328527808 322.0971428155899 2.304692395031452 7561.21288099885 21.62747699767351 750.2047930136323 2428.279366731644 2360.86122674495 596.5248830989003 55.56119105964899 95.66678996384144 836.6682079583406 2.835792303085327 0 5.499562412500381 0.2674374356865883 0 0 0.2668468654155731 12.81000933796167 0.6842292994260788 0.8911995887756348 2.484643526375294 311.3620820119977 0.6707414239645004 554.280940502882 0.1115868911147118 0 0 0 3.160168290138245 1.016609936952591 0 0.4023670554161072 0.1524363905191422 0 15.80606818944216 11.82568809390068 33.86435533314943 99.45342990756035 16.7840645685792 2.04980693012476 0.4814768806099892 25.59364146739244 0 0 45.80773391574621 4.766474843025208 7.003692612051964 172.9359695315361 20.14181703329086 10.52650221437216 0 2.082107231020927 136.1278647184372 0
3.114506058394909 0.1049089878797531 0.6599107906222343 1080.165624164045 79.69112124294043 7049.360887758434 103.5803838819265 1015.713522419333 1330.586354605854 6929.775728516281 70.14942457526922 11149.62468354404 22.13752607256174 190.1081552654505 1126.786790624261 0.394412100315094 0.9982311427593231 39.55515547841787 20.19768982380629 7021.446026034653 0.6633443832397461 0.130192905664444 0.34220340102911 603.233664996922 26.7887612208724 90.79468763619661 48.92374735325575 428.2256904691458 232.718813881278 0.9127425402402878 8.021187044680119 80.14129465818405 0.09986927360296249 345.0674506649375 0.8728506416082382 475.2466172352433 10.67679629474878 927.0433808118105 151.77074932307 2296.571290947497 111.5746288001537 10.58048765361309 5.483617693185806 0 0 0.161725640296936 112.6734284237027 0 28.68563540279865 48.16416074335575 10.60545860230923 82.36931623518467 114.2690099775791 1.186737358570099 467.7191219776869 0 1.066496789455414 8.111799836158752 0 0 0 0.1345334053039551 190.6845339536667 0.1091418266296387 0 0 90.37616695463657 0 0 0.3998015075922012 121.9952973872423 3.626570537686348 0 0 0 0 11.30929747968912 1.269602179527283 15.72218242287636 0.125327855348587 7.75909499078989 5.907365210354328 159.6308562457561 1.158975757658482 11.61218944936991 4.634837046265602
2.0560048148036 750.4429621547461 6.981260806322098 1.093078449368477 5.127445489168167 30.37411729246378 13.75774403661489 16.62426516413689 58.56051988899708 14.0842188000679 1421.120975323021 22.13752607256174 3942.941915079951 9.896866604685783 12.97255615890026 5.225892908871174 4.341539457440376 12.95108192414045 5.885018661618233 12.86930467188358 4.237961433827877 211.1610093936324 13.33336028456688 53.4751141294837 3531.097501903772 445.9966065511107 4513.642090789974 10.85633914917707 12.02910930663347 3.556914895772934 390.0805479735136 27.66070555895567 0 1248.034631244838 62.76429069042206 1380.542525716126 6701.15747602284 3662.917924299836 609.2301438748837 86.32815159857273 249.3336942046881 1640.44925212115 6.600673876702785 0 17.80772619694471 0.9162129014730453 0.2575806677341461 0 4.036630503833294 2.386018417775631 3.205944582819939 1.429353877902031 0.3427875488996506 1768.354231715202 0.6816531047224998 3015.992941811681 1.044592119753361 0 0.4540603384375572 1.257417842745781 2.177288591861725 7.056446760892868 2.244951292872429 0 5.078195206820965 0.5915076062083244 4.667438447475433 140.6494312435389 77.76464647054672 298.5023203939199 4.735541388392448 1.575582601130009 0.1631725877523422 91.764468729496 0.4128050953149796 0 210.6063414886594 12.01288378238678 190.6313673704863 790.0011379346251 102.6689289733768 73.93252775073051 13.49833199381828 42.75966098159552 458.9986871704459 12.6548410654068
5905.871077619493 0.119249701499939 1757.393126823008 44.4322992041707 1.74176324903965 408.7453201785684 6663.18696359545 6640.942204222083 20.09752256423235 752.3195734843612 132.0915056690574 190.1081552654505 9.896866604685783 10140.81514946371 7.992020808160305 2.385712295770645 938.5478416457772 118.6855486780405 105.8835513442755 123.7116560712457 281.667913608253 0.4450830668210983 534.6239662617445 185.0209351629019 0 1144.840843573213 277.4397140219808 545.10593406111 9918.830988064408 2961.942922152579 7.620529353618622 225.5489299669862 24.67327539622784 1270.507672198117 3.598478652536869 240.2203856706619 146.2851460799575 924.3046184629202 72.72473393380642 57.84440475702286 16.35134220123291 1.308688312768936 1.864509359002113 0.7259399220347404 0.5151876211166382 3.794693812727928 4.828091032803059 0 0.6490639001131058 71.06745061278343 16.25532273203135 7.864368952810764 6.613409347832203 1.239183470606804 4.761197976768017 0.5117054432630539 5.271518796682358 0 8.587847970426083 0.7243051081895828 0 0.4877103418111801 6.045968227088451 3.221077308058739 3.3233792334795 8.167306073009968 84.32473293691874 0 2.7270278185606 28.80203665047884 124.6561819389462 4.351426094770432 15.61755588650703 0.1534831821918488 0 0.8474739268422127 1.512243025004864 2.243768438696861 20.40708324313164 0.407346710562706 11.71825501322746 1.195929303765297 6.094504229724407 1.639908164739609 0.1436576545238495 0
0.148434117436409 3.716221168637276 0.6594304367899895 94.39514816552401 1075.655082508922 1802.354580201209 16.86826792359352 121.5080479457974 1043.726858690381 35.50667738169432 7.15570130944252 1126.786790624261 12.97255615890026 7.992020808160305 583.4859447926283 0.3430391252040863 0.3506112322211266 1.356805644929409 0.9441357403993607 124.3084982559085 0.5626361593604088 10.57610563933849 0 702.3941197469831 7.961671136319637 3.930842034518719 11.89407768845558 72.78729663789272 634.8973944559693 2.474212780594826 0.4966279938817024 533.175024189055 0.5015455260872841 218.9097587540746 0.9363536834716797 309.7233383953571 16.17248405516148 55.76473575085402 10.33147517591715 2817.546650245786 91.20874451100826 23.4696594029665 0.33468958735466 0 0 0.1662618219852448 16.49389724433422 0 28.6126900613308 5.58172744512558 0.1433889120817184 30.42023913562298 21.36630935966969 0.515412226319313 129.5711998566985 0.1249901205301285 0.2606433033943176 1.393638491630554 0.3409165292978287 0 0 0 36.49890679121017 0.1294374465942383 0 0 24.74120382219553 0 0 0.3327509015798569 24.09009497612715 0 0 0.1972785443067551 0 0 9.994132205843925 0 3.023070156574249 0.6953178495168686 4.382662162184715 1.136030167341232 122.307849496603 0.1870937645435333 1.052430897951126 0.3499954342842102
0.6956164687871933 54.08996834605932 2.546683318912983 1.603283360600471 0 1.871336810290813 63.19016282260418 2.379019126296043 13.04180283099413 3.889051735401154 5.792635209858418 0.394412100315094 5.225892908871174 2.385712295770645 0.3430391252040863 4641.715164504945 15.64645349979401 0.4563649147748947 0.6007291674613953 0.1260043829679489 2292.858835831285 831.5241397023201 4032.438270278275 3531.986627273262 11.96282449364662 44.87954934686422 3399.82004430145 1980.040295422077 8.987024515867233 65.80091907083988 0.2273655384778976 0.1717008948326111 2.702188834547997 24.26468931138515 35.40316435694695 995.6011882424355 623.2913755699992 263.6596604511142 350.3872193694115 17.23495942354202 1.270480573177338 1.787877701222897 6.842089481651783 1.482978224754333 7.379494979977608 22.2314190492034 1.631577968597412 0 0.6883528083562851 56.41668870300055 4.760338358581066 9.929399497807026 4.509843617677689 0.2001517117023468 0 0.1987367868423462 2.374659605324268 0 4246.264417164028 3.069121323525906 0.1211988106369972 2.009512543678284 0.8961424231529236 565.1973021477461 832.2914467677474 2493.212846025825 248.6223695799708 0.1203859597444534 4.732583723962307 1296.34329675138 268.0934596136212 14.71511944383383 75.77788832783699 0.1104115024209023 0 1.625697135925293 3.977620877325535 3.1541837900877 60.79910283535719 15.63963136076927 21.16965986043215 27.33047389239073 1.049987889826298 0 0 0.1966909021139145
245.5054792538285 5.855747744441032 3450.925470739603 0.6294420659542084 0.4073814824223518 34.63710933178663 30.32581929117441 695.025174818933 5.628750711679459 3.396373219788074 367.5815222486854 0.9982311427593231 4.341539457440376 938.5478416457772 0.3506112322211266 15.64645349979401 1246.427218839526 942.3765635341406 3403.526860751212 1.312757909297943 876.6947617307305 13.91586475074291 3751.703730508685 28.81756004691124 1.360551759600639 4721.213402181864 4231.340345881879 48.76458196341991 1329.062628604472 1169.333232603967 2.116053596138954 11.30829974263906 128.0595169812441 1888.564312852919 2.585103802382946 148.7988712340593 211.2070384696126 806.5444013401866 168.4734624922276 1.719917297363281 0.8772201910614967 1.286481291055679 1.484765440225601 0.9918138235807419 9.821421317756176 6.899967908859253 0 0 0.1106812730431557 4.027616679668427 0.317162960767746 0.4366947188973427 0 0.27491095662117 0 8.672147780656815 0.7137323915958405 0 5.889780178666115 5.127611726522446 1.662851676344872 14.57694385945797 0 4.87826681882143 0.9926688671112061 1.939421564340591 4.992982603609562 0.4899380803108215 147.978106059134 176.7055139318109 9.476649880409241 1.103283815085888 3.485408589243889 4.400339514017105 0 0.1875821053981781 1.173635728657246 0.8168620467185974 8.272550195455551 1.265430979430676 4.651156902313232 1.332413159310818 0.7483694553375244 0.3233744204044342 0 0
18.37222382426262 0.2237327843904495 28.34027437865734 2.150684483349323 4.701291792094707 65.67346804589033 30.64692260324955 153.4962245225906 0.8697415590286255 31.74671377241611 2188.003352664411 39.55515547841787 12.95108192414045 118.6855486780405 1.356805644929409 0.4563649147748947 942.3765635341406 610.0890266895294 1364.989666260779 16.31626537442207 14.54924372583628 0.3983892202377319 57.94103556126356 13.63484978675842 5.912055693566799 2576.999387457967 183.740189678967 18.54400946199894 193.8393230289221 33.77969456464052 15.37998843193054 164.3297681882977 4.846925787627697 2232.702867880464 6.390410996973515 466.1265402808785 758.9973867088556 1014.493769265711 365.392219260335 19.95779727399349 4.543469183146954 8.124036595225334 0.943001851439476 0 0.8475692719221115 0.5259596779942513 0 0 0.307807594537735 11.99675787985325 0.3380505740642548 0.7023876011371613 0 56.51508090645075 0.2706964984536171 440.5691786929965 1.233998537063599 0 0.07718009501695633 0.3168532401323318 6.173415802419186 7.366710618138313 0.6502689123153687 0.3113106340169907 0.255237028002739 0.4049433767795563 5.644215501844883 23.02841171622276 95.97391967475414 187.9205331876874 7.76170189678669 0.3673822432756424 0 93.57433938980103 0 0 1.688280120491982 2.415912449359894 3.137828387320042 4.287146650254726 2.50730849802494 1.120626524090767 0 0 0 0
17.17100815474987 0 24.39469296485186 1.290805794298649 1.222522079944611 40.9016405493021 19.72516209632158 106.442702896893 0.3760184198617935 16.97997944802046 677.1669195145369 20.19768982380629 5.885018661618233 105.8835513442755 0.9441357403993607 0.6007291674613953 3403.526860751212 1364.989666260779 2185.798210829496 6.760161116719246 15.41742981225252 0.286018505692482 83.88571109622717 5.034386239945889 2.210266977548599 4781.095229260623 494.5037735924125 8.326848164200783 186.100396335125 30.78226497769356 5.157291077077389 119.2356988340616 6.728493042290211 2391.346777617931 2.721618734300137 176.5826908573508 272.1225294470787 581.016275420785 150.751891091466 12.42479690909386 0.2639721632003784 1.223490983247757 0.9184311479330063 0 2.255768179893494 0.263096034526825 0 0 0 5.21995498239994 0.8259815126657486 0.3336031213402748 0 12.93502563238144 0.4281935766339302 132.5265002697706 0.6264445930719376 0 0.3996857181191444 0.2317722886800766 11.79919727146626 45.14783608913422 0 0 0.4174219965934753 0 3.398605607450008 17.10778994858265 302.4523446261883 374.2452966347337 3.62626438587904 0.6595109328627586 0.5506308823823929 55.40187735855579 0.1810205578804016 0 1.903641819953918 1.126002877950668 2.907667174935341 6.505092009902 4.270326502621174 1.277033463120461 0.2288088500499725 0 0.2329570651054382 0
8.866820260882378 0 0.55032067745924 6546.997071012855 5.265627086162567 359.5594242662191 49.41648481786251 304.0070878788829 1425.254684023559 4533.611751668155 27.0491649210453 7021.446026034653 12.86930467188358 123.7116560712457 124.3084982559085 0.1260043829679489 1.312757909297943 16.31626537442207 6.760161116719246 891.4103294536471 0.8976991698145866 1.236544132232666 0.4098756685853004 582.028039008379 5.987008094787598 43.16258178651333 23.0357851088047 2052.322024337947 194.3896321430802 1.629295133054256 2.763440161943436 26.91450812667608 4.103782422840595 147.6999932006001 4.416207984089851 432.3137729614973 10.03610381484032 587.368199236691 144.4594228416681 358.7776503637433 57.77585661411285 9.683481112122536 9.432437554001808 0.1078707799315453 0.7322036772966385 1.186024650931358 536.659767895937 0.4809501320123672 71.75934556871653 156.4977273866534 60.01038831472397 313.0177651941776 478.2816182374954 3.146439932286739 668.7680269405246 1.484689965844154 4.100248083472252 9.87028394639492 0.3988467305898666 0 0.7507353276014328 0.3783886730670929 694.5292158126831 0.699891597032547 3.132531628012657 0.3424428030848503 509.1019930839539 0.5357953757047653 3.300610914826393 2.918357685208321 696.3978367447853 2.466602467000484 3.329495474696159 0.1272192746400833 1.260930836200714 0 16.11282740533352 0 6.80027748644352 0.7900806814432144 28.9118080213666 4.804130107164383 108.7933021262288 1.196398817002773 4.401558592915535 0.7052587866783142
46.67554361373186 3.039844192564487 2590.662691839039 3.755574010312557 0 108.5848012715578 1021.504189349711 383.1312346756458 8.353443540632725 37.89127615839243 15.48892575502396 0.6633443832397461 4.237961433827877 281.667913608253 0.5626361593604088 2292.858835831285 876.6947617307305 14.54924372583628 15.41742981225252 0.8976991698145866 12718.85554038733 81.78445505350828 20538.91903226823 49.94208212941885 1.1799206584692 477.5644324943423 2221.005873985589 2217.526614889503 166.859876781702 9692.890236265957 0.2215126156806946 1.082167737185955 43.04376466572285 4262.073819696903 237.3393592759967 7487.884088054299 2501.606780014932 6024.944899737835 3143.04070161283 110.0322819948196 5.970951311290264 2.765348702669144 56.33974415063858 6.826706163585186 4.310497879981995 25.75410038977861 1.11540824174881 0 0.7136831283569336 38.46987631171942 2.521201424300671 13.43568360805511 4.399584464728832 0.6672765016555786 0.1098981127142906 0 9.211452253162861 0 1518.726422518492 3.634108401834965 0.2031270191073418 2.044914379715919 0.5378606021404266 1501.1461507231 176.1219310611486 885.3584710657597 410.100323356688 0.5551051869988441 6.452992215752602 150.9990971758962 580.6192389279604 65.82317315042019 335.1960085853934 0 0.572987973690033 13.91129423677921 18.80162914097309 8.987714104354382 120.435753904283 13.70954072475433 24.51959379762411 15.24669198691845 5.056184113025665 1.868286222219467 0 0.6669145226478577
0 1828.419725656509 4.093472249805927 3.108639240264893 0 2.385373339056969 19.87842433154583 2.76848266273737 2682.921290740371 3.000330992043018 19.45729054510593 0.130192905664444 211.1610093936324 0.4450830668210983 10.57610563933849 831.5241397023201 13.91586475074291 0.3983892202377319 0.286018505692482 1.236544132232666 81.78445505350828 850.861493870616 99.84949953109026 3434.149380773306 1025.321887761354 48.05506477504969 2550.738187558949 139.0791785046458 1.519339248538017 1.014418460428715 13.41158521920443 0.1266290545463562 0.3770823404192924 8.388622559607029 0.5745337083935738 20.76163793355227 25.52183900028467 16.68070836365223 7.412009492516518 10.61057524383068 0.2631017565727234 47.21637274324894 0 0.2771274000406265 13.81517817080021 10.48481576144695 3.81006832420826 0 0.1212268769741058 17.81409011036158 2.476205587387085 98.98520218580961 3.84467501938343 6.019330523908138 0 8.472607553005219 0.7096102461218834 0.1728547066450119 1807.706985339522 3.029395997524261 0 1.898094668984413 0.9113112688064575 221.2579531893134 361.6250542700291 409.4098009541631 238.9628066718578 1.318320371210575 13.10282828658819 845.2571372389793 142.1155648306012 3.102068848907948 15.88225793093443 0.9294401705265045 0 0.7628794610500336 2.388672098517418 0.4358471035957336 13.14313211292028 7.847393870353699 7.86110632866621 7.644526138901711 0.3214617967605591 0 1.986838348209858 0
172.5137928724289 4.083143912255764 12262.24869858474 0.6465428918600082 0.1169735416769981 27.05436178296804 370.2414925098419 304.2016489803791 2.432872027158737 12.50685738772154 84.51042467355728 0.34220340102911 13.33336028456688 534.6239662617445 0 4032.438270278275 3751.703730508685 57.94103556126356 83.88571109622717 0.4098756685853004 20538.91903226823 99.84949953109026 22076.6562885046 566.8378903567791 2.484922163188457 3016.684184156358 11957.40086904168 2637.286583036184 295.4444422870874 4256.301115684211 1.05188899487257 3.871191501617432 45.13387466967106 3069.420092962682 350.7561151757836 8271.412683874369 13713.5937917009 9792.266681946814 6169.72938811034 217.5760564804077 24.35055549442768 8.80683770775795 54.61068770289421 0.3535171523690224 11.89339271187782 394.7226267531514 1.560973480343819 0 0.9866525232791901 64.62966683506966 1.906216844916344 2.149284169077873 2.284883409738541 0.1099636107683182 0.2365453988313675 0.5818081945180893 3.362341344356537 0.3199286162853241 2765.731150306761 6.854217574000359 0.3590599000453949 1.58112744987011 0.2300666272640228 308.0321932658553 460.8065757453442 2121.203667141497 122.817866012454 0.5194599181413651 13.0079954341054 3058.970461323857 143.0965587720275 9.954740434885025 41.97123026847839 0 0 0.8321839570999146 6.187727995216846 17.04615552723408 82.85148265212774 26.29487526416779 35.54379529505968 45.28586895763874 3.871610559523106 0.8229030668735504 0.1622573286294937 0.1670470386743546
75.59437802433968 667.1170107573271 9.792028769850731 2435.575282759964 8.861835867166519 250.2919121310115 1575.675667621195 614.6285789906979 9114.226848624647 846.8542838171124 27.12065227329731 603.233664996922 53.4751141294837 185.0209351629019 702.3941197469831 3531.986627273262 28.81756004691124 13.63484978675842 5.034386239945889 582.028039008379 49.94208212941885 3434.149380773306 566.8378903567791 6937.731777384877 248.8625310882926 85.02822877466679 3203.41223012656 6479.869198299944 760.9075441509485 963.2960033118725 6.111000075936317 17.01739244163036 104.7770274803042 234.3166228458285 45.18786207586527 1383.414026647806 76.002107873559 650.9859554544091 373.3424701392651 818.2345207929611 36.59140724688768 13.50059003382921 16.90899489820004 43.14099100232124 27.88408282399178 37.89970335364342 455.8944511339068 1.227335304021835 51.91280601173639 1394.570517994463 280.2851085737348 1351.065270826221 401.1534095481038 9.150841131806374 309.2429848536849 5.72631312161684 115.4108365997672 14.88431880623102 739.867568872869 6.615432322025299 3.414262339472771 6.346792921423912 507.8727110177279 505.2536581680179 326.5202050805092 196.7923723086715 4801.829067565501 3.761772125959396 26.85839343070984 325.4024889916182 3822.307279653847 265.6878850013018 663.012448117137 2.977439492940903 3.088047824800014 18.47968854755163 78.12219718843699 14.38661576807499 328.9144053533673 4.993163116276264 174.0146222487092 50.19407226890326 171.0434662029147 21.62916211038828 4.634062066674232 2.901837326586246
0 2220.388432756066 1.318830221891403 5.173545777797699 1.401261210441589 4.655764199793339 8.084497213363647 2.406444646418095 330.8149627149105 6.101343065500259 209.2205732166767 26.7887612208724 3531.097501903772 0 7.961671136319637 11.96282449364662 1.360551759600639 5.912055693566799 2.210266977548599 5.987008094787598 1.1799206584692 1025.321887761354 2.484922163188457 248.8625310882926 1104.534742124379 312.946962594986 4627.261380270123 6.455442070960999 1.157071635127068 0.585799440741539 154.7170477360487 1.150480531156063 0 194.4024352952838 12.43445116281509 919.6875669434667 473.6975559517741 670.3652498796582 132.0197084471583 149.4363585114479 173.6389303505421 914.3416708111763 8.330374956130981 0.09388743340969086 18.14427296817303 0.3839324787259102 0.1662600189447403 0 0 1.960450276732445 1.563651606440544 4.020777113735676 0 372.914136826992 0.2806260362267494 954.2560531422496 0.7919704541563988 0 0.2545106038451195 0.3327350616455078 3.333052262663841 1.505315512418747 0.9578846096992493 0 1.726518124341965 0.338060587644577 2.904602184891701 288.615768045187 141.4437053203583 620.015526086092 2.646887339651585 0.5646374374628067 0.3279598504304886 62.47077408432961 0.6433509811758995 0 19.46397844702005 3.574180483818054 384.6058122739196 104.4078594222665 31.30388441681862 11.3619042634964 72.26104556769133 5.298883810639381 55.47086873650551 4.543503433465958
169.6466433852911 65.39255375415087 6572.69158603251 6.901498228311539 5.855218045413494 251.477504901588 479.5387886911631 1273.767974592745 17.52536118030548 104.4932463765144 1752.242361083627 90.79468763619661 445.9966065511107 1144.840843573213 3.930842034518719 44.87954934686422 4721.213402181864 2576.999387457967 4781.095229260623 43.16258178651333 477.5644324943423 48.05506477504969 3016.684184156358 85.02822877466679 312.946962594986 15189.81108888984 8932.504118494689 126.4719392433763 512.6471651419997 553.9590695947409 387.6788532212377 237.3436538726091 20.24072441458702 2520.221173033118 61.9544510319829 4226.878603726625 7969.692066162825 5480.136756151915 2108.975764892995 74.21105671674013 23.0294328853488 70.16605895012617 17.03649482131004 0.9785897061228752 126.664746709168 37.41684783995152 0.5077526569366455 0.2068343907594681 0.8573237732052803 21.51565928757191 4.901450827717781 4.193042747676373 1.889323309063911 183.8758982345462 2.338971108198166 2033.605704300106 8.77025493234396 0.249034471809864 10.82241377979517 93.27223488688469 97.10632558166981 520.8402061089873 1.707091331481934 8.339276112616062 8.607215166091919 5.483356714248657 32.51196821779013 442.2194778770208 3301.980309315026 5122.362965963781 31.34036210179329 8.632101185619831 11.87560871243477 386.5949267446995 0 0.4155180677771568 36.82316461205482 14.99298444390297 88.6651456952095 77.18831496685743 110.3583153411746 26.12951545417309 4.322269596159458 1.033494710922241 4.326750762760639 0.5107138156890869
46.79024662822485 3320.338975191116 4466.988328486681 18.57200917601585 2.522784106433392 89.61668609082699 573.718876414001 246.4563527628779 1334.900524832308 77.52969019114971 397.2918160632253 48.92374735325575 4513.642090789974 277.4397140219808 11.89407768845558 3399.82004430145 4231.340345881879 183.740189678967 494.5037735924125 23.0357851088047 2221.005873985589 2550.738187558949 11957.40086904168 3203.41223012656 4627.261380270123 8932.504118494689 32257.6998681426 2235.537170641124 327.2319037392735 194.7324473783374 1168.139722429216 121.4420172721148 28.96643932163715 3044.161493077874 326.4358935952187 8462.921506501734 6166.002102389932 10542.75825436413 5366.310956284404 243.3091110661626 23.47423270344734 70.5843512788415 44.26517444849014 5.204003311693668 2700.77247941494 1968.164406515658 5.466627083718777 0 4.999549940228462 152.1011747866869 27.21500266343355 28.19144862890244 14.49149090796709 246.7625788226724 3.130385525524616 2047.230240873992 28.2918306440115 0 1435.64460683614 490.4978264570236 68.55711471289396 637.2979858666658 5.939008243381977 53.5717146769166 2101.270031616092 1040.220010921359 172.7335080057383 1182.400089152157 4958.816095918417 27457.14978943765 173.8868086636066 13.36497134715319 24.22897214442492 394.8853424116969 0.9086044356226921 0.3425198420882225 132.7980977743864 35.60158986598253 501.0428820624948 267.6725604534149 431.5423151925206 182.4141124710441 14.89675859361887 1.441749647259712 10.07428742945194 4.411389037966728
123.2891287133098 6.873944029211998 112.5084108263254 2301.051388606429 3.47094950824976 1179.46450792253 17807.00971584022 1339.889455787838 1587.007044143975 5667.702337726951 31.00199846923351 428.2256904691458 10.85633914917707 545.10593406111 72.78729663789272 1980.040295422077 48.76458196341991 18.54400946199894 8.326848164200783 2052.322024337947 2217.526614889503 139.0791785046458 2637.286583036184 6479.869198299944 6.455442070960999 126.4719392433763 2235.537170641124 15653.13383196294 1368.448556803167 9082.853524401784 4.772180765867233 19.25038819015026 386.0405729264021 894.2830665633082 156.140734501183 4080.689325749874 200.270824059844 2013.518498629332 1275.541283778846 365.755461409688 55.83928169310093 10.52055177092552 49.25913343578577 40.94905605912209 18.30231077969074 38.01888155192137 409.045484431088 0.9473184868693352 64.50787732750177 1532.482242509723 346.9929094165564 640.7331001460552 443.4982346966863 6.656646564602852 233.6300059333444 4.568659938871861 130.2179776728153 4.587216049432755 498.7051630616188 7.373267605900764 4.575741425156593 9.159110195934772 501.6685863435268 529.6068357601762 139.0127522200346 144.6920835226774 3191.413029812276 3.996631845831871 18.78772792220116 282.9639146104455 3443.293992981315 285.1534147188067 709.5022968128324 1.306198202073574 3.065113715827465 22.42810931056738 83.63773738592863 11.4933643117547 274.1102458387613 7.10932070016861 199.5061596408486 46.49098885804415 132.6423979997635 17.9063320979476 1.919149495661259 2.355720922350883
