973.2521465867758 0 16.4764162749052 1.826674558222294 3.034968733787537 31.56034078449011 2391.680085226893 652.7067946344614 2.800613090395927 18.14124094694853 6.662730596959591 10.56332483142614 0 7508.548559971154 0 0.1576691567897797 37.40857517719269 1.616473138332367 7.576512068510056 3.745671629905701 7.02541970461607 1.212608650326729 13.02518170326948 15.15449690818787 0 12.45904809236526 9.237719677388668 39.1011009439826 2795.111446537077 928.2379448115826 0 32.12137559056282 24.45594361424446 136.7500984892249 4.005318477749825 64.75679211318493 7.875909626483917 141.4935159161687 53.42650600522757 10.50422108918428 5.222882360219955 0 3.186998002231121 0 0 1.022709786891937 0 0 0 4.71547981351614 0 0.6144940853118896 0 0 0 0 0 0 0.8925610259175301 0 0 0 0 1.764802798628807 1.066020078957081 0.3892614245414734 19.7490411028266 0 0.1163730099797249 0 16.20789375156164 0 2.098273113369942 0 0 0.4450535774230957 0 1.243437871336937 1.895722806453705 0 1.726862497627735 0.3281414657831192 1.892037034034729 0 0 0
0 395.2758339494467 56.17285400629044 0 0.7583420500159264 0.1489828377962112 2.932438522577286 0.4634978696703911 320.2588542997837 0 60.75641557574272 0.4422833323478699 1316.696768261492 0.3041283935308456 9.631124332547188 453.1028966158628 24.12439073622227 1.330665498971939 8.79173618555069 0.123864971101284 9.741959482431412 2527.371241360903 13.16647158563137 730.1457497254014 2218.217297539115 540.3859208598733 8251.996327653527 46.80176644027233 0.6196484118700027 2.44528067111969 43.23289036750793 0.3355242311954498 0 228.4774252027273 1.03428065776825 26.5450474768877 53.20559553056955 36.58971578627825 4.444194078445435 24.08662968873978 0.3249108493328094 426.4455324709415 0 0 18.09433247148991 23.83143496513367 0 0 0 0.6439819633960724 0.565249502658844 0.5002166032791138 0 11.66346367448568 0.1276191622018814 42.9155376330018 0.3048928081989288 0 1.993818253278732 7.073022797703743 1.57676112651825 27.20775380730629 0 0.3783342689275742 1.661366581916809 0.8738647103309631 13.77323524653912 43.28660617768764 649.4988363087177 1120.437584102154 0.7294964864850044 0.5247770398855209 0 11.1223466694355 0.9457907676696777 0 7.095150679349899 1.207054555416107 30.69172202050686 27.9465721026063 30.42592944204807 6.842976063489914 0.4086552709341049 0 6.971514418721199 0
16.4764162749052 56.17285400629044 4677.401208542287 0.4889822900295258 0.6381080448627472 10.61226506531239 508.5419287756085 159.5229135900736 0.2051961869001389 2.207239173352718 37.34445628523827 0.5295042470097542 1.326640270650387 143.7098057419062 0.1643999218940735 9.37018246948719 4540.841070428491 34.45626059174538 488.012792006135 0.4427352845668793 1664.324332602322 17.09124529361725 13089.04950081557 23.04405556619167 0 8055.251892916858 9023.109921090305 440.3833168372512 89.30567418783903 606.2214295268059 0.1739604920148849 2.509072668850422 5.643059946596622 438.7823215797544 10.70016860961914 733.7010473459959 5426.058781847358 920.9744849950075 104.7309302985668 20.52731870859861 1.204838998615742 11.58343611657619 1.028945028781891 0.1266334801912308 256.149533174932 954.5400611460209 0 0 0.2045188546180725 10.61069545149803 0.8411070704460144 0.4683541655540466 0 1.145624205470085 0 0.3853391110897064 1.133841805160046 0 16.85335822403431 241.0744258984923 2.093377344310284 232.8174322471023 0 14.08657806366682 10.09935354441404 65.51117757707834 18.99809315055609 0.6331228464841843 1090.824570551515 3115.303725391626 17.23559532314539 2.590523660182953 4.994908295571804 1.03713370859623 0 0 33.45862785726786 7.792664006352425 183.8920654579997 672.2588446214795 186.463349416852 35.11204405874014 0.9865553081035614 0.4542538821697235 0.829978883266449 0.1687887609004974
1.826674558222294 0 0.4889822900295258 1959.337544575334 7.880272947251797 224.0269445031881 116.4909170269966 114.4601190984249 303.5247966572642 4473.899946652353 12.34474371373653 4914.627752974629 0.4073976799845695 48.55067576467991 62.79038895666599 0 0.3949817717075348 4.337843507528305 3.944454021751881 3261.868707865477 0 0.1290486305952072 0 1490.255779623985 0.4349568784236908 2.699502468109131 0.7212557345628738 2520.085540644825 70.636295132339 1.878118604421616 0 20.82580056041479 3.517311081290245 46.3692664951086 5.239357367157936 232.1980260014534 0.8217368349432945 102.262500077486 39.70645304769278 172.0470942929387 16.31482200324535 0.5050743818283081 2.966891661286354 0.5762999057769775 0.5778688788414001 0 53.74684166163206 0.7580062448978424 4.78044468164444 80.09580531716347 8.873085223138332 53.83514080941677 78.37935558706522 0.2924166172742844 19.2379731759429 0.1547144949436188 3.341344848275185 1.640698820352554 0 0.1272243410348892 0 0 42.10029067844152 0 0.5969615429639816 0 308.1066224426031 0 0 0.3717887848615646 337.8849814385176 2.93220991641283 0.4454207122325897 0 0 0.1731890439987183 2.907087087631226 0 52.61649383604527 0 14.31565875560045 3.214919529855251 60.46964402496815 0.2468443065881729 5.973837375640869 0
3.034968733787537 0.7583420500159264 0.6381080448627472 7.880272947251797 10.92825338244438 661.5106294974685 16.87398105859756 209.3334888070822 121.6787163317204 32.9809253886342 142.4323644936085 206.6186066195369 7.255732655525208 80.86397654563189 1454.526063978672 0.1672396510839462 3.424536518752575 19.90524341911077 20.32162752002478 14.67445953935385 0.413153700530529 3.715143352746964 0.2572467252612114 76.11089187115431 0.124344676733017 9.365459702908993 1.59613212198019 18.31666094809771 188.5564347803593 5.074203975498676 0.1257842630147934 39.80957701057196 0 705.6317494511604 3.009980618953705 76.80844013392925 3.090637929737568 318.1360627561808 74.41246685385704 2611.916458941996 191.2905151844025 4.823309183120728 2.740325286984444 0 0 0 2.120294250547886 0 0 1.855237267911434 0 1.435566298663616 0.8584994524717331 0 0.4760456681251526 0.185108095407486 0 0 0.3059006929397583 0 0 0 0.8666888549923897 0.1601909250020981 1.022703140974045 0 5.679312787950039 0 0 0 4.371048159897327 0 0.1176045686006546 0 0 0 0 0 4.596004411578178 0.552401602268219 0.1759291887283325 0 1.761141091585159 0 0 1.15098762512207
31.56034078449011 0.1489828377962112 10.61226506531239 224.0269445031881 661.5106294974685 11155.03217219561 1526.526387661695 7093.354838475585 113.5637126713991 8690.644460305572 278.1905470490456 3798.254881031811 14.85732857137918 528.5181355625391 2568.732365787029 0 7.310513235628605 41.36367072165012 37.69114650785923 427.324324041605 2.259493388235569 2.654879197478294 3.741811886429787 311.1184580624104 6.771979451179504 28.38726913928986 4.826339036226273 1176.934399135411 254.6629007309675 41.64217212796211 0.1065069958567619 331.7931572943926 4.777450084686279 766.3688507601619 17.99091907590628 569.459997959435 22.55342750996351 567.8108009919524 226.3979534730315 4389.933735914528 312.8376667425036 27.27015140652657 17.46327405422926 0.2130484580993652 0 0.315882682800293 24.1264429166913 0 3.231886364519596 94.11381616443396 7.756822913885117 18.32807888835669 44.44849117100239 0.7655872404575348 19.70183115452528 0.2018706053495407 2.311337664723396 3.509796649217606 0.2032408192753792 0 0 0 26.43233644962311 0.668921671807766 0.3074384331703186 0.8481993973255157 241.8108316287398 0 0 0.7524515762925148 266.3851671293378 3.355867750942707 4.021879002451897 0 0.6344722807407379 0.3060078173875809 2.267781004309654 1.134415626525879 64.26496836543083 0.7182574719190598 18.15911904722452 4.183809883892536 47.32689790427685 0.5507274866104126 0.6378853321075439 0.6651778817176819
2391.680085226893 2.932438522577286 508.5419287756085 116.4909170269966 16.87398105859756 1526.526387661695 6701.724227935076 6464.535403274 138.4532198533416 7736.645347237587 51.91054609417915 51.75700675696135 1.503971084952354 11137.34060101956 31.76438371837139 5.30060587823391 127.2607635930181 14.3515655323863 37.49051588773727 61.35817122459412 319.4333305433393 17.58949859440327 459.6712235361338 531.548863068223 4.44074834883213 198.7564213126898 321.5284577012062 15854.10864820331 3325.158677071333 3652.312162011862 0.1244080141186714 100.8440518677235 403.1624679043889 845.7693756297231 245.3752411007881 4553.112118624151 106.7939021736383 1910.059943817556 1361.840325199068 517.9214582070708 148.7298264428973 6.549905002117157 53.05131505429745 1.86906461417675 2.885968908667564 15.09714022278786 38.83638332039118 0.1013311892747879 6.949909329414368 409.5979004129767 24.85227140039206 91.08568473160267 70.77756952494383 0.9591935127973557 15.04979813098907 0.3761828541755676 22.20225510746241 2.140852302312851 24.57349816709757 1.036556124687195 0.8909821957349777 2.550820738077164 27.17303694784641 38.13115069270134 25.45999395847321 18.70976725965738 935.0062336400151 0.4798830300569534 6.456965409219265 68.79833314567804 990.7845565751195 28.32303455471992 74.31039542704821 0.2892183735966682 3.683121591806412 1.571230694651604 15.22117205709219 12.69476988911629 152.9424757882953 6.189592644572258 80.96288838982582 25.68362198770046 95.68826081603765 7.663632944226265 5.223988965153694 0.7380079627037048
652.7067946344614 0.4634978696703911 159.5229135900736 114.4601190984249 209.3334888070822 7093.354838475585 6464.535403274 9892.071559794247 78.61848189681768 2501.815659150481 350.4155663922429 925.8947394564748 11.97614537924528 4098.640075437725 237.8954716101289 0.2654333263635635 118.1030608639121 60.35124469548464 106.324618011713 264.0464282482862 40.14654142409563 2.075671382248402 58.83471412211657 489.217737801373 1.426008865237236 112.8487608358264 42.41231966018677 1239.723901554942 635.9918829128146 769.7753555327654 0.2687621116638184 1164.454359509051 12.821065351367 830.386357665062 15.99484220892191 508.3828998431563 60.5434352606535 888.4072355553508 277.9044693633914 1309.59670586139 121.5550483986735 19.02638387680054 12.33602280169725 0 0.2544548809528351 2.97956083714962 22.93745063245296 0.6743437200784683 6.892336636781693 396.9641205593944 23.56543139368296 36.9719515144825 64.37395732849836 0.8039090633392334 14.8947045058012 0 10.0692717730999 0.9329369068145752 3.784854009747505 1.04867597669363 1.238448172807693 0.8180826380848885 25.2400758638978 6.264109238982201 10.42353143543005 1.329526305198669 753.030225738883 0 2.363323383033276 7.002291783690453 836.0179956331849 16.98247317969799 76.90332297980785 0 2.168586857616901 1.005694761872292 8.046568378806114 1.983507573604584 106.3052112683654 0.378558948636055 60.08064480870962 26.71369690448046 85.39658823609352 5.177315756678581 0.8948864787817001 1.129240334033966
2.800613090395927 320.2588542997837 0.2051961869001389 303.5247966572642 121.6787163317204 113.5637126713991 138.4532198533416 78.61848189681768 528.5180051475763 336.6727322861552 7.955870889127254 395.6571344137192 114.3185658082366 29.13718278706074 1045.199674636126 1.073358342051506 0.4571129679679871 0.6131858378648758 0.7476555705070496 237.703449472785 0.7722854167222977 1901.351040922105 0.156058743596077 8788.439434692264 93.90151686966419 32.8277488425374 272.401931963861 1318.144574426115 22.34325540810823 16.40112380683422 6.302864350378513 5.485599420964718 0.5052845925092697 13.70338183641434 1.738176003098488 41.97297979146242 2.241207763552666 18.7069958075881 9.487931281328201 703.3938799276948 5.848129913210869 12.24460020661354 0 0 5.379098013043404 0.6006961017847061 43.80232042819262 0.2651634514331818 8.325478293001652 154.8028131350875 7.961658224463463 116.6469341441989 50.6859794780612 0.9108193814754486 14.82966659963131 2.240345999598503 3.039554327726364 2.448462083935738 40.35885325819254 0 0 0.686484307050705 26.75846998393536 22.36360899358988 122.4814538806677 11.59331582486629 1748.269224435091 2.188336595892906 2.493776306509972 7.135118961334229 649.3762283399701 13.73091643303633 19.798235476017 0.367858774960041 1.751467131078243 0.4167263060808182 2.69938188791275 2.32732817530632 39.58451124280691 0.4509879052639008 25.20584233850241 14.21597947180271 38.67143586277962 2.566824048757553 0.9404246285557747 1.599524557590485
18.14124094694853 0 2.207239173352718 4473.899946652353 32.9809253886342 8690.644460305572 7736.645347237587 2501.815659150481 336.6727322861552 26368.08323008567 91.42005814611912 4619.782305106521 3.509751357138157 908.8028628602624 136.9903647303581 0.4848860800266266 4.381373539566994 24.73922722786665 21.52624758332968 3227.220068320632 0.6952642574906349 0.9568251818418503 4.403450071811676 1378.714101828635 0.3838281184434891 13.32695977389812 5.711601495742798 6696.599444620311 824.6581495329738 12.74047787487507 0.1029534414410591 145.3655891343951 9.935548320412636 412.8817898258567 65.24556795507669 2018.165753394365 22.6456263884902 1003.672034807503 431.9132267907262 476.4416091442108 158.6449269875884 4.596280500292778 40.31997173279524 0 0.7189899086952209 0.6792921125888824 124.9336224496365 0.5248387604951859 21.46046407520771 303.8131031244993 22.10635691136122 88.09947957098484 221.544016957283 2.379987359046936 78.17500435560942 0 14.16194285452366 10.23299515247345 0.2569850906729698 0 0.214579850435257 0 130.6227820813656 0.8453135341405869 2.054740734398365 0.4455315917730331 830.2088313624263 0.3196907043457031 0.4430938437581062 1.156596913933754 964.9568399786949 9.142724968492985 5.053448043763638 0 1.050457969307899 0.207590714097023 8.634994208812714 1.193882822990417 182.6123087033629 0.7609401643276215 50.94472966343164 13.46975534409285 173.9737471044064 3.309224754571915 0.1406394392251968 0.6584400832653046
6.662730596959591 60.75641557574272 37.34445628523827 12.34474371373653 142.4323644936085 278.1905470490456 51.91054609417915 350.4155663922429 7.955870889127254 91.42005814611912 9350.200182765722 140.0781964063644 690.610075995326 51.37679617851973 2.235779121518135 1.238706886768341 275.0092375651002 3888.720373168588 1083.272917844355 29.65495491027832 38.29618705809116 26.70326495915651 72.5875128954649 23.52954380214214 460.2539747282863 1426.673237279058 604.0277544185519 31.38223855942488 304.3288428261876 55.19544511288404 301.4340427964926 780.0745664089918 4.939934283494949 8541.384978160262 15.78647313266993 758.7601010128856 3578.667782977223 4714.027931146324 1121.935420751572 148.3216253444552 75.7890522107482 1379.336942136288 11.92291382700205 0 11.46184203773737 0 0 0 0.612256333231926 2.195037163794041 1.338270761072636 0.33443533629179 0.652068167924881 688.529703758657 0.8382994383573532 1967.364603690803 1.098549216985703 0 0.4097153544425964 0.543589323759079 14.19905573874712 1.626687347888947 0.2393990457057953 0.5425169914960861 0.8630936294794083 0 12.32348131388426 384.4642020612955 126.1622805297375 318.7557135000825 16.1590333506465 3.11952880769968 0.8908962458372116 230.0689665228128 2.069211602210999 0 39.33914321660995 7.124239653348923 43.61627764999866 604.3835689947009 47.65569160878658 4.665983982384205 3.446937672793865 0.824323296546936 194.0890620574355 0
10.56332483142614 0.4422833323478699 0.5295042470097542 4914.627752974629 206.6186066195369 3798.254881031811 51.75700675696135 925.8947394564748 395.6571344137192 4619.782305106521 140.0781964063644 6000.888095527887 7.915553659200668 353.6528365090489 1110.054791420698 0 3.408147588372231 27.42991180717945 31.21530050784349 5055.51759839803 1.187414787709713 2.133069410920143 0.9247477576136589 1340.529441833496 0.2699475288391113 15.05397817492485 2.542899146676064 894.6046221852303 378.0107585862279 7.976886861026287 0.7575419321656227 216.3952771052718 0.1042594164609909 326.9963614344597 18.2456958964467 787.1959350779653 10.48547579348087 764.4021666571498 155.3554201945662 1950.483917348087 117.8928370028734 5.125899218022823 11.86934730410576 0 0 0 29.18041655421257 1.105824664235115 6.866341426968575 17.19570722430944 2.07066748291254 35.93033364415169 39.18731481581926 0 44.86621062457561 0 1.200607061386108 9.08238522708416 0.1189395785331726 0 0 0 34.72456468641758 0 0.3304254114627838 0 146.9330183938146 0 0.1875648722052574 0.5900576114654541 116.6204355806112 1.414081215858459 2.455591335892677 0 0.1282019168138504 0 0.4061149433255196 0.8646091818809509 49.34021589905024 0.7224670797586441 4.160579852759838 1.771493226289749 68.50558350980282 1.60930223762989 0.5667987167835236 1.139486372470856
0 1316.696768261492 1.326640270650387 0.4073976799845695 7.255732655525208 14.85732857137918 1.503971084952354 11.97614537924528 114.3185658082366 3.509751357138157 690.610075995326 7.915553659200668 3473.836825676262 1.778941430151463 2.568488478660583 41.09000819921494 2.254139676690102 6.703467860817909 6.545419596135616 2.218807309865952 2.650369182229042 474.7884646579623 3.615191325545311 167.5149510726333 2633.456115022302 118.1223247274756 3097.828461863101 11.5704809576273 3.420674562454224 1.058495081961155 1296.523924410343 15.86187005788088 0 1084.212563835084 27.9909907206893 220.4103801771998 875.868741646409 703.560788422823 124.3154113218188 26.82500115782022 39.80368361622095 1000.244265012443 7.520534135401249 0 16.15088883787394 0 0 0 0 0.2066275179386139 0.4369195997714996 0.3920115530490875 0 685.3417005240917 0.2338348999619484 2071.645070888102 0.9855386763811111 0 0 0.1234177649021149 17.21011066436768 0.6730905175209045 0 0 0.9671254307031631 0.1454874724149704 3.639820285141468 970.1487174406648 233.3097173422575 469.0290862992406 0.5017972961068153 0.7276481166481972 0 471.563812956214 1.584077902138233 0 21.08292983472347 13.25774210691452 41.53836316615343 438.5305144414306 37.20969682186842 7.820806562900543 0.8061256408691406 0.7485206425189972 114.426936507225 1.071483254432678
7508.548559971154 0.3041283935308456 143.7098057419062 48.55067576467991 80.86397654563189 528.5181355625391 11137.34060101956 4098.640075437725 29.13718278706074 908.8028628602624 51.37679617851973 353.6528365090489 1.778941430151463 7848.971370249987 10.30037900060415 0.7110015451908112 174.0738345086575 12.92588841915131 59.64870915561914 139.6833079829812 32.30394068360329 1.693933203816414 79.72193822264671 140.3635427579284 0.3829496651887894 100.1178510561585 58.89714635908604 494.8643264323473 4608.788554780185 1840.330996364355 0 377.7516267225146 23.00239095836878 495.913834810257 26.60837906599045 433.7397278919816 58.52852706611156 670.1249169111252 280.3917835056782 108.9619400650263 28.38291627168655 1.829928003251553 7.419799044728279 0 0.1981319785118103 1.384621441364288 6.789088889956474 0 0.9698530733585358 84.25978466868401 4.446763798594475 11.62390503287315 14.71503809839487 0.9221613705158234 1.928560368716717 0 1.996338054537773 0.7741378545761108 3.429802246391773 0.2771057784557343 0 1.43661829829216 9.879798278212547 7.338594906032085 6.587341591715813 0.2761030048131943 259.2387705221772 0 0.9016128182411194 4.836302168667316 278.4040919616818 8.753620229661465 20.09447935968637 0.3605298697948456 0 2.299589574337006 2.027713321149349 2.065013259649277 43.1604463160038 1.144704654812813 22.0007638707757 9.010660976171494 16.82639513164759 0.4963304698467255 0.1278119683265686 2.086551249027252
0 9.631124332547188 0.1643999218940735 62.79038895666599 1454.526063978672 2568.732365787029 31.76438371837139 237.8954716101289 1045.199674636126 136.9903647303581 2.235779121518135 1110.054791420698 2.568488478660583 10.30037900060415 212.7933699339628 0 0.1082600057125092 0.8055458217859268 0.1045017838478088 121.3727549239993 0 65.37149497866631 0.250817745923996 1533.17964489013 3.86272569000721 0.3673395365476608 8.64336185157299 132.1823260933161 3.649910278618336 0.1853810101747513 0.1147826910018921 100.5280637964606 0.1147249788045883 22.95864506810904 0.4278881400823593 462.2626805528998 1.043033838272095 9.392535030841827 1.649873271584511 1314.163237392902 42.25138780474663 2.811548963189125 4.495509445667267 0 0 0 11.2399550974369 0.5534268617630005 2.426949307322502 5.152499251067638 2.979993551969528 13.16457257419825 12.54132813215256 0 23.9989607334137 0 0 4.650780618190765 2.521507754921913 0 0 0 17.06164786219597 0.9445723593235016 4.548515319824219 1.068090550601482 47.62553529441357 0 0.3789455145597458 0 39.74343140423298 0.1607603132724762 0 0 0 0 0 0 39.36332756280899 0 0.8228394165635109 0 60.19490201771259 0 5.377905607223511 0
0.1576691567897797 453.1028966158628 9.37018246948719 0 0.1672396510839462 0 5.30060587823391 0.2654333263635635 1.073358342051506 0.4848860800266266 1.238706886768341 0 41.09000819921494 0.7110015451908112 0 3837.107349216938 16.80804742127657 0.272364154458046 1.475259333848953 0 3324.063299641013 2577.68744879216 3630.137737385929 2050.024001337588 34.05421326309443 64.58362175524235 6523.743577674031 2354.080414935946 2.72316824644804 3.589425608515739 2.075036868453026 0 0.484900489449501 29.78286942839622 53.86622180789709 1927.141424417496 806.3387562781572 285.5223845392466 445.3381418511271 71.68898431956768 2.717209413647652 5.1568623483181 13.12709411978722 0.3093111664056778 23.02098376303911 83.25735364854336 0 0 0.133141428232193 7.327194429934025 0.3755365461111069 8.699218675494194 0 0.1376294195652008 0.2075904458761215 0.6684475913643837 0.1358411312103271 0.5000823736190796 3682.156688958406 6.524214781820774 0.1874998956918716 2.437365166842937 0 640.9502149969339 976.5323459059 2101.955216951668 568.1572940424085 0.4588365256786346 16.27563085407019 1016.084831193089 423.0819464400411 3.653729394078255 19.57083730399609 0 0 2.183399148285389 1.092142648994923 7.888481080532074 352.7438124343753 12.87041622400284 9.464271031320095 5.89556959271431 2.782671004533768 0.2624331414699554 0 0
37.40857517719269 24.12439073622227 4540.841070428491 0.3949817717075348 3.424536518752575 7.310513235628605 127.2607635930181 118.1030608639121 0.4571129679679871 4.381373539566994 275.0092375651002 3.408147588372231 2.254139676690102 174.0738345086575 0.1082600057125092 16.80804742127657 1735.642232835293 218.3083140924573 4028.607859179378 1.118765331804752 1724.82103189826 9.002400323748589 4190.932925209403 32.41410946846008 0.7446840554475784 676.44957395643 8227.378596894443 205.8426824733615 403.4039885103703 1560.655833482742 1.123472854495049 30.75658135861158 21.92633078992367 1438.743380106986 32.59075676649809 1300.454720169306 7724.671497963369 2235.076035454869 591.2639398127794 29.7776555493474 1.835744418203831 71.6327062100172 4.956021815538406 0 69.98701546341181 89.02128790318966 0 0 0 1.22502089291811 0.2466288432478905 0.147601306438446 0 0 0 0.4694848954677582 0.4293522983789444 0 5.745714142918587 37.96196185797453 1.408032819628716 83.85419496148825 0 2.483280345797539 2.12443733215332 7.131384633481503 3.485096730291843 0.5083197355270386 500.5798536539078 527.1079686507583 3.212026856839657 1.054194986820221 0.559141606092453 0.2736933082342148 0 0 8.861773632466793 3.771387130022049 38.96176349371672 256.0860588550568 40.6214784681797 9.671291902661324 0.32166388630867 0 0 0
1.616473138332367 1.330665498971939 34.45626059174538 4.337843507528305 19.90524341911077 41.36367072165012 14.3515655323863 60.35124469548464 0.6131858378648758 24.73922722786665 3888.720373168588 27.42991180717945 6.703467860817909 12.92588841915131 0.8055458217859268 0.272364154458046 218.3083140924573 197.1640795916319 1618.760024964809 7.947126314043999 20.3716087564826 0 33.2826276794076 3.89217571914196 3.307941392064095 1020.968684025109 158.4980529770255 10.54991369694471 67.6805185303092 16.41158261150122 15.42125318944454 137.4481872618198 0.2466318160295486 832.5791957825422 6.416275896131992 739.1058799400926 1545.314360283315 1607.148431919515 557.1553923338652 22.72633916884661 2.541876204311848 21.7188675403595 3.075814425945282 0 1.195893794298172 0 0 0 0 0.1247302070260048 0 0 0 9.568884983658791 0 40.26437628269196 0 0 0 0 1.287690877914429 1.086310543119907 0 0.1545963734388351 0 0 2.779465973377228 2.027877785265446 54.42088259011507 51.58710282295942 3.988707602024078 0 0.2515970095992088 13.12719491124153 0.1427461802959442 0 0 2.955400019884109 27.97875099629164 30.46805895119905 0.5284766927361488 1.069050639867783 0.1609948128461838 0.2454706579446793 0.5572509169578552 0
7.576512068510056 8.79173618555069 488.012792006135 3.944454021751881 20.32162752002478 37.69114650785923 37.49051588773727 106.324618011713 0.7476555705070496 21.52624758332968 1083.272917844355 31.21530050784349 6.545419596135616 59.64870915561914 0.1045017838478088 1.475259333848953 4028.607859179378 1618.760024964809 1963.902465008199 8.874720297753811 233.8995559364557 1.362782455980778 404.0458478182554 4.290313586592674 4.540388733148575 2091.92229514569 865.2670621350408 34.9046032205224 209.4220971241593 204.4150442406535 5.437688365578651 198.862339630723 6.832880839705467 2708.373301148415 9.110756412148476 1379.127730764449 2800.573481723666 3137.048863641918 551.0848468765616 31.54287148267031 1.713530331850052 20.72356660664082 4.431666411459446 0 17.65229349583387 2.104147002100945 0 0 0 0.4687081649899483 0 0.1068621873855591 0 3.128063350915909 0 13.08281338959932 0.0764893963932991 0 0.1316464245319366 2.445730984210968 0.8087666034698486 17.56786873191595 0 0.3549275994300842 0.4241686463356018 0.7902680635452271 2.874356985092163 4.148069702088833 305.5687851756811 232.8708081617951 2.152505628764629 0.1080416738986969 0 8.811258390545845 0 0 0.5131160765886307 6.400104165077209 13.483686812222 195.2318165823817 4.923079371452332 2.834371298551559 0.09769108146429062 0 0.6101348400115967 0
3.745671629905701 0.123864971101284 0.4427352845668793 3261.868707865477 14.67445953935385 427.324324041605 61.35817122459412 264.0464282482862 237.703449472785 3227.220068320632 29.65495491027832 5055.51759839803 2.218807309865952 139.6833079829812 121.3727549239993 0 1.118765331804752 7.947126314043999 8.874720297753811 742.0055952742696 0 0.1840070188045502 1.094431437551975 748.5828880742192 0 4.603427961468697 0.8188071325421333 910.8936443030834 180.9478166848421 2.048469021916389 0 47.85537575185299 1.667628422379494 107.9540584385395 16.02407950162888 499.8730145543814 4.363403856754303 294.4146377146244 103.1055756136775 383.1967038065195 43.10978128015995 1.190975770354271 7.703087076544762 0 0.1716210246086121 0 36.84744119644165 0.3484544456005096 3.060412630438805 77.54349210858345 7.934321887791157 27.9264091104269 62.03995537757874 0.3856311291456223 31.42309542000294 0.3335022032260895 2.721225276589394 5.51303443312645 0 0 0 0 41.55072079598904 0 0.1808196753263474 0.4068417549133301 214.5797673463821 0 0.8062809258699417 0 264.253664277494 3.05785296857357 0 0 0.8061592429876328 0 2.224339663982391 0.9479300081729889 71.51775436103344 0.1940835863351822 9.981031805276871 3.535003274679184 52.25502726435661 1.075196743011475 0.2913094013929367 0
7.02541970461607 9.741959482431412 1664.324332602322 0 0.413153700530529 2.259493388235569 319.4333305433393 40.14654142409563 0.7722854167222977 0.6952642574906349 38.29618705809116 1.187414787709713 2.650369182229042 32.30394068360329 0 3324.063299641013 1724.82103189826 20.3716087564826 233.8995559364557 0 13255.6398434341 119.5514605268836 24456.27495993674 209.9403457045555 1.824890598654747 406.2057394087315 2960.413117662072 3293.140618413687 130.1170681193471 8159.860248997808 0.1016076877713203 4.849177747964859 10.94486037641764 1693.530096791685 320.7156623378396 7154.127057045698 1279.61297853291 4671.37846146524 4124.523870170116 387.9469599425793 12.87528586387634 13.91039656102657 51.04561370611191 1.343631684780121 3.935936465859413 28.50992877036333 0 0 0 4.035501644015312 0 4.368461295962334 0 0.1697238981723785 0 0.5052210688591003 0.5440946668386459 0.303293377161026 560.5360598415136 2.067041166126728 0 1.227758288383484 0 377.7985508069396 187.5090777948499 187.0618201121688 354.7793844714761 0 7.04351032525301 110.2231238931417 253.5699347853661 4.247056260704994 32.16297121345997 0.1970104873180389 0 1.107018053531647 0.9562987685203552 22.0124771296978 58.84114684909582 12.23947717249393 8.144733920693398 5.575831741094589 1.049247026443481 0 3.97791188955307 0
1.212608650326729 2527.371241360903 17.09124529361725 0.1290486305952072 3.715143352746964 2.654879197478294 17.58949859440327 2.075671382248402 1901.351040922105 0.9568251818418503 26.70326495915651 2.133069410920143 474.7884646579623 1.693933203816414 65.37149497866631 2577.68744879216 9.002400323748589 0 1.362782455980778 0.1840070188045502 119.5514605268836 2043.620733588934 118.6613105759025 4700.819402605295 478.078695513308 107.3046516701579 3615.155633941293 476.5535378307104 8.226387560367584 8.180400744080544 15.90101394057274 0 0.4230133891105652 45.04921494424343 0.4512937068939209 26.53565518558025 19.91600435972214 15.36854457110167 3.899031102657318 233.5040137767792 0.1105636581778526 70.8229243606329 0 0 40.64509498327971 170.9447237923741 0 0 0.1478920131921768 8.390937000513077 0 21.95413368940353 0.455960676074028 3.083207733929157 0.1985354423522949 7.25005916506052 0.791231170296669 1.389238774776459 593.3690869361162 8.9777637347579 0.5554420799016953 8.944245845079422 0.1664376258850098 171.1892628148198 225.9311976730824 278.9879529774189 516.8318077474833 6.12168051302433 56.94147642701864 2110.705764994025 189.527339912951 4.478846944868565 17.95923451334238 0.6058131754398346 0 0.5409419536590576 7.260529331862926 1.300494343042374 36.53400433063507 10.45536559820175 16.21325068175793 6.139945790171623 8.607607960700989 0.1778270602226257 0.9495164155960083 0.2093297690153122
13.02518170326948 13.16647158563137 13089.04950081557 0 0.2572467252612114 3.741811886429787 459.6712235361338 58.83471412211657 0.156058743596077 4.403450071811676 72.5875128954649 0.9247477576136589 3.615191325545311 79.72193822264671 0.250817745923996 3630.137737385929 4190.932925209403 33.2826276794076 404.0458478182554 1.094431437551975 24456.27495993674 118.6613105759025 19506.48775924742 189.9514642804861 0.9549394249916077 1752.004790075123 17009.19393524528 2146.469115898013 152.4841288179159 3778.845476403832 0.335757315158844 3.275164149701595 6.554421052336693 1915.592666953802 385.9463206157088 12198.66046750546 7539.581078536808 6943.64157576859 5758.256918177009 604.2200417146087 26.43245113641024 23.4359777495265 74.1951766461134 0.2800432145595551 17.82588382065296 346.4557959660888 0 0 0 5.433840841054916 0 2.031305462121964 0.2653597891330719 0 0 0 0.2779281437397003 0.6378123462200165 1443.765484407544 8.913916267454624 0 5.157684206962585 0 228.0794088169932 307.2463598772883 1188.416980795562 160.907386623323 0 29.92690429091454 1858.578478999436 140.5895285308361 1.638288967311382 8.641781821846962 0 0 0.2241312712430954 1.529836922883987 47.34676037728786 274.7383796498179 51.23031729459763 7.23895737528801 4.009591333568096 0.2961403131484985 0 0.4071957319974899 0
15.15449690818787 730.1457497254014 23.04405556619167 1490.255779623985 76.11089187115431 311.1184580624104 531.548863068223 489.217737801373 8788.439434692264 1378.714101828635 23.52954380214214 1340.529441833496 167.5149510726333 140.3635427579284 1533.17964489013 2050.024001337588 32.41410946846008 3.89217571914196 4.290313586592674 748.5828880742192 209.9403457045555 4700.819402605295 189.9514642804861 5099.685922086239 140.7918357774615 72.63140284270048 2145.680158063769 6281.913607925177 258.3770036026835 53.3597496971488 10.26907279342413 21.06927463412285 59.65104325115681 141.9499547705054 46.27490700036287 1345.828677140176 103.0175486057997 331.8078745529056 248.43921841681 1005.745757177472 25.9894210100174 28.90915155410767 10.01865714788437 3.56097649037838 28.82934406399727 54.99123308062553 178.8311155736446 2.590828217566013 29.30524384975433 959.366023555398 61.5323601514101 1076.852607421577 275.1219622567296 4.696312591433525 105.7666369527578 3.490276448428631 59.14962381124496 12.40161283314228 869.9078548327088 11.05952130258083 1.229125186800957 4.643666185438633 145.0215293169022 500.2625711783767 653.4960133731365 304.6801064088941 6061.153267584741 1.98088077455759 20.58997255563736 279.6501365974545 4024.469602368772 101.0277852937579 319.2408772259951 1.8172802105546 5.19201622158289 13.59370245784521 36.54034808278084 10.68442651629448 493.8883724659681 18.5953705534339 225.4946829527617 105.7277310937643 355.0486012548208 21.33288592845201 4.795105636119843 11.25739121437073
0 2218.217297539115 0 0.4349568784236908 0.124344676733017 6.771979451179504 4.44074834883213 1.426008865237236 93.90151686966419 0.3838281184434891 460.2539747282863 0.2699475288391113 2633.456115022302 0.3829496651887894 3.86272569000721 34.05421326309443 0.7446840554475784 3.307941392064095 4.540388733148575 0 1.824890598654747 478.078695513308 0.9549394249916077 140.7918357774615 262.7319045364857 248.3146936148405 4004.628232747316 15.29360441863537 0 0.4769545495510101 225.3512352779508 1.091076001524925 0 706.7066433876753 0 190.02893024683 76.41229869425297 345.9712265878916 87.40359142422676 47.88436648249626 3.954321503639221 680.6175533980131 8.05289363861084 0 14.83625760674477 0 0 0 0.08444742113351822 0 0 0 0.1029885932803154 156.5981768220663 0 919.2668245881796 0.4461289644241333 0.1301226913928986 0.121271550655365 0 3.966791480779648 2.193664222955704 0 0 2.30801172554493 0.1576995849609375 3.401342451572418 80.67650631070137 220.2123122215271 445.6559027656913 0 1.431539177894592 0 134.3206391260028 0.114523708820343 0 17.7174107208848 0 137.0849418789148 50.95315880328417 26.36603763699532 1.479928731918335 10.33451759815216 0 28.93114052712917 0
12.45904809236526 540.3859208598733 8055.251892916858 2.699502468109131 9.365459702908993 28.38726913928986 198.7564213126898 112.8487608358264 32.8277488425374 13.32695977389812 1426.673237279058 15.05397817492485 118.1223247274756 100.1178510561585 0.3673395365476608 64.58362175524235 676.44957395643 1020.968684025109 2091.92229514569 4.603427961468697 406.2057394087315 107.3046516701579 1752.004790075123 72.63140284270048 248.3146936148405 15533.49466266483 11203.04868668318 116.7946018353105 119.140121601522 271.0731411203742 418.4499055594206 61.10713174194098 7.240260921418667 554.6429325640202 35.85659154504538 3412.383188992739 8957.735013909638 2849.741497807205 596.9296637922525 67.1301791369915 4.407555714249611 110.5817257538438 7.095375090837479 0.3305541202425957 512.4872701317072 16.42944724857807 0 0 0 0.9275112450122833 0.9027662500739098 1.518277071416378 0 147.3115374296904 0 824.3336998522282 1.012681365013123 0.1429892927408218 3.178969442844391 22.63085904717445 50.01616129279137 203.9959489926696 0 3.342815406620502 7.630077257752419 3.728878244757652 9.067761361598969 196.7450037002563 3802.341703005135 3557.618591792881 5.182169988751411 1.517970256507397 1.360420055687428 387.770082898438 0 0 18.52370253205299 17.40797798335552 89.94121949374676 1751.173077844083 64.58532610535622 18.21777936071157 1.647325336933136 0.1488005518913269 0.8892312049865723 0.2043214440345764
9.237719677388668 8251.996327653527 9023.109921090305 0.7212557345628738 1.59613212198019 4.826339036226273 321.5284577012062 42.41231966018677 272.401931963861 5.711601495742798 604.0277544185519 2.542899146676064 3097.828461863101 58.89714635908604 8.64336185157299 6523.743577674031 8227.378596894443 158.4980529770255 865.2670621350408 0.8188071325421333 2960.413117662072 3615.155633941293 17009.19393524528 2145.680158063769 4004.628232747316 11203.04868668318 28770.70458791405 3467.926903791726 112.3134912773967 356.307998098433 474.1352935731411 12.28097006678581 7.9436971321702 2151.270188942552 111.0601080060005 5283.166747093201 4689.497656822205 5926.557790972292 1272.945347860456 215.9663398787379 13.66312074661255 28.29985504597425 28.17608985304832 0.2246410697698593 2580.797344826162 2395.806451149285 0 0 0.1028722748160362 27.2428482323885 1.989335767924786 3.352715879678726 0.1256202161312103 90.29840201884508 0.1100221574306488 850.929814837873 2.737885288894176 0.2376587316393852 683.0466444417834 348.4546349048615 65.84619389474392 517.5738827884197 0 103.2845753654838 573.5253603085876 1402.270201794803 105.8841368630528 553.757588416338 6848.064263574779 16263.51529990137 113.8014677911997 6.47576642036438 5.477896951138973 521.7219154462218 0.6077619418501854 0 71.71229589730501 28.47987569868565 520.0635304003954 2379.133285842836 348.9658059626818 85.9941697716713 5.745307765901089 1.1040183827281 1.413972675800323 0.6798041164875031
39.1011009439826 46.80176644027233 440.3833168372512 2520.085540644825 18.31666094809771 1176.934399135411 15854.10864820331 1239.723901554942 1318.144574426115 6696.599444620311 31.38223855942488 894.6046221852303 11.5704809576273 494.8643264323473 132.1823260933161 2354.080414935946 205.8426824733615 10.54991369694471 34.9046032205224 910.8936443030834 3293.140618413687 476.5535378307104 2146.469115898013 6281.913607925177 15.29360441863537 116.7946018353105 3467.926903791726 17411.16616987437 1021.831891909242 9912.805654756725 0.1270940452814102 51.82697460800409 322.1905961409211 767.0993311107159 276.8811677023768 6431.477798059583 319.9318368956447 2157.945707216859 1691.124619014561 500.9875287935138 92.61050649732351 8.746200069785118 50.70796737074852 6.046925261616707 18.18712103366852 50.86620689183474 154.7816497012973 1.336432442069054 35.36479312181473 1104.201033435762 71.63687147200108 480.1511747464538 298.3724440410733 5.066009014844894 82.96121402829885 1.983212500810623 65.48487909138203 15.49033956229687 702.5564579591155 13.56736283004284 3.970179453492165 5.189757913351059 143.7300758436322 667.3512501344085 400.0744404420257 208.3543937206268 4677.061085656285 1.287596017122269 20.1733216047287 241.4981785491109 3957.204494535923 116.3326708748937 370.5012084916234 0.2138212621212006 4.237177960574627 10.93534022569656 43.13402566313744 28.79474207758904 555.1769726425409 23.54759218543768 231.968394510448 95.77789087593555 304.1681471839547 12.08854759484529 8.672321230173111 10.7369397431612
2795.111446537077 0.6196484118700027 89.30567418783903 70.636295132339 188.5564347803593 254.6629007309675 3325.158677071333 635.9918829128146 22.34325540810823 824.6581495329738 304.3288428261876 378.0107585862279 3.420674562454224 4608.788554780185 3.649910278618336 2.72316824644804 403.4039885103703 67.6805185303092 209.4220971241593 180.9478166848421 130.1170681193471 8.226387560367584 152.4841288179159 258.3770036026835 0 119.140121601522 112.3134912773967 1021.831891909242 19463.15046110749 6759.594958327711 0.4035879820585251 1144.581411488354 2435.047760382295 3864.84888047725 63.56908503174782 804.6643454357982 81.18659492582083 2622.187746487558 634.1582271978259 189.17128226161 43.39240357279778 1.366934418678284 13.76966945827007 0 0.3272600471973419 1.343053922057152 1.919709280133247 0 0.1085672453045845 31.31385815888643 1.615137428045273 9.170664019882679 5.054773338139057 0 0.1380874514579773 0 2.796510770916939 0.5469838976860046 31.75907282531261 0.5868464186787605 0.2396735101938248 1.027779683470726 1.060971602797508 50.87971332669258 36.11359621584415 6.164197340607643 268.7290805727243 0 3.393402494490147 5.887626722455025 242.4517656862736 9.400394953787327 45.07443351298571 0 0 1.500123031437397 2.570982806384563 3.415457114577293 48.16962184756994 2.368541389703751 14.54490130394697 7.110429123044014 14.36911679804325 1.124204069375992 0.1774926334619522 1.349664121866226
