903.1434230133891 0 152.7445992901921 3.457391314208508 0.1127471849322319 6.216470293700695 3612.746612899005 1264.485716432333 7.032472878694534 34.4707729741931 7.876803912222385 0.406573049724102 0 7827.014609649777 0 0.1401824355125427 290.1987750306726 14.03241809457541 84.85038126260042 2.554128870368004 45.90108568966389 0.3940905928611755 105.6077880039811 22.50896225124598 0 57.06746295839548 8.188493251800537 67.81107601523399 2803.806177549064 2680.806453242898 0.6222802251577377 1.155112020671368 17.49412531405687 102.0821763053536 0 15.20739465206861 8.117524333298206 52.19354395568371 5.382097572088242 1.063544452190399 0.1790269017219543 0 0 0 0.3243140578269958 0.6132754683494568 0 0 0 2.950444079935551 0.1243262737989426 4.429264158010483 0 0 0 0 0.9057046845555305 0 0 0 0 0 0 0.5761415362358093 0 0 8.533013999462128 0 0.2300808727741241 1.318866521120071 8.309996299445629 0.7455978542566299 2.472254611551762 0 0 0.7122931480407715 0.3986351639032364 0 5.033503450453281 0.3884042501449585 0.2528782933950424 0 0 0.1202957555651665 0 0
0 108.4917920306325 76.37783718854189 0.7159686610102654 0.5325328186154366 0.2884625792503357 7.241925418376923 0 720.1779221221805 0.1162918731570244 48.95919096469879 0.1491750180721283 1420.847201123834 0.776182048022747 2.475822955369949 87.27952212095261 51.62486048787832 9.334509924054146 59.43501022458076 0.1499317437410355 5.795304134488106 2025.174740441144 10.47484657168388 1271.42290571332 1743.770062699914 733.585806235671 7125.659693226218 44.25462444126606 0.9750447645783424 0.4058636873960495 246.2907678261399 0 0.1209675520658493 17.56388348340988 0 39.20771990716457 277.3943778201938 55.96046324819326 8.401555754244328 10.39772645384073 0 89.69127544760704 0 0 97.32834473252296 119.2605835720897 0 0 0 0.7754911929368973 0 0.1460951864719391 0.1717563420534134 4.76272539794445 0 27.54033858329058 0.4640533551573753 0 2.245321303606033 15.30015804618597 1.668131269514561 8.901697851717472 0 0.5281114280223846 20.73969577252865 18.49544136226177 4.68326061964035 6.700989693403244 137.3681116327643 1009.220824621618 1.743771478533745 0 0.4805596470832825 4.353207416832447 0 0 3.043113186955452 0.3023309111595154 29.55480068176985 52.6288104057312 16.17338499426842 12.70228005945683 0.5680906176567078 0 7.175688952207565 0
152.7445992901921 76.37783718854189 2980.993188425899 9.453151747584343 0.2584879696369171 122.1371360197663 3884.10072440654 671.0476705208421 8.782189771533012 166.0229922235012 23.43121833354235 1.055880829691887 11.85864970833063 1142.379479154944 0 9.266985468566418 4479.739525340497 142.4771623238921 848.3840576708317 1.962527148425579 265.0078114047647 162.7355079427361 7841.593277819455 101.3315522968769 2.717981085181236 7057.43165704608 7066.637862369418 520.4768932685256 121.0955078303814 1241.108912304044 31.31459636241198 0.9101055860519409 5.475242845714092 275.9572497829795 7.779092483222485 1544.717890076339 4784.105439879 830.7305084764957 312.7463248223066 7.244921796023846 2.745321281254292 28.11059530079365 7.799357324838638 0.8970911353826523 206.5156106203794 1111.009847350419 0.4162406772375107 0 0 15.84533404558897 1.77583970874548 3.09128050506115 0.7450605779886246 2.446994327008724 0.1790163218975067 3.720025725662708 4.783446714282036 0 17.76101146638393 37.91792686283588 0.6268763095140457 5.252842262387276 0.1835209578275681 10.93083444237709 159.4811401292682 351.3734737932682 29.76113827526569 0.2327325791120529 92.68986972421408 2608.839520506561 30.69622266292572 4.575406029820442 22.73349536210299 0.874139279127121 0 1.490314647555351 20.23152578622103 0.2206002920866013 147.2424979582429 469.4018677100539 74.02486501634121 67.39736742526293 1.607320502400398 0.7925517708063126 23.10245722532272 9.733128160238266
3.457391314208508 0.7159686610102654 9.453151747584343 2293.150937393308 13.81676618009806 66.51198457926512 82.70261500030756 22.71668619662523 1516.231778457761 3772.70343990624 4.409071519970894 886.1701297014952 0.08335217833518982 31.11154130846262 104.1028599590063 1.707839898765087 0.9860879331827164 0.6761555820703506 1.45373596996069 5196.309696227312 0.8189862072467804 4.243930295109749 5.896378226578236 2711.60592148453 0 3.034706860780716 17.70624226331711 6104.915399506688 90.25053612887859 1.461022719740868 0 0.4831865057349205 10.57124537229538 44.55237027257681 1.844149351119995 214.8375918343663 3.078069292008877 99.01959092915058 39.55358994752169 579.2394489571452 3.392624273896217 0.140187606215477 3.434946909546852 1.78476756811142 0.3979179859161377 0 248.1727214902639 0.6983128488063812 23.00997482985258 242.7477179467678 6.426138684153557 83.03570854663849 217.2352821603417 1.238988012075424 110.781944476068 0 4.76950690895319 7.489620991051197 1.782465696334839 0 0.1023769602179527 0.1608014106750488 215.3288526162505 0.1554374992847443 0.9516994431614876 1.548770785331726 288.267482727766 0 0 2.30664636939764 397.0662518143654 6.580630719661713 20.30824265629053 0 1.287084333598614 0 3.975534148514271 0 42.36555210500956 0 11.35778116434813 1.906856060028076 104.2484349384904 3.047644317150116 0 0.1762292683124542
0.1127471849322319 0.5325328186154366 0.2584879696369171 13.81676618009806 46.51701453328133 353.5977474674582 5.728961974382401 7.19296570122242 74.8277065679431 24.94612286984921 44.87121276557446 184.4480934739113 1.444579631090164 4.514448970556259 1190.17505621165 0 0.702675886452198 7.45472976565361 7.28988266736269 9.234368056058884 0 1.094383761286736 0.452756404876709 35.80355469882488 0 5.881185919046402 0.815257653594017 9.21253889799118 21.1787938401103 0.2561474293470383 0.1047957316040993 187.503156080842 0.115949422121048 341.3011712506413 0 13.98362381756306 5.500630065798759 265.5643637776375 131.4484384208918 2709.374999642372 34.11417499184608 0.9827206879854202 1.34081743657589 0 0 0 0 0 0 1.135624721646309 0 0 0.2863049954175949 0 0.322664275765419 0 0 0 0 0 0 0 0 0 0 0 0.7097947001457214 0 0 0 0.2433020174503326 0 0.1264702081680298 0 0 0 0 0 0.1778158992528915 0 0 0 0 0 0 0
6.216470293700695 0.2884625792503357 122.1371360197663 66.51198457926512 353.5977474674582 10165.91921836883 3069.257880203426 7375.236474879086 30.38636007159948 14416.89349915832 32.5015582665801 3227.878673493862 2.05651743710041 2552.766149528325 1720.4732600227 0.1577743142843246 40.31927815079689 15.33475875109434 28.10006532818079 410.2822151854634 4.158487275242805 0.141228586435318 27.83420980721712 39.42696952074766 0 47.27240851521492 6.8050816655159 292.0276042968035 375.4600227475166 28.41553708165884 1.091155923902988 1262.048316076398 3.54978908598423 235.9283112734556 0 388.0259628966451 10.47696102410555 271.3785387575626 147.6905715316534 2056.685291804373 137.0171835869551 0.1519265919923782 4.961314380168915 1.070304751396179 0 0.8100720047950745 11.45929140597582 0 1.6889873072505 14.96013725548983 0.281768262386322 1.6121716350317 9.212786287069321 0 14.17108006775379 0.475521057844162 1.456730365753174 0.3969627320766449 0.9368537068367004 0 0 0 11.51898561418056 1.948438078165054 0.1891582757234573 0.3001864850521088 10.19069605320692 0 0 0.3385911136865616 13.41192662715912 1.262067787349224 4.837213307619095 0 0 1.105805158615112 0.9588663578033447 0 11.64370448887348 0 1.980640985071659 0.5038029402494431 24.70098234713078 0 2.295086145401001 0
3612.746612899005 7.241925418376923 3884.10072440654 82.70261500030756 5.728961974382401 3069.257880203426 17719.94118588418 2334.476320579648 797.065318390727 8822.547583848238 39.67425794154406 70.12818171083927 2.371886372566223 6530.466939590871 28.8263473585248 22.34665741026402 313.3700338155031 40.30676193535328 138.999492675066 69.59818119555712 324.8503693342209 35.61480715870857 3078.814386367798 993.4877589121461 0 459.3970089703798 782.8185423612595 18168.0742277354 2821.023371167481 5231.933541156352 6.657077640295029 14.64674689620733 291.4964806884527 816.8213374987245 33.96077228337526 3699.759189002216 128.6684414818883 2040.437619268894 932.0366545915604 366.2768618538976 35.3455700725317 3.754918530583382 37.524160631001 12.93605377525091 3.144182845950127 14.94749877601862 92.66810189932585 0 11.40099304169416 981.7984985262156 45.43729604035616 387.5185177102685 99.96308018267155 4.380334198474884 23.52771061658859 0.1406478434801102 61.26212394237518 2.74279311299324 11.2378282174468 1.332474231719971 1.841024227440357 1.977681688964367 58.3536879196763 8.883349873125553 9.87711974978447 37.52929163724184 928.0927238166332 0 2.096247687935829 52.99670823663473 812.6070186123252 77.18832617998123 174.4027051925659 0.08424130082130432 4.429202862083912 5.633514292538166 31.72059367597103 2.195844247937202 332.5276165530086 7.01757574826479 99.56928934901953 22.39827972650528 89.33186395466328 8.184230089187622 4.37877032160759 2.689017906785011
1264.485716432333 0 671.0476705208421 22.71668619662523 7.19296570122242 7375.236474879086 2334.476320579648 6878.663976714015 16.0320894792676 1818.653011798859 59.6381599009037 453.3301598504186 1.799258954823017 7608.478283658624 61.41759821772575 0.2510522753000259 844.4539725035429 64.77132618427277 337.5356892943382 282.2882823050022 90.48951115459204 0.8245965465903282 237.3572586402297 24.30117954313755 0.1963836997747421 324.9285351037979 28.11510679125786 117.8318902179599 583.136173710227 1551.603159464896 3.103157266974449 652.145614027977 9.352055914700031 342.1991935074329 1.870631337165833 262.2771154120564 37.81490653753281 322.2784714698792 157.2829751595855 679.8587499037385 21.95375058799982 3.523558050394058 6.100777819752693 0.6623584032058716 1.003719240427017 0.5276806652545929 0.1533085107803345 0 0 15.95646515488625 0.8746293634176254 10.79443257302046 0.2805152982473373 0.1339422762393951 0.5682005360722542 0.5125423073768616 1.780815988779068 0 0.4834971874952316 0 0 0.1025216653943062 1.251420095562935 0 0.7044309675693512 1.064903013408184 18.61063737422228 0 1.581853196024895 5.205691993236542 14.50003564357758 1.550390027463436 8.434931427240372 0 0 0.3789992481470108 0.9975673854351044 0 5.009732715785503 1.811286009848118 2.34720279276371 0.127261683344841 0.09431130439043045 0 0 0
7.032472878694534 720.1779221221805 8.782189771533012 1516.231778457761 74.8277065679431 30.38636007159948 797.065318390727 16.0320894792676 721.8437560945749 289.6364252492785 4.851077549159527 306.961991712451 39.17654921114445 30.42646556347609 229.2411313503981 58.78173786401749 6.75196573138237 0.6665754839777946 7.122605070471764 527.6476371735334 113.7106437683105 3217.380056023598 17.45682263374329 8918.258041769266 61.5104441344738 95.44999341666698 910.8204915672541 2391.479947768152 85.88280300796032 275.1416150256991 23.77007371932268 1.036787882447243 17.01455094665289 19.62255904823542 0 174.5201287046075 8.001853846013546 55.18620620667934 30.87870827317238 134.3891313672066 5.802791334688663 0.6799953132867813 1.579081565141678 12.19754227250814 5.485954716801643 8.23086554557085 284.8771331384778 0.3209221214056015 21.59192422032356 324.5917602032423 21.34003129601479 141.311071947217 187.9679360836744 2.528534665703773 90.60365258157253 0.519817627966404 51.30023866146803 12.79559514671564 187.1256480067968 2.86703710258007 0.7497636750340462 2.493648648262024 214.232884503901 169.2562308311462 26.79334670305252 19.43025285750628 1438.371560357511 1.525622852146626 5.310959525406361 14.01089553534985 768.8787188157439 81.34420112520456 281.3924670144916 0.6035284548997879 1.481724113225937 13.76605951786041 24.66255117952824 0 130.5561134368181 4.247145354747772 41.04099518060684 9.683108977973461 38.56092102825642 1.238399066030979 0.143059104681015 0.1451494097709656
34.4707729741931 0.1162918731570244 166.0229922235012 3772.70343990624 24.94612286984921 14416.89349915832 8822.547583848238 1818.653011798859 289.6364252492785 25236.31712410599 82.34402753412724 7224.852209016681 4.456139713525772 1618.268424518406 135.9079970791936 0.1513856202363968 15.16570308059454 30.70431806147099 44.68364301323891 6635.075613036752 4.952767565846443 0.6798233389854431 48.54245534539223 483.8394950851798 0.2211308404803276 53.36366041004658 14.83842208981514 4017.371651634574 1585.365394368768 23.1022013425827 2.353407897055149 43.48855805397034 29.08256770670414 674.2264924347401 12.86458472907543 2002.631650656462 42.0754267796874 1481.313870988786 302.1791185066104 438.4158089309931 31.23139098286629 2.356301456689835 27.62775391340256 4.248807355761528 0 1.390263788402081 261.755881935358 0.3373739272356033 20.85145413130522 413.5047685652971 11.54809029400349 76.15050560981035 229.7816702052951 1.527133479714394 90.95135536044836 0.3744659200310707 17.36335257440805 8.027360469102859 2.259450495243073 0 0 0.2629914581775665 245.8100485503674 1.855909153819084 1.442934781312943 4.371892273426056 349.2086554765701 0 0.9164008796215057 3.795794412493706 414.3651760220528 14.25969649851322 45.69058118015528 0 2.784053698182106 2.245509713888168 12.22131808102131 0.7223729491233826 64.18206094205379 0.5919124037027359 18.93255195766687 3.512539312243462 91.67549757659435 1.406576842069626 0 0.4621906578540802
7.876803912222385 48.95919096469879 23.43121833354235 4.409071519970894 44.87121276557446 32.5015582665801 39.67425794154406 59.6381599009037 4.851077549159527 82.34402753412724 5686.433696143329 53.04713834822178 897.4703292623162 155.4747252836823 0 4.737956449389458 556.071311019361 1499.548478864133 1150.053540587425 34.99366192519665 28.5910264775157 6.531363405287266 44.23410309106112 10.96007468551397 473.2258968949318 1491.956803999841 364.3078452274203 17.0238424167037 505.2666443660855 23.82022704184055 168.6486098691821 130.8982589393854 7.275463752448559 10122.2471107021 13.83152644336224 1143.726556941867 5836.514255687594 6136.834482222795 1034.947989247739 53.05409914255142 18.21102434396744 1260.867790400982 15.90160762518644 0 9.895051494240761 0.4135557264089584 0.4263971745967865 0 0 4.704490333795547 0.3301417678594589 1.591440193355083 0.2970526814460754 220.5558450967073 0.09154137969017029 964.5770266875625 0.4909256249666214 0 0.1445237547159195 0.2985525727272034 29.79656470566988 5.254322037100792 0.2966668605804443 0 2.141348943114281 0.7694051340222359 4.183747969567776 292.3922278210521 278.6073762178421 389.7573880553246 1.82934857159853 0.2428755611181259 1.026584185659885 214.6747044920921 0 0 0.5962534099817276 7.581573843955994 34.4178901091218 709.7398784086108 3.724808879196644 0.3024115040898323 2.916163519024849 0 285.0418205410242 1.912833005189896
0.406573049724102 0.1491750180721283 1.055880829691887 886.1701297014952 184.4480934739113 3227.878673493862 70.12818171083927 453.3301598504186 306.961991712451 7224.852209016681 53.04713834822178 10657.13744335622 1.9128173366189 624.940432831645 1292.343336313963 0.2088978886604309 1.839090615510941 17.45548611134291 19.94441974163055 5135.255731038749 0.2043613269925117 1.554641909897327 0.4335970804095268 192.1663260534406 0 15.20496266335249 2.486132726073265 292.0654210150242 606.8645377010107 1.131334945559502 1.040961444377899 46.68006125092506 0.1390500068664551 212.4494117721915 2.472675114870071 1111.134998142719 15.02495177090168 438.3042589724064 31.20600682497025 1634.682532973588 14.08675158768892 1.884184032678604 3.066919811069965 0.4757441878318787 0 0.2123066931962967 77.36499322205782 0.1572583764791489 16.05132423341274 84.30750069022179 3.029542669653893 7.907057821750641 120.3103268817067 0.5927893370389938 184.3529772013426 0.124682791531086 4.03968807309866 13.39545407891273 1.034566044807434 0 0.2859386503696442 0 120.7331488355994 0.8265165090560913 0 0 62.881411857903 0 0 0.697685532271862 85.97802346199751 2.85416205227375 17.34441664814949 0 0.4749525487422943 0 2.271289184689522 0 58.00759843736887 0 4.785151362419128 1.684710696339607 214.334251999855 0.2121919393539429 1.012943029403687 0.4452100992202759
0 1420.847201123834 11.85864970833063 0.08335217833518982 1.444579631090164 2.05651743710041 2.371886372566223 1.799258954823017 39.17654921114445 4.456139713525772 897.4703292623162 1.9128173366189 1151.574084728956 5.641993299126625 0.1161250248551369 2.022811636328697 1.225422389805317 40.18559681624174 18.23578918725252 1.173199616372585 1.509233981370926 111.7378951460123 10.27072062343359 59.25817054510117 3605.128033384681 119.0985405147076 2757.354073807597 2.612491294741631 9.464422002434731 0.7162646725773811 335.9354374185205 3.579057887196541 0 1458.395160108805 1.004680678248405 150.2841668128967 3214.030685566366 3341.720582313836 262.1087552085519 6.436393693089485 9.133001536130905 1794.508146867156 4.797530651092529 0 85.00785901397467 0.2337642163038254 0 0 0 2.122493341565132 0.1383960992097855 1.240350231528282 0.1836491003632545 566.2909220829606 0.1080487295985222 2536.790449231863 0.2058431580662727 0 0.2502051070332527 0.618524506688118 66.75881154090166 16.22260417789221 0 0.1304605156183243 5.06621677428484 0.7475196570158005 2.200657777488232 1070.583531744778 715.962819211185 988.5435430929065 0.2039061933755875 0.2387810051441193 0.4545604363083839 617.1978052482009 0.1256872266530991 0 1.048556677997112 0.8674629628658295 18.5771299675107 1216.36332012713 8.994545489549637 0.9430126696825027 0.397788792848587 0 412.546452768147 1.652662038803101
7827.014609649777 0.776182048022747 1142.379479154944 31.11154130846262 4.514448970556259 2552.766149528325 6530.466939590871 7608.478283658624 30.42646556347609 1618.268424518406 155.4747252836823 624.940432831645 5.641993299126625 8687.612843826413 14.6114399805665 0.2835169434547424 1029.437569133937 94.32358723133802 409.854208342731 351.2309543564916 131.2379112616181 0.5746336132287979 409.1930152848363 63.6680174767971 0.2515303418040276 472.4622754268348 49.85545644164085 222.4410416334867 3188.636331290007 2670.644574336708 5.714106731116772 209.8707336112857 17.10307624936104 655.4133957847953 7.819099679589272 639.6805749088526 60.809605486691 750.9986090138555 214.2926749438047 549.5570935085416 62.73610723763704 3.719922438263893 17.54862532019615 0.5498158559203148 1.046232141554356 1.818654298782349 0.9127185121178627 0 0.1580962836742401 30.88335586339235 1.384980849921703 15.75816659629345 1.990458786487579 0.2847938537597656 1.62670774012804 1.049626708030701 2.964478068053722 0 0.9033051654696465 0.3296806216239929 0 0 1.360002458095551 1.771981909871101 0.1068529933691025 1.029325947165489 39.7569432258606 0 2.29022640734911 6.716174922883511 32.69331853091717 4.707340151071548 8.728376992046833 0 0.2149217426776886 0.3575467765331268 2.938171923160553 0 14.33311951905489 3.19787135720253 2.303584985435009 1.199845254421234 0.8446709513664246 0 0 0
0 2.475822955369949 0 104.1028599590063 1190.17505621165 1720.4732600227 28.8263473585248 61.41759821772575 229.2411313503981 135.9079970791936 0 1292.343336313963 0.1161250248551369 14.6114399805665 210.7626116797328 0 0 0 0.408394880592823 73.22143249958754 0 10.59344239532948 0.1721839755773544 354.2842159792781 0.2110949233174324 0.4603486955165863 5.317103363573551 79.91453732550144 7.511359795928001 0.08321943134069443 0.09013547003269196 440.9354640096426 0.09660269320011139 54.57704068720341 0 20.64103819429874 0.2059129625558853 2.838689103722572 0.5993127152323723 612.2638192772865 105.8567121699452 0 0 0 0 0 0.6999779790639877 0 0 1.535937875509262 0.2673710286617279 1.189722344279289 0.3162466138601303 0 1.150667071342468 0 0 0 0 0 0 0 1.74272882938385 0 0 0 1.582310065627098 0 0 0 1.80760957300663 0 0.1180568933486938 0 0 0 0 0 0 0 0 0 0.8510436415672302 0.3702889084815979 0 0
0.1401824355125427 87.27952212095261 9.266985468566418 1.707839898765087 0 0.1577743142843246 22.34665741026402 0.2510522753000259 58.78173786401749 0.1513856202363968 4.737956449389458 0.2088978886604309 2.022811636328697 0.2835169434547424 0 3434.983230337501 8.64157197624445 0.6736711338162422 2.696036376059055 0 3026.527019634843 4670.142954215407 3441.710000313818 3152.538021437824 5.435864493250847 10.46325451880693 5752.064023584127 1976.633507430553 1.259882159531116 11.39351217448711 0.3951825574040413 0 0.4290134012699127 39.13984553515911 3.853657424449921 1525.831255175173 319.5223713442683 177.7471532076597 378.8863398656249 14.437195494771 0 80.57532158493996 13.80558171123266 0.2115470618009567 4.765593409538269 24.74512664228678 0.5985451638698578 0 0 10.09304547309875 0.4906749799847603 4.668428719043732 0.5265897363424301 1.843116819858551 0 3.03134298324585 1.966516569256783 0 1757.827164568007 1.836014151573181 0 0.3482653200626373 0 380.2305278405547 1189.70609806478 1170.305628120899 180.9648958221078 0 2.417408369481564 256.3268018588424 122.6920994967222 4.191039368510246 61.72603983432055 0 0 2.279633089900017 9.200495600700378 0.4124716520309448 219.8350241184235 16.9930068552494 15.64129227399826 18.3226290345192 5.924276396632195 0 97.87391176819801 17.39590471982956
290.1987750306726 51.62486048787832 4479.739525340497 0.9860879331827164 0.702675886452198 40.31927815079689 313.3700338155031 844.4539725035429 6.75196573138237 15.16570308059454 556.071311019361 1.839090615510941 1.225422389805317 1029.437569133937 0 8.64157197624445 936.1056413426995 329.1489410251379 3153.442257083952 2.124105393886566 371.3208294138312 29.84380743652582 2585.209529928863 49.28357383608818 0.1344339549541473 714.2060559913516 4005.830734103918 79.9376360476017 901.7255280688405 1523.797568790615 2.752801135182381 6.404595255851746 57.19255749136209 2916.680810689926 9.825002029538155 2126.582024402916 3061.40315362066 2389.025632217526 387.218012958765 17.40094661712646 2.631698310375214 11.56447623670101 10.33729553967714 0.4975036084651947 115.3553420752287 189.1900385543704 0 0 0.1129597797989845 5.489093162119389 0.3350526094436646 2.643904529511929 0.3252858221530914 2.06779658049345 0 0.2794421762228012 1.670464001595974 0 5.115340381860733 26.40773165971041 1.117180190980434 2.541623651981354 0 4.031881734728813 20.57804873585701 27.69222486764193 9.699008502066135 0.3223786354064941 85.71236741542816 606.122657880187 8.861329667270184 2.126069411635399 6.358328245580196 0 0 0.623155415058136 3.010479286313057 1.848680749535561 35.41965191811323 232.1043118461967 17.7989020049572 6.449275687336922 0.4904905557632446 0.302227258682251 1.803898543119431 0.6463768482208252
14.03241809457541 9.334509924054146 142.4771623238921 0.6761555820703506 7.45472976565361 15.33475875109434 40.30676193535328 64.77132618427277 0.6665754839777946 30.70431806147099 1499.548478864133 17.45548611134291 40.18559681624174 94.32358723133802 0 0.6736711338162422 329.1489410251379 161.4376265108585 1989.431573241949 9.662225663661957 8.734255321323872 1.321494750678539 37.83834061026573 3.42376708984375 24.91825022548437 3628.147269792855 269.0194968283176 7.931235902011395 161.9286142960191 18.33175407350063 228.9038760587573 27.34600334614515 2.991048417985439 1100.094787500799 8.315895177423954 831.8250405415893 2479.255998715758 1766.800700858235 592.3959707468748 14.77117285132408 1.671559989452362 38.92501070350409 8.1014489158988 0 8.670913457870483 0.7468349859118462 0 0 0.1335000544786453 0.8457867354154587 0 0.2906393855810165 0 27.17828042060137 0.1162318736314774 61.47878858447075 0 0 0 0.4021222069859505 20.39634989202023 7.265233233571053 0 0.122561939060688 0.2690989598631859 0.504659116268158 1.294778756797314 30.02230011671782 232.9199559763074 260.5144006982446 0.8945108875632286 0.117612324655056 0.686621755361557 57.22632270306349 0 0 0.727623850107193 3.876400023698807 19.82398417592049 116.4934369847178 0.7198807969689369 0.9273193925619125 1.486414313316345 0 1.194803103804588 0.2325857132673264
84.85038126260042 59.43501022458076 848.3840576708317 1.45373596996069 7.28988266736269 28.10006532818079 138.999492675066 337.5356892943382 7.122605070471764 44.68364301323891 1150.053540587425 19.94441974163055 18.23578918725252 409.854208342731 0.408394880592823 2.696036376059055 3153.442257083952 1989.431573241949 2178.643566817045 13.09001211822033 42.07410383224487 13.70732821524143 279.3956586942077 25.30507646501064 24.75681872665882 3026.749379239976 1376.497790426016 20.16174278408289 462.8319219946861 128.1996762529016 39.92434630542994 28.35707466304302 16.89992513507605 3313.014529548585 6.548815861344337 2478.015018589795 2654.363989301026 3891.599591605365 1074.395002231002 19.31757218390703 2.561022117733955 21.62833643704653 12.06701820343733 0.1004520729184151 29.49170548468828 10.50278886407614 0 0 0 1.992691077291965 0.09681385010480881 0.4837909042835236 0 1.895637229084969 0 8.105119988322258 0.2185511142015457 0 0.8970377892255783 9.058300219476223 4.138435460627079 13.60578638315201 0 0.5425188913941383 0.3225250095129013 1.962276630103588 3.319495998322964 1.234940148890018 123.6839496865869 229.3996884301305 3.15135233849287 0.2009483277797699 2.896928109228611 6.746650375425816 0 0 1.698911428451538 2.079904735088348 26.88401192426682 65.16789457201958 3.654851868748665 0.4260920062661171 2.191711142659187 0 0 0
2.554128870368004 0.1499317437410355 1.962527148425579 5196.309696227312 9.234368056058884 410.2822151854634 69.59818119555712 282.2882823050022 527.6476371735334 6635.075613036752 34.99366192519665 5135.255731038749 1.173199616372585 351.2309543564916 73.22143249958754 0 2.124105393886566 9.662225663661957 13.09001211822033 1190.558993540704 0.5079122185707092 0.4291058480739594 0.876673087477684 879.1791361495852 0 10.30755653977394 2.152699261903763 3226.1694079265 487.3074685633183 2.286284863948822 0.7339565083384514 15.42806433141232 2.539277762174606 224.7268379256129 5.982555598020554 917.1949775665998 16.34200043976307 523.2409338131547 85.86388839781284 415.7600753903389 15.84976791590452 0.2624424621462822 5.572735667228699 1.167004942893982 0.6264429241418839 1.296436071395874 268.7859692052007 0.2134187370538712 29.06784844398499 309.0360594764352 9.206147320568562 55.76988859474659 228.2619082629681 0.9942775666713715 120.6708032041788 0 13.04365511238575 10.86623709648848 0 0.4981987774372101 0.3048442602157593 0 247.6645925045013 2.992017686367035 0.6880644559860229 1.716169133782387 277.4738964363933 0 1.018736243247986 1.578810378909111 366.1750365123153 7.747533917427063 30.3424496948719 0 1.079151883721352 1.451350435614586 4.252300828695297 0 85.82838790863752 0 23.7171526402235 3.629031926393509 115.0861131250858 0.4750714600086212 0 0
45.90108568966389 5.795304134488106 265.0078114047647 0.8189862072467804 0 4.158487275242805 324.8503693342209 90.48951115459204 113.7106437683105 4.952767565846443 28.5910264775157 0.2043613269925117 1.509233981370926 131.2379112616181 0 3026.527019634843 371.3208294138312 8.734255321323872 42.07410383224487 0.5079122185707092 13128.43909076601 519.0220432728529 16516.08647310734 544.5100417360663 1.28357271105051 16.11755857616663 2204.773436486721 3331.230988562107 278.5067960545421 8373.546732880175 0.09182719886302948 0.4273984357714653 31.25098560750484 4263.008634015918 29.79947893321514 10134.05178002268 811.7383444309235 4286.469629175961 3443.306696482003 123.3686979487538 3.691042356193066 22.64388608187437 61.8234678581357 2.719141185283661 1.230626851320267 19.93688593804836 0.8009888529777527 0 0.2793494462966919 12.15675549954176 3.173768222332001 15.76745982468128 1.327960073947906 4.41503519564867 1.341696619987488 1.52303409576416 8.94079552590847 0 590.0531422644854 3.658680312335491 0.141226053237915 0.2241345122456551 0 571.3204958066344 234.5042039975524 97.42822228372097 260.1423069164157 0 3.140412628650665 19.47926170378923 282.7308893352747 28.05717349052429 239.38388890028 0.3077411577105522 0 18.98001807928085 20.00524398684502 2.105711087584496 133.2882638201118 7.124066017568111 21.33498440682888 6.124211654067039 4.205316543579102 0 51.76476162672043 12.27851134538651
0.3940905928611755 2025.174740441144 162.7355079427361 4.243930295109749 1.094383761286736 0.141228586435318 35.61480715870857 0.8245965465903282 3217.380056023598 0.6798233389854431 6.531363405287266 1.554641909897327 111.7378951460123 0.5746336132287979 10.59344239532948 4670.142954215407 29.84380743652582 1.321494750678539 13.70732821524143 0.4291058480739594 519.0220432728529 992.495975933969 1006.238727495074 6276.8376217857 216.2251845747232 183.204542376101 7158.167461648583 503.6336672902107 4.407664246857166 19.89737673103809 50.84814192354679 0 1.527251020073891 14.49343797564507 0.6883504837751389 70.43322405219078 25.49044540524483 33.07588607817888 17.86722606420517 43.38926143944263 0.5760520100593567 0.419564425945282 0.7607889175415039 0.2871918231248856 8.544470265507698 159.230975240469 0.136125460267067 0 0 15.29178577661514 0.1213123500347137 3.410493940114975 0.4057414978742599 0.2321605756878853 0 1.215103030204773 1.816023759543896 0 1414.558697424829 3.281359441578388 0 1.1480493247509 0.1764786690473557 371.5594569966197 119.9824387431145 818.5443997532129 155.4529449567199 0.6706570982933044 9.959059521555901 1152.611277908087 102.3206814005971 5.136603757739067 45.87955549359322 0.6557271927595139 0 1.696004286408424 9.006403461098671 1.370475351810455 91.01388436555862 16.28481391072273 37.54343555867672 40.95405718684196 1.414582371711731 0.1135441064834595 2.750575542449951 1.02025294303894
105.6077880039811 10.47484657168388 7841.593277819455 5.896378226578236 0.452756404876709 27.83420980721712 3078.814386367798 237.3572586402297 17.45682263374329 48.54245534539223 44.23410309106112 0.4335970804095268 10.27072062343359 409.1930152848363 0.1721839755773544 3441.710000313818 2585.209529928863 37.83834061026573 279.3956586942077 0.876673087477684 16516.08647310734 1006.238727495074 14310.02282745391 272.3599739819765 7.240217298269272 422.0320042297244 13404.39890626073 3328.322411298752 188.4979683086276 4259.545519821346 2.085565239191055 0.4696373641490936 27.82339920848608 3155.380576960742 100.6339838281274 14721.43038567156 6925.68343219161 7236.573968321085 8094.797226376832 306.376786917448 22.93054014444351 120.9444040581584 93.589240655303 1.461158722639084 6.079721190035343 340.3682639971375 0.7537914365530014 0 0 47.43626163899899 2.26076415926218 10.40674369037151 1.091750875115395 9.892650216817856 0.8559015095233917 4.706566333770752 4.947437204420567 0 1451.383249260485 1.859284073114395 0.1078855767846107 0.6122968569397926 1.045820355415344 116.7766982614994 912.8212165534496 1751.830908000469 133.5616192370653 3.810074925422668 3.786167368292809 1112.662397257984 81.99881481379271 9.937053725123405 39.58513408899307 0 0.3008674010634422 1.846844121813774 10.73093714565039 4.622055277228355 266.4645671620965 37.58766197413206 47.68869633972645 65.52403903752565 6.120436474680901 1.320232629776001 204.303929284215 37.70734116435051
22.50896225124598 1271.42290571332 101.3315522968769 2711.60592148453 35.80355469882488 39.42696952074766 993.4877589121461 24.30117954313755 8918.258041769266 483.8394950851798 10.96007468551397 192.1663260534406 59.25817054510117 63.6680174767971 354.2842159792781 3152.538021437824 49.28357383608818 3.42376708984375 25.30507646501064 879.1791361495852 544.5100417360663 6276.8376217857 272.3599739819765 8540.255701631308 98.73302728682756 189.5586383938789 6284.408826395869 6835.489896200597 360.9363842755556 128.3412974625826 39.06827286630869 2.400558687746525 129.4876584857702 189.8630237802863 6.829330146312714 1380.13141681999 123.6292425766587 396.9659759923816 229.2361442521214 1078.548390232027 6.995281577110291 8.855666384100914 12.16195976734161 20.17408767342567 21.0732272490859 35.35052263736725 235.1017290502787 0 20.66635558754206 845.8220845535398 59.12644736468792 798.9852276369929 192.9041012227535 3.737322077155113 78.70726334303617 1.884031727910042 86.55354404449463 8.714021719992161 239.8825144991279 3.932372577488422 0.3909503445029259 2.389841467142105 164.5419451892376 218.7000011429191 179.9395486861467 102.2206715121865 1778.124767415226 0.6380773931741714 18.74164502322674 122.0887664332986 1421.149465829134 131.8538947030902 452.0711519047618 0.5602652430534363 5.03249330073595 26.64049527794123 52.63311318308115 0.7594142109155655 334.1082689985633 24.58058071881533 106.8565609753132 30.77736143767834 82.35083420574665 7.164350062608719 10.40923301875591 2.010023951530457
0 1743.770062699914 2.717981085181236 0 0 0 0 0.1963836997747421 61.5104441344738 0.2211308404803276 473.2258968949318 0 3605.128033384681 0.2515303418040276 0.2110949233174324 5.435864493250847 0.1344339549541473 24.91825022548437 24.75681872665882 0 1.28357271105051 216.2251845747232 7.240217298269272 98.73302728682756 682.7967023402452 272.1718618199229 3006.912080705166 2.965729750692844 0 0.1366539597511292 422.845922626555 0 0 316.9337214380503 0 51.76054371893406 377.1831956729293 687.0201700106263 107.0287009775639 2.230841815471649 1.703982353210449 652.2629114687443 0 0 80.95349459350109 0.6243632733821869 0 0 0 0.228612408041954 0 0.3191588222980499 0 177.3322063833475 0 1530.088458232582 0.09403896331787109 0 0.1476350277662277 0.4971446692943573 9.993788562715054 6.222348667681217 0 0 2.122139811515808 0.4427090808749199 0.9212734177708626 237.4982326701283 195.8448747992516 616.7776716575027 0.1652614027261734 0 0 208.1223666965961 0.3607610240578651 0 0.5849834978580475 0 41.87131224572659 83.61655793339014 3.05738140642643 0.6703201234340668 3.334400177001953 0 103.3347523808479 3.630566120147705
57.06746295839548 733.585806235671 7057.43165704608 3.034706860780716 5.881185919046402 47.27240851521492 459.3970089703798 324.9285351037979 95.44999341666698 53.36366041004658 1491.956803999841 15.20496266335249 119.0985405147076 472.4622754268348 0.4603486955165863 10.46325451880693 714.2060559913516 3628.147269792855 3026.749379239976 10.30755653977394 16.11755857616663 183.204542376101 422.0320042297244 189.5586383938789 272.1718618199229 18508.76037975401 11390.83286367357 56.20498188585043 184.4824940375984 115.0159897059202 242.9440738409758 23.57785527408123 4.070278830826283 809.3539145365357 8.927795074880123 1894.398277342319 8215.416721589863 2355.265507340431 693.3996003717184 22.18338783085346 1.82615003734827 98.76758842915297 13.12991160899401 0.4010252505540848 733.6237594336271 163.0199021026492 0 0 0.107152484357357 9.584367394447327 1.48747929930687 2.506661728024483 0.08910387754440308 132.41948980093 0.1216368898749352 402.3892131224275 2.341393798589706 0 4.852791212499142 145.3708911091089 99.75442276895046 244.6402430608869 0.1967449635267258 1.596832543611526 13.8920279070735 12.75424579530954 10.22654037177563 260.8425310626626 2437.622163616121 4544.049167729914 3.567011006176472 1.177743911743164 5.79762677103281 295.0608461201191 0.2827374786138535 0 18.5119721442461 6.89276134967804 94.3285678550601 1257.844570927322 71.69835185259581 16.47858778387308 2.780642375349998 0 6.803571328520775 0.8576834499835968
8.188493251800537 7125.659693226218 7066.637862369418 17.70624226331711 0.815257653594017 6.8050816655159 782.8185423612595 28.11510679125786 910.8204915672541 14.83842208981514 364.3078452274203 2.486132726073265 2757.354073807597 49.85545644164085 5.317103363573551 5752.064023584127 4005.830734103918 269.0194968283176 1376.497790426016 2.152699261903763 2204.773436486721 7158.167461648583 13404.39890626073 6284.408826395869 3006.912080705166 11390.83286367357 31664.75732404739 4888.246565915644 47.07692912966013 56.20001241564751 1685.58200237155 2.122770592570305 6.260522872209549 1391.176747053862 47.90805615484715 7402.898955829442 7266.613856442273 5258.767296627164 2277.486479543149 93.85717774182558 14.73234272003174 110.3571713790298 31.02091828733683 1.321350730955601 2831.348764412105 2139.558628112078 0.8526393622159958 0.1722659170627594 0.6094082221388817 77.15921503305435 3.643505536019802 9.256949797272682 1.319995559751987 89.42352268099785 0.3334946036338806 182.0672076195478 8.467869535088539 0 469.9825321137905 236.152034111321 106.1793868094683 377.0800494328141 1.087680086493492 27.00364303588867 1163.164515845478 1855.836837634444 87.10140784829855 400.3351234719157 3576.799206614494 13145.71507982165 74.53170994669199 3.90976070612669 35.27409438043833 212.5504259839654 0 1.208443991839886 69.07742651551962 7.049359649419785 442.0784132182598 2033.862790636718 263.801445774734 201.5562172457576 6.150197356939316 1.84652341902256 111.7105050310493 20.74879885464907
67.81107601523399 44.25462444126606 520.4768932685256 6104.915399506688 9.21253889799118 292.0276042968035 18168.0742277354 117.8318902179599 2391.479947768152 4017.371651634574 17.0238424167037 292.0654210150242 2.612491294741631 222.4410416334867 79.91453732550144 1976.633507430553 79.9376360476017 7.931235902011395 20.16174278408289 3226.1694079265 3331.230988562107 503.6336672902107 3328.322411298752 6835.489896200597 2.965729750692844 56.20498188585043 4888.246565915644 15375.50052873045 1025.745163813233 9909.004628613591 2.849604815244675 5.660190515220165 352.9330981448293 886.1589207425714 30.35075451433659 4631.431205056608 207.2256743982434 1482.246741056442 932.2087625265121 536.6427540555596 14.85414818674326 8.613964505493641 40.5689090192318 36.76348588615656 13.21970712393522 39.98823567479849 436.5197919905186 0.8544928878545761 34.48674219101667 1187.338160581887 90.69962801039219 645.5940239131451 322.5332084596157 3.614186495542526 95.84755965322256 0.8577200472354889 149.7258238866925 11.42157232761383 237.581257648766 5.599994920194149 0.4465612471103668 3.723102927207947 270.3144471049309 277.5304376482964 125.7025618106127 81.46699364483356 1960.391691982746 0 10.16974113881588 89.10575697571039 1702.225114881992 218.4953342676163 713.0966405645013 0.4747540354728699 7.045668937265873 44.38588017225266 77.64069014042616 0.6249516159296036 438.3726360276341 16.75807128846645 133.6581593900919 36.85184586048126 146.8009511008859 5.744575068354607 8.536942794919014 9.443508289754391
2803.806177549064 0.9750447645783424 121.0955078303814 90.25053612887859 21.1787938401103 375.4600227475166 2821.023371167481 583.136173710227 85.88280300796032 1585.365394368768 505.2666443660855 606.8645377010107 9.464422002434731 3188.636331290007 7.511359795928001 1.259882159531116 901.7255280688405 161.9286142960191 462.8319219946861 487.3074685633183 278.5067960545421 4.407664246857166 188.4979683086276 360.9363842755556 0 184.4824940375984 47.07692912966013 1025.745163813233 18488.91116392612 7387.063398644328 5.751826286315918 197.8560018539429 3047.867548376322 3107.328241534531 6.786128848791122 1020.506217427552 123.3757733479142 2354.239845998585 342.1845115870237 543.517557837069 577.8360456451774 3.703100740909576 16.13428680598736 2.112365528941154 1.513783402740955 2.552589669823647 4.647409833967686 0 1.303439348936081 59.74842705577612 8.198392271995544 43.34765706211329 6.251442112028599 0.303808905184269 1.832034319639206 2.796318501234055 14.8386692777276 0 5.334437720477581 0.4298172816634178 0.09747631102800369 0 3.141038663685322 5.440974771976471 1.62527534365654 3.835051849484444 122.6314803436399 0 1.342430226504803 3.10919451713562 108.3899171501398 13.72530083358288 41.88329073041677 0 0.09766703099012375 1.651097312569618 4.705963812768459 0 40.91588375717402 1.285982236266136 9.964119762182236 3.228804275393486 10.33349615335464 0 0 0
