871.9815941303968 0.7794765383005142 24.05138563364744 3.503387995064259 0 6.729640975594521 1520.097040377557 227.322776556015 4.529604136943817 19.33310028910637 5.735719330608845 0.9750110730528831 0.6301444172859192 5092.636876299977 0.1207736507058144 0.4097724705934525 219.3693836927414 24.56506821513176 49.74254605174065 1.797190569341183 33.06570591032505 0.1395806670188904 36.69459245353937 20.2622402831912 0.1377806216478348 137.5130625218153 61.85667512565851 77.49584186822176 4664.356574416161 3009.023404583335 0.4470442607998848 1.110417135059834 196.8403443321586 213.8088475242257 1.598174706101418 70.14881485700607 14.06480022519827 131.4026956558228 32.42708741873503 5.413509249687195 1.602710604667664 0.2725654989480972 0.5135104060173035 0 0.3407147228717804 0.2381858974695206 0 0 0 0.9907916337251663 0 1.975514143705368 0 0 0 0.1997813433408737 0 0 3.854371264576912 0.2761053517460823 0 1.329787597060204 0 2.51492927968502 1.750064939260483 0 22.02353774011135 0 8.047252722084522 8.713350057601929 8.272018067538738 1.511855885386467 6.775376960635185 0.1077261418104172 0 1.236212521791458 1.032870531082153 0 4.54452195763588 2.853167295455933 2.404422089457512 0.3171718046069145 0 0 0 0.3786337077617645
0.7794765383005142 506.7996957078576 166.5032412856817 1.707564197480679 1.078943230211735 0.8172158002853394 4.673375390470028 0.9864628612995148 795.2158797755837 1.223113641142845 56.19988797605038 1.529423199594021 653.2627941519022 1.760724298655987 21.34922570735216 17.75492868572474 156.1271221041679 1.065734326839447 9.311181902885437 0.6358807682991028 2.690253160893917 2746.437355428934 153.4529547542334 1041.118170812726 1431.664399005473 206.3357454165816 8091.864693157375 8.490674167871475 0.8895727694034576 2.873521991074085 36.98884701728821 0.3630445525050163 0.2490609139204025 31.64178562164307 2.504464417695999 204.2367654666305 84.72153431922197 100.2878999039531 66.8060314655304 36.7156997397542 0 97.69069355726242 0 0 11.68119972199202 73.47148071229458 0.2554530203342438 0 0.1224301159381866 0.6213712841272354 0.5161164253950119 4.583653636276722 0.8117410764098167 8.728421315550804 0 26.75791698694229 1.084781184792519 0 5.910408489406109 62.04339089244604 2.296971909701824 49.75162268429995 0.395013228058815 3.673495791852474 6.146833747625351 10.59202574193478 11.27622255682945 6.843055233359337 244.8823739141226 1481.545050293207 4.950102984905243 1.328600838780403 1.830216534435749 10.57427906990051 0 0.1083197966217995 8.975642941892147 1.789637744426727 99.46275735646486 58.12396415323019 23.42068393528461 9.967663206160069 1.159875899553299 0 3.285929411649704 0
24.05138563364744 166.5032412856817 7489.481556199491 10.64110465347767 0 15.51359633356333 1090.232883661985 173.2745716273785 0.6485684737563133 43.49818647652864 3.048579037189484 0.4030111655592918 1.712700918316841 190.8588125705719 0.1025103405117989 20.07201012223959 816.8169802501798 11.37547171115875 28.63362746685743 1.069849565625191 1154.076280638576 20.82934038341045 9414.897492803633 32.46031039208174 0.2644115164875984 8450.779124617577 4627.245253689587 573.2523017451167 25.56627783924341 486.7974065244198 0.8413176536560059 0.4208840057253838 2.279842101037502 226.8616847917438 17.97979871183634 1159.42727676034 2920.934953995049 932.4614684581757 835.9565810263157 18.35627518594265 0.5551273077726364 1.964764103293419 3.022804290056229 0.3471905291080475 138.9144865050912 817.6091786324978 0 0 0.07968318462371826 2.520725712180138 0.6710423603653908 0.3936938494443893 0.5290589034557343 0.6507209092378616 0 1.037372425198555 0.6115825027227402 0 9.887073539197445 601.1194010600448 14.02461833506823 105.2056806311011 0.09495930373668671 3.866815410554409 32.10023155808449 189.9091417491436 8.873397536575794 0.7115752846002579 703.3014181405306 2780.219831973314 5.55618604272604 1.211759686470032 2.070459395647049 1.204768493771553 0 0 49.99060859531164 6.906977027654648 320.9508651793003 140.7201275080442 108.9932991489768 32.31162422150373 3.406760208308697 0.08628014475107193 0.2776536047458649 0.7499461621046066
3.503387995064259 1.707564197480679 10.64110465347767 1353.389369003475 8.299561895430088 96.40168143808842 139.7864652276039 52.33548124879599 1733.253758355975 1651.53877260536 0.3258392810821533 741.2091511487961 1.288163915276527 31.24147305637598 166.9729614704847 9.071553021669388 2.371956869959831 0.4134171083569527 0.4365382194519043 3769.754816889763 2.950948596000671 10.65440110117197 33.26949065923691 2729.152077943087 0 23.98553209751844 71.27783086150885 3257.750348255038 75.80338530987501 3.979081712663174 0 2.40051531046629 11.34793342649937 25.61925841122866 9.7968824878335 202.2623201608658 11.77499041706324 111.8600944057107 59.24497742950916 299.0512175187469 12.74469918757677 0.5740086883306503 3.336497209966183 1.761221125721931 0.4194596707820892 4.582062214612961 183.6162123978138 0 68.57437119632959 100.7738802656531 71.38069384545088 325.8745478987694 473.4549482986331 4.496325388550758 127.0288281738758 0 58.18466310948133 5.643456727266312 5.212064318358898 0.6761505827307701 2.340879425406456 0.5561483427882195 350.300514370203 5.944247275590897 2.594626203179359 10.40129214525223 376.4534639120102 0 9.53463526070118 9.768722973763943 402.79939160496 53.85697158426046 7.52167834341526 0.1557250022888184 1.518733367323875 1.469504877924919 15.24750343710184 1.307275645434856 17.82946507632732 0.8141001984477043 51.69084413349628 11.3399486541748 29.84434919804335 4.102478139102459 0.303376816213131 0
0 1.078943230211735 0 8.299561895430088 69.49086877703667 595.6623316705227 3.037085451185703 14.83038303256035 144.5020193830132 4.63457078486681 72.60302913188934 148.9070973470807 44.70120200514793 1.617086738348007 2662.869198575616 0 0.09392207115888596 9.99974025785923 4.570541888475418 9.172056697309017 0 4.126433968544006 0 33.73153127729893 0.9201437085866928 11.1547262147069 3.68318397551775 4.558659613132477 15.71363145112991 0 1.701350450515747 4.278846994042397 0 515.080824367702 0.314813107252121 43.76408225297928 2.364214077591896 84.23719984292984 17.18313610553741 2263.406406566501 41.96179749071598 8.982918381690979 4.960524618625641 0 0 0 0 0 0 0.2027730196714401 0 0 0 0.4131927937269211 0 0.1301915943622589 0 0 0.3765998780727386 0 0 0 0 0.1117970496416092 0 0.1128213033080101 1.191750824451447 0 0 0.1282386481761932 0.4583649784326553 0 0 0 0 0 0 0 0 0.1502991318702698 0 0.5691098719835281 0 0 0 0
6.729640975594521 0.8172158002853394 15.51359633356333 96.40168143808842 595.6623316705227 12428.64214079827 2280.008337974548 6363.450509622693 145.2298030555248 6999.127655595541 166.8626582995057 3893.877214469016 184.5730275660753 452.783892840147 2784.166754558682 0.1611117422580719 9.722623914480209 59.03398732095957 37.32230342179537 542.601691916585 2.106474459171295 1.670023910701275 18.18543894588947 48.91173940896988 0.5793598815798759 121.1310191825032 49.25804768502712 177.5912182405591 543.7850813344121 20.45679450780153 9.563190385699272 709.9584400951862 4.831891685724258 645.7622459307313 5.370702870190144 405.8138660788536 44.97869759052992 931.1890270859003 118.0067660659552 3499.099936589599 144.0632256120443 27.69619899988174 10.87786201387644 0.7525872960686684 0.3350890353322029 0.7693456262350082 25.26900397241116 0 11.35035827755928 38.42152705788612 10.54777876287699 12.07050424814224 73.70810300856829 1.815990880131721 38.24255898594856 0 13.84784180670977 2.194670841097832 0.5203052461147308 0.2121409103274345 0.4358507543802261 0.6412982791662216 40.8723216727376 0.1402036398649216 0.106340765953064 1.468088701367378 67.91581900417805 0 2.766526557505131 2.373241402208805 77.14505783468485 12.96177084743977 2.765830680727959 0.1714049875736237 0.2693047672510147 0.1987229585647583 5.17776844650507 0.4334145337343216 12.12172649055719 1.539519891142845 15.41856869310141 9.439478263258934 14.64665938913822 2.340459451079369 3.952366083860397 0.4932784363627434
1520.097040377557 4.673375390470028 1090.232883661985 139.7864652276039 3.037085451185703 2280.008337974548 11572.98177068681 5204.898502446711 314.2687561511993 2812.348936982453 34.13328390568495 65.11566466093063 46.0828792899847 8561.462312467396 21.20431690663099 22.14879188686609 500.0342160835862 77.08248417824507 107.7458627596498 42.55189592391253 225.5560842379928 3.774030767381191 1896.536661833525 512.578900963068 0.1318970024585724 1993.126464746892 599.2343981638551 12792.16283679008 2788.678093314171 5277.393604665995 4.369584701955318 30.23039471358061 456.3876378461719 817.027389228344 154.8480120822787 4220.796952836215 222.0434055402875 3085.864976473153 1503.554562166333 362.9529359936714 304.791734367609 9.388417683541775 46.28089356422424 3.846383906900883 4.088349737226963 19.97364831715822 49.49033333361149 0.3267923295497894 29.0572402998805 319.5523240566254 72.53163281083107 117.5626678541303 158.7071793675423 10.08363566547632 35.11159648746252 0.5946186035871506 89.48265489935875 0 24.26406778395176 8.463047161698341 1.82627922296524 16.99418127536774 86.01675981283188 20.55029732733965 15.20959293097258 50.55309744924307 922.9374089464545 0.5257694721221924 54.2281621992588 126.3048258125782 899.6801043003798 106.7549238950014 73.08091081678867 0.226967953145504 1.526898071169853 8.506666392087936 45.77640025317669 3.774672225117683 144.9883800148964 18.82923398911953 160.2630502283573 51.14888279885054 42.09884729236364 15.67381064593792 2.879628069698811 1.292147114872932
227.322776556015 0.9864628612995148 173.2745716273785 52.33548124879599 14.83038303256035 6363.450509622693 5204.898502446711 13246.17542842776 115.1970321908593 5251.73894008249 512.888301089406 968.8406360298395 142.8686666563153 5145.421083144844 162.6558852568269 0.5938146710395813 190.6792084276676 215.1350177079439 155.7879034951329 260.7745818868279 24.8323552981019 0.7359631210565567 159.0025943219662 135.1899507716298 2.409691646695137 709.6694722995162 228.75987752527 386.0618077367544 1510.610408514738 624.4640806987882 24.00031522661448 832.6871360316873 41.1987744346261 1595.047785118222 15.19583085924387 694.8807726278901 91.84299751371145 1332.734210897237 279.7225789576769 1045.741310678422 67.7660970762372 17.2255122885108 11.02159494906664 1.9691391736269 0.8948253616690636 3.071810074150562 14.89716301858425 0.2964082360267639 10.11717064678669 114.8475098907948 30.03972835838795 38.32407257705927 44.56787553429604 3.992932856082916 12.90775569528341 0.6354882940649986 30.54900451749563 0.2637098431587219 3.19241464138031 1.758902028203011 1.010616190731525 5.142892874777317 20.73220198601484 2.529002919793129 3.378885194659233 6.482024490833282 305.1505624651909 0 17.33678420633078 20.68019776046276 306.2251831069589 37.93064744025469 11.17012256383896 0 0.8033392280340195 2.628495372831821 11.53011155128479 1.003329008817673 36.02969197183847 5.864019311964512 41.19878198951483 15.4699507728219 19.4768785238266 5.620652794837952 2.19440808147192 0.2803279533982277
4.529604136943817 795.2158797755837 0.6485684737563133 1733.253758355975 144.5020193830132 145.2298030555248 314.2687561511993 115.1970321908593 1122.706256113946 360.6082736253738 3.488480880856514 434.1918099522591 36.84245181083679 27.32416104525328 1151.858110070229 275.9896616190672 0.9950812980532646 0.4464599266648293 0.9760537892580032 1011.995015233755 57.61079812794924 3077.180030554533 67.58196021616459 4586.144276715815 124.3516201451421 4.749701596796513 566.9944543540478 1383.070275478065 68.3626057729125 10.50588670372963 4.406927980482578 7.622842632234097 18.94073913246393 15.93810177594423 6.990919634699821 150.4317593201995 7.062774039804935 55.85697412490845 24.11397006362677 417.1863786950707 16.48375760018826 1.399118453264236 2.352100938558578 3.616761155426502 1.308615550398827 2.307979866862297 123.2895320206881 0.4235818609595299 37.71693930029869 67.07304916530848 27.92835788428783 61.2372580319643 286.6295512765646 3.089724078774452 70.40332796424627 1.753781855106354 29.70728017389774 8.18416441231966 593.3145929053426 2.653163768351078 1.088451623916626 0.8752908855676651 244.2455392479897 89.12381191551685 68.12303082644939 83.97210905700922 1205.271656192839 0.1261481493711472 7.404656834900379 79.51888329535723 379.5411075055599 76.36811795085669 112.4634535685182 0.5521396398544312 0.4727666452527046 10.76087389886379 28.07975951582193 2.61905500292778 111.9186239764094 5.633629307150841 51.79812243580818 31.30384011566639 27.41720739006996 5.013433739542961 0.443248450756073 0.6432681530714035
19.33310028910637 1.223113641142845 43.49818647652864 1651.53877260536 4.63457078486681 6999.127655595541 2812.348936982453 5251.73894008249 360.6082736253738 22075.98845796287 41.23661128431559 3136.024097401649 39.30156137049198 986.5509010106325 43.58939366787672 1.556650295853615 11.47480206936598 26.25755508989096 38.04890837520361 6610.929474242032 9.117654129862785 0.2919683009386063 55.43697403371334 654.9602356106043 0.1515232771635056 129.183943554759 65.35377161204815 2168.200997374952 1901.33958363533 28.32853221148252 3.47299412637949 38.6213509067893 38.92183699458838 447.2164692282677 28.01772490888834 1237.644292101264 69.33041506260633 1845.393016718328 430.9498075097799 247.4814977943897 188.4894491061568 10.64243894070387 20.97071915864944 4.615967214107513 1.093533396720886 6.2689194008708 167.559221893549 0 113.4944960847497 260.0955126285553 156.7547726109624 151.9670478776097 706.3842600882053 9.592334486544132 212.4244041666389 0 101.9444033503532 5.614653155207634 1.103850789368153 0.767138347029686 1.574703879654408 1.619138285517693 479.073934353888 3.172898821532726 0.5847817212343216 15.25934952497482 500.3239444047213 0 16.62287786602974 9.638842657208443 659.7353078424931 101.2331355586648 6.399198442697525 0 0.8252225145697594 3.727724462747574 32.74234057962894 0.9786418825387955 44.28644647449255 1.888286389410496 102.0159106105566 25.40086361765862 64.34974592924118 9.050458543002605 1.333255812525749 0.6994653344154358
5.735719330608845 56.19988797605038 3.048579037189484 0.3258392810821533 72.60302913188934 166.8626582995057 34.13328390568495 512.888301089406 3.488480880856514 41.23661128431559 8633.241089612246 54.08812391757965 1230.761342287064 291.9077453017235 4.844477280974388 0.7096399217844009 351.0266286432743 2737.863447710872 712.2039032503963 17.55209232121706 4.646214663982391 2.622810557484627 8.838167674839497 4.886949896812439 393.2515668272972 1580.796614482999 340.8106743693352 9.757993005216122 691.9042793139815 28.78094198554754 328.3090975508094 311.2392662540078 4.455115556716919 6280.284696660936 17.12477698177099 249.5798746645451 3402.204960629344 2296.30300270766 373.4908731877804 33.8986207023263 61.67826568335295 900.6855300888419 2.207700707018375 0 6.023389890789986 0.3602007329463959 0 0 0.1073019504547119 2.554909057915211 0.2520829662680626 0.769275389611721 0.4069589078426361 169.7907312810421 0 676.6214697435498 1.013207770884037 0 0.3175544440746307 0.6773505732417107 31.97752903401852 9.771587818861008 0.1024409160017967 0 1.745956018567085 0.438298374414444 4.865365006029606 47.80917386710644 220.9288853108883 268.9681241735816 3.779039494693279 0.3287010192871094 1.850831896066666 214.9171846881509 0 0 0.5858978033065796 1.31367814540863 20.88008709251881 310.8669298663735 14.73519417643547 7.50622995197773 3.327099025249481 0.5119690299034119 121.1735445335507 0.12148617208004
0.9750110730528831 1.529423199594021 0.4030111655592918 741.2091511487961 148.9070973470807 3893.877214469016 65.11566466093063 968.8406360298395 434.1918099522591 3136.024097401649 54.08812391757965 10143.65573538095 51.7525827512145 314.2826887220144 1948.951597571373 0 3.327100120484829 30.56149131804705 37.41789671033621 6704.99074614048 0.7347153499722481 1.352364130318165 1.301085494458675 413.469521433115 4.137421771883965 58.15049348771572 32.94925130903721 230.2593856602907 759.1926151886582 4.486087672412395 3.848868288099766 55.04702745378017 1.3967474848032 310.8582329973578 0.6771796569228172 334.6261115670204 30.97588296234608 939.7475263923407 63.92336784303188 1834.847830042243 49.71788327395916 5.622696086764336 2.606430947780609 0.1663589626550674 0 1.076778300106525 104.4484847784042 0 47.3703665137291 25.31327690929174 26.90968509018421 38.01247464120388 292.9176238328218 1.446720145642757 261.7542474791408 0.09050866216421127 12.51493822783232 17.30183131992817 0.4419814124703407 0 0.450177900493145 0.5551754534244537 314.0266603976488 0.1193932145833969 0 1.410114675760269 73.7010643184185 0 1.101595483720303 1.190296322107315 81.55396594107151 13.10180800408125 2.032172128558159 0.07671957463026047 0.867127351462841 0.3232188522815704 7.988612227141857 0 22.54214582592249 1.092593610286713 17.38750309497118 14.67651160061359 124.0995191261172 4.212211176753044 12.75513222068548 0
0.6301444172859192 653.2627941519022 1.712700918316841 1.288163915276527 44.70120200514793 184.5730275660753 46.0828792899847 142.8686666563153 36.84245181083679 39.30156137049198 1230.761342287064 51.7525827512145 2545.881273150444 51.58233647048473 11.16946596652269 1.828119203448296 8.419145055115223 10.99301458895206 7.154033325612545 20.89395728707314 4.611529633402824 89.89839568734169 7.90228395909071 41.22951736301184 2556.335702635348 138.8348026052117 2242.088102914393 24.41466394066811 47.53626002371311 6.601613238453865 251.0713424533606 151.4950646609068 0 839.8659343719482 188.708383448422 1859.196185469627 5256.699886724353 2707.985736228526 570.6488672047853 240.176427423954 313.5139022096992 1369.447156138718 24.17521747946739 0 23.96311935782433 0.9900835305452347 0.1182486787438393 0 0.4544263333082199 3.238406248390675 1.440216414630413 1.800221785902977 0.2166902869939804 665.5909065455198 0.6900168806314468 2463.078672468662 2.306636221706867 0 0.5820877104997635 1.429269604384899 102.7035746499896 15.74518062919378 1.935364097356796 0.227463461458683 7.7525764554739 0.6704255193471909 11.39117709547281 349.4166254624724 732.2842175066471 969.4570580348372 8.124261066317558 2.53388761729002 0.895190604031086 816.5161021798849 0.6996702402830124 0 12.31623559445143 21.42447128891945 219.3415068387985 1016.592093169689 71.42214770615101 73.48274249583483 24.86947040259838 10.70971462130547 234.789669893682 0.5732840895652771
5092.636876299977 1.760724298655987 190.8588125705719 31.24147305637598 1.617086738348007 452.783892840147 8561.462312467396 5145.421083144844 27.32416104525328 986.5509010106325 291.9077453017235 314.2826887220144 51.58233647048473 10972.48450250179 31.71113069355488 1.803163714706898 629.3921157717705 195.1217551007867 225.3478170782328 114.5912153050303 78.1432181596756 0.7655061334371567 204.795707590878 105.8065328896046 0.1061511263251305 869.2815274819732 311.9196159616113 355.2955934554338 6617.38978870213 3748.629651606083 14.90928253531456 188.7593222036958 41.40209897607565 1002.324587039649 10.43091759085655 516.3104795590043 86.30248416960239 1135.931526377797 242.5148839429021 173.9288924634457 21.64549814164639 6.500751204788685 5.936558343470097 0.2237619310617447 2.682187609374523 1.221200175583363 2.6179104372859 0 2.478707283735275 27.92473397403955 5.847669519484043 15.94748228788376 7.685609512031078 0.4318172484636307 4.043168239295483 0.1961836591362953 5.495663903653622 0 6.14035651832819 2.57508409768343 0.08850613981485367 8.642606288194656 4.632915213704109 7.685646116733551 2.459785968065262 1.984175436198711 122.5449311882257 0.6236161813139915 28.44851379841566 36.98400782048702 102.5249304622412 10.11606948822737 20.36967426538467 0 0 1.783941090106964 4.575865611433983 0.2767587304115295 17.57855117321014 9.543163388967514 16.24439617991447 8.482887215912342 3.058281302452087 3.242670997977257 0.6595368310809135 0
0.1207736507058144 21.34922570735216 0.1025103405117989 166.9729614704847 2662.869198575616 2784.166754558682 21.20431690663099 162.6558852568269 1151.858110070229 43.58939366787672 4.844477280974388 1948.951597571373 11.16946596652269 31.71113069355488 644.0456591844559 0.672074556350708 0 1.237435661256313 1.48704294860363 355.1168035939336 0 67.80964696407318 0.2723135203123093 759.4785689488053 3.506802044808865 4.502742774784565 21.41167983412743 55.12630849331617 30.88267523795366 0 0.7215288877487183 353.1864495798945 0.3407987356185913 36.56815339624882 0 28.69817736744881 3.766956984996796 51.79694635421038 5.106597058475018 1280.972871787846 292.6022980511189 1.281871691346169 0.1166959553956985 0 0 0 1.722740352153778 0 0.6341689229011536 0 1.598038405179977 0.5540902316570282 3.597747713327408 0.7995815277099609 5.044227480888367 0.1236804574728012 0.2770331054925919 0 0.493818461894989 0 0 0 10.07371789962053 0.3747803866863251 0 0.2008685618638992 1.774016372859478 0 0 0.4643560200929642 1.852119781076908 0 0 0 0 0 0 0 7.073302745819092 0 0.3457489460706711 0.1224189922213554 12.40832825005054 0.3938744962215424 0.1148450449109077 0
0.4097724705934525 17.75492868572474 20.07201012223959 9.071553021669388 0 0.1611117422580719 22.14879188686609 0.5938146710395813 275.9896616190672 1.556650295853615 0.7096399217844009 0 1.828119203448296 1.803163714706898 0.672074556350708 3402.409117780626 27.67688130587339 1.086970888078213 2.911542020738125 0.6045216023921967 2785.268454797566 1212.91181717068 2535.014603316784 1808.265566505492 1.3892732411623 39.96472623944283 4061.607393860817 1128.192176453769 12.38891199976206 253.8581219241023 1.132033035159111 0.1151883602142334 49.57558885216713 114.4001998156309 40.92047847062349 1420.84718336165 855.6712344586849 497.0803811326623 785.6567623987794 10.5965219810605 1.710154116153717 1.776680827140808 9.102557070553303 0.5705940872430801 4.148753836750984 54.54292374849319 0.37558963149786 0 0.1190924942493439 3.679028563201427 0.6289417669177055 29.63009711354971 0.528947725892067 0.107114352285862 0 0.158114492893219 1.15298306196928 0.1296241730451584 4195.227631129324 14.79388612508774 0.7278036177158356 3.704875208437443 0.1179452762007713 704.6675655990839 1017.491210214794 1368.878740690649 237.6320809051394 0.2204460278153419 29.86623077094555 1098.105820946395 147.6657569259405 17.2590586990118 258.7927244603634 0.2875120565295219 0 14.79211791604757 20.0224646627903 7.010881528258324 330.5663127377629 54.69015619158745 59.0913912281394 74.7481025531888 2.065279424190521 0.1130127385258675 0 0.1579431593418121
219.3693836927414 156.1271221041679 816.8169802501798 2.371956869959831 0.09392207115888596 9.722623914480209 500.0342160835862 190.6792084276676 0.9950812980532646 11.47480206936598 351.0266286432743 3.327100120484829 8.419145055115223 629.3921157717705 0 27.67688130587339 402.2088303118944 411.5111990794539 1801.565363489091 2.069994948804379 1690.071274898946 10.84099389612675 2163.50260527432 16.80567344278097 2.195560857653618 1630.583546772599 3103.343896850944 110.1758736670017 436.4435214996338 2547.941784866154 4.48516121506691 1.10700362175703 44.06362946331501 2421.468872860074 6.880576692521572 283.0593914762139 3832.884855404496 1133.055822111666 242.711657769978 5.980644166469574 0.5823115408420563 16.91950798779726 0.6944729834794998 0.8678540214896202 87.55171271413565 60.65945158153772 0 0 0 1.539904922246933 0.5258083641529083 0.1844730153679848 0 0.2964382171630859 0 4.221387006342411 0.9939234554767609 0 12.24301268905401 186.716227889061 4.590785145759583 283.5226150453091 0 2.578226752579212 3.231050401926041 14.84592406451702 2.812441349029541 3.040447033941746 866.6433470025659 1095.051561608911 2.148777574300766 1.115445986390114 2.108198523521423 5.084095127880573 0.1054933443665504 0.310665100812912 9.078398324549198 3.443380154669285 139.3455629870296 209.2968333363533 43.83971694111824 20.62151413410902 2.391296721994877 0 0.3951102644205093 0.978629469871521
24.56506821513176 1.065734326839447 11.37547171115875 0.4134171083569527 9.99974025785923 59.03398732095957 77.08248417824507 215.1350177079439 0.4464599266648293 26.25755508989096 2737.863447710872 30.56149131804705 10.99301458895206 195.1217551007867 1.237435661256313 1.086970888078213 411.5111990794539 146.7245117798448 1282.850128419697 6.752280496060848 29.23024302721024 0 28.44256366789341 1.18146900832653 4.453492917120457 318.640206001699 31.61645211279392 13.5307482779026 264.8161229714751 94.7256823554635 9.022488124668598 74.06848718225956 3.729242078959942 1628.553949736059 15.74231902509928 643.9975740909576 1228.083687715232 1632.469424046576 453.5765686556697 15.58754048496485 2.361417166888714 13.20652443915606 2.07632303237915 0.1269632279872894 0.7703852728009224 0.4873802810907364 0.1264015585184097 0.1602453142404556 0.08804447203874588 0.9884984642267227 0 0.2739204689860344 0.08471165597438812 6.423980921506882 0 57.84613627195358 0.2873143181204796 0 0.3901186436414719 1.561606615781784 28.38826264441013 13.56507191807032 0 0.1063656955957413 0.5850584208965302 0.4650894999504089 3.920432895421982 6.807734876871109 199.8220566660166 251.7680442035198 1.966076746582985 0.1221785694360733 0 91.00816672295332 0 0 0.2412173748016357 2.225478857755661 12.88044041395187 34.46910567581654 16.57828725874424 7.380429923534393 0.4496073424816132 0 0.4753231406211853 0
49.74254605174065 9.311181902885437 28.63362746685743 0.4365382194519043 4.570541888475418 37.32230342179537 107.7458627596498 155.7879034951329 0.9760537892580032 38.04890837520361 712.2039032503963 37.41789671033621 7.154033325612545 225.3478170782328 1.48704294860363 2.911542020738125 1801.565363489091 1282.850128419697 2221.452041678131 11.30845867097378 58.64438731968403 0.5925696194171906 74.90678043663502 6.690054960548878 5.429852709174156 2223.263097889721 588.7570821121335 18.56377314776182 314.525494761765 236.7059789448977 2.539042294025421 28.43295830488205 13.42309885472059 4456.001863598824 13.19939965754747 850.2897965088487 1677.347872562706 2308.202277742326 465.7170754447579 14.16881068050861 0.6685239672660828 24.07949751615524 0.4121154621243477 0.2156252786517143 13.59717708826065 2.974163956940174 0.09866210073232651 0 0.1062868759036064 1.55348052084446 0.2089285105466843 0.8586242347955704 0.1892940476536751 1.31309899687767 0.5842449963092804 13.74179860949516 1.1066585034132 0 0.1169788613915443 9.12138519436121 22.41554529964924 86.3862337693572 0.288235180079937 0.2433015629649162 1.875388525426388 1.267283640801907 5.350371547043324 16.56468126922846 720.6975390836596 645.6181968152523 3.099679015576839 0.2380629479885101 1.544233590364456 31.33800256252289 0 0.1216973289847374 2.622872352600098 2.141413182020187 51.60307008773088 166.1651936098933 48.30808875709772 20.34343308955431 0.8051165044307709 0 0.7289064079523087 0
1.797190569341183 0.6358807682991028 1.069849565625191 3769.754816889763 9.172056697309017 542.601691916585 42.55189592391253 260.7745818868279 1011.995015233755 6610.929474242032 17.55209232121706 6704.99074614048 20.89395728707314 114.5912153050303 355.1168035939336 0.6045216023921967 2.069994948804379 6.752280496060848 11.30845867097378 1061.708379529417 1.160815514624119 2.450009971857071 1.993622846901417 819.6135850250721 0 17.24854534119368 16.50532086193562 4763.547717057168 320.9523862749338 1.826051279902458 2.130177587270737 13.27674077451229 3.673836037516594 102.7382916882634 4.36285562068224 223.1479877457023 15.63976916670799 392.7795907631516 53.07961456477642 898.0747572407126 27.72064830362797 3.956781879067421 2.739658087491989 2.07483909279108 0 3.430785328149796 212.4245668873191 1.3749133720994 122.7752152606845 136.0568651780486 103.3714026585221 170.868623226881 719.4309862628579 3.877130940556526 244.2584910169244 0 77.97179172933102 15.82847837358713 0.1816837936639786 0.1977025270462036 2.897391349077225 0.4042578712105751 555.6932452321053 2.247324958443642 0.77900430560112 7.912666447460651 348.7172380760312 0 7.424420036375523 2.390369586646557 479.4425059556961 65.4546624571085 0.9990698918700218 0 1.674085557460785 0.4833013415336609 22.85457242280245 0 36.12440859526396 0.5393000617623329 67.13392295688391 12.89040269702673 57.26600282639265 6.287948533892632 2.114686593413353 0.1387000679969788
33.06570591032505 2.690253160893917 1154.076280638576 2.950948596000671 0 2.106474459171295 225.5560842379928 24.8323552981019 57.61079812794924 9.117654129862785 4.646214663982391 0.7347153499722481 4.611529633402824 78.1432181596756 0 2785.268454797566 1690.071274898946 29.23024302721024 58.64438731968403 1.160815514624119 9427.287602081895 143.3908020183444 12804.49112182111 312.1604344621301 0.2226599678397179 794.520019300282 672.023943759501 1919.783437177539 151.3294177055359 9672.057322099805 0.8164291828870773 0 198.5609458163381 2263.225421644747 154.341902770102 6388.559150524437 4174.139473445714 3687.816930294037 3116.515129908919 28.61728282272816 3.08728951215744 1.685742326080799 41.87323649227619 1.325020655989647 1.760682970285416 20.89250244945288 1.094149895012379 0 0 6.948999218642712 0.172536164522171 27.96225954592228 0.2298255190253258 0.2038129419088364 0 0.1161669045686722 3.020276956260204 0.3401353508234024 1303.09707493335 9.469105586409569 1.330828182399273 4.995946861803532 0 734.2192249372602 251.9583578035235 336.9061313942075 356.9625825956464 0.4202721044421196 20.33062652498484 165.0901589170098 240.3759228661656 32.70551465451717 438.1251881942153 0 0 26.16868775337934 24.61935433745384 4.809068128466606 140.6019062697887 21.99348308146 30.23294691741467 19.84870009124279 0.7195527628064156 0.111834242939949 0.1017114147543907 0.2873013913631439
0.1395806670188904 2746.437355428934 20.82934038341045 10.65440110117197 4.126433968544006 1.670023910701275 3.774030767381191 0.7359631210565567 3077.180030554533 0.2919683009386063 2.622810557484627 1.352364130318165 89.89839568734169 0.7655061334371567 67.80964696407318 1212.91181717068 10.84099389612675 0 0.5925696194171906 2.450009971857071 143.3908020183444 1168.57047149539 214.6913168653846 6332.013965018094 384.4123035296798 19.7716611251235 3755.466585382819 140.108725592494 0.8869350254535675 14.23204819113016 6.576989382505417 0.09864819049835205 2.494766995310783 8.035653546452522 1.220313251018524 36.06920865923166 9.474138900637627 23.52065014094114 37.04502418637276 106.9313315972686 0.5427079945802689 6.504853099584579 0.1998030245304108 0 14.09720981866121 84.61680103093386 1.94352051615715 0 0.2005819976329803 2.575032286345959 1.470113009214401 69.63384390622377 3.247970670461655 1.271951138973236 0.6458205282688141 3.237899079918861 0.8458903804421425 0 664.2801117449999 20.50416218489408 0.7562633380293846 4.410268969833851 2.092897184193134 115.0838302224874 181.8953204005957 289.5062992721796 143.65668836236 0.1348039656877518 24.29136698693037 1397.435479320586 64.58605362474918 8.095280595123768 76.96764189004898 0.7753724828362465 0 6.910567611455917 12.11674829572439 0.5782200694084167 107.297206826508 20.53344964236021 30.21885693818331 27.67353167384863 2.463716745376587 0.3554800450801849 0 0.8904182463884354
36.69459245353937 153.4529547542334 9414.897492803633 33.26949065923691 0 18.18543894588947 1896.536661833525 159.0025943219662 67.58196021616459 55.43697403371334 8.838167674839497 1.301085494458675 7.90228395909071 204.795707590878 0.2723135203123093 2535.014603316784 2163.50260527432 28.44256366789341 74.90678043663502 1.993622846901417 12804.49112182111 214.6913168653846 17181.58619717509 1103.534984454513 0.2669443935155869 2983.049581579864 9227.410326637328 5035.694652989507 82.34518466889858 2902.655599340796 2.18920523673296 0.9191216826438904 17.94568391144276 2306.934776797891 153.0793221890926 5512.092233151197 13164.43253343552 4953.325023397803 6230.067518666387 65.47076360136271 10.03798386454582 7.422839507460594 27.99136957526207 0.3330898061394691 65.8960600271821 594.8203645572066 0.7312639355659485 0 0.2636645436286926 7.523163579404354 0.7823045998811722 3.181780859827995 1.08715034276247 1.219507828354836 0 0 1.093619279563427 0 2020.120648883283 162.8255793526769 3.305043756961823 25.42930868268013 0.8479023650288582 248.9372942298651 482.551088809967 1478.829390130937 78.57808761298656 0.2256301790475845 152.6083045378327 2850.182867050171 63.12270234525204 3.454815477132797 52.24625492841005 0 0 3.377510607242584 36.05791445076466 3.843418903648853 542.2593495547771 113.8897060155869 107.6375318393111 103.8000670820475 2.929313793778419 0.4516156911849976 0 0.3998541384935379
20.2622402831912 1041.118170812726 32.46031039208174 2729.152077943087 33.73153127729893 48.91173940896988 512.578900963068 135.1899507716298 4586.144276715815 654.9602356106043 4.886949896812439 413.469521433115 41.22951736301184 105.8065328896046 759.4785689488053 1808.265566505492 16.80567344278097 1.18146900832653 6.690054960548878 819.6135850250721 312.1604344621301 6332.013965018094 1103.534984454513 4070.60377523303 142.9833337664604 126.8030935674906 3876.766137138009 3553.108574680984 230.2377208173275 182.8636541962624 5.840336106717587 4.188501998782158 106.3188744336367 122.2438473924994 44.68190660327673 1080.347740828991 121.2208635956049 458.6110802590847 302.5450752526522 534.0971302092075 33.25353680551052 3.252704590559006 10.2586889564991 13.11288321763277 4.854850180447102 28.26175251603127 123.5093751251698 1.032207652926445 57.24126803874969 794.0242650061846 110.9212522134185 1350.315567903221 374.050470456481 18.51071571558714 109.2391365095973 3.335358902812004 154.2579459473491 3.093163318932056 457.7318657040596 10.31249595433474 6.389814034104347 6.436035335063934 263.2654477804899 390.6828110069036 372.1678041890264 121.0109592154622 5045.328867547214 0.3945452570915222 31.15807864069939 219.0819125771523 2864.793583638966 387.5616441369057 797.82317969203 1.061453565955162 2.493518620729446 66.94381292909384 163.7986021414399 20.89315889030695 690.7162612304091 25.72506708651781 450.5284786149859 196.9017388522625 124.3142934218049 50.95930072665215 0.8576981723308563 10.3003793656826
0.1377806216478348 1431.664399005473 0.2644115164875984 0 0.9201437085866928 0.5793598815798759 0.1318970024585724 2.409691646695137 124.3516201451421 0.1515232771635056 393.2515668272972 4.137421771883965 2556.335702635348 0.1061511263251305 3.506802044808865 1.3892732411623 2.195560857653618 4.453492917120457 5.429852709174156 0 0.2226599678397179 384.4123035296798 0.2669443935155869 142.9833337664604 330.5906869620085 165.0238813310862 4172.55224981904 0.4197511821985245 0 0 454.5097047165036 0.3777708113193512 0 39.25047255307436 53.20468059182167 513.5111231282353 657.7594337612391 564.4669578894973 62.84121391922235 134.6664023697376 69.95832222700119 1105.853727757931 34.71406716108322 0 26.84351500123739 0.1177274063229561 0.1256725341081619 0 1.157642386853695 0.3323146402835846 1.057255491614342 3.047334216535091 1.147515073418617 231.2335282862186 2.846269123256207 1444.709709249437 0.6674770712852478 0 0.3370027989149094 1.767213240265846 19.77275441586971 18.54373902082443 3.854305632412434 0.1236662715673447 3.565881997346878 0.7189809679985046 2.596810027956963 206.3121796771884 280.5448556393385 1507.010647647083 1.287376992404461 1.033790215849876 0.1165111884474754 225.7602080479264 0.2553705349564552 0.1765831559896469 7.16620085388422 7.189718157052994 382.2378728240728 184.9688125550747 81.82375824451447 37.3125784099102 58.80110204219818 0 30.96189132332802 0
137.5130625218153 206.3357454165816 8450.779124617577 23.98553209751844 11.1547262147069 121.1310191825032 1993.126464746892 709.6694722995162 4.749701596796513 129.183943554759 1580.796614482999 58.15049348771572 138.8348026052117 869.2815274819732 4.502742774784565 39.96472623944283 1630.583546772599 318.640206001699 2223.263097889721 17.24854534119368 794.520019300282 19.7716611251235 2983.049581579864 126.8030935674906 165.0238813310862 23511.40603142232 11670.76076003909 635.0253021195531 444.0857801735401 837.7722107544541 205.2520730346441 76.40145360678434 10.19390112161636 1687.769469574094 53.99467166513205 3650.650705941021 5562.52504709363 4155.0744138062 1341.27799846977 72.8486889898777 4.100500144064426 42.75413244962692 9.527318619191647 1.034595638513565 180.3561027348042 94.6564879566431 0 0 0.9661856889724731 6.823223136365414 2.243056580424309 3.718207895755768 0.8591635674238205 39.37598133832216 1.903095908463001 395.9683245718479 5.334514178335667 0.108853243291378 7.300984986126423 359.5414814278483 150.4782958775759 580.5847884863615 0.2976457327604294 3.878663636744022 10.75298305600882 12.64832397550344 15.73024894297123 190.3613814711571 3540.622138679028 4612.995309986174 9.161021932959557 4.313818879425526 4.362336203455925 443.3397798910737 0.2026927247643471 0 29.95321674644947 10.34903337061405 390.0366130694747 834.6309044659138 237.3518494218588 101.4403650537133 6.132558584213257 0 5.152100101113319 0.9977836608886719
61.85667512565851 8091.864693157375 4627.245253689587 71.27783086150885 3.68318397551775 49.25804768502712 599.2343981638551 228.75987752527 566.9944543540478 65.35377161204815 340.8106743693352 32.94925130903721 2242.088102914393 311.9196159616113 21.41167983412743 4061.607393860817 3103.343896850944 31.61645211279392 588.7570821121335 16.50532086193562 672.023943759501 3755.466585382819 9227.410326637328 3876.766137138009 4172.55224981904 11670.76076003909 23689.1347565949 1400.334974981844 247.1236252337694 233.463591851294 925.8346103653312 24.7755001783371 10.51769928634167 1417.726745761931 150.3419354259968 7060.518909439445 5354.702488794923 5498.401355788112 3678.400100365281 159.6050408408046 8.098838768899441 59.7740938141942 17.98575557768345 1.869962207973003 1971.037897914648 2280.178892701864 1.97252756357193 0 1.816190525889397 15.12992069125175 5.584435194730759 10.85524233430624 6.028920665383339 35.50771427899599 3.532481789588928 472.1000734344125 12.31725817918777 0.2780037969350815 574.7449894547462 1246.198697045445 140.8185028359294 866.3286369591951 2.011970773339272 72.43145041167736 1138.478855527937 1714.746679082513 90.30179876834154 632.0048035159707 5442.150112621486 18029.84337592125 63.2601263821125 8.777554266154766 10.45572442561388 366.1140234097838 0.1550017446279526 0.4236371293663979 152.4902516007423 30.59499574452639 1505.99599917978 1169.000441662967 658.7507055848837 314.9977895393968 21.20092671364546 0.918193906545639 6.578262954950333 4.654476925730705
