1070.25631582737 3.784962221980095 119.7473862096667 16.54316701740026 0.1085457429289818 7.39647501707077 2745.601372756064 170.2066555917263 21.70131973922253 80.41932652145624 5.384925499558449 6.297142282128334 0.3003115057945251 4906.593841806054 0 3.149774789810181 426.8960058912635 97.95275158807635 97.76881385222077 10.690016053617 51.28862002491951 0.3731706440448761 106.2303616255522 144.2489950731397 0 419.8368200138211 89.3116240799427 161.1248017922044 3728.963424302638 3143.926325246692 0 1.63329005241394 59.05557212233543 150.2242780029774 2.203989803791046 115.5642745569348 15.64983889460564 121.883470185101 31.52864522486925 8.465506412088871 0.2472093403339386 0.2735489904880524 0 0.4626239836215973 0.8713931888341904 0.8771630227565765 2.203992903232574 0 0.436199426651001 12.36686231195927 0.3467294275760651 7.206239894032478 2.390048786997795 0 0 0 3.263111501932144 0 3.150557897984982 1.286552652716637 0 3.965752884745598 0.1668026447296143 5.208328269422054 5.62402731180191 0.7808211892843246 41.83738159388304 0.1187106817960739 9.879007205367088 11.27430993318558 42.85712474584579 2.950781002640724 13.75738270580769 0 0 0 0.7385628372430801 0.5399718284606934 10.14259853959084 1.737811744213104 2.346925981342793 2.114462025463581 0.586574599146843 0 0 0
3.784962221980095 376.6014742702246 549.4725181609392 0.4084093868732452 1.80937584489584 0.9911543801426888 7.509412929415703 2.466033793985844 786.5124154016376 0.7007918581366539 121.3610951602459 0.6774201467633247 807.3790993914008 6.268527701497078 20.53554177284241 60.87500533461571 341.3231529891491 3.14355856180191 57.86966418474913 0.2278903275728226 4.000749498605728 1634.399360172451 50.65630347281694 538.3603139966726 1373.19750777632 598.7689171805978 10341.11452351511 3.856478407979012 2.735961183905602 7.292415112257004 42.27776693552732 0 0.8993879109621048 34.09945313632488 0.9662939682602882 317.3717139810324 114.7857833504677 106.1652156710625 31.79445748776197 15.94307076931 0 131.2341105937958 0.3129510283470154 0 18.27222600579262 97.90276719629765 1.670886904001236 0 0 2.254009775817394 0.1703227311372757 5.321099355816841 3.082204639911652 5.167239993810654 0 35.03929466754198 0.3433887660503387 0 2.258648939430714 118.9411108270288 2.099256776273251 102.9018906801939 0.7355061620473862 0.8270949646830559 50.79439867287874 8.568621531128883 4.196851901710033 19.21577182412148 519.6127105727792 2032.8411321491 3.605833142995834 0.120773658156395 1.43483467400074 2.286848515272141 0 0 6.593185745179653 3.42164771258831 58.66122572869062 41.02227290719748 15.66813299059868 2.794635705649853 2.871090114116669 0 1.717026025056839 0
119.7473862096667 549.4725181609392 5653.063647814095 35.53415632247925 0 13.88474601507187 1356.851688556373 173.2517280802131 1.50338763743639 110.6414166986942 4.84387794137001 0.3482809588313103 3.844037383794785 303.4366300776601 0.2379976436495781 22.23607198148966 1736.601472780108 54.33125908300281 51.93261629343033 2.476552180945873 1200.310075893998 25.10793326795101 9860.453032486141 129.5098337009549 0.8141414895653725 8766.005426250398 7328.871541686356 595.1943620592356 41.99565944820642 467.8405056968331 0.3318649902939796 0.4045866951346397 4.42057354003191 351.7683795467019 14.24010440707207 1508.009791277349 1772.975053146482 704.3821918442845 709.4506125673652 18.07714315503836 0 0 7.05664487183094 0 232.3056405335665 968.0536106973886 0.1296394467353821 0 0 6.227310717105865 0.2341063395142555 0.1255774945020676 0 0.4594122841954231 0 0.6302901431918144 0.6095737814903259 0 8.903708882629871 666.0212349593639 3.905828297138214 69.28981226682663 0.09154440462589264 7.382931478321552 51.35437450557947 212.7971064373851 7.438637122511864 0.76382876932621 560.893918544054 2641.47707606107 12.17765185981989 0.7600388526916504 7.494692161679268 0.1105403751134872 0 0 25.8046133518219 11.94622694700956 320.241411998868 168.1849447712302 87.42098221927881 24.35413412749767 4.049856126308441 0.1229357719421387 0 0.6330344527959824
16.54316701740026 0.4084093868732452 35.53415632247925 1175.451698213816 30.99594143778086 193.1883023828268 236.321118041873 99.5144260302186 1088.576332844794 4459.975281879306 0.2817606776952744 687.3263347670436 0.3151185214519501 97.33444921672344 348.4721464589238 4.377990834414959 1.083406120538712 3.754236754029989 1.183845944702625 4779.726654030383 16.31379149109125 2.373288601636887 40.92714283615351 2385.984959743917 2.190698981285095 44.5073322840035 18.16135115921497 4350.439859330654 237.31669087708 6.473992213606834 0.09063418954610825 3.376306958496571 50.90256372839212 46.08346037566662 6.166325636208057 313.7347542718053 6.940528474748135 186.9753121137619 77.73443177342415 433.9413644075394 4.042462036013603 0 3.504105888307095 1.536642357707024 0.154568150639534 4.246599666774273 412.1612451821566 2.505303978919983 43.42050388455391 244.7383384481072 46.658975943923 438.455046877265 500.3761960864067 2.422869332134724 78.50755431503057 0 51.47099579870701 6.843487203121185 2.745198920369148 0.6602936238050461 1.637780763208866 0.5797473415732384 420.5506352782249 1.705925889313221 1.270073443651199 13.51498699188232 501.9708689898252 0.1032722517848015 7.133017241954803 7.935264945030212 714.9869418218732 27.79529716074467 2.378041639924049 0.1113143041729927 3.125378683209419 0.5632588192820549 14.57123523205519 1.475838556885719 27.69981901347637 0.9743429198861122 59.25716112554073 21.5122953876853 53.89718708395958 4.956269159913063 1.764667645096779 0.6679261103272438
0.1085457429289818 1.80937584489584 0 30.99594143778086 26.04807844758034 447.4209783673286 7.404578767716885 197.6613686308265 120.1493984684348 7.279253378510475 2.729782730340958 181.2853330671787 36.73691388964653 13.22501809149981 1251.778506442904 0 0 1.009530141949654 0.4830279126763344 30.36170164495707 0 5.384925648570061 0.1543006002902985 87.6071133762598 0.5555801540613174 1.460472255945206 3.860784359276295 13.29915781319141 31.85229448974133 0.3558887988328934 0 252.0754083544016 0.1434507817029953 93.47641555964947 0 144.736918374896 9.166275158524513 137.7681724652648 60.07881110906601 2018.203424468637 13.63118563592434 7.336605489253998 3.359492301940918 0 0 0 0 0 0 1.079503618180752 0.1019590869545937 0 0.1071430370211601 0 0 0 0 0 0 0 0 0 0 0 0 0 1.076561897993088 0 0 0 0.3870828673243523 0 0 0 0 0 0 1.712588950991631 0.7227643430233002 0.2992877513170242 1.974050007760525 2.56970003247261 0.7887888550758362 0 0.2906420230865479 0.3057349026203156
7.39647501707077 0.9911543801426888 13.88474601507187 193.1883023828268 447.4209783673286 12445.58278132975 2196.011662654579 9567.901709668338 133.4573260694742 6325.025878481567 29.28070543706417 2965.097188480198 90.24638079106808 527.1353585198522 2744.483127348125 0.202874518930912 3.247621402144432 16.1585765182972 15.70992095768452 697.2056069150567 2.941615559160709 0.4955225065350533 9.163184441626072 74.91169162094593 0.169650599360466 56.45773299783468 11.49650932848454 131.9214079752564 386.8999262154102 10.64880739152431 0.9077752679586411 459.6916435956955 8.666349984705448 205.9141539856791 0 370.8876891434193 28.40491396188736 504.1685828194022 190.3403696641326 4084.962785720825 24.91198582947254 19.03670337796211 2.301341578364372 0.1366380006074905 0.4096729457378387 0.601096048951149 76.09337157011032 0 10.61523950099945 39.11122217774391 5.542602211236954 16.3626544624567 68.24131385236979 0.1010930389165878 27.26286290585995 0.134770467877388 5.841107867658138 2.791861832141876 0.8835713565349579 0.199539802968502 0 0.2884779199957848 73.52932374924421 0.2360096722841263 0.3553948476910591 1.16265431791544 57.83876466751099 0 1.39338643848896 2.436407826840878 93.1359058842063 3.80526988953352 1.339418821036816 0 0 0.2874319478869438 2.358181275427341 0.4767169654369354 9.445206552743912 4.120116792619228 11.85718398541212 8.905539572238922 24.12433584034443 1.580800846219063 8.370149105787277 3.082376003265381
2745.601372756064 7.509412929415703 1356.851688556373 236.321118041873 7.404578767716885 2196.011662654579 14329.46877142787 4798.900518000126 214.7033239156008 4142.846619181335 7.136801049113274 72.97543575614691 11.41075398772955 9836.445217490196 11.82658828794956 8.240480415523052 296.8880006298423 149.7903994880617 84.65903445705771 93.77501441538334 518.0412950068712 5.638056568801403 1517.417538844049 762.9413332417607 0 1723.409517899156 243.6429158076644 12744.21509607881 2900.11855661124 5941.03125026077 0.3751883804798126 31.108308583498 582.5467184856534 614.3424752578139 72.77587138861418 3941.005318455398 115.4318504109979 2413.42962642014 965.8798818513751 171.3823581337929 39.35298171639442 1.952289201319218 31.73864933848381 5.531461372971535 3.286712795495987 16.86956395953894 41.25896448642015 0 10.82873898744583 521.7852609083056 42.15253669023514 135.1832974329591 90.23644066601992 5.646338172256947 14.10804767161608 0.7736437767744064 80.97924645245075 1.585790932178497 11.16346348822117 7.376301318407059 0.8426364064216614 9.738224200904369 62.61179858446121 4.014545820653439 14.80878707766533 32.97500980645418 847.6229549571872 0.1698458790779114 27.42805470526218 73.88376415520906 1099.343833655119 60.09239260852337 28.50945395231247 0.2307414710521698 3.455354817211628 5.086476564407349 33.90506706386805 12.48472656309605 163.8753288686275 9.560864724218845 124.7953386381269 55.21271284669638 71.79811931401491 8.696315601468086 1.116955608129501 0.6585376262664795
170.2066555917263 2.466033793985844 173.2517280802131 99.5144260302186 197.6613686308265 9567.901709668338 4798.900518000126 14718.27057551593 86.50120143592358 4786.700962476432 280.0892804935575 1239.541519656777 159.8114997297525 7348.70126722008 160.1389208957553 0.2179768308997154 92.97784520685673 194.6252538897097 170.7987845167518 885.851191624999 23.69862494617701 0.4561417996883392 90.81559045612812 433.5922659859061 0.4733230173587799 572.8561154268682 108.7102876193821 509.0954971909523 1178.147940382361 324.3142211809754 11.9086040481925 1401.79940520972 31.02527075260878 1041.889174245298 4.236945524811745 869.671466358006 100.0978717133403 1786.221165254712 339.951038852334 1687.388471722603 37.32051575928926 30.84005132317543 8.390494681894779 2.015004225075245 0.5450751334428787 2.821591474115849 28.34362900257111 0 12.58078616857529 212.3917278423905 18.17699284851551 37.30189526826143 61.48784893006086 1.994661226868629 11.00625989586115 0.9739633053541183 27.31692957133055 1.647265493869781 2.66757520288229 2.064165107905865 1.460174165666103 3.009137608110905 40.09133258461952 1.281641706824303 1.164872571825981 4.837210386991501 286.2036826834083 0.1118221282958984 11.44632490724325 14.23582830280066 389.1452185660601 22.76558168977499 9.642472162842751 0.2389179021120071 2.353036493062973 0.9878504127264023 10.19484732300043 2.181964725255966 47.86799724400043 6.234368227422237 54.42709105461836 28.59465655684471 26.21713046729565 4.148471295833588 7.306875124573708 0.3277483284473419
21.70131973922253 786.5124154016376 1.50338763743639 1088.576332844794 120.1493984684348 133.4573260694742 214.7033239156008 86.50120143592358 890.6898029670119 109.526739820838 5.606171309947968 369.9353347942233 45.76315929740667 64.00932736694813 734.3157710805535 324.1277104616165 0.8757524788379669 0 0.9237762466073036 492.7650955170393 113.9621111229062 3122.142517291009 112.9900870248675 6173.405530460179 192.1850331202149 13.34513410925865 891.9151439517736 1350.960789680481 55.31571769714355 134.6905556246638 4.949913136661053 8.291118890047073 7.305167064070702 10.24059955775738 0.3495182394981384 64.63565988838673 4.102830536663532 33.14539876580238 13.08296903967857 261.4529463350773 3.703851476311684 1.070247463881969 0.8600063323974609 9.57534284889698 2.723266534507275 2.655855894088745 113.5289997458458 0.4274435639381409 10.63213033229113 130.3924133628607 26.95702174305916 132.1158397495747 96.61702851951122 1.616693191230297 14.93304522335529 1.988239713013172 52.06622797250748 4.152054727077484 645.9144972115755 1.381595313549042 0.7680583968758583 0.7695328742265701 63.30243045836687 154.7436452582479 83.72451265901327 204.16829238832 1493.19834625721 1.151607237756252 7.750578582286835 114.9011141806841 577.7939826697111 72.81210026890039 149.4459193795919 0.4166547656059265 1.863353848457336 6.122367240488529 25.05702245980501 6.956941068172455 136.6709197834134 6.244188703596592 60.01613509654999 43.96723077446222 85.85790693759918 0.6667004823684692 0.6767855286598206 1.854303151369095
80.41932652145624 0.7007918581366539 110.6414166986942 4459.975281879306 7.279253378510475 6325.025878481567 4142.846619181335 4786.700962476432 109.526739820838 24001.70939694345 5.024061724543571 4859.123605005443 8.008118018507957 1582.060824297369 29.62559588253498 0.8175347447395325 12.63253207504749 20.06717144325376 14.67475558817387 6978.679204538465 18.21363799273968 0.5092742070555687 68.06958187371492 204.0124462246895 0 180.7187574990094 28.4009687229991 2974.432119049132 1286.11164381355 78.28658184409142 0.3519444763660431 20.85388673096895 112.6582357734442 228.6774078905582 19.79752646386623 784.164111636579 31.33117564767599 827.1283180788159 245.1547594889998 113.9774434417486 18.98913037776947 1.768850840628147 6.878170169889927 2.438954956829548 0.3528169840574265 3.93857204914093 223.525639295578 0.2346133887767792 26.15703548491001 272.5323973298073 31.52246414870024 78.14751161634922 311.2532060667872 2.873790688812733 55.53471609205008 0.2286242917180061 47.43387787789106 5.784162402153015 3.18894262611866 1.447953067719936 0.6924290284514427 0.7647344619035721 278.5426956191659 1.031130373477936 1.807054609060287 11.80547979474068 321.5871794819832 0 7.382056720554829 11.911107853055 533.6608523577452 23.784274533391 1.862258978188038 0 0.9269342869520187 0.7000044509768486 10.99585352838039 1.689860254526138 37.20923267304897 3.91865099221468 59.36702163517475 20.99548325687647 51.66555964946747 2.316213205456734 0.8660768121480942 0
5.384925499558449 121.3610951602459 4.84387794137001 0.2817606776952744 2.729782730340958 29.28070543706417 7.136801049113274 280.0892804935575 5.606171309947968 5.024061724543571 7619.518979787827 17.43957970291376 2063.647322498262 194.1066529229283 13.0786282196641 0.6777385026216507 169.1099124103785 2471.134798549116 1108.138083286583 9.249111004173756 7.203306339681149 8.453453950583935 24.05320592969656 5.287056401371956 586.6177966594696 1355.695182599127 359.1524810269475 4.215591073036194 531.5166925415397 21.38937480002642 73.27429542690516 131.1817310899496 1.435387492179871 8399.870900578797 9.572530657052994 370.8184615895152 4304.365842059255 2420.712760433555 355.4923280477524 9.84777644276619 9.776583716273308 760.7466784641147 2.982143223285675 0 10.13806584477425 0.4105183109641075 0 0 0.4382962733507156 1.11208376288414 1.048345699906349 0.1362791210412979 0.08328118175268173 281.1598640084267 0.5830515176057816 1045.702573649585 1.993650533258915 0.1519916206598282 0.2169749587774277 0.7670901417732239 70.15000832080841 12.61594883352518 0.1212901026010513 0 3.186805158853531 0 2.58489765226841 87.0967608243227 177.8925295546651 209.3158947303891 2.099323876202106 2.278527833521366 0 111.2613668143749 1.80287292599678 0 36.03560069203377 4.593429863452911 25.15795297920704 344.6905737370253 94.64668519794941 5.596201710402966 0.7672147750854492 0.6616968587040901 141.3801271021366 0.2124238312244415
6.297142282128334 0.6774201467633247 0.3482809588313103 687.3263347670436 181.2853330671787 2965.097188480198 72.97543575614691 1239.541519656777 369.9353347942233 4859.123605005443 17.43957970291376 8659.57746886462 17.40972872078419 649.9986182525754 1521.445582360029 0 1.573748357594013 9.5675994977355 19.90692145377398 4690.705690145493 0.5040161609649658 2.42023067176342 0.8011504784226418 234.8127904310822 1.721285238862038 24.42061851918697 8.142674706876278 108.25854524225 789.6044930517673 2.5599020794034 0.4943456798791885 63.73576482385397 6.238727733492851 194.3610880300403 2.181769832968712 485.79796975106 14.19887059181929 634.6812695860863 110.9567272588611 1834.343206524849 10.73705747723579 2.737784035503864 2.846429318189621 0.3555631041526794 0.1296316087245941 0.3660261854529381 203.7351986914873 0.6346054077148438 11.47681189328432 46.86508226394653 8.077714115381241 90.82524718344212 157.8915490657091 0 60.5801253542304 0.1184002831578255 5.082956127822399 12.68653185665607 0.1183223351836205 0 0 0 210.9198921322823 0.1020657792687416 0.1000601276755333 0.7831136360764503 114.4064827859402 0 0.3403139337897301 0.5379708409309387 144.8204722255468 3.403263628482819 0 0 0 0.469663992524147 1.909045033156872 0.2652525454759598 7.323629297316074 0.1814331039786339 8.380951933562756 7.92259531468153 57.85917414724827 2.417621999979019 0.6996526420116425 0.07725698500871658
0.3003115057945251 807.3790993914008 3.844037383794785 0.3151185214519501 36.73691388964653 90.24638079106808 11.41075398772955 159.8114997297525 45.76315929740667 8.008118018507957 2063.647322498262 17.40972872078419 3107.111519038677 26.58762872964144 2.049887247383595 6.416683726012707 6.539594061672688 38.89053115993738 8.069961093366146 8.914792776107788 8.660222396254539 93.54750669747591 14.59447240829468 37.97243780642748 3728.81524425 463.435447499156 3573.289332926273 8.717292495071888 30.50152617692947 3.291393764317036 325.8338144347072 114.6905141323805 0.2122923210263252 418.6092397943139 216.4728842675686 2110.54644344002 5903.024946041405 2720.21312341094 461.7121648192406 151.3869986534119 85.96723230183125 733.728223502636 22.49623843282461 0 28.67324049770832 1.324628986418247 0.5071646347641945 0 1.840173296630383 0.5242288634181023 5.240713253617287 1.505119934678078 0.3977354913949966 438.1903491839767 5.945272751152515 1803.953333228827 3.394168771803379 0 1.145525082945824 1.747581228613853 122.677210919559 33.83044207841158 0.7535058110952377 0 2.818493843078613 1.331488214433193 3.474527336657047 205.9931525290012 497.4028690978885 615.0674549415708 2.695698030292988 4.177442044019699 0 234.0484165325761 4.060996204614639 0 49.16983509808779 176.4505059123039 430.6451926901937 759.6899444684386 507.3721393048763 180.7253052145243 35.06364383548498 44.97304658591747 254.4519598931074 6.961267739534378
4906.593841806054 6.268527701497078 303.4366300776601 97.33444921672344 13.22501809149981 527.1353585198522 9836.445217490196 7348.70126722008 64.00932736694813 1582.060824297369 194.1066529229283 649.9986182525754 26.58762872964144 10917.5042173937 9.436234347522259 3.715046465396881 564.1239016726613 248.4329045787454 296.6361611112952 617.8969689682126 59.61419481039047 1.065172426402569 187.1865117400885 501.9639986157417 0.3999790176749229 1055.809436541051 215.4787197560072 600.4431957304478 5425.4775865376 2460.164365455508 7.103835016489029 222.3802065178752 38.14316018670797 921.961159452796 3.377290599048138 407.6175075396895 78.34846653044224 1767.435543522239 137.4239168465137 182.76496116817 5.841818325221539 4.878929927945137 0.8662932068109512 1.808122262358665 1.823885843157768 2.651396490633488 12.51430099457502 0.09717302024364471 1.539054125547409 108.0582042187452 7.821242719888687 32.5238533616066 18.72336578369141 0.7203019484877586 2.615548945963383 0.532356008887291 13.28394224494696 0 6.305633030831814 2.950726643204689 0.6853187382221222 8.92730538547039 16.46905902028084 6.926355622708797 9.532318189740181 2.322247430682182 195.4037631675601 0.2083586305379868 24.96782203763723 27.68604608625174 253.6584013700485 14.89505465328693 23.55567091703415 0.3579781055450439 0.6961413025856018 0.6604849472641945 8.96645376086235 3.782915905117989 35.61623191088438 5.674587950110435 27.45925637334585 12.55114756524563 15.34682348370552 0.8226891905069351 0.739932969212532 0.4512249380350113
0 20.53554177284241 0.2379976436495781 348.4721464589238 1251.778506442904 2744.483127348125 11.82658828794956 160.1389208957553 734.3157710805535 29.62559588253498 13.0786282196641 1521.445582360029 2.049887247383595 9.436234347522259 385.7591031342745 1.312220826745033 0 3.785647094249725 2.700808957219124 348.7409204244614 0.1377393007278442 72.70969571918249 0.4806820005178452 1219.003462448716 4.66287937015295 4.089572377502918 34.54327543079853 73.9059921130538 27.57694388926029 0.3481513038277626 0.1964289546012878 679.1402586698532 0 12.91474854946136 0 8.92549217492342 1.182187452912331 22.49152493476868 6.435414418578148 796.6374808400869 107.1588461399078 0.4369317591190338 0 0 0 0 0.8568427562713623 0 0 0.6948682367801666 0 0.4058067500591278 0.8870391547679901 0 0 0 0 0 0.3330881148576736 0 0 0 0 0.114125095307827 0.2254471480846405 0 0.9266931340098381 0 0.2673812210559845 0.1276560574769974 1.097685039043427 0.1178270429372787 0.1140861883759499 0.111523300409317 0 0 0 0 0.6768931150436401 0 0.1258265823125839 0 0 0 0 0
3.149774789810181 60.87500533461571 22.23607198148966 4.377990834414959 0 0.202874518930912 8.240480415523052 0.2179768308997154 324.1277104616165 0.8175347447395325 0.6777385026216507 0 6.416683726012707 3.715046465396881 1.312220826745033 3769.742294609547 9.959098100662231 1.332770645618439 1.843667790293694 0.08236352354288101 2917.905982278287 2765.94505853951 2818.07358623296 2872.227328568697 13.87419105321169 34.9875705987215 3413.878179222345 1725.157540969551 40.07041105628014 71.10587922483683 0.6069204956293106 0 29.85025706887245 104.36836656183 17.1415338665247 1509.048909544945 411.2224729955196 467.0222925320268 614.2582927495241 22.63897298276424 0 0.6141101866960526 5.597793556749821 3.10861187428236 2.883996158838272 39.7076845318079 0.9085196629166603 0 0.1790668815374374 7.23317813128233 0.268416553735733 12.79927878826857 0.8334289491176605 0 0 0.366910919547081 2.051787123084068 0.1159801185131073 2370.936920501292 5.829568058252335 0.7236467897891998 4.177533745765686 0.0862630233168602 634.2935126200318 1445.666417106986 1373.008361384273 233.6834191083908 0.3279775232076645 6.109677776694298 879.7754727974534 182.7835266888142 21.86424108594656 310.4755571931601 0 0 5.300183802843094 18.89928867667913 19.7451629191637 171.4981718659401 19.04889898747206 42.55208580940962 63.70080695301294 8.669965609908104 0.185094490647316 0.1311475038528442 0.5092184543609619
426.8960058912635 341.3231529891491 1736.601472780108 1.083406120538712 0 3.247621402144432 296.8880006298423 92.97784520685673 0.8757524788379669 12.63253207504749 169.1099124103785 1.573748357594013 6.539594061672688 564.1239016726613 0 9.959098100662231 716.7039062827826 366.2834564819932 2671.509202592075 2.246688291430473 724.4474293887615 3.095018617808819 2457.485225595534 12.08022028952837 2.609638869762421 2241.36467448622 2733.30596524477 75.19847759604454 359.1046350374818 1887.797020435333 1.051116593182087 1.128341130912304 38.72870692610741 2291.370839580894 3.256982296705246 455.402581743896 2848.421037070453 1102.250354908407 263.9824235364795 2.424101449549198 0.4199464619159698 4.842744201421738 2.515806868672371 0.2066804617643356 148.0241221562028 105.7504935413599 0 0 0 1.886279046535492 0.2502769529819489 0.2906366512179375 0.1251314282417297 0.2634827792644501 0 4.291298776865005 0.3227569386363029 0 3.725374199450016 430.4481150060892 2.791436575353146 405.232689037919 0 4.626137718558311 4.009748071432114 11.88621632754803 2.3324294090271 3.458672478795052 1000.008858732879 1266.206686630845 2.305018715560436 0.08955908566713333 5.849219024181366 0.5004666969180107 0 0 9.955909498035908 2.855829752981663 78.35129187256098 228.9970947727561 32.40788562595844 7.033262990415096 0.8560670018196106 0 0.6579850167036057 0
97.95275158807635 3.14355856180191 54.33125908300281 3.754236754029989 1.009530141949654 16.1585765182972 149.7903994880617 194.6252538897097 0 20.06717144325376 2471.134798549116 9.5675994977355 38.89053115993738 248.4329045787454 3.785647094249725 1.332770645618439 366.2834564819932 874.2474650964141 1769.665288895369 6.272029355168343 38.30090456455946 0.08838997781276703 97.95781233906746 8.140665326267481 3.174377903342247 1326.350941359997 112.0530999153852 32.89903277531266 260.6876873858273 149.013418700546 24.29828728735447 52.21556068956852 8.178620368242264 2409.706480510533 5.790105246007442 748.9548810645938 1004.407200738788 1757.519319146872 303.497570976615 3.917090587317944 1.869120933115482 5.525665730237961 3.109938777983189 0 1.43613725155592 0.8407435491681099 0 0 0 0.09204227477312088 0 0.1242436096072197 0 1.805932432413101 0 39.62538838386536 0 0 0.06283412873744965 3.393209673464298 23.38115605711937 10.75190751999617 0 0.2110029235482216 0 0.2595615610480309 1.394142340868711 6.522257342934608 71.05102794617414 77.01213951781392 1.734564200043678 0.2316252291202545 0.3391306325793266 21.33918491005898 0 0 0.293306291103363 4.166507929563522 7.659112870693207 6.133512109518051 2.127314865589142 1.594661273062229 0.4037450775504112 0 0.7553071975708008 0
97.76881385222077 57.86966418474913 51.93261629343033 1.183845944702625 0.4830279126763344 15.70992095768452 84.65903445705771 170.7987845167518 0.9237762466073036 14.67475558817387 1108.138083286583 19.90692145377398 8.069961093366146 296.6361611112952 2.700808957219124 1.843667790293694 2671.509202592075 1769.665288895369 1992.867046989501 13.66905871778727 67.92441139370203 1.527895621955395 149.9752013236284 6.210443161427975 4.871051542460918 2646.837183333933 552.2295780405402 15.89830882847309 323.1259643696249 259.6908267922699 2.202058255672455 36.42645455151796 11.12337315827608 4969.789024040103 9.211571015417576 1269.104176692665 988.4686303585768 2432.378964468837 416.0922934934497 10.43643340468407 0.5019373893737793 0.5872912257909775 3.232124857604504 0 21.69061576575041 2.079965859651566 0 0 0 0.8692777901887894 0 0.2616024017333984 0.1433930397033691 0.5946817994117737 0.08526073396205902 10.13113344460726 0.08925957977771759 0 0.3924104049801826 18.02039591223001 14.15852391719818 93.48648165166378 0.3761903643608093 0.3095574676990509 0.2364557981491089 1.782691732048988 2.107586093246937 10.34095916152 413.6266490668058 285.2254355177283 1.662094764411449 0.1033812686800957 0.6406145021319389 4.401707053184509 0 0 1.167464382946491 4.372560098767281 9.896775029599667 49.24908135831356 4.79079046100378 0.6394666582345963 0.1699840873479843 0 0.1548859626054764 0
10.690016053617 0.2278903275728226 2.476552180945873 4779.726654030383 30.36170164495707 697.2056069150567 93.77501441538334 885.851191624999 492.7650955170393 6978.679204538465 9.249111004173756 4690.705690145493 8.914792776107788 617.8969689682126 348.7409204244614 0.08236352354288101 2.246688291430473 6.272029355168343 13.66905871778727 1168.866011723876 0.8223462626338005 0 2.834578365087509 475.9882752671838 0 19.53641004115343 7.279056236147881 5337.909294329584 786.2173027917743 5.557059645652771 0.6606661230325699 38.96060730516911 20.8842546492815 185.4056584313512 3.899457879364491 413.5602256432176 14.41742213815451 603.0293532162905 119.195936858654 668.5969965234399 10.25125205516815 1.701614856719971 5.289722010493279 1.085450448095798 0 2.852425158023834 369.4915273860097 0 41.6525501832366 271.4428292363882 38.89563572406769 171.3328916281462 482.3118558004498 1.786538362503052 111.9434736892581 0 41.34902975708246 12.96465918421745 1.081108078360558 0.4749517440795898 1.006601542234421 0.09167612344026566 467.7589138522744 0.2360995411872864 1.241192571818829 5.728359013795853 310.1364785507321 0.13117815554142 5.306453548371792 1.824545085430145 581.5661617740989 21.93750438839197 2.00053446739912 0.09642527252435684 1.291131392121315 0.5643759667873383 14.22188213467598 1.009193100035191 29.57054654508829 1.777269423007965 59.6826565861702 25.23089051246643 75.81531172990799 1.7913548797369 3.1263397783041 0.3902356028556824
51.28862002491951 4.000749498605728 1200.310075893998 16.31379149109125 0 2.941615559160709 518.0412950068712 23.69862494617701 113.9621111229062 18.21363799273968 7.203306339681149 0.5040161609649658 8.660222396254539 59.61419481039047 0.1377393007278442 2917.905982278287 724.4474293887615 38.30090456455946 67.92441139370203 0.8223462626338005 8829.084028355777 363.6091933101416 12351.7499987334 571.723464384675 0.7827981784939766 603.7923587933183 538.5665496364236 3949.702155314386 250.8235784545541 8070.329418107867 0.1924316212534904 0.2456314340233803 135.3190377950668 3761.554904647171 45.93676927685738 6382.271410413086 2700.95216242224 4425.964553318918 3051.317792542279 75.95215547829866 2.009396269917488 1.038011163473129 19.77083497494459 5.19349155575037 1.065325282514095 18.49295415729284 0.9641521200537682 0 0 19.22436125576496 0.3941729962825775 17.89264146983624 0.1968929916620255 0 0.8260472789406776 0.09889594465494156 3.865301996469498 0 1047.500322267413 7.946724720299244 0.9071220234036446 4.619916394352913 0.1199139580130577 779.6674808263779 454.0429541096091 386.4977510720491 317.9337791278958 0.358149990439415 10.83827272057533 116.6661792621017 282.0810544341803 41.32095447182655 534.7048044800758 0 0.1735687106847763 8.33566789329052 17.43247671425343 54.92757420986891 173.6772121116519 16.11371023207903 28.61299538612366 29.73407021909952 14.65751638263464 0.422756627202034 1.765748761594296 0.2323328927159309
0.3731706440448761 1634.399360172451 25.10793326795101 2.373288601636887 5.384925648570061 0.4955225065350533 5.638056568801403 0.4561417996883392 3122.142517291009 0.5092742070555687 8.453453950583935 2.42023067176342 93.54750669747591 1.065172426402569 72.70969571918249 2765.94505853951 3.095018617808819 0.08838997781276703 1.527895621955395 0 363.6091933101416 843.4501964971423 804.066551104188 4345.207283988595 379.628911614418 24.37004706263542 4674.036295264959 94.11611579358578 8.21838966012001 25.37289024889469 8.235962130129337 0 1.331444323062897 13.50317172706127 2.88951550424099 63.75834325700998 10.20683940500021 40.55502501130104 52.19591220468283 53.19402813911438 0.1593977212905884 3.003641173243523 0.1918858885765076 0.9308211728930473 9.097674354910851 89.44149434566498 3.873816207051277 0 0 3.596467904746532 0.2308653444051743 31.43137834966183 5.609104439616203 0.2678131014108658 0.2644949927926064 2.950173191726208 1.48019015789032 0 566.5049771368504 21.312135823071 0 2.186455935239792 2.638956278562546 88.43577191978693 149.6823239028454 415.857406295836 62.42536367475986 0.2428984865546227 7.854620687663555 1323.162820659578 43.56917717307806 2.910790704190731 43.58189053833485 0.3134369254112244 0 0.3005706071853638 11.33815910667181 3.409000545740128 79.53198828548193 10.19740069657564 35.45342691987753 32.02453040331602 0.9375752657651901 0 0 0.1867141276597977
106.2303616255522 50.65630347281694 9860.453032486141 40.92714283615351 0.1543006002902985 9.163184441626072 1517.417538844049 90.81559045612812 112.9900870248675 68.06958187371492 24.05320592969656 0.8011504784226418 14.59447240829468 187.1865117400885 0.4806820005178452 2818.07358623296 2457.485225595534 97.95781233906746 149.9752013236284 2.834578365087509 12351.7499987334 804.066551104188 13573.94867611676 1405.758114218712 0.7540519759058952 1950.845162410289 10699.98927410692 4050.076899282634 85.90498499572277 3275.688428893685 0.7646064758300781 1.360584922134876 22.33974837511778 3185.532422237098 75.63237789273262 8552.692909173667 6500.863911427557 5936.792443953454 6992.701525680721 162.5220537483692 6.170277744531631 1.498393818736076 31.39070408046246 1.356830649077892 50.44150859862566 710.6102867498994 1.004311822354794 0 0 22.5072543695569 1.902405805885792 4.667060568928719 2.580976963043213 0.400680311024189 0.3813908770680428 0.2655765563249588 3.18067904561758 0 2113.170948788524 159.569578833878 2.428399369120598 16.34090412408113 0.4175264090299606 440.8450322821736 1095.115538872778 2183.082913115621 101.959777250886 0.6157208383083344 76.9980745241046 2996.243943743408 121.8495507091284 6.768199406564236 155.3027995154262 0 0 0.6728338450193405 34.81893792003393 86.89686366170645 308.491473428905 51.77022771537304 100.586957231164 93.04704178124666 5.435727559030056 0.1632905602455139 2.026842877268791 0.8360931798815727
144.2489950731397 538.3603139966726 129.5098337009549 2385.984959743917 87.6071133762598 74.91169162094593 762.9413332417607 433.5922659859061 6173.405530460179 204.0124462246895 5.287056401371956 234.8127904310822 37.97243780642748 501.9639986157417 1219.003462448716 2872.227328568697 12.08022028952837 8.140665326267481 6.210443161427975 475.9882752671838 571.723464384675 4345.207283988595 1405.758114218712 7064.349274195731 119.9500369504094 188.5276260338724 2693.586656138301 5369.348432198167 901.8417150825262 357.9140836670995 3.311160191893578 18.38749425113201 248.1515124812722 252.5594090297818 36.55893356353045 2075.430000223219 92.42476765066385 855.4839860647917 452.8318956419826 701.6845221444964 16.23933947831392 2.631343655288219 10.54578969627619 25.66921503841877 6.267032399773598 31.76142277568579 223.0466992855072 0.2225916832685471 19.29415499418974 656.8365449607372 52.87511387467384 1204.13043230772 261.7997798994184 5.777679122984409 50.21557320654392 1.856214664876461 116.0796323120594 9.256934091448784 208.683406226337 5.882692024111748 4.062293283641338 5.109113730490208 206.7143143042922 184.2831256240606 465.717959664762 105.9391032159328 3207.920792222023 0.7017620131373405 21.26572752743959 157.5017765685916 2493.88068562746 173.5719362124801 349.2143732085824 0.4299547970294952 5.084427118301392 12.79004856944084 60.70747072249651 20.07442110776901 333.1399391815066 12.02595219016075 208.8501023799181 112.1603297069669 148.9649904221296 11.65353188663721 1.123902440071106 3.382359072566032
0 1373.19750777632 0.8141414895653725 2.190698981285095 0.5555801540613174 0.169650599360466 0 0.4733230173587799 192.1850331202149 0 586.6177966594696 1.721285238862038 3728.81524425 0.3999790176749229 4.66287937015295 13.87419105321169 2.609638869762421 3.174377903342247 4.871051542460918 0 0.7827981784939766 379.628911614418 0.7540519759058952 119.9500369504094 292.4668410792947 221.1091399341822 3336.254103764892 0.4614687785506248 0.3060507774353027 0 237.7980709373951 0.8485825881361961 0 7.887855596840382 6.626252710819244 110.1941670998931 238.7349563464522 277.267802529037 13.02226623892784 28.17831445485353 0.7196720242500305 583.2483657747507 0 0 29.31738556176424 0.1088124066591263 0 0 0 0.2500804662704468 0.1518575996160507 1.779068432748318 0.6427861824631691 163.868193179369 0.1803545653820038 696.657610014081 0.9295162111520767 0 0.5600323081016541 0.8640703111886978 38.40255522727966 13.45521565526724 0.5941066518425941 0 9.788798213005066 0.5274328961968422 1.934796050190926 187.6879423260689 439.0895940586925 986.2849497199059 1.691264145076275 0.9503845423460007 0 87.96455052495003 1.012263715267181 0 24.89607229083776 4.178668335080147 76.3495541960001 62.8253450319171 69.01413056999445 11.28744255006313 14.7015129327774 0.5505037307739258 33.05082900822163 0
419.8368200138211 598.7689171805978 8766.005426250398 44.5073322840035 1.460472255945206 56.45773299783468 1723.409517899156 572.8561154268682 13.34513410925865 180.7187574990094 1355.695182599127 24.42061851918697 463.435447499156 1055.809436541051 4.089572377502918 34.9875705987215 2241.36467448622 1326.350941359997 2646.837183333933 19.53641004115343 603.7923587933183 24.37004706263542 1950.845162410289 188.5276260338724 221.1091399341822 31523.48955417424 9607.699735887349 468.7143985964358 438.1761306226254 758.4417779818177 189.0350727960467 53.43200097233057 28.26348885521293 2003.845646310598 35.56692901998758 5423.035932157189 6140.289472743869 4300.344044849277 1070.622957572341 40.51624402403831 2.748654745519161 68.72959210723639 12.171371281147 0.09881801158189774 279.5550384521484 57.43551377952099 0 0 0 4.706457160413265 1.042332381010056 1.010707311332226 0.1636196300387383 57.10996834933758 0.6732148006558418 830.058219909668 1.669229388237 0 6.064275726675987 456.4038779139519 335.5265036597848 883.0102404877543 0.2054594606161118 3.570324778556824 8.630073957145214 13.58237674087286 8.869943305850029 181.9969213530421 3468.543111719191 3686.681192092597 9.406708709895611 3.485883384943008 6.941816344857216 273.5543925985694 1.000709109008312 0.09222370386123657 22.80294032394886 24.21371452510357 133.6055867224932 541.5083166435361 108.628019079566 22.75419928133488 0.9962988048791885 0.1083636060357094 5.122396394610405 0.1896988898515701
89.3116240799427 10341.11452351511 7328.871541686356 18.16135115921497 3.860784359276295 11.49650932848454 243.6429158076644 108.7102876193821 891.9151439517736 28.4009687229991 359.1524810269475 8.142674706876278 3573.289332926273 215.4787197560072 34.54327543079853 3413.878179222345 2733.30596524477 112.0530999153852 552.2295780405402 7.279056236147881 538.5665496364236 4674.036295264959 10699.98927410692 2693.586656138301 3336.254103764892 9607.699735887349 28686.5952508226 823.1871412321925 146.923869125545 266.3742978125811 742.5881391391158 13.96225849539042 11.64187742769718 1540.645088240504 72.28304173797369 8566.205700084567 3025.441032506526 3313.34750797227 3010.437494829297 147.3451681956649 1.660917848348618 17.80659889429808 31.04536437243223 1.370119459927082 1917.77401380986 2185.096503518522 3.844057276844978 0 0.3417323976755142 24.62148172408342 2.306500107049942 12.10314582288265 5.040361009538174 29.78680685162544 0.53273756057024 612.9133735969663 5.806508801877499 0 466.2315182164311 1364.787469305098 302.8712072297931 1144.487168610096 0.8502269983291626 51.5967009216547 1575.798114016652 1379.512341529131 55.45139759778976 553.9954241365194 6204.806262135506 14504.25683180988 62.76568266004324 4.889178976416588 26.6281911060214 296.8483184129 1.103035539388657 0 92.83868326991796 63.02041445672512 756.2051743939519 652.3652381971478 289.7463041543961 108.3302966505289 11.58185639977455 0.1284144222736359 6.824974149465561 1.98843389749527
161.1248017922044 3.856478407979012 595.1943620592356 4350.439859330654 13.29915781319141 131.9214079752564 12744.21509607881 509.0954971909523 1350.960789680481 2974.432119049132 4.215591073036194 108.25854524225 8.717292495071888 600.4431957304478 73.9059921130538 1725.157540969551 75.19847759604454 32.89903277531266 15.89830882847309 5337.909294329584 3949.702155314386 94.11611579358578 4050.076899282634 5369.348432198167 0.4614687785506248 468.7143985964358 823.1871412321925 14590.79758419842 1706.336974382401 9127.888489313424 0.2206784412264824 11.93641601502895 864.7087456062436 862.2811234593391 84.58865160495043 4562.33249553293 213.7977386936545 2200.260003589094 1224.984968475997 190.9105394408107 17.13945595920086 2.215055607259274 22.75526186078787 29.45971641689539 2.326403401792049 32.37317065149546 248.5666161254048 0.2553329914808273 32.5137603059411 959.6967514827847 64.78082806617022 556.2414576336741 365.7848336473107 9.304254993796349 45.38153430819511 0.8858849480748177 150.6611423268914 7.322393476963043 206.784528516233 6.555213250219822 4.521920196712017 5.026800103485584 272.792166352272 258.3732117712498 189.4445787742734 85.781384319067 3049.043728135526 0.3744640201330185 19.44127553701401 114.1979364976287 2926.420017175376 204.5088163688779 505.6036999821663 0.2160573154687881 4.929456554353237 16.60055110603571 74.15322388708591 40.68657197058201 363.6031973958015 11.97691866755486 259.284167945385 132.2960986942053 195.2610301747918 16.56426666676998 1.746876798570156 4.69327325373888
