627.6576261743903 0 156.4968253076077 3.205948166549206 0 2.743791721761227 2558.348038703203 354.4978479370475 3.53823135048151 14.99921876937151 2.233308210968971 0.3053556978702545 0.09751687943935394 4287.125303804874 0.1344984024763107 0 224.3521749600768 1.914516441524029 28.42330238968134 0.6433127447962761 61.71888629347086 0.1045929491519928 373.6398319378495 27.64562524855137 0 19.32670261710882 9.154893442988396 88.91783045232296 3167.020674839616 2699.741468086839 0 1.327575571835041 49.58269267529249 82.16268784552813 0.2508295774459839 18.91454716771841 12.62482880800962 52.71385769546032 5.778422154486179 0.9672193229198456 0 0.1650815159082413 0 0.4202473536133766 0 0.1033647730946541 0 0 0 5.369048878550529 1.482472844421864 1.30381802469492 0.1529404371976852 0 0 0 2.254428021609783 0 0.5795294418931007 0 0 0 0.3498960435390472 1.207645587623119 0.2485459744930267 0.1123108044266701 12.06764833629131 0 0.2291592881083488 0.7308450266718864 16.45799939334393 1.450135126709938 4.277589380741119 0 0 0.2537644654512405 0.2151642516255379 0 3.686082854866982 0 2.043383501470089 1.540898494422436 1.562677428126335 0 0 0
0 22.26160578429699 80.46550534665585 0.1398453265428543 1.343636654317379 1.45470704883337 2.512277454137802 1.266463406383991 504.9884131550789 0.8312667310237885 133.6214207410812 3.97211292386055 1076.347648829222 3.55287816375494 16.79553319513798 17.58322461694479 367.1176845133305 2.132403112947941 48.60392908006907 0.2446732372045517 2.479656770825386 1985.666569471359 4.155083850026131 478.8291259258986 1245.435615070164 268.6814747601748 4911.960832834244 4.985097132623196 2.88826447725296 0.9473676905035973 44.99842403829098 0.6688495725393295 0 151.6650499925017 1.705655559897423 201.6777365580201 86.1886942833662 780.9534861817956 95.7240649536252 25.27550660818815 1.858484506607056 116.8005767986178 0.7001069784164429 0.2734808027744293 33.35394524037838 42.78875800222158 0 0 0.174492821097374 1.687025293707848 0.2602320909500122 2.516589976847172 0 1.122513622045517 0.1140923053026199 12.09804828464985 0.6470505520701408 0 1.205656953155994 13.11531355977058 2.644356772303581 12.1950331106782 0.0976904034614563 0.6679409816861153 31.65384696424007 5.989514410495758 6.093468554317951 5.443139284849167 151.0386591926217 1493.126922309399 2.336807414889336 0.8775922283530235 0.238621823489666 2.782943576574326 0.159477636218071 0 4.589151263237 0 19.75545229017735 24.87940435111523 26.95732241123915 3.197702378034592 0 0.2953514754772186 0.1171718388795853 0
156.4968253076077 80.46550534665585 4470.935945719481 3.290181912481785 0.1473293751478195 563.8915251716971 1240.173599079251 1817.546157225966 5.744526438415051 46.20684529840946 15.67433346062899 1.601325482130051 3.128619886934757 1568.789952836931 0.4415875822305679 4.024953156709671 6659.371311903 31.20117783546448 335.7753868326545 1.359127059578896 2488.816250450909 5.651511207222939 10577.86750161648 77.74032516777515 1.872985243797302 5114.782697565854 5721.729271218181 260.4177145287395 318.6420370340347 564.4517545551062 0.7036965787410736 7.358871504664421 9.555946707725525 977.8464950248599 49.85995188355446 3318.874543882906 6876.39447068423 3191.016975931823 523.4057924672961 255.4307198002934 5.677438788115978 6.154401123523712 16.21198552846909 3.55500341206789 125.3558833450079 1047.537157401443 0 0 0.3431854322552681 15.75394763797522 8.820203229784966 2.039981186389923 0.1268999874591827 3.063334129750729 0 2.308304205536842 8.856327280402184 0 11.64464876055717 165.3736504465342 3.426596857607365 33.25677001476288 0 7.336620397865772 26.88905223459005 215.7474574670196 32.78688782453537 1.393741548061371 506.6085894778371 3232.311803467572 39.79945492744446 6.345785290002823 27.36226669698954 1.480452731251717 0.2077139765024185 0.4255954250693321 26.9400754570961 14.9213602989912 131.202656544745 359.8542045801878 149.4698401987553 25.47490350157022 4.739565536379814 0.2249118760228157 0.435733824968338 0.6747740358114243
3.205948166549206 0.1398453265428543 3.290181912481785 2963.442211560905 5.562198013067245 288.0059758275747 85.17724107205868 154.737121000886 1427.081399641931 4630.517666697502 5.940368935465813 3145.623623050749 0.6372680366039276 145.8572463467717 171.8507351279259 0.7181789875030518 1.80555334687233 5.239328891038895 7.156491674482822 4796.4651228562 0.1544684916734695 1.580245196819305 1.844573199748993 5614.048708930612 0 9.351760745048523 16.25220739841461 3446.53637971729 250.4243159964681 11.48109396547079 0.4151094183325768 6.783224664628506 18.08702985197306 86.20487112551928 9.816817462444305 337.6569612398744 8.241052344441414 303.1990771442652 95.38274215906858 184.8983342349529 12.62568891048431 0.1217764765024185 2.834331311285496 4.334787935018539 0.6553367152810097 0.3308586627244949 358.5071749538183 1.682293146848679 11.27148079127073 220.5242025107145 12.8905028924346 382.0455739572644 337.6808804571629 0.6515381932258606 215.839028224349 0.1564428210258484 14.9972260966897 13.57860692590475 0.7563290372490883 0 1.256188578903675 0.9707476198673248 503.620392523706 0.7282757461071014 1.018992155790329 0 511.8582605347037 0.1512775272130966 1.047749288380146 0.7872098535299301 627.8701613843441 16.10996867716312 7.632222890853882 0 0.8899512588977814 1.395058766007423 9.442899025976658 2.092513635754585 27.29129038751125 0.2953706160187721 33.68038779497147 6.413370028138161 90.30747041851282 1.073557697236538 0.7388628870248795 0.188743457198143
0 1.343636654317379 0.1473293751478195 5.562198013067245 443.6510504484177 1162.194183632731 2.975625663995743 65.84668134897947 164.7218801677227 5.110537350177765 25.24262724071741 235.2557365968823 0.5677751824259758 3.475504532456398 1424.426783949137 0 1.600307881832123 7.230096131563187 19.38251220434904 7.672873295843601 0.8346119001507759 8.862683057785034 1.017644166946411 33.9478599652648 0.5982236415147781 8.785936862230301 8.883310131728649 19.57912712544203 2.420034840703011 0.9452307820320129 0.158198207616806 822.9988917559385 0.2467500269412994 139.3919415026903 0.4778397977352142 16.87963788211346 2.225260019302368 82.61853309720755 24.00602535158396 1867.567029803991 39.9637126326561 1.210569322109222 0 0 0 0 0.9693104103207588 0 0 0 0 2.471776589751244 1.06333589553833 0 1.87688909471035 0 0 0 0.2939962297677994 0 0 0 0.7543314546346664 0 0 0 2.513443008065224 0 0.132658064365387 0 1.146043039858341 0 0 0 0 0 1.2901551425457 0 0.2156921103596687 0 0.2772468328475952 1.994799256324768 3.961526200175285 0.468622237443924 0.318094402551651 0
2.743791721761227 1.45470704883337 563.8915251716971 288.0059758275747 1162.194183632731 14676.95636744052 4628.140558049083 7652.37173678726 384.5743241533637 11723.84122882038 92.47380577027798 5256.925753384829 11.77199986577034 569.0165841057897 3808.011350214481 0.1625969558954239 190.2258507460356 50.94212847948074 72.41309899836779 1118.741398654878 110.4097671583295 6.049542784690857 246.9370167031884 280.3784176185727 5.752485439181328 184.5933334007859 75.80689243972301 1162.91573304683 254.9405117183924 63.09416720271111 4.607496298849583 1260.86234240979 4.129985086619854 518.5649851262569 7.503102220594883 412.9364811778069 64.93347380310297 639.6556770354509 366.5708924755454 3208.679898001254 322.5320708081126 11.91041109710932 19.89907900243998 3.170505218207836 0.1452666819095612 1.272621035575867 44.48816992342472 0 4.106474459171295 118.5416023954749 8.517949767410755 51.34857131540775 33.84361915290356 0.7528676986694336 32.18552108108997 0.6913497298955917 9.297431714832783 1.727125018835068 5.343236483633518 0.4770407006144524 0 0.8290517702698708 68.90475004911423 1.590237602591515 1.200818233191967 3.548564538359642 234.7302488312125 0.1123285442590714 2.22340039908886 8.954948551952839 195.189553976059 18.73805133998394 7.135721668601036 0 0.9574275836348534 0.7343517392873764 14.71219322085381 3.68127465993166 26.49047769606113 4.378106817603111 24.66000889241695 38.7988915592432 31.92543710768223 7.911559194326401 9.984691560268402 0.136234313249588
2558.348038703203 2.512277454137802 1240.173599079251 85.17724107205868 2.975625663995743 4628.140558049083 12181.19065006077 4796.635613843799 119.4436141327024 6452.033900767565 15.68968276679516 59.17164462804794 1.058871388435364 9453.433930881321 22.29293328523636 11.85570406913757 82.63350442796946 11.95896504074335 21.75229852646589 20.52096410095692 868.8617054447532 11.61422920227051 789.6380555555224 461.7217506170273 0.2349862307310104 284.2721421197057 207.1683722510934 19322.15793805569 2040.356085322797 5246.551173120737 0.4936268180608749 22.12323576211929 217.0558091178536 455.0185041427612 65.02162776887417 1948.001812726259 101.6308017224073 1668.12665809691 620.1997329890728 259.7346284613013 50.91461730748415 0.9564070329070091 31.54826448857784 5.146236330270767 0.1474175453186035 3.171036571264267 13.90054571628571 0.1176788210868835 2.586234718561172 88.50929267704487 5.266228213906288 45.04326868802309 13.84814558923244 0.1106493547558784 6.853915572166443 0 11.58141618967056 0.7730918377637863 25.03363560885191 1.061368316411972 0.2149937748908997 0.6484672948718071 15.83833455294371 8.821030288934708 4.952652372419834 23.77705529332161 145.0565512925386 0.75355064868927 4.111983254551888 31.38046604394913 145.1732206270099 15.90975590795279 30.8144428357482 0 0.4189680814743042 0.4557702988386154 5.709163948893547 6.529351994395256 30.67454607784748 1.145208515226841 20.80978658795357 5.83961770683527 11.65662299096584 0.7584783434867859 0 0
354.4978479370475 1.266463406383991 1817.546157225966 154.737121000886 65.84668134897947 7652.37173678726 4796.635613843799 7391.80752042681 74.63152525573969 3059.169285677373 176.5563299283385 1199.306817814708 12.77409815788269 4335.787255562842 71.01052499562502 1.119947344064713 1208.478355959058 94.00422958284616 268.4922220855951 848.0059419572353 295.5041867867112 0.8553648144006729 1471.907840423286 281.9866313710809 2.379056483507156 393.8919272497296 140.372848674655 1033.13476857543 683.3662519231439 1291.485940091312 3.173265971243382 1791.028170794249 3.339999936521053 602.9857913553715 18.27767286449671 560.3110357820988 137.7764593660831 751.5804971083999 355.8925874680281 1169.152642987669 241.5837361142039 15.71042669564486 25.9970625936985 7.63438156247139 0.2591082379221916 1.454991221427917 21.03044032305479 0.1592297405004501 3.513138435781002 169.4133316501975 14.68882178515196 37.11295292526484 19.58400759100914 0.9813447669148445 8.249750308692455 0.9544530510902405 21.58496184647083 0.7837004661560059 4.294507339596748 0.5424253344535828 0 1.134829565882683 23.08778765797615 4.571326717734337 0.4878619462251663 3.634501807391644 232.8404657244682 0.1947356164455414 4.680257149040699 11.70248910039663 262.9927815794945 23.9339457154274 59.81516306102276 0.2330866605043411 1.480044692754745 0.8603915572166443 16.98384949564934 3.360927902162075 44.14778932183981 7.257828734815121 45.74182776361704 55.17644333839417 24.69269081950188 12.37319026887417 15.0645709335804 0.2952654436230659
3.53823135048151 504.9884131550789 5.744526438415051 1427.081399641931 164.7218801677227 384.5743241533637 119.4436141327024 74.63152525573969 1639.364835001528 378.6927093565464 22.65467172861099 716.6844702959061 139.3932525068521 56.99801860004663 1195.493011549115 1.866937816143036 32.66783291101456 3.793546013534069 26.96202263236046 619.8446016833186 10.6332855373621 2762.849833130836 11.27748221158981 8349.606736652553 122.5236902609468 103.4762449488044 927.2209558859468 1811.694242440164 103.5381559729576 136.2925139591098 11.20828624069691 6.123787716031075 11.53369074314833 46.13744728267193 4.233912572264671 446.3220904842019 42.73684906959534 152.1032477915287 47.5316054597497 571.0685922726989 14.74676701426506 4.251266911625862 1.319854095578194 23.66571991890669 1.023232847452164 0.7274057492613792 143.0472800433636 0.26446533203125 4.402583278715611 166.2974039539695 20.1811121031642 65.49355242401361 88.30871349573135 1.431166402995586 52.80191308259964 3.603567399084568 37.69394221156836 2.899960711598396 87.92196171730757 0.4347663000226021 0.9993586838245392 1.695104859769344 154.9520383626223 30.3742777556181 24.23711913824081 8.175766460597515 1367.477695479989 1.518438115715981 6.059625647962093 10.55592451244593 693.827413611114 60.38185651600361 96.20630992203951 0.2013949677348137 1.254018321633339 5.275778211653233 13.47415561228991 5.243789821863174 95.44033318758011 3.552416265010834 54.59500657767057 22.21343284100294 52.85776381194592 3.828697875142097 0.2819348275661469 0.7145094722509384
14.99921876937151 0.8312667310237885 46.20684529840946 4630.517666697502 5.110537350177765 11723.84122882038 6452.033900767565 3059.169285677373 378.6927093565464 29895.34370280057 40.00660989433527 5761.49522600323 5.880302228033543 1435.202750273049 37.15157036483288 0.7475165277719498 8.562457554042339 35.1933172121644 50.2465697452426 4962.250590458512 16.05672887712717 0.9561478719115257 31.80153585225344 571.2072405591607 3.495757907629013 71.9110075160861 52.00480587035418 4192.595397293568 1131.234932102263 15.96210850775242 2.530822835862637 36.38193540275097 22.30455622076988 345.4498729556799 11.80742025375366 528.0379180908203 36.58866229653358 1096.771533355117 162.0610774829984 194.9463790357113 28.60420754551888 9.72290626168251 9.767170213162899 4.621259793639183 0.4864438772201538 0.5099760442972183 348.759353287518 0.6204635351896286 7.253102585673332 314.3507544249296 15.99614409357309 214.891625598073 300.511342741549 1.894532680511475 143.7483028396964 0.07232020050287247 21.8524172976613 10.05722752958536 1.534629099071026 0.1117130666971207 1.508503504097462 0.9061448648571968 527.3334643691778 1.329964190721512 2.548789404332638 0.8082210123538971 517.5506055355072 0 1.758015915751457 3.91774408519268 657.6502980813384 17.04139198362827 7.090908192098141 0.31041419506073 1.504933036863804 0.3044285550713539 9.347329631447792 3.362514913082123 42.17069263756275 1.072085030376911 44.4845162704587 12.86983247101307 78.03490301966667 1.523866519331932 1.489206872880459 0.5135927647352219
2.233308210968971 133.6214207410812 15.67433346062899 5.940368935465813 25.24262724071741 92.47380577027798 15.68968276679516 176.5563299283385 22.65467172861099 40.00660989433527 7601.836614355445 48.70274218171835 908.2332500889897 207.2639431059361 1.240397289395332 1.020411595702171 41.95382032543421 2435.420586705208 1051.046736061573 40.35526020079851 23.88473778963089 60.58758039772511 34.14761523902416 26.76047100126743 827.7426042556763 2462.986814379692 507.178789190948 21.52361449599266 340.2778388932347 14.54431194067001 228.4119392037392 355.5828009620309 5.436692662537098 5561.345513425767 2.392109051346779 530.843161650002 3137.559173315763 2944.032627359033 474.1249870806932 56.21837270259857 23.56941385567188 746.2662559822202 10.63897985965014 0.3380211144685745 3.98883356153965 0.1704163998365402 0.5246364995837212 0 0 9.264422900974751 0.1601341962814331 2.13153975456953 0.5158964395523071 108.0060482770205 0.5476849004626274 864.0039578303695 0.6878783479332924 0 0.09894662350416183 0 19.17628323286772 0.6202206611633301 2.101475246250629 0 1.828751944005489 0.09641868621110916 10.71627666056156 280.1765351444483 83.10299970954657 205.3176386058331 14.18653478473425 0.8535681217908859 2.666260331869125 120.3299075365067 0 0.1963028535246849 1.480610057711601 1.001011706888676 6.96345990896225 345.452744834125 5.486351490020752 5.120719701051712 1.781365752220154 0.6134297102689743 44.38343931734562 0
0.3053556978702545 3.97211292386055 1.601325482130051 3145.623623050749 235.2557365968823 5256.925753384829 59.17164462804794 1199.306817814708 716.6844702959061 5761.49522600323 48.70274218171835 10703.09610791504 7.388685747981071 563.7434202209115 672.2638232856989 0 2.256844013929367 35.68038544803858 31.95293547958136 7698.012510828674 1.067377097904682 15.75177973508835 1.390478752553463 789.5114125609398 1.928443431854248 56.54746963083744 23.05698555707932 523.3768349289894 163.4562846273184 2.880492404103279 2.383232906460762 45.84036832302809 0.231703944504261 186.3392153531313 2.198635190725327 347.8513107523322 20.24994479119778 379.9723720028996 91.88663244247437 1459.822754345834 62.03890819102526 5.173061676323414 2.76174433529377 0.115532785654068 0.3049362152814865 0.3287870436906815 175.6853665187955 0.4399838745594025 5.009012877941132 58.84040170907974 6.155266776680946 96.05130159854889 118.7745093107224 0 165.4285805597901 6.000453472137451 3.197230622172356 10.80410647392273 0.4459889531135559 0.09647186100482941 0 0.514623835682869 217.0609162300825 0.2465895786881447 0.9800917208194733 0.9449909329414368 109.0270950421691 0.107452504336834 0.7647013813257217 1.034805603325367 132.1781449988484 3.462593384087086 2.926566399633884 0.125013068318367 0.3187259808182716 0 5.525362335145473 0 46.01123966276646 0.9582004845142365 13.85475793480873 13.20101162046194 114.4834467470646 1.366246595978737 9.425989620387554 0
0.09751687943935394 1076.347648829222 3.128619886934757 0.6372680366039276 0.5677751824259758 11.77199986577034 1.058871388435364 12.77409815788269 139.3932525068521 5.880302228033543 908.2332500889897 7.388685747981071 2931.671633392572 14.2930558770895 5.045244209468365 2.234734252095222 0.3423503264784813 109.985430598259 1.32779473811388 5.67939916998148 0.9189127385616302 422.5703033655882 1.44523897767067 96.50626517087221 4404.673302769661 338.473226249218 3779.234146997333 3.849744752049446 11.43937963992357 0.9127421677112579 1203.034664221108 13.23117017745972 0 610.924248598516 1.437297314405441 148.0374771803617 1646.199668012559 888.8637162894011 181.4034118577838 14.85200431197882 29.46119759976864 432.3095846399665 2.869242265820503 0 10.93587999045849 0.3145316690206528 0.3091949075460434 0 0 0.9215320646762848 0.301680713891983 0.6743783503770828 0 139.088691227138 0.1152225807309151 1417.164861768484 0 0 0.104258194565773 0.1243977323174477 23.56186702847481 0.2534425258636475 0 0 4.83064341545105 0.1043009608983994 1.742463998496532 827.8006520196795 110.28349455446 359.7904436588287 2.761678710579872 0.770285427570343 0.4656922742724419 243.8823136687279 0 0 10.47440690547228 0.8567742556333542 5.094066895544529 444.4982920736074 13.05728846043348 22.62812575697899 0.5180125832557678 2.321520954370499 39.85002670437098 0
4287.125303804874 3.55287816375494 1568.789952836931 145.8572463467717 3.475504532456398 569.0165841057897 9453.433930881321 4335.787255562842 56.99801860004663 1435.202750273049 207.2639431059361 563.7434202209115 14.2930558770895 7458.240573592484 9.861186273396015 1.326462976634502 1136.621197029948 121.1851012632251 353.158309802413 506.7416206002235 350.7110491544008 0.2355462685227394 1841.171514339745 332.4123100340366 3.127352990210056 357.0469634458423 155.8098114207387 1067.091691479087 5224.416500769556 3701.380428537726 3.142007328569889 282.7308241128922 17.28643175214529 952.5121071748435 13.39265011996031 616.1732506603003 120.2162424698472 1387.145355314016 205.7475361451507 557.692773245275 144.103343680501 6.469065815210342 13.75063569843769 8.269541181623936 0.2822923511266708 1.314258120954037 18.66088477522135 0 3.927685186266899 161.0691237971187 14.45842266827822 33.26343090087175 19.51510786265135 0.9675699844956398 6.597048088908195 0.3432624861598015 28.26116257160902 0.6290344148874283 5.763549067080021 0.2499475255608559 0.6440781727433205 0.3986639529466629 27.03037843108177 7.597734853625298 0.6324720233678818 2.572069481015205 230.7979830279946 0 4.87378765642643 8.65709014236927 296.4927051030099 35.57879814505577 62.80679857730865 0.12539142370224 2.07334490865469 1.761944517493248 13.00623179972172 2.518874071538448 53.44227258861065 4.121191643178463 43.9168852865696 29.56533224135637 28.7243335172534 6.816993206739426 3.241527013480663 0
0.1344984024763107 16.79553319513798 0.4415875822305679 171.8507351279259 1424.426783949137 3808.011350214481 22.29293328523636 71.01052499562502 1195.493011549115 37.15157036483288 1.240397289395332 672.2638232856989 5.045244209468365 9.861186273396015 392.6780330985785 0.8793624043464661 2.412078283727169 0.3899747803807259 1.335269629955292 65.68606953322887 0.5232791900634766 114.1528755500913 0.428527444601059 753.2732009366155 4.284743010997772 8.18412022292614 53.11095856875181 261.2523687183857 9.599181845784187 13.37138143181801 0.5160213187336922 283.0257487297058 1.163252860307693 28.22807521373034 1.980395451188087 97.35884895175695 2.757634706795216 43.71047988533974 21.76355524361134 1213.525465987623 239.674783565104 7.052003785967827 0 0 0 0 20.4125852137804 0 0.4453585147857666 4.416527599096298 0.1035097762942314 19.91850711405277 13.18510711193085 0 21.96148473024368 0.1038582101464272 0.635387048125267 1.982258602976799 0.7954136729240417 0 0 0.1280326098203659 34.80451783537865 0.1013021841645241 1.201352536678314 0.1330953538417816 12.94864272326231 0.4109276831150055 0.1081824451684952 1.099920660257339 15.88496734201908 0.4885926991701126 0.4575191140174866 0 0 0 0.6415573209524155 0 6.905922174453735 0.1890688538551331 0.5142130106687546 0.5001042634248734 28.68001927435398 0 0 0
0 17.58322461694479 4.024953156709671 0.7181789875030518 0 0.1625969558954239 11.85570406913757 1.119947344064713 1.866937816143036 0.7475165277719498 1.020411595702171 0 2.234734252095222 1.326462976634502 0.8793624043464661 873.5346198827028 13.52808063477278 0 6.813073202967644 0 2162.529192775488 1217.840404085815 5320.155788838863 2038.736532822251 1.158219464123249 14.62898242473602 2396.183250434697 726.7698186039925 5.85426627099514 86.98559358716011 0.1195964142680168 0.1246466189622879 1.833240993320942 28.93915514647961 28.48143351823092 1062.372960262001 594.2843731045723 238.2510741353035 260.1202113553882 40.80996145308018 2.211620151996613 0 6.879218421876431 1.404936887323856 1.848674096167088 13.73019913583994 0 0 0.1650767475366592 12.86090388149023 1.317377954721451 3.262266650795937 0 0.1638277471065521 0 0.1090348362922668 3.220062181353569 0 3654.513563662767 1.758763827383518 0 0.5143548846244812 0 550.9466726705432 895.4264551401138 2547.208405226469 132.5223022848368 0.2773400843143463 1.745192661881447 666.2420209944248 142.3523926436901 6.967145077884197 70.80359394848347 0 0 2.08024674654007 4.126492872834206 4.576004564762115 112.5051589161158 14.4659795165062 31.94531315565109 30.80373454838991 6.765655890107155 0.5679043829441071 0 0.1893560737371445
224.3521749600768 367.1176845133305 6659.371311903 1.80555334687233 1.600307881832123 190.2258507460356 82.63350442796946 1208.478355959058 32.66783291101456 8.562457554042339 41.95382032543421 2.256844013929367 0.3423503264784813 1136.621197029948 2.412078283727169 13.52808063477278 751.5154910981655 62.25265886634588 2018.244734294713 2.168867938220501 1071.162127718329 33.84578296542168 6129.425506435335 70.41674766689539 4.123635329306126 1059.190258361399 6814.362156137824 54.35461051762104 1372.832579031587 1032.923058085144 0.3560797125101089 9.109618052840233 82.46685699373484 891.9194427132607 6.406418472528458 446.994066670537 2152.761484585702 670.8995635136962 141.4647629112005 28.18143579363823 1.086906902492046 2.028831720352173 1.463713631033897 0.3254348486661911 10.34282237291336 17.3000922948122 0.1736598610877991 0 0 3.225462101399899 0.6631267517805099 1.005439460277557 0 0 0 0.5070852935314178 1.079540751874447 0 3.047674149274826 16.76912392675877 2.720170684158802 23.01800139248371 0 0.7582310661673546 1.980395212769508 4.927535884082317 8.686520457267761 0.7231840863823891 203.5400252789259 273.9899284988642 6.709762051701546 1.230806224048138 2.887729458510876 0.6898496747016907 0.2553404569625854 0 2.41975075751543 2.953037515282631 14.82977054268122 56.38084385544062 12.09111396223307 1.987066626548767 0.5662343800067902 0 0.169256791472435 0
1.914516441524029 2.132403112947941 31.20117783546448 5.239328891038895 7.230096131563187 50.94212847948074 11.95896504074335 94.00422958284616 3.793546013534069 35.1933172121644 2435.420586705208 35.68038544803858 109.985430598259 121.1851012632251 0.3899747803807259 0 62.25265886634588 227.1170751079917 286.7960205748677 26.25705359876156 3.160564370453358 1.538857877254486 15.43628055602312 10.54525428265333 7.765491120517254 2561.445588298142 1418.666280955076 16.59724064916372 170.9478533230722 6.112408272922039 64.56910493969917 178.0553826838732 0.9006408378481865 903.2125321775675 8.681558191776276 799.2960882559419 1916.76821770519 1122.565268293023 529.6481443345547 35.91425213217735 5.34027411788702 32.7903992459178 1.834507279098034 0.09167039394378662 6.776992648839951 0.2064344137907028 0.1953687965869904 0 0 4.543094821274281 0.1008670702576637 1.17416749894619 0.2387467995285988 6.636718288064003 0.433191753923893 80.81104352325201 0 0 0.3464862406253815 0.7400597631931305 62.52610317617655 12.77370794862509 0.5216084718704224 0 0.867127850651741 0.1405670493841171 6.859251022338867 16.39853992313147 216.3912179768085 408.6440676748753 8.864361450076103 0.4747064039111137 3.358506366610527 42.80399879068136 0.2172122895717621 0 0.4963586404919624 5.328228764235973 10.24856417626143 17.3323528021574 5.120487704873085 1.255604237318039 0.8487320095300674 0 0.3107123523950577 0
28.42330238968134 48.60392908006907 335.7753868326545 7.156491674482822 19.38251220434904 72.41309899836779 21.75229852646589 268.4922220855951 26.96202263236046 50.2465697452426 1051.046736061573 31.95293547958136 1.32779473811388 353.158309802413 1.335269629955292 6.813073202967644 2018.244734294713 286.7960205748677 1176.993989571929 26.47521783411503 96.85379928350449 31.31707303225994 338.3463123142719 44.46354098618031 3.808243058621883 2502.776968084276 2385.58125757426 27.02102728933096 673.0244470238686 106.6713403314352 0.5286248177289963 313.5335890427232 31.0936614125967 5452.860198408365 10.69169620424509 1935.989418067038 2088.009342893958 3025.003352895379 571.7120450884104 59.17132218182087 1.18479286134243 6.29490252584219 5.230862677097321 0.6626428440213203 28.36789579689503 5.663099728524685 0.3289589732885361 0 0.2279900312423706 6.249253571033478 0.8712500259280205 2.002548955380917 1.259543493390083 3.042043380439281 0.3428400158882141 7.616309732198715 0.6145257726311684 0 0.7135050296783447 7.201963573694229 41.42458579689264 60.03889444470406 2.522681631147861 0.2821051701903343 2.676763691008091 1.992309585213661 16.89661681652069 8.891990922391415 384.976187504828 546.1424257308245 11.42121679335833 1.298599630594254 2.025198973715305 6.188538685441017 0 0 3.635470516979694 4.997582778334618 18.93160853534937 34.60126702487469 18.78624790906906 4.407017305493355 1.691184289753437 0 0.1284893602132797 0
0.6433127447962761 0.2446732372045517 1.359127059578896 4796.4651228562 7.672873295843601 1118.741398654878 20.52096410095692 848.0059419572353 619.8446016833186 4962.250590458512 40.35526020079851 7698.012510828674 5.67939916998148 506.7416206002235 65.68606953322887 0 2.168867938220501 26.25705359876156 26.47521783411503 1134.631853550673 0.6196678876876831 0.4425372034311295 1.640821352601051 765.976075693965 0.4023805186152458 40.06488933414221 16.18606001883745 969.4638410285115 234.7949748113751 1.226161733269691 1.423436358571053 23.46953654289246 1.498435087502003 149.837477311492 3.122506767511368 169.7077903747559 15.95118297636509 394.3052192553878 71.16915782541037 339.7618926167488 26.94779630750418 3.059187777340412 4.032882630825043 0 0.2851099669933319 0.7804661393165588 222.397332765162 0.5284574180841446 10.45106960833073 148.6685756146908 6.909270979464054 165.0316942632198 229.395742341876 0.3719780221581459 123.2101261839271 0.2983787432312965 7.109612725675106 12.26279900968075 0 0 1.384314149618149 1.158016830682755 338.6630258634686 0 0.5172193422913551 0 243.2100823149085 0.1311163306236267 1.026228234171867 1.881198436021805 327.4834376126528 8.221227154135704 2.554385185241699 0 2.648269206285477 0 4.920450314879417 0.3327271640300751 31.592793636024 1.335769951343536 24.70247143507004 8.083408929407597 77.10580414533615 2.311672277748585 1.32582738250494 0.4997559785842896
61.71888629347086 2.479656770825386 2488.816250450909 0.1544684916734695 0.8346119001507759 110.4097671583295 868.8617054447532 295.5041867867112 10.6332855373621 16.05672887712717 23.88473778963089 1.067377097904682 0.9189127385616302 350.7110491544008 0.5232791900634766 2162.529192775488 1071.162127718329 3.160564370453358 96.85379928350449 0.6196678876876831 21471.47265301645 62.11299403756857 20655.98918037117 1024.325960248709 2.249012812972069 110.1199808344245 745.8432632833719 4108.007443413138 453.0454590544105 8418.666198544204 0 4.291460812091827 54.88093670457602 3809.634331710637 248.4045199304819 7990.861486010253 1601.531110040843 8296.692202821374 3904.993723548949 296.477502644062 12.17642279714346 2.465344935655594 55.10243041813374 21.45781768858433 0.2770055904984474 7.464290663599968 0.1541570574045181 0.2535496652126312 1.288003966212273 36.03166595846415 9.207608699798584 25.14034397900105 0 0.1236744523048401 0 0 39.8676600754261 0 846.0744008719921 1.776061870157719 0.2865747138857841 0.682691253721714 0.1077929362654686 673.5652569532394 95.55372367799282 268.6264954060316 495.6066484302282 0 2.545632421970367 41.86268321424723 539.2583465129137 77.08950683474541 273.6581951230764 0 0.7752249985933304 6.249817155301571 12.74733797460794 20.23130084574223 159.1940455958247 5.1149882376194 40.29914803802967 21.70459960401058 9.659429706633091 1.135376267135143 0 0
0.1045929491519928 1985.666569471359 5.651511207222939 1.580245196819305 8.862683057785034 6.049542784690857 11.61422920227051 0.8553648144006729 2762.849833130836 0.9561478719115257 60.58758039772511 15.75177973508835 422.5703033655882 0.2355462685227394 114.1528755500913 1217.840404085815 33.84578296542168 1.538857877254486 31.31707303225994 0.4425372034311295 62.11299403756857 1884.893341585994 147.0343572497368 5114.278285346925 500.5201357975602 151.5200262144208 4070.663354367018 113.8858764916658 1.312206074595451 1.942742079496384 32.2941901832819 0.7116591110825539 0 33.82933456450701 1.835882633924484 37.09958955645561 25.24618780612946 64.25952676683664 7.100098513066769 98.70413947105408 0.3340217024087906 31.06677084416151 0 0.8988215774297714 9.200221456587315 81.73925319314003 0 0 0 3.083705924451351 0.3738531246781349 14.80251786857843 0 0.7343700677156448 3.264516204595566 7.315411970019341 0.3215509653091431 0 1250.307407960296 5.305550992488861 0.5012934058904648 2.738846011459827 0 79.10364423692226 190.5068387165666 492.4016723260283 127.8366704508662 2.187090642750263 13.50884513556957 1610.062148533762 46.31522214412689 1.113730929791927 17.97863384336233 2.465249627828598 0 0.4009641259908676 3.175576142966747 1.815294951200485 66.52194200456142 12.39003445208073 38.86002819985151 14.98454412072897 1.198727786540985 0 0 0
373.6398319378495 4.155083850026131 10577.86750161648 1.844573199748993 1.017644166946411 246.9370167031884 789.6380555555224 1471.907840423286 11.27748221158981 31.80153585225344 34.14761523902416 1.390478752553463 1.44523897767067 1841.171514339745 0.428527444601059 5320.155788838863 6129.425506435335 15.43628055602312 338.3463123142719 1.640821352601051 20655.98918037117 147.0343572497368 18450.55813226104 825.8791339248419 0.2538421303033829 1325.862161777914 11211.88540548831 2186.40214330703 1393.648012258112 3589.652374580503 0 8.097722910344601 59.99710857123137 2468.875359557569 289.9307819381356 9630.228102385998 14255.73937692493 8915.157773651183 4866.369056433439 875.1171370148659 22.32368461787701 3.205098703503609 81.84225192666054 2.525152817368507 4.030997782945633 210.3848587572575 0 0 0.7002939879894257 46.34402257204056 5.227222546935081 6.904118128120899 1.675955347716808 1.463877648115158 0 1.634623527526855 5.611993476748466 0.1068442091345787 2492.2355440557 6.124925531446934 0.5694990754127502 2.363626807928085 0 300.437658585608 330.0322216451168 2472.298959948123 101.6701774522662 0 12.71464086323977 1551.973955839872 131.1594768241048 11.88014119118452 55.26639861613512 0 0.3325593024492264 0.7557142823934555 6.532316066324711 39.97055341303349 157.6245868876576 41.59260525554419 61.98422636091709 45.70141575485468 11.26936351507902 0.3145613968372345 1.00095821917057 0.8460784256458282
27.64562524855137 478.8291259258986 77.74032516777515 5614.048708930612 33.9478599652648 280.3784176185727 461.7217506170273 281.9866313710809 8349.606736652553 571.2072405591607 26.76047100126743 789.5114125609398 96.50626517087221 332.4123100340366 753.2732009366155 2038.736532822251 70.41674766689539 10.54525428265333 44.46354098618031 765.976075693965 1024.325960248709 5114.278285346925 825.8791339248419 9639.8341691643 97.02504754066467 206.9641912430525 4696.510668344796 7102.654859691858 618.0261525660753 1155.059385634959 8.734139062464237 10.44291163235903 96.39626052975655 319.8230369836092 68.67825464904308 2011.596566282213 85.03392141312361 1039.831431902945 543.2251216247678 574.6559124812484 35.34484703093767 6.412889182567596 12.69640905410051 117.0497523993254 5.766835659742355 25.4186329767108 215.3744579404593 1.35913273692131 21.80081360042095 1211.191810816526 115.5688419193029 1368.723538309336 219.2392175346613 9.10953601449728 121.0030191093683 1.856559947133064 241.4909115731716 6.222056701779366 1000.219027407467 4.535317063331604 7.109627589583397 10.70993512868881 270.8247072026134 495.4141777381301 359.5471792370081 277.6627254709601 3427.216310612857 0.8166792988777161 16.91062396764755 160.0898030623794 3075.810205936432 349.0224240794778 655.0378425121307 1.424385689198971 10.71056693792343 23.524728551507 101.7751567512751 26.91028848290443 652.9950811341405 13.73031435161829 422.1911335214972 135.9241056218743 352.4855983033776 24.09505081176758 3.603274695575237 6.20765682309866
0 1245.435615070164 1.872985243797302 0 0.5982236415147781 5.752485439181328 0.2349862307310104 2.379056483507156 122.5236902609468 3.495757907629013 827.7426042556763 1.928443431854248 4404.673302769661 3.127352990210056 4.284743010997772 1.158219464123249 4.123635329306126 7.765491120517254 3.808243058621883 0.4023805186152458 2.249012812972069 500.5201357975602 0.2538421303033829 97.02504754066467 169.0691228881478 545.1216472387314 5272.493068166077 2.223006553947926 3.838857881724834 0 422.6882763952017 2.372404389083385 0 763.7898038849235 0 521.941335208714 201.4950407296419 675.7532942146063 76.09465629607439 49.58497549593449 55.91939699649811 502.868058308959 15.88769306242466 0 6.856120273470879 0.1733322590589523 0 0 0 0 0 0.69960767775774 0 42.05166698992252 0 382.4854534864426 0.9524190127849579 0 0.6327826082706451 0 6.746507748961449 1.713206872344017 0 0 6.969619542360306 0 0.4701628908514977 25.96678449958563 42.11021467298269 413.149281449616 1.325579926371574 0 1.44754683971405 27.61590400338173 0 0 0 0.5642324239015579 209.4676177948713 14.18097951263189 3.567577883601189 2.831960588693619 31.91873645782471 0.2036653906106949 6.533780455589294 0
19.32670261710882 268.6814747601748 5114.782697565854 9.351760745048523 8.785936862230301 184.5933334007859 284.2721421197057 393.8919272497296 103.4762449488044 71.9110075160861 2462.986814379692 56.54746963083744 338.473226249218 357.0469634458423 8.18412022292614 14.62898242473602 1059.190258361399 2561.445588298142 2502.776968084276 40.06488933414221 110.1199808344245 151.5200262144208 1325.862161777914 206.9641912430525 545.1216472387314 20025.13593936712 12694.84719479084 87.30806271731853 329.1761669814587 65.08278718590736 136.2487581446767 224.8309049382806 2.590445220470428 1525.321723364294 15.90068477392197 2350.987658388913 7682.188202597201 3978.563844382763 805.4376260116696 105.0386667996645 10.97578463703394 153.1853669285774 8.548086121678352 1.262962512671947 283.1974430605769 53.3173691034317 0.4697053283452988 0 0.8261420205235481 16.28915764391422 6.15056761354208 9.408365152776241 1.725627951323986 62.65183504670858 1.108707033097744 1015.692813202739 5.714161306619644 0.283380851149559 5.27972237020731 80.59748122096062 544.8270013034344 477.0382943749428 0.8807345405220985 1.909702435135841 22.2416092902422 11.08197427541018 53.80338333547115 531.5112387612462 4419.335592851043 7737.232318535447 27.41720163077116 6.725748620927334 11.56443452835083 420.2376425266266 0.17884261906147 0.5800108462572098 26.99496744573116 6.790996745228767 128.8478059917688 456.0839272513986 169.1210471987724 27.26639627665281 3.597068324685097 0 3.188668593764305 0.7092561200261116
9.154893442988396 4911.960832834244 5721.729271218181 16.25220739841461 8.883310131728649 75.80689243972301 207.1683722510934 140.372848674655 927.2209558859468 52.00480587035418 507.178789190948 23.05698555707932 3779.234146997333 155.8098114207387 53.11095856875181 2396.183250434697 6814.362156137824 1418.666280955076 2385.58125757426 16.18606001883745 745.8432632833719 4070.663354367018 11211.88540548831 4696.510668344796 5272.493068166077 12694.84719479084 26639.8570100069 1120.032970927656 205.6018285527825 39.46102947741747 868.8356966748834 93.13921087235212 4.646563991904259 3115.294726908207 179.4482075124979 6788.403179265559 4878.808615900576 9315.900049783289 1749.781935140491 631.8788010925055 14.71498219668865 42.32818125188351 44.62570176273584 4.156534865498543 2552.158732376993 3215.449312098324 0.5409527346491814 0 2.643051154911518 69.96107038855553 20.45963914692402 13.40084264427423 3.233510360121727 34.37685475498438 2.035131245851517 492.4171042591333 21.24305720627308 0.5255808234214783 877.0388971790671 384.6370971873403 294.8658536151052 387.1544816866517 0.2060263305902481 60.23329453915358 1276.845942154527 2340.758853338659 100.5330518037081 742.7373655214906 4248.28895676136 22712.72166178375 96.1117802336812 9.940704733133316 51.66649052500725 203.4498762413859 0.4028746783733368 0.2650432884693146 101.5848987698555 54.31641433387995 645.0935812667012 873.7474491596222 640.0635647326708 141.9191634505987 16.40008887648582 0.4881552159786224 2.987814657390118 4.602701142430305
88.91783045232296 4.985097132623196 260.4177145287395 3446.53637971729 19.57912712544203 1162.91573304683 19322.15793805569 1033.13476857543 1811.694242440164 4192.595397293568 21.52361449599266 523.3768349289894 3.849744752049446 1067.091691479087 261.2523687183857 726.7698186039925 54.35461051762104 16.59724064916372 27.02102728933096 969.4638410285115 4108.007443413138 113.8858764916658 2186.40214330703 7102.654859691858 2.223006553947926 87.30806271731853 1120.032970927656 14374.5186387822 1564.850197188556 14224.57541955262 1.221484787762165 24.71716350317001 266.1133805513382 1237.116803951561 172.0228454396129 4504.455928958952 143.0170771032572 3319.775038458407 1597.244376771152 698.8839060664177 72.2316834628582 3.596869505941868 38.79425136744976 123.7422129884362 1.687748067080975 12.63470928370953 261.0783140808344 0.9462855011224747 18.32978553324938 1045.713693924248 108.3103458881378 614.2371766269207 240.4478398784995 5.662528820335865 100.7157905325294 0.5186939239501953 227.7890906408429 5.761581599712372 358.849425137043 2.803233779966831 5.235079891979694 8.933349020779133 334.8733966201544 256.4458709955215 74.40645550191402 74.32493027299643 2531.36874832958 0.1926393210887909 8.247563056647778 78.75323206931353 2441.052307389677 334.2816928550601 685.8825210109353 0.5527257919311523 5.020245060324669 18.57640980184078 70.83155578374863 25.70914137363434 383.9204621985555 6.459916658699512 230.4309057071805 86.61920829117298 188.4350725188851 13.57889993488789 1.291827991604805 4.323825269937515
