1295.63856241107 0.09957520663738251 193.2898821234703 0.7779226526618004 0.2020353972911835 7.772794470191002 1983.386178076267 127.5889231041074 2.588747382164001 14.29585164785385 23.00045117735863 0.1621233373880386 0.4122128859162331 5794.877043858171 0 0 250.5047079697251 17.97658517956734 73.41889568418264 0.6237923949956894 51.81358051300049 0.3617749735713005 154.0143500566483 5.263865597546101 0.11358692497015 26.70883359014988 33.76811644434929 23.43635379523039 4975.185581788421 2607.314454875886 0.2273273468017578 8.901284255087376 97.99905708432198 180.2529883086681 0.5444266796112061 13.98909742385149 25.54791742563248 75.35423242300749 9.44927591085434 0.7995639219880104 0.9258887022733688 0.2248783484101295 0 0 0.3233009278774261 1.036581866443157 0 0 0 1.558489829301834 0 0.6350252032279968 0 0 0 0.09454719722270966 0 0 5.106016390025616 0.1033846884965897 0 0.6904616579413414 0 1.049288250505924 4.886271022260189 0.8119474351406097 12.05707266181707 0 3.164614319801331 5.627179652452469 17.62057192623615 0.7813887223601341 8.278398260474205 0 0 0 1.07662507891655 0 4.325104773044586 0 0.5083473101258278 0 0 0 0 0
0.09957520663738251 342.3527662828565 83.91357587277889 0 0.1415941715240479 0.9307998195290565 19.63447105884552 2.876571543514729 424.1104159280658 1.168410040438175 478.8767288550735 1.346834570169449 904.9863613396883 2.9233742877841 4.060999684035778 106.5345960557461 109.7460386753082 3.663399010896683 33.51024702191353 0.2646158114075661 5.064739443361759 3508.499793060124 12.18209550529718 934.3153270930052 2256.791812099516 400.6581375598907 9037.695086844265 56.44975859671831 3.87992562353611 1.358572937548161 46.11274536699057 1.37371101975441 0 69.51783145219088 0.8441774547100067 96.61419989913702 246.7113667577505 233.5440974459052 44.49705831706524 7.193240307271481 1.405727200210094 205.2735422551632 0 0 139.7385286465287 57.91819281876087 0 0 0 1.031967595219612 0 1.724846303462982 0 10.41023076325655 0 92.46114321053028 1.202694721519947 0 13.33510731160641 8.516591459512711 5.27152356505394 66.30207207798958 0 0.6736253276467323 14.50601706653833 2.676707305014133 11.74931564182043 93.56293766200542 394.7099339216948 1603.596277467906 2.568791516125202 0.5304281488060951 0.2506010830402374 9.622794017195702 0 0 5.503303192555904 0 23.28621975332499 19.26347534358501 24.19342686235905 8.535691849887371 0 0 6.511153444647789 0
193.2898821234703 83.91357587277889 4177.89525142312 0 0.3608052134513855 94.85682880878448 2333.152817815542 1314.506745956838 2.622523196041584 10.93582202494144 60.42841663211584 1.018895864486694 1.484708040952682 1037.620861575007 0 24.7685559168458 6127.931246012449 283.9467491656542 967.2543864101171 0.4022263363003731 582.9467891678214 102.3813023269176 10272.91446398944 43.50178079307079 1.000427931547165 7604.552120484412 9335.875019468367 319.2521384134889 241.2045382633805 2348.946297869086 11.57854542136192 10.87131306529045 7.332788318395615 986.7762072756886 29.30560135096312 2365.059434324503 4086.83097191155 2226.715016253293 1075.059763118625 60.54132328182459 15.89373040944338 22.86032927036285 10.92676880210638 0.2303430810570717 176.0616336986423 915.3733341768384 0.1860043704509735 0 0.3185610398650169 10.22439321130514 5.801372386515141 3.51913420855999 0.7182365953922272 0.603782057762146 0 2.093328937888145 7.608404234051704 0.2825013697147369 35.06745532900095 72.60609936714172 1.544341169297695 31.27588444948196 0 2.399393945932388 78.81773071736097 66.83856509625912 25.67751561850309 6.954697720706463 403.9579148069024 3406.49380081147 14.28517444431782 0.5790496319532394 5.081078641116619 2.610592283308506 0.1651701778173447 0 23.73745837807655 7.233901113271713 107.4573134109378 25.556097663939 82.2130738645792 31.76755756139755 1.096301026642323 0 0.1882113665342331 0.1816758066415787
0.7779226526618004 0 0 1564.568278700113 1.957184478640556 56.41166680306196 80.02392619103193 14.66160109639168 537.9608259946108 4028.707179866731 5.239269845187664 2902.328554019332 0.2761418744921684 10.40792586654425 41.4633852019906 0 0 0.3161284476518631 0.5709703415632248 2942.415546119213 0.2169315218925476 0 0 1406.837255820632 0 0.1547525823116302 0.3274763226509094 4213.684863716364 15.66018865257502 0.2383260205388069 0.09952362626791 4.944637522101402 0.1453607529401779 5.447074882686138 3.098742231726646 93.54427916556597 0.473474845290184 24.38679769635201 4.068033933639526 156.5245280638337 6.315777011215687 0 1.398187339305878 0 0 0.1010114178061485 82.36337999254465 0 3.520008154213428 71.1150585860014 0.2221386656165123 119.986988954246 142.3082093819976 0 49.99028429389 0 1.515753924846649 6.113953530788422 0 0 0 0 96.52512484788895 0.2755341529846191 0.3799129575490952 0 222.2183119505644 0 0 0.3633200153708458 216.8177778348327 2.592196062207222 0.533397376537323 0 0 0.1137675866484642 3.196162953972816 0.7589848935604095 10.84024745225906 0 4.887970700860023 1.482256442308426 53.1436981856823 0.3691278100013733 0 0
0.2020353972911835 0.1415941715240479 0.3608052134513855 1.957184478640556 198.3580425530672 461.4878701418638 5.499936178326607 16.90969030559063 99.41489105671644 19.08664453029633 35.07003443688154 236.1280850246549 0.7053948268294334 2.326532542705536 3167.189960636199 0 0 2.938346907496452 0.9807753562927246 14.12672375887632 0 1.023078396916389 0 31.40864659845829 0 0.2233346924185753 1.355290874838829 9.250895015895367 0.4873863086104393 0.63376384973526 0 401.5919979512691 0 318.7240013182163 0.2120356559753418 41.59762787073851 0.7969939112663269 49.81767144054174 7.722710356116295 1665.103327862918 71.49459339678288 1.983270592987537 0.7485900223255157 0 0 0 0.1115038320422173 0 0 0.1073550209403038 0 0 0 0 0 0 0 0 0 0 0 0 0 0 0 0 0.3550418391823769 0 0 0 1.972070127725601 0 0 0 0 0 0 0 0.1885952949523926 0 0 0 1.800769329071045 0 0 0
7.772794470191002 0.9307998195290565 94.85682880878448 56.41166680306196 461.4878701418638 9566.666888803244 2689.057348653674 6090.987653248012 214.4669232144952 9394.231940358877 289.1057187020779 4964.073469139636 12.12087449431419 447.0290506705642 1531.05827306211 0.2680236622691154 39.89273738861084 32.1134984344244 17.94950796663761 266.2169019803405 13.46498059481382 3.800509825348854 30.75130194425583 139.3083848357201 0.7735530287027359 30.73250169306993 24.04813676327467 879.3085653558373 309.7957562580705 49.20277693867683 5.275565966963768 834.574715487659 9.540304765105247 397.218723744154 25.99639441817999 705.4194013923407 24.08342202752829 543.8807346746325 102.2204963341355 3565.08185082674 199.1522516161203 8.128075659275055 15.25773675739765 0.7206182479858398 0.157633438706398 0.5435107946395874 24.87057794630527 0 6.552645713090897 51.78919921815395 1.10199611634016 30.55621635913849 63.37766311317682 0.7722335606813431 33.51639521867037 1.899687886238098 1.682140938937664 6.605281174182892 1.578817188739777 0.1090278029441833 0 0 33.44744573533535 0.6341812089085579 0.9186365306377411 0.3031230419874191 144.4112505689263 0.1049267947673798 0.8538529798388481 3.458241820335388 145.6304975301027 3.517112337052822 3.513920411467552 0.1141193360090256 0 0.3540889322757721 2.263426691293716 2.356838047504425 26.51467005908489 0 2.725278466939926 1.720397457480431 62.40668937563896 0 0 0
1983.386178076267 19.63447105884552 2333.152817815542 80.02392619103193 5.499936178326607 2689.057348653674 13729.44194994867 5390.819525465369 723.3696643635631 7293.309933006763 193.839907348156 117.7146888524294 11.06762634962797 8957.130797281861 38.63753732293844 72.41698464751244 355.395420782268 69.83259772509336 76.01212217658758 28.033168181777 874.2093426883221 199.3472284600139 1397.089091300964 1721.250554978848 7.489699631929398 351.4774059504271 693.7416047900915 19740.71542304754 2940.272645369172 4547.997384801507 7.072725147008896 82.53330682963133 206.8469138890505 931.3100798204541 270.7078685685992 6152.506885550916 359.831001482904 3360.106417313218 1375.943346358836 503.7743617892265 296.7021777927876 11.22225373238325 80.33078429847956 3.04461195319891 4.607456378638744 26.12148934602737 75.12697454541922 0 10.07330004870892 564.8546328321099 7.192158028483391 318.6675902754068 202.0920079946518 8.444687455892563 38.39914324879646 3.352731689810753 25.52136051654816 5.699746668338776 107.3171049654484 3.356740288436413 0.4028323888778687 1.689007200300694 90.22862450778484 41.6062078922987 114.8691689893603 30.86125855147839 1613.493952430785 0.6721361428499222 12.98956178873777 105.8723848164082 1246.493733987212 53.35796497762203 203.5681104809046 0.1327672898769379 0 7.532049670815468 43.60638383775949 36.29197971522808 260.9346015378833 8.99814173579216 102.572540178895 40.50782985240221 86.14378079771996 5.094734728336334 1.915656208992004 1.083072185516357
127.5889231041074 2.876571543514729 1314.506745956838 14.66160109639168 16.90969030559063 6090.987653248012 5390.819525465369 19249.75106626749 17.70247841626406 3783.198509328067 458.510315053165 364.9228406324983 18.01556792110205 6089.011445820332 52.02224689722061 0.9080663546919823 713.6258627474308 117.9932402893901 264.8491894677281 91.35391411185265 148.8987645208836 2.307089380919933 509.6251055747271 21.22708009183407 5.183650605380535 235.5181137919426 201.8068965002894 183.0098047554493 784.8839755654335 1242.864919349551 9.927159003913403 631.520222119987 32.5119424238801 583.9344499260187 28.19835347682238 619.9056258872151 184.0232222676277 788.2617487683892 184.3893821164966 484.2774556130171 147.930718831718 9.4029381275177 9.452380403876305 0.3379128575325012 1.795026227831841 6.06591908633709 1.646084323525429 0 0.5839031338691711 23.17042451351881 0.4643479958176613 12.42796923220158 3.315602004528046 0.1530455350875854 2.716363728046417 1.720940440893173 0.9521618187427521 0 3.962728708982468 0.552984707057476 0 0.7666366249322891 1.079040296375751 0.806702196598053 5.137597180902958 1.104249149560928 75.78124149143696 0.808846689760685 12.41437185555696 27.678701415658 62.64143605530262 1.495467610657215 13.24993078410625 0.4109967350959778 0 0.2251953780651093 2.105895765125751 3.672813937067986 16.62314441800117 0 4.094439476728439 0.8741212412714958 3.328551806509495 1.53314334154129 0 0
2.588747382164001 424.1104159280658 2.622523196041584 537.9608259946108 99.41489105671644 214.4669232144952 723.3696643635631 17.70247841626406 1984.447400391102 688.8542122766376 17.23243390768766 844.4374677240849 46.23406238853931 12.95006822794676 594.015271961689 11.04934296011925 6.833101697266102 0.7372816801071167 1.69191087782383 875.6493923440576 26.39219687134027 3417.520635008812 5.930141128599644 12299.38764576614 131.1275572776794 23.96858537942171 554.2336607947946 1975.648870415986 35.15626005083323 149.2636945024133 8.193630918860435 4.616017542779446 0.8246400877833366 11.24042474478483 4.29739947617054 108.173860758543 14.28319241851568 46.26095494627953 10.12677881866693 485.0613888651133 11.75698914378881 4.044594027101994 0.5728674978017807 1.580424778163433 0.6245857328176498 2.842667616903782 168.0392492190003 0 5.552535153925419 150.7806873992085 1.921425849199295 254.9714406132698 200.689505495131 0.7507936805486679 164.1382672190666 1.916324466466904 12.97505063563585 31.88300856947899 178.4016446694732 1.644726067781448 0.5246617496013641 1.604125291109085 182.5219945684075 76.62727880477905 49.70185999572277 15.24115142226219 1703.736347638071 0.2460082024335861 4.776093363761902 17.53295366466045 734.8489831984043 33.15203252434731 223.7051916792989 0.2968471646308899 0.1626678556203842 7.367543302476406 29.3992156162858 1.488672077655792 127.5674713104963 4.709557943046093 47.14331175386906 16.57696159183979 82.83088660240173 0.6904749870300293 0 0.2714264690876007
14.29585164785385 1.168410040438175 10.93582202494144 4028.707179866731 19.08664453029633 9394.231940358877 7293.309933006763 3783.198509328067 688.8542122766376 24165.73230995238 439.671251244843 5791.056082449853 22.50076464563608 1307.616252563894 122.8488596826792 0.9344020262360573 4.83322835713625 67.26953233033419 17.68072618544102 5694.834747590125 2.777676537632942 3.494991317391396 6.512268051505089 611.8930678889155 1.227526225149632 33.05348971486092 19.47482374310493 5826.76724562794 1026.217502571642 9.548666834831238 13.29709800332785 248.2156286761165 3.150796830654144 522.161073371768 57.12271308153868 2807.924747340381 38.51132170855999 2119.268262833357 177.3791728913784 1301.684528321028 481.239340364933 16.64400554448366 85.74591965973377 0.308832585811615 0.1055936068296432 1.133200228214264 220.5059169307351 0 14.22686698287725 381.6107695102692 4.157069362699986 245.9464844614267 440.6042163074017 0.5374361574649811 193.3408209681511 0.5542884692549706 4.855722159147263 33.77999132871628 3.419504925608635 0.1346664875745773 0.2429152429103851 0 273.24775595963 0.5506879240274429 2.23718985915184 0.6606071442365646 883.7766305655241 0.1030899286270142 0.6546510010957718 2.208345994353294 886.8465987592936 13.0054978504777 6.084710955619812 0.2828570902347565 0.3768931925296783 1.417328953742981 15.95517601817846 8.949104368686676 93.84067519009113 6.324189931154251 36.42439825832844 10.73565386980772 224.0300111025572 4.902117490768433 0 2.760580003261566
23.00045117735863 478.8767288550735 60.42841663211584 5.239269845187664 35.07003443688154 289.1057187020779 193.839907348156 458.510315053165 17.23243390768766 439.671251244843 10874.5369591862 240.0503634661436 1629.735756576061 475.5514540746808 11.81160615384579 5.074776291847229 788.475166529417 3613.087384440005 275.4930854663253 53.42518968880177 64.79730296880007 86.46336457878351 101.7905142903328 33.14946553111076 1755.910840883851 705.3568355962634 470.7079322710633 39.58395379036665 1113.817167267203 54.29105406999588 247.5444867014885 774.8846511095762 10.12027967721224 8413.486184209585 141.0872648581862 5407.562709182501 9061.22489438951 9077.003674976528 1865.707503400743 374.7968978956342 187.6087135076523 868.295882217586 20.02658226341009 0 13.55715354532003 0.7633854746818542 0 0 0 2.061718456447124 0 4.150770239531994 0.3076793178915977 682.6320471614599 0 1420.863633304834 0.5052507966756821 0 0.6524719595909119 0 110.6843099594116 22.93101781606674 0 0.3917843326926231 3.616335988044739 0.12351243942976 13.68179842084646 342.2915385439992 399.9155399873853 232.5737187191844 9.935056112706661 0.3835397884249687 1.732691019773483 260.4078403487802 0 0 3.617036238312721 8.445666432380676 188.1403434500098 491.2571655064821 73.36914537101984 40.00753580033779 8.465295910835266 7.803253650665283 242.8424566984177 3.208943605422974
0.1621233373880386 1.346834570169449 1.018895864486694 2902.328554019332 236.1280850246549 4964.073469139636 117.7146888524294 364.9228406324983 844.4374677240849 5791.056082449853 240.0503634661436 11518.20312993228 13.98846471309662 261.4158251583576 1945.54206392169 0.2422579824924469 0.5212468057870865 26.40825367718935 5.542742155492306 6758.261652849615 0.2957027703523636 2.796301752328873 0.5722680762410164 610.9165038987994 1.54485347867012 13.63084910809994 8.159326754510403 851.9601774662733 240.9496786817908 1.361682966351509 4.848400339484215 178.4717852175236 0.2326575070619583 154.74656368047 10.1758691072464 849.3858161866665 11.09929771721363 527.0629413351417 23.23203942924738 2846.801066197455 144.6735252812505 4.193770706653595 10.05416872352362 0.1365662962198257 0.117185927927494 0 86.24888996034861 0.2647234126925468 7.877256281673908 48.40299042314291 0.4382992386817932 75.69539055973291 155.8158170506358 0.1660889536142349 155.3717017769814 0 0.5844388529658318 44.28160390257835 0 0 0 0 113.5013380348682 0.65787672996521 0 0 130.6561871021986 0.2295796349644661 0 1.239629089832306 154.5265782997012 3.337767116725445 0 0 0.125798687338829 0 1.46454268693924 2.581145465373993 51.77473069727421 0.1354434788227081 5.799717620015144 2.160559147596359 223.9937633872032 0 0 0
0.4122128859162331 904.9863613396883 1.484708040952682 0.2761418744921684 0.7053948268294334 12.12087449431419 11.06762634962797 18.01556792110205 46.23406238853931 22.50076464563608 1629.735756576061 13.98846471309662 2999.690706141293 17.2754262983799 0.6344470828771591 1.81089399009943 3.257346525788307 34.67017365992069 3.344546958804131 1.961349010467529 1.821047976613045 239.4493610411882 1.828617051243782 73.68000513315201 3182.924065470695 52.92994920164347 3065.422592289746 5.085483610630035 31.90445470809937 1.677121117711067 339.952434450388 23.28709855675697 0.1262375712394714 319.4218319505453 5.701387710869312 270.0266395509243 3097.878583520651 1485.190744131804 245.6309766620398 19.3023119866848 5.647845543920994 1131.325003668666 0.7635298147797585 0 34.77699203044176 0.3375263810157776 0 0 0 0 0.1885174363851547 0.23492032289505 0 830.2214294299483 0 3034.669347174466 0.4047384411096573 0 0.2798500061035156 0 142.1566888168454 20.5092164427042 0 0 5.1332096606493 0 1.638103269040585 630.2415883243084 756.3723526969552 415.6824495196342 0.135454535484314 0 0 517.9972553253174 0.169854462146759 0 3.318835511803627 0 10.62683781981468 551.3748695403337 9.371474929153919 9.622946083545685 0 0.1035785973072052 101.6754261255264 0
5794.877043858171 2.9233742877841 1037.620861575007 10.40792586654425 2.326532542705536 447.0290506705642 8957.130797281861 6089.011445820332 12.95006822794676 1307.616252563894 475.5514540746808 261.4158251583576 17.2754262983799 15426.28693374991 6.372387669980526 0.9774687513709068 927.4879817217588 154.7412182167172 331.4835842102766 86.23673684149981 172.5387335047126 2.210510984063148 580.7113080471754 29.78848423808813 2.133319869637489 205.879674166441 176.9125359877944 147.2271168380976 3964.285380758345 3623.187012024224 10.34234926104546 134.5033450499177 32.36100715398788 1027.123941808939 11.78955394774675 331.5425742045045 138.0637262687087 904.522824794054 93.78442895412445 113.0953351184726 73.77914597839117 7.864811897277832 7.212113119661808 0.1523256897926331 2.018078938126564 2.834637440741062 0.7814870253205299 0 0.09043794125318527 9.573817238211632 0 10.96216071397066 0.2050942182540894 0 0.483827643096447 0.3790131062269211 0 0 16.37970583885908 1.064234711229801 0.3979756981134415 3.44079527258873 0.5763170272111893 6.11456723511219 12.56190717220306 3.227335870265961 73.02625568211079 0.2202631011605263 11.4625399261713 25.28329887241125 56.98416256904602 6.404389508068562 34.18038611114025 0.73531524091959 0 0.5480597540736198 2.605303019285202 0.3023368418216705 16.22763670235872 0.2131057530641556 6.074665285646915 1.817350842058659 2.698015034198761 0 0.112673707306385 0
0 4.060999684035778 0 41.4633852019906 3167.189960636199 1531.05827306211 38.63753732293844 52.02224689722061 594.015271961689 122.8488596826792 11.81160615384579 1945.54206392169 0.6344470828771591 6.372387669980526 532.8780977874994 0 0.3825764656066895 0.2499393969774246 0.2910192608833313 228.8775020688772 0.1170117929577827 26.48892929404974 0 658.7737170159817 0.9891569763422012 0 6.248112075030804 80.63373324275017 6.45773770660162 0 0 661.6677395328879 0.1067784205079079 172.8871727883816 8.67263101041317 258.5976917743683 0.3040248304605484 14.29586359858513 1.026262558996677 1526.889228478074 215.9523807540536 0 0 0 0 0 3.841971769928932 18.77186441421509 0 2.501323945820332 0 4.453433468937874 9.240486599504948 2.962686777114868 3.234152466058731 0 0 4.727070331573486 0.8962529897689819 0 0 0 5.095343828201294 0 0.2188912332057953 0 10.16152453422546 0 0 0.5544471442699432 14.37242225557566 0 0 0 0 0 1.178815841674805 144.7912087142467 7.30109666287899 0 8.328403472900391 40.50963115692139 37.75630760192871 3.098238468170166 0 0
0 106.5345960557461 24.7685559168458 0 0 0.2680236622691154 72.41698464751244 0.9080663546919823 11.04934296011925 0.9344020262360573 5.074776291847229 0.2422579824924469 1.81089399009943 0.9774687513709068 0 3703.860851399601 25.70418837666512 0.7131216004490852 2.114157848060131 0.4840741157531738 1285.560176409781 3969.906515687704 1403.848012216389 2803.422753930092 12.4170628041029 19.84409514814615 5489.037202939391 1341.78634314239 5.27874281257391 71.00143198668957 1.02926030009985 0.8770535439252853 0.251533105969429 65.04901821166277 39.32390062510967 1409.250250257552 185.2557962834835 475.4777314215899 587.1435953900218 134.4427284896374 2.456808239221573 1.881883904337883 21.09854711592197 0 6.302405491471291 120.0543652176857 0.1256181001663208 0 0.09667568653821945 12.65051805973053 0.5442928448319435 1.15106512606144 0.1240722388029099 0.3816893994808197 0 2.11072438955307 3.130965545773506 0 1911.644378006458 7.756234906613827 0.3280835449695587 3.661864578723907 0 114.8876944333315 841.8583754226565 1037.21843457967 108.9558304473758 0.5044555068016052 13.42278099805117 1101.693882599473 65.48913064599037 1.89966706931591 22.01680445671082 0.514653392136097 0 2.262140445411205 17.83873191475868 4.89356629550457 140.7140026763082 14.90543921291828 66.88710294663906 83.72770630568266 11.13372331857681 0 0 3.992824614048004
250.5047079697251 109.7460386753082 6127.931246012449 0 0 39.89273738861084 355.395420782268 713.6258627474308 6.833101697266102 4.83322835713625 788.475166529417 0.5212468057870865 3.257346525788307 927.4879817217588 0.3825764656066895 25.70418837666512 993.3914477825165 400.998343102634 4630.453610658646 0.2114352807402611 570.404329188168 22.36822312325239 4127.128353334963 34.09321414679289 4.20029616355896 2539.678252570331 4362.367066599429 66.64866867661476 874.5747619941831 1523.229320727289 1.336733445525169 8.059177383780479 45.36997433006763 1543.501928031445 2.466964520514011 208.6970936581492 3837.056270115077 683.0368873476982 154.0776222795248 7.353750847280025 2.498095571994781 38.14506827294827 1.423107378184795 0 94.13460664451122 111.5516222417355 0.1333911865949631 0 0 1.64820172637701 0.4970942437648773 1.747320704162121 0 0.3306058496236801 0 5.493960745632648 1.56237904727459 0 18.0048658400774 22.94501298666 2.763114124536514 130.1819794476032 0 2.289180129766464 12.25483462959528 4.333618305623531 9.944533593952656 3.795672550797462 561.4065792709589 940.209715783596 5.014320015907288 0.4935047775506973 1.808874025940895 1.95192102342844 0 0 3.766542881727219 0 13.75710961222649 7.550531007349491 21.82144899666309 8.050270348787308 0 0.9393538236618042 0.2300565391778946 0
17.97658517956734 3.663399010896683 283.9467491656542 0.3161284476518631 2.938346907496452 32.1134984344244 69.83259772509336 117.9932402893901 0.7372816801071167 67.26953233033419 3613.087384440005 26.40825367718935 34.67017365992069 154.7412182167172 0.2499393969774246 0.7131216004490852 400.998343102634 283.9369117245078 569.8700289949775 7.381244137883186 16.20236250013113 3.266875736415386 186.8897293061018 3.077509142458439 50.04579513520002 2574.359086930752 589.432836920023 11.5035537108779 295.4097581133246 39.23604745417833 149.6376342177391 84.92900354415178 6.893563710153103 1605.577330186963 5.223935835063457 963.7558341547847 1350.168955907226 3184.565268404782 691.4064212366939 31.58377048373222 4.974742949008942 4.979935139417648 5.808523766696453 0.1406547427177429 4.310700625181198 1.936258770525455 0 0 0 0 0.1300064027309418 0.2230811417102814 0 10.91531671583652 0.2305579259991646 90.56642282754183 0.1047099009156227 0 0.6823388710618019 0.4711466357111931 69.66815802454948 67.96476120501757 0 0.1103875935077667 0.6053138300776482 1.668535239994526 1.77688879519701 25.94379963725805 243.0646809712052 225.5410998910666 0.6274642646312714 0.1145685762166977 0.4576893746852875 55.94639219343662 0 0 1.139961466193199 0.567377083003521 3.204669333994389 9.446411862969398 3.624473012983799 3.047006204724312 0 0 0.1169905140995979 0
73.41889568418264 33.51024702191353 967.2543864101171 0.5709703415632248 0.9807753562927246 17.94950796663761 76.01212217658758 264.8491894677281 1.69191087782383 17.68072618544102 275.4930854663253 5.542742155492306 3.344546958804131 331.4835842102766 0.2910192608833313 2.114157848060131 4630.453610658646 569.8700289949775 3375.866872690618 2.005059763789177 45.04930965602398 5.872760139405727 724.2644089832902 5.275437988340855 8.182559654116631 2741.602106243372 857.7516315430403 12.47300036251545 385.6062618866563 181.4831177070737 8.766548544168472 26.28293889760971 22.65572164207697 2703.657737962902 4.121829658746719 719.1999902129173 1475.166202291846 2189.734132230282 384.3576632365584 13.12594059109688 2.767083317041397 63.27497855573893 3.68348466604948 0 29.48051996529102 9.187517940998077 0 0 0.09706789255142212 0.7655918374657631 0.8338107988238335 0 0.1058433353900909 1.729791909456253 0 15.31568789482117 1.305000729858875 0 2.215345464646816 6.37807123363018 27.25525710731745 252.8931180462241 0 0.3672047257423401 2.348034046590328 0.3349762186408043 2.127652391791344 9.572709061205387 427.2468235343695 518.8067298606038 0.6743480935692787 0.3007203564047813 0.4617470055818558 10.4780830219388 0 0 2.711550809442997 0 7.05417188256979 10.77507898211479 10.27926625311375 2.541042849421501 0.3274235427379608 0 0.7194197028875351 0
0.6237923949956894 0.2646158114075661 0.4022263363003731 2942.415546119213 14.12672375887632 266.2169019803405 28.033168181777 91.35391411185265 875.6493923440576 5694.834747590125 53.42518968880177 6758.261652849615 1.961349010467529 86.23673684149981 228.8775020688772 0.4840741157531738 0.2114352807402611 7.381244137883186 2.005059763789177 765.2935395687819 0.2069831937551498 0 0.2620379626750946 595.1554274708033 2.386753261089325 1.995825372636318 2.022474087774754 2158.585367098451 84.84316872060299 1.156635448336601 1.238328203558922 31.75990869104862 0 47.90748915821314 2.837605051696301 367.4734143167734 3.13818147033453 200.1638830155134 15.95110084861517 747.5135731697083 47.76722626388073 1.653060927987099 9.402896083891392 0 0 0 138.0092144832015 0 4.889274701476097 135.2216692641377 3.401587292551994 146.8330314010382 233.8646057471633 0 140.2800855115056 0 3.645526647567749 32.18816611170769 0.1328237950801849 0 0 0 168.23811314255 0 0.6329432129859924 0 318.3504551649094 0 0 0.7500870153307915 358.6925683841109 4.699626497924328 0.371275931596756 0 0 0.2915123924612999 2.016108460724354 0.7657456398010254 29.0316780731082 0 5.33445780724287 6.321330174803734 165.9888142943382 2.372295290231705 0 0
51.81358051300049 5.064739443361759 582.9467891678214 0.2169315218925476 0 13.46498059481382 874.2093426883221 148.8987645208836 26.39219687134027 2.777676537632942 64.79730296880007 0.2957027703523636 1.821047976613045 172.5387335047126 0.1170117929577827 1285.560176409781 570.404329188168 16.20236250013113 45.04930965602398 0.2069831937551498 14149.17192345113 140.5642432570457 13744.44889241457 191.7231874987483 2.018963351845741 39.31767775863409 1807.143277384341 1860.349234685302 303.2149851173162 11155.56980190426 0.3479383885860443 2.475008994340897 39.19788528978825 2798.089497849345 203.4352525249124 6139.703046523035 1093.689586691558 7625.741643838584 3228.734731152654 693.2179728299379 20.33568524569273 8.261445187032223 108.4765840992332 0.3922449499368668 0.5124522000551224 15.54307498782873 0 0.8385621309280396 0.07928688079118729 4.598287962377071 0.4472522214055061 3.245575666427612 0.3460142314434052 0.8322671726346016 0.2766735553741455 0.3351513221859932 1.830938890576363 0 869.686914049089 3.607033669948578 0.1332480758428574 1.585456661880016 0 254.8798381760716 374.0059557780623 219.8804464265704 117.4570334777236 0 6.272861428558826 81.66919982433319 124.4146755710244 13.08655443042517 155.3452682420611 0.1213837340474129 0 4.724825479090214 16.93765581399202 20.66589862108231 120.1120331659913 13.39351649582386 37.25935759395361 24.85310459136963 3.605880260467529 0.5205785185098648 0 0.7024498581886292
0.3617749735713005 3508.499793060124 102.3813023269176 0 1.023078396916389 3.800509825348854 199.3472284600139 2.307089380919933 3417.520635008812 3.494991317391396 86.46336457878351 2.796301752328873 239.4493610411882 2.210510984063148 26.48892929404974 3969.906515687704 22.36822312325239 3.266875736415386 5.872760139405727 0 140.5642432570457 1498.071225397289 428.2272751256824 9051.601602338254 731.9789522364736 75.82824332267046 9598.035632565618 687.7324688360095 5.521693982183933 75.84066245704889 28.4651014059782 0 2.074544198811054 24.14793092012405 0.1701314896345139 86.38791435956955 78.14636781066656 68.17558544874191 31.30099853128195 38.6075786203146 0.4199377596378326 25.23528861254454 1.288528874516487 0.2367075383663177 43.6085494607687 110.4481501951814 2.03057973086834 0 0.3770459368824959 8.101304166018963 0.5664349645376205 6.662306308746338 0.5682557821273804 2.330472335219383 0 6.572198078036308 1.974715642631054 0 1295.112858384848 5.503930740058422 0 7.748511262238026 0.1995083689689636 113.2322726398706 188.9599823206663 438.2176320403814 102.7928811311722 5.166344821453094 24.02983197569847 1741.040843836963 59.39905526489019 1.836612291634083 21.95313296467066 2.563824579119682 0 0.5313797891139984 8.935879208147526 1.775904327630997 83.09537156671286 14.08539953827858 42.41004043072462 26.48684990406036 6.88018698990345 0 1.013704538345337 1.103854671120644
154.0143500566483 12.18209550529718 10272.91446398944 0 0 30.75130194425583 1397.089091300964 509.6251055747271 5.930141128599644 6.512268051505089 101.7905142903328 0.5722680762410164 1.828617051243782 580.7113080471754 0 1403.848012216389 4127.128353334963 186.8897293061018 724.2644089832902 0.2620379626750946 13744.44889241457 428.2272751256824 14121.60671782494 659.5484245866537 0.9311519786715508 1091.786517523229 11128.25345853716 2118.754485495389 380.1799169033766 7294.923555001616 2.90089575201273 5.435911558568478 18.55076090991497 2584.824798263609 240.0635467171669 8561.609462819993 7365.298165567219 7950.733420200646 7127.572025083005 950.7256020382047 60.45793361216784 35.80317433923483 154.7551409900188 0 12.28689720481634 358.926380135119 0.1177122965455055 1.082119941711426 0.9330199956893921 26.19405619800091 1.982636518776417 1.099004246294498 0.2661198526620865 0.4773783981800079 0 0.8270942941308022 2.816905573010445 0 1861.423432283103 10.79335232079029 0.7940007746219635 7.609291255474091 0 77.91393303126097 593.3192323371768 1329.580106243491 142.4691214486957 0.7436215803027153 40.78729429095984 2166.319389589131 73.62931177765131 1.925123460590839 18.40708159655333 0.1049909442663193 0 0.4437559172511101 17.11042229086161 25.35350346565247 211.4833230450749 17.81931104511023 93.17882410436869 92.57307346910238 3.727520197629929 0 0.8219598084688187 5.530010089278221
5.263865597546101 934.3153270930052 43.50178079307079 1406.837255820632 31.40864659845829 139.3083848357201 1721.250554978848 21.22708009183407 12299.38764576614 611.8930678889155 33.14946553111076 610.9165038987994 73.68000513315201 29.78848423808813 658.7737170159817 2803.422753930092 34.09321414679289 3.077509142458439 5.275437988340855 595.1554274708033 191.7231874987483 9051.601602338254 659.5484245866537 10175.96511609852 216.2008172869682 64.84351018816233 4220.552318811417 6884.947089239955 106.9836965873837 177.4101808667183 11.11210363358259 4.28984984010458 21.45155870169401 116.1307438239455 46.51906670629978 1269.069611005485 210.1315333992243 409.8931863233447 207.1046883761883 1099.036473751068 24.05306779593229 5.692579090595245 9.018949046730995 7.304681114852428 11.27509375661612 38.49481109529734 229.3127865716815 0 22.60643910616636 739.1656502336264 11.21275733411312 1244.414898268878 425.0461865141988 6.170157380402088 105.1639116629958 8.3091941177845 25.42782689630985 29.81322949379683 817.5664501711726 6.984965980052948 0.8753712624311447 4.78612707555294 268.9678713083267 335.1920193433762 938.6146345213056 167.0915835648775 3518.424291044474 0.2958253175020218 21.68456934392452 214.6021665930748 2427.542162768543 115.0715791657567 558.543155156076 1.624686449766159 0.6170178130269051 22.11947892606258 100.627819314599 14.41508086025715 551.2413571998477 15.56191735714674 194.4173609167337 81.63724249601364 185.3041299432516 9.169037893414497 2.811966091394424 1.572245016694069
0.11358692497015 2256.791812099516 1.000427931547165 0 0 0.7735530287027359 7.489699631929398 5.183650605380535 131.1275572776794 1.227526225149632 1755.910840883851 1.54485347867012 3182.924065470695 2.133319869637489 0.9891569763422012 12.4170628041029 4.20029616355896 50.04579513520002 8.182559654116631 2.386753261089325 2.018963351845741 731.9789522364736 0.9311519786715508 216.2008172869682 344.7964900583029 226.9988462626934 5170.520209081471 17.64055773615837 2.783996574580669 12.05777353048325 223.3017492070794 1.719848893582821 0 166.4753317683935 1.946131274104118 1383.478268168867 854.7412988767028 823.4260108619928 104.5531416535378 80.52924036234617 23.71934185922146 1240.688029780984 6.503506943583488 0 111.1267361715436 1.556576021015644 0 0 0 0 0 0 0.1674596220254898 193.0954816713929 0 948.3067273497581 0.1830491721630096 0 1.033345013856888 0.3561267405748367 14.46804703772068 16.38149461150169 0 0 2.69495353102684 0.1641391515731812 0.6650150939822197 101.8731935471296 169.7688131928444 387.3432515412569 0.3538280501961708 0 4.970216497778893 102.415319159627 0 0 2.601877883076668 0 165.3983513265848 39.93892190605402 10.2241195961833 9.166307538747787 14.72266721725464 0 17.38764150440693 0
26.70883359014988 400.6581375598907 7604.552120484412 0.1547525823116302 0.2233346924185753 30.73250169306993 351.4774059504271 235.5181137919426 23.96858537942171 33.05348971486092 705.3568355962634 13.63084910809994 52.92994920164347 205.879674166441 0 19.84409514814615 2539.678252570331 2574.359086930752 2741.602106243372 1.995825372636318 39.31767775863409 75.82824332267046 1091.786517523229 64.84351018816233 226.9988462626934 16470.51957318187 10774.48940631002 65.04268242418766 187.3090996444225 107.4519382715225 158.3354494795203 37.08863580226898 9.564558684825897 969.38402146101 17.8748297020793 2325.706252366304 7106.4076718539 4157.723119467497 1100.476858727634 53.34610365331173 5.68850614130497 169.1647251844406 10.12093830108643 1.177119746804237 364.4967958182096 148.4787629023194 0 0 0 4.471812173724174 1.688998900353909 2.488480761647224 0.2398353517055511 71.54414946585894 0.9232099205255508 544.1678509861231 8.112174265086651 0 19.73299835622311 64.85337494313717 483.940741725266 1391.455001868308 0 1.036830142140388 26.3805495724082 5.564022250473499 14.38287035375834 274.2504404038191 4068.450933068991 4846.954377308488 2.404019951820374 1.690512888133526 1.664886869490147 312.785438850522 0 0.393131211400032 17.66690399497747 2.107386201620102 60.20424591749907 115.8531211465597 99.24521428346634 31.02979664504528 1.039331935346127 0 4.129852995276451 0.6048534512519836
33.76811644434929 9037.695086844265 9335.875019468367 0.3274763226509094 1.355290874838829 24.04813676327467 693.7416047900915 201.8068965002894 554.2336607947946 19.47482374310493 470.7079322710633 8.159326754510403 3065.422592289746 176.9125359877944 6.248112075030804 5489.037202939391 4362.367066599429 589.432836920023 857.7516315430403 2.022474087774754 1807.143277384341 9598.035632565618 11128.25345853716 4220.552318811417 5170.520209081471 10774.48940631002 28940.26119656861 2491.092402070761 195.2288123816252 140.6928976401687 411.1188459396362 24.61658410727978 12.60087273269892 2683.873806864023 114.8308252841234 7373.837133534253 3950.44203709811 8277.866853967309 3883.000381112099 259.1662217527628 40.09020852297544 74.59230570495129 54.09267801046371 2.798738926649094 1848.971204265952 2505.200296252966 0.8878367990255356 0 1.048449002206326 39.51755926758051 20.34055178612471 8.96558927744627 1.874912671744823 116.7509721592069 0.2047446593642235 959.4187594503164 27.51458063721657 0 797.6877001821995 207.7359872832894 447.1417222693563 1210.46154807508 0.1333875209093094 38.69872388243675 579.0036330744624 721.3510112091899 155.3833474740386 693.5329330638051 4394.413418672979 16612.436912328 83.39231916517019 5.99241066724062 16.53523989021778 451.6907072663307 0.3939028829336166 0.9783224910497665 67.28908748924732 10.49355066567659 362.6556643024087 228.326602704823 349.3007467314601 124.3807927146554 9.633955039083958 0.3566930443048477 9.012966819107533 1.803007751703262
23.43635379523039 56.44975859671831 319.2521384134889 4213.684863716364 9.250895015895367 879.3085653558373 19740.71542304754 183.0098047554493 1975.648870415986 5826.76724562794 39.58395379036665 851.9601774662733 5.085483610630035 147.2271168380976 80.63373324275017 1341.78634314239 66.64866867661476 11.5035537108779 12.47300036251545 2158.585367098451 1860.349234685302 687.7324688360095 2118.754485495389 6884.947089239955 17.64055773615837 65.04268242418766 2491.092402070761 10974.82662981749 470.1060765311122 9638.582965560257 1.241837084293365 10.74585371464491 121.6864408329129 870.5045519694686 162.0288817584515 4455.302819997072 356.8409979566932 2439.920548036695 1011.880876511335 485.8287725970149 61.90748760104179 15.34498873353004 40.90156938135624 8.093379765748978 3.878918386995792 39.47724861651659 233.5715176835656 0.6171874403953552 21.68546760827303 774.2047035396099 8.289959080517292 666.0414678826928 472.6584708467126 12.6978749781847 135.5461587905884 7.264568701386452 33.78911833465099 25.08911376446486 597.9083583429456 8.279676236212254 0.5234106630086899 2.917801484465599 274.5000465214252 281.2974888533354 456.3255616948009 98.19809675216675 2985.240790605545 0.3743250370025635 8.892199344933033 153.9392178803682 2266.706591121852 129.1735003292561 722.5169931948185 0.1286462396383286 1.070355892181396 26.28808391839266 80.7589743360877 21.65656332671642 477.6731850132346 14.75296850502491 186.5354824736714 54.79036794602871 188.3911759927869 4.835681542754173 4.494872212409973 3.373123086988926
4975.185581788421 3.87992562353611 241.2045382633805 15.66018865257502 0.4873863086104393 309.7957562580705 2940.272645369172 784.8839755654335 35.15626005083323 1026.217502571642 1113.817167267203 240.9496786817908 31.90445470809937 3964.285380758345 6.45773770660162 5.27874281257391 874.5747619941831 295.4097581133246 385.6062618866563 84.84316872060299 303.2149851173162 5.521693982183933 380.1799169033766 106.9836965873837 2.783996574580669 187.3090996444225 195.2288123816252 470.1060765311122 16927.91908071935 5247.674321003258 28.78279283642769 51.26180132478476 2533.246446482837 6039.43216239661 9.197752818465233 310.8919142335653 162.7453376799822 3088.376116044819 146.4261998832226 98.38634633272886 247.9674279019237 7.719223767518997 2.351433709263802 0.4566670432686806 1.8794836550951 3.134379677474499 0.9187996834516525 0 0 6.978331111371517 1.202762335538864 7.745444498956203 1.783525019884109 0 0 1.651386648416519 2.842738136649132 0 39.18980725854635 1.3643968552351 0.2334212064743042 3.575997784733772 0.2675229981541634 24.37155274301767 38.31309921294451 5.186920054256916 123.4097375050187 0.3963771089911461 12.87769424170256 23.0572497472167 105.2805600836873 7.331975094974041 61.25213675945997 1.337709024548531 0 1.623376183211803 6.497392997145653 1.153957158327103 34.01644821465015 0.7520747482776642 14.66579835116863 6.778511740267277 5.504460819065571 0 2.950883030891418 0.1950867176055908
