956.3219405934215 0.3454037383198738 250.754276946187 1.120994180440903 0 11.57152942568064 2762.950087353587 111.1708472967148 2.182554610073566 90.77762339264154 11.48950713127851 5.233184017241001 0.3330251276493073 4595.730608522892 0 0.3789607137441635 229.9152544662356 11.43015314638615 54.24903418123722 8.494217723608017 151.1669147387147 0.8581105247139931 194.4000267237425 12.51995296776295 0 29.9266462624073 29.78885665535927 37.63996280729771 3662.159716531634 2584.367544040084 0.09879437834024429 3.662134870886803 44.03031159937382 89.41264650225639 0.1966689378023148 67.51136272400618 56.63195145875216 42.88755884766579 17.85838694125414 1.723244734108448 0.2629479244351387 0.1255960613489151 0.1529103964567184 0.4441011548042297 0.0852043554186821 1.284286126494408 0 0 0.1235315129160881 5.777851067483425 0.7486534342169762 2.727044746279716 0 0 0 0.1399400383234024 1.917666614055634 0 2.221674546599388 0.5796000957489014 0 0.229498527944088 0 2.376680955290794 2.463731274008751 0.9802206680178642 8.552396200597286 0 1.386913172900677 4.984478645026684 17.01155254989862 2.521153077483177 3.47867451608181 0 0 0 0.3538366034626961 0.6600138992071152 10.09987089037895 0.4129445180296898 1.94225998967886 0.2306956052780151 0.778410792350769 0.5297988653182983 0 0
0.3454037383198738 132.5496403872967 236.6677697598934 0.4337874948978424 0.6849287748336792 0.1029377058148384 16.30498722940683 0.7543763145804405 409.2870274558663 0.4801719188690186 166.859357625246 0.8132432550191879 1227.625007010996 1.214556388556957 4.792501851916313 63.50209428369999 76.17154546827078 10.35725450515747 25.52657902985811 0.2752547115087509 10.17334441095591 2044.273716472089 11.96001955866814 562.3627476617694 1766.732484221458 430.8746216073632 9518.925099790096 57.98819345235825 1.800005316734314 15.44813078641891 49.58134135603905 0.3095491975545883 0.114203117787838 22.14732056111097 0.5024644732475281 49.52676099538803 136.6583922803402 181.0612241774797 31.51176142692566 16.98351450264454 1.932330206036568 301.0132879316807 0.1881800293922424 0.5772494450211525 42.04984307289124 69.2937628403306 0.2255827561020851 0 0 2.021311491727829 0.5080467313528061 1.199235983192921 0.140704482793808 2.443868190050125 0 50.04341285675764 1.452576205134392 0 8.59409024566412 16.04256616532803 2.272993706166744 17.5019943267107 0.1181695759296417 0.3837012499570847 21.00093122571707 3.44099435210228 6.001843757927418 24.66837230324745 393.3975533023477 1195.199927456677 3.349572286009789 0.3257903456687927 0.9945925027132034 9.982021763920784 0 0.156517505645752 5.982720360159874 0 19.17801275104284 9.496343903243542 19.22166042029858 1.735121861100197 0.1141528710722923 0.3864242732524872 1.813389018177986 0.8262239098548889
250.754276946187 236.6677697598934 4852.210018575191 0 0.1044215932488441 64.33980426937342 1917.27148797363 1037.348154850304 3.226889677345753 12.76119963824749 63.05821942538023 3.968342855572701 14.61242958903313 1020.475709497929 0 9.482874467968941 6250.4886322245 345.3006988167763 1148.30751773715 0.4974500089883804 794.9854930490255 24.31158159673214 11234.14904089272 42.25473066419363 0.8051275312900543 7436.399643413723 6338.409239605069 261.3569044098258 199.8286030218005 1525.698040902615 1.086386360228062 11.93482243269682 5.963416382670403 650.3198144063354 20.31963481754065 1809.131519243121 2135.300777800381 1336.256537236273 608.2108346149325 77.39951661229134 2.811015896499157 9.071884840726852 6.815007135272026 10.54018729925156 128.5159122347832 2545.750048056245 0 0 1.345153830945492 31.76559292525053 16.58843015879393 2.084201075136662 0.1249619275331497 2.485047817230225 0 6.988273650407791 44.47004713118076 0 42.38766546547413 212.1307482421398 2.488241374492645 57.00439811497927 0 19.50454238057137 110.500069975853 441.205918841064 17.61114234477282 7.456518933176994 516.461771517992 3537.628299623728 20.5967520326376 4.025814890861511 10.32617548853159 2.83540578186512 0 0 46.39074797928333 16.81020887196064 280.7782989293337 50.24961744248867 198.6906649768353 64.88444332778454 3.095183297991753 0 0 1.696509808301926
1.120994180440903 0.4337874948978424 0 1700.196638941765 2.81455984711647 40.16175590455532 78.77105417847633 7.999249093234539 799.7879019826651 4449.838645428419 0.8331357389688492 2264.009611241519 0.2195607572793961 11.75961969047785 97.26338527351618 0 0 0 0 2579.422716632485 0.1011213660240173 2.092722654342651 0 1195.71318821609 0.2252719327807426 0 0.6068442910909653 5053.472097493708 15.96051799505949 0.7832367569208145 0 0.9422975480556488 2.130631044507027 3.555446930229664 0.3342524468898773 49.50226641446352 0.2302317023277283 12.52139291912317 5.256592057645321 263.6896999552846 1.71906042098999 0 0.1473120301961899 0 0.3016171902418137 0 139.4391964524984 0 10.76051771640778 147.5609751194715 1.226237334311008 210.2949291318655 188.302788734436 0.684832863509655 73.77882883697748 0 2.112935900688171 0.1306895911693573 0.7738241404294968 0 0 0 195.7368308082223 0 0.9036848694086075 0 241.7551761344075 0 0 0.8268589675426483 317.8751572072506 2.802657887339592 0.112889364361763 0 0 0 1.830604270100594 0 13.78202746063471 0 3.249088779091835 0.3157097846269608 58.72350773960352 3.653617769479752 0 0
0 0.6849287748336792 0.1044215932488441 2.81455984711647 92.62710815668106 977.9782455936074 4.497190989553928 105.4126504063606 46.25369188189507 13.31279442459345 119.9602862149477 124.101657345891 93.72065806388855 13.2260926514864 1081.916434712708 0 0.1553880423307419 3.653093725442886 0.1599580496549606 5.618328772485256 0.1879958361387253 1.621424898505211 0 18.59875822067261 0 0.6157568097114563 1.207548752427101 5.142511703073978 250.152815297246 0.2417767643928528 0.1214511170983315 140.4526559710503 0.146770179271698 299.6919003874063 0 58.73950456082821 11.67296719551086 249.7389753013849 39.79396937787533 1603.549440890551 67.71921247243881 1.613281458616257 0.6745461225509644 0 0 0 0.1396838277578354 0 0 0 0 0.255971647799015 0.1230377405881882 0 0.1558642089366913 0 0 0 0 0 0 0 0.1507255584001541 0 0 0 0 0 0 0.1159705594182014 0.5170999765396118 0 0.5069984793663025 0 0 0 0 2.930324345827103 1.818188488483429 0 0.3296497464179993 0 0 0 0 0
11.57152942568064 0.1029377058148384 64.33980426937342 40.16175590455532 977.9782455936074 12979.36903969944 1935.131344780326 7694.59998357296 118.4772622361779 5199.021962583065 238.496550321579 3405.137675687671 185.0423934087157 703.2344510257244 1956.633172556758 0.1224168092012405 16.35708805918694 21.07157343626022 10.5797920897603 181.8203543424606 17.13033705204725 3.894868053495884 23.21321015059948 162.8025194481015 0.806498721241951 22.14570082724094 14.87736131995916 786.4598126634955 414.1678462699056 32.40189909934998 2.16527134925127 910.3908733576536 13.55284643918276 491.7076757699251 5.229231633245945 615.8288433402777 51.0178961828351 768.0623868256807 163.1707588881254 4462.508087232709 322.7525942325592 14.24492521584034 6.865060023963451 0.2237747311592102 0.2533923834562302 1.357702471315861 21.61844785511494 0 0.8122930079698563 67.45196150243282 1.449853792786598 43.87733971327543 32.7192031443119 0.1705603748559952 42.87182218581438 0.7380827665328979 0.3137388080358505 0.1320510059595108 0.7307229712605476 0.1101651638746262 0 0 38.54818521440029 0.2049540579319 2.16632866859436 0.5673680156469345 73.35403097420931 0 1.172354899346828 2.384465970098972 75.16126438230276 2.748879663646221 1.791171200573444 0 0 0 1.079381495714188 0.9640063047409058 29.50734385102987 0 5.233685247600079 1.803297027945518 38.72943884134293 0.5899264812469482 1.651083171367645 0
2762.950087353587 16.30498722940683 1917.27148797363 78.77105417847633 4.497190989553928 1935.131344780326 14394.75307099521 4549.070585757494 539.1603031232953 8609.648415520787 49.52258299291134 101.2107133045793 33.22573301941156 9427.489369951189 26.36634287983179 51.05043510347605 138.3179689720273 31.62920317798853 51.82700242102146 50.64086523652077 1382.28601898998 147.2068705335259 1894.350466474891 2264.923695400357 3.076952248811722 214.3012366592884 706.3404941856861 18512.74512547255 3279.35218372196 7150.580342948437 0.3363031893968582 54.6165614798665 535.7107867673039 1023.241840191185 93.69828183948994 4583.161616235971 178.5304008126259 1801.856715366244 1320.019448302686 273.7453186511993 98.08985222131014 24.31665950268507 42.19199384748936 9.256951503455639 3.026928059756756 36.86808919161558 77.43422218412161 0.4371518865227699 19.36491815745831 786.4697874635458 19.65739957988262 315.5052182450891 147.7989533543587 4.375569373369217 41.93953834474087 2.598151847720146 47.74632417410612 2.178233459591866 45.7620702907443 4.532400585711002 0.2900860980153084 2.040735833346844 84.98505228757858 33.28127838671207 55.54302030801773 42.52738503366709 790.1509588137269 0.1578776091337204 9.753513656556606 101.8354026228189 919.6015565767884 35.97159702330828 77.81490939110518 0.1789040267467499 0.8636788353323936 3.695366024971008 18.50993071496487 28.22904843091965 347.0019965320826 6.850135006010532 68.66530678421259 21.57120493799448 94.04750495404005 19.72296041250229 5.976477921009064 2.88892437517643
111.1708472967148 0.7543763145804405 1037.348154850304 7.999249093234539 105.4126504063606 7694.59998357296 4549.070585757494 18417.76829256117 54.03927034139633 3053.912350565195 204.4845282137394 579.9627377688885 127.0464048832655 7403.596149779856 66.58987205475569 1.730883419513702 461.1885632127523 53.44935006648302 144.5313308462501 141.1140054091811 268.3960789367557 7.890714764595032 464.6887955144048 68.13189191371202 0.9638731852173805 151.5317188054323 126.0323553457856 162.502825550735 777.0630453675985 811.7857457324862 1.654301188886166 1360.274366736412 39.62399090081453 408.6850939691067 7.773302800953388 544.3283601179719 199.0123962908983 655.122943341732 209.0329290255904 666.9306653738022 227.6594717055559 8.670399583876133 7.635972768068314 1.258715599775314 0.7295340299606323 12.72418713569641 3.475809670984745 0 1.503900676965714 102.0001382604241 1.893571332097054 30.84149082005024 11.18664363026619 0 8.416955657303333 0.1692372411489487 8.560921803116798 0 7.341670095920563 1.482868507504463 0.440832108259201 0.4736051261425018 5.550774827599525 4.435015887022018 6.042336441576481 5.543664306402206 81.79282634705305 0.1514590978622437 3.455097503960133 23.86951855570078 110.7152519673109 6.751650504767895 14.6049642637372 0.1692935526371002 0 0 2.7808603271842 3.153795130550861 30.79782728105783 1.403045758605003 4.927457496523857 3.062547408044338 5.342586815357208 1.732106924057007 0.2350478321313858 0
2.182554610073566 409.2870274558663 3.226889677345753 799.7879019826651 46.25369188189507 118.4772622361779 539.1603031232953 54.03927034139633 1504.696458548307 309.6240221187472 4.498660154640675 890.6509431228042 27.59730666130781 30.66645465791225 567.5993701070547 42.8007503375411 6.609267860651016 1.72552478313446 2.337268501520157 601.9011207595468 104.0716128796339 3012.791443772614 19.10797629505396 11579.06579425931 59.93232596665621 35.64150939136744 955.1202080622315 2258.488670893013 30.02036563307047 204.7438643425703 1.103839829564095 1.360930323600769 3.060755953192711 20.34206652641296 3.31740890443325 119.1409939900041 15.34334181249142 33.85144606232643 14.57937457412481 725.4571229442954 5.741973906755447 8.144710265100002 0 11.22148311883211 0.9398626387119293 2.445802286267281 78.45103538036346 0 4.244544297456741 164.7383772283792 14.81650151312351 143.0069409906864 62.64980389177799 2.014172196388245 25.1006153896451 0.1605324745178223 37.84038651734591 3.259119413793087 236.2107657641172 3.2558578774333 0.365912638604641 1.66459558904171 75.2528788074851 145.6707186549902 18.53856915980577 54.09354674816132 773.2597338706255 0.445916436612606 5.554749228060246 16.52014971524477 493.8766966760159 28.77026505023241 155.9978042393923 0.3740225806832314 0 6.467002615332603 15.35957752913237 6.960881441831589 159.8021924644709 9.925220899283886 35.08385828882456 17.63807648420334 22.84509262442589 2.039725705981255 1.136383652687073 0.2127138823270798
90.77762339264154 0.4801719188690186 12.76119963824749 4449.838645428419 13.31279442459345 5199.021962583065 8609.648415520787 3053.912350565195 309.6240221187472 28315.62562898546 125.3202237784863 5811.371828109026 63.43871772289276 1739.048055380583 95.25283639132977 0.7289344966411591 5.310312427580357 28.58306440711021 14.11393015831709 5896.215445540845 4.311231173574924 3.620190262794495 8.685977198183537 720.7352134659886 0.3308283537626266 14.86018371582031 18.24951615184546 7197.30781711638 1594.744866944849 24.27338333427906 2.318766571581364 115.0799099877477 53.93420765548944 731.00167709589 17.48431427776814 2252.866202771664 61.81655883044004 1133.87137708813 355.0997855737805 562.7328684851527 82.45214280486107 14.87676728516817 22.49371080100536 1.474227733910084 0.1971029490232468 0.2582926526665688 213.641838349402 0.2868486642837524 19.61870687454939 483.4275411218405 6.5097880885005 203.5919142588973 395.1583472415805 0.3866231441497803 149.1970130577683 0.4075483381748199 9.500887386500835 1.377306178212166 1.724708430469036 0 0.3107388019561768 0 276.393863491714 0.4168006330728531 1.766277447342873 1.719971098005772 444.3544941097498 0 0.4231038168072701 1.367805503308773 626.4642859250307 9.926316626369953 7.288738995790482 0 0 0.629429891705513 3.791818402707577 5.992736369371414 95.69627819955349 0.8472279161214828 26.77520331740379 7.266569137573242 102.6120782792568 7.285209834575653 2.255627855658531 0.8815231919288635
11.48950713127851 166.859357625246 63.05821942538023 0.8331357389688492 119.9602862149477 238.496550321579 49.52258299291134 204.4845282137394 4.498660154640675 125.3202237784863 10859.66964598745 107.526605039835 3452.80228421092 473.6402720585465 33.51938140392303 3.724799089133739 366.1180703118443 2667.38097435236 373.1486441046 25.54865995794535 63.29683542996645 18.04922439903021 59.53084637224674 16.79358454793692 595.3336199298501 1342.231555096805 875.3867247030139 16.86096725612879 902.410798214376 58.70855309814215 449.398704200983 432.9883013516665 4.098774202167988 7604.623205535114 12.75326246768236 912.0448890700936 6595.78309289366 5547.553071759641 1042.316547453403 78.52353583276272 272.515628837049 1068.521230556071 7.022410705685616 0 25.13722909986973 2.380761861801147 0 0 0 5.17242206633091 0.4375692903995514 1.012646600604057 0.23042381554842 200.4052342101932 0.7975418493151665 1283.030227541924 1.445125050842762 0 0.9762015268206596 1.902442798018456 101.9138829112053 28.43414533138275 0 0 3.940499186515808 0 7.937725648283958 245.2306761518121 334.8411390855908 277.4725012853742 7.47715625166893 1.206014841794968 1.808403372764587 99.483274564147 0.6785928905010223 0 4.036236315965652 4.493343412876129 21.49848742038012 203.8401902914047 48.76725997775793 3.071272380650043 0 0.4671807587146759 63.86749449372292 0
5.233184017241001 0.8132432550191879 3.968342855572701 2264.009611241519 124.101657345891 3405.137675687671 101.2107133045793 579.9627377688885 890.6509431228042 5811.371828109026 107.526605039835 7859.343668147922 56.43312369287014 560.9891444295645 1225.727613158524 0.1093063950538635 2.458668604493141 20.7007218003273 8.361165657639503 4297.294298678637 0.8550326302647591 5.820911109447479 3.309423699975014 635.7688366621733 0.4082522392272949 9.705099083483219 7.301926024258137 1241.548527806997 470.9908078014851 2.062963262200356 0.6432540118694305 132.5496978163719 1.810534834861755 284.9491013661027 2.041771307587624 806.353392355144 36.89273642748594 586.7583348378539 89.26196699589491 3795.193252712488 32.0911475494504 4.49984572827816 8.602484591305256 0.148420587182045 0 0 148.9752302467823 0.358254998922348 33.24379603564739 77.27649817615747 6.425634659826756 323.7365225702524 207.3839685916901 3.267449289560318 321.4633324295282 2.39683523774147 6.536223813891411 4.290975116193295 0 0.1163812652230263 0.5420928150415421 0 244.4587979912758 0 0.6791273579001427 2.791238307952881 137.9092465490103 0 0.342784620821476 0.8935695588588715 197.9829023182392 3.465351417660713 1.759449779987335 0 0.4391402155160904 0 2.144584961235523 1.802352502942085 46.33745423704386 0.09035737067461014 13.61035463213921 4.324817523360252 203.2413873150945 3.002456925809383 0.7856743931770325 0
0.3330251276493073 1227.625007010996 14.61242958903313 0.2195607572793961 93.72065806388855 185.0423934087157 33.22573301941156 127.0464048832655 27.59730666130781 63.43871772289276 3452.80228421092 56.43312369287014 3482.704067327082 178.1629184037447 24.82250035554171 4.971914909780025 20.20338661968708 577.5107321888208 31.50635163486004 14.983284085989 14.15712293982506 129.8749506771564 30.11954621970654 44.07618922740221 3418.336552992463 355.5670072808862 1954.877581827343 16.07656794786453 217.7533119097352 6.255201071500778 721.7142947763205 300.560139939189 1.369233466684818 857.0287121981382 190.4411365389824 2652.976078800857 9596.5167966187 4325.021678179502 800.2703955098987 205.4114274829626 312.273555830121 1570.116378121078 7.912896022200584 0.1405015587806702 92.68292324244976 5.411220893263817 3.825497686862946 0 0 1.445594422519207 0.7938345968723297 1.348438777029514 0.6204317733645439 577.2980287596583 1.483046174049377 3804.837032146752 2.72156797349453 0 0.4863113909959793 0.6247494369745255 99.53152649849653 8.606816031038761 0 0.09434237331151962 6.373492881655693 2.622697919607162 7.943479649722576 1090.97433257848 479.9294231534004 414.450096078217 5.610058069229126 1.065467476844788 0.7036756724119186 206.0992543026805 0.2699339836835861 0 8.114432454109192 46.95302726328373 398.419655688107 702.4210158661008 226.4602291509509 57.1875643581152 27.76719769835472 4.883173048496246 232.4814153313637 0.2849596738815308
4595.730608522892 1.214556388556957 1020.475709497929 11.75961969047785 13.2260926514864 703.2344510257244 9427.489369951189 7403.596149779856 30.66645465791225 1739.048055380583 473.6402720585465 560.9891444295645 178.1629184037447 13105.17102903873 11.64892544597387 6.506069041788578 849.0022981464863 94.42078690975904 243.6181953325868 214.598788253963 494.7012615948915 6.492859035730362 652.0674368813634 100.4283275529742 2.030330047011375 162.5829572379589 158.5475303083658 231.4369122311473 4812.987012848258 3299.4009251073 3.413656637072563 220.7884819582105 42.27336129546165 937.6212009564042 7.524920038878918 685.6289101317525 310.4739539176226 839.2421511337161 185.4739054366946 295.4842670187354 72.96675931662321 22.20556645095348 7.448011443018913 2.103890605270863 0.7637654095888138 11.4439387768507 1.745761901140213 0 0.7231534719467163 50.3182242885232 3.69585032761097 23.37801380455494 4.343594923615456 0.3254630640149117 4.666479326784611 1.354170329868793 11.2136597558856 0 11.22791763395071 1.876595042645931 0 1.43914583325386 2.883994616568089 12.00237479060888 14.71115420013666 5.741423428058624 69.32825659960508 0.122334286570549 6.626620173454285 24.01757307350636 98.73954508453608 6.275157451629639 25.69863174110651 0 0 1.032680377364159 3.692308351397514 1.895493194460869 44.23271953314543 0.9107098653912544 8.625877298414707 3.109354242682457 7.927792325615883 1.061818405985832 0 0.121354952454567
0 4.792501851916313 0 97.26338527351618 1081.916434712708 1956.633172556758 26.36634287983179 66.58987205475569 567.5993701070547 95.25283639132977 33.51938140392303 1225.727613158524 24.82250035554171 11.64892544597387 1091.024047650397 0 0.1031334400177002 0.1151388362050056 0.6125627756118774 107.3320034071803 0.264171838760376 43.83067062497139 1.50634802877903 551.8166767507792 2.125490471720695 0.2429285272955894 16.133570343256 124.272256039083 8.835449360311031 0.1728835105895996 0 66.08790413290262 0.241637259721756 19.1108393073082 0 54.77506643533707 20.13619853556156 43.61832228302956 15.0048516690731 885.4397901594639 98.20697709918022 21.74392005801201 1.308537483215332 0 0 0 2.623434327542782 0 0 5.219330370426178 0 9.625649817287922 1.786143347620964 0.954030454158783 5.514462307095528 0 0 0 0.1351152658462524 0 0 0 5.649757564067841 0 0 0 8.901592262089252 0 0.1895228922367096 0.3110902309417725 4.203548021614552 0 0.2349332123994827 0 0 0 0 0.9633030295372009 2.368359312415123 0 0 0.5270007848739624 2.977501757442951 0 1.037399411201477 0
0.3789607137441635 63.50209428369999 9.482874467968941 0 0 0.1224168092012405 51.05043510347605 1.730883419513702 42.8007503375411 0.7289344966411591 3.724799089133739 0.1093063950538635 4.971914909780025 6.506069041788578 0 3912.655127286911 28.98996328562498 1.710580453276634 8.888872742652893 0 2252.403093233705 3967.623690903187 2424.926599405706 3083.739824958146 9.377625592052937 17.03685899078846 3980.534244142473 1628.476544052362 15.30020543187857 45.41878995299339 0.3087218403816223 0.1316046714782715 3.569064065814018 99.55832072347403 29.25008696317673 1274.273456893861 334.5758168697357 372.3417470306158 436.7654329836369 35.40181098878384 3.375066421926022 0.5112261325120926 7.668899208307266 2.803207144141197 4.789151445031166 79.77022708952427 0.9743930101394653 0 0.8701552748680115 28.99821206182241 6.472537614405155 3.85099533200264 0.6996915638446808 0.6348141133785248 0 0 10.61184350401163 0.120075948536396 1072.644504673779 3.152323931455612 0.3161676749587059 0.6001805663108826 0 166.0442551970482 1114.084727369249 922.369948245585 67.13364189118147 0.5536286979913712 6.560748748481274 560.5413538813591 73.29225538671017 4.188098020851612 35.96841264516115 0.6187741830945015 0 0.4326478242874146 7.1383001729846 10.93268514424562 104.3256276100874 9.120090395212173 31.72140444070101 44.54246727377176 1.341925829648972 0 0 0.7998012155294418
229.9152544662356 76.17154546827078 6250.4886322245 0 0.1553880423307419 16.35708805918694 138.3179689720273 461.1885632127523 6.609267860651016 5.310312427580357 366.1180703118443 2.458668604493141 20.20338661968708 849.0022981464863 0.1031334400177002 28.98996328562498 1225.135348781943 385.5854567065835 6326.328011490405 0.5417976528406143 869.3809335380793 23.45979422330856 3346.1614356637 35.80085612088442 5.986764885485172 2164.195532508194 5328.788468703628 62.36223222315311 469.7030714303255 1967.860061392188 0.9247489050030708 5.582691662013531 19.54765088111162 1906.019065782428 2.470259085297585 380.5353544428945 3234.334723643959 676.063734523952 166.0332006439567 5.491197340190411 0.1344067007303238 46.77165234833956 1.002784937620163 1.721160657703876 33.54578461498022 336.763192333281 0 0 0 5.424294330179691 1.337112531065941 0.3986664935946465 0.1226970851421356 1.158517673611641 0 3.857955388724804 5.635560713708401 0 10.56639723479748 104.1974527090788 4.251455783843994 73.88628819584846 0 2.818786762654781 9.608534626662731 17.42535780370235 6.342396087944508 7.211097061634064 584.7374942526221 711.5424400568008 4.479801639914513 2.015060573816299 3.214306451380253 2.128289207816124 0 0.1077573150396347 16.23374994844198 3.387430652976036 61.64791036397219 18.35435725748539 62.34727305918932 9.180402413010597 0.1730208992958069 0.1043843552470207 0.11732267588377 0
11.43015314638615 10.35725450515747 345.3006988167763 0 3.653093725442886 21.07157343626022 31.62920317798853 53.44935006648302 1.72552478313446 28.58306440711021 2667.38097435236 20.7007218003273 577.5107321888208 94.42078690975904 0.1151388362050056 1.710580453276634 385.5854567065835 687.6561264246702 1000.46537489444 5.657249920070171 29.62180941551924 2.462840162217617 86.40308732539415 3.247220270335674 22.85239221155643 1477.490467697382 779.7347226515412 6.849420823156834 99.35719317942858 41.63033474236727 362.3777655735612 20.94445211440325 1.523930251598358 1654.911670014262 12.72630801051855 878.6943301036954 1882.649671323597 2220.388439707458 483.6000092029572 13.64647221565247 3.199093863368034 24.83665443211794 1.891689121723175 0.2664695903658867 3.864434219896793 6.391025818884373 0 0 0 1.01606684923172 0.2089509218931198 0.3953113183379173 0 35.1404640302062 0.104437343776226 183.4232294782996 0.4107970893383026 0 0.7378136217594147 3.430900886654854 78.4889739304781 81.6821563988924 0 0.1895390823483467 0.7977672964334488 0.432063490152359 2.353838466107845 22.11693659424782 427.3075973689556 357.4611486196518 0.7987819761037827 0 0.4285209029912949 67.45526579767466 0.1552227139472961 0 3.743098489940166 3.302817963063717 7.253481663763523 10.51523085683584 6.137625582516193 0.4546953663229942 0 0 0.1615962535142899 0
54.24903418123722 25.52657902985811 1148.30751773715 0 0.1599580496549606 10.5797920897603 51.82700242102146 144.5313308462501 2.337268501520157 14.11393015831709 373.1486441046 8.361165657639503 31.50635163486004 243.6181953325868 0.6125627756118774 8.888872742652893 6326.328011490405 1000.46537489444 2681.919603556395 2.471639595925808 160.9129397571087 8.165792301297188 594.7919930666685 9.738647811114788 9.700467295944691 2351.489200137556 1405.945669718087 19.10695304721594 159.730943530798 315.4927380904555 51.94587831944227 9.179818764328957 6.286974206566811 2759.387998133898 8.958886593580246 649.3963838815689 1225.845910675824 1700.376493379474 360.4847350940108 9.915589518845081 0.855906143784523 9.12165791541338 2.248083502054214 0.490901306271553 22.76379052549601 39.5237597450614 0 0 0 1.078140303492546 0.2214127331972122 0.5334635749459267 0 4.12885944545269 0.1073455810546875 23.15815603733063 0.5778096541762352 0 3.664778903126717 24.78506014496088 18.24345132708549 153.4289548993111 0 0.4625459909439087 2.440726637840271 1.935873314738274 1.66454404592514 10.79080565273762 526.3721758052707 502.8548006787896 0.7761428207159042 0.5709882825613022 0.7063621357083321 19.43237905204296 0 0 2.738523319363594 1.403801202774048 12.14041105657816 6.625539548695087 11.04246578365564 0.8649891465902328 0.5248366743326187 0 0 0
8.494217723608017 0.2752547115087509 0.4974500089883804 2579.422716632485 5.618328772485256 181.8203543424606 50.64086523652077 141.1140054091811 601.9011207595468 5896.215445540845 25.54865995794535 4297.294298678637 14.983284085989 214.598788253963 107.3320034071803 0 0.5417976528406143 5.657249920070171 2.471639595925808 580.156058691442 0.4787225648760796 1.10468116402626 0.8445369303226471 455.8252033442259 0 3.28766954690218 2.491820998489857 3235.359100282192 247.3120171129704 0.6245925351977348 0.3545196279883385 25.4521140307188 2.033144161105156 123.2457693219185 0.5968477576971054 536.6830069944263 17.59390233457088 222.5163066461682 60.93551807850599 649.2834277153015 18.57911796867847 8.03963116556406 2.998615011572838 3.306634023785591 0.3522354066371918 0 207.6674670428038 0 14.41448593139648 254.7658023908734 3.448620364069939 244.8650742024183 296.7318566739559 0.7306232154369354 169.3169441744685 0.126170426607132 3.83093723654747 2.028205260634422 0.159758597612381 0 0.2301083356142044 0 299.7473267242312 1.346393704414368 0.6926241815090179 0 294.0452288612723 0 0.109299324452877 1.198122531175613 446.8579486832023 4.05230513215065 2.640250682830811 0 0.1057072728872299 0.6258601546287537 2.134505920112133 2.23766753077507 47.46558073908091 0 18.4832793623209 4.4101542532444 130.6175670102239 1.154633164405823 0 0
151.1669147387147 10.17334441095591 794.9854930490255 0.1011213660240173 0.1879958361387253 17.13033705204725 1382.28601898998 268.3960789367557 104.0716128796339 4.311231173574924 63.29683542996645 0.8550326302647591 14.15712293982506 494.7012615948915 0.264171838760376 2252.403093233705 869.3809335380793 29.62180941551924 160.9129397571087 0.4787225648760796 12855.01622731239 316.5806661844254 9632.809068068862 402.385724440217 1.654596216976643 58.0348793938756 1246.772681765258 2276.387634903193 564.2026752158999 12372.99078904092 0.09043131023645401 4.689974129199982 62.43562010675669 4593.731618799269 173.8474512472749 5063.918098442256 1275.930394358933 4776.944767810404 2579.260413907468 113.3078025057912 13.68755359947681 8.776070646941662 43.06782580167055 11.16027064621449 4.675072453916073 18.60071714967489 0 0 1.183680981397629 17.60400453209877 16.96546383947134 13.88826388120651 1.46634329855442 0.5695383697748184 0.1066678687930107 0.1070065349340439 38.30693872272968 0.1083719730377197 710.6487189754844 5.396764285862446 0.5676057040691376 2.010818086564541 0 536.4390602558851 464.8762375190854 352.3683729097247 133.9296346902847 0.1483144611120224 4.281186074018478 59.95119386166334 200.7393854930997 23.20756155252457 231.294093362987 0.1340080797672272 0.6556547284126282 8.635844185948372 19.92280615121126 36.39174848049879 201.5012085735798 14.20649515837431 48.24789716303349 26.63173136115074 3.020237535238266 0.9156458601355553 2.393739640712738 1.107927039265633
0.8581105247139931 2044.273716472089 24.31158159673214 2.092722654342651 1.621424898505211 3.894868053495884 147.2068705335259 7.890714764595032 3012.791443772614 3.620190262794495 18.04922439903021 5.820911109447479 129.8749506771564 6.492859035730362 43.83067062497139 3967.623690903187 23.45979422330856 2.462840162217617 8.165792301297188 1.10468116402626 316.5806661844254 1293.440135203302 666.5279731452465 7675.658258534968 329.9943282976747 170.5293391048908 8646.275390520692 685.9938788712025 9.393165774643421 172.3491324707866 5.588900506496429 0.1222518235445023 2.568019106984138 16.29195288568735 3.667847447097301 141.5182829722762 25.85801471024752 55.18217294663191 33.16901607811451 123.6915462613106 0.146403580904007 11.34754900634289 0.2602176368236542 1.598570093512535 19.62228135019541 139.7985827177763 0.8511083871126175 0 1.146132402122021 26.72373184561729 5.497321017086506 14.0456068739295 2.896202117204666 1.106924191117287 0.3773532658815384 2.421198919415474 16.0688588321209 0.1499501615762711 982.6484641730785 5.981579445302486 0.7432462722063065 3.221416540443897 1.883026264607906 113.4640664458275 154.5600276142359 565.8506526648998 126.5293118581176 2.303143814206123 30.14276229590178 1003.4906206429 68.29907002300024 3.05830293148756 28.33482304215431 0.7184365689754486 0 0.289548248052597 4.471750974655151 3.282549068331718 106.4595044404268 17.99213474243879 23.46447263658047 45.78349713981152 3.207681357860565 0.1647595912218094 0.6894094347953796 0
194.4000267237425 11.96001955866814 11234.14904089272 0 0 23.21321015059948 1894.350466474891 464.6887955144048 19.10797629505396 8.685977198183537 59.53084637224674 3.309423699975014 30.11954621970654 652.0674368813634 1.50634802877903 2424.926599405706 3346.1614356637 86.40308732539415 594.7919930666685 0.8445369303226471 9632.809068068862 666.5279731452465 17401.75947377831 789.1993198022246 1.546798467636108 799.4790012687445 9740.363463625312 2252.234986625612 348.2961434423923 7110.720885723829 0.3966933488845825 5.473815970122814 30.04912819713354 3362.379632033408 208.7824532464147 8806.689285516739 7298.189053043723 6279.730917744339 5183.29432991147 301.9312303513288 27.7184092104435 16.10535650700331 77.26273710280657 3.970802210271358 8.779645152390003 433.381964340806 0.2057879716157913 0 2.170949541032314 77.96841239929199 16.15651895850897 4.281198643147945 4.135028153657913 1.410297520458698 0.9293457120656967 0.1106992289423943 42.81238131225109 0.1807086914777756 1840.580035589635 10.81847310066223 0.4157713353633881 6.621186003088951 0 216.1145670488477 1263.496477499604 1994.242011062801 124.4391313195229 1.37742668390274 23.88277392834425 1469.031266249716 121.4127198308706 5.97405768185854 48.70581675320864 0.3724022880196571 0.2550391554832458 1.387463383376598 17.00872330367565 81.51293383538723 303.7095323577523 25.98011819273233 72.10457327216864 131.3457429632545 5.026466578245163 1.097595572471619 1.092834442853928 1.591129690408707
12.51995296776295 562.3627476617694 42.25473066419363 1195.71318821609 18.59875822067261 162.8025194481015 2264.923695400357 68.13189191371202 11579.06579425931 720.7352134659886 16.79358454793692 635.7688366621733 44.07618922740221 100.4283275529742 551.8166767507792 3083.739824958146 35.80085612088442 3.247220270335674 9.738647811114788 455.8252033442259 402.385724440217 7675.658258534968 789.1993198022246 11255.07067684084 91.78971602767706 47.35762471705675 3434.363836854696 8563.387176409364 259.6507045477629 470.8663378953934 3.123688213527203 7.394568331539631 90.49971507489681 255.0089008659124 37.44630249589682 1840.00934483856 115.4686816856265 520.477511651814 419.092432975769 1169.102680385113 22.94572378695011 12.87763573229313 15.96838346868753 30.28616557270288 8.451925545930862 28.02202741056681 179.068107329309 0.1955738812685013 26.72325497865677 869.3112060055137 39.32529873400927 1032.13713978231 289.6552154645324 5.213021971285343 77.31666555255651 1.684472978115082 94.96031496673822 15.33940213918686 397.2879181876779 6.956449262797832 1.330962970852852 4.262126296758652 199.8742140084505 286.2454462870955 517.6967397257686 149.1785468161106 1768.781927652657 1.208759725093842 13.49906209111214 123.8136352673173 1619.536690376699 80.37438958883286 303.8392469733953 0.5628723576664925 0.250677764415741 11.09493967145681 40.69199868291616 14.23718566447496 464.6318244040012 14.49464813619852 113.3315838500857 39.86531148850918 106.7471273168921 21.44903168827295 4.349140472710133 3.67149855941534
0 1766.732484221458 0.8051275312900543 0.2252719327807426 0 0.806498721241951 3.076952248811722 0.9638731852173805 59.93232596665621 0.3308283537626266 595.3336199298501 0.4082522392272949 3418.336552992463 2.030330047011375 2.125490471720695 9.377625592052937 5.986764885485172 22.85239221155643 9.700467295944691 0 1.654596216976643 329.9943282976747 1.546798467636108 91.78971602767706 462.7325807362795 217.2347982525826 4989.813931033015 7.782990142703056 1.854500219225883 3.065367735922337 131.5556851252913 1.282089367508888 0 34.58835681527853 0.5562042593955994 111.3675795868039 702.2015683948994 471.0438650101423 99.04690402746201 7.580896928906441 7.833373710513115 830.0357645601034 3.254979610443115 0.1731679737567902 68.42866082489491 4.475450128316879 0 0 0.08313702046871185 0.3244686722755432 0 0.4725346788764 0 56.26469239592552 0 512.886273548007 0.6117727160453796 0 0.5699935555458069 1.690362602472305 19.76430630683899 7.845762148499489 0 0.2826438844203949 4.281356930732727 0.4358335435390472 0.7209006771445274 152.8634226769209 285.1730109974742 534.6019158437848 0.2317933514714241 0.4658595323562622 0 67.47780275344849 0 0 0.7721895575523376 0 4.788628354668617 52.63521559536457 16.1746202558279 0.8238037675619125 0.09224370867013931 0 12.83431562781334 3.494069576263428
29.9266462624073 430.8746216073632 7436.399643413723 0 0.6157568097114563 22.14570082724094 214.3012366592884 151.5317188054323 35.64150939136744 14.86018371582031 1342.231555096805 9.705099083483219 355.5670072808862 162.5829572379589 0.2429285272955894 17.03685899078846 2164.195532508194 1477.490467697382 2351.489200137556 3.28766954690218 58.0348793938756 170.5293391048908 799.4790012687445 47.35762471705675 217.2347982525826 19046.04842261225 15450.98091361672 35.57707484066486 94.09628476947546 99.08064007759094 555.1603756472468 12.53859300166368 3.809730909764767 1857.358926646411 27.03980546444654 2557.252665832639 5015.381054587662 3642.860503003001 1131.412454895675 39.91948844492435 4.006326600909233 81.92652936279774 5.266095593571663 2.924382425844669 299.1343311592937 296.7024203464389 0 0 0.139637678861618 5.456750512123108 2.260120712220669 1.331897370517254 0.141003206372261 157.5394923835993 0 1012.320797502995 8.39156585931778 0 18.07946293056011 242.9680947288871 292.8451237976551 839.4781731665134 0.1584205329418182 2.067353144288063 19.30057295411825 13.7852523624897 11.60718264430761 313.9368980452418 4209.66632835567 4131.059091843665 4.363259680569172 2.89311844855547 5.143323466181755 323.2178340777755 0.2036769390106201 0 28.72515990585089 5.895760715007782 111.8658497482538 80.20402003079653 135.0444302409887 17.40087935328484 2.019882947206497 0 5.646681994199753 0
29.78885665535927 9518.925099790096 6338.409239605069 0.6068442910909653 1.207548752427101 14.87736131995916 706.3404941856861 126.0323553457856 955.1202080622315 18.24951615184546 875.3867247030139 7.301926024258137 1954.877581827343 158.5475303083658 16.133570343256 3980.534244142473 5328.788468703628 779.7347226515412 1405.945669718087 2.491820998489857 1246.772681765258 8646.275390520692 9740.363463625312 3434.363836854696 4989.813931033015 15450.98091361672 27184.48829741031 2052.070290416479 91.32509279996157 233.0427207648754 992.0240048393607 5.481885232031345 12.25690631568432 2491.302046634257 104.9067446440458 8861.317694857717 3774.894645683467 5853.955747097731 2695.484618186951 394.1075560078025 9.078426986932755 48.14935031533241 45.37978813052177 15.61441168189049 1761.175793841481 3033.583339527249 0.7103912457823753 0.09156759083271027 0.7089601755142212 72.61884420365095 22.92256375402212 16.64131611585617 3.229448921978474 89.09306675940752 0.1308216452598572 690.6563087701797 69.52109082043171 0 460.3107115030289 412.4831172078848 131.0458938628435 604.9221505448222 0.3772948831319809 56.04999421536922 1262.19444001466 876.2562019377947 110.1464530080557 531.8085813894868 4535.223958984017 13182.07539990544 74.99468484520912 7.226975172758102 32.93149772286415 280.4485470280051 0.09894368052482605 0.5304326042532921 85.8291032537818 62.73654683679342 485.0190504416823 130.5488429367542 339.3682407215238 123.1086554676294 8.275054574012756 1.236257746815681 6.050729289650917 2.62685851752758
37.63996280729771 57.98819345235825 261.3569044098258 5053.472097493708 5.142511703073978 786.4598126634955 18512.74512547255 162.502825550735 2258.488670893013 7197.30781711638 16.86096725612879 1241.548527806997 16.07656794786453 231.4369122311473 124.272256039083 1628.476544052362 62.36223222315311 6.849420823156834 19.10695304721594 3235.359100282192 2276.387634903193 685.9938788712025 2252.234986625612 8563.387176409364 7.782990142703056 35.57707484066486 2052.070290416479 11630.77614753693 579.7410810142756 10083.71934627742 1.095456637442112 11.4417978823185 237.3099740967155 1451.439002782106 93.8072258234024 3551.310436941683 220.1005739122629 1777.552237227559 1156.198422469199 513.9592348858714 35.08189880847931 17.06403367221355 28.84109196811914 48.01547414064407 5.836579822003841 27.00675012171268 310.2881363406777 1.091183066368103 38.35255255550146 1126.882220081985 60.13333726674318 818.4013094678521 461.6062873527408 4.911755084991455 124.8878560811281 1.758521154522896 171.1998256295919 2.436423592269421 345.6111794114113 7.198151715099812 0.811052031815052 3.185829147696495 334.6672967225313 269.0934846550226 320.7238986343145 117.8679217249155 1932.339137405157 0.1977128386497498 8.119309917092323 88.1336522474885 2081.659380763769 126.0005856901407 518.0595577955246 0.09343545138835907 0.9758234918117523 17.64838515967131 46.1193840354681 25.22606698423624 577.4703383743763 22.21039970219135 117.4176855534315 50.35290221869946 134.7892172560096 20.88631132990122 6.851526543498039 3.385020986199379
