405.5089645758271 0.3216162025928497 16.34095084667206 1.212350234389305 0.2821849882602692 2.679152645170689 1528.006974004209 144.3897138163447 0.977995827794075 21.73788613826036 16.0589239820838 0.521122470498085 0.6218393370509148 2137.900162220001 0 10.77683714777231 69.74243218451738 10.43210393190384 40.55660828948021 1.78304385393858 44.35911252349615 1.535761192440987 53.10517908260226 77.30394746363163 0.3062907457351685 47.16736988723278 28.17221218347549 35.60625157505274 3252.071307972074 2100.457571171224 0 4.840199247002602 169.7344301342964 447.2770028337836 7.665415786206722 51.61356095224619 24.2326116412878 366.9834716320038 65.55866099148989 3.85832218080759 1.993060030043125 0.3907709717750549 0.9226119071245193 0 0.3825530409812927 0 0 0 0 0.5720623433589935 0 0 0 0 0 0 0.3436199426651001 0 2.372177615761757 0 0 0.09136545658111572 0 0.4298290461301804 0 0.8337841928005219 0.849718913435936 0.8283631876111031 1.071117572486401 6.492976866662502 0.1114534437656403 0.2536233365535736 0.3188037574291229 0.09046490490436554 0 0 0 0.1594653278589249 1.040386497974396 0.5798803195357323 0 0.231394350528717 0 0 0 0
0.3216162025928497 123.6103079840541 425.9146030768752 0 0 0.715097114443779 20.58749277889729 1.590224787592888 203.7748088091612 4.453812755644321 28.59376613795757 0.4178141951560974 271.3919615745544 3.424123585224152 0.9832266345620155 302.9613617286086 479.1464240625501 8.582951731979847 91.43867217004299 0 22.96418146789074 1802.028561212122 197.990237288177 287.0066669732332 1213.831046693027 1023.782134972513 4840.71945541352 37.86630080640316 2.338721461594105 22.94799043983221 8.483402691781521 0 0.1646896749734879 152.2844847664237 4.106904119253159 114.3320677354932 125.1272096931934 303.3322868794203 86.49026633799076 4.169121526181698 0 42.94003113359213 0.366336464881897 0 70.13981267809868 31.35653509199619 0 0 0 1.005023673176765 0.2207591608166695 0.6380134895443916 0.1134512275457382 22.75386300683022 0 174.4260874316096 0.07773684710264206 0.09944839775562286 1.874860301613808 15.24392760545015 12.86188282817602 49.53834459930658 0 1.313010722398758 2.6285659968853 2.318190678954124 0 342.8410736173391 520.9060780927539 2735.664843350649 0.1965793445706367 0.3112327754497528 0.7787026911973953 19.75787694007158 0 0 19.42359407246113 1.410843819379807 21.81561831384897 46.90550151467323 46.49209301173687 5.502066820859909 0 0 14.23282425105572 0
16.34095084667206 425.9146030768752 7810.555210001767 0.4605196118354797 0 2.619793340563774 187.2224842235446 131.9651867002249 0.1168147772550583 16.02903854474425 10.52943407744169 0.2352164164185524 1.594873867928982 128.4742847383022 0 6.355817809700966 2493.084227703512 10.5034693479538 109.5242203101516 0.5253804475069046 1291.401999101043 32.85243417322636 8428.458136193454 7.147868432104588 9.966290660202503 4500.843001045287 9889.732636041939 121.849127240479 26.39213559031487 760.3903411254287 0.235152393579483 0.8865609988570213 0.2037295401096344 473.8572575300932 33.38710208237171 976.8762511685491 1512.915815994143 1261.529474742711 720.7090650200844 38.50452696532011 1.035054013133049 0.2284322082996368 5.668770521879196 0.2542690560221672 213.4755245745182 119.1859748512506 0 0 0 2.388194397091866 1.085705429315567 0.1530485302209854 0.4750325083732605 1.635584704577923 0 4.627825297415257 1.188564337790012 0 2.102800868451595 48.92025997489691 3.56659784168005 107.3984680995345 0 4.268000565469265 0.7216027826070786 6.625790476799011 0.1968294531106949 28.80839061737061 831.0794449150562 2065.555988565087 1.744063623249531 0.3959735706448555 2.068582892417908 0.5312873050570488 0 0 27.51859562844038 3.381043285131454 52.60736294090748 182.4023252502084 101.5824815556407 19.45472534745932 0 0.1288473308086395 0.3064416348934174 0
1.212350234389305 0 0.4605196118354797 925.5868995040655 0.9568015486001968 47.9045954272151 963.6536573395133 26.83103005588055 227.6142829805613 4465.1494795084 3.140438169240952 2525.511326029897 0 15.01262491941452 71.58230155706406 0.8485899791121483 0 0.4653588086366653 0.4450035765767097 1809.823303833604 1.601241283118725 3.070307999849319 0.2933925241231918 1429.584016002715 0.07730097323656082 0.4088383764028549 1.352959007024765 2209.41653829813 19.43493637442589 2.330378025770187 0.1526893153786659 2.583792969584465 2.192048266530037 11.96655704826117 21.82909046858549 228.2344506531954 5.019722938537598 76.09444975107908 32.53945557028055 205.2260634303093 4.276432022452354 1.234145186841488 3.785779073834419 0.5352308750152588 0 0 7.813047282397747 0 2.141435518860817 19.46668045222759 1.361653879284859 4.246982976794243 20.4478825032711 0 21.67836908996105 0 0.6508774235844612 1.602632775902748 13.50810854136944 0.102689616382122 0 0 14.91314767301083 9.055224977433681 7.552643328905106 1.631842121481895 86.0466240644455 0 0.106894887983799 2.534814558923244 26.95889350026846 1.550730973482132 5.149616047739983 0 0 0 0.5334505960345268 0.2405089437961578 36.77817294746637 0 1.054328165948391 0 28.27141001075506 0.1511007696390152 0 0
0.2821849882602692 0 0 0.9568015486001968 10.95842371881008 160.9435207769275 2.389249674975872 16.05637531727552 28.03294141590595 3.961292691528797 12.81612097471952 40.43286703526974 1.454414948821068 4.012658797204494 434.7914961501956 0 0 0.9547706544399261 0 3.342905297875404 0.1723063886165619 0.2946180701255798 0.1565030813217163 12.99333970248699 0.1809492856264114 0.1226805970072746 0 1.139045521616936 7.659129872918129 0.427758477628231 0.1089781075716019 51.68800380080938 0 200.2216806635261 0.6864006072282791 50.54882097989321 2.633919522166252 314.1440927535295 149.3234491795301 832.1913187503815 25.606555595994 2.504518762230873 3.790723636746407 0 0 0 0 0 0 0 0 1.138798713684082 0 0 0 0 0 0 0.3442671895027161 0 0 0 0 0 0 0 0 0 0 0.3453806042671204 0 0 0 0 0 0 0 0 0 0 0 0 0.4400140345096588 0 0 0
2.679152645170689 0.715097114443779 2.619793340563774 47.9045954272151 160.9435207769275 11113.91674782336 4132.702021997422 7167.602399460971 15.78788102418184 5829.16083535552 158.0201192423701 4997.714801371098 11.20530568063259 557.1760893315077 1285.302837729454 2.489206120371819 2.430226445198059 23.6651523783803 8.530134469270706 565.3794330209494 3.369340874254704 2.309052243828773 6.813585706055164 116.5957558229566 1.411815099418163 23.01492020487785 9.299102216959 235.703233987093 275.5124079212546 12.96974788606167 2.387603871524334 411.682555090636 1.166620098054409 763.3022129684687 27.99272245913744 353.8026489466429 38.26471354067326 1009.347546871752 276.8394032716751 1331.150237426162 107.4150927141309 8.850909605622292 11.30444848537445 0.2423522919416428 0.1688967645168304 0.3812167048454285 0.6723842024803162 0 0.3347794339060783 1.904503203928471 0.8325478732585907 0.9112794697284698 0.4488391727209091 0 5.514185674488544 0.2313885316252708 1.021740734577179 0 7.266041457653046 0 0 0 0 1.933565430343151 0.2609653249382973 1.129922740161419 9.696160085499287 0.1942247152328491 0.183325819671154 2.674526609480381 3.811603657901287 0.7429078444838524 1.666510790586472 0.09283671528100967 0 0.1154094859957695 0.1522134840488434 0.2713610827922821 3.796278268098831 0 0 0 5.309064701199532 0 0 0
1528.006974004209 20.58749277889729 187.2224842235446 963.6536573395133 2.389249674975872 4132.702021997422 12379.4483755976 4179.267081011087 287.3583173304796 10490.6211430952 71.93254582583904 143.3355174735188 5.915086131542921 5957.67845518887 11.66708105802536 116.7980087995529 113.4113573133945 20.6811501160264 34.24031119793653 263.5579591542482 870.6571310758591 279.0277961939573 336.8035625256598 3471.997274972498 3.76894998550415 142.2029903717339 321.051177546382 12445.65608747303 1763.171800937504 4751.854985244572 1.305674213916063 46.38137833029032 162.4705421254039 406.2287357524037 261.0393563583493 1965.423302687705 207.7614983208477 1677.828600257635 727.1973605453968 125.2475412711501 50.09898726642132 8.307410597801208 23.2502236738801 11.83621696382761 7.689100489020348 28.34553826600313 22.76518979668617 0 4.550698406994343 115.2736921086907 12.56680325418711 16.45731984823942 19.83871037513018 0.4958822876214981 15.67177234590054 0.7174053564667702 19.37212098389864 1.684449821710587 366.2505288273096 0.6883218884468079 0.3145019561052322 0.9819598123431206 22.54305905848742 138.9188674837351 35.74326954782009 45.30961941927671 393.4058321043849 1.142627477645874 13.50343260914087 237.0081842690706 139.0613692104816 34.42429365962744 100.2300209850073 0.1459242776036263 0.2502020597457886 5.907019801437855 6.448749497532845 5.670303329825401 133.7851418927312 2.569744125008583 9.731534764170647 5.855430670082569 55.46476919203997 2.826774932444096 0.1022224500775337 0.5278413891792297
144.3897138163447 1.590224787592888 131.9651867002249 26.83103005588055 16.05637531727552 7167.602399460971 4179.267081011087 11830.05871106312 9.683253772556782 1930.068139374256 248.2174408584833 639.6190448217094 13.47595681250095 5421.104593392462 144.7773771435022 22.74373314529657 137.5006906986237 57.7008868008852 98.09608402103186 127.5376460365951 95.35363835096359 9.906583122909069 160.9066897928715 334.0423386618495 2.832750707864761 202.3717384934425 123.9543486796319 240.2611913979053 903.2747712135315 567.3843039683998 4.026145234704018 253.1110458560288 23.06900262832642 952.1458057239652 35.31853009015322 578.7712777405977 125.4804872572422 1068.263916749507 230.8320547901094 399.7875693067908 73.63566573709249 6.994753867387772 9.448758833110332 0.4646953493356705 1.100925229489803 1.451566182076931 0.7266122102737427 0 0 4.293949462473392 0.4577969610691071 0.7917259931564331 0.4538446068763733 0 1.950375333428383 0.4110193103551865 0.2884107902646065 0 10.43858349323273 0.1944255381822586 0 0.420920729637146 1.241209045052528 4.108066685497761 0.3854410499334335 0.6512281075119972 13.0225226059556 0.378235787153244 2.613491162657738 20.79623726755381 4.193197920918465 0.6560234576463699 4.02601120620966 0.4647637605667114 0 0.6692666411399841 0 0 8.873460561037064 0.7205326706171036 0.8780418336391449 0 1.070475518703461 2.024818897247314 0 0
0.977995827794075 203.7748088091612 0.1168147772550583 227.6142829805613 28.03294141590595 15.78788102418184 287.3583173304796 9.683253772556782 864.0900429040194 165.6303849071264 0.63054358959198 533.6052060723305 5.097069412469864 9.527034476399422 830.2462738603354 16.64013392478228 1.313347853720188 0.09498615562915802 0.2850376516580582 144.6577065587044 6.695764496922493 2210.997814662755 7.495138831436634 8566.804262235761 43.16056384146214 2.221716418862343 24.6227333471179 808.9442750290036 6.5913987159729 78.86590290814638 0.3200251683592796 0.6230804175138474 2.243437841534615 4.236911535263062 12.281025364995 175.1553629934788 8.287473425269127 34.47104144096375 26.90475179255009 487.7109036520123 0.8147519752383232 0.6185609996318817 1.348587229847908 10.57243070751429 25.68732968717813 15.53946009278297 83.19833628833294 0 12.2911002933979 112.2797635272145 11.52849469333887 74.8410836160183 64.65667460113764 0.4382056817412376 149.1117870658636 1.31820547580719 16.34745974838734 20.85287018865347 754.4847342222929 1.128644682466984 0.3523706048727036 1.151736117899418 115.6319671571255 140.0287588238716 100.579718619585 65.09601053595543 1047.30558757484 3.770785056054592 12.00120397657156 294.8998335599899 243.3511253148317 29.5056779384613 67.65238595753908 0.1101796701550484 0.09056493639945984 4.368002168834209 8.187540948390961 1.269920371472836 79.77087892591953 1.221412241458893 8.992699913680553 2.927762031555176 224.6151763945818 1.215182848274708 0 0.3363285288214684
21.73788613826036 4.453812755644321 16.02903854474425 4465.1494795084 3.961292691528797 5829.16083535552 10490.6211430952 1930.068139374256 165.6303849071264 21239.09938764572 114.2676512114704 4652.550746761262 7.893928214907646 675.8349918201566 14.88134318590164 11.06591972708702 6.714218646287918 28.39639114588499 18.1185525432229 3115.324082583189 55.02528202533722 20.20006094872952 29.54696491360664 996.4426573514938 1.426878906786442 43.18015181645751 37.55593068897724 3358.724363349378 716.7439141348004 56.49168091639876 1.493655651807785 86.48415548354387 22.22283371537924 356.1478653475642 213.7649354413152 1576.274805404246 108.8726568669081 1717.132921725512 495.7382532805204 403.8663934767246 110.5714948326349 14.75661872327328 50.93406192958355 1.404343366622925 0.8231748938560486 5.227414518594742 8.490935571491718 0 1.008983545005322 34.89381720125675 3.251925870776176 8.757675044238567 7.305634289979935 0 85.06764587014914 0.1720692291855812 1.908925950527191 0.4279025048017502 55.23441157490015 0.2832382023334503 0 0 17.0538961365819 31.55583986639977 12.83862328529358 4.033697865903378 152.1131773218513 0 0.8652728497982025 31.25141789764166 52.99883382767439 5.719083793461323 14.48397846519947 0.09119423478841782 0 0.267958015203476 0.3957897424697876 4.85454335808754 43.91394201666117 0.3325678408145905 2.077930241823196 1.449246115982533 36.45051693916321 0.4829482287168503 0 0
16.0589239820838 28.59376613795757 10.52943407744169 3.140438169240952 12.81612097471952 158.0201192423701 71.93254582583904 248.2174408584833 0.63054358959198 114.2676512114704 9454.64191827178 97.26313184201717 9073.448367830366 395.369452174753 0.1080154404044151 1.982900083065033 58.83350775763392 3086.928005505353 760.5402646064758 26.86793596297503 13.81302857398987 4.448030009865761 40.60398183390498 20.95064986497164 1127.198377922177 1310.242714934051 618.6965959668159 9.879766564816236 359.3967109769583 34.66491531208158 408.2012903988361 173.2776618301868 3.329285874962807 6163.502085033804 8.397133447229862 277.2810030952096 4224.325669936836 6796.009685367346 822.9105952233076 20.34278801828623 15.64905745536089 2091.557094596326 2.813084438443184 0 0.2426207587122917 0.1177554354071617 0 0 0 0 0.1112114191055298 0 0.08530091494321823 282.6793462708592 0.2720017582178116 579.6878513172269 0 0 0 0.5225728899240494 47.8678807169199 1.315422713756561 0 0.2186555415391922 2.194108575582504 0 0.2653563320636749 31.95859633386135 191.5738711357117 87.00840110331774 0.451205849647522 0 0 246.6254600286484 0 0 14.14128924161196 0.4800434857606888 4.250732779502869 399.2334861755371 13.90338236093521 1.942946285009384 0 0 88.40220892429352 0
0.521122470498085 0.4178141951560974 0.2352164164185524 2525.511326029897 40.43286703526974 4997.714801371098 143.3355174735188 639.6190448217094 533.6052060723305 4652.550746761262 97.26313184201717 5385.256382793188 5.882217310369015 119.8357145637274 1338.827868938446 0.09401976317167282 0.8534840233623981 18.56348450481892 6.592158414423466 2643.447802774608 0.7541451454162598 10.23935793340206 1.395852372050285 1430.928708918393 0.4447517618536949 18.28433718532324 6.754076838493347 1179.891964003444 200.6890833899379 1.962208397686481 1.826542362570763 110.8545952141285 0.1140302866697311 232.5068469047546 65.39033388346434 1153.788779728115 18.14841716736555 715.2936726734042 106.9011584222317 1642.993106767535 39.90357828885317 3.152977854013443 7.946937821805477 0 0.1420229524374008 0 17.08236962556839 0 1.441508039832115 14.01206465810537 0 10.85959984362125 6.14481957256794 0.2979028299450874 91.06031294167042 0.07873214036226273 0.7423231452703476 1.1304702013731 4.11160122603178 0 0 0 17.67922586202621 4.924484930932522 5.55767535418272 1.76994626969099 70.42535611242056 0.1769927069544792 0.2240091189742088 3.354078017175198 29.66876951605082 0.5301942080259323 0.8531882464885712 0 0 0 0 0.372856080532074 62.62798477709293 0 0.4180765897035599 0 98.31796243786812 0 0 0.4089339375495911
0.6218393370509148 271.3919615745544 1.594873867928982 0 1.454414948821068 11.20530568063259 5.915086131542921 13.47595681250095 5.097069412469864 7.893928214907646 9073.448367830366 5.882217310369015 6155.253417856991 19.77035099640489 0 5.753042884171009 8.511342871934175 246.6649919375777 53.13173119723797 2.397418268024921 3.194827005267143 55.09639653563499 3.13882865011692 24.73749806731939 6230.814740918577 515.2587510794401 2402.30139259994 1.826554164290428 15.45630007982254 2.301813282072544 491.9073216542602 6.488829225301743 0.1635874509811401 1747.48557472229 2.694727092981339 452.331435777247 3725.788353897631 2606.912552662194 376.9166364595294 24.5385966449976 103.6678172647953 2353.313368439674 9.490608133375645 0 0.9413437470793724 0 0 0 0 0 0 0 0 768.4876754656434 0 1538.358427196741 0.2270378991961479 0 0.2106718569993973 0 65.34180446714163 1.517724521458149 0 1.236735939979553 1.004753679037094 0.7898702621459961 0 208.90910051018 364.9886843711138 111.2329699471593 0 0.1794002652168274 0 727.7913642898202 0.4164246916770935 0 47.30732697248459 1.400603771209717 48.86241395771503 946.5162821933627 18.6182666271925 9.494021758437157 2.558568358421326 0 287.7532304227352 0.1320403069257736
2137.900162220001 3.424123585224152 128.4742847383022 15.01262491941452 4.012658797204494 557.1760893315077 5957.67845518887 5421.104593392462 9.527034476399422 675.8349918201566 395.369452174753 119.8357145637274 19.77035099640489 8975.381818905473 0.4708719924092293 42.00501577556133 271.9699648879468 114.6025137752295 186.7613495998085 54.63353773206472 136.6088744103909 10.21977457404137 218.7670686133206 385.391915731132 4.46046008169651 297.5644539147615 165.9627235904336 214.2305684536695 6848.495673172176 2754.083498694003 5.286569871008396 680.7068504355848 56.37529478222132 2054.351511411369 31.43575051426888 466.0573718398809 169.4610473662615 1343.801115293056 204.4276440665126 29.63979428261518 26.89413819462061 7.513917334377766 3.463722638785839 0.09440205246210098 0.352776400744915 1.375391438603401 0.4617968127131462 0 0 0.8606931865215302 0.2258288562297821 0 0 0.5578628256917 0.2637010142207146 0.856965534389019 0.3845288753509521 0 8.554971732199192 0.1588451191782951 0 0.8673129379749298 0.165827602148056 1.755806356668472 0.3130176514387131 2.236226767301559 6.751975812017918 1.692679561674595 3.255392588675022 21.90999047458172 3.416508130729198 0.2037218064069748 1.618766359984875 0.4769023433327675 0 0 0.1976417154073715 0.8008896112442017 13.2325578853488 0.1831314265727997 1.164201378822327 0 0.4641344174742699 0 0.1071242243051529 0
0 0.9832266345620155 0 71.58230155706406 434.7914961501956 1285.302837729454 11.66708105802536 144.7773771435022 830.2462738603354 14.88134318590164 0.1080154404044151 1338.827868938446 0 0.4708719924092293 200.6006847992539 0 0 0 0 148.1604233086109 0 13.62407772988081 0 517.9355215579271 0.1085015013813972 0.1028840094804764 0.1111105903983116 48.21446485072374 0.6742342039942741 0.8792070597410202 0 107.3829561397433 0.1271076500415802 0.1227019429206848 0 138.8810263052583 0.5440762042999268 1.030412204563618 0.8008928075432777 765.4282857179642 32.86258292198181 0 0.5629058629274368 0 0 0.1047589704394341 2.144550189375877 0 0 2.588620014488697 0 4.026069909334183 0 0 2.702065795660019 0 0.3055596053600311 0.2314434945583344 2.498518005013466 0 0 0 1.685350999236107 1.000961922109127 1.950033560395241 0.4415651112794876 8.84166131913662 0 0 2.400697737932205 2.846608892083168 0.1118583232164383 0.1656428426504135 0 0 0 0.5896996259689331 0 7.499345898628235 0 0.132634624838829 0 18.33808299899101 0 0 0
10.77683714777231 302.9613617286086 6.355817809700966 0.8485899791121483 0 2.489206120371819 116.7980087995529 22.74373314529657 16.64013392478228 11.06591972708702 1.982900083065033 0.09401976317167282 5.753042884171009 42.00501577556133 0 1342.147751547396 15.20564541220665 0.7866529077291489 4.45163956284523 0.1211806908249855 1636.188693784177 2964.854970030487 2189.414948061109 1367.104560315609 43.46845151484013 10.36870744824409 3684.894225753844 1259.700999900699 63.09089374542236 287.8249033614993 0.09659565985202789 0.6182446256279945 7.845102779567242 164.5529346168041 88.45254277437925 1723.288061104715 371.6253936514258 692.1715438812971 594.9450167790055 32.50382725149393 1.945661641657352 2.210563346743584 20.39257869869471 1.100503139197826 102.7969666793942 224.1704571545124 0.09345990419387817 0 0.255624383687973 3.847373560070992 1.645206801593304 28.12459726631641 0.1884201169013977 0.2108385562896729 1.130877614021301 2.762407355010509 3.068782903254032 1.559432320296764 158.3757546022534 4.677998259663582 0.2811470478773117 3.052841156721115 0.4251232743263245 15.16565012931824 84.03614073991776 77.94907526671886 22.93212476372719 4.665471248328686 79.04473566263914 2152.287457510829 4.34569213539362 6.874873384833336 7.354121446609497 0.1265902072191238 0 0.5753135979175568 6.655448652803898 3.055784098803997 385.1055951267481 9.621597655117512 12.15882423520088 4.051325596868992 12.69864919036627 0.2435857355594635 1.255918189883232 0
69.74243218451738 479.1464240625501 2493.084227703512 0 0 2.430226445198059 113.4113573133945 137.5006906986237 1.313347853720188 6.714218646287918 58.83350775763392 0.8534840233623981 8.511342871934175 271.9699648879468 0 15.20564541220665 894.8871712461114 175.8958416357636 1665.515172369778 0.1469128578901291 810.7704734355211 16.27604985237122 2813.571090247482 28.87279066443443 35.48595244437456 3668.389643080533 9177.979758344591 35.66980823129416 120.7465808279812 1270.131874896586 1.233907364308834 1.461694147437811 2.795819148421288 1185.700445376337 9.833125270903111 161.7207569330931 525.7210853695869 678.6915419176221 269.7633102983236 4.951959118247032 0.08545136451721191 2.059906579554081 1.129884950816631 0.1064063608646393 71.69698228687048 1.749527312815189 0.09438461810350418 0 0.08787252753973007 0.2822043523192406 0.08308308571577072 0.2833770141005516 0 2.473765343427658 0 19.74948363006115 0.1257177293300629 0 0.2752041071653366 5.888572685420513 15.12390756607056 73.6744724214077 0 1.298516102135181 0.2302809879183769 1.528230406343937 0 107.4052082598209 503.7271158695221 985.8206523731351 0 0.2979367673397064 1.045894585549831 7.788358442485332 0 0 10.62183998525143 1.237290859222412 11.70566046983004 110.7136143147945 27.25551676750183 3.664823703467846 0 0 0.1731848567724228 0
10.43210393190384 8.582951731979847 10.5034693479538 0.4653588086366653 0.9547706544399261 23.6651523783803 20.6811501160264 57.7008868008852 0.09498615562915802 28.39639114588499 3086.928005505353 18.56348450481892 246.6649919375777 114.6025137752295 0 0.7866529077291489 175.8958416357636 248.4225656539202 1633.160033036023 6.227092571556568 16.75778540968895 0.765306681394577 34.74359901249409 4.234149634838104 97.5557776838541 2649.16588627547 918.3938200995326 3.461470678448677 86.11823824048042 48.11081058532 253.2196065932512 11.78833238407969 2.152316547930241 1196.530338224024 4.875449128448963 173.4201808199286 1285.815469436347 1858.249809578061 179.1863507181406 5.183154888451099 0.44117771089077 27.35827539116144 1.002751484513283 0 0.5598160549998283 0.1528489291667938 0 0 0 0.07057198882102966 0 0 0 54.63956459611654 0.09935083985328674 244.0113437771797 0 0 0.0824718177318573 0 50.86822322010994 3.637636877596378 0 0 1.133292451500893 0.3644747361540794 0 63.60527394711971 195.588807605207 114.7900803312659 0 0 0 288.0936739146709 0 0 2.819969788193703 2.333955958485603 1.785133272409439 20.65788141638041 2.261101558804512 1.362134538590908 0.3456518203020096 0 6.769331410527229 0
40.55660828948021 91.43867217004299 109.5242203101516 0.4450035765767097 0 8.530134469270706 34.24031119793653 98.09608402103186 0.2850376516580582 18.1185525432229 760.5402646064758 6.592158414423466 53.13173119723797 186.7613495998085 0 4.45163956284523 1665.515172369778 1633.160033036023 781.3510128036141 3.477070972323418 119.2689982131124 5.318155124783516 290.7839681953192 11.22622388601303 80.90487770736217 4130.466207753867 4131.964693441987 8.334646381437778 112.7085605412722 276.9951172843575 14.65438503026962 3.165079385042191 3.557699121534824 2531.932935200632 5.741212792694569 177.6088513806462 720.422484561801 1423.537165734917 151.5147587433457 6.018549256026745 0.2710860967636108 5.400296345353127 1.12645498663187 0.08118745684623718 8.319168470799923 0.6118509322404861 0 0 0 0.0839206725358963 0 0 0 13.21861339360476 0 138.6573642343283 0.08729060739278793 0 0.1393815726041794 2.631326638162136 62.65999016165733 22.23164352029562 0 0.1076946556568146 0.6839720606803894 0.3513028249144554 0 140.563487149775 414.1101027429104 578.78762178123 0 0 0.3201380223035812 97.07033358514309 0 0 4.555182620882988 0.3766810297966003 7.64313130825758 24.71743910014629 12.54467461258173 1.611310712993145 0 0 2.36012864112854 0
1.78304385393858 0 0.5253804475069046 1809.823303833604 3.342905297875404 565.3794330209494 263.5579591542482 127.5376460365951 144.6577065587044 3115.324082583189 26.86793596297503 2643.447802774608 2.397418268024921 54.63353773206472 148.1604233086109 0.1211806908249855 0.1469128578901291 6.227092571556568 3.477070972323418 669.199860021472 1.177073590457439 0.2963047698140144 1.009895533323288 600.8002021238208 0.07341849803924561 7.918752610683441 3.454101301729679 1210.486850105226 104.3805553242564 2.135490566492081 0.3455955013632774 25.66337514668703 1.522229500114918 78.30235484987497 46.8136777356267 368.093939371407 19.58030985295773 333.9464525356889 92.91775959730148 384.6211618259549 24.11313565075397 2.519237115979195 7.85429335385561 0 0 0 2.745123371481895 0 0 5.711438313126564 1.353664636611938 1.340074136853218 1.263657554984093 0 24.19157993793488 0.08567002415657043 0.3729230761528015 0 4.205367863178253 0 0 0 4.462810970842838 3.321114912629128 0.999975323677063 0.3177886605262756 40.08093463629484 0.1826328486204147 0.1551172360777855 0.8995030671358109 15.0076522231102 0.21309994161129 4.488334104418755 0 0 0 0 0.2950553596019745 16.45680241286755 0 0.9857261180877686 0.2964013814926147 7.082006216049194 0 0 0
44.35911252349615 22.96418146789074 1291.401999101043 1.601241283118725 0.1723063886165619 3.369340874254704 870.6571310758591 95.35363835096359 6.695764496922493 55.02528202533722 13.81302857398987 0.7541451454162598 3.194827005267143 136.6088744103909 0 1636.188693784177 810.7704734355211 16.75778540968895 119.2689982131124 1.177073590457439 9552.00899323076 288.3585686013103 13755.05201052129 313.6025886982679 3.271659918129444 246.5267504751682 1819.738425914198 4783.436570808291 196.9617244563997 13362.48093235493 0.3805334344506264 1.120472647249699 24.97934703528881 2362.305403731763 258.5836885496974 2540.601407177746 468.0516500174999 4478.495758503675 1742.227795012295 41.36474397778511 5.017246574163437 2.321149334311485 38.95749060809612 1.499666146934032 10.11868900805712 22.9370474293828 0 0 0.3378628492355347 2.067948497831821 0.5746689513325691 3.0951928794384 0.922152653336525 0 0.2678862139582634 1.521789997816086 2.122482664883137 0.09292343258857727 72.13802146911621 0.4481738582253456 0.3384385257959366 1.53476769477129 0.2177695333957672 8.61543020606041 13.76716450601816 29.36445263773203 7.761211261153221 1.482457481324673 16.59300719946623 299.4762564897537 1.219603702425957 2.68922957777977 2.818763971328735 0.127461239695549 0 0.1233954280614853 3.524366103112698 5.514406032860279 98.98558875918388 3.976520597934723 4.70822985470295 2.105008028447628 7.062379002571106 0.3643898963928223 0 0.7041017562150955
1.535761192440987 1802.028561212122 32.85243417322636 3.070307999849319 0.2946180701255798 2.309052243828773 279.0277961939573 9.906583122909069 2210.997814662755 20.20006094872952 4.448030009865761 10.23935793340206 55.09639653563499 10.21977457404137 13.62407772988081 2964.854970030487 16.27604985237122 0.765306681394577 5.318155124783516 0.2963047698140144 288.3585686013103 2045.672217495739 536.1650123521686 5046.540556080639 420.5621774196625 23.79270456731319 1419.784569405019 533.282978951931 11.90419049561024 191.5710332095623 2.177746042609215 0 1.218592271208763 30.35442782193422 6.616985000669956 115.2896002754569 36.57958255708218 88.0916086435318 43.73124397546053 22.04371546208858 0.5139880105853081 7.692642569541931 0.2016820013523102 1.532794803380966 131.1207812801003 240.8263403102756 0 0 0 3.257417447865009 1.320342108607292 57.08979466557503 0.3895862251520157 2.020190544426441 3.145810998976231 11.00035207718611 4.966529622673988 1.957210056483746 304.787356287241 7.06892604380846 0.9477793425321579 6.44243960082531 0.3687381818890572 24.27105141431093 66.66481800377369 91.70070030540228 52.67463704943657 48.96147062629461 171.4148236438632 3342.03334659338 7.271289885044098 9.449542738497257 12.37272303551435 1.30680276453495 0 2.683836191892624 7.793343931436539 0.5142328590154648 62.74008872359991 16.72216642647982 20.98877373337746 7.442854680120945 6.023176267743111 0 1.967120043933392 0.1277314573526382
53.10517908260226 197.990237288177 8428.458136193454 0.2933925241231918 0.1565030813217163 6.813585706055164 336.8035625256598 160.9066897928715 7.495138831436634 29.54696491360664 40.60398183390498 1.395852372050285 3.13882865011692 218.7670686133206 0 2189.414948061109 2813.571090247482 34.74359901249409 290.7839681953192 1.009895533323288 13755.05201052129 536.1650123521686 12756.12164806575 320.2129434794188 16.48284908384085 2468.654135636985 12644.66715336964 1189.727516897023 126.73918376863 5808.184500008821 0.3680404499173164 1.784976057708263 7.566576577723026 2615.585610181093 392.0775677636266 6213.393630191684 2241.719167709351 7942.444955848157 5063.730562373996 203.9622512981296 10.51216737926006 4.506311818957329 73.5779392272234 0.388483539223671 54.880440749228 232.7794927880168 0 0 0 1.187486961483955 0.0818302184343338 8.013156682252884 0.7755447402596474 1.39964198321104 0.9953701868653297 1.740275122225285 0.5316172093153 0.7746754735708237 44.44775858521461 11.67902524769306 1.513625375926495 13.3954906463623 0.2406251728534698 6.059234008193016 22.41278134286404 23.59671635180712 7.074279993772507 7.750623926520348 217.3660816550255 1292.890332110226 1.186492674052715 1.407347701489925 1.615770310163498 0.3010436296463013 0 0.2283322885632515 10.79001884907484 20.20764829963446 135.117546595633 23.6227452903986 33.33884063363075 12.43830333650112 4.832295708358288 0 1.328531444072723 0.5417239516973495
77.30394746363163 287.0066669732332 7.147868432104588 1429.584016002715 12.99333970248699 116.5957558229566 3471.997274972498 334.0423386618495 8566.804262235761 996.4426573514938 20.95064986497164 1430.928708918393 24.73749806731939 385.391915731132 517.9355215579271 1367.104560315609 28.87279066443443 4.234149634838104 11.22622388601303 600.8002021238208 313.6025886982679 5046.540556080639 320.2129434794188 6744.955590613186 54.33810475468636 16.54567690193653 1328.504983022809 9528.796488501132 345.5766179859638 1650.947004333138 0.3496884778141975 11.84255959838629 41.56968775391579 180.2093692719936 204.2600967735052 3280.634955950081 306.5585375130177 757.271906979382 500.8533901497722 586.0693476349115 11.53638879209757 45.5842338129878 16.25954664498568 48.711300522089 43.15616145730019 41.77793790400028 118.1379344910383 0.1892838627099991 21.79548640549183 364.3331833183765 45.81506181508303 163.833973608911 96.00149765610695 0.9062132425606251 150.0825457796454 2.76418599486351 70.70687179267406 14.28286699205637 1886.86078389734 3.904397532343864 0.3782107755541801 2.503424614667892 149.0836143642664 515.7940175533295 398.9525485411286 358.0999079048634 1699.56726616621 5.471734240651131 31.18729311972857 1403.75944429636 584.6780810952187 138.8756788745522 316.0985272601247 0.1050288081169128 1.469072394073009 21.86030359566212 32.47258234769106 9.28913738578558 751.7395919114351 12.36131615936756 44.04619657993317 14.29725268483162 364.4501073285937 6.437055267393589 4.552033104002476 0.5515184476971626
0.3062907457351685 1213.831046693027 9.966290660202503 0.07730097323656082 0.1809492856264114 1.411815099418163 3.76894998550415 2.832750707864761 43.16056384146214 1.426878906786442 1127.198377922177 0.4447517618536949 6230.814740918577 4.46046008169651 0.1085015013813972 43.46845151484013 35.48595244437456 97.5557776838541 80.90487770736217 0.07341849803924561 3.271659918129444 420.5621774196625 16.48284908384085 54.33810475468636 205.8885373920202 921.6901075169444 3519.750408917665 4.919515393674374 2.528067283332348 2.436489202082157 298.1156280115247 0.3910366371273994 0 389.987613633275 3.362691402435303 311.2832294777036 483.0837215930223 632.7807959988713 178.2825912088156 15.53685483336449 99.02855601906776 367.7269223406911 0.6348154246807098 0 0.6388152986764908 3.660720512270927 0 0 0 0 0.1277062594890594 0 0 480.9774878025055 0 1854.761553026736 0 0 0.2074117586016655 0 10.06994880735874 1.198048546910286 0 0 1.363983318209648 0 0 87.0250196158886 74.85912834852934 80.32876967638731 0 0.205593153834343 0 258.269284747541 0 0 265.371387720108 1.561829328536987 55.22631175071001 343.8309788778424 84.64009408652782 16.90136969089508 3.136216640472412 0.5508824586868286 358.7605847120285 0
47.16736988723278 1023.782134972513 4500.843001045287 0.4088383764028549 0.1226805970072746 23.01492020487785 142.2029903717339 202.3717384934425 2.221716418862343 43.18015181645751 1310.242714934051 18.28433718532324 515.2587510794401 297.5644539147615 0.1028840094804764 10.36870744824409 3668.389643080533 2649.16588627547 4130.466207753867 7.918752610683441 246.5267504751682 23.79270456731319 2468.654135636985 16.54567690193653 921.6901075169444 24467.02735069394 25318.67684020102 32.12182074785233 151.1413446590304 576.1293088831007 921.9289264529943 11.75318825244904 4.334825709462166 1990.671905435622 55.72426156699657 1850.792173415422 6186.358744092286 4566.788067519665 956.6661846265197 59.09745386242867 2.065756380558014 43.45659830421209 5.747459441423416 0.262614369392395 148.0289556831121 3.524120725691319 0 0 0.08134608715772629 0.8369955569505692 0.7498611733317375 0.8508383184671402 0.07420267909765244 137.3112254962325 0.2000705152750015 1090.665615096688 0.637074239552021 0.09857922047376633 0.8153340965509415 12.07288395613432 285.9690119102597 245.7361063063145 0.1214228644967079 2.063221529126167 8.565865606069565 2.539324417710304 0.3902767822146416 1135.791581057012 2463.881789475679 3982.29803006351 0.1242149695754051 0.755029059946537 1.445800386369228 711.0119717344642 0 0 49.73109237104654 9.034361630678177 48.67674397677183 276.659950979054 86.98758815228939 12.60029256343842 0 0 31.59538340568542 0.3543025776743889
28.17221218347549 4840.71945541352 9889.732636041939 1.352959007024765 0 9.299102216959 321.051177546382 123.9543486796319 24.6227333471179 37.55593068897724 618.6965959668159 6.754076838493347 2402.30139259994 165.9627235904336 0.1111105903983116 3684.894225753844 9177.979758344591 918.3938200995326 4131.964693441987 3.454101301729679 1819.738425914198 1419.784569405019 12644.66715336964 1328.504983022809 3519.750408917665 25318.67684020102 25474.91422215104 1797.832954920828 86.9813491627574 651.9376195631921 1303.474921695888 4.519249193370342 3.424769401550293 3526.083216350526 211.3609183952212 4686.373498730361 4167.658497139812 9392.186271980405 3567.228949032724 169.0082288905978 9.303359143435955 34.10128362476826 29.24217255413532 0.3916437476873398 1249.181264385581 615.0536810159683 0.0836208313703537 0 0.5249335616827011 7.5553063377738 2.59991055727005 3.73274552077055 0.4341647997498512 114.1050799116492 0.1343231499195099 706.2167239934206 4.1385293379426 0.167574554681778 37.13484656065702 109.8135598897934 124.6470676213503 291.1469068229198 0.203857846558094 12.40966779738665 36.82314967364073 26.82706889510155 5.346942067146301 1284.594902813435 2783.808440707624 8253.674094587564 2.705874726176262 2.520023196935654 5.922120086848736 538.2822749316692 0 0.2003747597336769 82.20820319652557 27.55134832859039 189.7254805415869 418.4707336053252 250.4090621843934 53.32730023562908 8.977670751512051 0 16.12015789747238 0.6265894621610641
35.60625157505274 37.86630080640316 121.849127240479 2209.41653829813 1.139045521616936 235.703233987093 12445.65608747303 240.2611913979053 808.9442750290036 3358.724363349378 9.879766564816236 1179.891964003444 1.826554164290428 214.2305684536695 48.21446485072374 1259.700999900699 35.66980823129416 3.461470678448677 8.334646381437778 1210.486850105226 4783.436570808291 533.282978951931 1189.727516897023 9528.796488501132 4.919515393674374 32.12182074785233 1797.832954920828 14291.7188995555 244.4521676078439 6024.680377274752 0.1996848061680794 5.927495539188385 66.7152247056365 328.4462001100183 235.9445924982429 2509.144023180008 230.0607374086976 1359.010384589434 736.1537692397833 177.137682326138 14.80876240879297 2.972084879875183 25.67932303994894 21.04259327799082 12.15864979475737 25.61309913545847 31.63015788048506 0 8.936605766415596 146.4991263598204 21.38049417734146 31.72072803974152 30.27897798269987 1.032477751374245 53.79750274866819 0.2857010960578918 30.79481593519449 3.772951282560825 595.4534277543426 1.61037278175354 0 1.7019372433424 42.77587150037289 203.8618557751179 73.30766791850328 92.22998014092445 602.7656846269965 0.6632576137781143 10.25655065476894 406.6907460466027 200.3302687481046 61.91646453738213 140.0868279635906 0 0.5374541282653809 10.21986584365368 11.25002328306437 8.314203642308712 256.2480362132192 4.088422127068043 13.88153269886971 6.4240587875247 118.2387898564339 2.181990996003151 0.2613860368728638 0.40254095941782
3252.071307972074 2.338721461594105 26.39213559031487 19.43493637442589 7.659129872918129 275.5124079212546 1763.171800937504 903.2747712135315 6.5913987159729 716.7439141348004 359.3967109769583 200.6890833899379 15.45630007982254 6848.495673172176 0.6742342039942741 63.09089374542236 120.7465808279812 86.11823824048042 112.7085605412722 104.3805553242564 196.9617244563997 11.90419049561024 126.73918376863 345.5766179859638 2.528067283332348 151.1413446590304 86.9813491627574 244.4521676078439 13698.64304472506 3842.520223807544 1.596648015081882 1312.223685972393 1967.339680023491 3976.078682016581 47.70361112058163 499.4247690215707 238.1117013730109 3444.028388090432 454.7228158339858 41.04734032601118 11.48261021822691 10.29585710167885 7.717795841395855 0 0.2018705904483795 2.052144147455692 0.4574836194515228 0 0 1.837500877678394 0.2244666442275047 0.1380612254142761 0.1958201825618744 0 0.797404557466507 0.8510208055377007 0.08426166325807571 0 8.441206753253937 0.1196257546544075 0.1049822643399239 0.2836268395185471 0.3440288975834846 2.743688963353634 1.634222127497196 1.26267571747303 4.136855147778988 1.330184951424599 4.234473265707493 20.66207478940487 2.545479968190193 0.09376361966133118 0.1063571721315384 0.5342636108398438 0 0 0.126826599240303 0.7595393657684326 7.67117728292942 0.1377634406089783 1.417861729860306 0 0.1112076714634895 0 0 0
