2550.106553718448 1.578419029712677 186.48793412745 0.4156564697623253 0 10.29563719034195 3292.352776966989 189.4071283265948 9.452893868088722 49.00118803977966 11.27299806475639 0.1660397201776505 2.306507915258408 5168.762251101434 0.1297134011983871 2.997245773673058 212.0862925797701 3.006985649466515 45.10579284280539 0.583980955183506 86.73501615971327 0.6664649322628975 234.3085868284106 117.3685048222542 0.2116424590349197 50.93259482830763 27.38063012808561 159.1304100304842 7613.255775533617 3183.107498265803 0 3.387016497552395 401.2140356227756 300.1477058306336 3.368130467832088 96.04507618397474 29.34568027406931 179.7999888211489 41.71382097899914 8.657746493816376 1.637361392378807 0.1047804579138756 0.5128702968358994 0 0.6228701919317245 1.844112351536751 0 0 0.642909049987793 9.379034802317619 1.13179424405098 5.006190605461597 0.3641125112771988 0 0 0 0.8526665568351746 0 41.3162265047431 0.1462012380361557 0 0 0 9.612504199147224 8.079332828521729 17.18967309594154 63.83661513775587 0 0.9391609951853752 14.39919594675303 57.81194016337395 0.7103399485349655 1.80083155632019 0 0 1.020728379487991 1.427691042423248 0.7081801295280457 24.88607061654329 2.237221151590347 6.807935565710068 1.203169390559196 1.660347700119019 0 0 0
1.578419029712677 242.7945948839188 4.152660042047501 0 0.2626772597432137 0 9.272497281432152 6.898351438343525 759.5479489564896 0.4361478835344315 20.73414403945208 0.36456298828125 1034.499517574906 1.330080971121788 7.875216767191887 267.0481584221125 2.245302006602287 15.74286767840385 46.46713919192553 0 9.524114444851875 1848.532614715397 7.495346143841743 659.1352587640285 2810.535624399781 194.0930430591106 4621.094532378018 37.13262397795916 2.861702978610992 1.706000477075577 97.21006963402033 0.1153792664408684 0.2354376539587975 14.01677389442921 0.9235768914222717 31.89167512208223 37.70681908726692 20.07699300348759 11.39448247104883 1.937045000493526 0 128.8627055287361 0.7200858891010284 0 197.2999426797032 47.85010050982237 0.104911744594574 0 0 0.143689826130867 0 23.57301545143127 1.020743124186993 2.56298516690731 0 26.72777626663446 0.1053875908255577 0.2862806767225266 7.940101854503155 5.301346801221371 0.5777087733149529 1.110821776092052 0 0.5153456181287766 351.3606126233935 3.101635336875916 19.98879694193602 30.12895974516869 41.32991171628237 813.4458489865065 3.925317369401455 0 0.1658266335725784 3.673717372119427 0 0 4.628883257508278 0 11.8640119805932 6.854485757648945 18.72704596072435 2.991757914423943 0.5965298265218735 0 1.422395661473274 0
186.48793412745 4.152660042047501 11104.39590827376 0 0.2500749155879021 85.63965511322021 1532.135425835848 1554.069358199835 1.191994778811932 65.73662339895964 72.79136082530022 1.120964087545872 6.555760942399502 1087.273485690355 0.726590096950531 41.5449500605464 10260.06838591397 74.75827449560165 1276.89760813117 0.2279137969017029 959.1292491853237 0.8915069475769997 14374.22504156083 52.80946880578995 0.537016473710537 14543.71054288 3487.765264056623 362.9810163006186 204.6326483339071 1945.131371833384 1.64211131632328 5.258601441979408 8.044215574860573 1634.257064387202 83.03716537356377 2300.580633513629 3248.728701837361 3438.551037713885 1313.872645780444 56.15512656420469 9.120996095240116 15.69017904996872 11.9355975240469 1.073169745504856 158.0941497683525 1465.237433999777 0.8797490298748016 0 0.3533130288124084 23.33650134503841 5.377912662923336 9.201391525566578 0.1009345725178719 5.881271481513977 0.3339646458625793 10.55293291062117 11.52248419076204 0.740543968975544 24.5607990399003 55.02923600375652 15.38245937973261 31.49510353058577 0.07795125991106033 3.094133272767067 222.5559366047382 75.88169703632593 50.57277957350016 8.099059522151947 995.7056722566485 3804.780893690884 26.05754259228706 1.277455128729343 3.58076298981905 11.13405349850655 0 0 31.07282662391663 6.735560059547424 61.71689900755882 45.34070517122746 141.3206827566028 19.21341545134783 2.624406531453133 0 0.1570184975862503 0.8326706290245056
0.4156564697623253 0 0 4154.63360658288 3.218570791184902 64.15743876993656 10.444220662117 28.7282527461648 920.6233789920807 2861.635443717241 5.998473510146141 4024.652798391879 0.8636159747838974 17.85826266556978 108.0848550200462 0.1768135875463486 0.09831829369068146 0.1625851318240166 0.1296560317277908 4809.283144325018 0 0.5992731004953384 0.2802480757236481 2363.629614040256 0 0.372136652469635 1.49662908166647 2409.175029844046 34.08190159499645 0.6310810819268227 0 4.160393483936787 0.9334033355116844 16.79588618129492 1.578511342406273 111.0868734791875 1.737127520143986 45.02918223291636 12.98228062689304 219.2047944962978 2.86993358284235 1.143466025590897 0.4872789680957794 0.7364901155233383 0.2416104525327682 0 147.3074625656009 0 12.16104608029127 38.13995514065027 34.78525879234076 36.09903285652399 257.8180924654007 9.511688135564327 258.6090834438801 0 19.37844750285149 8.477508820593357 0.2533455789089203 0.117283470928669 0.107525996863842 0 130.7027526050806 0.1445433795452118 0 0.1501840949058533 730.2248823866248 0.1442937105894089 0.3561254441738129 0.9505842551589012 536.3049164041877 18.13476713001728 1.284416437149048 0 3.761871516704559 0.3936896100640297 21.61616507917643 0.4751926213502884 25.30794937163591 0.2412666231393814 46.54994335770607 6.403476484119892 30.51945769041777 2.750791907310486 0 0.2455923557281494
0 0.2626772597432137 0.2500749155879021 3.218570791184902 565.6504546999931 943.2214458137751 5.438480511307716 20.01789923757315 94.50858006626368 13.47659732401371 15.69501833617687 240.9841515272856 7.700079828500748 8.980650693178177 1170.926767274737 0 0.08186521381139755 0 0 9.194078728556633 0.1283504515886307 0.6488276943564415 0.1344419717788696 21.49078743159771 0.203723356127739 0.2191905528306961 0.568567305803299 3.540452674031258 44.85206958651543 0.1042924299836159 0 229.1719305738807 0 192.7945252135396 1.073147773742676 168.3708362281322 4.07280071079731 262.3284909874201 80.59841339290142 4698.743045307696 277.654276356101 2.884988337755203 5.677105382084846 0 0 0 0 0 0 0 0 0.1735634058713913 0 0 0 0 0 0 0.2037318795919418 0 0 0 0 0 0 0 1.933641687035561 0 0.1910707131028175 0 3.785670280456543 0 0 0 0 0 0 0 0 0 0.8875136971473694 0 0 0 0 0
10.29563719034195 0 85.63965511322021 64.15743876993656 943.2214458137751 17114.92838966846 3972.88732765615 10486.92546383291 320.4034673348069 11401.83540668339 151.2697089314461 5153.770942926407 15.87172649055719 997.2522233091295 2597.481175236404 0.4733397215604782 7.985518530011177 11.34819876775146 7.200258366763592 298.9969025999308 29.99946847558022 1.947759345173836 30.2734532430768 213.229348115623 0.2698248848319054 51.68286290019751 8.365922212600708 661.7712270319462 560.6322937980294 21.98562671989202 0.9085815623402596 346.7421038560569 9.154603689908981 355.2055889293551 9.375106200575829 787.9911787733436 29.16231399774551 532.2478680983186 81.0080177411437 6073.088437259197 116.1272996738553 8.592214554548264 8.125241488218307 0.6594439744949341 0.09058014303445816 1.086050800979137 5.215596914291382 0 1.183548778295517 33.77148629724979 5.727472752332687 14.85048817843199 8.796693593263626 0.7269536331295967 39.16458432376385 0.1759998425841331 2.285806760191917 7.243323534727097 3.651104718446732 0 0 0.1123254671692848 4.220677822828293 2.655494675040245 0.2849091589450836 0.5957808122038841 127.2821755409241 0.07965774834156036 0.981222964823246 5.032248690724373 103.4815822765231 6.603691697120667 3.31728720664978 0 0.907165989279747 0 4.250147372484207 1.086851730942726 13.98182773590088 0 14.60919010639191 2.025023266673088 3.707982838153839 2.270089715719223 0 0
3292.352776966989 9.272497281432152 1532.135425835848 10.444220662117 5.438480511307716 3972.88732765615 17060.93208966032 5815.016996085644 136.4339643195271 14061.35800598934 136.9491930007935 22.19450872391462 9.564246460795403 8794.208125051111 12.24575144052505 12.35750455409288 118.5396084040403 15.61341943964362 52.63140945881605 18.89226303994656 1837.416393108666 26.7937550842762 1352.669049412012 2501.038209788501 0.762725330889225 486.2372939027846 201.5884103551507 23689.16156190634 3111.347106207162 2855.219823539257 0.5161697119474411 93.78017384186387 222.1839778199792 754.6392930857837 67.90331949293613 2525.154122404754 80.55389169603586 2162.837466936558 632.3573710769415 437.4743901267648 131.3833745643497 7.485390827059746 30.89512079954147 0.2817570045590401 4.242165543138981 22.28245182335377 23.98920757323503 0 4.642625235021114 57.39774505794048 20.81599186360836 40.25703217834234 103.7715930193663 3.046487927436829 5.473192252218723 0.1930466592311859 14.46249115467072 4.511190831661224 54.58253469318151 0.4150325357913971 1.297376535832882 0.6766288578510284 17.74065782129765 13.15770056843758 31.16613735258579 19.53248062729836 496.2994820326567 0.2645172774791718 17.72742650657892 134.6984820365906 376.7313199564815 13.40978710353374 16.3060140311718 0 3.098829828202724 2.331244565546513 18.27367244660854 12.53621728718281 87.40203099697828 3.656734138727188 61.56812036037445 13.40463115274906 15.49007369577885 0.873691238462925 0 0
189.4071283265948 6.898351438343525 1554.069358199835 28.7282527461648 20.01789923757315 10486.92546383291 5815.016996085644 19620.98374833167 66.07503766566515 6695.632570713758 104.6632962450385 987.4533715769649 12.88017436116934 9387.818729579449 163.1135890558362 3.094676330685616 324.9295720160007 10.25260779261589 101.9753372594714 173.8789549469948 220.838087759912 14.1548363789916 465.501964867115 435.7334103658795 0.8430697545409203 571.4702561162412 68.47814448922873 436.6749188117683 475.1025993414223 1163.492975957692 0.6491040140390396 363.3513837046921 23.39551432430744 360.1123776584864 5.897349938750267 842.8936601132154 64.49230660498142 571.9732343629003 159.2080760672688 1389.614351190627 42.77303500473499 8.852220386266708 7.418336994946003 0 1.330603055655956 11.24262085556984 4.402997404336929 0 1.176698118448257 89.36767910420895 9.743147313594818 22.72740639746189 12.75519984960556 0.4854190051555634 4.811901621520519 0.3359024599194527 13.21180684864521 6.914908528327942 69.98317532986403 0.6310674920678139 0 0.4273633360862732 1.906095065176487 18.47568941116333 20.07583586871624 12.03922858834267 341.3255405277014 0 8.542223922908306 50.02005632221699 265.3338441774249 7.469794884324074 25.21593456715345 0.925937831401825 1.344204902648926 0.1780363023281097 11.83426877856255 0.8348037898540497 60.406025826931 3.250681683421135 47.09279655665159 9.94680941849947 8.069064728915691 1.627076864242554 0 0
9.452893868088722 759.5479489564896 1.191994778811932 920.6233789920807 94.50858006626368 320.4034673348069 136.4339643195271 66.07503766566515 1387.206250548363 382.0793815329671 7.744501940906048 1489.476194836199 59.72462238371372 19.14700244367123 1368.341708660126 3.391606606543064 1.530442051589489 5.270512871444225 2.778151646256447 625.8668578714132 1.849641717970371 4257.029673822224 1.247653640806675 10227.97850769013 341.714714281261 54.29038904607296 744.4300283789635 932.6783733591437 43.06959090381861 22.95288310199976 11.4840824753046 5.789238139986992 7.293477676808834 33.15525782108307 2.87901309132576 397.3030063733459 27.7034313455224 86.19843524694443 24.31038719415665 367.4196911603212 5.844850808382034 3.31475992500782 0.8232213854789734 0.1655353158712387 11.24314151704311 1.207035139203072 130.3520778045058 0.6067717969417572 17.52401912212372 29.7161166369915 28.92727150022984 332.0170393288136 211.2819001302123 4.440087646245956 514.4975738748908 2.849189788103104 10.34449061751366 28.43377985805273 21.87376210093498 0.304422453045845 0.7991353198885918 0 102.4628383219242 0.5984818041324615 57.67240163683891 1.125506415963173 2317.075537420809 4.665681071579456 6.258483946323395 29.77284920215607 715.1525842249393 17.30592674016953 1.485513642430305 0.6596841216087341 3.632597334682941 2.638806901872158 19.05169492959976 3.28646631538868 47.74745365232229 1.194813072681427 50.54689105600119 10.60487476736307 147.1747639924288 3.439091458916664 0.1293292194604874 0.1662099063396454
49.00118803977966 0.4361478835344315 65.73662339895964 2861.635443717241 13.47659732401371 11401.83540668339 14061.35800598934 6695.632570713758 382.0793815329671 38098.75255185366 291.071071870625 9435.6559259817 25.06806116551161 2928.855472870171 72.15033453702927 0.49167450517416 8.926371730864048 26.68360301107168 11.87783913314342 6870.749478124082 19.94041776657104 1.886731438338757 27.7159730270505 1549.289018109441 0.4011902585625648 53.75536121428013 17.40215773135424 4491.185930941254 2330.508018754423 23.41103433072567 1.230267323553562 179.4449597969651 21.03447476029396 853.9762363806367 50.89923959225416 2985.093000136316 80.43338458240032 2436.295476086438 471.5537029132247 490.7149606794119 243.6089118421078 10.4806163161993 56.02691439539194 0.3666740506887436 0.9689435437321663 1.272862054407597 253.0299834907055 0.7356390058994293 58.39973879605532 234.8052546307445 166.9544925615191 113.7942000329494 776.1514838635921 30.35649094730616 97.00131738185883 0.5224062949419022 117.8263368085027 22.06777919828892 2.339526683092117 0 2.197241596877575 0.1482126712799072 150.8719063773751 0.3914707899093628 0.7449023574590683 1.101119689643383 1983.823039755225 0.4678759276866913 1.979258932173252 6.061487331986427 1528.744404584169 94.176743529737 31.1347746104002 0 18.99519254267216 4.624752320349216 119.7668062672019 14.29545075446367 142.0435013175011 2.081622362136841 246.1988050714135 45.40381133556366 78.42541347444057 13.84079579263926 0.6333021521568298 0
11.27299806475639 20.73414403945208 72.79136082530022 5.998473510146141 15.69501833617687 151.2697089314461 136.9491930007935 104.6632962450385 7.744501940906048 291.071071870625 10785.13951496035 133.1117987558246 1621.665456168354 174.8943289257586 2.303435571491718 5.750136949121952 286.619172424078 2543.661708325148 2255.47044993937 36.37962729483843 31.66428634524345 5.952507637441158 155.1353248283267 58.47981130331755 400.5231223851442 1884.532395541668 870.9873434379697 55.83042477816343 469.9202808327973 33.0056611597538 343.0859220698476 347.0243928581476 3.369755662977695 6713.300109826028 24.86655152589083 1197.536895468831 7806.620396994054 5646.325855653733 850.6624021977186 119.777325078845 69.79532514512539 2164.947756104171 35.17590598762035 0.3529300093650818 7.262107528746128 0.8063020929694176 0.4581440389156342 0 1.919230163097382 15.45095405727625 0.1811300963163376 6.463287502527237 1.202997758984566 265.621236987412 0.322852723300457 1221.165378935635 0.6012892723083496 1.1084144115448 0.2028145790100098 0.1330710649490356 2.640378266572952 0.6923509836196899 0.4922197759151459 1.475453719496727 1.181533046066761 0.2964952513575554 54.34968904405832 103.1691813245416 143.2496877834201 290.6334534212947 39.12149869650602 2.176281645894051 3.66602037101984 144.3439771831036 0 0.166878342628479 1.003416731953621 1.829032972455025 31.57293818891048 240.7178854048252 18.08819246292114 3.869642965495586 2.741952374577522 0.4359713196754456 434.6682036221027 0.2442494183778763
0.1660397201776505 0.36456298828125 1.120964087545872 4024.652798391879 240.9841515272856 5153.770942926407 22.19450872391462 987.4533715769649 1489.476194836199 9435.6559259817 133.1117987558246 20950.93923666328 14.05956629663706 456.3325349763036 3733.47510586679 0.07680966705083847 0.4578695595264435 9.518369846045971 1.706410013139248 8337.301280893385 0.3763086497783661 2.184948839247227 1.006528586149216 482.7401095703244 0.3422996923327446 9.372906714677811 4.740991204977036 418.116295017302 305.2553226128221 0.7991175726056099 0.4525613933801651 132.7050246074796 0.09403425455093384 316.9879476577044 1.252749592065811 717.5875764265656 19.48416472971439 429.619897864759 28.84772309660912 3115.708876408637 37.31906267255545 5.281440570950508 3.7805145829916 0 0.4508428275585175 0 71.25189416110516 0 8.559728786349297 10.07260259240866 3.842566028237343 39.35353030264378 127.3003160431981 0.21682009100914 463.0597529113293 0.0816052109003067 2.146874830126762 13.35580663383007 0 0 0 0.08641524612903595 64.53691582381725 0.2144872546195984 0.1325076520442963 0 332.3215048909187 0.07134758681058884 2.12263885140419 1.037985175848007 243.0614996254444 1.254332542419434 0.1588790863752365 0.074220210313797 0 0.4232825636863708 1.062535777688026 0.5540534853935242 5.893450126051903 0.1609825491905212 3.109967529773712 0.6498382464051247 92.06277380883694 0 1.072946190834045 0
2.306507915258408 1034.499517574906 6.555760942399502 0.8636159747838974 7.700079828500748 15.87172649055719 9.564246460795403 12.88017436116934 59.72462238371372 25.06806116551161 1621.665456168354 14.05956629663706 2671.516176380217 7.521795213222504 0.2377772182226181 11.67549742013216 0.4686726778745651 14.43600805103779 5.324617207050323 4.258243083953857 5.983784317970276 196.0731891095638 11.39285393059254 53.11288838088512 4657.489462412894 271.2521675154567 3526.409159965813 14.46342046558857 11.08933226764202 3.516464360058308 1147.451750896871 53.95438760519028 0 845.6637669950724 46.84936195611954 2699.309432052076 4250.33220820874 2185.639199644327 228.2693710252643 137.4292063266039 87.53007058799267 2163.492128662765 42.16724464297295 0 26.51954130828381 2.837701998651028 2.098095834255219 0 0 0.810246616601944 0.2546731308102608 3.169540725648403 3.173419237136841 746.2453140169382 24.9598491191864 4930.442974418402 0.09421855211257935 0 0.2153379842638969 0 2.743270590901375 0 7.053594648838043 0 3.198436081409454 0.9373479411005974 13.0490016117692 443.8420428112149 216.1711224168539 718.6663378179073 11.29935398697853 0 0.6443696320056915 439.2917349338531 0.2063398063182831 0 2.35373480618 7.273126684129238 1302.241232529283 672.2037519291043 30.45041926205158 11.35606718808413 125.8714939281344 0 849.7575257793069 1.190533615648746
5168.762251101434 1.330080971121788 1087.273485690355 17.85826266556978 8.980650693178177 997.2522233091295 8794.208125051111 9387.818729579449 19.14700244367123 2928.855472870171 174.8943289257586 456.3325349763036 7.521795213222504 16770.87645024061 10.00499478727579 4.580935269594193 467.0488470718265 15.70574474334717 108.8843335062265 126.1232510358095 140.8564061447978 5.323187671601772 541.9269964993 234.7778388634324 0.6056018993258476 324.5062204934657 70.71599427610636 369.0121476911008 5153.244501236826 3168.952241763473 0.594366081058979 169.5792504884303 43.93180572986603 685.7154673933983 5.069509357213974 420.2320981249213 63.72661366313696 669.4912219271064 107.5140215530992 216.4879636615515 15.14237076044083 4.010121867060661 2.606555238366127 0 0.45871751755476 7.237749122083187 0.8685252740979195 0 1.01020285487175 33.85909856110811 3.684685111045837 13.04097408056259 9.071429178118706 1.010968312621117 1.321530625224113 0.4908326864242554 3.85275761783123 1.540950767695904 48.99192705005407 0.1843813434243202 0.5646905228495598 0.2696732804179192 0.4815370440483093 11.41042108088732 9.572682000696659 15.00775951147079 156.4456683322787 0.2890604138374329 6.373623080551624 28.17303172498941 131.6565155163407 6.30828345566988 11.05233212560415 0.1401779800653458 1.218015536665916 0.6134282946586609 7.998520016670227 2.127957612276077 33.2130888029933 0.9762475490570068 13.49110769480467 5.632574632763863 4.950293257832527 0.131015807390213 0 0.1493278592824936
0.1297134011983871 7.875216767191887 0.726590096950531 108.0848550200462 1170.926767274737 2597.481175236404 12.24575144052505 163.1135890558362 1368.341708660126 72.15033453702927 2.303435571491718 3733.47510586679 0.2377772182226181 10.00499478727579 1012.873042322695 0 0 0.1248685270547867 0 323.8664028719068 1.055759809911251 22.19454969465733 0.7483699321746826 836.5172013640404 3.717160753905773 0.2107967138290405 6.955766446888447 42.77966573089361 15.20102942734957 1.80418187379837 0 52.13187149912119 0.1512951254844666 6.464005246758461 4.417134150862694 98.52573098987341 0.2272720485925674 18.85203583538532 0.2488450333476067 1546.89343623817 34.68983782082796 0 0 0 0.4439525008201599 0 2.95687934756279 0 0 0 0.9137451648712158 8.469804599881172 5.62530891597271 0 26.73068077117205 0 0.3041321933269501 0.8508570194244385 0.50550177693367 0 0 0 3.598687022924423 0 0.1408574283123016 0 22.77883363515139 0 0 0.2892629951238632 12.59284809231758 0 0 0 0 0 0 0 0.5600078105926514 0 0.1113362237811089 0 14.70136392116547 0 0 0
2.997245773673058 267.0481584221125 41.5449500605464 0.1768135875463486 0 0.4733397215604782 12.35750455409288 3.094676330685616 3.391606606543064 0.49167450517416 5.750136949121952 0.07680966705083847 11.67549742013216 4.580935269594193 0 5357.700503945351 58.26242087036371 1.870031617581844 17.71641731262207 0 4753.571248844266 2321.192984826863 5886.591543778777 1426.435634098947 32.5226024389267 141.833988904953 3000.706026509404 1872.805877909064 11.03991825133562 10.16823247075081 0.7860949710011482 1.054705634713173 2.274675481021404 111.0148389190435 47.69456392526627 2890.759124770761 802.4986894056201 949.3290729522705 665.5812110602856 127.7275540307164 9.666884787380695 9.244916141033173 19.54647014290094 0.1098977848887444 30.90950768440962 76.65615946054459 0 0 0 5.795393645763397 0.4494397044181824 105.3492892757058 0 2.210907056927681 0 4.189669616520405 0.9473308175802231 1.189864799380302 6516.037817962468 10.47973031550646 0.9232006072998047 3.864439278841019 0 362.8044048696756 1782.406259402633 1759.761239662766 498.7258401587605 6.175168119370937 67.85851858556271 1347.692470148206 329.2573236301541 0.5836621448397636 36.57728880643845 6.304435849189758 0 0.9546527042984962 20.84305943548679 11.11908771842718 215.5897108912468 31.44231849163771 79.02236453443766 26.17326910048723 11.09872592240572 0.320141613483429 0.1456756591796875 0.7739982753992081
212.0862925797701 2.245302006602287 10260.06838591397 0.09831829369068146 0.08186521381139755 7.985518530011177 118.5396084040403 324.9295720160007 1.530442051589489 8.926371730864048 286.619172424078 0.4578695595264435 0.4686726778745651 467.0488470718265 0 58.26242087036371 4629.112210027874 199.4704308956861 4715.149020209908 0.2899424508213997 871.5619677826762 4.554349228739738 6937.700110554695 52.18909697234631 3.458403758704662 3523.548612073064 7760.711821742356 88.42134337872267 521.4745801091194 1137.559768803418 0 1.848125159740448 39.95154666155577 1851.686257570982 3.26138050109148 213.2571444511414 140.5307632088661 429.6196705177426 97.2408102452755 7.181280851364136 0.8235344365239143 1.575749337673187 1.432692468166351 0 11.44979359209538 27.6782211959362 0.2742616534233093 0 0 0.5092227011919022 0.1432934403419495 0.3810546100139618 0 0.2254941985011101 0.1313615441322327 0.6768618375062943 0.1732564717531204 0 3.704700827598572 1.973637834191322 0.7021859958767891 3.029222555458546 0 0.7228991836309433 10.50667117536068 1.591653272509575 3.649765186011791 1.438266351819038 63.28185784071684 177.3773204088211 2.948126681149006 0.159881666302681 0.1104821786284447 0.196660190820694 0 0 1.647895082831383 0.2154170423746109 3.160252422094345 2.842694722115993 4.517052985727787 1.387240335345268 0.7291735410690308 0 0 0
3.006985649466515 15.74286767840385 74.75827449560165 0.1625851318240166 0 11.34819876775146 15.61341943964362 10.25260779261589 5.270512871444225 26.68360301107168 2543.661708325148 9.518369846045971 14.43600805103779 15.70574474334717 0.1248685270547867 1.870031617581844 199.4704308956861 394.2296202331781 2450.890382088721 2.603563226759434 3.854869268834591 7.332858890295029 37.69546627998352 9.895333752036095 66.49059706181288 1076.316788159311 387.9347077384591 9.437888011336327 23.76916809752584 5.662450231611729 6.026500374078751 11.97604373842478 0.6480817720293999 689.915895499289 44.64433036744595 1551.787743337452 2093.076359272003 1414.76054584235 611.6604804396629 18.87615251168609 4.98228881508112 20.61447770893574 11.60429506748915 0 17.2492326721549 0.4292511716485023 0 0 0 1.175581201910973 0.09091292321681976 0.5018089264631271 0 4.625824257731438 0.2890647351741791 62.95242092013359 0 0 0.09689216315746307 0.6971207782626152 7.721046924591064 1.513406500220299 0 0 0.6738737821578979 0.3032820597290993 3.412056796252728 78.78244713693857 211.1523148268461 451.4249044805765 1.656391225755215 0 0.1704314053058624 30.47117461264133 0 0 0.7895093783736229 5.170730479061604 8.497943945229053 8.283674396574497 4.467080883681774 0.5650776699185371 0 0 0.2775895297527313 0
45.10579284280539 46.46713919192553 1276.89760813117 0.1296560317277908 0 7.200258366763592 52.63140945881605 101.9753372594714 2.778151646256447 11.87783913314342 2255.47044993937 1.706410013139248 5.324617207050323 108.8843335062265 0 17.71641731262207 4715.149020209908 2450.890382088721 4781.490464381874 1.184802956879139 66.84156966209412 9.110724687576294 663.0203234106302 19.92279203981161 127.4275102242827 9612.215326100588 3144.029419593513 25.65119467675686 106.8324122652411 91.19566584378481 1.629092633724213 3.728074036538601 6.585792347788811 1878.799844406545 24.88203232735395 1239.010925501585 1227.015837945044 843.9904119446874 372.5268713161349 21.17381551861763 5.016116291284561 2.53785865008831 6.220725812017918 0 115.7092985734344 20.31954510509968 0 0 0 0.9107704162597656 0.1138550043106079 1.156284525990486 0 3.469252094626427 0.225893959403038 15.17306426912546 0.2477623298764229 0 2.266557417809963 7.677080176770687 32.58862343430519 37.65249069780111 0 0 1.679833576083183 1.949142210185528 3.925143837928772 57.47369599342346 1018.224426619709 1428.488786771894 2.651835151016712 0 0.3292503207921982 8.453609488904476 0.09243925660848618 0 6.920938551425934 2.717398107051849 16.29655399173498 13.73770107328892 31.4053727388382 3.886621989309788 0.5907624438405037 0 0.1141332313418388 0
0.583980955183506 0 0.2279137969017029 4809.283144325018 9.194078728556633 298.9969025999308 18.89226303994656 173.8789549469948 625.8668578714132 6870.749478124082 36.37962729483843 8337.301280893385 4.258243083953857 126.1232510358095 323.8664028719068 0 0.2899424508213997 2.603563226759434 1.184802956879139 1706.628496557474 0.1013322249054909 0 0.127278134226799 893.4824075773358 0 3.823423363268375 2.177315786480904 2019.956973254681 130.5137126520276 0.9315561205148697 0.08686079829931259 22.17727982252836 0.1421673446893692 85.48735439032316 2.982094205915928 238.7863475084305 8.432775512337685 178.4224192723632 27.62034448236227 555.4209351688623 15.89435344934464 1.188158214092255 1.960678823292255 1.752524256706238 0.6303838714957237 0 89.6226459145546 1.675090253353119 9.371743485331535 50.76590319722891 37.67992454022169 23.13962823152542 183.4893376007676 7.871805235743523 106.185861505568 0 23.97532133758068 12.63671849668026 0 0 0.4617392122745514 0.1137615740299225 46.82531414926052 0 0 0 474.4968492388725 0 0.9984607100486755 0 382.9812393337488 20.97050011903048 5.987521886825562 0 8.24870890378952 1.609106883406639 18.16365152597427 1.800348535180092 36.28355194628239 0.2039193958044052 60.89339677244425 7.336561292409897 28.06377092003822 0.5522341728210449 1.656604170799255 0
86.73501615971327 9.524114444851875 959.1292491853237 0 0.1283504515886307 29.99946847558022 1837.416393108666 220.838087759912 1.849641717970371 19.94041776657104 31.66428634524345 0.3763086497783661 5.983784317970276 140.8564061447978 1.055759809911251 4753.571248844266 871.5619677826762 3.854869268834591 66.84156966209412 0.1013322249054909 19538.66096439213 118.2072411626577 14452.22037001699 190.4908785820007 2.884221486747265 33.69396046549082 882.4511695280671 5490.495206132531 320.9209676682949 18859.69050167501 0 4.20519795268774 48.34231771528721 2898.09710174799 116.8154479712248 7914.9933982566 761.5641793832183 6738.337362371385 2386.757651515305 299.6451413333416 36.85262780636549 11.93234461545944 68.79774861782789 0.1359488368034363 2.052374958992004 14.95482745021582 0 0 0 2.587328739464283 0.3197750449180603 43.31050035357475 0.8380360007286072 0.300275020301342 0 1.215561389923096 0.2732828259468079 0 683.7041968107224 2.610083244740963 0.1249325424432755 0.9349257349967957 0 204.2464623376727 318.2084440365434 70.4212087765336 441.0909629166126 0.9605861753225327 8.94709662348032 56.68798004090786 263.0593492463231 1.303454585373402 26.24165127426386 0 0.2760785818099976 1.427620679140091 10.99774786829948 31.50403293967247 174.8019252941012 21.38966143131256 48.63780526816845 12.55074107646942 3.643920987844467 0 0 1.591240510344505
0.6664649322628975 1848.532614715397 0.8915069475769997 0.5992731004953384 0.6488276943564415 1.947759345173836 26.7937550842762 14.1548363789916 4257.029673822224 1.886731438338757 5.952507637441158 2.184948839247227 196.0731891095638 5.323187671601772 22.19454969465733 2321.192984826863 4.554349228739738 7.332858890295029 9.110724687576294 0 118.2072411626577 1539.655695162714 44.87120137363672 8840.873548746109 910.2721480727196 64.6040151566267 2318.179135806859 352.9578987807035 3.035332314670086 6.254762627184391 31.07489822804928 0.1617254167795181 0.6253968924283981 5.664759539067745 0.5019650235772133 40.67432238161564 18.12457470595837 18.43096848577261 10.33873941004276 9.197969146072865 0 11.87133911252022 0 0 60.99247340112925 45.89230587333441 0 0 0 1.748502135276794 0.7419045269489288 55.37163969129324 3.501074656844139 0.26877062022686 0.1430835276842117 5.062755018472672 0.5487125217914581 0 1313.498427197337 3.936130374670029 0.1001936867833138 1.172507971525192 0 33.61582129448652 1340.571304365993 208.1020807996392 243.4739698916674 6.075418010354042 12.71498247236013 1245.557868368924 73.53327449411154 0.2880657613277435 4.792205467820168 1.35439483076334 0 0.5201406031847 6.456519655883312 0.8384568393230438 36.13005188852549 10.67650526762009 33.58902362734079 7.594912216067314 2.43009191006422 0 0.5505388528108597 0.3396192342042923
234.3085868284106 7.495346143841743 14374.22504156083 0.2802480757236481 0.1344419717788696 30.2734532430768 1352.669049412012 465.501964867115 1.247653640806675 27.7159730270505 155.1353248283267 1.006528586149216 11.39285393059254 541.9269964993 0.7483699321746826 5886.591543778777 6937.700110554695 37.69546627998352 663.0203234106302 0.127278134226799 14452.22037001699 44.87120137363672 34126.34860031307 126.9109725728631 0.8107865229249001 1984.263976432383 13662.1557457298 1813.846477784216 483.1539464890957 7967.866602130234 0.1041432917118073 4.251120209693909 41.94236504286528 4015.99003559351 311.438631400466 11468.4424777478 3674.736312963068 10651.56034405529 5114.427298128605 683.9352461695671 62.01755367964506 38.42806805670261 90.43412254005671 0.6416207551956177 14.59965525567532 345.3767814561725 0 0 0 2.759192332625389 0.5099009424448013 12.32336280494928 0 0.8920297175645828 0 0.7951159030199051 1.541402690112591 0 1544.872013315558 9.412878878414631 0.6695028319954872 2.334706693887711 0 76.04325850307941 501.2731697708368 674.7820306196809 64.18116867542267 0.8265898153185844 41.13549149781466 2232.197550356388 63.45564272999763 0.3902453258633614 7.190598204731941 0.1499940156936646 0 0 10.45424658060074 34.63557677716017 95.38256270438433 18.16859454661608 87.05574065446854 28.70816534757614 3.26229052990675 0 0 0.5870152562856674
117.3685048222542 659.1352587640285 52.80946880578995 2363.629614040256 21.49078743159771 213.229348115623 2501.038209788501 435.7334103658795 10227.97850769013 1549.289018109441 58.47981130331755 482.7401095703244 53.11288838088512 234.7778388634324 836.5172013640404 1426.435634098947 52.18909697234631 9.895333752036095 19.92279203981161 893.4824075773358 190.4908785820007 8840.873548746109 126.9109725728631 11491.95280314982 205.8678173273802 173.0621325969696 2181.203725963831 6080.679786205292 721.163080573082 535.7633396089077 8.487770013511181 47.17545788735151 138.9097506552935 446.4771991595626 55.52026734501123 3265.5527099967 215.0057246759534 1335.115999042988 495.178754337132 756.1913183555007 63.89739461243153 14.64361643046141 37.13153516501188 6.392260849475861 28.928959608078 50.36707776784897 277.2745358198881 1.826200567185879 73.19890170544386 590.0105822756886 194.5945797562599 1248.373271748424 893.816262409091 51.43433518707752 300.0907616466284 3.544002503156662 148.1721684485674 56.2609748467803 834.1171231344342 5.067423477768898 6.73668260127306 1.914216637611389 161.5195331349969 166.037215821445 456.169366247952 182.3613879010081 7911.969670586288 5.207195445895195 35.43097144365311 473.5845003053546 4463.049624830484 151.1314407661557 162.5545386746526 1.278147183358669 32.53798675537109 23.96534718573093 198.1358718052506 31.36647202819586 769.8755024299026 34.93226318061352 574.6779837608337 111.5140303000808 179.0752231106162 15.46794188767672 3.753651931881905 4.506514228880405
0.2116424590349197 2810.535624399781 0.537016473710537 0 0.203723356127739 0.2698248848319054 0.762725330889225 0.8430697545409203 341.714714281261 0.4011902585625648 400.5231223851442 0.3422996923327446 4657.489462412894 0.6056018993258476 3.717160753905773 32.5226024389267 3.458403758704662 66.49059706181288 127.4275102242827 0 2.884221486747265 910.2721480727196 0.8107865229249001 205.8678173273802 568.9051897525787 598.677550047636 4510.696632325649 8.954079538583755 0.5048456937074661 0.2268537953495979 256.4596549123526 0.1133029758930206 0 48.37128914147615 2.171148411929607 213.344567283988 193.4801217466593 190.2253663092852 49.56376660615206 2.033279910683632 7.491922304034233 1876.834737554193 12.10954980552197 0 87.39153859019279 2.831256546080112 1.96604311466217 0 0 0 0 3.854316473007202 0.1058879494667053 79.94164013117552 0 563.2123982012272 0.08317690342664719 0.1984589844942093 0.7402498126029968 0.09927590191364288 1.130472674965858 0.2573250532150269 0 0 8.352112278342247 0 5.14488123357296 533.7222587987781 55.62827263772488 533.344373986125 0.7483850494027138 0.2520125210285187 0.1006764844059944 19.55519891530275 0 0 1.166444756090641 0 60.13253340870142 25.21286173909903 13.31757076829672 0.6989747956395149 20.08463631570339 0 66.79915584623814 0
50.93259482830763 194.0930430591106 14543.71054288 0.372136652469635 0.2191905528306961 51.68286290019751 486.2372939027846 571.4702561162412 54.29038904607296 53.75536121428013 1884.532395541668 9.372906714677811 271.2521675154567 324.5062204934657 0.2107967138290405 141.833988904953 3523.548612073064 1076.316788159311 9612.215326100588 3.823423363268375 33.69396046549082 64.6040151566267 1984.263976432383 173.0621325969696 598.677550047636 33647.2769908309 12766.6435302496 195.0980404540896 97.05414443835616 105.4548613131046 145.105257935822 18.01936065405607 3.191295228898525 3053.853748559952 80.616888910532 3454.260543510318 5790.370801232755 3648.78482933715 1477.848823830485 41.73388747870922 10.69095864892006 83.48285859823227 25.57574608922005 0.3745877221226692 418.3895413354039 254.1639700978994 0 0 0.07973941415548325 4.265487968921661 1.437860548496246 5.783017560839653 0.3595572337508202 46.92889532446861 1.394482292234898 855.5807429999113 3.451876111328602 0.1300536394119263 8.546768248081207 40.26088939607143 76.21245425194502 125.1033788025379 0 0.4353174194693565 12.18372519314289 11.03040485829115 23.75779446959496 755.0747823566198 3760.585665240884 7104.218969233334 8.965194575488567 0.5933166220784187 2.555005326867104 317.5458988174796 0.1034175977110863 0 34.31740402430296 5.428961902856827 84.05470305681229 158.4823280647397 136.5404086709023 20.31242901831865 12.15938258171082 0 4.921706855297089 0.5196318849921227
27.38063012808561 4621.094532378018 3487.765264056623 1.49662908166647 0.568567305803299 8.365922212600708 201.5884103551507 68.47814448922873 744.4300283789635 17.40215773135424 870.9873434379697 4.740991204977036 3526.409159965813 70.71599427610636 6.955766446888447 3000.706026509404 7760.711821742356 387.9347077384591 3144.029419593513 2.177315786480904 882.4511695280671 2318.179135806859 13662.1557457298 2181.203725963831 4510.696632325649 12766.6435302496 42403.49157261848 2727.998899400234 70.37420470267534 90.92399985343218 662.9828801900148 3.656746715307236 3.426343455910683 4725.41837246716 293.2151677459478 7615.259272448719 1709.471878759563 8538.447133883834 3588.122470580041 250.5288206264377 25.76303249597549 47.16572146862745 62.36130747944117 3.75473165512085 4199.901841826737 3208.320491485298 0.196878045797348 0.1061747595667839 0.8358125314116478 47.43944998085499 11.01949889212847 64.25329372286797 1.410417228937149 62.66444906592369 3.444295167922974 858.2832623496652 25.66955982893705 1.938047185540199 1372.429353095591 198.0134577080607 104.1360519379377 150.4151809215546 0 11.29333167523146 3866.389540806413 676.3635407090187 233.2471711486578 1217.074052393436 5698.599575206637 27875.17241138965 118.7543839737773 1.42942225933075 4.357511393725872 302.9973719269037 0.3681046739220619 0.213267907500267 184.1844810955226 33.89436203241348 379.9521045312285 261.7909280434251 837.3379610776901 124.403472982347 18.99815511703491 0.141460582613945 7.79875847697258 1.54751755297184
159.1304100304842 37.13262397795916 362.9810163006186 2409.175029844046 3.540452674031258 661.7712270319462 23689.16156190634 436.6749188117683 932.6783733591437 4491.185930941254 55.83042477816343 418.116295017302 14.46342046558857 369.0121476911008 42.77966573089361 1872.805877909064 88.42134337872267 9.437888011336327 25.65119467675686 2019.956973254681 5490.495206132531 352.9578987807035 1813.846477784216 6080.679786205292 8.954079538583755 195.0980404540896 2727.998899400234 15344.50482209027 1591.225883595645 4967.175510808825 0.2785290032625198 48.53565955162048 401.5924686715007 1186.539758563042 128.3608665317297 6947.353269733489 420.3327025547624 3463.737562134862 1413.206603601575 489.4997613355517 110.0639600604773 15.33651880919933 60.15898599475622 0.246150866150856 10.67097224295139 42.6674816980958 206.7130182310939 0.4210356846451759 38.50402437895536 315.0452459231019 98.93671000748873 210.8402232304215 698.7872740775347 25.04730801284313 117.692725725472 2.272259175777435 61.27881588041782 17.72884199023247 399.5066746771336 2.524960376322269 2.865065582096577 1.735734336078167 111.4241349250078 147.2698003202677 198.2406394556165 64.61301036179066 2999.469448372722 2.510903060436249 25.38042467087507 267.6853168532252 2317.433647088706 69.36514548957348 131.6505951434374 0.21803068369627 19.97733637690544 10.9431579336524 93.87288928031921 51.80020612478256 425.9483836293221 23.51564271003008 264.2846910655499 67.15536481887102 74.58958081156015 4.303128324449062 2.622970223426819 2.17722824215889
