1020.471439391375 0.1159587204456329 21.2684229016304 0.7159732952713966 1.52358703315258 33.961291462183 1468.125710435212 673.1992934718728 0.1998110264539719 26.137211561203 4.063637897372246 1.478665299713612 1.189442731440067 4628.967464238405 0 0.1167650148272514 193.4729496017098 2.857947215437889 33.36345205456018 1.475839488208294 61.27943347394466 0.1117511317133904 175.9736428931355 24.93746991455555 0 35.59322611242533 18.50974464416504 37.75141869485378 3859.550842106342 1664.808097504079 0 10.62902282178402 44.83887807279825 50.56033135950565 0 10.59312750399113 6.532269634306431 23.95307342708111 5.695501282811165 1.875335812568665 0.1073414385318756 0 0.1223636046051979 0.0877450555562973 0 0.2240398228168488 0.08842813968658447 0 0 1.556825667619705 0.0990508496761322 0 0 0 0 0 0.06877754628658295 0 0.2255279570817947 0 0 0 0 0 0 0.5612398162484169 1.336986757814884 0 0.3212262988090515 1.059805415570736 1.568547710776329 0.1542578339576721 0.07912705838680267 0 0 0 0.1102078258991241 0 0 0 0.2291267216205597 0 0 0 0 0
0.1159587204456329 278.6183355003595 161.5065254792571 0.278444766998291 0.2961342558264732 0.3803499713540077 6.998259268701077 0.5385260134935379 478.7736172750592 1.460010886192322 177.9555244296789 0.3766996115446091 1202.85246181488 0.1117588579654694 6.154926806688309 125.0483516380191 40.26588358730078 8.90551695972681 28.39474026113749 0.2145180478692055 4.257172487676144 2867.784871436656 11.56594571471214 743.2140598222613 2095.763699054718 500.3826465085149 9823.608575806022 34.48786606639624 0.746191643178463 1.094463974237442 60.52870678901672 0.3423614799976349 0.2373851910233498 14.55829750746489 0 28.48315514624119 17.62007063627243 58.03077115863562 9.324638836085796 6.540230371057987 0.2371261119842529 78.23880222439766 0 0.3994833827018738 49.14748435467482 195.4888939410448 0.6625509858131409 0 0 2.506696969270706 1.529089145362377 1.580598674714565 0.1128787845373154 3.392186462879181 0 16.07659228891134 0.7250526547431946 0 38.32984624803066 21.61608244478703 1.620007388293743 20.44465967267752 0 5.619690246880054 22.1708921417594 40.59294825047255 15.2142753303051 40.51474298536777 526.2419724166393 3418.417082756758 11.87339153140783 0.5173824653029442 2.573877409100533 7.005273394286633 0 0 4.177875980734825 0 26.08050837367773 17.88664288818836 22.98288401216269 6.219163380563259 0.3010966181755066 0.1654823571443558 4.115289129316807 0.1617723554372787
21.2684229016304 161.5065254792571 5683.208756536245 15.09444615989923 2.063252806663513 77.46144303679466 1240.140229173005 516.9811863005161 1.226970210671425 468.1440910771489 24.68786355108023 0.7633607685565948 6.104458793997765 162.0587627217174 0.819959819316864 2.690060593187809 4396.103449240327 25.76149971783161 224.4830478057265 3.158031567931175 506.0309099853039 10.92541084438562 4655.397450655699 35.1434985101223 0.1452788412570953 9121.725364603102 4585.026358351111 490.7627692148089 80.16450202465057 639.4381774961948 0.2206928953528404 4.735131978988647 3.481297954916954 448.2780022472143 18.04021269083023 1518.936221249402 2253.322035595775 1123.896853365004 360.9822999536991 31.63615197688341 1.017602652311325 3.776063114404678 4.839819945394993 1.113017477095127 160.3881367072463 1233.212464049459 0.101215235888958 0 0.2031654417514801 20.16056650131941 3.308354116976261 0.8103101402521133 3.404595233500004 0.1002315953373909 0 0.6042270734906197 4.314224243164062 0 93.07933004200459 24.33874101936817 0.4593403190374374 3.06625884771347 0 18.46138592064381 21.79428151249886 475.6671473160386 29.06310287863016 0.8546334952116013 124.1975551173091 2786.550377912819 65.15509900450706 0.7029502764344215 14.69562637060881 0.6927808672189713 0.1423047780990601 0.521583653986454 11.10433661192656 15.45073513686657 94.3479461222887 29.14235233515501 47.65370692312717 39.7965440377593 1.63963258266449 0.3671106249094009 0 0.808085672557354
0.7159732952713966 0.278444766998291 15.09444615989923 4331.516240507364 6.725192002952099 129.3263301774859 71.44269998371601 113.4346626698971 595.1189769878983 5007.25467158854 6.664386108517647 2945.343009345233 3.145187899470329 33.94175341725349 66.14431194961071 1.342292740941048 4.1283263489604 0.6141296327114105 0.5204913020133972 5586.036103852093 1.782589919865131 0.5033279955387115 6.564886510372162 2244.085200890899 1.766017720103264 8.03949212282896 7.696804694831371 3383.137198016047 42.40494561195374 0.8908715322613716 0.1020671501755714 7.342020623385906 0.3197697401046753 29.79846939444542 1.534087583422661 194.3670221716166 4.934861741960049 80.9324811771512 31.13330753147602 209.7919903621078 3.035052515566349 3.14145639538765 1.41303551197052 0.7526699602603912 0.1565912812948227 0.5523066595196724 215.1246848106384 0.1557667404413223 3.78058223426342 137.5714768990874 11.6049519777298 219.0319636464119 217.861550077796 1.268654875457287 154.4213689565659 0 7.247985355556011 0.2884912341833115 0.7285517007112503 0 0 0 173.6766640469432 0.2157399654388428 0.8449745252728462 1.162442892789841 345.5544716864824 0 0 3.697319842875004 505.1647922843695 6.062801510095596 0.7636080235242844 0 0.7925553023815155 0.106613963842392 3.764787256717682 0.3504531979560852 20.34167425334454 2.283136740326881 12.09021483361721 4.849898122251034 48.19307364523411 0.5261027067899704 4.719440221786499 0.123281717300415
1.52358703315258 0.2961342558264732 2.063252806663513 6.725192002952099 107.3234861344099 1670.484910853207 43.10379876941442 124.1393195390701 53.93144194036722 79.10698723047972 38.93668854981661 256.4736862108111 76.43926328420639 20.88645186275244 1589.386208809912 0 1.786191999912262 1.466287888586521 0.6367590352892876 46.78938061743975 1.505936287343502 1.527805782854557 2.37131891399622 42.99948959797621 0.3980597853660583 1.880275033414364 1.611905299127102 9.272981449961662 340.3096924424171 5.187242411077023 0.1263798326253891 615.5604024752975 0.08026546984910965 328.3915373682976 0.266285240650177 217.4619517698884 11.05459235608578 458.8078064844012 170.2621470242739 2774.308211736381 79.66559545695782 19.79032882302999 7.015793293714523 0 0 0 0 0 0 0.7326741144061089 0 0.09909415990114212 0.4717579185962677 0 0.09597374498844147 0 0 0 0 0 0 0 0.4111656844615936 0 0 0.3216091021895409 0.7739596962928772 0 0 0.09182168543338776 0.7056929618120193 0 0 0 0 0 0 0 1.203529477119446 1.195835590362549 0.1475152373313904 0 0 0 0 0
33.961291462183 0.3803499713540077 77.46144303679466 129.3263301774859 1670.484910853207 12467.41149396449 2827.515416651964 5849.912838928401 24.67591158300638 8555.612801365554 127.4016853272915 4682.493059068918 129.226342484355 405.5927123129368 1755.409677967429 0.5496050119400024 47.6610486805439 10.06764055043459 9.528610430657864 747.5349541381001 27.77437625080347 0.4700812250375748 72.18764938414097 47.80672547221184 5.187239751219749 49.66174525767565 25.65564269572496 263.6369420960546 425.0558617711067 77.48702505975962 1.130073443055153 202.1684430465102 1.99580105394125 531.3146807476878 2.447368189692497 788.9240053519607 34.041339404881 775.1059993505478 237.7820117548108 2673.478692770004 211.0871321558952 44.53518160432577 11.592888712883 0.2144969031214714 0.421740397810936 1.130299739539623 3.74021889269352 0 0 14.60244005918503 0.5084737166762352 3.249036021530628 4.181507162749767 2.506318509578705 6.446348331868649 0.1423245966434479 0.8089398220181465 0 1.153369531035423 0 0 0 3.359917595982552 0 0.4648043587803841 3.565602988004684 13.82115108519793 0.4143648445606232 0.4850772693753242 5.957880981266499 23.61892281472683 0.6328921839594841 0.2194289118051529 0 0 0 0.305508978664875 1.100358359515667 1.986643694341183 1.453845143318176 1.127818889915943 0.4475239142775536 0.1430753171443939 0 0.556051030755043 0
1468.125710435212 6.998259268701077 1240.140229173005 71.44269998371601 43.10379876941442 2827.515416651964 17925.9316707775 8449.586591280997 110.9820221588016 9187.597614653409 50.05236149579287 76.9435683786869 19.62887900322676 6671.39644203335 23.18497860431671 54.86130581051111 199.8816384971142 11.32759407162666 25.08062798529863 78.11536382883787 439.1532706171274 11.62622128427029 1398.966072738171 1382.327078960836 1.987053669989109 313.8942001536489 556.4313448294997 18434.8524620086 2413.02576316148 7315.405867487192 0.2245569452643394 71.33051455393434 84.3524682149291 632.1363067701459 25.73564443737268 2925.067130684853 160.7944819778204 1339.61369433254 687.191572599113 172.6867482736707 24.33383180946112 8.504344128072262 32.31299841403961 8.572018899023533 2.365943916141987 20.51693847775459 64.27510561794043 0.4346276298165321 2.9206772595644 854.691410921514 35.06497097760439 164.8842133805156 104.8663917183876 8.135906726121902 26.30836231261492 0.2742433547973633 39.32309998571873 0.345817431807518 30.46513029187918 0.7120496034622192 0.4777798652648926 0.6221591681241989 50.35904560238123 4.385322295129299 6.128670997917652 85.89194829016924 835.9951564855874 0.1505991220474243 3.302925370633602 121.0210512727499 1280.456512324512 57.23997782915831 41.04726050049067 0 2.394512720406055 3.124478101730347 22.26368937641382 6.833204351365566 121.9009788036346 5.428233541548252 55.98420027643442 34.6058409139514 50.82820080965757 4.222222983837128 17.48565947264433 0.7961670309305191
673.1992934718728 0.5385260134935379 516.9811863005161 113.4346626698971 124.1393195390701 5849.912838928401 8449.586591280997 14522.2803838551 8.47859213501215 5827.927448928356 171.4500599578023 661.0917522832751 111.6700889468193 5683.99289162457 86.91050078719854 1.562579400837421 756.8197075128555 24.05156403034925 148.7263315692544 655.8298478201032 501.4693031162024 0.4540669247508049 886.0367299839854 277.2521668970585 1.6715297549963 444.0066604986787 203.3129890412092 385.0997616574168 1758.205456338823 2058.8807560727 0.3161860778927803 530.6150599271059 13.85471262782812 722.2074030712247 2.887880280613899 705.5107443481684 105.5233721286058 694.7498896494508 210.6321935430169 397.9782100468874 51.39347744733095 38.00574881583452 7.272882372140884 0.572023518383503 0.2066259384155273 4.070497944951057 6.367870099842548 0 0.3664652109146118 91.55849761515856 3.490052215754986 8.572958253324032 10.1224022731185 0.7632542103528976 5.967121958732605 0.1235484331846237 4.205924030393362 0 4.516511484980583 0.2145400866866112 0 0.1012142524123192 2.385960660874844 0.9540586769580841 0.8619399443268776 22.27555835992098 69.54465187340975 0 2.489216685295105 32.00995942950249 117.904439419508 7.12189918383956 2.599577352404594 0 0.3289773464202881 0.5508115962147713 1.441254489123821 2.001228138804436 11.1640716791153 0.2273985221982002 5.437327645719051 4.305625639855862 4.014551222324371 1.270122937858105 2.98253233730793 0
0.1998110264539719 478.7736172750592 1.226970210671425 595.1189769878983 53.93144194036722 24.67591158300638 110.9820221588016 8.47859213501215 869.6846479550004 221.5191828608513 7.035722754895687 400.2230967581272 37.17575260996819 1.954431794583797 588.0663325041533 338.5028189569712 4.881642609834671 0.991935983300209 2.797695189714432 378.9945699647069 182.5452761501074 2490.186957009137 92.0403660684824 9871.513644434512 144.196978867054 23.01427129656076 1025.353217981756 1149.742697365582 10.7862017005682 5.611699178814888 6.378114476799965 3.044612877070904 0.6931588873267174 4.247208066284657 0.2651551365852356 155.4507002756 9.945685222744942 13.58427408337593 5.096169851720333 213.6200236603618 1.387343406677246 0.7184275239706039 0 6.748336151242256 2.041000075638294 2.178553678095341 99.26770661771297 0 1.869014896452427 189.7235340252519 21.04313415288925 137.6917762458324 82.02742110192776 1.531098172068596 40.71248972415924 0.8745688199996948 25.70726881921291 1.14375326782465 442.0302085056901 0.4312252700328827 0.4378633797168732 0.2968757897615433 64.17975227534771 223.1593077033758 8.97811109572649 34.76866748929024 1403.489465542138 0.4451744258403778 4.533249653875828 12.41597086191177 859.3997270315886 61.86193232238293 76.72655420005322 0.1448238044977188 0.9129628017544746 7.290747746825218 10.53185243904591 1.580050885677338 51.07059051096439 2.139892734587193 27.77051185071468 14.52017994225025 13.43162397295237 0.422607995569706 0 0.7179416567087173
26.137211561203 1.460010886192322 468.1440910771489 5007.25467158854 79.10698723047972 8555.612801365554 9187.597614653409 5827.927448928356 221.5191828608513 20299.13875006884 108.629555106163 9633.914001964033 29.71954796463251 958.0065066218376 81.46295107901096 5.140104122459888 103.8136931583285 14.38100953400135 18.26018558442593 3520.437604695559 85.91293099522591 1.230810821056366 259.2332974821329 872.5988700315356 1.453565433621407 184.2949975281954 117.314378798008 6627.952733524144 755.5367890447378 123.889487631619 0.7114258259534836 115.5582882538438 2.0792530849576 576.2094001024961 9.990422271192074 2397.89363886416 99.54526826739311 1265.399125553668 499.4922274127603 348.2097340077162 54.01755534112453 3.87699294090271 26.56267223507166 2.590729281306267 1.103627666831017 7.442574694752693 258.4666635915637 0.4181954860687256 7.611799344420433 264.6228410154581 21.5886876732111 168.7311582043767 320.5004582256079 2.387594029307365 153.1544206887484 0.1339620649814606 18.17769898474216 0 8.253718987107277 0.2862328290939331 0.2173588275909424 0.09418632090091705 160.8808943256736 2.547040119767189 2.073351800441742 24.08077869564295 401.5217699632049 0 0.2508781403303146 41.06614429503679 667.2716580331326 12.67767371982336 4.747591383755207 0 3.8074034973979 0.4255481660366058 6.634376667439938 4.194880589842796 37.52962209284306 0.5801679119467735 22.71715301275253 10.73866406083107 56.61004045605659 2.106550075113773 2.780172511935234 0.4039367139339447
4.063637897372246 177.9555244296789 24.68786355108023 6.664386108517647 38.93668854981661 127.4016853272915 50.05236149579287 171.4500599578023 7.035722754895687 108.629555106163 8336.086792081594 41.26622585952282 2651.659484088421 76.55136208981276 0.5695641487836838 2.586062990128994 421.7035205811262 2945.732958860695 685.7223693430424 36.15964443236589 24.33226037025452 29.86871978640556 60.46354534476995 18.05900701135397 571.0699023976922 1404.749019443989 824.5439235344529 22.43881297111511 280.1457151994109 26.21598386019468 268.9557761251926 227.8662858009338 2.750489823520184 8793.444037236273 13.76257982850075 1049.864744566381 7892.628029815853 6570.125269003212 1402.865393027663 48.57440093904734 51.21489702910185 1411.067845359445 9.591891668736935 0.09751929342746735 54.58972352743149 3.978904865682125 0 0 0 0.8013432323932648 0.2160640209913254 3.375729151070118 1.14173735678196 347.0178628191352 0 1606.558589287102 0.1832738742232323 0 2.059898346662521 0.5523974224925041 33.01408205926418 5.146349489688873 0 0 4.399750843644142 1.564854562282562 5.968734562397003 679.4932309836149 245.0766745731235 255.3955547958612 1.772137083113194 0.3540714755654335 0 164.5816846936941 0 0 1.447802625596523 11.99080485105515 21.86731868982315 729.85500690341 17.85112120211124 0.9845486059784889 0.1085580363869667 2.354360818862915 253.0696688368917 0
1.478665299713612 0.3766996115446091 0.7633607685565948 2945.343009345233 256.4736862108111 4682.493059068918 76.9435683786869 661.0917522832751 400.2230967581272 9633.914001964033 41.26622585952282 5571.023807875812 31.54349642246962 162.7361041158438 1903.072407305241 0 0.3148306086659431 3.159122481942177 0.7251333743333817 8026.979408122599 0.6027772724628448 3.070377580821514 1.526696674525738 164.1703101098537 26.89712431281805 1.827705718576908 2.760846696794033 1300.155798614025 131.6243860125542 1.269233547151089 0.1140379086136818 52.43315678089857 0 174.2470151409507 1.062831401824951 765.0424006730318 6.964136011898518 277.1904806941748 68.49737353622913 2079.16434212029 14.34234585613012 46.65207828581333 1.19978603720665 0.4753199517726898 0 0 246.6540485322475 0.6087110042572021 13.6370141133666 40.44222598522902 3.905025243759155 242.0627409741282 181.9428355768323 0.1213510483503342 216.4935067743063 0 1.699483208358288 2.086378961801529 0.3237954378128052 0 0 0 223.4242711961269 0 0.2910547405481339 0 211.0683800727129 1.884868025779724 0.1269063502550125 0.3068921864032745 219.976803265512 1.307233303785324 0 0 0.3350015357136726 0 0.6320837363600731 0.1822124272584915 19.43352749943733 0.8900704979896545 4.393948115408421 0.8832085877656937 148.9573648050427 1.101973310112953 23.40065288543701 0
1.189442731440067 1202.85246181488 6.104458793997765 3.145187899470329 76.43926328420639 129.226342484355 19.62887900322676 111.6700889468193 37.17575260996819 29.71954796463251 2651.659484088421 31.54349642246962 4497.194554619491 29.62965709716082 2.416645206511021 2.58363913744688 6.756909273564816 307.2591359987855 17.81779447942972 11.79559908807278 8.99109759926796 158.2373545318842 29.33893336355686 46.80573360621929 3585.953803829849 394.8508880361915 4406.094045363367 9.653154022991657 105.2507210075855 10.96554344147444 929.2101382315159 197.1699867323041 0 834.7566754221916 35.57557275891304 1481.137220233679 3637.689161747694 3744.395203150809 544.5801904052496 201.5435535907745 128.7418277040124 1223.41181512177 22.38305403292179 0 50.91013402491808 1.217821709811687 0.2950612232089043 0 0 0.7921813130378723 0.5258141085505486 0.5666739046573639 0.6458326429128647 329.1740605086088 0 1643.128301516175 0.2571361511945724 0 0.415883295238018 0.1290410161018372 24.72070461511612 2.092166587710381 0 0 4.847197778522968 0.628882497549057 4.911982215940952 1082.251057602465 236.6516886502504 239.4667811989784 5.037044383585453 0 0 213.7497378438711 0.1990315169095993 0 0.4964395686984062 50.30385653674603 178.597517259419 424.5157367885113 14.21284711360931 12.47484736144543 15.29087603092194 0.1726234257221222 159.0709138959646 0
4628.967464238405 0.1117588579654694 162.0587627217174 33.94175341725349 20.88645186275244 405.5927123129368 6671.39644203335 5683.99289162457 1.954431794583797 958.0065066218376 76.55136208981276 162.7361041158438 29.62965709716082 9312.587728261948 20.07881399989128 1.25728789716959 550.3863054141402 13.13416358083487 97.67473317682743 182.290022790432 228.4890982285142 0.2053962796926498 624.5334596186876 120.2707129791379 1.334283366799355 193.7135631516576 97.23040892928839 205.6512789577246 4351.187745787203 2338.472847409546 0.2867934182286263 325.0575470291078 26.09478059411049 471.411205291748 1.733986981213093 488.2681114673615 46.50867488235235 402.4018086791039 94.55082222819328 118.1416395530105 13.58433461934328 4.833710193634033 3.616024985909462 0 0.1190347969532013 1.019366756081581 1.708763517439365 0 0 11.89443611353636 0.06801920384168625 2.131937369704247 1.445687085390091 0.0792008638381958 0.4004805237054825 0 0.7087937071919441 0.1033704057335854 0.8845546767115593 0.2915234640240669 0 0.1029297187924385 0.4183196872472763 0.1879010796546936 0.2019359394907951 3.762135908007622 12.45788615569472 0 0.9087529331445694 7.063366569578648 21.33905726671219 1.162671726197004 0.5713060200214386 0 0.1528869941830635 0 0.3278823047876358 0.8378552198410034 3.312075339257717 0.4537472501397133 0.9869549721479416 0.4494202435016632 0.08226363360881805 0 0.1187633648514748 0
0 6.154926806688309 0.819959819316864 66.14431194961071 1589.386208809912 1755.409677967429 23.18497860431671 86.91050078719854 588.0663325041533 81.46295107901096 0.5695641487836838 1903.072407305241 2.416645206511021 20.07881399989128 443.4446942061186 0 0.585610456764698 0 0 279.0289711207151 0 36.21441400796175 0.4869386255741119 1104.493641473353 1.550331100821495 0.2490652352571487 13.11592016369104 57.62653774768114 72.65216474980116 0.2101708501577377 0 152.8311364352703 0 12.14275270700455 0 76.64265102148056 0.2595750316977501 17.5383331105113 7.658140525221825 821.9556287676096 71.09392054378986 3.400461673736572 0 0 0.2517819106578827 0 1.817388907074928 0 0 0 0 7.291568353772163 1.588650822639465 0 3.93959553539753 0 0.1396983861923218 0 0.1427849233150482 0 0 0 6.525254681706429 0 0 0 3.758869558572769 0 0 0.1206591799855232 4.265393957495689 0 0 0 0 0 0 0 2.568239688873291 0 0 0 1.737904787063599 0 0 0
0.1167650148272514 125.0483516380191 2.690060593187809 1.342292740941048 0 0.5496050119400024 54.86130581051111 1.562579400837421 338.5028189569712 5.140104122459888 2.586062990128994 0 2.58363913744688 1.25728789716959 0 2494.478490300477 28.90305521339178 0.8270303159952164 4.023516908288002 0.2856077253818512 2727.953803673387 2647.88683155179 4640.754538707435 3172.857457347214 5.568758875131607 5.398819588124752 2760.484083250165 1863.214449264109 6.448455229401588 6.138650506734848 0.6745828986167908 0.400517463684082 1.092736765742302 64.42801438271999 9.180653408169746 1026.341266416013 238.7185182273388 290.3548558056355 338.7394654080272 106.0540377125144 0.7290719226002693 0 11.32394284009933 8.786183007061481 2.342414498329163 12.5164477750659 1.514904677867889 0 0.08801531046628952 42.72362693399191 8.275356955826283 21.254454895854 7.505097761750221 0.4528640061616898 0 0.1045030355453491 13.1552227139473 0 2194.887871652842 0 0.09632553905248642 0.6026554703712463 0 599.0106090530753 433.5684089288116 1838.123679347336 362.3437966778874 0 0.4916841611266136 165.6234252825379 545.078925833106 44.71743809431791 55.30603848397732 0 0.1066036745905876 9.559715911746025 7.521890014410019 5.200425311923027 24.42349722981453 1.917949505150318 11.15355222672224 5.992470353841782 2.189612552523613 0 0 0
193.4729496017098 40.26588358730078 4396.103449240327 4.1283263489604 1.786191999912262 47.6610486805439 199.8816384971142 756.8197075128555 4.881642609834671 103.8136931583285 421.7035205811262 0.3148306086659431 6.756909273564816 550.3863054141402 0.585610456764698 28.90305521339178 4459.118062183261 120.7352431789041 4250.71028149128 2.476008012890816 1544.894920989871 21.27179086208344 3628.088459432125 49.83551064133644 0.5971934944391251 4084.976868934929 6286.017586521804 116.8549017086625 1320.865349978209 1922.552387699485 0.7340149432420731 9.421695895493031 79.90065258741379 2728.619400717318 17.02228658646345 1037.208734817803 1947.462775319815 2218.409849591553 674.0281563997269 53.5198812186718 2.822737023234367 7.189395278692245 5.684998542070389 0.3594563007354736 31.52746701985598 280.4982269927859 0.1019857600331306 0 0 4.639327131211758 0.6226928681135178 0.1835965365171432 0.545088067650795 0.3591078817844391 0 0.3401051163673401 0.8456841483712196 0 17.32241257280111 15.03466280549765 0.3162232041358948 4.063743993639946 0.1225992143154144 3.02300038933754 5.671861067414284 52.59533053636551 6.686532787978649 1.206388965249062 126.3205126747489 492.5784217119217 11.28486853837967 0.07582688331604004 1.805961906909943 0.2241432666778564 0 0 2.354883834719658 11.84296210110188 18.40418931096792 15.53043070435524 15.53106229007244 6.295359745621681 0 0.4134630858898163 0 0.4533165395259857
2.857947215437889 8.90551695972681 25.76149971783161 0.6141296327114105 1.466287888586521 10.06764055043459 11.32759407162666 24.05156403034925 0.991935983300209 14.38100953400135 2945.732958860695 3.159122481942177 307.2591359987855 13.13416358083487 0 0.8270303159952164 120.7352431789041 203.5670155659318 657.8172258511186 3.390518002212048 12.56349321454763 2.308942347764969 42.03129000216722 4.244257494807243 19.66719537228346 3171.919391520321 843.2478585466743 10.41173966228962 46.37538401782513 14.49871870130301 120.7091911137104 16.26902063935995 2.309125170111656 1428.812282443047 9.450223736464977 1456.642398163676 2640.35841461271 2127.734531342983 603.5125614777207 21.80673348158598 2.674056485295296 28.36125566810369 2.501235648989677 0 19.21234808117151 3.609583497047424 0 0 0 0.3485984057188034 0.1130034103989601 0 0.3251591175794601 29.49137049913406 0.1136286184191704 118.2366480007768 0.2428131550550461 0 0.7568560242652893 5.279391415417194 17.72868169099092 16.56025414168835 0 0.1186531186103821 0.8308035433292389 1.455443099141121 0.8954431191086769 73.0611665174365 293.5796384513378 328.8286248147488 0.5493761301040649 0 0.268428772687912 71.57546213269234 0 0 0.4340782016515732 10.1714651286602 8.184496529400349 44.05994094908237 5.711674191057682 1.389197953045368 0 0 0.8216967582702637 0
33.36345205456018 28.39474026113749 224.4830478057265 0.5204913020133972 0.6367590352892876 9.528610430657864 25.08062798529863 148.7263315692544 2.797695189714432 18.26018558442593 685.7223693430424 0.7251333743333817 17.81779447942972 97.67473317682743 0 4.023516908288002 4250.71028149128 657.8172258511186 4299.997078925371 1.095081120729446 114.0260105282068 3.108878403902054 292.2110425755382 8.138406284153461 5.726589627563953 6234.776208557189 1738.823794342577 13.01621168106794 295.4371939748526 157.5795570909977 5.292964518070221 8.147217109799385 20.1201735958457 3193.100188709795 7.79522842913866 1223.121071137488 955.8661733195186 1636.915007561445 408.3699769154191 19.41251846402884 1.7167993709445 2.154765978455544 3.447116807103157 0.3112088590860367 20.43921422958374 79.74214185774326 0 0 0 1.273259304463863 0.5129672437906265 0.09277711063623428 0.1679165363311768 1.201336205005646 0 4.498406074941158 0.3871563300490379 0 1.894406758248806 21.02074902504683 3.214780427515507 28.14276371896267 0 0.3302792832255363 1.469932109117508 7.268200635910034 0.7909614518284798 13.38522121310234 239.3156470954418 303.0137643367052 1.775127902626991 0.2497758194804192 1.158020414412022 4.318419672548771 0.1013232097029686 0 2.827600330114365 8.414546951651573 10.99499033391476 18.94012591987848 10.08119809627533 2.084488779306412 0 0 0 0
1.475839488208294 0.2145180478692055 3.158031567931175 5586.036103852093 46.78938061743975 747.5349541381001 78.11536382883787 655.8298478201032 378.9945699647069 3520.437604695559 36.15964443236589 8026.979408122599 11.79559908807278 182.290022790432 279.0289711207151 0.2856077253818512 2.476008012890816 3.390518002212048 1.095081120729446 648.4869155138731 1.452682748436928 0 1.854372411966324 916.9788519963622 0.9447561576962471 4.588126741349697 2.504850804805756 2211.162648133934 167.5755337551236 1.281512431800365 0.4768026620149612 40.95159319043159 0.4077339693903923 153.3735266029835 3.242078259587288 628.1686656326056 11.7469290047884 302.1349831521511 93.34534025192261 698.4164386317134 8.073198147118092 10.35456485301256 3.555144548416138 0.7051482200622559 0.1187669187784195 0.7480425238609314 232.0241137444973 0 4.312743216753006 143.392184138298 8.681949347257614 159.5546441301703 198.000510789454 0.8637541756033897 149.8226713016629 0 4.939776718616486 0.9854935258626938 0 0 0 0 164.551147133112 0 1.052055798470974 0.4133613109588623 245.3383159637451 0.1081425324082375 0.08903246372938156 0.6157225072383881 370.0500117391348 4.454219445586205 1.493882492184639 0 0.8130990117788315 0.1811667010188103 2.884441487491131 0.7521474659442902 23.48175238072872 4.468986719846725 11.8280016630888 4.811423443257809 68.16767713427544 0.4149499982595444 2.375827252864838 0.3744298070669174
61.27943347394466 4.257172487676144 506.0309099853039 1.782589919865131 1.505936287343502 27.77437625080347 439.1532706171274 501.4693031162024 182.5452761501074 85.91293099522591 24.33226037025452 0.6027772724628448 8.99109759926796 228.4890982285142 0 2727.953803673387 1544.894920989871 12.56349321454763 114.0260105282068 1.452682748436928 11410.59633273631 259.0289831534028 14584.07566726208 611.7839645594358 0.9818251356482506 40.56327204406261 426.4935083985329 2923.988582454622 317.8911234587431 10467.7181353718 0.1105128303170204 5.681333519518375 12.44852171838284 3864.428251206875 47.21959108859301 7234.134521074593 1148.747936859727 4959.302985399961 3809.557837717235 811.2305448353291 4.906723968684673 4.189711011946201 81.59659138321877 11.29791048914194 1.26987486332655 3.418656386435032 1.938932433724403 0 0.3615077212452888 48.79081912338734 9.492536932229996 15.90324256569147 4.787195965647697 0.3578448966145515 0 0 18.46737565100193 0 442.695554099977 0.2292875573039055 0.08673764020204544 0.1779915988445282 0.9982377141714096 296.2102551311255 161.8477787747979 50.38320554792881 378.7666166499257 0 0.3153079822659492 13.78775481879711 520.838924266398 72.16602912545204 75.58826700598001 0 0.1195063143968582 10.89214227348566 9.132009752094746 21.08421866595745 31.88907881826162 2.49393068999052 13.69955113530159 7.098674565553665 5.913741044700146 0.2179842591285706 0 0.2997230812907219
0.1117511317133904 2867.784871436656 10.92541084438562 0.5033279955387115 1.527805782854557 0.4700812250375748 11.62622128427029 0.4540669247508049 2490.186957009137 1.230810821056366 29.86871978640556 3.070377580821514 158.2373545318842 0.2053962796926498 36.21441400796175 2647.88683155179 21.27179086208344 2.308942347764969 3.108878403902054 0 259.0289831534028 1546.904836207628 547.8664431497455 7109.854395389557 477.4719856828451 48.69665781408548 4658.510769814253 272.0264281108975 1.364701941609383 3.151126176118851 17.33093114197254 0 0.3037405535578728 4.912629544734955 0 21.93444166332483 4.8473891466856 18.8689920976758 8.313891492784023 32.20744246989489 0 4.688670009374619 0 0.2313425168395042 9.256179817020893 56.34957603365183 1.543693520128727 0 0.2258340194821358 11.65582753717899 1.292904295027256 14.44167072325945 1.739237107336521 0.3589748367667198 0.2895028442144394 1.134672805666924 1.60394574701786 0 1727.893641792238 0.7185717672109604 0 0.6651451885700226 0.9409210085868835 199.3426043242216 48.38421817868948 974.1516622751951 91.01175545156002 0.7691660448908806 9.197325497865677 1656.860908597708 108.6984210461378 3.048867888748646 15.74812619388103 0.1143611297011375 0 0 1.580235354602337 0.7421508431434631 18.93851606547832 4.062848187983036 7.694224439561367 7.142694175243378 0.2847850024700165 0.3008739352226257 0 0.1997898668050766
175.9736428931355 11.56594571471214 4655.397450655699 6.564886510372162 2.37131891399622 72.18764938414097 1398.966072738171 886.0367299839854 92.0403660684824 259.2332974821329 60.46354534476995 1.526696674525738 29.33893336355686 624.5334596186876 0.4869386255741119 4640.754538707435 3628.088459432125 42.03129000216722 292.2110425755382 1.854372411966324 14584.07566726208 547.8664431497455 16249.72532568127 1038.972700968385 1.660345271229744 2465.459839329123 7160.675510875881 4438.385990075767 892.9328780323267 7039.745435215533 0.2114303931593895 12.16707411408424 44.9509392157197 3152.862592659891 101.9910823255777 11315.42287340015 5924.769206658006 8326.531423769891 9022.259751185775 1576.087766431272 14.44703485071659 14.92230312526226 132.9244311079383 3.179808467626572 3.772698111832142 44.34883648902178 1.414351604878902 0 0.2015685960650444 49.84929408878088 4.767601735889912 5.608213178813457 4.149479359388351 0.9441860541701317 0 0 5.464663237333298 0.1430647671222687 2462.932762302458 2.249343477189541 0.2519263029098511 0.1198984533548355 0.4356730654835701 440.2436589673162 305.4586073383689 2771.597463898361 172.7667322456837 0.3456866294145584 8.739687390625477 670.5756667926908 284.9313116148114 15.67788667976856 29.24609850347042 0 0.1068899184465408 1.903133921325207 3.129139840602875 130.3977419137955 27.50459712743759 6.360008344054222 9.38212388753891 12.56746982783079 1.044968225061893 0 0.4009955525398254 0.1728377044200897
24.93746991455555 743.2140598222613 35.1434985101223 2244.085200890899 42.99948959797621 47.80672547221184 1382.327078960836 277.2521668970585 9871.513644434512 872.5988700315356 18.05900701135397 164.1703101098537 46.80573360621929 120.2707129791379 1104.493641473353 3172.857457347214 49.83551064133644 4.244257494807243 8.138406284153461 916.9788519963622 611.7839645594358 7109.854395389557 1038.972700968385 8986.406447075307 157.5028608590364 72.66820480674505 2691.175462819636 8046.831273958087 552.404024515301 108.7439852580428 6.590745486319065 12.69930394738913 50.68540578335524 206.0905008837581 11.06493582576513 1771.283597260714 162.594694621861 446.4267794638872 262.6040783002973 910.7270547524095 5.524430982768536 4.02593856304884 17.23214711993933 38.27368025481701 12.30407858639956 20.29462864995003 388.6064651459455 0.9345139116048813 8.939561039209366 1417.824491739273 109.7072763964534 1735.711457550526 377.6785586774349 9.8275311216712 156.1191716641188 1.625525839626789 119.1063302867115 1.833513088524342 284.127645932138 1.122864507138729 1.026888720691204 1.820965498685837 270.0900726541877 89.08389896154404 161.7769698053598 156.2102836370468 3794.025836899877 2.07612781971693 6.923440739512444 134.5816392749548 3705.918057240546 217.4880998507142 196.0422395914793 0.3081373572349548 7.667010828852654 20.47010879963636 55.08787285536528 7.823080383241177 280.7728285044432 7.3270133882761 138.903499647975 80.51947203278542 63.28672680258751 10.60628973692656 10.52647130936384 2.63809309899807
0 2095.763699054718 0.1452788412570953 1.766017720103264 0.3980597853660583 5.187239751219749 1.987053669989109 1.6715297549963 144.196978867054 1.453565433621407 571.0699023976922 26.89712431281805 3585.953803829849 1.334283366799355 1.550331100821495 5.568758875131607 0.5971934944391251 19.66719537228346 5.726589627563953 0.9447561576962471 0.9818251356482506 477.4719856828451 1.660345271229744 157.5028608590364 1127.023448474705 177.8566494211555 5377.005945511162 8.490073211491108 2.926313281059265 0.5477697774767876 236.2575959712267 3.268227092921734 0 108.4566507488489 2.271117448806763 254.5663917288184 345.1075931191444 287.7370951101184 68.10116656124592 46.74894348531961 20.45580679178238 460.5447331294417 4.845639944076538 0 39.09007785469294 2.85625059902668 0.08439540863037109 0 0 0.0938134640455246 0.4039639085531235 0.5482575073838234 0.08398152142763138 88.37975832819939 0 735.1878815516829 0.07864192128181458 0 1.792857855558395 2.472712278366089 6.280312567949295 5.394187651574612 0 0.1108933910727501 4.014549776911736 1.365729689598083 1.616324454545975 207.3437343686819 302.4660439491272 1075.268304936588 3.892558544874191 0.2487026751041412 0.6046194657683372 95.04183287918568 0.2709296047687531 0 1.114536143839359 0.3373904079198837 150.0841585844755 50.80731709301472 21.05926886945963 0.8860313147306442 27.9716203212738 0 32.68169414997101 0.1521889716386795
35.59322611242533 500.3826465085149 9121.725364603102 8.03949212282896 1.880275033414364 49.66174525767565 313.8942001536489 444.0066604986787 23.01427129656076 184.2949975281954 1404.749019443989 1.827705718576908 394.8508880361915 193.7135631516576 0.2490652352571487 5.398819588124752 4084.976868934929 3171.919391520321 6234.776208557189 4.588126741349697 40.56327204406261 48.69665781408548 2465.459839329123 72.66820480674505 177.8566494211555 42712.25572865456 12478.33258802444 113.2641207948327 237.0541776493192 104.8281449452043 419.1461931616068 11.68843170255423 10.76068907231092 980.447159178555 26.85177855193615 2641.756776496768 4456.049746930599 2385.337927863002 731.3057019487023 50.31235570460558 4.049007557332516 32.28833214193583 8.74531552195549 0.8115536049008369 560.7336210384965 987.7388134822249 0.4877243191003799 0 0 16.28737214207649 3.335690043866634 0.897523045539856 1.80487897247076 78.55220682919025 0 430.547328107059 3.229417443275452 0 27.64726334810257 197.8496127948165 84.03697521239519 416.5925917178392 0 6.935382574796677 14.67561103403568 69.7777431383729 19.60643925517797 361.6488140150905 3357.485875509679 5330.646336652339 22.56938003748655 3.187186598777771 16.72962390631437 181.9181949049234 0 0.3194558620452881 19.82993221282959 22.02140620350838 116.5326114222407 257.9496276676655 121.0279767364264 37.41400906443596 1.637360520660877 1.074665918946266 3.464946962893009 0.2573350891470909
18.50974464416504 9823.608575806022 4585.026358351111 7.696804694831371 1.611905299127102 25.65564269572496 556.4313448294997 203.3129890412092 1025.353217981756 117.314378798008 824.5439235344529 2.760846696794033 4406.094045363367 97.23040892928839 13.11592016369104 2760.484083250165 6286.017586521804 843.2478585466743 1738.823794342577 2.504850804805756 426.4935083985329 4658.510769814253 7160.675510875881 2691.175462819636 5377.005945511162 12478.33258802444 29123.77460606396 1349.092119380832 118.6814371943474 96.15587832778692 1280.733424045146 8.672239579260349 6.619685314595699 1470.402046978474 93.4116033166647 6975.666165627539 2381.148922361434 5353.02650039643 2417.676347613335 254.3702932074666 13.98374290764332 46.01798018068075 37.16520121693611 3.287900939583778 2315.500804699957 2486.694444738328 2.783634208142757 0 1.337214760482311 97.98975796252489 16.02825850248337 6.672327622771263 13.48611508309841 103.7987644374371 0.4624488055706024 645.3277926892042 15.44314720481634 0.106716699898243 1674.786176860332 193.2636370882392 69.59931139647961 368.3500362858176 0.8018936514854431 168.4782622754574 816.6989746615291 3345.39977042377 180.7109453603625 670.879815608263 3779.643982872367 14845.27431432158 326.1943080350757 6.761490248143673 48.15749622136354 256.117973215878 0.7433782964944839 1.953798733651638 33.02535276114941 89.01278695464134 300.2801315635443 233.9246377721429 196.9706460833549 107.7419438734651 10.60904274135828 2.516464114189148 6.935335196554661 2.528392158448696
37.75141869485378 34.48786606639624 490.7627692148089 3383.137198016047 9.272981449961662 263.6369420960546 18434.8524620086 385.0997616574168 1149.742697365582 6627.952733524144 22.43881297111511 1300.155798614025 9.653154022991657 205.6512789577246 57.62653774768114 1863.214449264109 116.8549017086625 10.41173966228962 13.01621168106794 2211.162648133934 2923.988582454622 272.0264281108975 4438.385990075767 8046.831273958087 8.490073211491108 113.2641207948327 1349.092119380832 24936.66131724417 954.2621501758695 10742.9338895902 0.747075080871582 16.78640433400869 192.6489222943783 1220.330158658326 38.81836953014135 5589.002643331885 616.2948760017753 1769.806885391474 1084.143559299409 451.8678336217999 15.44528942555189 11.04571904242039 63.96989055722952 48.48103026300669 5.289160318672657 16.74289297312498 328.2143005058169 1.128510095179081 15.29470862448215 1789.534616924822 110.424224190414 792.408415555954 335.3682755231857 11.63987874239683 147.8890262618661 1.832442499697208 141.2238095775247 5.381248757243156 195.7241291627288 1.133255794644356 1.188373744487762 1.037172123789787 227.0045148283243 63.33097160607576 72.9458051584661 98.5658807232976 3249.200312167406 0.4221976101398468 2.923379428684711 100.7148368582129 3837.902431890368 228.3189260140061 301.1186853647232 0 5.518870189785957 18.6560195311904 50.91689101606607 13.59178476780653 274.2234167903662 10.83894620090723 128.7701241374016 77.84248288720846 84.40355882793665 8.557941600680351 8.751665815711021 1.258809179067612
