2221.539265342057 0.1526167616248131 21.8203474059701 4.199989549815655 4.156134225428104 23.87583936005831 2780.27805878222 884.765567690134 34.57648897171021 70.01811826974154 17.17434327304363 7.169577360153198 1.930207841098309 7832.948769450188 0.2395508214831352 4.765060760080814 102.8246470913291 22.46843122690916 90.80499275773764 14.33747971057892 129.6935835778713 3.69766691327095 107.015957288444 59.32505060732365 0 130.2910791710019 34.22966824471951 92.76786410063505 3981.015897624195 2691.187019221485 0.09140674024820328 87.14336414635181 32.50786991417408 266.9542384445667 3.903366893529892 57.5265252366662 6.479415684938431 186.116364300251 25.1803612858057 5.446722939610481 4.588304840028286 0 0.3951715081930161 0.9700230956077576 0 0 0 0 0 5.454822301864624 0 1.637230761349201 0.1858300417661667 0 0.1709300428628922 0 0.6813988983631134 0.1780270636081696 4.363476470112801 0 0 0 0.9759644567966461 3.315520346164703 4.402259811758995 0.1127540543675423 21.21321073919535 0 0 1.013476207852364 22.92814565449953 2.867012985050678 2.787734530866146 0 0 0 0.6004707366228104 0 6.394481211900711 0 1.258770182728767 0.7032438218593597 1.217020511627197 0.2230230122804642 0 0
0.1526167616248131 313.4131400361657 183.9026977866888 5.308262392878532 0.1391479223966599 0.2513983026146889 21.12487582117319 2.70934970676899 607.6138914600015 8.795603938400745 113.214781910181 0.8286875486373901 1090.103712454438 1.448049150407314 4.865459404885769 231.2925480306149 46.09693964570761 2.507493577897549 3.408207833766937 0.548666313290596 8.574672885239124 2822.662864349782 75.67510963231325 777.4410847350955 2373.685349442065 100.6003580540419 6029.760450296104 20.16112397611141 1.490009874105453 0.9737599343061447 16.18808402866125 0.2270168140530586 0.07865927368402481 68.20736290514469 5.04091976583004 143.5346724390984 154.3379289060831 300.7384839728475 30.80876590311527 9.172405622899532 0.7241520881652832 49.51765084266663 1.398040533065796 0 131.3123685270548 113.484087318182 0.09290507435798645 0 0.1988855302333832 0.9510816931724548 0.8564251065254211 0.3988077566027641 0.1601444631814957 8.463815979659557 0 18.68984948843718 2.029405079782009 0.125455304980278 14.38147905468941 11.86387174576521 4.520451709628105 7.133576452732086 0 2.392396159470081 69.18869958817959 16.5627391114831 7.889503560960293 42.9166586920619 136.6112749874592 2629.159295603633 2.902503699064255 0.2253953516483307 0.4619572162628174 7.498991265892982 0 0 5.734590962529182 2.556341409683228 14.54089996963739 49.88661060482264 11.86880797147751 2.552242636680603 0 0 4.236509561538696 0
21.8203474059701 183.9026977866888 4914.269825302064 8.128250643610954 0.2259393259882927 25.49432433396578 415.2922240495682 115.7493329271674 3.150696337223053 89.07502644509077 41.1318089440465 0.3811011910438538 6.57026731222868 103.7359796836972 0.3110117018222809 5.518703550100327 8207.379035271704 145.0972861051559 463.48408408463 1.560512885451317 950.7405501455069 30.24924389272928 7860.458411358297 13.36889693886042 0 8353.838814586401 3974.665712319314 95.56058306246996 23.21998146921396 173.5328498035669 7.868481338024139 3.708265587687492 7.188619159162045 686.1046300753951 95.41824766248465 2126.093886852264 4513.148761041462 2449.705183215439 442.0039986297488 53.86941832304001 3.49066711217165 22.12458094209433 10.35902250558138 0.2048996314406395 87.3259955868125 370.3132812380791 0 0 0.6048445701599121 7.579677045345306 1.480790391564369 1.496901720762253 1.44465547055006 0.5310952663421631 0.2469233497977257 0.4186617732048035 5.982423461973667 0.2169943302869797 40.66318008303642 34.19094136357307 0.6229166388511658 6.937428660690784 0 9.568203955888748 70.95970303565264 41.83872824907303 20.33779279887676 1.593908801674843 145.0117494612932 2411.102771103382 11.73768621683121 0.474954828619957 2.951344601809978 0.8901917338371277 0 0 10.25135036557913 13.49378599226475 38.03878408670425 534.8094950839877 26.46594280004501 6.282766006886959 1.012209802865982 0.7801597714424133 2.912811756134033 0
4.199989549815655 5.308262392878532 8.128250643610954 3848.389868721366 2.265411049127579 228.4320883527398 330.3586357012391 31.03723996132612 677.7116080671549 4633.460267044604 2.628511786460876 1084.814756765962 1.182817548513412 28.89723136276007 96.83515215665102 19.04426149278879 2.423643551766872 0.7030729129910469 0.4616569057106972 4720.032465226948 24.25888875126839 17.2113891094923 19.3386842533946 1453.508320614696 0.09367243945598602 14.19873996824026 50.35122732818127 3132.322501920164 78.56361160427332 2.483142502605915 0 8.218765370547771 4.716801941394806 24.30174762755632 8.039275884628296 364.2064101919532 9.336505189538002 81.74913731962442 46.53807228803635 141.0689773932099 12.74518948048353 1.245950609445572 5.046101599931717 0.854975238442421 0.3054945170879364 0.7711173817515373 171.6021258682013 0.7037007212638855 15.783167719841 152.6390600726008 13.82087440043688 195.6018195003271 68.20630547404289 0.6920322924852371 140.4285047352314 0 4.270646117627621 24.42619074881077 4.180757835507393 0 0 0 256.1945929005742 4.061970226466656 2.566885478794575 1.436542265117168 647.6591956540942 0 0.1175549104809761 5.885326944291592 478.6457580626011 3.070305839180946 4.707874983549118 0 0.2337165996432304 0.108880303800106 2.926465950906277 1.112895607948303 88.1295604929328 0.1381558626890182 15.0914473310113 2.156832344830036 86.32144477963448 1.685061767697334 0.636643648147583 1.512695401906967
4.156134225428104 0.1391479223966599 0.2259393259882927 2.265411049127579 333.5126668959856 580.4505776166916 13.04299899190664 110.5768408477306 18.44112958014011 27.27860806882381 127.9792498648167 75.03923909366131 12.10030411928892 12.92015732079744 1631.561966642737 0 0.3392123952507973 11.96826558560133 7.035125531256199 23.30539002269506 0.442194476723671 0.2171649634838104 1.449621252715588 10.93391447514296 0 8.374695718288422 3.304526329040527 7.689689710736275 12.55912516266108 2.078052408993244 0.7291260361671448 136.6483311057091 0.2792722582817078 469.4801056534052 2.169743210077286 163.5214200243354 6.806627623736858 474.3696928247809 39.86235293745995 1791.217036068439 84.22866612672806 2.046054601669312 8.236368581652641 0 0 0 0.4931663647294044 0 0.3421269357204437 1.936863601207733 0.1437737196683884 0.7353037297725677 0.1629731804132462 0 3.503527112305164 0.1425115615129471 0 1.665514126420021 0 0 0 0 3.974600240588188 0 0 0 6.904014721512794 0 0 0 1.538776859641075 0.2023088037967682 0 0 0 0 0 0 3.58280748128891 0 0.1833320260047913 0.4383607804775238 3.857414044439793 0 0.2939880192279816 0
23.87583936005831 0.2513983026146889 25.49432433396578 228.4320883527398 580.4505776166916 10079.42831920832 1536.800477594137 5521.929914586246 131.1024807468057 8025.806524559855 95.30419748276472 4627.678127087653 25.56829669326544 441.0309428721666 3038.323709741235 6.33588033169508 24.03741556406021 20.37622672319412 22.36825407296419 549.3810984790325 65.68401731550694 4.07570880651474 53.48619082570076 246.7682849988341 0.1990837007761002 66.48623065650463 29.77550276368856 459.8168682157993 143.6730971336365 41.68772158026695 0.927485316991806 770.5248109251261 2.934830769896507 326.1018448844552 8.15435378998518 624.8921541571617 37.42631937563419 639.8982661962509 105.7807082310319 2904.131189644337 184.4229058027267 15.61979699134827 14.63230828940868 0.608351968228817 0 0.4869293421506882 19.89699514955282 0.8013768345117569 8.400702454149723 88.80134648829699 7.507914490997791 41.99010165780783 15.24613223969936 0 69.00749584287405 0.1352920234203339 4.983583107590675 24.61246152967215 2.580360859632492 0 0 0 82.49234953522682 2.937385357916355 0.9232963547110558 0.3031997680664062 197.3916241377592 0 1.681858941912651 2.909069865942001 152.5769326463342 5.069630436599255 2.193607866764069 0 2.147512912750244 0.3990925326943398 3.114194244146347 0.5298118591308594 90.7313259318471 0.1191658675670624 6.212660573422909 0.5703140050172806 95.61417312920094 2.271779209375381 3.242457821965218 0.7756879329681396
2780.27805878222 21.12487582117319 415.2922240495682 330.3586357012391 13.04299899190664 1536.800477594137 19185.18224094063 3824.166489765048 1028.486308321357 10025.2972945869 31.02712547034025 66.00832434743643 6.058305695652962 7245.705676034093 51.82141868025064 136.4020011276007 222.5903656482697 33.09172087162733 95.07657311111689 218.8087040781975 2312.768091782928 35.28507190197706 1081.521084524691 698.2723914608359 0.3976238965988159 605.5407189428806 353.005066908896 16337.82775621116 2033.412997275591 4352.098562762141 2.781465351581573 103.9982903525233 191.8094164058566 512.0233978778124 163.7228881344199 3217.813539877534 200.8705066069961 1228.277766741812 733.7461983039975 252.8339196294546 105.7065073624253 6.544308058917522 50.62817292660475 6.179086841642857 2.363323755562305 10.78458216041327 33.5453739091754 1.085783272981644 20.01274579018354 551.7712641507387 49.46159950643778 295.5343303382397 63.44973816722631 1.426732145249844 40.75276318192482 0.1078085750341415 15.21915742754936 7.588369011878967 27.86498262733221 0.4687175452709198 0.4444678798317909 0.2506450638175011 179.7012729048729 12.5059949234128 17.14905887842178 10.42301592230797 1022.912006705999 0 2.410140745341778 63.14253478497267 909.5528189092875 29.83267891407013 31.08203184604645 0.1328403800725937 2.959951996803284 4.592308446764946 14.25453495234251 12.95355170965195 156.0200663506985 6.132288239896297 57.25308521836996 16.72505055367947 102.2227691560984 9.754933819174767 0.5109198689460754 3.790930554270744
884.765567690134 2.70934970676899 115.7493329271674 31.03723996132612 110.5768408477306 5521.929914586246 3824.166489765048 12112.73999319226 144.367268152535 2009.646052494645 256.5849214121699 627.6079561561346 42.09570354223251 6906.825413584709 637.2324209660292 12.01521314680576 218.5770675837994 77.2207922115922 195.8516669757664 295.2392028495669 219.8669585809112 8.952273003757 310.9272901639342 326.9175485223532 0.3958372846245766 387.2105620577931 115.5356781482697 387.5102399140596 1481.933193229139 821.1563971564174 3.31817839294672 1048.542710505426 12.21565616875887 834.1513530015945 20.29615984112024 831.7966563552618 100.6020776331425 1221.332647368312 167.1764725968242 1411.810864962637 220.5138354599476 9.994414560496807 25.57364720106125 0.8196741715073586 0 2.70834444463253 4.004753559827805 0.2817675471305847 2.42315785586834 70.98420740664005 7.344793036580086 17.9657621011138 8.236946724355221 0 6.519374407827854 0.09458741545677185 1.776438005268574 2.603225484490395 8.334069825708866 0.1158860251307487 0.2468166649341583 0 19.67723301053047 4.087608940899372 5.915087282657623 1.503001794219017 129.7279671728611 0 0.2259424030780792 11.33860006928444 133.2853700146079 6.728953585028648 11.88045390695333 0 0 0.598548635840416 2.745412454009056 3.383967638015747 30.61305686831474 0.4270480200648308 10.06798343360424 4.057864911854267 16.41368173062801 1.714440584182739 0.8642564415931702 0
34.57648897171021 607.6138914600015 3.150696337223053 677.7116080671549 18.44112958014011 131.1024807468057 1028.486308321357 144.367268152535 1430.9531660676 160.5250645503402 6.357782863080502 330.5407391190529 31.63852763175964 65.16440565884113 878.1209511980414 251.1187200918794 2.518549576401711 0.6860028803348541 1.126344680786133 418.7171785533428 84.44215174019337 3008.288724496961 76.15036296099424 9350.852072276175 125.1810901090503 20.56512939184904 692.1575778052211 1713.036948025227 160.7807069271803 524.1447876021266 1.714855119585991 9.829842880368233 14.82511864602566 37.58356498926878 6.507087871432304 203.1588223427534 10.0768673941493 77.82608282566071 38.0969805419445 203.4216501265764 12.92394362390041 2.214318513870239 5.200599446892738 11.6495326384902 2.02832767367363 2.013031765818596 58.11144497990608 0.3900312483310699 15.52496813982725 233.8775446712971 24.66774797439575 114.0720342993736 36.73386998474598 0.9954914152622223 165.0872240141034 0.3007077276706696 9.250053212046623 29.93681745231152 688.389457911253 0.2680372893810272 0.09992637485265732 0.1159621775150299 172.0488146618009 200.5599941983819 145.8467861264944 115.0571771711111 2544.418832965195 2.040852040052414 3.53666839748621 32.8915138989687 889.9056693464518 42.44854391366243 53.32019694149494 0.3323090076446533 1.59673336148262 6.335986815392971 11.25341711193323 3.906100288033485 107.4784389957786 2.782122805714607 39.79028429836035 16.03499674797058 87.58849090337753 5.005513191223145 0 2.13938881456852
70.01811826974154 8.795603938400745 89.07502644509077 4633.460267044604 27.27860806882381 8025.806524559855 10025.2972945869 2009.646052494645 160.5250645503402 18275.66338834912 47.67647930979729 3236.612180061638 7.638321258127689 740.478503011167 114.3286865130067 27.94310382753611 26.77311418950558 15.06807809323072 14.6111236140132 5587.601912647486 285.8823308870196 14.14010602980852 145.3374143019319 396.0838743150234 0.07456833869218826 135.1639493703842 104.7599872648716 7840.350048907101 787.9305529743433 42.76685149222612 1.179676368832588 170.0691574960947 15.66191264241934 293.020117610693 63.52346724271774 2040.260061189532 77.98874124884605 971.5439636185765 335.7509921044111 409.6075038388371 156.7198515310884 10.56626911461353 48.28467428684235 0.6412234008312225 0 3.106168873608112 63.89826647937298 0.6416732221841812 8.59782437980175 139.9250078648329 9.843085184693336 64.78256626427174 27.10755942761898 1.360349081456661 40.82212968170643 0 6.221246853470802 5.909786939620972 4.582165896892548 0.1008495017886162 0 0.1096276417374611 100.9610856920481 1.685678698122501 1.47540320456028 2.388162180781364 309.9578826129436 0.252496749162674 0.5309394374489784 15.2631771415472 261.1283988580108 6.241450108587742 5.024591878056526 0 1.176622331142426 1.436267636716366 6.187907822430134 9.610107481479645 63.74705850332975 2.325613155961037 14.73008536547422 4.348278492689133 38.72782003134489 3.549696579575539 0.7446376979351044 0.7795617580413818
17.17434327304363 113.214781910181 41.1318089440465 2.628511786460876 127.9792498648167 95.30419748276472 31.02712547034025 256.5849214121699 6.357782863080502 47.67647930979729 8315.214333854616 68.91773621737957 1831.426685065031 79.1185358017683 7.082213521003723 0 177.7294884994626 2150.155696339905 597.0821524299681 26.5720242112875 24.0499656572938 14.04900857806206 85.34769956767559 7.267444059252739 274.1798838675022 2690.339980766177 778.2706583291292 9.793158993124962 193.9179612360895 37.75924327969551 495.7570810243487 430.0330785512924 6.485696256160736 6604.107797957957 28.11240649968386 1538.011194005609 7025.289404757321 7489.010873869061 1102.488506987691 56.34643365442753 259.9758073166013 1059.695580527186 13.60527355968952 0 7.651712656021118 0.8259061872959137 0 0 0 3.566042445600033 0 0.1691911220550537 0.5859150066971779 322.6906684786081 0.3416079431772232 457.1329679787159 0 0 0.2839599326252937 1.177131086587906 8.756743185222149 0.372502863407135 0.307536780834198 0.3064574897289276 0.6498242914676666 0.1357970237731934 1.138633973896503 51.02044764906168 82.17555981874466 127.545224532485 2.819532513618469 0.3348267748951912 0 101.4435402601957 0 0 0.2573354914784431 5.207173496484756 45.00230374187231 853.9695903807878 17.88661084324121 0.4029654860496521 0.2875950708985329 1.161648243665695 102.1204717606306 0.8027723431587219
7.169577360153198 0.8286875486373901 0.3811011910438538 1084.814756765962 75.03923909366131 4627.678127087653 66.00832434743643 627.6079561561346 330.5407391190529 3236.612180061638 68.91773621737957 5350.66469938308 12.1468942463398 289.9790628179908 1949.944797605276 0.793840616941452 1.025502450764179 13.71820553392172 10.6241274997592 2807.585095994174 2.970831505954266 5.460640966892242 2.198214039206505 190.8380418121815 0.520043209195137 10.42606909573078 7.701507098972797 389.8083392903209 368.9972364157438 3.543942369520664 0.782019205391407 226.7560173124075 0.5417153537273407 245.1523701325059 6.105861663818359 645.1033657118678 22.43679402768612 864.477909937501 111.7271759659052 1549.440820142627 141.727680310607 16.05746511369944 18.60791784524918 0.859787605702877 0.150055855512619 0.2238745540380478 175.4832100719213 2.180581852793694 22.4294905140996 45.82737266272306 11.33332021534443 112.9267583191395 68.93010663986206 0.5142992436885834 347.1873062625527 0 3.732243984937668 63.61191837489605 0.132961317896843 0 0.2018987536430359 0 308.9507317990065 1.118998870253563 0.8795284777879715 0.1070883423089981 329.4178222417831 0.3117585480213165 0.4794889986515045 1.07535545527935 187.4553120285273 6.280048668384552 2.48461189866066 0.09829480201005936 1.267351187765598 1.17257633805275 2.462199717760086 2.322417199611664 188.2229448407888 1.38790488243103 15.41791619360447 3.652433887124062 225.5471169501543 1.245310246944427 2.953930854797363 0
1.930207841098309 1090.103712454438 6.57026731222868 1.182817548513412 12.10030411928892 25.56829669326544 6.058305695652962 42.09570354223251 31.63852763175964 7.638321258127689 1831.426685065031 12.1468942463398 3590.341636307538 10.58334093540907 11.24851057678461 18.29968702048063 1.611969687044621 38.32569600641727 3.117537476122379 9.096675150096416 10.42373081296682 135.7677802592516 32.32286932319403 33.52616483718157 4214.043784253299 103.0212011113763 1693.340480707586 4.824460975825787 7.298847526311874 12.60522526502609 479.2149012982845 38.73724899441004 0.1498774439096451 461.0716896876693 42.70570673048496 1459.918846435845 7038.650835223496 3344.163420088589 495.7853753715754 101.3470622524619 136.1024503931403 2112.739744976163 18.00396816432476 0 21.24963324517012 0 0 0 0.1948312446475029 0.3085963428020477 0 0.2406603544950485 2.302227474749088 1339.641093686223 0 1799.922072395682 0.5607496947050095 0 0.6272268295288086 0 34.62647718936205 1.725398860871792 0 1.90036928653717 1.814812622964382 0 2.356223359704018 322.6904693841934 241.0741595551372 463.7527393773198 2.830839291214943 0.2185758054256439 0.08577161282300949 309.5667199641466 0.1544400602579117 0 6.93054074794054 16.30928853154182 466.0456060394645 2710.987647362053 70.68771443516016 6.690413281321526 2.973215438425541 6.594682142138481 629.3642323836684 10.27482813596725
7832.948769450188 1.448049150407314 103.7359796836972 28.89723136276007 12.92015732079744 441.0309428721666 7245.705676034093 6906.825413584709 65.16440565884113 740.478503011167 79.1185358017683 289.9790628179908 10.58334093540907 11054.47599291056 13.05143181234598 5.531858518719673 266.930367089808 66.85806240513921 233.8094907067716 186.922488771379 253.9951622337103 4.455039970576763 322.4747421815991 137.9523321092129 0.3224918991327286 403.0302441120148 102.1591261141002 254.9134404659271 5732.214413963258 1818.825899027288 1.113782547414303 709.341020911932 22.79400581866503 684.7133690416813 7.622640363872051 325.5320040136576 55.05220309644938 563.2218078449368 78.59779012203217 124.5574270859361 19.8093828111887 1.877433270215988 8.253461435437202 1.187449477612972 0.2308767437934875 1.27836662530899 0.9574356451630592 0.3163653910160065 0.8300382643938065 12.59353207796812 2.252981930971146 7.242648467421532 1.446993611752987 0 1.375377275049686 0 0.8706244453787804 0.2361306101083755 8.45952944457531 0 0 0 5.94723466783762 6.779593631625175 5.293563336133957 0.3102210760116577 53.28529953211546 0.0738949179649353 0.475848987698555 4.792507380247116 55.70642617344856 2.129339799284935 6.677644833922386 0.2271398901939392 0 0 1.46760269254446 0.3137455582618713 14.49728363752365 1.199363514780998 2.852136090397835 1.166394673287868 6.648075982928276 0.6918380856513977 0.5003200173377991 0.5396620631217957
0.2395508214831352 4.865459404885769 0.3110117018222809 96.83515215665102 1631.561966642737 3038.323709741235 51.82141868025064 637.2324209660292 878.1209511980414 114.3286865130067 7.082213521003723 1949.944797605276 11.24851057678461 13.05143181234598 898.8525477126241 1.460002399981022 0 1.135085105895996 0.52571090310812 215.0915216654539 1.353467181324959 38.59700454026461 0.4978569895029068 968.5502135753632 0.9752446115016937 1.817061692476273 10.25423143804073 78.45683630555868 9.615658663213253 0.3351825773715973 0 360.735999211669 0.4586111605167389 32.83704710006714 5.517869040369987 367.4087805151939 56.78698828816414 78.98737006634474 6.550794363021851 3172.521770276129 201.749687500298 46.42310589551926 1.687711596488953 0.7490530610084534 0.2705736309289932 0 26.94489127397537 1.10425691306591 7.079497337341309 11.55130583047867 3.734439462423325 46.20142811536789 17.97237238287926 1.47699236869812 121.7165475338697 0 2.104600958526134 40.4555929005146 6.237354338169098 0 0 0.1341985315084457 95.60230279713869 4.649661235511303 1.086742542684078 0.2835663855075836 147.5408906117082 0 0 0.4437952116131783 68.20167410373688 2.641465604305267 3.785999804735184 0 0.1052412837743759 0 0 2.806524708867073 167.6324609145522 2.545802220702171 3.776953369379044 5.343852341175079 146.6956960484385 0.3122173547744751 10.21611094474792 4.466053336858749
4.765060760080814 231.2925480306149 5.518703550100327 19.04426149278879 0 6.33588033169508 136.4020011276007 12.01521314680576 251.1187200918794 27.94310382753611 0 0.793840616941452 18.29968702048063 5.531858518719673 1.460002399981022 1981.150447241962 3.897738039493561 0.6431600973010063 0.8628325536847115 4.104242898523808 2230.643254935741 4166.81301099807 2238.822581909597 1725.427527576685 13.72164872288704 6.564415663480759 2070.836396947503 1461.730029411614 38.42885253578424 51.15345177054405 0 1.962001077830791 26.75718365609646 61.53281138837337 101.9268053099513 2268.358483232558 735.3263453766704 423.8408573195338 350.7842764854431 87.87317472696304 4.477199226617813 42.38825850188732 14.31069086492062 0.773319736123085 3.822987049818039 20.41735090315342 0.1327043473720551 0 0.6356605291366577 15.66751914471388 0.6944490522146225 13.49109459668398 1.703261397778988 2.833348847925663 1.339793108403683 0 0.4414931312203407 0.3769635260105133 3055.429947882891 2.011507615447044 0.1594741642475128 0.3724566996097565 1.203948512673378 320.9698663800955 873.6407985389233 1050.687774881721 216.5372434183955 0.3846752047538757 2.06782591342926 700.870537750423 150.5841028913856 6.352426491677761 19.5420288592577 0.08784128725528717 0 0.9116261005401611 4.36929764598608 10.98790010809898 219.9472847059369 7.776902586221695 10.99884320795536 3.11525435000658 2.805666618049145 0.3250603377819061 10.24959918856621 0.928885817527771
102.8246470913291 46.09693964570761 8207.379035271704 2.423643551766872 0.3392123952507973 24.03741556406021 222.5903656482697 218.5770675837994 2.518549576401711 26.77311418950558 177.7294884994626 1.025502450764179 1.611969687044621 266.930367089808 0 3.897738039493561 3292.980511076748 326.1905977129936 2744.895337879658 1.166006714105606 1046.909209214151 8.165783099830151 4900.112042963505 10.97030635178089 1.276111170649529 8318.350528463721 4849.513551846147 36.45457983762026 114.8556910976768 549.8938790783286 1.353555448353291 7.760555982589722 4.434050969779491 2548.149834088981 3.091234117746353 114.6135296449065 255.886076413095 934.8425729125738 51.75654230266809 5.220599301159382 1.131751246750355 1.881789684295654 0.4417965412139893 0.11626086384058 8.448599562048912 19.14523020386696 0 0 0 0.1310761421918869 0 0.8419392108917236 0 0 0 0.2345417141914368 0 0 4.71423913538456 1.639017350971699 0.1309775561094284 0.9495194554328918 0 2.338736243546009 2.915220618247986 2.04109962284565 3.641380988061428 0 17.19731701165438 135.8339861929417 2.951005652546883 0.1966833919286728 0.1503019034862518 0 0 0 0.1039394736289978 0 2.668358825147152 43.04382633417845 2.779724173247814 0.1287015527486801 0 0 0 0
22.46843122690916 2.507493577897549 145.0972861051559 0.7030729129910469 11.96826558560133 20.37622672319412 33.09172087162733 77.2207922115922 0.6860028803348541 15.06807809323072 2150.155696339905 13.71820553392172 38.32569600641727 66.85806240513921 1.135085105895996 0.6431600973010063 326.1905977129936 438.7378367185593 1120.3673748523 5.754202798008919 43.83945085853338 0.6337063759565353 140.5788536444306 2.641173154115677 5.925255566835403 4754.571585755795 1106.096039041877 5.870769932866096 65.19577603787184 74.97220920026302 130.0218903496861 62.78531882539392 4.101353205740452 906.0061736479402 9.445752084255219 748.9644414633512 1262.739955626428 1662.126472532749 306.5288888514042 13.23595855385065 17.46822582185268 26.28322852402925 0.7409472838044167 0 0.6175824850797653 0.6093405187129974 0 0 0 0 0 0.4919537901878357 0 6.920078337192535 0.0894722044467926 30.22816696017981 0 0 0.2427292466163635 0.1453827172517776 4.018569923937321 3.130860060453415 0 0.3694437295198441 0 0 0.5690430104732513 5.045443750917912 47.87162777781487 65.58744919300079 0.6872132569551468 0 0.128282442688942 13.03802915662527 0 0 0.08446839451789856 2.217136174440384 20.25281873345375 40.01959081739187 0.2547708228230476 1.435734122991562 0.3198073506355286 0 0.2157270014286041 0
90.80499275773764 3.408207833766937 463.48408408463 0.4616569057106972 7.035125531256199 22.36825407296419 95.07657311111689 195.8516669757664 1.126344680786133 14.6111236140132 597.0821524299681 10.6241274997592 3.117537476122379 233.8094907067716 0.52571090310812 0.8628325536847115 2744.895337879658 1120.3673748523 1032.501662760973 5.188810646533966 193.7619731426239 0.7407181337475777 577.7945814877748 4.325661566108465 1.662535935640335 6619.212401703 665.0173537358642 8.789210259914398 182.2647700272501 303.5024070367217 3.67912594974041 46.0033975020051 13.29871313273907 2231.281451717019 7.960599631071091 785.9891536980867 499.3421135768294 1544.704295404255 242.7779166549444 13.78498532623053 4.759889222681522 2.424573421478271 2.438168101012707 0 0.3040430322289467 1.049252554774284 0 0 0 0.1163117215037346 0 0 0 0.31446423381567 0.1046096533536911 1.860969796776772 0 0 0.4036921486258507 0.1225371509790421 0.3591646105051041 0.3753593042492867 0 0.3042177483439445 0 0.68833988904953 1.525686852633953 0.782659113407135 15.21354498714209 29.46222400665283 1.519771069288254 0 0 1.642984040081501 0 0 0 3.038760870695114 13.32429726421833 14.29460648447275 0.2830547988414764 0 0 0 0.08779849112033844 0
14.33747971057892 0.548666313290596 1.560512885451317 4720.032465226948 23.30539002269506 549.3810984790325 218.8087040781975 295.2392028495669 418.7171785533428 5587.601912647486 26.5720242112875 2807.585095994174 9.096675150096416 186.922488771379 215.0915216654539 4.104242898523808 1.166006714105606 5.754202798008919 5.188810646533966 1098.431710317731 10.85062928497791 1.323661804199219 4.81695818156004 682.500276684761 0 9.973615080118179 7.857474535703659 2801.902766518295 371.1836706697941 3.671069160103798 0.2551082074642181 85.20257668197155 2.701119147241116 158.6507695540786 30.42349161207676 1620.081638731062 26.17612053453922 602.1219196915627 188.1256276667118 685.4725214466453 150.0616173520684 6.608643807470798 35.9972250238061 0.8423094749450684 0.1220571026206017 1.111536920070648 92.08283583819866 0.6290269494056702 19.65266866981983 205.3532713651657 19.74242108315229 150.9098709523678 58.40148737281561 0.7677408307790756 129.4352530092001 0 5.371512770652771 35.19118762016296 1.056056998670101 0 0 0 255.0452586710453 1.760224737226963 0.9324674159288406 0.4283943176269531 557.4765249192715 0.163170114159584 0.2854705303907394 1.143999688327312 430.367089368403 8.533837750554085 3.801475197076797 0 2.059219285845757 0.2005757987499237 6.02271980047226 7.101875767111778 138.1996148899198 0.8036405593156815 21.73297072947025 8.518575310707092 126.7909159660339 3.383411079645157 0 0.7637704908847809
129.6935835778713 8.574672885239124 950.7405501455069 24.25888875126839 0.442194476723671 65.68401731550694 2312.768091782928 219.8669585809112 84.44215174019337 285.8823308870196 24.0499656572938 2.970831505954266 10.42373081296682 253.9951622337103 1.353467181324959 2230.643254935741 1046.909209214151 43.83945085853338 193.7619731426239 10.85062928497791 13430.6505490765 295.2020388916135 14451.22153225541 719.2731045112014 1.431353308260441 662.6392227634788 763.880295753479 5975.087757281959 432.4809880927205 9021.63373503089 1.632885918021202 7.625656969845295 259.2060842588544 4975.154743529856 344.2953578308225 6333.539064504206 832.1826530769467 4941.995948366821 2079.055401869118 281.9129343181849 10.60114838927984 22.79997143149376 43.62437846511602 2.560683518648148 1.85565534979105 8.842986866831779 0.2475278526544571 0 0.7523242831230164 18.88552097976208 3.213244490325451 14.99176004528999 0.9202494248747826 1.730788096785545 0.9099578559398651 0 4.141610436141491 0.2777806222438812 691.5576925948262 0.933033287525177 0 0 3.221319362521172 419.2208987027407 168.4422893002629 147.0378124415874 314.2000601142645 0 2.08490065485239 68.04453394562006 245.3902314156294 14.74372290819883 53.64662353694439 0 0.2243199497461319 2.992764987051487 3.89622239023447 26.83772874623537 265.810854844749 4.523671537637711 12.15228474885225 9.969108752906322 8.219321094453335 0.7243008017539978 2.487303018569946 1.167342901229858
3.69766691327095 2822.662864349782 30.24924389272928 17.2113891094923 0.2171649634838104 4.07570880651474 35.28507190197706 8.952273003757 3008.288724496961 14.14010602980852 14.04900857806206 5.460640966892242 135.7677802592516 4.455039970576763 38.59700454026461 4166.81301099807 8.165783099830151 0.6337063759565353 0.7407181337475777 1.323661804199219 295.2020388916135 1428.836891151965 467.4047917798162 4029.327520169318 740.2026592120528 20.4421406313777 3381.404032938182 202.1327724978328 18.53380561619997 30.8835960701108 6.456695161759853 0.1364109516143799 3.537137724459171 23.2918514534831 2.550572231411934 94.14651869237423 16.68223810940981 75.55644702166319 17.67106780409813 54.10075187683105 0 2.78301564604044 0.2053039222955704 1.044326931238174 167.7939532399178 71.41292335093021 0 0 0.2558251917362213 3.604452401399612 0 14.17045394331217 0.4192762523889542 0.8732209131121635 0.6733056455850601 2.275842808187008 1.501912049949169 0 1479.922853656113 4.453335627913475 0.3382435590028763 0.4456986039876938 0.6420680433511734 153.4625600501895 451.4668147340417 452.9806712791324 148.3704135641456 105.0625075176358 9.849917247891426 2193.280256316066 73.42911613732576 4.502934664487839 9.563523314893246 1.087077550590038 0.1006782725453377 0 3.137325510382652 0 16.04355822503567 11.02971658855677 6.780534327030182 2.829485207796097 1.228310272097588 0 0.5513112545013428 0
107.015957288444 75.67510963231325 7860.458411358297 19.3386842533946 1.449621252715588 53.48619082570076 1081.521084524691 310.9272901639342 76.15036296099424 145.3374143019319 85.34769956767559 2.198214039206505 32.32286932319403 322.4747421815991 0.4978569895029068 2238.822581909597 4900.112042963505 140.5788536444306 577.7945814877748 4.81695818156004 14451.22153225541 467.4047917798162 21528.00733843446 248.6242138892412 1.624310418963432 2929.744354359806 7486.792677856982 1170.811570674181 152.320634111762 1731.083182252944 4.92765661329031 11.02980270236731 44.1914097070694 3149.506639391184 1066.636668048799 11750.57062527537 6125.120369009674 9741.462443932891 3702.327952958643 567.6594188138843 19.31675171852112 54.2622699290514 121.6177096664906 0.3852307200431824 13.1017741560936 117.7930059209466 0.5953052714467049 0 0 11.17179784923792 2.252017721533775 4.679814130067825 0.7748212292790413 1.158946551382542 0 0.4044672846794128 0.9412750005722046 0 1279.813864789903 3.438045479357243 0.1957547590136528 0.6441241875290871 1.838223114609718 112.9658313244581 392.1489169225097 505.0608723759651 94.66800364851952 1.20341557264328 7.346131756901741 1162.088223643601 71.5238987877965 1.888992935419083 7.611858569085598 0.1299667805433273 0.2079455554485321 0.4755678474903107 2.289526216685772 136.8911514729261 155.7420089617372 22.40741842985153 11.7503138333559 17.66931086778641 3.584731370210648 0 10.88158245384693 3.959677934646606
59.32505060732365 777.4410847350955 13.36889693886042 1453.508320614696 10.93391447514296 246.7682849988341 698.2723914608359 326.9175485223532 9350.852072276175 396.0838743150234 7.267444059252739 190.8380418121815 33.52616483718157 137.9523321092129 968.5502135753632 1725.427527576685 10.97030635178089 2.641173154115677 4.325661566108465 682.500276684761 719.2731045112014 4029.327520169318 248.6242138892412 12651.53280241042 123.8628093376756 52.24687330424786 1603.561402209103 7963.64296156168 462.6845929771662 623.1963753253222 2.073454186320305 26.08138166368008 146.2630849778652 200.5075982734561 83.26718062907457 1526.961152806878 57.40619236975908 420.3907482400537 273.2021907120943 530.2396571263671 33.77257597446442 12.89424877613783 23.45017246901989 22.15436099469662 3.374093443155289 9.252035923302174 108.0884022563696 2.688618630170822 25.7235364690423 392.5489875823259 44.79408844560385 693.1760433614254 88.17846638709307 3.182073727250099 153.3278294354677 0.3455167859792709 28.06016619503498 31.41535011678934 648.0051513463259 0.6383839696645737 0.3558368682861328 1.166421189904213 341.1470492705703 455.8577954694629 548.6160350367427 81.18196125328541 2648.877902425826 0.2270727157592773 5.299495257437229 78.58195331692696 1769.581562571228 89.17039267718792 135.2094733640552 0.5220469757914543 2.08020381629467 9.305312819778919 33.21533458679914 6.645850747823715 372.7840080931783 9.557794079184532 91.30622597783804 37.11886104941368 191.3183921352029 12.87846501171589 8.868205666542053 4.567498564720154
0 2373.685349442065 0 0.09367243945598602 0 0.1990837007761002 0.3976238965988159 0.3958372846245766 125.1810901090503 0.07456833869218826 274.1798838675022 0.520043209195137 4214.043784253299 0.3224918991327286 0.9752446115016937 13.72164872288704 1.276111170649529 5.925255566835403 1.662535935640335 0 1.431353308260441 740.2026592120528 1.624310418963432 123.8628093376756 281.5534353330731 84.98571164906025 4589.965822204947 2.983736641705036 0 0.1328730434179306 279.7113728448749 0 0 70.63628722727299 0 7.495737679302692 107.7472810968757 153.9300372228026 7.127197951078415 0.2582669481635094 2.167429909110069 330.4715394899249 0 0 19.21670301258564 0.6365203410387039 0 0 0 0 0 0.3134399130940437 0.4926011711359024 208.2016811072826 0 639.4558654129505 0 0 0.73979851603508 0.2340919077396393 17.72175559401512 0.862451359629631 0 0 6.260281324386597 0.1761493384838104 0.6942371279001236 256.8326666131616 237.4119141697884 867.7042718455195 0.356139175593853 0 0 67.729114189744 0 0 0.1081423237919807 1.069427371025085 1.39678905159235 92.53477699309587 5.586621224880219 0.3629010617733002 0 0 30.85481330007315 0
130.2910791710019 100.6003580540419 8353.838814586401 14.19873996824026 8.374695718288422 66.48623065650463 605.5407189428806 387.2105620577931 20.56512939184904 135.1639493703842 2690.339980766177 10.42606909573078 103.0212011113763 403.0302441120148 1.817061692476273 6.564415663480759 8318.350528463721 4754.571585755795 6619.212401703 9.973615080118179 662.6392227634788 20.4421406313777 2929.744354359806 52.24687330424786 84.98571164906025 24089.39698171616 7567.880475267768 101.3949291482568 237.0403216183186 382.1054250970483 619.781909711659 55.67729203402996 24.44909434020519 1866.801978617907 60.58326982706785 3663.261063940823 6554.012743324041 3743.214294202626 801.9175016283989 74.17326318472624 15.05189995467663 110.0031101480126 10.96943970024586 0.3679928630590439 74.45212434232235 89.81322283297777 0 0 0.4369066581130028 3.310901433229446 0.1332042813301086 2.440178692340851 2.7624192237854 136.5767845362425 0 591.8672085478902 1.188672795891762 0 15.00227020680904 39.06083837896585 84.90150570124388 75.17083306610584 0.5042895525693893 3.804253853857517 10.95826128870249 8.151847034692764 15.98852827399969 154.5604696571827 1525.356339432299 3586.255472049117 11.85438805818558 0.73024682700634 0.8558936342597008 241.2674820795655 0.07036948204040527 0 8.536241225898266 10.79599048197269 60.98231476545334 1457.616634443402 29.34814435243607 3.490614585578442 1.290038697421551 0 4.367150887846947 0.4376190304756165
34.22966824471951 6029.760450296104 3974.665712319314 50.35122732818127 3.304526329040527 29.77550276368856 353.005066908896 115.5356781482697 692.1575778052211 104.7599872648716 778.2706583291292 7.701507098972797 1693.340480707586 102.1591261141002 10.25423143804073 2070.836396947503 4849.513551846147 1106.096039041877 665.0173537358642 7.857474535703659 763.880295753479 3381.404032938182 7486.792677856982 1603.561402209103 4589.965822204947 7567.880475267768 32788.93563063443 723.3995779380202 91.10490404441953 129.3192364871502 716.7515466883779 24.65626563876867 17.88157941401005 2083.135574035347 348.682971611619 7596.293308719993 7524.946397013962 6868.9526059255 1364.28699144721 224.5595743283629 17.17922285944223 100.7988147735596 43.12706995010376 2.435596384108067 1081.226754322648 1460.700754106045 0.134686216711998 0.08965765684843063 1.605193212628365 27.33699985593557 9.71734431385994 12.4498164281249 10.34688103944063 136.989452123642 0.3604683801531792 603.9925707280636 11.24669903516769 0.2141900807619095 638.3916915282607 143.4971601814032 108.6886374279857 165.9844654649496 1.871756762266159 50.09651135653257 1003.468653768301 604.599538937211 125.5397983267903 308.3745799511671 3802.445937991142 20735.76359942555 66.43921724706888 2.899491675198078 8.875332795083523 283.5853412896395 0.4448730498552322 0.1310627907514572 39.16498357802629 55.40288703143597 164.6469740569592 2961.385029293597 141.8308247551322 41.18167422711849 2.356690213084221 1.197491459548473 13.56148766726255 0.8207322880625725
92.76786410063505 20.16112397611141 95.56058306246996 3132.322501920164 7.689689710736275 459.8168682157993 16337.82775621116 387.5102399140596 1713.036948025227 7840.350048907101 9.793158993124962 389.8083392903209 4.824460975825787 254.9134404659271 78.45683630555868 1461.730029411614 36.45457983762026 5.870769932866096 8.789210259914398 2801.902766518295 5975.087757281959 202.1327724978328 1170.811570674181 7963.64296156168 2.983736641705036 101.3949291482568 723.3995779380202 14716.11660051346 1110.9731599316 4693.684314318001 0.2170428410172462 36.26497090607882 637.1060949042439 769.3305022716522 210.518048197031 3382.400239869952 83.87111461907625 1248.248376190662 872.6736630797386 312.4454168155789 67.00628408789635 12.61767801642418 36.96015328913927 16.96174787729979 0.9899532869458199 9.183238968253136 107.1159473285079 1.605571582913399 26.79404262453318 599.882870003581 42.1238167732954 367.6885367482901 86.64409068971872 4.996733449399471 84.03869848698378 0 30.47830058634281 20.37623805552721 215.0267025381327 0.1172977462410927 0.4193708673119545 0.4416393637657166 295.2182043492794 165.6084117814898 123.6475025862455 26.87109988927841 1907.949820362031 0.4236500263214111 2.056623235344887 55.18232860416174 1496.303030885756 72.32295675575733 114.2990666776896 0.1059424877166748 3.163409009575844 6.157450057566166 22.54888598620892 17.41571874916553 256.4200201407075 2.987951122224331 64.49287836998701 26.39657443016768 137.0756618455052 8.963070899248123 5.17865078151226 5.639584571123123
