1981.028041407466 1.468310929834843 103.8971440792084 1.42839428037405 2.085751540958881 58.85220875963569 1492.574811130762 959.6120820939541 16.33408905565739 39.18914356082678 15.33249846100807 7.639957003295422 0.93458391726017 6226.85931289196 0.6845523864030838 0.5456495881080627 646.6483078375459 10.38021133840084 29.25409114360809 17.20107036083937 119.274178147316 4.734677463769913 426.5350042358041 61.97976841777563 1.615423083305359 82.06216838210821 32.86180019378662 195.2221752777696 3613.80609574914 6194.331226609647 0.2578638717532158 15.86389157921076 65.84270780533552 180.9767365679145 4.604934334754944 204.3357541486621 14.22477746754885 183.5253504142165 36.74760862439871 17.22728741168976 1.286357618868351 1.445330299437046 1.833950236439705 0 0.1434955298900604 0.5383259132504463 0 0 0 4.888995692133904 0.1042328923940659 2.218346893787384 0 0.1109345033764839 0 0.1109053939580917 1.049345284700394 0 0.6557863280177116 0 0 0 0.1714943200349808 0.3346864283084869 0.1140925735235214 0 31.29170510917902 0 0.2447057217359543 2.339316181838512 27.22549319267273 1.362336620688438 0.3219021558761597 0 0 0 0.2173259109258652 0 14.14054717868567 0.1020940244197845 2.459147371351719 0.9008668065071106 3.708159923553467 0 0 0.2199982851743698
1.468310929834843 299.3209252730012 60.43368992209435 0 0.6022459864616394 0.5099191144108772 2.324318513274193 2.825873136520386 361.1285375133157 0.589333638548851 54.83805394172668 0.2536356225609779 419.6244034618139 2.280225411057472 1.64969339966774 94.05839388072491 102.4623506292701 8.174389630556107 31.04313935339451 0.261263981461525 1.907480150461197 2056.850086599588 4.909852162003517 585.8638117909431 1944.071613110602 510.095437720418 12503.53198802471 10.47458232194185 3.306749269366264 2.405596680939198 30.8296672552824 0 0 63.37078668177128 3.271621987223625 109.5194479748607 77.87026411294937 114.0622906908393 27.46910018473864 3.693435736000538 0.3664438724517822 56.04325917363167 0 0.4405734688043594 124.7417715862393 113.1987549886107 0 0 0.1197575107216835 2.731509163975716 0.2325732186436653 0.6458775103092194 0.1097325533628464 5.79065416008234 0 34.11346449702978 0.7606168836355209 0 5.525263875722885 41.27817022800446 12.18547115474939 30.25644808262587 0 2.081779755651951 97.89314959198236 7.820553682744503 4.907106205821037 31.09023975580931 238.5166742950678 1701.090454794466 2.17015802115202 0.7451685294508934 1.660929746925831 6.705286137759686 0 0 19.53575920313597 0 43.70574908703566 30.97411593794823 50.94630116969347 13.17165756225586 1.679233998060226 0.1713661849498749 4.08117188513279 0.1284409016370773
103.8971440792084 60.43368992209435 9459.145238980651 0.9210769087076187 0 6.340703517198563 895.054142460227 338.7220649085939 3.305927477777004 15.60441885888577 30.42523451149464 1.023749157786369 0.3278415277600288 416.9791731759906 0 7.92194801568985 3940.247921787202 48.44584716111422 177.2713428139687 2.060789823532104 1734.160474419594 4.567807048559189 12295.43230224401 61.39963285624981 7.586438655853271 7482.583616919816 5736.405977658927 1082.103613965213 66.13155185431242 827.4281288385391 1.661788739264011 1.431969203054905 3.199636988341808 1307.804075427353 43.91186399012804 2407.197743482888 5664.407187871635 2393.708585016429 911.6802992224693 115.6629423201084 12.48487569391727 30.65983730554581 15.63334380090237 0.9587542936205864 198.0669529289007 1082.099538907409 0.1997114419937134 0 0 17.32414692640305 2.170341357588768 2.508859649300575 0.1546286791563034 2.668436534702778 0 3.396018043160439 1.73346084356308 0 42.35880209505558 131.7201611697674 2.93100394308567 17.89272414892912 0 12.42736416310072 47.13407303392887 225.9706886336207 35.57125845551491 1.083296343684196 89.78702349215746 3162.494253702462 34.17366740107536 2.483604714274406 13.83174031972885 0.2666586488485336 0 0.2591649517416954 55.12750094383955 3.191465884447098 104.0602012500167 92.60498061776161 119.9591614380479 28.44499222934246 2.13343434035778 0 2.302206516265869 1.409370869398117
1.42839428037405 0 0.9210769087076187 3347.144108325243 2.788728378713131 49.82591293007135 194.743066765368 36.1923286691308 706.6552986353636 5457.90363483876 1.506582453846931 780.9159940481186 0 36.4323717430234 77.85015813261271 0.3640343844890594 0.7646672278642654 0.4219050332903862 1.223932877182961 6003.633970312774 0.4360217228531837 0.1854381114244461 1.077282927930355 1287.074170000851 0 0.7965840622782707 1.450405240058899 2755.870678260922 60.95621276646852 0.9560949951410294 0 1.717880360782146 1.549938224256039 31.23889606446028 3.56062938272953 311.0956897363067 1.741049095988274 136.8800795897841 33.6375492811203 186.5715915113688 5.121802411973476 0.1434957534074783 1.702913746237755 0 0 0.3149966895580292 210.9157463312149 0.8777327239513397 9.653051793575287 64.68138777464628 3.331512302160263 29.97225162386894 77.07816707342863 0 145.4349658042192 0 2.944178178906441 0.3362072706222534 0 0 0 0 152.2334577515721 0 0.4459925889968872 0 230.9069547429681 0 0 1.022709712386131 265.1430114135146 2.935863189399242 0.9227375537157059 0 0.5017480775713921 0.4232698231935501 1.703397378325462 0.3397079110145569 9.906241357326508 0 9.879913106560707 0.367736354470253 103.1260437294841 0.861237034201622 0 0
2.085751540958881 0.6022459864616394 0 2.788728378713131 677.8947225809097 1172.252846844494 2.464684441685677 245.9450490325689 68.55044559389353 7.98622477799654 34.95955177396536 103.0566026568413 1.757093153893948 37.28199569880962 1267.183967895806 0 1.836723066866398 6.773850299417973 4.892280422151089 11.012769959867 0.1113796532154083 0.579543799161911 0.272176057100296 46.02072315663099 1.027634494006634 5.824203602969646 1.90702336281538 6.583835452795029 223.6731224507093 1.492555655539036 0.2225586473941803 618.2970059067011 0 264.6592547148466 0.3529109060764313 70.56087644398212 8.267682127654552 141.4564569741488 20.07034202665091 2733.384699180722 226.6387744694948 6.002397336065769 3.370886392891407 0 0.109899677336216 0 0 0 0 0 0 0 0.3792227804660797 0 0.585214301943779 0 0 0 0 0 0.1203204840421677 0 1.777642637491226 0 0 0 0.3706893622875214 0.2214197963476181 0 0 0.3547671437263489 0 0 0 0 0 0 0 0 0.1661245673894882 0.1625483632087708 0.3444002717733383 2.709994822740555 0 0 0
58.85220875963569 0.5099191144108772 6.340703517198563 49.82591293007135 1172.252846844494 12628.30069330707 502.9406416639686 10020.32949769124 41.16512908786535 5663.934388406575 121.6381006613374 4020.40431368351 4.38094449788332 1277.464089091867 1794.104003533721 0.2226914763450623 34.3669039234519 48.75635973364115 44.65573684871197 675.7958513647318 2.99300417304039 0.1098785996437073 11.40275580063462 70.79241170734167 2.767413631081581 37.17426027730107 17.73814550042152 126.5650043860078 906.7128983363509 28.99812237918377 1.030967123806477 772.9937419369817 3.298362083733082 477.456833280623 8.809197060763836 822.7820132002234 43.69877980649471 858.15984416008 164.409423686564 3556.720907725394 128.7614775598049 35.6208256855607 14.84743291884661 0 0.1616777181625366 0 5.980095662176609 0 0 4.002995923161507 0.2353119552135468 1.464973658323288 4.227561421692371 0.6378840506076813 6.59907703846693 0.4991095513105392 0.5032941624522209 0 1.273507870733738 0 0 0.1027786359190941 4.2588050365448 0 0 0 29.31543233245611 0.4732330068945885 0.7890616282820702 0.9297302886843681 30.41618835926056 0 1.216724216938019 0 0 0 0 0 8.179990589618683 1.187016561627388 3.422202654182911 1.294180750846863 6.455487906932831 0 2.214118205010891 0
1492.574811130762 2.324318513274193 895.054142460227 194.743066765368 2.464684441685677 502.9406416639686 15472.93463920057 4590.064726106822 134.7333795651793 7902.805392436683 11.48274627327919 16.6976732686162 0.4885734692215919 8341.721511170268 10.11558254808187 18.75481744110584 303.5577281489968 17.53330109268427 28.81456959992647 73.82719442248344 551.6657838523388 13.59448925405741 669.5360242128372 467.065927863121 0.9182978570461273 488.8045881986618 163.8108192160726 16998.47602938116 1714.262991696596 9489.594552442431 0.3745122626423836 12.80378971993923 154.4150752797723 509.4100168272853 51.45281959325075 2025.144301950932 125.6875730752945 1673.630529493093 516.3082745820284 73.09979225695133 19.71377018094063 2.591902330517769 14.66541596502066 0.6659421175718307 1.117469787597656 7.578671239316463 41.26668797433376 0 3.212813839316368 96.97913032770157 2.477159775793552 45.56274496018887 22.51373706012964 0.1397532224655151 2.123935759067535 0.7788341641426086 2.608076266944408 0.2156512290239334 19.54010623693466 0.986912801861763 0 0 23.29741530120373 4.271007709205151 3.939921103417873 13.97569891065359 347.8596420139074 0.3668864965438843 3.129578679800034 39.66223119199276 306.2651173695922 12.35552521049976 5.823098368942738 0 0.1964903026819229 0.4098256453871727 4.393702559173107 2.689580410718918 46.40665513277054 0.9637115225195885 17.63416820764542 3.723332867026329 10.85306093096733 0.3357333615422249 0 0
959.6120820939541 2.825873136520386 338.7220649085939 36.1923286691308 245.9450490325689 10020.32949769124 4590.064726106822 18245.03637218848 37.00918334722519 4964.465022437274 253.9247901588678 536.3982277065516 9.272483266890049 12923.61870236695 165.4303286746144 1.993615999817848 668.8853288479149 100.4090308099985 119.3295695781708 579.4174813553691 211.1686121970415 1.921128869056702 374.9856253005564 113.3557054772973 3.033974789083004 318.8700537756085 79.35518452525139 580.0580777898431 1707.905762847513 770.3849889338017 1.8686763048172 1020.795105677098 25.88759864121675 612.587185561657 18.0436140820384 1302.469826873392 95.85719887167215 1140.516333837062 206.4850255846977 1015.694303385913 45.90116944909096 50.92931491881609 19.12841176241636 0.2733875811100006 0.6187104880809784 1.367071650922298 9.598765909671783 0 0.6487452983856201 13.05861981213093 0.5182608738541603 8.097069874405861 6.17230361700058 1.18729118257761 1.173069797456264 0.7787392809987068 0.9427510723471642 0 1.379782892763615 0.1010774001479149 0.3503369390964508 0 3.592505283653736 0.352506011724472 0.5905120968818665 1.283675163984299 76.43758927285671 0.153035968542099 1.445324569940567 7.223067611455917 55.55680356174707 1.597412198781967 0.8804120048880577 0.09158790111541748 0.1381646245718002 0.3704333901405334 0.7625031769275665 0 16.52637708932161 3.039235129952431 5.947132356464863 4.253156304359436 3.815669156610966 0 1.587814964354038 0
16.33408905565739 361.1285375133157 3.305927477777004 706.6552986353636 68.55044559389353 41.16512908786535 134.7333795651793 37.00918334722519 778.8340570926666 407.237012244761 13.48327331244946 240.5524830073118 60.88579136133194 36.80424738675356 600.5610025674105 261.0729293227196 2.065867073833942 1.267509303987026 1.114302664995193 457.1035937964916 103.7148520201445 2816.608231894672 87.63114922493696 12172.78591834754 239.8823839202523 36.71504607051611 503.423622213304 1465.544729962945 38.9351199567318 32.84597456455231 5.675833873450756 4.632522992789745 3.812367975711823 18.45496685057878 0.7406472861766815 190.1207043156028 18.62377437949181 64.20476610958576 8.287250846624374 380.6106631010771 0.5438390076160431 8.207985654473305 0.4788498878479004 2.734939508140087 2.115012794733047 4.181342571973801 189.8413276895881 0.09228993207216263 4.907641254365444 81.98228203505278 3.946262091398239 57.02017498761415 73.11342956125736 0.992901436984539 64.53329430520535 3.329068012535572 6.74031638354063 0.3669538497924805 392.3307090774179 1.352351941168308 1.23172527551651 0.1033918187022209 113.0310642495751 42.33728154748678 26.37612530589104 152.385781571269 1611.6669684425 1.626423843204975 4.469747580587864 19.73432610183954 736.4625637531281 21.53599084168673 16.55614075064659 0.6995232105255127 0.2521287426352501 2.739633545279503 8.482933387160301 0.1754086166620255 67.97576028853655 0.6143278777599335 25.34543661773205 3.445364907383919 65.70589470118284 1.862217105925083 0.1482021510601044 0.1303530037403107
39.18914356082678 0.589333638548851 15.60441885888577 5457.90363483876 7.98622477799654 5663.934388406575 7902.805392436683 4964.465022437274 407.237012244761 37085.31424492598 31.40378923714161 5608.414192803204 1.542312391102314 1496.07254755497 51.18143170326948 2.800151146948338 20.73024631291628 20.9453986287117 28.19752652943134 7015.148408591747 12.13357322663069 3.216942638158798 17.58641578257084 806.0251027271152 0.435187816619873 27.0331079736352 22.1705256998539 4873.393829077482 1182.098047934473 28.06795405969024 0.7232327908277512 41.83045540750027 21.71654184907675 549.8528970852494 20.5112881064415 1717.079711690545 38.58945456892252 1608.078555852175 254.7373377531767 225.1120812818408 37.92169316858053 8.95429203659296 12.56060341745615 0.1156545579433441 0.3734950721263885 0.2626535296440125 245.4055485501885 0.6374841928482056 7.867999546229839 150.6893650814891 4.507413238286972 48.15292132645845 107.748758085072 0.2951950579881668 59.89252144098282 0.2267733439803123 2.945848777890205 0 2.308746717870235 0.4858992844820023 0 0 164.6244110018015 1.211821630597115 0 0.8794777318835258 510.8015449792147 0 0.405927911400795 4.044133149087429 531.9488274082541 4.494156375527382 0.9894926846027374 0 0.4387687817215919 0.104635588824749 2.14866990596056 0.1159156635403633 15.95580929517746 0.3000727370381355 12.41977000981569 2.198130957782269 96.79170958697796 0.1188213378190994 0.4688009321689606 0.2103440165519714
15.33249846100807 54.83805394172668 30.42523451149464 1.506582453846931 34.95955177396536 121.6381006613374 11.48274627327919 253.9247901588678 13.48327331244946 31.40378923714161 12214.26177507639 29.10705001652241 2007.297018878162 212.1463217288256 0.1483776271343231 2.038604766130447 226.813785597682 4846.960767008364 1808.059783369303 22.76832044869661 23.40811947733164 27.49932836741209 47.56097702682018 21.05505150556564 1131.987195618451 3690.431031703949 745.9486460536718 24.25845981389284 236.6501288563013 39.14071729779243 385.9377534613013 312.9121731519699 3.840630069375038 6825.153841353953 20.66849283874035 553.1274438500404 4830.921365916729 4121.814709708095 824.1240080595016 19.92592322826385 55.88360902667046 1180.250620812178 5.743554256856441 0 6.001064278185368 2.363029830157757 0.1173599138855934 0 0.08404139429330826 0.5982441678643227 0 0.4721347093582153 0 134.3579782620072 0 744.706381700933 0 0 0.3292981088161469 0.3779248893260956 99.86325623095036 4.468727201223373 0 0.1294826120138168 0.5131433829665184 0 2.688466750085354 216.6488814130425 206.2159345969558 268.3383512422442 5.033449120819569 0.1453620195388794 0.1284996867179871 80.4316398575902 0 0 1.031508147716522 1.276698887348175 13.35041808336973 225.9943066686392 9.382655888795853 3.143795125186443 0.2074962854385376 0 137.0303139984608 0.5221466422080994
7.639957003295422 0.2536356225609779 1.023749157786369 780.9159940481186 103.0566026568413 4020.40431368351 16.6976732686162 536.3982277065516 240.5524830073118 5608.414192803204 29.10705001652241 10653.76975896955 1.7033551633358 291.3815464600921 964.7337729781866 0 5.917457036674023 16.06419689208269 16.46511641889811 4508.197581365705 0.0882473886013031 0.6053286790847778 2.1173325330019 107.3786483630538 0 12.79938115179539 5.26084827631712 95.09010168910027 166.5667263194919 4.342971354722977 1.076612941920757 45.65641774237156 0.1041687056422234 146.7543019652367 0.6450532972812653 829.647942751646 13.15239963680506 369.4221822842956 37.10075287520885 2172.955721914768 4.798849634826183 3.347314566373825 2.429984144866467 0 0 0 103.5542047023773 0 7.510819770395756 16.48648851364851 1.237896628677845 6.387968853116035 84.43106909096241 0 95.09801396727562 1.260606646537781 2.351574182510376 0.5029668807983398 0.1259823888540268 0 0 0 47.99683560431004 0 0 0 52.25802915543318 0 0.1779202222824097 0.2455662563443184 52.09217999875546 1.387675814330578 0 0 0 0 0.4087395817041397 0 4.544856578111649 0.1189547330141068 2.637224704027176 0.3976793140172958 147.3007471859455 0.2777039110660553 0.2095572650432587 0.5168503522872925
0.93458391726017 419.6244034618139 0.3278415277600288 0 1.757093153893948 4.38094449788332 0.4885734692215919 9.272483266890049 60.88579136133194 1.542312391102314 2007.297018878162 1.7033551633358 4422.232123672962 7.000333368778229 0.6701324135065079 0.7150012105703354 1.209712632000446 46.55625668913126 5.759002350270748 0.4605934247374535 0.1076926290988922 148.8093411251903 0.6519275456666946 72.59492008388042 4231.697934612632 770.2994953095913 5971.871635980904 1.117502935230732 5.927332147955894 0.6518774181604385 1069.69764033705 13.03574550896883 0 1081.378900282085 6.608064465224743 87.4593847990036 1983.37906897068 845.2122370451689 78.7184830904007 1.946530900895596 26.59659487754107 1040.01159607619 2.548610851168633 0 10.91729575395584 0.5567234307527542 0 0 0 0 0 1.001646965742111 0 296.7146137282252 0 1659.562170103192 0.1726131811738014 0 0.1295786947011948 0 224.1511402726173 7.63301245123148 0 0.1374921798706055 1.702603906393051 0.2433267384767532 0.593895860016346 694.755355656147 583.2378487661481 576.7369654998183 0 0.102875292301178 0 235.6867043823004 0 0 10.86187466233969 0 7.72131372988224 370.8369603306055 29.79763033986092 8.718025550246239 0 0 254.5805654078722 1.755960792303085
6226.85931289196 2.280225411057472 416.9791731759906 36.4323717430234 37.28199569880962 1277.464089091867 8341.721511170268 12923.61870236695 36.80424738675356 1496.07254755497 212.1463217288256 291.3815464600921 7.000333368778229 17931.32589527965 11.00436366349459 0.8412873521447182 1148.065581306815 96.78714641928673 169.0789326950908 412.9442515000701 263.3577037379146 5.308056086301804 671.5941676273942 206.8858276829123 2.274325810372829 368.5390129499137 123.0540950894356 773.2905073538423 5253.986889265478 2975.232788715512 2.579749248921871 489.1254293695092 60.30804727971554 1347.394867964089 6.682336322963238 989.4927417561412 90.31713195890188 1324.357444569468 140.3603383302689 259.0381745100021 25.88629648089409 16.11630124598742 7.809928588569164 0.7703900039196014 0.9315890297293663 1.477315418422222 2.919094450771809 0 0.8595633059740067 15.35506995767355 0.5765008330345154 4.994275607168674 3.239302225410938 0.2750574350357056 0.1168731153011322 0.7168021574616432 1.609232649207115 0 3.456223219633102 0.6762902438640594 0.4920353442430496 0 0.8375662267208099 1.822556003928185 0.5816321074962616 1.555347368121147 99.9552811011672 0.1490573287010193 2.38293993473053 6.381076574325562 87.38527882099152 5.146725416183472 4.47650358080864 0.07797834277153015 0 0.8855615854263306 2.705105572938919 0.5637643337249756 33.04682463407516 1.382720716297626 7.777770005166531 3.386052556335926 5.603550374507904 0 0.1641363799571991 0
0.6845523864030838 1.64969339966774 0 77.85015813261271 1267.183967895806 1794.104003533721 10.11558254808187 165.4303286746144 600.5610025674105 51.18143170326948 0.1483776271343231 964.7337729781866 0.6701324135065079 11.00436366349459 664.5156014114618 0.1258348077535629 0.5167611092329025 0.4157382920384407 0.1168279200792313 177.3010207489133 0.6678618788719177 14.47669211775064 0.2525507509708405 1016.540641963482 3.078229293227196 0.810679167509079 3.456610664725304 88.3758852109313 9.559753492474556 0 0.3536400720477104 266.5181971490383 0.1214550212025642 6.494762524962425 2.116090595722198 115.2144669517875 0 4.103608854115009 0.4619493708014488 1656.382412075996 31.4282958060503 0.1362197697162628 0 0 0 0 6.505259290337563 0 0 1.813864633440971 0 3.424983561038971 3.323157384991646 0 2.877287819981575 0.1272695064544678 0 0 0.118740126490593 0.2197580188512802 0 0 1.915327563881874 0 0 0.8670187592506409 5.482180923223495 0 0 0.9817436337471008 7.990570321679115 0 0 0 0 0 0 0.9469138532876968 0.3821223974227905 0 10.90305542945862 20.43795819580555 10.57333862781525 0.1194638907909393 1.608994200825691 0
0.5456495881080627 94.05839388072491 7.92194801568985 0.3640343844890594 0 0.2226914763450623 18.75481744110584 1.993615999817848 261.0729293227196 2.800151146948338 2.038604766130447 0 0.7150012105703354 0.8412873521447182 0.1258348077535629 3565.488828033209 16.45544201135635 0.7084460556507111 1.502553708851337 0 2848.953735895455 4186.85714173317 4672.282728672028 2874.049086615443 8.636550590395927 9.802425280213356 3911.159689508379 834.9819976687431 4.625173188745975 21.00104478001595 0.3548953533172607 0 0.2334291189908981 57.72601975500584 17.53247137367725 1623.175713524222 483.3110904991627 468.69812515378 371.0802200585604 97.22383793443441 4.335987761616707 3.963196501135826 10.86823064088821 0 0.5198964029550552 33.77605893462896 0.8203159719705582 0 0.1036553606390953 4.757268041372299 0 15.18062008917332 0 0 0 3.709271512925625 0.4580362215638161 0 2733.384614281356 6.567791722714901 0.249027818441391 0.8098234608769417 0 251.2753219455481 810.2681652829051 1985.892009042203 171.32902469486 0 4.29062819480896 703.5127661600709 244.0534071475267 8.791931793093681 45.95363089442253 0.1269485205411911 0 2.446689203381538 7.726800583302975 0.3290701806545258 55.00031699240208 8.966689273715019 18.93334783613682 4.57962416857481 1.832860201597214 0 0 2.547006905078888
646.6483078375459 102.4623506292701 3940.247921787202 0.7646672278642654 1.836723066866398 34.3669039234519 303.5577281489968 668.8853288479149 2.065867073833942 20.73024631291628 226.813785597682 5.917457036674023 1.209712632000446 1148.065581306815 0.5167611092329025 16.45544201135635 1256.975560635328 180.2649331614375 2508.448151923716 6.09659481048584 1168.820419482887 12.27801782637835 7047.275660514832 61.50012171268463 3.230339504778385 4472.457291673869 5348.969189636409 214.9826726987958 1362.53118494153 2742.379701949656 1.241186745464802 12.25889978930354 54.78045930713415 3774.471099898219 12.98362676799297 605.4886258393526 1453.368236728013 2381.668955788016 517.4781897440553 27.16447539627552 5.991421759128571 8.776525072753429 5.142676927149296 0.3983591124415398 82.80036318302155 212.2822500914335 0.1559086292982101 0 0 1.781301736831665 0 1.117117650806904 0 2.373023666441441 0.1134499311447144 3.239231012761593 0.3400615230202675 0 8.30445621162653 35.64500947296619 2.468497484922409 20.78833391517401 0 3.820423550903797 4.943523190915585 8.129274263978004 7.973119623959064 3.257393375039101 194.8923201262951 717.0961634293199 6.924624413251877 1.270103052258492 2.113598823547363 0.8885301426053047 0 0 12.70192606002092 0.3561782240867615 29.10336693376303 57.31550090759993 33.55282371491194 6.917712539434433 0.5606634616851807 0 0.2355023920536041 0
10.38021133840084 8.174389630556107 48.44584716111422 0.4219050332903862 6.773850299417973 48.75635973364115 17.53330109268427 100.4090308099985 1.267509303987026 20.9453986287117 4846.960767008364 16.06419689208269 46.55625668913126 96.78714641928673 0.4157382920384407 0.7084460556507111 180.2649331614375 611.5573586598039 3145.14490262419 15.00529146939516 11.19323482364416 3.563254103064537 48.42241875082254 5.707804471254349 32.03281322866678 4914.134584747255 632.1326379999518 13.57004806399345 86.38598350435495 29.07744381576777 123.1452165096998 90.35887317359447 0.7276264429092407 1316.264863595366 15.53727780282497 1205.815403543413 1848.290524750948 2023.334224782884 816.8878904879093 19.54292741417885 13.26695238798857 74.2076558098197 7.611245326697826 0 6.004878431558609 3.88953048735857 0 0 0 0.6960140466690063 0 0 0 17.79356274753809 0 62.14241373538971 0.1168635338544846 0 0.3872788399457932 1.422466427087784 74.69768491387367 25.42665273696184 0 0 0.9608417153358459 0 3.373924747109413 8.482073523104191 218.6083895415068 248.373039573431 1.151725016534328 0.2362667992711067 0 10.45751279592514 0 0 2.010953649878502 1.156346291303635 11.57930120080709 92.75734797865152 5.720378495752811 2.21755987405777 0.1508871465921402 0 10.67511226981878 0
29.25409114360809 31.04313935339451 177.2713428139687 1.223932877182961 4.892280422151089 44.65573684871197 28.81456959992647 119.3295695781708 1.114302664995193 28.19752652943134 1808.059783369303 16.46511641889811 5.759002350270748 169.0789326950908 0.1168279200792313 1.502553708851337 2508.448151923716 3145.14490262419 5402.95204847306 15.39278730750084 52.51637882739305 3.808683574199677 215.6547847390175 11.1459506675601 14.38184931874275 5819.893050588667 1326.85324908793 29.24789734184742 159.8623128831387 113.0929198563099 10.2142468392849 55.02260951697826 4.292130701243877 4167.148437425494 14.26369175314903 1945.755121029913 2004.904983632267 4142.019218437374 1004.16010607034 32.64276387542486 7.332838021218777 11.57756713777781 6.76617343723774 0.104093074798584 20.57952576130629 24.79155882447958 0 0 0 2.004460632801056 0.1009438335895538 0.464397169649601 0 11.24341210722923 0 18.77227590978146 0.09298081696033478 0 0.616338849067688 5.573531500995159 47.56662458181381 54.70907577127218 0 1.121789246797562 2.574725538492203 0.7017330974340439 2.815723314881325 5.671553522348404 402.7932744249701 482.4062378183007 2.6148317232728 0.6264681220054626 0.6847129464149475 4.800743415951729 0.2161213383078575 0 5.472403697669506 1.341236591339111 11.98293922841549 104.9936746805906 15.57713553309441 4.404804483056068 0 0 3.385761588811874 0
17.20107036083937 0.261263981461525 2.060789823532104 6003.633970312774 11.012769959867 675.7958513647318 73.82719442248344 579.4174813553691 457.1035937964916 7015.148408591747 22.76832044869661 4508.197581365705 0.4605934247374535 412.9442515000701 177.3010207489133 0 6.09659481048584 15.00529146939516 15.39278730750084 1326.343505874276 1.607415325939655 0 2.83749470859766 546.7942716255784 0.09723550081253052 12.13982865959406 6.179480597376823 1814.885260187089 416.1341690123081 6.755618914961815 0.3135086074471474 31.99903750419617 0.6671852990984917 258.3524877130985 9.395703330636024 1299.544491633773 18.49608365446329 818.3171392828226 108.0070474520326 776.2621729075909 28.31323970109224 8.254754260182381 8.304622486233711 0 0 0 296.0550248771906 0.09385112673044205 5.297751568257809 139.5868979766965 2.280168309807777 23.35964331775904 96.63892000168562 0 75.81696966290474 0 2.072611436247826 0.888478972017765 0 0 0.2110022455453873 0 148.4844356179237 0 0 0 322.2327235415578 0 0.3048399537801743 0.2441374883055687 370.0567549616098 4.428809866309166 0 0 0.09078437089920044 0 3.198577851057053 0 15.50963288545609 0.1596108227968216 9.67146360129118 1.04705174267292 105.5836454555392 0.4520031064748764 0.7561238408088684 0
119.274178147316 1.907480150461197 1734.160474419594 0.4360217228531837 0.1113796532154083 2.99300417304039 551.6657838523388 211.1686121970415 103.7148520201445 12.13357322663069 23.40811947733164 0.0882473886013031 0.1076926290988922 263.3577037379146 0.6678618788719177 2848.953735895455 1168.820419482887 11.19323482364416 52.51637882739305 1.607415325939655 15611.75873075426 156.0252961441875 13313.27643467486 1617.195915684104 6.613672740757465 413.8057030141354 525.366201557219 9725.788912735879 200.4019302129745 10309.51345194876 0.2402587309479713 1.106072142720222 17.93158449977636 2019.281751550734 102.6924671754241 7530.87360560149 971.2439647465944 5167.832570888102 1827.710004590452 232.0776018798351 12.6014609336853 5.733978144824505 38.03743883222342 0.5156971961259842 1.445995599031448 6.927156545221806 0.5588117837905884 0 0 2.711884871125221 0.5248986855149269 14.85851187258959 0 1.379827499389648 0 4.58087345212698 2.353120945394039 0 549.3070360943675 6.236445911228657 0 0.4580647945404053 0 158.2750625610352 115.7656794711947 114.1550521329045 177.4650265946984 0 4.175472117960453 32.96223413944244 248.5977499261498 19.32887958735228 73.73964578658342 0 0 4.796558953821659 11.73605648428202 5.272245407104492 64.86011897027493 4.972863242030144 15.8313225954771 5.893613629043102 0.8873426765203476 0.199484184384346 0 0.3593311011791229
4.734677463769913 2056.850086599588 4.567807048559189 0.1854381114244461 0.579543799161911 0.1098785996437073 13.59448925405741 1.921128869056702 2816.608231894672 3.216942638158798 27.49932836741209 0.6053286790847778 148.8093411251903 5.308056086301804 14.47669211775064 4186.85714173317 12.27801782637835 3.563254103064537 3.808683574199677 0 156.0252961441875 2284.707518562675 484.7807197719812 7226.916054971516 829.9990832880139 92.29065465927124 6654.691978044808 136.5147662982345 8.551887020468712 6.31134121119976 13.28073298931122 0.07393086701631546 0.2655952274799347 29.7560558617115 0.3642250001430511 36.95485948771238 29.18374893069267 37.61373815685511 14.5138811096549 31.04237507283688 0 25.6456241235137 0 0.4354333877563477 21.47308891266584 88.21496361494064 0.1483644843101501 0 0 2.413068808615208 0 4.746989116072655 0.1205264404416084 0.5772172138094902 0 8.561827637255192 0.5171941742300987 0 1566.943742983043 8.819555148482323 2.569625601172447 4.689666755497456 0 48.79645399749279 202.9028730541468 950.3258308172226 74.7617390230298 2.723038546741009 26.27047964185476 1531.131567485631 53.95437530428171 1.476438857614994 5.534000471234322 1.243672899901867 0 0.6813942044973373 5.693475745618343 0 19.73958343267441 6.838610075414181 13.30439262092113 7.460488028824329 0.8091414719820023 0.09838765114545822 1.027642369270325 0
426.5350042358041 4.909852162003517 12295.43230224401 1.077282927930355 0.272176057100296 11.40275580063462 669.5360242128372 374.9856253005564 87.63114922493696 17.58641578257084 47.56097702682018 2.1173325330019 0.6519275456666946 671.5941676273942 0.2525507509708405 4672.282728672028 7047.275660514832 48.42241875082254 215.6547847390175 2.83749470859766 13313.27643467486 484.7807197719812 17899.12149014324 1754.554037503898 2.199652165174484 2605.548021934927 7722.021708376706 5255.045224815607 407.649986423552 4582.258495047688 1.157453112304211 3.688618786633015 18.08743813633919 3133.214027762413 229.6242335885763 11374.94480252266 6000.151644103229 9391.717543005943 5461.312288142741 1130.772653095424 52.87369880080223 24.01899471133947 163.0704802274704 0.2626347616314888 7.977501958608627 180.6504178717732 0 0 0 4.703599967062473 0.2902989983558655 8.021588563919067 0.8862040787935257 0.2982225567102432 0 3.058649688959122 0.8738049119710922 0 1668.767477318645 8.544199101626873 0 2.287734054028988 0 158.2519372180104 383.3432873338461 1306.814512781799 110.768661648035 0.4300283640623093 15.31751631945372 975.6185163110495 137.8848580420017 3.759534560143948 30.19392707198858 0 0 1.06245418637991 7.547349691390991 12.67529621720314 40.5262416228652 7.612567417323589 22.27275467664003 6.501443088054657 1.868750527501106 0 0.2850564122200012 0
61.97976841777563 585.8638117909431 61.39963285624981 1287.074170000851 46.02072315663099 70.79241170734167 467.065927863121 113.3557054772973 12172.78591834754 806.0251027271152 21.05505150556564 107.3786483630538 72.59492008388042 206.8858276829123 1016.540641963482 2874.049086615443 61.50012171268463 5.707804471254349 11.1459506675601 546.7942716255784 1617.195915684104 7226.916054971516 1754.554037503898 15354.32499235868 297.8454880416393 80.70942165702581 5868.959202624857 7751.048916205764 589.731485798955 220.946346141398 6.163743019104004 9.243184082210064 82.00699360668659 279.2987285107374 42.87582700699568 2667.363381408155 141.9054375216365 1020.631797268987 301.3457333371043 1045.883453391492 14.57741311192513 14.69794976711273 15.82051029801369 10.26737393438816 9.481583990156651 46.90676143020391 464.3965530246496 0.7064194083213806 29.18426547199488 612.4438261315227 20.96818447113037 904.3369408622384 238.9240653067827 2.608617313206196 89.7713178768754 8.068280719220638 40.24439739435911 1.115122005343437 557.5976115241647 10.99077642709017 3.024974033236504 2.180428542196751 330.6179428622127 149.1272157356143 132.6794647723436 120.7056627497077 4304.432660028338 4.75291708111763 19.50716932117939 239.9859270304441 3505.104526378214 145.3225729167461 146.2430410757661 1.264004394412041 1.367918021976948 23.84265710413456 61.47740928083658 6.89116145670414 737.9042819216847 15.90110345184803 199.3682415112853 46.58280340582132 291.9210451990366 12.60926543176174 6.034424647688866 2.767615556716919
1.615423083305359 1944.071613110602 7.586438655853271 0 1.027634494006634 2.767413631081581 0.9182978570461273 3.033974789083004 239.8823839202523 0.435187816619873 1131.987195618451 0 4231.697934612632 2.274325810372829 3.078229293227196 8.636550590395927 3.230339504778385 32.03281322866678 14.38184931874275 0.09723550081253052 6.613672740757465 829.9990832880139 2.199652165174484 297.8454880416393 1295.747341416776 566.330364599824 7237.449673488736 11.06553941965103 3.485945492982864 6.15997751057148 198.9838637709618 4.159627802670002 0.1512001007795334 952.6290435120463 7.230220049619675 517.0082136392593 1253.844804011285 1063.105112187564 101.8335829302669 65.90047731995583 32.73575264215469 666.0182574242353 9.646300703287125 0 199.2105937674642 4.05853009223938 0 0 0.6878674924373627 0 0 3.171205900609493 0 133.3058788254857 0.3079076111316681 699.545245423913 0.448029026389122 0 0 0.175898551940918 60.31143276393414 6.028715878725052 0 0 52.8627548366785 3.372534036636353 3.359012320637703 111.7335431277752 325.3657814264297 672.2052600458264 0.8269460275769234 0 0 48.28318909555674 0 0 2.441784277558327 0 211.8257745727897 93.44472816586494 68.91233164072037 9.590030193328857 10.76123315095901 0.96554034948349 146.0471686720848 0
82.06216838210821 510.095437720418 7482.583616919816 0.7965840622782707 5.824203602969646 37.17426027730107 488.8045881986618 318.8700537756085 36.71504607051611 27.0331079736352 3690.431031703949 12.79938115179539 770.2994953095913 368.5390129499137 0.810679167509079 9.802425280213356 4472.457291673869 4914.134584747255 5819.893050588667 12.13982865959406 413.8057030141354 92.29065465927124 2605.548021934927 80.70942165702581 566.330364599824 45010.8011020869 12985.349554196 224.6410486474633 112.8752069100738 498.7796610891819 1671.539721406996 53.95609181001782 3.884227834641933 1481.489685997367 32.45065249502659 3707.119118191302 8022.985281705856 3894.462659388781 1152.787790820003 51.48472595959902 15.7889753729105 217.2661361470819 13.47794028371572 1.19947562366724 496.5351433604956 554.8639907538891 0.2370076328516006 0 0.914470449090004 5.06375940144062 1.286611683666706 1.358627989888191 0.400670550763607 130.3093297183514 0 489.0483068674803 3.122533515095711 0 8.93717610090971 141.8847681507468 554.8060543015599 476.8734428286552 0 6.76117230951786 22.79060956835747 16.58705480396748 16.84390176087618 122.0282498672605 3634.029073603451 6231.925517320633 15.831309042871 5.941317804157734 7.369936503469944 100.0024776980281 0.4103205129504204 0.9529982209205627 69.85124234110117 4.207372888922691 162.25803745538 785.3244456499815 201.2839323803782 61.66761112213135 1.235815152525902 0.1102975010871887 52.41435169428587 1.124986067414284
32.86180019378662 12503.53198802471 5736.405977658927 1.450405240058899 1.90702336281538 17.73814550042152 163.8108192160726 79.35518452525139 503.423622213304 22.1705256998539 745.9486460536718 5.26084827631712 5971.871635980904 123.0540950894356 3.456610664725304 3911.159689508379 5348.969189636409 632.1326379999518 1326.85324908793 6.179480597376823 525.366201557219 6654.691978044808 7722.021708376706 5868.959202624857 7237.449673488736 12985.349554196 37964.19029144943 2119.064614571631 93.94725285470486 144.4529963508248 2114.160423390567 21.55865719169378 6.489772573113441 2720.088342361152 135.6839637160301 7126.261206977069 4838.169450983405 6594.355651833117 2807.060658372939 401.5427010729909 29.81899430602789 94.462576135993 58.7384574636817 7.669941619038582 2052.9703739658 3344.565218359232 2.529348686337471 0.1844890043139458 0.2164099365472794 56.10015995800495 7.034251742064953 13.35992103815079 1.357253164052963 120.2829978615046 0 472.3465942367911 12.6675892546773 0.5077128410339355 1331.868600949645 441.0743458792567 662.1596993505955 526.8700505569577 0.2665936499834061 86.22983707487583 1005.271632835269 1866.630931936204 162.2295669689775 253.6263361275196 5120.38223195821 22240.15194998682 130.7599775195122 11.78090407699347 29.37171280384064 142.4191284477711 0.5741056203842163 1.969288915395737 228.2626322805882 12.68302047252655 486.1699392274022 809.0090812146664 573.9313326105475 157.7091305181384 8.492590062320232 0.7956197559833527 29.58671570569277 1.579436972737312
195.2221752777696 10.47458232194185 1082.103613965213 2755.870678260922 6.583835452795029 126.5650043860078 16998.47602938116 580.0580777898431 1465.544729962945 4873.393829077482 24.25845981389284 95.09010168910027 1.117502935230732 773.2905073538423 88.3758852109313 834.9819976687431 214.9826726987958 13.57004806399345 29.24789734184742 1814.885260187089 9725.788912735879 136.5147662982345 5255.045224815607 7751.048916205764 11.06553941965103 224.6410486474633 2119.064614571631 28812.62121342868 1286.123785927892 14659.21806067973 0.3085841462016106 10.34649169445038 248.0297330841422 1043.964962333441 142.5123377069831 6929.829974584281 413.468766592443 3494.268909230828 1200.131490342319 304.4891415610909 23.43558757007122 19.74264152348042 36.12654534727335 8.635968692600727 4.651381060481071 44.60859046131372 298.9069081693888 0.1249149888753891 17.59040483832359 363.5308281928301 15.3357190489769 264.5550806596875 148.5456567630172 0.9554719254374504 50.51943369954824 5.639592200517654 24.8446109816432 0.7092901766300201 345.296676710248 8.535577245056629 0.5625974237918854 2.161156944930553 209.8636507093906 133.6491048559546 39.60486596077681 77.40821176022291 2253.659624733031 0.6755033656954765 8.391328856348991 173.2757312357426 2006.986646413803 101.0671315938234 125.3506947308779 0.1024976223707199 0.8711055293679237 17.99850357323885 41.12405020743608 7.149620212614536 423.3574683964252 8.37970869988203 124.5778218582273 29.20787742733955 125.0707074701786 5.168094120919704 3.935942865908146 0.8265824615955353
3613.80609574914 3.306749269366264 66.13155185431242 60.95621276646852 223.6731224507093 906.7128983363509 1714.262991696596 1707.905762847513 38.9351199567318 1182.098047934473 236.6501288563013 166.5667263194919 5.927332147955894 5253.986889265478 9.559753492474556 4.625173188745975 1362.53118494153 86.38598350435495 159.8623128831387 416.1341690123081 200.4019302129745 8.551887020468712 407.649986423552 589.731485798955 3.485945492982864 112.8752069100738 93.94725285470486 1286.123785927892 22513.91090584546 7401.856883309782 1.650577507913113 3643.115332461894 3957.629542507231 3076.181658066809 12.88721877336502 942.9125275313854 152.5231658816338 1801.638926029205 146.7128237858415 156.3440662920475 71.76395650953054 9.197081215679646 11.07460881769657 1.48627570271492 0.2582744210958481 2.527252942323685 3.025680243968964 0 0.7366031482815742 16.87629432231188 1.063485063612461 6.538758009672165 2.073589749634266 0.3800458312034607 0.09597375988960266 5.555759161710739 0.5475887656211853 0 28.37452944368124 1.521689556539059 0.1464254111051559 0.2576631456613541 1.25357423722744 14.14942867308855 1.287957869470119 3.146804101765156 136.3161320984364 0 2.15006260573864 6.575362838804722 143.0777862221003 7.9321004524827 7.78950335085392 0 0 1.257689714431763 3.715994901955128 1.003597795963287 52.8022533878684 2.840553246438503 10.69347232580185 5.74239294975996 5.016281791031361 0 0.4884226322174072 0
