1279.211176507175 0 42.70780670642853 3.825362883508205 2.848444938659668 4.624159276485443 1544.62161167711 425.5185403823853 0 8.161317251622677 15.97633130848408 1.840594343841076 0.4930866733193398 6070.262618869543 0 0.2842659503221512 248.3541639298201 22.4988594353199 111.7286736667156 1.449406467378139 19.46288108825684 0 61.92087767273188 21.56631964445114 0 43.9780658185482 30.79495999217033 111.4423552080989 3148.359522499144 4297.769742622972 0.09743405133485794 8.447114199399948 29.48566234856844 140.8460122048855 0.3663628697395325 34.38239499181509 4.200967542827129 70.01354403048754 13.83629516512156 5.133387245237827 4.481849208474159 0.3356301486492157 0.1297419518232346 0 0 0.3916173279285431 0 0 0 0.0932811051607132 0.1315643489360809 0 0 0 0 0 0 0 1.525771617889404 0 0 0 0 1.411400489509106 0.5344727039337158 0.1612052917480469 4.387274459004402 0 0 0.8817521631717682 4.820506677031517 0 0.9431557059288025 0 0 0 0.2346362918615341 0 0.7271117717027664 0 0.1909794509410858 0.4657306671142578 0 0 0 0
0 145.5817986056209 43.1886735111475 0 0.4913413301110268 0 4.121860645711422 0.770211935043335 409.6626011431217 0 28.17047932744026 0.7571955397725105 293.248377636075 1.555525571107864 11.54011069238186 147.670277774334 1.05833026021719 4.531713455915451 4.784831628203392 0 11.20543405413628 3405.371562995017 2.502985551953316 988.8900133669376 2654.446921944618 128.3853828087449 8946.953723438084 66.22133950889111 0 2.22623436152935 13.9912174269557 0.1125743463635445 0.1150353401899338 2.295956499874592 0 5.118622310459614 8.439860336482525 8.787793777883053 3.086665742099285 12.10262183845043 0 2.516563147306442 0 0 22.72846819460392 20.10052274167538 0.1656926274299622 0 0 0.3090526685118675 0.2563733458518982 8.579634197056293 0 0.9217759072780609 1.569473668932915 11.22294420003891 0 0 9.292357422411442 0.7119671851396561 0.1314156204462051 0.6116066128015518 0 0.1010437980294228 58.48900068551302 3.654871895909309 17.70340242236853 31.26955169439316 32.92801337689161 704.9684409871697 1.980619356036186 0.1812155246734619 0 0 0 0 0.2587823122739792 0.7665460705757141 1.393417552113533 2.286112844944 0.3329181522130966 1.372060567140579 0.1170891523361206 0 0 0
42.70780670642853 43.1886735111475 3674.421544440091 1.924693986773491 0.2027797996997833 27.20636659115553 730.3151789084077 309.5650507137179 0 10.32574688643217 27.85964431613684 0.5999023169279099 0.4223744571208954 464.7031837105751 0 14.20261186361313 7402.109582476318 136.5800868570805 509.4002251029015 0.5454857498407364 142.1271924674511 11.63141375780106 12976.35155464709 6.379182606935501 1.095031201839447 6153.135243661702 7749.33269777149 389.5890479013324 81.80151453614235 705.8410624787211 0 5.318564049899578 2.20396351069212 1016.202053710818 29.79730598628521 1984.345066949725 3213.48016731441 3051.385523833334 1254.90063418448 41.49480668455362 1.36931336671114 3.325223535299301 6.353221975266933 0.9454757273197174 221.1140910089016 927.9102650210261 0 0 0 4.852755159139633 0 27.22162459790707 0 0.293076366186142 0 1.365702256560326 0.7026747167110443 2.504064753651619 40.81779343634844 51.63681297749281 0.8897855579853058 7.393614374101162 0 14.26895529031754 72.86523461341858 54.84229432046413 52.10604666918516 1.592891648411751 355.5351001173258 3709.473811551929 9.961750820279121 0.9795335978269577 6.171701699495316 0.1829718798398972 0 0 18.39712771773338 12.49005112051964 34.1151437535882 29.98569692671299 29.64089217036963 12.73907422274351 4.21475775539875 0 0 0
3.825362883508205 0 1.924693986773491 2285.152299880981 4.107723228633404 411.8532402068377 80.18442685902119 234.7233220264316 1276.459862463176 1907.161020040512 13.125274091959 4913.696139089763 1.398070521652699 135.1561640650034 73.57460711151361 0.8908431231975555 0.9028888717293739 4.164546318352222 3.601573996245861 6671.252989254892 1.569899775087833 0.5630945563316345 2.016649760305882 3479.112668298185 0.5725712925195694 3.629351399838924 2.633236303925514 1794.930586047471 111.8759390339255 1.513835869729519 0.2768226265907288 13.64415358006954 0.8619211986660957 50.81319301575422 6.322986274957657 470.9974471256137 3.145304039120674 193.8868397921324 60.36558237671852 292.7365388721228 27.73436542600393 0.9237924665212631 5.341796174645424 0.4099285304546356 0 0.5808658674359322 355.6220553666353 0.8435840755701065 16.81605748832226 196.2699207440019 9.725629635155201 133.5103325173259 265.3608672693372 0.2655400857329369 155.2745190188289 0.2595840469002724 10.82346180826426 15.11708231270313 0.5653028190135956 0 0 0 102.1397831141949 1.062536299228668 0.228812150657177 1.202933117747307 997.0035291239619 0 0 0.4562020525336266 394.6805113106966 3.315809197723866 1.608366169035435 0 0.6991803273558617 0 1.703779466450214 0 122.9745032563806 0.1073880717158318 11.56100843846798 1.623455516993999 276.6139629334211 0.3980840444564819 1.596507266163826 0.2224475890398026
2.848444938659668 0.4913413301110268 0.2027797996997833 4.107723228633404 17.68420624732971 74.78991450369358 2.650026977062225 40.8108246922493 76.59124474227428 6.058762744069099 38.88387630879879 137.1103240549564 1.723197683691978 29.80223745107651 740.9148679077625 0 0 2.968075156211853 4.129896126687527 2.915754914283752 0 2.527770929038525 0 23.47322504222393 0.1180041059851646 2.413015976548195 0.9776439517736435 3.844263903796673 68.59029377996922 0.4705061540007591 0.4953646212816238 42.08384549617767 0 939.3565579205751 0 15.42910116910934 2.478223085403442 79.67257276177406 15.7225556075573 1833.164096981287 68.38770101964474 5.175466239452362 0.9253695607185364 0 0 0 0 0 0 0 0 0 0 0 0 0 0 0 0 0 0 0 0 0 0 0 1.221008703112602 0 0.2363976240158081 0 0.1421171128749847 0 0 0 0 0 0 8.930912509560585 0 0 0.3040411472320557 1.199551299214363 0 0 0 0
4.624159276485443 0 27.20636659115553 411.8532402068377 74.78991450369358 8961.35752132535 4139.036788895726 4696.626064039767 26.25505211949348 8615.741375461221 82.35551235824823 6146.806175902486 12.29593703150749 377.0878101661801 1577.804519727826 2.859943106770515 23.47954195737839 15.52330154180527 15.67256651818752 821.6596528589725 24.45414233207703 0.6150386333465576 23.29658448696136 349.9068585708737 3.589719295501709 20.23321732878685 13.98163319379091 3318.286439411342 144.9720507264137 46.49391203373671 1.001512035727501 157.5125415027142 2.105977386236191 292.7498338371515 6.547552689909935 335.9775227233768 22.19964927434921 328.7995750829577 155.6238404288888 2237.5955747962 570.6578526422381 36.18979650735855 9.828799352049828 0 0 0.1760886013507843 4.577059172093868 0 0.6997332498431206 5.348489940166473 0.9417808279395103 2.458469808101654 5.431209221482277 0.1855432540178299 7.829039625823498 0.08138933032751083 1.218036442995071 0.5896602272987366 1.827209487557411 0.1737942546606064 0 0 2.809867277741432 1.179381959140301 0.6066630780696869 0.4710927680134773 40.97083787620068 0.113133117556572 0.2335020750761032 1.15489561855793 23.02791626751423 0 1.304362960159779 0 0 0 0.762009009718895 0 11.22652457654476 0.2589030861854553 3.816425852477551 3.130537174642086 13.43855129182339 1.490063339471817 1.830733016133308 0
1544.62161167711 4.121860645711422 730.3151789084077 80.18442685902119 2.650026977062225 4139.036788895726 8654.406332574785 5760.306329771876 48.31009183079004 6812.297938227654 54.74736710637808 103.7274493351579 5.311881214380264 10970.35676547885 15.8414785861969 472.6223077848554 242.3843278735876 34.38891109824181 59.35213219374418 12.408098526299 1728.911052621901 63.49191497266293 1351.185336716473 1074.866299189627 15.57766331732273 190.8414483964443 724.2274234592915 10699.49440554529 2079.283979564905 4135.329854235053 1.208165124058723 41.03169135004282 150.046161532402 530.4709314480424 81.01538013666868 2707.289659395814 71.88856113702059 1933.93779745698 827.2595482990146 207.6538352370262 89.1305922344327 10.28789032250643 25.36838469654322 1.499478310346603 1.268446862697601 7.36613592505455 15.53180063515902 0 2.401124253869057 49.52017842978239 16.36577668786049 26.72232249379158 14.87262595444918 1.326800003647804 1.999722488224506 0 7.890202693641186 0 165.9270236119628 0 0 0.09324593842029572 2.713029593229294 81.00290254503489 58.43125645816326 33.91363060474396 393.4188162758946 0 1.025079101324081 59.53826733678579 339.4854151755571 18.17327408492565 80.42164768278599 0 0 2.142136581242085 7.586368717253208 10.06798624992371 61.039694853127 0.1169888079166412 18.77734814584255 6.799486093223095 47.24240040779114 0 0 0.2125575095415115
425.5185403823853 0.770211935043335 309.5650507137179 234.7233220264316 40.8108246922493 4696.626064039767 5760.306329771876 10245.72661477327 4.06581749767065 2538.210315607488 284.0833166614175 1076.127263441682 25.65791541337967 7589.659680567682 168.4829599633813 6.286586463451385 547.5281218215823 92.6124005690217 232.3978142365813 442.6860904544592 207.9056923016906 1.365882128477097 292.9353884682059 525.4523117244244 9.184016041457653 185.4240517839789 102.0298730581999 2019.444104969501 1071.883676178753 1507.667839750648 2.350751250982285 70.31991919130087 6.537368603050709 462.5872697755694 12.4825226739049 369.3392422497272 51.85255087167025 542.5214368328452 218.5923516005278 415.3682065606117 216.0268869251013 56.21391698718071 11.06584506481886 0 0.1000038385391235 0.5253205299377441 4.21381214261055 0 0.676262341439724 24.9667647331953 5.463115558028221 17.9252143278718 5.121871970593929 1.201269149780273 6.869365327060223 0.3620613291859627 7.295149713754654 0 6.334765404462814 0 0.1283700168132782 0.1416713148355484 1.050729304552078 2.995482541620731 5.363309890031815 0.4140066355466843 207.3139374554157 0.1147249042987823 0.8893100619316101 5.793378479778767 121.2690550386906 7.135745540261269 23.86287064105272 0.1291266530752182 0.7283363044261932 0.1721117794513702 0.8542233407497406 0.7099114060401917 14.24912096560001 0.2581123188138008 17.75697123259306 5.676588878035545 7.155997060239315 0 0.672477550804615 0
0 409.6626011431217 0 1276.459862463176 76.59124474227428 26.25505211949348 48.31009183079004 4.06581749767065 990.8028873279691 255.1619871929288 1.940734788775444 70.84961107373238 21.92749305814505 2.998753532767296 922.5021276250482 86.82937947660685 0.2012639939785004 0.9714881032705307 0.4536693543195724 89.82709195464849 17.59682373702526 3672.430144950747 1.95015736669302 8608.336362801492 557.9128487408161 9.827536657452583 125.1971570551395 822.4249735102057 3.997543379664421 4.699071332812309 3.817215174436569 0.1500275135040283 0 1.312321327626705 0.5163921713829041 13.03504488617182 1.443820007145405 2.774231024086475 0.2170836627483368 288.1984673142433 1.873559594154358 0 0 2.431074574589729 4.421364448964596 0.6177622452378273 187.1298440173268 0.6318851411342621 6.307302676141262 60.1049632653594 10.71752083301544 108.3284695073962 125.0043460801244 0 41.71864129602909 0.5813037008047104 9.434199005365372 6.809851258993149 491.8554767146707 0 0 0.08433309197425842 60.17191752046347 99.10973265022039 56.17730103433132 16.05264700204134 1759.399894744158 1.521699398756027 0.571209616959095 5.674293667078018 467.5506090223789 14.29552784562111 47.03498993813992 0.1298288404941559 0.8462602496147156 0.4548477828502655 4.6644436866045 0.8407060503959656 36.46077699959278 0.4229812622070312 11.04939063638449 3.170114368200302 77.05213011056185 2.202581740915775 0.3381373286247253 0.1427393853664398
8.161317251622677 0 10.32574688643217 1907.161020040512 6.058762744069099 8615.741375461221 6812.297938227654 2538.210315607488 255.1619871929288 17334.50187937915 88.20384611934423 5858.146067768335 7.255512334406376 877.7067375779152 67.94336477667093 9.026887759566307 3.55919922888279 31.8222293779254 23.55903679504991 4204.177480570972 15.5535905957222 0.5401753783226013 11.05730532854795 1241.904744468629 3.600239031016827 20.22919088974595 23.25796954333782 3915.956293284893 679.5915103107691 9.896060131490231 2.277139127254486 75.21403178572655 3.859272427856922 300.1009849011898 42.33454342186451 1538.34233430773 24.53773579746485 1260.427051477134 252.8214405179024 445.2407141551375 163.0157828852534 19.40664782375097 47.6337004750967 0.8624659776687622 0.1874818056821823 0.8710872009396553 243.1941553801298 0 17.04253340512514 254.6504910066724 25.38935426622629 72.77054256945848 203.9023082256317 2.200752064585686 87.16088420897722 0 14.01482975482941 11.58707924932241 3.30041465908289 0 0 0 87.98370385915041 2.164996698498726 1.325806111097336 2.949709661304951 1020.829457663 0.1791715174913406 0.7762267589569092 3.434091463685036 471.5833471268415 4.530304007232189 8.578324660658836 0 0.3230922222137451 0.2487314343452454 2.21060785651207 7.57783442735672 133.1484032645822 0.7748191356658936 14.27132751792669 4.61713931709528 250.9877915456891 1.534087583422661 1.445622764527798 0
15.97633130848408 28.17047932744026 27.85964431613684 13.125274091959 38.88387630879879 82.35551235824823 54.74736710637808 284.0833166614175 1.940734788775444 88.20384611934423 11234.55066477507 74.99705087393522 1307.078676708043 334.7158563509583 1.106862977147102 1.641195766627789 258.7124127298594 3196.329104088247 1660.930496141315 34.07461256533861 9.784978494048119 5.681175254285336 31.10566464811563 23.16994669288397 448.287787206471 1901.075464762747 560.1789411902428 82.63025114685297 385.4864301756024 39.71463117748499 443.6565024629235 639.7694945782423 6.658118411898613 6541.966789528728 7.296310037374496 389.6301003694534 4893.799138009548 4682.438038267195 731.979244209826 48.99667547643185 136.823781400919 960.1915804222226 2.289645507931709 0 2.755016177892685 0 0 0 0.1158891022205353 1.416612312197685 0.0953301265835762 0.21511510014534 0 220.9224162846804 0.1068872436881065 1520.568165898323 0.7403197884559631 0 1.546063922345638 0 10.28865019977093 6.316005527973175 0 0.2877739071846008 0.9150534123182297 0 4.515468806028366 448.3859741166234 245.7740673422813 375.3550561890006 4.448138445615768 0.4606302827596664 0.8123061805963516 148.9810003265738 0.2296699658036232 0 1.118746355175972 0.663632720708847 7.005182452499866 423.7757923156023 7.502132050693035 1.303681254386902 1.175784692168236 0.1568621695041656 32.34160430729389 0
1.840594343841076 0.7571955397725105 0.5999023169279099 4913.696139089763 137.1103240549564 6146.806175902486 103.7274493351579 1076.127263441682 70.84961107373238 5858.146067768335 74.99705087393522 13273.08456540853 9.164169438183308 591.3228026404977 1635.111098706722 0.2772679626941681 1.076995097100735 22.37826010584831 16.45791833847761 6439.064530096948 0.1695275753736496 6.42073991894722 0.557046577334404 215.7741409093142 18.39231202751398 13.9189880490303 7.909165993332863 1730.943438895047 365.835511431098 3.484163947403431 1.150222919881344 92.52843514829874 0.09072015434503555 169.8487140089273 1.458371937274933 1407.42454957217 14.55055669695139 376.8041502386332 81.45153557509184 915.2906386032701 33.27070543169975 16.05566796660423 3.791927963495255 0.4244647622108459 0.1991413682699203 0 134.2229638695717 0.4847300052642822 8.212724715471268 33.26011963933706 3.149262756109238 52.69325352460146 130.6986751332879 0.5888973996043205 175.2063180282712 0.08958995342254639 0.7047325298190117 12.80630552768707 0 0 0 0 65.03202830255032 1.675126671791077 0 0.1331335753202438 237.5574915334582 0 0 0.3189992606639862 81.72511752694845 0.5526035726070404 0 0 0.2387635782361031 0.2589080631732941 0.5863368734717369 0 181.6796617209911 0 4.646915808320045 2.021778836846352 301.8750549405813 0 0.2038633674383163 0
0.4930866733193398 293.248377636075 0.4223744571208954 1.398070521652699 1.723197683691978 12.29593703150749 5.311881214380264 25.65791541337967 21.92749305814505 7.255512334406376 1307.078676708043 9.164169438183308 4751.346124984324 23.15590435266495 0.9058893695473671 9.318634256720543 1.111171066761017 32.32411698251963 3.862952381372452 2.052169144153595 0.9600329548120499 79.05892460793257 1.020581021904945 39.23866216093302 5010.921725548804 90.09133615344763 3977.066709563136 11.22877767682076 7.737006895244122 1.933458998799324 630.1849314942956 25.18576894700527 0.5307555794715881 790.076151587069 1.810237526893616 406.2197946980596 3480.258256785572 2356.866653740406 453.4927143454552 35.32900647819042 213.7719860076904 1703.271153263748 3.429259479045868 0 45.79128927737474 1.201680168509483 0 0.1684673577547073 0.4608715772628784 0.6238906159996986 0.2982801049947739 0 0.1319320350885391 363.0304753407836 0 2652.109969258308 0.1109646409749985 0 0.6700664907693863 0 17.42112492024899 9.688137553632259 0 0.1004565358161926 3.251869261264801 0.9362605065107346 0.8839838951826096 1584.376080282032 657.3904790952802 1157.525895699859 1.378394268453121 0.111476719379425 0 275.1895337551832 0.3444611877202988 0 1.770058117806911 3.940448999404907 137.8797359615564 585.9126650318503 55.24488709121943 7.1792151927948 2.979108870029449 9.649033829569817 69.67841462790966 0
6070.262618869543 1.555525571107864 464.7031837105751 135.1561640650034 29.80223745107651 377.0878101661801 10970.35676547885 7589.659680567682 2.998753532767296 877.7067375779152 334.7158563509583 591.3228026404977 23.15590435266495 12126.04253993928 18.47868858277798 6.626227326691151 974.6355509534478 151.2758196815848 423.5920398384333 264.6502545103431 303.7047414407134 2.108610466122627 490.5901297852397 401.9053186774254 9.127062000334263 291.5112306401134 170.0783301740885 1600.772230535746 5504.474611274898 4243.474085845053 5.296251364052296 246.3645392134786 10.10636358708143 827.3925179392099 9.71496818959713 523.9444875121117 60.34363708645105 768.6995559036732 196.5409677699208 273.8260803222656 274.0664025172591 48.15995331853628 10.58807087689638 0.4074667394161224 0 2.152460157871246 1.35928001999855 0.127529963850975 2.072100795805454 10.38595575094223 3.413223050534725 5.321357481181622 2.34681411832571 0.3049367666244507 1.187144502997398 0.358809120953083 2.370323926210403 0 11.19692382961512 0 0 0.1322362273931503 0.5983558148145676 9.586483746767044 5.897827059030533 2.895237691700459 110.0223500132561 0.1253068447113037 0.8426933884620667 7.1073008030653 93.68253316730261 5.040049657225609 16.63170212507248 0.1065961867570877 0.1227110549807549 0.3947769701480865 1.871979400515556 0 13.69194465130568 0.2841325849294662 16.45094016194344 6.237703591585159 5.766803905367851 0.5111586302518845 1.813375651836395 0.2635199725627899
0 11.54011069238186 0 73.57460711151361 740.9148679077625 1577.804519727826 15.8414785861969 168.4829599633813 922.5021276250482 67.94336477667093 1.106862977147102 1635.111098706722 0.9058893695473671 18.47868858277798 494.0346715599298 0 0 0.4415679425001144 0 88.91715780645609 0 56.93080883473158 0 650.1131080836058 16.9915124475956 0.3417992740869522 5.761851601302624 50.1661005243659 1.812601692974567 0 0 48.97878517955542 0 6.238842539489269 0 51.99097695946693 1.040139220654964 6.94798418879509 4.131316043436527 1332.507612206042 70.28457597643137 1.380785584449768 0 0 0 0 0.2633944749832153 0 0 0.4390435814857483 0 1.465052351355553 2.342316314578056 0 0.3252708315849304 0 0 0 0.9033777862787247 0 0 0 0.4410549104213715 0.1303174197673798 0.4650354832410812 0 5.285316288471222 0.1508318930864334 0 0 2.277709364891052 0 0.2205766886472702 0 0 0 0 8.303435504436493 1.889367997646332 0 0.1276765167713165 0 10.05305656790733 0 0 0
0.2842659503221512 147.670277774334 14.20261186361313 0.8908431231975555 0 2.859943106770515 472.6223077848554 6.286586463451385 86.82937947660685 9.026887759566307 1.641195766627789 0.2772679626941681 9.318634256720543 6.626227326691151 0 6036.818526938558 11.35155992954969 1.219520233571529 1.642249189317226 0.1665438860654831 1582.404889278114 2104.608929783106 2760.092735610902 1774.807168908417 37.90624292194843 14.24126073718071 4997.59637118876 2104.783601619303 10.7261878401041 114.6225155889988 2.22833688557148 0.1058525890111923 3.485336594283581 54.5611674785614 39.82031388580799 1795.489318460226 878.5718479007483 686.8708335906267 904.1029149144888 46.03958546370268 1.989764615893364 0.4490909427404404 12.90921725332737 3.295354649424553 7.550626650452614 52.52455361932516 0 0 0 4.839283458888531 1.685366995632648 6.482552275061607 1.057607755064964 0 0 0 3.449028722941875 0 4977.492834046483 0.7236605659127235 0.1093593761324883 1.651195958256721 0 742.0503619611263 1559.248966567218 2331.408276244998 129.8212903439999 0.693339079618454 9.217892050743103 1171.032801151276 151.5058926194906 9.960557609796524 95.09040603041649 0 0 0.7584701776504517 3.583043165504932 7.19915246963501 29.83675402402878 4.361996866762638 8.417255707085133 8.724248632788658 1.39266312122345 0.4875487461686134 0 0.441701740026474
248.3541639298201 1.05833026021719 7402.109582476318 0.9028888717293739 0 23.47954195737839 242.3843278735876 547.5281218215823 0.2012639939785004 3.55919922888279 258.7124127298594 1.076995097100735 1.111171066761017 974.6355509534478 0 11.35155992954969 2208.842398412526 447.9884335026145 3146.192685805261 0.289265863597393 969.5920422375202 9.528876349329948 4586.930724546313 6.820672161877155 1.733265489339828 3948.314784057438 6392.663045100868 436.0436086952686 515.8114065825939 2310.90811444819 0.5919084697961807 7.100005768239498 21.24689868092537 741.3752716183662 4.991699799895287 360.9007169827819 479.4329425022006 402.7800380587578 167.9603109657764 5.566129423677921 2.768067911267281 2.791229166090488 0.9133148938417435 0 2.931527495384216 13.35475815832615 0 0 0 0.7388771921396255 0.2048702538013458 0.1970084756612778 0 0 0 0.1185083985328674 0.4398668929934502 0 8.554041467607021 10.53794327378273 0.2293716222047806 25.92047556489706 0 8.588098049163818 0.5043377280235291 4.150093637406826 3.821761280298233 0 144.1836873739958 232.8607169613242 2.833463869988918 0.2292032241821289 4.328603297472 0 0 0 0.4501939564943314 3.200765192508698 3.97135167568922 2.543599098920822 2.359211660921574 2.369787290692329 0 0 0 0
22.4988594353199 4.531713455915451 136.5800868570805 4.164546318352222 2.968075156211853 15.52330154180527 34.38891109824181 92.6124005690217 0.9714881032705307 31.8222293779254 3196.329104088247 22.37826010584831 32.32411698251963 151.2758196815848 0.4415679425001144 1.219520233571529 447.9884335026145 391.2442834153771 1816.45233258605 11.27412400394678 8.719095967710018 2.173982538282871 115.7274218052626 7.510905936360359 38.12252835929394 1900.102084316313 434.5489837154746 40.00631147623062 163.0924003869295 37.78429087996483 68.11376231908798 119.0997494980693 4.176634274423122 1460.822739891708 16.5213173776865 744.9699347242713 2109.586884006858 2340.196547269821 623.6595579609275 19.10125729441643 9.61195170134306 94.24101587384939 4.133700460195541 0.4350058436393738 2.398524574935436 0.1411843746900558 0 0 0 0.1499580889940262 0 0 0 21.5238266736269 0 167.2008430585265 0 0 0.9834336191415787 1.235741943120956 10.32267299294472 14.09939767420292 0 0.4869686961174011 0.1037449911236763 0.3947359025478363 1.413822188973427 20.85922630876303 222.5411688834429 264.2256748229265 2.48120629042387 0.7001176476478577 0.4240131080150604 42.05516415834427 0 0 0.1245443522930145 1.864940956234932 7.931437037885189 10.56638303399086 1.051004149019718 1.941725343465805 0.7566875815391541 0 0 0
111.7286736667156 4.784831628203392 509.4002251029015 3.601573996245861 4.129896126687527 15.67256651818752 59.35213219374418 232.3978142365813 0.4536693543195724 23.55903679504991 1660.930496141315 16.45791833847761 3.862952381372452 423.5920398384333 0 1.642249189317226 3146.192685805261 1816.45233258605 2666.705094628036 9.703232787549496 39.1641736254096 2.644781589508057 368.5217369645834 7.976713418960571 23.36544615775347 2105.193567931652 853.3603247404099 68.9844202324748 638.5060073658824 212.3955343440175 8.942188166081905 124.0841846242547 25.87493494153023 6238.408751748502 15.22409804165363 1305.113321326673 997.7491924315691 2598.325109869242 866.9965184926987 26.30604615062475 1.998591117560863 5.292881824076176 3.723467111587524 0.1981422901153564 10.83396800607443 2.595318496227264 0 0 0 1.405342906713486 0.1482059955596924 0 0 1.085390597581863 0.1850681602954865 4.663355715572834 0.2136688232421875 0 2.223992273211479 17.69063509255648 1.696708641946316 71.08409753441811 0 2.313179776072502 0.3841289430856705 1.011545404791832 1.266015060245991 1.522741541266441 356.8000173419714 433.5107152760029 1.457487672567368 0.4696901142597198 2.715720012784004 1.918556101620197 0 0 0.8115136846899986 4.412297077476978 8.890419341623783 1.824681922793388 2.810353994369507 0.9244160205125809 0 0 0 0
1.449406467378139 0 0.5454857498407364 6671.252989254892 2.915754914283752 821.6596528589725 12.408098526299 442.6860904544592 89.82709195464849 4204.177480570972 34.07461256533861 6439.064530096948 2.052169144153595 264.6502545103431 88.91715780645609 0.1665438860654831 0.289265863597393 11.27412400394678 9.703232787549496 376.4937084764242 0.5085941851139069 0 0.101609393954277 199.6340133398771 4.835609577596188 5.890093237161636 4.607447728514671 2225.939711123705 199.6147192716599 1.277824319899082 0.6565396338701248 35.95233692228794 0 78.05915599316359 4.360437512397766 502.8517518416047 12.32854347676039 285.5607585608959 51.12558263540268 362.6665894240141 32.18315074592829 5.368672631680965 11.47600466012955 0.6636978983879089 0 0 72.63033051788807 0 5.036745965480804 57.99347641319036 9.160296373069286 17.26022444665432 56.26694219559431 0.301980659365654 66.7629439085722 0.1111868396401405 4.508751660585403 2.901790946722031 0.5449421256780624 0 0 0 28.76790996640921 0 1.12225341796875 1.08210876584053 229.4201664030552 0 0 0.1384628713130951 95.75517974793911 0.9868097454309464 0.2273086607456207 0 0 0 4.047764882445335 1.563231706619263 43.31878358870745 0 5.955210901796818 0.5601551756262779 82.76411176472902 0.173402726650238 2.019844070076942 0
19.46288108825684 11.20543405413628 142.1271924674511 1.569899775087833 0 24.45414233207703 1728.911052621901 207.9056923016906 17.59682373702526 15.5535905957222 9.784978494048119 0.1695275753736496 0.9600329548120499 303.7047414407134 0 1582.404889278114 969.5920422375202 8.719095967710018 39.1641736254096 0.5085941851139069 10574.42488192022 355.8413028940558 14032.84128249437 178.384496897459 5.498629286885262 29.68144994229078 2215.357283487916 4174.366790294647 95.81862105429173 10289.03822844476 0 2.576778292655945 15.63898681849241 3791.991336449981 126.8354356437922 5747.656846567988 1985.984974257648 7540.494195252657 3953.495711095631 134.83158544451 6.265497669577599 4.752167925238609 42.68792331218719 2.938473798334599 0.3926672041416168 4.888290524482727 0 0 0.2717873752117157 8.017359130084515 2.158948563039303 0.9743874371051788 0.4285031706094742 0 0 0 6.592377901077271 0.464259922504425 961.6617612838745 0 0 0.9827064573764801 0 651.2818289324641 188.4945158213377 234.3277733996511 106.8928519338369 0.1997420787811279 1.479557923972607 30.21068115532398 144.989080876112 12.64215893298388 124.029487170279 0 0 1.277627877891064 3.337191917002201 28.31675663590431 30.09302070736885 0.9008589237928391 8.410752780735493 11.23490881174803 2.853834927082062 1.421161711215973 0 0.1118677705526352
0 3405.371562995017 11.63141375780106 0.5630945563316345 2.527770929038525 0.6150386333465576 63.49191497266293 1.365882128477097 3672.430144950747 0.5401753783226013 5.681175254285336 6.42073991894722 79.05892460793257 2.108610466122627 56.93080883473158 2104.608929783106 9.528876349329948 2.173982538282871 2.644781589508057 0 355.8413028940558 3524.99269080162 130.68625035882 7146.66022311151 1698.673904262483 30.29572293162346 3292.051233835518 478.178260281682 18.97424472868443 532.4288907647133 7.996535435318947 0 4.04710279405117 15.96887295693159 1.437420845031738 188.6891207396984 12.79418575018644 16.57167730480433 27.79943303763866 87.69512188434601 0.1885782182216644 1.09737890213728 1.530937135219574 0.1823715716600418 6.858950279653072 44.64467579126358 0 0 0.107547402381897 3.310532204806805 0.1296834051609039 22.41699868440628 0.1219475790858269 0.3824211657047272 5.355844087898731 0.8229914158582687 0.5393225029110909 0 1878.62996224314 0.7180514335632324 0.1826472133398056 1.968141615390778 0 110.8444726020098 273.3112681210041 485.3895070776343 100.6989499256015 1.974209129810333 12.74652333557606 1623.375195860863 46.8033798635006 0.7170936539769173 12.15445241332054 0 0 0.6607747077941895 1.070459932088852 0 10.10173822939396 0.7781559377908707 6.643985778093338 2.577918939292431 0.9914751946926117 0 0 0
61.92087767273188 2.502985551953316 12976.35155464709 2.016649760305882 0 23.29658448696136 1351.185336716473 292.9353884682059 1.95015736669302 11.05730532854795 31.10566464811563 0.557046577334404 1.020581021904945 490.5901297852397 0 2760.092735610902 4586.930724546313 115.7274218052626 368.5217369645834 0.101609393954277 14032.84128249437 130.68625035882 17615.83942715824 90.9802461117506 1.336624398827553 1304.026248909533 13830.57347790897 1960.234221287072 145.0949643328786 7035.574506305158 0.4143449887633324 2.927560187876225 9.63769493997097 3280.108429171145 192.6601790115237 8556.404944673181 5231.952780500054 11129.24694684893 7904.189035877585 331.1742964461446 15.25962565094233 6.108096823096275 65.48214153200388 0.504995696246624 2.824901878833771 275.8100985363126 0 0 0 1.847548425197601 0.1258392333984375 0.56505286693573 0 0.2462099194526672 0 0.1077451705932617 0 0 1798.285949751735 0.664108544588089 0 1.183994308114052 0 154.9160238280892 358.665344722569 975.2509948834777 32.29615354537964 0 5.130523420870304 1531.769297890365 29.99625995010138 1.120100878179073 24.28505051136017 0 0 0 2.259641870856285 70.59021173417568 55.65298265963793 2.375146597623825 11.44141765683889 21.1386081725359 1.462724715471268 1.176039278507233 0 1.758104592561722
21.56631964445114 988.8900133669376 6.379182606935501 3479.112668298185 23.47322504222393 349.9068585708737 1074.866299189627 525.4523117244244 8608.336362801492 1241.904744468629 23.16994669288397 215.7741409093142 39.23866216093302 401.9053186774254 650.1131080836058 1774.807168908417 6.820672161877155 7.510905936360359 7.976713418960571 199.6340133398771 178.384496897459 7146.66022311151 90.9802461117506 6623.109914049506 714.0488712489605 23.28903487324715 1713.376010589302 7447.117101222277 467.9463851302862 169.4533868357539 6.015410684049129 24.92330276966095 24.93155135959387 164.1174324899912 35.51327057927847 1679.217806071043 62.31522561609745 620.9810383543372 311.4000406190753 807.4020782783628 54.41612020134926 2.256189443171024 19.73798620700836 13.41439677774906 9.195794776082039 11.42178203910589 396.4952420815825 0.3966250121593475 41.8554386049509 629.1109002605081 113.0171249806881 1291.539138861001 305.5831174999475 5.516558051109314 150.7573096081614 1.043327853083611 95.36951217800379 12.12938541918993 997.1628950238228 0.9868149161338806 0.4803333953022957 1.546019606292248 112.2352201640606 402.8593264371157 426.1154975444078 117.5074802488089 6832.115764826536 5.571659415960312 6.309412747621536 101.9549866095185 2936.263984024525 103.3769558742642 387.663388222456 0 2.716562129557133 3.327245935797691 39.01527992635965 11.07615821063519 258.7075545489788 1.311005860567093 107.4251769334078 29.51947149634361 306.029684536159 11.49273796379566 1.939463555812836 1.481165900826454
0 2654.446921944618 1.095031201839447 0.5725712925195694 0.1180041059851646 3.589719295501709 15.57766331732273 9.184016041457653 557.9128487408161 3.600239031016827 448.287787206471 18.39231202751398 5010.921725548804 9.127062000334263 16.9915124475956 37.90624292194843 1.733265489339828 38.12252835929394 23.36544615775347 4.835609577596188 5.498629286885262 1698.673904262483 1.336624398827553 714.0488712489605 606.3339605331421 269.9868720397353 3268.320015519857 53.05543681979179 1.49893394112587 2.413305416703224 328.846843868494 6.508729457855225 0 358.6402728110552 1.257315397262573 1126.115243881941 298.8527592793107 1097.555841736495 286.522378847003 210.143448151648 214.7036934047937 391.0565730333328 24.25424113869667 0 147.3796351850033 0.8956626951694489 0 0 0.1264821439981461 0.8769089207053185 0.7122549116611481 1.307201735675335 0.1502746194601059 118.3150407001376 0.7131382375955582 1022.068701453507 0 0 0 0.348370373249054 3.876699760556221 8.52384340763092 0 0.1303809732198715 1.646846584975719 0 11.05874224752188 292.2239216268063 296.8436720818281 726.0679894611239 6.2221460044384 0.2609474658966064 11.09145379066467 44.523338124156 0.3586707562208176 0 3.013153344392776 0.5974229574203491 355.3471014350653 43.73043832927942 38.47220223397017 4.963557824492455 34.39203984290361 0 9.253640249371529 13.51264810562134
43.9780658185482 128.3853828087449 6153.135243661702 3.629351399838924 2.413015976548195 20.23321732878685 190.8414483964443 185.4240517839789 9.827536657452583 20.22919088974595 1901.075464762747 13.9189880490303 90.09133615344763 291.5112306401134 0.3417992740869522 14.24126073718071 3948.314784057438 1900.102084316313 2105.193567931652 5.890093237161636 29.68144994229078 30.29572293162346 1304.026248909533 23.28903487324715 269.9868720397353 16641.78110838681 10352.32556183636 120.5234985426068 207.6596913486719 165.5820834487677 376.7812683805823 73.71172888576984 6.417853780090809 2041.788579925895 35.11663654446602 2853.921882532537 5028.530393742025 4407.576079703867 1766.191950201988 54.82703749090433 11.1974121928215 174.1837000176311 10.7181316614151 1.458426907658577 271.5233354046941 116.4090731739998 0 0 0 16.86831457167864 0.6233709454536438 0.9593210369348526 0.2634841501712799 61.79868742078543 0 579.5889673009515 2.434490494430065 0 3.906272649765015 185.0773051306605 80.89976447820663 658.8583130016923 0 5.35259921848774 7.292294636368752 12.74372897297144 5.426122471690178 190.8469957634807 4481.562502987683 6286.221163697541 4.214948020875454 0.8309616521000862 16.07570219784975 151.6755583137274 0.08351562917232513 0 16.132080771029 9.209109082818031 50.96795664727688 40.11426605284214 40.52782326191664 19.38393084704876 0.9245264902710915 0 1.094586208462715 0
30.79495999217033 8946.953723438084 7749.33269777149 2.633236303925514 0.9776439517736435 13.98163319379091 724.2274234592915 102.0298730581999 125.1971570551395 23.25796954333782 560.1789411902428 7.909165993332863 3977.066709563136 170.0783301740885 5.761851601302624 4997.59637118876 6392.663045100868 434.5489837154746 853.3603247404099 4.607447728514671 2215.357283487916 3292.051233835518 13830.57347790897 1713.376010589302 3268.320015519857 10352.32556183636 37192.06590171158 2502.262086525559 186.4555369988084 106.2882296741009 1538.740418747067 50.34024149179459 8.621366448700428 4575.912612900138 182.2242873758078 8260.123856924474 2623.959505692124 11858.17438587546 5615.152968421578 221.1294755861163 13.79883576929569 49.04750697314739 41.57474839687347 2.744405157864094 3015.156359188259 2755.940226212144 0 0.1563545316457748 0.2261532992124557 23.40179346501827 2.86439274251461 65.81230733543634 0.09437528252601624 41.59408705681562 0.4168757349252701 459.5165913552046 7.011721335351467 2.833068624138832 1383.294225879014 326.3352284356952 47.62356259673834 634.1694624945521 0 21.259253077209 1406.78971233964 1025.683645769954 184.7000653445721 346.6747450456023 6024.737858057022 29000.63324645162 36.18946854025126 2.556133098900318 19.54043970257044 116.1227932423353 0 0 48.43287324905396 73.5692098364234 184.4467204883695 120.6112964302301 143.2005335539579 64.61350158601999 7.194212540984154 0.3969970047473907 2.413817122578621 0.4508994519710541
111.4423552080989 66.22133950889111 389.5890479013324 1794.930586047471 3.844263903796673 3318.286439411342 10699.49440554529 2019.444104969501 822.4249735102057 3915.956293284893 82.63025114685297 1730.943438895047 11.22877767682076 1600.772230535746 50.1661005243659 2104.783601619303 436.0436086952686 40.00631147623062 68.9844202324748 2225.939711123705 4174.366790294647 478.178260281682 1960.234221287072 7447.117101222277 53.05543681979179 120.5234985426068 2502.262086525559 14516.24939952791 1932.962135761976 8481.707426354289 1.690294712781906 62.65936044603586 324.1361836865544 1258.516479223967 164.6869740113616 6212.759132422507 258.5186888501048 3710.39235637337 1787.708661071956 557.6099507510662 145.1797310039401 19.80594784021378 68.09959467500448 20.83139537274837 5.722176559269428 12.27328971773386 289.6219868510962 0.5019217133522034 24.7481946721673 508.7262701094151 108.320094242692 397.1529367864132 238.6500546336174 7.463944010436535 73.65958336740732 1.750322759151459 104.6893514022231 9.526795625686646 1195.363330669701 2.337500803172588 0.5578145459294319 1.328925013542175 92.9689459502697 658.8979876562953 326.4119134917855 166.2715676650405 4319.219090543687 0.9913481846451759 4.475211620330811 113.1216984391212 2727.524384297431 138.8815032467246 688.3026525452733 0 4.741718798875809 3.471042223274708 33.37965039163828 35.56859754025936 375.0694418624043 2.876340001821518 121.1933836713433 35.17765330523252 382.0097588598728 17.10258202254772 0.2502985373139381 4.227813556790352
3148.359522499144 0 81.80151453614235 111.8759390339255 68.59029377996922 144.9720507264137 2079.283979564905 1071.883676178753 3.997543379664421 679.5915103107691 385.4864301756024 365.835511431098 7.737006895244122 5504.474611274898 1.812601692974567 10.7261878401041 515.8114065825939 163.0924003869295 638.5060073658824 199.6147192716599 95.81862105429173 18.97424472868443 145.0949643328786 467.9463851302862 1.49893394112587 207.6596913486719 186.4555369988084 1932.962135761976 20977.93595795333 7444.802844919264 4.419026166200638 1433.719826325774 2253.262774735689 2786.154160089791 2.420075088739395 380.8197464942932 33.730728559196 1024.479251772165 68.54353374242783 122.1807724386454 248.4839936047792 9.028981998562813 4.432570777833462 0.7902858257293701 0.3830736577510834 0.4674895107746124 0.9710169360041618 0 0.5050538033246994 8.127743288874626 0.8766518831253052 5.403441376984119 0.5889803320169449 0.2334937155246735 0.5795912072062492 0.3099266067147255 1.630835071206093 0 41.18102836608887 0.2152502536773682 0 0.4365545511245728 0 29.6292433142662 9.130792140960693 1.993488550186157 85.87302620708942 0 0.9107525870203972 3.231015659868717 84.68973473459482 2.172764264047146 22.27722388505936 0 0 0 1.620407909154892 0 11.32762126624584 0.55957992374897 4.743322916328907 1.328674502670765 5.723256438970566 0.1292980909347534 0 0
4297.769742622972 2.22623436152935 705.8410624787211 1.513835869729519 0.4705061540007591 46.49391203373671 4135.329854235053 1507.667839750648 4.699071332812309 9.896060131490231 39.71463117748499 3.484163947403431 1.933458998799324 4243.474085845053 0 114.6225155889988 2310.90811444819 37.78429087996483 212.3955343440175 1.277824319899082 10289.03822844476 532.4288907647133 7035.574506305158 169.4533868357539 2.413305416703224 165.5820834487677 106.2882296741009 8481.707426354289 7444.802844919264 10699.54700310528 0.1827323064208031 21.92117508500814 978.6887279599905 2400.79051630199 102.9619678258896 5739.492344625294 761.0691025257111 3105.322600752115 1532.407823704183 197.5135182514787 17.71757587045431 4.307575650513172 29.71668469160795 6.440849334001541 0.2538349330425262 3.897868193686008 1.712596505880356 0 1.254231721162796 17.19726407527924 7.658001989126205 10.56810167431831 0.6091094017028809 1.064384818077087 0 0 12.08533341437578 0 379.6617599055171 0.4868650883436203 0.1162988692522049 0.7341198027133942 0 341.4354240223765 64.94425792992115 58.26224398612976 203.9206630587578 0 2.725188985466957 21.08352972567081 310.2904866039753 27.80733777582645 157.4796337932348 0 0 1.549437969923019 8.846322923898697 13.3822565972805 72.27010887116194 0.424604207277298 17.41720262914896 10.24531288444996 16.84773769974709 0.4443269670009613 0.3114779591560364 0
