1550.402438335121 0 89.75075346976519 9.002838268876076 0.2903136759996414 36.79918010532856 1605.581594705582 1240.313841797411 4.123994052410126 68.34708704799414 11.45147025585175 3.393498048186302 0.1202511861920357 3906.187521241605 0.1186762526631355 0.1279430389404297 60.67259306460619 9.883660033345222 23.54728308320045 6.163871824741364 10.30336951464415 0.1315168738365173 35.3682935833931 17.99519722163677 0 52.74381650984287 5.274420559406281 42.68591455370188 3329.952582649887 2814.101378105581 0.1640822663903236 10.03758066892624 28.2724292576313 73.8130129352212 3.045287221670151 44.58995668590069 6.559235483407974 73.28562307357788 13.1059985011816 2.000380821526051 1.046531848609447 0.2033354714512825 0.7809961289167404 0 0 0.6516060903668404 0.2310609817504883 0 0 4.430538527667522 0 2.676714055240154 0.1848924458026886 0 0.2275399714708328 0 0.5851558148860931 0 0.1160552054643631 0 0 0 0 0.3769139423966408 0.8565382063388824 0.1061257570981979 5.183739066123962 0.1133491769433022 0 1.200298421084881 8.26848029345274 0.4439567476511002 4.538682706654072 0 0 0.5366210788488388 0.1123110577464104 0.6575601696968079 4.249261051416397 0 0 0 3.455822378396988 0 0 0
0 145.0127906426787 577.0578730404377 0 0.1197927296161652 0 2.174935333430767 0.4951657131314278 580.283639267087 0.1682903245091438 99.16564104706049 0.9099488332867622 545.2089456319809 0.6019284874200821 6.758167244493961 270.3066361397505 1004.722550712526 3.393516562879086 16.43671152740717 0.1022977828979492 8.38230549544096 1908.226190619171 15.86524371802807 931.9644659534097 927.9972526803613 735.0674452260137 7397.737003736198 39.71318674832582 1.101095855236053 4.760087706148624 101.6421706154943 0.219346895813942 0.1116495355963707 47.14134644716978 1.352768205106258 133.6343004256487 141.6238190829754 182.4772766456008 26.43615224957466 6.848957121372223 0 183.999843031168 0 0.1379940956830978 755.1583303138614 137.5154745727777 0 0 0 11.14659644663334 0.4306739121675491 2.963249899446964 0.2792841792106628 10.6357110440731 0 44.40922744572163 0.6524069309234619 0 12.85675387084484 3.996050171554089 2.27510379999876 1.69475619494915 0.08569639921188354 0.7328863739967346 40.11585713922977 6.666421912610531 25.42896085977554 439.0304962620139 348.1001823171973 3510.332651220262 3.568722106516361 0.1161730289459229 1.9548269957304 9.151115149259567 0 0 4.994043529033661 1.343503162264824 5.416393615305424 35.25862397253513 14.34852889180183 2.691778942942619 0.5416275709867477 0 26.03917251527309 0.5317358374595642
89.75075346976519 577.0578730404377 4290.614217281342 1.052287802100182 0 21.03046926110983 754.1072738021612 218.8653479665518 9.536319233477116 3.23613378405571 73.39359281212091 1.474387787282467 2.310537859797478 308.0610056445003 0.1214159727096558 5.940533652901649 3337.382850110531 116.9092911481857 356.7869331240654 1.342272162437439 522.0316015034914 51.21510825306177 8475.013477921486 67.43164667487144 0.520278736948967 4904.317916102707 8365.583327881992 299.7598242536187 98.98176345974207 3307.546392805874 1.299577921628952 3.259017705917358 10.3239102140069 884.6016537845135 30.06414306163788 1869.852380938828 2874.30584205687 2289.126250579953 722.2116263583302 21.20920317620039 2.265091933310032 7.621473625302315 7.307779237627983 2.176252871751785 79.02014341205359 939.3311893492937 0.3176940158009529 0 0.3987818732857704 22.4747502207756 1.442527242004871 9.358040831983089 1.135461278259754 1.324663713574409 0 4.219688348472118 4.249015420675278 0 29.6612458974123 5.152093589305878 0.1278811991214752 0.942915603518486 0 14.94446907937527 151.2206625491381 75.01920226961374 37.08804123848677 5.318275257945061 294.0122154727578 3375.274318404496 42.49909389764071 4.069307751953602 30.95977348089218 0.5774149820208549 0 0.2983327507972717 4.052991166710854 9.134366616606712 30.80380751937628 123.0372287109494 20.25117949396372 7.111517407000065 1.583995684981346 0 0.1860367357730865 0.5709929168224335
9.002838268876076 0 1.052287802100182 1889.042961835861 1.579701378941536 21.29279359430075 874.8545073196292 41.38308136165142 784.6428618058562 3630.605185806751 6.103949040174484 1300.509264163673 0 65.47238180041313 24.23390944302082 0 0.08252666890621185 0.8061303868889809 0.8790091648697853 4302.987096168101 0.5833116993308067 0 0.390070915222168 1784.469178296626 0 1.808234140276909 1.107062496244907 3408.853881813586 154.7485941648483 31.27983517944813 0.09105593711137772 5.50506816059351 15.56415774673223 62.36060362309217 6.033702716231346 219.3692294061184 3.419557243585587 117.163530997932 47.83601282536983 13.97411485761404 2.711623892188072 0.4362240135669708 6.140170753002167 0 0.7119405567646027 0.8766583800315857 154.7613051235676 0 15.17716838419437 181.2792897969484 4.246662840247154 252.9456195682287 158.5400759279728 0 65.24961156398058 0 1.452981702983379 0 0.3063783645629883 0 0 0 176.4876930564642 0 1.528348125517368 0 129.3834935352206 1.587573297321796 0 1.275469124317169 157.1854374185205 0 0.6359368562698364 0.3582721650600433 0.2044407278299332 0.153027355670929 1.242428906261921 1.091484427452087 3.617467164993286 0.09540395438671112 2.410883672535419 1.416358783841133 43.56027845293283 0 0 0
0.2903136759996414 0.1197927296161652 0 1.579701378941536 72.4660122692585 49.87093622237444 3.518406257033348 21.981778845191 13.74000713229179 6.239518456161022 10.30828217417002 6.509891949594021 3.024138242006302 2.421694822609425 1486.569034516811 0.5768090486526489 0.1069065630435944 0.70063816010952 0.2510165050625801 2.389429301023483 0.2584595084190369 0.3077970743179321 0.3152800053358078 13.22634955495596 0.7138255387544632 0.5539125725626945 0 2.887035831809044 79.24619064480066 2.455934979021549 0 97.33261770009995 0 807.129073522985 0.8143675625324249 120.6341141462326 7.485777281224728 232.9982350021601 130.118443839252 1618.101512655616 546.7026039510965 21.52614364027977 2.55309896171093 0 0 0 1.546734623610973 0 0.3084993660449982 0.9248748943209648 0.2079512625932693 0.5579794645309448 0.09076153486967087 0 0 0 0.2493801414966583 0 0 0 0 0 0 0 0 0 0 0 0 0 1.86320436000824 0 0.5810820609331131 0 0 0 1.450010307133198 0.2018954306840897 0.5228983908891678 1.248482249677181 4.658560141921043 3.639222778379917 0 0 1.767700508236885 0.2884365320205688
36.79918010532856 0 21.03046926110983 21.29279359430075 49.87093622237444 6963.050445556641 2983.873469039798 6208.191147893667 499.9878504574299 7377.869713060558 55.56919866800308 6788.941473573446 4.222670458257198 1485.37038166821 1046.561719655991 0.165212094783783 10.63070511072874 5.146723315119743 4.715840145945549 407.8659420311451 3.786542907357216 0.9223342537879944 7.549587085843086 175.6333088055253 11.80813316255808 19.70003465563059 7.324306324124336 276.8015052899718 585.3337812274694 221.9558597207069 0.4925160631537437 884.0858308523893 13.42473669350147 472.7384398579597 12.70862217992544 1030.399914555252 46.15279544889927 548.6805499345064 340.6899194344878 2043.985864281654 122.8721928074956 41.76340030878782 8.379180178046227 2.732564061880112 0.2877142280340195 0.9652685075998306 74.01377400010824 0 16.63874749094248 299.602168045938 3.024528034031391 185.814645268023 109.442154429853 1.47737443447113 117.3832603543997 0 5.830328248441219 2.506850719451904 0.2563978582620621 0 0 0 103.8202529773116 0.9673479050397873 0.9125908464193344 0.451541006565094 104.8362157270312 0.1044498234987259 0 2.889864720404148 140.67264726758 2.944443255662918 8.387840084731579 0.3101750910282135 0.4885457903146744 0.114230215549469 10.61631184071302 2.500846356153488 32.31453734636307 2.343265719711781 15.3672227114439 19.44157309830189 156.7417255192995 0.1536017656326294 6.883564606308937 0
1605.581594705582 2.174935333430767 754.1072738021612 874.8545073196292 3.518406257033348 2983.873469039798 24941.94798445702 2195.977938689291 591.4652110263705 18984.65246209502 57.98584586381912 64.83843656629324 2.136429034173489 4849.95708091557 23.96920218318701 8.6099688783288 66.44437512755394 10.17834348976612 12.23973069339991 269.207980029285 272.511456951499 8.126994669437408 651.9816676750779 2350.137054741383 8.796019203960896 94.39186178147793 254.6321940943599 19476.67515316606 1478.102134421468 7641.912089534104 0.5317714139819145 53.80117446929216 197.1914058849216 619.9452451467514 70.44836048781872 1961.246010027826 49.59030961990356 1129.887943193316 410.5019105449319 85.06709503382444 29.94741129130125 10.66956219822168 35.75948497653008 9.799746282398701 0.5108963251113892 23.24053207039833 131.3749616667628 0.169821560382843 35.00356224924326 1466.96601510793 28.24749398231506 410.9548258632421 252.6714270934463 2.714935526251793 31.21861333400011 0.4297448024153709 44.53138253092766 0 10.7557770460844 0.9867485240101814 0.7460867762565613 0 133.752942211926 8.950252428650856 11.98462410271168 9.906443357467651 649.0624895915389 8.652705997228622 3.194074220955372 62.97295427322388 955.7721445932984 23.05122948437929 187.5455386117101 0 3.339065067470074 1.216135807335377 23.08393873274326 13.10340093821287 127.2799110114574 3.141474135220051 40.32975101470947 27.54782203584909 167.0599286556244 3.588564366102219 2.904154814779758 0.7767178937792778
1240.313841797411 0.4951657131314278 218.8653479665518 41.38308136165142 21.981778845191 6208.191147893667 2195.977938689291 9069.313440874219 82.22007240355015 1902.255959428847 74.65006776899099 1699.842434898019 5.352615714073181 8339.89297593385 538.7723133713007 2.807514645159245 181.7573951855302 36.00847980380058 67.54428699612617 371.2125374600291 28.32845345139503 4.397672101855278 70.97558029741049 194.3125030994415 3.073505647480488 161.9532707110047 23.28357378393412 268.659205339849 1625.577134415507 1813.084637701511 0 1446.429130390286 14.65271820127964 584.5131388902664 13.91146935522556 994.1237681955099 54.06690939515829 676.7196203023195 387.0607740357518 1240.328663147986 113.1459630653262 63.72997475415468 8.668550550937653 3.544480532407761 0.1069894060492516 3.993064664304256 16.94659573584795 0 4.346694603562355 239.5156362876296 2.916370920836926 68.58937837183475 25.14082390069962 0.1184408813714981 7.833316095173359 0.125390499830246 5.380084559321404 0 4.233974047005177 0 0 0 9.469000369310379 5.416765704751015 1.763530150055885 0.909735269844532 115.1246687620878 0.4008485227823257 0.4912570714950562 7.303574837744236 172.2155795022845 10.60073367506266 60.48990627378225 0 0.2492344379425049 0.137572705745697 8.908794097602367 2.86272107064724 29.82729402929544 4.794562824070454 20.25579710304737 26.56371720135212 20.24000953882933 0.3053612262010574 9.810114666819572 0.1555401682853699
4.123994052410126 580.283639267087 9.536319233477116 784.6428618058562 13.74000713229179 499.9878504574299 591.4652110263705 82.22007240355015 1268.198433727026 473.1191283687949 10.78671031445265 1332.69074255228 28.02221714705229 49.68439208716154 889.2860317677259 16.96812471747398 4.52765104174614 0.6394861713051796 2.12456351518631 961.5399228483438 24.01696313172579 4287.058172889054 32.37007936835289 11626.34744220227 94.97800289839506 40.27694479376078 768.5292005613446 1817.054399564862 70.56738344579935 208.4625519961119 11.5384121760726 6.135240696370602 16.84641255438328 40.18132898211479 8.480861403048038 263.8658382073045 9.486730046570301 76.5842801630497 32.62852242588997 423.2225663363934 2.161857008934021 5.149414204061031 3.693621635437012 13.39593244343996 2.134679764509201 5.202676616609097 150.1439242735505 0.0809687077999115 17.50440300256014 315.3232021182775 11.42959612607956 164.5489364266396 146.7160620465875 1.021838627755642 64.19890400767326 1.37315422296524 17.78464774787426 0.3834200501441956 21.20168080925941 0.8703016862273216 0.5755852982401848 0.4973322600126266 159.1238281652331 32.19530036300421 17.29966288805008 6.977535612881184 584.4880667552352 1.818497411906719 5.1089101806283 26.89834117144346 527.5233675017953 37.80733620375395 189.7373835816979 0.6044343337416649 0.8595096543431282 1.755768351256847 7.139095090329647 3.968961417675018 50.44950158894062 2.249619126319885 11.52382703870535 11.81199122220278 34.23997507989407 1.933739066123962 0 1.731307327747345
68.34708704799414 0.1682903245091438 3.23613378405571 3630.605185806751 6.239518456161022 7377.869713060558 18984.65246209502 1902.255959428847 473.1191283687949 21459.87182001024 105.547661870718 1603.156960725784 3.151582397520542 2279.500480651855 28.45862825959921 0.2139732763171196 1.899072259664536 18.39153561741114 10.5990727096796 4250.571015976369 5.520236693322659 0.1395447701215744 5.552768625319004 431.28191729635 1.626220919191837 32.7457725033164 11.66421854496002 4086.524389594793 934.6112501770258 128.9329576790333 0.6267871558666229 106.1519841328263 24.78842873126268 627.120870038867 27.85517820715904 1099.362933717668 38.46773163229227 998.4901526868343 243.398259267211 105.7422873973846 42.76144900918007 5.396143607795238 34.24218399077654 0.08943755179643631 0.2935159653425217 0.1085734516382217 268.6314015761018 0 32.52937409281731 446.4662783592939 3.555214039981365 262.7105688899755 281.016611456871 0 88.79380497336388 0 1.563063785433769 0.3331776261329651 0 0 0 0 231.7976339533925 0.5080346241593361 3.514716386795044 0 216.7106511592865 1.090811982750893 0.1181889921426773 1.48831183463335 278.5523186996579 1.554113030433655 3.696656197309494 0.08009595423936844 0.4208431094884872 0.2288589924573898 1.856932960450649 5.762928545475006 20.8639090359211 1.160312093794346 7.816636741161346 3.457465939223766 80.62020891159773 0 0.2137589231133461 0
11.45147025585175 99.16564104706049 73.39359281212091 6.103949040174484 10.30828217417002 55.56919866800308 57.98584586381912 74.65006776899099 10.78671031445265 105.547661870718 7129.399707011878 51.81408599764109 1766.121303744614 116.6218079477549 4.567114777863026 1.477933958172798 176.9528563842177 1343.713572457433 871.4281535297632 30.96113517135382 24.83582820743322 29.45795807987452 98.50245926529169 28.07957150042057 1133.268606387079 2630.736216850579 1502.644790887833 35.30392555147409 270.4478062987328 74.77011435478926 338.31114076823 111.7958689853549 12.55201866477728 5644.737736068666 14.89994660019875 925.9045007973909 7129.025891162455 5677.690141044557 840.7591246217489 24.04692136496305 8.515112541615963 1320.684117525816 3.532912448048592 1.605574943125248 17.96414228528738 0.7063407525420189 0.2186210155487061 0 0.3800907656550407 14.83658459037542 0.3022833168506622 5.28431985527277 0.921095572412014 255.0652304068208 0.2013923823833466 928.5161159038544 0.416178859770298 0 1.046165950596333 0 16.26612914353609 0 0 1.297331422567368 3.138286300003529 0.1927426010370255 11.1155729368329 282.3396235853434 132.5909925848246 334.6853976026177 12.36097055673599 1.171134449541569 8.109358087182045 199.5237014591694 0.9885890036821365 0 23.47899293899536 2.923177719116211 19.74314624816179 602.9408122301102 31.26766793429852 37.59577300399542 1.068740129470825 0.9653368294239044 278.8224360048771 9.013123035430908
3.393498048186302 0.9099488332867622 1.474387787282467 1300.509264163673 6.509891949594021 6788.941473573446 64.83843656629324 1699.842434898019 1332.69074255228 1603.156960725784 51.81408599764109 9814.466418139637 2.214653573930264 753.6513757482171 513.8529240861535 0.1408813744783401 0.9363345578312874 7.096647568047047 4.560123406350613 4790.205734148622 0.4606798812747002 10.46871476620436 1.674508012831211 557.3167173042893 6.029085032641888 14.44865618646145 6.840103678405285 334.1229614317417 240.227634228766 6.350148394703865 0.4018057659268379 169.8148753121495 1.594132423400879 238.4430320486426 3.119241543114185 230.1162607297301 14.96025051176548 220.5917472168803 65.00145141780376 518.2975051775575 5.632904358208179 8.968484312295914 8.373850472271442 0.1576890051364899 0 0 125.1809282377362 0 22.3862175270915 36.77959702908993 3.737443536520004 411.828975237906 136.9324361756444 0.116482138633728 198.9507127255201 0.3707361817359924 2.781571254134178 0 0 0 0 0 199.565571680665 0.2228346094489098 0.1419527977705002 0 54.28887704759836 0 0 0.1076952219009399 65.93107893317938 0.4789767488837242 3.919316530227661 0 0.1330724358558655 0 2.143459141254425 0.3357070982456207 29.35341565310955 0.4480308070778847 2.091354340314865 2.184127517044544 225.7349545508623 0 3.275255009531975 0.121524266898632
0.1202511861920357 545.2089456319809 2.310537859797478 0 3.024138242006302 4.222670458257198 2.136429034173489 5.352615714073181 28.02221714705229 3.151582397520542 1766.121303744614 2.214653573930264 3048.249060705304 4.757697872817516 0.8524409458041191 4.305034630000591 1.404163293540478 14.99319896101952 2.28322809189558 1.301878660917282 0.599353663623333 126.9650981426239 2.56207425147295 33.27535569667816 4490.934101715684 170.2227084115148 3166.518308117986 3.196703135967255 7.143159508705139 1.681938908994198 763.4040798321366 10.06251852214336 0 595.9704250395298 0.5372640192508698 98.29155279695988 2797.16466961056 1873.219033114612 136.7675573304296 19.02310412377119 7.431734919548035 1058.704406350851 1.658127874135971 0 52.78616847097874 0.3214548677206039 0 0.5513587594032288 0 0.5000073984265327 1.359435215592384 0.9175794646143913 0.2053253203630447 242.4160457327962 0.09214100241661072 1000.07838127017 0.1392835825681686 0 0.4589181467890739 0 18.42811598628759 0.7685137465596199 0 0.1025282517075539 1.577142730355263 0 3.243382923305035 445.9116766899824 241.3836476579309 599.8426748141646 0.3740930408239365 0.532021626830101 1.226651631295681 262.01311416924 0.5566226541996002 0 13.54700231552124 1.534899175167084 17.98090572655201 440.9521620869637 34.90131029486656 36.30073500424623 0.7759111970663071 0.4974143207073212 114.0574041306973 2.003767251968384
3906.187521241605 0.6019284874200821 308.0610056445003 65.47238180041313 2.421694822609425 1485.37038166821 4849.95708091557 8339.89297593385 49.68439208716154 2279.500480651855 116.6218079477549 753.6513757482171 4.757697872817516 11964.89631856978 69.96589087694883 3.157585963606834 218.7863353714347 53.52411086857319 106.2604990899563 273.1396490931511 33.24084730446339 2.978212296962738 88.43670243769884 196.5302077978849 0.6129992753267288 215.9358575716615 33.77849237620831 318.7512048706412 8029.189053550363 3606.839645646513 0.6400996521115303 918.5913030654192 25.18752221018076 628.718049697578 15.0542581230402 572.2696665525436 46.40392441302538 477.8752480223775 103.5067027881742 162.7087002769113 6.93138787150383 14.11602652817965 4.523495271801949 5.711379051208496 0 4.818333081901073 8.568797893822193 0 2.529949009418488 129.5653304755688 2.313235759735107 49.99716391414404 12.92565914988518 0.4808360487222672 1.047664642333984 0.0998200923204422 6.341587387025356 0 2.614088580012321 0 0 0 8.138031378388405 8.167251877486706 3.134096123278141 2.178214006125927 70.56488779187202 0.143106073141098 1.684182181954384 7.240337938070297 140.5573940873146 3.948384642601013 58.78656031191349 0 0.1075429990887642 0 1.281680747866631 1.421528518199921 21.93646557629108 1.448350504040718 5.194056242704391 8.555128082633018 17.90173026919365 0 2.100093930959702 1.982187986373901
0.1186762526631355 6.758167244493961 0.1214159727096558 24.23390944302082 1486.569034516811 1046.561719655991 23.96920218318701 538.7723133713007 889.2860317677259 28.45862825959921 4.567114777863026 513.8529240861535 0.8524409458041191 69.96589087694883 447.3256274759769 0 0.1435756236314774 0.364267036318779 0.2691259533166885 36.00678788870573 0 45.7911557033658 0 1219.953212164342 1.798975221812725 1.152550004422665 10.03635351359844 54.28580720722675 19.31019335240126 1.514587104320526 0 383.8800381422043 0.3548890352249146 84.1518043205142 0.7333104312419891 26.53636571764946 1.445540994405746 24.37963546067476 18.4441427513957 1129.108993843198 302.9620699137449 1.380245164036751 0 0 0 0.4231365546584129 2.943472936749458 0 0 0.4320301413536072 0 5.783389866352081 0.3471887409687042 0 3.277111351490021 0 0 0 0 0 0 0 3.213940382003784 0 0 0 0.8427069559693336 0 0.1092585101723671 0.491875059902668 0.2789759561419487 0 1.131194308400154 0 0 0 0.1495234072208405 0 0 0.1245122104883194 0.4824325889348984 0.3351390510797501 3.999781131744385 0 0 0
0.1279430389404297 270.3066361397505 5.940533652901649 0 0.5768090486526489 0.165212094783783 8.6099688783288 2.807514645159245 16.96812471747398 0.2139732763171196 1.477933958172798 0.1408813744783401 4.305034630000591 3.157585963606834 0 1943.550959870219 10.29439206421375 0.452313169836998 1.854381546378136 0 1533.316086985171 4072.526926711202 4628.320159733295 1909.509193509817 18.80819588154554 15.11054860800505 4219.714394636452 2102.356062874198 18.94643042981625 103.8537810891867 1.431730322539806 0.1294432133436203 20.76292202621698 80.96150381118059 55.33567075431347 2015.145289130509 268.029679775238 346.0134416595101 951.5902604013681 24.63587513566017 2.260257832705975 1.794841535389423 13.79342993348837 0.2761982679367065 3.975858375430107 52.55185350775719 0.5234947577118874 0 0.571087159216404 40.16318463534117 0.3197926208376884 14.43340571969748 3.219900786876678 0 0 0.6566253006458282 4.326930716633797 0 1782.049068324268 0.3974405452609062 0 0.1288026720285416 0 300.4350699484348 1419.589747227728 2030.089072056115 151.1018254458904 1.084919467568398 3.704458646476269 612.4665588662028 83.95937484502792 5.512600526213646 66.89107891172171 0.1986131891608238 0 0.6236531287431717 1.846575245261192 8.034775152802467 58.65076588094234 4.092843815684319 15.23542195558548 15.09089291840792 0.7939536571502686 0 0.2812427878379822 0.2819371372461319
60.67259306460619 1004.722550712526 3337.382850110531 0.08252666890621185 0.1069065630435944 10.63070511072874 66.44437512755394 181.7573951855302 4.52765104174614 1.899072259664536 176.9528563842177 0.9363345578312874 1.404163293540478 218.7863353714347 0.1435756236314774 10.29439206421375 386.4665040820837 296.5437985882163 1288.158440887928 0.4637523368000984 470.8835594654083 7.446503341197968 1746.80998955667 42.20744370669127 0.9084305614233017 1430.20770162344 4725.374473772943 39.06083253771067 221.74054017663 1840.354121185839 0.5930476635694504 1.70945280790329 23.59058751165867 1116.966881155968 5.592614538967609 165.8547440767288 742.3144788965583 468.7054252773523 70.01963981240988 0.7081956788897514 0.4282519817352295 0.2579208537936211 0.2392527759075165 0.3926662802696228 40.12010818719864 29.71080518513918 0.6222966015338898 0 0 3.564747594296932 0.1235552877187729 2.79986722022295 0.1231655701994896 0.42243592441082 0 0.8601405099034309 0.7641496509313583 0 4.724937796592712 0.4158953055739403 0.5589359551668167 0.4003017395734787 0 6.078952349722385 4.109001137316227 3.318010114133358 6.906754478812218 2.946007885038853 188.0488237664104 346.0339054018259 7.816908799111843 0.1866833567619324 5.354421131312847 0.8264645785093307 0 0 1.443471401929855 0.2927234768867493 2.616594329476357 12.12331032007933 2.61438911408186 1.261744350194931 0.5425387620925903 0 0.2189743965864182 0
9.883660033345222 3.393516562879086 116.9092911481857 0.8061303868889809 0.70063816010952 5.146723315119743 10.17834348976612 36.00847980380058 0.6394861713051796 18.39153561741114 1343.713572457433 7.096647568047047 14.99319896101952 53.52411086857319 0.364267036318779 0.452313169836998 296.5437985882163 58.7101462110877 1794.867041490972 4.172132700681686 19.36352155357599 0.8965790644288063 136.9523487016559 4.800017185509205 3.662230350077152 2995.169169157743 495.3511331528425 9.324086673557758 94.35043311864138 106.7142455801368 17.98453922569752 8.278887003660202 10.46329522132874 1344.454031653702 2.908529490232468 362.0933412611485 1164.92781958729 1550.628027521074 284.0886712819338 1.551412597298622 0.4686519652605057 12.6221999078989 0.4605381637811661 0 2.318939857184887 0.6311958730220795 0 0 0 1.408039018511772 0 1.172110863029957 0.1018811836838722 2.298311665654182 0 7.898859910666943 0 0 0 0 1.97275660187006 0 0 1.688490010797977 0.11102544516325 0.1093231588602066 2.19212880730629 7.464564129710197 34.63442379236221 47.01517151296139 3.138459965586662 0 1.63506867736578 8.468870788812637 0 0 0 0.4776197075843811 2.378161959350109 4.808454073965549 2.001750104129314 0.2060175091028214 0.5414238572120667 0 0.4948342740535736 0.2882807031273842
23.54728308320045 16.43671152740717 356.7869331240654 0.8790091648697853 0.2510165050625801 4.715840145945549 12.23973069339991 67.54428699612617 2.12456351518631 10.5990727096796 871.4281535297632 4.560123406350613 2.28322809189558 106.2604990899563 0.2691259533166885 1.854381546378136 1288.158440887928 1794.867041490972 1021.137209549546 2.871372804045677 82.374720223248 1.754924781620502 896.3722182586789 7.288430690765381 1.116346806287766 3572.518687792122 1110.224424764514 9.639500178396702 165.7927016019821 295.7614999711514 1.654755234718323 5.847362041473389 17.77792829275131 2160.063223838806 2.402427993714809 201.1645098775625 252.7614520713687 1427.096064895391 176.113142028451 1.410822451114655 0.1674044877290726 0.629748061299324 1.790223255753517 0.09979300945997238 18.52788357436657 1.942214176058769 0 0 0 1.29515764862299 0 1.388514630496502 0 0.236100897192955 0 1.111939206719398 0 0 1.468184351921082 0.4243752062320709 0.2009153589606285 0.3160300552845001 0 1.219710670411587 0.3849417567253113 1.107664607465267 3.712070465087891 2.534327313303947 104.4392930418253 108.1345514431596 1.743685513734818 0.2268359363079071 2.468676812946796 0.1789432615041733 0 0 0.2329031825065613 0.3570275604724884 1.093211732804775 2.888729065656662 1.278855219483376 1.221576243638992 0 0 0.09471791982650757 0
6.163871824741364 0.1022977828979492 1.342272162437439 4302.987096168101 2.389429301023483 407.8659420311451 269.207980029285 371.2125374600291 961.5399228483438 4250.571015976369 30.96113517135382 4790.205734148622 1.301878660917282 273.1396490931511 36.00678788870573 0 0.4637523368000984 4.172132700681686 2.871372804045677 968.9828259795904 1.70656368881464 0 1.381078138947487 926.397199228406 0.2534417882561684 7.00219489634037 1.895203396677971 3169.709883034229 214.374996483326 8.202830381691456 0.1738080233335495 31.23193358629942 4.784892328083515 158.671999707818 4.758039392530918 268.8297199159861 10.59497919678688 253.6717635542154 59.68174687772989 54.04929684847593 8.413715600967407 1.686344929039478 3.993399515748024 0 0 0.3318367823958397 187.45678281039 0 14.77620726823807 164.1224754005671 1.183803305029869 354.2562376186252 153.7586228996515 0.3040550947189331 72.35532019287348 0.1159311234951019 0.7039890214800835 0 1.008816689252853 0 0 0 187.3111236914992 0 1.344321548938751 0 115.0609917491674 0.1335050612688065 0.08910917490720749 0.2688047513365746 148.0018469318748 0.9950907975435257 1.049144342541695 0 0 0 0.3644201532006264 1.165437027812004 6.948780134320259 0.2521434649825096 2.620769560337067 1.350916638970375 72.18104910850525 0 0 0.6759833693504333
10.30336951464415 8.38230549544096 522.0316015034914 0.5833116993308067 0.2584595084190369 3.786542907357216 272.511456951499 28.32845345139503 24.01696313172579 5.520236693322659 24.83582820743322 0.4606798812747002 0.599353663623333 33.24084730446339 0 1533.316086985171 470.8835594654083 19.36352155357599 82.374720223248 1.70656368881464 11236.16077393293 198.5015449970961 12100.09158526361 281.3692916482687 1.656927973031998 34.40967386960983 839.9018234536052 4408.840954206884 209.1227377206087 9502.220489911735 0 4.069873847067356 102.8052578642964 3171.575518369675 309.2214338034391 7504.312023639679 569.2924780026078 5236.990853838623 5327.015618443489 56.40836939960718 16.53499191999435 3.622449427843094 45.56643233448267 2.904846258461475 0.3100073859095573 8.588831223547459 0.9245799258351326 0 0.5274100229144096 16.53509552776814 0.9025917127728462 47.07906714081764 3.072662129998207 0 0.1122735515236855 0.214031420648098 3.129269808530807 0 408.5223485305905 0.5995946750044823 0.25709118694067 0.1050172001123428 0.3785673379898071 407.4988049268723 358.2596907168627 329.7908846512437 190.1039185747504 0 0.9135796427726746 23.85728986561298 178.9151804000139 10.28806162625551 164.9784107804298 0.1113673448562622 0 0.5310038030147552 2.286001518368721 28.86705578118563 85.99968529492617 0.8853522911667824 5.506378307938576 9.582349449396133 1.509917259216309 0 0.1492666900157928 0
0.1315168738365173 1908.226190619171 51.21510825306177 0 0.3077970743179321 0.9223342537879944 8.126994669437408 4.397672101855278 4287.058172889054 0.1395447701215744 29.45795807987452 10.46871476620436 126.9650981426239 2.978212296962738 45.7911557033658 4072.526926711202 7.446503341197968 0.8965790644288063 1.754924781620502 0 198.5015449970961 1234.311447456479 680.7666112706065 8131.193369798362 430.0382339060307 84.74013718962669 4687.271985925734 283.3655027523637 5.880331173539162 34.52281346917152 34.15265806764364 0 0.8906150162220001 10.25977511703968 1.89490519464016 124.9149508029222 29.50833362340927 35.09389861673117 58.85114461183548 26.07383877784014 0 23.88995619118214 1.170217528939247 0.332810178399086 12.60084254294634 96.84162719547749 0.3754277303814888 0 0.7431419119238853 19.19942924380302 0.8454660475254059 18.02538069337606 3.054712653160095 0.5835765823721886 0 4.120824091136456 0.35274937748909 0 896.1884075775743 0.276283860206604 0.5420562922954559 0.196542464196682 0.1559499800205231 221.2322765439749 393.9936411902308 640.3507548570633 271.460671029985 5.891969777643681 11.58678091317415 1311.522204898298 91.42383427917957 3.755123972892761 75.26623862236738 2.296253748238087 0 0.4347292333841324 1.637371219694614 1.176969513297081 31.89590348303318 3.943257749080658 9.920459672808647 7.634115934371948 0.3917610496282578 0.1104721352458 0 0.1944048404693604
35.3682935833931 15.86524371802807 8475.013477921486 0.390070915222168 0.3152800053358078 7.549587085843086 651.9816676750779 70.97558029741049 32.37007936835289 5.552768625319004 98.50245926529169 1.674508012831211 2.56207425147295 88.43670243769884 0 4628.320159733295 1746.80998955667 136.9523487016559 896.3722182586789 1.381078138947487 12100.09158526361 680.7666112706065 8747.483953148127 579.991219215095 1.891977183520794 1793.264636129141 10156.83268995583 2990.931085005403 94.67431922256947 6688.766732797027 0.5149809867143631 2.489424638450146 33.60610355436802 3144.827934868634 211.4402465224266 8605.192574478686 2221.884364232421 7894.681631572545 8282.077794387937 190.3971547186375 31.41546522825956 5.205424025654793 72.90350855141878 2.203072011470795 3.159386098384857 444.0176168456674 0.280769944190979 0 0.9072990715503693 58.53061784803867 1.99249754846096 17.84397047013044 1.861166439950466 0 0 0.2402576953172684 4.916866347193718 0 1423.825794428587 1.020134925842285 0 0 0.4715796113014221 131.6137832775712 970.5404157117009 1971.251008689404 82.67443791776896 1.091313816606998 9.981196761131287 1969.38928283006 66.92099963873625 2.752150155603886 61.12809209525585 0 0 0.7094258069992065 2.929453745484352 39.25070770829916 106.2993138357997 12.10892940312624 25.74729969352484 25.0323289334774 3.488609209656715 0 0 4.915357425808907
17.99519722163677 931.9644659534097 67.43164667487144 1784.469178296626 13.22634955495596 175.6333088055253 2350.137054741383 194.3125030994415 11626.34744220227 431.28191729635 28.07957150042057 557.3167173042893 33.27535569667816 196.5302077978849 1219.953212164342 1909.509193509817 42.20744370669127 4.800017185509205 7.288430690765381 926.397199228406 281.3692916482687 8131.193369798362 579.991219215095 7989.765171408653 109.0050125420094 78.40388458967209 4590.302525393665 9389.025864079595 641.4252643734217 945.4205729663372 10.82851549237967 33.06244962662458 191.6830984279513 416.0184255242348 98.7860115468502 2548.043558910489 85.1733969822526 889.78229367733 432.6648939847946 507.7205232158303 16.34364403039217 7.161521062254906 23.54000036418438 18.58669689297676 8.643966175615788 46.61779955774546 174.4396629780531 0 27.02747680991888 1031.608834512532 29.45230959355831 1145.532994367182 236.2855037897825 3.292192123830318 90.4375422000885 2.262739472091198 50.63848558068275 0 197.3441023901105 1.804030701518059 0.4653122201561928 0.1193804070353508 197.0469712018967 252.4850166812539 218.755848556757 110.6843647584319 1094.020239293575 3.929272599518299 12.03095741569996 181.00450014323 1335.228866137564 57.47144396603107 419.8802220001817 1.265631787478924 3.92166805267334 2.417105242609978 29.23940618336201 14.02480924874544 155.9779154807329 4.521037600934505 49.08950856328011 31.3353968039155 115.4267352968454 2.497873336076736 7.998022802174091 1.852114975452423
0 927.9972526803613 0.520278736948967 0 0.7138255387544632 11.80813316255808 8.796019203960896 3.073505647480488 94.97800289839506 1.626220919191837 1133.268606387079 6.029085032641888 4490.934101715684 0.6129992753267288 1.798975221812725 18.80819588154554 0.9084305614233017 3.662230350077152 1.116346806287766 0.2534417882561684 1.656927973031998 430.0382339060307 1.891977183520794 109.0050125420094 602.2747751697898 231.006076708436 3163.32610680908 10.27383542060852 4.921179339289665 1.328350655734539 462.8734819293022 4.284087710082531 0.2828341871500015 678.9548265486956 7.948746621608734 375.6715914830565 833.6913779824972 724.5966032743454 50.43456289917231 174.6821205168962 27.39488738775253 1165.555332809687 16.44750773906708 0 78.68769876658916 0.2181174382567406 0 0 1.327999010682106 14.75863111019135 1.644822031259537 4.049913674592972 3.88342310488224 85.17640905827284 0.8820404931902885 543.3440094441175 1.590538769960403 0 2.860462486743927 0.3210802376270294 7.785867221653461 0 1.890528798103333 0 5.19144494831562 0.1657852232456207 3.359715543687344 199.9315443709493 177.1643806099892 669.1462365165353 8.278275862336159 0.4148619174957275 6.123018383979797 84.11943320184946 0.3319433256983757 0 29.48302283883095 0.795650452375412 279.3186472356319 67.24175406247377 173.956847332418 49.44363805651665 50.06363065540791 4.622951030731201 43.45992168784142 4.23427152633667
52.74381650984287 735.0674452260137 4904.317916102707 1.808234140276909 0.5539125725626945 19.70003465563059 94.39186178147793 161.9532707110047 40.27694479376078 32.7457725033164 2630.736216850579 14.44865618646145 170.2227084115148 215.9358575716615 1.152550004422665 15.11054860800505 1430.20770162344 2995.169169157743 3572.518687792122 7.00219489634037 34.40967386960983 84.74013718962669 1793.264636129141 78.40388458967209 231.006076708436 24965.73915326595 10459.02162782848 39.71759733557701 196.0457509309053 720.4667871072888 275.1556863859296 19.22439330816269 15.42357344180346 1733.619017146528 23.90792176872492 2383.438978753984 7980.127993002534 4885.604242034256 1119.765804924071 12.72402507811785 2.570479296147823 224.3030380606651 9.380818650126457 0.5330252572894096 582.1813967823982 74.46967838704586 0.09498754888772964 0 0.2219481840729713 16.67642170190811 1.537882402539253 5.039267793297768 1.043584600090981 201.396607093513 0.08438808470964432 633.8175569623709 2.63873153924942 0 13.24012026190758 8.65034968405962 169.8405179828405 23.88369800150394 0 6.013293452560902 13.96478028595448 9.288366355001926 26.709393016994 795.8694946020842 3157.619225636125 5071.021438583732 11.64463137835264 0.9300702437758446 5.789134569466114 333.5645937696099 0 0 17.3780363202095 5.174874179065228 25.37778478860855 291.8359446153045 48.72277123481035 11.73781755566597 0.6420803219079971 0 12.74828288704157 0.485836923122406
5.274420559406281 7397.737003736198 8365.583327881992 1.107062496244907 0 7.324306324124336 254.6321940943599 23.28357378393412 768.5292005613446 11.66421854496002 1502.644790887833 6.840103678405285 3166.518308117986 33.77849237620831 10.03635351359844 4219.714394636452 4725.374473772943 495.3511331528425 1110.224424764514 1.895203396677971 839.9018234536052 4687.271985925734 10156.83268995583 4590.302525393665 3163.32610680908 10459.02162782848 35884.28712677211 1639.69312274456 62.57485184818506 192.5523959770799 1291.722344122827 5.186799831688404 14.86129584163427 2457.212015651166 152.8485421463847 7921.704110056162 5206.167865142226 9103.080758281052 3735.892753586173 120.6914203986526 12.54425057023764 130.5959297269583 42.20367008447647 3.16144085675478 1340.915653824806 2203.38512622565 0.2221983522176743 0 0.3973204344511032 83.96357194334269 6.274330966174603 23.45778907090425 5.556309744715691 164.3945819064975 0.5106741189956665 450.0063937529922 12.65834365040064 0 716.6525888592005 20.51298232376575 146.6747954636812 23.36185832321644 0.3990814834833145 56.05988300591707 1600.053000576794 719.1207647547126 121.9522743672132 1011.395703330636 4092.657188862562 17425.87390301377 62.04924169927835 5.915952309966087 39.10392352938652 311.2814389839768 0 0.5810451880097389 35.69405713677406 31.40627938508987 154.3632744178176 351.0008269175887 126.7054251879454 52.50394170731306 2.634174436330795 0.5861103087663651 16.02715709060431 3.33214545994997
42.68591455370188 39.71318674832582 299.7598242536187 3408.853881813586 2.887035831809044 276.8015052899718 19476.67515316606 268.659205339849 1817.054399564862 4086.524389594793 35.30392555147409 334.1229614317417 3.196703135967255 318.7512048706412 54.28580720722675 2102.356062874198 39.06083253771067 9.324086673557758 9.639500178396702 3169.709883034229 4408.840954206884 283.3655027523637 2990.931085005403 9389.025864079595 10.27383542060852 39.71759733557701 1639.69312274456 25059.49766014516 882.0863702148199 7789.435008309782 1.246830396354198 28.9385679140687 230.9365183413029 784.6655133441091 142.2341309562325 2954.522010087967 44.55240435898304 1546.701475054026 704.3362217098475 78.14122242480516 23.80066854506731 11.31452856212854 32.37032938748598 33.97334933280945 1.710195071995258 20.99257485568523 188.5329576805234 0 36.09871039539576 1095.891276247799 23.0425117239356 789.9752251952887 258.3452171385288 3.34736006706953 54.65915441513062 0.1839272603392601 56.51156767457724 0.8706527799367905 131.1053235828876 3.714411124587059 0.7185224890708923 0.2902744933962822 196.868597894907 246.6433338746428 122.9056398943067 49.08373737335205 1082.222112886608 7.185780145227909 3.184293106198311 46.8846036568284 1397.168626256287 77.70936678349972 549.6395727694035 0 1.533430047333241 3.80312218517065 27.07296783477068 21.5772282704711 169.4722618833184 4.027283392846584 45.22558347135782 32.96797118335962 122.1182394400239 2.627374067902565 2.020172402262688 1.360600084066391
3329.952582649887 1.101095855236053 98.98176345974207 154.7485941648483 79.24619064480066 585.3337812274694 1478.102134421468 1625.577134415507 70.56738344579935 934.6112501770258 270.4478062987328 240.227634228766 7.143159508705139 8029.189053550363 19.31019335240126 18.94643042981625 221.74054017663 94.35043311864138 165.7927016019821 214.374996483326 209.1227377206087 5.880331173539162 94.67431922256947 641.4252643734217 4.921179339289665 196.0457509309053 62.57485184818506 882.0863702148199 17524.35443615168 5093.362046696246 0.887056015431881 2316.523411147296 2792.868325978518 2423.044092461467 74.61042102426291 820.3838106542826 121.8271726071835 1583.652369476855 132.8036473095417 90.57746026664972 15.57620326429605 14.96318892389536 7.936174876987934 1.840968415141106 0.2280716001987457 1.20626849681139 5.490983702242374 0 1.680468164384365 105.6753774061799 2.580044120550156 47.00368820875883 6.370595298707485 0.5435905456542969 1.280937045812607 0.6117888912558556 5.72428572177887 0 10.03554628789425 0.315388560295105 0 0 4.230959132313728 22.98279506713152 9.390042059123516 4.682271227240562 90.03595918416977 4.402799651026726 0.6114655286073685 7.391758777201176 130.266452126205 7.778993837535381 57.73781318217516 0 0.6082843542098999 0.52510666847229 3.386623568832874 4.578136801719666 16.55697776377201 1.651366919279099 8.660127341747284 5.76698612421751 6.460021033883095 0 1.459541775286198 0
