1622.500649258494 0 24.29994755983353 2.876713387668133 0.9484208896756172 20.83416274189949 2300.499740079045 782.0081833302975 2.966623723506927 26.95809015631676 7.186498679220676 2.785574078559875 0 6714.674853347242 0.2908982187509537 0.1278025358915329 368.5056136325002 6.598697312176228 51.79477666318417 5.996006302535534 66.60631401836872 0.1171090975403786 170.7708809822798 37.56854736059904 0 29.47555533051491 12.1461610943079 98.31181436032057 3628.871076904237 2594.46541275084 0 5.966685324907303 74.78287956118584 122.3936243131757 0.399744912981987 31.46934041380882 10.2867396324873 66.73066948354244 8.897667437791824 3.143335297703743 1.389531224966049 0.1831500679254532 0.1670136749744415 0 0 0 1.258958160877228 0 0 1.009907968342304 0 2.798902735114098 0 0 0 0 0.2983763813972473 0 0.2120251506567001 0.1028584390878677 0 0.35508893430233 0 0 0 0 3.122335396707058 0 0.5581250116229057 2.221398465335369 3.411200299859047 0.1059590876102448 0.411258727312088 0 0 0 0 0 0.4772224128246307 0.1252284795045853 1.089111641049385 0.5051006227731705 0 0 1.955927491188049 0
0 104.6479007676244 10.32780288159847 0 0 0.2829498872160912 3.069030687212944 0.2046171426773071 483.8639702126384 0.606182873249054 127.5374987795949 1.121760740876198 1005.023857980967 0.2690617442131042 4.375276438891888 116.6159864738584 5.393855363130569 1.964565932750702 5.781720966100693 0 14.64914558827877 1842.14110878855 7.682753160595894 995.3959953188896 2340.011557281017 75.33446208387613 4575.409476354718 70.92479904741049 1.291167922317982 2.359658256173134 4.006445109844208 0.2677009701728821 0 8.577758751809597 0 21.40469748526812 181.5205948352814 61.66075893491507 13.01282240450382 22.62278082221746 0.9405501037836075 289.733871653676 0 0 57.41249789297581 32.80367922782898 0 0 0 0.7848190069198608 0.2285355255007744 1.019349403679371 0 2.00182168930769 0 16.31205348670483 0.09410934895277023 0 1.223702400922775 21.05678571015596 0.8269272372126579 12.29340363293886 0 0.09256462752819061 5.047892287373543 1.704351752996445 2.991984523832798 1.809725150465965 69.72158635407686 513.9350998550653 0.4596924334764481 0 0.130716010928154 2.348124325275421 0 0 6.604360818862915 0.9522276818752289 13.81683449447155 20.97723427414894 18.38428390771151 5.533717662096024 0 0 2.483850121498108 0
24.29994755983353 10.32780288159847 4966.23144748807 0.6055891439318657 0.9428693652153015 34.34495992213488 1768.33047606051 613.0212687626481 1.687096670269966 22.32441545277834 19.77910523116589 0.9418608173727989 2.206835329532623 377.9544420912862 0.2658323496580124 7.695704393088818 11309.10733439773 34.97905369102955 513.7022887170315 1.000703752040863 1629.286994546652 5.52489822357893 8976.761841632426 41.32103988528252 3.197436437010765 4392.871754109859 3491.02815130353 581.419693544507 53.57868304103613 209.3646069839597 0.17713862657547 4.506913140416145 6.126732379198074 1030.545826144516 53.85383728146553 2012.968061819673 2779.382115609944 2079.876998141408 955.3329678177834 148.3650747016072 18.60589718073606 3.720111787319183 16.90518136322498 1.149075016379356 73.97697158157825 891.4004338234663 1.209254145622253 0 0 7.157309778034687 0.4776159152388573 2.74125736951828 0 1.128226965665817 0 0.403986319899559 1.40010292828083 0 21.36013573408127 200.7567743435502 0.4483621269464493 30.38070932030678 0 5.691209383308887 15.97226002812386 85.36959129571915 16.79633252322674 0.3338398188352585 40.7444536164403 1725.841786175966 7.058325164020061 0.9087053164839745 2.274998486042023 0 0 0 32.06793117523193 5.67637911438942 71.68649712204933 43.06193572282791 83.1419499963522 39.89279392361641 1.247627049684525 0 0 0.8160302639007568
2.876713387668133 0 0.6055891439318657 3917.776552699506 1.287286154925823 108.1019705459476 197.0015001296997 66.73296386003494 547.2940315380692 4297.963320910931 2.378567695617676 282.7530034482479 0.8138259723782539 84.88744176179171 75.56319819390774 0 1.502494379878044 1.204568482935429 1.098005019128323 4922.901176914573 0.1935997232794762 0.5256828367710114 0.7024125531315804 3239.007111951709 3.751941084861755 2.439423114061356 0.5790136381983757 3882.151893049479 99.52145925164223 0.6459480151534081 0 1.979681059718132 2.339014247059822 55.73633426427841 4.886918723583221 362.3519083634019 5.448316723108292 116.1982625797391 69.71002602577209 221.5622657909989 7.583181954920292 0.5746290609240532 5.59556956589222 0.4995533525943756 0 0 105.7263324782252 0 16.8213304951787 166.1602568253875 22.35478103905916 158.9023418277502 23.94958873093128 0.1911808699369431 75.06138469278812 0 7.108996756374836 7.810174897313118 0 0 0 0 104.0082076191902 0 0 0 254.8554110229015 0 0.1324795037508011 0.5252490043640137 403.4250613376498 4.452241145074368 0 0 0.6533284783363342 0 2.359451726078987 0.4310475587844849 93.0854761749506 0 6.703937724232674 1.668501935899258 226.2911763936281 0 1.850734233856201 0
0.9484208896756172 0 0.9428693652153015 1.287286154925823 3.412671685218811 673.8395724594593 5.950043953955173 60.07897890359163 22.81864550709724 16.92101467400789 140.1511427685618 99.2188486084342 11.55941119790077 19.32061173766851 852.9403599724174 0 4.10159470140934 27.99307111650705 27.59228654205799 13.44490844756365 0.7741650715470314 0.1338043510913849 1.01911323517561 19.33471830934286 0 44.52913952618837 12.85552471876144 5.292821280658245 105.4650812372565 0.6437738165259361 0 75.18761105835438 0 1130.423175737262 0.3422895669937134 51.62958917766809 6.66001919656992 287.4365222752094 116.7070692926645 2036.521671094 208.5234054177999 1.939025610685349 2.873396903276443 0 0 0 0 0 0 1.166282400488853 0 0.3888516873121262 0 0 0.257899284362793 0 0.2163556218147278 0 0 0 0 0.1214456409215927 0 0 0 0 0.282244861125946 0 0.9222824200987816 2.079332336783409 0.2829367369413376 0 0.1401480585336685 0 0 0 0 0 2.10124845802784 0 0 0 0.3773060441017151 0 0 0
20.83416274189949 0.2829498872160912 34.34495992213488 108.1019705459476 673.8395724594593 15265.87150574848 1120.230574212968 5367.224822640419 84.44708172976971 9992.58215393126 248.0955128744245 5373.770116366446 42.17276170104742 1157.302516330034 1775.622627049685 0 82.32996124774218 67.69335604459047 44.81052097678185 1239.42761632055 6.066732436418533 0.4650566428899765 27.05242104828358 147.8767140284181 3.323812559247017 102.5366788506508 34.63587715476751 1071.147557020187 282.2669867649674 23.81850944459438 1.77194731682539 250.572279445827 2.89092793315649 592.1925849616528 3.907007083296776 543.6644026339054 36.78020537644625 903.3339958712459 217.3759376257658 3699.50930929184 290.8833287879825 18.25402397662401 10.20010671019554 0.1287601143121719 0.2135524228215218 0.1223153248429298 14.05940493941307 0 2.463854447007179 49.9751672744751 10.3639767318964 22.01691628992558 5.292948521673679 0 27.23915587365627 0.21180459856987 2.622531801462173 1.6161979585886 0 0.1468110382556915 0 0.2620205134153366 19.51366716623306 0 0 0 57.82542154192924 0.1463443487882614 1.286093160510063 2.246273502707481 90.7175891622901 3.489125140011311 0 0.2552298307418823 0.1362262666225433 0 0.9566794857382774 0 17.92001637816429 0.3069242835044861 2.144428506493568 0.1952149122953415 26.54444381594658 0.119528204202652 0 0
2300.499740079045 3.069030687212944 1768.33047606051 197.0015001296997 5.950043953955173 1120.230574212968 24268.3326093033 5602.225273817778 548.0727496743202 5324.728811360896 19.47177590429783 36.05960476398468 4.597907654941082 11307.61914727092 37.66366880387068 4.122985735535622 1173.271943770349 14.74432823061943 82.49392241984606 71.02733177691698 873.8548559993505 18.72441735118628 1971.687271982431 3171.96624288708 3.210684441030025 615.6490119025111 154.5191065296531 27384.15769905597 1485.240894198418 7635.53542689234 0.08737140893936157 18.31601452082396 102.4030946940184 508.8801365718246 30.16247002035379 1666.145724438131 138.2428652569652 885.2413802593946 561.0034628659487 175.0455922484398 23.54635038971901 1.688637599349022 14.79428359866142 2.268964178860188 0.5449408143758774 5.984260641038418 27.22548644989729 0.7204796522855759 9.589882470667362 208.6111160591245 44.93074411898851 104.6813170015812 18.79286553710699 0.7752436175942421 6.117127127945423 0.151692658662796 22.2186159491539 2.279644511640072 15.18343158066273 2.102113984525204 0.1182068511843681 1.368889734148979 37.89911129325628 5.556009128689766 8.359776951372623 10.2782551497221 332.7655862346292 0.1838535368442535 3.310775615274906 24.47097717225552 341.8809830844402 11.71783411502838 2.143906816840172 0 0.6109556332230568 0.9608504623174667 3.777123183012009 1.928392171859741 73.22058679908514 1.915443822741508 18.65639181435108 5.830437682569027 22.27994132041931 0.1295055001974106 1.502752184867859 0
782.0081833302975 0.2046171426773071 613.0212687626481 66.73296386003494 60.07897890359163 5367.224822640419 5602.225273817778 17680.13537628949 70.04683779925108 5175.283365987241 160.6455717757344 787.316258199513 15.93863806128502 5749.649215489626 37.51172261685133 0.5365842580795288 2061.737021848559 59.17390758544207 249.3292896300554 683.7062306925654 154.2820753529668 2.967312231659889 700.9546841159463 179.9412680640817 0.831071250140667 447.085013307631 92.29721969366074 622.4608927592635 464.9693496152759 1013.938550233841 1.208151265978813 111.2913035824895 16.70459716767073 343.4455082789063 3.853340059518814 365.7047861814499 153.5601569414139 489.5373508930206 146.3823899403214 696.2919616550207 56.54720108956099 4.66577435284853 4.720317058265209 0.2652125507593155 0.9716375395655632 0.7145231440663338 4.918633505702019 0 2.27570254355669 58.25455805659294 10.65048202127218 20.17593784630299 4.129600524902344 0 14.02677961438894 0.6320582628250122 4.755586072802544 0.1383301168680191 1.044877856969833 0.9896154329180717 0 1.878421939909458 4.957527548074722 1.477154523134232 0.8272400498390198 0.1525065898895264 94.88369719684124 0.1383476704359055 2.986242711544037 12.96122539043427 87.91217765957117 4.222378306090832 0 0 0.1012479290366173 0.6344340443611145 2.621804408729076 0.4820378869771957 25.42343860864639 2.142263479530811 7.649629540741444 0.8102976083755493 6.413603574037552 0 0 0
2.966623723506927 483.8639702126384 1.687096670269966 547.2940315380692 22.81864550709724 84.44708172976971 548.0727496743202 70.04683779925108 1319.722975179553 220.9535901993513 21.38153029233217 224.56204213202 78.45063343644142 32.50113427639008 700.5892158523202 102.5375009477139 2.385584458708763 0.9385872408747673 2.284792974591255 411.6406686529517 95.30288698524237 3176.412389591336 23.09414112567902 13040.01339717954 138.1804692074656 25.2975527793169 696.7206428125501 1965.497014284134 38.65223368257284 13.45648511499166 0.4543398767709732 1.811383798718452 5.555662423372269 29.92297407984734 2.194202274084091 315.2805521935225 25.59934917837381 56.31798620522022 36.76253867149353 378.0883886814117 7.718136750161648 15.36615892499685 5.844762593507767 6.19218598306179 5.0235950127244 1.01787992566824 91.04409842938185 1.145011581480503 20.14253880083561 408.5372588336468 82.79299687594175 118.1358253136277 44.69921696186066 2.036569312214851 27.10425405949354 1.836740076541901 33.99532344192266 4.812730625271797 206.2758908420801 0.7153865247964859 1.762721985578537 1.660938791930676 97.84525043517351 111.57496355474 47.21663086116314 36.2186241671443 1349.813419982791 2.112249404191971 6.145856760442257 16.04888937622309 894.0344276726246 53.13998529314995 38.98914156854153 0.1170386373996735 1.052845150232315 5.623953081667423 16.46483545005322 2.021763801574707 143.7043713852763 3.905950076878071 46.5221793204546 15.44980559498072 84.10168517380953 1.709651075303555 0.2814839482307434 0.5873768702149391
26.95809015631676 0.606182873249054 22.32441545277834 4297.963320910931 16.92101467400789 9992.58215393126 5324.728811360896 5175.283365987241 220.9535901993513 44974.65271573514 56.52774511277676 5794.837453939021 7.905909188091755 1042.467563599348 66.8070028424263 0.3568180873990059 18.3735519349575 21.29852234572172 16.02205420285463 13161.69503187388 8.347356326878071 0.7076596841216087 11.76823917776346 591.9991501271725 1.257432140409946 44.54646319150925 18.29467637836933 8277.563796840608 523.2886954843998 10.57224585860968 0.6925548985600471 42.09079479426146 6.70486631244421 354.4270978942513 8.940323561429977 928.856602601707 23.72437539696693 679.3754334300756 185.1137814745307 234.1144917681813 63.34432429075241 6.472410425543785 11.90127744525671 2.216198928654194 0 0 114.3295459523797 0.2088877335190773 14.57505333423615 162.8742889016867 29.49761361628771 66.63139332830906 23.32268673181534 0.2783242017030716 56.78503059595823 0.1744263023138046 11.36592572927475 1.730556316673756 0.4381144866347313 0 0.125436395406723 0.3603160977363586 51.6293810158968 0 0.6300527453422546 0.7602148056030273 185.3597914725542 0 0.3893595859408379 0.8134533315896988 276.0010465309024 5.81120703369379 0.6780253350734711 0.1008741110563278 1.112615622580051 0 2.570691473782063 1.356060862541199 38.51749663054943 0 12.02551358193159 2.678934261202812 65.66968107968569 0.3512828946113586 0 0
7.186498679220676 127.5374987795949 19.77910523116589 2.378567695617676 140.1511427685618 248.0955128744245 19.47177590429783 160.6455717757344 21.38153029233217 56.52774511277676 16104.78250022978 98.76106707751751 2632.865593098104 236.6593326553702 1.963646426796913 1.029612086713314 522.8411464616656 6294.933442004025 1076.907903105021 56.35129349678755 12.96641149371862 90.70987375825644 18.71583339571953 28.12256171554327 476.2103000581264 3339.115015104413 791.0402789190412 21.52810578048229 576.4351297318935 17.32999435812235 142.9591632112861 496.5719542652369 17.98820759356022 10076.46514993161 18.0151598751545 938.6974466964602 5886.591534204781 6690.605166129768 1209.216010689735 95.36808560043573 197.664008371532 1070.658648699522 3.902698211371899 0 11.36012672632933 1.982804864645004 0 0 0 0.5188463628292084 0 0.8962238132953644 0 138.9833743721247 1.119111128151417 1136.479866497219 0.202384740114212 0 0 2.290585868060589 21.71216182410717 5.155843861401081 0 0 1.246291853487492 0 1.298078157007694 110.585389085114 83.91879849880934 167.9153955131769 0.5308017581701279 0 0 78.88298947364092 0 0 4.977269031107426 8.255721971392632 21.79342196881771 506.7638022899628 26.60197782516479 1.247105665504932 0.1674658507108688 0 122.4222307503223 0
2.785574078559875 1.121760740876198 0.9418608173727989 282.7530034482479 99.2188486084342 5373.770116366446 36.05960476398468 787.316258199513 224.56204213202 5794.837453939021 98.76106707751751 9046.106572508812 11.86910035461187 584.0960048511624 2172.249978117645 0 5.77639976143837 37.6436897367239 20.16465413570404 7807.280977465212 0.5994760766625404 8.739152133464813 1.500260941684246 542.7085179239511 0.3999094516038895 51.27127610146999 19.42700378596783 173.7281068488955 346.1795634329319 1.460456721484661 1.137040093541145 77.42675576359034 0.4590642899274826 371.4740579873323 0.8842270970344543 818.6578533425927 17.45259734988213 783.6325922012329 79.06461918354034 2303.917537145317 89.03467425704002 3.441305540502071 3.823137924075127 0 0.1690936088562012 0 122.0551976263523 0 2.937713146209717 35.94819398969412 4.555406078696251 75.68957933783531 18.62570577859879 0 109.1916774213314 0 0.4311313331127167 6.219525560736656 0 0 0 0.2313694208860397 30.60036674141884 0 0 0 63.69347232580185 0 0.7846636325120926 1.830757990479469 129.4468425363302 1.365988776087761 0 0 0 0 0.977024108171463 0 91.38431596755981 0 0.08778487145900726 0.1461381465196609 157.0946224331856 0 3.261365652084351 0
0 1005.023857980967 2.206835329532623 0.8138259723782539 11.55941119790077 42.17276170104742 4.597907654941082 15.93863806128502 78.45063343644142 7.905909188091755 2632.865593098104 11.86910035461187 2329.503280237317 9.419272609055042 0.6889237612485886 6.213152036070824 4.737273365259171 279.5174099430442 19.00240152329206 9.583627238869667 8.998671464622021 365.1184378564358 18.62605930119753 110.5927985832095 3950.90209633857 953.1400148645043 2317.895447783172 16.35274852067232 14.79294480383396 0.7402528822422028 533.0627947002649 24.18782218545675 0.4774584472179413 459.7508355155587 64.58778210729361 2410.80357015878 7143.193301364779 6488.111787416041 1002.622874565423 115.8687840625644 332.7484506517649 2103.78286613524 30.20932537317276 0.2053156495094299 40.83396153151989 0.11627546697855 0 0 0 0.2275045439600945 0.2402728497982025 2.071025714278221 0.0957060381770134 346.9919294416904 0.2951499372720718 3133.583847001195 0.6886427253484726 0 0 0.3082494735717773 46.82827244699001 7.192243725061417 0 0 4.4115821570158 0.2636716067790985 0.9328931495547295 414.5836345627904 242.6574496552348 607.0907897651196 0.08542703092098236 0.1214201003313065 0.1286826431751251 263.5417847111821 0.1542279422283173 0 7.513030715286732 42.9768114387989 181.7920436933637 1072.047856345773 50.10703390836716 17.13069377839565 10.34380567073822 4.288145512342453 163.1899317502975 0
6714.674853347242 0.2690617442131042 377.9544420912862 84.88744176179171 19.32061173766851 1157.302516330034 11307.61914727092 5749.649215489626 32.50113427639008 1042.467563599348 236.6593326553702 584.0960048511624 9.419272609055042 13838.07294084877 8.511891201138496 0.7257387861609459 1839.900262456387 101.0387422293425 326.0733226761222 624.1340914964676 175.4022515192628 2.032041005790234 736.1674599945545 283.1567033082247 1.122721403837204 380.4936760365963 118.8355082124472 858.2271160855889 4496.380244031549 2329.627301417291 1.446716442704201 306.601178728044 19.99294341355562 981.6865737214684 0.796994760632515 436.6996613368392 93.1137655377388 1032.248002246022 127.3471373096108 181.299117513001 20.66454754024744 2.97359386831522 5.323263056576252 1.341000199317932 1.554526180028915 1.018269442021847 3.800155378878117 0 0.390595056116581 28.86834705621004 5.077636808156967 9.767956599593163 3.17059738188982 0 8.909496016800404 0.1319916248321533 1.993059158325195 0.1325329393148422 0.4752284958958626 1.004591599106789 0.3004190996289253 2.045998468995094 3.075266823172569 0.1618947386741638 0.9090040326118469 0 45.70044250786304 0 5.341984368860722 13.53226038068533 44.49330887198448 2.00047855079174 0.3631740510463715 0 0 0.09389104694128036 0.8036600798368454 0 10.34147809445858 1.304084695875645 3.660579025745392 0.4408906698226929 1.257472954690456 0 0.9681143164634705 0
0.2908982187509537 4.375276438891888 0.2658323496580124 75.56319819390774 852.9403599724174 1775.622627049685 37.66366880387068 37.51172261685133 700.5892158523202 66.8070028424263 1.963646426796913 2172.249978117645 0.6889237612485886 8.511891201138496 558.8015386834741 0 0.3532516732811928 0.5076263397932053 0.2054780498147011 197.6670130640268 0 31.28996581584215 0.3064679875969887 897.3184106424451 1.283063858747482 0.9595086500048637 7.939476549625397 125.8990045040846 23.24367875605822 0.09400177001953125 0 290.4577545374632 0.201686330139637 5.418224662542343 12.55782710015774 160.5948677659035 0.8020382151007652 8.505534045398235 1.246266588568687 1799.244861155748 4.548559553921223 0.295073114335537 0.2946736142039299 0 0.1148792952299118 0 4.899259105324745 0 0 3.295837894082069 0.7361101061105728 24.76392824947834 0.3864212334156036 0 8.852906033396721 0 0 0.9279100000858307 0.6610572934150696 0 0 0 7.65322171151638 0 0.8085601553320885 0.93950355052948 15.90668056160212 0 0 0.3805341869592667 14.92010145634413 0.165718287229538 0 0 0 0 0 19.39717948436737 30.31260807812214 2.975143149495125 0.2124940305948257 17.76113271713257 55.20960359275341 0 0 0
0.1278025358915329 116.6159864738584 7.695704393088818 0 0 0 4.122985735535622 0.5365842580795288 102.5375009477139 0.3568180873990059 1.029612086713314 0 6.213152036070824 0.7257387861609459 0 2364.685492634773 28.82533369213343 0.7308226898312569 4.756062351167202 0 4512.747889861465 2384.822701945901 10458.08261066675 1333.451466411352 17.52732832729816 25.05595139414072 4858.752699531615 1711.107647910714 7.587941139936447 15.90350399911404 0 0.2836831957101822 3.751144580543041 68.96671775728464 12.33868116885424 1663.78231742233 399.490304172039 407.0920126289129 553.0571611598134 123.3265302032232 3.459679543972015 9.21166118979454 15.79612727463245 3.330425530672073 21.9539200514555 98.27650848031044 0 0 0 16.05769900232553 0.9642833471298218 14.26131695508957 0 0 0.7916951775550842 0.9116760343313217 1.005941994488239 0 2724.340718768537 10.22452415525913 0 2.559238851070404 0 360.0204957947135 1045.3401286304 1636.357521064579 259.6363615468144 0 6.671821571886539 909.5223994851112 216.6501906663179 13.12139305472374 52.14359806478024 0 0 0.9392590820789337 4.432630524039268 1.76616932451725 102.9491897001863 9.13811831176281 29.07121387124062 18.79796148091555 7.904573410749435 0.6134834438562393 7.129799485206604 0
368.5056136325002 5.393855363130569 11309.10733439773 1.502494379878044 4.10159470140934 82.32996124774218 1173.271943770349 2061.737021848559 2.385584458708763 18.3735519349575 522.8411464616656 5.77639976143837 4.737273365259171 1839.900262456387 0.3532516732811928 28.82533369213343 2995.033903814852 416.7879385873675 6152.549102246761 6.536729730665684 1029.98130890727 16.68823105096817 3794.311520509422 46.0086216032505 1.113883815705776 9009.32110966742 6582.670832537115 202.3817015662789 1189.625872939825 1995.436018995941 2.532925955951214 19.6597293689847 139.1248415112495 2478.261304721236 13.05266912281513 780.1839664876461 2820.711659006774 848.4409694671631 374.6445964500308 72.03341668099165 9.740080744028091 9.979446493089199 7.030371963977814 0.2277182787656784 23.26784344017506 153.316077940166 0 0 0 2.069170892238617 0 1.282390654087067 0 0 0.1068649590015411 1.185805663466454 0.4526570364832878 0 4.657293803989887 85.26738996058702 1.607832536101341 25.22509731352329 0 2.328425824642181 3.847342140972614 8.398192308843136 6.391926310956478 0.8296658992767334 89.42401053011417 471.1918756961823 2.942426010966301 0.8869691342115402 1.70689594745636 0.30977463722229 0 0 16.8866396099329 2.156264647841454 27.89782577753067 80.35496913641691 47.10000107437372 14.44607663154602 1.018879115581512 0.5527644753456116 0.3042478561401367 0
6.598697312176228 1.964565932750702 34.97905369102955 1.204568482935429 27.99307111650705 67.69335604459047 14.74432823061943 59.17390758544207 0.9385872408747673 21.29852234572172 6294.933442004025 37.6436897367239 279.5174099430442 101.0387422293425 0.5076263397932053 0.7308226898312569 416.7879385873675 1204.029172569513 3748.0826844275 26.59215171635151 6.971473604440689 2.377455420792103 16.80191435664892 3.904801920056343 7.299754127860069 4862.53295404464 550.9215103760362 9.750521048903465 198.4416804760695 18.91785179823637 55.81570202857256 120.5029379278421 9.241374388337135 1498.477432787418 7.299845613539219 1087.427110686898 2034.760246910155 1826.469439394772 692.1943172588944 32.30628961324692 11.84200201183558 20.75430703163147 2.675423577427864 0 3.387817852199078 1.461338192224503 0 0 0 0 0.108367919921875 0.3777134194970131 0 10.85863552987576 0.533751554787159 111.9192219302058 0.09971439838409424 0 0 4.54381912201643 17.61357493698597 17.04099845141172 0 0 0.2433327063918114 0.1249868422746658 0.9879974871873856 15.7122211381793 118.2259725034237 210.1974693909287 0.1539406180381775 0.1513938009738922 0.0997125506401062 30.42858216911554 0 0 2.270755432546139 3.810937568545341 10.26885759085417 58.23851550370455 4.171792253851891 1.356444783508778 0 0 0 0
51.79477666318417 5.781720966100693 513.7022887170315 1.098005019128323 27.59228654205799 44.81052097678185 82.49392241984606 249.3292896300554 2.284792974591255 16.02205420285463 1076.907903105021 20.16465413570404 19.00240152329206 326.0733226761222 0.2054780498147011 4.756062351167202 6152.549102246761 3748.0826844275 4692.085672184825 16.20525535196066 47.73650860786438 12.6856757029891 195.1962606236339 12.73958584666252 8.534079059958458 11333.46915923059 1990.85942080617 22.52492574602365 471.5851897224784 227.7423851341009 6.727550975978374 112.0060425922275 40.93417567759752 3814.773813694715 5.137611508369446 681.0190766751766 2058.636588588357 1385.920680113137 410.0513160228729 24.00539420545101 5.08513505756855 42.31849370896816 0.9357133954763412 0 37.8217304199934 35.36575687676668 0 0 1.10389518737793 2.173067733645439 0.3615449219942093 0.4561486020684242 0 2.807889670133591 0.5687410533428192 12.38236451148987 0.2672862857580185 0 0.5123032927513123 45.34646528214216 5.627751491963863 120.1585830077529 0 2.020489260554314 2.680793136358261 2.840701274573803 1.564498335123062 3.521748870611191 354.6146360486746 652.2370045855641 0.6160679832100868 0.7235943973064423 2.39960053563118 9.692308492958546 0 0 9.808629520237446 1.521328151226044 41.07779181003571 181.0072178319097 33.84361878782511 6.885965436697006 0.8714132755994797 0.6708126664161682 0.3324255645275116 0
5.996006302535534 0 1.000703752040863 4922.901176914573 13.44490844756365 1239.42761632055 71.02733177691698 683.7062306925654 411.6406686529517 13161.69503187388 56.35129349678755 7807.280977465212 9.583627238869667 624.1340914964676 197.6670130640268 0 6.536729730665684 26.59215171635151 16.20525535196066 1464.577828675508 0.4246711358428001 0 1.998170629143715 761.3226076737046 3.533712387084961 36.62401334941387 13.16220030933619 2058.665054984391 440.5010359510779 1.7529137134552 0.8693064525723457 40.84052826464176 1.495517790317535 381.1212164387107 6.148104354739189 1410.988335244358 24.21062882244587 848.1233188807964 178.4530952051282 676.9694827646017 93.57168760895729 2.787666901946068 15.49664780497551 2.687372341752052 1.121810778975487 0 140.2558759972453 0.4009740203619003 14.07537267357111 262.8559176251292 51.77781749516726 164.3670007735491 31.86524201184511 0.5710761174559593 87.80714242905378 0 13.14045617729425 10.44291536509991 0 0.1277797669172287 0 0.3345557302236557 129.5528522729874 0 2.580638945102692 0.4091857522726059 330.4518462941051 0.2361231297254562 0.8157293796539307 1.532504335045815 481.1417703256011 7.514265269041061 0.1444948762655258 0 1.502553731203079 0.145825669169426 3.683914169669151 0 106.9399645924568 0 15.72146099060774 3.407861769199371 272.2241877838969 0.4804708361625671 4.019222736358643 0
66.60631401836872 14.64914558827877 1629.286994546652 0.1935997232794762 0.7741650715470314 6.066732436418533 873.8548559993505 154.2820753529668 95.30288698524237 8.347356326878071 12.96641149371862 0.5994760766625404 8.998671464622021 175.4022515192628 0 4512.747889861465 1029.98130890727 6.971473604440689 47.73650860786438 0.4246711358428001 14817.26782976091 294.3683647289872 26873.14687716216 521.4644137844443 14.94630119949579 272.4132101982832 2029.395594030619 5911.632930636406 312.160582639277 12236.13994291425 0 2.147178761661053 54.85715695470572 3626.512657649815 51.08557116240263 6575.404601559043 769.6127442643046 5636.407236754894 3451.235712334514 295.6442779526114 5.051560394465923 9.02084194868803 73.04618629813194 2.486138507723808 5.158291593194008 23.9241743683815 0 0 0 4.864240556955338 0 19.35894122719765 0 0 0 2.558122158050537 1.346184715628624 0.4624444544315338 434.4321275278926 5.146941266953945 0 0.9441903606057167 0 212.4619561955333 159.0330527946353 132.4046378210187 289.4695492982864 0 2.966217823326588 88.04669529944658 201.1449810862541 16.01898372173309 57.61542526632547 0 0 1.421363636851311 2.352926105260849 1.947940453886986 125.7797330617905 5.697936020791531 14.16254786401987 8.142675295472145 8.480438604950905 2.039915323257446 8.010700523853302 0.1414115130901337
0.1171090975403786 1842.14110878855 5.52489822357893 0.5256828367710114 0.1338043510913849 0.4650566428899765 18.72441735118628 2.967312231659889 3176.412389591336 0.7076596841216087 90.70987375825644 8.739152133464813 365.1184378564358 2.032041005790234 31.28996581584215 2384.822701945901 16.68823105096817 2.377455420792103 12.6856757029891 0 294.3683647289872 1527.924154624343 290.4289121627808 7910.885544076562 786.8099967390299 100.4202303439379 5096.648761287332 506.5664144530892 6.3929383456707 20.44574382901192 2.979313984513283 0.4218367859721184 0.9616176337003708 16.34885371476412 1.533948332071304 83.92014098167419 127.9701578840613 58.9193707332015 20.85675150901079 146.9272835850716 0.6375532075762749 99.7525442764163 0.1515048146247864 0 27.77773136645555 46.4401745647192 0 0 0 3.522738508880138 0.1287798434495926 16.81300370395184 0 0.8589241653680801 0 6.005311325192451 0 0 932.2205481752753 10.82482861727476 0.3528691083192825 5.865022629499435 0 134.7839391231537 120.2115049660206 336.7227627560496 143.3651216179132 0.4564394354820251 31.38821293413639 429.7176485136151 89.27041406929493 4.783470012247562 17.2082210034132 0.5157058238983154 0 0.8510491251945496 2.374522462487221 1.265315100550652 42.25171332061291 10.57786719501019 11.58932451158762 5.608356103301048 0.8293202519416809 0 4.030818969011307 0.3767655789852142
170.7708809822798 7.682753160595894 8976.761841632426 0.7024125531315804 1.01911323517561 27.05242104828358 1971.687271982431 700.9546841159463 23.09414112567902 11.76823917776346 18.71583339571953 1.500260941684246 18.62605930119753 736.1674599945545 0.3064679875969887 10458.08261066675 3794.311520509422 16.80191435664892 195.1962606236339 1.998170629143715 26873.14687716216 290.4289121627808 21490.10791102797 286.291697062552 3.689676709473133 715.0858448967338 8474.021282501519 3552.846419207752 447.0357388034463 3670.1302947402 0.1285664141178131 5.313597828149796 52.13251661509275 2797.551017813385 117.5277893617749 11207.46477752924 7379.62360420078 8953.81243532896 7485.374452590942 1178.281371660531 41.35028812289238 22.24601578712463 184.8013198897243 0 5.85946886241436 432.2211627587676 0 0 0 32.87823960185051 1.778320737183094 2.198109701275826 0.7183393836021423 0.4992204904556274 0.1112825646996498 0.2251683175563812 2.597144477069378 0 2454.638492949307 12.46474322676659 0.6277849301695824 3.481758333742619 0 210.6711137890816 524.9954813942313 2028.45489859581 132.2831699848175 0 5.924096144735813 1946.815456539392 99.39216078817844 2.670550316572189 18.75789603590965 0.1533785760402679 0 0 6.067738130688667 3.153770342469215 144.8040727674961 10.54564818739891 41.91427231580019 34.04520459473133 3.280010864138603 0 1.653328537940979 4.146746516227722
37.56854736059904 995.3959953188896 41.32103988528252 3239.007111951709 19.33471830934286 147.8767140284181 3171.96624288708 179.9412680640817 13040.01339717954 591.9991501271725 28.12256171554327 542.7085179239511 110.5927985832095 283.1567033082247 897.3184106424451 1333.451466411352 46.0086216032505 3.904801920056343 12.73958584666252 761.3226076737046 521.4644137844443 7910.885544076562 286.291697062552 12530.4370123297 219.7661489322782 81.51298033446074 2829.825035855174 8471.493769027293 1066.252715498209 142.9030711501837 0.8837990760803223 5.52181501686573 257.7080867290497 566.8185425922275 55.69914621114731 4224.691082924604 246.5745956450701 1084.161795549095 828.6264371871948 1579.715102754533 25.57374361157417 27.40687143057585 31.63728645443916 18.23800681531429 22.05120038986206 58.88868975639343 181.0257728546858 2.098979160189629 44.14416581392288 888.6679323539138 153.0168627202511 930.4461946189404 69.8999981880188 5.135904707014561 120.2848507389426 2.129787765443325 87.70446438342333 23.01401643455029 221.3039002418518 11.4300732165575 1.18893163651228 4.616020150482655 202.8153702840209 116.0807436555624 135.7134731337428 54.20803998410702 2690.557164691389 0.9683698192238808 16.18767505884171 202.1394738927484 2104.243437938392 146.2472177743912 87.0335326269269 0.5788314193487167 4.499618157744408 16.79946613311768 40.65573746711016 3.916943922638893 569.5068425834179 14.15896224230528 158.3391452729702 50.18911598622799 368.4071833863854 3.187339693307877 18.14444832503796 2.595819801092148
0 2340.011557281017 3.197436437010765 3.751941084861755 0 3.323812559247017 3.210684441030025 0.831071250140667 138.1804692074656 1.257432140409946 476.2103000581264 0.3999094516038895 3950.90209633857 1.122721403837204 1.283063858747482 17.52732832729816 1.113883815705776 7.299754127860069 8.534079059958458 3.533712387084961 14.94630119949579 786.8099967390299 3.689676709473133 219.7661489322782 264.4699817076325 389.9275441989303 4444.785521864891 30.42568261921406 0.6492851004004478 4.998182654380798 51.60074795782566 0.2378129065036774 2.906590774655342 38.18877217918634 4.495035648345947 940.4412003457546 658.8043113872409 582.6488424167037 226.7401099354029 214.7054025456309 136.8287563025951 916.7488799095154 43.39526677131653 0.1850329786539078 65.21423108875751 0.4457181245088577 0 0 0 0 0.09807185083627701 0 0 81.36663600802422 0 695.6087815612555 0.1054425165057182 0 0.09107232838869095 1.148615047335625 4.281412817537785 2.333872631192207 0 0 2.185683593153954 0 0.2465069741010666 137.294906899333 86.20032689720392 479.9788205325603 1.051648810505867 0 0.1208465397357941 56.15926524251699 0 0 2.836689874529839 2.735156357288361 298.4258527234197 124.9028995335102 20.75441996753216 3.002040594816208 81.86716950684786 0 54.49431556463242 0
29.47555533051491 75.33446208387613 4392.871754109859 2.439423114061356 44.52913952618837 102.5366788506508 615.6490119025111 447.085013307631 25.2975527793169 44.54646319150925 3339.115015104413 51.27127610146999 953.1400148645043 380.4936760365963 0.9595086500048637 25.05595139414072 9009.32110966742 4862.53295404464 11333.46915923059 36.62401334941387 272.4132101982832 100.4202303439379 715.0858448967338 81.51298033446074 389.9275441989303 32163.06962385029 10904.23521315306 178.5358398407698 427.2799775749445 84.81587997078896 394.3394839763641 189.1910460963845 13.00495011359453 2744.339234389365 37.67927315086126 3013.426611505449 6195.944543786347 5003.088841304183 1650.738270401955 99.19971066713333 16.06318611651659 114.5399450287223 7.276139669120312 1.423836141824722 206.2819690108299 138.273070499301 0 0 0.1760733276605606 7.539611086249352 1.694415278732777 4.471436768770218 0.08899778127670288 106.8195042684674 0.3689121454954147 1075.5875832811 3.703957073390484 0 5.52183686196804 156.7477829754353 139.7589016109705 407.9017804786563 0 1.967391893267632 15.67253392189741 8.321256808936596 9.295501932501793 254.6056768372655 2003.65428750217 4558.955139346421 2.680248022079468 1.604282528162003 6.523020453751087 274.5103698000312 0 0 39.24423389881849 10.77068471908569 104.4230509623885 654.6006838083267 157.4375375211239 24.52769339084625 2.521970495581627 1.423863112926483 3.845395743846893 0.5234156996011734
12.1461610943079 4575.409476354718 3491.02815130353 0.5790136381983757 12.85552471876144 34.63587715476751 154.5191065296531 92.29721969366074 696.7206428125501 18.29467637836933 791.0402789190412 19.42700378596783 2317.895447783172 118.8355082124472 7.939476549625397 4858.752699531615 6582.670832537115 550.9215103760362 1990.85942080617 13.16220030933619 2029.395594030619 5096.648761287332 8474.021282501519 2829.825035855174 4444.785521864891 10904.23521315306 35376.29776570946 2728.965364947915 226.6360934972763 37.26058439910412 894.4988640770316 72.67365196347237 12.8943282365799 3195.016682758927 134.7336733713746 7240.977771192789 6164.801158130169 7084.18600563705 3111.504758752882 629.0857259258628 43.80727259069681 82.65746260434389 67.81314063072205 5.752017132937908 3871.254733905196 4247.813871249557 0 0.1779070943593979 0.4724152088165283 70.40474292635918 6.27955886721611 15.19831120222807 0.09537570178508759 128.5884714052081 0.4446629285812378 1439.477178215981 15.97082535922527 0.1562774330377579 598.550771355629 1244.111714787781 155.5550152882934 917.3674947321415 0.100148007273674 52.22206748276949 531.3883387818933 1344.526814959943 97.61132893711329 690.8049984648824 4433.671286791563 24113.24926134199 53.69740795344114 8.761456221342087 14.87960844486952 403.5345101878047 0.6751785725355148 0.4533144161105156 257.8630628213286 24.28018769621849 643.3039802536368 1208.307747215033 897.4262378066778 218.3339665979147 13.93497280776501 1.532600358128548 5.606009490787983 2.248298048973083
98.31181436032057 70.92479904741049 581.419693544507 3882.151893049479 5.292821280658245 1071.147557020187 27384.15769905597 622.4608927592635 1965.497014284134 8277.563796840608 21.52810578048229 173.7281068488955 16.35274852067232 858.2271160855889 125.8990045040846 1711.107647910714 202.3817015662789 9.750521048903465 22.52492574602365 2058.665054984391 5911.632930636406 506.5664144530892 3552.846419207752 8471.493769027293 30.42568261921406 178.5358398407698 2728.965364947915 24805.02121326327 2274.210405729711 8921.277334004641 0.3456401377916336 12.29255040735006 622.6496725827456 2057.38894867152 87.323590233922 6265.922291539609 331.6128028407693 3395.078266881406 2066.928194195032 565.2885977253318 58.3934651017189 16.4892735555768 59.00241564959288 15.618906237185 13.51097649335861 83.94009456038475 156.6322936564684 1.750579655170441 29.4046917706728 628.8205883726478 120.8648914992809 476.4180150255561 55.78009612858295 5.022634141147137 61.74224352836609 2.567381672561169 58.35914507508278 16.62623282521963 209.5970417037606 7.335435897111893 0.7242088839411736 1.709159336984158 153.1011425852776 122.1521483510733 109.8513081148267 55.69167629629374 1921.642033003271 0.5740693956613541 5.885350078344345 252.0313434898853 1537.258172608912 113.5518292412162 88.65828165411949 0 2.617315530776978 8.648199081420898 31.15062843263149 6.900694340467453 393.9198410063982 8.129066981375217 98.15128833055496 34.1148110255599 201.6203354001045 2.180343337357044 14.60172915458679 2.426083192229271
3628.871076904237 1.291167922317982 53.57868304103613 99.52145925164223 105.4650812372565 282.2669867649674 1485.240894198418 464.9693496152759 38.65223368257284 523.2886954843998 576.4351297318935 346.1795634329319 14.79294480383396 4496.380244031549 23.24367875605822 7.587941139936447 1189.625872939825 198.4416804760695 471.5851897224784 440.5010359510779 312.160582639277 6.3929383456707 447.0357388034463 1066.252715498209 0.6492851004004478 427.2799775749445 226.6360934972763 2274.210405729711 22944.72345400602 3811.400325931609 2.152546986937523 288.9721887856722 3341.120619423687 4498.680556245148 7.312415190041065 721.4217759519815 125.547908641398 2735.96706495434 413.8073676005006 168.7030576616526 179.7920414879918 3.803745426237583 11.85477788001299 0.9618750959634781 1.57944380491972 2.090050376951694 1.541459746658802 0 1.104695625603199 23.60136418789625 5.09567878395319 11.31219086050987 3.166009478271008 1.395784109830856 5.506577305495739 0.9724747017025948 1.555564604699612 0 1.451963074505329 2.616366885602474 0.2854276224970818 5.030306555330753 2.934746012091637 1.238418631255627 0.6984904408454895 0.673436164855957 79.80331919342279 0.1062120422720909 15.93875584751368 24.39363576471806 53.82922513782978 3.570697166025639 0.8841076493263245 0.1403678953647614 0 0.1161863505840302 0.6941602379083633 0 15.30161564797163 4.404713712632656 5.842953145503998 2.528238460421562 1.652399137616158 0.1933781355619431 0 0
