1762.983819149435 2.53224316239357 186.4714456349611 2.116728074848652 0.1367311477661133 19.19455169141293 1349.142417371273 851.1363535448909 2.723414704203606 83.90443769097328 40.00989435613155 10.28538041561842 5.171473786234856 6240.474377937615 0.4467249363660812 0.6252056956291199 306.1351447477937 5.210744708776474 22.45983355492353 6.892221204936504 18.28255259990692 35.24565459042788 114.5664130672812 93.96670331805944 0.5018342956900597 80.78225049376488 68.05215109884739 115.8462680354714 6069.27732975781 1580.174237437546 0 7.612496398389339 282.9677794128656 497.0025658011436 6.213623523712158 267.4338182806969 21.20496617257595 427.7719269171357 84.18990170955658 14.84110153466463 16.93114247918129 0.3471514210104942 2.222112827003002 0.1534440219402313 0.4786742851138115 1.074064023792744 0.2601777613162994 0 0.1590009033679962 20.61955358833075 1.148187965154648 10.66099919378757 2.15974748134613 0 0 0.3253909647464752 1.549136757850647 0 3.177770048379898 0.09049410372972488 0 0 0 2.925726525485516 0.1573895364999771 1.008548110723495 35.03420859575272 0 0.483557440340519 5.102505333721638 74.93310494720936 1.118744552135468 27.12734358757734 0 0 0 0.5109994038939476 6.334758371114731 14.1640347763896 0.6604085564613342 2.82076021283865 3.088871404528618 2.095019064843655 0.8470977544784546 0 0.3329238891601562
2.53224316239357 49.29330612719059 17.87936378270388 0 0.3651532232761383 0.09532393515110016 8.035550661385059 1.85015083104372 542.0691521316767 0.3685287684202194 39.89811685681343 19.18979949504137 1195.039849869907 5.209489889442921 24.98033431917429 163.3668087869883 26.22945925593376 3.028892703354359 27.49204794317484 0.3366139382123947 5.757056422531605 3066.444187104702 12.0904987603426 955.5933701619506 1292.303304769099 240.4976802393794 4760.080227732658 57.54596543312073 5.809855744242668 23.14315146207809 63.57208794355392 0.1968460530042648 0.3261395543813705 55.04070137441158 0.1203143075108528 97.06680689007044 108.0027609840035 230.1319112852216 58.3711399808526 37.80684150755405 2.79076737165451 119.2414105683565 0.3101820051670074 0.5223855301737785 145.3640356361866 72.32090351730585 0 0 0 0.8200194239616394 0.3054004833102226 1.119196660816669 0 4.05913931876421 0 15.96255192905664 0.2187061086297035 0 5.34914692491293 24.42277096956968 3.698499962687492 19.27077749371529 0 0.6845748797059059 54.07817984372377 6.093489989638329 4.44287484139204 15.84330056607723 251.8403244689107 931.1591213420033 2.974803678691387 0.07420638203620911 0.645177885890007 4.531234614551067 0 0 7.402487337589264 0.3771449327468872 17.34504314512014 28.11788617819548 36.07083324342966 10.07366551458836 0 0 3.212031528353691 0.4190599322319031
186.4714456349611 17.87936378270388 7559.218033246696 3.9220250248909 0 56.9780328720808 1920.877814911306 688.0076427012682 6.378540985286236 62.24209535121918 72.34365314245224 5.556910656392574 19.14628369361162 1012.28763563931 0.7349181920289993 5.814930357038975 6406.287290386856 47.52702629566193 397.9032167047262 2.634232975542545 1336.685912296176 5.042138665914536 11408.57292401046 258.4310220628977 1.812430575489998 7591.528439603746 10836.59200054407 1011.502199791372 161.8038251027465 1792.339001446962 0.4019383862614632 5.160021059215069 12.11940249800682 755.9657134264708 31.69234941899776 2898.308466881514 3285.618197947741 2511.042415484786 412.1590211242437 57.01554749161005 4.617717459797859 26.64696826040745 5.004736676812172 0.5172033980488777 246.216247446835 1095.807991713285 0 0 0.1147343143820763 16.36332385987043 1.310023427009583 4.64544416218996 0.5004319623112679 0.4464595168828964 0 2.123805783689022 1.553400963544846 0 28.95761416852474 111.3246252089739 1.55260444432497 18.74503272026777 0 25.87248430401087 84.20311953872442 124.0785493031144 33.08974049985409 1.107341960072517 320.2236266881227 2975.596088275313 31.08456230163574 1.670226715505123 20.46676660329103 1.06408604234457 0 0 17.92061019688845 12.0380891263485 91.16649775952101 172.8552845567465 82.76277293264866 34.52947750687599 1.630974963307381 0.4796231687068939 0 0
2.116728074848652 0 3.9220250248909 1290.211579576135 0.3643892854452133 64.20878075063229 62.13679302483797 9.163348160684109 564.5600757971406 3100.204969517887 1.118473209440708 3054.75171032548 4.58272086083889 11.89313896000385 31.2353687286377 0.1464806795120239 0 0.2441499307751656 0.2007200494408607 2185.227206423879 1.515190258622169 2.490224651992321 1.007394075393677 857.3677676320076 0 0.7875436991453171 0.6349514797329903 3623.338046692312 24.39856620132923 1.641456104815006 0 0.3662370145320892 0.9324038028717041 18.89756797254086 1.681914061307907 148.1602161377668 0.9149815663695335 53.65203486382961 31.84999017417431 97.591852016747 9.353373013436794 0 4.2385533452034 0.1095026656985283 0.7639760822057724 0.3376443535089493 113.7860903814435 0 5.541960775852203 121.8723155409098 9.013523653149605 70.40972518920898 213.2906578853726 0.8269483223557472 60.93556044995785 0 1.526180066168308 0.4384372383356094 0.4717373698949814 0 0 0 97.40315298736095 0.293124295771122 2.710869446396828 0.4431706517934799 276.6000429615378 0 0.5710831955075264 1.215681575238705 391.3659707829356 0.7079926207661629 1.130340501666069 0 0 0.1530719697475433 1.1892394348979 0.8473320603370667 5.906538777053356 1.240503311157227 5.019492417573929 1.412507966160774 9.231359302997589 0 0 0
0.1367311477661133 0.3651532232761383 0 0.3643892854452133 27.47267508506775 196.7143016085029 1.641559347510338 30.79314620792866 32.0717895925045 3.799977988004684 3.19543482363224 62.21385043114424 1.207778811454773 24.48063060641289 906.2080701813102 0 0 0.3700310438871384 0.1682793498039246 1.386722199618816 0 0.3840360939502716 0 3.59249309450388 0.09905348718166351 0.3972835317254066 0.1655187457799911 0.9712926000356674 42.91716735064983 0 0 380.7276820242405 0 25.37108211219311 0 5.54597795009613 0 11.40198478847742 10.95310238003731 1416.358554534614 7.98375478386879 0 0 0 0 0 0 0 0 0.5376884117722511 0 0 0 0 0 0 0 0 0 0 0 0 0 0 0 0 0.5580088496208191 0 0 0 0.3317369297146797 0 0 0 0 0 0 0 0.648080550134182 0 0 0 0 0 0 0
19.19455169141293 0.09532393515110016 56.9780328720808 64.20878075063229 196.7143016085029 12089.08476225287 3360.377939470112 5897.394192829728 61.15777234733105 12534.6458280459 162.3594461008906 2809.403957635164 43.89950851351023 1419.169632807374 1612.983303658664 0.2443371936678886 17.89174319803715 16.35107482224703 16.58504246175289 334.6463152691722 9.152922511100769 2.226220995187759 15.68584433943033 63.07980946451426 1.423458121716976 62.18477965891361 16.77809896320105 461.7941578254104 706.8053564280272 19.5958192050457 0.4276669919490814 1800.331659600139 2.406422704458237 498.9150037020445 1.779769837856293 430.8311995044351 19.59094034135342 503.7626638710499 254.0936894193292 2065.83001178503 189.2225461825728 4.557103231549263 17.25482168793678 0.2815138697624207 0.1406811028718948 0.44393590092659 5.646097093820572 0 1.105241321027279 85.53794658184052 6.095233008265495 39.12480764091015 21.11913022398949 0.1111002266407013 2.553287282586098 3.651647567749023 2.638074390590191 0 0.340641513466835 0 0.09281225502490997 0 11.68020585179329 0.4294884353876114 0.5675568878650665 0.1279413104057312 90.19267287105322 0.2283126264810562 0.5898497253656387 2.03051221370697 172.6664348393679 1.169720068573952 4.047856256365776 0.1037568673491478 0 0.1622349470853806 1.19825417548418 2.175211787223816 9.270785495638847 0 3.354657493531704 1.831233389675617 2.620165273547173 0 0 0
1349.142417371273 8.035550661385059 1920.877814911306 62.13679302483797 1.641559347510338 3360.377939470112 24101.70178104192 3307.693873405457 925.7068648934364 6835.248752340674 70.76500208675861 246.0367430895567 33.09023632109165 9268.060628019273 76.04644327610731 4.842774942517281 220.6388666033745 9.592332758009434 26.81051656603813 46.81463608145714 1375.124381199479 40.2564822435379 645.3251879140735 1295.288395807147 1.830193117260933 298.2130231410265 108.2252666652203 14481.13318706304 2121.653633520007 8206.949708454311 0 25.96114894002676 180.1445681676269 990.8574537560344 85.88188052177429 4384.014192923903 121.2831051200628 2294.949693158269 1036.79040388763 591.7566621080041 215.1878972277045 7.590277902781963 57.08718163520098 2.799130648374557 4.269678190350533 18.1707544028759 35.50198500603437 0 10.70867217332125 658.3117591589689 45.53734894096851 307.8128578811884 75.93543317914009 2.345865577459335 17.76243215054274 7.706764742732048 21.05791857093573 0.4376332238316536 13.82302108407021 2.167873173952103 0.6735753044486046 0.2254033759236336 38.17807447910309 6.908572323620319 6.826720401644707 19.25446321070194 741.6282977238297 0.1033986732363701 5.395676121115685 50.58247786015272 1326.792914919555 21.51567947864532 85.20881953835487 0.157378226518631 1.433911725878716 1.959851428866386 7.767461344599724 54.71061216294765 117.8675198405981 5.235916122794151 61.63798552006483 26.39436565339565 29.39406064152718 4.284737139940262 2.627351298928261 1.388464145362377
851.1363535448909 1.85015083104372 688.0076427012682 9.163348160684109 30.79314620792866 5897.394192829728 3307.693873405457 11704.33162997663 147.4942734465003 2071.18452642113 160.6248879879713 646.043808683753 43.91845613718033 8857.920422136784 599.2162684574723 0.7088529542088509 318.6664150729775 13.97227235138416 37.63323394954205 127.2824780866504 93.65477883070707 10.27597916871309 225.6084465533495 162.1570588573813 0.941304549574852 205.2071767672896 95.87638400495052 258.8829275816679 1534.05915209651 409.974150210619 0.2386065497994423 722.1670772954822 8.801110975444317 585.5453235507011 3.14831905066967 425.8966275677085 64.83701928704977 477.1245282366872 213.3467340618372 912.6252853497863 167.5661883950233 5.978734508156776 17.26083117723465 1.9266402348876 2.122501440346241 6.085243947803974 2.842374995350838 0.1106677874922752 1.228121466934681 342.2180166989565 15.04991004616022 123.5436052903533 16.05691280961037 2.398438215255737 1.729302354156971 1.868677064776421 13.41393009573221 0.222825862467289 1.377387657761574 0.8928416073322296 0.07964513450860977 0.1541116386651993 12.07982475310564 0.716302290558815 0.8912445679306984 0.5631092190742493 321.4415055960417 0.1924135982990265 2.128513284027576 16.51819667965174 623.5716095790267 7.24634151160717 25.44662306457758 0.09078492224216461 0.2620870992541313 0.361568458378315 3.8344691619277 4.918720170855522 53.7611949890852 3.924158483743668 27.04696607589722 9.179903909564018 14.37805009633303 0.9263138622045517 0.5060310438275337 0.7166719734668732
2.723414704203606 542.0691521316767 6.378540985286236 564.5600757971406 32.0717895925045 61.15777234733105 925.7068648934364 147.4942734465003 567.9474708363414 399.6791920810938 3.018712043762207 491.0893069133162 28.10048391669989 76.05917984247208 653.8263957351446 6.800674609839916 2.880144245922565 0.2030417770147324 0.7347973212599754 588.1476272642612 4.373915389180183 1987.81478112936 16.77262666076422 6790.875864267349 85.31913954019547 19.72778967022896 581.005666680634 1842.143903881311 20.51878251880407 25.15470128506422 2.232277430593967 1.835320040583611 0.35622239112854 7.914252445101738 0.3429835438728333 898.7547407001257 17.03357836604118 19.23876515775919 9.462101571261883 557.3533496633172 3.541668236255646 0.2034682184457779 0.2240499556064606 2.84201455116272 4.865204885601997 1.032946512103081 26.69158218801022 0 3.572400517761707 97.46136892586946 6.001496881246567 74.72441684454679 40.48358511179686 0.7792295068502426 13.71942442655563 0.588143028318882 3.807703256607056 0.1778047531843185 11.07635706663132 0.3847332820296288 0.2630435526371002 0.3281636908650398 18.16468366980553 6.971738174557686 12.00252622365952 2.896182335913181 737.4200918897986 0.8095053508877754 5.007779330015182 15.5281445607543 552.4131685420871 10.22363828867674 42.85684970766306 0.2071042209863663 0 2.05705751478672 1.635506220161915 1.506592698395252 34.85372900217772 1.880629651248455 8.023216105997562 6.190386593341827 6.383954554796219 1.292382210493088 0 0.1188716143369675
83.90443769097328 0.3685287684202194 62.24209535121918 3100.204969517887 3.799977988004684 12534.6458280459 6835.248752340674 2071.18452642113 399.6791920810938 31460.94813251495 104.3905609995127 6668.7634614259 15.62457860261202 1824.301427356899 27.1849687024951 0.8156988993287086 13.22040594741702 12.28099689632654 12.70521279424429 5577.179102286696 26.19456142187119 1.647696122527122 15.5822538882494 487.9799314886332 1.158816024661064 53.51273865252733 13.1140621304512 3498.661367662251 928.1087695360184 18.39621192961931 0.356378972530365 48.53215094655752 14.25303249806166 689.4358982667327 23.24753195047379 1759.64408466965 33.5617034509778 1413.081176757812 494.6236950159073 409.721885509789 235.2348712012172 4.455527611076832 50.86289690434933 0.4270956963300705 1.57054042071104 2.7726671397686 118.1192151233554 0 8.537170760333538 320.3870435804129 14.87936624139547 153.2475179955363 236.1798362657428 0.1396285891532898 64.73783703893423 0.5618309080600739 6.461291752755642 0.4579659476876259 0.9237943142652512 0.1178559884428978 0.08410054445266724 0 143.269708275795 2.477983050048351 5.75938143581152 0.9038653150200844 574.7834510803223 0 0.77059705555439 3.903272897005081 844.5351081937551 5.440372966229916 5.463333249092102 0 0.4917023479938507 0.2598610445857048 2.353671364486217 5.418425425887108 27.23641258478165 0.8307578265666962 10.66790357977152 5.363880708813667 10.55371666699648 1.6746676415205 0 0.5781422853469849
40.00989435613155 39.89811685681343 72.34365314245224 1.118473209440708 3.19543482363224 162.3594461008906 70.76500208675861 160.6248879879713 3.018712043762207 104.3905609995127 13040.46143134683 107.3038712516427 2017.347044669092 437.9542035907507 27.04760628938675 0.3276569470763206 1990.698019526899 2600.259597711265 3667.724269025028 26.07584607601166 36.05437739938498 6.256388589739799 187.1474454477429 12.22708536684513 108.5265383273363 5220.837968759239 513.0020005702972 23.95341559499502 584.1190660595894 76.57158067077398 149.0005695074797 152.3403556197882 17.70711744576693 6059.444213561714 10.43184150010347 677.1998794302344 4745.811896279454 5437.975507192314 883.6661441847682 162.9254044368863 159.7255835011601 485.7184617593884 6.582351706922054 0.1937861070036888 6.249482937157154 1.70813424885273 0 0 0.2869722843170166 8.293961495161057 1.05095836520195 1.947133913636208 0.4366785734891891 158.8870038166642 0.2244215831160545 1028.314721748233 1.751146018505096 0 0.3085212856531143 1.362256556749344 143.5123933330178 16.5586786493659 0.3061416521668434 0.1258311122655869 0.7337201684713364 0.2861768379807472 9.005694881081581 106.091955780983 253.1227262020111 516.1604514122009 17.99568022787571 0.5343897864222527 2.682381354272366 91.71203637123108 0.513626292347908 0 12.77818044275045 0 13.41059071570635 746.8144142627716 21.54767942428589 2.812932603061199 0.7282622307538986 0.8657874166965485 138.8616048619151 0
10.28538041561842 19.18979949504137 5.556910656392574 3054.75171032548 62.21385043114424 2809.403957635164 246.0367430895567 646.043808683753 491.0893069133162 6668.7634614259 107.3038712516427 3565.449610330164 42.3050332441926 607.2116498053074 1333.632958672941 0 2.92446580529213 10.73192769289017 12.62911838293076 3313.266413263977 0.6018514484167099 60.95225243270397 2.848785020411015 937.3777237683535 3.971875667572021 38.37498086690903 35.73014095425606 1315.972230747342 432.9287204518914 3.808759212493896 0.5878151655197144 91.77545081824064 1.218267604708672 385.1772364899516 0.3401833176612854 531.8673495128751 9.354404389858246 435.3304264992476 87.62296798080206 2381.508286468685 62.40925566107035 10.70137148350477 4.053730301558971 0.1063643023371696 0.8949769362807274 0 111.8488123342395 0 5.026390165090561 105.7716681286693 1.067179821431637 36.18916577845812 228.1630646437407 0 82.63507145643234 19.0897204875946 0.5213760137557983 0.4454295486211777 1.191574513912201 0 0 0.1303490400314331 109.9440230131149 1.032688282430172 0.862664058804512 1.29879792034626 234.2493417859077 0.2643663510680199 0.6382616087794304 1.027815096080303 287.4286177232862 0.105744831264019 6.470180302858353 0.1012557819485664 0 0 0.6422561258077621 0 2.952623449265957 2.648886442184448 2.741314984858036 3.481997489929199 5.986251004040241 0 2.92310406267643 0
5.171473786234856 1195.039849869907 19.14628369361162 4.58272086083889 1.207778811454773 43.89950851351023 33.09023632109165 43.91845613718033 28.10048391669989 15.62457860261202 2017.347044669092 42.3050332441926 6131.818244464695 50.46756175905466 15.6209831237793 5.805867590010166 4.511781096458435 28.76648892462254 6.584407262504101 15.36151611804962 21.36234405636787 152.0254593268037 72.58723279833794 60.44781593233347 2257.022171281278 1736.951223224401 4288.109973497689 32.56756533682346 32.58407457172871 25.32116509974003 1811.393822684884 20.27418986707926 0.1739082336425781 732.8816129043698 103.6937454342842 4509.923334106803 5555.537672415376 4338.122053280473 1583.841914631426 589.0116968974471 287.4233111590147 661.7782771736383 23.85904979705811 0.237093947827816 45.20702454447746 1.276078507304192 0.1136494129896164 0 0.1247154250741005 5.682017847895622 1.03858695179224 0.1879420951008797 0.3861776441335678 266.4972370862961 0.5011732801795006 1915.012188754976 2.087716847658157 0 0 0.1470673233270645 134.0974327623844 14.53384628146887 0 0 0.5870009958744049 0.4788942486047745 1.47067616134882 285.1990741565824 137.4165454730392 371.9782465919852 3.780956864356995 1.620658449828625 0.2066641300916672 98.42384865880013 0.5745468586683273 0 19.49507807940245 61.36571075022221 423.1112676560879 1338.764313995838 36.2396429926157 4.197083950042725 5.233145907521248 11.22488333284855 301.6093013063073 0
6240.474377937615 5.209489889442921 1012.28763563931 11.89313896000385 24.48063060641289 1419.169632807374 9268.060628019273 8857.920422136784 76.05917984247208 1824.301427356899 437.9542035907507 607.2116498053074 50.46756175905466 16172.19227476418 113.8135167807341 1.265145629644394 699.4253192357719 50.52571649104357 112.6743232235312 160.4187548011541 119.7118961587548 30.7001643255353 443.8762529045343 166.0124132484198 1.964852884411812 450.7455567866564 223.2924174889922 275.3922908455133 5559.238523185253 2156.602780707181 0.9312252923846245 167.6866084188223 43.7988488599658 1693.156017765403 8.7147126942873 759.7708120346069 103.2780016064644 1184.044868305326 283.6010905653238 634.7119690477848 209.2135754525661 7.139677345752716 11.89405833184719 0.656586617231369 1.499279342591763 8.43044450879097 2.149079874157906 0 2.214729972183704 204.3800271600485 9.098094716668129 68.77241685986519 14.78935112059116 0.7623313888907433 2.505148589611053 4.775352902710438 5.362818419933319 0 2.238670036196709 0.3592140376567841 0.1525681465864182 0.4042725190520287 4.708269469439983 4.181076139211655 0.5424516350030899 1.157615289092064 198.4760438352823 0.6170373633503914 4.309706933796406 23.53597532957792 390.7003151103854 6.395654127001762 37.52504049986601 0.186636246740818 0.6713036894798279 0.1970864087343216 3.084619112312794 6.503185376524925 39.94171390682459 3.093165419995785 17.71080904453993 7.845345765352249 11.15892908722162 1.884257093071938 1.047601230442524 0
0.4467249363660812 24.98033431917429 0.7349181920289993 31.2353687286377 906.2080701813102 1612.983303658664 76.04644327610731 599.2162684574723 653.8263957351446 27.1849687024951 27.04760628938675 1333.632958672941 15.6209831237793 113.8135167807341 622.889843121171 0.6118923425674438 0.3235271349549294 1.755828455090523 2.247976168990135 150.8921433016658 2.637114427983761 73.67165144532919 5.394446723163128 458.9351908937097 3.151674948632717 7.502518460154533 31.88050001859665 82.6436362862587 67.38170692324638 2.881505250930786 0.9501861706376076 607.4432539865375 0 121.6065086349845 15.77516314387321 121.9596640020609 25.02521928399801 100.6928119957447 39.00826665759087 1320.105851463974 93.27237455546856 3.77889758348465 5.683477953076363 0 0 0 1.154115423560143 0 2.308831453323364 3.061960481107235 0.2037961632013321 5.579508706927299 2.131328284740448 0 1.730946958065033 0.1688463240861893 0.3386273980140686 0 0.7493236362934113 0 0 0 0.8244617730379105 0.6899396181106567 0.9770701229572296 0.3861409276723862 7.133763521909714 0 0.1597238034009933 0.7543684914708138 6.486362360417843 0.3760194927453995 1.295701012015343 0 0 0 0 9.887246668338776 2.517212048172951 0.1919128000736237 0 7.717480063438416 0 0 0 0
0.6252056956291199 163.3668087869883 5.814930357038975 0.1464806795120239 0 0.2443371936678886 4.842774942517281 0.7088529542088509 6.800674609839916 0.8156988993287086 0.3276569470763206 0 5.805867590010166 1.265145629644394 0.6118923425674438 1380.4533360973 4.833176545798779 0.1548665016889572 1.468105316162109 0.2523479908704758 2672.363833397627 1336.455162189901 4221.938136972487 1457.753953456879 4.921901240944862 4.843875154852867 3476.287330314517 1249.958415955305 1.507468037307262 84.5673727914691 0.1237425729632378 0 0.5749049410223961 24.42487141489983 18.91979686170816 1405.739212423563 482.2855756208301 212.4101445674896 190.7681674435735 69.95488213002682 2.763209380209446 0.8335448205471039 9.587213650345802 2.269944742321968 9.904397159814835 25.38410264253616 0.2051274329423904 0 0 25.84860920161009 0 64.46710983663797 0.128631666302681 0 0 0.104936309158802 0.4417578876018524 0 2883.140520490706 3.672364965081215 0.1848323345184326 1.739401020109653 0 694.4743576273322 1216.692055977881 2041.053374439478 467.7597840875387 0.1438028812408447 4.55673062056303 338.9105204939842 265.4238800704479 5.292549803853035 179.6639699935913 0 0 0.7358829230070114 2.678050763905048 14.90873727947474 70.88172762840986 5.838959887623787 15.3149227425456 9.325265847146511 1.155178986489773 0 0.5033117234706879 0
306.1351447477937 26.22945925593376 6406.287290386856 0 0 17.89174319803715 220.6388666033745 318.6664150729775 2.880144245922565 13.22040594741702 1990.698019526899 2.92446580529213 4.511781096458435 699.4253192357719 0.3235271349549294 4.833176545798779 2602.655732758343 399.6528330892324 5501.974161587656 0.7260934188961983 568.3749810680747 5.1221988722682 5747.957217261195 41.35387413203716 1.37108501046896 4276.061279661953 4386.117616176605 57.95889649540186 567.6896951571107 1238.444416098297 0.2796690613031387 5.244653150439262 91.04315035790205 2088.056386612356 1.634814515709877 326.4263572469354 472.250857450068 613.2742376029491 118.6429669857025 11.08620370179415 1.436192773282528 1.402291409671307 0.9020136296749115 0 21.28875334560871 50.74098835140467 0 0 0 1.328807204961777 0 0.4768847078084946 0 0.3349966928362846 0 0.9010696336627007 0.1766733154654503 0 2.584141060709953 8.391012102365494 0.899277001619339 7.707935281097889 0.126259446144104 1.126906596124172 3.878212213516235 4.759250126779079 1.309640564024448 2.046694129705429 61.60510637611151 161.6419265642762 2.706683099269867 0.08211167901754379 0.8701565712690353 0.8932874500751495 0 0 1.525691285729408 0 9.327600240707397 16.39598131924868 7.612662591040134 2.03682429343462 0.2035649567842484 0 0.6435989141464233 0
5.210744708776474 3.028892703354359 47.52702629566193 0.2441499307751656 0.3700310438871384 16.35107482224703 9.592332758009434 13.97227235138416 0.2030417770147324 12.28099689632654 2600.259597711265 10.73192769289017 28.76648892462254 50.52571649104357 1.755828455090523 0.1548665016889572 399.6528330892324 219.0006204620004 1694.309467844665 2.359332650899887 2.439688563346863 0.8669131696224213 19.72375761717558 2.534078299999237 5.084981322288513 2577.748137958348 278.7485760971904 3.861623056232929 64.19362998753786 9.887317933142185 10.11153827607632 12.13059751689434 2.619937382638454 574.904057584703 1.115377739071846 476.0578145310283 728.3772837072611 1018.550693176687 407.3703080043197 14.34343760460615 9.329526573419571 2.184723988175392 1.79735904186964 0.1189316362142563 3.494659066200256 2.009007878601551 0 0 0 0.5307973325252533 0.2262135893106461 0.2368940338492393 0 8.181081421673298 0.1036420613527298 86.48098800331354 0.3935311213135719 0 0 1.893546283245087 35.42031560838223 9.296047575771809 0 0 0.2305403426289558 0.3400980234146118 0.5212747603654861 26.34680949151516 252.3675992116332 451.4548873826861 1.813814982771873 0.09467761963605881 0 37.90385327488184 0 0.0948835089802742 0.5627773553133011 0.5955930352210999 8.342611722648144 22.17989875376225 8.646913193166256 1.612308613955975 0.1278849393129349 0 0 0
22.45983355492353 27.49204794317484 397.9032167047262 0.2007200494408607 0.1682793498039246 16.58504246175289 26.81051656603813 37.63323394954205 0.7347973212599754 12.70521279424429 3667.724269025028 12.62911838293076 6.584407262504101 112.6743232235312 2.247976168990135 1.468105316162109 5501.974161587656 1694.309467844665 4535.51745814085 1.748146824538708 13.86090597510338 1.756328865885735 249.1303278580308 6.025773145258427 3.486972279846668 4106.169466532767 1212.210200965405 7.54310504347086 147.8764870092273 47.51291298866272 3.418253496289253 16.66127353906631 10.32033448666334 2907.001353353262 2.661306641995907 460.514682367444 524.5073215961456 1213.830213673413 353.2935689389706 14.99934637546539 7.60287419706583 0.8849652707576752 0.7331472486257553 0 28.07419061660767 6.504688620567322 0 0 0 0.6521720439195633 0 0.4428418874740601 0 4.756576307117939 0 13.7183847874403 0.1423866599798203 0 0 6.631312593817711 15.01257880777121 35.22025513648987 0 0.5019067525863647 1.445040918886662 0.4370772838592529 1.595308549702168 23.52467260509729 340.3219838887453 310.8913699164987 2.030584387481213 0.2189713716506958 0.5902300253510475 13.69529659301043 0 0 2.065042361617088 1.656676381826401 7.767095074057579 11.84931892901659 16.48712980747223 3.839879438281059 0 0 0 0
6.892221204936504 0.3366139382123947 2.634232975542545 2185.227206423879 1.386722199618816 334.6463152691722 46.81463608145714 127.2824780866504 588.1476272642612 5577.179102286696 26.07584607601166 3313.266413263977 15.36151611804962 160.4187548011541 150.8921433016658 0.2523479908704758 0.7260934188961983 2.359332650899887 1.748146824538708 605.4895676523447 0 0.7330447137355804 1.030612543225288 418.1822379902005 0.2006678059697151 8.621783398091793 3.941678956151009 4819.441121809185 134.1756469160318 1.407308019697666 0.08107402920722961 12.82346201688051 0.9294241368770599 114.4120711237192 2.475301593542099 211.0776234865189 3.147692292928696 175.8325737118721 52.32821526378393 630.2571923583746 28.45341391861439 0.6640937924385071 3.892632693052292 0 0.8079441785812378 0.2888321280479431 83.44934491813183 0 6.631402105093002 101.3121767789125 4.292086154222488 67.22692941129208 228.910263851285 0 51.4180209338665 0.1427658647298813 1.705399960279465 0.2928343862295151 0 0 0.1216120272874832 0 105.9006528481841 0.122968427836895 3.360010489821434 0.205944299697876 316.4567350596189 0.09835506230592728 0.1216257885098457 1.199917264282703 396.6278039738536 1.881438679993153 0 0 0.2587940394878387 0 1.238312900066376 0 3.332946568727493 0.1327617764472961 4.440037988126278 0.2913722395896912 10.30313141644001 0.1769810616970062 0.1965323239564896 0
18.28255259990692 5.757056422531605 1336.685912296176 1.515190258622169 0 9.152922511100769 1375.124381199479 93.65477883070707 4.373915389180183 26.19456142187119 36.05437739938498 0.6018514484167099 21.36234405636787 119.7118961587548 2.637114427983761 2672.363833397627 568.3749810680747 2.439688563346863 13.86090597510338 0 16903.91721136123 96.98692034929991 15797.04035747796 1218.449108727276 0.3439032062888145 67.17778469622135 1033.697775050998 4309.958329312503 44.66519463807344 14186.6598546356 0 1.860784523189068 18.00132172554731 3167.776309505105 184.6347217187285 8667.224587015808 1127.105095431209 5373.276043660939 2838.854984752834 534.8456135392189 44.96158833056688 3.136118516325951 66.22353411465883 2.808892577886581 1.247248485684395 12.50789006799459 0 0 0.1384240239858627 21.53756300359964 0.5608214065432549 34.90583823621273 0.9262100011110306 0.1123341992497444 0 0.1091986000537872 1.123699434101582 0 429.2384920939803 1.942822009325027 0.3965679556131363 0.8673130869865417 0 429.5024985894561 88.27816010266542 171.7115418985486 285.5873590856791 0 1.817170679569244 67.74033376574516 206.4434668421745 8.947070807218552 168.6729141548276 0 0 0.5161103457212448 1.838219247758389 135.2998177111149 65.31771872937679 3.413420140743256 10.8148400709033 17.12656632065773 4.705654241144657 0.5378490686416626 0.4186255037784576 0.9927660822868347
35.24565459042788 3066.444187104702 5.042138665914536 2.490224651992321 0.3840360939502716 2.226220995187759 40.2564822435379 10.27597916871309 1987.81478112936 1.647696122527122 6.256388589739799 60.95225243270397 152.0254593268037 30.7001643255353 73.67165144532919 1336.455162189901 5.1221988722682 0.8669131696224213 1.756328865885735 0.7330447137355804 96.98692034929991 1622.190531387925 202.2814041599631 7023.901496551931 445.1193428114057 45.81745892763138 2680.392264939845 545.9492992982268 60.28737363964319 239.3927975594997 13.17846710979939 0 0.4718782752752304 17.2215715572238 1.333181291818619 272.5110250711441 25.23651497066021 28.63119725137949 14.4641180485487 132.7462396100163 1.560761570930481 5.182579591870308 0.363182932138443 0.3495706021785736 19.78297903388739 23.48476375639439 0 0 0 15.87212767452002 0.4629886746406555 22.86506563425064 0.4122697561979294 0.6245177686214447 0.3881613612174988 4.760968863964081 0.7763115614652634 0 805.0059735402465 1.363365650177002 0.1220265105366707 1.704589158296585 0 164.5603990629315 197.8747751563787 457.319693043828 364.9831633418798 2.276909701526165 17.11078065633774 205.9369840472937 146.8289411738515 4.916275344789028 56.29469918459654 1.063292399048805 0 1.081318199634552 0.1300253868103027 0.8008393198251724 25.70389261841774 5.622271284461021 7.585025042295456 2.868379071354866 1.493682995438576 0 0.4411588981747627 0
114.5664130672812 12.0904987603426 11408.57292401046 1.007394075393677 0 15.68584433943033 645.3251879140735 225.6084465533495 16.77262666076422 15.5822538882494 187.1474454477429 2.848785020411015 72.58723279833794 443.8762529045343 5.394446723163128 4221.938136972487 5747.957217261195 19.72375761717558 249.1303278580308 1.030612543225288 15797.04035747796 202.2814041599631 18312.31562092155 386.1644168272614 0.6286008879542351 761.652974717319 11422.54329255968 2377.734117366374 161.5996667891741 5360.441864609718 0.2010564059019089 2.390403345227242 31.18625691533089 3761.723655201495 283.8460569679737 14863.1111484766 10773.64629672468 7995.906296990812 4299.160655133426 1043.390615388751 77.66934190690517 27.2476961016655 170.1464923769236 0.3692310005426407 11.15344773977995 396.9805571436882 0 0 0.4138388857245445 21.44010297954082 0.8752403408288956 6.142443403601646 0.4707078188657761 0.3647627830505371 0 1.972500093281269 0.3429796993732452 0 2695.815083034337 3.992762856185436 0.4188207015395164 2.106093674898148 0 241.3151079118252 727.6503355503082 2790.757095843554 164.9381567537785 0.1148857101798058 10.46007061749697 1789.881423465908 97.34298556298018 0.6723816394805908 52.5590353757143 0 0 0 2.221604458987713 109.1512428671122 86.07307592779398 16.03964308649302 25.50486070662737 28.21363817155361 0.3712023496627808 2.380839169025421 1.433614462614059 2.311081260442734
93.96670331805944 955.5933701619506 258.4310220628977 857.3677676320076 3.59249309450388 63.07980946451426 1295.288395807147 162.1570588573813 6790.875864267349 487.9799314886332 12.22708536684513 937.3777237683535 60.44781593233347 166.0124132484198 458.9351908937097 1457.753953456879 41.35387413203716 2.534078299999237 6.025773145258427 418.1822379902005 1218.449108727276 7023.901496551931 386.1644168272614 9234.296042859554 126.3489262014627 91.72906151413918 2997.20019479841 9664.631042577326 264.3488200008869 487.7234005406499 3.297483906149864 2.708975695073605 24.80607163161039 131.7238250374794 20.33374210447073 1686.67936463654 104.8198176622391 388.5430167466402 179.3127583265305 699.03489459306 24.56748110800982 3.903859786689281 8.034592658281326 24.1170628964901 16.00137004256248 29.9250415712595 86.046580940485 0 20.42866438627243 1130.358471758664 56.99031236022711 1180.442792847753 220.9081443399191 6.921920888125896 49.91040624678135 3.219781577587128 34.4588683322072 1.067969404160976 478.1907503306866 3.449143707752228 0.5422593802213669 1.149364165961742 95.48687590658665 328.3041564002633 165.9189036339521 229.6791207715869 3050.451014131308 2.616951406002045 14.03003200888634 170.901290178299 3677.810268543661 71.05540932714939 634.7317611202598 1.11073362082243 1.204986177384853 5.237395077943802 20.02687089890242 35.41253023594618 357.4018785879016 10.94763268530369 135.7199477031827 59.44593092054129 63.67037577927113 9.546727903187275 0.6643662080168724 1.848257444798946
0.5018342956900597 1292.303304769099 1.812430575489998 0 0.09905348718166351 1.423458121716976 1.830193117260933 0.941304549574852 85.31913954019547 1.158816024661064 108.5265383273363 3.971875667572021 2257.022171281278 1.964852884411812 3.151674948632717 4.921901240944862 1.37108501046896 5.084981322288513 3.486972279846668 0.2006678059697151 0.3439032062888145 445.1193428114057 0.6286008879542351 126.3489262014627 89.89982219040394 223.3873027861118 2485.897431276739 11.26257871091366 3.629752770066261 2.920115441083908 197.3576013594866 0.8453987762331963 0 58.67946730554104 0.2910824120044708 85.12438384443521 161.112703897059 110.6234342679381 62.96860498189926 15.93864645063877 2.593608945608139 153.2199787348509 0 0 26.5631198734045 0.5329591333866119 0 0 0.229004368185997 0.1877075582742691 0.1675968021154404 0.2533357888460159 0 26.6449454203248 0 139.560683272779 0.3609437867999077 0 0.3218113780021667 0.4476883262395859 2.610087431967258 2.085982866585255 0 0.0887470543384552 0.8951212167739868 0.1526861935853958 0.6437133699655533 44.43054527789354 62.83873373270035 142.2422756552696 1.827259838581085 0.2653279155492783 0.2897382527589798 5.390761256217957 0 0 0.8447184786200523 0 8.83666530251503 51.3615989536047 15.90570282191038 1.6813745200634 0 0 6.882033005356789 0
80.78225049376488 240.4976802393794 7591.528439603746 0.7875436991453171 0.3972835317254066 62.18477965891361 298.2130231410265 205.2071767672896 19.72778967022896 53.51273865252733 5220.837968759239 38.37498086690903 1736.951223224401 450.7455567866564 7.502518460154533 4.843875154852867 4276.061279661953 2577.748137958348 4106.169466532767 8.621783398091793 67.17778469622135 45.81745892763138 761.652974717319 91.72906151413918 223.3873027861118 22469.23009014875 17210.93876013905 122.0548060908914 391.697787925601 258.062658675015 429.3761728554964 29.89251139760017 18.87149708718061 3042.882756777108 41.31517704576254 5182.255562514067 7645.473350219429 5919.402910403907 2291.189427398145 71.69926206767559 44.74885880202055 92.98326532542706 7.472565874457359 1.379959940910339 379.4159337282181 160.5964288786054 0 0 0.7274456396698952 15.25530792027712 3.233645386993885 2.90305757522583 0.3654907941818237 200.7277850359678 0.2102260440587997 1662.211082234979 4.031496666371822 0 1.933136962354183 178.2405064627528 464.971687592566 428.27676936239 0.1132421419024467 7.460954383015633 5.083291098475456 10.66250836849213 9.768572866916656 259.7512819990516 3917.606690019369 4677.903966933489 7.754848159849644 2.052292302250862 8.51493863016367 326.8939267769456 0.4510332643985748 0.4004393070936203 54.38059867918491 6.194498613476753 155.8133960962296 730.1951328068972 234.8206609264016 59.54314819723368 2.938998647034168 0 5.124913446605206 0.2505928725004196
68.05215109884739 4760.080227732658 10836.59200054407 0.6349514797329903 0.1655187457799911 16.77809896320105 108.2252666652203 95.87638400495052 581.005666680634 13.1140621304512 513.0020005702972 35.73014095425606 4288.109973497689 223.2924174889922 31.88050001859665 3476.287330314517 4386.117616176605 278.7485760971904 1212.210200965405 3.941678956151009 1033.697775050998 2680.392264939845 11422.54329255968 2997.20019479841 2485.897431276739 17210.93876013905 39260.16312007606 1947.678837068379 187.8031028583646 257.5664040222764 1346.990752317011 8.529283225536346 17.8830444663763 2551.10950511694 105.0373638868332 10517.05074369907 4389.613883882761 7688.696481697261 1767.598881684244 263.4739861339331 27.26349399983883 41.64485208690166 20.20445997267962 2.751032784581184 5033.760618157685 3052.511707767844 0 0 1.007939249277115 49.13055239617825 6.116656616330147 7.529754944145679 0.2979057654738426 77.6457539871335 0.08667080849409103 625.8810812011361 7.934765882790089 0 1311.386413127184 447.9603662490845 196.3263792991638 464.9425686597824 0 36.16819477081299 2218.22276199609 1516.074722483754 96.25728151202202 903.3114884719253 5504.769467785954 18781.91896209121 93.09945706278086 3.184334583580494 25.05700977146626 202.6341250985861 0 0.4814143627882004 96.83996549993753 12.69809359312057 408.3287812322378 746.5628289282322 508.8641202151775 161.8048509210348 7.683952130377293 1.397253774106503 6.117672242224216 2.729661546647549
115.8462680354714 57.54596543312073 1011.502199791372 3623.338046692312 0.9712926000356674 461.7941578254104 14481.13318706304 258.8829275816679 1842.143903881311 3498.661367662251 23.95341559499502 1315.972230747342 32.56756533682346 275.3922908455133 82.6436362862587 1249.958415955305 57.95889649540186 3.861623056232929 7.54310504347086 4819.441121809185 4309.958329312503 545.9492992982268 2377.734117366374 9664.631042577326 11.26257871091366 122.0548060908914 1947.678837068379 22251.31960572302 688.5559332743287 9110.172528348863 0.305254153907299 4.190193369984627 225.9976056814194 866.875234849751 130.5374087542295 5338.771547727287 252.2486283034086 2299.547489054501 999.6025114133954 498.5941178426147 63.07563707232475 6.119461715221405 27.85230575501919 21.26840315759182 7.905102722346783 29.39013911783695 124.3534327223897 0.3723066449165344 15.03035248816013 1066.33324098587 56.96345746517181 555.9091945812106 281.4396577253938 6.920265629887581 66.25370782613754 6.867320120334625 38.1959230452776 0.9366875290870667 297.5196700766683 2.850022867321968 0.5916547477245331 1.271359123289585 143.1904133036733 245.1523265317082 75.41033820807934 157.906453885138 1989.089683353901 0.6968281716108322 6.265862710773945 179.6312719732523 2890.397010043263 59.39274451136589 492.8657522574067 0.3574413359165192 2.734249122440815 4.657241187989712 11.24963314831257 102.2422520890832 241.9344130530953 10.17869716137648 97.62062637507915 40.93196960538626 50.01911998540163 8.069499269127846 1.571401856839657 1.451238185167313
