431.818711169064 2.663917571306229 156.3562031537294 24.01357851177454 2.110838733613491 113.053865917027 1756.955844976008 362.6827218681574 53.30949281901121 474.7902854830027 19.73445288091898 113.690494351089 1.827540136873722 4682.910872101784 1.188556641340256 0.5332914814352989 266.0945636332035 17.93663455545902 42.26200154423714 160.3618505522609 154.1862585097551 5.932953774929047 304.0544247180223 159.4584477245808 0.4806012064218521 160.5737755596638 46.34632889181376 156.0868955552578 4993.492981389165 3980.598041288555 0.544577345252037 21.93316596001387 32.02257716655731 126.4025107175112 0.9402528703212738 64.56949160993099 10.55903606116772 92.66190134733915 19.70175065100193 7.374246448278427 0.9838667064905167 0.6365506500005722 1.307720482349396 5.511364780366421 0.6628640070557594 2.500869333744049 4.736424870789051 0.09921135753393173 0 55.96796852350235 9.444441743195057 58.2242574095726 5.973954662680626 0.6524861082434654 1.464416272938251 0 14.45423711836338 0 1.393609195947647 0.5487389415502548 0.5023883245885372 0.6897048801183701 7.078842811286449 1.416831962764263 0.7668160498142242 1.321072436869144 72.54353652894497 0 1.998570628464222 3.308838203549385 82.42938220500946 24.68826290220022 35.47336819767952 0.08997946232557297 0.8376465141773224 1.222876876592636 9.96937982738018 0.5194204598665237 26.53702408075333 1.071567341685295 17.32532893121243 4.695278383791447 21.23921580612659 3.583180159330368 0 0.44666688144207
2.663917571306229 212.4349917545915 124.9379165098071 0.1638839244842529 1.101343110203743 1.340846009552479 3.339568056166172 2.002660103142262 1031.653414025903 0.7892211899161339 11.00724105536938 2.491914503276348 666.1686134412885 2.111213482916355 5.477824710309505 51.81038775295019 21.29332151263952 5.748397007584572 20.06947764009237 0.276262030005455 10.73534023016691 1736.606276191771 41.10108438879251 776.5675921142101 2806.743152335286 201.1143814027309 9689.617480538785 22.12365406006575 10.09721572697163 11.02676452696323 17.12639459222555 0 1.387124747037888 15.02387016266584 1.821434140205383 53.58612883090973 47.20361074060202 44.15158587694168 15.77866481989622 27.24879985302687 0.3206007853150368 25.08675315976143 0.2067249715328217 0.7077385857701302 82.6067321896553 117.6531881168485 0 0 0.07843129336833954 2.767875991761684 0.2427200078964233 8.161524750292301 0 3.076226457953453 0 4.158726438879967 0.9700647741556168 0.128359466791153 1.020834974944592 74.86905810236931 1.281302660703659 43.87323014438152 0 0.8335840776562691 14.8034792765975 13.1880449578166 4.22684283554554 17.10329054296017 201.5577332228422 2051.827925413847 2.133887760341167 0.886015422642231 4.202480643987656 2.136046409606934 0.493468850851059 0.1074444130063057 12.15985004603863 0.3090927600860596 56.1828396692872 28.45562350749969 44.93830940872431 14.13013606518507 1.963072836399078 0 1.386249080300331 0
156.3562031537294 124.9379165098071 7225.705816842616 3.407681107521057 0.4409414082765579 230.3883277997375 749.348159186542 565.7161715999246 12.30099303275347 462.0666259378195 5.159910053014755 1.541695892810822 1.936682768166065 373.2977543696761 0.4959981366991997 31.19331484287977 1900.552314847708 11.78899292647839 54.34801959246397 3.883088327944279 1156.505562707782 124.3730529695749 7964.866544805467 104.0463942289352 1.820520430803299 8184.850789301097 6340.246177397668 149.1755025833845 158.0213716849685 801.4573511406779 0.1389995217323303 1.424856200814247 24.68329358100891 271.6263443678617 21.63240231573582 1627.977274216712 4175.073396369815 1225.15470315516 499.7380564361811 40.66715796291828 0.8329065218567848 36.46489660441875 7.400480151176453 3.348078027367592 225.5241326019168 899.5275089740753 0.6344785243272781 0 0.109942227602005 13.19351002573967 3.667920157313347 11.56183642148972 0.5588496327400208 1.808306217193604 0.7332031726837158 0.7835427671670914 2.701737441122532 0 24.9165937975049 400.3841736763716 0.8020262271165848 47.95255463570356 0.9557419121265411 26.22548922151327 158.760843873024 184.1199481934309 40.99127604812384 3.02790217846632 339.6879716217518 2564.005679726601 42.98043925315142 8.35256215929985 53.23543958365917 0.356833279132843 0 1.822380393743515 48.38743934035301 9.273486085236073 259.202673882246 74.98341461271048 181.9828477725387 54.41491300612688 7.775606743991375 0.9797427654266357 0 2.857647597789764
24.01357851177454 0.1638839244842529 3.407681107521057 5868.869448900223 9.691036276519299 194.7012608125806 245.3363023772836 28.86462879925966 1075.323405660689 4517.66417850554 1.750520512461662 768.3649848476052 2.737726517021656 25.16308348625898 35.4567171856761 0.850398100912571 1.686345562338829 0.9523581117391586 1.549807325005531 8851.594515867531 5.635762065649033 1.523791320621967 6.086822055280209 2668.50532501936 0 2.373785518109798 6.015273183584213 4494.754026837647 344.7196163386106 30.60327687114477 0.09553553909063339 1.094449706375599 78.04405860602856 87.45270905643702 5.035079419612885 484.7511095777154 4.777920410037041 140.7000205814838 67.28456643223763 437.5568185523152 6.226770967245102 0.3016504049301147 6.551479801535606 1.728828467428684 0 0.1189192309975624 290.896528750658 0.2404664680361748 7.695867165923119 80.85218550264835 54.63110373914242 267.5260508283973 221.9785922840238 1.922873362898827 85.5707444101572 0 15.20980335026979 7.268261328339577 0.4619651138782501 0 1.0093649700284 0.4749218672513962 364.3610880300403 0.5044494122266769 2.255363553762436 0 193.3245693594217 0 0.9261060804128647 1.510789535939693 228.7412714585662 8.547559633851051 6.56237655133009 0.2591577470302582 1.04846990853548 0.8299168646335602 6.01427586376667 0.4632835313677788 71.2462213113904 0 21.76132415980101 3.645297423005104 341.2544680163264 2.573723658919334 0 0.8211570382118225
2.110838733613491 1.101343110203743 0.4409414082765579 9.691036276519299 169.8311166092753 998.5381697714329 2.878842607140541 267.6953594684601 272.3424606919289 29.56223097443581 17.42249090969563 378.6093488410115 16.83598853647709 40.74153537303209 1019.775099933147 0 0.5125356540083885 1.783820264041424 0.244960218667984 14.88720930367708 0.4005251377820969 3.634308055043221 0.65292789041996 48.26329346746206 0.201047308743 2.348612792789936 0.992917113006115 12.31646551191807 1358.79387345165 3.944771751761436 0 333.1125342547894 0.2443407326936722 225.0350426733494 2.388855159282684 50.69407171756029 4.719761855900288 99.48698452860117 97.01276963204145 2068.270683720708 291.9751213565469 17.56201197206974 5.930888772010803 0.1704804301261902 0 0 0.6753080189228058 0 0.3185606896877289 0.66755361109972 0.610355406999588 2.688932508230209 0.5119516626000404 0.2138745039701462 0.3970615416765213 0 0.1587492972612381 0 0 0 0 0 1.286713391542435 0 0 0 0.7115544304251671 0 0 0 1.053810000419617 0.1057093366980553 0.2491847351193428 0 0 0 0 0 1.032988324761391 1.013831332325935 0.5254371762275696 0 2.908401504158974 0 0 0
113.053865917027 1.340846009552479 230.3883277997375 194.7012608125806 998.5381697714329 11067.39003770053 1325.946339599788 6328.443452037871 302.3154128193855 10551.11296801269 170.2957480251789 4698.702451065183 47.89160408079624 1773.30325935781 2455.372504062951 4.415496729314327 64.17203660309315 71.28551918268204 47.69029031693935 896.1200881525874 240.7459717541933 4.179653115570545 274.5885718613863 454.538993306458 3.308481521904469 190.9990388527513 42.78195076435804 692.2472432926297 967.7691723629832 138.9765406921506 2.499156385660172 494.8730491101742 18.11085683852434 532.5417147502303 8.460868299007416 651.815053075552 31.64481671154499 783.0040412321687 244.4625585302711 3843.616181321442 576.4574277549982 29.25145594030619 27.1441737562418 10.51562924683094 0.1931559592485428 1.961359396576881 59.57627484202385 0.3645907193422318 5.481019422411919 220.681057408452 61.45044228434563 74.85127088427544 64.01830226182938 1.952288970351219 27.01471138745546 0.1020705178380013 36.36373808979988 1.064151361584663 0.6074950769543648 0.1012777835130692 0.6574254408478737 1.447798885405064 108.5729238316417 2.147715836763382 2.55833063274622 2.505026295781136 132.4759781733155 0.230609692633152 2.786953411996365 9.146606296300888 158.6128504574299 30.40905078500509 40.4504102692008 0.3163524642586708 1.461885064840317 0.9306587725877762 11.4767817184329 1.137261107563972 44.84474254399538 0.8262152522802353 37.89996186643839 6.790867991745472 83.31364184617996 4.273281015455723 0.3490509018301964 0
1756.955844976008 3.339568056166172 749.348159186542 245.3363023772836 2.878842607140541 1325.946339599788 23049.03623202443 1457.941544860601 191.0633728206158 11008.63222947717 9.580784492194653 79.73794455826283 2.733320310711861 4581.58689121902 15.02946949750185 69.55087415128946 85.92291130870581 6.164844699203968 11.39641750603914 210.3841359987855 1123.441051661968 22.46518610417843 1388.029835768044 1772.590892031789 0.2368039935827255 196.1523398831487 204.2700694277883 20483.78096216172 1317.540253475308 7856.05014821142 0.1620035544037819 5.682788468897343 188.5270130336285 199.4157566204667 8.156497545540333 819.564622618258 50.5121898278594 335.4406768530607 148.1538065671921 62.48461140692234 16.04483281075954 1.067258849740028 9.76951289921999 5.767144672572613 0.4103803560137749 7.90494192391634 37.66475699841976 0 1.639733381569386 69.34855803102255 28.53402464836836 69.81040282547474 31.68406112492085 1.342299602925777 15.22130312025547 0.138148307800293 13.26314947754145 0.4248788058757782 8.516554072499275 1.549280531704426 0.9338250830769539 0.5533213540911674 57.38760615885258 5.770086608827114 8.299276418983936 19.47469717264175 81.1420971006155 0.4429882168769836 3.168068781495094 26.94737569242716 95.39195623993874 14.30604070425034 26.10001994669437 0.2458516880869865 0.2352070286870003 0.5959312245249748 7.098792687058449 0.2337839752435684 43.72881907224655 1.044207639992237 19.98679068684578 6.395050294697285 33.29261112958193 2.005316853523254 0 0.9357811808586121
362.6827218681574 2.002660103142262 565.7161715999246 28.86462879925966 267.6953594684601 6328.443452037871 1457.941544860601 9551.115209877491 114.1750274375081 4224.926289714873 307.5150456577539 341.1631328389049 121.6178084239364 5922.774670802057 177.2467040121555 3.226283170282841 320.4060977771878 93.41539923846722 69.8989924415946 192.1439185738564 527.5667285174131 6.158145107328892 781.9805817306042 338.8821033164859 4.553845435380936 547.3248264119029 71.87119578570127 396.1800798624754 545.4742630422115 1255.501174017787 4.626545898616314 603.9094892442226 3.836756311357021 1027.284479223192 17.24116022139788 570.6025322824717 60.83062879741192 1040.269100893289 539.8740768134594 1297.327755615115 374.1698258072138 84.22428982704878 55.72758646309376 7.901449665427208 0 2.235213153064251 23.58589196950197 0.2703067511320114 1.576296553015709 139.1990201845765 28.85211688280106 62.97957636415958 31.25645602494478 3.845437735319138 5.755867935717106 0.2745093405246735 25.76896867156029 0.2722255662083626 1.525434829294682 0.5199725329875946 0.26878372579813 0.305490780621767 39.54267359524965 1.158318094909191 1.078603900969028 1.934858411550522 97.997259311378 0.3487008139491081 4.420127920806408 9.224734328687191 105.2903328686953 26.07276363670826 38.4644990041852 0.2534101977944374 0.5800556540489197 1.32752563804388 9.879644118249416 0.5794408470392227 36.51776877790689 5.916991733014584 31.89105600863695 9.335600964725018 39.64984365552664 3.097062692046165 2.079519674181938 0.5665121078491211
53.30949281901121 1031.653414025903 12.30099303275347 1075.323405660689 272.3424606919289 302.3154128193855 191.0633728206158 114.1750274375081 949.5744995176792 267.062535777688 10.67339866608381 442.9271178022027 22.64270953088999 58.77152251452208 682.6308505758643 95.54721678048372 8.974518045783043 2.746122568845749 2.729249998927116 382.3160985484719 41.11406657099724 4493.794381700456 42.90020723640919 8347.49715206027 121.28094766289 16.69204852730036 626.4432093128562 1875.230453498662 233.5322501286864 318.0019806474447 1.102961398661137 23.51456331461668 39.04070615023375 51.97743024677038 11.40898430347443 413.5141762346029 124.5511024668813 209.5543314963579 25.28453496843576 876.1647610813379 12.92227207124233 16.30941127240658 1.808443360030651 24.94403693825006 0.283550962805748 7.061608985066414 195.0706338211894 1.382253892719746 7.572678796947002 417.9636049121618 111.7747319489717 122.1929554715753 93.5348856523633 5.818193830549717 46.17244383692741 0.7057378217577934 81.68287565559149 9.63972582668066 223.4481137394905 2.453944556415081 1.534910477697849 3.426369227468967 189.933614037931 129.5048182010651 64.30274171382189 50.2988647595048 1176.954472564161 0.4872649759054184 10.33673068881035 24.57773938775063 647.5240544080734 87.04770828038454 205.3051087707281 0.2326874956488609 0.6758695021271706 12.12830677628517 51.06662793457508 10.39708629250526 209.3289847299457 18.86431660503149 93.96175701916218 33.9943862631917 217.9962432608008 18.35657532513142 5.475250661373138 2.408774264156818
474.7902854830027 0.7892211899161339 462.0666259378195 4517.66417850554 29.56223097443581 10551.11296801269 11008.63222947717 4224.926289714873 267.062535777688 49074.49035812914 99.21338875591755 8310.952641278505 19.86234472692013 2362.576327756047 248.1239252388477 11.77658390253782 60.79412627965212 58.99638498947024 49.41272271424532 10337.57438790798 516.5708424597979 6.990601308643818 567.4562922716141 580.65212803334 1.809184163808823 222.1904545910656 76.47324619442225 5066.813938118517 1498.87357866019 251.2539533078671 1.874825604259968 49.64733474701643 156.5828756466508 494.3441920652986 10.27209944278002 1485.313479527831 52.20034024119377 999.8329325467348 243.811662659049 427.4318276941776 42.46162791550159 7.624940991401672 19.78066252917051 6.649701707065105 0.08402582257986069 4.318903133273125 145.6183156818151 1.339532867074013 7.974427871406078 163.8673098608851 63.93148767203093 129.8188629969954 139.0189203247428 3.702805109322071 61.29394789785147 0.4319745972752571 34.31757628172636 4.371407009661198 3.124674372375011 0.5824079886078835 1.193125650286674 0.5909253880381584 240.2327960282564 1.895408503711224 5.155591145157814 5.517906099557877 184.8228031694889 0.4526752457022667 2.53400706499815 16.28849752992392 194.346206754446 22.36845665425062 29.61298041045666 0.1951181963086128 2.387834101915359 0.4025388956069946 9.416455298662186 0.5588473230600357 55.78714566677809 0.3125967681407928 35.51508607715368 6.018284924328327 182.7206249684095 2.617795631289482 0.08976637572050095 0
19.73445288091898 11.00724105536938 5.159910053014755 1.750520512461662 17.42249090969563 170.2957480251789 9.580784492194653 307.5150456577539 10.67339866608381 99.21338875591755 12140.01016712934 84.42160890996456 1866.316243462265 258.3188005462289 0.9557191804051399 0.4307141602039337 135.0392301976681 3241.719443127513 461.5823434069753 44.39117515087128 3.647281177341938 1.734376288950443 9.456007614731789 7.026949368417263 290.4182923436165 2829.538527227938 366.3412918671966 6.854221753776073 322.3738617971539 16.93103983253241 81.91961135715246 165.0544691085815 1.181114472448826 6302.841416075826 17.53632548451424 464.3359330669045 4288.637682594359 3648.08847463131 688.9551611468196 116.3908796012402 29.05952864140272 986.4136084243655 7.683938585221767 0.3495223969221115 2.372373796999454 0.2251439467072487 0.1808157861232758 0 0 2.348849885165691 0.3013182729482651 2.562960766255856 0.2178658246994019 294.8610021993518 0 1157.612134292722 0.4384866803884506 0 0 0 10.45900386571884 3.356515735387802 0.100802406668663 0.2263938188552856 0.2958624213933945 0.08431819826364517 3.964122384786606 46.64951444417238 141.8008665293455 182.0981069281697 3.346254497766495 1.645631670951843 0.6052154153585434 90.88219154626131 0.08173703402280807 0 1.694540083408356 9.860920965671539 19.96297221630812 182.5814071968198 24.94428935647011 2.687948822975159 0.1335576623678207 2.317948415875435 372.6465153694153 0
113.690494351089 2.491914503276348 1.541695892810822 768.3649848476052 378.6093488410115 4698.702451065183 79.73794455826283 341.1631328389049 442.9271178022027 8310.952641278505 84.42160890996456 14119.73108656704 15.26153769344091 531.8605648577213 1679.549429729581 1.142862066626549 5.23023995757103 50.49083685874939 25.0718512237072 7577.834516428411 1.863244853913784 9.02081598341465 2.60332016646862 759.1831413581967 1.255033314228058 38.73203130811453 16.22971928864717 232.2023299634457 504.6166534796357 20.92209378629923 1.339444480836391 85.04598212987185 7.002597808837891 244.7886611968279 4.454191856086254 1382.411946125329 16.95504965633154 630.8760630115867 103.8496635183692 2697.381095580757 25.47100228816271 6.1939737200737 12.83991105109453 0.2541579604148865 0.08751297742128372 0 93.60226783156395 0 2.684361718595028 40.69991523772478 20.32036511600018 147.4214414134622 89.81743271648884 0.5825104117393494 95.75397775322199 0 9.833828300237656 5.75027322769165 0 0 0.08620993047952652 0.07443645596504211 188.3598327189684 0.122211255133152 0.4371459633111954 0 85.54070109128952 0.09141497313976288 1.244176708161831 2.828966900706291 78.21501062810421 6.464587390422821 6.958390101790428 0.5270848423242569 0.6667848825454712 0.4199067056179047 2.238395765423775 0.1319939345121384 65.63031751662493 0.1295487135648727 17.60250652581453 3.196530349552631 342.9821997284889 1.181486755609512 0.1886273100972176 0
1.827540136873722 666.1686134412885 1.936682768166065 2.737726517021656 16.83598853647709 47.89160408079624 2.733320310711861 121.6178084239364 22.64270953088999 19.86234472692013 1866.316243462265 15.26153769344091 3547.623915910721 62.04769398272038 0.6087755709886551 1.361207716166973 4.259844936430454 79.5198817178607 10.05154589563608 6.742255970835686 2.81567158550024 59.91137409955263 19.84041779488325 18.3801851645112 5638.727955289185 513.449194572866 3644.382693901658 2.002487123012543 31.84143168479204 6.030733123421669 841.6625833213329 93.88871423155069 0.1378232389688492 883.5565356388688 75.62360372394323 2167.78930157423 5042.389842614532 4878.487481936812 664.2127624973655 255.3260062336922 340.1403597444296 1640.225101642311 35.2981073781848 0 8.015734255313873 0.6956780552864075 0.1251340508460999 0.231247290968895 0.4843337684869766 0.3120368346571922 1.980070427060127 2.313107408583164 0.2193458378314972 721.4359881579876 8.078822582960129 2616.662285223603 1.395429909229279 0 0.1162732318043709 0.2688751146197319 9.632415533065796 6.315305538475513 0 0.2097883448004723 0.6537148579955101 0.6357362270355225 0.496220625936985 151.4328783974051 201.7630906105042 343.6618664562702 2.117434471845627 0.08978375792503357 0 208.5014371275902 2.292111374437809 0 2.243485622107983 23.99900868535042 99.76023300737143 316.9375095441937 65.79967534542084 13.4476036131382 14.62523606419563 7.921341747045517 580.6813057139516 2.030665367841721
4682.910872101784 2.111213482916355 373.2977543696761 25.16308348625898 40.74153537303209 1773.30325935781 4581.58689121902 5922.774670802057 58.77152251452208 2362.576327756047 258.3188005462289 531.8605648577213 62.04769398272038 10734.94589796662 23.62091619521379 1.447359301149845 340.5682553499937 91.48036060482264 76.85981454700232 359.0254521071911 302.8912820070982 5.196685597300529 624.2302460968494 154.6048833057284 3.289345547556877 390.7257486283779 73.90290582925081 239.0390428900719 4374.524493921548 2499.382038645446 4.5552778840065 389.8129293099046 22.1773424372077 1122.115522902459 12.32259586453438 556.3734601512551 37.36606068909168 869.6206758618355 274.9933598861098 855.7130306586623 99.04552508890629 30.52208464592695 32.48857963830233 5.916851595044136 0.6267724931240082 2.248111672699451 5.414210475981236 0.1010216176509857 0.3618045449256897 53.32496912777424 16.69312351197004 41.93821646273136 7.736968539655209 1.346131131052971 2.055805280804634 0.5952481999993324 10.70874130725861 0.2451750189065933 0.9885385856032372 0.9599527418613434 0.4071803614497185 1.160071566700935 8.935003958642483 1.22393973171711 1.521033965051174 1.750603079795837 59.50629252195358 0.2431117594242096 4.638603813946247 10.11759066581726 67.15157975256443 20.21211584657431 21.01686480641365 0 0.7655885294079781 1.172015301883221 7.732410378754139 0.9153151959180832 22.24208197742701 1.668691955506802 20.20263627171516 3.488305039703846 16.69551538676023 1.883250802755356 0.7038998007774353 0.4350380599498749
1.188556641340256 5.477824710309505 0.4959981366991997 35.4567171856761 1019.775099933147 2455.372504062951 15.02946949750185 177.2467040121555 682.6308505758643 248.1239252388477 0.9557191804051399 1679.549429729581 0.6087755709886551 23.62091619521379 120.2348652333021 0.1693463772535324 0.390637069940567 0.1594172418117523 0 156.5721229463816 0.8211716264486313 12.63139779120684 0.9593513086438179 238.5841256678104 0.7933027669787407 0.3342070579528809 4.710001692175865 45.94710095226765 14.16554621607065 2.178775072097778 0.1062371134757996 149.4660722389817 0.6264888048171997 2.29186774045229 6.641065657138824 60.34296677261591 0.2264730408787727 4.404846161603928 1.578142195940018 802.4306833744049 65.49363852292299 0 0.1336946338415146 0 0 0 5.098154626786709 0 1.063545227050781 4.136567629873753 0.2361219674348831 10.62957237660885 3.764795035123825 0 0.78434818983078 0 1.530033282935619 0.7974105775356293 0 0 0 0 9.773704774677753 0 0 0 2.124724708497524 0 0 0 5.929995521903038 0.3509887382388115 0 0 0 0 0.4459182918071747 0.2186957001686096 5.925765514373779 0 0 0.09436256438493729 22.37513786554337 0 0 0
0.5332914814352989 51.81038775295019 31.19331484287977 0.850398100912571 0 4.415496729314327 69.55087415128946 3.226283170282841 95.54721678048372 11.77658390253782 0.4307141602039337 1.142862066626549 1.361207716166973 1.447359301149845 0.1693463772535324 4719.957634657621 22.21703409403563 0.5627507492899895 3.431833729147911 0.9573057889938354 5928.146851353347 2496.808501802385 4268.914186820388 2590.579016372561 3.171957299113274 4.536585509777069 4058.998787656426 2449.60240726918 11.37199702113867 84.00687122344971 0 0.08035606145858765 15.17618517577648 69.22421609610319 30.97493607550859 1519.597788117826 717.9332808703184 254.7268057763577 420.3912587240338 86.40259863436222 0.8755749315023422 3.576529383659363 14.03187150508165 3.530608654022217 7.576531067490578 45.36748973280191 1.072757236659527 0 0.3019858971238136 27.70373616367579 3.929337598383427 62.01091123372316 2.829236976802349 0.5252122730016708 0.2653840333223343 0.5323860049247742 2.913259960711002 1.066245779395103 1958.408476494253 9.940117686986923 0.3178063035011292 5.177438154816628 0.2587604373693466 739.7412969395518 1242.466541811824 1867.487157791853 338.9541226178408 2.697727970778942 14.17423921823502 595.5748092457652 321.8499156311154 18.69362749904394 261.2373212054372 0.365471176803112 0.06639884412288666 3.795505568385124 43.66914016753435 15.96249751746655 540.7229858860373 43.8517687395215 130.8340023159981 94.56092768162489 30.09935794770718 1.131999656558037 1.6967633664608 2.924182295799255
266.0945636332035 21.29332151263952 1900.552314847708 1.686345562338829 0.5125356540083885 64.17203660309315 85.92291130870581 320.4060977771878 8.974518045783043 60.79412627965212 135.0392301976681 5.23023995757103 4.259844936430454 340.5682553499937 0.390637069940567 22.21703409403563 515.3813453018665 224.1577537357807 2505.142783202231 5.793428875505924 743.2223078086972 10.78261457383633 2789.605469487607 75.54288806021214 1.867270886898041 1472.891580864787 4257.747533470392 55.60009380429983 532.5153744965792 2115.031319282949 1.972951866686344 2.763668321073055 70.19440322369337 5390.100091651082 14.73737091571093 932.0647479295731 2343.336422964931 3754.303200498223 831.492827668786 23.47881402820349 4.757744953036308 16.46519818902016 5.66180083155632 1.323870189487934 36.85563499480486 135.8479825928807 0.3076642379164696 0 0 10.68811255693436 1.448362804949284 9.214564241468906 1.077226743102074 0.1892988309264183 0.1251735985279083 0.1082441732287407 3.647033534944057 0 6.573980666697025 98.5679696649313 0.5892590433359146 46.28942782431841 0 4.692959889769554 5.840803407132626 19.19467596709728 16.34651799499989 3.378623962402344 222.9405874460936 585.3040746375918 17.02804331481457 3.982875026762486 15.04463684558868 0.590923011302948 0.1352483183145523 1.113444179296494 8.70124676823616 4.391245797276497 58.32041653990746 17.99325492978096 50.35353495180607 8.098330244421959 2.787863716483116 0 0.1592473238706589 0
17.93663455545902 5.748397007584572 11.78899292647839 0.9523581117391586 1.783820264041424 71.28551918268204 6.164844699203968 93.41539923846722 2.746122568845749 58.99638498947024 3241.719443127513 50.49083685874939 79.5198817178607 91.48036060482264 0.1594172418117523 0.5627507492899895 224.1577537357807 940.7459589093924 1938.158856116235 27.49860513210297 5.251439914107323 0.9855366870760918 26.3047282397747 4.746837481856346 63.44341634213924 3331.077546052635 433.464833445847 4.538423858582973 165.8909261003137 36.67566747963428 77.77177178859711 30.74104769527912 2.167277380824089 2102.745820753276 10.18251045793295 566.978952139616 1159.695611380041 1965.382535889745 492.8175223097205 35.849814042449 2.008508160710335 15.40497649461031 4.090229541063309 0.1954602375626564 3.772182174026966 1.152617454528809 0 0 0 2.027372844517231 0.09407266229391098 1.796161167323589 0.2969069555401802 11.66874741017818 0.09264197200536728 84.49453464150429 0.8716442883014679 0 0 0.9990114271640778 17.94684466719627 20.23062444478273 0.09584589302539825 0.2429131492972374 0.786552220582962 0.5484217256307602 3.601936422288418 25.19726759940386 354.2118288949132 313.2305810004473 2.076420351862907 0.4938011765480042 0.390569768846035 58.23824015259743 0 0 1.971792459487915 4.500569596886635 10.80034276098013 9.890152104198933 9.162234500050545 2.268471285700798 0.6942170038819313 0 0.264330193400383 0
42.26200154423714 20.06947764009237 54.34801959246397 1.549807325005531 0.244960218667984 47.69029031693935 11.39641750603914 69.8989924415946 2.729249998927116 49.41272271424532 461.5823434069753 25.0718512237072 10.05154589563608 76.85981454700232 0 3.431833729147911 2505.142783202231 1938.158856116235 2141.551185004413 16.70508001744747 58.09963326901197 2.343282401561737 325.1207397729158 11.34494441002607 8.439721845090389 3573.685804262757 1688.418136388063 10.07761988788843 168.2420033067465 239.6882717087865 5.084329418838024 8.189911015331745 10.39368671178818 3627.532761074603 11.34702827781439 728.7894104123116 780.772387675941 2289.715788990259 572.508650995791 17.1315291300416 2.491051644086838 5.110410951077938 4.009133137762547 1.140876591205597 49.33814717084169 30.37932354956865 0.1217570826411247 0 0 4.714655615389347 0.8587637692689896 2.40788047760725 0.1019906252622604 0.6988764926791191 0 1.999538838863373 1.348750628530979 0 1.389882259070873 41.24359411001205 5.032234095036983 143.3991763815284 0.2961117997765541 1.805374719202518 1.528613016009331 3.896396733820438 3.078167282044888 12.83396828174591 711.1177423670888 749.0191740319133 4.931399494409561 1.877220876514912 9.325107246637344 2.558605216443539 0 0 11.04605889320374 7.040552705526352 46.16207760572433 28.11892607063055 32.91958957910538 5.526748068630695 1.208992458879948 0.2884179949760437 0 0
160.3618505522609 0.276262030005455 3.883088327944279 8851.594515867531 14.88720930367708 896.1200881525874 210.3841359987855 192.1439185738564 382.3160985484719 10337.57438790798 44.39117515087128 7577.834516428411 6.742255970835686 359.0254521071911 156.5721229463816 0.9573057889938354 5.793428875505924 27.49860513210297 16.70508001744747 1270.067119136453 6.257188633084297 0.3344283476471901 5.872741766273975 698.5644797831774 0.4563390016555786 24.84250649809837 10.64666049182415 3743.729287460446 595.9494502320886 28.36935323476791 0.661750502884388 16.57444440573454 45.73862662166357 236.0224648937583 5.771126270294189 1170.244424119592 26.6607212126255 584.1173265501857 138.3133643344045 631.5690186470747 30.85547292232513 3.030642084777355 17.72661039233208 2.155186764895916 0.0886763408780098 0.8197041451931 160.817629031837 0.5853114128112793 10.0712438300252 132.1903115808964 67.25483298301697 132.7332130596042 166.5275506973267 4.967290677130222 85.22444231808186 0.3951511234045029 22.04224763065577 7.942961074411869 0.2097118198871613 0 0.6893292888998985 1.730053126811981 296.7679657712579 1.302049644291401 0 0.6005094051361084 156.6837427318096 0.4203330352902412 0.8076186403632164 2.713206700980663 178.7771364226937 13.9776383638382 11.46743515878916 0 0.4987165927886963 0.6183995753526688 5.390976339578629 0.5991286933422089 72.23472636938095 0.7438830807805061 33.01030880212784 2.244041800498962 282.3151467517018 1.532768219709396 2.647846937179565 2.205117285251617
154.1862585097551 10.73534023016691 1156.505562707782 5.635762065649033 0.4005251377820969 240.7459717541933 1123.441051661968 527.5667285174131 41.11406657099724 516.5708424597979 3.647281177341938 1.863244853913784 2.81567158550024 302.8912820070982 0.8211716264486313 5928.146851353347 743.2223078086972 5.251439914107323 58.09963326901197 6.257188633084297 24952.60195921361 219.7476715967059 15706.5760474056 441.0847748145461 0.4642262309789658 55.55341761559248 813.9142068549991 5729.832245491445 322.9812924265862 7172.608618713915 0 1.864398144185543 110.0527512580156 3815.311755254865 176.0187507048249 7893.03904312849 1399.483226530254 3853.824039101601 3032.800281517208 292.5018542781472 9.413667529821396 2.944398000836372 60.98365738987923 3.805845901370049 1.550018228590488 35.34310214221478 2.083727717399597 0.1158096417784691 0.4631775915622711 25.81779013574123 4.37142127007246 51.22293951362371 2.325285665690899 0.4314592108130455 0.5829558297991753 0 3.231094509363174 0.3791845962405205 731.9677759706974 8.501557305455208 0.1565260142087936 2.897424466907978 1.142893709242344 783.9285360574722 219.0927940681577 416.2498477697372 302.1756976619363 0.2413434982299805 17.31758615374565 65.04744118452072 367.4191838055849 26.08151023089886 394.4341168552637 0 0 8.708709836006165 50.76674149185419 23.02875249087811 415.4726442322135 16.05651596933603 81.0275544822216 35.29543997347355 19.67814588546753 2.665754720568657 0.7341443300247192 1.502295129001141
5.932953774929047 1736.606276191771 124.3730529695749 1.523791320621967 3.634308055043221 4.179653115570545 22.46518610417843 6.158145107328892 4493.794381700456 6.990601308643818 1.734376288950443 9.02081598341465 59.91137409955263 5.196685597300529 12.63139779120684 2496.808501802385 10.78261457383633 0.9855366870760918 2.343282401561737 0.3344283476471901 219.7476715967059 1233.663405008614 508.9539224952459 4765.04734390974 388.4636248871684 22.35558503866196 3164.400893114507 248.5868098288774 25.86350808292627 36.23024862259626 1.546879298985004 0.3463152125477791 5.899381920695305 10.49245385825634 1.88328443467617 59.64911118894815 26.19503439217806 28.67693595588207 18.59562117606401 67.08120217174292 0.1628611534833908 1.419413842260838 0 1.740842886269093 56.21305187046528 220.1869184821844 1.521279461681843 0 0.1252041459083557 16.13435991108418 2.013880789279938 62.4631876423955 0.622573122382164 0.2153449282050133 0 0.1196411922574043 1.49956713616848 0.4993515312671661 1160.220936775208 25.66983640193939 0.3467964455485344 2.46977973729372 0.5537121742963791 271.0624115094543 398.5634365528822 918.1213717237115 143.8312509730458 1.340571910142899 22.92676071077585 1822.481718473136 109.7248190417886 5.299017995595932 67.316211797297 0.3489471822977066 0 0.7820245623588562 23.80340315401554 8.248968936502934 282.990977473557 52.11259101331234 78.7999417707324 55.39013787358999 15.10628093779087 0.3847369253635406 1.041524931788445 0.6629782915115356
304.0544247180223 41.10108438879251 7964.866544805467 6.086822055280209 0.65292789041996 274.5885718613863 1388.029835768044 781.9805817306042 42.90020723640919 567.4562922716141 9.456007614731789 2.60332016646862 19.84041779488325 624.2302460968494 0.9593513086438179 4268.914186820388 2789.605469487607 26.3047282397747 325.1207397729158 5.872741766273975 15706.5760474056 508.9539224952459 21067.51506601274 808.6194518133998 3.563003830611706 1313.556414619088 12256.018167831 3598.730761870742 359.5768981352448 4603.17302390933 0.5646229684352875 2.105673313140869 54.33532790094614 4728.969341292977 236.215612128377 9722.719194509089 7187.053441129625 8066.968846641481 5984.090483143926 653.6149124652147 10.50638520717621 61.5451285392046 94.39782374352217 6.346766397356987 29.2857149541378 500.4534096121788 2.133006535470486 0 0.4355815947055817 44.25916205346584 10.69734188169241 42.52036154270172 3.563092395663261 1.494830422103405 1.944054134190083 0.3382894992828369 10.42234294861555 0 1217.741300985217 41.03963120281696 0.4899628460407257 4.503887750208378 2.268584847450256 397.9494508728385 942.2798004224896 2061.080759197474 136.4257706031203 3.206177651882172 24.60738136619329 2144.274481192231 162.9016144573689 20.42967741191387 146.8448587805033 0.2244523912668228 0.07247976213693619 3.248965568840504 60.59059402346611 51.88183581829071 585.5389481410384 83.86366183310747 183.8521324917674 127.9273331016302 27.2609818354249 1.856028810143471 2.537374719977379 3.91833770275116
159.4584477245808 776.5675921142101 104.0463942289352 2668.50532501936 48.26329346746206 454.538993306458 1772.590892031789 338.8821033164859 8347.49715206027 580.65212803334 7.026949368417263 759.1831413581967 18.3801851645112 154.6048833057284 238.5841256678104 2590.579016372561 75.54288806021214 4.746837481856346 11.34494441002607 698.5644797831774 441.0847748145461 4765.04734390974 808.6194518133998 10904.66533458978 75.0042567178607 61.96967677026987 2964.469288617373 10025.18249952793 942.3322581201792 2494.199503704906 1.089717254042625 7.382791139185429 207.4620686545968 348.6178053319454 32.24736960232258 1943.034223951399 66.30968073755503 558.2679845094681 239.0812465623021 1065.674356304109 25.88341057300568 1.685125775635242 18.29470122605562 44.23801919817924 2.860383421182632 31.15080874413252 240.3707236126065 0.7538565993309021 10.69954787194729 308.2602876573801 83.13451794534922 1296.447124674916 172.5495858862996 7.373526230454445 98.21460738778114 0.6362336948513985 73.94169870018959 10.20196549594402 180.843590348959 6.269439347088337 2.147461093962193 7.091721832752228 365.5660357996821 132.3598602712154 114.7012576684356 86.7672461643815 1225.443005882204 1.311918377876282 26.90564640983939 58.9506613984704 984.3990011736751 161.7301359809935 423.7801020145416 0.6924200430512428 2.486917179077864 15.11709428578615 71.80070265382528 5.940517574548721 324.569066375494 7.083536483347416 131.3504116758704 48.00263714045286 474.6801081299782 7.589696995913982 0.4456550925970078 1.566252999007702
0.4806012064218521 2806.743152335286 1.820520430803299 0 0.201047308743 3.308481521904469 0.2368039935827255 4.553845435380936 121.28094766289 1.809184163808823 290.4182923436165 1.255033314228058 5638.727955289185 3.289345547556877 0.7933027669787407 3.171957299113274 1.867270886898041 63.44341634213924 8.439721845090389 0.4563390016555786 0.4642262309789658 388.4636248871684 3.563003830611706 75.0042567178607 456.3549162596464 1161.939446642995 5567.974851585925 1.783716663718224 5.10612516105175 0.811500608921051 656.1043147668242 2.337635919451714 0.1413843184709549 98.81093951314688 6.033891916275024 58.39148903638124 384.7249475046992 347.3111935853958 96.81632848083973 4.484031602740288 3.651905439794064 288.2794389426708 0.4763091057538986 0 25.47293761372566 0.9241690561175346 0 0 0.08496474474668503 0.5289245396852493 0.4374809414148331 1.113767206668854 0.08990735560655594 81.02671710401773 0 608.1781767457724 0.07892115414142609 0 0 0.7269512787461281 6.963132709264755 14.42525843530893 0 0.1200381517410278 0.8391078561544418 0.1257327497005463 0.3826278001070023 144.4782366603613 261.0950012132525 768.7408006414771 0.1802982166409492 0.2808355540037155 0.9509938359260559 44.62178434431553 0 0 2.395003505051136 0 8.010332770645618 39.42182806134224 27.65473412722349 1.682820931077003 0.3740788549184799 0.9154375791549683 73.50494796037674 0
160.5737755596638 201.1143814027309 8184.850789301097 2.373785518109798 2.348612792789936 190.9990388527513 196.1523398831487 547.3248264119029 16.69204852730036 222.1904545910656 2829.538527227938 38.73203130811453 513.449194572866 390.7257486283779 0.3342070579528809 4.536585509777069 1472.891580864787 3331.077546052635 3573.685804262757 24.84250649809837 55.55341761559248 22.35558503866196 1313.556414619088 61.96967677026987 1161.939446642995 37130.12449529022 20700.24168843776 49.0376510322094 327.9072793275118 292.855625629425 777.1191133111715 27.512202732265 27.38156574964523 1829.090944372118 33.26301168650389 2657.77479301393 5220.521079681814 3919.29563473165 1295.699611164629 55.88610876351595 3.718189634382725 90.38788298517466 13.69086892157793 4.392349153757095 262.4501951634884 155.8638224452734 0.3499702289700508 0.08855472505092621 0.7310564890503883 17.97367741167545 2.874570459127426 8.056380838155746 0.8199140429496765 180.5552516132593 0.4826509281992912 1127.494976341724 8.211529895663261 0 2.942033037543297 275.8842968791723 165.5362284108996 598.767828322947 0.7267432734370232 8.523138210177422 10.62237547338009 10.56792535632849 18.26434595882893 430.3139421120286 5133.252874456346 6120.327072329819 16.96052595227957 7.385928332805634 34.05555442720652 513.1060855984688 0.5030620023608208 0.6924363672733307 48.04661171883345 12.68601480126381 249.6783912554383 222.9642750546336 228.1827246025205 40.10706726461649 4.423886679112911 0.6251833438873291 7.978411339223385 1.222842991352081
46.34632889181376 9689.617480538785 6340.246177397668 6.015273183584213 0.992917113006115 42.78195076435804 204.2700694277883 71.87119578570127 626.4432093128562 76.47324619442225 366.3412918671966 16.22971928864717 3644.382693901658 73.90290582925081 4.710001692175865 4058.998787656426 4257.747533470392 433.464833445847 1688.418136388063 10.64666049182415 813.9142068549991 3164.400893114507 12256.018167831 2964.469288617373 5567.974851585925 20700.24168843776 39921.7305938825 1613.738056458533 111.0545857772231 218.4021013528109 1311.721661150455 5.419279247522354 11.27192267775536 1892.555572390556 132.4097503647208 7200.276724532247 5726.124570466578 6834.325406752527 2801.465402983129 245.1525000035763 5.009595647454262 86.83525045961142 45.38802895694971 9.808986023068428 2033.215653397143 1899.083822473884 0.9463501796126366 0 0.5935604870319366 64.33189513534307 14.36799065768719 32.64925573766232 2.150216169655323 83.257235057652 1.378284811973572 342.4248607456684 16.94419471919537 0.1640410125255585 367.6948421895504 1012.972418248653 86.29351179301739 786.6403868347406 1.726058304309845 99.66880802810192 1464.15563455224 1279.469753459096 68.86817310750484 534.5321794748306 5128.677113927901 15810.28693905473 65.54822704941034 16.09515125304461 112.4649328589439 233.552346713841 0.8627616614103317 0.658901110291481 164.0518447905779 43.45597929507494 975.7165017351508 400.3393570631742 645.2593243420124 199.7976109683514 28.65433168411255 1.592238791286945 8.09176991134882 7.93637315928936
