1248.632392734289 0.4717259481549263 63.89551378041506 1.821325242519379 2.286843903362751 28.59315003454685 1062.620380565524 1069.770546659827 11.01020868867636 95.64983091503382 9.991106480360031 6.959249034523964 0.7796487882733345 8847.160193368793 0.5212656036019325 0.3594569265842438 131.890073210001 5.188190430402756 26.09754776209593 1.756622418761253 66.05869232863188 0.3059837371110916 56.20475157350302 31.56997646391392 0 24.60081367939711 23.74800090491772 63.85639111697674 3363.449916832149 3472.610701672733 0.4557913169264793 19.44222737848759 10.59545152634382 205.4979379102588 0.5550906732678413 37.03430706262589 7.907780416309834 150.0435772612691 18.75635427981615 5.776597857475281 4.981210969388485 0.9490588530898094 0.8165703564882278 0 0.2360845059156418 0 0.3413069993257523 0 0 8.598404414951801 0.1260541677474976 2.514695756137371 1.160779871046543 0 0.3756552040576935 0.1203795149922371 0.4239657074213028 0 4.357828572392464 0 0 0.2195578143000603 0.1488623917102814 2.834671668708324 0.7360634133219719 0.4918456822633743 24.9925588965416 0 1.061356022953987 1.528570741415024 21.13362585753202 1.516295418143272 7.720561310648918 0 0 0 0.4417739138007164 0 8.562369108200073 0 1.448161460459232 1.775203309953213 0.7697121500968933 0.6957599595189095 0 0
0.4717259481549263 208.0822093188763 869.1695815548301 0.5005933046340942 1.059878796339035 1.417904444038868 5.332262821495533 4.212638549506664 479.8551615402102 1.237993858754635 107.9403854310513 3.093538008630276 681.3048258945346 2.910195656120777 13.75095500051975 305.4929835647345 282.2983795553446 5.44618071615696 118.2217141017318 0 10.52296379953623 2664.45321623981 42.12245714664459 906.6473817974329 2238.625186808407 785.106631167233 4847.904859207571 54.55181119590998 2.188999988138676 1.565725579857826 41.95100504159927 0.3999227657914162 0 127.753180205822 3.726502940058708 158.4583572670817 165.3123700916767 278.5542988032103 124.5464410185814 9.799988210201263 1.333263456821442 118.6306458562613 0.6401069164276123 0.1045660600066185 69.53690974414349 28.08740505576134 0 0 0.103247158229351 7.172433070838451 0.8537578359246254 5.781049102544785 0.27247703820467 3.849514707922935 0.1474305391311646 7.44431958347559 0.9379050359129906 0 3.599864296615124 60.56413891166449 2.988652355968952 61.17750213295221 0.9013401046395302 1.200497716665268 23.48944162577391 9.214421883225441 15.46688067913055 35.58837413042784 426.0160073041916 969.2105502188206 10.00507035851479 0.8050603941082954 2.372849404811859 3.267679192125797 0.109210692346096 0 11.09563238918781 2.152129285037518 47.09372697770596 20.68632262945175 79.88155201077461 27.43288289755583 1.023520097136497 0.2892393544316292 2.511554583907127 0.4904190450906754
63.89551378041506 869.1695815548301 3507.008631385863 23.83203290402889 1.824585385620594 73.69872863590717 1290.151585586369 813.6046198755503 4.285320669412613 137.6484892740846 31.57392313331366 2.382962450385094 14.61732865869999 412.0390058383346 0.09497161954641342 11.57526804506779 5712.88818103075 85.68360943347216 474.3623267561197 4.997104302048683 567.016848295927 170.1022979393601 10198.80623146147 70.19194433838129 70.33671741932631 3898.066773213446 5669.609196349978 983.3403148949146 96.44883559644222 302.7397407740355 2.263032801449299 10.81422164291143 3.809664241969585 800.9611892923713 40.71722868084908 1486.792668834329 2192.275027573109 2956.100980617106 1187.121656998992 47.97457304596901 18.67883376032114 6.883837901055813 18.85818353295326 0.2499722391366959 182.2158265858889 144.5933723896742 0.4439284056425095 0 0.2916682809591293 7.3108816370368 4.387619286775589 1.290335677564144 1.633212864398956 1.676377952098846 0.1418159902095795 0.4094787538051605 1.019317358732224 0 8.696662776172161 177.8526668474078 0.5449678897857666 15.54317987710238 0.1431100964546204 1.456855267286301 42.15028287470341 57.97791714966297 19.6656449586153 1.429952204227448 177.2905832827091 1991.812247477472 17.6636765152216 0.1946464776992798 6.658867090940475 0.1993919089436531 0.2710822373628616 0.5230889916419983 20.81605345010757 9.756915077567101 54.80672040581703 11.94124370068312 142.5807100832462 31.44466079026461 1.121148005127907 0 0 0.1359285265207291
1.821325242519379 0.5005933046340942 23.83203290402889 3210.720617368817 0.7177340686321259 25.44485902786255 64.41514978557825 19.24123871326447 666.9084177240729 1487.607454165816 0.8129801973700523 4141.695840209723 0 12.02063026279211 11.43470159173012 0.1590597480535507 1.345301866531372 0.2521717473864555 0.8122783750295639 1752.346348941326 0.6128838211297989 1.693243630230427 3.471098251640797 2022.173744224012 0.09990916401147842 13.09955970942974 4.425561666488647 3741.75856397301 24.16589481383562 1.928666591644287 0.1646667122840881 2.586450502276421 2.319821611046791 17.95429193228483 2.841152936220169 110.4561328962445 4.738338507711887 38.39802394807339 15.15124689042568 18.66197054088116 12.57273846119642 1.434090256690979 6.515584409236908 0.3876906335353851 0 0.5864384919404984 108.1979865729809 0.1883138716220856 6.640717096626759 70.34385987371206 3.721522621810436 85.09844040870667 223.3399480432272 0 97.71649077534676 0 3.177234716713428 14.76885973662138 0.1266152560710907 0.2145037353038788 0 0 174.6312174350023 0.908387079834938 0 0.2072504088282585 278.4075137451291 0 0.6785705089569092 0.397743359208107 132.4559590443969 3.52181638777256 0.3882444426417351 0 0.5929415225982666 0.1030012220144272 2.939747579395771 0.3734356760978699 32.76811150461435 0.5129404515028 5.517090126872063 1.751500330865383 76.74673867225647 1.505942121148109 0 0.1348785609006882
2.286843903362751 1.059878796339035 1.824585385620594 0.7177340686321259 45.05128466337919 411.9944531321526 10.86090455204248 86.30718594044447 51.68074974417686 40.65323758870363 78.59934608638287 77.65212596952915 10.234165802598 18.9455182030797 590.0505891144276 0.3159116208553314 1.625871866941452 8.994637437164783 11.7949461042881 2.611484065651894 2.561855487525463 0 3.242697931826115 4.111690431833267 2.158241130411625 13.86653787642717 12.96533121168613 8.49393655359745 115.7426226735115 8.103777416050434 5.057567343115807 82.20796771347523 0 1011.89544878155 5.834768548607826 131.5372693911195 24.05019960552454 534.9890379682183 78.37858916819096 1278.177410587668 350.4262699186802 30.87191037833691 8.072646394371986 0 0.1117738336324692 0.3236165642738342 0.4510108977556229 0.3422531634569168 0 0.7208627462387085 0 0.250896692276001 1.475159630179405 0 2.01445560157299 0.1970079615712166 0.1426045000553131 1.337986007332802 0 0 0 0 2.979582272469997 0 0 0 2.531170941889286 0 0.6827152371406555 0.08476410806179047 1.2907310500741 0 0.3273549973964691 0.7156352624297142 0 0 0.248477965593338 0 2.022501602768898 0 0.2438611537218094 0 0.4820065349340439 0.2532131373882294 0 0
28.59315003454685 1.417904444038868 73.69872863590717 25.44485902786255 411.9944531321526 6147.000785559416 3108.370855353773 6009.36187312752 146.0874695405364 4200.026864744723 73.34876371175051 3164.626694411039 14.58828669041395 626.3438927605748 1460.693958841264 0.3420360386371613 20.67535675317049 16.67200320959091 20.28162083774805 83.39977650344372 6.45888152718544 0.3516031205654144 23.05943980067968 34.93630082905293 6.70507238060236 52.02839128673077 26.62623927742243 520.2093743234873 319.7402578294277 57.64868446439505 8.940007172524929 686.8721399307251 3.656858518719673 677.6816774010658 37.91111537069082 605.1845691204071 60.48273813724518 769.2135796844959 134.3896517306566 1946.662392817438 293.6716928854585 44.1291845291853 21.09691735357046 0 0 0.09438183903694153 11.88174011558294 0 4.129997327923775 78.80321928858757 2.058875888586044 7.114245429635048 29.22707358002663 0.4584598317742348 13.86780846118927 0.09745766222476959 0.7085485532879829 1.331955268979073 0 0.3021899834275246 0 0.2195206433534622 12.3114218339324 0.753590427339077 0.3017878383398056 0.1129864305257797 100.0197779685259 0.2332594469189644 1.18724463135004 2.743132956326008 68.61061015725136 4.414994090795517 2.358070008456707 0.4883996844291687 0 0.2211711034178734 1.405912220478058 0.9189332574605942 22.78489840775728 0.6306584030389786 6.158944129943848 2.856699511408806 25.13014662265778 0.8321401476860046 0 0.7275041341781616
1062.620380565524 5.332262821495533 1290.151585586369 64.41514978557825 10.86090455204248 3108.370855353773 17777.1991186738 6648.440574809909 295.0469141602516 4579.131380885839 15.90343999117613 33.61337172985077 3.357543252408504 4695.329304397106 26.68313528597355 3.172635771334171 106.8195709437132 7.553766161203384 16.9717930778861 26.25041384249926 220.0759843662381 6.337693639099598 800.4980155453086 1210.531270556152 1.252868518233299 291.1232590526342 135.4216359183192 18159.91216100752 434.3008408844471 2978.184953682125 2.480355188250542 37.50651083141565 18.31295558065176 230.0693792179227 16.5357825756073 894.6958101093769 49.15977687388659 461.8461653888226 129.9529168978333 99.94387449324131 51.25876273959875 3.927293673157692 20.03757099807262 1.905203625559807 1.361931443214417 2.859117329120636 7.854527600109577 0.4945885241031647 1.624871760606766 191.7772343307734 5.295573808252811 39.57129538059235 31.82784695923328 0.7228504419326782 1.912095993757248 0 8.646409958600998 1.719052314758301 3.759181059896946 1.54455678164959 0.1095046103000641 0.3387453481554985 16.64437576383352 5.592854753136635 1.63203252851963 5.432185485959053 365.5616724789143 0.1167556270956993 2.754877038300037 17.21612770855427 339.6426178440452 23.77059884369373 63.60246700793505 0.1284758746623993 0.2470858693122864 1.834100060164928 8.901325583457947 5.165476709604263 81.42931305617094 1.245464198291302 27.10387520492077 10.56996528804302 16.4356005191803 5.809858851134777 0 1.837931349873543
1069.770546659827 4.212638549506664 813.6046198755503 19.24123871326447 86.30718594044447 6009.36187312752 6648.440574809909 9116.115393295884 80.17781060934067 2673.645552970469 102.6880326122046 841.1750666499138 15.36198602616787 8747.787491314113 171.8060294985771 0 586.5731716230512 39.11539828032255 114.6219788789749 64.83616078644991 214.5817586034536 0.4854854717850685 425.9519880786538 54.0784856826067 6.702495783567429 250.1379209905863 114.0337390452623 324.6105850040913 882.7280511111021 2269.92505171895 9.704277381300926 448.3554155752063 10.29354944825172 743.38860591501 14.8232631534338 457.1160426139832 82.10970417410135 786.5932988226414 149.0989892408252 881.4807752519846 145.5789047554135 33.59869983792305 13.70396661758423 0.1218869984149933 1.984473392367363 2.455358251929283 8.577209085226059 0 0.2559097185730934 186.3977517411113 4.95056564360857 20.4887098968029 39.87284648418427 0.4587239399552345 5.284970551729202 0.5481187850236893 4.885931685566902 1.511980473995209 0.3679827377200127 2.818303406238556 0 0.3111295625567436 16.41941665112972 3.088950611650944 1.085265077650547 2.074672602117062 228.6930449903011 0.2008028477430344 4.92884624004364 25.17643807828426 186.0098758712411 15.66889809817076 24.7145249247551 0.3210604563355446 0.3587776049971581 0.311344787478447 5.209825895726681 2.764311522245407 48.78271164000034 0.2909012883901596 18.40413043648005 8.391285009682178 12.75670501589775 2.080416977405548 0 0.6707488596439362
11.01020868867636 479.8551615402102 4.285320669412613 666.9084177240729 51.68074974417686 146.0874695405364 295.0469141602516 80.17781060934067 689.0691124722362 151.3195186406374 13.07231236994267 2286.446251399815 60.66834500432014 41.06439264118671 1604.594976358116 24.16659125685692 1.400872327387333 1.876257933676243 1.107773318886757 858.0284045115113 4.677814677357674 2951.843573354185 4.768786534667015 8164.450961202383 260.2157526910305 16.33833120763302 160.6367245242 1290.555797718465 58.63201448321342 61.77293027192354 10.33330573141575 9.879317872226238 9.668544009327888 48.88030093163252 7.755195789039135 426.8993837758899 84.37208250164986 96.24091240763664 32.82872326672077 381.9067076817155 15.9206708073616 6.898951523005962 7.842581667006016 1.347672797739506 0.4673571586608887 1.256179392337799 129.2555455490947 2.676959335803986 25.9264190942049 117.7325700968504 5.600999981164932 84.41512744128704 200.8411636725068 1.487777270376682 223.6713854819536 0.1537593752145767 10.4593401029706 41.16119092702866 54.62623515725136 0.4822041466832161 0 0.1573516130447388 263.1369038969278 10.89601331204176 40.15855655819178 3.897040285170078 881.7683058157563 0 1.727440364658833 3.403101660311222 265.6806412041187 17.72326049953699 42.94691859185696 0.6997896134853363 0.5146211236715317 1.569535404443741 7.303708739578724 2.89624185860157 49.09134686738253 1.861168891191483 17.08299177139997 8.372274838387966 67.69825218617916 2.110146313905716 0.1569422334432602 0.8927610740065575
95.64983091503382 1.237993858754635 137.6484892740846 1487.607454165816 40.65323758870363 4200.026864744723 4579.131380885839 2673.645552970469 151.3195186406374 45740.14821908623 39.68037408590317 4852.5648349002 8.329150766134262 844.5665791109204 17.63035690784454 0.7657856047153473 11.68187563121319 11.10780405253172 14.54876454174519 3965.491953499615 6.547236509621143 0.5903607234358788 33.80891969799995 267.2831144034863 3.256358362734318 67.89228332042694 24.61885356158018 5762.836757436395 458.0701167583466 26.70264927297831 5.838177278637886 109.1219305768609 15.93662933260202 472.9834709763527 40.28000044822693 1615.264704488218 137.0035769566894 1018.092451155186 163.3229955285788 300.3865401893854 164.2200352922082 12.66306916624308 64.71183063834906 0.2070127576589584 0.238771066069603 0.7611255645751953 87.02516459673643 0.4193932116031647 11.10974247008562 114.759777598083 4.294163711369038 32.86499850451946 132.1986059993505 0.8017988353967667 86.38081330060959 0.6724615916609764 6.545897401869297 8.268056437373161 0 0.107162244617939 0.1326959580183029 0.1402574628591537 63.08812031149864 1.733960993587971 0.1250249892473221 1.506912663578987 203.0285208821297 0 1.086474306881428 2.110616408288479 108.5479241833091 9.318224519491196 3.536167472600937 0.6087154150009155 1.00144337117672 0.6579022407531738 4.129783354699612 3.481971025466919 31.22839373350143 0.9701707065105438 8.001033954322338 3.170693390071392 21.87327328324318 2.44279208779335 0 0
9.991106480360031 107.9403854310513 31.57392313331366 0.8129801973700523 78.59934608638287 73.34876371175051 15.90343999117613 102.6880326122046 13.07231236994267 39.68037408590317 10152.00074285269 68.09466083347797 2776.135654233396 97.56905845552683 2.723206266760826 2.260524943470955 356.8898009434342 2622.377481117845 1097.414116553962 3.183849684894085 30.45057487487793 49.00556860119104 69.30191326141357 11.05013862252235 796.0450423583388 3189.843169562519 1583.986953675747 9.922009587287903 188.2807381749153 34.49956753104925 1528.193872317672 226.9226740822196 2.658492915332317 4047.535512648523 3.753329686820507 310.2381906211376 2336.766086265445 2716.055941313505 433.9161554425955 9.263372287154198 11.30269890278578 417.5026101991534 1.260790355503559 0.3119542896747589 6.075715661048889 0 0 0 0 1.417165793478489 0.6022541970014572 1.629788838326931 0 324.9356958195567 0.1146913096308708 807.69408916682 0 0.09399759769439697 0.5045676827430725 0.6260248720645905 22.94375931471586 4.28031349927187 0.5506426766514778 0.4596528112888336 0.3941916525363922 0.1583471447229385 2.610827513039112 92.47688756138086 108.1968458667397 179.0683410018682 2.181087724864483 0 0.4461081624031067 205.8214988335967 0.1236769482493401 0 1.809595100581646 0 1.642718963325024 49.52748794853687 12.45320218801498 2.040747635066509 0.7489235550165176 0 32.68937765806913 0
6.959249034523964 3.093538008630276 2.382962450385094 4141.695840209723 77.65212596952915 3164.626694411039 33.61337172985077 841.1750666499138 2286.446251399815 4852.5648349002 68.09466083347797 5208.722856163979 11.27269673347473 371.7427843809128 1090.189383551478 0.1848438531160355 1.544346384704113 16.99843417108059 15.05587375164032 4095.662903472781 1.490186959505081 7.742831401526928 2.584730327129364 713.1432775035501 5.326415546238422 25.37237648665905 19.00593645870686 558.4372207000852 248.4809493497014 10.02766212821007 6.627732262015343 218.4380123764277 0.4017153382301331 555.2845467552543 31.69406028091908 630.9423614218831 47.28198799490929 888.4002722799778 119.1451086103916 892.239322014153 106.5668525099754 17.90978509187698 12.91652610898018 0 0.6462157294154167 0.1143699958920479 133.9049145579338 4.168294750154018 26.12604623287916 29.83786878734827 2.949276559054852 124.4481664896011 233.4808291494846 0.3291712626814842 227.0791494473815 0.1132768616080284 2.192362204194069 60.20132235437632 0.09986738860607147 0 0 0 234.2774460837245 0.7747624665498734 0 0.1285991221666336 176.8110410049558 0.3092339634895325 1.102052688598633 1.285733230412006 80.2498459815979 0.9078021720051765 1.268758349120617 0.2554612830281258 0.7898009568452835 0 0.8359204828739166 0.257178783416748 61.01005879044533 0 3.047739319503307 0.1205248236656189 245.7096365243196 0.4370493292808533 0 0
0.7796487882733345 681.3048258945346 14.61732865869999 0 10.234165802598 14.58828669041395 3.357543252408504 15.36198602616787 60.66834500432014 8.329150766134262 2776.135654233396 11.27269673347473 2043.011462815106 13.35222851485014 6.42114482820034 9.704251319169998 1.409650646150112 38.65621059387922 7.187751032412052 0.8022335544228554 1.76642544567585 265.1715873703361 4.003021866083145 55.92878502607346 4724.825057797134 82.9137502387166 1847.280984453857 4.907033555209637 16.78990505635738 2.639740668237209 452.867719642818 26.21634364873171 0.1178587228059769 644.8985100314021 13.21874615550041 391.2660265564919 3685.912488788366 1447.92190284282 94.8702214807272 26.51220540702343 126.5781476646662 1064.454025857151 15.07676202058792 0 20.38261242210865 0 0 0 0.3236723840236664 2.736458584666252 0 1.06263480335474 0.09412604570388794 591.9881305769086 0.1358507126569748 1297.944856524467 0.4000796377658844 0 0.5305852890014648 0.1131367906928062 11.31842464208603 4.498031713068485 0.235333114862442 0 4.971581667661667 0 2.840433552861214 136.1465990021825 68.84110901504755 135.7485023215413 1.056222803890705 0.1669051349163055 0.1841375753283501 178.3468565046787 0 0 1.608087107539177 0.2652782425284386 21.3401086255908 335.4893715530634 6.092675633728504 1.794644311070442 4.121195316314697 0.3271456956863403 578.2992964535952 0
8847.160193368793 2.910195656120777 412.0390058383346 12.02063026279211 18.9455182030797 626.3438927605748 4695.329304397106 8747.787491314113 41.06439264118671 844.5665791109204 97.56905845552683 371.7427843809128 13.35222851485014 10487.59657727182 13.08876636624336 0.08153950423002243 405.2417256236076 38.93136074021459 98.60507120192051 27.53145637363195 168.7869304865599 0.9178898483514786 254.5751951038837 66.12950582057238 3.890753589570522 147.3355706334114 94.20014102011919 237.3199340626597 3908.915694519877 3034.431730695069 6.855115085840225 166.5728240683675 25.45165143162012 806.7767245471478 4.886190645396709 163.1179201751947 39.00911574065685 655.4186230376363 64.85946968197823 64.25445012748241 31.21698761731386 6.790950611233711 5.924441426992416 0.4292024970054626 0.7155619114637375 0.8671028390526772 0.1920571178197861 0 0 32.67480456084013 1.332001455128193 7.00782934576273 4.158258832991123 0.09407996386289597 0.8578050285577774 0.2094747573137283 2.357122160494328 0 5.543757572770119 1.215047158300877 0 1.044680163264275 3.033908352255821 1.909769579768181 1.108774520456791 1.338985569775105 79.90786760300398 0.2761190831661224 3.280462108552456 8.448663465678692 68.14456609636545 2.640669628977776 12.87785686552525 0.4682822152972221 0.08455631136894226 0.4506223499774933 2.108114242553711 1.508106134831905 17.09140344709158 0.3772989511489868 8.837228789925575 2.193144477903843 5.719747371971607 1.85119366645813 0 0.348977267742157
0.5212656036019325 13.75095500051975 0.09497161954641342 11.43470159173012 590.0505891144276 1460.693958841264 26.68313528597355 171.8060294985771 1604.594976358116 17.63035690784454 2.723206266760826 1090.189383551478 6.42114482820034 13.08876636624336 519.5156206935644 0.1439130157232285 0.5812119245529175 0.6082771718502045 0.3871521428227425 38.96456045657396 0.6521119326353073 54.10691525787115 0.3890427500009537 344.1728161051869 13.20982933789492 1.388875268399715 5.042653374373913 69.9094457551837 9.625772595405579 3.237482093274593 0.8764496445655823 278.9293482154608 0 19.23154829442501 2.417977303266525 323.5570702254772 10.70851904898882 54.48621000349522 4.943119667470455 2246.519698753953 8.654394209384918 0.5483684837818146 0.6330734044313431 0 0 0.3605820834636688 21.47274762392044 1.905796155333519 9.884049713611603 6.67546883225441 0.6880484521389008 14.94764543324709 64.20185542851686 0.4935689270496368 73.25823405385017 3.121751308441162 0.2901715263724327 26.48833426833153 0.1818300858139992 0 0 0 73.14893732219934 0.08345188200473785 0 0.1668180078268051 40.99713668972254 0 0.115090049803257 0.4176097214221954 14.70470858365297 0.1729015558958054 0.1323855072259903 0.1073814481496811 0 0 0.198456272482872 0 65.4561405479908 0 0 0.4110377132892609 160.2008716464043 0 10.49018049240112 0
0.3594569265842438 305.4929835647345 11.57526804506779 0.1590597480535507 0.3159116208553314 0.3420360386371613 3.172635771334171 0 24.16659125685692 0.7657856047153473 2.260524943470955 0.1848438531160355 9.704251319169998 0.08153950423002243 0.1439130157232285 1544.086078025401 13.70440378040075 0.1564589142799377 1.545206263661385 0.1433372497558594 3153.830189228058 2368.882278770208 2637.208291731775 2742.241497308016 43.09970433264971 18.49312777072191 1546.477239310741 1934.614641241729 2.781233571469784 62.84721006453037 1.438403695821762 0 0.167479619383812 39.54903469979763 21.69788192212582 1987.498547576368 1066.105822950602 320.3028200417757 360.352990232408 66.64754265546799 2.864781089127064 0.9076504707336426 16.35990450531244 0.4795042723417282 5.940346457064152 20.49457582086325 0.3366529047489166 0 0 2.489047646522522 0.7182760685682297 3.351609647274017 0.6127737537026405 0 0.1820616275072098 0.3628588020801544 1.058462291955948 0 3253.054815538228 3.663891531527042 0.2539207339286804 0.7864045575261116 0.09106410294771194 208.3148272037506 1490.386216498911 838.9765621721745 106.4683368802071 0.6856187283992767 9.562210276722908 638.4371922239661 49.5139371752739 0.7424937859177589 56.41567122191191 0 0 0.6903891861438751 2.626302316784859 3.903526932001114 99.89048873633146 27.21181760728359 17.18597221374512 14.98138223588467 1.697969526052475 0 0 0.5721249580383301
131.890073210001 282.2983795553446 5712.88818103075 1.345301866531372 1.625871866941452 20.67535675317049 106.8195709437132 586.5731716230512 1.400872327387333 11.68187563121319 356.8898009434342 1.544346384704113 1.409650646150112 405.2417256236076 0.5812119245529175 13.70440378040075 3292.583827681839 207.4540064409375 2561.502721592784 0.9450270533561707 380.9113010987639 10.69736398011446 3478.858524665236 21.34196659177542 16.57451999187469 2934.935085840523 3407.957552865148 112.7860209718347 268.9092051833868 516.6816586479545 2.153722956776619 10.68866447359324 8.133138060569763 404.4487846940756 10.19003387540579 399.1730971336365 1070.037326894701 708.1317044124007 434.0284808650613 11.04589593410492 5.327139638364315 0.3669469356536865 6.546910725533962 0.2161712795495987 166.1675472185016 60.60474452376366 0 0 0.1094112023711205 1.63772190362215 0.3439975902438164 0.3349841833114624 0.312897652387619 0.9973159283399582 0 1.965374052524567 0.7303013727068901 0 6.601036734879017 118.6725859194994 1.999891206622124 80.54066002368927 0 1.557131424546242 3.675299569964409 10.49707993865013 3.919280722737312 5.974495321512222 609.6053833663464 729.354150660336 4.720011875033379 0 1.564495451748371 0.270280621945858 0 0 14.4358349442482 3.602329023182392 65.41786254197359 22.70220116525888 152.9779713824391 39.82781387120485 0.150999441742897 0 0 0.1726510524749756
5.188190430402756 5.44618071615696 85.68360943347216 0.2521717473864555 8.994637437164783 16.67200320959091 7.553766161203384 39.11539828032255 1.876257933676243 11.10780405253172 2622.377481117845 16.99843417108059 38.65621059387922 38.93136074021459 0.6082771718502045 0.1564589142799377 207.4540064409375 119.5544521138072 1163.858113512397 2.54839638620615 6.722036525607109 0.4443873465061188 49.57279817759991 1.85212454199791 106.3819494843483 3114.236944571137 453.3142564296722 3.059234514832497 53.7363370731473 14.52099025994539 195.3254688084126 53.25551642850041 0.5893813818693161 731.5069537609816 2.159523531794548 253.8996822312474 458.6141682714224 1023.590844891965 362.1484315916896 4.570223242044449 2.598573409020901 19.19164127856493 1.914628319442272 0 7.665765374898911 0.3745269253849983 0.2386128604412079 0 0.1000367179512978 0.2079542949795723 0.7458608821034431 0.09962606430053711 0 116.9079874455929 0.2678474113345146 215.8136349990964 0.8991882130503654 0 0.1105990931391716 0.8458501026034355 60.69522003829479 11.61702460050583 0 0.149794265627861 0.2230895236134529 0.5700231418013573 0.6850796714425087 49.07728804647923 253.3957019820809 339.3636463284492 0.9292506277561188 0.194303572177887 0.1557349860668182 189.629334397614 0.2949652597308159 0 3.814834147691727 0.476884588599205 2.185276485979557 16.36379428207874 19.91362982988358 2.431959189474583 0.1603779941797256 0 0.9357757717370987 0
26.09754776209593 118.2217141017318 474.3623267561197 0.8122783750295639 11.7949461042881 20.28162083774805 16.9717930778861 114.6219788789749 1.107773318886757 14.54876454174519 1097.414116553962 15.05587375164032 7.187751032412052 98.60507120192051 0.3871521428227425 1.545206263661385 2561.502721592784 1163.858113512397 2598.443259730935 0.8371036648750305 29.56105770170689 1.751014329493046 270.2719247415662 5.497113801538944 214.151152446866 4584.679521769285 1490.704537302256 7.913490995764732 120.1227526888251 62.42021758109331 9.302277967333794 50.16022268682718 2.603184267878532 2831.187731422484 1.898557640612125 114.9335072338581 91.70044167339802 1253.62272683531 211.3347669392824 2.118248701095581 0.8569024726748466 1.023502536118031 1.533737435936928 0 58.95137040317059 3.660585060715675 0 0 0 0.4604648351669312 0.1023547500371933 0.2356434166431427 0.09198155254125595 24.85587425529957 0 25.42196718603373 0.5494961142539978 0 0.2439937740564346 12.42899321764708 35.74796561151743 111.622692912817 0.1261263787746429 0.6508662775158882 0.8950632140040398 3.997112594544888 1.315169304609299 39.96860972046852 543.4526828676462 432.1149400100112 0.7152472287416458 0.1459402590990067 0.3163525387644768 44.2224583402276 0.1256596893072128 0 7.950076796114445 0.7031627595424652 18.17256437242031 32.4457696005702 34.74202144891024 14.88963504135609 0 0 0.1764515042304993 0
1.756622418761253 0 4.997104302048683 1752.346348941326 2.611484065651894 83.39977650344372 26.25041384249926 64.83616078644991 858.0284045115113 3965.491953499615 3.183849684894085 4095.662903472781 0.8022335544228554 27.53145637363195 38.96456045657396 0.1433372497558594 0.9450270533561707 2.54839638620615 0.8371036648750305 499.0106793865561 0.2837408930063248 0.1190327256917953 1.891607657074928 776.3374530673027 0.1026086211204529 5.715366803109646 1.742820926010609 1565.57059378922 24.81882052868605 0.9273995906114578 0.4493451192975044 10.58356732130051 2.870611414313316 34.27180927991867 3.419331297278404 109.0875877737999 6.304195486009121 82.76423251628876 10.84940429031849 50.52693847566843 13.83583421260118 1.9073251709342 5.13086673617363 0 0 0.7984772026538849 73.23189856857061 1.688977107405663 12.2965472266078 40.71336940675974 0.4032226130366325 83.41765185445547 158.9824310690165 0.07537936419248581 93.6255276799202 0 1.488450646400452 20.27030002325773 0 0 0.114542230963707 0.3359052240848541 121.8718674853444 0.6359955072402954 0 0.3612764030694962 202.0696213170886 0 0.4047436490654945 0 71.70375188440084 3.202826969325542 0.3927447944879532 0 0 0.1413346827030182 0.5928634405136108 1.05368447303772 17.9614881798625 0.4953451156616211 2.383478194475174 0.5652314722537994 68.04919520765543 0.2383440509438515 1.001116514205933 0
66.05869232863188 10.52296379953623 567.016848295927 0.6128838211297989 2.561855487525463 6.45888152718544 220.0759843662381 214.5817586034536 4.677814677357674 6.547236509621143 30.45057487487793 1.490186959505081 1.76642544567585 168.7869304865599 0.6521119326353073 3153.830189228058 380.9113010987639 6.722036525607109 29.56105770170689 0.2837408930063248 10619.93474704027 125.9048218652606 9094.385646246374 533.0555857270956 1.819029591977596 42.76753677427769 338.6609591841698 2521.689392007887 167.877716511488 6762.441809736192 1.581624507904053 8.636077187955379 11.52203531563282 2466.657097503543 98.4867183342576 6637.865402005613 1650.990493305027 7170.812886692584 3141.142864614725 379.99146284163 20.32541348040104 4.831216864287853 79.76127068698406 0.1978125721216202 0.6992305517196655 6.399472966790199 0 0 0 4.029206521809101 0.3489280343055725 1.016877524554729 1.25995234400034 0.7384480834007263 0 0 0.9134175926446915 0.7402872443199158 855.9036854431033 1.63333722949028 0.1018150970339775 0.6258256211876869 0.1060331538319588 150.039778329432 385.0813662186265 135.129746735096 90.22388350963593 0 2.790959440171719 64.31911112368107 47.28028631955385 1.246966116130352 57.5991013199091 0.1885391771793365 0 0.3694231510162354 1.811369620263577 8.961128331720829 21.28588743507862 6.60673525929451 5.359809100627899 5.396942943334579 0.1512962281703949 0 0 0
0.3059837371110916 2664.45321623981 170.1022979393601 1.693243630230427 0 0.3516031205654144 6.337693639099598 0.4854854717850685 2951.843573354185 0.5903607234358788 49.00556860119104 7.742831401526928 265.1715873703361 0.9178898483514786 54.10691525787115 2368.882278770208 10.69736398011446 0.4443873465061188 1.751014329493046 0.1190327256917953 125.9048218652606 1447.385096482933 377.4055477529764 5933.483306393027 971.0076754167676 42.07860850542784 4164.219943664968 284.4494425803423 0.5741187110543251 9.335338100790977 19.67402362823486 0.1071270927786827 0.1541065126657486 43.87419482320547 0.8842514157295227 60.70312933623791 54.78566882014275 67.42248129099607 19.65627779811621 21.1013195887208 0.1523444354534149 25.76401381194592 0.176558718085289 0.2265818938612938 16.70960076153278 25.27128371596336 0.2367353141307831 0 0.2595771700143814 16.70562866330147 1.093138925731182 26.41106650233269 1.784075602889061 0.07820130884647369 0.1018201112747192 1.019558876752853 1.257171668112278 0.08433359861373901 1285.957521550357 5.618380263447762 0 0.8180380910634995 0.09824585169553757 38.17482770234346 442.0580630078912 373.9226376488805 93.78539008647203 1.649069979786873 16.39158783853054 1107.740789696574 44.63550884276628 1.560656905174255 17.12866313755512 0.1237164959311485 0.1573386192321777 0.1186805292963982 1.487877056002617 1.903139069676399 45.58168810606003 12.44631922245026 12.61004565656185 7.629179447889328 0.2417935580015182 0.1013046354055405 0 0.4151284545660019
56.20475157350302 42.12245714664459 10198.80623146147 3.471098251640797 3.242697931826115 23.05943980067968 800.4980155453086 425.9519880786538 4.768786534667015 33.80891969799995 69.30191326141357 2.584730327129364 4.003021866083145 254.5751951038837 0.3890427500009537 2637.208291731775 3478.858524665236 49.57279817759991 270.2719247415662 1.891607657074928 9094.385646246374 377.4055477529764 13549.67605780065 323.617229424417 3.754967644810677 898.2673586085439 6745.785449720919 3619.053249239922 121.1177045404911 2336.872591078281 2.498915240168571 6.430292367935181 3.08952721208334 1672.625036433339 137.4889177232981 8485.207156792283 5274.312755465508 7337.475822940469 5726.929563984275 403.6723615825176 27.75785507261753 12.61829113960266 110.4574122875929 1.77483893930912 11.83060589432716 231.9774265810847 0.3302604258060455 0 0.6120041012763977 8.607541218400002 15.37581253051758 1.516335926949978 5.727138176560402 1.944695264101028 0 0.4138933271169662 5.377225123345852 0 1232.438049994409 18.81594816595316 0.1162831857800484 3.174876399338245 0.2564835250377655 36.84126280248165 583.9394998028874 908.1980402171612 29.34693342447281 0.5611739158630371 19.09759438037872 2988.551512107253 11.71745497733355 1.021284267306328 13.5647142007947 0.2467735856771469 0 0 9.517891958355904 26.34710456430912 72.48253806680441 42.88736845552921 46.79099275916815 28.77281700819731 1.799659892916679 0 0 0.6203854084014893
31.56997646391392 906.6473817974329 70.19194433838129 2022.173744224012 4.111690431833267 34.93630082905293 1210.531270556152 54.0784856826067 8164.450961202383 267.2831144034863 11.05013862252235 713.1432775035501 55.92878502607346 66.12950582057238 344.1728161051869 2742.241497308016 21.34196659177542 1.85212454199791 5.497113801538944 776.3374530673027 533.0555857270956 5933.483306393027 323.617229424417 8991.902491703629 245.8639816194773 82.36998475342989 1864.777071304619 8309.298914790154 180.2968033775687 535.2800365313888 9.063180230557919 7.78417045623064 31.67268683761358 121.9125930741429 24.0824464187026 1409.345258750021 75.84141366928816 418.4454027414322 167.2643021121621 139.9467161819339 32.97904249280691 5.944947585463524 19.42666202038527 9.360072121024132 3.02719558775425 20.01835049688816 170.0584995225072 0.4192780330777168 29.80549165606499 940.2325034290552 37.9028691649437 593.9007413312793 477.6813059523702 1.439714126288891 113.1950089260936 0.442716971039772 48.20764315873384 24.56076204776764 1026.19709071517 8.155655205249786 0.6895722299814224 1.302453123033047 360.1536958888173 333.4390317797661 560.9410619735718 104.8186104297638 3574.406178995967 0.1784286499023438 10.84024790674448 61.89652560651302 2379.816106647253 143.2330602481961 677.9016501009464 0.1902497410774231 4.509750649333 10.16293513774872 43.87756837904453 21.30057387799025 487.8147154077888 8.246110029518604 154.6366708055139 67.12592490017414 157.4009818732738 18.19893892109394 0 6.988018207252026
0 2238.625186808407 70.33671741932631 0.09990916401147842 2.158241130411625 6.70507238060236 1.252868518233299 6.702495783567429 260.2157526910305 3.256358362734318 796.0450423583388 5.326415546238422 4724.825057797134 3.890753589570522 13.20982933789492 43.09970433264971 16.57451999187469 106.3819494843483 214.151152446866 0.1026086211204529 1.819029591977596 971.0076754167676 3.754967644810677 245.8639816194773 668.0308989211917 1110.087224394083 5033.420837819576 14.48948837071657 4.584844872355461 2.437874786555767 768.2746599987149 10.60392854362726 0.08700051158666611 852.2441195845604 1.436374694108963 409.9336625635624 639.544165968895 1027.069885186851 198.7052099332213 30.93524760752916 344.8627841174603 695.0992891490459 49.61651659756899 0 92.37486599385738 1.396426886320114 0 0 0 1.265618376433849 0.1142971813678741 1.7495321854949 0.3023679852485657 261.1392045989633 0 1110.299546428025 0 0 0.1150598153471947 2.843087576329708 39.88427007198334 36.42639529705048 0 0.1341522485017776 2.954223781824112 0.880950078368187 6.338778704404831 113.5732162892818 324.7564128562808 752.0849816501141 3.902482464909554 0.3000359758734703 0.2071170806884766 121.3196860998869 0.2414691150188446 0 1.176287457346916 0.2166157364845276 51.33652609586716 47.3212262019515 42.95960080623627 25.06987126916647 3.064226090908051 4.513020515441895 80.87837542593479 0.1642844974994659
24.60081367939711 785.106631167233 3898.066773213446 13.09955970942974 13.86653787642717 52.02839128673077 291.1232590526342 250.1379209905863 16.33833120763302 67.89228332042694 3189.843169562519 25.37237648665905 82.9137502387166 147.3355706334114 1.388875268399715 18.49312777072191 2934.935085840523 3114.236944571137 4584.679521769285 5.715366803109646 42.76753677427769 42.07860850542784 898.2673586085439 82.36998475342989 1110.087224394083 29220.77304855734 14267.79040300101 220.5744468048215 100.696056433022 57.4847107604146 565.4445041567087 61.49766536802053 4.087534710764885 1352.792947024107 10.12556997686625 901.404125854373 1966.729013331234 3823.478681303561 1432.703040987253 11.99302462488413 8.15422111749649 41.7492783665657 7.529668763279915 0.1802320554852486 273.6150709614158 29.76465457677841 0 0 0.4595020264387131 4.859193220734596 1.846750773489475 1.518727421760559 1.297717966139317 283.2752194553614 0.4832940399646759 644.5223191827536 3.493125766515732 0 2.07994183152914 80.75612840056419 194.3954490348697 314.2233874052763 0.215967983007431 2.144275806844234 4.049327023327351 10.67012622207403 13.73333255946636 312.0928915292025 1955.306309595704 2146.829906396568 10.89196817576885 1.392041906714439 6.04031153023243 470.8462344184518 0.9250722751021385 0.109136737883091 26.70737274736166 2.658302001655102 81.83768593519926 115.8711850941181 200.543704688549 66.99596025794744 0.5879844576120377 0.2933568954467773 3.222120195627213 0.8662771135568619
23.74800090491772 4847.904859207571 5669.609196349978 4.425561666488647 12.96533121168613 26.62623927742243 135.4216359183192 114.0337390452623 160.6367245242 24.61885356158018 1583.986953675747 19.00593645870686 1847.280984453857 94.20014102011919 5.042653374373913 1546.477239310741 3407.957552865148 453.3142564296722 1490.704537302256 1.742820926010609 338.6609591841698 4164.219943664968 6745.785449720919 1864.777071304619 5033.420837819576 14267.79040300101 23234.07036784291 753.4539769217372 114.9418016821146 89.15691448003054 1160.876469403505 48.5539952814579 3.351397506892681 2455.942068070173 108.8579444214702 5939.364520505071 4421.149534359574 9401.007574275136 4460.495593942702 145.7275411114097 37.34104438126087 45.87583397328854 64.22687885165215 1.583648569881916 1040.875920265913 551.6817421317101 1.917082831263542 0 3.142445757985115 27.39003026485443 24.34009196609259 6.641035847365856 10.89004065841436 246.612870849669 0.3195683732628822 504.9144362062216 12.86053919792175 0 456.737143330276 551.5406590923667 171.3025694489479 412.5343941673636 1.817269526422024 11.17471827566624 646.8821483626962 730.2351029887795 49.07538938522339 398.2466919496655 2753.792222350836 9708.975804507732 34.57960039377213 6.598869599401951 15.76286835223436 405.9627746790648 1.887690372765064 0.3730354011058807 87.97133436799049 25.07086195796728 288.1233748346567 178.7039256617427 605.1497533172369 185.3457704260945 4.286644577980042 0.5395114421844482 2.474589571356773 1.600894242525101
