1133.813362643123 0 92.4006285816431 2.850376822054386 0.5994049310684204 48.830990485847 2731.91460544616 1201.158742338419 5.65231891721487 514.4026898220181 10.27106665074825 1.073694311082363 0.9570595473051071 5627.711125284433 0 0 163.85339454934 0.8025251254439354 8.301091745495796 4.601572252810001 56.61631663888693 0 162.7842653691769 68.12438816577196 0 19.52987834811211 6.434390246868134 28.59404898434877 2898.20764233917 2002.091407433152 0.266001895070076 5.128459364175797 141.172893486917 96.32771069556475 1.516603417694569 42.60672228038311 2.601969927549362 79.65001589804888 13.54458682984114 9.653892174363136 2.43952402472496 1.013829492032528 0.4543155133724213 0 0.1178408265113831 0.1221108809113503 0 0 0 1.535158514976501 0 0.3751125261187553 0 0 0 0 0.1032401472330093 0 0.375480554997921 0 0 0 0 0 0 0.1021569967269897 2.441736437380314 0 0 0.4418002218008041 4.024235047399998 0.3447640836238861 0 0 0 0 0.1179585680365562 0.5698332786560059 1.245551891624928 0 0.07451493293046951 0 0 0 0 0
0 298.3679950535297 83.23564005643129 0 0 0 6.353149853646755 0.3670169189572334 565.3756466656923 0.1238266676664352 27.29967507719994 0.6014021560549736 1119.040825404227 0 4.298953168094158 270.6780320927501 19.06195240467787 27.55948876589537 32.20084930211306 0 14.69452882558107 2508.210316374898 8.379175558686256 731.680979475379 3010.925917893648 510.3639736324549 8839.924374416471 39.67850768566132 0.6876213699579239 2.113774672150612 107.1948201581836 0 0 12.76364103704691 0 29.16211389750242 205.2506460547447 90.80349333584309 30.44030869007111 5.578075788915157 0 95.24360126256943 0 0.1862834617495537 70.53759805113077 177.2293840423226 0 0 0 1.251438699662685 0.3358421325683594 0.7433905825018883 0 1.810683459043503 0 18.40621761232615 0.9206498116254807 0 5.183279879391193 17.17293758690357 1.20184338092804 9.058173581957817 0 1.431104496121407 49.08318765461445 6.54965003579855 4.179972268640995 22.56238720566034 111.3531119003892 1253.637261964381 0.8849027454853058 0.2790996208786964 0.3943015187978745 1.607447512447834 0 0.09501974284648895 8.09620289504528 0 18.33409503102303 31.399089589715 26.75940991938114 4.224296562373638 0 0 0.6828296780586243 0
92.4006285816431 83.23564005643129 3602.203669004142 11.21524795144796 0.243735171854496 52.82630448043346 1590.614481776953 474.4090305939317 7.685594893991947 24.41248206049204 23.31283783912659 0.6128622516989708 1.997780412435532 356.4709477648139 0.1316650658845901 24.58296321332455 8597.615117028356 26.33221715688705 469.9674619212747 2.665888845920563 338.7749638482928 26.05156891047955 6047.267760515213 237.1899067535996 0.7914866358041763 6457.412021558732 8627.618460930884 374.2073107436299 229.6687887683511 2517.090834669769 4.328319348394871 4.199173040688038 26.74312228709459 1282.203399181366 18.197877779603 1322.88004130125 2503.020671851933 2522.310917496681 362.0973116084933 53.75217992067337 5.730243280529976 6.036644943058491 8.905124872922897 0.7550192624330521 74.66950456053019 528.34791277349 0 0 0 6.492988109588623 1.458196848630905 0 0 1.050937838852406 0 1.289840318262577 3.749097727239132 0 38.01130678504705 47.0837099775672 1.112503483891487 6.663981445133686 0 4.929614298045635 53.8146867454052 175.6050664484501 4.051296159625053 1.901110425591469 51.57871060818434 1324.788414627314 3.577262133359909 0.7028133124113083 5.43407116830349 0.2865061610937119 0 0.1396855860948563 13.18893776834011 2.763136208057404 49.94899229705334 122.2592911273241 76.23147969692945 22.11299659311771 0 0 0 0.3877733945846558
2.850376822054386 0 11.21524795144796 880.7595992088318 0.4408413767814636 30.59599847346544 1015.886814922094 32.25460315495729 692.6036384105682 3311.033110447228 4.548188000917435 567.0782482922077 0.513909712433815 31.33038537204266 33.82960502058268 0.1163167208433151 3.95324844866991 0.3613976910710335 1.674417123198509 1440.721937663853 0.7296988144516945 0 1.909315310418606 857.888062775135 0.07961514592170715 5.142043605446815 2.257728569209576 2575.509241782129 87.53654056042433 1.688082560896873 0.07554721087217331 2.550402097404003 5.819609805941582 26.76814989000559 1.992132790386677 138.7419668063521 1.160629212856293 73.55957338958979 9.98394700139761 224.2584963366389 6.468821920454502 0.6249151825904846 2.38477761298418 0.08323360234498978 0 0.08963631093502045 96.53568537533283 0 2.013315230607986 94.83664498478174 3.350907243788242 74.06130424141884 91.44862619787455 1.907911047339439 43.60777501016855 0 1.579883843660355 0.773954376578331 0 0 0 0.1662999987602234 111.2560381293297 0 0.1162752062082291 0.107873447239399 133.148314923048 0 0 0.423338770866394 184.8580149784684 3.418002031743526 0.1297893971204758 0 0 0.126985564827919 4.331185817718506 0 11.79632925242186 0 6.015204511582851 1.008197166025639 19.16417706012726 0.5641721412539482 0 0.4573948308825493
0.5994049310684204 0 0.243735171854496 0.4408413767814636 58.63664636015892 124.1607320979238 6.928917080163956 26.05514287948608 22.18817995488644 14.59790942817926 108.9674883931875 97.56200006604195 13.06046162545681 2.931171849370003 1250.71998244524 0 0.428708516061306 1.397183738648891 1.413778752088547 7.539693266153336 0.1640334501862526 0.2285305485129356 0.5707013234496117 15.17842768877745 0.5789354294538498 2.261241741478443 0.2298561930656433 1.157586202025414 20.7015383914113 2.036960780620575 0.141356959939003 161.1698523461819 0 76.36547419428825 1.753808557987213 26.5639813542366 5.28459020704031 135.2779391333461 12.84362009167671 1064.695057787001 37.05766290426254 6.7663504332304 1.7944455742836 0 0 0 0 0 0 0 0 0 0 0 0 0.208293080329895 0 0 0 0 0 0 0 0 0 0 0 0 0 0 0 0 0 0 0 0 0 0 0.6097393482923508 0 0 0 0 0 0 0
48.830990485847 0 52.82630448043346 30.59599847346544 124.1607320979238 11150.86357597262 5094.260739646852 5042.606433697045 28.98573993891478 6689.434649847448 86.98321644961834 3757.045823819935 22.83334910869598 926.7301522195339 1959.740311339498 0.2941344678401947 30.95830444246531 4.118192553520203 6.991111554205418 285.5779996588826 9.701570309698582 0 28.49080490320921 147.6399878375232 0.5486979931592941 18.96843847632408 5.353042028844357 138.3632170930505 567.9105704948306 82.82205057889223 0.6092877984046936 331.8980302065611 3.208271630108356 83.70656391978264 3.597791433334351 162.5240996107459 10.04452487826347 223.6342317014933 20.89632575958967 3074.477942883968 162.5541308447719 7.129890605807304 5.824597589671612 0 0 0.2587095946073532 1.382303856313229 0 0 11.09296015650034 0 2.783437609672546 2.447359248995781 0 2.727106310427189 0 0.3283062279224396 0 0.2033788785338402 0 0.06206205114722252 0 3.317050129175186 0 0 0.104877881705761 15.45366330444813 0 0 0.6980854347348213 13.57277320325375 0.3104254975914955 0.2167225480079651 0 0 0 0.3399172723293304 0.1079182475805283 2.923356428742409 2.252319321036339 1.312867760658264 0.1643267273902893 3.14473058283329 0.2714326679706573 0 0.1234294921159744
2731.91460544616 6.353149853646755 1590.614481776953 1015.886814922094 6.928917080163956 5094.260739646852 13797.81061220542 4280.906952835619 112.6732720658183 6344.141014423221 73.58640792965889 133.7187003716826 12.3149801492691 4149.303219314665 17.61746523529291 11.95776004344225 241.5576639398932 10.7726661041379 52.27448794990778 452.8227845951915 711.1267144382 13.06832329183817 469.9286060556769 2832.464425221086 2.200651347637177 371.9633516445756 473.5316854789853 14387.58815722167 1833.461366411299 4414.955082319677 3.410294726490974 42.96294247359037 213.7126462310553 586.7326446101069 62.93840009719133 2519.157267510891 113.5084487274289 1561.792600013316 321.2310917153955 355.9218897297978 105.3476777672768 3.395829997956753 24.3851321041584 4.25864589959383 2.309547513723373 11.68469403684139 19.24507974088192 0 0.5366792380809784 104.9977633357048 3.215528048574924 28.21772382408381 12.12801640480757 0.7270535826683044 5.328623287379742 0 2.985945709049702 0 17.31340374052525 0.598435677587986 0 0.3208518475294113 14.74502883851528 2.174481086432934 4.051158435642719 17.35798224806786 166.0172900408506 0 3.58222945779562 48.69507766515017 191.1077483966947 9.749122299253941 21.68663694709539 0 0.5196086764335632 0.9076259881258011 3.189028516411781 4.898007802665234 79.99025199562311 7.210274636745453 14.58693581819534 4.732416898012161 6.728627055883408 0.9490576237440109 0.7486307322978973 0.3567773401737213
1201.158742338419 0.3670169189572334 474.4090305939317 32.25460315495729 26.05514287948608 5042.606433697045 4280.906952835619 5636.413285732269 5.734044618904591 2263.290521617979 80.78680631518364 388.7429460138083 13.81861969828606 5094.194475367665 60.54734588414431 0.08106402307748795 422.6302547566593 4.553845845162868 28.75720476359129 123.2628058418632 164.2756333127618 0.1845362633466721 434.5042023956776 206.9940401352942 0.276605486869812 88.33638369292021 24.03138890862465 154.6512035131454 1161.374226536602 1561.010766506195 1.208660572767258 575.3983910083771 21.31466729193926 145.8533622473478 6.976913437247276 182.7564599327743 15.33394015580416 253.3189227133989 32.58776724338531 338.51055688411 58.7982160076499 4.775600202381611 3.515516206622124 0.3907569795846939 0.3051126226782799 0.7484755218029022 1.187567092478275 0 0 11.82561226189137 0.2238333821296692 2.35230665653944 1.195491328835487 0.1512682437896729 0.271299421787262 0.09863113611936569 0.2444175481796265 0 0.8478523567318916 0 0.10470200330019 0 1.16923700273037 0.1822856515645981 0.1399216651916504 1.107362233102322 12.431795142591 0 0.2520275488495827 3.566225230693817 18.19789258390665 1.021001242101192 1.159434281289577 0 0 0.2080736458301544 0 0 6.369034133851528 0.2803701385855675 1.234670303761959 1.081154704093933 2.106306135654449 0 0 0
5.65231891721487 565.3756466656923 7.685594893991947 692.6036384105682 22.18817995488644 28.98573993891478 112.6732720658183 5.734044618904591 1164.264974921942 296.4541024267673 3.439698025584221 473.1157644689083 41.10218342393637 7.138697236776352 616.4621682912111 32.15964449197054 2.049303807318211 1.354345053434372 2.692778721451759 1210.740726903081 4.567537888884544 2080.63161393255 2.608127661049366 6690.690313510597 105.7238630726933 42.68225927650928 455.797603674233 582.4540470689535 18.23803256452084 43.70879695564508 6.25255186855793 0.3878825008869171 5.405265673995018 8.264784246683121 10.79835709929466 189.9582154080272 38.32807097584009 34.62422803789377 7.714714862406254 321.5493450015783 0.6144803166389465 7.79544311016798 1.040830254554749 17.88638822734356 1.322516031563282 3.379975467920303 131.9300418570638 0 3.024486199021339 223.2297569438815 9.132967859506607 206.7165265083313 126.9739798307419 4.548695247620344 68.1780361533165 0.3095628544688225 10.72897513210773 4.786743804812431 79.13484968990088 0.7959837019443512 0.5393136739730835 0.3420402109622955 133.401995241642 37.75212749093771 34.46167171746492 3.22265737503767 1538.629785731435 0.2640084773302078 2.09626754373312 7.185853138566017 721.0296831056476 58.40494682639837 100.9088917523623 0 0 9.468984961509705 13.96762884408236 3.403982855379581 196.2537787556648 18.41752339154482 49.39029723405838 12.69504412263632 48.57746989279985 1.880051605403423 1.713119693100452 3.343936860561371
514.4026898220181 0.1238266676664352 24.41248206049204 3311.033110447228 14.59790942817926 6689.434649847448 6344.141014423221 2263.290521617979 296.4541024267673 19444.09536887705 116.2410174682736 3449.507963504642 17.24977396428585 1464.648852437735 75.39060033112764 0.1096216961741447 5.694632813334465 9.765545837581158 16.20856156200171 5354.232570998371 3.522607132792473 0.1787804961204529 3.490790285170078 407.376066043973 0.6615063175559044 19.11534793674946 6.795236274600029 799.8330023065209 1260.661173734814 17.83688162267208 1.837751626968384 68.16632409393787 12.75835843384266 390.5498863309622 25.86751319468021 997.7932452820241 23.29325656592846 948.4966682717204 52.85558531433344 614.7227556481957 119.703415133059 10.27808525413275 13.2134213373065 0.3153147399425507 0 0.1084194481372833 151.3075436279178 0 1.433219484984875 189.6283669471741 2.219412542879581 82.53616853803396 161.0913773402572 2.378581263124943 69.92700450867414 0.4396979063749313 2.462458409368992 2.021005757153034 0.2180112302303314 0 0.2663140892982483 0 149.5096712112427 0 0.4870462641119957 0 267.9465821608901 0 0.3442099988460541 0.7330838665366173 356.2132433354855 5.304278209805489 0.2235311195254326 0 0.6834767535328865 0.4320601597428322 12.6710758805275 0.3618451654911041 39.59088069945574 1.098650604486465 15.7047735452652 2.609980866312981 38.7236834615469 0.8410239368677139 1.696853041648865 1.814207948744297
10.27106665074825 27.29967507719994 23.31283783912659 4.548188000917435 108.9674883931875 86.98321644961834 73.58640792965889 80.78680631518364 3.439698025584221 116.2410174682736 9837.614971406758 54.24284321814775 2641.365486897528 155.4836750254035 3.225858218967915 3.171257831156254 252.7733258083463 4934.655043706298 1375.48149625212 19.27887769788504 37.05241038650274 4.511485032737255 61.27425645291805 28.52713094651699 214.7730438038707 1007.557071492076 157.4469153136015 16.55596547573805 1098.750886715949 25.75486214458942 291.4377230480313 491.7518541365862 9.862942658364773 6317.575386509299 23.6450591981411 725.0398789197206 3329.17998418957 4231.664472006261 1057.360552996397 284.3078335598111 231.7914818227291 1145.990593731403 46.85978796333075 0.08741272240877151 9.42161737382412 0.2872152030467987 0 0 0.1418701857328415 1.054284058511257 0 0.5719170123338699 0.1183623075485229 85.07482531666756 0 551.6130331680179 0.3675432428717613 0 0.1846947968006134 0.2299212962388992 15.60373978316784 1.626154318451881 0 0 1.976196676492691 0 2.622969962656498 158.8854146227241 96.01367080211639 255.4638793319464 1.966250091791153 0 0.2601684704422951 48.49901298433542 0 0 1.684308566153049 2.743214085698128 6.480410322546959 238.4236530587077 16.09071849286556 2.622975140810013 0.6393465250730515 0.469868391752243 152.1630498021841 4.679475173354149
1.073694311082363 0.6014021560549736 0.6128622516989708 567.0782482922077 97.56200006604195 3757.045823819935 133.7187003716826 388.7429460138083 473.1157644689083 3449.507963504642 54.24284321814775 7440.400086656213 7.003337822854519 283.3624221980572 1967.488253600895 0.08013354986906052 0.1888407021760941 2.380803376436234 7.541964307427406 3066.638308867812 0.1844892278313637 1.699355781078339 0.4068042412400246 389.2076573967934 0.1243079081177711 3.968165852129459 1.409875817596912 218.4988131672144 387.374480061233 0.7968245968222618 0.9077848792076111 43.9746757671237 0.1120754554867744 69.27074881643057 3.301436334848404 370.5152049139142 5.550324313342571 180.1357063800097 5.388091221451759 2301.625927187502 28.98996168375015 1.858753554522991 1.989379271864891 0 0 0 44.09121023863554 0 0 29.89940481632948 0.4541895091533661 18.44234342873096 27.18829213827848 0.5312956571578979 142.5066073462367 0 0.7047270536422729 2.523159712553024 0 0 0 0 36.81240905821323 0 0 0 42.8917198702693 0 0 0.2040666416287422 52.98410969227552 0.8084466457366943 0 0 0 0 0.1848394870758057 0 5.683455444872379 0 0.1624732986092567 0.2399289906024933 17.34219439327717 0.2101316601037979 0 0
0.9570595473051071 1119.040825404227 1.997780412435532 0.513909712433815 13.06046162545681 22.83334910869598 12.3149801492691 13.81861969828606 41.10218342393637 17.24977396428585 2641.365486897528 7.003337822854519 2591.693302258849 31.86685337126255 1.628345027565956 3.721195317804813 1.417199671268463 335.7415279746056 26.927823998034 2.336631774902344 1.766380302608013 203.3804224431515 3.285275921225548 44.67770699411631 3609.698577702045 206.2121427208185 2018.517844736576 2.661173865199089 125.8336517140269 4.421191535890102 1326.440048351884 63.04621532559395 0.1220240816473961 778.1273070052266 15.34003503620625 478.6924993544817 4374.289393089712 3128.218706443906 203.0352026820183 110.673500828445 252.5725211575627 2754.75164013356 27.71602436155081 0.3600831478834152 98.11477559804916 4.444952815771103 0 0 0.1833471208810806 0.9280900880694389 0.2885861545801163 0.2805550992488861 0.5617797896265984 347.0467367470264 0.5932145193219185 2071.502338781953 0.5617656260728836 0 0.3976109027862549 0.6275564432144165 67.12960446625948 5.522727742791176 0 0.2263525128364563 7.823062427341938 0.6463123708963394 1.84077326208353 1157.458626151085 538.3128570616245 1348.319068856537 0.6716899499297142 0.3490358889102936 0 202.3069901093841 0.1385669410228729 0 5.009280793368816 0 58.63659032434225 672.9251876920462 79.73244237154722 3.442272007465363 2.080451779067516 0.2071694731712341 474.0069878920913 12.51449444890022
5627.711125284433 0 356.4709477648139 31.33038537204266 2.931171849370003 926.7301522195339 4149.303219314665 5094.194475367665 7.138697236776352 1464.648852437735 155.4836750254035 283.3624221980572 31.86685337126255 9127.38127399236 53.4386747777462 0.3614400401711464 422.8104197569191 6.847435683012009 34.43882343173027 112.7841699644923 143.7503954470158 0.5612537562847137 447.872058365494 260.1986699253321 1.575841620564461 58.36343447118998 21.13448094576597 159.1482642740011 3428.868589300662 2203.442938022316 1.140289999544621 132.6468642279506 25.58854112029076 242.9058312252164 6.176264002919197 140.124836884439 16.87670610100031 317.9734160974622 34.77599219232798 355.2754285931587 63.42869786173105 12.29669305682182 6.336492508649826 0.1025312915444374 0.1080733686685562 0.1713346838951111 0.6250157654285431 0 0 5.758913427591324 0 0.8806731700897217 0.1989341676235199 0 0 1.225576251745224 0 0 1.016077175736427 0 0 0 0.4032712429761887 0.4479367658495903 0.4320506453514099 0.820585198700428 14.64247779548168 0 0 1.740797236561775 15.54521726071835 1.60149023681879 1.270651750266552 0 0 0 0 0 4.628725431859493 0.2115719765424728 1.836065798997879 0.09636477380990982 1.980307251214981 0 0 0.6775332167744637
0 4.298953168094158 0.1316650658845901 33.82960502058268 1250.71998244524 1959.740311339498 17.61746523529291 60.54734588414431 616.4621682912111 75.39060033112764 3.225858218967915 1967.488253600895 1.628345027565956 53.4386747777462 595.0953135788441 0 0.1836669594049454 0.8102116137742996 0.5186548307538033 339.0953269824386 0.2139675915241241 17.34390337765217 0.3516737371683121 1023.22703461349 0.6460868790745735 0.5107153505086899 4.125128418207169 30.59491879492998 49.95193288475275 0.6570466086268425 0 349.5345783531666 0.1077109202742577 4.969133332371712 0 224.5589229017496 0.7273334264755249 9.28435156494379 0.7906910702586174 1586.252622097731 13.42014874517918 0 0 0 0.1145389154553413 0 11.86332812160254 0 0 6.124469712376595 0 3.605408415198326 10.90818461030722 0 8.371770024299622 0.1513426452875137 0 0 0.4612947106361389 0 0 0 11.49674321711063 0.2441662028431892 0.2651623785495758 0 12.57687291502953 0 0 0 12.29820496588945 0 0.2122884690761566 0 0 0 0.6021921634674072 0 3.550919108092785 0.11383967846632 0.3528849184513092 0 7.735588848590851 0 0 0
0 270.6780320927501 24.58296321332455 0.1163167208433151 0 0.2941344678401947 11.95776004344225 0.08106402307748795 32.15964449197054 0.1096216961741447 3.171257831156254 0.08013354986906052 3.721195317804813 0.3614400401711464 0 1908.482101663947 42.55831182003021 1.424292363226414 5.836919546127319 0 2011.471362702549 2126.679957531393 2353.723646514118 1788.226447455585 12.12031552940607 21.64995294809341 2469.290877141058 1483.269501544535 2.939015030860901 17.44715590029955 1.26764077693224 0.3603071868419647 2.9875123873353 128.8972998857498 34.7665905803442 1492.960870623589 980.7746452987194 1038.817361339927 1118.298242457211 93.38230219483376 3.502083092927933 3.558124534785748 15.7338744699955 3.070366986095905 4.575596302747726 53.21379437297583 0.1666709035634995 0 0.1298902779817581 32.8347699418664 1.661046892404556 34.91647895425558 0.1205261200666428 1.262039013206959 0 0.2756254523992538 2.546982057392597 0.1258934438228607 3826.916112013161 7.624824590981007 0.6015019193291664 3.864705249667168 0 864.6115670502186 721.7699603512883 1644.809884466231 188.2290067821741 0.1616858839988708 5.147432163357735 451.7919902876019 267.8487011641264 21.66416279226542 115.5108066126704 0 0 7.510353513062 5.447788439691067 3.445362120866776 89.77681408077478 23.18744102120399 37.60503315925598 24.97206968814135 1.08752915263176 1.762319311499596 3.560766458511353 1.252608604729176
163.85339454934 19.06195240467787 8597.615117028356 3.95324844866991 0.428708516061306 30.95830444246531 241.5576639398932 422.6302547566593 2.049303807318211 5.694632813334465 252.7733258083463 0.1888407021760941 1.417199671268463 422.8104197569191 0.1836669594049454 42.55831182003021 1649.229932866991 96.64626778662205 3011.566118270159 0.5699886605143547 467.1649380326271 8.980346098542213 2812.990118384361 102.4420484304428 0.4622194096446037 3009.849765583873 5224.37198382616 100.3995154723525 980.8723653070629 1173.949531055987 0.7994028180837631 6.549209989607334 131.8583625033498 1185.290319800377 6.037855163216591 163.7523141503334 989.9423623979092 739.538201764226 278.0588995292783 16.90771549940109 5.828680105507374 1.593543767929077 2.985199525952339 0.1659353226423264 21.17799634486437 43.90507457405329 0 0 0 0.1891593486070633 0 0.09666390717029572 0 0.610052615404129 0 0.1051048263907433 0.2488025724887848 0 11.48457226157188 9.652697667479515 0.2304655760526657 2.867361225187778 0 2.341285146772861 2.489964008331299 9.358664073050022 1.120817571878433 0.4113944247364998 39.10252311825752 175.0219055116177 2.236514903604984 0.1066894084215164 0.618271678686142 0.1966281533241272 0 0 2.413595885038376 0 3.973202958703041 62.68718583881855 6.745338849723339 2.53607876598835 0 0 0 0
0.8025251254439354 27.55948876589537 26.33221715688705 0.3613976910710335 1.397183738648891 4.118192553520203 10.7726661041379 4.553845845162868 1.354345053434372 9.765545837581158 4934.655043706298 2.380803376436234 335.7415279746056 6.847435683012009 0.8102116137742996 1.424292363226414 96.64626778662205 808.5513862222433 879.9002548679709 1.797559700906277 2.194063380360603 4.0138775780797 8.18073458224535 4.986618459224701 124.7232081964612 1795.251374281943 434.3214335218072 4.767122037708759 39.04098788648844 3.162425622344017 164.1134607642889 10.2786328792572 0.5042792558670044 516.931517213583 7.168883979320526 426.3018843084574 667.8552266061306 854.908843934536 325.042190387845 19.27567473053932 1.635575845837593 10.99451383203268 2.257875852286816 0 3.717170804738998 0.5795546025037766 0 0 0 0 0 0.3924968242645264 0 6.15637531131506 0 24.99822809547186 0.1000560000538826 0 0.1075224578380585 0.09306655824184418 9.709362976253033 1.426436841487885 0 0 0.3160342872142792 0.09834852069616318 0.2717400193214417 4.162474803626537 129.679428845644 190.3099949285388 0.2993961498141289 0 0.1118072047829628 4.609515555202961 0 0 0.3786496296525002 0.6731230020523071 1.674882709980011 48.23999920487404 3.96767657995224 0.4667364060878754 0 0 0.09253275394439697 0
8.301091745495796 32.20084930211306 469.9674619212747 1.674417123198509 1.413778752088547 6.991111554205418 52.27448794990778 28.75720476359129 2.692778721451759 16.20856156200171 1375.48149625212 7.541964307427406 26.927823998034 34.43882343173027 0.5186548307538033 5.836919546127319 3011.566118270159 879.9002548679709 2474.213993363082 3.411193810403347 60.16422201693058 5.276881113648415 543.5182133540511 16.3597951605916 78.24565581977367 3636.945235446095 1964.264409311116 12.30120840668678 131.0322172194719 108.7941310331225 21.17164062708616 22.13226410001516 13.83825905621052 3045.40067447722 6.304725356400013 458.0455992296338 1544.705130524933 2015.978689469397 538.1185390278697 25.47390026599169 1.559767536818981 7.714830815792084 1.784520976245403 0.1450361460447311 23.05977503955364 22.95163035392761 0 0 0 0.6934032589197159 0 0 0 2.437503047287464 0.2822413444519043 4.718901120126247 0.1008462160825729 0 0.8212481364607811 7.126113630831242 4.805843412876129 7.946612365543842 0 0.4013837277889252 0.5168067738413811 1.407320655882359 0.2121374756097794 2.638569131493568 166.4609340205789 265.8327209427953 0.213694229722023 0 0 2.558444745838642 0 0 2.158761747181416 0 4.249161124229431 105.897652938962 6.26550105214119 1.371240459382534 0 0 0 0
4.601572252810001 0 2.665888845920563 1440.721937663853 7.539693266153336 285.5779996588826 452.8227845951915 123.2628058418632 1210.740726903081 5354.232570998371 19.27887769788504 3066.638308867812 2.336631774902344 112.7841699644923 339.0953269824386 0 0.5699886605143547 1.797559700906277 3.411193810403347 969.5555174946785 0.5089058876037598 0.1334716379642487 0.4992346912622452 416.475584641099 0.2369502410292625 4.367335371673107 1.405710339546204 1724.970950230956 209.2380925565958 0.9505997002124786 0.2008580267429352 12.46948544681072 3.299573421478271 66.34906633198261 2.384639114141464 297.7578454241157 2.674430653452873 164.9634965583682 10.22722327709198 1130.303515426815 24.21970378607512 1.17268381267786 2.469296380877495 0.5468135550618172 0 0.2755797505378723 207.9355143085122 0 5.217152878642082 237.5685550048947 5.218643173575401 115.8341261222959 179.3262269869447 3.085696846246719 100.9393608421087 0.1978016048669815 2.987089358270168 4.556236729025841 0.09998997300863266 0 0 0 228.0865601375699 0.1097484305500984 0.2913583219051361 0 306.5383402183652 0 0 0.2213354259729385 400.6964556202292 6.051719263195992 2.429832339286804 0 1.119733460247517 0 9.532831966876984 0.2015703916549683 22.95825075358152 0.3242680951952934 19.77503097057343 2.502483800053596 42.10375916212797 2.507354348897934 0.71038419008255 0
56.61631663888693 14.69452882558107 338.7749638482928 0.7296988144516945 0.1640334501862526 9.701570309698582 711.1267144382 164.2756333127618 4.567537888884544 3.522607132792473 37.05241038650274 0.1844892278313637 1.766380302608013 143.7503954470158 0.2139675915241241 2011.471362702549 467.1649380326271 2.194063380360603 60.16422201693058 0.5089058876037598 9608.47728998214 132.535172007978 14635.5162570402 189.5889780297875 1.234928332269192 18.10695029050112 1511.84144026041 2779.045385956764 381.0588440410793 10822.27728816867 0.1972158849239349 4.612356089055538 79.31981820613146 2727.639128468931 41.42223498225212 3532.393966585398 1747.73978536576 4355.8257856071 2399.854781910777 77.66336686909199 5.620815843343735 6.088192045688629 29.06142090260983 5.292213574051857 1.127205066382885 34.59704216569662 0 0 0.0750306099653244 28.56394144892693 1.50900612026453 19.29145690798759 0 0.825368158519268 0 0 2.450630582869053 0.1374386101961136 992.6049296781421 5.376248858869076 0.2701403647661209 2.436926178634167 0 768.0705676600337 125.7172557637095 357.4176801145077 153.8779567778111 0.1013182997703552 2.337083756923676 52.1165597140789 250.5051243156195 26.30639253556728 144.6876349002123 0 0 9.409746080636978 6.921114094555378 2.946224845945835 99.9157437607646 13.28914714604616 26.76359382271767 13.83733677864075 2.648491516709328 0.1137640699744225 0 0.7007042765617371
0 2508.210316374898 26.05156891047955 0 0.2285305485129356 0 13.06832329183817 0.1845362633466721 2080.63161393255 0.1787804961204529 4.511485032737255 1.699355781078339 203.3804224431515 0.5612537562847137 17.34390337765217 2126.679957531393 8.980346098542213 4.0138775780797 5.276881113648415 0.1334716379642487 132.535172007978 1423.293510444462 114.8707603514194 4550.524557732046 628.9992476403713 129.7537156641483 3388.932105898857 175.6302279233932 5.011018998920918 57.34361655265093 24.94109789282084 0 2.576278895139694 5.373870439827442 0.2331368625164032 59.79241050779819 46.42197868227959 19.42444660514593 4.552967146039009 15.17020540684462 0 4.380083411931992 1.291821956634521 0.9244293719530106 9.989524036645889 54.65384265780449 0 0 0 8.936278603971004 0.9499632641673088 38.22224748879671 0 0.3472861722111702 0.4128807932138443 2.728062681853771 0.700546108186245 0 994.3757025673985 3.736929938197136 0.2968191578984261 1.836228229105473 0 197.2828679680824 93.90008344501257 307.1385682523251 104.6648297831416 1.976749829947948 10.25112587958574 469.2974520325661 83.7563393637538 4.154115967452526 26.49638013541698 0.4122449457645416 0 1.423471972346306 2.378052711486816 0 24.26224782317877 11.04699870198965 12.76238878816366 4.005835585296154 2.086923256516457 0 0.0830884724855423 0
162.7842653691769 8.379175558686256 6047.267760515213 1.909315310418606 0.5707013234496117 28.49080490320921 469.9286060556769 434.5042023956776 2.608127661049366 3.490790285170078 61.27425645291805 0.4068042412400246 3.285275921225548 447.872058365494 0.3516737371683121 2353.723646514118 2812.990118384361 8.18073458224535 543.5182133540511 0.4992346912622452 14635.5162570402 114.8707603514194 10746.96414197981 181.2977576851845 1.519474603235722 499.4538181945682 5579.894105926156 833.4220846518874 855.3166528493166 6135.32777570188 0.7072411626577377 8.007193811237812 129.4579013288021 2307.077692896128 122.6301611065865 5176.604791238904 5598.798010163009 7338.648676339537 5818.989719733596 337.3356457799673 19.17890591919422 17.48400975763798 71.24133215099573 0.2536866217851639 1.078498996794224 67.64728569239378 0 0 0 12.25903709977865 0.990275613963604 1.935502342879772 0.1136006638407707 0.2502745017409325 0 0 1.902319647371769 0 1969.407187916338 2.37286414951086 0 0.5224768221378326 0 259.480898976326 189.7296445667744 1244.049309313297 30.49118506163359 0 2.796453446149826 559.6741668581963 53.31439810246229 1.786693580448627 19.03537294268608 0 0.138158917427063 0.5166150033473969 2.655262835323811 8.602006815373898 53.25624483078718 11.72210133075714 26.90198436379433 23.10741297155619 0.7633632719516754 0 3.702530205249786 0
68.12438816577196 731.680979475379 237.1899067535996 857.888062775135 15.17842768877745 147.6399878375232 2832.464425221086 206.9940401352942 6690.690313510597 407.376066043973 28.52713094651699 389.2076573967934 44.67770699411631 260.1986699253321 1023.22703461349 1788.226447455585 102.4420484304428 4.986618459224701 16.3597951605916 416.475584641099 189.5889780297875 4550.524557732046 181.2977576851845 4833.396430164576 110.4458564966917 133.7796910777688 2250.237185902894 7109.839625909925 989.1155572831631 371.5962121039629 5.821500517427921 21.32625288516283 302.6570313572884 454.3170380890369 91.13353988528252 4152.907573871315 211.1989862322807 1513.864586420357 536.377438493073 1428.559291191399 88.18494916707277 3.937917821109295 32.51270477473736 101.0869102999568 11.30439466238022 48.34169317781925 269.1802324354649 0 16.74465339630842 1724.58183613047 45.45529306679964 1695.619881592691 206.9472272768617 20.76486106961966 84.78769754618406 0.9760498553514481 72.18154811114073 4.079855725169182 448.4790715873241 7.596924394369125 2.152032367885113 2.517203375697136 244.368074297905 231.4722247570753 162.6936957761645 98.04106274992228 4584.086308971047 0.3981518372893333 11.06671148538589 144.9960467815399 3740.429785646498 297.3045885711908 616.7558253481984 0.2789884880185127 1.527350850403309 40.48728983104229 82.55389855057001 12.51703048497438 992.3403418436646 67.91121380031109 244.8823965191841 78.19315106421709 165.3203416988254 14.04051198810339 5.371609836816788 6.97703205794096
0 3010.925917893648 0.7914866358041763 0.07961514592170715 0.5789354294538498 0.5486979931592941 2.200651347637177 0.276605486869812 105.7238630726933 0.6615063175559044 214.7730438038707 0.1243079081177711 3609.698577702045 1.575841620564461 0.6460868790745735 12.12031552940607 0.4622194096446037 124.7232081964612 78.24565581977367 0.2369502410292625 1.234928332269192 628.9992476403713 1.519474603235722 110.4458564966917 970.1124955564737 580.4096417278051 2042.675493441522 3.546113483607769 3.278096221387386 0.198640413582325 241.8072795346379 1.120395615696907 0 49.44567389041185 0.2113940268754959 66.69463757425547 426.8768934607506 399.7064546793699 38.52221827208996 3.712839685380459 5.918390899896622 585.1860316842794 2.915037363767624 0 225.8682561665773 9.254687666893005 0 0 0 0.3732450008392334 0.2809496447443962 1.287783943116665 0.09478357434272766 123.7419533655047 0.1285040825605392 933.7100754007697 0.3924952074885368 0 2.026339113712311 2.359169811010361 25.46312005072832 11.51508209109306 0 0.38282111287117 21.20427593588829 1.079753704369068 2.709471873939037 231.3411405012012 568.0623421892524 1535.091933906078 0.2034003585577011 0.2871622443199158 0.355616919696331 52.09337167441845 0 0 7.906694836914539 0 3.066730700433254 224.0593400523067 40.03840089589357 2.041553869843483 0 0 62.22429528832436 0
19.52987834811211 510.3639736324549 6457.412021558732 5.142043605446815 2.261241741478443 18.96843847632408 371.9633516445756 88.33638369292021 42.68225927650928 19.11534793674946 1007.557071492076 3.968165852129459 206.2121427208185 58.36343447118998 0.5107153505086899 21.64995294809341 3009.849765583873 1795.251374281943 3636.945235446095 4.367335371673107 18.10695029050112 129.7537156641483 499.4538181945682 133.7796910777688 580.4096417278051 15627.01947183907 12460.90489190817 85.88220419734716 116.6585721001029 257.677479416132 280.7209273129702 14.69723063707352 13.07641150802374 1519.392686083913 21.44778761267662 1675.386965461075 4653.059140414 2411.301153667271 887.3448442295194 66.14948084205389 3.890564724802971 49.565588504076 5.02243784070015 0.6158289536833763 268.1802709400654 144.670262619853 0 0 0.09121892601251602 1.13031928986311 0 0 0.4816208854317665 61.74721401929855 0.1407590806484222 276.3321312442422 0.7299437969923019 0 0.9888899847865105 30.34431679546833 101.9521322622895 70.89054458588362 0.08306100219488144 2.082841657102108 6.907800793647766 6.214946441352367 2.254577957093716 72.5970306545496 1940.159404836595 3160.188039794564 0.7867139801383018 0.3583506718277931 2.906963400542736 68.23724500834942 0 0 14.42850906401873 2.182880245149136 33.73656441271305 1134.828603759408 66.53251410275698 8.954003803431988 1.13694990426302 0.2407500147819519 2.622776433825493 0
6.434390246868134 8839.924374416471 8627.618460930884 2.257728569209576 0.2298561930656433 5.353042028844357 473.5316854789853 24.03138890862465 455.797603674233 6.795236274600029 157.4469153136015 1.409875817596912 2018.517844736576 21.13448094576597 4.125128418207169 2469.290877141058 5224.37198382616 434.3214335218072 1964.264409311116 1.405710339546204 1511.84144026041 3388.932105898857 5579.894105926156 2250.237185902894 2042.675493441522 12460.90489190817 20687.42985323817 1464.384052939713 41.58881824836135 184.6001876294613 478.6782610714436 7.892511405050755 5.167786866426468 2751.822480283678 106.3248354569077 4262.275967486203 4406.502261608839 6818.728718392551 2026.177049346268 260.9485490098596 11.92695795744658 36.64840486645699 46.36413713544607 5.149686746299267 1585.805230371654 2672.356111980975 0 0 0.2844047322869301 41.36860805749893 12.29203397035599 1.664632730185986 0.9995181858539581 64.3790363073349 0.4832241833209991 236.184219121933 17.0619637966156 0 854.8864950686693 305.7274117544293 104.9433573782444 146.3961389884353 0.2057683020830154 48.31978022307158 695.4328377619386 1457.220282062888 24.11142890155315 206.49655046314 2846.679577104747 13152.73111212999 44.2025982439518 3.77954064309597 31.5483561232686 63.73723243176937 0.1190435364842415 0.1134851351380348 104.2158923819661 9.105973124504089 240.5571226626635 1534.477606758475 435.3527245521545 105.024285428226 2.919018134474754 0.1044963821768761 2.153882950544357 2.71912394464016
28.59404898434877 39.67850768566132 374.2073107436299 2575.509241782129 1.157586202025414 138.3632170930505 14387.58815722167 154.6512035131454 582.4540470689535 799.8330023065209 16.55596547573805 218.4988131672144 2.661173865199089 159.1482642740011 30.59491879492998 1483.269501544535 100.3995154723525 4.767122037708759 12.30120840668678 1724.970950230956 2779.045385956764 175.6302279233932 833.4220846518874 7109.839625909925 3.546113483607769 85.88220419734716 1464.384052939713 11508.87665912509 667.2016066089272 5217.133937746286 1.288326315581799 11.14296273887157 244.5336445495486 647.5201002955437 68.57388319820166 3094.606513358653 197.8791123777628 1790.752176813781 714.9858473539352 333.4840884208679 48.01144590228796 2.202619597315788 24.6269284710288 40.52697844803333 4.561429187655449 27.96199388056993 93.75368375331163 0 2.942129783332348 491.4497944116592 15.49783595651388 255.6042057722807 94.463583573699 6.266358733177185 37.14247455447912 0.2481433898210526 31.21344395726919 0.9196372479200363 333.1445243880153 3.939381048083305 1.191039584577084 0.9919165074825287 97.14867579936981 213.721382625401 80.70255742222071 79.54581405967474 1302.390766859055 0.4760351702570915 5.073309317231178 96.03595171123743 1251.249367743731 137.6704153195024 446.4959145858884 0 0.1606566309928894 20.71223843842745 27.39473620802164 6.245995000004768 342.0921798795462 33.53665439784527 67.85297109931707 26.43090829998255 40.11592667549849 2.610424019396305 1.384955190122128 1.063177555799484
2898.20764233917 0.6876213699579239 229.6687887683511 87.53654056042433 20.7015383914113 567.9105704948306 1833.461366411299 1161.374226536602 18.23803256452084 1260.661173734814 1098.750886715949 387.374480061233 125.8336517140269 3428.868589300662 49.95193288475275 2.939015030860901 980.8723653070629 39.04098788648844 131.0322172194719 209.2380925565958 381.0588440410793 5.011018998920918 855.3166528493166 989.1155572831631 3.278096221387386 116.6585721001029 41.58881824836135 667.2016066089272 17325.30132151768 5340.724789991975 6.435735307633877 187.2892815098166 2352.99716642499 2411.96461071074 18.2599021345377 304.2482483051717 42.48708695173264 1712.676025651395 165.2239193171263 806.3054692968726 622.1666871905327 36.06735253334045 15.38415291905403 0.6118200570344925 0.1462100148200989 0.9826357290148735 0.417032465338707 0 0.3570832312107086 21.53839153051376 0.7623482868075371 9.167476832866669 1.550252854824066 0.1205950975418091 0.6438741981983185 0.8657525628805161 0.5906227752566338 0 2.410592421889305 0 0 0 0.8211197406053543 0.5618055686354637 0.376112125813961 0.563996210694313 35.57795634865761 0 0.4416173323988914 2.24547453969717 39.379643201828 2.26486924290657 8.061181008815765 0 0 0 0.2013957649469376 0.1665666550397873 13.97501189261675 1.836258620023727 2.5357321575284 0.6366315633058548 0.6074933409690857 0.5834522396326065 0.3192966505885124 1.729663640260696
2002.091407433152 2.113774672150612 2517.090834669769 1.688082560896873 2.036960780620575 82.82205057889223 4414.955082319677 1561.010766506195 43.70879695564508 17.83688162267208 25.75486214458942 0.7968245968222618 4.421191535890102 2203.442938022316 0.6570466086268425 17.44715590029955 1173.949531055987 3.162425622344017 108.7941310331225 0.9505997002124786 10822.27728816867 57.34361655265093 6135.32777570188 371.5962121039629 0.198640413582325 257.677479416132 184.6001876294613 5217.133937746286 5340.724789991975 11043.72174885124 0.8848700672388077 11.69492446631193 1554.321271277964 2160.81847949326 96.80703547596931 3838.991683252156 656.4915247932076 3279.453630112112 1113.100570686162 142.4924001991749 22.17108555883169 2.456423208117485 19.92392171919346 17.12405296415091 0.862583801150322 13.86381063610315 0.2819075360894203 0 0.2748948931694031 85.67666202038527 5.862180344760418 34.08131131529808 0.225906103849411 0.595429852604866 0.4391820132732391 0.2475307583808899 8.309271395206451 0.1410972326993942 246.1013420820236 2.030125930905342 0.295471653342247 0.5485280528664589 0 222.8723029866815 34.90238218009472 43.26949132978916 300.2630741596222 0 1.545454613864422 23.10677687823772 450.5170113295317 57.57502127438784 280.583406329155 0 0 12.80994724482298 6.321316547691822 7.340100735425949 221.3026591613889 21.95694413036108 19.3969182446599 10.72895093262196 1.722103372216225 0.415158599615097 2.557602137327194 0.9012393653392792
