607.3747815340757 2.576051719486713 158.8846200406551 3.163340456783772 3.480053395032883 54.13480366021395 4798.113142743707 1320.45572129637 1.8948088362813 91.0663041844964 7.836594730615616 3.666630461812019 0.3565276190638542 3449.001283273101 0 0.1369251012802124 72.46930365264416 2.302501302212477 18.50991522148252 2.77686084061861 47.28431770950556 1.944817893207073 80.42535737156868 8.395560525357723 0.3069935888051987 36.92721106112003 17.01884023100138 36.7114240527153 2085.201383471489 1674.601487576962 0.149988554418087 5.299581952393055 5.043173380196095 76.22429172694683 0.8803024739027023 86.44701161235571 6.804329216480255 96.67562621086836 58.07637795805931 9.334897488355637 6.407693043351173 0.1139199808239937 0.9862059056758881 0.1170689910650253 0 0 0.2940238192677498 0.08258069306612015 0 3.498956583440304 0.07589048892259598 0.2237362191081047 0 0 0 0 0.2823201194405556 0 0.9332911148667336 0 0 0 0 0.4548658430576324 0 0 8.167468070983887 0 0 0.5859309807419777 4.374877274036407 0.9739168062806129 0.1100647300481796 0 0 0 0.2181896269321442 0 2.660088218748569 0.1043284833431244 0.7591179311275482 0.2170600220561028 0 0 0 0
2.576051719486713 254.3514149263501 44.02512436360121 0.1411233395338058 0.3107067495584488 3.235673032701015 91.91084616631269 7.64947983622551 236.8987548723817 2.461642891168594 91.17407097667456 2.284361079335213 595.8792172968388 2.888691991567612 5.002082467079163 400.587388843298 2.646329417824745 2.385761812329292 2.475908994674683 0 37.20240942388773 1715.123248979449 68.25912337750196 752.9590219706297 1520.083876274526 214.6936829462647 7030.733226984739 102.5800229161978 3.712048105895519 15.64657316356897 8.071306504309177 0.1286479830741882 0.5074966326355934 3.82291304320097 0 50.41690859943628 74.22096426784992 12.10208091139793 2.244384407997131 9.985674552619457 0 152.1119637414813 0 0.09902102500200272 36.76359854638577 37.06333400309086 0.2068279609084129 0.07156053930521011 0 1.844991058111191 0.1627534627914429 0.4882982298731804 0.1019644364714622 11.73278125375509 0 29.75337420403957 0.06528690457344055 0 8.127947829663754 1.001913644373417 0.7752932757139206 2.92651804536581 0 0.2337543517351151 53.02425526082516 18.37027059495449 4.842190608382225 112.718211889267 122.6059202104807 1004.529414236546 1.182604715228081 0.9637792855501175 0.5024066492915154 5.450843840837479 0.0876670703291893 0 6.327264755964279 0.1527315527200699 2.291291199624538 13.13606567680836 4.301595114171505 1.034783475100994 0 0 4.855472803115845 0
158.8846200406551 44.02512436360121 3260.220380671322 1.824311301112175 2.669266473501921 68.4179973565042 823.735060505569 463.8914929963648 0.20528943836689 17.97413536161184 41.80307875573635 1.114638686180115 11.66570283472538 296.1322271227837 0 5.466457225382328 2276.06209943071 95.34024234116077 234.153888322413 2.007405959069729 2342.70909421891 13.58246643096209 9366.634316347539 12.0489139482379 0.229212798178196 4371.1624000296 6248.53249707818 156.5045381709933 170.8665358051658 1359.190517056733 8.204117119312286 4.767781436443329 18.02472219616175 1341.194513842463 51.41508959978819 2545.276418104768 2723.405540660024 3214.868627041578 796.4768241792917 36.50410675257444 5.752843864262104 1.27654030174017 9.712914496660233 0 159.5792771428823 117.0400132462382 0 0 0.1213184893131256 0.2743198424577713 0 0.2152226567268372 0 0.4580730199813843 0 0.9219784587621689 0.3854266256093979 0 5.334087699651718 4.790754668414593 0.6292494088411331 1.072498552501202 0 0.4155423492193222 14.09899954497814 27.9299084469676 1.104477427899837 2.032928854227066 57.15133551508188 1157.269385367632 0.773711159825325 0 0.7228811681270599 0 0 0 1.763009630143642 0.5134948641061783 5.374572180211544 9.523497119545937 3.729299239814281 1.717247970402241 0.1052576377987862 0 0 0
3.163340456783772 0.1411233395338058 1.824311301112175 2594.017197430134 1.572428472340107 85.70085195451975 240.0876685008407 31.60559644550085 614.5070149302483 4017.546654827893 1.059019647538662 1075.377824470401 0 18.41267991811037 40.27754177898169 0 0.55001450330019 0.1543314978480339 0.2733536958694458 4755.876107558608 0.254502147436142 2.653586864471436 0.4916734248399734 1974.119356684387 0 0.3444552943110466 7.3035703971982 2119.978216975927 29.67968841642141 0.1822303980588913 0 1.256759889423847 0.1702851504087448 14.79020715504885 1.678102761507034 713.9059713482857 1.734880216419697 53.64161904901266 23.26393516361713 422.8694052249193 13.23147027939558 0 5.469909757375717 0.8528051972389221 0 0.2668975293636322 191.2339697033167 0.3872929513454437 30.38410321623087 100.1297002360225 15.56125567853451 25.56960647553205 123.2749571204185 0.09586909413337708 91.90453586727381 0 9.460443578660488 7.884371057152748 0.6043274104595184 0.3571412488818169 0 0 59.03341075778008 0.166765421628952 0.1487016230821609 0.4719932749867439 367.8168237805367 0 0.07751977443695068 0.6243315115571022 313.5437147468328 4.756614521145821 1.837938413023949 0 0.3308397717773914 0 2.13324261456728 0.2661299630999565 84.62455786019564 0.4660977423191071 7.055376663804054 6.092963933944702 215.5371823832393 2.142164543271065 0 0
3.480053395032883 0.3107067495584488 2.669266473501921 1.572428472340107 117.3318806290627 316.0478459596634 16.31277581304312 83.90191970020533 37.95136042684317 26.3058106303215 97.18948991596699 210.9525634609163 19.2399630099535 14.68692753463984 1014.445992462337 0 0.8502465933561325 4.038746900856495 4.646731905639172 11.54632489383221 0.7260406613349915 2.374619841575623 3.718285024166107 27.54711811244488 1.480334684252739 3.521087631583214 3.151707898825407 9.537377633154392 171.1119124516845 6.299319382756948 0.7411046624183655 126.5920476838946 1.097906373441219 1575.675436854362 3.343255922198296 237.5205982327461 14.76179675012827 663.6792259216309 177.5907675400376 2226.64710149914 361.7638129368424 13.92885412275791 18.94068057090044 0 0 0 0 0 0 0 0.1949144080281258 0 0.2131045684218407 0.1054749935865402 0 0 0 0 0 0 0 0 0 0 0 0 0.5881973206996918 0 0 0.2684320509433746 0.9330102056264877 0.1454124189913273 0 0.106148362159729 0 0 0.5948046743869781 0.1373720169067383 1.79864340275526 0.4104709178209305 0.3327562808990479 0 0.1487932205200195 0 0.957249328494072 0
54.13480366021395 3.235673032701015 68.4179973565042 85.70085195451975 316.0478459596634 10936.91343943402 4140.261573482305 4150.730261299759 14.18846680223942 6077.947144843638 82.97655961290002 3883.388275690377 10.26983220130205 819.5438471697271 846.5675113201141 0.7181692123413086 8.935868579894304 6.646803919225931 8.452958550304174 362.746540158987 11.16820104420185 13.20163425058126 27.60282234102488 83.09442166239023 1.321751765906811 13.93376392871141 29.98009715229273 694.5023743659258 1204.096904426813 74.41041821986437 0.5027597025036812 655.1068666055799 2.544702760875225 371.2960919179022 5.780839502811432 650.1381948143244 20.34856060147285 468.4877756275237 85.39297603070736 2578.086334533989 236.8883055597544 3.777913823723793 17.8640368282795 1.134135477244854 0 0.3148290365934372 3.259992994368076 0 0.693793959915638 19.44413138180971 3.622799523174763 2.02055699378252 4.24416046589613 0 5.830894835293293 0 2.392258375883102 0 4.170599818229675 0 0 0 3.245325237512589 0 1.205682203173637 0.2463217005133629 42.64910773187876 0 0.1882405057549477 3.852701053023338 34.07999988645315 4.268896132707596 2.143599733710289 0 0.06871622800827026 0.326883852481842 0.7973136827349663 0.5608961135149002 10.25895035266876 0.4278979599475861 3.623756133019924 1.927169926464558 1.787807792425156 0.2133848071098328 0.7501964718103409 0.1532639116048813
4798.113142743707 91.91084616631269 823.735060505569 240.0876685008407 16.31277581304312 4140.261573482305 14990.62676325813 4709.45964115113 156.5622905567288 6385.932914212346 33.4348430223763 73.57849223539233 1.72483691573143 5365.014266848564 11.60783950984478 28.38760222494602 30.23177269101143 6.608397763222456 17.39590207114816 157.6515705175698 415.8873882293701 311.6618083640933 529.1786653473973 1624.154159300029 5.690158471465111 95.18603092059493 1010.075818069279 12240.09937045723 1508.60897584632 4886.910466406494 0.6175726130604744 20.697316005826 40.24977231770754 391.9091980904341 47.1191760674119 2716.569871991873 75.72747763246298 1108.169962774962 538.9913367703557 231.5329558923841 124.5635955482721 2.973161175847054 32.82399748265743 7.805700801312923 5.481582030653954 6.145848616957664 26.31311453133821 0.2161039784550667 4.368572823703289 108.1783885061741 14.92782783508301 14.45182145386934 27.21559112519026 0.3341843411326408 2.28730758279562 0 18.66517401486635 0.1460487991571426 17.99888834357262 0.2765997648239136 0 0.2749499976634979 9.737538106739521 2.448949359357357 17.43383702635765 10.1570296511054 288.2155701294541 0.2568502575159073 7.704753682017326 45.79855006933212 227.3862460851669 28.43727825582027 17.64342357963324 0.07780411839485168 0.976022694259882 1.194329373538494 7.850101307034492 2.894978530704975 65.51272710412741 2.207454770803452 24.98221226781607 16.10142542421818 6.578451827168465 1.871752075850964 0 0.9628126323223114
1320.45572129637 7.64947983622551 463.8914929963648 31.60559644550085 83.90191970020533 4150.730261299759 4709.45964115113 6970.274969760329 75.13321613520384 1084.224956218153 70.16307291388512 778.6329965032637 7.05222924798727 4603.726249083877 63.66526421159506 0.9196454137563705 232.3678691089153 10.72735724598169 67.43821873143315 215.036420930177 89.05016221106052 23.66909173876047 161.2882916815579 209.3031535595655 1.161150470376015 124.6423942744732 78.12962951883674 506.1936183571815 2777.22156643495 1943.80813543871 0.9315574765205383 908.0864359363914 4.809612907469273 404.9299163930118 11.25981239974499 616.8160899467766 30.6788297817111 541.6285072788596 227.6761139854789 797.7184693813324 108.86965360865 3.664251759648323 17.68969353288412 6.981551080942154 0 0.8076701983809471 6.150407791137695 0.8103461563587189 1.780271336436272 50.36426118016243 8.980328574776649 24.43927924335003 2.596351869404316 0.2142234146595001 2.524763040244579 0 11.44868548959494 0.6482738628983498 15.32268499583006 0.5232086330652237 0 0.1715008914470673 0.7759486883878708 1.318343915045261 6.444402247667313 2.367869548499584 231.3725563362241 0.1478463560342789 1.160157233476639 6.72386085242033 114.764054492116 23.64819211512804 11.50728525966406 0 0.2760324999690056 0.2811756432056427 7.199653774499893 1.528464123606682 47.6731910482049 1.951412387192249 18.48043018952012 10.17350583523512 2.10679417848587 1.541841335594654 0.2736487090587616 0.4160347133874893
1.8948088362813 236.8987548723817 0.20528943836689 614.5070149302483 37.95136042684317 14.18846680223942 156.5622905567288 75.13321613520384 941.6459827125072 97.45622456073761 6.960647523403168 122.825630299747 20.91346214711666 16.87087768316269 450.4309082403779 26.42097935080528 0.2138672024011612 0.07274202257394791 0.09081722795963287 272.7666369378567 18.86224541068077 1441.772884741426 2.121931813657284 7735.818306408823 81.03797669708729 2.570574469864368 115.1198037415743 896.6914336383343 15.33734267950058 10.40899116545916 1.076751954853535 0.826967366039753 1.822019904851913 8.262873262166977 1.675585232675076 83.8005397990346 5.979892931878567 22.72979495674372 11.00786580145359 214.9766633212566 4.131234884262085 2.159611269831657 0.2999386638402939 7.052084259688854 5.040409192442894 1.710084736347198 105.582798063755 0.6792399361729622 22.31952259689569 139.2191112861037 10.84167506173253 130.1038517951965 59.10179000347853 0.6741726100444794 120.928090699017 1.198585622012615 16.94802960380912 26.15036115795374 139.2560230493546 0.6838593184947968 0 0.4237986505031586 63.79235159605742 24.71069741249084 95.33510138839483 16.7863423153758 1063.98503587395 1.141599558293819 1.273794367909431 16.26932723075151 415.6690098941326 34.53122874721885 38.04508630931377 0.1930709928274155 0.6604394540190697 2.53090712428093 8.956941679120064 3.085982270538807 56.33048303425312 1.902212060987949 24.08688197284937 16.32106205075979 91.55524147301912 2.395151428878307 0.3389562666416168 0.7308664470911026
91.0663041844964 2.461642891168594 17.97413536161184 4017.546654827893 26.3058106303215 6077.947144843638 6385.932914212346 1084.224956218153 97.45622456073761 29810.81604163349 53.71634281054139 5950.789266783744 2.783062674105167 753.5676616989076 17.44198902696371 0.3634942173957825 3.539305780082941 5.349082782864571 10.97525531426072 6270.26176404953 4.538687944412231 8.568058900535107 6.637070313096046 373.9192180633545 0.6438350528478622 9.416262421756983 25.55582214146852 3672.069875352085 460.7989083789289 23.9664156511426 0.5126180276274681 36.1088051982224 1.272260747849941 309.1133210249245 12.76677668094635 1217.318220332265 30.16585183143616 818.2526178136468 176.6758913770318 341.7288831546903 165.4123086035252 2.413967855274677 34.55382105708122 1.628700420260429 0.8859191611409187 0.4141208454966545 57.57068607211113 0 12.99868770688772 89.60584357380867 12.59337026625872 14.21254672110081 58.3153640627861 0.3269594982266426 59.41953347623348 0 10.56428495049477 2.800891816616058 1.322217792272568 0 0 0.0924757793545723 28.72216911613941 0.4500507414340973 1.76350437104702 0.7780206501483917 260.7368644028902 0.07561813294887543 0.571717157959938 1.433178506791592 213.269666723907 8.519034780561924 3.470172956585884 0 0.4241132214665413 0 1.346454739570618 0.7666263356804848 59.25365405529737 0.7148127555847168 7.597683645784855 7.584842011332512 96.73364092409611 1.735438145697117 0.2946204021573067 0
7.836594730615616 91.17407097667456 41.80307875573635 1.059019647538662 97.18948991596699 82.97655961290002 33.4348430223763 70.16307291388512 6.960647523403168 53.71634281054139 9598.866382613778 53.30027806758881 2563.247700836509 51.38672458007932 1.397903732955456 6.859687380492687 323.0922093167901 3185.968824513257 1556.65850410983 18.68924850970507 24.90723451972008 34.77190580964088 54.4159357175231 39.61702001094818 1113.430105015635 1583.957471430302 440.1169315353036 12.63465940579772 364.0440331920981 26.32822345197201 259.8684612251818 181.9050014764071 12.08031237870455 4890.869830153883 13.14131386578083 581.8502070382237 3659.456415679306 4149.311734065413 755.092787578702 27.93235908448696 55.31485775858164 1618.484690308571 4.792185992002487 0 1.88172958791256 1.626931324601173 0 0 0 0.2608127593994141 0.06770800054073334 0.2309603989124298 0.08023934066295624 204.7874571755528 0 422.191738165915 0.08838246017694473 0 0.2694926261901855 0 4.55630074441433 0.3265344798564911 0 0 0.0802336186170578 0 2.304026238620281 336.6532243862748 20.87883895635605 152.206533767283 2.655191496014595 0.7159529328346252 0.08426666259765625 46.53159517049789 0 0 36.96968629211187 2.037191569805145 16.13935045897961 420.8961770758033 3.210246980190277 0.9640492498874664 0.08930783718824387 0 168.2961080446839 0
3.666630461812019 2.284361079335213 1.114638686180115 1075.377824470401 210.9525634609163 3883.388275690377 73.57849223539233 778.6329965032637 122.825630299747 5950.789266783744 53.30027806758881 6124.213414352387 2.783923663198948 371.0491957850754 1420.20947804302 0.08489928394556046 1.869882613420486 5.014910615980625 6.873489569872618 4827.622391887009 0.3846075236797333 9.932537816464901 1.275797232985497 631.3934581503272 1.126401610672474 4.365455098450184 3.893117755651474 225.8422430977225 263.5119360648096 1.036094576120377 0.4118499159812927 47.37298103421926 0 236.0295420661569 2.955161429941654 1672.564103193581 9.584309309720993 378.4825423806906 40.2646220177412 2014.569613516331 133.3425512984395 0.9563799500465393 24.25953408330679 0 0 0 40.89845208078623 0 7.313269607722759 23.36476480215788 4.065375998616219 2.221502341330051 26.32573144137859 0.08721386641263962 174.9613810628653 0 2.001645162701607 2.56310598552227 0.6197009831666946 0 0 0 15.70555206388235 0 0.2717638909816742 0 123.4217386543751 0 0 0.1541207432746887 93.16846416890621 1.126028224825859 0.6345307528972626 0.08389750123023987 0.1292067468166351 0 1.162126898765564 0 57.00689189881086 0.3414835259318352 2.888488069176674 1.610395923256874 103.1116741746664 0.371167927980423 0 0
0.3565276190638542 595.8792172968388 11.66570283472538 0 19.2399630099535 10.26983220130205 1.72483691573143 7.05222924798727 20.91346214711666 2.783062674105167 2563.247700836509 2.783923663198948 4559.926341317594 2.194411136209965 0.30951227247715 32.77403305470943 0.6127023175358772 48.44640339910984 8.054367937147617 0.8061367571353912 2.337004877626896 150.383020222187 7.205578148365021 59.86884894967079 4027.406427182257 749.4948728308082 3231.092487551272 5.38019959628582 19.50898250564933 0.7742070332169533 551.2087600901723 16.41767854988575 0 413.9175596311688 41.960533387959 939.77967274189 2974.618731297553 1408.538620382547 175.0719563215971 15.03309582173824 101.9942707940936 969.7639607191086 6.566205874085426 0.09061966836452484 11.20816899091005 1.51396407186985 0 0.1376087069511414 0 0.08166010677814484 0 0.0742153525352478 0 248.1210560873151 0 796.2336581870914 0 0 0.1566351652145386 0.1143755167722702 13.78576154261827 2.241221480071545 0 0 3.63420344889164 2.550856754183769 0.7716552689671516 743.7046596854925 71.4776267260313 469.6746197044849 1.165802948176861 0 0.1479684710502625 115.7950709462166 0 0 53.74726329743862 13.78718745708466 184.7530388012528 499.7214995995164 40.59446815401316 8.326016739010811 0.6665088385343552 9.142506539821625 208.8943513408303 4.825160980224609
3449.001283273101 2.888691991567612 296.1322271227837 18.41267991811037 14.68692753463984 819.5438471697271 5365.014266848564 4603.726249083877 16.87087768316269 753.5676616989076 51.38672458007932 371.0491957850754 2.194411136209965 6932.66724223271 8.661748170852661 0.2187246605753899 189.9400895498693 8.705924410372972 49.93036758154631 127.5824728682637 76.67731310427189 9.274154618382454 122.271075360477 47.7798154130578 0.3901791647076607 88.52490637078881 52.01699709519744 217.4565189406276 4942.926077481359 2097.115976154804 0.2413228750228882 110.5079793743789 24.08898322284222 297.6559576205909 5.613874509930611 399.3150960914791 19.21114268153906 369.1122938394547 153.4026060290635 139.5176088511944 43.18629106879234 1.319436065852642 8.689764797687531 1.20911967754364 1.287506014108658 0.2510099411010742 3.14814531058073 0 0.1371834874153137 8.729129761457443 1.671554438769817 6.410231538116932 1.156259924173355 0 0.2894115298986435 0 4.122401274740696 0 2.500568263232708 0 0 0 0.07599903643131256 0.08343996107578278 0.9702228158712387 0.8384474739432335 43.40350294113159 0.1027353033423424 0.3695299103856087 1.359443448483944 20.26122067123652 4.622286014258862 3.287541292607784 0 0 0.1149453297257423 0.8924409151077271 0.2688993513584137 14.08552301675081 0.2585883364081383 4.908188223838806 2.043090969324112 0.7390273660421371 0.1080354228615761 0 0
0 5.002082467079163 0 40.27754177898169 1014.445992462337 846.5675113201141 11.60783950984478 63.66526421159506 450.4309082403779 17.44198902696371 1.397903732955456 1420.20947804302 0.30951227247715 8.661748170852661 521.4895655661821 0 0 0 0.09142132103443146 106.2969039157033 0.08463108539581299 30.03045311570168 0.1081508249044418 818.1143392845988 1.619865953922272 0.08681709319353104 1.845584765076637 47.75425118207932 8.553814135491848 0.1197559386491776 0 76.2922366335988 0 6.596529118716717 0 424.8420004844666 0.5457949340343475 4.059400320053101 1.002197779715061 1254.106033273041 35.43675570935011 0.4774970412254333 0.5821952819824219 0 0.1874710619449615 0 1.839918404817581 0 0.3393323719501495 0.7813069000840187 0.08913829177618027 2.110916391015053 0.5410912185907364 0 2.282637946307659 0 0 0 0.48138577491045 0 0 0 1.115137964487076 0.1574128866195679 0.5725803524255753 0.2662945091724396 14.28910044580698 0.1422120183706284 0 0.1187644973397255 5.179940715432167 0.5440113246440887 0.0931653305888176 0 0 0 0.249089352786541 0 5.282932430505753 0 0.1963252797722816 0 12.9066005051136 0.1258213818073273 0 0
0.1369251012802124 400.587388843298 5.466457225382328 0 0 0.7181692123413086 28.38760222494602 0.9196454137563705 26.42097935080528 0.3634942173957825 6.859687380492687 0.08489928394556046 32.77403305470943 0.2187246605753899 0 2962.919423669577 0.9184631481766701 0.08471310883760452 0.6476150378584862 0 2742.655897416174 1851.685327745974 5088.84486579895 1540.768268115819 127.0775723978877 4.974914692342281 3926.544198133051 2048.065337844193 5.115888833999634 6.621887058019638 0.1456685960292816 0 3.668651103973389 24.75887634605169 20.00264303386211 1499.833701044321 854.0881870985031 116.3498998954892 348.9165026694536 32.38387095183134 1.120412774384022 14.78521946072578 5.720017977058887 2.74368591606617 34.62212897837162 14.37096986174583 0 0 0.1007339209318161 12.71228025108576 0.5565919876098633 2.621610298752785 0 0.3431591391563416 0 1.000287838280201 1.719718672335148 0.2616905570030212 2177.250570893288 0.4291141331195831 0 0 0 273.0241726711392 961.5568865314126 924.19993596524 125.1480729579926 7.186452493071556 1.401205599308014 343.5511863678694 186.0529978051782 10.22360004484653 89.44191737473011 0.5992133766412735 0 0.1399014890193939 2.439073041081429 0.2561659812927246 184.5553636327386 3.134421899914742 7.013787388801575 8.580382391810417 0.3375842049717903 0 0.544455349445343 0.1063046827912331
72.46930365264416 2.646329417824745 2276.06209943071 0.55001450330019 0.8502465933561325 8.935868579894304 30.23177269101143 232.3678691089153 0.2138672024011612 3.539305780082941 323.0922093167901 1.869882613420486 0.6127023175358772 189.9400895498693 0 0.9184631481766701 1858.357687778771 57.99658206105232 2040.695581659675 0.7480962835252285 912.0954636260867 0.863630123436451 4656.320553019643 11.95948752015829 0.9479395896196365 1374.064943768084 1125.715905480087 12.55107209458947 332.6243097893894 715.8735633268952 0 3.389107368886471 50.96103498339653 3795.338312532753 6.073612861335278 523.4891798719764 614.2413943186402 2449.674504444003 329.6659863069654 10.89468383789062 5.12121270596981 0.9389294981956482 1.51670715212822 0 3.24161671847105 0.7607635259628296 0 0 0 0 0 0 0 0 0 0 0 0 0.1067874729633331 0 0.2613213062286377 0.5197373628616333 0 0.08874742686748505 0.09397324174642563 0.1397135853767395 0.1095751076936722 0.2898473739624023 14.05520890653133 38.23230957239866 0.3062984645366669 0.07767240703105927 0.7729518860578537 0 0 0 0 0.5820740982890129 1.222249060869217 0.5188919305801392 0.1277556419372559 0 0 0 0 0
2.302501302212477 2.385761812329292 95.34024234116077 0.1543314978480339 4.038746900856495 6.646803919225931 6.608397763222456 10.72735724598169 0.07274202257394791 5.349082782864571 3185.968824513257 5.014910615980625 48.44640339910984 8.705924410372972 0 0.08471310883760452 57.99658206105232 141.6261119544506 701.9253278300166 1.36894142255187 8.516772765666246 0.253444992005825 22.61288403719664 2.506992168724537 3.358305223286152 4039.38384796679 560.3035162612796 1.899259060621262 31.21895369887352 11.52088517695665 35.00904671102762 7.362958699464798 0.8072194531559944 497.2707750946283 2.559007249772549 376.0934813767672 1308.978320911527 1101.707729525864 225.653410486877 4.460231617093086 1.730981655418873 38.87037658691406 1.770862303674221 0 2.878281131386757 0 0 0 0 0 0 0.2838063538074493 0 0.8741180300712585 0 18.02681155502796 0 0 0.2455448731780052 0.3522509783506393 1.790473371744156 1.419112086296082 0 0 0.2467157989740372 0.1094654873013496 0.1025585383176804 23.52016302198172 23.41899570822716 92.6321536898613 0.1746402680873871 0 0 4.025879964232445 0 0 0.09427600353956223 0 5.257323242723942 5.856331147253513 0.2576338201761246 0 0.1323929131031036 0 0.111506387591362 0
18.50991522148252 2.475908994674683 234.153888322413 0.2733536958694458 4.646731905639172 8.452958550304174 17.39590207114816 67.43821873143315 0.09081722795963287 10.97525531426072 1556.65850410983 6.873489569872618 8.054367937147617 49.93036758154631 0.09142132103443146 0.6476150378584862 2040.695581659675 701.9253278300166 1548.892160788178 2.425402425229549 122.597448669374 0.2215559780597687 244.843088530004 29.97181705385447 1.635448127985001 4710.722865588963 766.9898155853152 4.919688262045383 139.4544155187905 118.5416922941804 3.447848103940487 9.775927733629942 19.08755652606487 3079.115621533245 8.571388691663742 933.3387783057988 1314.256937161088 3011.985091991723 510.6129812374711 8.507828630506992 3.557339049875736 5.854228675365448 2.319367110729218 0 3.229428313672543 0.7216915786266327 0 0 0 0.06428445130586624 0 0 0 0.3836451098322868 0 1.239620216190815 0 0 0 0 0 0.4325554966926575 0 0 0 0 0.2792104482650757 2.054386466741562 31.86477338522673 63.42085897922516 0.4197708517313004 0.1376733481884003 0.1315023452043533 0 0 0 0.2087101116776466 0 6.962411426007748 1.081844680011272 0.4766066074371338 0 0 0 0 0
2.77686084061861 0 2.007405959069729 4755.876107558608 11.54632489383221 362.746540158987 157.6515705175698 215.036420930177 272.7666369378567 6270.26176404953 18.68924850970507 4827.622391887009 0.8061367571353912 127.5824728682637 106.2969039157033 0 0.7480962835252285 1.36894142255187 2.425402425229549 1189.175011776388 0.07907915860414505 1.333516538143158 0.4475188925862312 593.9718833267689 0 3.12393543869257 1.664660349488258 3054.234320729971 120.9065244607627 1.316595435142517 0.3478709422051907 12.2863254211843 0 92.35468598455191 5.167655006051064 983.0279812812805 7.821989633142948 228.6671937331557 48.26189481467009 723.1650104001164 59.96474526077509 0 13.91694083064795 0.791423112154007 0 0.1078795120120049 76.09923893213272 0 18.2407356351614 77.2844243273139 11.07064583897591 23.53814898431301 67.1734679415822 0.1607296541333199 80.44710754603148 0 8.905382193624973 5.009027525782585 0.6555613353848457 0 0 0 30.04595045745373 0 0 0 291.6045897901058 0 0 0.4937173202633858 233.5028956308961 5.116182573139668 1.648750327527523 0 0.5037578046321869 0.1415136009454727 1.252552032470703 0.4644441902637482 75.63731779158115 1.02784239500761 8.940162196755409 5.370705306529999 175.2606453672051 1.133411176502705 0 0
47.28431770950556 37.20240942388773 2342.70909421891 0.254502147436142 0.7260406613349915 11.16820104420185 415.8873882293701 89.05016221106052 18.86224541068077 4.538687944412231 24.90723451972008 0.3846075236797333 2.337004877626896 76.67731310427189 0.08463108539581299 2742.655897416174 912.0954636260867 8.516772765666246 122.597448669374 0.07907915860414505 12262.36348418146 200.3732270896435 16245.10958269984 427.8731944710016 10.21496386826038 302.0419032499194 1212.661486297846 4794.702685922384 202.9363985806704 9736.826913848519 0.4483639076352119 4.967956498265266 99.21733017265797 2289.958276621997 184.291480101645 5022.908038750291 697.9371884465218 3332.706405993551 2643.240494571626 101.3419489115477 13.49863222241402 3.511706799268723 27.8589910119772 0.5619925782084465 3.466641202569008 3.073129788041115 0 0.2532742619514465 0.133602648973465 10.27960598468781 0.5774250328540802 1.820022985339165 0 0 0 0 1.369392491877079 0 452.3557765856385 0.3772777169942856 0 0 0 133.7876005917788 139.8188271969557 69.2215768918395 92.58437029272318 0.5006565898656845 2.060055933892727 31.73419253528118 123.6406127810478 12.55359707027674 81.26009502261877 0.08864232897758484 0 0.1102598458528519 2.310845978558064 2.631522044539452 51.43376902490854 1.173237569630146 4.503610290586948 5.611603796482086 0.2381741032004356 0.1639942824840546 0 0.6383887529373169
1.944817893207073 1715.123248979449 13.58246643096209 2.653586864471436 2.374619841575623 13.20163425058126 311.6618083640933 23.66909173876047 1441.772884741426 8.568058900535107 34.77190580964088 9.932537816464901 150.383020222187 9.274154618382454 30.03045311570168 1851.685327745974 0.863630123436451 0.253444992005825 0.2215559780597687 1.333516538143158 200.3732270896435 1255.862166486681 296.4276603460312 6636.284093759954 691.527373470366 28.72630464285612 3076.586748301983 570.3341046720743 12.97770687937737 51.2454437687993 3.382685117423534 0.09346374869346619 3.920266270637512 5.26612500846386 0.8288874179124832 94.54058866947889 67.63490264862776 9.773588463664055 6.452537700533867 62.7279763892293 1.44778073579073 17.88567276299 1.552032202482224 1.688485510647297 63.4879564717412 82.25370644032955 0.3024863451719284 1.145997524261475 0.06749863922595978 12.24111423641443 1.594640575349331 8.081759989261627 0 2.046176344156265 0 6.263552784919739 2.05345830321312 0.3868540972471237 851.7145648747683 0 0.08445951342582703 0 0.1146995201706886 114.1874550580978 286.2779063880444 361.3995676860213 141.1336255520582 11.14049358665943 3.968236438930035 526.3252837881446 126.3203284963965 9.610452979803085 53.66372977942228 1.5043103992939 0.1331157684326172 0.3981779962778091 8.023506052792072 1.106210500001907 56.68746247887611 4.738867402076721 7.269351996481419 6.753833293914795 4.710942231118679 0.4566664844751358 0.3263204395771027 0.6402961164712906
80.42535737156868 68.25912337750196 9366.634316347539 0.4916734248399734 3.718285024166107 27.60282234102488 529.1786653473973 161.2882916815579 2.121931813657284 6.637070313096046 54.4159357175231 1.275797232985497 7.205578148365021 122.271075360477 0.1081508249044418 5088.84486579895 4656.320553019643 22.61288403719664 244.843088530004 0.4475188925862312 16245.10958269984 296.4276603460312 11432.20904558897 271.164240963757 19.1531987413764 1171.655482623726 8038.08490486443 2281.421492256224 121.2632835358381 2393.337363298982 0.9711439982056618 8.484754160046577 33.56652703881264 3632.711254946887 292.8396424502134 10198.58846612275 6986.868147619069 5870.787563793361 7968.95159894973 283.3962196335196 24.97433783859015 10.43568585067987 71.19375017285347 0 24.25595304369926 76.80895139276981 0 0 0 3.367143996059895 0 0.396249532699585 0 0.4974743872880936 0 0.5688178837299347 0 0 1016.564045138657 0 0 0 0 49.56688751280308 375.8990770056844 676.2486484348774 17.88081327825785 12.41651781648397 3.664877690374851 642.9878561347723 26.73663475364447 1.47912921756506 10.27620283514261 0.2017535120248795 0 0.5160405039787292 1.169154286384583 3.618639811873436 46.54287119954824 2.018818333745003 2.40160346776247 2.277488678693771 0 0.2390843480825424 0 0
8.395560525357723 752.9590219706297 12.0489139482379 1974.119356684387 27.54711811244488 83.09442166239023 1624.154159300029 209.3031535595655 7735.818306408823 373.9192180633545 39.61702001094818 631.3934581503272 59.86884894967079 47.7798154130578 818.1143392845988 1540.768268115819 11.95948752015829 2.506992168724537 29.97181705385447 593.9718833267689 427.8731944710016 6636.284093759954 271.164240963757 7143.922929517925 245.5414092615247 24.35662890970707 1081.630926385522 8625.704925268888 139.7674999088049 79.09574108570814 3.284573674201965 4.200555689632893 12.8528575822711 91.75470774620771 18.91643043607473 1597.898395255208 71.23264723271132 229.2290533930063 144.3592155948281 962.7682365775108 29.72444201260805 8.548473961651325 9.15739731490612 76.44221922010183 13.63005515187979 20.20554232597351 197.4453408718109 2.58019196242094 43.85723194852471 752.7245863378048 103.4030890353024 406.1029927879572 166.6147876977921 2.655908320099115 106.3378362581134 1.988463908433914 151.5195767767727 17.98714750260115 750.2780444994569 8.431742958724499 0.6396903805434704 0.9456552565097809 97.31616382300854 162.8220383375883 375.5582608878613 130.4730524793267 3361.864396244287 2.19280768185854 6.233001343905926 92.78182478994131 1993.722640581429 329.228697810322 271.6892524585128 0.9308423325419426 5.872901368886232 9.957683309912682 80.97410363703966 19.9302723556757 588.3339868858457 17.72143460810184 219.8591537475586 156.3908168449998 254.4998287037015 25.08366600424051 0.9606344848871231 6.11225675791502
0.3069935888051987 1520.083876274526 0.229212798178196 0 1.480334684252739 1.321751765906811 5.690158471465111 1.161150470376015 81.03797669708729 0.6438350528478622 1113.430105015635 1.126401610672474 4027.406427182257 0.3901791647076607 1.619865953922272 127.0775723978877 0.9479395896196365 3.358305223286152 1.635448127985001 0 10.21496386826038 691.527373470366 19.1531987413764 245.5414092615247 833.1808785572648 201.4122973978519 4396.575560212135 24.67033594101667 2.482702650129795 2.915391907095909 73.68413506448269 2.788145586848259 0.5315837860107422 257.3622670769691 9.332665085792542 341.0276371240616 167.2984783053398 228.2539337277412 17.26406864821911 9.784484885632992 38.00278869271278 384.9774639680982 0 0 21.83154769986868 5.489466309547424 0 0 0 0.08084619045257568 0 0.4456966295838356 0.07965587824583054 98.96021637320518 0 404.4942634478211 0.06480810791254044 0 3.402334608137608 0 3.201545521616936 0.8563994541764259 0 0 13.25296211242676 5.841608420014381 1.118293799459934 245.7493577748537 27.67279996722937 404.5685203373432 0.5361338779330254 0 0 39.24888715147972 0 0 21.24260531365871 1.277678549289703 105.5119234099984 107.3789386153221 2.558640688657761 2.199062436819077 1.975202307105064 0 48.15940463542938 0
36.92721106112003 214.6936829462647 4371.1624000296 0.3444552943110466 3.521087631583214 13.93376392871141 95.18603092059493 124.6423942744732 2.570574469864368 9.416262421756983 1583.957471430302 4.365455098450184 749.4948728308082 88.52490637078881 0.08681709319353104 4.974914692342281 1374.064943768084 4039.38384796679 4710.722865588963 3.12393543869257 302.0419032499194 28.72630464285612 1171.655482623726 24.35662890970707 201.4122973978519 19331.67830332369 15060.15994312614 16.73611949384212 122.9602949172258 211.0705859810114 732.146570622921 9.910048760473728 13.196334451437 979.456278193742 17.79731797426939 1867.67862791568 6877.23674723506 3191.326044335961 723.8785667717457 18.17878136783838 5.29500188678503 111.9939215108752 6.216595761477947 0.2815088331699371 343.2883625924587 22.42839401215315 0 0 0.1270297914743423 0.6167623400688171 0 1.5320665538311 0 39.49370262026787 0.1309738010168076 262.4802176430821 0.3369672000408173 0.2436227574944496 0.2949541062116623 9.022147536277771 22.73088632524014 54.5274752676487 0 1.041965685784817 7.178817830979824 3.392651222646236 0.780640035867691 457.4877000004053 1426.542842410505 3883.888654716313 0.3786369264125824 0.2644702345132828 1.617128700017929 75.98483096063137 0.07993773370981216 0 4.301751799881458 0.8941277861595154 19.68627478182316 84.64711168408394 15.15906102210283 4.182513423264027 0.2252179533243179 0 1.390350915491581 0
17.01884023100138 7030.733226984739 6248.53249707818 7.3035703971982 3.151707898825407 29.98009715229273 1010.075818069279 78.12962951883674 115.1198037415743 25.55582214146852 440.1169315353036 3.893117755651474 3231.092487551272 52.01699709519744 1.845584765076637 3926.544198133051 1125.715905480087 560.3035162612796 766.9898155853152 1.664660349488258 1212.661486297846 3076.586748301983 8038.08490486443 1081.630926385522 4396.575560212135 15060.15994312614 37805.87791145593 2362.305975370109 91.94106394425035 319.4161385595798 519.5167494192719 5.632739201188087 14.0948348864913 1390.384822979569 105.7956177219748 6119.628618314862 7643.299481704831 5142.19278126955 1794.874019123614 84.6338399425149 7.086704231798649 82.91063655912876 26.91748455911875 1.211434431374073 3302.967631034553 1212.339340910316 1.259892664849758 0.1764925345778465 0.1751523241400719 11.48077043145895 1.083354786038399 4.639830708503723 0 67.74337363988161 0 448.185728110373 4.156475238502026 0.09496484696865082 646.9324458688498 30.14380524307489 37.39700816571712 71.38484592735767 0 14.46311105787754 920.0540274307132 1080.409943632782 14.9324859380722 995.511160261929 2583.695900507271 16617.31264960766 12.9803760945797 1.745320625603199 8.699454002082348 150.9437924027443 0 0.3783361613750458 14.34979699552059 2.060425743460655 54.10807134956121 138.9887746274471 53.39817493408918 21.87829953432083 0.8215723410248756 0.2163596302270889 10.0741922557354 0
36.7114240527153 102.5800229161978 156.5045381709933 2119.978216975927 9.537377633154392 694.5023743659258 12240.09937045723 506.1936183571815 896.6914336383343 3672.069875352085 12.63465940579772 225.8422430977225 5.38019959628582 217.4565189406276 47.75425118207932 2048.065337844193 12.55107209458947 1.899259060621262 4.919688262045383 3054.234320729971 4794.702685922384 570.3341046720743 2281.421492256224 8625.704925268888 24.67033594101667 16.73611949384212 2362.305975370109 14375.97788933665 504.9517539478838 8581.352083794773 0.4085267409682274 6.730122826993465 90.8260947689414 471.1891336590052 115.9482670128345 5417.476851023734 282.9248627200723 1650.790990881622 1007.027461841702 344.4030329361558 96.72409319132566 6.88242157548666 36.52473976463079 32.34458813816309 8.150230124592781 10.38174778968096 115.5174348279834 1.702277310192585 18.27524235099554 430.8020507693291 53.91868933662772 98.75816936045885 108.2769788503647 1.390251368284225 37.87572880089283 0.1164358481764793 78.51177289709449 4.816202037036419 435.6765537410975 4.25648982077837 0.07991502434015274 0.2882397621870041 42.99680489301682 106.8008639588952 164.5466689765453 81.20666579902172 1465.11533934623 1.344856180250645 2.979776844382286 70.36014659702778 1061.593456976116 154.171812042594 166.1052883714437 0.06005262956023216 2.620962928980589 6.316232934594154 33.49846802651882 14.66203863918781 330.3770718574524 10.49676609039307 95.87326098978519 78.80420102924109 88.40723439306021 11.41727240383625 0.4242842197418213 2.311335891485214
2085.201383471489 3.712048105895519 170.8665358051658 29.67968841642141 171.1119124516845 1204.096904426813 1508.60897584632 2777.22156643495 15.33734267950058 460.7989083789289 364.0440331920981 263.5119360648096 19.50898250564933 4942.926077481359 8.553814135491848 5.115888833999634 332.6243097893894 31.21895369887352 139.4544155187905 120.9065244607627 202.9363985806704 12.97770687937737 121.2632835358381 139.7674999088049 2.482702650129795 122.9602949172258 91.94106394425035 504.9517539478838 16628.59615482017 7428.490113668144 1.918239034712315 1436.125654384494 1385.148125529289 3530.088814970106 21.40832497179508 1076.712908871472 70.39558822289109 2178.423133634031 400.3984473608434 197.6654335707426 160.237384930253 5.874687179923058 20.17880784720182 0.6873105764389038 0.1057681068778038 0 0.4413341954350471 0 0.1349166184663773 7.917588755488396 1.182737201452255 2.601992577314377 0.5427346974611282 0.1100423634052277 0.1508096307516098 0 0.62906763702631 0 6.342160500586033 0.2771463394165039 0 0 0.4870302155613899 1.96033102273941 1.704780131578445 0.4195101857185364 28.02448013424873 0.483251541852951 0.161515548825264 0.8236877843737602 19.63440491631627 5.095094628632069 3.893972329795361 0 0 0.08906210958957672 1.033181898295879 0 7.742849498987198 0.4423088133335114 2.385342169553041 1.571452997624874 0 0.168869212269783 0.4810889288783073 0
