1528.764780685306 0.1377898752689362 106.8687405362725 12.07665452361107 0.1145448833703995 11.82791379094124 5724.515292011201 483.8860024437308 2.267801761627197 57.68477509170771 1.44504576176405 1.766232363879681 0.3925482183694839 7035.555902630091 0.4362666010856628 0.09017122536897659 69.85952023416758 0 3.663458414375782 19.9354590550065 23.96340729296207 0.3300220370292664 87.51920104771852 75.76535940915346 0.2657322585582733 46.90950360149145 2.477611683309078 170.6286101266742 3107.288043126464 1593.684152670205 0 0.5537979826331139 16.66253031045198 83.93323228508234 1.656736776232719 163.0910753682256 0.2823655307292938 57.3902425840497 8.310789972543716 5.3617212921381 0.09968068450689316 0 4.826686635613441 0 0 0 0.1001901477575302 0 0 0.1951222568750381 0 0.4051600843667984 0 0 0.1093332096934319 0 0 0 0 0 0 0 0 0.5761622339487076 0 0.5310690253973007 2.620659813284874 0 0 0.1144054159522057 2.876535035669804 0.1312097609043121 1.053268790245056 0 0 0 0 0.5692461729049683 4.22576966881752 0.1193129941821098 0.1320560723543167 0 1.734229922294617 0 0 0
0.1377898752689362 64.21139342337847 41.02058196812868 0.1578070521354675 0.8062111064791679 0 14.66954392939806 0.7238028943538666 607.2261012271047 0.262910358607769 189.6273305565119 1.052435174584389 1317.439254239202 0.262007012963295 5.075977131724358 37.39986404031515 38.63236267864704 32.8351055085659 45.37029981613159 0.1230752021074295 0.3521838486194611 2828.285494208336 3.467254333198071 972.8480005115271 1120.499297894537 1307.772008292377 6288.106996759772 27.34726345539093 3.660870902240276 2.199003122746944 176.7727645412087 0.9831846579909325 0 8.465099453926086 0.1230482161045074 9.481486096978188 19.77320656180382 27.41104823350906 2.167050816118717 16.27155028283596 0 33.57452270388603 0 1.008404612541199 28.80097340792418 307.4768734350801 0 0 0 0.2767130732536316 0 0.1460409611463547 0 1.258550383150578 0 14.15986566990614 0.6013348773121834 0 3.403844468295574 26.5965997427702 0.5136232078075409 10.58625163882971 0 1.427410073578358 18.61546297371387 2.331317603588104 2.055166557431221 12.4686453640461 107.9328427389264 1133.433584079146 2.552792936563492 0 1.376281015574932 0.1169294193387032 0 0 2.425445422530174 0 10.65458349138498 5.493073716759682 6.670221097767353 3.164458647370338 0 0 1.815679237246513 0
106.8687405362725 41.02058196812868 4784.515754513443 9.818779900670052 0.8083552271127701 82.52474689483643 1040.936359837651 543.4079723358154 12.10383003205061 34.33171996474266 1.060571946203709 1.259959481656551 2.014695860445499 552.1898026093841 0.2862839996814728 50.72697846591473 2123.656116649508 2.860698983073235 34.29182466119528 7.260462142527103 816.5339497923851 168.1413206905127 6727.140428997576 205.7997299656272 0 5160.419258110225 15541.48172727972 989.858975276351 262.4195250719786 979.4320357888937 0.08982498198747635 1.741356886923313 7.394106976687908 640.3447446152568 41.72022657096386 4160.282712377608 2717.221550419927 995.1681849956512 470.6046665459871 120.5660978108644 6.086810573935509 0.8081415891647339 17.94405935704708 2.463519215583801 163.9656883478165 2106.807047247887 0 0 0.1981250941753387 9.679338201880455 1.338414311408997 7.660549208521843 0.2538361251354218 0.7793765589594841 0 0.5533906072378159 2.896034553647041 0 73.26400928199291 16.95810816437006 0 1.347278751432896 0 23.10828590393066 306.3655842319131 154.3011819496751 41.55982077121735 0.1217795163393021 13.31535042077303 3222.856635540724 78.96350966393948 7.599957689642906 58.66744737327099 0.1810284554958344 0 0.4772059619426727 6.13786344230175 13.95152744650841 83.12491708993912 11.14436799287796 12.47394469380379 17.47042678296566 5.496311664581299 0 0 0.1837485730648041
12.07665452361107 0.1578070521354675 9.818779900670052 1589.438922829926 0.2995395362377167 246.6769782230258 435.4088590964675 131.1020038425922 832.9934080913663 2468.491100028157 2.550459489226341 2111.035671144724 0.6270603537559509 127.6000612676144 17.25226335227489 0 1.798192955553532 0.563458114862442 0.5485145300626755 3776.667920507491 3.057896576821804 0.2433476597070694 4.595439486205578 1591.040056936443 0 4.061615660786629 1.403439439833164 4819.553336583078 138.4001499414444 2.800234422087669 0 1.769388854503632 1.994024716317654 47.66851998120546 1.547442615032196 317.2384287416935 3.098942637443542 93.1200757920742 25.11412518471479 166.7976234182715 1.179124236106873 0 4.477458879351616 0 0 0 94.10493017733097 0 5.742334447801113 55.30012413114309 4.178903475403786 86.44716812670231 86.58931735903025 0 128.7283462285995 0 1.094574213027954 4.309346944093704 0 0 0 0 117.9048425853252 0 0 0 176.6841503754258 0 0 0 165.6103804707527 1.217135533690453 1.555125676095486 0 0.3183928281068802 0 0.1317514330148697 1.577751740813255 128.1544620096684 0 0.2739071547985077 0.1179854646325111 82.18154177814722 0.371646374464035 0 0
0.1145448833703995 0.8062111064791679 0.8083552271127701 0.2995395362377167 23.04758329689503 275.5672004669905 5.866784282028675 431.1999949291348 135.4585847258568 3.25184815376997 37.17489480227232 76.50279823690653 38.90728741884232 7.889152981340885 991.8874041289091 0.2739744037389755 0.7171696722507477 2.912493892014027 3.46107441931963 2.656950905919075 1.279996179044247 1.979626253247261 1.427919611334801 71.93054523319006 3.729559056460857 3.951629146933556 3.323700703680515 7.751469142735004 77.39274518191814 2.545927971601486 1.270273365080357 131.7487494051456 0 569.0018421262503 4.69364669919014 196.9655668362975 9.705832004547119 699.5901294797659 289.144144192338 2660.350114062428 169.9847156107426 3.144627347588539 3.987651467323303 0 0 0 0 0 0 0 0 0 0 0 0 0 0 0 0 0 0 0 0 0 0 0 0.4740163087844849 0 0 0 0.9309270456433296 0 0 0 0 0 0 0 2.210578739643097 0 0 0.1783210635185242 0 0 0 0
11.82791379094124 0 82.52474689483643 246.6769782230258 275.5672004669905 10263.54655882716 5265.949961185455 5369.708244398236 160.6762541010976 5057.140980891883 33.51275057345629 6000.862816296518 27.24852184951305 506.4167489111423 1649.0996530056 0.922052726149559 19.48582692444324 5.129856675863266 4.446617759764194 1154.162048690021 18.34793332964182 1.124751329421997 30.60019358247519 1164.742489591241 2.476349502801895 34.30920423567295 7.688060581684113 2125.8959916085 1050.682848419994 52.97597547620535 0.5992192178964615 502.5306129083037 1.81804858148098 456.3893028348684 6.076880939304829 771.7980661317706 22.95920465141535 422.5348783880472 163.0076911821961 2479.218035139143 129.6373145878315 0.5828530788421631 13.92629542201757 0 0 0 3.042312003672123 0 0.4476110190153122 7.987964794039726 0.3872096836566925 7.188124448060989 1.450509518384933 0 6.055720575153828 0 0.2459354102611542 0 0.6025003790855408 0 0.0923563539981842 0 4.629193961620331 0.1960503756999969 0.1139667704701424 0 26.12251104414463 0 0 0.1243434399366379 27.17304963618517 1.279669716954231 3.786836959421635 0 0 0 0 0.9405981004238129 17.99580772221088 0 1.082025811076164 0 10.99023330211639 0 0 0
5724.515292011201 14.66954392939806 1040.936359837651 435.4088590964675 5.866784282028675 5265.949961185455 15785.07010096312 7698.404989182949 884.7532247900963 10093.7325476557 9.462924942374229 211.6453410089016 6.032599903643131 12681.83456987888 76.61855261772871 5.325163878500462 124.33728017658 2.47734123468399 6.319031715393066 202.8494369238615 404.5006254166365 77.46840585023165 548.0463694036007 3897.200718946755 1.913943402469158 191.8382914587855 105.1081511676311 22762.62583376467 3474.916307236999 5910.017102312297 0.4040683284401894 11.42080956697464 52.81111671030521 313.3757582902908 29.07990570366383 1188.036220312119 19.51132740825415 643.928055383265 139.2492418438196 201.0309515073895 8.926728181540966 7.966560125350952 14.48988009989262 6.8496403247118 0.3759444057941437 5.828115701675415 15.12532630562782 0 1.426660425961018 204.1067255064845 5.629780359566212 98.13194442540407 3.805597081780434 0.4597548246383667 6.179423443973064 0 10.45711409300566 1.077904388308525 26.05366293340921 2.604278698563576 0 0.3353210985660553 8.965682573616505 7.952234223484993 11.37406582385302 5.46672411262989 572.4772391393781 0.1102397292852402 3.489259324967861 10.29345847666264 947.6908676102757 40.25362603366375 205.3592306002975 0.2386627644300461 0 0.6613502949476242 9.058895818889141 5.002789795398712 445.5510374307632 1.230091504752636 24.23543698340654 4.63354866206646 115.0780433565378 2.736783549189568 0 0.4814098030328751
483.8860024437308 0.7238028943538666 543.4079723358154 131.1020038425922 431.1999949291348 5369.708244398236 7698.404989182949 10875.98818637803 42.09147372841835 2571.553237840533 22.48451940715313 1083.19105643779 20.45876994729042 6888.085735410452 147.6679574996233 1.548357233405113 243.7656697556376 4.61376616358757 17.743621699512 793.9800660759211 114.1800225526094 0.7467353045940399 321.6827664747834 567.4058003313839 3.592514522373676 222.1032154783607 13.92088120430708 896.1261774338782 743.3328483849764 1247.15120985359 0.2750122472643852 863.000650189817 1.544011652469635 168.474888831377 4.273768611252308 811.565530821681 20.46927932649851 430.7484339922667 145.5012615770102 419.3271559998393 30.84880542010069 1.695901572704315 8.982563972473145 0.1666287779808044 0 0.1615229547023773 3.33209353685379 0 0.2532856687903404 9.592162542045116 0.1861767768859863 4.563987255096436 0 0 2.35880196839571 0 0 0 1.71433363109827 0 0 0 2.649667449295521 0.1983183622360229 0.2445053532719612 0.9891912862658501 29.61483564227819 0 0.1853882670402527 0.7488396912813187 36.40086194127798 2.094012849032879 6.286866560578346 0 0 0.2031220048666 1.497182816267014 1.349594622850418 20.38483391702175 0.1795229762792587 1.296884641051292 0.123156912624836 9.652100376784801 0 0 0
2.267801761627197 607.2261012271047 12.10383003205061 832.9934080913663 135.4585847258568 160.6762541010976 884.7532247900963 42.09147372841835 1235.187763646245 194.727331854403 25.85131442546844 447.0994508415461 90.76129947602749 24.80191051959991 1375.949389189482 15.74794794619083 8.006091840565205 8.716420069336891 4.316166393458843 783.729778945446 5.285498969256878 3218.519873455167 14.43538703769445 14955.39361706376 104.9341361299157 129.542664706707 691.2414743602276 1496.516652576625 43.79521607607603 38.03023542463779 22.20069270581007 3.0301363915205 1.140089064836502 15.79669690132141 2.672080248594284 200.4366433769464 14.3316173106432 48.20438966155052 8.782168515026569 775.5678726956248 3.033246845006943 1.444619923830032 3.663046836853027 8.056577742099762 0 6.092866316437721 160.0957492217422 0.6228691041469574 3.126160733401775 353.3539671227336 5.59431017190218 314.0305934473872 33.08517869561911 0.3254622966051102 57.07051757723093 0.5605326220393181 17.43725316226482 2.013665452599525 36.75056454539299 4.401328504085541 0.1799550130963326 1.014563597738743 143.2105703279376 15.47115106880665 20.18747556954622 10.90221530944109 1478.111245632172 0.281528040766716 1.725947141647339 11.50341633707285 1133.644278556108 41.39750101417303 197.2706741765141 0 0.3654799237847328 2.151723697781563 13.36547391116619 1.265168622136116 105.3130389079452 1.08371590077877 24.13799437135458 7.476799964904785 69.00942316651344 4.860130690038204 0 0.8705833330750465
57.68477509170771 0.262910358607769 34.33171996474266 2468.491100028157 3.25184815376997 5057.140980891883 10093.7325476557 2571.553237840533 194.727331854403 23517.71345491707 15.43998945504427 7204.652875214815 5.427500873804092 1213.349925793707 15.082036010921 0 3.793091677129269 3.2778425142169 5.117785409092903 4640.23179910332 11.39055931568146 0.1702169179916382 14.23893618583679 1680.834868386388 0.9356527402997017 15.84422231465578 3.922150380909443 7612.182590022683 639.9610837996006 10.00733648240566 0.7809620574116707 14.1529655456543 4.782493852078915 205.2518372163177 13.3744295462966 573.6622825711966 14.81886833906174 373.4566337913275 100.0552839562297 138.2896915227175 3.318823404610157 0 11.39017854630947 0 0 0 34.84691878408194 0 0.3385535180568695 27.62832698225975 0 40.31917269527912 5.83565391600132 0 34.17457441240549 0 0.5444605797529221 1.326790362596512 0.3937590792775154 0 0 0 23.00619368255138 0.1543994545936584 0 0.1207554563879967 86.47405698895454 0 0 0.3219984620809555 55.33406291902065 0.4941191971302032 1.702359616756439 0 0 0 0 1.526114165782928 58.86497807502747 0.1111975535750389 0.4902418553829193 1.858270987868309 32.40165271610022 0 0 0
1.44504576176405 189.6273305565119 1.060571946203709 2.550459489226341 37.17489480227232 33.51275057345629 9.462924942374229 22.48451940715313 25.85131442546844 15.43998945504427 11230.43360324204 9.867205291986465 7578.324291370809 39.80253531783819 0.6434300690889359 2.469782635569572 53.85771681368351 3954.631166517735 1183.254756711423 12.34603688120842 0.9907219931483269 82.03846732527018 6.627016790211201 42.44354210048914 2401.321045733988 3587.284223757684 1634.809060543776 12.03823718428612 439.4097687453032 4.221233308315277 1561.274391591549 136.2416428402066 0.655382439494133 4952.732190750539 5.153345733880997 601.8210318535566 6936.142656721175 2907.075953304768 543.494839861989 25.53020926564932 23.01473762094975 725.3267203122377 9.286510735750198 0.2064929455518723 22.5341098383069 2.890314325690269 0 0 0 0.2077197134494781 1.141731724143028 0.4285258576273918 0.1480692476034164 936.0858167335391 0.2223484963178635 2208.068600386381 0.2473358660936356 0 0.2541323751211166 0.8170005083084106 330.8777481168509 57.52906800061464 0 0 2.170594722032547 0.3931508138775826 0.7384190261363983 756.3766080588102 346.9161964952946 749.8851599395275 0.914082370698452 1.533741243183613 0.284626305103302 232.9902912154794 0.4377784132957458 0 15.77605866640806 2.718235060572624 22.7526501044631 1016.744254522026 25.72480372339487 0.6944422572851181 0.3856199979782104 0 620.3025562763214 0
1.766232363879681 1.052435174584389 1.259959481656551 2111.035671144724 76.50279823690653 6000.862816296518 211.6453410089016 1083.19105643779 447.0994508415461 7204.652875214815 9.867205291986465 7113.485128685832 4.417932316660881 386.8306599780917 1422.420563049614 0 0.2215133309364319 1.364792868494987 1.335064612329006 4386.274539813399 0.2031775638461113 3.158829793334007 0.7584717869758606 775.2965206056833 0.4936126172542572 1.928853802382946 1.888588637113571 1219.401634700596 407.9092885330319 1.051374018192291 0.3035897389054298 19.95261679589748 0.09209322929382324 46.58853720128536 4.702011980116367 476.913236990571 7.554001986980438 186.3399582281709 72.34936105459929 1066.333933271468 7.796097807586193 0 3.29316671192646 0 0 0 16.95283778011799 0 3.564889661967754 8.399199441075325 1.345649845898151 16.93132923543453 3.46721225976944 0 37.32956601679325 0 0 0 0.1308187395334244 0.4663702845573425 0 0 14.30340208113194 0.1879629045724869 0 0 30.37400914728642 0 0 0 17.7768781632185 0.2326795682311058 1.058963716030121 0 0.1313836127519608 0 0 4.205716252326965 39.21306934952736 0 0 0 21.02237316966057 0 0 0
0.3925482183694839 1317.439254239202 2.014695860445499 0.6270603537559509 38.90728741884232 27.24852184951305 6.032599903643131 20.45876994729042 90.76129947602749 5.427500873804092 7578.324291370809 4.417932316660881 2320.591918073595 23.82344335317612 0 2.231044821441174 1.344414949417114 676.3024749904871 55.07585763931274 7.456975117325783 3.917722523212433 402.8558430671692 5.844019412994385 122.5266936644912 7165.274399675429 2351.788026072085 3260.38753195852 12.87109483778477 183.9785657152534 7.59944973886013 2060.779778301716 94.36490647494793 0.1133465841412544 2384.553321555257 20.85731600224972 932.6687484309077 2803.407405659556 3522.256082803011 281.5210893601179 67.19368565827608 69.92837597429752 366.0873826146126 19.04360257089138 0 59.512042067945 1.75981455296278 0 0 0 0.1340926587581635 0.2767328023910522 0 0 462.6966168880463 0 1051.593471430242 0.1825938820838928 0 7.196204788982868 0.2092878818511963 183.9694736078382 52.34280287474394 0 0.8429779559373856 0.1386057734489441 0.22001963108778 0.6686480045318604 677.1487793028355 259.0584885329008 759.1698833629489 5.930133663117886 4.274653255939484 4.170952819287777 153.7809934690595 0.4842184260487556 0 5.279056586325169 14.87732937932014 506.5879091918468 347.083868958056 26.71472238004208 2.611068978905678 9.577819734811783 4.71089231967926 300.9281465709209 0
7035.555902630091 0.262007012963295 552.1898026093841 127.6000612676144 7.889152981340885 506.4167489111423 12681.83456987888 6888.085735410452 24.80191051959991 1213.349925793707 39.80253531783819 386.8306599780917 23.82344335317612 11719.37799961865 31.21720670908689 1.299983978271484 367.2708517089486 6.903413854539394 31.84843247383833 600.7415723651648 141.1310567632318 2.257173635065556 496.9272910952568 596.7860054150224 5.046823225915432 244.2380628809333 20.63611225783825 1083.032624129206 5345.714384641498 3284.128771942109 0.4794894456863403 170.4226801767945 9.624830432236195 495.4313986599445 5.541883006691933 673.9148172214627 26.66983749717474 412.0981594473124 81.73928941041231 133.2159230187535 31.01528416574001 3.495866328477859 8.319498151540756 0 0 0 1.926914766430855 0 0 3.888342000544071 0.41281858086586 3.122347809374332 0.4156545400619507 0 1.852682165801525 0 0.6527103185653687 0 2.72501478344202 0 0 0 1.817499861121178 0.5119497179985046 0.7790470570325851 0.3479004427790642 26.96962125599384 0 0 2.087080903351307 37.71054472029209 1.031904757022858 9.132251068949699 0 0 0 0.3509612902998924 0.780584305524826 21.35826206207275 0.1587177664041519 1.13499827682972 0.304546058177948 3.735520325601101 0 0 0
0.4362666010856628 5.075977131724358 0.2862839996814728 17.25226335227489 991.8874041289091 1649.0996530056 76.61855261772871 147.6679574996233 1375.949389189482 15.082036010921 0.6434300690889359 1422.420563049614 0 31.21720670908689 408.9519974887371 0 0 0 0 39.04321002960205 0 24.77400942891836 0 1655.846488028765 0.8620562180876732 1.39550569653511 8.541172191500664 61.09685342758894 38.13239058107138 0.3560831993818283 0.3545768857002258 395.9176481813192 0 2.943738132715225 0 56.8650273680687 0.3448745757341385 13.53561273217201 6.035779103636742 1016.702659122646 26.29456503689289 0 0.1319576352834702 0 0 0 1.720066338777542 0 0 3.699274763464928 0 5.144329607486725 0.1690870523452759 0 0 0 0 0 0.2216498404741287 0 0 0 1.622200354933739 0.1881981641054153 0.3000213801860809 0 7.377237871289253 0 0 0.6594560444355011 9.115270592272282 0 0.7468656674027443 0 0 0 0 0 8.12272010743618 0 0 0.4099958539009094 1.565329864621162 0.5106475949287415 0 0
0.09017122536897659 37.39986404031515 50.72697846591473 0 0.2739744037389755 0.922052726149559 5.325163878500462 1.548357233405113 15.74794794619083 0 2.469782635569572 0 2.231044821441174 1.299983978271484 0 2991.272599004209 138.2537943124771 1.968590252101421 26.69496463984251 0.634604886174202 2137.373822957277 4435.248966231942 3966.378288187087 2260.286064095795 1.562366351485252 104.1408457010984 5876.911162547767 1367.98993344605 6.386045873165131 112.4546709284186 1.401387102901936 0.5233103781938553 1.017373755574226 131.5297555699944 52.11200562119484 3225.524266719818 652.1606760323048 935.3116347715259 719.8637153878808 165.445351190865 2.922420352697372 3.675577655434608 8.678485304117203 0.4068882763385773 2.302726201713085 12.27215134352446 0.1089771464467049 0 0 3.705896720290184 0.2098581567406654 24.6194196715951 0.1121003553271294 0.1579322218894958 0 0.7555800303816795 1.236824505031109 0 2222.130412369967 5.108580648899078 0.1168928518891335 1.371806360781193 0.3436128795146942 331.0863911360502 849.1418366357684 1011.387498989701 158.6377668082714 0.264576829969883 5.558835305273533 355.7029712200165 190.7820858508348 11.85172840952873 185.0127099454403 0 0 3.359317824244499 3.886173166334629 14.62212845683098 417.3807008340955 1.290766164660454 10.13213570415974 5.175403535366058 5.548980638384819 0.09703293442726135 1.203549042344093 0
69.85952023416758 38.63236267864704 2123.656116649508 1.798192955553532 0.7171696722507477 19.48582692444324 124.33728017658 243.7656697556376 8.006091840565205 3.793091677129269 53.85771681368351 0.2215133309364319 1.344414949417114 367.2708517089486 0 138.2537943124771 1271.931384265423 33.54696718603373 2840.905505463481 1.220407418906689 390.8929422199726 93.81240896880627 1947.193629018962 123.6259706616402 0.5034638941287994 2446.84540515393 14410.41331347823 128.1553423032165 435.5004910677671 1209.294978499413 0.3681108206510544 1.997304156422615 11.14620360732079 3103.687592722476 20.52358961105347 1468.259738348424 2704.171252653003 3514.715499684215 695.7509876787663 37.23292239755392 3.489022120833397 2.736625477671623 4.290306471288204 1.369058728218079 29.37914087623358 487.9646486118436 0 0 0.3741730153560638 1.728496357798576 0 1.129539385437965 0 0.6841248273849487 0 2.99162532389164 1.239279687404633 0 19.79502348601818 34.27695767581463 0.3354496955871582 14.66422276198864 0 8.229014202952385 15.53501212596893 15.44558110833168 8.41104980558157 0.6545078679919243 85.53754149377346 498.5393535941839 13.2088608071208 0.7690605968236923 9.30461174249649 0.5332713574171066 0 0 2.632011413574219 17.71981175243855 19.18454421311617 23.20230010151863 4.572679869830608 5.258297838270664 0 0 0 0
0 32.8351055085659 2.860698983073235 0.563458114862442 2.912493892014027 5.129856675863266 2.47734123468399 4.61376616358757 8.716420069336891 3.2778425142169 3954.631166517735 1.364792868494987 676.3024749904871 6.903413854539394 0 1.968590252101421 33.54696718603373 293.6339687258005 412.6963235214353 3.568850219249725 0.1759707182645798 21.53404624015093 3.077570244669914 10.94256779551506 55.37050671130419 2412.156296946108 1026.032263942063 2.742416217923164 51.38480619341135 2.045078277587891 353.7789234444499 12.75133619457483 0 1146.341965630651 1.222165912389755 192.2482463270426 1293.080760329962 1404.997064687312 166.435668811202 7.02847546339035 1.531011447310448 9.486972719430923 0.6297492831945419 0 5.302327714860439 1.814634844660759 0 0 0 0 0 0 0 53.67363993823528 0 176.1848070919514 0 0 0.2505894526839256 2.066100873053074 69.93740942329168 55.77169065177441 0 0.183139830827713 0.7055643796920776 0.1804695427417755 0 16.65918935835361 161.428203843534 310.7253304123878 0.2739174738526344 0 0.09509745985269547 50.54510632902384 0.08163335919380188 0 0.09659973531961441 1.327924728393555 1.308080956339836 101.0252044796944 1.410140819847584 0.5532905831933022 0 0.1417445987462997 9.727149605751038 0
3.663458414375782 45.37029981613159 34.29182466119528 0.5485145300626755 3.46107441931963 4.446617759764194 6.319031715393066 17.743621699512 4.316166393458843 5.117785409092903 1183.254756711423 1.335064612329006 55.07585763931274 31.84843247383833 0 26.69496463984251 2840.905505463481 412.6963235214353 1586.807568430901 3.424447603523731 60.54775454849005 40.24367889016867 220.2984692305326 23.84323737770319 58.82743772864342 3739.846651576459 3804.005933910608 14.68202243000269 76.53991410881281 100.2892607748508 28.68767579644918 10.96156195551157 2.940226994454861 4218.026796936989 10.56891875714064 1384.183384470642 1904.428782999516 4687.556788116693 651.6620572656393 30.7482905164361 1.712559729814529 2.402628257870674 2.252624057233334 0 14.8546170592308 54.25978648662567 0 0 0 0.580500990152359 0.3943608850240707 0.4359608143568039 0 6.210045859217644 0 22.48398960381746 0.6336720585823059 0 1.450147114694118 29.78538908809423 11.21476124227047 57.84301819652319 0 0.4174927771091461 6.289429724216461 3.68040931224823 1.010854482650757 3.446243353188038 243.9532523602247 289.1220888495445 1.682846210896969 0.4000064432621002 1.225496754050255 4.843557633459568 0 0 0.5940370112657547 11.41334713250399 12.53798262029886 36.73194588720798 6.291226774454117 2.769790053367615 0 0 1.729395546019077 0
19.9354590550065 0.1230752021074295 7.260462142527103 3776.667920507491 2.656950905919075 1154.162048690021 202.8494369238615 793.9800660759211 783.729778945446 4640.23179910332 12.34603688120842 4386.274539813399 7.456975117325783 600.7415723651648 39.04321002960205 0.634604886174202 1.220407418906689 3.568850219249725 3.424447603523731 498.1060046032071 2.230111867189407 0.5977591872215271 3.046688094735146 907.1988108083606 1.176904894411564 5.533567868173122 2.674627423286438 4677.904202066362 590.8078509643674 3.996348440647125 0.4316748902201653 15.7972093001008 3.44570218026638 167.6093880683184 13.34089849889278 725.0808100327849 14.01349804550409 359.6677078083158 115.6602071449161 361.849320448935 7.043395578861237 0.449550524353981 9.420411258935928 0 0 0 89.44789493829012 0 0 47.50716387480497 0.259210079908371 79.78658362478018 5.316102914512157 0 20.90100786834955 0 0.161853164434433 2.438757345080376 1.963036373257637 0 0 0 41.31861464679241 0 0 0 149.2336113601923 0 0 0 105.1254890486598 0.4271498769521713 0.5108870714902878 0 0 0 0.444143682718277 1.416882783174515 101.979471385479 0.2512587010860443 0.5114654302597046 0.6368222236633301 60.88823603093624 0 0 0
23.96340729296207 0.3521838486194611 816.5339497923851 3.057896576821804 1.279996179044247 18.34793332964182 404.5006254166365 114.1800225526094 5.285498969256878 11.39055931568146 0.9907219931483269 0.2031775638461113 3.917722523212433 141.1310567632318 0 2137.373822957277 390.8929422199726 0.1759707182645798 60.54775454849005 2.230111867189407 20285.44099953026 331.3164060711861 12157.42774545401 953.4385410398245 0.3528439253568649 30.53223315626383 935.4356732740998 7409.806026235223 144.0684423744678 12606.32024393976 0.08305925875902176 1.899051107466221 15.14118231087923 3851.744141899049 149.8590686172247 6099.191926471889 556.0428804531693 5035.691131316125 2370.941357716918 199.6515015512705 13.90649096667767 1.94220957159996 24.73112568259239 0.5690177977085114 0.37339948117733 2.543935924768448 0 0 0 3.943338215351105 0 11.75741994380951 0 0 0.5464653372764587 0.1328598111867905 1.026835694909096 0 275.9114521145821 1.649746589362621 0 0.2046028673648834 0 159.5039860680699 165.7204753831029 105.3910483270884 119.0910271927714 0.2234092056751251 0.797962948679924 22.36355052888393 167.159398779273 11.39446605741978 164.5809153914452 0 0 1.726076394319534 3.269080273807049 31.94104167073965 183.107507430017 0.3646009862422943 9.769852414727211 8.206666260957718 15.939592897892 0 1.866613626480103 0.6965469121932983
0.3300220370292664 2828.285494208336 168.1413206905127 0.2433476597070694 1.979626253247261 1.124751329421997 77.46840585023165 0.7467353045940399 3218.519873455167 0.1702169179916382 82.03846732527018 3.158829793334007 402.8558430671692 2.257173635065556 24.77400942891836 4435.248966231942 93.81240896880627 21.53404624015093 40.24367889016867 0.5977591872215271 331.3164060711861 1649.776331759989 391.4498884305358 5633.730396196246 779.1077022776008 527.894755333662 5679.631659686565 283.132146038115 14.44220240414143 200.6512884050608 86.17454858124256 0.1020717918872833 1.073454014956951 11.44759155809879 2.676742821931839 88.29332382977009 17.80198469012976 39.89279245585203 11.93294553458691 58.96877726912498 1.039212495088577 8.104038998484612 0.9183892607688904 1.61426730453968 11.30764882266521 222.2169119045138 0.1480544805526733 0 0.08738160133361816 3.154240049421787 1.435264334082603 52.41588528454304 1.031289994716644 0.3311144709587097 3.1047433167696 1.711125001311302 0.6213760003447533 0 1477.430358067155 9.929640471935272 0 3.461437709629536 0 296.4529360607266 197.571753308177 550.1421111151576 196.8268518224359 0 19.15699978172779 1447.353542119265 203.713610239327 10.45303396135569 204.138602130115 0.1062391400337219 0 1.681605890393257 3.867327190935612 0.5829607248306274 80.34523423761129 2.789886735379696 10.82206201553345 4.537913456559181 1.902437210083008 0.4546072483062744 0 0
87.51920104771852 3.467254333198071 6727.140428997576 4.595439486205578 1.427919611334801 30.60019358247519 548.0463694036007 321.6827664747834 14.43538703769445 14.23893618583679 6.627016790211201 0.7584717869758606 5.844019412994385 496.9272910952568 0 3966.378288187087 1947.193629018962 3.077570244669914 220.2984692305326 3.046688094735146 12157.42774545401 391.4498884305358 19219.06764771789 564.0494790673256 0.1028078272938728 717.3682207167149 13206.02735742927 4694.321553707123 595.1513016074896 5866.731472812593 0.08396424353122711 3.41130556166172 32.53261137008667 4178.640665739775 239.3981275111437 12922.58548021317 3462.089288391173 9734.591071657836 5185.561380684376 723.436627022922 38.52778127044439 11.37227341532707 49.95175472646952 0 11.6676667034626 261.4088668972254 0.3557830154895782 0 0 3.476259469985962 0.1647724807262421 11.24905648082495 0.6818822622299194 0.1677570641040802 0 0.5096315443515778 1.477680496871471 0 1441.844307050109 5.966179139912128 0 0.9384329169988632 0.9841894507408142 57.89121126383543 413.4690704271197 690.6426321864128 45.57966028153896 0 1.834129728376865 1202.767835110426 60.02594229578972 4.699655473232269 47.14830876141787 0.1365159600973129 0 0.6476378440856934 0.9847248792648315 77.9735090136528 197.2286472395062 3.732714176177979 10.42874026298523 20.70117679238319 7.29977947473526 0.7380079030990601 0.783434271812439 0.9685071110725403
75.76535940915346 972.8480005115271 205.7997299656272 1591.040056936443 71.93054523319006 1164.742489591241 3897.200718946755 567.4058003313839 14955.39361706376 1680.834868386388 42.44354210048914 775.2965206056833 122.5266936644912 596.7860054150224 1655.846488028765 2260.286064095795 123.6259706616402 10.94256779551506 23.84323737770319 907.1988108083606 953.4385410398245 5633.730396196246 564.0494790673256 20370.4300198704 151.0194788649678 316.8191438093781 2235.920137435198 14278.82259710133 1490.726924873888 891.4914412796497 30.06233866512775 16.06607756018639 144.7946477234364 585.4821264594793 69.70297336578369 3781.585317261517 72.29560812562704 1292.993259213865 448.2769404128194 1737.121927469969 12.64652869105339 6.824509277939796 26.09336893260479 22.95052491873503 3.170001976191998 16.0094530954957 264.0397554188967 0.9737921059131622 4.03458009660244 758.6629641279578 13.05718699097633 848.6289631053805 63.83583676069975 2.685539163649082 101.7214959263802 1.189024463295937 39.84820242971182 5.770506724715233 369.4960557967424 13.39847065508366 0.587814137339592 1.29064529389143 224.1418903470039 248.7866529151797 513.3039921447635 124.8649984076619 2970.452257119119 0.4579562842845917 11.00611162930727 68.50699127465487 3344.134877726436 141.3991023972631 920.0658254474401 0.3416421189904213 1.538867548108101 9.676915608346462 34.15722887217999 16.96929854154587 1312.728815115988 3.166185647249222 85.97254022955894 28.09700407087803 520.8634378761053 8.631951868534088 0.9755909442901611 4.380051031708717
0.2657322585582733 1120.499297894537 0 0 3.729559056460857 2.476349502801895 1.913943402469158 3.592514522373676 104.9341361299157 0.9356527402997017 2401.321045733988 0.4936126172542572 7165.274399675429 5.046823225915432 0.8620562180876732 1.562366351485252 0.5034638941287994 55.37050671130419 58.82743772864342 1.176904894411564 0.3528439253568649 779.1077022776008 0.1028078272938728 151.0194788649678 709.4365973323584 554.0920586884022 3469.646469831467 2.65073100477457 34.82925049960613 0.7636350244283676 396.6055248007178 11.8581820204854 0 555.7602984234691 0 45.26565822958946 976.1619454026222 1149.175198920071 103.4763800874352 1.606413312256336 8.518292978405952 1553.158569827676 3.221708551049232 0.1316875070333481 25.85890457034111 0.1531476974487305 0 0 0 0 0.09360359609127045 0.1637990474700928 0 346.9416193440557 0 791.7004911676049 0.1798315197229385 0.2576766312122345 0.1796432882547379 0.283380001783371 69.22045768797398 19.99156474322081 0 0 0.3207313120365143 0.1119707375764847 0.7157552912831306 53.52829127013683 110.8679207861423 415.4900155961514 1.920648105442524 0.2940138280391693 0 73.25204257667065 0.9036170989274979 0 4.29528196901083 1.381376430392265 11.51141820847988 100.219759978354 21.36676798760891 0 0 0.7108946442604065 8.399062857031822 0
46.90950360149145 1307.772008292377 5160.419258110225 4.061615660786629 3.951629146933556 34.30920423567295 191.8382914587855 222.1032154783607 129.542664706707 15.84422231465578 3587.284223757684 1.928853802382946 2351.788026072085 244.2380628809333 1.39550569653511 104.1408457010984 2446.84540515393 2412.156296946108 3739.846651576459 5.533567868173122 30.53223315626383 527.894755333662 717.3682207167149 316.8191438093781 554.0920586884022 22279.06524953991 25898.91836875677 119.9700164794922 209.4773852452636 124.2454672604799 759.0573329180479 17.32717809081078 4.985149398446083 1748.366572842002 44.8633898794651 3660.758937358856 8472.976164326072 4259.006466090679 1126.746085613966 106.8219664990902 10.28369126468897 27.84827886521816 9.562244258821011 3.067479513585567 664.5298209041357 1712.786684021354 0 0 0 14.46964660286903 3.254541046917439 4.645634226500988 0.08844368904829025 147.1484839990735 0.4588173627853394 663.2031927704811 7.963368281722069 0 33.68591250479221 483.209756039083 199.7575908526778 876.8138698711991 0.1183105856180191 19.47268805652857 56.91759634763002 47.32026092708111 33.30502885580063 177.0321209132671 3494.131155654788 5792.090104334056 47.16317845135927 5.23862249404192 40.32619420439005 155.079002045095 0 0.6287494748830795 24.75097320228815 34.62773545831442 108.1857386901975 381.3926605507731 81.01423133909702 47.23255699127913 2.10731928050518 0 21.42048244178295 0
2.477611683309078 6288.106996759772 15541.48172727972 1.403439439833164 3.323700703680515 7.688060581684113 105.1081511676311 13.92088120430708 691.2414743602276 3.922150380909443 1634.809060543776 1.888588637113571 3260.38753195852 20.63611225783825 8.541172191500664 5876.911162547767 14410.41331347823 1026.032263942063 3804.005933910608 2.674627423286438 935.4356732740998 5679.631659686565 13206.02735742927 2235.920137435198 3469.646469831467 25898.91836875677 34446.32642905414 1415.633885972202 63.72671250253916 72.66602992266417 989.682910092175 10.90857876092196 8.097759187221527 2575.606049366295 76.92004180699587 6138.940471753478 3967.968011304736 4670.63506808877 1480.57842489332 270.7208972200751 15.12141533941031 99.19251012057066 15.22124410420656 4.817063368856907 1630.659750290215 2997.582254573703 0 0 0.2396909818053246 19.09737709909678 3.519003093242645 5.22807689011097 0.8897037357091904 93.59822782874107 0 518.7821316123009 8.170390747487545 0 982.2640137821436 358.2114112749696 151.2647306397557 703.7925842478871 0.2095707952976227 16.83281026780605 903.1901019960642 566.2694297805429 31.36500211060047 289.3137238919735 3050.970911413431 10335.52860036492 35.20009738206863 7.243162743747234 34.74245760589838 116.2307350710034 0 0.8443480730056763 17.87676031142473 40.63357621431351 142.1809913516045 290.0063287913799 74.19516494125128 37.43121906369925 2.879944182932377 1.106167852878571 12.06628515571356 0
170.6286101266742 27.34726345539093 989.858975276351 4819.553336583078 7.751469142735004 2125.8959916085 22762.62583376467 896.1261774338782 1496.516652576625 7612.182590022683 12.03823718428612 1219.401634700596 12.87109483778477 1083.032624129206 61.09685342758894 1367.98993344605 128.1553423032165 2.742416217923164 14.68202243000269 4677.904202066362 7409.806026235223 283.132146038115 4694.321553707123 14278.82259710133 2.65073100477457 119.9700164794922 1415.633885972202 29622.49131715298 2116.756150666624 10529.99146191776 0.6308134719729424 13.85798462480307 213.3346492946148 1225.73173686862 122.1832568496466 4268.253886267543 81.58216538280249 2035.683882407844 726.1879813671112 319.2831077501178 13.83582087606192 8.325850188732147 28.87672712653875 6.161216266453266 0.3227131515741348 8.630255818367004 83.17325726896524 0 6.195993848145008 226.0649971440434 6.69608847796917 250.230701893568 56.57137898355722 0.7262805700302124 48.68702275305986 0.1196999549865723 14.44503939151764 3.306181848049164 222.14695776999 5.796312816441059 0.1094732880592346 1.202116757631302 70.02779718488455 162.9640789628029 169.6314415484667 63.67396406829357 1146.30202075094 0 3.782992281019688 33.8442015349865 1254.709354624152 75.91279607266188 600.5144322812557 0 0.4390719085931778 7.709476709365845 13.49547113478184 23.37070934474468 492.4056708142161 2.508754298090935 38.10125324875116 11.98923460394144 135.2594374641776 5.68455071747303 0.3664684891700745 2.248308889567852
3107.288043126464 3.660870902240276 262.4195250719786 138.4001499414444 77.39274518191814 1050.682848419994 3474.916307236999 743.3328483849764 43.79521607607603 639.9610837996006 439.4097687453032 407.9092885330319 183.9785657152534 5345.714384641498 38.13239058107138 6.386045873165131 435.5004910677671 51.38480619341135 76.53991410881281 590.8078509643674 144.0684423744678 14.44220240414143 595.1513016074896 1490.726924873888 34.82925049960613 209.4773852452636 63.72671250253916 2116.756150666624 17233.90703587607 4175.042615208775 11.28500018268824 789.4332233592868 3925.840073183179 3394.948713265359 133.2794895023108 2499.794423043728 120.6382028013468 2643.065396398306 525.2786241471767 359.5658339634538 426.3146093040705 10.26774802058935 38.35555478930473 0.8648102059960365 0 0.8628500998020172 1.158188253641129 0 0 13.2075591981411 0.3912284672260284 10.70309146493673 0.4238777458667755 0.1986897736787796 0.9222665205597878 0.2316031008958817 0.8874726966023445 0 8.790843561291695 0.4575524777173996 0 0 2.063766337931156 11.36988029628992 13.2578828856349 3.871105216443539 75.19339695572853 0 0.6730159074068069 3.36908758431673 102.8279352933168 4.0083052739501 48.69515863806009 0 0 0 0.9183273538947105 12.4281928986311 104.2979977279902 0.7569852471351624 5.157772190868855 3.457340769469738 10.81742499023676 0 0.1444401741027832 0.7698500752449036
1593.684152670205 2.199003122746944 979.4320357888937 2.800234422087669 2.545927971601486 52.97597547620535 5910.017102312297 1247.15120985359 38.03023542463779 10.00733648240566 4.221233308315277 1.051374018192291 7.59944973886013 3284.128771942109 0.3560831993818283 112.4546709284186 1209.294978499413 2.045078277587891 100.2892607748508 3.996348440647125 12606.32024393976 200.6512884050608 5866.731472812593 891.4914412796497 0.7636350244283676 124.2454672604799 72.66602992266417 10529.99146191776 4175.042615208775 8204.300445042551 0.1634195521473885 8.38153813034296 317.6806049495935 3845.904708184302 135.0627971887589 4052.708361379802 56.22229146957397 2958.15580099076 855.4145868048072 150.1790930852294 12.75789804756641 4.546933680772781 18.16244257986546 0.689839780330658 0 0.3172781467437744 0 0 0 15.31090305745602 0.5061324238777161 15.28738345950842 0.1479486525058746 0.1256020963191986 0 0 5.039679668843746 0 68.92909932136536 0.6218380481004715 0 0 0.1600409746170044 61.51797218620777 47.23940595239401 33.43188155442476 114.1254826784134 0 0.3541881442070007 6.669807523488998 184.4049689546227 11.86452430486679 115.3529839292169 0 0 0.6272627860307693 0.7763562798500061 19.80317178368568 191.6731926947832 0.1694606691598892 8.278578452765942 3.869487091898918 16.90317879617214 0 1.934289693832397 0.1367556154727936
