1255.861940488219 0.8144661337137222 332.4600764662027 3.911354444921017 0 25.13451448827982 2393.14498732239 1009.402910932899 4.406920239329338 55.20222837477922 7.489368759095669 5.806592479348183 0.3700851649045944 5435.466698117554 0 1.012666784226894 112.571460172534 24.35503068566322 31.32034554332495 11.86481028795242 56.08102261275053 0.4630006551742554 304.493927679956 31.28088070452213 0.5151433944702148 246.5563202574849 56.58365540206432 41.40065062791109 2638.472027175128 2463.771872207522 0.0862288773059845 1.833281055092812 51.24435187131166 43.49102362990379 2.226885333657265 62.47361419349909 33.79908019304276 31.50328845530748 11.30206316709518 1.249600782990456 2.957353323698044 0 0 0 1.035703279078007 1.466476276516914 0 0 0.3290562033653259 4.661982379853725 0.2982915714383125 1.573578111827374 0.4007757008075714 0 0 0 0 0 0.6650508418679237 0 0 0 0 0 0.8260050863027573 0.2984375581145287 5.503564551472664 0 0.3169848099350929 3.328680872917175 6.621984601020813 0.8902583792805672 1.03268375992775 0 0 0.4860396832227707 0.3433769196271896 0 2.522949665784836 0.2347901910543442 2.527803182601929 0.3794475495815277 0 0 0 0
0.8144661337137222 120.5803636536002 75.15116707980633 2.419942043721676 0 2.257903881371021 16.99057108163834 3.104257076978683 665.9899053946137 4.221189625561237 220.8806837424636 11.40286052972078 1008.046009413898 2.645522676408291 35.26735375076532 394.102157972753 141.5630115419626 4.929018124938011 64.81293897330761 6.153470560908318 6.068102322518826 2049.894724354148 23.09399225562811 1249.206560432911 2000.590350225568 451.988385245204 5358.683425121009 30.57540954649448 5.024016417562962 1.327360458672047 17.96390804648399 0 0.5752564147114754 75.15684435516596 6.247106708586216 93.46904733777046 75.17739322781563 227.5034638419747 58.70975337177515 22.38320262730122 0.2352080196142197 28.61196847259998 0.5657168924808502 0.1057014167308807 119.8218163624406 329.9437387734652 0.1376640051603317 0 0.7439914047718048 14.77611039578915 1.267556428909302 3.201174959540367 2.137180522084236 11.77119886875153 0.1316168755292892 36.74955783039331 1.403346292674541 0.4234759211540222 8.215407118201256 14.94070392847061 1.080815248191357 6.468795143067837 0.3123798370361328 0.9825581014156342 45.05962088704109 21.24962195754051 9.004338622093201 47.07939215004444 175.4513133615255 1446.547908894718 6.110236756503582 1.00659516453743 1.884516559541225 2.84479283541441 0 0 14.15981656312943 1.614293739199638 39.24981442093849 16.2976303845644 39.60246703028679 12.35136082023382 0 0 2.775375008583069 0
332.4600764662027 75.15116707980633 4020.141264557838 26.38373101502657 0 238.7449402213097 2792.798413082957 792.1951055005193 2.457700461149216 180.7050420418382 27.78048565983772 4.739350259304047 5.317302085459232 882.8052869737148 0 14.31282722204924 4784.29238999635 45.82991300523281 82.28262296319008 32.30303040891886 668.6361183449626 19.58893314749002 14615.12284016609 224.6295262277126 6.33565779030323 7030.495223753154 5386.128549464047 650.6650345847011 308.4701806604862 1076.287093177438 0.1177827194333076 1.174488931894302 18.6658568829298 1106.183429606259 50.39897179603577 1229.413901910186 4319.144601866603 2229.495759703219 520.215760499239 50.64339085668325 4.294020943343639 3.953806653618813 7.584198549389839 0.3815976455807686 90.00036612153053 653.1563191786408 0.535988986492157 0 1.067276626825333 24.32050708681345 1.827399045228958 3.843569099903107 1.386095784604549 0.2324128523468971 0.1326673328876495 1.324301183223724 3.745127335190773 0.1040046885609627 20.99760066717863 20.28091656416655 1.330665111541748 3.795270785689354 0 7.222577475011349 78.90881965309381 76.88180990517139 26.32744371145964 0.1632218211889267 56.42771249264479 1060.862526245415 23.29612051695585 3.890760198235512 8.588320657610893 0.1191176772117615 0 0.3359498232603073 16.29761372506618 12.93795941025019 82.34314919263124 41.82155191153288 76.20100893825293 35.07957100123167 4.578849405050278 0 1.66088442504406 0.2085283845663071
3.911354444921017 2.419942043721676 26.38373101502657 2749.21492883563 0.6188264489173889 32.50965586304665 203.7305108159781 62.91755972057581 620.069503903389 2525.530947722495 1.22343485802412 1427.226398855448 0 59.52463758736849 49.00810934603214 1.955893382430077 2.208861768245697 0.4550825208425522 1.068846330046654 2264.079816825688 2.883209258317947 6.807885318994522 6.744948998093605 543.2144272327423 0.1626676172018051 13.86639910191298 38.29184651374817 6315.642935238779 84.06824792176485 4.093768715858459 0 2.337707884609699 3.316979430615902 40.07066169381142 15.06635648012161 150.686104260385 5.851568847894669 86.08977161347866 42.003787137568 90.11176617443562 12.79376982152462 0.2409953698515892 3.007123962044716 0.1841602474451065 0.5422078669071198 1.437752775847912 46.15719951689243 0 15.82043123245239 81.71828089654446 13.64026343822479 46.20884761214256 262.7200881540775 0 127.7891237288713 0 1.653877571225166 8.177572563290596 0.5573384612798691 0.164428323507309 0 0 66.81963908672333 0 1.18614536523819 1.509677514433861 153.5588412508368 0 0.6319078803062439 2.203947246074677 202.1024371981621 1.829061970114708 0.1944831162691116 0 0.1127430498600006 0 1.022309713065624 0.6882210671901703 2.737360410392284 0.1185388937592506 2.357680007815361 0.7161389887332916 11.89258369803429 1.869565688073635 0 0
0 0 0 0.6188264489173889 7.607494831085205 102.377433501184 1.247419953346252 16.43593247979879 15.37321050465107 2.624624624848366 1.282271519303322 72.030717022717 0.4971824735403061 1.297794796526432 721.6254406124353 0 0.2515499293804169 0.1468130201101303 0.526089996099472 3.789412975311279 0 0.6423480063676834 0 6.382072024047375 0.1965335756540298 0.4559431225061417 0.566022127866745 0.7003782838582993 48.21468714624643 0 0 17.87519669532776 0.176613911986351 91.27872422337532 3.081745445728302 45.84316977858543 1.067028060555458 64.04536707699299 15.11413888633251 905.6342852935195 368.847099378705 0.6627161651849747 2.367002010345459 0 0 0 0 0 0 0 0 0 0 0 0 0 0 0 0 0 0 0 0 0 0 0 0.1426731944084167 0 0 0 0.5466106534004211 0 0 0 0 0 0 0 0.2498320341110229 0 0 0 0 0 0 0
25.13451448827982 2.257903881371021 238.7449402213097 32.50965586304665 102.377433501184 12770.97972381115 7060.166292220354 7313.924912892282 62.06407794356346 9738.698320925236 17.23402015119791 4743.648030288517 4.381659887731075 621.7048811614513 1049.358915671706 1.153091460466385 20.92255052924156 5.037986487150192 10.81781205534935 438.1172738820314 43.60925845056772 2.568552605807781 65.27313426136971 211.5374974384904 1.934158399701118 94.26974955946207 70.20983352512121 691.2529708594084 404.2193319946527 55.49684106558561 0.3700281158089638 368.959023848176 7.145498089492321 934.8202459067106 17.26934127509594 358.5737652108073 28.38454625755548 292.1699488908052 89.52595412731171 1671.953309983015 1356.089978516102 7.252957955002785 9.34607408195734 3.260665647685528 0.4519462138414383 1.825818404555321 4.180263124406338 0 21.19222871959209 154.3931197375059 14.52204379439354 38.9553075581789 49.12374425679445 0.473288007080555 10.63958941400051 0.3672149553894997 11.47968132793903 0.913501113653183 1.299147322773933 0 0.178221732378006 0.19930350035429 13.38249222189188 0 1.004100866615772 1.762470833957195 161.3932421579957 0 1.5375916659832 6.011931426823139 184.1160161569715 15.91077870875597 1.180286332964897 0 0.7277452647686005 0.6913907006382942 3.504168018698692 0.1080198511481285 15.75420323759317 0.5931066945195198 14.54042661935091 6.956598468124866 1.548818796873093 6.969111062586308 0 0.1317233592271805
2393.14498732239 16.99057108163834 2792.798413082957 203.7305108159781 1.247419953346252 7060.166292220354 11007.43278098851 4247.843959636986 111.6503789573908 5397.708605051041 19.5013931542635 693.3778636679053 5.186566174030304 5615.727303035557 7.99871850758791 20.69663792103529 124.7970431372523 7.671604104340076 15.36897019296885 215.569091707468 1007.200983591378 21.3605095371604 1527.07967736572 1395.668411158025 4.572404988110065 515.1669244617224 667.8168731331825 10836.03669279069 1691.853940956295 3497.924188569188 0.3171039372682571 16.27298972010612 93.67050461471081 601.7936633452773 178.4983230307698 2291.38490345329 151.1117479130626 1309.810445480049 671.0798301547766 135.2522944957018 163.2902405932546 1.173568673431873 35.44314467161894 6.034258939325809 3.881476543843746 27.19639840722084 8.405995801091194 0.3965725898742676 20.43103554844856 543.2209017276764 39.72981235384941 103.4329303354025 45.22952917218208 3.342459246516228 4.05165821313858 0.09114484488964081 26.91397728025913 1.595710277557373 11.68687983602285 1.423916168510914 0.4625795185565948 1.130233578383923 10.54920983314514 2.274114564061165 7.73199824988842 31.01360346376896 445.4466307461262 0.1116174012422562 3.552003622055054 58.81083429604769 576.5299185067415 64.31033935397863 48.46574100852013 0.09051781892776489 0.1736030206084251 2.227207064628601 27.53087341785431 17.56813968718052 173.4572640433908 7.081929594278336 153.8581489175558 52.43670893460512 34.48967184126377 23.59211498498917 0.3971498012542725 2.873889058828354
1009.402910932899 3.104257076978683 792.1951055005193 62.91755972057581 16.43593247979879 7313.924912892282 4247.843959636986 11518.68430288881 126.1542126908898 2258.486520648003 38.0519355610013 2053.460926569998 0.9402633085846901 7253.867575645447 72.77072717994452 2.870762273669243 221.0463986545801 61.14671548455954 107.0747897550464 510.0847263485193 120.4970045089722 1.816542491316795 400.8238755837083 628.422951169312 0.5452051609754562 587.2117231413722 177.2645182833076 519.4258186146617 1314.267053410411 906.7033140808344 0.3204978853464127 508.0355029627681 7.042781352996826 346.3554370701313 6.813686117529869 242.2679818719625 108.2845221459866 173.2012411281466 39.10093823075294 490.7462305426598 185.1190690100193 1.69773668050766 6.544812105596066 3.273250371217728 3.391723968088627 4.038373954594135 7.343024030327797 0 14.53035483509302 267.8267260193825 26.26934773474932 73.28240675479174 25.39099219441414 1.489636354148388 6.872377291321754 0.3160461708903313 19.55875097960234 0.3656282275915146 1.119994275271893 0 0.4715524762868881 0.2035742774605751 7.580828920006752 0.284298300743103 0.3621420636773109 1.771994285285473 266.5420984402299 0 2.622220255434513 10.35302804410458 303.2667644098401 33.60231024771929 11.51621359586716 0 0.689882256090641 0.7016298100352287 9.726994164288044 3.243341661989689 46.84343723207712 0.3212309926748276 46.37853265553713 12.19752682000399 6.132467828691006 5.205845095217228 0 1.76803532242775
4.406920239329338 665.9899053946137 2.457700461149216 620.069503903389 15.37321050465107 62.06407794356346 111.6503789573908 126.1542126908898 507.7402404770255 279.2368579506874 27.39216779917479 288.763070255518 76.80737433582544 48.17492347210646 775.3560292869806 65.66461849957705 1.621330730617046 0.5242283418774605 1.36184649169445 1166.626322679222 11.89648223668337 2458.962258204818 4.65763234347105 7116.845100589097 178.3829767331481 11.14758525043726 208.2027798220515 1069.97522354871 49.3848240673542 19.84462211281061 3.176659740507603 0.447430782020092 7.723229125142097 29.58759701251984 6.756211370229721 134.9854161068797 8.885527305305004 73.05803950875998 27.61559259146452 363.8341113626957 11.6730315387249 1.226318314671516 2.352740824222565 4.551993355154991 3.094175606966019 2.845800466835499 65.52653761953115 0.9980195611715317 29.92510034143925 162.3435415476561 10.10977271944284 85.02215100824833 274.7460765242577 1.918657526373863 345.5285921767354 3.054856739938259 24.069928817451 63.19987954199314 36.24179353564978 0.5769539847970009 0.5227589532732964 0.2578211352229118 122.2318416386843 6.710577234625816 28.44207644462585 7.522989340126514 1149.388629004359 1.998927190899849 2.919916473329067 10.33128920197487 551.8719188421965 47.61370320618153 74.14149487763643 0.3896825015544891 0.1809632778167725 3.412269547581673 17.40941786020994 2.366353422403336 84.30136892199516 2.926434218883514 55.5504806637764 31.29622156172991 56.1373752951622 7.114831000566483 0 1.181513108313084
55.20222837477922 4.221189625561237 180.7050420418382 2525.530947722495 2.624624624848366 9738.698320925236 5397.708605051041 2258.486520648003 279.2368579506874 34704.79769455642 45.35213270783424 9129.805380225182 7.543228432536125 1514.768266096711 20.1523998901248 2.92084526270628 20.48140126466751 12.22653614729643 29.45274856686592 6579.599855795503 23.3903780579567 5.587069161236286 47.44632847607136 399.1844623759389 2.282600849866867 121.7847214266658 128.1952994167805 3466.748902231455 845.9078935459256 41.10000811517239 1.388187982141972 22.89251583814621 6.120338283479214 512.7477637305856 45.95443326234818 853.101717799902 49.25360151380301 936.1793053597212 250.6419694796205 89.66996607929468 135.0172176137567 2.573202133178711 25.06779357045889 1.692574322223663 2.088919088244438 3.69055687636137 90.0151349529624 0.6893332153558731 47.82527814805508 234.9977192357183 23.31726863980293 146.173443056643 352.9073280915618 0.2134420350193977 200.6900078058243 1.12291993945837 9.509123519062996 13.95944246649742 0.8149995654821396 0 0.5027429535984993 0.08795264363288879 110.6973892003298 0.3277755007147789 2.215345710515976 2.304795131087303 470.4313566163182 0.5806524232029915 2.912845864892006 14.50452900677919 565.1915711984038 12.74694158136845 1.654859781265259 0.1283245235681534 0.1385170668363571 0 4.356334239244461 2.165869265794754 20.27629093080759 0.6806023865938187 14.78756775707006 4.13046620041132 15.31561700999737 3.450345620512962 0 0
7.489368759095669 220.8806837424636 27.78048565983772 1.22343485802412 1.282271519303322 17.23402015119791 19.5013931542635 38.0519355610013 27.39216779917479 45.35213270783424 11882.2386533916 59.11278776824474 4078.228442192078 49.83977039158344 2.958978116512299 7.919044688344002 849.0752449780703 5645.956964820623 1452.606553941965 19.33691195398569 13.53463144600391 48.12833189964294 34.57916489988565 46.70030624419451 1537.117152377963 6926.279850304127 2139.930001653731 15.14409853518009 122.920976601541 10.76376239210367 1066.104617729783 22.74038088321686 31.82401765882969 5733.432935036719 10.32063613831997 371.8578140959144 4008.480196811259 4110.680539615452 749.4111933112144 9.721530333161354 13.00289478898048 1326.548409692943 1.396333068609238 0.1048035398125648 24.10655519366264 3.381212502717972 0 0 0.2447534650564194 3.185774460434914 0.2050073146820068 1.58227526396513 0.3073347210884094 525.3052083179355 0.2711403667926788 1290.097873426974 0.6820896342396736 0 0.4513113126158714 0.3059689104557037 84.09034828096628 29.41648950427771 0 0.173260897397995 7.641296476125717 0.2380162477493286 4.118351101875305 374.3834588825703 654.2820810228586 403.7218523696065 3.567422568798065 0.9668685048818588 0.2866188287734985 135.9413683861494 0 0 15.7744165956974 8.008044213056564 23.85230508446693 666.2408070713282 39.85333292931318 4.416445262730122 1.187741056084633 0 157.4554254859686 0.7922841906547546
5.806592479348183 11.40286052972078 4.739350259304047 1427.226398855448 72.030717022717 4743.648030288517 693.3778636679053 2053.460926569998 288.763070255518 9129.805380225182 59.11278776824474 7228.80195762217 13.51627894490957 652.2442666068673 1396.6594587937 0 7.686352871358395 13.71190529316664 34.22911743819714 5444.464092329144 0.9179424419999123 26.53800398111343 1.81134270876646 541.0575362667441 4.724162474274635 84.25800485908985 45.28717412054539 2323.485540688038 578.3063856884837 1.286532580852509 1.840682424604893 79.05914409458637 0.6958355829119682 1000.561625242233 4.277847371995449 210.4127008318901 30.82070983201265 596.4896211251616 79.15292912721634 1337.511320047081 422.2827983126044 5.982625052332878 4.836049318313599 0 0.6403348669409752 1.267049677670002 45.35519704967737 0 12.98619577288628 86.97529784590006 8.183014459908009 32.78938376903534 170.7560142576694 0.8885044082999229 125.0296287834644 0.71365787088871 4.101201713085175 4.054570630192757 0.2470719218254089 0 0 0 53.27228841930628 0 0.5386575758457184 0.7509860768914223 144.9752871245146 0.337660938501358 2.985024720430374 6.259671777486801 185.4142415225506 1.440912298858166 0 0.08407691121101379 0.1123802959918976 0.3782560974359512 3.003213375806808 0.2450979351997375 3.698596142232418 0.3868201822042465 4.75970096886158 1.19394638389349 4.946175411343575 1.06162978708744 0.1458408981561661 0
0.3700851649045944 1008.046009413898 5.317302085459232 0 0.4971824735403061 4.381659887731075 5.186566174030304 0.9402633085846901 76.80737433582544 7.543228432536125 4078.228442192078 13.51627894490957 4115.349476233125 1.187383726239204 3.787639141082764 28.62121763080359 4.223452024161816 141.490486420691 22.95887155085802 7.617195039987564 2.803833998739719 161.1216778531671 5.941286243498325 112.809912763536 3581.705485217273 1176.154037170112 3553.916437469423 5.732070222496986 3.732969902455807 0 1637.454736851156 1.025310397148132 2.461894519627094 1392.144426360726 14.24384896457195 1178.659758225083 3407.218682028353 3288.8833245188 267.3578452467918 135.3021583035588 105.2485206350684 783.5948927477002 7.868271961808205 0 14.79921577125788 0.2220636233687401 1.896932989358902 0 0.1278789192438126 0.6402065679430962 0.1339839994907379 1.801373206079006 2.48584259301424 605.878937907517 0.1062320545315742 1628.174245983362 0.2729778811335564 0 0.1008118614554405 0.7399905323982239 58.20755588263273 16.0933066084981 0.1045202761888504 0 7.198624670505524 1.371407210826874 5.130892544984818 722.9935920909047 540.8931270688772 300.3673138320446 0.7226883172988892 0 0.4393651038408279 182.6117546781898 0 0 18.60910817235708 6.516104698181152 303.3615769818425 603.271423175931 36.10904863476753 2.871490083634853 13.39175523817539 0.2256055995821953 182.8135872781277 0
5435.466698117554 2.645522676408291 882.8052869737148 59.52463758736849 1.297794796526432 621.7048811614513 5615.727303035557 7253.867575645447 48.17492347210646 1514.768266096711 49.83977039158344 652.2442666068673 1.187383726239204 10763.26061978191 28.09870356321335 3.773897886276245 368.1143877804279 111.2570267245173 174.1173004955053 343.9251981973648 142.4904332980514 1.509691990911961 571.2497114315629 442.5848201960325 0.6410348638892174 751.5860546305776 220.1400319486856 470.4686170443892 7435.726071543992 2122.669005446136 0.2691042870283127 100.5599668323994 44.36015915125608 315.5849114432931 17.6256447583437 588.7378347590566 129.9769651070237 163.5972432419658 37.83430044353008 240.1641904637218 67.41066135466099 1.899331420660019 9.698455318808556 0.7075619846582413 4.33630533516407 5.111634887754917 1.267835795879364 0 3.653285175561905 64.16571743786335 2.954246744513512 20.50052801519632 6.081255055963993 0.2108998522162437 1.246328786015511 0 6.346344336867332 0.6976113542914391 1.730402544140816 0.3848710879683495 0.156685084104538 0 3.100400760769844 0.3303462788462639 0.7872430980205536 1.032700262963772 71.81614930182695 0.1097330451011658 4.19341304153204 17.64309345185757 87.06342339515686 8.876118935644627 6.158652365207672 0 0.07696697860956192 0.1052145957946777 3.393712379038334 1.55351834744215 24.4851179048419 1.323545977473259 20.29783783107996 7.055667869746685 0.6171372160315514 2.446800604462624 0 0
0 35.26735375076532 0 49.00810934603214 721.6254406124353 1049.358915671706 7.99871850758791 72.77072717994452 775.3560292869806 20.1523998901248 2.958978116512299 1396.6594587937 3.787639141082764 28.09870356321335 783.9378885477781 0.1560411304235458 0.1272707134485245 0.1158153116703033 0.3409634158015251 279.7795402631164 0 110.7472858577967 0.1351561397314072 629.7854764312506 10.33959616720676 1.27485166490078 12.59028621017933 79.94333578646183 15.36621203273535 0 0.8209147602319717 60.35999503731728 0.1498157680034637 39.02744022756815 0 8.031957268714905 2.135631814599037 15.74964752048254 3.586954176425934 1551.54653801769 113.1511005014181 1.065027609467506 0 0 0.2504009827971458 0.4224488735198975 0 0 0 0 0 0.2816582322120667 4.106183648109436 0 2.546031191945076 0.3656906336545944 0 0 0.4839470833539963 0 0 0 0 0 0.6266012191772461 0 0.6407835856080055 0.3166795074939728 0.1505281627178192 0 1.063080251216888 0 0 0 0 0 0 0 0 0 0 0 0 0 0 0
1.012666784226894 394.102157972753 14.31282722204924 1.955893382430077 0 1.153091460466385 20.69663792103529 2.870762273669243 65.66461849957705 2.92084526270628 7.919044688344002 0 28.62121763080359 3.773897886276245 0.1560411304235458 3612.190491907299 13.45584822446108 1.048081919550896 3.550944395363331 2.320266097784042 2255.121397174895 1968.078091137111 3943.694489754736 2079.975913330913 109.8465257361531 13.24599407613277 4123.428960204124 1086.594717957079 21.57656629383564 207.3728912770748 0.5400044545531273 0.1338351964950562 29.38424565643072 118.6712276861072 76.50959257781506 1421.581924982369 297.0028377696872 698.6176804453135 707.0312910228968 41.55081897974014 7.824189625680447 1.956675454974174 13.06203622370958 4.249943219125271 4.504454836249352 38.17632775753736 0.1806934475898743 0 0 30.56654957681894 2.605441510677338 157.3743580728769 1.397094994783401 1.028614118695259 0.1557232886552811 0.3016684055328369 4.311774626374245 0 2064.862685106695 10.24078205227852 0.2450830489397049 1.90697605907917 0 457.348221771419 1128.812293805182 1144.231004677713 486.6904034987092 0.5593032389879227 3.916961066424847 292.446842931211 465.929786965251 60.93350267410278 281.4517530575395 0 0 14.41557206958532 64.7965996041894 25.95348810404539 747.0788238719106 197.1485973447561 279.7909035012126 245.9449732154608 18.96225690096617 3.563491843640804 2.265459835529327 1.778580009937286
112.571460172534 141.5630115419626 4784.29238999635 2.208861768245697 0.2515499293804169 20.92255052924156 124.7970431372523 221.0463986545801 1.621330730617046 20.48140126466751 849.0752449780703 7.686352871358395 4.223452024161816 368.1143877804279 0.1272707134485245 13.45584822446108 1093.373917832971 492.3155226558447 2904.456992208958 5.078748188912868 178.6612382680178 10.4047364294529 4419.180257484317 42.48556168377399 8.125696562230587 3865.86473967135 5678.909537963569 59.22638943791389 669.2267188355327 909.0718967467546 1.458346776664257 1.507931105792522 72.88789286464453 3079.194940395653 5.17243130505085 152.1672302559018 1417.625789731741 739.8934526592493 79.55894700437784 4.323108948767185 0.9017087072134018 0.6401642635464668 2.222045339643955 0.5077607184648514 170.5847693830729 196.0585209205747 0 0 0.8188419193029404 7.73968256264925 0.8272658362984657 0.9135937243700027 0.7709304094314575 1.062227323651314 0 0.5154932886362076 2.288163110613823 0 4.383177034556866 11.20490995049477 0.2595279514789581 4.7492421194911 0 2.017384804785252 6.364036552608013 9.584634520113468 3.333757445216179 1.916945092380047 146.088497325778 522.4435489848256 3.53229021281004 1.014066286385059 2.502309791743755 0.1296433806419373 0.1008520200848579 0.1499218195676804 8.715982116758823 0 19.17929717898369 12.55534772574902 24.90101833641529 4.440342724323273 0.71412593126297 0 0 0.3955279067158699
24.35503068566322 4.929018124938011 45.82991300523281 0.4550825208425522 0.1468130201101303 5.037986487150192 7.671604104340076 61.14671548455954 0.5242283418774605 12.22653614729643 5645.956964820623 13.71190529316664 141.490486420691 111.2570267245173 0.1158153116703033 1.048081919550896 492.3155226558447 373.085046350956 1422.938237637281 4.929548442363739 7.33782897144556 0 55.81621390581131 3.530252203345299 127.3142546564341 3064.013976313174 276.7290755361319 4.340962752699852 171.1921762675047 34.7573009878397 57.45111138373613 2.593750886619091 19.39623660594225 970.1977237910032 4.70655795186758 185.3747489452362 1357.580637328327 1356.490219518542 243.5205259546638 4.280316933989525 2.105307698249817 96.60837505757809 1.639279052615166 0 10.15556263923645 3.309419140219688 0 0 0.1661089062690735 0.5458242446184158 0.1090885549783707 0.2929126471281052 0.08132138103246689 13.67835538089275 0 114.8427250981331 0 0 0 0.5682433992624283 33.94895786046982 16.93212857842445 0.1113034412264824 0.1297580003738403 0.5365811437368393 0 1.528100244700909 51.6052383929491 335.4339591860771 304.6886124014854 1.690080694854259 0.1050033494830132 0.2267766669392586 26.66938095539808 0 0 3.459080100059509 1.052729040384293 6.40286261588335 17.00269626826048 9.033428207039833 2.564440563321114 0 0.6080850958824158 2.701723404228687 0
31.32034554332495 64.81293897330761 82.28262296319008 1.068846330046654 0.526089996099472 10.81781205534935 15.36897019296885 107.0747897550464 1.36184649169445 29.45274856686592 1452.606553941965 34.22911743819714 22.95887155085802 174.1173004955053 0.3409634158015251 3.550944395363331 2904.456992208958 1422.938237637281 1976.042361102998 10.40601704269648 32.58579014241695 0.9909361302852631 136.2896516025066 11.59063715487719 86.57205295562744 4578.385941669345 1000.282844401896 14.10235913842916 331.4830638319254 98.7483394369483 4.54890588670969 8.646519362926483 60.11447355151176 2937.950045444071 4.352701783180237 322.6973296627402 1569.392359241843 1574.709314659238 224.3262938261032 9.509283401072025 1.551598191261292 12.86920601129532 1.214169695973396 0.2176012471318245 205.4429887086153 37.40248549729586 0 0 0 2.933813132345676 0.3312594369053841 0.9282880946993828 0.8760065361857414 1.882022276520729 0.1114291474223137 11.5687290430069 0.6133838072419167 0.1232683435082436 1.128563329577446 5.584875866770744 6.063834726810455 20.1611243635416 0.2727388143539429 0.3393895030021667 2.15122976154089 1.842154078185558 3.227754339575768 23.40724304318428 340.8534081280231 591.9159136861563 2.781317383050919 0.7862928062677383 1.297650128602982 5.4418790563941 0.1244849786162376 0 9.538479134440422 2.887098424136639 18.47936994582415 12.48586563766003 30.73250656574965 4.494087159633636 0 0 0.1841584146022797 0
11.86481028795242 6.153470560908318 32.30303040891886 2264.079816825688 3.789412975311279 438.1172738820314 215.569091707468 510.0847263485193 1166.626322679222 6579.599855795503 19.33691195398569 5444.464092329144 7.617195039987564 343.9251981973648 279.7795402631164 2.320266097784042 5.078748188912868 4.929548442363739 10.40601704269648 872.7544791251421 4.013055182993412 8.156077243387699 7.384534932672977 465.8512517288327 0.9884666800498962 41.83341205865145 59.68514494597912 7271.665261536837 344.3075708821416 5.310420669615269 0.361968532204628 16.13674976676702 3.763765953481197 257.1076277494431 22.71320226043463 413.4970188736916 21.91478676348925 382.158366702497 112.9798125252128 494.210834607482 89.21602224558592 1.569428235292435 10.1594659537077 3.494292721152306 0.8095407262444496 3.679387606680393 108.7924700006843 0.6989725232124329 42.23806663602591 227.8156838193536 34.19468200951815 117.4428628310561 453.1240538731217 0.5732870101928711 199.2709797099233 0.3356594890356064 11.16719468683004 14.96125745773315 1.408027738332748 0 0.1953307390213013 0 155.1049409583211 0.2834261357784271 1.991171643137932 2.965826086699963 478.2776221260428 0.09076674282550812 2.142054744064808 5.917716540396214 585.2738092020154 9.876552581787109 0.1562080681324005 0.1389659345149994 0 0 1.169748537242413 0.7558902204036713 17.38272811472416 1.247717916965485 10.16159860044718 3.448782533407211 20.29521577060223 0.3025554120540619 1.917776465415955 0.2280285209417343
56.08102261275053 6.068102322518826 668.6361183449626 2.883209258317947 0 43.60925845056772 1007.200983591378 120.4970045089722 11.89648223668337 23.3903780579567 13.53463144600391 0.9179424419999123 2.803833998739719 142.4904332980514 0 2255.121397174895 178.6612382680178 7.33782897144556 32.58579014241695 4.013055182993412 12549.94110413641 72.31026908010244 12993.33708099276 305.5986380279064 2.718508437275887 68.14460036158562 1107.21367764473 3901.734002687037 212.4659126773477 7106.587726600468 0 1.036711238324642 130.3615537956357 2733.713132664561 253.0249644368887 4578.247738771141 1072.946603953838 4240.98401042819 2618.063406661153 108.2576727122068 43.03806977719069 4.149003610014915 43.07410024106503 2.427666060626507 0.6578008681535721 6.777619808912277 0 0 0.1023673489689827 9.836665257811546 0.8691849932074547 52.01702496409416 0.3717604205012321 0.1274352520704269 0 0 3.989352755248547 0 395.1793051585555 3.883994653820992 0.3484632223844528 0.1463284492492676 0 200.5079764574766 172.6278603225946 131.0559082254767 212.3885589018464 0 1.375033318996429 29.93207162618637 223.2218517288566 30.06832854449749 159.2669546231627 0 0 9.384593807160854 22.25851798802614 38.5912069529295 245.781498298049 41.5916713476181 81.08471228927374 54.35024828463793 4.348611876368523 1.584372825920582 0.2627993226051331 0.991367906332016
0.4630006551742554 2049.894724354148 19.58893314749002 6.807885318994522 0.6423480063676834 2.568552605807781 21.3605095371604 1.816542491316795 2458.962258204818 5.587069161236286 48.12833189964294 26.53800398111343 161.1216778531671 1.509691990911961 110.7472858577967 1968.078091137111 10.4047364294529 0 0.9909361302852631 8.156077243387699 72.31026908010244 1443.206226721406 173.3990288153291 5537.241340525448 527.5733161121607 17.9768208116293 2131.18066817522 83.68865075707436 2.729863978922367 48.52122659236193 5.378358066082001 0 1.919097766280174 16.14425679296255 6.262379266321659 152.207121565938 24.22482966631651 69.10771934688091 29.59495156258345 76.58932622522116 1.097242757678032 2.925950981676579 1.387454509735107 1.828221365809441 165.3630367964506 280.1781132370234 0.2933907210826874 0 0 19.09345377981663 0.8146582320332527 76.62344618141651 2.67031268030405 2.179186515510082 0.4628613889217377 13.71283517032862 2.602522224187851 0 870.387681812048 7.728003472089767 0.5891377925872803 0.6954203099012375 0.144799992442131 163.3232046812773 416.3069585040212 551.3724135532975 226.4736923277378 14.80297031998634 4.479112446308136 984.4122025370598 167.2041782736778 16.15253043919802 110.4666926115751 0.3831890225410461 0 6.136841006577015 17.81629208475351 7.451956868171692 300.8157865852118 58.82999849319458 115.6687727570534 121.589658126235 8.267840906977654 1.9623002409935 0.2236560732126236 0.7788359373807907
304.493927679956 23.09399225562811 14615.12284016609 6.744948998093605 0 65.27313426136971 1527.07967736572 400.8238755837083 4.65763234347105 47.44632847607136 34.57916489988565 1.81134270876646 5.941286243498325 571.2497114315629 0.1351561397314072 3943.694489754736 4419.180257484317 55.81621390581131 136.2896516025066 7.384534932672977 12993.33708099276 173.3990288153291 16328.92441242188 481.8801555857062 7.097810447216034 2572.218222394586 8837.491092547774 1571.517654724419 558.6520194932818 6386.662059314549 0.3987903743982315 1.918770216405392 25.71194455772638 3259.692744113505 319.4595475643873 6069.018970824778 6542.214593879879 7592.649416059256 4858.230312220752 346.5817755907774 35.60336720198393 6.665019631385803 48.55828904360533 0.5355380550026894 13.09601350128651 448.0834622904658 0.2311667650938034 0 0.2665860652923584 21.85604832321405 1.182459153234959 11.79728033393621 2.232872322201729 0.3076565712690353 0 0.1514053046703339 1.820182003080845 0 1194.850630775094 12.29686632752419 0.4459666162729263 1.368135318160057 0.256275475025177 196.9997789561749 471.3926737233996 1220.746053300798 101.1567962765694 0.8439546972513199 5.99973513931036 1020.596949510276 96.42851216346025 10.80387553572655 62.94462155550718 0.1732645034790039 0 2.123782083392143 33.17418113350868 50.25866413116455 438.5929038599133 159.7778896987438 202.3810662552714 234.1431737989187 11.47828207165003 2.439631208777428 0.9385119527578354 2.540333658456802
31.28088070452213 1249.206560432911 224.6295262277126 543.2144272327423 6.382072024047375 211.5374974384904 1395.668411158025 628.422951169312 7116.845100589097 399.1844623759389 46.70030624419451 541.0575362667441 112.809912763536 442.5848201960325 629.7854764312506 2079.975913330913 42.48556168377399 3.530252203345299 11.59063715487719 465.8512517288327 305.5986380279064 5537.241340525448 481.8801555857062 4232.659945011139 321.7227471321821 134.4550593644381 3556.055472157896 8486.922329820693 984.0995041802526 162.5953338742256 5.250136390328407 6.585044026374817 229.915230281651 556.9809043928981 170.1196704283357 2800.854267813265 175.6640543267131 1406.489538230002 685.1576687470078 483.0765726938844 145.4378385916352 3.601548090577126 29.46441974490881 28.16272331774235 4.242285571992397 40.86125987768173 127.3421914428473 0.1981973797082901 70.31208773702383 1110.151709474623 96.27068079262972 1451.79258068651 608.3637674376369 5.64145539700985 284.2771342173219 5.406780809164047 90.19919470697641 41.22122215479612 294.4587429985404 4.346478343009949 1.6624965518713 2.494632311165333 227.4124658182263 101.9195263981819 204.1283532604575 147.6261935085058 3035.461320452392 2.713804759085178 10.0852559953928 130.5656682029366 2601.752479091287 274.7195523455739 387.0891517922282 1.924672335386276 5.109971590340137 16.27234513312578 100.8486231639981 36.43861498683691 592.2318569496274 30.41053648293018 434.146639816463 181.6545474231243 112.8988877013326 52.16194251179695 4.193661212921143 4.12586809694767
0.5151433944702148 2000.590350225568 6.33565779030323 0.1626676172018051 0.1965335756540298 1.934158399701118 4.572404988110065 0.5452051609754562 178.3829767331481 2.282600849866867 1537.117152377963 4.724162474274635 3581.705485217273 0.6410348638892174 10.33959616720676 109.8465257361531 8.125696562230587 127.3142546564341 86.57205295562744 0.9884666800498962 2.718508437275887 527.5733161121607 7.097810447216034 321.7227471321821 483.8605265766382 993.9494600519538 5578.35613565892 7.183086067438126 0.796757236123085 0.124442920088768 195.4528740942478 0.4043402224779129 0 392.5572951510549 0.5260392874479294 65.72800739109516 279.1471259966493 682.4165225327015 55.10503994673491 11.98650263994932 70.26864151656628 176.602356992662 9.211489945650101 0.1058010458946228 18.07162028551102 4.231563419103622 0 0 0 0.4903838783502579 0 0.5337693393230438 0.09256238490343094 171.6673718765378 0.2193792760372162 615.00294405967 0.1463661044836044 0 0.4339396506547928 0 42.61971532553434 14.23218481987715 0 0 3.291595689952374 0.3848008662462234 2.242256805300713 104.3934043422341 267.8203245252371 498.1381382197142 1.893953800201416 0.3653822094202042 0.2966558337211609 60.33263093978167 0 0.1024200692772865 17.14033394306898 1.035295456647873 23.94393160194159 91.79550839960575 25.42121297121048 3.204600378870964 17.97375227510929 2.245083332061768 39.06112433224916 0
246.5563202574849 451.988385245204 7030.495223753154 13.86639910191298 0.4559431225061417 94.26974955946207 515.1669244617224 587.2117231413722 11.14758525043726 121.7847214266658 6926.279850304127 84.25800485908985 1176.154037170112 751.5860546305776 1.27485166490078 13.24599407613277 3865.86473967135 3064.013976313174 4578.385941669345 41.83341205865145 68.14460036158562 17.9768208116293 2572.218222394586 134.4550593644381 993.9494600519538 22206.83283758909 15946.2300575152 149.0460185855627 729.465022534132 421.8081688210368 379.8299302011728 15.72158151119947 34.87963328510523 2709.535651251674 35.52977711707354 1492.14345498383 8672.193961046636 6023.785410322249 1195.948188960552 41.7821701914072 14.03231675922871 292.837320536375 8.359425686299801 0.8597590699791908 1188.897236175835 737.5973773449659 0.1037594452500343 0 2.307421438395977 40.92468244582415 4.90263569355011 5.37680958211422 3.251178555190563 86.41179116070271 0.3369124084711075 567.9911606758833 6.742494404315948 0.2857878133654594 4.173021748661995 64.24649343639612 185.8947415500879 140.1869590878487 0.1127314567565918 4.025918051600456 18.45574789494276 30.4950555190444 16.40760912746191 401.3578112199903 2915.781835578382 5544.945927664638 15.66682212799788 7.490066476166248 10.67177636176348 145.9510349184275 0.3228589370846748 0.5850213542580605 87.49244866520166 13.49359173327684 149.8549855649471 179.7865493372083 306.5263860449195 72.9730931520462 0.832165539264679 0.7070580124855042 15.15534488111734 1.500928722321987
56.58365540206432 5358.683425121009 5386.128549464047 38.29184651374817 0.566022127866745 70.20983352512121 667.8168731331825 177.2645182833076 208.2027798220515 128.1952994167805 2139.930001653731 45.28717412054539 3553.916437469423 220.1400319486856 12.59028621017933 4123.428960204124 5678.909537963569 276.7290755361319 1000.282844401896 59.68514494597912 1107.21367764473 2131.18066817522 8837.491092547774 3556.055472157896 5578.35613565892 15946.2300575152 26795.04227951914 1139.81697332114 264.1485249623656 101.2036241292953 518.1147590205073 6.221927992999554 39.26572498679161 2981.273853391409 219.6389617919922 4464.647537827492 8413.150512330234 8389.417084001005 2787.18786778301 245.6651197075844 20.0255273655057 103.6966750100255 31.61444329470396 2.374924153089523 2148.935777582228 4033.662832014263 1.118350207805634 0 8.002169296145439 129.7219484224916 13.08486030995846 16.63526716083288 9.899544261395931 103.8134646788239 1.025682054460049 717.7548293918371 17.77343732863665 0.5501401349902153 676.576701797545 129.0818953514099 214.075636126101 150.45957018435 0.3989557325839996 57.07758185267448 1355.252853386104 1494.965004347265 112.4094748720527 814.3748592436314 2747.924285933375 11469.97164288163 91.83231163024902 13.21307392418385 29.44528843462467 191.1500927135348 0.3972875848412514 0.9617732092738152 137.5831160694361 64.336814917624 664.0949376523495 365.2329307943583 724.0455827713013 400.67088752985 11.02790696918964 4.419353187084198 15.40485871583223 3.930768951773643
41.40065062791109 30.57540954649448 650.6650345847011 6315.642935238779 0.7003782838582993 691.2529708594084 10836.03669279069 519.4258186146617 1069.97522354871 3466.748902231455 15.14409853518009 2323.485540688038 5.732070222496986 470.4686170443892 79.94333578646183 1086.594717957079 59.22638943791389 4.340962752699852 14.10235913842916 7271.665261536837 3901.734002687037 83.68865075707436 1571.517654724419 8486.922329820693 7.183086067438126 149.0460185855627 1139.81697332114 13020.81943491846 1323.444707475603 6934.50860671699 0.5136566013097763 8.881356209516525 573.934585519135 861.1076421961188 208.7476352155209 3105.272695459425 196.3845317065716 2027.683887928724 933.0242009311914 193.2324161753058 112.3184435144067 4.76526365429163 45.70486786216497 10.93325839191675 2.92529135197401 18.8959517031908 100.3686546012759 0 38.84459169209003 625.0510138869286 56.30839069187641 366.143411450088 403.9942490905523 0.7798512727022171 146.7766564190388 0.448367066681385 40.50288588553667 17.4558956772089 120.4476802945137 3.144490130245686 0.9557034075260162 1.466204322874546 119.3013096302748 61.32998755574226 44.63423247635365 33.28193812817335 1282.145037345588 0.2068133950233459 4.665777422487736 41.02646344900131 1313.243733309209 127.7844745442271 242.8582087233663 0.1664233058691025 0.3741226866841316 10.6603114977479 45.04166626930237 36.61039926856756 284.1308085024357 10.18630382418633 193.2854318320751 79.6369481086731 43.13891905546188 28.15438914299011 2.079249821603298 3.390769086778164
