917.4602080732584 0.2099766135215759 33.25814827531576 0.6206531077623367 1.973129950463772 46.94267643243074 4909.294047616422 1282.556230731308 12.42239179462194 68.44774898141623 18.48446179181337 4.680992372334003 0.9229523465037346 6120.986800320446 0.3553679138422012 0.453403078019619 221.6563508808613 6.192153058946133 43.98116247355938 2.744042158126831 19.58437184989452 0.237039290368557 135.4846636429429 22.62205757200718 0.4569714367389679 30.19116415083408 54.54537167400122 42.20409645885229 2685.043769687414 1134.919011093676 0 16.296362452209 0.2587850913405418 59.47512550652027 1.986438542604446 29.96790790557861 23.3624377027154 33.22402733564377 8.518808878958225 2.732506282627583 1.634864203631878 0.1390272080898285 1.619008392095566 0.1158561483025551 0.228097677230835 0.8629940673708916 0.1207147166132927 0 0 1.841616712510586 0.593989223241806 0.5467845350503922 1.209308117628098 0.1376285254955292 0.4075423777103424 0.1328142434358597 0.678786113858223 0 1.117589607834816 0.6817095801234245 0 0.1875693574547768 0.1625291407108307 1.030974343419075 0.2681962102651596 1.319937154650688 8.993649758398533 0 1.881232365965843 3.976298660039902 11.43190501630306 2.636715166270733 2.092048659920692 0 0 0.1480318903923035 0.3375826701521873 0.1574595421552658 5.106668882071972 2.559039525687695 1.750206537544727 0.3228753209114075 0.5708888322114944 0 0 0.3936841785907745
0.2099766135215759 187.025355771184 23.46367447078228 1.817534267902374 0.4102314859628677 0.5160046741366386 9.685161471366882 1.293040670454502 477.2961841747165 0.2960034161806107 84.84990227222443 2.195645377039909 1136.539507187903 0.9212000742554665 15.75816522538662 115.1610575094819 27.96406408399343 3.129783749580383 15.04616919904947 0.2356187254190445 2.934326857328415 3202.624315910041 11.25942261517048 1030.519200108945 1681.683682866395 178.2541658580303 6090.10837520659 37.02206910401583 3.386662773787975 3.822155095636845 33.59377871453762 0 1.148301392793655 15.10765049606562 0.310429111123085 37.40942794084549 69.89231092482805 73.43148636817932 16.05220890045166 17.61454011499882 0 64.09670159220695 0 0 39.56306478381157 62.63101156800985 0.2792670130729675 0 0 1.264071978628635 0.7937762141227722 2.813473664224148 0.1437190175056458 2.191957578063011 0.4311212599277496 22.79390113800764 0.1285208165645599 0 6.20970606803894 29.39324317127466 4.672422803938389 10.7634075731039 0 1.537187993526459 16.17950140684843 9.042878597974777 7.740025095641613 47.07929331809282 120.3894976228476 913.2843075320125 5.890605248510838 0.3858640342950821 0.7028867080807686 6.322809830307961 0 0.1926780045032501 1.151715070009232 0 31.18282268941402 17.20072014629841 10.77630943804979 7.063726648688316 0.1337172538042068 0.332927942276001 9.516532838344574 0.1788400858640671
33.25814827531576 23.46367447078228 4886.092173531651 1.775945022702217 0.3732585459947586 18.82041354477406 1425.405043698847 300.6971998214722 1.012696370482445 134.7200311943889 15.8797295242548 2.097029268741608 6.352096252143383 265.1412491127849 0 14.73277854174376 5392.205347210169 26.39024099707603 286.4287491515279 0.4689764976501465 1224.199435509741 18.22395230829716 15634.02668713778 21.46553531289101 1.170223265886307 6815.177513957024 8473.356075078249 978.522490054369 53.27841085195541 455.4546386152506 3.790121428668499 2.253975965082645 2.665256164968014 148.0552804321051 21.29842746257782 1190.0528062433 4330.557550787926 1176.491841636598 455.674052067101 37.12381813675165 5.166349522769451 1.415330678224564 5.34733285009861 0 173.1384297758341 1058.727474890649 0.131150871515274 0 0 6.886604972183704 0.2601448148488998 1.102350667119026 0.4299300014972687 2.144814521074295 0 2.005643740296364 0.4825415387749672 0 68.29463239014149 151.7472222745419 3.626136459410191 24.73224331438541 0 16.80843184888363 71.28779708594084 424.7058589756489 23.46696655452251 1.579253740608692 160.5422897264361 2810.491197302938 22.41679036617279 1.733395412564278 6.452181652188301 0 0 0.1310928165912628 4.250055097043514 4.970367327332497 193.4111851900816 275.9684425741434 65.36636079847813 86.959556825459 2.948210820555687 0 0 1.803858786821365
0.6206531077623367 1.817534267902374 1.775945022702217 2868.445792987943 7.295192070305347 63.8956778421998 106.9973170384765 45.11487387865782 1127.138996511698 1191.285511098802 5.073470316827297 9416.702943854034 1.57302913069725 30.28825391829014 175.0361963436007 0 0.1898890361189842 0.7670701220631599 0.2214591130614281 2630.726478077471 0.1411653161048889 5.800079822540283 0.7633834555745125 3134.932564623654 0.8756752535700798 0.8875415697693825 2.236836858093739 6225.561540678144 106.7358171343803 4.385351128876209 0.1368766129016876 3.055225484073162 6.223713725805283 26.72309341281652 10.45697823166847 229.7671515271068 6.464165888726711 82.22767829149961 31.35808111727238 525.9132980853319 6.408778049051762 0.152095764875412 2.229138158261776 0 0.6889887601137161 0 238.7577653974295 0 20.00710199028254 40.31331743299961 43.0707823112607 153.2306125760078 476.5383643805981 0 149.6752538457513 0 8.351617559790611 36.0489454343915 0.3644965812563896 0 0.8990570306777954 0 183.9051666557789 0.1186085343360901 0.9689410626888275 0.3641777038574219 306.0138762742281 0 0.1561709642410278 0.4000703096389771 308.5469042062759 10.74875327944756 1.020720764994621 0 0.8787963762879372 0.9468719363212585 1.406736217439175 0 10.54273269325495 1.884820222854614 8.966990195214748 0.2532780319452286 143.9593123495579 0 0.1399795711040497 1.033678293228149
1.973129950463772 0.4102314859628677 0.3732585459947586 7.295192070305347 84.92702601850033 1247.221795462072 8.64771480858326 76.69900200515985 45.7859051078558 27.72440259903669 34.59168836474419 258.5015402436256 11.41230951249599 21.20452103763819 869.7022066041827 0 1.04488817602396 0.125042587518692 0.3080363869667053 22.76480656862259 0.1315909177064896 2.249313041567802 0.5141200721263885 21.29714880883694 0.4892755150794983 0.94292002171278 0.9875335618853569 13.52315063029528 72.28237868100405 0.9523551985621452 0.2319753766059875 84.21001690626144 0.3138381466269493 89.97272964566946 0.4648793935775757 101.3211031556129 5.159822382032871 57.11889035254717 7.290585584938526 970.5494281724095 66.06736866384745 2.953281968832016 1.187689170241356 0.1378883719444275 0 0 0 0 0 0 0.09086513519287109 0 0 0 3.350609540939331 0.1631538718938828 0 0.3418380916118622 0 0 0 0 0 0 0 0 2.079861655831337 0 0 0 1.175282068550587 0.09515274316072464 0 0 0 0 0 0 0.9066676199436188 0 0 0 1.234705120325089 0 0.8235511779785156 0
46.94267643243074 0.5160046741366386 18.82041354477406 63.8956778421998 1247.221795462072 8407.618225842714 3035.351690791547 5247.625943727791 71.08070828765631 6802.654393076897 246.845346108079 3953.334587059915 75.59845841675997 735.2491894885898 996.6470968425274 0.280693307518959 19.56852289289236 15.52285068482161 11.92773555964231 377.8815553635359 8.219899512827396 2.163585476577282 16.67397113889456 125.9315237253904 0.8665694370865822 21.62476917356253 26.99901658296585 617.4862247779965 519.7864104807377 25.18633909523487 3.172029130160809 352.4935211315751 4.364360682666302 383.8876459077001 22.468609765172 689.5444654598832 40.34615073353052 550.5178131610155 102.8501486629248 3572.510135479271 433.8143991082907 18.03065036982298 11.11965937167406 0.2167127206921577 0.1254536360502243 0.09966093301773071 28.42224452644587 0 7.605637863278389 53.73571608960629 38.8903130069375 9.626079887151718 90.99639066308737 2.998110085725784 63.54849170148373 0.8423867672681808 6.772461213171482 3.9216643050313 1.028123773634434 0 0.1210995763540268 0 29.61113449186087 0.6626706197857857 0.1355000138282776 1.11184649169445 110.2958675026894 0.5567438453435898 0.683826632797718 1.49230045825243 167.208176292479 16.85849454253912 2.158854126930237 0.2119762450456619 0.8622408211231232 1.483987562358379 4.779282040894032 1.406541094183922 17.66397649049759 2.525333032011986 13.14984788745642 4.389510162174702 17.86775635182858 0.6195093840360641 0.1428743749856949 0
4909.294047616422 9.685161471366882 1425.405043698847 106.9973170384765 8.64771480858326 3035.351690791547 12666.5199816823 6704.895045764744 559.3065809831023 13556.6860890165 66.49917418509722 49.48152799159288 24.91669868677855 8898.04663695395 37.77062126249075 43.72896866500378 710.2700618207455 13.0416961684823 98.25019755959511 42.28873039036989 1459.061936452985 29.91277498751879 1319.544548735023 1832.257587961853 0.2993631958961487 352.3182853907347 876.2546722367406 27208.85206665844 2065.895936273038 3945.938234701753 0.6191470101475716 47.74498289823532 42.40900882333517 299.4808497428894 67.33661258220673 1187.471910282969 180.7451955527067 1012.669429659843 403.7280033901334 155.23488907516 48.90677353739738 10.44589868187904 18.98067582398653 2.900168977677822 11.99394697695971 15.28098060935736 82.34042984247208 0 27.4244784489274 190.4687845036387 161.136243827641 55.72451131790876 322.891810670495 2.491291217505932 37.16394628584385 0.9369240030646324 42.62858828902245 6.569914825260639 44.50515883415937 4.308434538543224 1.427219919860363 2.140332065522671 83.81126851588488 21.08085583150387 15.34367477893829 49.6966513171792 546.9991720840335 0.4509199261665344 8.559932731091976 101.513763435185 675.2117274105549 102.8251257687807 41.26552011817694 0.2764913737773895 2.858294196426868 12.43296099454165 16.66473228484392 2.448620229959488 139.0113548785448 12.92482108622789 100.3213250488043 25.96008139103651 63.4570831283927 4.434249460697174 7.71051099896431 6.207502387464046
1282.556230731308 1.293040670454502 300.6971998214722 45.11487387865782 76.69900200515985 5247.625943727791 6704.895045764744 7498.147740401328 243.5919516161084 5401.596336491406 218.0281956493855 1156.775760538876 34.65715798735619 3879.38307826966 345.7323276102543 2.525872729718685 456.7391116321087 25.19566769897938 115.4684175252914 229.7538525685668 90.40669828653336 7.918445967137814 344.0674729123712 945.9574224799871 2.02193833142519 137.3504289239645 207.6160292997956 804.5791535675526 629.8215899914503 504.6178679019213 1.626136712729931 556.1654032170773 8.74695835262537 358.2763670086861 8.010946393013 408.3090533614159 107.9056007564068 326.957856670022 87.07248118519783 1107.937219269574 131.1834865286946 5.577662527561188 7.004269547760487 0.3461035713553429 1.021333381533623 4.939124241471291 15.63893906772137 0 7.983412563800812 207.9855864197016 73.46206104010344 22.09061902016401 53.31279613077641 3.140787899494171 25.77919162064791 1.371738538146019 20.08911303430796 0 8.066942565143108 1.480929352343082 0.1778317391872406 1.810031212866306 22.31500693410635 9.142272114753723 1.253736242651939 4.356744557619095 402.044514708221 0.6764063835144043 3.948629319667816 17.22676321864128 476.2853600904346 64.43091884255409 29.1951692700386 0 1.434224903583527 7.308761164546013 10.37332115322351 0.1638490706682205 99.90392268449068 11.9561355188489 70.36652863025665 12.62864612042904 34.67753445357084 2.287606552243233 0.6128519922494888 0.9137241542339325
12.42239179462194 477.2961841747165 1.012696370482445 1127.138996511698 45.7859051078558 71.08070828765631 559.3065809831023 243.5919516161084 1301.274338543415 412.65069527179 16.82627861201763 277.4025719314814 182.7961554899812 84.21232797950506 798.0168004930019 325.1116907000542 5.914725415408611 1.739925056695938 3.837570741772652 535.2787985056639 80.27956664562225 2938.239450067282 24.29873847216368 7555.042815990746 276.0149288699031 39.0388063415885 534.7664020732045 1908.747842259705 468.0716388747096 272.932432577014 15.50619288533926 4.257275685667992 110.786199003458 106.8642953634262 64.70864924788475 685.0477497279644 47.95269035547972 305.176083445549 164.360675573349 566.8165502175689 4.51274012774229 8.803109675645828 17.24276635795832 3.404057681560516 3.559399574995041 2.604658767580986 182.3002437353134 0.2351135313510895 15.72826213389635 186.4494296684861 101.7809072509408 53.13911236077547 295.0438209325075 2.209856614470482 54.5083956643939 7.619544841349125 29.92202751338482 12.49745996296406 209.3774493485689 1.338723309338093 0.9696710705757141 1.107781827449799 112.9167010635138 100.3181618377566 30.65053547918797 15.33505762368441 1113.337196588516 1.818871155381203 5.291688352823257 13.19666562229395 713.181227453053 118.810395129025 87.50507834553719 1.400141134858131 2.959043256938457 24.22844954580069 19.27284745126963 5.250458225607872 107.7404297739267 3.167988926172256 90.19695407897234 25.52241755276918 53.9109124019742 0.9703422784805298 1.702955991029739 4.632154881954193
68.44774898141623 0.2960034161806107 134.7200311943889 1191.285511098802 27.72440259903669 6802.654393076897 13556.6860890165 5401.596336491406 412.65069527179 26902.25791873783 182.6863060742617 4400.696547202766 45.14834758639336 1598.488229371607 112.5893326923251 0.9831907749176025 33.83627561479807 22.88091128319502 21.45343133807182 3307.732552081347 63.18837553262711 0.7655807361006737 65.34827003628016 458.3370207175612 0.5706567764282227 47.19834811985493 63.64969585090876 4347.737277366221 1784.977443225682 26.25820790231228 2.771277591586113 128.2020231410861 16.3706611841917 507.732246786356 102.0790080651641 2017.068795233965 61.79983039200306 1555.428933806717 381.6965474784374 412.6435034200549 148.3115958720446 8.535113617777824 31.96910777688026 0.7395951524376869 1.241576239466667 2.818845294415951 248.1293713152409 0 62.66143149137497 287.4194677099586 268.1417175754905 86.35857212543488 844.255408205092 1.807159245014191 236.2313433513045 0.3815792948007584 55.48528114706278 18.90014100074768 2.928528822958469 0.752097524702549 0.2045777514576912 0 237.3396975919604 3.194408811628819 0.5929647088050842 3.471598662436008 708.1444062814116 0.4220914393663406 0.6847720742225647 6.507667325437069 1061.18685182184 76.35072877258062 12.30509020388126 0 3.083927094936371 10.31934088468552 12.4358431994915 5.575175181031227 61.48835828900337 4.301156781613827 64.4916971847415 13.98115685582161 97.15237015485764 0.6150039434432983 9.168479390442371 0.6186392232775688
18.48446179181337 84.84990227222443 15.8797295242548 5.073470316827297 34.59168836474419 246.845346108079 66.49917418509722 218.0281956493855 16.82627861201763 182.6863060742617 6977.109429039061 173.7595486342907 2049.264643505216 324.733932800591 0.8351589664816856 2.941756129264832 533.4992792755365 2566.432506598532 1130.631007745862 33.63911761343479 38.52009258419275 25.51602562516928 52.37837096303701 35.8152126967907 320.7371009588242 2070.834537550807 666.8157989308238 41.22541984915733 1000.468644909561 105.8232853412628 324.9613076075912 449.7698382884264 17.15938315540552 5295.078840181231 25.49097841233015 1097.866472907364 6532.44804366678 6936.331656329334 1299.251191131771 147.6241529360414 52.49287360906601 777.091675683856 5.616735652089119 0 17.0698177665472 0.8396080285310745 0.07731685042381287 0 0.2761459052562714 16.00538738816977 1.673090226948261 1.101592041552067 0.7884303480386734 462.5444764271379 2.610686451196671 1038.738354586065 1.632844716310501 0.09954869747161865 0.5976448282599449 1.846719160676003 82.42413037270308 21.60139030963182 0.1175497472286224 0.7645759209990501 1.392782144248486 1.398318685591221 25.28557899594307 205.7183345779777 272.857913993299 189.7860715836287 24.59877664595842 6.448745593428612 2.744653202593327 119.2130743190646 0.3960629478096962 0.4424512982368469 12.18498560786247 1.674951985478401 26.16783843189478 360.4016326516867 31.99537391215563 3.685470774769783 1.928152993321419 0 147.7476702332497 0.5273164957761765
4.680992372334003 2.195645377039909 2.097029268741608 9416.702943854034 258.5015402436256 3953.334587059915 49.48152799159288 1156.775760538876 277.4025719314814 4400.696547202766 173.7595486342907 8575.867796376348 46.04286546260118 453.3303176611662 2023.675247013569 0.1634745895862579 4.030776217579842 16.65531598776579 11.94828382134438 6400.808604232967 0.8907862082123756 9.391615957021713 3.114214994013309 520.1732060015202 1.5206293836236 13.39607515186071 11.57465766370296 1261.080575346947 589.4780546426773 7.308759167790413 3.120413079857826 114.2512552589178 0.3874482363462448 290.0152490586042 9.226821459829807 508.39789532125 23.38268318772316 608.7088747620583 69.84248723089695 4055.052141867578 103.9144934490323 17.09898290038109 3.952549874782562 0 0 0.1309731006622314 141.2843890339136 0.3928801119327545 11.9700298383832 27.88789322972298 6.994189977645874 55.01090493798256 222.8559423536062 1.551894500851631 495.0175844654441 0.1641190946102142 4.195620395243168 56.49197320640087 0.174214780330658 0 0 0 121.8729642033577 0 0.2975939810276031 0.1965863853693008 120.564352966845 0.2484835833311081 0.2793539315462112 0.8955115675926208 110.8190500289202 1.178069069981575 3.203492939472198 0.07479260861873627 0 0.1219671070575714 0.2831944823265076 0 10.24588638544083 0.5828492417931557 5.608776912093163 0 236.8129746764898 0 0.2052466571331024 0
0.9229523465037346 1136.539507187903 6.352096252143383 1.57302913069725 11.41230951249599 75.59845841675997 24.91669868677855 34.65715798735619 182.7961554899812 45.14834758639336 2049.264643505216 46.04286546260118 4027.181427426636 40.33676473796368 8.209920391440392 14.34706415981054 12.17043544352055 31.94573354721069 19.28429473936558 10.11704563349485 15.07357303053141 545.6664966270328 37.65520378947258 292.4733351618052 4478.16689132154 355.6786548867822 4643.595443591475 77.60173758864403 61.29171980917454 35.34498225152493 678.7811798378825 60.10039658099413 1.488830342888832 998.6164762228727 529.7587881237268 5415.653593458235 4800.395731925964 4914.165650188923 930.3357752487063 451.3611473664641 348.0587986037135 1812.498976044357 60.20922792702913 0 77.02186426520348 1.009475283324718 3.781336784362793 0 0.1186486631631851 4.560830175876617 1.586199477314949 1.155376061797142 8.790418654680252 1197.081374369562 12.12303445488214 3264.565284542739 5.365780174732208 0.2461667731404305 0.7314305305480957 2.017061337828636 108.068910934031 18.00732674449682 5.97468364238739 0.2775093838572502 2.797444440424442 0 10.2141619771719 834.2622521668673 353.5339588522911 340.1161110401154 10.52375759184361 1.412684679031372 0.2828464359045029 305.5579385980964 0.2808942049741745 0.3823061287403107 14.40638166666031 72.54249988496304 354.8605199754238 643.0722205042839 69.16920360177755 26.20860697329044 113.1457172781229 0 399.0611943081021 1.358849942684174
6120.986800320446 0.9212000742554665 265.1412491127849 30.28825391829014 21.20452103763819 735.2491894885898 8898.04663695395 3879.38307826966 84.21232797950506 1598.488229371607 324.733932800591 453.3303176611662 40.33676473796368 5826.308408290148 3.945748656988144 2.879740931093693 734.5789883881807 38.96497461944818 174.979217544198 118.1532892882824 71.37243266403675 2.490627698600292 507.3667978420854 240.9073585346341 0.7762928605079651 168.3169528543949 270.5948523879051 550.4344990849495 4234.308209143579 1434.752006746829 2.542299032211304 496.185950383544 7.409524247050285 601.8055966123939 9.248939082026482 539.3460896462202 142.854760967195 454.6316508948803 75.45976703613997 683.155736297369 104.335535556078 11.95636353641748 5.031245410442352 0.8024954721331596 1.473306529223919 5.554811745882034 6.031342707574368 0 3.064466685056686 59.31785500794649 21.60145781189203 11.76988293975592 13.85434498637915 0.5789265036582947 7.729198813438416 2.438958220183849 7.651033110916615 0.3719948455691338 7.812578849494457 2.622872278094292 0.402146577835083 1.262946546077728 1.178877033293247 13.40037448704243 1.381407983601093 4.20593873411417 129.6346833258867 0 6.199064150452614 20.99345873296261 143.7980286106467 28.86322062462568 30.15197356045246 0.09761490672826767 0.1874047815799713 3.971736684441566 6.699801407754421 0.6152635961771011 45.38271101564169 7.908904269337654 39.83145109564066 6.675104841589928 11.38098649680614 0.2195232138037682 1.237910509109497 0.6511014178395271
0.3553679138422012 15.75816522538662 0 175.0361963436007 869.7022066041827 996.6470968425274 37.77062126249075 345.7323276102543 798.0168004930019 112.5893326923251 0.8351589664816856 2023.675247013569 8.209920391440392 3.945748656988144 497.3888665139675 0 0.2028647065162659 0 0 372.0703126564622 0 104.8115796372294 0.1067381352186203 737.4524271935225 10.366907954216 1.395429201424122 26.52474892139435 129.8350080028176 24.90726201981306 3.157521359622478 1.276158817112446 60.58544325828552 3.915174037218094 3.981460899114609 2.013708725571632 48.6171168088913 0.9502685442566872 13.55661556869745 7.864265069365501 791.5054580569267 55.45574253797531 0.2427946776151657 0 0 0.2028464376926422 0 3.681416466832161 0 0 6.129025310277939 0.8644435778260231 3.052209332585335 10.86396477371454 0 17.40177437663078 0.2390482425689697 0 6.896833539009094 0.604493536055088 0 0 0 4.554731279611588 0.5907791256904602 0.4593068659305573 0.1589214652776718 11.30084904283285 0 0.232827864587307 0.3008932024240494 5.594382300972939 0.5426369830965996 0.2428660020232201 0 0 0.1158427819609642 0.2580629885196686 0 0.6831872314214706 0 1.309322081506252 0.2489408403635025 24.20409864187241 0 0 0
0.453403078019619 115.1610575094819 14.73277854174376 0 0 0.280693307518959 43.72896866500378 2.525872729718685 325.1116907000542 0.9831907749176025 2.941756129264832 0.1634745895862579 14.34706415981054 2.879740931093693 0 2297.425102367997 51.84451055526733 1.06010103225708 5.829587243497372 0 2181.890152819455 3016.528885692358 3400.950542576611 3012.262772634625 17.53796759992838 19.84699992835522 6365.236553281546 2465.299772500992 11.35145414620638 82.7289898917079 0.643540158867836 0.2731965184211731 10.27572306245565 41.30820856243372 46.63432191312313 2270.69122184068 1149.467776879668 684.2684866264462 1028.340153366327 77.04240266978741 2.289248213171959 3.140828967094421 17.57964918017387 3.559193916618824 28.86969058960676 28.89931889623404 0.2247681096196175 0 1.330729380249977 27.6969231814146 7.5393286049366 12.56994563341141 0.5211672261357307 1.045394159853458 0.1448024958372116 0.1114933863282204 12.01873931288719 0 5109.17396132648 20.21126087009907 0.4647660702466965 6.161418944597244 0 1341.687263190746 723.2354148253798 2460.482603259385 324.9622631147504 1.261481285095215 10.00443311035633 659.7868966311216 400.0228587090969 109.8786276131868 495.3834424540401 0.2408002018928528 0.2600922957062721 29.41428277641535 28.7714679017663 4.141770362854004 215.7851040288806 27.30604799091816 106.1351966708899 63.53662852942944 15.11272129416466 0.2883426994085312 0 2.589845411479473
221.6563508808613 27.96406408399343 5392.205347210169 0.1898890361189842 1.04488817602396 19.56852289289236 710.2700618207455 456.7391116321087 5.914725415408611 33.83627561479807 533.4992792755365 4.030776217579842 12.17043544352055 734.5789883881807 0.2028647065162659 51.84451055526733 1410.054176419973 273.6411746889353 3542.437411360443 0.8593523055315018 1890.064211718738 12.75793654471636 4517.04133720696 40.21584655344486 5.171757973730564 2074.014128729701 5715.513128660619 407.1190419644117 1006.148431621492 4546.973062381148 5.123718030750751 8.571683816611767 18.70537827908993 3213.13528739661 12.00691732764244 613.5707906633615 3893.003081731498 3047.165672391653 616.5406372398138 25.04160273075104 1.646038800477982 10.38136184215546 1.014325842261314 0.1282198131084442 50.23263141512871 224.233044847846 0 0 0.1471084207296371 3.85097674280405 0 2.681514173746109 0.2487492933869362 1.734810836613178 0 10.31556279957294 0.3244633451104164 0.1526391208171844 26.00276891887188 72.37536986172199 10.49318500608206 45.80669644474983 0.1933747828006744 7.168335847556591 14.1140895485878 74.07166649401188 16.78697387874126 9.778738185763359 308.7338386625051 779.6374146640301 14.55975445359945 3.663482941687107 5.942706026136875 7.933726228773594 0 0.7328905835747719 1.906600259244442 1.307987451553345 61.38426011055708 257.4952983558178 18.85687587410212 18.89623076468706 1.248428925871849 0 1.34440940618515 0
6.192153058946133 3.129783749580383 26.39024099707603 0.7670701220631599 0.125042587518692 15.52285068482161 13.0416961684823 25.19566769897938 1.739925056695938 22.88091128319502 2566.432506598532 16.65531598776579 31.94573354721069 38.96497461944818 0 1.06010103225708 273.6411746889353 440.4370648860931 715.254523769021 4.116028025746346 12.61587877571583 2.974146202206612 21.40854924172163 4.834344439208508 29.10394039750099 1930.6649165079 483.6079854518175 6.263806045055389 104.6588063985109 38.93005019426346 98.57343140989542 13.28601855039597 4.569195196032524 762.593687325716 7.715033769607544 637.2405890524387 1384.571593172848 1750.944059431553 503.3725533261895 19.88438668847084 0.3561837151646614 7.601713329553604 1.312264770269394 0 5.124074757099152 2.361370414495468 0 0 0.1053531169891357 0.9096972346305847 0.1168198138475418 0.7149565368890762 0.1135930195450783 68.045544013381 0.3122048079967499 227.3937376588583 0.108980804681778 0 0.08875760436058044 2.260253749787807 100.1974275708199 64.05146028846502 0 0.1501906365156174 1.476197630167007 0.6522642001509666 4.105959199368954 74.67147643119097 596.5583220347762 372.537928134203 1.836385272443295 0.7420483529567719 0.1431691944599152 125.1333205550909 0 0 0.6431054919958115 0 7.308716796338558 53.22032381594181 4.632858529686928 2.050780490040779 2.746679596602917 0 0.5481562316417694 0.1231097280979156
43.98116247355938 15.04616919904947 286.4287491515279 0.2214591130614281 0.3080363869667053 11.92773555964231 98.25019755959511 115.4684175252914 3.837570741772652 21.45343133807182 1130.631007745862 11.94828382134438 19.28429473936558 174.979217544198 0 5.829587243497372 3542.437411360443 715.254523769021 1762.09695109725 2.258231692016125 128.1886987015605 5.682909071445465 364.4186189696193 11.09328178316355 27.52122974395752 3568.968555741012 1466.799667678773 37.39207514375448 336.4451547935605 351.3302937522531 20.04580350965261 7.024550959467888 21.47131717950106 2345.511413864791 7.743405684828758 891.1099643036723 2322.708789646626 2327.980129547417 481.5845266357064 21.59238036721945 1.195763789117336 14.40778934955597 1.398142158985138 0 20.00480300188065 48.89075213670731 0.2914452850818634 0 0 1.454058311879635 0.1406316310167313 2.531182117760181 0 12.896006770432 0 80.24798865616322 0.1062328144907951 0 2.367544040083885 42.67985384166241 60.90983664989471 167.0987320840359 0 0.6882462650537491 6.273144379258156 8.394699111580849 8.854794822633266 89.68703786283731 1031.48750076443 1024.429740950465 3.641691833734512 0.1895038783550262 1.975325681269169 52.51168616116047 0 0 1.357318423688412 0.521289050579071 25.43741665035486 228.0457477420568 13.13110675662756 5.909805916249752 0.6559739857912064 0 0.7952529788017273 0.4320840835571289
2.744042158126831 0.2356187254190445 0.4689764976501465 2630.726478077471 22.76480656862259 377.8815553635359 42.28873039036989 229.7538525685668 535.2787985056639 3307.732552081347 33.63911761343479 6400.808604232967 10.11704563349485 118.1532892882824 372.0703126564622 0 0.8593523055315018 4.116028025746346 2.258231692016125 435.3358923345804 0.1494353115558624 1.354615896940231 0.5651167631149292 552.5021903067827 0 3.219688452780247 3.612498067319393 4612.892953954637 186.5556031167507 2.377827100455761 0.4688499271869659 22.83858373016119 2.989256799221039 72.46873034536839 7.269969925284386 254.6276966333389 5.497057594358921 194.8515444621444 31.26315006613731 1297.321661494672 27.68034928292036 1.820375986397266 2.802742213010788 0.3014299720525742 0.2016089409589767 0 125.0248950794339 0 14.19599995017052 29.98560335487127 15.84079304337502 70.37378503382206 236.9861155897379 0.4366835579276085 134.8155399784446 0 2.549817234277725 36.08303591609001 0.1009946539998055 0 0 0 108.6692451909184 0 0.1399776041507721 0 145.7556969597936 0 0.09445043653249741 0.376579076051712 165.9530758410692 6.999701246619225 0.1583976745605469 0 0.1101711019873619 0.3605960980057716 0.8165276795625687 0 9.309014350175858 0.1321322321891785 7.506211288273335 1.864313140511513 150.8973722606897 0 2.152955293655396 0.6579259634017944
19.58437184989452 2.934326857328415 1224.199435509741 0.1411653161048889 0.1315909177064896 8.219899512827396 1459.061936452985 90.40669828653336 80.27956664562225 63.18837553262711 38.52009258419275 0.8907862082123756 15.07357303053141 71.37243266403675 0 2181.890152819455 1890.064211718738 12.61587877571583 128.1886987015605 0.1494353115558624 13247.65009625256 91.5107915699482 13143.63624113798 857.4436762928963 1.388936020433903 136.2752003744245 699.96290153265 8821.583459347486 240.0885067284107 8357.595404975116 0.8475626856088638 0.5535884499549866 67.92493173480034 2293.615537896752 169.0666724219918 8266.671320877969 2739.923370026052 7626.412384912372 5076.378463342786 186.8292540535331 4.125189051032066 6.299186155200005 66.19971971958876 4.183204971253872 1.416397526860237 8.979859933257103 0.6035312414169312 0 0.7154589742422104 27.50307358801365 9.218272149562836 2.877442874014378 0.4363105446100235 0.5720136016607285 0 0.3453580439090729 10.00219050049782 0 918.8323237001896 8.610149331390858 1.37563681602478 3.221402607858181 0 855.7525364235044 44.20794184505939 243.7160400748253 172.9398194551468 0 3.827764138579369 59.38702180236578 301.0342071428895 111.2410745173693 516.9108839482069 0 0.4947476014494896 29.69982532411814 25.45444850623608 5.810368239879608 125.9014630764723 14.22839143872261 67.45754186064005 36.20665327459574 15.28957737982273 0 8.426995158195496 2.948428869247437
0.237039290368557 3202.624315910041 18.22395230829716 5.800079822540283 2.249313041567802 2.163585476577282 29.91277498751879 7.918445967137814 2938.239450067282 0.7655807361006737 25.51602562516928 9.391615957021713 545.6664966270328 2.490627698600292 104.8115796372294 3016.528885692358 12.75793654471636 2.974146202206612 5.682909071445465 1.354615896940231 91.5107915699482 1768.154865473509 248.6279316172004 6659.830871239305 1133.979606434703 75.96512806415558 4463.402319297194 203.8096353560686 11.8128385618329 12.6794371381402 35.18006930500269 0 3.808696910738945 13.65671973675489 0.9216200858354568 42.81392370164394 33.05781026929617 41.78795260190964 12.47606860846281 117.022713445127 0.7048738896846771 13.81679261475801 0.1779685467481613 0.3163585960865021 54.45850712805986 28.17533118277788 1.243855878710747 0 0.2909887731075287 4.074008129537106 5.176667727530003 16.58811125159264 2.071404203772545 2.197808131575584 0.4308766722679138 5.895512625575066 1.296938970685005 0.1200564280152321 773.310044772923 9.046417787671089 1.414435908198357 3.367228016257286 1.207603678107262 100.6161939427257 41.35301133990288 253.4460032954812 109.938810236752 1.757776699960232 21.29459851235151 438.0282396301627 58.67214920371771 11.0576129257679 30.1024742051959 2.68482318520546 0 3.493826918303967 3.712528415024281 1.857723951339722 35.93713150173426 8.276017591357231 16.78042706847191 10.17760482430458 3.285304985940456 0.2679398357868195 0.398548036813736 0.1978055983781815
135.4846636429429 11.25942261517048 15634.02668713778 0.7633834555745125 0.5141200721263885 16.67397113889456 1319.544548735023 344.0674729123712 24.29873847216368 65.34827003628016 52.37837096303701 3.114214994013309 37.65520378947258 507.3667978420854 0.1067381352186203 3400.950542576611 4517.04133720696 21.40854924172163 364.4186189696193 0.5651167631149292 13143.63624113798 248.6279316172004 24466.00269592553 1512.242708705366 0.767776757478714 1292.873763948679 9968.538161508739 5826.844105273485 450.6890382319689 3634.816140338778 2.319169700145721 6.308830350637436 11.80658839643002 2550.162998847663 214.855736322701 8296.16336042434 7963.815178118646 9933.660186983645 6871.215953372419 414.1113488227129 13.7146484926343 12.5248064622283 66.79755640029907 0.3120829313993454 28.12350041419268 81.7585936114192 0.3234182894229889 0 0 19.20926567912102 3.662977822124958 1.033191278576851 1.479089125990868 0.6296189725399017 0 1.434319265186787 1.901580974459648 0.1164977550506592 2227.835943199694 32.94920612871647 0.8157702386379242 8.828363001346588 0 340.6217567995191 276.3935338407755 2217.10148947686 89.80685725063086 0.3742663711309433 24.26314874738455 1494.745061844587 89.4143630117178 17.06921994686127 78.4400779530406 0.3597258627414703 0 3.849662102758884 6.239036999642849 13.96857427060604 119.3945013284683 40.77310521900654 42.61602699756622 70.02147180587053 3.792925484478474 0 0.6233445405960083 2.142007097601891
22.62205757200718 1030.519200108945 21.46553531289101 3134.932564623654 21.29714880883694 125.9315237253904 1832.257587961853 945.9574224799871 7555.042815990746 458.3370207175612 35.8152126967907 520.1732060015202 292.4733351618052 240.9073585346341 737.4524271935225 3012.262772634625 40.21584655344486 4.834344439208508 11.09328178316355 552.5021903067827 857.4436762928963 6659.830871239305 1512.242708705366 7499.141218237579 461.8593508154154 99.23784187436104 3838.631636373699 7065.881399191916 1246.910271711648 1151.566815145314 21.79621358215809 16.46343116462231 355.7191489636898 400.843563310802 131.7298486828804 1905.381182275712 167.2727769166231 1018.397982008755 565.2526961788535 1001.826653964818 32.18057724833488 7.674317836761475 20.10863192379475 11.04820441454649 29.34518481791019 21.75823393464088 188.4182564392686 1.024579234421253 51.20480129122734 716.4873269572854 474.780509531498 504.9517512992024 560.6050286665559 12.68901425600052 145.4149046093225 6.277904711663723 131.7339125499129 49.45887167751789 342.6324859559536 7.950406737625599 2.192548304796219 3.892802990972996 173.8511907607317 240.0389924645424 80.0691515058279 110.7492931932211 2663.319054462016 3.200957410037518 14.29855941236019 131.7239339053631 2076.620579399168 398.3471490815282 242.3865035846829 2.650285013020039 9.570717945694923 60.06076376885176 85.44007448107004 15.07111219316721 554.5700501799583 23.47120298445225 413.9796953573823 107.3969015181065 245.9842177256942 16.69658681750298 9.24983187019825 9.503362104296684
0.4569714367389679 1681.683682866395 1.170223265886307 0.8756752535700798 0.4892755150794983 0.8665694370865822 0.2993631958961487 2.02193833142519 276.0149288699031 0.5706567764282227 320.7371009588242 1.5206293836236 4478.16689132154 0.7762928605079651 10.366907954216 17.53796759992838 5.171757973730564 29.10394039750099 27.52122974395752 0 1.388936020433903 1133.979606434703 0.767776757478714 461.8593508154154 216.4181659966707 542.5083607956767 5999.420865789056 15.14405934512615 2.258377835154533 2.904398791491985 192.5970170646906 0.9508877620100975 0.3003708049654961 165.8579873889685 3.15888985991478 141.8876306116581 545.2999226599932 486.7757658585906 52.46143498271704 21.67776296287775 4.201427280902863 716.7840861082077 3.554274797439575 0 109.3353499919176 2.979260608553886 0 0 0 0.1825884878635406 0.0930953174829483 0.9777005836367607 0.5200063735246658 262.5412300974131 0 2166.962138473988 0.1400336623191833 0 0.2859271541237831 1.532737568020821 19.86551477760077 4.584392659366131 0 0.552623450756073 8.846026845276356 0.3024319782853127 3.766517996788025 662.1075584664941 357.316696792841 966.9417758285999 1.636729955673218 0 0.5085465386509895 223.4989989921451 0 0.09008068591356277 12.23630364239216 0 19.11645741015673 93.33365413546562 23.16180138289928 3.166514694690704 6.705490760505199 0 83.96792405843735 0
30.19116415083408 178.2541658580303 6815.177513957024 0.8875415697693825 0.94292002171278 21.62476917356253 352.3182853907347 137.3504289239645 39.0388063415885 47.19834811985493 2070.834537550807 13.39607515186071 355.6786548867822 168.3169528543949 1.395429201424122 19.84699992835522 2074.014128729701 1930.6649165079 3568.968555741012 3.219688452780247 136.2752003744245 75.96512806415558 1292.873763948679 99.23784187436104 542.5083607956767 20616.85174837708 15435.72121727467 172.1068660244346 130.1556532159448 159.3058186247945 1393.927635110915 9.937820106744766 3.991926044225693 353.7401631101966 11.11178865283728 1023.550490796566 3542.956709943712 1704.994074389338 503.1258279904723 34.36325708776712 2.011196367442608 22.15593681484461 2.288048386573792 0.2895391136407852 153.5622707232833 418.2455992773175 0 0 0 5.570614084601402 0.2920532077550888 8.414171323180199 0.2707320749759674 157.9518345147371 0.1528954058885574 859.8924765884876 0.7586907371878624 0 6.923217356204987 335.8404995724559 285.0362776890397 459.7519680559635 0 4.637292496860027 35.42042906582355 29.64857847243547 27.44228675961494 575.6290175542235 3680.793780036271 4566.394598841667 7.557477697730064 1.919400729238987 3.381799317896366 387.0134905427694 0.2303140312433243 0.1024507954716682 9.402366325259209 2.415389537811279 184.2149553075433 1127.98258946836 67.5208273679018 30.83236673474312 3.674214571714401 0 4.495828427374363 0.80509202927351
54.54537167400122 6090.10837520659 8473.356075078249 2.236836858093739 0.9875335618853569 26.99901658296585 876.2546722367406 207.6160292997956 534.7664020732045 63.64969585090876 666.8157989308238 11.57465766370296 4643.595443591475 270.5948523879051 26.52474892139435 6365.236553281546 5715.513128660619 483.6079854518175 1466.799667678773 3.612498067319393 699.96290153265 4463.402319297194 9968.538161508739 3838.631636373699 5999.420865789056 15435.72121727467 28258.04591920227 2758.742059491575 261.6781991273165 235.458403326571 757.243539236486 10.39954110980034 18.85733042657375 1307.030162408948 137.5810437351465 6511.110375024378 4059.118620663881 7588.016090527177 2609.3552140221 254.3428918495774 11.05828995257616 36.07370672374964 21.4290826767683 0.141315832734108 2183.122871644795 2005.300755381584 0.6973140612244606 0 0.4925913885235786 31.94609843194485 2.160882726311684 20.86633665859699 3.444985151290894 281.8889784291387 0.7609895095229149 1319.458430252969 2.065020531415939 0.5542435497045517 973.9056976214051 624.7213797643781 250.9290377348661 436.6252627968788 0.08826973289251328 87.90452233701944 727.8012156784534 1756.083752378821 129.6176114976406 740.1448735669255 3741.909003272653 13528.46784438193 90.52883448451757 8.541746228933334 14.92954339832067 461.0792791992426 0.1459194272756577 2.407103464007378 18.24158077687025 19.52010793238878 614.6638970226049 934.3827616944909 201.8786018118262 247.9816771522164 9.240638867020607 0.1410213857889175 5.696283891797066 3.166882269084454
