2328.47029645741 0 12.1217034086585 2.10735335201025 0.6041510477662086 8.707921728491783 3946.304759472609 516.6341416984797 1.676793403923512 36.17666716128588 25.17827925831079 4.147175587713718 3.552381575107574 6070.974595598876 0.1571738868951797 0.1423092782497406 366.8300849720836 36.20208887755871 131.6463745087385 11.14191344380379 38.49460708349943 0 166.5296782404184 35.56628409028053 0 178.219749789685 36.86830344051123 191.5327505394816 7687.349909871817 2932.992863968015 8.904046036303043 24.79269645363092 89.35747037082911 157.6541959643364 1.628862619400024 73.54575978964567 8.389949396252632 90.29793943464756 27.52979228645563 4.769159644842148 0.9139010235667229 0.7733524888753891 0.8757181242108345 0 0 0.1066059023141861 0.1610453724861145 0 0 1.675748184323311 0 0.6166216135025024 1.156812518835068 0.1078129857778549 0 0 0 0 1.848457455635071 0.2449042871594429 0 0 0 5.490890987217426 0.2542108297348022 0.5184547156095505 5.877981409430504 0 0.168858677148819 0.4804743528366089 7.398555271327496 0.166608527302742 0.8186939656734467 0 0 0 0 0 2.43838208168745 0.5619033575057983 0.6493195071816444 0.1100669577717781 0.3338829278945923 0 0 0.1146869286894798
0 113.981782540679 5.323655985295773 0.1264988481998444 0.5629848763346672 0.7354635372757912 7.857321038842201 1.35811348259449 687.5809698402882 0.2243434116244316 139.4178730398417 0.9048130959272385 822.1098761335015 0.4199866876006126 13.4708739221096 193.2059455215931 4.004924617707729 10.58993903547525 2.032736465334892 0.2134589105844498 34.01545951515436 3164.198616117239 13.34404829889536 412.9242403432727 2359.57946383208 59.34737193584442 7669.911381393671 47.32761321216822 0.2221201360225677 5.836538232862949 76.27187231183052 0 0.1072669103741646 28.26142363995314 1.116090059280396 13.06126637756824 179.9533339813352 42.84209784865379 16.26054632663727 15.65038208663464 0.3210711479187012 222.0809974968433 0 0.1054803356528282 962.9491213485599 49.54745687544346 0 0 0.1816512569785118 2.059156082570553 0.1807998865842819 1.742806121706963 0.3664112687110901 10.5552736595273 0.4064209312200546 81.17412351816893 1.310411021113396 0.3033819198608398 8.393342562019825 13.50059071183205 6.69511953741312 12.06127506494522 0 0.1378466784954071 34.02041786164045 4.011677674949169 7.561252623796463 143.4312474280596 184.3793984428048 2872.316038921475 2.183509476482868 0.6761500611901283 1.52192697674036 19.18093477189541 0 0.08913394808769226 2.189633637666702 0 19.46833385527134 36.25777977705002 20.49149650335312 4.424899056553841 0.1836263686418533 0 5.174071535468102 0
12.1217034086585 5.323655985295773 12544.87046232074 2.008460953831673 0 8.737820893526077 991.1220404058695 82.38191025704145 2.766874812543392 77.95311830937862 22.85467310994864 0.1671756654977798 10.30090030282736 97.68541166931391 0 3.653956986963749 1627.342936508358 20.026376478374 99.37504903227091 3.134443685412407 1248.377578184009 51.10535694658756 9783.616522789001 25.39604955166578 0.4312717840075493 6797.032835043967 6831.818212620914 704.8328485786915 21.69943176954985 417.1018522530794 76.91342759877443 1.141291655600071 2.394930146634579 418.5346454381943 36.86707474291325 1905.279839105904 6367.692451745272 1635.314697958529 741.8031180053949 43.97769556194544 6.820010110735893 14.30715604871511 12.24745525419712 0 21.974634565413 262.6440865695477 0 0 0.1170473024249077 10.29629316926003 0.6945914775133133 1.713435657322407 0.6536773443222046 1.664939843118191 0 0.4437374025583267 1.126960515975952 0 69.92086060345173 8.855295158922672 0.9483577683568001 2.455509275197983 0 12.1657757461071 21.40304465591908 148.8706977069378 18.78168229758739 0.4849708452820778 23.23564444482327 1682.438822887838 22.03702536225319 0.941514179110527 4.953093528747559 1.920061349868774 0 0 0.4140097349882126 4.70054692029953 43.12064058333635 49.9063283726573 16.60535599291325 20.52412332594395 0.7969264388084412 0 0.6784033477306366 1.406413942575455
2.10735335201025 0.1264988481998444 2.008460953831673 3511.791645541787 1.82605017721653 54.3849853426218 342.0779164507985 76.78414187580347 380.326908826828 3641.304536916316 4.207979306578636 1309.882299162447 1.183356180787086 48.45499873906374 58.31940986216068 0.3346481770277023 0.6437661424279213 0.5657594352960587 0.8118157684803009 6014.187251009047 1.295671194791794 1.165953233838081 0.6062137484550476 1838.068517439067 0 4.161125876009464 3.660475730895996 5676.522656597197 57.67255287617445 1.278906285762787 0.3696143254637718 7.706011533737183 2.068763889372349 27.4187243655324 1.689967721700668 289.617570258677 1.689940936863422 61.04291528463364 36.61881313472986 175.984744399786 1.093011930584908 1.789453119039536 3.907647788524628 0.2366563752293587 0 0 133.1171789392829 0 3.253383427858353 61.83196517825127 2.534966208040714 35.5941179022193 117.5530966073275 0.8329114317893982 23.65207952260971 0 2.644782535731792 0.7704684734344482 1.37581992149353 0 0 0 88.92605913430452 0.1186812743544579 0.1428242623806 0.1755771338939667 332.4855656996369 0 0 0.4438275396823883 215.3197587653995 1.408739484846592 0.7084463834762573 0 0 0 0.5462056398391724 0.500634491443634 17.26471927762032 0.108832485973835 8.987980619072914 1.7170470058918 49.95725077390671 0.2970379367470741 0.6755610108375549 0.2800496518611908
0.6041510477662086 0.5629848763346672 0 1.82605017721653 315.1467685103416 1243.33931209892 18.21136675029993 48.67331228405237 65.6337124183774 20.67124013602734 80.66129636764526 131.9244437813759 19.22941343486309 2.183298237621784 1313.580212339759 0.1547152101993561 0.7189929336309433 2.569995567202568 1.685842156410217 25.93403446674347 0.329697959125042 3.678900226950645 0.7878454253077507 42.5454022064805 0.8355058133602142 2.598414242267609 2.450880534946918 7.990814633667469 8.121113657951355 0.6133007854223251 2.310188628733158 186.0373471155763 0 435.3587455824018 2.087379261851311 303.8863572403789 11.61464294046164 362.2392130121589 90.6637302711606 3586.20554883033 102.8562650755048 6.527201987802982 11.72797233611345 0 0 0 0.1609997451305389 0 0 0.8924182057380676 0 0 0.5813578963279724 0.3304169028997421 0.1681919097900391 0 0 0 0 0 0 0 0.2952032834291458 1.079953074455261 0 0 1.611513249576092 0 0 0 2.824865758419037 0 0 0 0 0 0 0 2.580025613307953 0.25953658670187 0.2903782799839973 0.5995247662067413 0.1483180224895477 0 1.041105270385742 0.1901812851428986
8.707921728491783 0.7354635372757912 8.737820893526077 54.3849853426218 1243.33931209892 16838.72627539188 3792.76265297085 5949.178130567074 77.88030843436718 8358.447348102927 72.85209917277098 4194.580636806786 21.38386368751526 345.6869382858276 1117.36459082365 1.173043578863144 9.553658060729504 4.455377325415611 5.961694613099098 730.7589982375503 6.322555966675282 3.822636522352695 7.815010115504265 172.1578343659639 2.186026468873024 27.65659926086664 20.28087770938873 736.2425997778773 250.0999115556479 16.80707457661629 6.169393450021744 485.7608376741409 4.850267045199871 205.1029521003366 6.29197134077549 655.8248880952597 12.62370768934488 328.6220022067428 109.0109345763922 2798.191075712442 59.73545511066914 9.713318645954132 10.95097730308771 0.3128781169652939 0 0.4402838349342346 16.8796201646328 0 1.204430647194386 34.0385482236743 2.1246357858181 10.94529879838228 23.30529145151377 1.083490535616875 2.290704146027565 0 2.902058556675911 0 1.675658643245697 0 0 0 13.22112868726254 1.547200411558151 0.1316502541303635 0 105.2496449798346 0 0 1.512357518076897 129.9221649467945 3.584636397659779 4.669381573796272 0 0.2193444669246674 0 0.4066540226340294 0 21.0877274274826 0.1451103240251541 8.105590954422951 0.9314685687422752 11.15070120990276 0.9355706572532654 3.704441703855991 0
3946.304759472609 7.857321038842201 991.1220404058695 342.0779164507985 18.21136675029993 3792.76265297085 28940.79554146528 6790.998391494155 519.6048356592655 13922.75459745526 107.6022362709045 226.2424513399601 37.3812468200922 9078.085165109485 44.08530840277672 55.43841785937548 927.5723535194993 102.9803135544062 269.6556781083345 375.4946371540427 766.2970167696476 90.47173781692982 835.1265185549855 2258.6402053684 3.135942049324512 2205.822629936039 781.1141885742545 20734.10771028697 2629.279971208423 12562.73114289343 150.648762781173 114.7310566604137 248.2171994075179 707.2818990051746 64.84157763421535 4019.987096913159 138.814032420516 1375.245301961899 876.2740030139685 464.9202805534005 33.70228336751461 15.74008818715811 34.91872564703226 3.148658558726311 0.5685486942529678 4.351699009537697 68.43875857442617 0 8.285046860575676 288.794611364603 17.17554441094398 127.9343042075634 129.3188388496637 4.374336332082748 4.091308824717999 2.25880366563797 25.80349235236645 0 28.37149555981159 0.8150681480765343 0.4327133893966675 0 59.10431886464357 48.41458521783352 5.770546339452267 14.32382117956877 670.4203814864159 0 3.79176938533783 42.30137228220701 1067.502313353121 38.029969856143 33.76670380681753 0 0.6559023931622505 1.162986375391483 6.258094877004623 3.875653699040413 172.3420847058296 8.747009858489037 73.70882282406092 12.31659585237503 32.72052068263292 2.329648226499557 3.952145732939243 2.375678010284901
516.6341416984797 1.35811348259449 82.38191025704145 76.78414187580347 48.67331228405237 5949.178130567074 6790.998391494155 19579.52346280217 45.51062073558569 4214.078515917063 111.4532797411084 1020.434768728912 34.56217180565 8457.433092519641 26.48823740333319 1.273610502481461 376.8001254275441 53.51477698236704 168.1149708107114 1083.945054829121 28.94408925622702 4.803676396608353 109.6721412539482 382.3741408362985 1.404746040701866 459.789606243372 72.83037434518337 579.2507147043943 720.4864101409912 371.0982762128115 36.06011816486716 773.5331462919712 11.80087494850159 318.960310138762 2.941990122199059 617.8227004855871 26.63660041242838 395.4824237376451 115.432072147727 933.9956560134888 34.73000121116638 6.098217450082302 12.69317895919085 1.168722078204155 0 0.2904512286186218 7.32852329313755 0 2.105397969484329 110.801381751895 3.875136367976665 26.8421802893281 20.7052720412612 1.007992506027222 0.6294117048382759 1.202555254101753 7.140494838356972 0 7.627052471041679 0 0 0 4.661108963191509 35.58592989295721 0.5128132253885269 3.222014248371124 197.8207795321941 0 0.2344308570027351 1.054036840796471 426.867580011487 12.70103651285172 22.45441529899836 0 0.1024541854858398 0.193178690969944 2.053034126758575 0.6870645433664322 64.26456769555807 3.010397411882877 20.6790314540267 5.17170812189579 10.59860993176699 0.7796833515167236 4.884917661547661 0.6451698839664459
1.676793403923512 687.5809698402882 2.766874812543392 380.326908826828 65.6337124183774 77.88030843436718 519.6048356592655 45.51062073558569 559.2436073720455 144.509301379323 8.67224658280611 274.3335303962231 37.36686652898788 17.1004397124052 716.1104105859995 338.0275075361133 0.420176737010479 0.6205429062247276 0 304.3696810007095 101.9886906296015 4026.274736024439 41.14342620968819 10208.69385199249 267.4654234349728 10.22712207585573 770.8828605413437 1903.056617334485 9.70224291831255 40.57541168481112 10.90511658787727 7.154610015451908 1.057478502392769 5.207366980612278 0.9887651205062866 53.5619323477149 8.058895647525787 13.58140122890472 12.08994229882956 468.5956500172615 2.651121690869331 1.994487479329109 0.3461281955242157 6.30669130384922 1.577907837927341 1.225511334836483 160.5977917313576 0.4336301237344742 9.130246080458164 163.7573272064328 13.13478369265795 87.70848519355059 175.2767722904682 2.687432870268822 49.32806148380041 1.627698421478271 26.44143498688936 8.12700030952692 640.7007364332676 0.1962476670742035 0.2516760230064392 0.2591725885868073 151.4637680053711 107.5716320499778 24.42660424858332 83.8865072503686 1944.33763101697 0.6486752182245255 2.493330180644989 35.89788695424795 971.3751122802496 57.84266368299723 15.85430470108986 0.485011599957943 3.244237907230854 1.415102116763592 11.01369771361351 5.340484082698822 175.6256009787321 9.134626016020775 81.73986778408289 14.50306658446789 91.97590070962906 3.33811317384243 1.049056373536587 0.8080166429281235
36.17666716128588 0.2243434116244316 77.95311830937862 3641.304536916316 20.67124013602734 8358.447348102927 13922.75459745526 4214.078515917063 144.509301379323 30034.93918986619 87.10993162542582 7728.962057135999 15.90469002723694 1375.452726483345 67.62923221290112 1.188248589634895 53.57436841726303 15.60953614115715 27.38713406398892 4964.392365783453 24.63904902338982 5.486194387078285 30.85522739589214 435.3684596270323 0.5525676012039185 199.0876902341843 52.37504386901855 9040.008042626083 727.494189824909 51.948789909482 24.27468974888325 106.1206549033523 16.12573739886284 278.8334437534213 14.89948235452175 1557.524762019515 32.19762816280127 713.9494849145412 281.0288421362638 302.9456144943833 29.21034194529057 8.842888116836548 23.0073394626379 0.8551035299897194 0 0.7909675538539886 67.08760403096676 0 4.596738405525684 131.2833028361201 6.241018235683441 34.89278490096331 160.5999905839562 1.76398403942585 8.221777379512787 0 9.626346319913864 0.3467351943254471 2.855142496526241 0 0 0 49.19056405127048 9.5064792111516 0.1546998172998428 1.096040800213814 348.3901469185948 0 0.1094912961125374 2.585536368191242 429.9932519495487 9.741410322487354 7.639429040253162 0 0 0 1.93837758898735 0.6330873146653175 53.31846350431442 0.9937751442193985 17.94863072037697 4.232034176588058 28.09432910382748 2.200088396668434 2.699809528887272 0.7680913358926773
25.17827925831079 139.4178730398417 22.85467310994864 4.207979306578636 80.66129636764526 72.85209917277098 107.6022362709045 111.4532797411084 8.67224658280611 87.10993162542582 11122.58654989302 63.95772325992584 3150.777382805943 201.7077827900648 3.730167835950851 2.143906310200691 317.4633316546679 4386.432404577732 1336.522249370813 74.45221718400717 30.02820909768343 28.11438812315464 63.68889252096415 23.77125259488821 500.7899644374847 1851.660372719169 1533.093090713024 32.86577250808477 1008.134538765997 51.89628395438194 817.3145070001483 545.9064141437411 11.58234376460314 7922.580930806696 17.89645752310753 1313.076819691807 3968.225687772036 8567.99023707211 2113.498569972813 72.65943898260593 162.8976375535131 740.6300685927272 5.887134939432144 0.07941979914903641 4.692337736487389 0.2713126018643379 0.3691087290644646 0 0 1.647302463650703 0.1053898185491562 0.7154542654752731 0.546612024307251 65.00899884849787 0 203.8337519615889 0.1295706033706665 0 0.2339201271533966 0 12.03544762730598 3.335097670555115 0.6664875745773315 0.8374954611063004 0.373558521270752 0.1835874170064926 7.058749921619892 48.59539350867271 81.71697048097849 95.74629992246628 12.6808625459671 0.3637784272432327 0.551547609269619 69.72902613133192 0.1067407429218292 0 0.4816033840179443 8.97437472641468 19.08580445498228 186.7899069935083 7.460978515446186 4.681588545441628 0.2011362463235855 0.2384894043207169 26.22983066737652 4.904593534767628
4.147175587713718 0.9048130959272385 0.1671756654977798 1309.882299162447 131.9244437813759 4194.580636806786 226.2424513399601 1020.434768728912 274.3335303962231 7728.962057135999 63.95772325992584 6550.294456548989 13.54947108775377 358.4331366270781 2390.297570437193 0 1.383804030716419 4.440167285501957 3.626073010265827 7027.490684360266 0.64811971783638 6.730011150240898 1.411214105784893 1028.481489807367 0.5199826881289482 4.337956093251705 5.458035439252853 796.963805578649 272.6188900619745 2.880248934030533 3.699777439236641 140.6563567295671 0.3604508638381958 117.9167746528983 0.4367782324552536 807.7553101107478 13.16975143551826 230.422033123672 48.60430550575256 2156.043957218528 21.69179051369429 2.253412880003452 4.04760305583477 0 0 0 56.7790684401989 0.1564760059118271 4.581201739609241 19.99057540297508 2.282476112246513 20.08955761790276 60.34968638420105 0.3719146102666855 64.70681382715702 0 3.83568874001503 2.933791786432266 1.98418802022934 0 0 0 73.89800596237183 0.940630316734314 0.9784231781959534 0.1463590264320374 173.0257114395499 0.1816584467887878 0.09857736527919769 0 77.24059753119946 1.729152411222458 1.155415177345276 0 0.1517436653375626 0 0.671507939696312 0 20.87636508047581 1.629116892814636 4.522033333778381 0.1386071443557739 96.86912034451962 0.1172915548086166 0.11906997859478 2.261367559432983
3.552381575107574 822.1098761335015 10.30090030282736 1.183356180787086 19.22941343486309 21.38386368751526 37.3812468200922 34.56217180565 37.36686652898788 15.90469002723694 3150.777382805943 13.54947108775377 2937.475061923265 40.36910219490528 2.477495595812798 8.940955102443695 2.765922658145428 26.64060795307159 6.995988838374615 17.07324023544788 6.533008113503456 141.838971465826 15.08627613633871 26.06702832132578 5180.80570846051 222.9701628684998 3508.273192435503 10.94925513863564 145.573771238327 5.04614095389843 606.9040005132556 134.3312495276332 0.8174156099557877 1247.823414348066 29.58435048907995 977.1864681243896 6106.69419618696 2930.447790585458 904.4957590922713 36.68030073493719 60.51337549835443 1910.680589616299 14.57582961767912 0 30.82466147094965 2.097879588603973 0 0 0.1025135591626167 0.4099577963352203 0.1172696501016617 1.281003579497337 0 453.4783487990499 0.4734239131212234 1627.301690258086 0.7280736863613129 0 0.5109008401632309 1.062622539699078 101.655313372612 14.19241219013929 0 2.5365941375494 4.158703111112118 0.09258989244699478 4.183320946991444 320.3943168669939 646.6570448428392 826.7383018136024 0.9856256321072578 1.269673824310303 0.7368528321385384 564.4131540358067 0.570264533162117 0 2.380774401128292 11.37887448072433 72.31771618127823 807.2583142593503 71.70274679362774 17.22141083329916 0.7970910519361496 3.353350110352039 117.2325941845775 17.73143793642521
6070.974595598876 0.4199866876006126 97.68541166931391 48.45499873906374 2.183298237621784 345.6869382858276 9078.085165109485 8457.433092519641 17.1004397124052 1375.452726483345 201.7077827900648 358.4331366270781 40.36910219490528 20655.76619962603 10.53514476120472 2.702047169208527 1086.990625269711 127.9755958653986 446.1050824895501 551.245037086308 81.78364206105471 2.361871086061001 390.5941138528287 339.6985795274377 1.206960998475552 809.1260020434856 135.0405449718237 534.1744318529963 6406.351295180619 2629.562207214534 61.03644603490829 303.6556407958269 32.02111423015594 755.0651887208223 3.68249599635601 626.0536699742079 49.65785899758339 552.0562873706222 106.7589171901345 356.1692610085011 40.9732129201293 8.439014300704002 10.0664901137352 0.4888034835457802 0.1070142164826393 0.4913994446396828 1.930418498814106 0 1.674071967601776 47.26838798075914 1.182762794196606 12.69251788407564 3.73839458078146 0.8795126080513 0.8378428965806961 0 4.208395555615425 0 10.71567291766405 0 0 0 1.907137833535671 29.67033287137747 0.763319306075573 2.069573014974594 95.36852590739727 0 0.1091048344969749 2.111110836267471 187.4041029363871 5.136363416910172 14.25548069924116 0 0.3859693109989166 0.09669381380081177 1.145230069756508 0.8427873030304909 39.55522129684687 2.50037357956171 9.769771412014961 3.485899284482002 6.841446869075298 0.8227745369076729 4.583735808730125 0.9056569337844849
0.1571738868951797 13.4708739221096 0 58.31940986216068 1313.580212339759 1117.36459082365 44.08530840277672 26.48823740333319 716.1104105859995 67.62923221290112 3.730167835950851 2390.297570437193 2.477495595812798 10.53514476120472 333.0245592296124 2.169591501355171 0.3823000490665436 0 0.1445514708757401 336.3130267038941 1.059292823076248 84.35171904414892 0.6886640712618828 1623.149925872684 8.236949793994427 0.3064004331827164 22.81584154814482 98.26850287616253 11.79161209613085 5.002372175455093 0.1262916177511215 266.851266503334 0.8689839839935303 5.749409347772598 1.967373177409172 151.8702209964395 2.33547568321228 27.3514199629426 171.0805559381843 1005.0084130615 39.11509570479393 2.845469430088997 0.1751728057861328 0 0 0 5.474101006984711 0 0.6897854804992676 2.309084266424179 0 1.62610100954771 6.014488965272903 1.021572589874268 0.9895816892385483 0.4295202344655991 0 0 0.2997534275054932 0 0 0 6.886452525854111 1.54258169978857 0 0.1634482741355896 22.37856597453356 0 0 0.260293647646904 10.79606027901173 0.9123075604438782 0 0 0 0 0 12.05740058422089 2.250520765781403 0.2138074785470963 0.7397022545337677 0.4286804646253586 14.35143050551414 0 0 0
0.1423092782497406 193.2059455215931 3.653956986963749 0.3346481770277023 0.1547152101993561 1.173043578863144 55.43841785937548 1.273610502481461 338.0275075361133 1.188248589634895 2.143906310200691 0 8.940955102443695 2.702047169208527 2.169591501355171 6183.407837450504 16.47956077009439 0.5310951769351959 1.837822631001472 0.1260018646717072 7429.524874232709 5545.102316051722 4564.82683186233 4116.621279299259 55.47532151639462 7.603696927428246 3281.653792411089 3067.881638251245 3.922905974090099 45.7749947309494 3.173206143081188 0.5223231688141823 2.442129209637642 28.56994377821684 16.03075721859932 1987.53438667208 591.4003964588046 309.6938128396869 511.0444296076894 54.27809080481529 1.404659897089005 38.49473244696856 12.49924307316542 0.2172599658370018 1.154728248715401 10.17562732100487 0.527300626039505 0 0.6246839687228203 29.83023092895746 0.7311795204877853 38.72344138473272 2.314567893743515 7.655152872204781 1.242372989654541 2.938794538378716 1.105594515800476 0.4656662940979004 3880.734279856086 2.470553651452065 0.74123814702034 1.04165780544281 0.1274008452892303 593.1536935791373 676.9012843668461 1264.71060205996 443.7144720628858 0 5.320156536996365 299.1375228017569 262.574433170259 4.838374838232994 80.88080180436373 0.1695917248725891 0 0.4632734581828117 1.28796311467886 4.363867893815041 77.91685496270657 5.904767021536827 16.41384229809046 9.699856527149677 1.577384822070599 0.6784745380282402 13.84752988815308 3.685582160949707
366.8300849720836 4.004924617707729 1627.342936508358 0.6437661424279213 0.7189929336309433 9.553658060729504 927.5723535194993 376.8001254275441 0.420176737010479 53.57436841726303 317.4633316546679 1.383804030716419 2.765922658145428 1086.990625269711 0.3823000490665436 16.47956077009439 780.9415650144219 430.5719298124313 3198.381149239838 2.442282274365425 664.9082992598414 13.98291298002005 1531.04991222918 12.45582903176546 0.5353260338306427 4446.983291391283 5115.215720243752 186.792079821229 756.3653972558677 1566.176096469164 4.84372965991497 11.39674002304673 136.9570363983512 1617.24448800087 4.403404451906681 451.4237897694111 1856.814222879708 660.8014452084899 236.1417917907238 11.74294833093882 1.730783276259899 1.530592210590839 2.710445165634155 0 9.34406179189682 56.40324758738279 0 0 0 0.9610438272356987 0.1531054079532623 0.09635946899652481 0 0.2681098654866219 0 0.2594267502427101 0.1254170089960098 0 4.545141667127609 5.466800317168236 0.1788157671689987 0.8376848101615906 0 2.672028109431267 8.183339610695839 5.422221437096596 5.793207004666328 0 19.40606814622879 339.9769543409348 5.544240556657314 0 1.059248112142086 0.5715878158807755 0 0 0.4906220138072968 3.900089308619499 4.820468358695507 39.96683546900749 2.736638724803925 1.608146771788597 0 0.1277228146791458 0.0972343236207962 0
36.20208887755871 10.58993903547525 20.026376478374 0.5657594352960587 2.569995567202568 4.455377325415611 102.9803135544062 53.51477698236704 0.6205429062247276 15.60953614115715 4386.432404577732 4.440167285501957 26.64060795307159 127.9755958653986 0 0.5310951769351959 430.5719298124313 950.6927496641874 3634.89664170146 6.703249216079712 26.24312682449818 2.278942584991455 44.8083433881402 2.87388452142477 46.69649249315262 3135.8308468014 509.8545071482658 16.15960685908794 131.1015918888152 56.54760842770338 139.3334066420794 19.09575158730149 22.8303607031703 1413.247351873666 7.709878340363503 1030.630723059177 1998.043955609202 2514.288073025644 558.4735250249505 10.60965405404568 4.402014829218388 25.30222845077515 3.052587084472179 0 4.501601785421371 0.8533152788877487 0 0 0 0 0 0.2553808689117432 0 13.29999417811632 0 65.1801360398531 0 0 0.3379353657364845 0 16.32032822072506 3.495588853955269 0 0.2700106725096703 0.4742870703339577 0.1387054771184921 0.9485964253544807 15.56430168449879 128.3736878484488 138.4999279528856 0.6355064660310745 0.1166840270161629 0.1541853696107864 47.27031479030848 0 0 0.09528576582670212 6.002605602145195 6.525997318327427 88.68051898479462 5.476867564022541 1.019301019608974 0.1281701624393463 0.5384693741798401 2.087524652481079 0
131.6463745087385 2.032736465334892 99.37504903227091 0.8118157684803009 1.685842156410217 5.961694613099098 269.6556781083345 168.1149708107114 0 27.38713406398892 1336.522249370813 3.626073010265827 6.995988838374615 446.1050824895501 0.1445514708757401 1.837822631001472 3198.381149239838 3634.89664170146 3167.196823470294 6.312567748129368 106.9572511389852 1.743679285049438 175.4135832563043 4.255977526307106 1.600423827767372 4672.157178677619 1362.013197168708 39.33061027526855 394.1716001406312 260.7453502826393 17.04748444259167 14.86110607907176 83.72662438452244 3767.274053320289 9.718541771173477 1163.316681094468 1333.243140056729 3048.327155388892 506.307570785284 11.96987643092871 1.958577416837215 6.923760145902634 4.53464762866497 0 2.797194771468639 7.281612187623978 0 0 0 0.09579160064458847 0 0.2013049125671387 0 2.242039769887924 0 3.2123037353158 0 0 0.3388335779309273 0.82084871083498 0.5909864753484726 0.7096962928771973 0 0.508268229663372 1.336185410618782 0.1768996194005013 1.241963908076286 2.142560020089149 34.17564252763987 89.82562990486622 1.784871838986874 0 0 3.802733965218067 0 0 0.120319165289402 4.566234812140465 5.567523017525673 17.32765985280275 3.000903636217117 1.659103825688362 0 0 0.4966322779655457 0
11.14191344380379 0.2134589105844498 3.134443685412407 6014.187251009047 25.93403446674347 730.7589982375503 375.4946371540427 1083.945054829121 304.3696810007095 4964.392365783453 74.45221718400717 7027.490684360266 17.07324023544788 551.245037086308 336.3130267038941 0.1260018646717072 2.442282274365425 6.703249216079712 6.312567748129368 854.5279210358858 3.046081639826298 1.926472172141075 3.069981642067432 1077.342897482216 1.070370115339756 11.98365198075771 7.950762450695038 6221.884823173285 476.6445595026016 6.164889760315418 4.793280579149723 121.4821737110615 3.030819594860077 201.9516626670957 9.969146087765694 1380.582348257303 25.48632320761681 472.2847305312753 184.3759687617421 880.4668098837137 25.43912168592215 9.262266218662262 16.26804606616497 0 0 0 94.13098949939013 0 1.875452436506748 80.56440977752209 4.135375015437603 26.28159671276808 121.5961281582713 1.344199061393738 25.75242654979229 1.656189233064651 10.67613982409239 1.313308700919151 0.5634639859199524 0 0 0 70.96026432514191 2.29951973259449 0 0 369.9694641306996 0 0 0.5325425863265991 297.9601568058133 3.339077346026897 12.28484109044075 0 1.040013551712036 0.2209873497486115 0.5965204164385796 0 52.37354381382465 1.66109324991703 17.99388606101274 3.969114169478416 56.44321891665459 0.1116653680801392 0.7808905765414238 3.77819037437439
38.49460708349943 34.01545951515436 1248.377578184009 1.295671194791794 0.329697959125042 6.322555966675282 766.2970167696476 28.94408925622702 101.9886906296015 24.63904902338982 30.02820909768343 0.64811971783638 6.533008113503456 81.78364206105471 1.059292823076248 7429.524874232709 664.9082992598414 26.24312682449818 106.9572511389852 3.046081639826298 11314.02114070952 845.5680207833648 21782.03658913076 421.0463714972138 20.57567097246647 815.5013351365924 849.4020566269755 2769.155427373946 169.3737701028585 13037.42010982335 18.43109613656998 2.210074104368687 28.54319266974926 2506.622776597738 77.4380593970418 9174.323644727468 1021.042580254376 4948.97270360589 4274.294545866549 194.6697254553437 6.910159111022949 60.20645130425692 45.92501542717218 0.2242809608578682 0.5724567770957947 11.79789439588785 0.3550782650709152 0.1277560442686081 0.4536968991160393 38.68308412283659 1.103857159614563 23.38700444996357 1.741011455655098 4.314429610967636 0.4780188351869583 6.579846575856209 2.324339240789413 0.934793658554554 982.671996332705 2.175830088555813 0.1124096512794495 1.387762531638145 0 857.9309094101191 157.0040141642094 132.5344070866704 473.4213534519076 0 3.210422784090042 38.00869259238243 291.1580346748233 4.41156854480505 175.3724259883165 0.1184108331799507 0 0.2701019123196602 1.165396377444267 9.770691424608231 121.4758501648903 8.485475070774555 16.84561386704445 7.617003530263901 2.654382117092609 3.247423946857452 33.34178694337606 10.08779992163181
0 3164.198616117239 51.10535694658756 1.165953233838081 3.678900226950645 3.822636522352695 90.47173781692982 4.803676396608353 4026.274736024439 5.486194387078285 28.11438812315464 6.730011150240898 141.838971465826 2.361871086061001 84.35171904414892 5545.102316051722 13.98291298002005 2.278942584991455 1.743679285049438 1.926472172141075 845.5680207833648 1877.148574285209 505.6111799404025 5862.091346032917 1128.421032473445 37.52918508648872 6713.045289583504 678.2781793624163 4.588310562074184 39.87184897810221 30.43193740397692 0.22176593542099 1.004220552742481 32.91496586799622 2.427804321050644 136.6275677829981 43.98350897431374 94.55665935575962 30.31260176002979 115.2469186857343 0.5590683817863464 9.10172089189291 0 0.1864202320575714 58.91553211212158 16.6402630880475 0.29920694231987 0.1658595353364944 0.1446459144353867 14.05606269836426 0.7589226588606834 8.3968910202384 1.144649997353554 2.794147998094559 5.933011710643768 5.121825188398361 1.939419940114021 0 1398.305711962283 6.977017439901829 1.153691455721855 5.574033819139004 0.307075560092926 211.5985225588083 99.24227122217417 368.4549860283732 163.7237366735935 3.52655965089798 23.7568416595459 1783.413241669536 78.67573805898428 2.548191882669926 14.49059954285622 3.488489106297493 0 0.113790363073349 0.9788832068443298 1.721638262271881 42.97543620318174 18.51115524023771 19.77072571218014 14.76234868168831 0 0 0.180454358458519 0
166.5296782404184 13.34404829889536 9783.616522789001 0.6062137484550476 0.7878454253077507 7.815010115504265 835.1265185549855 109.6721412539482 41.14342620968819 30.85522739589214 63.68889252096415 1.411214105784893 15.08627613633871 390.5941138528287 0.6886640712618828 4564.82683186233 1531.04991222918 44.8083433881402 175.4135832563043 3.069981642067432 21782.03658913076 505.6111799404025 25999.09917327762 779.2725276276469 13.00414684414864 2371.545663446188 10258.34987854213 4428.145821630955 478.2610493339598 4302.862468060106 47.31287952512503 7.294126160442829 78.74918646365404 3800.036336950958 143.002311758697 13135.63958901167 10031.89427053928 8516.798492021859 6880.120452262461 406.5697981864214 12.62952812761068 55.5175532028079 64.47148355096579 0.119050607085228 6.01627529412508 80.63944417983294 0 0 0 18.3242115303874 0.2978517115116119 3.675309717655182 2.878863707184792 5.572337992489338 0 1.23107273131609 1.774561427533627 0 1778.855156756938 5.847323201596737 0.7278154715895653 2.620417505502701 0 214.1686345785856 250.5874043181539 884.3383933529258 104.139851257205 0.6034790277481079 13.21766433119774 1186.819290272892 72.67029103636742 0.9713565856218338 31.18306048214436 0.6095286309719086 0 0.2815034091472626 0.5376690998673439 37.81335391104221 129.2878780588508 20.23428219556808 17.51790920644999 20.70946499705315 2.277348801493645 0.865263007581234 12.72091992199421 8.998694598674774
35.56628409028053 412.9242403432727 25.39604955166578 1838.068517439067 42.5454022064805 172.1578343659639 2258.6402053684 382.3741408362985 10208.69385199249 435.3684596270323 23.77125259488821 1028.481489807367 26.06702832132578 339.6985795274377 1623.149925872684 4116.621279299259 12.45582903176546 2.87388452142477 4.255977526307106 1077.342897482216 421.0463714972138 5862.091346032917 779.2725276276469 22412.47205231339 148.8416919782758 46.1759760081768 3339.985733814538 10890.72025822848 281.1702232435346 150.2471031919122 11.2819944024086 25.35945760458708 61.1817033290863 169.2683542072773 18.3416944667697 1931.446690827608 95.87073538452387 388.8391269817948 298.1371467858553 1498.653377644718 10.59155831485987 9.210211336612701 13.05830064415932 12.1112250238657 3.41118174046278 4.187229089438915 371.615871809423 0.301802471280098 28.38953640311956 691.9890527054667 46.0323226377368 835.8406824097037 513.2363151311874 9.370123095810413 80.31442385166883 6.162037804722786 97.49095866829157 7.104524500668049 166.1274539381266 0.6594903990626335 0.3942613005638123 0.103103905916214 342.9433033838868 164.2855335250497 93.596729144454 63.60030878335238 3166.567991025746 0.6299722641706467 5.261217154562473 85.99055349081755 3174.437434323132 126.6020550727844 67.35039247572422 0.4065466597676277 4.2427669018507 3.756452448666096 24.4152115881443 9.544319190084934 528.1576461941004 18.60161449015141 239.7018352970481 44.37494369596243 223.2301255241036 9.353780657052994 7.675265625119209 5.065988384187222
0 2359.57946383208 0.4312717840075493 0 0.8355058133602142 2.186026468873024 3.135942049324512 1.404746040701866 267.4654234349728 0.5525676012039185 500.7899644374847 0.5199826881289482 5180.80570846051 1.206960998475552 8.236949793994427 55.47532151639462 0.5353260338306427 46.69649249315262 1.600423827767372 1.070370115339756 20.57567097246647 1128.421032473445 13.00414684414864 148.8416919782758 2018.304632261395 77.29379929602146 3807.33921482414 17.12175140529871 3.703638404607773 4.687816292047501 199.9761636704206 4.009278483688831 0.1223701611161232 222.3207207247615 26.10706071555614 866.8691354691982 1625.677013255656 1729.684084765613 441.3415826931596 38.22847074270248 91.38930214196444 1954.797772198915 13.59808734059334 0.2352798283100128 134.3317446857691 0.464582085609436 0 0 0 0.365134060382843 0.473932608962059 3.264429003000259 0 358.5183850973845 0 1989.764441825449 1.281099520623684 0 0.8317474275827408 0.391373910009861 73.39077676832676 15.46172952651978 0 0 18.9564491584897 0.8033675998449326 2.074621081352234 334.1255784109235 499.9219926893711 1230.51032526046 1.089662820100784 1.54607392847538 0 332.4315464198589 0.9868429601192474 0 6.077572971582413 10.90363937616348 124.854452110827 468.8499196469784 142.2410085052252 20.5690071284771 3.803824037313461 20.65869846940041 107.0240384191275 19.62773704528809
178.219749789685 59.34737193584442 6797.032835043967 4.161125876009464 2.598414242267609 27.65659926086664 2205.822629936039 459.789606243372 10.22712207585573 199.0876902341843 1851.660372719169 4.337956093251705 222.9701628684998 809.1260020434856 0.3064004331827164 7.603696927428246 4446.983291391283 3135.8308468014 4672.157178677619 11.98365198075771 815.5013351365924 37.52918508648872 2371.545663446188 46.1759760081768 77.29379929602146 35257.8438488394 12177.74975208938 784.2309909388423 298.5245628915727 622.0303501784801 1138.417052090168 24.63878985866904 40.36809083819389 1376.341957625002 32.33046387881041 3272.136612229049 10484.19920384139 4223.662139214575 1035.210333168507 32.18596519529819 9.866880692541599 82.6049187630415 11.4070493131876 0.703894630074501 256.46549731493 505.544965416193 0.1335871964693069 0 0 10.43611374497414 0.6783986315131187 3.226108938455582 0.5270235240459442 32.77739395201206 0.09499981999397278 130.6698114946485 4.399033345282078 0 20.38131912052631 102.6424756348133 45.35333676636219 80.8653429672122 0 13.03654719144106 27.72983752936125 16.73672736436129 33.75189957767725 71.47975459694862 1069.055763959885 3104.181695826352 25.15954974293709 2.667479947209358 7.731580346822739 75.78471240401268 0.1515667736530304 0.1166293546557426 16.15343763679266 12.72272917628288 77.47923924028873 674.4998503774405 57.70794031023979 27.77142414450645 1.807326927781105 0.7935581058263779 2.073120430111885 1.56901104003191
36.86830344051123 7669.911381393671 6831.818212620914 3.660475730895996 2.450880534946918 20.28087770938873 781.1141885742545 72.83037434518337 770.8828605413437 52.37504386901855 1533.093090713024 5.458035439252853 3508.273192435503 135.0405449718237 22.81584154814482 3281.653792411089 5115.215720243752 509.8545071482658 1362.013197168708 7.950762450695038 849.4020566269755 6713.045289583504 10258.34987854213 3339.985733814538 3807.33921482414 12177.74975208938 36949.1098529622 2258.221882238984 139.1284187138081 166.3729424551129 1266.206129461527 15.63012555241585 33.61668096482754 2555.852316364646 167.2580452188849 9545.779736310244 8620.130644142628 8786.584095999599 3167.778518304229 184.2177624702454 15.30484320223331 138.8151860609651 48.03303232043982 2.661764442920685 2364.532302580774 1946.654994294047 0.405093289911747 0 1.448884107172489 71.92772196233273 8.430022440850735 16.50753809511662 4.61945253610611 185.320891931653 1.373317711055279 763.2530467361212 18.83711759746075 0.7263106033205986 2162.192283891141 309.8552622497082 223.6719499379396 296.0766870751977 0 104.1948214769363 1211.694082550704 1527.95110424608 201.5017816275358 429.9742176309228 5297.320960961282 26804.83359541744 183.8632469028234 11.13497769832611 34.57871881127357 470.9202323555946 0.950450174510479 0.6662736982107162 45.60875967144966 57.95096154510975 476.619854606688 1648.177742049098 314.1751762479544 161.3494852557778 8.480052091181278 3.285113200545311 30.96251688152552 6.874998241662979
191.5327505394816 47.32761321216822 704.8328485786915 5676.522656597197 7.990814633667469 736.2425997778773 20734.10771028697 579.2507147043943 1903.056617334485 9040.008042626083 32.86577250808477 796.963805578649 10.94925513863564 534.1744318529963 98.26850287616253 3067.881638251245 186.792079821229 16.15960685908794 39.33061027526855 6221.884823173285 2769.155427373946 678.2781793624163 4428.145821630955 10890.72025822848 17.12175140529871 784.2309909388423 2258.221882238984 24807.86380875111 895.7310408428311 12764.64260105044 45.63165821135044 35.5610788911581 230.41772723943 535.0077803730965 70.78800108283758 3858.775423057377 255.2466795518994 1098.482002496719 893.3676206618547 326.642399251461 11.05180647969246 29.24157011508942 31.06091000884771 6.294360160827637 1.253005050122738 13.01156224310398 275.6341598182917 0.1110014021396637 22.86526238173246 675.0346428453922 39.6402697712183 416.895791105926 438.5458522289991 9.934657841920853 40.83534035086632 2.292715810239315 68.64911828190088 4.577611736953259 320.1385954171419 0.5554334446787834 0.2439007833600044 0.8607580363750458 227.9339099898934 443.1554990112782 70.56672013550997 60.76509755849838 2483.347015596926 0.14338518679142 5.08598930388689 94.67015113681555 2835.316578745842 93.62190555036068 155.2218652144074 0.146883636713028 3.028474643826485 4.440091080963612 21.82632429897785 7.408467419445515 462.1580326333642 18.24704959988594 183.1735309585929 30.89624959230423 160.5161301121116 10.10050054639578 19.88874591886997 7.800690561532974
