904.5702484101057 0.1108709424734116 82.29633248597383 3.306771956384182 2.944931529462337 52.2750526741147 4335.89757604152 1670.79334744066 8.737847402691841 240.0542715936899 6.320709943771362 7.301953323185444 0.4234509393572807 6474.283183306456 0 0.8457688763737679 264.5547718703747 1.723755769431591 26.11565261334181 4.632955402135849 36.02060612291098 0.8784563764929771 143.4929332584143 67.87301515042782 0 30.37503604590893 33.91361191868782 71.65716248750687 2210.996177643538 1374.660143911839 0 7.823718532919884 7.403596073389053 90.57386222481728 0 39.85066072642803 12.52602813392878 35.68436767160892 6.912150099873543 3.642386741936207 0.8197507709264755 0.1500961184501648 0 0.4613645970821381 0.3417767062783241 1.466993592679501 0 0 1.458591893315315 7.091538548469543 1.422138333320618 3.172257445752621 2.7061468064785 0.4778599441051483 0.2139836698770523 0 0.6547429338097572 0 1.833605475723743 0.3326854333281517 0 0.2218209207057953 0 2.17894521355629 1.258122026920319 1.417053997516632 15.94696974754333 0 0.8712340518832207 2.00226666033268 22.64173039793968 2.671100839972496 5.134403333067894 0 0.7295159697532654 0.08182710409164429 0.8078838065266609 0.3806694149971008 8.37386254966259 0.3908683061599731 2.604801021516323 2.659629285335541 3.011632293462753 0 0 0
0.1108709424734116 99.37603081762791 30.22742591053247 0 0.4079749956727028 0.07001985609531403 0.9428101629018784 0.5994185507297516 513.4694273397326 0.7317109256982803 102.4529298022389 2.168403171002865 908.2435395941138 1.268800288438797 24.40784198045731 29.86570081114769 101.9458344355226 9.363142006099224 71.8318397924304 0 1.521232791244984 2218.685336224735 8.118552275002003 505.595429956913 2040.65172059834 306.2971458360553 7108.779184266925 14.5638782158494 3.121394403278828 0.8015804588794708 32.67727001011372 0.864283561706543 0.5564940199255943 76.7456032782793 0 54.73614021390676 205.8449699133635 106.187856093049 18.24227668344975 28.37948797643185 0 44.61633471399546 0 0 45.9360418394208 180.5962071046233 0 0 0 0.9246440455317497 0.2968604415655136 1.314275830984116 0 4.449237383902073 0 16.60093493759632 0.1161905378103256 0 3.323317751288414 28.24172858148813 3.503332540392876 12.93452423810959 0 1.067476361989975 31.44956002384424 39.15882983058691 7.873266369104385 23.54648005217314 208.6555406376719 1265.051713317633 1.17358323931694 0 0.6466997414827347 3.332670025527477 0 0 1.008599668741226 0.6378801465034485 32.30113051831722 22.5212150812149 13.72774562984705 10.21569500118494 0.3072994947433472 0 0 0.3972615003585815
82.29633248597383 30.22742591053247 4407.518765889108 4.889065399765968 0.8189884126186371 25.18421352654696 1729.046130508184 281.0358929634094 6.276410058140755 128.5838825330138 15.38023629039526 1.452888436615467 1.948069550096989 388.5527760535479 0.4735904857516289 12.59901012480259 5489.760969825089 29.83069806545973 450.15429918468 0.2899803966283798 947.6031520217657 13.84296705573797 10990.58284722269 50.14674396067858 1.028611548244953 5490.782443463802 8945.647770524025 1064.259622953832 89.89120953530073 840.0080008432269 1.076302252709866 4.554180033504963 3.527468182146549 329.977908089757 11.26255317777395 1006.668198540807 4360.19688475132 1334.191314809024 717.3369918391109 21.06671911478043 3.382287420332432 8.088267214596272 3.487455643713474 0 104.2791769430041 1081.045301556587 0 0 0.1752034872770309 8.193719670176506 1.252613969147205 3.752341493964195 0.989267535507679 1.912803813815117 0.2777636051177979 1.676127843558788 1.625740863382816 0 69.90804789215326 211.0776590257883 1.688008278608322 12.73913053423166 0 20.22158832848072 53.24871252477169 778.7687711566687 24.04416497796774 4.411190330982208 147.2750349640846 2446.86153434962 24.17717376351357 2.215646341443062 6.688462905585766 1.492006838321686 0 0.1254848837852478 9.643392384052277 3.633704364299774 320.5297102555633 111.5346457287669 112.3874914199114 84.05629222840071 1.825670808553696 0.525526225566864 0 0.3598074018955231
3.306771956384182 0 4.889065399765968 1964.379728034139 3.590185686945915 30.25590515881777 209.1885269284248 33.02377653121948 1042.705047614872 1573.810548938811 3.499972194433212 5325.152118839324 0.2539365813136101 35.42901299893856 129.8555606901646 13.37035147845745 0.8523459210991859 0.1123379617929459 0.7427255734801292 2164.568365439773 7.388992741703987 1.383893191814423 4.390153914690018 1875.671967983246 0.119695208966732 2.516601338982582 45.18612947314978 4462.715558990836 107.9446985498071 12.43326845020056 0 1.982481114566326 7.113206341862679 26.47657663375139 7.043919265270233 216.2284095287323 2.535173751413822 64.88509865105152 34.6080881729722 307.086536847055 10.66570717841387 0.3712055310606956 2.805896148085594 0.4462873339653015 0.531660296022892 0 123.7143769487739 0 21.10859514027834 43.13860069215298 10.81390189379454 118.0273381993175 352.0043606087565 0.1258055120706558 112.4919454231858 0 5.575643941760063 7.448727861046791 1.222216695547104 0.1492836177349091 0 0 50.75211047381163 1.323357000946999 10.4351506754756 0.2197227850556374 236.6429914236069 0.5635410472750664 0 1.724913358688354 332.4297635108232 9.85015331953764 5.331164546310902 0 0.1241181343793869 0.6688901484012604 2.372428938746452 1.661985114216805 15.1329004317522 0.6477875709533691 3.723575226962566 3.346952758729458 36.77834855765104 0.1353820264339447 0.1672672927379608 0.1169293448328972
2.944931529462337 0.4079749956727028 0.8189884126186371 3.590185686945915 41.72963301837444 1001.000507056713 7.627943128347397 119.6811991408467 35.06432639807463 28.8794172629714 180.5542501360178 164.4946393743157 11.12345233559608 62.74436793476343 1519.27489477396 0.1505574136972427 3.0141861140728 1.956477992236614 8.481708444654942 15.40179626643658 0.1595520824193954 3.268696196377277 1.560108669102192 22.88461367040873 0.9506477862596512 4.743951357901096 4.311061285436153 7.858358755707741 21.86730909347534 1.869940422475338 2.003774061799049 239.7989522516727 0.140696793794632 288.1414637863636 1.177571445703506 48.04561584442854 13.59353674948215 296.425251044333 18.44023836404085 2702.693726442754 44.68801212310791 3.112332478165627 0.5283656716346741 0 0.2994637414813042 0 0 0 0 1.187341399490833 0.7320982217788696 0.7461804300546646 0 0 0.1106640473008156 0.3943245485424995 0 0 0.4722007066011429 0.09270969033241272 0 0 0 0.3746312484145164 0 0 3.176116667687893 0.1662057638168335 0 0.1929012164473534 2.515999093651772 0.1304542869329453 0 0.2140716314315796 0 0 0 0 1.234939604997635 0.9081591367721558 0 0 0.2512272894382477 0 0 0
52.2750526741147 0.07001985609531403 25.18421352654696 30.25590515881777 1001.000507056713 5806.34149325639 2146.560000933707 5537.531028740108 87.53698518127203 3664.256471015513 175.2086264789104 3016.479381121695 19.40615724772215 825.088112488389 1386.652446866035 0.263026125729084 15.44085346162319 4.950455568730831 17.3710865303874 304.2419984787703 6.749689899384975 0.5802135467529297 8.054587237536907 267.6015572100878 1.448564291000366 14.57225054502487 9.139994069933891 330.2837751880288 431.7669148519635 18.75780483335257 3.489770315587521 236.2112866938114 4.354456052184105 580.5020167157054 4.856704115867615 518.5278421491385 32.93935985118151 496.405270986259 92.26280917972326 3297.717406377196 226.3018097579479 27.47775881737471 9.586778469383717 1.602911934256554 0.2894391417503357 0.4650936797261238 15.42978378385305 0 5.477117799222469 68.73203628510237 28.3639145642519 16.14683932811022 79.29001902788877 1.231629818677902 16.49225147068501 0.523941844701767 8.378238707780838 1.354180209338665 0.6510045304894447 0 0.4218123108148575 0.2352433800697327 15.63090626895428 0.1964172869920731 0.5797311440110207 0 105.8289575353265 0 0.3133337199687958 0.3811250478029251 205.2576843202114 11.30228713899851 7.485063724219799 0.325570784509182 0.5236738324165344 0.3723549395799637 1.017988763749599 1.458606712520123 18.96165531128645 2.640769846737385 10.24490556865931 4.76001688092947 28.14661905914545 1.715877532958984 1.407728537917137 0.4767950847744942
4335.89757604152 0.9428101629018784 1729.046130508184 209.1885269284248 7.627943128347397 2146.560000933707 8255.654413886368 4060.149879068136 295.4817974120378 13697.0115904063 35.66648351401091 66.98820342123508 2.945747196674347 8978.685865454376 15.39578510075808 31.29375454038382 840.17548404634 5.548427775502205 54.2647056505084 61.6143414080143 1207.751149214804 7.295612536370754 1176.987256266177 2340.63981628418 1.608045287430286 328.3936669453979 416.0627080351114 24432.84859725833 2072.132059544325 2482.589979633689 0.6457175835967064 30.38657446205616 49.68046875298023 200.7931291759014 28.03805664181709 851.0672738999128 113.2202450409532 506.9795063957572 219.2508734986186 91.28355928510427 44.20821738243103 5.312439933419228 13.30742055177689 3.91636149585247 2.500648468732834 11.0139901265502 33.1181663647294 0 15.97147441655397 263.0185599699616 92.44943558424711 64.97612219303846 162.7684505134821 3.069831177592278 21.99254782497883 0.3307992145419121 46.01631179451942 0.6094887852668762 16.3430637717247 2.997019253671169 0.2421064525842667 2.051172129809856 17.44954071938992 8.451157256960869 10.75524167716503 14.31627663969994 461.4863923415542 0.6422134935855865 2.874469377100468 29.41945748031139 720.6923484876752 78.13114383816719 45.27002993226051 0.08878189325332642 0 4.699261859059334 14.37089804559946 5.964133977890015 104.0423360019922 2.595090210437775 39.43719366192818 14.50735696405172 31.94331664592028 2.965748958289623 2.718347892165184 1.134908482432365
1670.79334744066 0.5994185507297516 281.0358929634094 33.02377653121948 119.6811991408467 5537.531028740108 4060.149879068136 6793.673798978329 200.7450920790434 4563.693311318755 94.7188221886754 1416.882804535329 13.39438546448946 4432.046592913568 186.0019241347909 1.337253957986832 388.4244420081377 4.139653399586678 38.34409844875336 358.0750098079443 45.23180588334799 9.831152625381947 233.253571331501 933.9056716784835 1.795089341700077 84.85554083436728 60.82846367359161 477.9698023125529 505.7452630996704 611.5334728881717 1.640121191740036 141.9545536264777 11.26430752873421 371.8044546172023 5.091515861451626 272.9975596442819 52.28263451159 270.0946991592646 68.62259555608034 1145.01018948853 154.2981888800859 31.70578716695309 9.333520501852036 1.593472145497799 0.4807355254888535 3.015088737010956 11.21676890552044 1.131384253501892 6.42650481313467 296.2334758341312 62.11204994469881 56.1698824390769 62.82687852531672 4.058951675891876 14.9919677823782 5.370510116219521 29.61583872884512 0 5.958474859595299 1.010331623256207 0 0.3262954875826836 11.07068754732609 7.924336455762386 2.939223371446133 1.292006894946098 405.2367395684123 0.4812746047973633 1.584329068660736 5.453544117510319 638.791366443038 44.12954311072826 46.66924355179071 0 0 4.486003734171391 9.549044087529182 2.645547032356262 90.87708190828562 5.171997226774693 35.4447166249156 8.389199584722519 28.42365309596062 3.972850523889065 1.131438449025154 1.651777535676956
8.737847402691841 513.4694273397326 6.276410058140755 1042.705047614872 35.06432639807463 87.53698518127203 295.4817974120378 200.7450920790434 738.0511913523078 392.9880978688598 14.58749355375767 269.8219554796815 139.3791563883424 96.3775774538517 759.5377427190542 140.8216321468353 11.41811733692884 5.250658437609673 5.898055694997311 671.2477233633399 91.74847263842821 2302.933660879731 19.83934042602777 6999.06093236059 311.6233806610107 48.36297388374805 1219.001581519842 2182.752182736993 190.8854970186949 153.2159565910697 15.40790611505508 4.614101871848106 26.65476858615875 30.73353233188391 8.070355221629143 231.275747731328 17.54881247133017 98.62190585583448 45.59700202941895 348.5414810702205 15.88606391847134 1.537882730364799 3.465869456529617 5.525113336741924 12.58615791797638 6.714472249150276 181.698384039104 0 18.37598448246717 180.0281058996916 50.93572732806206 76.23467140644789 394.1252398714423 2.078284330666065 121.5921259596944 4.459130130708218 31.96944675594568 14.29375170171261 139.6091697588563 1.324227921664715 0.7478642240166664 1.338977858424187 75.1250089854002 101.7123667523265 66.11458590626717 26.33458071947098 887.7637859806418 5.010205037891865 6.555729322135448 24.61656871438026 826.2996865808964 82.52588019520044 86.69615229964256 0.5980608537793159 0 8.539275944232941 13.02084432542324 6.657936908304691 92.1559566706419 3.949908673763275 36.9481531009078 18.76467175036669 61.9006175622344 2.547036021947861 0 0.8328873217105865
240.0542715936899 0.7317109256982803 128.5838825330138 1573.810548938811 28.8794172629714 3664.256471015513 13697.0115904063 4563.693311318755 392.9880978688598 20758.63804253936 124.8167615011334 4419.638232842088 11.23093418031931 2265.565548360348 72.98662811517715 2.595783807337284 34.32000202685595 6.707281388342381 18.37395837903023 3055.627025954425 37.38581223040819 0.6986478269100189 34.47276569902897 972.3870108872652 1.012496590614319 47.07079590857029 41.70964796096087 5305.680939137936 1308.206672698259 32.00923337042332 2.695372827351093 115.7263548746705 20.38212906569242 349.9521038979292 44.87584266811609 1919.468868978322 40.1305398195982 965.3256726637483 253.0068605169654 345.5965868607163 123.641131028533 14.12926184386015 25.58768932521343 1.228421427309513 2.188254036009312 0.9167947545647621 175.650786653161 0 42.51505251228809 346.6642425060272 115.4213256314397 124.2816607430577 667.9548874720931 3.884518302977085 125.5989562273026 0.3471600562334061 42.77275697141886 0 2.073870301246643 0.2090279683470726 0.4269089996814728 0 71.38199377804995 1.686886332929134 14.36355227977037 1.235820151865482 559.9848757535219 1.248408436775208 0.2307865247130394 3.971669413149357 1216.465762168169 58.98518092185259 18.87600417435169 0.2572095915675163 0.1077610179781914 1.955818936228752 10.488175958395 4.903580360114574 62.11404287815094 4.35392938554287 27.67432762682438 10.19224143028259 39.7036951482296 1.540648765861988 0.4772197157144547 4.544074214994907
6.320709943771362 102.4529298022389 15.38023629039526 3.499972194433212 180.5542501360178 175.2086264789104 35.66648351401091 94.7188221886754 14.58749355375767 124.8167615011334 7052.770386874676 144.3070136234164 1880.505165793002 464.7323181256652 0.1079558953642845 2.260400667786598 295.1125879511237 1533.608702771366 1576.628591507673 39.63885699957609 26.18376258760691 43.91001080721617 28.15403607487679 40.38810712099075 267.1666614562273 3085.686264380813 647.57314517349 28.97677138447762 860.8375398740172 40.25144177675247 654.5700131952763 541.8436722904444 19.66599951684475 5219.393042460084 4.520619854331017 1016.12239164114 5592.085983991623 7730.404631510377 1839.423883669078 76.36839374154806 21.32365003228188 583.7614158093929 6.283553123474121 0.4682585373520851 26.15891385823488 8.52870999276638 0 0 0.2901325970888138 11.24176036566496 5.192665256559849 1.519250310957432 3.105869367718697 368.0778071880341 1.794268354773521 894.8987360969186 1.182359293103218 0 0.9805475771427155 1.690096862614155 108.2082355767488 44.43250884860754 0.1027911826968193 0.6948695555329323 1.43787132948637 0 14.88837918639183 418.1285649165511 149.8754805698991 245.8875993043184 18.56215211004019 1.619699969887733 3.895622730255127 67.92080546915531 0.2871409058570862 0 5.304222874343395 0.8471539914608002 16.523173853755 380.2727662622929 22.76334024965763 4.954811990261078 3.986283250153065 0.1232862025499344 106.4683941751719 0
7.301953323185444 2.168403171002865 1.452888436615467 5325.152118839324 164.4946393743157 3016.479381121695 66.98820342123508 1416.882804535329 269.8219554796815 4419.638232842088 144.3070136234164 6530.515204414725 18.04503408819437 591.2819097712636 1263.212121970952 0.1530010998249054 3.309773340821266 6.692599914968014 14.02469293028116 4893.690357089043 0.7636285275220871 7.983233898878098 1.223207145929337 368.5394444838166 5.004364982247353 11.91736906021833 14.75804363936186 1392.790039762855 405.6753839626908 4.349863894283772 3.591232717037201 134.8567364364862 1.62178935110569 231.8696284368634 6.363274306058884 439.8703573569655 22.92659059911966 419.5476046949625 62.66564905643463 2242.140636093915 55.63553428649902 19.02172239124775 5.273940540850163 0.6967891603708267 0.7074696496129036 0.1074043735861778 88.7998406663537 0 14.61701832711697 23.02814403176308 6.364715024828911 59.68385707587004 194.9567162394524 0.5821725651621819 102.9842113405466 1.993440344929695 5.02440007776022 9.653011813759804 0.1670928299427032 0.09993155300617218 0.1001846864819527 0.1170439198613167 44.47846679389477 0.1875094771385193 1.2047463580966 0 81.60753374546766 6.078564383089542 0.1200996711850166 0.6220734789967537 145.8310547471046 1.943347871303558 0.9759577587246895 0 0 0 1.429299473762512 0 9.493543103337288 6.976694718003273 2.532152190804482 1.727578304708004 76.85405752062798 0.5817798376083374 12.92039752006531 2.564865052700043
0.4234509393572807 908.2435395941138 1.948069550096989 0.2539365813136101 11.12345233559608 19.40615724772215 2.945747196674347 13.39438546448946 139.3791563883424 11.23093418031931 1880.505165793002 18.04503408819437 1608.830049984157 31.80115803331137 7.290253162384033 2.264986090362072 6.261474169790745 24.85353714227676 33.22413092106581 3.763112977147102 0.6656878069043159 506.0734899938107 0.6239004582166672 82.6288700774312 3380.265981011093 238.526832588017 4153.934773951769 5.385107778012753 68.19131855666637 0.5789541900157928 860.2532585114241 38.02289382368326 0.3159481957554817 899.6598497703671 1.222854554653168 315.6033209040761 3626.620385028422 2090.406315460801 424.0934828668833 23.20500171929598 19.4912596270442 720.2669433355331 0.4291462376713753 0 95.5919991210103 12.37796658277512 0 0 0.2729989737272263 2.131053119897842 0.4510253071784973 0.8191206082701683 0.5751845836639404 689.334157794714 0.6569554954767227 2088.894097618759 0.8804825320839882 0 0.5754403918981552 4.132305815815926 182.7023567780852 57.85164991021156 0 0.2005648240447044 5.381489299237728 1.818200647830963 2.316009938716888 1297.359052531421 321.6779353320599 568.8990773707628 0.3228738531470299 1.009022794663906 1.297130964696407 163.3684025704861 0 0 8.498211666941643 0.1586778461933136 20.14097998291254 456.8555417582393 46.66433376818895 8.811413891613483 0.4439941793680191 0 108.3233331739902 0.1382043808698654
6474.283183306456 1.268800288438797 388.5527760535479 35.42901299893856 62.74436793476343 825.088112488389 8978.685865454376 4432.046592913568 96.3775774538517 2265.565548360348 464.7323181256652 591.2819097712636 31.80115803331137 5390.107776872814 2.645406611263752 1.942740820348263 779.5877476558089 15.56406490504742 92.62069103866816 212.6374750882387 76.1081705763936 6.907571740448475 412.4190062507987 535.4764299094677 4.525775104761124 140.4574138894677 124.6787131279707 607.0333619788289 3990.926113814116 1894.279071636498 3.623877018690109 627.5191676095128 26.4468562155962 1230.804408214986 9.932813450694084 527.5057011991739 99.41941677033901 582.6669751182199 68.09364660084248 514.5035226717591 87.19559521228075 15.85140955448151 5.946583859622478 1.782612219452858 0.419842466711998 4.311897374689579 5.110616378486156 0 2.700691476464272 122.8858024179935 26.72792162001133 27.61682374030352 27.1114212423563 1.233451999723911 5.970336176455021 1.219566874206066 15.01295734941959 0 11.65635381639004 1.886987067759037 0.1075349897146225 0.4637168198823929 2.660110235214233 11.67857053130865 5.483285829424858 3.482785038650036 189.8185803592205 1.404751762747765 1.746237576007843 7.71849163621664 246.2299373075366 30.14788598567247 30.07395039498806 0.1501239985227585 1.528685882687569 1.527253411710262 5.786617487668991 0.1834791451692581 67.28152926266193 2.397269994020462 15.07725351303816 8.638092063367367 20.91360294818878 2.390896834433079 2.524453043937683 0.418850913643837
0 24.40784198045731 0.4735904857516289 129.8555606901646 1519.27489477396 1386.652446866035 15.39578510075808 186.0019241347909 759.5377427190542 72.98662811517715 0.1079558953642845 1263.212121970952 7.290253162384033 2.645406611263752 330.5203251987696 1.265908241271973 0 0.473190501332283 0.2306181788444519 175.3410660475492 0 84.12849954515696 0.265456423163414 849.5366823524237 11.18297618627548 2.347679764032364 91.81366135925055 175.1776556447148 5.348949775099754 1.049652710556984 0.5188509598374367 227.2688177675009 0.2530016452074051 0.2499423772096634 0.4796759635210037 6.781880587339401 0.8808571398258209 1.565572746098042 0.6102130711078644 523.4753796905279 62.30467283725739 0.1406128257513046 0 0 0 0.64260333776474 0.4081502109766006 0 0.1246985569596291 0.4658453017473221 0.1456363648176193 1.08041800558567 0 0 8.423871733248234 0.1222617104649544 0 0 0.249596431851387 0.1039257943630219 0.09191129356622696 0.1947475522756577 0 0.490218311548233 1.097760304808617 0.2259753718972206 6.902092650532722 0.343432292342186 0.2169730886816978 2.544469438493252 1.123086161911488 0.08545279502868652 0.7975219562649727 0 0 0.1425750702619553 0.7595705315470695 0 0.4970770180225372 0 0 0 0 0 0 0
0.8457688763737679 29.86570081114769 12.59901012480259 13.37035147845745 0.1505574136972427 0.263026125729084 31.29375454038382 1.337253957986832 140.8216321468353 2.595783807337284 2.260400667786598 0.1530010998249054 2.264986090362072 1.942740820348263 1.265908241271973 3796.558673076332 61.04696717858315 0.2468934059143066 1.970958404242992 1.546112924814224 2318.420528687537 4586.272383578122 4218.840267509222 2778.205373831093 4.991548962891102 7.327536500990391 3527.034436970949 2377.419911578298 24.59184022992849 179.6251694485545 0.6337298601865768 0.3063597604632378 9.935649909079075 51.73023659735918 31.47062624245882 1896.393078051507 573.3190772756934 644.4385349154472 1041.389341808856 51.36317435652018 5.962329551577568 0.5717791616916656 17.19064202159643 3.295782148838043 5.193229779601097 9.192838877439499 0.3186676949262619 0 0.3600801378488541 19.31838934123516 4.013430252671242 5.753881402313709 0.4732347726821899 2.269307337701321 0.2483213096857071 0 9.008487939834595 0 3243.35190461576 6.927256904542446 0.1059317514300346 2.564630120992661 0 726.5469501167536 1057.39969291538 2263.994524501264 101.6570167466998 0.0801008939743042 2.720291756093502 357.7078293412924 217.7277600541711 41.43868020176888 176.4560291171074 0.1349559873342514 0.1100584715604782 10.61225298792124 13.79099916666746 2.246087796986103 144.2374382987618 22.39278890937567 43.65326200425625 21.78730790317059 13.77200015634298 0.9295678436756134 0 0.3159795999526978
264.5547718703747 101.9458344355226 5489.760969825089 0.8523459210991859 3.0141861140728 15.44085346162319 840.17548404634 388.4244420081377 11.41811733692884 34.32000202685595 295.1125879511237 3.309773340821266 6.261474169790745 779.5877476558089 0 61.04696717858315 2127.076198346913 323.1110396683216 2943.280452430248 1.202184706926346 1887.51374463737 30.31622194498777 3274.992611825466 45.34084109216928 6.553531058132648 2585.32275596261 7583.51199311763 370.9402397349477 1038.818456180394 3301.157445564866 2.774942271411419 10.57041466981173 65.11179801821709 956.7650883123279 7.272232204675674 710.2724644318223 3274.303135491908 1388.53141400218 566.7998670265079 12.42644444108009 2.715468525886536 20.33593815565109 1.021211788058281 0.08108572661876678 46.88206595927477 380.4929888695478 0 0 0 3.522396378219128 0.2939689978957176 1.469905585050583 0.1166788190603256 1.666400097310543 0.1064740791916847 2.840732954442501 0.2906960099935532 0 17.59405717998743 114.2706392034888 3.066053904592991 22.99749477952719 0 5.40500807762146 7.209430657327175 71.86332163959742 11.28911356627941 7.0140166208148 221.451363645494 485.5557716414332 12.29487989097834 2.221472628414631 4.652026817202568 2.058526158332825 0 0 2.280342496931553 0.3025989830493927 64.03427116572857 89.42800913006067 19.08720231801271 11.95877094566822 3.691071778535843 0.2269020527601242 0 0
1.723755769431591 9.363142006099224 29.83069806545973 0.1123379617929459 1.956477992236614 4.950455568730831 5.548427775502205 4.139653399586678 5.250658437609673 6.707281388342381 1533.608702771366 6.692599914968014 24.85353714227676 15.56406490504742 0.473190501332283 0.2468934059143066 323.1110396683216 338.6210319399834 1336.63513058424 1.859370537102222 4.645292811095715 8.708822451531887 5.57038277387619 3.420104712247849 105.1310517862439 1736.181141458452 431.480879791081 2.441093154251575 27.95621032267809 7.053619220852852 27.20184736698866 10.23388528078794 1.1000746935606 287.560128159821 4.403383404016495 615.5379625037313 1550.86575524509 1113.075521692634 291.1910123080015 10.78136301040649 0.2247457802295685 10.05276823043823 2.661303319036961 0 8.36847361177206 4.751172505319118 0 0 0 0.6941494792699814 0.1143008321523666 0.315471351146698 0 88.58686388283968 0.5715363249182701 217.095944724977 0.210356593132019 0 0 4.418485254049301 134.2882848531008 91.14226542413235 0 0 0.1193947941064835 0.120283380150795 1.203811123967171 156.5350554063916 325.9776574149728 471.8460265994072 1.559934973716736 0.3012039065361023 0.450120821595192 50.32789969444275 0 0 0.6064947098493576 0.838845819234848 10.62273428589106 81.22637388110161 13.30968558043242 5.170014210045338 0.1277023106813431 0 0.7070942521095276 0
26.11565261334181 71.8318397924304 450.15429918468 0.7427255734801292 8.481708444654942 17.3710865303874 54.2647056505084 38.34409844875336 5.898055694997311 18.37395837903023 1576.628591507673 14.02469293028116 33.22413092106581 92.62069103866816 0.2306181788444519 1.970958404242992 2943.280452430248 1336.63513058424 1677.214528486133 3.537859439849854 59.68552263826132 10.05530862510204 147.6196966990829 12.82747643440962 50.40563033521175 4460.835941277444 2247.302391432226 15.1988960057497 187.8066638633609 133.7861478850245 11.66133248060942 32.55737212300301 21.64042330533266 2164.952370464802 7.45638707280159 1339.86200004071 2396.698554135859 2898.648931376636 494.9619391933084 19.17273585498333 0.5932624936103821 18.68413286656141 5.667030952870846 0 21.36959234625101 91.31627424806356 0.2217361330986023 0 0 1.912331469357014 0.6019580960273743 1.291514590382576 0 17.22901950031519 0 38.79336015880108 0.443544052541256 0 1.242658197879791 52.12965709716082 41.60494927316904 98.64906733483076 0 1.051147378981113 1.31751225143671 5.864970505237579 4.789257645606995 96.63460339605808 389.5777856335044 616.2870617285371 3.913136944174767 0.4396817088127136 1.375123575329781 13.10038603842258 0 0 1.079624533653259 1.523567348718643 31.02879376709461 93.79958113282919 15.83083977550268 8.103623107075691 0.3097327649593353 0 0.1568817645311356 0
4.632955402135849 0 0.2899803966283798 2164.568365439773 15.40179626643658 304.2419984787703 61.6143414080143 358.0750098079443 671.2477233633399 3055.627025954425 39.63885699957609 4893.690357089043 3.763112977147102 212.6374750882387 175.3410660475492 1.546112924814224 1.202184706926346 1.859370537102222 3.537859439849854 458.4433759152889 0.6060422956943512 0.4129866659641266 1.622698053717613 428.227900929749 1.814793556928635 2.565422520041466 4.118820235133171 5013.825332038105 167.1354072019458 3.023970022797585 0.7127537354826927 37.06344159692526 2.489853478968143 77.11955777555704 2.684970676898956 239.962005853653 7.664663769304752 164.9537170231342 37.16437880694866 901.210131444037 20.66044980287552 10.99296282976866 1.866629652678967 0 1.013459406793118 0 91.16782171279192 0.7631638646125793 13.06904651224613 34.56885044276714 17.14883206039667 84.44599591940641 247.0994937568903 0.1366222649812698 70.01617434620857 0.2253875955939293 6.058181650936604 1.41322985291481 0.3455578163266182 0.1150897443294525 0.3486132323741913 0 52.97072850912809 0.2960656881332397 6.426623068749905 0.2364101558923721 134.340756483376 0.4406978189945221 0 0.4203674048185349 271.0484110042453 2.379191122949123 2.299127146601677 0 0.1212084367871284 0 3.429335676133633 0.3562792539596558 5.526256501674652 0 1.565813697874546 1.580816946923733 52.37208233773708 0 1.232754990458488 0.1437992751598358
36.02060612291098 1.521232791244984 947.6031520217657 7.388992741703987 0.1595520824193954 6.749689899384975 1207.751149214804 45.23180588334799 91.74847263842821 37.38581223040819 26.18376258760691 0.7636285275220871 0.6656878069043159 76.1081705763936 0 2318.420528687537 1887.51374463737 4.645292811095715 59.68552263826132 0.6060422956943512 9982.945817366242 446.2811073958874 12403.97046478838 622.8044092953205 0.848495289683342 55.81991968303919 439.0102413967252 7480.801896817982 249.1858018264174 9491.219951674342 0.1061107739806175 1.516517870128155 74.04430732876062 2695.3695339486 129.0975440591574 8209.422733895481 2019.506056234241 6980.731206081808 4423.135012350976 201.7794051170349 19.1197459846735 5.039167672395706 57.09674186259508 2.91389437764883 0.2722924277186394 5.758800871670246 0.2231437563896179 0 0.2627398520708084 19.19087371975183 7.495497927069664 5.344504356384277 1.057066217064857 3.11749654263258 0.2585688382387161 0 14.05550929903984 0 974.7052580267191 4.160093709826469 0.09291756153106689 1.959721073508263 0 874.5573595911264 288.564420349896 438.9644415378571 132.1434545740485 0 3.372826136648655 36.56060709804296 333.6675069257617 94.30050803720951 342.3746697157621 0 0 18.77696270495653 30.17619660496712 4.678202442824841 222.1091892421246 17.05429462343454 67.84597479552031 27.60422772169113 26.06460458040237 3.701120547950268 0.1652134358882904 1.016344085335732
0.8784563764929771 2218.685336224735 13.84296705573797 1.383893191814423 3.268696196377277 0.5802135467529297 7.295612536370754 9.831152625381947 2302.933660879731 0.6986478269100189 43.91001080721617 7.983233898878098 506.0734899938107 6.907571740448475 84.12849954515696 4586.272383578122 30.31622194498777 8.708822451531887 10.05530862510204 0.4129866659641266 446.2811073958874 1399.145434811711 496.6372921764851 5450.42301376164 1332.880700580776 84.9223982617259 5234.950369402766 268.269488953054 15.85619346797466 62.63059192895889 41.22027115523815 0 2.547617644071579 27.76785632222891 0 57.15820467472076 44.02311816811562 42.41924764961004 15.53205919265747 117.6135542839766 0.2132263332605362 9.096950836479664 0 0.3119121640920639 22.25692082196474 19.4857265278697 0.6834680065512657 0 0.1461556553840637 3.559414014220238 0 29.17988608777523 0.4406143799424171 1.333114936947823 0.1124690175056458 6.263841778039932 0.5648195594549179 0 987.9396571964025 7.112426988780499 1.63390638679266 3.059084475040436 0.2416262328624725 104.7047227844596 40.86536107212305 375.7578991353512 33.90785966068506 5.992108091711998 12.4951481744647 600.338872037828 25.37210360169411 4.365562207996845 25.32848475128412 0.5993582829833031 0 0.2426647543907166 2.527767941355705 0.8410934209823608 36.43151799589396 7.33456563949585 8.33894918859005 7.238374747335911 1.926203042268753 0.1036295890808105 1.581918478012085 0.4778610169887543
143.4929332584143 8.118552275002003 10990.58284722269 4.390153914690018 1.560108669102192 8.054587237536907 1176.987256266177 233.253571331501 19.83934042602777 34.47276569902897 28.15403607487679 1.223207145929337 0.6239004582166672 412.4190062507987 0.265456423163414 4218.840267509222 3274.992611825466 5.57038277387619 147.6196966990829 1.622698053717613 12403.97046478838 496.6372921764851 19707.48217204213 792.4500788301229 0.09766983240842819 343.7936242967844 9250.231557250023 4973.915955431759 361.1549005433917 3303.975841201842 0.4595645368099213 5.567687451839447 19.23731958121061 1894.92721901089 106.494872033596 8116.646894745529 4718.117767751217 8312.28089209646 8025.821628324687 277.6821225658059 33.04564425349236 5.016712203621864 56.15340480953455 0.8161172866821289 6.288348145782948 35.07836074382067 0.1667412221431732 0 0.1356781274080276 29.8374133259058 3.990761131048203 1.723133832216263 1.109296828508377 2.3999392837286 0 0 5.770846083760262 0 2710.599015288055 16.23101069033146 1.51555697619915 5.042609095573425 0 398.1924780458212 547.794796012342 2864.283386640251 38.13939298689365 0 12.3451464921236 1522.296101726592 65.4282303750515 10.99083352088928 72.37174994498491 0.259585790336132 0 3.578228801488876 10.00357793271542 4.6598816588521 136.0211119279265 20.03371512144804 51.24485727399588 45.81180085241795 5.135452441871166 1.359066769480705 0.2152451723814011 0.9380398243665695
67.87301515042782 505.595429956913 50.14674396067858 1875.671967983246 22.88461367040873 267.6015572100878 2340.63981628418 933.9056716784835 6999.06093236059 972.3870108872652 40.38810712099075 368.5394444838166 82.6288700774312 535.4764299094677 849.5366823524237 2778.205373831093 45.34084109216928 3.420104712247849 12.82747643440962 428.227900929749 622.8044092953205 5450.42301376164 792.4500788301229 7914.079175420105 225.1975809931755 55.7129914611578 3315.617717653513 6444.933680191636 1637.740116119385 1489.856307379901 11.46721208095551 33.16144533455372 326.6601231396198 347.6674214154482 103.5874869674444 2384.565584555268 64.88338562846184 974.3557722121477 481.9027148932219 829.6608629226685 83.02925661951303 10.12857876718044 23.45537620782852 17.71066077053547 15.13582276552916 9.585992559790611 85.71470313519239 0.4877713918685913 32.82221824675798 664.2620889097452 181.4462997242808 440.1799999698997 344.3888377547264 17.66930596530437 55.25284547358751 5.197622001171112 121.4580347687006 1.148657873272896 134.9396601766348 2.454432383179665 1.535567343235016 1.52063063532114 53.01919782161713 99.70369482785463 152.661945708096 32.7062114328146 1818.968076020479 2.923238933086395 5.275818631052971 56.96518903970718 1701.179671928287 244.4517089799047 262.0145215541124 0.5380160436034203 1.292112357914448 19.30714570730925 55.76102114468813 12.55082090198994 433.5950985997915 3.122639767825603 157.5398387014866 58.00420238077641 157.2256746068597 15.96784488111734 2.136557504534721 4.164496190845966
0 2040.65172059834 1.028611548244953 0.119695208966732 0.9506477862596512 1.448564291000366 1.608045287430286 1.795089341700077 311.6233806610107 1.012496590614319 267.1666614562273 5.004364982247353 3380.265981011093 4.525775104761124 11.18297618627548 4.991548962891102 6.553531058132648 105.1310517862439 50.40563033521175 1.814793556928635 0.848495289683342 1332.880700580776 0.09766983240842819 225.1975809931755 181.3412741646171 851.2411429509521 4401.942879535258 13.35058926045895 10.58545862883329 4.909110210835934 300.4001400321722 1.886619761586189 0.09893102943897247 685.4253896847367 0.8868563771247864 324.9304518178105 831.7529237046838 756.852008908987 147.4513660371304 63.56960663944483 4.224945247173309 323.0350583121181 2.401072025299072 0 238.5658469721675 24.96737051010132 0 0 0 0.1140270978212357 0 2.393753603100777 0 348.9789054095745 0.1820912808179855 1531.772552967072 0 0 1.329211018979549 16.04663125425577 100.4715752676129 32.46231906861067 0 0.5508543401956558 12.1758788228035 2.897898659110069 2.768497548997402 624.155458457768 338.3940802291036 952.5540253221989 0.4350584000349045 0.2389253675937653 0.5356826335191727 90.54237775504589 0 0 22.4890311807394 0 155.5908901691437 188.5089599788189 56.29324847459793 10.92393221706152 16.6769111007452 0 40.03149381279945 0
30.37503604590893 306.2971458360553 5490.782443463802 2.516601338982582 4.743951357901096 14.57225054502487 328.3936669453979 84.85554083436728 48.36297388374805 47.07079590857029 3085.686264380813 11.91736906021833 238.526832588017 140.4574138894677 2.347679764032364 7.327536500990391 2585.32275596261 1736.181141458452 4460.835941277444 2.565422520041466 55.81991968303919 84.9223982617259 343.7936242967844 55.7129914611578 851.2411429509521 19191.48511628062 15204.0836115256 124.0133073851466 173.3168762475252 151.1951355785131 705.9015006944537 18.13790388405323 26.04204375296831 807.0160723403096 9.146433673799038 1633.510147348046 5063.409175984561 2767.236045122147 597.217259272933 26.91532156616449 0.7665400430560112 39.06607354432344 4.744456239044666 0.8176301717758179 208.0319573432207 543.0499044433236 0 0 0.1123106256127357 4.997198663651943 1.319729626178741 2.145279556512833 0.514902800321579 279.6010165587068 0 661.7221301198006 2.228030413389206 0 1.504543714225292 312.1891219839454 341.3195417821407 469.2592310383916 0 4.385973528027534 7.423546098172665 37.60874956846237 11.10397252440453 632.1705349683762 2271.077277250588 3547.064564488828 7.457334019243717 1.96605210006237 7.192000590264797 159.849576830864 0 0.08995485305786133 9.987308636307716 2.545190155506134 146.0569287389517 544.3037104979157 84.05543323606253 41.39740410447121 0.2486248984932899 0 3.862156234681606 0
33.91361191868782 7108.779184266925 8945.647770524025 45.18612947314978 4.311061285436153 9.139994069933891 416.0627080351114 60.82846367359161 1219.001581519842 41.70964796096087 647.57314517349 14.75804363936186 4153.934773951769 124.6787131279707 91.81366135925055 3527.034436970949 7583.51199311763 431.480879791081 2247.302391432226 4.118820235133171 439.0102413967252 5234.950369402766 9250.231557250023 3315.617717653513 4401.942879535258 15204.0836115256 27852.90483897179 2179.715904735029 143.535264916718 160.7176427468657 1127.629043906927 9.148959048092365 22.01709719002247 1294.561598494649 66.28707946836948 5729.880036979914 4238.292666524649 5239.965553335845 2854.656221888959 256.3633984997869 7.935683496296406 36.52796147763729 24.09059125930071 0.5266758278012276 1812.213715851307 2724.945102885365 0.3491533845663071 0 0.8980944901704788 25.35738679021597 3.470044143497944 13.65180568397045 2.135000854730606 310.1807257905602 0.5203526616096497 902.1432471722364 6.06029299646616 0.1337728351354599 846.2584296315908 745.4413429573178 400.1565227881074 618.2527707889676 0.3125235438346863 57.17621425539255 932.779753960669 1972.145589098334 86.98577485233545 922.4840315207839 3846.406023457646 13639.08420617878 54.8347127661109 5.784844987094402 20.01419431716204 211.2177803069353 0 0.3589757978916168 26.02877913415432 15.70138482004404 751.4976518526673 732.1371303647757 303.0478645637631 202.4800154715776 10.5751817971468 1.688963651657104 7.392686940729618 2.067206546664238
71.65716248750687 14.5638782158494 1064.259622953832 4462.715558990836 7.858358755707741 330.2837751880288 24432.84859725833 477.9698023125529 2182.752182736993 5305.680939137936 28.97677138447762 1392.790039762855 5.385107778012753 607.0333619788289 175.1776556447148 2377.419911578298 370.9402397349477 2.441093154251575 15.1988960057497 5013.825332038105 7480.801896817982 268.269488953054 4973.915955431759 6444.933680191636 13.35058926045895 124.0133073851466 2179.715904735029 17490.7593838796 2350.484497949481 9648.912914201617 0.824910543859005 27.52434530109167 678.7234483137727 918.8022465482354 189.41157399863 4163.837291240692 130.4454118385911 2113.715805619955 1101.175242438912 476.3242060691118 115.6893184632063 12.60852506011724 51.13766425102949 28.78719650954008 7.052439652383327 9.905671611428261 255.8496692031622 0.6010599136352539 51.86839714646339 879.1935677751899 190.8340038955212 423.1079659387469 819.5784467235208 16.55985596776009 142.5248371809721 3.815825328230858 148.8835164383054 1.66083937138319 380.255446523428 6.523536495864391 1.654142305254936 3.396622315049171 96.50742500275373 329.9087086394429 274.9911116883159 90.55075912177563 2041.148880019784 2.197040297091007 3.243419744074345 72.12946425378323 2611.508092671633 379.318759098649 486.3942642882466 0.1797513514757156 1.524715170264244 31.66168719530106 76.59150097519159 19.12388400733471 590.851933836937 14.90612022578716 191.2253210172057 66.39029957354069 256.516049399972 17.70383214950562 12.43154553323984 8.118875667452812
