656.4962051585317 1.11371248960495 52.79114732146263 0 0.4112294912338257 54.55076783150434 601.9115239009261 846.8618916496634 5.562307700514793 86.6695524007082 31.79785946011543 0.8934175297617912 3.693350240588188 3730.448893122375 0 2.101702839136124 123.4296272695065 34.54984151571989 46.95183038711548 0.9692295789718628 31.76030457764864 1.448614478111267 84.94159303605556 69.18316894024611 1.017995320260525 87.45119624584913 103.0506108924747 43.32400982826948 4603.752938590944 2321.604492664337 1.449921220541 15.56092726439238 55.72016964107752 483.9581629037857 0.1442792117595673 40.32598117738962 15.26411957293749 172.8350515291095 29.79922636598349 1.215354725718498 5.703116841614246 0.2464649975299835 0.6063975542783737 0 1.054268859326839 2.060094080865383 0 0 0 3.548819348216057 0 2.095423772931099 0 0.1193516477942467 0 0 1.311294041574001 0 2.641743198037148 0.5389873087406158 0.1103566288948059 0.8045614510774612 0 2.634145081043243 1.134000793099403 4.042986214160919 18.00272473692894 0.4107451587915421 2.586228288710117 10.52930660545826 14.69048395007849 1.276454299688339 1.13129734992981 0.09184890985488892 0 0 0.09025824815034866 0 9.643172308802605 0 0.213929571211338 0 2.784412324428558 0.7484062314033508 0 0
1.11371248960495 95.42615710198879 192.5375434011221 1.049042589962482 1.852528087794781 4.832679346203804 23.75372219085693 2.655344218015671 667.1402884423733 4.750731907784939 418.9760799184442 12.39152426272631 1043.108350411057 5.330333486199379 11.7417763620615 78.75175507366657 111.3856672421098 18.64932467788458 134.4074480906129 1.479908220469952 10.13260930031538 1842.321398548782 31.39602503925562 897.0656455159187 3188.072850897908 843.9571267962456 5866.76057946682 36.61460788547993 12.2695639282465 4.669137097895145 18.16393262892962 3.148631475865841 1.245950646698475 162.3367961496115 0.4686023890972137 103.1756647005677 206.216654703021 278.1496565490961 71.82564623653889 10.66518302261829 0.5580253750085831 56.18847893178463 1.379130721092224 0 37.78128575533628 72.47469598799944 0 0 0 2.605087153613567 0.6544032990932465 33.38254453986883 0.1787424832582474 6.463267929852009 0 27.4657439738512 0 1.296250700950623 11.22031674534082 27.34036087989807 2.485509015619755 22.84954668581486 0 2.26952463388443 88.24811100959778 7.981078408658504 48.77165827900171 13.42186019569635 318.9652984142303 1392.083103455603 2.602431386709213 0.2318815290927887 0.4861844182014465 4.754767708480358 0 0 4.166608035564423 0 31.7748137190938 21.74651675671339 26.28310247510672 8.119777895510197 0.83365797996521 0 0.9311816692352295 0.3349170684814453
52.79114732146263 192.5375434011221 5935.807652145624 4.712050542235374 0 74.9251599535346 1009.018373340368 229.2492539212108 7.464988075196743 28.34208524227142 48.33611037582159 1.054805472493172 13.6130994707346 285.5335107371211 0.4172264486551285 27.85107392072678 5191.738731257617 124.2046402171254 341.0821971148252 0.8239250108599663 1732.038993962109 52.4260350689292 16672.85855218768 61.82797495275736 6.993881054222584 8395.90732729435 8141.44546752423 304.4459589496255 84.74332743883133 436.1042108237743 34.85077645629644 1.679750010371208 8.678854234516621 817.8089731633663 20.53119460493326 1685.250128306448 654.0873762071133 2663.02464992553 1513.915433779359 39.51390227675438 14.79666951298714 3.861328072845936 13.46359571814537 0.2306355163455009 240.2691054940224 545.4557736068964 0 0 0.1674681156873703 12.89501065760851 2.5180738940835 23.99221388995647 0.1596353054046631 2.09036386013031 0 2.370275542140007 4.213906429708004 0 43.52521903812885 196.1010748445988 2.074819907546043 44.13263400644064 0 10.9047317430377 189.8979108557105 227.2233147397637 83.88399024307728 0.7972163185477257 365.3592039570212 2385.916161455214 12.6627055183053 1.906064227223396 4.953161895275116 0.3811387345194817 0 0.44341841340065 18.00360491126776 0.6210142821073532 174.728015601635 46.62939380854368 111.0505571290851 56.21699508279562 3.678614541888237 0 0 0.5395819544792175
0 1.049042589962482 4.712050542235374 3692.835605703294 2.327940389513969 219.495112337172 423.4221825301647 18.44249796122313 1154.889933742583 6939.608117692173 3.050149820744991 7280.682282634079 0.8664709180593491 29.0977648794651 44.3120029643178 1.713960699737072 0.2846208512783051 0 0 4748.67370852828 0.2819635421037674 11.63647498190403 2.848442509770393 1603.193909883499 0.1108700633049011 0.5312652289867401 7.217375613749027 4049.796571537852 37.80241500586271 2.551670782268047 0.08903621882200241 2.593198046088219 6.04366322606802 26.9536559432745 4.084820248186588 397.9104880839586 1.721897035837173 79.26808335632086 9.694085583090782 149.5883054584265 32.43515721708536 0.3172504305839539 3.167826540768147 0 0 1.037572525441647 300.6798311918974 0 9.210012994706631 167.2850352674723 3.281198583543301 160.8056298643351 138.109395980835 0.8686912283301353 86.56777504831553 0 1.115467220544815 4.450803995132446 1.556210868060589 0 0 0 81.5898921340704 0.6387463212013245 0.1479374170303345 0.7875851541757584 443.1556076258421 0 0.1194100975990295 0.6068342179059982 281.0869438126683 1.512348338961601 0.8773880004882812 0 0 0.1064706966280937 0.6983003094792366 0.3111912533640862 318.5816457569599 0.1215439066290855 5.193672858178616 0.2583181336522102 48.60738064348698 1.307577833533287 0.1140120252966881 0.1450445652008057
0.4112294912338257 1.852528087794781 0 2.327940389513969 0.07610874623060226 173.6747912541032 7.777237363159657 19.17279223352671 180.4648005366325 16.63608932495117 10.27070658653975 110.7234149202704 8.362584859132767 30.55323867499828 1411.022023715079 0 0.2670802250504494 0.07039409130811691 0.195056326687336 5.755787022411823 0 6.506897486746311 0.08575094491243362 4.38857926428318 1.616310507059097 1.14909528195858 3.93980598449707 1.932283066213131 301.8608020469546 0.9296823740005493 0.2041163370013237 121.5641609877348 0 128.4873203188181 1.571804046630859 36.38415370881557 5.341849073767662 133.2679839506745 32.28772545605898 1087.144460901618 143.0261186286807 8.842339776456356 6.684105522930622 0 0 0 0 0 0 0.7608228698372841 0 0.3608378022909164 0 0 0 0.1474163830280304 0 0 0 0.1045554280281067 0 0 0 0.1155984774231911 0 0 0.3323966860771179 0 0.1030378192663193 0 0.2169193550944328 0 0 0 0.2105798125267029 0 0.9439593926072121 0.2051063477993011 1.393344238400459 0.3771527856588364 1.485543072223663 1.605980597436428 0 0.1235049813985825 2.247848831117153 0
54.55076783150434 4.832679346203804 74.9251599535346 219.495112337172 173.6747912541032 11390.77716047317 3867.76992322877 4239.739308543503 173.8437744751573 6174.143226649612 83.70225480943918 3548.338889122009 38.26835238933563 995.1981555856764 441.2888690531254 1.178334802389145 23.41713737696409 8.156599387526512 7.546268746256828 176.7834856696427 35.82684660702944 11.91029866039753 49.64304029196501 246.8014813363552 4.463696576654911 30.04130102321506 63.9421751126647 280.212688781321 586.4202127978206 104.7597461491823 3.691737242043018 472.7397532984614 27.84841815382242 432.7057348564267 7.789678812026978 665.7800775915384 46.15459604561329 577.4578769020736 204.8036330640316 1687.51488949731 634.7512345165014 36.31730182468891 43.95400270819664 0.5244193077087402 0.7654364481568336 2.39216510951519 20.40081995725632 0.1056600958108902 1.686971038579941 47.46919672191143 1.587898716330528 6.981302991509438 22.37336042523384 0.200824148952961 4.47906419634819 1.088058821856976 4.232686378061771 0.1917776465415955 5.135849960148335 0.2238131985068321 0 0 7.63984440267086 3.449229314923286 1.403222650289536 4.271216228604317 94.80085945874453 0.08101895451545715 1.949309155344963 13.10645531862974 59.69668351858854 1.923792563378811 2.477887660264969 0 0.3191076889634132 0 5.105904839932919 0.4802953153848648 54.91637369990349 1.4915956184268 12.24071604758501 4.809300422668457 4.598828531801701 1.930708028376102 6.410048931837082 0.1583636254072189
601.9115239009261 23.75372219085693 1009.018373340368 423.4221825301647 7.777237363159657 3867.76992322877 12579.47650302202 4740.924999587238 398.4252663403749 9805.387134682387 57.35984582453966 54.25573696941137 11.80958360433578 5600.389675483108 8.913196444511414 49.14148085564375 319.9817255586386 46.03102491796017 75.66699960827827 44.79389981925488 1538.94237806648 191.0443645119667 1665.780208848417 2333.640038199723 2.596461243927479 189.5724167525768 808.3354510143399 21461.07952265441 1643.849253743887 8236.501987420022 3.152663461863995 34.86723902076483 367.6186178028584 826.9498992338777 56.88973496109247 3274.990998610854 117.4984136521816 1838.493381999433 541.937090806663 282.4421026036143 330.5644147098064 4.632327139377594 54.18693944811821 5.481068983674049 5.711598709225655 27.236931219697 201.4164242222905 0 11.95527502149343 674.2375892549753 26.94066397845745 114.3712097704411 172.3400701582432 3.710403434932232 15.16126699000597 0.3043614253401756 34.02979697287083 0.1799371093511581 86.39359673857689 4.034551940858364 0.6663401871919632 0.8696578741073608 63.24807397276163 46.24808217585087 47.85335148870945 79.60502684116364 1259.026040375233 0.2243440821766853 7.569466300308704 129.7249419614673 685.8590579405427 30.56615318357944 44.57411720603704 0 0.4300471395254135 1.573111392557621 11.66064047813416 1.828599184751511 479.8910889998078 3.284203268587589 54.30407410115004 6.236025497317314 66.55946040153503 20.24702344834805 2.11831259727478 1.559540092945099
846.8618916496634 2.655344218015671 229.2492539212108 18.44249796122313 19.17279223352671 4239.739308543503 4740.924999587238 8782.420198872685 18.01935575902462 2121.397386930883 58.97265345603228 544.6319312825799 12.17743448913097 6511.772760309279 44.96266091614962 6.152973830699921 170.5902563035488 46.92544692009687 66.19377406686544 47.58640167117119 121.4451262503862 9.189662501215935 163.3978265300393 161.4267564639449 3.002892278134823 120.7780075743794 214.3041633293033 116.4724515974522 425.9831492304802 943.0820708721876 1.231068603694439 212.7358477413654 18.28421507030725 254.0065104737878 1.656564652919769 216.7843114808202 45.16904700547457 308.3894012272358 131.5807882621884 273.3807686567307 51.10311055183411 10.37600503861904 6.820698142051697 0 0.523076668381691 7.511680841445923 2.570986270904541 0 0.2847608029842377 13.82454594224691 2.491335824131966 3.060114659368992 2.120353728532791 0.1281941831111908 1.412282310426235 0.1430362910032272 2.87767069041729 0 9.212905496358871 1.545713908970356 0.1338646858930588 0.2895750105381012 0.8132124841213226 5.880234025418758 3.94726225733757 6.980817183852196 48.405921459198 0.7715186700224876 4.118201956152916 36.67574741691351 33.45212859660387 1.52968156337738 3.652689233422279 0 0 0.4030263125896454 2.959412850439548 1.198317795991898 20.61629631370306 1.17646150290966 8.656971052289009 2.253849498927593 2.514184080064297 0.8405122309923172 1.507742114365101 0
5.562307700514793 667.1402884423733 7.464988075196743 1154.889933742583 180.4648005366325 173.8437744751573 398.4252663403749 18.01935575902462 558.6325396299362 617.8903637900949 4.270108766853809 1163.751029148698 15.54958139359951 48.85768363624811 738.2872022539377 34.55590626597404 3.690468020737171 0.09154948592185974 1.0399299710989 840.6925723552704 10.96422331035137 2416.748206809163 5.756453655660152 10767.73094920069 70.46607130020857 19.19464790076017 850.9023488238454 1063.038420371711 28.36304993927479 46.66771829873323 0.8452567011117935 2.876809388399124 5.039864011108875 12.81506542861462 0.1104783341288567 67.82179765403271 3.722404405474663 19.11368358880281 5.603532135486603 556.9452706202865 4.150343202054501 1.204776473343372 0.08849147707223892 7.420612081885338 0.8758550733327866 2.704029962420464 128.197028324008 0.416435182094574 6.726476304233074 214.5047211199999 13.46065495163202 77.06423423439264 51.12818725407124 2.42767708748579 58.88667979836464 0.09270670264959335 21.93839813023806 9.360262140631676 30.9182106256485 0.6372702866792679 0 0.6559278964996338 43.44116704165936 12.13771761208773 5.246605403721333 15.12858384847641 1480.283232614398 0.2327593863010406 2.256946504116058 10.152867667377 410.9553228020668 19.56213238090277 28.28494237363338 0 0.1169855296611786 1.113081708550453 4.417095102369785 0.9573900401592255 66.76528042554855 1.107163451611996 19.14091423153877 3.059758573770523 102.3893111646175 6.965464420616627 0 0.3924879729747772
86.6695524007082 4.750731907784939 28.34208524227142 6939.608117692173 16.63608932495117 6174.143226649612 9805.387134682387 2121.397386930883 617.8903637900949 26228.84201621264 179.3969002217054 3403.735344883054 40.01848116144538 2667.416830897331 22.55505176633596 4.084950059652328 5.798205144703388 2.607793554663658 4.612839914858341 4317.755640819669 14.60450133681297 16.85915026068687 21.82048096507788 1827.812578946352 9.615348905324936 18.10280834883451 41.42818931117654 6003.182527456433 1330.166742566973 15.99498819559813 7.824691511690617 100.9417481720448 25.47931101173162 751.1426193900406 40.92089384794235 2752.066089145839 59.47731347382069 1625.474014248699 154.1461837366223 436.787535212934 466.0341713130474 12.09460601583123 58.02574241161346 0.1900871843099594 0.1702882349491119 1.394873462617397 360.8832468762994 0.2879394590854645 9.863251306116581 310.7228476405144 10.12600154429674 130.3331048861146 190.1445516273379 1.118887849152088 150.6699460893869 0.3189718648791313 5.143676228821278 5.722258225083351 4.840052798390388 0.3457485437393188 0.07684677094221115 0.1571977734565735 107.3141988515854 2.430182635784149 2.228963419795036 3.039538823068142 617.2508274167776 0.7806598395109177 3.001617230474949 4.87515340000391 390.2897493764758 2.278267659246922 4.218591168522835 0.2886350899934769 0.2563181817531586 0 3.130393125116825 1.585457421839237 504.3077647089958 1.710385896265507 12.93279255926609 2.438215777277946 60.14739580452442 3.15897573530674 2.828136958181858 0.1370045095682144
31.79785946011543 418.9760799184442 48.33611037582159 3.050149820744991 10.27070658653975 83.70225480943918 57.35984582453966 58.97265345603228 4.270108766853809 179.3969002217054 15252.86014785618 68.14229671657085 3757.598010674119 138.6062676161528 1.283208556473255 0.8229845389723778 1071.040091253817 1574.374267965555 994.0526204183698 13.20361632108688 39.53654784709215 20.28417678177357 51.56941059231758 18.85715442150831 1318.955768160522 2887.978643521667 2665.176166720688 16.4599874317646 504.8142306804657 88.87008389085531 1796.65314245224 122.7282553240657 7.073636285960674 6582.928267218173 3.321535333991051 658.9995606839657 2655.243505299091 5799.384164080024 1107.603212080896 29.07297409325838 11.08240883052349 135.5271557867527 2.766113072633743 0 74.62594028562307 2.448930539190769 0.6446003392338753 0 1.183943465352058 3.930422246456146 2.369431734085083 0.948862262070179 1.282123170793056 528.8223138898611 1.100885644555092 1242.220718286932 4.056272275745869 0 0.4758731126785278 3.595383152365685 215.0040270537138 49.64280220866203 0.4327006861567497 0.5935015678405762 4.091668486595154 0.2173630148172379 4.744076184928417 520.3058659434319 801.7031032815576 481.7838786318898 2.370004013180733 2.551910057663918 0 436.540568523109 2.044349007308483 0 68.4882650822401 0 14.05926579236984 355.1751942634583 72.97963117808104 6.651555642485619 2.099170237779617 0.1112873554229736 116.9603314548731 0
0.8934175297617912 12.39152426272631 1.054805472493172 7280.682282634079 110.7234149202704 3548.338889122009 54.25573696941137 544.6319312825799 1163.751029148698 3403.735344883054 68.14229671657085 4725.411554966122 18.54825422912836 606.2558634728193 854.376227684319 0.458538755774498 1.136049397289753 1.065446123480797 0.5620430484414101 2618.348401390016 0.3802564144134521 37.9279975220561 0.2635506615042686 537.8319190219045 4.056944772601128 6.291075125336647 23.42980318143964 1447.146804213524 383.4612643904984 1.339564301073551 3.111041180789471 101.4215290993452 0.6595034897327423 165.2026734054089 2.189308039844036 1065.122198574245 19.39838217198849 262.754649028182 51.51877297461033 1744.993213713169 49.52346627414227 4.876058861613274 6.557853601872921 0 0.08748432248830795 0.09390472620725632 140.7397341355681 0.1819588989019394 5.343896917998791 25.38453909009695 2.547542925924063 108.9879378676414 81.47193097323179 0.6692282631993294 110.5528343915939 0.20340296626091 2.545372225344181 12.54117499291897 0.1800572127103806 0 0.09271860867738724 0 65.37875071913004 0.8084372580051422 0 0.2256727963685989 170.5963062047958 0.2615349814295769 0.8604315966367722 1.389679722487926 72.54662925004959 1.104427494108677 0.5915813446044922 0 0 0 1.400379657745361 0.2073954939842224 208.6570054814219 0.6664584800601006 4.815133072435856 0.8100668862462044 147.9009989202023 1.669006198644638 1.787922911345959 0.2619695216417313
3.693350240588188 1043.108350411057 13.6130994707346 0.8664709180593491 8.362584859132767 38.26835238933563 11.80958360433578 12.17743448913097 15.54958139359951 40.01848116144538 3757.598010674119 18.54825422912836 2666.773899771273 25.68338860571384 0.9237887039780617 0.8092914670705795 13.96453046053648 148.9592646434903 46.6424717232585 2.361165136098862 2.786519274115562 62.34392470866442 7.689177334308624 24.76279450953007 4928.308736026287 902.1116610094905 3113.787522479892 5.623719520866871 129.9783316925168 4.731908395886421 711.9325274452567 50.53272074460983 0.5278126820921898 926.5562012568116 15.13224777579308 837.5537494271994 3888.387459009886 2496.409433476627 435.8344639092684 16.77299121022224 25.63035540282726 120.1973279416561 2.758496858179569 0.08455846458673477 110.5800786986947 3.653769820928574 0.3410605043172836 0.3065950870513916 2.720236212015152 2.345860786736012 5.209003657102585 1.32295449078083 4.529102995991707 1185.658952429891 3.485256135463715 2518.616354502738 14.12200630456209 0.2576357200741768 0.7037128210067749 4.060974590480328 127.4170289561152 18.08377432078123 1.026210658252239 0.09263511747121811 11.29856613278389 1.334693595767021 4.267283275723457 1746.909678399563 633.5466605201364 586.3701488301158 0.9546944871544838 4.667002744972706 0 558.6401326581836 10.13823213428259 0 161.240113966167 5.822128862142563 50.77800927311182 1023.682836845517 212.415842846036 26.72297171503305 4.20290045440197 3.753731727600098 146.0823432356119 0
3730.448893122375 5.330333486199379 285.5335107371211 29.0977648794651 30.55323867499828 995.1981555856764 5600.389675483108 6511.772760309279 48.85768363624811 2667.416830897331 138.6062676161528 606.2558634728193 25.68338860571384 10263.53568848968 22.48386219888926 22.18941160291433 364.6223334372044 117.3907841257751 138.6791185811162 87.11322349309921 142.6670012772083 16.74785795807838 252.1213840544224 525.7626762315631 7.047104261815548 291.0581534653902 413.7391398474574 304.460234567523 8609.310750700533 4091.030501782894 4.347480483353138 428.9353956505656 146.6232379972935 911.8965061232448 3.031201049685478 377.2473564743996 99.13474075496197 704.3517203181982 207.9361032620072 468.1413707137108 89.94420731812716 12.74308186024427 9.743563823401928 1.258582681417465 1.329194121062756 11.70238431543112 5.71731624007225 0 0.2476140856742859 36.59955935180187 1.363212719559669 11.419005215168 6.167106762528419 0.1681549847126007 0.3606608361005783 0.3858928009867668 6.819192849099636 0 16.40816562622786 2.959623709321022 0.2832999899983406 1.230508394539356 0.117283508181572 14.94435173273087 7.27924257516861 13.35151374340057 127.2510144859552 0.9843949675559998 9.66862665861845 59.38887812942266 92.7365250363946 5.893867678940296 10.25769453495741 0.5154726952314377 0.2768273875117302 0 3.50176153331995 0 87.13358800113201 2.535713575780392 17.33349439501762 5.694640100002289 10.09162845462561 3.395105324685574 4.879143007099628 0.3629187941551208
0 11.7417763620615 0.4172264486551285 44.3120029643178 1411.022023715079 441.2888690531254 8.913196444511414 44.96266091614962 738.2872022539377 22.55505176633596 1.283208556473255 854.376227684319 0.9237887039780617 22.48386219888926 50.37921856343746 0 0 0 0 85.29782184958458 0 56.25027587264776 0 55.54813165962696 0.8659027516841888 0.4108184948563576 22.09466399997473 10.87172047793865 23.1107544824481 0.8878142833709717 0 138.1684826463461 0 42.7847668454051 0 2.614480264484882 1.208320267498493 6.734966821968555 2.343262195587158 544.4229173213243 38.89974339306355 0.3112644702196121 0.2742888182401657 0 0 0.0980852022767067 0 0 0 0.1559615880250931 0 0.4204996377229691 0.1367050409317017 0.1646220237016678 0 0 0.2448296546936035 0 0.4127552062273026 0 0 0 0 0 0 0 3.268776401877403 0 0 0 1.52404098212719 0 0 0 0 0 0 0 0.1441208124160767 0 0.1002951934933662 0 0 0 0 0
2.101702839136124 78.75175507366657 27.85107392072678 1.713960699737072 0 1.178334802389145 49.14148085564375 6.152973830699921 34.55590626597404 4.084950059652328 0.8229845389723778 0.458538755774498 0.8092914670705795 22.18941160291433 0 2331.445755928755 11.85596580058336 0.2351857572793961 0.09730154275894165 0.4979297071695328 3361.8185890764 3136.256816066802 6930.090322464705 2992.867492198944 1.351924151182175 12.73262079805136 7457.379934675992 1444.332468807697 37.58641575276852 31.81209125369787 0.5168563053011894 0 21.66808693110943 43.92040149122477 24.9591089040041 2140.919143781066 772.7900151014328 292.5660610869527 444.9566829875112 84.14395995438099 1.611646100878716 1.662942200899124 8.484864391386509 4.985733292996883 1.674926348030567 10.49483728408813 0 0 0.1940772235393524 10.12697692215443 9.293842732906342 5.869263522326946 1.088623486459255 0.3102627545595169 0.2088585793972015 0 18.97622933983803 0 2991.899664923549 5.5318358913064 0.1299656927585602 1.175074175000191 0.4905430972576141 321.2371835559607 1128.783152543008 1235.768964804709 210.3736252486706 0 4.452373012900352 687.0466129034758 167.2759579047561 42.51836954057217 93.3290436938405 0.08203916251659393 0.09819093346595764 3.89037199318409 4.397224731743336 1.137039251625538 136.731964148581 7.748219028115273 15.56024471670389 7.08325731754303 3.9895129352808 0.7537504658102989 0 0.3225478827953339
123.4296272695065 111.3856672421098 5191.738731257617 0.2846208512783051 0.2670802250504494 23.41713737696409 319.9817255586386 170.5902563035488 3.690468020737171 5.798205144703388 1071.040091253817 1.136049397289753 13.96453046053648 364.6223334372044 0 11.85596580058336 4633.908689387143 1054.39976939559 3091.513792425394 0.1890846565365791 1530.127069719136 28.21575056761503 3821.835612542927 25.47431133687496 46.73813366889954 5597.099561028183 7321.042049326003 39.36072983592749 324.0045477896929 1358.187172055244 24.37898678332567 2.671385399997234 35.24904585629702 2482.35696876049 0.8099262863397598 172.5020676031709 116.2206588685513 516.7171789035201 108.0349215045571 6.857124477624893 1.133844956755638 6.921815931797028 0.4858703315258026 0 85.84307700395584 173.3437850773335 0 0 0 2.6894506290555 0.9167279452085495 5.3854059278965 0.1108681187033653 1.740857809782028 0 1.431306928396225 0.734677642583847 0 8.607898786664009 125.682261750102 4.477175481617451 98.67177415639162 0 3.232817903161049 28.65607640892267 25.27108136564493 14.72876581549644 3.471289813518524 583.2341591715813 924.9267670214176 1.629541650414467 0 0.9971767738461494 3.04590904712677 0 0 11.00592716783285 0.3464475274085999 66.64213153719902 34.3448391482234 66.08631172776222 24.62412057816982 3.027133010327816 0 0 0
34.54984151571989 18.64932467788458 124.2046402171254 0 0.07039409130811691 8.156599387526512 46.03102491796017 46.92544692009687 0.09154948592185974 2.607793554663658 1574.374267965555 1.065446123480797 148.9592646434903 117.3907841257751 0 0.2351857572793961 1054.39976939559 1043.792690448463 2752.528110712767 0.2489513754844666 34.92486855387688 0.7416182532906532 84.08778586983681 1.839983001351357 453.0195499509573 2836.561727195978 810.3375748321414 1.797058239579201 125.466859601438 127.2040409967303 348.9921651631594 1.143562249839306 10.84442237764597 605.5485241785645 0.9952872395515442 170.4154210314155 216.0691898241639 393.4508757665753 137.3025517016649 3.659694962203503 1.124396152794361 2.904839709401131 0.6464986354112625 0 14.33264718949795 0.8891734778881073 0 0 0 0 0 0 0 66.71670891344547 0 198.4386018514633 0.2351774200797081 0 0 1.947714805603027 157.5733566954732 99.21517086029053 0 0.1171575486660004 1.446638025343418 0.3307839632034302 0.3304544910788536 96.00506217777729 851.1722963750362 341.1716318875551 0.1981180608272552 0 0 185.8090462163091 0 0 1.477981589734554 0 5.536780811846256 12.65770824253559 5.457332648336887 0.9766067564487457 0.1261846423149109 0 0.2678777351975441 0
46.95183038711548 134.4074480906129 341.0821971148252 0 0.195056326687336 7.546268746256828 75.66699960827827 66.19377406686544 1.0399299710989 4.612839914858341 994.0526204183698 0.5620430484414101 46.6424717232585 138.6791185811162 0 0.09730154275894165 3091.513792425394 2752.528110712767 1013.232350476086 0.7246376052498817 77.24232106655836 6.787795923650265 300.0196345672011 2.111078917980194 219.9966459199786 6520.660187967122 2882.853548534214 3.092778541147709 158.0757405459881 237.5498294457793 170.8973492756486 1.830121427774429 13.48373023420572 1473.433633618057 0.4495548903942108 105.0878833904862 81.80005772411823 736.3733789026737 140.9271905422211 2.308280862867832 2.144297495484352 7.642771758139133 0.2069946900010109 0.101887509226799 68.06102523952723 7.378296367824078 0 0 0 1.043614067137241 0.2077449187636375 1.07442706823349 0 3.08917823433876 0 7.749453455209732 0.6260359734296799 0 0.2593212872743607 34.46403528749943 28.06376383453608 210.3972442597151 0 0 6.166204147040844 2.15793402493 1.008751675486565 19.52871026843786 1007.140649281442 634.1423889622092 0.3644834533333778 0.08905787765979767 0.175101213157177 29.68393587321043 0 0 4.020099148154259 0.199636235833168 29.33255104720592 27.69730592519045 29.90534289181232 8.180628679692745 1.011507414281368 0 0.149132564663887 0
0.9692295789718628 1.479908220469952 0.8239250108599663 4748.67370852828 5.755787022411823 176.7834856696427 44.79389981925488 47.58640167117119 840.6925723552704 4317.755640819669 13.20361632108688 2618.348401390016 2.361165136098862 87.11322349309921 85.29782184958458 0.4979297071695328 0.1890846565365791 0.2489513754844666 0.7246376052498817 539.607157856226 0.3194200843572617 4.876320458948612 0 892.5250252336264 1.021148957312107 1.029833644628525 3.295767024159431 1608.177970267832 91.7572958022356 0.5959935262799263 0.663458950817585 9.895027250051498 0.9440499097108841 44.44703613221645 11.95153358578682 456.1458114460111 3.840528532862663 118.8046838305891 12.3772689178586 261.2493932545185 44.80475156009197 0.3462215065956116 6.501983135938644 0 0 0 215.2793149650097 0.2005125433206558 7.144397929310799 103.5465597659349 2.95329162478447 103.2963797450066 79.38680581003428 0.2278913706541061 46.35957634449005 0 0.802700400352478 4.368584454059601 0.3509467244148254 0 0 0 59.35189186036587 0 0 0.3110715299844742 260.0564523264766 0.09372716397047043 0.1034587249159813 0.2769507393240929 171.4287914335728 1.032886050641537 0 0 0 0.08990788459777832 0.6460812017321587 0 210.0624537169933 0 2.785899944603443 0.5806341171264648 46.62847995758057 1.455828309059143 0.3560091480612755 0
31.76030457764864 10.13260930031538 1732.038993962109 0.2819635421037674 0 35.82684660702944 1538.94237806648 121.4451262503862 10.96422331035137 14.60450133681297 39.53654784709215 0.3802564144134521 2.786519274115562 142.6670012772083 0 3361.8185890764 1530.127069719136 34.92486855387688 77.24232106655836 0.3194200843572617 10380.21574489772 361.2036107629538 21111.42890330404 554.9318668246269 1.795575968921185 185.4628502503037 1156.18756455183 5883.504381999373 77.99817567318678 10396.88941299915 2.246204607188702 2.229602284729481 36.13371466845274 4209.185047134757 89.59408283233643 6619.954499162734 1080.041475199163 5521.53565762192 2424.821037501097 238.0631463453174 16.58373259752989 6.825691841542721 26.90726618468761 12.82985780388117 4.133305326104164 21.03520518541336 1.268809139728546 0 0.7088698223233223 21.59588865935802 19.2171920388937 9.687738917768002 2.393106728792191 0.7961711585521698 0 0.4030673429369926 36.8812962770462 0 604.0027356892824 5.257595121860504 0.2279862910509109 1.414399310946465 0 220.2905372902751 146.7882653325796 163.5694170594215 279.4474170133471 0 7.201076373457909 136.3094201683998 290.0651372894645 70.98543146252632 127.3157581612468 0.275383859872818 0 4.634871877729893 6.654247604310513 2.382027253508568 173.6575376018882 3.525788441300392 21.16996537148952 2.70878566801548 14.70755567401648 5.913108289241791 0.3248444497585297 0.6723683774471283
1.448614478111267 1842.321398548782 52.4260350689292 11.63647498190403 6.506897486746311 11.91029866039753 191.0443645119667 9.189662501215935 2416.748206809163 16.85915026068687 20.28417678177357 37.9279975220561 62.34392470866442 16.74785795807838 56.25027587264776 3136.256816066802 28.21575056761503 0.7416182532906532 6.787795923650265 4.876320458948612 361.2036107629538 1055.882553204894 489.4087544307113 6748.445304661989 357.9969566687942 112.6470307856798 8327.100462026894 310.9080139771104 13.68596261739731 20.87139470130205 2.302144251763821 0.2284905090928078 5.728733733296394 21.50827567279339 0.2998699843883514 116.7263090014458 39.16827638447285 53.80257990956306 23.9491004794836 54.78626693040133 0.7090780735015869 0.7323239147663116 0.1415746659040451 4.42973554879427 11.40194173157215 24.64216069877148 1.564147710800171 0 0.5261176526546478 16.33676925301552 6.476042062044144 15.59748292714357 0.6473863124847412 0.6222812533378601 0.517011821269989 1.51059253513813 15.00646447390318 0 1320.510914154351 12.33824950456619 0.7055996507406235 1.914544977247715 0.1345643252134323 106.2299720421433 107.6934023424983 423.071685038507 261.0229731276631 1.143017828464508 11.70167230814695 1211.712893895805 104.8955277577043 26.15544158220291 50.98842234164476 0 0 1.003691993653774 3.763869725167751 0.2658085525035858 69.15375303477049 16.27128922939301 22.63984316587448 16.11608192324638 3.492521673440933 0.325713038444519 0.1290598511695862 0
84.94159303605556 31.39602503925562 16672.85855218768 2.848442509770393 0.08575094491243362 49.64304029196501 1665.780208848417 163.3978265300393 5.756453655660152 21.82048096507788 51.56941059231758 0.2635506615042686 7.689177334308624 252.1213840544224 0 6930.090322464705 3821.835612542927 84.08778586983681 300.0196345672011 0 21111.42890330404 489.4087544307113 21211.16995667666 1161.507270202041 2.943354614078999 1231.15560644865 13743.83625619859 3863.859187528491 206.0601185113192 3585.016098946333 6.119211621582508 2.457365609705448 62.02215768396854 1734.79537114501 111.2859868854284 9340.299905665219 3812.893694803119 5201.987418942153 5143.728242985904 407.5360582023859 14.71999360620975 16.40807208418846 49.71302142739296 6.309505254030228 28.66755300015211 219.4564307257533 1.15821373462677 0 0.3750467449426651 20.01667150855064 10.98401511460543 9.222902990877628 0.3073210492730141 1.767333842813969 0 1.587547183036804 16.39379496127367 0 2361.95321174711 34.44513166695833 1.423939898610115 7.818035952746868 1.109657287597656 224.2982792779803 790.4447559714317 1820.995296433568 159.4657483324409 1.109455034136772 42.23052237927914 2674.571559250355 131.2963203638792 37.57952528446913 67.03322923183441 0.103860579431057 0 2.288070388138294 9.002702541649342 2.099385946989059 280.3240172937512 38.31877378374338 65.17788814753294 66.4358225017786 11.9723787009716 1.624430790543556 4.39428037405014 1.234404161572456
69.18316894024611 897.0656455159187 61.82797495275736 1603.193909883499 4.38857926428318 246.8014813363552 2333.640038199723 161.4267564639449 10767.73094920069 1827.812578946352 18.85715442150831 537.8319190219045 24.76279450953007 525.7626762315631 55.54813165962696 2992.867492198944 25.47431133687496 1.839983001351357 2.111078917980194 892.5250252336264 554.9318668246269 6748.445304661989 1161.507270202041 12527.47737982124 83.07663733512163 37.7737288698554 3848.925042018294 9244.866402067244 646.7280410900712 332.7044185176492 1.717802904546261 13.74190757423639 253.111939124763 286.2688870802522 22.92409957200289 2821.090466603637 122.3901144489646 563.79101331532 134.1690342649817 308.8435690701008 59.25801154971123 4.237056389451027 14.71609886735678 19.48584755510092 4.731192655861378 19.4169971421361 340.6254797056317 0 16.04818579554558 783.043965138495 54.29868196696043 730.6958187893033 180.7287833020091 7.94852839410305 73.57358292490244 0.8024744242429733 102.0935113057494 7.576134763658047 308.5373556017876 6.386696927249432 0.6097868084907532 1.91956502199173 102.7929852455854 150.2095542028546 156.6901337876916 102.9614712819457 3130.558545313776 0.3790653496980667 7.962769441306591 109.4841174185276 1417.586765691638 117.9439975321293 134.8375008478761 0 0.3582523912191391 4.223181933164597 22.87925239652395 3.741966530680656 503.0922322198749 7.282486766576767 108.5885900110006 12.83325663208961 210.2838245630264 37.62003228068352 0.6435197442770004 4.393958024680614
1.017995320260525 3188.072850897908 6.993881054222584 0.1108700633049011 1.616310507059097 4.463696576654911 2.596461243927479 3.002892278134823 70.46607130020857 9.615348905324936 1318.955768160522 4.056944772601128 4928.308736026287 7.047104261815548 0.8659027516841888 1.351924151182175 46.73813366889954 453.0195499509573 219.9966459199786 1.021148957312107 1.795575968921185 357.9969566687942 2.943354614078999 83.07663733512163 498.6460935920477 1652.068902358413 3198.66019449383 3.988013468682766 29.64041982591152 1.318688668310642 621.3747226595879 5.529950320720673 0.3304513320326805 574.7706051394343 0.5653111711144447 610.3685959428549 919.838535875082 1105.311636053026 303.154353030026 4.392304129898548 4.649465352296829 179.3665100932121 1.512687146663666 0 222.4894637614489 10.42203751206398 0 0.1442283689975739 0.5191253423690796 0.4961244091391563 0.891200840473175 2.081480786204338 1.497443780303001 354.7443603649735 0.5159310922026634 932.7239477783442 2.38590981811285 0 0.4476914405822754 10.55175470560789 22.93156051635742 34.24997244775295 0 0.4818913042545319 23.98205748200417 1.312884956598282 3.012957595288754 204.1479791849852 625.8165052160621 767.3401425778866 0.4599852785468102 0.4196934178471565 0.1165502890944481 146.3798049613833 1.359335407614708 0 104.7296286374331 0.2844348251819611 74.77450872957706 141.1724018901587 76.57147463411093 5.015441611409187 0.7679422199726105 0.4571803659200668 45.30824387073517 0.2453692108392715
87.45119624584913 843.9571267962456 8395.90732729435 0.5312652289867401 1.14909528195858 30.04130102321506 189.5724167525768 120.7780075743794 19.19464790076017 18.10280834883451 2887.978643521667 6.291075125336647 902.1116610094905 291.0581534653902 0.4108184948563576 12.73262079805136 5597.099561028183 2836.561727195978 6520.660187967122 1.029833644628525 185.4628502503037 112.6470307856798 1231.15560644865 37.7737288698554 1652.068902358413 32411.2375866659 22241.03584238142 26.68236300349236 230.2362903356552 333.7423818856478 2983.045790940523 8.008466891944408 21.17712326347828 1473.226848404855 10.56631165742874 1307.840680480003 1480.03653075546 2847.519560843706 973.1150280088186 15.65664331614971 6.511194534599781 28.68248567730188 5.78833644837141 0.08405482769012451 529.2619749903679 365.2554322108626 0 0 0.2192864865064621 5.039273619651794 0.6987866312265396 12.04612928628922 0.3814852237701416 92.68408794701099 0 409.8515774235129 1.851217001676559 0 11.58581899851561 544.208423987031 241.794457539916 747.3331749141216 0 3.137044593691826 65.35680048167706 20.80773727595806 26.8475436270237 500.8860710859299 4755.838991224766 4044.217297360301 2.084190919995308 0.6994501128792763 1.840331554412842 386.8204530626535 0.8465466424822807 0 48.64289674907923 2.292664840817451 252.4685998931527 165.2743835449219 219.8398524299264 74.22705289721489 3.613383859395981 0 0.2455775439739227 0.5603231936693192
103.0506108924747 5866.76057946682 8141.44546752423 7.217375613749027 3.93980598449707 63.9421751126647 808.3354510143399 214.3041633293033 850.9023488238454 41.42818931117654 2665.176166720688 23.42980318143964 3113.787522479892 413.7391398474574 22.09466399997473 7457.379934675992 7321.042049326003 810.3375748321414 2882.853548534214 3.295767024159431 1156.18756455183 8327.100462026894 13743.83625619859 3848.925042018294 3198.66019449383 22241.03584238142 36855.81402320415 1488.047335512936 242.6014921590686 453.1163797304034 2056.195628754795 10.18002560734749 39.73825775831938 3479.374598313123 93.59607651084661 9284.447088606656 4376.059608466923 11082.18354733288 5869.717580452561 237.334441781044 37.26063144207001 79.66610916703939 51.84969901293516 2.501077525317669 1898.880358785391 1536.741557054222 1.230759918689728 0 0.5667748749256134 38.00590632855892 7.673724189400673 132.973480142653 1.400416284799576 57.1962460950017 1.061131447553635 153.7020116075873 13.01117224246264 0 914.7852841690183 782.5479295104742 71.8576660528779 633.4140918627381 0.9988602846860886 70.97253146767616 2404.715792968869 1583.441101670265 359.2363223731518 278.5064513534307 4409.866081677377 14099.8984773308 36.82871805876493 3.981555096805096 16.5949497371912 115.6405369490385 0.1062371730804443 0.2773628830909729 87.6075634509325 10.31871783733368 787.3494575545192 281.667095772922 475.7515522167087 253.684587880969 22.62138464301825 1.898501470685005 2.950219340622425 3.273276552557945
43.32400982826948 36.61460788547993 304.4459589496255 4049.796571537852 1.932283066213131 280.212688781321 21461.07952265441 116.4724515974522 1063.038420371711 6003.182527456433 16.4599874317646 1447.146804213524 5.623719520866871 304.460234567523 10.87172047793865 1444.332468807697 39.36072983592749 1.797058239579201 3.092778541147709 1608.177970267832 5883.504381999373 310.9080139771104 3863.859187528491 9244.866402067244 3.988013468682766 26.68236300349236 1488.047335512936 17305.07412904501 640.9504416063428 8011.468415051699 1.091717153787613 9.88215845823288 588.7944825738668 842.74288520962 66.19837914407253 4742.000745512545 285.8639073595405 1540.76430298388 529.8696970045567 225.654763571918 88.88513024151325 4.418356314301491 26.75482938438654 17.65944460779428 2.429174825549126 15.34958852827549 298.4034393876791 0 17.06025164574385 658.1477362364531 42.89646119624376 245.6145281940699 216.967876188457 5.98421572893858 52.97884867340326 0.5692399740219116 81.46304750442505 2.837958209216595 308.0828850716352 3.512805543839931 1.062527596950531 1.485928490757942 105.7394950389862 151.8597926199436 98.79011648148298 99.00074832141399 1887.892285853624 0.1903110891580582 5.465495087206364 100.8724461048841 1028.684817820787 105.008541315794 142.6940792948008 0.1738332808017731 0.7892540022730827 5.258237771689892 20.45748139172792 3.332206830382347 488.9587662965059 3.302984043955803 74.34222774207592 7.765491180121899 123.5676469802856 24.34750314056873 1.533459514379501 1.355288587510586
