467.3364363312721 0 102.4865425899625 1.236064553260803 0 11.4678495824337 1170.822275556624 520.4761124327779 0.7449362799525261 38.47336478531361 25.50777304172516 0.5223625674843788 0.6090217232704163 2129.515772759914 0 0 175.5651755183935 9.728693261742592 38.19123242795467 1.982567496597767 49.16780725121498 0 221.543470390141 10.98652242124081 0 66.790761500597 25.96601775288582 60.58613278716803 2467.901965416968 2490.32317160815 0.1212042793631554 5.851046808063984 5.640860117971897 41.06802552193403 0.9099705815315247 13.98629097640514 19.49269165843725 36.2570767775178 6.775759421288967 3.856079667806625 0.2545463517308235 0 0.1223209872841835 0 0 1.563705056905746 0.09626094251871109 0 0 2.49820339679718 0 1.468489587306976 0 0.107978530228138 0 0 0.3927190601825714 0 0.3596944957971573 0.07756762206554413 0 0 0.2340853810310364 0 0.2612132430076599 0.3344302177429199 1.718221016228199 0 0.6623563915491104 1.725901611149311 4.065561890602112 0 0.318476602435112 0 0 0 0 0 1.972286112606525 0.1223751753568649 0.1726014912128448 0.2744188383221626 0 0 0.1409582495689392 0
0 50.83855281025171 4.312259718775749 0 3.073794677853584 0.405116505920887 0.3793841004371643 0.1173900961875916 471.2206522449851 0 10.96569213271141 1.448901481926441 363.956515558064 0.2020638436079025 13.91666359454393 35.58003234863281 12.3506572842598 5.55169727653265 26.31671613454819 0 5.733579181134701 1769.634799301624 4.999108724296093 668.3712991029024 1887.369098030031 497.1384959593415 3901.07192722708 7.97142680734396 0.3047291114926338 0.2249326929450035 73.20978440344334 0.3612150773406029 0 2.836683876812458 0.9244726300239563 11.77597092837095 50.01174665242434 19.81991312652826 6.956028521060944 14.0467222854495 0.1686789095401764 242.5354773253202 0 0 54.26185239106417 111.2294017150998 0 0 0 0 0 2.000552706420422 0.4646908640861511 1.435390442609787 0 15.59107409417629 0 0.1473089158535004 4.916798926889896 23.35489145666361 0.8363562673330307 14.0823110640049 0.1343209147453308 0.7179051041603088 13.22995013743639 4.503926537930965 7.187227085232735 23.74261053651571 130.8432994708419 1061.597307994962 1.269518792629242 0 0.9990568161010742 1.860518492758274 0 0 0.6704670041799545 0 11.56127420067787 12.32411349564791 9.979662597179413 2.184929549694061 0 0 2.349913962185383 0
102.4865425899625 4.312259718775749 14536.93128503859 0.9730320274829865 0.5426919311285019 115.1925848871469 585.5310281440616 479.2641132473946 3.769252344965935 27.09404353797436 40.31747760623693 0.6676365658640862 7.072507537901402 482.1419839933515 0.09167917817831039 9.640369117259979 2625.521972775459 67.70047134906054 119.9417512789369 0.4934149980545044 577.8772668093443 5.266658298671246 13243.13964627683 126.835999161005 1.976371109485626 9501.122548669577 3583.927096299827 466.7811526209116 175.3673820793629 591.2699871733785 6.525499157607555 3.366542682051659 8.66783618927002 675.4522162079811 46.89498575031757 2646.388173542917 2687.961040891707 2645.08084076643 669.3419606611133 103.8745595663786 6.238532073795795 19.71665932238102 21.40417446941137 0.7938745766878128 55.61345026642084 822.3642054721713 0 0 0 15.78297524154186 1.543045431375504 1.279294729232788 1.368763163685799 0.57794488966465 0.2904199063777924 1.702490605413914 4.07812076061964 0 59.22841864824295 112.118069767952 0.2617930695414543 12.0587961897254 0 9.830470062792301 37.06962869316339 172.5321151912212 26.45930972695351 0.8605262190103531 148.0296279937029 1700.678121730685 14.54581811279058 3.006009005010128 12.08988130092621 0.1995517760515213 0 0.4930919259786606 6.945150502026081 6.11826503276825 38.91263153403997 199.061541184783 35.01891218870878 7.34699410200119 0.3900894299149513 0.530468761920929 0.7822038009762764 0
1.236064553260803 0 0.9730320274829865 4361.847222052515 11.60344764590263 88.19499555975199 313.9766816273332 52.28264584392309 1225.048682101071 4005.576101318002 6.644728198647499 2065.656462229788 3.108926951885223 27.54244995117188 130.2381515726447 0 0.2663407102227211 0.5033609047532082 0.4882058426737785 4349.700144857168 0.1466578543186188 0 0.5698931813240051 1846.241572320461 0 0.6965753734111786 0.1344832479953766 2141.09882696718 125.3306248188019 0.7312761694192886 0 7.535170756280422 18.5292868539691 17.32319787889719 3.096129812300205 261.2855811566114 2.754653066396713 69.41407708823681 29.08639499545097 190.0484852939844 5.79595785588026 3.637427002191544 3.373631276190281 0.4443470537662506 0.2829935997724533 0 234.6622394248843 0.6444323882460594 23.76947970688343 90.10169871896505 6.010038062930107 122.8767887204885 123.8014458045363 0.2326799556612968 117.8988978713751 0.1192836910486221 4.632265157997608 18.75654304772615 0 0.1066251620650291 0.3136074542999268 0.2851757779717445 122.5474674999714 0 1.119523756206036 0 439.4036119878292 0 0.217121347784996 1.484260976314545 385.9549713730812 6.869256466627121 0.8902449086308479 0 0.09644708782434464 0.1142077520489693 0.5840516984462738 0 22.0193905159831 0.1015836298465729 3.339033626019955 1.276680886745453 116.3082854226232 0.1570255309343338 0 0
0 3.073794677853584 0.5426919311285019 11.60344764590263 17.32117857038975 173.1596851944923 4.07544182986021 1.35196915268898 222.4036422595382 15.50195424258709 82.70238251984119 225.4484581053257 10.03708095103502 0.2328288778662682 1513.072402819991 0.09442491829395294 0 0.8748496249318123 0.3488067165017128 12.58522693067789 0.323526568710804 6.536371141672134 0.3390442654490471 91.25058989226818 0.1218492016196251 1.962271049618721 5.708095550537109 8.220618180930614 9.692179284989834 0.1906848177313805 0 86.72394126653671 0 28.36837550252676 0.5764916092157364 18.01854079216719 3.213833704590797 166.4699725583196 53.79097500443459 897.6650206744671 27.24829812347889 1.168906003236771 1.984883114695549 0 0 0.1335025727748871 0.3566115275025368 0 0 0.1093925163149834 0 0.1559242755174637 0.6673247218132019 0 0 0 0 0 0.1815256327390671 0 0 0 0.2772811353206635 0.2116556242108345 0.1560718715190887 0 1.876338087022305 0.1367896199226379 0 0.4268135204911232 1.48135294765234 0 0 0 0 0 0 0 1.237166747450829 0 0 0 1.705458387732506 0 0 0
11.4678495824337 0.405116505920887 115.1925848871469 88.19499555975199 173.1596851944923 8570.585133515298 3119.562813356519 2618.476720400155 85.42297914624214 8011.887789435685 364.412740200758 3612.767910242081 47.64147135615349 529.0250543132424 2217.044293597341 0.09828870743513107 42.37423687428236 9.667812928557396 15.2346448674798 305.288067445159 28.37221152335405 0.8521791994571686 85.22721134871244 167.696956589818 0.07838093489408493 66.33373680710793 13.68899667263031 469.5645720660686 343.2825256437063 61.39988961815834 1.244180634617805 394.3924725055695 3.388401202857494 144.5779343247414 9.196110278367996 769.2942813932896 35.57280410081148 695.33536888659 267.4729030504823 2549.520434446633 315.6542572528124 17.90283620357513 19.00979019701481 0.1128400564193726 0 0.2046979069709778 42.16507134586573 0.4391799792647362 5.216440707445145 45.25035325437784 0.8137804642319679 15.15839200466871 23.14284088462591 0 38.02181381732225 0 1.50163609534502 7.044014722108841 0.5313059985637665 0 0 0 33.43637723475695 0 0.1109934821724892 0 120.6461803466082 0 0.08825241029262543 2.600295498967171 117.9754171669483 5.379975363612175 1.505240008234978 0 0.1840011030435562 0 0.1278697997331619 0.7941961288452148 22.1982743665576 0.1310517638921738 1.660280644893646 0.8612198233604431 63.8659593090415 0 0.3672464489936829 2.527797937393188
1170.822275556624 0.3793841004371643 585.5310281440616 313.9766816273332 4.07544182986021 3119.562813356519 6480.877060301602 2835.473259270191 150.4965133816004 9517.705212429166 69.01217001676559 54.35840779542923 4.06316526979208 5315.972921282053 17.93581036478281 2.899509586393833 26.6429034397006 4.737689897418022 7.829831428825855 81.34312526881695 356.4880951121449 1.015920326113701 317.2077327296138 980.3488325178623 0.6935084462165833 65.54050556570292 80.29452058672905 11965.51339581609 2002.2555475384 4210.779114171863 0.1836195960640907 49.61387228965759 317.1010397896171 174.6733653247356 35.5904001519084 1391.948155671358 45.66505656391382 619.3469003289938 264.6768906489015 234.3636806979775 54.20427193492651 3.058817148208618 29.73634846508503 1.64003974199295 1.012204937636852 6.467220395803452 42.97514537721872 0 5.269592188298702 89.21821749210358 5.784360006451607 55.63150633871555 22.25901891291142 0.08018939197063446 4.086576141417027 0.08097443729639053 9.005088806152344 0.2328428775072098 4.747071549296379 0 0 0.5491676330566406 18.16952784359455 0.7728431299328804 1.431185491383076 6.366016745567322 244.2975157871842 0 0.5704748556017876 18.4595178887248 263.2822855040431 21.86737648397684 3.68510465323925 0 0.06795879453420639 0.5792386829853058 1.915016263723373 2.787990689277649 25.80469442903996 0 7.69331044703722 2.517207890748978 12.17265823483467 0.4828712046146393 0 0.441627562046051
520.4761124327779 0.1173900961875916 479.2641132473946 52.28264584392309 1.35196915268898 2618.476720400155 2835.473259270191 5677.691490478814 16.86333771795034 1832.591964073479 312.614751175046 337.4375152215362 15.85612508654594 6635.822285361588 57.91482181847095 0.3913540914654732 408.778461240232 42.06616754829884 140.2288276553154 129.0542780831456 108.5724305510521 0 531.4785594716668 212.2919445484877 0 341.1274514868855 93.50749582052231 347.1063263788819 455.8304268941283 1180.042822405696 0.8076800778508186 126.5662571936846 3.171909846365452 187.623436152935 3.304911568760872 99.49063815176487 100.4267295002937 470.5723697319627 117.3322655782104 323.2098189517856 41.06327010691166 6.318163082003593 5.730193741619587 0.7734470367431641 0.1047337353229523 3.988933630287647 7.594975002110004 0 0.9877925291657448 27.02497754991055 0.5308137312531471 8.800569631159306 3.896942771971226 0.1353533864021301 1.287045270204544 0 1.742326237261295 0 0.5874205753207207 0.2886228635907173 0 0.1176411807537079 2.126705855131149 0.7708817049860954 0.7893895208835602 0.647488534450531 55.50780969113111 0 0.6818869560956955 7.1146005615592 63.57077484577894 7.055773757398129 3.037274591624737 0 0 0.1743203699588776 0.3369466513395309 0.135201171040535 8.717077597975731 0.572517916560173 1.969054825603962 1.361188746988773 2.012646302580833 0.5268795490264893 0 0.1781843602657318
0.7449362799525261 471.2206522449851 3.769252344965935 1225.048682101071 222.4036422595382 85.42297914624214 150.4965133816004 16.86333771795034 934.9443986862898 471.514824859798 1.71904157102108 343.2482729479671 10.09836424142122 6.044648326933384 650.689364887774 261.9001441895962 4.849655576050282 0.5814063027501106 8.075637519359589 551.9431253820658 130.8817174062133 2298.578128151596 75.65596138685942 7687.481500774622 168.3303619548678 83.06547669321299 796.6618643179536 1087.063266828656 38.23481572419405 65.86171392351389 6.110039748251438 6.31369336694479 4.256971701979637 6.475262619554996 3.089229300618172 87.28563917428255 13.85903038084507 20.8707802221179 10.01030196249485 454.1378604695201 1.071650199592113 1.23544904589653 0 12.69027940928936 4.556816004216671 9.010101914405823 206.9509572386742 1.123065888881683 16.36516501009464 92.46321604400873 11.84275497496128 56.40827901661396 102.8449040576816 2.064265601336956 112.9163123816252 1.552121765911579 27.82005473971367 20.44601371884346 211.6527120769024 1.503299921751022 0.3671115934848785 1.793518282473087 134.5859749391675 160.779486477375 59.22194989025593 48.26280613988638 1374.373940698802 1.228104263544083 7.505535684525967 40.1023526340723 627.3962969705462 121.0883079990745 131.8266811296344 0 0.3968060091137886 7.332342848181725 14.51233445852995 1.632418639957905 128.1985230222344 4.27102705091238 27.09827435016632 13.64677534997463 44.42678051441908 0.7956971675157547 0.2347202524542809 3.37905665487051
38.47336478531361 0 27.09404353797436 4005.576101318002 15.50195424258709 8011.887789435685 9517.705212429166 1832.591964073479 471.514824859798 29056.60404256731 210.5179431736469 3708.91939124465 10.30082413554192 1416.823508054018 86.02164679020643 0 5.916045635938644 10.31036660075188 8.066400185227394 3176.329951107502 10.18766433745623 0 20.31590643525124 509.2432626783848 1.880516052246094 23.44873864203691 5.269687868654728 4882.962586164474 1937.611556142569 18.94495754688978 2.188896708190441 133.764841273427 60.91589229553938 290.198530189693 20.78740877658129 1270.423284217715 24.69378484785557 862.6009790077806 234.7301689311862 826.9194162413478 64.8901020437479 10.12843070179224 29.10464493185282 0.8736360371112823 0.1919969171285629 0.3625155687332153 312.4656553417444 0.737428218126297 32.0535286590457 191.6519011557102 7.89386124163866 128.4082566574216 156.0586810559034 0 102.4515151455998 0 13.27435732632875 21.79671877622604 0.2567198798060417 0 0 0 172.2801845744252 1.835879147052765 1.94984295219183 0.8845609724521637 707.8545989468694 0.2198012694716454 0.3218749910593033 2.517959244549274 648.7474495768547 16.79340495169163 4.067544892430305 0 1.23251461237669 0 2.025738961994648 0.1431939005851746 53.49220536649227 0 2.987814269959927 3.004956901073456 139.8602073565125 0.6463907957077026 0.6054415702819824 0.1429146975278854
25.50777304172516 10.96569213271141 40.31747760623693 6.644728198647499 82.70238251984119 364.412740200758 69.01217001676559 312.614751175046 1.71904157102108 210.5179431736469 5089.982651472092 82.69325241446495 1552.297529995441 176.3890103846788 4.850570395588875 0.3708368390798569 522.2742564082146 1215.867328889668 759.5268717631698 35.87186005711555 45.62608014792204 5.503361888229847 87.50426709651947 27.68743384629488 157.5962950065732 2605.062038674951 539.182850562036 40.04092675447464 1549.518578454852 114.8344298675656 413.3582685142756 895.7650626376271 17.8226326033473 4572.685515709221 10.03582607209682 532.5550831407309 3011.836243867874 6695.190472617745 1099.707126200199 369.3993179947138 114.1805738583207 441.2780036106706 13.6278699785471 0 2.635510675609112 0.3914556354284286 0.1165300533175468 0 0 1.280934132635593 0 1.306855693459511 0 28.87610686570406 1.310967341065407 186.534140303731 0.3156854212284088 0 0.2170716300606728 0.7076875045895576 31.78409408032894 16.23444245755672 0.5853956341743469 0 0.8294866532087326 0 6.192245751619339 71.71261902153492 158.1301233842969 204.3396012634039 9.750735111534595 0.9529312029480934 0 27.10143439471722 0 0 0.8102129101753235 5.969231724739075 9.970567494630814 165.6123750731349 11.33337804675102 2.452094778418541 0.3813808560371399 0.2728437781333923 67.51796381920576 0
0.5223625674843788 1.448901481926441 0.6676365658640862 2065.656462229788 225.4484581053257 3612.767910242081 54.35840779542923 337.4375152215362 343.2482729479671 3708.91939124465 82.69325241446495 6677.392732679844 2.955526448786259 130.3165677338839 884.216996781528 0.1642669290304184 0.5011997073888779 3.558739855885506 1.827322155237198 4752.184559613466 0 4.7203104570508 0.4115997031331062 525.7384418025613 1.228411108255386 5.96603911370039 4.33496755361557 445.5351239740849 242.2137079611421 2.171905383467674 0.2539723590016365 70.3966626226902 0.6864987015724182 67.22412475198507 3.849649101495743 687.8178331032395 12.76221127808094 199.4857218563557 24.6016101539135 1502.815356306732 7.729855515062809 0.898814782500267 2.208510562777519 0 0 0 129.2851775959134 2.118216991424561 25.30146462470293 31.42704148590565 2.643354244530201 58.57734068483114 90.34264131635427 0 214.5287269502878 0.2903477251529694 1.935589253902435 35.79610443115234 0 0 0 0.4403201639652252 112.2829032465816 0 0.5372134745121002 0 159.6633712053299 0 0 0.2103435099124908 137.3805488944054 1.545559115707874 0 0 0 0 0.3096099123358727 0.4749504327774048 47.60608015954494 0 1.969548225402832 0 232.6831067726016 0 14.7214127779007 2.889544248580933
0.6090217232704163 363.956515558064 7.072507537901402 3.108926951885223 10.03708095103502 47.64147135615349 4.06316526979208 15.85612508654594 10.09836424142122 10.30082413554192 1552.297529995441 2.955526448786259 2400.393132373691 3.865206375718117 1.170215286314487 2.087377518415451 2.986435830593109 38.65813641250134 16.81238453090191 5.799197688698769 2.969750836491585 60.66701078414917 12.86374502629042 18.13675563037395 1914.798145949841 201.3057934939861 3397.872194766998 10.43208495527506 15.93266868591309 3.197054646909237 410.6367817670107 43.10557643324137 0 68.77291005849838 91.45230880379677 3705.234362132847 5830.463149733841 4779.076627627015 821.6357558295131 291.5710237324238 156.4449360743165 1828.481817275286 28.04903270304203 0 21.88508301228285 1.326655395328999 0 0.1747653186321259 0.1974170655012131 0.5401256233453751 1.378541901707649 1.036173462867737 0 152.8096219226718 0 1417.34997638315 0.8871227502822876 0 0.6484622210264206 0.9427877739071846 102.0814227238297 29.88795709609985 0 0.09382318705320358 5.606621965765953 0.2481454014778137 1.584665961563587 789.0360623821616 522.6762425750494 774.0184415504336 0.4246511235833168 1.415073059499264 0.4314618781208992 139.5370376780629 2.713915020227432 0 3.873972162604332 20.66187340021133 228.273552082479 745.0719473958015 154.5720990747213 31.98685327172279 60.58925378322601 10.75672136247158 386.1904770731926 16.05592323839664
2129.515772759914 0.2020638436079025 482.1419839933515 27.54244995117188 0.2328288778662682 529.0250543132424 5315.972921282053 6635.822285361588 6.044648326933384 1416.823508054018 176.3890103846788 130.3165677338839 3.865206375718117 5295.21380507946 9.790160082280636 0.7452222555875778 441.4604210928082 40.653598934412 134.7699500322342 85.79484791308641 153.3897327110171 0 626.8278177455068 132.0975913926959 0 311.6120527908206 103.5411609262228 310.7683730795979 3295.710299059749 2304.784093365073 0.6304271444678307 66.22418423742056 8.945985674858093 220.9525460749865 3.437507934868336 71.38026456534863 91.64793468266726 229.0265459045768 32.56147481501102 106.9887580350041 8.950496412813663 1.48920926451683 2.243709221482277 0.4072353094816208 0.1437114775180817 3.640036977827549 1.901199832558632 0 1.340507499873638 13.31199809163809 0.3307134881615639 4.97895409911871 1.17096671462059 0 0.4072555303573608 0.07691574841737747 2.472039930522442 0 0.671365350484848 0.5355667769908905 0 0.08548836410045624 1.446128316223621 0.2465511485934258 0.6673290207982063 0 25.94099759310484 0 0.5010181665420532 7.097324073314667 36.15935029089451 4.114313013851643 1.979089088737965 0.1713879704475403 0 0.1917711421847343 0.1864935755729675 0.5958081036806107 8.852885745465755 0.6467646583914757 0.650112546980381 0.8355366364121437 2.27994541823864 0 0 0.1421441286802292
0 13.91666359454393 0.09167917817831039 130.2381515726447 1513.072402819991 2217.044293597341 17.93581036478281 57.91482181847095 650.689364887774 86.02164679020643 4.850570395588875 884.216996781528 1.170215286314487 9.790160082280636 170.6721631065011 0.1287163496017456 0.2935242801904678 0.2057504504919052 0.5199829339981079 88.39077231287956 0 59.13347388803959 0 1002.775780789554 3.560591541230679 2.823730774223804 33.34672995656729 75.15354358404875 7.201009400188923 0.1991367936134338 0.1042030900716782 463.6181340515614 0 3.481649696826935 0 86.0815664678812 1.90380223095417 8.353921636939049 1.448714151978493 1057.490080311894 13.24669001251459 0 3.142565011978149 0 0.1466517150402069 0.8257900550961494 3.755678497254848 0 0 0.8511144667863846 0 4.739999294281006 0.7361116111278534 0 4.688401445746422 0 0 0.8374829292297363 0.3648011088371277 0 0 0 4.105951115489006 0.5852198004722595 0.8941803425550461 0 8.2717464864254 0 0.2786583751440048 1.379436694085598 4.050615206360817 0.5154126062989235 0.4293781518936157 0 0 0.1271590888500214 0 0 11.52968768030405 0 0.1007022634148598 0.1701811403036118 8.227203994989395 0 0 0.08513651788234711
0 35.58003234863281 9.640369117259979 0 0.09442491829395294 0.09828870743513107 2.899509586393833 0.3913540914654732 261.9001441895962 0 0.3708368390798569 0.1642669290304184 2.087377518415451 0.7452222555875778 0.1287163496017456 1886.298756450415 18.52008072286844 0.7065812051296234 2.747517175972462 0 2311.721323907375 1716.277836695313 3129.504693590105 1713.312788777053 3.925438895821571 16.72316182404757 4715.236923836172 598.2247698232532 5.697974510490894 11.53452500700951 1.711230516433716 0 3.344367943704128 20.46001027524471 16.05094137787819 832.2512359395623 266.0842485055327 104.498802639544 120.0967573076487 35.13967849314213 0.6547691076993942 1.032325923442841 2.432786732912064 3.598757855594158 6.529177092015743 23.66748462617397 0 0 0.370797798037529 14.7205159291625 2.986132025718689 4.861233741044998 0.5423458740115166 0.1017001420259476 0 0.2672021761536598 3.382461719214916 0 2079.350732646883 2.538823783397675 0.1402695924043655 0.4291352182626724 0 363.1317859068513 394.3875287175179 1524.290376663208 192.1451427638531 0 5.354800969362259 184.5915000215173 163.9233640432358 25.00141177326441 74.16594836860895 0 0 1.004370242357254 3.620178632438183 3.149076916277409 49.32018680870533 3.719348736107349 9.496168278157711 5.540392599999905 3.720502182841301 0 0 0.1310232728719711
175.5651755183935 12.3506572842598 2625.521972775459 0.2663407102227211 0 42.37423687428236 26.6429034397006 408.778461240232 4.849655576050282 5.916045635938644 522.2742564082146 0.5011997073888779 2.986435830593109 441.4604210928082 0.2935242801904678 18.52008072286844 1201.268153205514 543.7079258784652 1519.093022406101 0.4046930819749832 717.1346451938152 20.08863137662411 3287.084567002952 47.1177561879158 0.7546592354774475 3603.273135490716 4150.323111966252 92.80360376834869 837.6429344266653 1653.076444081962 1.946373254060745 7.351495310664177 13.34239795804024 795.5549785718322 6.542075783014297 253.4349455162883 1557.335999667645 767.0451220050454 185.5316711887717 14.65057695657015 1.565935574471951 5.989034593105316 3.21268855035305 0.09943985939025879 5.567827716469765 71.1772688627243 0 0 0 0.9934948086738586 0 0.6714540645480156 0 0 0 0.618353471159935 0 0 1.274748839437962 17.7250062674284 0 7.035299748182297 0 0.351178839802742 3.416147015988827 5.783250980079174 3.217026337981224 0.2860859483480453 60.64774516224861 134.3088959380984 2.556239604949951 0.4423721730709076 0.3954005539417267 0 0 0 0.55693569034338 0 2.121018268167973 50.16244188696146 5.672977916896343 1.15007059276104 0 0 0 0
9.728693261742592 5.55169727653265 67.70047134906054 0.5033609047532082 0.8748496249318123 9.667812928557396 4.737689897418022 42.06616754829884 0.5814063027501106 10.31036660075188 1215.867328889668 3.558739855885506 38.65813641250134 40.653598934412 0.2057504504919052 0.7065812051296234 543.7079258784652 37.86179133504629 1061.480221442878 0.7736504599452019 13.56407488137484 3.3916876912117 70.88794490695 2.120986290276051 22.92076070606709 2144.940822772682 1921.01873511076 3.046564370393753 74.4836196526885 33.32516016066074 120.2408308833838 9.471795946359634 1.502293720841408 436.7327474057674 2.395479828119278 169.6242101565003 1060.974517442286 1592.189656935632 254.3889428451657 8.915733106434345 1.906483292579651 4.221409887075424 1.691684067249298 0 1.080611549317837 0.3413336351513863 0 0 0 0.1978030502796173 0 0 0 4.564375095069408 0 26.76050454378128 0 0.1594489365816116 0 3.206761620938778 11.59660178422928 11.92893110215664 0 0.4512348175048828 0.3308873623609543 0 0 19.5370677113533 94.11099533736706 95.97555439919233 0 0 0 6.358523048460484 0 0 0 1.33767181634903 0.397662989795208 40.50799937546253 1.627588100731373 0 0 0 0.7692036181688309 0
38.19123242795467 26.31671613454819 119.9417512789369 0.4882058426737785 0.3488067165017128 15.2346448674798 7.829831428825855 140.2288276553154 8.075637519359589 8.066400185227394 759.5268717631698 1.827322155237198 16.81238453090191 134.7699500322342 0.5199829339981079 2.747517175972462 1519.093022406101 1061.480221442878 895.8922747820616 1.388336464762688 64.43649619072676 13.98750722408295 201.2989485859871 13.08290433138609 14.25718737393618 3234.998256251216 3124.428192861378 9.875334084033966 289.096259303391 167.9764962866902 15.71376930177212 6.424366094172001 13.33781243860722 3017.934767723083 3.109759867191315 517.4506862685084 1104.929703436792 2565.905296899378 491.2111349105835 12.0294444039464 3.215571388602257 3.010566897690296 1.746343314647675 0 5.444123141467571 3.445467188954353 0 0 0 0 0 0.4644667655229568 0 0.5530121177434921 0 2.243928395211697 0 0 0.4127050638198853 8.41453393548727 2.073193594813347 13.81003678590059 0 0 0.8119466304779053 0.4111828356981277 0.9737044498324394 5.485376507043839 79.47418438643217 86.00881391018629 0.5500159561634064 0.4215167760848999 0 0.4476183652877808 0 0 0.6368876025080681 1.166304707527161 0.3067548274993896 18.40906693786383 2.569709554314613 0.378769189119339 0 0 0.1393327414989471 0
1.982567496597767 0 0.4934149980545044 4349.700144857168 12.58522693067789 305.288067445159 81.34312526881695 129.0542780831456 551.9431253820658 3176.329951107502 35.87186005711555 4752.184559613466 5.799197688698769 85.79484791308641 88.39077231287956 0 0.4046930819749832 0.7736504599452019 1.388336464762688 660.5748709961772 0.3166169449687004 0 0.3186919242143631 242.9902733638883 0 2.28545980155468 0.2232789397239685 796.5972474738955 289.5034023597836 2.183342821896076 0.1238313913345337 23.87892696261406 5.456324324011803 45.19003045558929 6.282402977347374 568.2155187129974 3.344795770943165 157.7435717210174 43.53326090425253 483.8037660196424 15.24299843609333 4.507059842348099 6.608101174235344 0.4359096735715866 0 0 160.2298506051302 1.227106273174286 24.16896593570709 70.69211339950562 2.687530308961868 58.93005370348692 106.3355778157711 0 124.7077999562025 0 2.694162413477898 18.91843174397945 0 0 0 0 127.3079085946083 0.142025426030159 0.3222948461771011 0.7896797060966492 290.0665146037936 0 0 0.1300852000713348 277.0659327730536 5.141005970537663 0.158505767583847 0 0 0 1.111762776970863 0 36.36053981631994 3.293352365493774 3.749272681772709 3.255467623472214 154.4536718949676 0.3245526999235153 3.145682573318481 6.945720195770264
49.16780725121498 5.733579181134701 577.8772668093443 0.1466578543186188 0.323526568710804 28.37221152335405 356.4880951121449 108.5724305510521 130.8817174062133 10.18766433745623 45.62608014792204 0 2.969750836491585 153.3897327110171 0 2311.721323907375 717.1346451938152 13.56407488137484 64.43649619072676 0.3166169449687004 15480.85560798645 153.9029406011105 14912.93348684907 308.9949621409178 2.892688162624836 102.3114584237337 1797.666497565806 3189.394319221377 126.3556523323059 8760.082436926663 0.1138280406594276 2.439229302108288 29.48472633957863 2464.44959115237 251.1695567443967 6878.240739062428 565.9859828352928 4013.235912874341 2102.246157281101 427.7855457365513 14.57147409766912 6.793694332242012 64.52346467226744 8.575459286570549 0.4730966985225677 7.650346346199512 0.1824483275413513 0.09394744783639908 0.3512548208236694 16.48605551570654 8.318958610296249 9.31914196908474 1.111423067748547 0.7091062963008881 0 0.165925070643425 17.04706952720881 0.2975692301988602 441.1289361417294 1.349528923630714 0 0.3913813903927803 0 321.8932939693332 189.4041700959206 150.6411345377564 371.5639291256666 0.1185446977615356 1.937812499701977 22.15143744647503 324.9416477307677 66.24771662801504 194.6910902634263 0 0.1080557331442833 3.911523394286633 8.971172392368317 17.72996766865253 92.16131784021854 2.611274145543575 13.05832719802856 6.482045277953148 4.114439815282822 0.2411063611507416 0 1.675426959991455
0 1769.634799301624 5.266658298671246 0 6.536371141672134 0.8521791994571686 1.015920326113701 0 2298.578128151596 0 5.503361888229847 4.7203104570508 60.66701078414917 0 59.13347388803959 1716.277836695313 20.08863137662411 3.3916876912117 13.98750722408295 0 153.9029406011105 856.5918181315064 486.6195234656334 5353.004959791899 837.982853628695 290.3463734164834 4510.958073295653 126.3148933053017 0.8233463168144226 1.811846420168877 27.23302526772022 0.2070892974734306 0 6.326089970767498 0 24.46013948321342 25.2539554014802 23.77935034781694 4.86845738440752 53.21475700289011 0 13.17642096430063 0 0.7907758355140686 15.74096558988094 124.0760686248541 0 0 0 6.891701906919479 0.2816335260868073 4.399582073092461 0.1901190727949142 0 0 2.846054971218109 0.4488591849803925 0 1471.683258585632 4.747326612472534 0.1208336725831032 4.434788458049297 0 84.66159565746784 42.0388915464282 656.0270849913359 39.81489551067352 2.474694333970547 27.67199688404799 939.2929458394647 20.84632643312216 2.269867978990078 7.224319040775299 0.2759396433830261 0 0 0.8700317740440369 0 9.280910193920135 6.518180310726166 5.343796744942665 1.177875049412251 0.1474874168634415 0 0.1417226344347 0
221.543470390141 4.999108724296093 13243.13964627683 0.5698931813240051 0.3390442654490471 85.22721134871244 317.2077327296138 531.4785594716668 75.65596138685942 20.31590643525124 87.50426709651947 0.4115997031331062 12.86374502629042 626.8278177455068 0 3129.504693590105 3287.084567002952 70.88794490695 201.2989485859871 0.3186919242143631 14912.93348684907 486.6195234656334 18978.27858411521 423.5697106271982 0.688116267323494 1516.52927223593 15551.15867136419 1991.314178794622 469.7806394547224 3914.000398054719 1.086531348526478 9.119539842009544 10.51814018189907 2503.873772971332 418.9257313534617 14662.23515000194 6403.328875489533 7256.624564312398 5345.84115332365 1155.185826286674 30.22797575592995 28.0670695528388 146.0424470826983 2.733299471437931 10.96270560473204 326.919648334384 0.2575733661651611 0 0 32.54542391002178 1.261752091348171 3.95680495351553 1.194970488548279 0.2444752752780914 0 0.2904183641076088 2.819988317787647 0 2544.419064827263 7.113194055855274 0 1.271630182862282 0 351.147934474051 311.9548062980175 2051.776974290609 128.3106343224645 0 6.737987451255322 984.4348629042506 100.9997489452362 16.16609657555819 52.16970623284578 0 0.07926606386899948 1.704124554991722 3.008307561278343 30.42663688212633 42.07299199700356 6.895771615207195 10.37781866639853 3.618720009922981 2.748487949371338 0.6082720160484314 1.708849638700485 0
10.98652242124081 668.3712991029024 126.835999161005 1846.241572320461 91.25058989226818 167.696956589818 980.3488325178623 212.2919445484877 7687.481500774622 509.2432626783848 27.68743384629488 525.7384418025613 18.13675563037395 132.0975913926959 1002.775780789554 1713.312788777053 47.1177561879158 2.120986290276051 13.08290433138609 242.9902733638883 308.9949621409178 5353.004959791899 423.5697106271982 6908.353043399751 169.0166108086705 130.3845377787948 4538.615085691214 5292.422663763165 862.2983207628131 560.9188586845994 11.54993202537298 22.57623526453972 257.4696465581656 218.134701281786 58.52921918034554 2256.422540262341 106.3387582302094 596.2882663011551 359.7549137398601 738.6389310434461 36.56072717159986 8.915115594863892 30.21817363798618 29.89851538091898 15.11193023622036 54.76570913940668 305.3009530380368 0.7464154437184334 37.7840473279357 509.7405513674021 32.40084131062031 664.3742423579097 153.0668464079499 6.195788167417049 87.75802564620972 1.75615081936121 86.1851192265749 26.24846879392862 389.5089231804013 4.603817410767078 1.079312846064568 3.502461157739162 167.8965101093054 205.768260486424 193.9424466043711 173.4883322641253 2755.433875635266 2.232819095253944 17.76554668694735 148.0793844982982 2234.575972847641 338.778765834868 290.0832880660892 0.2431506663560867 2.042309910058975 15.42649278789759 43.07437235116959 7.127982683479786 358.7051349878311 8.179110646247864 88.55811709165573 52.35248798877001 131.8333665505052 4.035340361297131 5.121897906064987 7.129156552255154
0 1887.369098030031 1.976371109485626 0 0.1218492016196251 0.07838093489408493 0.6935084462165833 0 168.3303619548678 1.880516052246094 157.5962950065732 1.228411108255386 1914.798145949841 0 3.560591541230679 3.925438895821571 0.7546592354774475 22.92076070606709 14.25718737393618 0 2.892688162624836 837.982853628695 0.688116267323494 169.0166108086705 343.3622101396322 461.8718269988894 2863.477650702 2.955275349318981 1.342272713780403 2.167315870523453 182.6566755026579 0.4987348467111588 0 4.133678197860718 0 358.6787644326687 360.9426839277148 517.9370955377817 174.7439039796591 90.91985005885363 17.68799602985382 467.5437680482864 13.5571870803833 0 61.46765129268169 1.1436767578125 0 0 0.3581490069627762 0 0.1408720016479492 0.5065029561519623 0 47.41876028478146 2.544986963272095 822.643832758069 0 0 0.5241761356592178 2.178627461194992 48.62922185659409 29.54509025067091 0 0 2.358613029122353 0.2104804366827011 0.2537522092461586 424.2680275738239 458.1673380434513 872.5587817206979 0 0.1009787991642952 0 73.55793860554695 0 0 1.330643326044083 2.76037859916687 120.8173009827733 81.08463996648788 7.202100083231926 2.155474260449409 40.63019451498985 0 68.01066808402538 0
66.790761500597 497.1384959593415 9501.122548669577 0.6965753734111786 1.962271049618721 66.33373680710793 65.54050556570292 341.1274514868855 83.06547669321299 23.44873864203691 2605.062038674951 5.96603911370039 201.3057934939861 311.6120527908206 2.823730774223804 16.72316182404757 3603.273135490716 2144.940822772682 3234.998256251216 2.28545980155468 102.3114584237337 290.3463734164834 1516.52927223593 130.3845377787948 461.8718269988894 16504.19886990637 10178.44389150292 44.94671465456486 251.4386809021235 219.5107335522771 292.2281906530261 23.46479008346796 11.89235655218363 1938.19959577173 30.26302995532751 2972.086933068931 9993.428867064416 6876.834054134786 1563.682042345405 71.98074698448181 10.80804447829723 94.91284807026386 24.09422617405653 0.3908259123563766 311.8656221106648 203.7792772501707 0.09887612611055374 0 0 4.183468222618103 0.1028997078537941 5.006584130227566 0.1845319122076035 62.23040924221277 0 504.5395907312632 0.6993501484394073 0 8.917392656207085 503.3032763078809 268.9567086696625 953.1837550848722 0 2.495145805180073 22.29167986661196 15.87646245956421 16.45640493929386 608.1135255172849 5525.782484717667 5538.898653969169 5.387171059846878 1.045155458152294 5.274469509720802 102.3242368102074 0 0 16.89339563250542 9.883772686123848 45.56211721897125 1106.938504815102 118.3411763831973 13.43993180990219 1.005508959293365 0 13.46193314343691 0.7460954785346985
25.96601775288582 3901.07192722708 3583.927096299827 0.1344832479953766 5.708095550537109 13.68899667263031 80.29452058672905 93.50749582052231 796.6618643179536 5.269687868654728 539.182850562036 4.33496755361557 3397.872194766998 103.5411609262228 33.34672995656729 4715.236923836172 4150.323111966252 1921.01873511076 3124.428192861378 0.2232789397239685 1797.666497565806 4510.958073295653 15551.15867136419 4538.615085691214 2863.477650702 10178.44389150292 26986.28468240052 1566.769047446549 136.0056840851903 152.3623414114118 1255.643751867115 4.010841801762581 8.061571650207043 1741.32274094969 105.7676446512341 6968.696272931993 3874.064379937947 6045.452987000346 1968.934077091515 394.7183133140206 23.46747454255819 122.9691888540983 60.62805247306824 2.554759919643402 1862.103332966566 4124.961051143706 0 0 1.506937809288502 131.9960172846913 8.079062335193157 11.47977363318205 2.489375039935112 36.61930587887764 0.4434953331947327 363.7489619106054 11.70792441815138 0.2501063272356987 2138.88129722327 717.9299830123782 123.2336951941252 605.0726425051689 1.320877343416214 45.47527471184731 798.5239245444536 2961.22977347672 121.0722886174917 645.3429638072848 4367.450040616095 16976.77981351316 60.18723656982183 4.856323666870594 14.40970182418823 55.62674826383591 0 0.3171287924051285 27.87268874794245 16.30848137289286 201.1593628525734 775.3470924496651 229.3772364556789 46.32309130579233 2.219116263091564 0.08535563200712204 18.09910397976637 0.5634894073009491
60.58613278716803 7.97142680734396 466.7811526209116 2141.09882696718 8.220618180930614 469.5645720660686 11965.51339581609 347.1063263788819 1087.063266828656 4882.962586164474 40.04092675447464 445.5351239740849 10.43208495527506 310.7683730795979 75.15354358404875 598.2247698232532 92.80360376834869 3.046564370393753 9.875334084033966 796.5972474738955 3189.394319221377 126.3148933053017 1991.314178794622 5292.422663763165 2.955275349318981 44.94671465456486 1566.769047446549 11001.20837497711 1680.138736248016 10296.23651385307 1.18221116065979 31.28145035356283 746.5082471072674 682.4538633078337 106.0277666449547 3802.903245784342 151.062092833221 1351.898520648479 852.7670447453856 425.090312987566 59.4269562214613 9.129458174109459 48.43703957647085 29.06146614253521 2.008662566542625 9.911138921976089 192.5294891968369 0.341707706451416 26.85077299922705 464.909323759377 29.16762682795525 313.5584284961224 103.2029494345188 3.538206446915865 45.36832762509584 0.8725019842386246 70.65438636392355 8.526117242872715 202.1742700561881 2.322771027684212 0.8035024255514145 2.042734064161777 84.03080510348082 150.8168140649796 94.87976426631212 68.39961031079292 1802.543921239674 0.3292064145207405 3.211471043527126 36.21271058917046 1715.643444649875 282.2508994489908 243.1682005301118 0.10159932076931 1.33828230202198 12.32511917501688 33.50236859917641 9.411740653216839 284.7408933266997 5.38005506247282 66.5388345643878 45.49659311026335 88.83723612874746 0.6034333109855652 7.352668486535549 4.553276158869267
2467.901965416968 0.3047291114926338 175.3673820793629 125.3306248188019 9.692179284989834 343.2825256437063 2002.2555475384 455.8304268941283 38.23481572419405 1937.611556142569 1549.518578454852 242.2137079611421 15.93266868591309 3295.710299059749 7.201009400188923 5.697974510490894 837.6429344266653 74.4836196526885 289.096259303391 289.5034023597836 126.3556523323059 0.8233463168144226 469.7806394547224 862.2983207628131 1.342272713780403 251.4386809021235 136.0056840851903 1680.138736248016 15702.65852250159 9747.39037566632 4.958879865705967 474.8157563507557 2249.656045295298 3241.36234228313 13.57737996429205 341.3390713185072 241.2153552100062 2654.072603948414 286.0422188267112 228.5039337426424 41.79654947668314 5.698159068822861 9.624484702944756 1.835919596254826 0.1104087829589844 2.008203066885471 5.735110506415367 0 1.213419578969479 36.869858533144 1.246933177113533 18.49145682901144 1.581217378377914 0.2935008704662323 4.094168543815613 0 4.446720920503139 0 4.698711544275284 0.6166589185595512 0.1080385223031044 0.07773442566394806 2.99012479186058 5.242652960121632 1.898392550647259 0.5873222798109055 116.8270331099629 0.1265166252851486 2.120996385812759 5.141679041087627 135.8623413145542 17.79974693804979 10.30734868347645 0 0 0.4558997377753258 2.142635434865952 0.09790246188640594 26.38367523252964 0.9411012008786201 5.331631161272526 3.831744067370892 3.12821713835001 0 0 0
