836.8233225792646 0.555169053375721 316.2823600172997 22.59146338701248 0.2232957109808922 3.235531218349934 2500.54228579998 572.5836924090981 5.07296921312809 112.2656956464052 2.02562765032053 2.323934577405453 1.008301891386509 5061.062596261501 0 0.3031041398644447 153.545529268682 1.052812360227108 13.3780589774251 13.81079530715942 45.28110583871603 2.007313087582588 237.4328482076526 76.79171881824732 0.1365301162004471 86.65625448524952 49.6334111392498 105.765976563096 3200.241653710604 1398.727832950652 0.09090631455183029 1.905123084783554 162.7547573968768 192.6880535408854 11.23188211023808 118.2674202695489 12.93068131804466 327.7645597979426 45.75085560232401 14.65026354044676 7.305449597537518 0 0.9526544362306595 0.5319219157099724 0.1175390630960464 0.4453960806131363 0.5230003297328949 0 0.07305335253477097 3.769171506166458 0 0.8005678430199623 0.404707282781601 0 0 0 0 0 0.5139348730444908 0 0 0 0.09051330387592316 1.150261789560318 0 0.6873610317707062 4.564571537077427 0 0.2818854600191116 1.853287361562252 11.10485963523388 0.4905251786112785 2.889067582786083 0 0 0 0.1484355926513672 2.303204536437988 3.880800195038319 1.143032103776932 0 0.1790841072797775 0.1212390288710594 0.3757555410265923 0 0
0.555169053375721 85.23628603667021 582.7802871987224 0.3408071771264076 0.3647316694259644 1.325433678925037 2.206890553236008 4.823843270540237 569.0105155408382 1.000757224857807 50.39070390164852 5.86483471095562 815.7881601676345 12.17311406880617 7.741984739899635 141.6971327513456 26.27865421026945 2.656623415648937 16.16005417704582 1.001377187669277 4.065926842391491 1380.218165390193 12.11896581202745 236.8936432376504 1029.954946063459 1324.883151903749 6686.622866205871 12.98887106031179 12.79093955457211 0.4888388589024544 40.11057226359844 1.890485100448132 0.1112959980964661 98.72975369542837 3.473361223936081 289.2137926369905 1020.230279788375 596.8015411123633 196.1629663482308 25.04807657003403 1.564410150051117 91.20815734565258 4.33037206530571 0.1912072524428368 20.0977433770895 19.0738851800561 0.1077836602926254 0 0 0.6415084078907967 0.1872933804988861 1.078097485005856 0 7.96492226421833 0 37.00644645094872 0.1779836788773537 0 2.02609970420599 15.97859637439251 4.421901889145374 13.24254675209522 0 0.3750956505537033 3.946365252137184 4.869803346693516 0.8702600672841072 18.11610347032547 307.0978098288178 673.549478597939 0.9445662498474121 0.2584339343011379 0.1078328266739845 5.11985620111227 0 0 2.669065669178963 2.227234110236168 7.176592327654362 26.05362606793642 11.26039063930511 1.453609012067318 0.2555157542228699 0.1049411743879318 2.357387363910675 0
316.2823600172997 582.7802871987224 8253.956326842308 19.54397156089544 0.4657814204692841 83.99489518254995 462.0657653585076 1287.885379642248 31.4394975155592 93.79140389710665 7.682007774710655 1.497896589338779 6.789277739822865 1123.620829887688 0.3789764046669006 42.32300577312708 2970.546215258539 32.72709197551012 224.0498115122318 6.948138855397701 739.499845571816 440.6692537814379 12113.07053696364 163.3658683747053 1.986245572566986 7646.943945802748 3476.608710132539 696.8164016231894 698.4951527044177 1101.153485611081 1.004388369619846 0.8272686004638672 47.12595921754837 965.8496354222298 68.02903877198696 2467.657792560756 3965.362221963704 2788.011433124542 879.9318718835711 236.6025508195162 19.74424780160189 2.983470574021339 9.644422739744186 3.836270526051521 619.4367330893874 880.0972437337041 1.538921281695366 0 0.8730676621198654 35.70257273316383 7.147495217621326 14.25180607289076 0.3593433648347855 1.57662533223629 0.1316053718328476 3.493846610188484 10.10374265909195 0.258514016866684 36.50391788780689 221.161070369184 0.5664773210883141 46.01915059238672 1.056247442960739 7.432092852890491 26.30930807441473 169.9988168105483 13.16542045027018 4.094533905386925 1131.823705926538 4131.505976751447 14.65604666620493 2.567645236849785 6.618232533335686 0.7460814788937569 0 0 38.69662392884493 16.30998224765062 129.3452194854617 733.0268669649959 101.1333894208074 30.65830420702696 4.716255247592926 0 1.596931524574757 1.599355101585388
22.59146338701248 0.3408071771264076 19.54397156089544 4322.597279153764 1.639051750302315 618.4761789143085 335.3510278537869 133.5619692653418 716.4871938452125 5070.786446064711 0.8434498831629753 1170.442292250693 2.159793667495251 101.8168547302485 107.1975755169988 3.452460259199142 1.201069459319115 0.3825730681419373 2.002373926341534 4202.687661275268 12.8451442271471 6.028110057115555 11.69973021000624 2040.073680594563 0 7.534022592008114 19.12895259261131 1935.84460388869 177.2523965537548 4.850416921079159 0 2.890592478215694 20.93435519188643 56.59881840646267 22.14649842679501 453.717701613903 9.511549860239029 225.0266874209046 93.63633310049772 213.9528393521905 12.614930331707 0.5170885249972343 7.520886823534966 2.13910648226738 0.7000251784920692 1.145209908485413 195.6819216385484 0 11.48059178888798 114.4730385094881 5.144027799367905 170.8723440021276 125.4333078041673 0.1024939268827438 151.609870903194 0 4.252459473907948 11.8489888459444 2.020173951983452 0.2028219103813171 0 0 353.2511721998453 0.4802744761109352 1.125801607966423 1.143521547317505 134.1432220488787 0 0.52841766923666 3.525698028504848 143.7919983863831 6.284112654626369 4.790847234427929 0.0817226842045784 0 0.7795201763510704 3.281149975955486 4.645422488451004 21.8556556776166 0.270386278629303 6.002668417990208 2.001052543520927 93.02153115719557 1.580748863518238 0 0.4304076731204987
0.2232957109808922 0.3647316694259644 0.4657814204692841 1.639051750302315 10.41971859335899 226.3291578665376 2.376890398561954 64.92296107858419 43.06363262236118 3.603011757135391 34.20329689979553 54.8802221044898 3.744737036526203 69.10468062758446 1822.747021019459 0 0.4083234220743179 5.48286309838295 6.328137084841728 4.036095581948757 0.2264436557888985 0.6958440169692039 0.2867003828287125 9.802265539765358 0.3114553689956665 17.80514972656965 4.937709338963032 2.136695042252541 259.8505815416574 0.2827383428812027 0.6275350749492645 71.82423461228609 0.1646299362182617 439.2860037237406 3.334882631897926 18.30870168656111 1.466415286064148 186.1323308050632 44.30693346261978 1318.436236128211 164.499264344573 0.6454696804285049 0.5061928629875183 0 0 0 0 0 0 0.2323331981897354 0 0 0 0 0.3316813707351685 0 0 0 0 0 0 0 0 0 0 0 0 0 0 0 0.2691253051161766 0 0 0 0 0 0 0 0.2095613777637482 0.5407788753509521 0 0 0 0 0 0
3.235531218349934 1.325433678925037 83.99489518254995 618.4761789143085 226.3291578665376 8055.176383897662 1323.393587850034 4628.029768973589 171.923525005579 8637.77173410356 22.53572984784842 3586.81620619446 6.994742788374424 586.3443682044744 1766.325243227184 1.345563672482967 9.592665463685989 8.96033239364624 15.36809719353914 1325.495933905244 16.55936549603939 4.747257560491562 46.8791808784008 224.6460673809052 0.8834692910313606 55.02339664846659 32.75572419166565 591.4677594080567 963.6188493967056 7.028394393622875 0.762954369187355 546.9175082817674 4.137034028768539 428.8856109082699 5.107967153191566 234.2359424754977 5.627210333943367 404.7173678353429 77.79517135769129 2076.835393324494 363.9887154772878 2.645755901932716 4.253967389464378 0.2554870918393135 0.08304102718830109 1.043841898441315 15.06435034424067 0 2.592013113200665 29.07425431162119 0.4030283242464066 8.638519376516342 5.561146557331085 0 23.85828718543053 0 0.350607842206955 1.726642861962318 0.946286529302597 0.08819082379341125 0 0.1364174485206604 32.96388871222734 0.5441426038742065 0.1031260266900063 1.662627048790455 20.97452444583178 0 0.1097435057163239 2.234358794987202 21.24235415458679 1.267355374991894 1.751921489834785 0 0 0.3270163610577583 0.3875873386859894 0 4.543815456330776 0.5006883889436722 1.469837918877602 0.4662344977259636 18.41929825395346 0 1.812918066978455 0
2500.54228579998 2.206890553236008 462.0657653585076 335.3510278537869 2.376890398561954 1323.393587850034 26089.86834684759 4550.451025485992 250.5749943181872 5795.605211853981 3.213451460003853 31.25802427530289 3.415395222604275 8605.685197144747 12.13992457836866 33.03332993388176 20.52344376593828 2.802353121340275 6.705033183097839 109.1337029263377 334.313399925828 15.98122110962868 543.3868602886796 1069.723626710474 0.3152123168110847 94.24955196306109 215.2573965974152 11372.38545077294 2246.915785223246 4719.357020653784 0.1469554752111435 8.452869556844234 278.777430139482 347.8943148851395 145.6558293551207 2483.673049122095 53.89455120265484 1303.636161744595 434.5238932073116 429.2641987428069 77.14143493026495 0.7262291014194489 19.36860970407724 17.84661474823952 2.995739229023457 9.642221629619598 105.8904957845807 0.1063036546111107 11.75159446150064 613.4302390068769 11.85464837402105 146.1454086899757 78.60876467078924 0.1325771808624268 20.85288096964359 0.1312199681997299 13.65000311285257 3.669038578867912 11.58738899976015 0.6401855424046516 0.1270322799682617 0.5279768109321594 157.6692140698433 7.796895250678062 5.911481082439423 19.28106314688921 394.0330430790782 0.7057808414101601 2.444617532193661 24.56489994376898 648.8041091226041 46.78588932752609 125.7697592899203 0 0 5.727247260510921 14.29803825169802 33.79027470201254 188.1272210925817 3.219036847352982 47.27756433933973 12.58455093204975 64.49908577650785 5.073265463113785 0.1077158525586128 1.594777390360832
572.5836924090981 4.823843270540237 1287.885379642248 133.5619692653418 64.92296107858419 4628.029768973589 4550.451025485992 8621.135506376624 40.96556009352207 3398.873798370361 81.58136238157749 838.9939624518156 15.68190126866102 5725.612025327981 491.1370378956199 3.236118018627167 269.308448202908 37.56463017314672 81.42967734485865 605.4816087037325 160.8641288205981 2.45689932256937 682.0109350383282 453.6928249150515 1.188263490796089 513.1985506415367 279.4843401312828 631.5894157215953 2100.7566293329 335.9358621314168 1.253858663141727 794.9898431897163 17.31925217062235 767.2010733038187 15.26521794497967 319.4914916604757 51.3926944732666 984.7992720752954 166.0584553703666 984.5864212810993 306.9434037134051 6.874043494462967 10.08840606361628 1.923151299357414 0.9784696474671364 4.337995089590549 30.32881590723991 0 3.39245830476284 123.7028525397182 3.001230098307133 23.45100621879101 23.00650211423635 0.232833057641983 10.63504984974861 0.2881736904382706 2.487923584878445 1.444277860224247 2.989541508257389 0.497806079685688 0 0.06938792765140533 49.38399140536785 2.065741613507271 1.973444007337093 5.753741472959518 81.82820597290993 0 3.777853086590767 20.28042172640562 113.2887524589896 9.787483416497707 15.26184629648924 0.1146651580929756 0 0.5306588038802147 2.864791434258223 3.620364412665367 23.89750856161118 1.603457532823086 8.610898613929749 1.634033128619194 4.638663947582245 1.763356275856495 0 0.9006127119064331
5.07296921312809 569.0105155408382 31.4394975155592 716.4871938452125 43.06363262236118 171.923525005579 250.5749943181872 40.96556009352207 1111.805643327534 142.8517333045602 3.330747060477734 505.7068967670202 49.83917557448149 15.60002284497023 774.8382354825735 87.85536915808916 1.181032679975033 0.4917163476347923 2.884998671710491 653.9499932155013 14.02302117645741 3580.268885850906 17.65814362466335 11497.8482041508 88.35545310378075 264.7611193358898 1039.272997908294 1251.303785584867 18.88934691995382 31.10506051778793 5.127494819462299 0.5061423778533936 1.361754477024078 5.660756580531597 2.488230064511299 371.5743622481823 65.97009231895208 26.18118561804295 10.11501993983984 463.1908245310187 4.909741677343845 1.298817664384842 1.51335384696722 11.72467871755362 16.15612477809191 2.578277617692947 266.3256193771958 0.5241725742816925 11.74320901930332 276.6962139829993 5.670400887727737 113.1549204513431 110.2394484654069 0.7985101342201233 129.4094882458448 1.489356480538845 10.02489031851292 25.71504661440849 27.57715728878975 0.188011646270752 0.3006076216697693 0.4979979619383812 465.3526472821832 19.58377327769995 45.57813648879528 5.376229897141457 836.9440072402358 0.6670282259583473 4.17520871758461 13.01911579817533 564.9421969056129 32.9228533655405 124.059585660696 0.5642482340335846 0 5.894752517342567 7.740105547010899 4.672791011631489 76.91919881850481 3.18044525384903 17.66230669617653 7.274505972862244 51.48797315359116 1.694269701838493 0.9111396074295044 1.576100319623947
112.2656956464052 1.000757224857807 93.79140389710665 5070.786446064711 3.603011757135391 8637.77173410356 5795.605211853981 3398.873798370361 142.8517333045602 38596.11054187268 6.925328530371189 4675.319926910102 5.65339882671833 1680.089195497334 25.20252364873886 4.358112923800945 3.693134315311909 4.10415455698967 8.357535555958748 11231.97568906099 42.66554766148329 3.37090240418911 61.72682598978281 636.2654586285353 0.6237281262874603 39.29616679251194 45.7005917057395 2917.849483788013 478.5544089376926 9.913217648863792 0.1721837669610977 10.64807301014662 40.03029530495405 216.0923694819212 36.48660431057215 754.3058879971504 30.98530816286802 864.142919421196 289.183097653091 376.1875982284546 71.59716511517763 1.400698579847813 26.0907276943326 0.878558449447155 0.5090059190988541 1.572503492236137 61.42206487059593 0 4.847086399793625 69.23116623610258 1.166705116629601 60.55002824217081 37.10437358915806 0 58.60679569840431 0 1.016560263931751 3.670707508921623 3.055230185389519 0.1338663995265961 0 0.1250827759504318 124.8244945704937 0.2745596542954445 0.5495650693774223 4.252752102911472 61.78955931961536 0 0.3030238822102547 4.982974827289581 67.71031365543604 2.73879212141037 3.304551102221012 0 0 0.1461175382137299 0.8318919911980629 8.983658686280251 18.54823170602322 1.482667148113251 5.246509090065956 2.164089977741241 31.73031176626682 0.7050372213125229 0 0.3718873709440231
2.02562765032053 50.39070390164852 7.682007774710655 0.8434498831629753 34.20329689979553 22.53572984784842 3.213451460003853 81.58136238157749 3.330747060477734 6.925328530371189 9759.827012233436 20.72510434687138 2346.666689537466 156.9281101897359 1.74580992013216 1.421687260270119 70.58180775493383 3940.716145575047 1592.203846745193 8.673896849155426 0.8109817653894424 21.94203869998455 4.278064124286175 2.089929357171059 287.5992676690221 3491.478177390993 713.4721889570355 2.609886392951012 361.3367288708687 2.620166316628456 366.587575815618 216.6591245532036 0.3507161214947701 5792.886237464845 6.932366527616978 353.1378248780966 3215.205109797418 4539.586426481605 625.895979590714 33.51544275134802 42.02809724956751 814.6593895331025 13.76814384013414 0.1502272486686707 14.41479681432247 0 0.06842309236526489 0 0 1.105535261332989 0.2223264500498772 0.5255081802606583 0 75.80363613367081 0 750.7694885283709 0.2796639278531075 0.4153504967689514 0.3031773120164871 0.2466242387890816 6.753878809511662 5.131226174533367 0.1865221112966537 0 0.7372747585177422 0 1.628679066896439 85.66856922209263 60.52347434312105 128.3416371196508 0.1461755037307739 0.1931072771549225 0 86.86516929417849 0 0.2191765010356903 1.171592935919762 2.847905814647675 40.15310326218605 252.0115621909499 7.13695165514946 3.181443639099598 0.09624024480581284 1.240237802267075 39.08997876942158 4.974716395139694
2.323934577405453 5.86483471095562 1.497896589338779 1170.442292250693 54.8802221044898 3586.81620619446 31.25802427530289 838.9939624518156 505.7068967670202 4675.319926910102 20.72510434687138 7347.356504015625 11.61144645512104 541.670890673995 1371.755709439516 0.2786015197634697 4.695099875330925 11.79382308572531 24.18656712770462 6733.972694061697 0.4563370123505592 44.83912892639637 1.639872066676617 873.3211617842317 1.678672425448895 52.98544379323721 38.33140153437853 188.5619491264224 382.2861065119505 1.837765783071518 0.5023546740412712 38.2884221598506 0.5167796686291695 296.4697683602571 6.811435997486115 715.7348437309265 15.89198398590088 862.91540453583 124.1933710873127 2647.546082824469 94.85135561227798 2.154487356543541 12.68836075812578 0.3120843768119812 0.1165303587913513 0.2923227548599243 63.10920861363411 0 8.940994247794151 31.71855221688747 0.7259921580553055 43.48731742799282 42.35514460504055 0 198.6804763674736 0.3822786882519722 0.5099456161260605 6.9836216121912 0 0 0 0 134.3256633505225 0 0 0.6760856360197067 39.7017657905817 0 0.3024348020553589 0.1830204799771309 38.44489482790232 0.1359582245349884 0.4541410058736801 0 0 0 0.3779560923576355 2.937067523598671 25.66789105534554 0.2773294746875763 0.8159492015838623 0.5635556876659393 121.463781952858 1.010017991065979 0.7993994131684303 2.089532375335693
1.008301891386509 815.7881601676345 6.789277739822865 2.159793667495251 3.744737036526203 6.994742788374424 3.415395222604275 15.68190126866102 49.83917557448149 5.65339882671833 2346.666689537466 11.61144645512104 4343.711658984423 15.84165374189615 3.919723033905029 11.36241289228201 8.478128187358379 77.23080269247293 18.55060455948114 7.280709289014339 10.67511090636253 326.4867182672024 24.66339646279812 17.2259528413415 3148.680364355445 495.038215495646 3184.57258605212 8.444499172270298 23.54510579258204 8.13790674507618 706.0607565045357 16.18788545578718 0 822.5673357024789 30.58776926994324 1928.988658629358 5238.862927779555 5948.530762918293 888.4766087010503 172.5171096920967 187.7394016906619 1158.912026926875 31.17698235809803 0 32.21688303351402 0.1948487758636475 1.22657322883606 0.2514565587043762 0.08319845050573349 1.097069829702377 0.3777909427881241 4.234747029840946 0.08676696568727493 185.276920042932 0.1364578455686569 1691.26946850121 0.1417122036218643 0.2773308008909225 0.6846359372138977 0.08415947109460831 16.34919554740191 4.926434598863125 0 0.9718577861785889 0.7781072854995728 0.1114112511277199 1.445775292813778 264.6503402888775 167.224615521729 363.0996822491288 1.507858477532864 0.6420635282993317 0.2782608345150948 222.1040740981698 0.07831279933452606 0.1073157861828804 11.08813183009624 25.59534832835197 226.1365964710712 504.1605354622006 46.94689636677504 32.68062768876553 9.840024098753929 7.792797707021236 95.06107142567635 6.634286716580391
5061.062596261501 12.17311406880617 1123.620829887688 101.8168547302485 69.10468062758446 586.3443682044744 8605.685197144747 5725.612025327981 15.60002284497023 1680.089195497334 156.9281101897359 541.670890673995 15.84165374189615 12222.35122408718 45.85661299526691 2.426934443414211 320.1494119614363 84.12493428587914 188.0292450562119 363.6881181821227 158.360287822783 3.223052226006985 744.4318623095751 232.6719229668379 6.457948088645935 602.2564564719796 303.2086356803775 473.2509449273348 9275.728751599789 1043.326515682042 4.144466228783131 341.73873282969 70.07723040133715 1296.351410888135 8.254782855510712 270.6664430350065 51.40630884468555 1795.444589301944 154.8077872619033 397.0673109665513 138.0364167615771 7.448158353567123 6.603679910302162 1.953141778707504 0.4072003066539764 2.289651215076447 3.843058653175831 0 0.4787698835134506 35.30931062996387 1.697613544762135 9.015387356281281 4.252644404768944 0 2.085449397563934 0.2699624001979828 0.2464814707636833 0.1934078112244606 2.828841410577297 0.6650818362832069 0 0.1641934514045715 10.9947928711772 2.012868247926235 0.6513348817825317 4.828262202441692 24.47180017828941 0.1558918282389641 3.00635702162981 13.608208745718 49.13265915960073 2.923870421946049 8.495892524719238 0 0 1.189956471323967 1.426630340516567 1.595624059438705 12.94347171485424 2.394274890422821 5.080070197582245 1.483776278793812 2.325730256736279 0.1807330697774887 0.2185832560062408 0
0 7.741984739899635 0.3789764046669006 107.1975755169988 1822.747021019459 1766.325243227184 12.13992457836866 491.1370378956199 774.8382354825735 25.20252364873886 1.74580992013216 1371.755709439516 3.919723033905029 45.85661299526691 385.7446350753307 0.2749709784984589 0 0.5958373844623566 1.191624954342842 136.0341280922294 0 78.52408336102962 0.116057388484478 872.3090104833245 2.043723791837692 5.012118816375732 18.401088796556 36.64301001280546 83.62954214215279 0 0 457.4908609613776 0 27.50974691659212 0 91.91767468303442 2.499965123832226 9.075605794787407 0.8844414800405502 1352.790101587772 206.0422766804695 0 0 0 0 0 3.064087226986885 0 0.1909892112016678 4.218285538256168 0 2.802208945155144 6.402903467416763 0 13.05449378490448 0 0.09454477578401566 0.4592607170343399 0 0 0 0 10.20672684907913 0 0 0 5.382248014211655 0.2963478267192841 0 0.1649735569953918 2.054492011666298 0 0 0 0 0 0 0 3.095229983329773 0 0 0 16.50895327329636 0 0 0
0.3031041398644447 141.6971327513456 42.32300577312708 3.452460259199142 0 1.345563672482967 33.03332993388176 3.236118018627167 87.85536915808916 4.358112923800945 1.421687260270119 0.2786015197634697 11.36241289228201 2.426934443414211 0.2749709784984589 2235.754323877394 13.91902028769255 0.4249906837940216 1.470686011016369 0.3346249237656593 1683.908976361156 2140.885181047022 3380.809444002807 2263.004510894418 7.20381224155426 71.75597698241472 3221.160765253007 1130.415883556008 2.524432629346848 492.2977090328932 0.2925558313727379 0 0.464845135807991 111.106911636889 97.29299481958151 2677.580646336079 692.2916392311454 1035.737553372979 835.0332829505205 113.4631434381008 11.13699491322041 2.894392311573029 12.16276048123837 2.398562654852867 3.14040419459343 75.99469040334225 0.9698250740766525 0 0.9315531998872757 40.72068393230438 3.300218150019646 15.51950494945049 2.529272235929966 0.1119585260748863 0.4264847412705421 0 2.638783663511276 0.3859516382217407 2653.826689556241 2.009802937507629 0 0.5087098181247711 0.1314608752727509 914.9399546682835 233.0197665244341 1675.903952769935 182.9513429403305 0.1430733203887939 5.123380035161972 943.1941316276789 325.6951267644763 2.660513184964657 219.3453565016389 0 0 0 4.507326602935791 10.90487089008093 848.6385322958231 36.78422302752733 17.52389124035835 11.16448050737381 24.43020435422659 0 0 0
153.545529268682 26.27865421026945 2970.546215258539 1.201069459319115 0.4083234220743179 9.592665463685989 20.52344376593828 269.308448202908 1.181032679975033 3.693134315311909 70.58180775493383 4.695099875330925 8.478128187358379 320.1494119614363 0 13.91902028769255 1917.437947317958 211.3230519369245 2516.92595859617 3.469413481652737 355.0300920754671 22.94591416418552 3949.658629886806 31.5903457775712 1.628262378275394 984.1257382705808 4481.062012888491 28.55886777490377 1057.776710599661 567.82160577178 0.2225800901651382 2.414314307272434 180.1029356718063 2152.758743748069 11.34725566953421 733.4164908230305 1709.713158920407 2197.450197018683 515.7958348616958 40.68143004924059 7.220875851809978 10.30037677288055 2.774684987962246 0 27.99185582995415 13.82219552248716 0 0 0 0.6378529444336891 0.1070964559912682 0.8260431587696075 0.1208400800824165 0.1346496641635895 0 1.016570031642914 0 0 0.6590034961700439 15.78626956045628 0.3616980612277985 4.480082534253597 0 0.4697009027004242 0.4096649289131165 2.185882396996021 0.5111364722251892 0.09822081029415131 124.1790130287409 159.1883799806237 1.213652446866035 0 0.3719926923513412 0.3159846737980843 0 0 0.8326838612556458 2.598664343357086 6.126004800200462 44.61856608092785 4.301144674420357 1.37828279286623 0.5173563659191132 0 0 0
1.052812360227108 2.656623415648937 32.72709197551012 0.3825730681419373 5.48286309838295 8.96033239364624 2.802353121340275 37.56463017314672 0.4917163476347923 4.10415455698967 3940.716145575047 11.79382308572531 77.23080269247293 84.12493428587914 0.5958373844623566 0.4249906837940216 211.3230519369245 845.623893506825 2172.501763567328 5.219970494508743 0.6469497084617615 10.91535880416632 15.26875047385693 2.868255116045475 7.001313552260399 3194.335041925311 583.0553320720792 1.553430527448654 141.3298159763217 1.914978913962841 50.53626427054405 45.07884901016951 1.204290151596069 1063.298435106874 4.800423622131348 227.455043964088 397.3475765287876 717.9584080278873 231.1605042591691 12.48439557850361 6.620648503303528 3.119609169661999 0.9192740395665169 0 2.546516843140125 0 0 0 0 0.3636608421802521 0.207743763923645 0 0 2.25820379704237 0 31.67344661056995 0.10712780803442 0 0 0.3263571187853813 5.325979970395565 1.920992590487003 0 0 0 0.3304014801979065 0.08700215816497803 4.384422175586224 40.58458136022091 77.79564960300922 0 0.0759657621383667 0 11.70960069447756 0 0 0.4875161871314049 2.750206716358662 7.191330350935459 3.161978736519814 1.452303469181061 0.6810948103666306 0 0 0 0
13.3780589774251 16.16005417704582 224.0498115122318 2.002373926341534 6.328137084841728 15.36809719353914 6.705033183097839 81.42967734485865 2.884998671710491 8.357535555958748 1592.203846745193 24.18656712770462 18.55060455948114 188.0292450562119 1.191624954342842 1.470686011016369 2516.92595859617 2172.501763567328 2183.755623623729 11.03562676161528 10.04718650132418 11.24357716739178 100.8737313523889 8.505893480032682 6.068181023001671 5410.79303252697 3053.475957468152 5.231531202793121 329.8740314915776 20.98429905623198 1.250270515680313 49.38938678056002 20.8942751288414 2896.935758635402 8.808907389640808 700.5341924726963 1011.111017070711 1864.794633761048 498.1292862445116 36.12464387714863 3.911588907241821 9.033278226852417 2.454924844205379 0 12.074896723032 1.429460138082504 0 0 0 0.3078625351190567 0 0.2197315618395805 0 1.280953973531723 0.1343133896589279 8.230118505656719 0.08478947728872299 0 0 2.068881586194038 5.792341664433479 7.4400644749403 0 0 0 0.1008108854293823 0 2.455733172595501 137.5580629259348 113.7131201475859 0.4212819486856461 0.1973457932472229 0.1007763668894768 2.955754794180393 0 0 1.286933600902557 3.12665481865406 9.986613571643829 15.64797895401716 2.977224014699459 1.588767141103745 0 0 0 0
13.81079530715942 1.001377187669277 6.948138855397701 4202.687661275268 4.036095581948757 1325.495933905244 109.1337029263377 605.4816087037325 653.9499932155013 11231.97568906099 8.673896849155426 6733.972694061697 7.280709289014339 363.6881181821227 136.0341280922294 0.3346249237656593 3.469413481652737 5.219970494508743 11.03562676161528 1918.268827848136 2.599347174167633 0 5.109284222126007 697.2326947599649 0.4462150484323502 25.68652579933405 18.18955801427364 883.6814131438732 415.439224049449 6.097264900803566 0.2510892376303673 14.85425961017609 23.61131984740496 234.1717480123043 60.69176775962114 1325.846857905388 33.55735649168491 1034.947285115719 379.5634188950062 1123.43374761939 107.1477321237326 1.460348382592201 38.45201828330755 2.906699739396572 0.4227996841073036 2.858392529189587 197.9793058633804 0.1736376136541367 17.23652242124081 192.6660007610917 7.297719769179821 180.9356752336025 160.4680662378669 0.5268545299768448 218.6348973140121 0 5.646103262901306 15.57634138315916 0.8018306195735931 0.1252214908599854 0 0 463.5371912121773 0 2.38213636726141 3.018879882991314 173.552767559886 0 0.4046907722949982 1.425359889864922 180.7823316603899 9.468172051012516 5.803062044084072 0 0 1.517140164971352 3.678029112517834 13.47374184429646 45.72901649028063 0.7551053315401077 9.741873309016228 3.632043652236462 166.3514353558421 1.13555745780468 0.1281310766935349 0
45.28110583871603 4.065926842391491 739.499845571816 12.8451442271471 0.2264436557888985 16.55936549603939 334.313399925828 160.8641288205981 14.02302117645741 42.66554766148329 0.8109817653894424 0.4563370123505592 10.67511090636253 158.360287822783 0 1683.908976361156 355.0300920754671 0.6469497084617615 10.04718650132418 2.599347174167633 19870.02240410447 50.22027207165956 13457.25250868499 880.2844504415989 0.0970868393778801 39.36405068635941 274.2202321663499 4972.432281062007 222.0517596378922 10881.00445298105 0.1045733094215393 0.5517722368240356 12.89626375585794 2283.060738272965 222.8731450289488 4753.075183749199 785.2538706064224 5114.800852075219 2342.5480556041 160.5225704014301 20.57319559156895 4.102513059973717 26.2052400931716 0 0.4156247228384018 2.409549802541733 0.1025882586836815 0 0 13.54400676488876 0.1973698139190674 4.847020074725151 0.7914480417966843 0 0.6519119739532471 0 0.2003487199544907 0.08818803727626801 520.7737099453807 0.5653095468878746 0 0.1084617152810097 1.278416261076927 433.3071454390883 29.81604277342558 159.7176127806306 67.82782811671495 0 1.858117073774338 19.88556166738272 146.9346803426743 1.993341043591499 120.3606302663684 0 0 0.1272484213113785 1.348911643028259 31.68491820245981 230.7000754252076 8.48429174721241 3.254247486591339 6.44017505645752 13.75756480544806 0 0.8458800464868546 0.134794756770134
2.007313087582588 1380.218165390193 440.6692537814379 6.028110057115555 0.6958440169692039 4.747257560491562 15.98122110962868 2.45689932256937 3580.268885850906 3.37090240418911 21.94203869998455 44.83912892639637 326.4867182672024 3.223052226006985 78.52408336102962 2140.885181047022 22.94591416418552 10.91535880416632 11.24357716739178 0 50.22027207165956 1745.26087616384 92.43128325045109 5409.213070981205 467.205042116344 880.1516152322292 6866.716158762574 207.6542754545808 8.353233680129051 33.66077499091625 37.31735759973526 0.2152047678828239 2.071560755372047 19.33998546749353 0.410516083240509 79.5864727050066 37.51901292055845 55.25264904648066 24.1523700132966 92.721201390028 0.4913181439042091 32.18318511545658 0.2857750654220581 1.610794179141521 22.64485917240381 150.2143693342805 2.54953421652317 0 0.2119336724281311 32.90360730886459 2.143276311457157 56.1262220069766 0.7170715406537056 5.237816244363785 1.343219101428986 62.5736880749464 4.059006847441196 0.6698333472013474 386.3441022187471 23.22942033410072 7.217906951904297 18.11086083948612 0.7255982384085655 55.0602944418788 104.5363964140415 278.2686845734715 170.4821494519711 11.78306126594543 420.3826128765941 2229.804501473904 138.107088662684 3.928208954632282 42.78486014902592 6.157531753182411 0.1557528898119926 0.4236191362142563 7.903492398560047 2.055966466665268 47.65099256485701 35.70217288285494 29.53536226600409 10.27198752015829 3.160461828112602 0.5715141445398331 2.923193737864494 0.08972293883562088
237.4328482076526 12.11896581202745 12113.07053696364 11.69973021000624 0.2867003828287125 46.8791808784008 543.3868602886796 682.0109350383282 17.65814362466335 61.72682598978281 4.278064124286175 1.639872066676617 24.66339646279812 744.4318623095751 0.116057388484478 3380.809444002807 3949.658629886806 15.26875047385693 100.8737313523889 5.109284222126007 13457.25250868499 92.43128325045109 16505.06136833131 912.8773474097252 0.250530906021595 1914.875337295234 11051.28316240758 3529.631051048636 670.8922385424376 4605.329942122102 0.1077321842312813 0.5142709016799927 42.64729934930801 1951.653820984066 298.710464335978 6856.53825955838 4563.297347165644 7804.030945464969 4104.059697978199 472.6809178367257 56.7901263833046 8.28877355158329 32.06317743659019 2.108007922768593 6.513827167451382 192.9453286379576 1.354921855032444 0 0.6387765407562256 38.80397772043943 5.092398643493652 8.101032435894012 2.309058412909508 0.1618379801511765 1.084733799099922 0.2120975181460381 6.868937067687511 0.384198397397995 961.9043041393161 3.994752943515778 0 0.1161100715398788 1.884160980582237 186.721985861659 79.90062791109085 940.9919722676277 46.69420895725489 0 12.21116130053997 1187.10370811075 69.10023538023233 4.750620789825916 42.09536192566156 0 0 0 5.929113507270813 74.64840731024742 340.1619530245662 121.587204515934 20.34288123995066 29.14417815208435 5.827700354158878 1.867257654666901 2.115919500589371 0.5545285791158676
76.79171881824732 236.8936432376504 163.3658683747053 2040.073680594563 9.802265539765358 224.6460673809052 1069.723626710474 453.6928249150515 11497.8482041508 636.2654586285353 2.089929357171059 873.3211617842317 17.2259528413415 232.6719229668379 872.3090104833245 2263.004510894418 31.5903457775712 2.868255116045475 8.505893480032682 697.2326947599649 880.2844504415989 5409.213070981205 912.8773474097252 11781.01330468059 26.08559439331293 222.219759747386 3258.961909539998 12233.6784247309 497.9686663895845 611.0231837928295 1.658153370022774 3.283197745680809 98.34771543741226 190.4576906040311 97.35023956745863 2290.742731712759 76.40707271546125 822.6616638824344 339.959338016808 1005.932653039694 75.89854419976473 1.805813536047935 25.58649472892284 39.42026890069246 10.14708575606346 21.5331906452775 292.5669877752662 0.404183104634285 26.92499901354313 916.7217649593949 20.4058628231287 730.8368003219366 168.4297266975045 0.6776052191853523 161.436817355454 0.4041593745350838 26.21664539724588 19.24913187325001 230.2318270280957 2.273197829723358 0.3616615831851959 0.8843612149357796 523.2815834060311 248.4139768779278 57.93685086071491 70.50325662642717 1225.849714569747 0.3202632144093513 9.543145038187504 90.28636931627989 1868.119641460478 104.0366090238094 567.2516060546041 0.1271725408732891 0.1646516099572182 10.82067160308361 25.07389465719461 29.2357305213809 211.917802721262 10.18890002369881 68.10075820237398 22.06216810643673 109.5698333084583 6.969880245625973 1.25189197063446 2.834566324949265
0.1365301162004471 1029.954946063459 1.986245572566986 0 0.3114553689956665 0.8834692910313606 0.3152123168110847 1.188263490796089 88.35545310378075 0.6237281262874603 287.5992676690221 1.678672425448895 3148.680364355445 6.457948088645935 2.043723791837692 7.20381224155426 1.628262378275394 7.001313552260399 6.068181023001671 0.4462150484323502 0.0970868393778801 467.205042116344 0.250530906021595 26.08559439331293 939.0371247902513 522.9385028332472 2794.306849375367 1.6454888433218 5.959930263459682 0 473.8290597647429 2.091175697743893 0.1393690407276154 111.1749124675989 0.6379834711551666 65.77469846606255 304.0322657600045 221.7111047804356 48.87053336948156 3.265464603900909 13.22191324084997 147.4201659783721 21.77751088142395 0.07776669412851334 11.88476515561342 0.1283716112375259 0 0 0 0 0.06911841034889221 0.8386311531066895 0.09305587410926819 54.33212435245514 0 458.2510502412915 0.1677129715681076 0.4582487344741821 0 0 5.659733466804028 3.139145486056805 0.09425137937068939 0 0.2229526713490486 0.3236753344535828 0.5173405483365059 73.43243818730116 88.46011456102133 197.4024240002036 0.295234352350235 0.09745431691408157 0 52.1784802749753 0 0 3.209299981594086 0.7971538901329041 6.459242194890976 146.0217381641269 2.558539226651192 0.2003808617591858 0 0 23.1300902068615 0
86.65625448524952 1324.883151903749 7646.943945802748 7.534022592008114 17.80514972656965 55.02339664846659 94.24955196306109 513.1985506415367 264.7611193358898 39.29616679251194 3491.478177390993 52.98544379323721 495.038215495646 602.2564564719796 5.012118816375732 71.75597698241472 984.1257382705808 3194.335041925311 5410.79303252697 25.68652579933405 39.36405068635941 880.1516152322292 1914.875337295234 222.219759747386 522.9385028332472 22159.64354284853 13421.33926092088 102.2129876613617 649.0263407155871 146.8470520973206 724.637776479125 133.189725369215 17.2900023162365 2656.521575972438 35.01038907468319 2257.717193692923 5366.482278309762 4139.20038985461 1445.462632596493 114.6792083233595 22.71984745562077 59.70942084491253 7.311069943010807 0.7621617689728737 631.6761844903231 39.07112427800894 0.3254786506295204 0 0.5417199954390526 3.501799963414669 3.529905535280704 5.511962287127972 0.5487258210778236 76.03089319169521 0.8645817935466766 828.0902238413692 4.575113605707884 0.457838661968708 5.621668621897697 83.46211357414722 216.6096152886748 278.849829249084 0.9206235557794571 0.7381863966584206 4.347285516560078 7.607262834906578 3.923964872956276 146.4517752677202 3440.928318686783 4365.508128240705 3.563836947083473 4.249941892921925 1.43445797264576 211.1739778891206 0.5521141588687897 0.1131619140505791 27.80282051116228 14.92997749149799 99.15458507090807 374.9375182017684 94.82850012183189 18.74126504361629 1.85841292142868 0.4042388573288918 2.22458228468895 0.8606351017951965
49.6334111392498 6686.622866205871 3476.608710132539 19.12895259261131 4.937709338963032 32.75572419166565 215.2573965974152 279.4843401312828 1039.272997908294 45.7005917057395 713.4721889570355 38.33140153437853 3184.57258605212 303.2086356803775 18.401088796556 3221.160765253007 4481.062012888491 583.0553320720792 3053.475957468152 18.18955801427364 274.2202321663499 6866.716158762574 11051.28316240758 3258.961909539998 2794.306849375367 13421.33926092088 23113.51678781211 779.4411659687757 388.615825548768 124.0239704996347 1067.87091679126 42.70833154022694 19.72107676416636 2944.468586072326 148.9762578010559 6744.737340807915 4856.083708547056 8092.28013882786 2633.403992243111 567.9344747215509 33.32126029580832 34.4935490489006 27.41227760910988 4.115854263305664 1159.6372057423 1026.055512562394 1.954182162880898 0.07136587053537369 2.667214691638947 74.23129600286484 16.39343375712633 31.40474402159452 2.092895321547985 62.53571543097496 1.345929205417633 771.4869158416986 19.25331903249025 1.261684373021126 389.3635455816984 155.7323217093945 132.3118646591902 182.895630851388 0.9073289111256599 37.12234155833721 120.3440565392375 780.956406891346 43.47962544858456 228.4857921525836 3494.463466800749 8456.326437972486 46.20680627971888 9.290167413651943 16.0992963090539 204.6562291681767 0.2795815691351891 0.1051449850201607 54.24624343961477 48.59053152054548 254.8910698592663 767.5599111095071 170.6024885475636 50.4189435839653 6.191004574298859 2.393425196409225 3.70963341742754 1.844504505395889
105.765976563096 12.98887106031179 696.8164016231894 1935.84460388869 2.136695042252541 591.4677594080567 11372.38545077294 631.5894157215953 1251.303785584867 2917.849483788013 2.609886392951012 188.5619491264224 8.444499172270298 473.2509449273348 36.64301001280546 1130.415883556008 28.55886777490377 1.553430527448654 5.231531202793121 883.6814131438732 4972.432281062007 207.6542754545808 3529.631051048636 12233.6784247309 1.6454888433218 102.2129876613617 779.4411659687757 19329.44859125093 601.2771341577172 8191.812098048627 0.07839652895927429 4.50973355025053 145.3909360766411 652.7267048433423 226.2935866639018 3869.656119562685 108.3834832981229 1678.558682538569 689.444138802588 384.8931742832065 56.78274816274643 0.7983960509300232 22.49077776819468 50.87717438489199 4.131072960793972 16.03404749184847 130.8876192942262 0 16.43730833381414 937.6661988571286 14.85902320221066 388.2304881960154 88.17882037162781 0.6187578439712524 57.61285471916199 0.4051587209105492 27.41490767523646 7.385902225971222 141.9331865608692 2.937398254871368 0.6505331918597221 0.5109294056892395 202.1627444922924 174.8150707632303 27.37330348044634 41.14153718948364 1051.126235954463 0.1575273722410202 8.889589209109545 42.39420138299465 2098.049926951528 131.3427441716194 819.7329524755478 0.08465639501810074 0.1473550647497177 10.02741935104132 28.69289831072092 47.78722769767046 229.3322953358293 6.551069289445877 64.2362672239542 24.33884198963642 89.21902067214251 5.670788466930389 0.2409056201577187 2.895168907940388
