726.6361485943198 0.9472980424761772 48.89143121242523 36.33575868234038 0.0876171663403511 33.80934862792492 1963.07109535858 570.2976036444306 2.843457564711571 64.94150171428919 1.112408898770809 1.820096753537655 0.3670906946063042 4130.470371089876 0 0.409699559211731 4.900413200259209 0.3160917460918427 1.173465020954609 12.25250852108002 24.48915360122919 0 14.59232955425978 173.9903694391251 0 32.27253001183271 22.93623875826597 232.4441915564239 2551.233695358038 3739.412002265453 0 0.9040962606668472 146.4658843427896 51.49461178481579 1.854186743497849 20.26036529615521 3.21863579750061 42.16194424778223 10.53970736265182 1.281863678246737 0.1580359190702438 0.2473761588335037 0.1363382041454315 0 0.2989516705274582 0.2662114575505257 0 0 0 1.527710735797882 0.4647783562541008 2.868807896971703 0.5400746762752533 0 0 0 1.317209385335445 0 1.045546852052212 0 0 0 1.771332547068596 0.257993258535862 0 0 13.75581354647875 0 0.2679308354854584 0.2414812743663788 18.21074995398521 0 0.4113757908344269 0 0 0 0.7608969807624817 0 5.437839239835739 0.4726892337203026 0.4907524138689041 0.5065768957138062 5.008952498435974 1.074122428894043 0 0
0.9472980424761772 217.9339483305812 90.6648603528738 0 0 0.1034929677844048 2.902715153992176 1.650290995836258 965.2837252020836 0 99.88512788712978 0.3076696842908859 445.3039774224162 1.299935355782509 2.765897244215012 175.1365880891681 183.0531589016318 4.529330536723137 19.29152710735798 0 28.39833714067936 2893.014896117151 21.43744871765375 822.8527871370316 4143.404591590166 746.7145273461938 6060.130365930498 39.99542779475451 7.105820029973984 13.20969761162996 52.87518552690744 0 1.275214865803719 45.2290330901742 0.964511051774025 34.98734718561172 68.51281426846981 57.36866235733032 13.88644499331713 8.331625811755657 0 0 0 0.07699254900217056 35.83381399512291 342.5534518733621 0 0 0.1288136392831802 0 0 2.112653315067291 0 5.203118786215782 0 14.73133726418018 0 0 4.939324930310249 7.117951594293118 2.85809101164341 6.595369234681129 0.1555654257535934 0.1522268950939178 21.8190648406744 4.672997996211052 2.522916212677956 328.1988711208105 216.5948810428381 1368.820978410542 0.1307002305984497 0.2121490612626076 0 2.8530587926507 0 0 0.7992868721485138 0 6.810761280357838 71.18836029618979 6.080947265028954 1.117974452674389 0.5533290058374405 0 0.5116939395666122 0
48.89143121242523 90.6648603528738 3747.665257431567 2.443109430372715 0.0869373083114624 2.466086693108082 292.03814791888 51.04577952995896 5.003924913704395 1.569443844258785 1.649668715894222 0 2.318531468510628 98.1529877409339 0 32.62887096405029 2588.81077324599 3.907701186835766 31.82996835559607 1.199669651687145 2881.551269114017 402.8064966723323 10770.53307736665 243.3199553638697 0 7362.640088699758 9015.963456831872 539.2077285498381 437.2712775692344 1636.117032282054 0.3826146125793457 0.3894591331481934 48.51951310038567 372.6442859321833 24.11842364817858 1633.531983286142 3583.286991253495 562.6524432078004 431.7200031131506 121.2740389704704 1.43948782235384 4.641001790761948 8.206147484481335 0 145.7234926819801 1372.930864647031 1.14817351102829 0 0 1.80323988199234 0 0.8467925488948822 0.1619140356779099 2.748841568827629 0 0.2194559574127197 0.5441198498010635 0 45.89285868406296 81.69005811959505 0 1.945420309901237 0 8.765417955815792 229.5510906279087 93.23718713223934 6.262558601796627 0.2309245616197586 179.1707972362638 1416.577737823129 16.69666617363691 0.7220840156078339 2.764294967055321 0 0 0 6.816195502877235 10.87310545146465 64.86336267739534 842.3102893084288 23.76904191076756 11.42502252012491 3.251531533896923 0.5248678922653198 2.558960810303688 0.6298744976520538
36.33575868234038 0 2.443109430372715 1667.434446930885 2.276005744934082 152.3316145688295 356.3087893873453 146.888753015548 1159.315631590784 736.4382887743413 2.055580839514732 2186.512555647641 1.690906696021557 183.8156908340752 34.92640115693212 0.09429736435413361 0.1056518033146858 0.9733043238520622 2.124642711132765 3759.949690137058 0.8308255523443222 0 0.6382676213979721 1807.530756443739 0.1130633950233459 3.55993465706706 1.492464542388916 5112.630594477057 252.6676203496754 22.0105931982398 0.1078200936317444 3.517457652837038 9.185867507010698 70.19723946973681 10.90922299772501 197.6790069192648 6.258104577660561 153.0873908214271 51.62732145562768 363.1290712766349 5.153906956315041 2.93577367067337 2.481278371065855 2.03325329720974 0 0 205.2718608826399 0 10.20772702991962 40.85832955688238 3.3161795809865 239.0246779024601 115.643280044198 0.3409824147820473 40.39654606580734 0.08898758143186569 10.69232442975044 10.5937701612711 0.09226923435926437 0 0.07371088117361069 0 171.7082425579429 0 0 0 371.5000717788935 0 0 0 233.2315832674503 6.983959540724754 0.9871125519275665 0 0.09672515094280243 0.241817906498909 4.203007876873016 0.2350515574216843 66.39132181555033 0.3378069251775742 28.39407524466515 3.621359497308731 81.11806625127792 4.137312680482864 0 0.3487243354320526
0.0876171663403511 0 0.0869373083114624 2.276005744934082 49.49261686205864 399.9276194944978 5.704071030020714 239.1697053387761 85.25969569385052 12.8961442373693 38.32184310257435 13.51149113476276 42.62842554599047 7.984709560871124 977.6253726482391 0 0 6.389526911079884 5.854836374521255 3.749731115996838 0.1968368142843246 0 0.4014815837144852 19.44268730282784 0.3912825882434845 8.067306034266949 1.610300220549107 4.737354665994644 64.95063201338053 1.26699011027813 0.3464868068695068 191.3593862131238 0 422.5283398330212 3.46494023501873 57.48425985127687 14.19111930578947 278.7357905432582 147.2576497793198 1607.002645142376 160.9971592649817 6.35208373516798 2.874794967472553 0 0 0 0.3484572023153305 0 0 0 0 0.4931854605674744 0.1771304607391357 0 0 0 0 0 0 0 0 0 0.4465888738632202 0 0 0 1.003073617815971 0 0 0 0.8950087800621986 0 0 0 0 0 0 0 0 0 0 0 0 0.165577694773674 0 0
33.80934862792492 0.1034929677844048 2.466086693108082 152.3316145688295 399.9276194944978 8114.462503105402 2506.979902438819 6258.191819868982 14.46943001449108 10490.64108241722 76.74853283166885 4123.15621702373 182.9670232385397 1375.748529605567 238.3565990924835 0 1.042321726679802 22.32484575361013 23.75169570744038 631.9244813509285 3.16567125171423 0 1.417435400187969 333.6188875101507 1.231099128723145 32.73886307328939 5.056703373789787 960.0110707730055 443.4517047815025 44.14567973464727 0.9287748262286186 584.1750937402248 0.5138481706380844 292.3647632002831 20.41430718451738 549.6625559255481 59.91655951738358 761.8550605624914 460.5533107742667 857.8214521855116 131.5266528055072 37.68300054222345 18.15355381369591 0 0 0.1973061859607697 9.464550636708736 0 5.686237096786499 10.61478923261166 0 9.996015429496765 5.79347762465477 0 2.312266379594803 0 3.463616222143173 4.795247137546539 0.1340197026729584 0 0 0 8.176758497953415 0 0 0 44.6089106425643 0 0.1500343382358551 0.3196653500199318 69.9518224298954 2.683484852313995 2.891088306903839 0 0 0 0.605206161737442 0.8123063445091248 12.62418416887522 0 3.952391944825649 0.8103640228509903 3.062017261981964 0.8466533422470093 0 0
1963.07109535858 2.902715153992176 292.03814791888 356.3087893873453 5.704071030020714 2506.979902438819 9231.194924458861 2785.118781771511 52.23256285488605 10593.32691613957 10.25152497366071 96.97310603410006 9.68376811593771 7245.192992046475 2.232344530522823 3.938613317906857 19.52694121003151 4.744369775056839 11.46438077837229 181.5839358121157 420.1409800872207 1.095276579260826 257.1976550891995 2678.344340991229 0.2243978083133698 126.3554472997785 152.9058636464179 14277.64486760646 2243.743521612138 7357.86646836251 0.1453611180186272 16.54025485366583 189.7439978606999 653.5793323405087 118.7200305983424 1141.452672909945 51.96612937748432 976.7188228443265 347.1925830990076 137.2599469721317 26.36462941020727 2.946529760956764 12.29033768922091 1.110815696418285 0.6065557971596718 1.117499656975269 72.39582207798958 0 19.41993702948093 54.31241542100906 3.979015074670315 79.60993672162294 29.95334488153458 0.6890212446451187 7.960744000971317 0 21.31591472774744 16.68300034105778 2.153070166707039 0.06557302922010422 0 0.09739734977483749 50.79321601241827 0.2847849130630493 0.09259922802448273 1.193920016288757 258.7635878100991 0 1.254410043358803 2.328203953802586 259.7697371840477 9.024054616689682 5.624438241124153 0 0 0 3.898709654808044 9.658961035311222 72.85113815963268 2.413360677659512 22.85907473415136 4.872623719274998 30.7949548587203 1.649224773049355 0 0.2196583151817322
570.2976036444306 1.650290995836258 51.04577952995896 146.888753015548 239.1697053387761 6258.191819868982 2785.118781771511 6676.038084659725 3.38224121183157 1904.101467374712 400.9462614879012 272.2362800762057 192.190163217485 6853.028012078255 376.1508651450276 0.3282247185707092 12.19554721564054 121.3961321115494 169.1926386505365 276.4819582998753 36.60894423723221 0.2036234736442566 22.59807547926903 233.245090700686 1.501138783991337 243.1814705580473 76.92756453901529 518.9142668396235 3400.703639999032 1139.736014153808 7.164328046143055 1307.917204327881 14.42163606733084 850.6324699856341 28.97506568580866 598.6915929466486 203.2437216714025 2013.42570829764 501.9849165901542 1111.44700460881 221.4742047861218 44.73251161724329 15.13303215801716 0 0.2023836523294449 0.5143174156546593 4.929837346076965 0 3.183824300765991 5.516729332506657 0.684153139591217 5.866870418190956 5.299342676997185 0 0.7222298681735992 0.1470414102077484 2.325019896030426 0.6616023182868958 0.3358185216784477 0.06771592795848846 0.1681821271777153 0.0930984690785408 6.739878550171852 0.1123897135257721 0.3227323144674301 0 33.27413889765739 0.09677655249834061 0.729426197707653 1.778046861290932 41.05936823040247 0.8222867920994759 1.157134532928467 0.08586327731609344 0 0 0.5713219121098518 2.466616943478584 11.90400913357735 0.5814594849944115 1.450328253209591 0.2901682555675507 7.051776066422462 0.3937977254390717 0 0.3732868731021881
2.843457564711571 965.2837252020836 5.003924913704395 1159.315631590784 85.25969569385052 14.46943001449108 52.23256285488605 3.38224121183157 591.3718589246273 51.22045421600342 7.619231261312962 235.3076103329659 57.31469327956438 5.253734931349754 917.2323545217514 219.1124117746949 0.5918359085917473 0.2281483933329582 0.3181556686758995 404.9832480549812 93.36922614276409 1829.375991046429 23.89087573438883 10191.96118982136 367.7244074419141 37.26730839163065 220.9496339261532 1237.521666891873 35.78064233064651 26.85064287483692 10.20161893218756 1.181156098842621 9.81875554472208 11.88717970252037 0.6200127303600311 302.472415626049 35.34224065393209 17.17438919842243 4.971434265375137 495.7428241297603 1.29472279548645 1.65835377573967 0.9419693499803543 1.696858286857605 0 0.527472198009491 135.122990898788 0 10.997662961483 38.55221898853779 1.144096747040749 276.9157471358776 42.18549439311028 0.5020519345998764 3.299612775444984 0 1.658698752522469 5.023696467280388 154.3011227101088 0 0.1222464889287949 0 71.18999813497066 73.56422750651836 20.05588679015636 31.23414285480976 774.8474127799273 0.55827397108078 0.815202534198761 6.073923796415329 300.2640962079167 4.124956764280796 22.79393798857927 0.09466173499822617 0 0.1256303638219833 1.760268025100231 0.3736593872308731 39.4994920194149 0.6769635379314423 9.379158347845078 3.01206248998642 57.68030028045177 1.663638472557068 0 0.3689981997013092
64.94150171428919 0 1.569443844258785 736.4382887743413 12.8961442373693 10490.64108241722 10593.32691613957 1904.101467374712 51.22045421600342 25009.19662022218 17.38064563646913 7142.894554585218 13.56650296226144 1601.408998630941 7.366359189152718 0.200807586312294 1.951572351157665 8.262575943022966 17.74939019605517 2213.907446324825 2.574695914983749 0.06816981732845306 1.397874988615513 398.6538775674999 0.2403395622968674 16.29128389805555 4.913633245974779 4339.125242583454 662.4329863674939 16.1209305934608 0.7010533362627029 31.18204829096794 11.86896894872189 230.9555198773742 34.03059599548578 799.9859978221357 39.82135166972876 712.5935520716012 220.9656026251614 220.9265613332391 19.01200445741415 5.200496718287468 7.128510165959597 0.928848035633564 0.1134964600205421 0 102.6434992179275 0 6.211588963866234 17.88692406564951 2.271086029708385 29.86121287941933 35.84150324016809 0.3470017313957214 8.657525882124901 0 4.916152946650982 5.440130703151226 0 0 0 0 54.16972208768129 0.1492922753095627 0 0 126.1516513004899 0 0 0.3263366296887398 124.8237773254514 4.710529439151287 0.6716479063034058 0 0 0 2.981604099273682 2.879488229751587 39.22482173144817 0.2461496964097023 16.72478870302439 2.363592825829983 24.36573455482721 1.172608062624931 0.2719467580318451 0.7230633199214935
1.112408898770809 99.88512788712978 1.649668715894222 2.055580839514732 38.32184310257435 76.74853283166885 10.25152497366071 400.9462614879012 7.619231261312962 17.38064563646913 5232.68383975327 4.56621341407299 3761.963523320854 98.09723961353302 1.566799134016037 0.2836362421512604 19.03329469263554 2432.592138059437 1669.602522797883 4.98263493925333 0.7944093719124794 11.09415598958731 3.801735810935497 8.790409091860056 793.0055435746908 5845.605230718851 1045.312567032874 6.02363121137023 248.2186356857419 2.561656557023525 379.9718568697572 146.3399771228433 0.1212150901556015 6772.678207688034 18.53912467509508 950.100195966661 4325.008466601372 2499.042268045247 1349.513389535248 18.39540962129831 170.6142879873514 1325.916488356888 25.28176256269217 0.08542239665985107 4.861208915710449 0 0 0 0.4249186515808105 0 0.1967055052518845 0 0.3986607491970062 506.9727504402399 0 578.1331109777093 0.249770425260067 0 1.088816210627556 0.2951911985874176 26.53877642005682 7.83065789937973 0 1.791719913482666 0 0 0.3556759282946587 101.8991498947144 343.8475791141391 194.4609886035323 0.6198502704501152 0.3065714463591576 0 77.53143230080605 0 0 1.120550587773323 5.478509694337845 17.90786820650101 709.5896945893764 4.084322936832905 3.836125321686268 0.519142746925354 1.211285382509232 197.2633206546307 6.370411410927773
1.820096753537655 0.3076696842908859 0 2186.512555647641 13.51149113476276 4123.15621702373 96.97310603410006 272.2362800762057 235.3076103329659 7142.894554585218 4.56621341407299 8422.250898726285 2.529617175459862 166.9273742511868 472.1639690697193 0 0.210216335952282 2.160988226532936 3.087052971124649 6319.691787824035 1.361849278211594 0.8235040307044983 0.2457477897405624 633.2055722735822 0 3.224779888987541 1.733850307762623 299.2941597662866 63.35811132192612 1.868098326027393 0.1841914281249046 5.669821351766586 0.2597480639815331 39.44224201887846 3.397476702928543 175.0941802784801 7.551952973008156 151.6730883866549 39.82431892305613 699.0763365551829 2.652573078870773 0.3350254744291306 1.411932945251465 0.1407773494720459 0 0 38.37655141949654 0 4.959353998303413 10.00627848505974 0.7626771628856659 115.9311782121658 13.15101391077042 0.1469289809465408 16.42327965795994 0 3.073410302400589 6.859810829162598 0 0 0 0 34.29592402279377 0 0 0 102.5759406611323 0 0 0.1061951890587807 78.88574374467134 2.641616612672806 2.650228321552277 0 0 0 1.388150006532669 0.1988684237003326 25.35784357041121 0.8953162729740143 9.255931593477726 1.591933935880661 29.8887811601162 1.110072419047356 0 0
0.3670906946063042 445.3039774224162 2.318531468510628 1.690906696021557 42.62842554599047 182.9670232385397 9.68376811593771 192.190163217485 57.31469327956438 13.56650296226144 3761.963523320854 2.529617175459862 2549.180991753936 15.6792416498065 9.953151308000088 5.626171335577965 2.733719676733017 164.0218343138695 17.50471640378237 2.571037851274014 4.807163193821907 112.1975923404098 12.02107257395983 54.57872232794762 4900.598578199744 1298.378233753145 2197.547600716352 9.269014503806829 18.66047973930836 1.774009838700294 602.3728311508894 104.0462003573775 0.08067480474710464 687.8426700383425 40.93981392681599 1413.626527175307 2487.908928290009 4110.811239458621 359.707415252924 252.8631589710712 460.4433990493417 434.591343216598 28.96268904209137 0.2862175703048706 16.40129636973143 0.2829045504331589 0.5325438976287842 0 1.594662070274353 6.424554944038391 0.2757358849048615 0.3700978383421898 0 718.7049231082201 0 847.3536826744676 0.8811719641089439 0 8.434259712696075 1.094415917992592 49.48587685078382 15.96739256381989 0 12.27305313944817 2.919662922620773 3.179004319012165 3.741819113492966 243.7741207182407 647.4251105338335 598.5809934288263 16.52487455308437 2.314841687679291 6.456061094999313 129.6207424998283 0.0816454216837883 0 2.779528707265854 10.44057875871658 117.3603197932243 1277.15192142874 13.36647716164589 4.7443832680583 3.450835764408112 3.90755832195282 570.3375871777534 14.62870866060257
4130.470371089876 1.299935355782509 98.1529877409339 183.8156908340752 7.984709560871124 1375.748529605567 7245.192992046475 6853.028012078255 5.253734931349754 1601.408998630941 98.09723961353302 166.9273742511868 15.6792416498065 6922.775617718697 15.84672480821609 0.732041172683239 12.89019846171141 32.9583800509572 71.29675840586424 258.1253134272993 55.75755444914103 0.09734353423118591 31.81560686975718 448.9144935384393 0.1087860018014908 128.733702249825 65.56230806559324 713.3236439712346 6113.72203514725 3579.468384891748 1.70964290201664 176.3890840113163 241.1515011191368 1005.348741903901 7.83912681043148 123.5871006287634 41.48482746630907 1109.940494269133 83.6468156054616 117.2343114204705 9.451413348317146 1.386681959033012 1.425904966890812 0 0.3780571669340134 1.036039747297764 8.832688771188259 0 2.033616229891777 8.13761730492115 1.180424079298973 5.971516564488411 1.656710565090179 0 1.367500081658363 0 2.31247416138649 0.4555348455905914 0.2596941143274307 0.1163545995950699 0 0 6.320975296199322 1.403006754815578 0.329029455780983 0.6131826713681221 43.42916529625654 0.1914864853024483 1.304360643029213 1.903314806520939 62.67381684482098 1.00482402741909 1.357771337032318 0 0 0 0.8297218680381775 0.801404282450676 17.75950057804585 0.4185518175363541 5.18278706818819 2.329259298741817 7.543453186750412 1.249497175216675 0 0.1189366579055786
0 2.765897244215012 0 34.92640115693212 977.6253726482391 238.3565990924835 2.232344530522823 376.1508651450276 917.2323545217514 7.366359189152718 1.566799134016037 472.1639690697193 9.953151308000088 15.84672480821609 172.9949324131012 0 0 0.271066352725029 1.610809735953808 29.64222666621208 0.1288632750511169 8.925663754343987 0 606.3170634061098 1.359005138278008 0.8937795236706734 1.499037496745586 21.23448630422354 6.517557993531227 0.388367086648941 0 167.2734803855419 0 37.24612291902304 0.3927654623985291 124.5675176531076 6.665011420845985 34.47642896324396 22.5870271474123 882.3788105249405 62.39603137969971 2.529602468013763 0 0 0 0 6.298215493559837 0 0 0.1859546899795532 0 28.59795907139778 1.948680356144905 0 0.9486321806907654 0 0 0 0 0 0 0 5.024697795510292 0 0 0 11.07299976050854 0 0 0 1.391368433833122 0 0 0 0 0 0 0 2.051806643605232 0.7126695513725281 0.2679134756326675 0.1211254373192787 3.069615095853806 0 0 0.1250009536743164
0.409699559211731 175.1365880891681 32.62887096405029 0.09429736435413361 0 0 3.938613317906857 0.3282247185707092 219.1124117746949 0.200807586312294 0.2836362421512604 0 5.626171335577965 0.732041172683239 0 4190.579415567219 0.8838623315095901 0 0.6715335622429848 0 2020.564692303538 2835.216434888542 7361.766030669212 1789.78451281786 52.74947346746922 6.645291425287724 6633.639033183455 1039.888298027217 18.15820883959532 15.7078018784523 0.6519666090607643 0.2219853326678276 34.27269631624222 62.30176912993193 66.71462202817202 1732.633998066187 955.2719693332911 419.2508883327246 579.4507731944323 118.3536981865764 1.833757795393467 0.9836161285638809 9.197616547346115 4.484625294804573 0.3188567236065865 79.90818100422621 0.6945908069610596 0 1.914458736777306 22.42434936016798 0.8421400636434555 24.04905726015568 0 3.241535484790802 0 1.922227472066879 4.528531774878502 5.122672557830811 2595.590386547148 4.315298087894917 0 0 0.3542772531509399 361.6781804189086 1398.607782937586 1281.691096417606 173.3032315298915 0 1.163978010416031 296.4029894694686 347.3474712893367 8.638102799654007 83.68266056478024 0 0 0 1.567305356264114 21.18190503120422 196.8716404959559 15.29223039746284 11.34685268998146 13.24792090803385 27.98367634415627 3.038298070430756 16.27539509534836 6.143828868865967
4.900413200259209 183.0531589016318 2588.81077324599 0.1056518033146858 0 1.042321726679802 19.52694121003151 12.19554721564054 0.5918359085917473 1.951572351157665 19.03329469263554 0.210216335952282 2.733719676733017 12.89019846171141 0 0.8838623315095901 1525.151152424514 225.4173011034727 2683.374602235854 0.3121470659971237 3105.004368551075 32.69802518188953 2558.720730893314 17.45079583674669 1.683535270392895 4253.455774053931 7690.88518396765 40.37539212405682 44.07719815522432 826.5394314751029 0.4867816120386124 1.163253366947174 5.746832676231861 1373.686000607908 2.138690993189812 457.9470802843571 1147.975210383534 1854.697349362075 467.1737097576261 24.14994286000729 2.763779401779175 0.682677835226059 1.882771760225296 0 175.8018588274717 550.6063502132893 0 0 0 0 0 0.1808841675519943 0 0 0 0.1437162160873413 0 0 1.653155066072941 26.88961202651262 0.1069520488381386 2.600533999502659 0.1240882501006126 1.220827236771584 37.65093079209328 11.29365195333958 0.7009651735424995 1.296354472637177 258.2093612402678 557.3607154265046 1.873884171247482 0.1270486861467361 0.1389405429363251 0 0 0 2.529163494706154 8.110814452171326 14.807412289083 448.9148474037647 6.774315521121025 2.830158650875092 1.510316044092178 0.3852686285972595 0.1764332354068756 0.6715567857027054
0.3160917460918427 4.529330536723137 3.907701186835766 0.9733043238520622 6.389526911079884 22.32484575361013 4.744369775056839 121.3961321115494 0.2281483933329582 8.262575943022966 2432.592138059437 2.160988226532936 164.0218343138695 32.9583800509572 0.271066352725029 0 225.4173011034727 487.5639778524637 2052.806054748595 1.766177646815777 8.337594836950302 0 24.15886584669352 1.905226796865463 14.96923462301493 2076.364349767566 164.2478080168366 3.552448101341724 78.13353855162859 13.93436148017645 44.43178171664476 36.82583257555962 0.1095840707421303 828.387951657176 3.1487687677145 259.7000220939517 955.5187732353806 645.9258169829845 341.7748658582568 6.437654197216034 6.990194261074066 20.05101175606251 1.836411625146866 0 2.939506083726883 1.213476300239563 0 0 0.1102868914604187 0.2558309435844421 0 0 0 29.42731699347496 0 32.09936357289553 0.1681791171431541 0 0.229498989880085 0.3877575397491455 17.39260119944811 8.752414368093014 0.3849550485610962 0 0 0 0.3591999858617783 9.378337480127811 158.4505283087492 160.7660085856915 0.2147773206233978 0.4793383330106735 0 16.35939553380013 0.1084004268050194 0 1.479550085961819 0.3749184310436249 2.313423290848732 30.52416351437569 1.96227540075779 0.1040444225072861 0 0 2.276604048907757 0
1.173465020954609 19.29152710735798 31.82996835559607 2.124642711132765 5.854836374521255 23.75169570744038 11.46438077837229 169.1926386505365 0.3181556686758995 17.74939019605517 1669.602522797883 3.087052971124649 17.50471640378237 71.29675840586424 1.610809735953808 0.6715335622429848 2683.374602235854 2052.806054748595 1370.803790874779 5.639123272150755 139.6467085331678 0.1202928423881531 276.464509524405 5.191249437630177 5.224331840872765 7808.010181747377 1135.110643409193 10.56546999514103 189.3706118017435 113.0551254302263 5.351751253008842 40.0344555824995 1.031733177602291 2939.9126977548 4.192264683544636 1124.82637976855 1275.595126755536 2749.413632906973 865.0287462249398 29.35031997412443 4.489476300776005 5.785763189196587 3.286359705030918 0 18.62340830266476 19.2601910084486 0.1505236476659775 0 0.1178548336029053 0.1632543653249741 0 0 0 6.557913929224014 0 8.455804482102394 0.369793675839901 0 0 0.1482217013835907 5.909356743097305 3.740429155528545 0 0 0.393741711974144 0.2734589353203773 0.673838384449482 1.897057205438614 82.56915459781885 95.60556385666132 0.161084458231926 0 0 5.432421825826168 0 0 0.2674620449542999 6.9527932330966 9.576185666024685 25.86695317178965 2.169060304760933 2.562151834368706 0 0 0.943585641682148 0
12.25250852108002 0 1.199669651687145 3759.949690137058 3.749731115996838 631.9244813509285 181.5839358121157 276.4819582998753 404.9832480549812 2213.907446324825 4.98263493925333 6319.691787824035 2.571037851274014 258.1253134272993 29.64222666621208 0 0.3121470659971237 1.766177646815777 5.639123272150755 703.6482599899173 0.9276446998119354 0 0.2532790377736092 702.3590372055769 0 4.601825468242168 1.133229099214077 2001.955639399588 144.3334910497069 5.178373232483864 0 7.371578238904476 2.327842090278864 60.84869156032801 8.091878682374954 225.7124175950885 7.782691590487957 200.0237765535712 59.7768164947629 307.846157155931 4.509474076330662 1.31940770894289 1.74186797440052 0.4543849378824234 0 0 71.42043441534042 0 5.038470685482025 17.47029524296522 1.469754785299301 56.14349114894867 28.28152253478765 0.1213349252939224 12.90758913755417 0 7.480633802711964 4.015084967017174 0 0 0 0 61.36307597905397 0 0 0 129.3060727566481 0 0.1161764711141586 0 100.1759806871414 2.454220078885555 0.7020596563816071 0 0 0 2.596572518348694 1.389852680265903 40.37004003673792 0.8726259171962738 11.91589550673962 2.368077404797077 29.71099650114775 0.2680658549070358 0.1400487869977951 0
24.48915360122919 28.39833714067936 2881.551269114017 0.8308255523443222 0.1968368142843246 3.16567125171423 420.1409800872207 36.60894423723221 93.36922614276409 2.574695914983749 0.7944093719124794 1.361849278211594 4.807163193821907 55.75755444914103 0.1288632750511169 2020.564692303538 3105.004368551075 8.337594836950302 139.6467085331678 0.9276446998119354 8777.79139354825 287.3174645826221 15065.74449300766 1334.955429747701 9.82537804543972 619.711439229548 1117.523977302015 3252.224650006741 331.0748510509729 7452.686326943338 0 0.796072356402874 136.2970519289374 1868.604486607015 385.2525821775198 4551.257894158363 861.0189225822687 3521.627508960664 2362.455830216408 252.3580976575613 11.62663263827562 3.617890350520611 30.81786970794201 6.187303319573402 1.76870235055685 19.53786809742451 0.1245801672339439 0 3.419518619775772 27.94381973147392 1.186390615999699 41.10795558989048 1.820695102214813 0.2332366108894348 1.586532711982727 0.1658844351768494 7.388515695929527 2.017101317644119 306.1461197733879 0.4254285022616386 0 0 1.582948297262192 232.6384192034602 251.8979142084718 89.72731852531433 256.9716413766146 0 2.814604111015797 32.0701649710536 430.8922788947821 10.42046999186277 100.0715683475137 0 0 0.7379028052091599 2.070371620357037 67.13045870512724 159.1637304052711 7.027119047939777 12.58383250236511 14.64355129748583 27.01920276135206 2.349557489156723 3.246764823794365 2.926011100411415
0 2893.014896117151 402.8064966723323 0 0 0 1.095276579260826 0.2036234736442566 1829.375991046429 0.06816981732845306 11.09415598958731 0.8235040307044983 112.1975923404098 0.09734353423118591 8.925663754343987 2835.216434888542 32.69802518188953 0 0.1202928423881531 0 287.3174645826221 1020.061982169747 242.1360671445727 4898.98616322875 900.3756081387401 79.36521119624376 5141.470937736332 284.8632418587804 5.22905657440424 20.05317611992359 17.96047151088715 0 15.96141569316387 11.08200249820948 1.269468203186989 17.75291550904512 8.204315580427647 2.456803485751152 3.763931304216385 16.79124097526073 0.466963529586792 0 0 1.772956900298595 175.22155803442 295.1947430074215 0.691601887345314 0 0 8.645089387893677 0.2484523504972458 11.79614679515362 0.2587004154920578 0.9057497382164001 1.007107734680176 0.2193587571382523 0.4066325426101685 0 1012.740002796054 7.558228693902493 0.2117768973112106 0.1176632195711136 0.2511711418628693 119.168249130249 65.13656080514193 311.288689173758 108.4216014891863 59.06020253151655 2.232445113360882 794.1716858521104 130.0869119912386 2.874347940087318 26.13412699848413 0.6781363040208817 0 0.1053255125880241 2.425680182874203 0 24.48883739858866 9.525113552808762 4.686527617275715 4.246122792363167 3.014536798000336 0 0 0
14.59232955425978 21.43744871765375 10770.53307736665 0.6382676213979721 0.4014815837144852 1.417435400187969 257.1976550891995 22.59807547926903 23.89087573438883 1.397874988615513 3.801735810935497 0.2457477897405624 12.02107257395983 31.81560686975718 0 7361.766030669212 2558.720730893314 24.15886584669352 276.464509524405 0.2532790377736092 15065.74449300766 242.1360671445727 11087.51324270666 664.6155219189823 9.150819852948189 1313.270443052053 10958.55748473853 1733.200437143445 92.64721702039242 3461.661916643381 0 0.2088422253727913 17.06211575865746 2523.237288445234 223.4015449434519 7509.558928489685 4743.925135940313 6428.228526294231 4775.634616047144 614.6428418233991 23.87952468544245 11.643315076828 49.24249342083931 0 8.911007970571518 592.134634308517 1.032973438501358 0 0.3342060446739197 4.400065094232559 0 2.041200175881386 0 5.017201393842697 0 0.300410658121109 0.7954669967293739 0 1246.216969050467 22.74246823787689 0 0.6412891745567322 0 61.73171555995941 424.3917930871248 799.7447018846869 18.40020278841257 0 12.92962206155062 690.7773216888309 46.01015108078718 1.192294985055923 12.03629960119724 0.1158886924386024 0 0 3.252501904964447 93.84406795352697 127.9268950894475 186.1762887686491 28.08581077307463 32.06328138709068 7.319931492209435 4.903054736554623 44.41391599923372 6.460860624909401
173.9903694391251 822.8527871370316 243.3199553638697 1807.530756443739 19.44268730282784 333.6188875101507 2678.344340991229 233.245090700686 10191.96118982136 398.6538775674999 8.790409091860056 633.2055722735822 54.57872232794762 448.9144935384393 606.3170634061098 1789.78451281786 17.45079583674669 1.905226796865463 5.191249437630177 702.3590372055769 1334.955429747701 4898.98616322875 664.6155219189823 9424.222042627633 276.2351748794317 114.5026226267219 1281.4687779136 12124.15150284767 1708.924379747361 2024.500484585762 4.875614635646343 8.562071487307549 272.6342880316079 470.1483840532601 130.6374497264624 1837.637522239238 172.4783707782626 888.3612426966429 382.7610880360007 1307.643524933606 29.6888512223959 4.070103488862514 15.68003533035517 14.91972358524799 1.373475894331932 3.999751590192318 620.9057050943375 0.0896359384059906 68.34391873329878 294.0389599278569 23.76190415024757 1876.088614396751 236.5559807345271 4.773919612169266 54.8786227107048 0.1125142350792885 74.27158402651548 72.54184474050999 223.7998453229666 1.051065370440483 0.1667814403772354 0.3131605237722397 427.8852079808712 136.1263454556465 200.5154388621449 37.74350701272488 3195.644821673632 0 3.300494827330112 12.45052357017994 2512.210929840803 48.08214381337166 197.5741353034973 0.1338833123445511 0.3650802671909332 0.881751537322998 23.69529324769974 22.58334090560675 507.0574174523354 6.079609930515289 153.6569269821048 27.8167220056057 253.9851949959993 19.93938943743706 6.099382527172565 5.106716014444828
0 4143.404591590166 0 0.1130633950233459 0.3912825882434845 1.231099128723145 0.2243978083133698 1.501138783991337 367.7244074419141 0.2403395622968674 793.0055435746908 0 4900.598578199744 0.1087860018014908 1.359005138278008 52.74947346746922 1.683535270392895 14.96923462301493 5.224331840872765 0 9.82537804543972 900.3756081387401 9.150819852948189 276.2351748794317 323.6150646731257 1001.206985130906 3783.760983839631 10.95287776738405 1.818879522383213 3.12464464455843 567.9086631760001 1.367730677127838 0.1320175379514694 110.6736925840378 1.51403546333313 95.45377293229103 43.40376506745815 142.0418836027384 21.48632553964853 30.70457154512405 41.60799422860146 12.63814770430326 8.621791243553162 1.623000390827656 37.46280944347382 1.310786530375481 0.3175605833530426 0 0 0 0 0.4820505157113075 1.638424426317215 128.2875871732831 0.08395296335220337 245.7576946094632 0.6934186369180679 7.450475692749023 13.04683327674866 0.4378449469804764 12.77378740906715 7.382550142705441 2.095550775527954 10.40566001832485 2.446168258786201 2.01568827778101 2.268709868192673 128.4004432857037 390.7349303662777 758.78118570894 9.490254335105419 1.325349651277065 4.91013789921999 83.01945935934782 0 0 3.040894813835621 0 61.13292755931616 209.1954829096794 10.95144756138325 0.357776939868927 7.946038112044334 0.09186740219593048 27.46680779755116 0
32.27253001183271 746.7145273461938 7362.640088699758 3.55993465706706 8.067306034266949 32.73886307328939 126.3554472997785 243.1814705580473 37.26730839163065 16.29128389805555 5845.605230718851 3.224779888987541 1298.378233753145 128.733702249825 0.8937795236706734 6.645291425287724 4253.455774053931 2076.364349767566 7808.010181747377 4.601825468242168 619.711439229548 79.36521119624376 1313.270443052053 114.5026226267219 1001.206985130906 22379.42924215645 16154.29067416489 149.5787393637002 418.6693799942732 1079.107944257557 1089.853529319167 50.89553817361593 45.14734769612551 3165.225453838706 31.01503454148769 4280.98441849649 7943.192430458963 4039.661006044596 1400.829140678048 209.4468344077468 12.21548054367304 107.4978575482965 16.55330660194159 0.3955031260848045 1139.344191230834 601.1851919740438 0.9513485282659531 0.1095659509301186 0.3414178639650345 0.4480577483773232 0.1891038864850998 2.278783954679966 0.3963122963905334 350.3489914163947 0 408.1056939139962 3.352824501693249 0.2359482645988464 1.322138376533985 45.74203865230083 166.6406632512808 201.2092262506485 0.3266751617193222 2.170701809227467 18.54406767338514 4.60457544028759 4.264189690351486 340.6186075210571 2938.442363627255 4951.837896578014 5.29668914526701 3.413670286536217 0.5516337603330612 203.1441190838814 0 0 22.3230829462409 17.09998938441277 69.33584202080965 1087.083974286914 61.59169543534517 11.28161129355431 3.196813084185123 1.950704865157604 21.88141609728336 1.229400135576725
22.93623875826597 6060.130365930498 9015.963456831872 1.492464542388916 1.610300220549107 5.056703373789787 152.9058636464179 76.92756453901529 220.9496339261532 4.913633245974779 1045.312567032874 1.733850307762623 2197.547600716352 65.56230806559324 1.499037496745586 6633.639033183455 7690.88518396765 164.2478080168366 1135.110643409193 1.133229099214077 1117.523977302015 5141.470937736332 10958.55748473853 1281.4687779136 3783.760983839631 16154.29067416489 23061.32999437302 665.7272804267704 259.6001864373684 583.9616178572178 717.3069897592068 9.012432731688023 30.16827669739723 2498.80649419874 74.3491627201438 5329.402285799384 6177.464282214642 4073.972541257739 1617.555152088404 452.0225234925747 7.313394784927368 19.61172016710043 29.71107471734285 0.610659085214138 1902.983912020922 3220.982250936329 0.2024921327829361 0 0.08583761751651764 5.882549069821835 1.139098264276981 2.547951452434063 0.250523179769516 133.7530997619033 0.08017714321613312 167.269512347877 6.65510556101799 0 1236.349877253175 174.4213099479675 143.5205685347319 221.05595266819 0.1532520800828934 33.34750761836767 1133.950857445598 892.5008602812886 10.0287669301033 522.2536842226982 3478.210310824215 10525.19709473103 27.92248808592558 4.202302448451519 3.651917710900307 117.2359975650907 0 0 52.39100910723209 35.26309636235237 218.2184742540121 2608.077927529812 143.0498259216547 59.66545536369085 9.860386915504932 4.951903223991394 50.07447195798159 4.98322793841362
232.4441915564239 39.99542779475451 539.2077285498381 5112.630594477057 4.737354665994644 960.0110707730055 14277.64486760646 518.9142668396235 1237.521666891873 4339.125242583454 6.02363121137023 299.2941597662866 9.269014503806829 713.3236439712346 21.23448630422354 1039.888298027217 40.37539212405682 3.552448101341724 10.56546999514103 2001.955639399588 3252.224650006741 284.8632418587804 1733.200437143445 12124.15150284767 10.95287776738405 149.5787393637002 665.7272804267704 13119.06660977006 1789.176943950355 9284.311546538025 0.5962174758315086 10.84967944771051 300.8422108888626 671.453684873879 170.8367707952857 2081.971020720899 238.1634336486459 1089.588349707425 519.6030769683421 274.5172274112701 26.19009708985686 6.496146813035011 19.09486762434244 8.066438861191273 0.7298706024885178 6.842004805803299 329.4384149983525 0.1183267161250114 44.92820919305086 179.6137221828103 12.59847534447908 553.5896988585591 151.3750097304583 1.088147409260273 66.53864245116711 0.2007641494274139 50.01144512742758 42.20006774365902 130.5328095853329 0.8862521126866341 0 0 240.1698114573956 79.70612225681543 101.2019093334675 33.230408385396 1414.219476893544 0.08899610489606857 2.112665198743343 9.804309785366058 1275.705373898149 29.74213513731956 111.4092830494046 0 0.3557926863431931 0.6658401265740395 12.2285817861557 20.69698971509933 229.476106762886 5.845103107392788 71.56280235946178 19.16531407833099 121.9151830971241 9.058262564241886 0.1139435395598412 0.9883501157164574
2551.233695358038 7.105820029973984 437.2712775692344 252.6676203496754 64.95063201338053 443.4517047815025 2243.743521612138 3400.703639999032 35.78064233064651 662.4329863674939 248.2186356857419 63.35811132192612 18.66047973930836 6113.72203514725 6.517557993531227 18.15820883959532 44.07719815522432 78.13353855162859 189.3706118017435 144.3334910497069 331.0748510509729 5.22905657440424 92.64721702039242 1708.924379747361 1.818879522383213 418.6693799942732 259.6001864373684 1789.176943950355 15870.65245364979 4432.482665538788 4.162384778261185 1097.385609060526 4108.458327278495 3586.448062915355 28.76528536528349 432.1273642256856 95.44638586044312 2436.75907112658 239.1304118670523 51.90135915949941 14.38740603625774 3.935462571680546 2.141998432576656 0.946186289191246 2.108173877000809 3.420977339148521 9.036873385310173 0 5.236585021018982 26.03030445426702 1.468700140714645 28.05305117368698 5.685196846723557 0 0.3531728386878967 0 8.050008304417133 5.606143683195114 16.2362954467535 0.1396941095590591 0 0.09885843843221664 7.443575277924538 10.19819811731577 14.01400408893824 0.7214476317167282 165.7486386224627 0.1150849089026451 4.660421259701252 3.782739631831646 241.0466985851526 6.773020967841148 26.01301215589046 0.1911211460828781 0 0 2.310230150818825 5.55090443789959 94.66720333695412 6.236604958772659 16.08684918284416 2.086556121706963 27.9461991339922 2.519582539796829 3.012258887290955 0.1639215052127838
3739.412002265453 13.20969761162996 1636.117032282054 22.0105931982398 1.26699011027813 44.14567973464727 7357.86646836251 1139.736014153808 26.85064287483692 16.1209305934608 2.561656557023525 1.868098326027393 1.774009838700294 3579.468384891748 0.388367086648941 15.7078018784523 826.5394314751029 13.93436148017645 113.0551254302263 5.178373232483864 7452.686326943338 20.05317611992359 3461.661916643381 2024.500484585762 3.12464464455843 1079.107944257557 583.9616178572178 9284.311546538025 4432.482665538788 13566.84551255405 0.08091145753860474 2.892824150621891 323.8737701624632 4025.914042040706 248.6927613765001 2206.644538372755 276.0974215641618 2591.801202941686 978.5243244208395 69.08435366302729 15.05827654153109 1.689684584736824 17.70223750174046 0.7696229368448257 5.789771802723408 11.54559699445963 9.453535825014114 0 1.469604700803757 29.32781948894262 2.486110493540764 46.40874216705561 7.825354881584644 0.6874090582132339 2.540856808423996 0 9.340457826852798 8.706896483898163 33.2818317040801 0.4244267120957375 0 0.3547663614153862 13.6282374933362 29.62884929031134 25.29656907171011 6.06348267942667 175.1012070327997 0.1501327902078629 8.603707253932953 11.4601446762681 264.398364700377 4.724390909075737 32.43954741209745 0 0 0 1.726146548986435 31.71479845046997 107.0081388875842 8.623381339013577 11.18279813975096 7.333737254142761 21.41075503081083 1.248151510953903 1.621666662395 0.1544323861598969
