1029.052320487797 0.2335732728242874 30.15327191352844 1.883730411529541 0 1.791560500860214 1589.73722217232 585.3444174528122 8.028909981250763 43.46512963622808 4.593900077044964 1.788278572261333 0 3106.31022067368 0.1097994595766068 0.8803606405854225 238.074242554605 3.28767104446888 22.13263374567032 1.12876994907856 65.50757233053446 8.97298489511013 141.5358666926622 22.68338552117348 0.1734355092048645 36.82892474532127 34.80584783107042 71.34911040961742 3850.495634004474 2858.673237480223 0 0.8173426687717438 30.28269521892071 109.3746504560113 0 15.61037515848875 23.05771474540234 66.15034607797861 11.69739213585854 3.572821438312531 1.030879437923431 0.4087734818458557 0 0.2631534337997437 0 0.7003311291337013 0 0 0 1.456239558756351 0 0 0 0 0 0 0 0 0.5262499749660492 0.1002200841903687 0 0 0 1.245808027684689 0.6361040472984314 1.297568991780281 3.011176243424416 0 0.09787707030773163 3.197337262332439 3.979112572968006 0.476919874548912 0.783953845500946 0 0 0.2777292728424072 0.2176615595817566 0 1.487172693014145 0.4247050732374191 0.7120814695954323 0.3374732732772827 0.9670141637325287 0 0 0
0.2335732728242874 86.23989168554544 234.2849094942212 0.1219976395368576 0.5027709677815437 1.205357268452644 2.072122097015381 6.184113927185535 519.7870607897639 2.425368845462799 34.03183313459158 3.164723336696625 574.6888509318233 10.73738904297352 6.220899149775505 26.5610868409276 216.9221943989396 8.37685452401638 17.57676845043898 0.751814067363739 1.92166867852211 2167.430237203836 15.75919883698225 546.037916213274 1803.336786262691 512.5059589967132 6678.338062264025 6.69782317429781 13.05870123952627 9.241492547094822 58.66542184352875 1.326970718801022 1.13818933069706 349.0775411203504 1.162509478628635 166.7662918120623 74.16834003478289 829.3402119651437 130.9506297409534 24.46665443480015 0.549674317240715 197.4936624988914 0.7914817333221436 0.127005010843277 32.31861396878958 78.16484333574772 4.052397429943085 0 0 0.8465381413698196 0.1020942479372025 4.481160759925842 0.09936267137527466 4.874687030911446 0.540313184261322 14.42962787300348 0.3699000775814056 0.1557200402021408 1.506568655371666 11.89521690458059 0.9436084106564522 5.203467912971973 0 1.108445882797241 24.4664905667305 10.55295126885176 9.51405680924654 13.34923665970564 227.8278292864561 1692.14270683378 1.585469208657742 0.1794771403074265 0.9990505427122116 9.914141058921814 0 0 5.470751523971558 0 13.62783291190863 19.07557809352875 8.199863985180855 1.857790887355804 0.2430954873561859 0 1.258704863488674 0
30.15327191352844 234.2849094942212 5582.753091692924 1.337248876690865 0 23.06400372833014 1224.604622267187 247.9240690395236 11.53714331239462 12.84698097407818 36.61558394134045 1.228839188814163 12.20805287361145 164.8622675165534 0 7.663339890539646 6199.70517578721 15.81342705339193 123.4022752568126 0.2223649993538857 309.8072932735085 291.1182636842132 7334.737062044442 31.95440766960382 10.94690682739019 6358.359577350318 5131.73195990175 197.5925524905324 99.49357607215643 695.2613802105188 0.8046340048313141 1.085921041667461 27.93717097491026 1015.313025407493 9.197500929236412 1313.975111089647 2870.533395245671 1763.485581673682 528.8913381397724 42.43025356531143 8.98104640096426 41.60095609724522 5.859466567635536 2.21101413667202 258.6113698706031 1300.046424135566 0 0 0.6327334046363831 16.51171501725912 5.183122895658016 8.484514094889164 0.3707947582006454 2.305738508701324 0.1225188001990318 0.7511209696531296 9.021521538496017 0.2324843779206276 59.90647775679827 107.3770340830088 1.428754851222038 13.55071057379246 0 21.11312518268824 475.9276849552989 396.4434328749776 47.00947507470846 0.8625730723142624 107.0667236074805 3830.502808146179 17.88480120897293 7.810442209243774 17.40256793051958 0.2440634965896606 0 0.4114715903997421 37.64914768189192 0.5811153203248978 109.7351009771228 346.5578051880002 115.8844904601574 47.99839775264263 6.342368148267269 0.7859371602535248 2.970940679311752 2.033416897058487
1.883730411529541 0.1219976395368576 1.337248876690865 2928.056456781924 7.532304778695107 146.3441807925701 118.3448595926166 102.0780873969197 1156.91429463774 3679.697290107608 1.216146163642406 1189.463152825832 0 68.0779485553503 231.0099188536406 2.337627112865448 0.5817532911896706 1.252556994557381 0.2642619013786316 3744.090644285083 0.3168351426720619 8.279588460922241 3.244142130017281 1922.080492094159 0 3.020719200372696 12.33680921047926 3479.283232539892 123.0823107510805 1.810903564095497 0 1.826913185417652 3.897915370762348 43.66416418552399 2.649392820894718 250.290427133441 5.124812051653862 144.7780051976442 22.0381051748991 227.4289560094476 17.51656367629766 1.772038459777832 5.204579390585423 0.8076814860105515 0 0.1231885626912117 174.6752320602536 0.3015895783901215 12.33432114124298 106.452203348279 44.2824147567153 120.9218994006515 362.8731641769409 1.072040259838104 53.66203158348799 0.08289637416601181 17.63269037753344 9.132622189819813 0.9834960773587227 0 1.206127338111401 0.09776479750871658 141.5985583811998 1.839257270097733 2.201196566224098 0.3101205229759216 439.7854543849826 0.08666353672742844 0.8450991213321686 0.7452485412359238 479.0928389653563 4.460550092160702 1.001611657440662 0 0.5739806741476059 0.09737204760313034 4.18135467171669 0 62.13297422230244 0.210878811776638 19.738505885005 2.4179507791996 90.73898787051439 1.132288113236427 0 0
0 0.5027709677815437 0 7.532304778695107 5.580652579665184 145.8869401961565 3.115524396300316 55.39206580817699 52.43941397964954 6.054908886551857 0.7102062404155731 126.6737716943026 0 1.538631752133369 916.4745602160692 0 0 1.509061053395271 0.155308410525322 3.809651724994183 0 1.083838775753975 0.1347716152667999 48.90051558613777 0 1.029518775641918 2.229267247021198 6.530766442418098 7.372381649911404 0 0.1000208407640457 28.39714956283569 0 35.53745088726282 0.5538292527198792 56.69829573482275 1.250187292695045 86.53537162393332 49.0353025496006 2110.470975413918 40.87742295861244 0 1.073971375823021 0 0 0 1.275363959372044 0 0 0 0.4361442625522614 0.1201490461826324 3.228941217064857 0 0.4736052751541138 0 0 0.2799178957939148 0 0 0 0 0.7130697444081306 0 0.392121285200119 0.2964950501918793 1.555189602077007 0 0 0 0.9635799080133438 0.1189003437757492 0 0 0 0 0 0 2.100068844854832 0.7025479674339294 0.1383327841758728 0.6093575954437256 1.861202292144299 0 0 0
1.791560500860214 1.205357268452644 23.06400372833014 146.3441807925701 145.8869401961565 7916.932106778026 1974.819745019078 3724.199709407985 167.4576225727797 9863.900658257306 42.44048911333084 5494.661636248231 2.171955466270447 333.1213035136461 1023.278615444899 0.6403973549604416 7.922382272779942 21.49043090641499 13.21725910902023 601.5348589941859 9.481856651604176 2.907137498259544 15.73763747513294 352.166346102953 0.643260732293129 42.2930745407939 26.20615284144878 894.5997137948871 387.3781544715166 35.09630991518497 1.702786490321159 555.116208858788 1.302416726946831 338.6863701567054 10.61440429836512 655.1576549187303 35.24253426492214 622.5904349014163 382.2574846073985 2256.943659342825 422.6998829171062 9.097348630428314 9.671549551188946 0 0.2857310771942139 0.6329605430364609 30.02447789907455 0 3.726279839873314 43.07469094544649 10.462427072227 15.15947803854942 69.16419430822134 0 13.53375414758921 0.1051593571901321 5.398267030715942 4.284211367368698 0.6428467184305191 0 0 0.1137185096740723 33.70845416933298 0.8658664152026176 0.6459930241107941 0.1298061311244965 69.38415484130383 0 0.642991840839386 1.449924618005753 112.8689602315426 2.956598237156868 1.579295873641968 0.2128206267952919 0 0.1429930776357651 2.524007819592953 0 42.57362619787455 0 8.554528646171093 2.089411549270153 51.09333385527134 0.5811915993690491 0.3401484340429306 0
1589.73722217232 2.072122097015381 1224.604622267187 118.3448595926166 3.115524396300316 1974.819745019078 7004.085391029716 6415.321770466864 189.9366717562079 2945.804323330522 26.8203514739871 21.21772377192974 1.133019641041756 7306.615416921675 24.360316388309 44.97326694428921 120.9821356683969 15.31100405007601 17.80302562564611 12.5132006034255 691.9785332456231 32.3154182061553 1290.815093383193 1154.231334678829 0.2514619082212448 61.87571331858635 502.2339030578732 11555.59141095728 2191.107569649816 3842.256362959743 1.284977570176125 27.60335077345371 126.1483246162534 600.4342009425163 21.61104520410299 1464.051752492785 67.43646575510502 1724.069570697844 346.8461336195469 455.1343986690044 145.1391856148839 10.80437592417002 44.86847510188818 1.296421349048615 0.8872260302305222 9.520036846399307 38.85077354311943 0.3763180375099182 5.588108353316784 205.4379853308201 42.88664660602808 52.91943443566561 74.00453997403383 1.065157175064087 6.151618994772434 0 31.75111367553473 1.893008291721344 11.38407304883003 0.3711808025836945 1.341612353920937 0.2998838424682617 23.56959865987301 24.39031381905079 14.73910952359438 14.65450761467218 329.3504221737385 1.611386984586716 1.554999776184559 30.39750185608864 475.345456905663 20.07998785376549 24.47124023735523 0.1583137810230255 0.07311329245567322 1.683960676193237 9.242045871913433 2.378589451313019 126.0889053791761 1.174764193594456 62.35021281242371 10.39416071027517 74.46512465178967 1.654418647289276 0 0
585.3444174528122 6.184113927185535 247.9240690395236 102.0780873969197 55.39206580817699 3724.199709407985 6415.321770466864 7454.148617587984 108.21699372679 2205.102350823581 173.1359775364399 973.7404808402061 4.730180293321609 4924.144706696272 306.7271283864975 3.232932984828949 358.6456174477935 65.04042229056358 87.75271172076464 248.1969430968165 167.9057708010077 29.48636544495821 334.1623218804598 412.2776721119881 2.849020250141621 206.8759502917528 185.102163143456 1180.303445141762 1054.580605369061 1409.909882493317 4.752578563988209 918.8332909308374 9.571065634489059 1128.122629955411 9.322127655148506 774.2995074987411 140.6225345730782 1405.237828433514 623.7843467220664 1397.858874946833 506.5689186304808 10.91787448525429 15.84599940478802 0.4438715353608131 0.3609552755951881 6.318985857069492 15.05297031998634 0.08757766336202621 1.009688124060631 51.38874779641628 10.23289246857166 12.19091281294823 37.73082299530506 0.217630036175251 3.676059938967228 0.3126533329486847 6.213912814855576 0.4527691304683685 1.8155632391572 0.1324142813682556 0.2412389814853668 0.1275326162576675 9.886985674500465 5.116680309176445 5.632012762129307 5.095960140228271 97.99210336059332 0 1.891443334519863 17.45707158744335 123.684761133045 4.395179867744446 5.68501853197813 0.2877836674451828 0.1170174330472946 0.5372321307659149 3.408950977027416 2.306074872612953 35.63607987761497 1.544074453413486 12.41764409095049 4.283624708652496 18.3614010438323 0.3510513007640839 1.698648020625114 0.1999020278453827
8.028909981250763 519.7870607897639 11.53714331239462 1156.91429463774 52.43941397964954 167.4576225727797 189.9366717562079 108.21699372679 475.1469289660454 467.0681919157505 4.260585226118565 303.1503217741847 46.11232287436724 48.77558240294456 829.06471991539 148.693555213511 12.82040202617645 1.530461214482784 1.490670762956142 237.6773572787642 58.79047854244709 2167.808961041272 25.19411360472441 4561.201599702239 122.2957988083363 151.416623800993 1143.689540758729 1391.267125703394 101.9277496114373 262.4411399886012 5.206833213567734 2.627885088324547 22.8149084225297 43.10398659110069 2.538110613822937 455.2257438749075 12.69257527589798 147.0345267951488 53.55856667459011 454.0807217434049 19.06978106498718 5.708240404725075 4.603394746780396 3.429034411907196 1.7988670617342 10.88210930675268 85.84816550463438 0.09362954646348953 6.301704920828342 291.6156080886722 33.48168516159058 56.72099018841982 102.879422031343 2.431517854332924 12.6623827368021 0.760669469833374 29.46277137845755 1.634555950760841 196.6695481538773 1.01354094594717 0.7314722239971161 0.1592189967632294 41.04194352775812 135.4191467389464 59.1206496655941 44.38495805114508 1668.627708099782 0.5260351970791817 8.036992348730564 27.85771339386702 1100.43237310648 28.11725005507469 79.08886533230543 0.7991953939199448 0.118252344429493 5.488849855959415 11.84057323634624 1.799204140901566 104.3981934860349 5.453228458762169 60.82596006989479 15.87204498797655 29.98436690866947 1.359765365719795 0.6822613328695297 0.2870979011058807
43.46512963622808 2.425368845462799 12.84698097407818 3679.697290107608 6.054908886551857 9863.900658257306 2945.804323330522 2205.102350823581 467.0681919157505 12132.44735772535 40.3034431412816 4010.366125948727 1.812545321881771 1016.525992445648 73.13450929522514 4.640271700918674 2.842289797961712 22.44697427004576 18.59525971859694 5321.656723625958 4.944506101310253 1.936361610889435 10.10048989951611 672.877515129745 2.781297154724598 61.40513259917498 50.63642786443233 3881.958460859954 973.2966400980949 15.75990158319473 2.968552067875862 42.63527340441942 7.434041939675808 451.1077863797545 14.01369825750589 1344.666173897684 44.40879257768393 1342.895739264786 156.0965224057436 355.4489369541407 111.3032305315137 4.773987352848053 24.54304684698582 1.555032432079315 0.1410663276910782 0.09473373740911484 267.0191176086664 0.5454748272895813 27.39185849577188 209.2539472058415 88.2613440901041 108.906772069633 638.5218551084399 2.926041804254055 72.77957814186811 0.1510439813137054 35.4500283151865 21.41653949767351 0.8030397072434425 0.1240293905138969 1.095326565206051 0.1910548806190491 267.2857167497277 4.42210678011179 2.069013059139252 1.614257305860519 608.8739078566432 0 1.848196662962437 2.648034073412418 774.053102016449 13.03553181141615 4.367966935038567 0.2519644722342491 0.5643495693802834 0.4134636968374252 10.64306224137545 0 226.0455600917339 1.489062242209911 49.22414873540401 6.530964687466621 239.889051951468 2.570932231843472 2.067963548004627 0.2187281101942062
4.593900077044964 34.03183313459158 36.61558394134045 1.216146163642406 0.7102062404155731 42.44048911333084 26.8203514739871 173.1359775364399 4.260585226118565 40.3034431412816 6790.298220798373 33.77965448051691 948.7006353735924 170.5381750464439 6.851424768567085 2.812446519732475 357.2348076030612 3635.677980430424 1433.434446759522 9.808045573532581 31.65274322032928 7.601414754986763 74.5924569517374 15.37687107920647 704.0717726871371 1577.106078438461 363.3894138783216 21.70501554757357 242.3218590542674 26.66333649307489 255.4497690796852 137.7412317767739 7.79754427075386 6479.225467346609 13.21289310604334 494.0143027082086 4139.961143307388 3082.116389483213 1092.278328634799 23.66503278911114 7.669753111898899 1552.161892518401 2.416942551732063 0.23473060131073 1.36711297929287 1.25975413620472 0 0 0 2.49628721922636 0.2247413992881775 0.3650929927825928 0.7831553891301155 275.6275745034218 0 467.1437878161669 0.5627338215708733 0 0 0.6737281233072281 4.494785986840725 9.815638855099678 0.4387261047959328 0.2515528202056885 0.7540691569447517 1.11463026702404 3.706327952444553 201.3931744992733 124.619102679193 143.9776364564896 4.43614087253809 0.3312326669692993 0.7454658076167107 128.8778822720051 0 0 10.93276020139456 0.3607404828071594 14.93499324470758 375.8346569761634 23.1209499463439 12.14067159593105 1.51275496929884 0 161.6347009763122 0
1.788278572261333 3.164723336696625 1.228839188814163 1189.463152825832 126.6737716943026 5494.661636248231 21.21772377192974 973.7404808402061 303.1503217741847 4010.366125948727 33.77965448051691 5561.371714390814 1.664699964225292 366.3618979081511 905.928098410368 0 1.129131406545639 17.41280306130648 13.76214576512575 3966.089017562568 1.053399287164211 11.65003904700279 2.245457157492638 780.368711322546 1.351903818547726 42.14444661140442 37.75748038291931 330.7480136230588 217.7615340203047 3.441913276910782 1.257284291088581 52.74298739433289 0.4805489480495453 211.996410548687 16.21983653306961 768.6275924518704 22.23249551653862 481.2460504770279 66.66880552470684 870.9497913047671 24.0936039313674 1.099889121949673 4.084994040429592 0.09818385541439056 0 0.2115905731916428 77.79483626037836 0.2824563384056091 6.771992608904839 13.46732665598392 10.51697924733162 27.12616072595119 178.9927908405662 0.10334762185812 44.76488015800714 0 3.447097033262253 10.21564392000437 0.4228661507368088 0.1111866012215614 0.09971478581428528 0 102.6222171708941 1.798031806945801 0.291446641087532 1.645975343883038 85.93977791070938 0.1219219192862511 0.4333154112100601 1.12913266569376 102.6652270630002 1.688874766230583 0.8099388778209686 0 0.3651315271854401 0.114455908536911 0.853547029197216 1.905008316040039 74.35176483541727 0.3027195855975151 3.612904123961926 0.5850970223546028 122.7564591020346 0 0 0
0 574.6888509318233 12.20805287361145 0 0 2.171955466270447 1.133019641041756 4.730180293321609 46.11232287436724 1.812545321881771 948.7006353735924 1.664699964225292 2422.446113035083 2.628336474299431 0.5259640216827393 4.110028065741062 6.101116023957729 24.38551937788725 10.72072798013687 0.6934100612998009 1.195638954639435 106.3173741325736 8.260696783661842 43.22397438436747 4819.697701536119 371.0778801962733 3379.431540586054 0.8219239115715027 2.920927546918392 1.97406992316246 699.7542757615447 2.575944170355797 0.1133707240223885 600.1513635963202 7.815405398607254 337.7317868694663 2572.649352751672 691.6480787023902 196.7364127412438 30.43190813809633 28.21848204731941 1207.852274343371 13.3242994248867 0 12.98067130148411 0.7927547916769981 0.3372132480144501 0 0 0 0.09930460900068283 0.3136984184384346 0 734.52438993752 0 1196.329311572015 0.5662739276885986 0 2.468484401702881 0.8095860406756401 11.88905011117458 11.70251825451851 0.09794348478317261 0.950036883354187 1.006047695875168 0.8917594105005264 2.160415627062321 820.7813790366054 338.2867688536644 481.8053104281425 0.8427933752536774 0.3924529626965523 1.084779769182205 418.5486009120941 0 0 31.3023469299078 0 69.9934564307332 801.066152729094 37.96209511905909 13.01583428680897 4.01778618991375 1.204844832420349 257.8551574200392 0
3106.31022067368 10.73738904297352 164.8622675165534 68.0779485553503 1.538631752133369 333.1213035136461 7306.615416921675 4924.144706696272 48.77558240294456 1016.525992445648 170.5381750464439 366.3618979081511 2.628336474299431 7461.107646808028 31.43960802257061 4.866487666964531 498.735942736268 72.32886181771755 120.8126874566078 137.7725969329476 151.0172881484032 38.62787576019764 337.1413389965892 245.701933786273 2.793152742087841 264.3831962868571 210.9382430016994 928.9968689903617 6223.139347575605 2633.037299320102 5.101927727460861 229.5807327106595 27.89965999126434 1688.561356768012 6.029414646327496 476.3988265246153 158.2773300632834 1925.973937086761 187.3673719093204 203.4794597104192 43.04967317730188 4.390791140496731 3.177437670528889 0 0.4298766180872917 3.711079336702824 3.530389338731766 0 0.8023102879524231 21.84944782406092 5.913102217018604 5.967202849686146 8.72389429807663 0 0.536461740732193 0.2300837337970734 2.165611073374748 0 1.352433048188686 1.041511446237564 0.7276408672332764 0.5558492541313171 2.726134188473225 7.164084747433662 1.879574157297611 3.227125242352486 45.44674661010504 0.4251193478703499 2.967908881604671 16.93990988284349 67.4132326990366 3.201160043478012 6.026564702391624 0 0 0.6910828948020935 1.866250343620777 0 9.7397500872612 2.210346668958664 6.257342144846916 0.8273728042840958 8.338331520557404 1.00138732790947 1.073763370513916 0
0.1097994595766068 6.220899149775505 0 231.0099188536406 916.4745602160692 1023.278615444899 24.360316388309 306.7271283864975 829.06471991539 73.13450929522514 6.851424768567085 905.928098410368 0.5259640216827393 31.43960802257061 199.9206824451685 0.1297185570001602 0.8687705546617508 2.374800831079483 2.379190847277641 108.6632854193449 0.1344979852437973 30.31074254214764 0.2838752865791321 1365.718730896711 2.520784467458725 8.037934973835945 41.19041309505701 131.2635185867548 24.70343402028084 3.090637251734734 0.9061919152736664 134.071778267622 0.1128323599696159 50.1668514162302 0.6978687942028046 278.740710362792 4.790202908217907 74.39614195376635 29.53601551055908 1271.163032867014 49.07800231873989 0 1.874002620577812 0 0.1667570322751999 0 11.37067840248346 0 1.884233593940735 3.704455927014351 1.137502297759056 4.773759864270687 30.34690135717392 0 6.380404427647591 0 0.203138530254364 2.157641872763634 0.6459186300635338 0 0 0 14.36180204898119 1.096650660037994 0.6738365888595581 0.1738328188657761 13.90536759793758 0 0 0.4803893938660622 19.36023293435574 0.1170787066221237 0.5461705327033997 0.1690273880958557 0 0 0.1058093830943108 0 23.56829944998026 0 1.462777614593506 0.2287317365407944 23.075583294034 0 0 0
0.8803606405854225 26.5610868409276 7.663339890539646 2.337627112865448 0 0.6403973549604416 44.97326694428921 3.232932984828949 148.693555213511 4.640271700918674 2.812446519732475 0 4.110028065741062 4.866487666964531 0.1297185570001602 2235.855029955506 19.45878433436155 0.8397749364376068 5.597283221781254 0.3851488828659058 2650.49572391808 2025.946422286332 1731.905118562281 1977.387607000768 4.653346322476864 20.78291823714972 4184.274330928922 1868.479163214564 17.94089362770319 243.5199303328991 0.37411068379879 0.1141048967838287 9.439832799136639 61.48318928480148 16.97845405340195 1739.135414786637 376.0889718160033 386.2898998484015 760.3377924561501 70.2907644957304 12.81655103713274 26.32924251258373 10.61776581406593 1.459503561258316 3.777696616947651 41.93859016150236 0.1967692822217941 0 0.2302066683769226 18.15070436894894 1.156222082674503 13.99456422030926 1.557418465614319 0.3858210295438766 0 1.289759710431099 3.122181117534637 0.2020830661058426 2575.991461023688 1.669721379876137 0 0.4725998640060425 0.6634803414344788 495.958773560822 735.1267871782184 1732.111932009459 284.7214643955231 0.09794595092535019 2.482559233903885 616.649045675993 199.125096231699 13.96773538738489 276.6342107951641 0 0 4.389020405709743 13.27779453992844 1.32262197136879 225.8526797294617 8.107445411384106 50.91453249752522 27.84541292488575 34.38568051159382 1.702183455228806 7.173878133296967 1.055325672030449
238.074242554605 216.9221943989396 6199.70517578721 0.5817532911896706 0 7.922382272779942 120.9821356683969 358.6456174477935 12.82040202617645 2.842289797961712 357.2348076030612 1.129131406545639 6.101116023957729 498.735942736268 0.8687705546617508 19.45878433436155 2199.367025762796 462.9641197994351 3824.283882774413 0.1624576970934868 693.5857914760709 45.17356556653976 5261.213554643095 19.1775876134634 2.159227147698402 2218.261717066169 7411.976846635342 58.50178215652704 829.8358770236373 1610.382990777493 13.29213806986809 2.012317255139351 65.58885107934475 1221.992945022881 2.485378131270409 233.8036035001278 2616.446879692376 370.6783236190677 126.4739521443844 8.567620098590851 1.901509203016758 30.95859926939011 1.791340097784996 0.2447068095207214 41.36737238615751 213.9820073917508 0.3273177295923233 0 0 2.067598946392536 0.8026589304208755 1.242867864668369 0 0.8094692155718803 0 0.9805456101894379 2.227400228381157 0 2.639434792101383 32.62382671236992 0.3742643296718597 7.420221649110317 0 1.89748141169548 21.26172329485416 32.34276232123375 7.828516818583012 0.3258239477872849 109.7159338369966 593.5071356296539 0.9326570853590965 1.077223651111126 2.224546983838081 0.2614949494600296 0 0 11.27445693314075 0 20.28437395393848 136.3843310251832 34.58793256431818 11.279357008636 2.605102032423019 0 0 0.4134524464607239
3.28767104446888 8.37685452401638 15.81342705339193 1.252556994557381 1.509061053395271 21.49043090641499 15.31100405007601 65.04042229056358 1.530461214482784 22.44697427004576 3635.677980430424 17.41280306130648 24.38551937788725 72.32886181771755 2.374800831079483 0.8397749364376068 462.9641197994351 565.3826228827238 1965.518858388066 4.567424036562443 8.17375398427248 2.804538145661354 27.80696967989206 6.583493784070015 18.70019836723804 1330.607460975647 119.7438276410103 10.56417735666037 78.99992949515581 12.53575003892183 86.54298762977123 39.05308318138123 0.9815777987241745 1496.842048563063 3.570825889706612 396.0468369424343 858.6342616453767 1025.726983711123 359.4886592030525 15.73793236166239 0.8494583666324615 11.76629221439362 2.079599604010582 0 1.04254699498415 0.2779003083705902 0.1637559086084366 0 0 0.6958810910582542 0.3932721316814423 0.154269203543663 0.9763824790716171 3.212327629327774 0 20.86989170312881 0.1132746636867523 0 0.1150569692254066 2.174848735332489 2.198165856301785 9.730316571891308 0 0 0.2336311712861061 0.8880992010235786 1.386316053569317 8.221595391631126 120.885570846498 121.4434689432383 2.390580728650093 0 0.2027330249547958 22.0126498863101 0 0.2681072205305099 0.2768929377198219 0.2135681658983231 2.142064623534679 8.265842199325562 1.09124282002449 0.1425013989210129 0.06614292412996292 0 0 0
22.13263374567032 17.57676845043898 123.4022752568126 0.2642619013786316 0.155308410525322 13.21725910902023 17.80302562564611 87.75271172076464 1.490670762956142 18.59525971859694 1433.434446759522 13.76214576512575 10.72072798013687 120.8126874566078 2.379190847277641 5.597283221781254 3824.283882774413 1965.518858388066 1133.578809089959 3.395297311246395 41.83321376144886 5.858561120927334 192.717345200479 3.966934852302074 8.360933378338814 5216.540815874934 1242.269654475152 8.459117315709591 172.9413512796164 85.76957865059376 49.19279167056084 24.5120153427124 11.0115949884057 2614.861520037055 2.814703583717346 556.5423133820295 1826.618148565292 1000.658389523625 351.8951544240117 17.85504174977541 1.18568567186594 18.07370364665985 1.964374281466007 0 6.544044949114323 19.4999727755785 0 0 0 0 0.5284031257033348 0.3005440607666969 0.3829682841897011 0.5054928213357925 0 3.14542630314827 0.1213467791676521 0 1.024261593818665 6.512210160493851 0.8804475292563438 20.73054160922766 0 0.2519703581929207 0.485574796795845 1.839930824935436 1.379713140428066 1.945229642093182 223.4080329537392 254.1903781965375 2.993180483579636 0.2854965925216675 0 3.80718869715929 0 0 1.804972231388092 0.7707326412200928 11.45020136982203 55.90636792033911 4.810971140861511 1.010169357061386 0 0 1.148567259311676 0
1.12876994907856 0.751814067363739 0.2223649993538857 3744.090644285083 3.809651724994183 601.5348589941859 12.5132006034255 248.1969430968165 237.6773572787642 5321.656723625958 9.808045573532581 3966.089017562568 0.6934100612998009 137.7725969329476 108.6632854193449 0.3851488828659058 0.1624576970934868 4.567424036562443 3.395297311246395 602.591107159853 1.17746564000845 1.44033008813858 1.557491034269333 94.90567392855883 0 12.41089974343777 6.640714786946774 1841.695718221366 153.7218599915504 1.424256183207035 0.4574246257543564 7.411292865872383 0.3804767429828644 76.78578308224678 1.281581915915012 429.923523761332 8.529176823794842 223.1593426838517 26.13241930305958 228.9631785303354 15.93258824199438 1.737631618976593 4.387837216258049 0.9532933831214905 0 0.2328314185142517 138.2009599581361 0.3193039521574974 10.90902788192034 47.37579219788313 26.71605689078569 46.86710253357887 310.4738918319345 0.9701397642493248 50.91159434616566 0 6.992669224739075 12.61745995283127 0.5984249711036682 0 0.5122603178024292 0 138.3123809695244 1.181090012192726 0 0 225.8334781304002 0 0.4100469127297401 0.3087774813175201 281.7296967729926 3.038096189498901 2.000020235776901 0.09951074421405792 0.3613555282354355 0.1020180806517601 3.591714173555374 0 94.652568615973 0.5372137501835823 13.82221475243568 0.7614161372184753 133.912191465497 0.8584556058049202 0 0
65.50757233053446 1.92166867852211 309.8072932735085 0.3168351426720619 0 9.481856651604176 691.9785332456231 167.9057708010077 58.79047854244709 4.944506101310253 31.65274322032928 1.053399287164211 1.195638954639435 151.0172881484032 0.1344979852437973 2650.49572391808 693.5857914760709 8.17375398427248 41.83321376144886 1.17746564000845 10092.89039200544 99.40196574479342 13847.20855670422 349.2715455964208 3.884568750858307 58.05230525881052 648.3742114305496 2677.37263263762 517.2588208541274 8115.763964764774 1.279481008648872 1.664762727916241 170.0673487260938 3691.480232693255 55.59841753542423 4530.860287219286 873.0526056364179 4764.083495557308 2971.943922273815 195.6208880916238 46.93787298351526 28.87848548591137 31.1669559404254 2.068873673677444 0.2357708364725113 21.91761877387762 1.212179958820343 0 0 32.16510604321957 3.019580893218517 8.932496674358845 3.396228104829788 0.1554806679487228 0 0 6.158304207026958 0.1225694641470909 384.4099271893501 0.5839185118675232 0.4264459609985352 0.4455019235610962 3.008257500827312 351.3797609433532 122.2794433683157 230.1871286332607 297.6514179706573 0 5.332467213273048 52.66091121733189 211.4158373996615 25.24821358174086 274.1566201895475 0 0 5.415369391441345 17.99295753985643 1.195778854191303 237.8482085764408 14.82444181293249 44.55853205174208 21.14965558052063 33.8476865068078 0.8066559210419655 8.906695574522018 1.773942992091179
8.97298489511013 2167.430237203836 291.1182636842132 8.279588460922241 1.083838775753975 2.907137498259544 32.3154182061553 29.48636544495821 2167.808961041272 1.936361610889435 7.601414754986763 11.65003904700279 106.3173741325736 38.62787576019764 30.31074254214764 2025.946422286332 45.17356556653976 2.804538145661354 5.858561120927334 1.44033008813858 99.40196574479342 1074.544858127832 843.4826941415668 5705.241749092937 409.8773403316736 155.1935174167156 5622.372169159353 117.7695789560676 65.843370616436 265.0255846530199 13.25888960063457 0 24.34423210471869 98.47435507178307 4.729056388139725 655.1819899007678 276.6888857483864 478.0755718797445 260.7973509803414 146.184012517333 7.837156042456627 24.40931764245033 3.511658400297165 0.645957738161087 15.10031127929688 46.94776264578104 38.63967097550631 0 0.1227042898535728 8.258571535348892 0.5982220768928528 22.62378577888012 0.5421193838119507 1.238507241010666 1.159154944121838 1.829779900610447 1.635042577981949 0.2528668195009232 979.704032510519 1.708332598209381 0.1003567650914192 0.9926004335284233 0 91.84933479130268 346.540044888854 407.8882553577423 107.7319057732821 1.421858884394169 13.3549447953701 1177.10173214227 55.65843076258898 3.878730788826942 40.61811233311892 1.997043639421463 0 0 5.504684664309025 2.931086465716362 42.60832042992115 8.979102417826653 13.70908272266388 6.943777821958065 2.573909819126129 0.5098357200622559 0.6095570921897888 0.5717248618602753
141.5358666926622 15.75919883698225 7334.737062044442 3.244142130017281 0.1347716152667999 15.73763747513294 1290.815093383193 334.1623218804598 25.19411360472441 10.10048989951611 74.5924569517374 2.245457157492638 8.260696783661842 337.1413389965892 0.2838752865791321 1731.905118562281 5261.213554643095 27.80696967989206 192.717345200479 1.557491034269333 13847.20855670422 843.4826941415668 14337.18900376558 504.7709413617849 11.59306326508522 875.5163475126028 6633.051208987832 3490.150942832232 476.2762238234282 4449.671809777617 0.6410105675458908 2.134919472038746 83.27729852497578 3573.69023245573 163.8791778758168 9335.317492939532 4221.857614167035 9433.476538829505 8122.51348117739 611.7124803438783 130.4610763564706 56.3057117164135 63.79909181594849 0.3899271637201309 5.570329867303371 278.5223094150424 0.1335684806108475 0 0 18.70645032078028 1.862255074083805 6.84287153929472 1.847900107502937 3.020808428525925 0.1446318179368973 0.5031211376190186 3.294668912887573 0 1530.791382662952 5.763652667403221 0.1156584173440933 3.255520470440388 1.8880994617939 233.6146097928286 351.0517900064588 1737.977898128331 135.2614098712802 0.1151901185512543 7.983063906431198 1595.445889890194 100.423890799284 8.877445444464684 152.9818297624588 1.476217806339264 0 1.805008552968502 15.25940988957882 8.505545422434807 204.7640959993005 26.00787122547626 44.78394337743521 36.7813685759902 20.39761385321617 0.9942353367805481 8.146088510751724 0.2012083828449249
22.68338552117348 546.037916213274 31.95440766960382 1922.080492094159 48.90051558613777 352.166346102953 1154.231334678829 412.2776721119881 4561.201599702239 672.877515129745 15.37687107920647 780.368711322546 43.22397438436747 245.701933786273 1365.718730896711 1977.387607000768 19.1775876134634 6.583493784070015 3.966934852302074 94.90567392855883 349.2715455964208 5705.241749092937 504.7709413617849 4677.533625744283 114.9417138472199 150.6793820261955 3654.68030565232 5426.212552800775 662.9637117832899 703.555903993547 3.77072612196207 13.88359625637531 192.769560880959 285.3278710320592 20.08965028077364 1921.465079165995 64.33109160512686 999.5878327190876 336.2962478473783 1005.268226802349 86.80556492507458 32.91969966888428 26.21618838608265 13.05311016738415 5.736855790019035 31.63655205816031 142.129964068532 0.4251211509108543 20.81909713894129 904.9214499667287 143.7937392666936 631.0185594856739 251.1596194505692 6.941119648516178 33.06050868332386 1.661843530833721 131.5445821806788 6.737658254802227 200.5212436839938 3.134211696684361 3.432084612548351 1.88136500120163 97.70771946758032 361.0197192803025 384.7076813578606 76.79718670994043 2530.782381407917 1.211200602352619 11.36620467156172 46.50095809996128 2632.413897924125 125.9454926997423 278.9003573656082 1.08319066464901 1.870511025190353 12.99922719597816 56.34163314849138 2.057544358074665 453.3259509801865 16.25369365513325 248.9511000588536 65.36187371611595 173.0907058790326 15.4059926867485 7.334743738174438 3.862833745777607
0.1734355092048645 1803.336786262691 10.94690682739019 0 0 0.643260732293129 0.2514619082212448 2.849020250141621 122.2957988083363 2.781297154724598 704.0717726871371 1.351903818547726 4819.697701536119 2.793152742087841 2.520784467458725 4.653346322476864 2.159227147698402 18.70019836723804 8.360933378338814 0 3.884568750858307 409.8773403316736 11.59306326508522 114.9417138472199 537.7964337319136 616.9443929493427 4320.05994181335 3.209191724658012 1.475798204541206 4.606884397566319 555.3656087517738 0.7072260156273842 0 422.7664985284209 3.813092529773712 229.1138582602143 352.2713037952781 516.8205212280154 111.3317522928119 42.05411064624786 37.34184843301773 1236.182352125645 12.06804025173187 0.1332315653562546 154.7464498057961 3.901993706822395 1.693960055708885 0 0 0 0.1029611602425575 0.8304029852151871 0 184.4179781600833 0 685.9255357980728 0 0 1.053711414337158 2.498314447700977 8.456098474562168 22.85929171741009 0.09881848096847534 0.153293713927269 1.314616732299328 2.068655855953693 0.7653640136122704 303.5736564323306 604.9579949453473 1047.65440826118 0.6147129759192467 0 4.593945607542992 177.0770833417773 0 0.1002272218465805 7.747256353497505 0 94.32823217660189 94.93462121486664 21.12113197147846 6.245045349001884 8.649597764015198 1.070815205574036 35.71384652704 0
36.82892474532127 512.5059589967132 6358.359577350318 3.020719200372696 1.029518775641918 42.2930745407939 61.87571331858635 206.8759502917528 151.416623800993 61.40513259917498 1577.106078438461 42.14444661140442 371.0778801962733 264.3831962868571 8.037934973835945 20.78291823714972 2218.261717066169 1330.607460975647 5216.540815874934 12.41089974343777 58.05230525881052 155.1935174167156 875.5163475126028 150.6793820261955 616.9443929493427 13325.080191046 7615.951710611582 35.25277397036552 280.908961892128 145.728441439569 448.1984349712729 76.66102476418018 11.85942466557026 3394.747852750123 15.40972146391869 3498.164214551449 8473.93763589859 3362.953210353851 1522.007340833545 134.114784784615 10.78812313079834 183.7576703354716 10.78482566028833 1.14282988011837 492.8241359516978 496.4748226478696 2.139602169394493 0 0.09828717261552811 7.176734291017056 2.83208404481411 7.991936221718788 1.123982854187489 112.214286364615 0.9847939759492874 564.7246872112155 6.480961032211781 0.4241463616490364 4.928870365023613 161.7930063381791 45.19924738258123 347.4130808115005 0.3267222493886948 6.471715934574604 14.42780893296003 33.35154202580452 23.85932163149118 362.4877715334296 3722.182234346867 6407.32533685863 13.76648737490177 5.788493245840073 9.910675510764122 452.2934204861522 0 0.3934756889939308 41.79536567628384 1.680198609828949 140.5100704804063 648.7333851829171 124.11744171381 27.64017282426357 4.389917887747288 0 10.86980370432138 3.007282249629498
34.80584783107042 6678.338062264025 5131.73195990175 12.33680921047926 2.229267247021198 26.20615284144878 502.2339030578732 185.102163143456 1143.689540758729 50.63642786443233 363.3894138783216 37.75748038291931 3379.431540586054 210.9382430016994 41.19041309505701 4184.274330928922 7411.976846635342 119.7438276410103 1242.269654475152 6.640714786946774 648.3742114305496 5622.372169159353 6633.051208987832 3654.68030565232 4320.05994181335 7615.951710611582 25654.04906434566 956.7892332151532 209.7137511074543 297.1497852131724 1032.428001157939 29.95836400985718 16.01393684744835 4340.168846040964 80.80292871594429 6690.648712173104 4507.691289968789 7558.609892226756 3503.953195944428 386.8956019729376 69.03527768701315 134.1252780929208 25.64733926206827 4.39980860054493 2314.223447628319 2157.586523599923 19.59470865875483 0 0.4193807989358902 34.96554191410542 6.822941236197948 28.05555571615696 0.7669302746653557 124.9290535748005 1.426943935453892 515.1210240870714 20.91954813152552 1.160264261066914 1685.331734664738 228.9047131538391 41.31703707575798 279.8067501336336 0.322988823056221 90.05320072174072 2003.105503849685 2279.83445046097 127.3141006156802 728.7822455838323 3911.328511878848 17780.00880280882 40.21526288986206 14.46117413789034 48.33375206589699 461.0235095992684 0.08713660389184952 1.652724772691727 82.36029533296824 4.561337113380432 315.5033917576075 692.090561054647 239.2965732365847 115.2332723587751 17.43789753317833 2.9297254383564 17.39852197468281 2.51958804577589
71.34911040961742 6.69782317429781 197.5925524905324 3479.283232539892 6.530766442418098 894.5997137948871 11555.59141095728 1180.303445141762 1391.267125703394 3881.958460859954 21.70501554757357 330.7480136230588 0.8219239115715027 928.9968689903617 131.2635185867548 1868.479163214564 58.50178215652704 10.56417735666037 8.459117315709591 1841.695718221366 2677.37263263762 117.7695789560676 3490.150942832232 5426.212552800775 3.209191724658012 35.25277397036552 956.7892332151532 9535.836517050862 2228.01872228086 7844.795681625605 0.7350799739360809 17.48533814400434 618.970651037991 926.1637261807919 63.18685587495565 3676.164170645177 117.0618119165301 2898.843919076025 1047.026058673859 606.9691814780235 180.241785377264 22.36854474246502 61.07945927232504 9.273492209613323 0.9767862558364868 20.81347662955523 184.2040472701192 0.7907717004418373 23.87110018730164 722.2552994191647 142.2226266860962 299.3446768298745 414.6454491168261 4.444042131304741 45.59307663142681 0 103.9354340955615 9.942135289311409 112.4037455916405 1.24101559817791 3.931125856935978 1.18839181214571 140.7813794910908 223.2902909070253 110.3388477787375 44.59526716172695 1787.881270892918 0.2048197165131569 5.896455571055412 21.91538456082344 2127.808933436871 101.6864383369684 201.4697947353125 1.028316989541054 2.243084810674191 9.746825218200684 41.77068243920803 3.716542169451714 366.5439922139049 10.9479855298996 181.8805362805724 45.47095454484224 192.5306592062116 11.61480909585953 4.00341010093689 2.059993378818035
