465.5127472430468 0.1449046432971954 182.7907428368926 7.748245850205421 0.1300970315933228 25.11422176659107 2589.290461108088 214.1492714509368 110.5085151419044 39.40497917681932 31.34031794220209 2.420182228088379 3.015695132315159 2028.694160789251 0.8872542604804039 2.914278894662857 257.6211566030979 20.88157626986504 143.137232594192 3.964075461030006 39.73849575221539 2.678984135389328 71.84060039371252 272.4423738867044 1.227987036108971 100.8423090875149 57.36881269514561 274.780546143651 1427.924893461168 4339.071233853698 0.4231281727552414 12.40115808695555 5.554301582276821 111.4239149391651 0.1752531975507736 72.50055677443743 11.591527312994 110.197206787765 20.93992438167334 3.232975035905838 1.428503200411797 0.3536467179656029 0 0.932202123105526 0.815314032137394 0.4587692022323608 1.599151596426964 0 0.7361359521746635 29.4585790336132 16.08854844421148 22.79097389429808 5.263012021780014 0.0858139842748642 0.216992974281311 1.124314293265343 10.20371326804161 0 4.365416243672371 0.4682073816657066 0 0.4242755323648453 0.1803151071071625 7.65352375805378 2.74230944365263 1.329337112605572 70.44173499196768 0 2.768310606479645 5.51279640942812 46.38907925784588 12.95731301605701 6.934750624001026 0 0 2.61353250592947 2.866561412811279 1.091093346476555 38.00880375504494 1.662913240492344 10.21608723700047 4.401475936174393 5.654878556728363 1.071283005177975 0 0.3887054920196533
0.1449046432971954 108.1655988842249 197.2627064287663 0.2201809585094452 0.1286004632711411 0.478239893913269 20.87513555586338 0.6260591819882393 401.0893066674471 0.7927575036883354 45.81796135753393 0.6491896957159042 268.04518353194 1.210723862051964 11.61275455355644 89.65496442466974 141.3506400212646 13.57735051214695 80.92876088619232 0.1286005526781082 7.413507245481014 2131.345876276493 16.174963504076 674.3493971601129 1120.503178603947 339.562291406095 6832.41157117486 29.14633809030056 2.279650680720806 3.194725476205349 26.59793085604906 0.2417788952589035 0.08651137351989746 15.85283564031124 0.2445799112319946 66.43746072053909 39.21638641506433 114.5975950956345 11.44803923368454 11.22625118494034 0.2698734104633331 96.23476664721966 0.6873873472213745 0.1736651211977005 29.73946431279182 52.26201947033405 0 0 0 0.60000891238451 0.1130639612674713 0.3255092203617096 0 3.515394724905491 0 9.614885784685612 0 0 7.693484336137772 24.52957827597857 7.71572133153677 72.20266901701689 0 0.2667877376079559 18.06324736773968 3.377176247537136 3.806026943027973 12.12509425729513 579.7286989688873 2086.227848172188 1.518860377371311 0 0.2340977489948273 4.938346557319164 0 0 2.633939132094383 0 32.37367196381092 46.0194059535861 35.50837627798319 7.235019624233246 0.3946478813886642 0 0.1364828646183014 0
182.7907428368926 197.2627064287663 3226.195773608983 0.8752436861395836 0 20.50153982639313 1066.786165602505 190.6931621283293 26.99494998902082 16.6987983584404 35.11460223793983 0.8047028183937073 11.12820117920637 385.6406477540731 0.140987440943718 31.18944007158279 4128.552240982652 77.20398603379726 634.9984750300646 1.338621564209461 3530.77964348346 38.96800953149796 10546.41454288363 90.86856489628553 4.43616645783186 4450.029137700796 16480.77111212909 264.2350935190916 202.0938973277807 1230.036651842296 7.648754797875881 0.9346959218382835 15.54423001408577 339.9809946864843 10.10149033367634 1254.868885032833 2711.827658526599 1077.237475432456 373.1401705518365 31.8413906916976 4.201686196029186 3.611507833003998 4.505211673676968 0.6283734738826752 264.9510331451893 675.0043962821364 0 0 1.29014253616333 9.145095363259315 6.146216750144958 7.444292694330215 0.152871385216713 7.990553855895996 0 3.132453046739101 3.562243215739727 0.1989411562681198 45.4037996456027 359.8427333980799 10.74373214691877 193.4971790984273 0.9564751386642456 12.84477273374796 135.370367243886 76.4044167548418 62.48125103116035 1.714014180004597 1357.119637794793 3454.709338478744 20.718909971416 6.12220311164856 17.00162858515978 1.638922765851021 0 3.701397694647312 63.50353641062975 0.7764963507652283 259.5586432591081 348.4668884724379 209.9433834031224 47.57920902222395 3.983929455280304 2.034886315464973 0 1.684874475002289
7.748245850205421 0.2201809585094452 0.8752436861395836 2814.66765447706 3.271902732551098 66.33022220432758 23.39555972069502 60.43196298182011 1162.862273097038 4866.092298381031 7.825560323894024 1112.443239167333 2.059239096939564 53.18696285039186 87.74719282239676 0.1127344891428947 0.4702053815126419 1.023877911269665 0.4797327965497971 3969.418825298548 0.1129687279462814 1.678614661097527 0.5658401399850845 1539.760310158134 0.2147642374038696 0.8975291922688484 2.519575759768486 7020.450460605323 70.33992838859558 0.3419064655900002 0.6795286983251572 5.249355033040047 2.870821870863438 22.98463159054518 4.711625412106514 214.3807086199522 2.616107970476151 77.00686314702034 33.09473746269941 141.5139292702079 11.1384561508894 1.483351543545723 2.625213012099266 1.246280319988728 0 0 212.0819396600127 0.3712706565856934 42.32718438655138 171.6411823257804 107.316230520606 115.7537371590734 142.0005249157548 2.645560085773468 153.0169514715672 0.2252391874790192 43.01337929069996 17.1852775812149 1.126456439495087 0 0 0 102.3499957174063 0.7880009114742279 0.1126067861914635 0.2977815940976143 184.1809497103095 0 0 0.2382274493575096 270.2435908839107 13.23206653445959 1.622292518615723 0 1.086691901087761 1.206646092236042 2.994148500263691 0.3369452059268951 97.61208383738995 0.9089936390519142 9.63369495421648 2.89063922315836 173.0750901997089 1.421137861907482 0.8650577217340469 0.1373684108257294
0.1300970315933228 0.1286004632711411 0 3.271902732551098 2.838088281452656 683.4977683648467 3.640548259019852 42.28109407424927 50.56285161525011 8.735303483903408 2.953717634081841 114.335227675736 3.688044533133507 0.8498340547084808 1059.229482628405 0 0.09460514783859253 0.1372028291225433 0 9.616918928921223 0.08169914782047272 0.730786919593811 0 9.144252523779869 0 0.3034819662570953 0.7156543061137199 5.8373818770051 0.2218800485134125 0 0 6.62088193744421 0 49.71475864946842 1.019753843545914 60.62503677606583 0.8957651406526566 114.6787200048566 38.06707800924778 920.1496305018663 109.1118131428957 3.425191044807434 0.2124485820531845 0 0 0 1.042345121502876 0 0.1516413986682892 0.1119788810610771 0.7098129987716675 0 0.6450171545147896 0 0.3370753079652786 0 0.927470326423645 0.6536948978900909 0 0 0 0 0 0.1222779676318169 0.1332915276288986 0.1750120371580124 0.1280563324689865 0 0.1141858398914337 0 0.6448092088103294 0.2055493593215942 0 0 0 0 0 0 4.053539603948593 0.1770379543304443 0.4445222020149231 0 2.639337509870529 0 0.1719837337732315 0
25.11422176659107 0.478239893913269 20.50153982639313 66.33022220432758 683.4977683648467 8439.877430304885 1668.408860109746 3895.512544177473 52.21211428195238 6156.222624063492 138.3486091643572 3439.418450370431 23.3102969750762 932.4624817594886 1560.161327071488 0.1096871122717857 7.371229127049446 6.66590828448534 6.453109294176102 612.1141461580992 3.990893796086311 0.437744028866291 7.148653388023376 125.9298302456737 2.096525594592094 14.47960224747658 10.47512631863356 334.5963942930102 252.0626283735037 16.06094335019588 4.737291440367699 682.3804291933775 1.383367866277695 361.073663815856 3.129469022154808 338.866354867816 13.1731518432498 418.2525223046541 140.7942524254322 2562.920152805746 194.8729725033045 22.48414576053619 8.721475623548031 0.6827582493424416 0.1544577181339264 0 7.986789226531982 0 1.975035518407822 35.83121025562286 24.71346994489431 13.04024992883205 5.782045304775238 1.677416577935219 6.089958503842354 0 9.159760423004627 0 1.370142728090286 0.1003442108631134 0 0 3.613342419266701 0.520974300801754 0.1135412231087685 0.7219847589731216 31.65840717405081 0.1023831441998482 0.7021195366978645 1.351936183869839 48.82911947369576 5.594537690281868 0.9184950515627861 0 0 0.3837355077266693 1.401519179344177 0.1552589982748032 10.45075868070126 2.138004131615162 6.974764600396156 1.56807292252779 9.257496848702431 0.08606451004743576 0.6399470716714859 0
2589.290461108088 20.87513555586338 1066.786165602505 23.39555972069502 3.640548259019852 1668.408860109746 10018.38063850999 4090.851566188037 782.2077708095312 12067.40495428443 75.08525190502405 27.9795837700367 26.06524347513914 6098.312221989036 15.81844164431095 27.13987025618553 226.2411613762379 19.36007016152143 82.65015916526318 36.20773065835238 587.5454466044903 33.4774819239974 820.9242739230394 2405.660407654941 3.96735917776823 435.006770029664 733.0092987716198 14680.18769260496 2060.405383653939 5121.266646116972 3.247509032487869 34.02849858254194 119.7577894851565 330.4234028160572 50.8576764985919 2403.953106746078 78.0153923407197 1350.510480433702 689.4536883234978 154.3732487112284 121.7423529326916 15.08339390158653 26.35325357317924 8.991120979189873 8.395088165998459 14.23472837358713 140.1262393519282 0 24.32605492323637 551.9731505289674 361.9933518245816 264.5939834862947 124.5553899407387 10.87662973254919 27.87072591483593 1.795088790357113 115.9084620252252 6.072805404663086 28.41872746497393 4.916695430874825 0.9652943462133408 6.848078645765781 59.40316252410412 15.95849796384573 20.20629462599754 24.11458916962147 579.6381985992193 0.3068851828575134 39.22278286516666 94.81543274223804 655.1105626374483 84.07842700183392 43.46326543390751 0.5986109226942062 0.9616537094116211 12.93777213990688 23.45551765710115 3.193269751966 212.1865527629852 10.98574212938547 71.3295805901289 19.31486670672894 108.663166590035 7.830121546983719 6.998859323561192 8.45986782759428
214.1492714509368 0.6260591819882393 190.6931621283293 60.43196298182011 42.28109407424927 3895.512544177473 4090.851566188037 6631.0342136994 281.9311301186681 2034.863285981119 107.4879871755838 508.4399695768952 24.60686271637678 3661.212639555335 93.90190707147121 2.484532088041306 121.7183589562774 18.64699547737837 71.50766372680664 334.9817532673478 41.37993331998587 3.024736955761909 57.03434556722641 927.0910733863711 3.356101304292679 112.1219980716705 59.36326983571053 757.8858797848225 569.8733517378569 424.6679749339819 3.557111382484436 581.8910297974944 7.919738695025444 296.2687074244022 4.503587156534195 343.5777166634798 21.95836727321148 396.7266154512763 147.984124340117 442.6651854962111 97.56768341362476 20.43397083133459 13.23835100978613 3.93794971704483 0.6698897704482079 1.474251694977283 22.59210992604494 0 6.742307297885418 205.5195429176092 137.5155203640461 69.29393941909075 34.39428465813398 4.827303327620029 3.686751835048199 0.0955662876367569 50.18532507866621 0.5706657767295837 5.922625347971916 0.1069542244076729 0.3060310930013657 0.4229827523231506 10.4065242856741 4.357961133122444 1.984884351491928 2.740431532263756 232.4955522119999 0 3.492650806903839 7.586090475320816 243.8999273777008 38.44978299736977 17.3668907135725 0 0.1125094071030617 6.926375910639763 11.29098547250032 2.884450204670429 64.02626152336597 3.590581901371479 28.02708831429482 9.992813602089882 20.14988406002522 3.540029540657997 1.277851715683937 0.3490637689828873
110.5085151419044 401.0893066674471 26.99494998902082 1162.862273097038 50.56285161525011 52.21211428195238 782.2077708095312 281.9311301186681 1202.221420310438 188.9633402302861 9.701888963580132 281.9562332481146 17.07171346992254 402.1660069078207 765.7433284521103 182.0199021026492 8.149210400879383 2.699158012866974 3.608434200286865 314.949272505939 94.79397889971733 1881.684580363333 82.66076862066984 6381.99590215832 134.4479687064886 18.14675482362509 422.4595083370805 2682.248545132577 376.7941566258669 212.8751333355904 2.524989873170853 6.775594212114811 34.32406487315893 46.61042849719524 9.191601723432541 499.0091351568699 20.8504832983017 142.2451012581587 87.29760655760765 541.8820710107684 13.23429330438375 0.6578448414802551 2.997834734618664 7.650157660245895 1.405287802219391 4.613503642380238 249.9261737018824 0.5343717038631439 21.95147749036551 222.564162991941 76.17432525008917 84.14047654718161 110.4293718039989 4.280910179018974 96.67105074226856 0.2241212278604507 47.6976827159524 28.25697214156389 487.3679394051433 2.16234464943409 0.3364628404378891 0.7734731733798981 75.91731242090464 96.97199633717537 120.7912464290857 230.6104644164443 960.7800236046314 0.6132258027791977 4.26702731102705 19.61052825301886 523.2582659646869 53.42981776595116 84.56703928112984 0 1.436512544751167 17.78230924159288 19.23331421613693 3.42226030677557 148.3710005804896 8.107367858290672 43.03990454226732 17.61393936723471 113.8391501531005 8.993658244609833 0.1118671968579292 1.038176588714123
39.40497917681932 0.7927575036883354 16.6987983584404 4866.092298381031 8.735303483903408 6156.222624063492 12067.40495428443 2034.863285981119 188.9633402302861 34466.0491265282 213.7291343584657 3588.956041105092 34.00805530697107 1258.452864728868 63.66868841648102 1.269384063780308 5.702689968049526 14.97177705168724 11.55442228168249 4330.515327677131 3.982151173055172 0.1851711273193359 7.479711301624775 345.4613636434078 2.217590034008026 24.20432236045599 26.1716138496995 6088.957161642611 827.1800503954291 16.39076074957848 8.357564374804497 148.4131529331207 10.38874965906143 461.7147281840444 19.45603781938553 1354.616253070533 33.60025727748871 1112.239183247089 292.9273563474417 215.2620765864849 120.350515037775 17.61014547199011 29.99552968889475 1.890290781855583 0 0.1210942044854164 145.7300916612148 0.8021964579820633 21.28095680475235 229.1057490706444 142.7784514501691 73.45399012416601 109.6881487816572 3.208944708108902 53.28509863466024 0.9730038419365883 68.6024656444788 12.95958644151688 3.470750018954277 0 0.1084801331162453 0.2907328009605408 57.63605183362961 1.986957289278507 0.3152306228876114 0.4736511334776878 163.0702313408256 0 1.097105510532856 0.319199725985527 284.42884747684 18.76035337895155 9.414948500692844 0 0.6936587020754814 1.694185294210911 3.049196466803551 1.450376503169537 70.94273978471756 2.783545963466167 16.5390966385603 2.922334335744381 102.5080140158534 1.217142522335052 2.139371551573277 0.5998852029442787
31.34031794220209 45.81796135753393 35.11460223793983 7.825560323894024 2.953717634081841 138.3486091643572 75.08525190502405 107.4879871755838 9.701888963580132 213.7291343584657 8694.71626483649 108.8993644788861 1164.991542994976 200.097571015358 1.219418331980705 1.028644099831581 213.7993733808398 2363.758831031621 942.1999094113708 77.6090370491147 25.74891819059849 7.656214162707329 60.48370106518269 24.43209270387888 373.2987560778856 2174.753643728793 630.9406886026263 39.86434449255466 274.1382555067539 43.1227530092001 517.5799074918032 138.2230263128877 14.50819431990385 6837.479015022516 18.82746411114931 1208.971535503864 4547.590642079711 9233.243133656681 1202.447680905461 36.62435482442379 29.42809004336596 265.799669586122 7.49965688586235 0 9.144789166748524 0 0.4957540854811668 0 0.09464240074157715 4.826069049537182 3.207907028496265 2.478587679564953 0.3381683975458145 237.8569439053535 0.1862574070692062 580.0945624485612 1.613649874925613 0.2086395472288132 0.5275006964802742 0.3166767656803131 238.3840596079826 67.13810708373785 0.1560011208057404 0.2019314765930176 0.1807174682617188 0.5505885183811188 6.239613883197308 369.1075582429767 451.4624454006553 360.6455752328038 4.456817127764225 1.816875874996185 0.8056841567158699 216.4982056766748 0.1656383275985718 0 0.4302120804786682 0 6.695876970887184 615.4665954038501 5.68139012157917 4.506960183382034 0.6872230768203735 0 33.35129645466805 1.015499532222748
2.420182228088379 0.6491896957159042 0.8047028183937073 1112.443239167333 114.335227675736 3439.418450370431 27.9795837700367 508.4399695768952 281.9562332481146 3588.956041105092 108.8993644788861 7153.97020240128 21.28674545139074 241.6164288595319 1366.845509447157 0 0.5831001475453377 6.24167487770319 3.91327541321516 4623.09069378674 0.5548558160662651 4.619041413068771 1.388574384152889 107.2460689097643 6.038374938070774 5.870191246271133 5.168015576899052 203.3616572767496 206.0305018723011 1.572642803192139 3.723040819168091 88.63511693477631 0.4601500183343887 242.8006868511438 6.471519023180008 861.5414633974433 9.511818625032902 450.5780336409807 98.14425206929445 1514.10469841212 66.73771450668573 7.812448233366013 12.83773746341467 1.354828476905823 0 0.2760445773601532 71.54937474429607 0.1629507839679718 12.6810689419508 36.32861906290054 31.11713638156652 24.44087805598974 43.77740681171417 0.1011030226945877 87.4085780531168 3.613711833953857 16.98329342901707 17.30461683869362 1.072961643338203 0 0.2573365271091461 0.09310268610715866 38.48222769796848 0.3243279606103897 0 0 61.22821236401796 0.09104766696691513 0 0.3132586479187012 69.4000004157424 2.896615028381348 1.612600959837437 0 0 0.692482016980648 2.52727086097002 0 69.94881574809551 0.2697625160217285 2.654153130948544 0.3274359628558159 182.2465622127056 0 2.965000420808792 0
3.015695132315159 268.04518353194 11.12820117920637 2.059239096939564 3.688044533133507 23.3102969750762 26.06524347513914 24.60686271637678 17.07171346992254 34.00805530697107 1164.991542994976 21.28674545139074 1987.648731313646 28.37591550499201 4.741921007633209 11.0714151263237 3.006751731038094 21.78020559251308 10.94052816182375 12.2056867107749 14.05920588225126 52.9005277082324 31.06923463195562 29.63390566408634 3853.343560934067 158.545376829803 3360.776249550283 15.79464413225651 24.01527532935143 9.893638432025909 629.027237392962 28.18576262146235 0.132398396730423 432.8809141218662 72.49636726081371 2445.091909617186 4415.402713187039 4590.854222759604 875.4166740700603 149.0567317008972 108.7366550862789 1051.875939838588 6.351626127958298 0 29.18380096554756 0 0 0.7767876982688904 0 2.486979357898235 1.348494052886963 0.292577788233757 0.6461741477251053 581.2921390980482 0 1236.964280314744 0.3924757614731789 0 0 0.9580208137631416 185.6908663883805 28.01964768022299 0.1100915819406509 3.180695772171021 0.1493831127882004 0.4218025207519531 1.331479750573635 2084.070910662413 349.1073999851942 310.355980142951 2.829359866678715 0.256996177136898 0.216377779841423 308.7751446589828 0.2131649553775787 0 2.13906142115593 2.090269982814789 132.3176645115018 1383.86607079953 52.28298027068377 12.80925098061562 30.74458515644073 0.4623032510280609 90.1523579210043 0
2028.694160789251 1.210723862051964 385.6406477540731 53.18696285039186 0.8498340547084808 932.4624817594886 6098.312221989036 3661.212639555335 402.1660069078207 1258.452864728868 200.097571015358 241.6164288595319 28.37591550499201 6002.367343898863 16.17390851676464 7.95102846622467 360.2152478471398 42.85591438412666 213.9113728255033 200.0746522173285 80.76479543745518 4.92396541684866 127.3880831003189 967.7104855850339 3.63364215195179 209.1092344969511 118.4567164778709 1012.980691723526 4393.801446944475 2183.250086463988 5.659816078841686 130.437607884407 7.06054312735796 572.0870186761022 5.206970997154713 405.3416709527373 36.78122117370367 556.6179300919175 136.7134020328522 114.7215828448534 54.96047642827034 15.56635692715645 13.51895724236965 3.88737265765667 1.102571099996567 1.972392603754997 9.659298740327358 0.09058442711830139 2.698222145438194 149.3478725031018 92.2760873362422 74.76076052337885 13.14611510932446 2.071079425513744 2.448937125504017 0.9320199489593506 43.1917877048254 0.1105614304542542 14.87181036919355 0.9590960443019867 0.3311591148376465 1.584166370332241 6.746564999222755 14.09113910794258 3.103924363851547 5.581660807132721 296.1608930155635 0.1211403980851173 6.46139644831419 11.90938697755337 196.9904922619462 47.68471997231245 28.07819009572268 0.1432011127471924 0.5805516391992569 7.136775515973568 13.66467837244272 4.172358110547066 104.4027707576752 2.872836574912071 41.90331045538187 14.49755799025297 27.69772597402334 6.448109962046146 1.025957241654396 0.8873473852872849
0.8872542604804039 11.61275455355644 0.140987440943718 87.74719282239676 1059.229482628405 1560.161327071488 15.81844164431095 93.90190707147121 765.7433284521103 63.66868841648102 1.219418331980705 1366.845509447157 4.741921007633209 16.17390851676464 353.6299700662494 0 0.2585450708866119 0 0.1262801736593246 194.674267090857 0 52.02825893461704 0 397.6828395873308 7.02905710786581 0.4802070036530495 16.35436959564686 106.2401936128736 4.566187679767609 0.470467209815979 0 43.05810388922691 0.1310824155807495 1.147203221917152 0 431.190748102963 0.1603676825761795 3.918645977973938 0.4779109358787537 1303.36172516644 23.79099005460739 7.908162236213684 2.594229221343994 0 0 0 16.86449159681797 0 1.15762609988451 5.32928803563118 5.256062410771847 5.056780755519867 6.936429172754288 0 13.82134094834328 0 1.567501723766327 4.195413261651993 2.446930296719074 0 0 0.1846123784780502 9.268074825406075 0.5958056375384331 3.039912506937981 1.366478517651558 7.821293950080872 0 0 0.2724245116114616 9.754581153392792 0.3850565254688263 0.9110531881451607 0 0 0 0.350321352481842 0 26.78126874566078 0.2595311999320984 0 0.1707240045070648 51.76618894934654 0 0 1.467305421829224
2.914278894662857 89.65496442466974 31.18944007158279 0.1127344891428947 0 0.1096871122717857 27.13987025618553 2.484532088041306 182.0199021026492 1.269384063780308 1.028644099831581 0 11.0714151263237 7.95102846622467 0 1519.549902170897 36.33750335127115 2.422651596367359 5.389211632311344 0.2234668433666229 2094.304564528167 2721.662319675088 2205.684096381068 2521.132262907922 22.56307398527861 22.61760369688272 2662.070864886045 2014.832950279117 51.85706888884306 262.3335407078266 0.7093346267938614 0 12.15070141106844 96.37901122123003 19.23268542438745 2557.710180580616 359.3163599073887 505.6013797447085 500.7027084007859 93.39362321794033 5.001262806355953 5.783011719584465 15.48399623483419 1.198097452521324 8.515217632055283 87.01969923079014 0 0 0.7819850742816925 3.470846749842167 1.67972594499588 5.484924793243408 0.9668330103158951 6.63477499037981 0 1.822207927703857 1.444616138935089 0 1640.199547968805 9.819105237722397 0.5813173726201057 6.771141402423382 0 157.079286172986 859.3022946193814 1254.00416867435 180.4846177175641 0.5345167517662048 26.55468745529652 1025.708605542779 53.68768059462309 7.639379732310772 45.39681912213564 0.3772931694984436 0 6.589338339865208 22.35115488618612 2.36547763645649 328.8257678300142 28.07459332048893 74.27739994972944 66.18888504803181 8.100966081023216 0.8749503344297409 2.855756670236588 3.635884582996368
257.6211566030979 141.3506400212646 4128.552240982652 0.4702053815126419 0.09460514783859253 7.371229127049446 226.2411613762379 121.7183589562774 8.149210400879383 5.702689968049526 213.7993733808398 0.5831001475453377 3.006751731038094 360.2152478471398 0.2585450708866119 36.33750335127115 1307.001786030829 241.5689765065908 3322.948846757412 1.050837494432926 1316.047407530248 33.97108967602253 4572.135869778693 57.99996472895145 4.804231151938438 1876.688374653459 5015.790826953948 104.275280021131 725.8983045294881 2066.691878408194 2.409428402781487 1.770814463496208 71.02877734601498 1146.916876904666 3.191447779536247 655.6006096825004 1515.132141396403 1426.286877095699 257.1854501366615 11.51946742087603 5.056346274912357 5.096005909144878 1.323082253336906 0.3412245064973831 119.9445433542132 60.90861055999994 0 0 0 1.760386325418949 1.288756161928177 2.061736106872559 0 2.431217983365059 0.9105129241943359 2.529709503054619 0.6338114142417908 0 9.12481827288866 83.62577259540558 8.224534593522549 131.7325435578823 0 4.408677399158478 8.892516292631626 4.335098825395107 14.51648414880037 1.707902230322361 799.1228378713131 829.5957619026303 5.071290336549282 2.89939746260643 3.048159509897232 1.162472151219845 0.1127905994653702 0.9034487903118134 14.18845758587122 0.2700159996747971 69.47609274834394 227.57954274863 55.19819985330105 9.991215109825134 1.992600753903389 0 0.395147979259491 1.413791418075562
20.88157626986504 13.57735051214695 77.20398603379726 1.023877911269665 0.1372028291225433 6.66590828448534 19.36007016152143 18.64699547737837 2.699158012866974 14.97177705168724 2363.758831031621 6.24167487770319 21.78020559251308 42.85591438412666 0 2.422651596367359 241.5689765065908 512.6905887052417 1226.306482717395 7.000890493392944 13.88316961377859 6.026139885187149 77.68781975656748 6.216525986790657 132.063293620944 1711.47177926451 732.1840039491653 7.834486924111843 58.12475445121527 40.42111487686634 113.1215716674924 3.809927962720394 5.140013813972473 1006.382163561881 7.277638219296932 921.8396911099553 1383.175416581333 2156.831295482814 233.8732217848301 10.06293889135122 0.7997297421097755 1.390224985778332 2.420811004936695 0 52.00521436333656 1.058146297931671 0 0 0 0.273606188595295 0.1106177642941475 0.224509172141552 0.1118020117282867 30.21047111600637 0 112.7667336687446 0 0 0.7366260588169098 0.9740994945168495 195.888771019876 134.1080406978726 0 0.288242943584919 0.307353213429451 0 1.811126686632633 119.4731381163001 584.030561029911 473.0087581649423 0.7244758829474449 0.0821017250418663 0.2198271378874779 79.83623085170984 0 0 0.106860563158989 0.1557187587022781 1.508186973631382 35.54331262409687 1.210741110146046 0.5361674427986145 0 0 0.5306061655282974 0
143.137232594192 80.92876088619232 634.9984750300646 0.4797327965497971 0 6.453109294176102 82.65015916526318 71.50766372680664 3.608434200286865 11.55442228168249 942.1999094113708 3.91327541321516 10.94052816182375 213.9113728255033 0.1262801736593246 5.389211632311344 3322.948846757412 1226.306482717395 1976.194651290774 3.149304531514645 187.921283364296 9.378357633948326 870.2309278324246 15.93594001978636 51.28778652101755 1861.741572447121 1804.944881059229 27.33589424192905 445.8116122484207 480.9939863756299 18.88853999972343 2.275915652513504 49.50708932429552 2107.228186711669 9.125446781516075 1111.673627108335 947.5033637806773 2628.052111215889 205.0221517235041 11.61688686162233 1.646070465445518 2.296456627547741 3.975891828536987 0.2463512644171715 85.44015180319548 11.42880759388208 0 0 0 0.7075501531362534 0 0.3773018568754196 0.08436910063028336 9.591452248394489 0 19.68585699051619 0 0 2.330120757222176 8.227787762880325 83.8011297956109 294.485580407083 0 0.754988856613636 1.783940196037292 2.130656875669956 3.947466135025024 18.36611366271973 799.9285000860691 748.9353245869279 0.878705233335495 0.7767876610159874 1.226495906710625 19.1912187859416 0 0.1148108690977097 2.377904325723648 0.1846723109483719 14.78128936886787 118.9553986042738 12.15861709415913 2.009555175900459 0.2321512997150421 0 0 0.7622641324996948
3.964075461030006 0.1286005526781082 1.338621564209461 3969.418825298548 9.616918928921223 612.1141461580992 36.20773065835238 334.9817532673478 314.949272505939 4330.515327677131 77.6090370491147 4623.09069378674 12.2056867107749 200.0746522173285 194.674267090857 0.2234668433666229 1.050837494432926 7.000890493392944 3.149304531514645 1073.199351511896 0.6574434489011765 0 1.311938926577568 472.547081053257 1.806131906807423 4.581017911434174 3.660134948790073 1472.911569338292 257.0640150904655 1.709923014044762 3.806928336620331 53.86321970075369 2.077879175543785 163.3333230912685 10.32602961361408 646.4363007768989 13.80543750524521 426.0473851189017 109.3008890748024 324.7652117237449 54.95057071745396 7.676032647490501 16.49281978607178 2.42592254281044 0.2802343964576721 0 141.8461680859327 0.1248538568615913 18.90012896806002 170.6910512149334 114.8282924219966 45.53068105131388 106.2032766491175 2.903808578848839 62.44731152802706 0.2526073604822159 43.76100528240204 13.6127360984683 1.828661940991879 0.1513651460409164 0 0.2397983223199844 58.95219718664885 2.442500822246075 1.328506082296371 1.088534310460091 132.5271791443229 0.08119824528694153 0 1.621791869401932 223.1445558220148 10.88193169981241 2.18291537463665 0 0.5457058623433113 1.768289431929588 4.309691406786442 0.1271984279155731 70.95211684703827 2.702621325850487 7.977911069989204 3.00172583013773 139.2218813970685 0.2763546481728554 0.6567523255944252 0.5458002761006355
39.73849575221539 7.413507245481014 3530.77964348346 0.1129687279462814 0.08169914782047272 3.990893796086311 587.5454466044903 41.37993331998587 94.79397889971733 3.982151173055172 25.74891819059849 0.5548558160662651 14.05920588225126 80.76479543745518 0 2094.304564528167 1316.047407530248 13.88316961377859 187.921283364296 0.6574434489011765 12861.79642222077 219.7649538069963 16146.89838986844 263.9675346314907 6.748420193791389 289.6953300088644 1174.945141978562 4082.732592411339 169.7098010331392 6193.086250863969 2.451683178544044 1.140932589769363 55.15178939700127 2556.445983156562 41.28498496115208 6823.564254768193 904.7936677262187 5029.897419705987 2618.799798391759 250.2037554681301 17.4831126332283 3.938795007765293 49.12682837992907 2.227673597633839 6.068299353122711 19.65783870220184 2.110570132732391 0 1.604005917906761 15.41373331099749 6.527032986283302 16.0791047513485 1.200892806053162 3.14958992600441 0.6898031234741211 2.10813070833683 8.906875237822533 0 489.776674978435 8.296419247984886 1.773193776607513 7.937183082103729 1.573209583759308 270.1291449517012 227.800885938108 253.0600666552782 374.1859158799052 0.2326272055506706 24.26328843086958 97.61680298298597 125.6539063006639 31.51169005036354 115.839818790555 0 0 22.00738850980997 28.49378331005573 1.900657296180725 176.5564325675368 21.39231803268194 51.75705956667662 18.911840505898 15.68280882388353 3.893203653395176 7.108630456030369 2.381988659501076
2.678984135389328 2131.345876276493 38.96800953149796 1.678614661097527 0.730786919593811 0.437744028866291 33.4774819239974 3.024736955761909 1881.684580363333 0.1851711273193359 7.656214162707329 4.619041413068771 52.9005277082324 4.92396541684866 52.02825893461704 2721.662319675088 33.97108967602253 6.026139885187149 9.378357633948326 0 219.7649538069963 843.7509726285934 632.8723259791732 6332.199260950089 599.8020755723119 57.91627637296915 5382.66773570329 295.86689312011 22.99751745164394 74.25052460283041 5.791010022163391 0.2153985351324081 5.145387552678585 8.890704728662968 1.317815646529198 182.9342515990138 26.03993063420057 51.80478953570127 39.69939464330673 78.68211744725704 0.8602638840675354 3.911654241383076 0.3128767013549805 0 23.04826800525188 109.3518500626087 0.1392564624547958 0 0 3.579999193549156 1.193255767226219 4.388374112546444 0 1.112892732024193 0 1.081466197967529 0.3248089998960495 0 791.2549879327416 27.2675167247653 1.500551819801331 9.05826273560524 0 31.65924394875765 243.1757782027125 605.238836042583 68.95142108947039 2.209930025041103 47.49581550806761 1605.105219759047 17.07094770669937 3.336991012096405 14.58659446984529 0.42723348736763 0.1434968560934067 2.177572131156921 22.32505910098553 2.081107646226883 123.5195641443133 30.33597813546658 64.83563420176506 58.38592562824488 3.711851626634598 0.2460050284862518 0 1.67009824514389
71.84060039371252 16.174963504076 10546.41454288363 0.5658401399850845 0 7.148653388023376 820.9242739230394 57.03434556722641 82.66076862066984 7.479711301624775 60.48370106518269 1.388574384152889 31.06923463195562 127.3880831003189 0 2205.684096381068 4572.135869778693 77.68781975656748 870.2309278324246 1.311938926577568 16146.89838986844 632.8723259791732 16258.37599612027 413.1601288840175 10.35886695981026 1361.482343621552 15887.66941619664 2191.362909957767 176.7936744093895 2812.54698895663 4.113198600709438 1.244040988385677 33.87992872297764 2362.037983268499 95.53692970424891 12153.09185610712 3945.070779293776 8211.261500038207 5346.676078788936 500.4444898664951 62.97086706012487 25.10159401595592 94.00777333974838 1.890360549092293 13.05714111030102 502.9261024072766 1.291871190071106 0 0 16.62310104817152 6.513055138289928 8.744671419262886 2.132145211100578 8.670350715517998 0 0.9153790771961212 2.74628259241581 0 1477.971509747207 89.3891865760088 2.140607617795467 17.72173379361629 0 87.91218635439873 665.1568104326725 1465.910968989134 120.4856260493398 0.5807331502437592 73.69683573395014 3005.427250921726 41.35128504782915 9.000666968524456 28.13685911148787 0.408672109246254 0 5.53200214356184 67.53759182989597 6.483840733766556 554.2563116401434 66.3851438164711 173.6736096963286 133.3988325297832 11.45547716319561 3.318876132369041 10.26465938985348 7.204007297754288
272.4423738867044 674.3493971601129 90.86856489628553 1539.760310158134 9.144252523779869 125.9298302456737 2405.660407654941 927.0910733863711 6381.99590215832 345.4613636434078 24.43209270387888 107.2460689097643 29.63390566408634 967.7104855850339 397.6828395873308 2521.132262907922 57.99996472895145 6.216525986790657 15.93594001978636 472.547081053257 263.9675346314907 6332.199260950089 413.1601288840175 6184.387906234711 191.1777380481362 64.32347858697176 2972.870135687292 6236.158683009446 1094.897871628404 504.3359631225467 3.462527692317963 18.55520574003458 136.9919767081738 172.2206235080957 27.85390877723694 2013.389360077679 68.49586156010628 660.3239732533693 354.3379679992795 407.5952103212476 55.17078585922718 4.37979332357645 15.68489077687263 21.65460273623466 13.52507682144642 15.63729733973742 178.5132123157382 0.1436348557472229 24.92349608242512 531.1752539053559 268.7898419871926 859.9091593697667 126.1497511193156 6.953345708549023 59.2490708231926 2.158624701201916 146.1143566705287 14.57388293743134 454.7176841422915 9.012803621590137 1.846808329224586 10.64637847989798 73.74456864595413 207.6231084540486 355.177964605391 190.7449103146791 1783.607320465147 2.001334749162197 37.33841899782419 102.7560835927725 988.1458616107702 191.9664636179805 212.338826559484 0.9795748591423035 2.17902234941721 49.14666694402695 64.35387010127306 13.44594267755747 524.0353461951017 25.33080539107323 165.7348674610257 60.10213133692741 168.8620285689831 19.14043085277081 4.744059145450592 5.970501974225044
1.227987036108971 1120.503178603947 4.43616645783186 0.2147642374038696 0 2.096525594592094 3.96735917776823 3.356101304292679 134.4479687064886 2.217590034008026 373.2987560778856 6.038374938070774 3853.343560934067 3.63364215195179 7.02905710786581 22.56307398527861 4.804231151938438 132.063293620944 51.28778652101755 1.806131906807423 6.748420193791389 599.8020755723119 10.35886695981026 191.1777380481362 544.6031923294067 514.2975138574839 4216.789802618325 9.676220238208771 2.700177647173405 3.109596878290176 459.1447749361396 3.141510218381882 0.1130537986755371 118.6236157491803 8.051101922988892 672.1869574859738 359.6977915838361 1383.683436386287 181.7024021446705 185.5996519699693 120.6721211671829 125.7506018877029 33.9204923287034 0 49.96357654035091 0.2841808646917343 0 0 0 2.992731809616089 1.273768536746502 0.9272052794694901 2.280644923448563 226.0770059153438 0 666.3950832188129 0 0 4.709652423858643 0.1463197469711304 56.56162706762552 23.82743696123362 2.550437688827515 0.8106551766395569 0.3170545175671577 1.530894927680492 5.297761872410774 207.2695767879486 220.3269551694393 355.0104241371155 1.967282712459564 0 0 80.98644591122866 0.3499854505062103 0 0.2678396329283714 0 155.3362269699574 102.2329007536173 9.354283809661865 1.270669877529144 36.33130419254303 0 12.08255820721388 0.1485552936792374
100.8423090875149 339.562291406095 4450.029137700796 0.8975291922688484 0.3034819662570953 14.47960224747658 435.006770029664 112.1219980716705 18.14675482362509 24.20432236045599 2174.753643728793 5.870191246271133 158.545376829803 209.1092344969511 0.4802070036530495 22.61760369688272 1876.688374653459 1711.47177926451 1861.741572447121 4.581017911434174 289.6953300088644 57.91627637296915 1361.482343621552 64.32347858697176 514.2975138574839 27629.60863945633 20585.27292811871 73.33636286854744 152.2180322185159 292.4927976131439 517.7637979388237 4.468516029417515 10.90929458290339 472.5796833410859 12.80473393946886 1407.630190722644 2109.754475168884 2167.947713918984 293.6691360473633 21.93287771195173 3.180192731320858 2.862487196922302 7.164515092968941 0.6786215081810951 323.3860028609633 8.905108086764812 0 0 0 3.11009319126606 1.357587218284607 0.9759509786963463 0.1212521195411682 72.81941733509302 0 275.6411288976669 1.45562432706356 0 3.742722570896149 46.26871628314257 361.7493896484375 751.4043468683958 0 1.625050142407417 5.472189411520958 3.057171046733856 12.7267828732729 302.3734757676721 2473.177653566003 2866.064499892294 3.949608504772186 1.757212601602077 2.314736217260361 158.3368081524968 0.09703881293535233 0.2389174699783325 7.937654279172421 0.2960697785019875 68.78999484330416 617.4444479197264 53.93345341831446 10.27132971584797 0.6321760267019272 0.09059630334377289 0.9203966781497002 0.8553340882062912
57.36881269514561 6832.41157117486 16480.77111212909 2.519575759768486 0.7156543061137199 10.47512631863356 733.0092987716198 59.36326983571053 422.4595083370805 26.1716138496995 630.9406886026263 5.168015576899052 3360.776249550283 118.4567164778709 16.35436959564686 2662.070864886045 5015.790826953948 732.1840039491653 1804.944881059229 3.660134948790073 1174.945141978562 5382.66773570329 15887.66941619664 2972.870135687292 4216.789802618325 20585.27292811871 33436.48312654346 1699.336202032864 155.7422220632434 228.7187626510859 1550.996286220849 2.521153517067432 17.25422545522451 1300.14247084409 61.19607657194138 8398.160299293697 2290.603119365871 7254.884560056031 2449.135876022279 240.7366820573807 39.03711988776922 31.04759685695171 46.89180760830641 1.858741819858551 2561.643437862396 1307.401113271713 0 0 0.2587371096014977 17.22573576122522 6.503436386585236 8.408345364034176 1.617375694215298 148.5933126062155 0 496.3567053005099 4.467805862426758 0.114290826022625 328.7126278281212 556.3137283027172 562.5836200937629 1436.603857159615 0.5677822083234787 21.14968705922365 1166.757772773504 794.4562996476889 75.86205120384693 935.5995584651828 5701.021442569792 14837.19924607128 28.69494042545557 4.151643984019756 17.02341599017382 257.5258603692055 0 0.9361057206988335 140.1954540908337 2.768794730305672 665.1301664784551 957.1479430422187 446.5565584152937 145.6053697690368 15.74050335586071 0.4839536249637604 3.125286974012852 1.293008953332901
274.780546143651 29.14633809030056 264.2350935190916 7020.450460605323 5.8373818770051 334.5963942930102 14680.18769260496 757.8858797848225 2682.248545132577 6088.957161642611 39.86434449255466 203.3616572767496 15.79464413225651 1012.980691723526 106.2401936128736 2014.832950279117 104.275280021131 7.834486924111843 27.33589424192905 1472.911569338292 4082.732592411339 295.86689312011 2191.362909957767 6236.158683009446 9.676220238208771 73.33636286854744 1699.336202032864 15966.36658962071 1988.118376713246 5626.320190995932 2.317901119589806 20.61987632513046 322.0887067392468 574.5438728705049 65.81986945867538 4079.751353390515 178.9335127323866 1784.07256732136 905.6633943989873 282.0925277248025 78.69517085701227 8.054908059537411 39.29888626933098 21.06893777102232 4.265924662351608 14.96129247546196 430.4217630326748 1.08174455165863 63.79783318936825 760.3149415329099 455.8672814145684 547.2449240460992 295.4765474796295 14.22087304294109 130.3870499655604 0.5626154392957687 208.5089798420668 29.15322282910347 279.6424584910274 7.52217610925436 0.748796820640564 2.570582069456577 157.4221025928855 215.4181661531329 162.84635322541 109.5119961053133 1629.501374214888 1.690111078321934 20.24652100354433 70.9341634735465 1288.864137634635 193.9850759878755 247.0704269111156 0 3.410202816128731 45.84357681870461 58.45984958857298 12.14404168725014 490.4422738775611 15.73346547037363 171.367644816637 60.88095178455114 268.8494368195534 15.09845205396414 1.547817423939705 6.686365962028503
