1485.668982177973 1.080557502806187 37.07572318241 8.775693386793137 1.511413559317589 55.77368900179863 2302.553860444576 1136.466981478035 2.468437120318413 229.876085460186 4.390044718980789 21.20278277248144 3.718720152974129 5057.208139616996 2.139573790132999 1.375449560582638 20.49217889085412 0.2781951725482941 2.467805564403534 29.12629242986441 142.9120439663529 1.749241717159748 124.0280713662505 52.7206100448966 0 16.32931843027472 20.0314741358161 60.77954626083374 5549.300504539162 2072.357466969639 0.08902068436145782 24.59416917338967 118.7299778684974 269.8039485365152 3.805440373718739 97.27365532517433 4.143700283020735 253.4432694762945 52.80078189074993 80.11159798502922 2.784037858247757 0 0.5833944082260132 0 0 0 0 0 0 0 0 0 0 0 0 0 0 0 0 0 0 0.0811987891793251 0 0 0 0 0 0 0.07922408729791641 0.2401999235153198 0 0 0 0 0 0 0 0 0.3930845558643341 0 0 0 0.1688762307167053 0 0 0
1.080557502806187 548.2662208899856 350.5189272686839 11.3462800681591 0 0.208504743874073 15.34399183094501 1.237132523208857 304.0150815546513 2.172257103025913 43.67950867116451 23.5248444378376 1397.360911227763 1.456467770040035 9.935229584574699 243.6338230445981 113.5931315794587 2.520350500941277 56.47919794917107 12.80918255448341 17.30561796575785 2583.2773848176 228.6416488438845 421.4298310428858 2835.950807973742 639.641868211329 7915.089582823217 57.17797493189573 4.45684626698494 10.74941975623369 105.483163125813 0.201392836868763 0.2980933263897896 82.14457920193672 14.77268993109465 389.5893094241619 829.1354265213013 240.4240223616362 56.24667302519083 41.53142505884171 0.6961066424846649 107.7159175127745 3.566786237061024 0 231.924211576581 8.64680565148592 0 0 0 1.131701305508614 0 54.70209146291018 2.470318913459778 8.476597227156162 1.268248200416565 49.75383649021387 0 0 3.725692585110664 6.84731275588274 27.34447619318962 86.64352291822433 4.778711825609207 0.1059334948658943 95.45442817360163 0.08230797201395035 72.03042156994343 56.72427716851234 686.1215161830187 1805.497564010322 1.494421303272247 0 0 10.17825707048178 0 0 2.028229631483555 1.20515775680542 9.09411795437336 107.9088459983468 28.74865562468767 2.509209059178829 5.545473456382751 0 2.252631239593029 0
37.07572318241 350.5189272686839 11567.18385852873 3.459024630486965 0 1.251647487282753 583.7126423604786 31.71234792843461 81.44951178133488 25.31328267976642 9.004522643983364 11.63510154187679 40.35669369995594 62.93066770583391 2.731420695781708 889.7251197099686 2645.630127549171 6.192980043590069 251.471349298954 7.500069908797741 3881.619915150106 789.6667234376073 16686.87540055066 275.2936587408185 19.09073396027088 9668.655809383839 14865.96559982747 677.9982759729028 84.76116055622697 827.4705682508647 3.05823727697134 0.747582770884037 7.615498073399067 280.1970640160143 57.95055669546127 1458.144900728017 401.9442547336221 1057.112092826515 326.3612874001265 147.7025712281466 0.4333118200302124 4.299547463655472 17.97228939831257 0 183.3733304813504 64.76669166982174 0 0 0 0 0 0.3454182744026184 0 1.041312783956528 0 8.389835499227047 0.1139865219593048 0 0.3217445015907288 10.72594880312681 3.88032129406929 26.71421368420124 0 0 0 0.2807653546333313 0.5371384173631668 19.8801598623395 240.955242164433 625.8939632996917 0.1294382214546204 0 0 1.351104713976383 0 0 0.5537972673773766 7.223891064524651 9.435689367353916 240.6984851211309 17.57122544944286 5.523525983095169 0 0 2.709251672029495 0
8.775693386793137 11.3462800681591 3.459024630486965 4998.147013291717 0.736920490860939 71.28370301425457 302.8505464196205 38.33292424678802 224.7223064899445 2091.480833284557 1.337608672678471 6469.173436045647 1.987880542874336 30.79408855736256 77.33740758895874 1.585817761719227 1.380956664681435 0 0.5028278604149818 3387.519821867347 3.375174880027771 31.4752057492733 5.21374848484993 2515.743266187608 0.1596574187278748 3.490911170840263 46.55921676009893 4650.688994452357 58.33430360630155 15.51530008018017 0 1.637096703052521 1.890339285135269 24.94108279794455 6.235920667648315 389.7849328368902 2.866411477327347 70.31262101233006 34.07278600335121 148.9875357449055 2.777924239635468 0 0.5945112705230713 0 0.1751727014780045 0 0.6387960314750671 0 0 3.592163443565369 0 0 4.576345562934875 0 15.69621741771698 1.582541823387146 0.171676829457283 0 0 0 0 0.2973990738391876 0 0 0.4396013617515564 0 1.928581237792969 0 0.3181714415550232 5.189243711531162 0 0 0 0 0 0 0 0 96.33829632401466 0 0 0 2.801458656787872 0 0 0
1.511413559317589 0 0 0.736920490860939 61.0411943346262 94.86950655281544 2.959080673754215 198.9650354608893 5.903436943888664 5.045638956129551 42.59990165382624 44.89929535984993 16.88811478018761 13.88285376876593 1021.360815621912 0 0.1411042511463165 0.7343683838844299 0.7233913615345955 2.711644649505615 0.08817698806524277 0.2809212505817413 0.2023466303944588 3.895609781146049 0 2.75111285597086 0.8509305715560913 1.322511769831181 187.0564996600151 0.8529318943619728 0.360725574195385 102.9233377203345 2.194539330899715 174.931292258203 0.1434524059295654 26.16529141366482 0.5720298141241074 223.0734080672264 32.70205835253 912.2539083510637 44.64740517735481 0 0.1572781801223755 0 0 0 0 0 0 0 0 0 0 0 0 0 0 0 0 0 0 0 0 0 0 0 0 0 0.4004209339618683 0 0 0 0 0 0 0 0 0 0 0 0 0 0 0 0 0
55.77368900179863 0.208504743874073 1.251647487282753 71.28370301425457 94.86950655281544 8001.747762434185 300.2066068984568 6631.454080242664 3.039497375488281 9564.920486085117 65.69990619271994 4063.643808290362 62.57303282618523 1266.410152416676 1423.737435288727 0 0.7179574146866798 4.955817170441151 2.655739992856979 632.4992351904511 2.184283554553986 0 1.962900124490261 18.4663507193327 0 10.14780993014574 4.14917054027319 64.24943080171943 872.832498434931 16.25230195745826 2.826458737254143 288.4001312255859 4.412109531462193 427.4599823281169 0.9730599597096443 158.1763533577323 12.26071771979332 370.4500454328954 54.99922268092632 1307.011538416147 257.8129667192698 0.8081041276454926 0.3446872383356094 0 0 0 0 0 0 0 0 0 0 0 0.3870245516300201 0 0 0 0 0 0 0 0 0 0 0 0 0 0.5397342294454575 0 0 0 0 0 0 0 0 0 0 0 0 0 0 0 0 0
2302.553860444576 15.34399183094501 583.7126423604786 302.8505464196205 2.959080673754215 300.2066068984568 21042.35501911864 3133.422012079507 116.4820282906294 5806.675558753312 14.57191147655249 24.0553399771452 21.97119115293026 7578.21176744625 5.211619719862938 17.43822199851274 87.03669149801135 1.190032385289669 12.10348992794752 98.83007434755564 1122.936258111149 44.77451220154762 930.2172921411693 1813.530475333333 0.9896667897701263 139.6445890292525 194.1407792530954 26151.72877959162 2805.562535818666 10433.01645698771 1.226035408675671 53.46354772895575 62.28331411257386 1118.163253668696 77.59575858712196 1674.382827013731 40.98056851327419 1989.230060964823 784.5458546429873 341.3842309117317 24.48101381957531 0.9991535916924477 17.12465766072273 0 6.190362200140953 1.961940169334412 1.337654709815979 0 0 1.208480656147003 0 0 0.6879912614822388 0 0 0.1048878878355026 0 0 0 0 0 0.1953248903155327 0 0 0 0 0 0.3394880294799805 2.684148564934731 7.308924078941345 2.871405035257339 0 0 0 0 0 0 2.136195033788681 153.0392109155655 2.8192138671875 0 0 2.41010981798172 0 0 0
1136.466981478035 1.237132523208857 31.71234792843461 38.33292424678802 198.9650354608893 6631.454080242664 3133.422012079507 10576.21911188588 4.978332504630089 7033.481324169785 65.15554071962833 1022.797458387911 76.11466774716973 5510.673727344722 1224.435938172042 0.8647456206381321 9.066810436546803 4.363090433180332 3.392755400389433 259.7064698860049 62.41402831301093 1.393032647669315 62.65208937227726 165.189896389842 0.1349522620439529 22.10603339597583 21.59712993726134 299.9131553769112 1267.937007177621 504.9510286636651 2.520074650645256 82.52657480537891 11.37277579680085 614.4105968773365 3.144549757242203 296.1676822192967 15.34384319931269 547.6152102053165 117.2087061330676 2811.501992400736 422.8925797939301 0.1209834292531013 4.400777652859688 0 0 0 0 0 0 0.1947682946920395 0 0 0 0 0 0 0 0 0 0 0.09980295598506927 0 0 0 0 0 0.5883069634437561 0.1143372505903244 0.3475123718380928 0.3076745122671127 0 0 0 0.109193928539753 0 0 0 0.1854196190834045 7.093450777232647 0.1448076069355011 0 0 0 0 0 0
2.468437120318413 304.0150815546513 81.44951178133488 224.7223064899445 5.903436943888664 3.039497375488281 116.4820282906294 4.978332504630089 613.9000890031457 56.3006943166256 0.9325863495469093 189.340202331543 6.054113924503326 6.952620588243008 127.8715227693319 275.8884023576975 15.26470610499382 0.1399466544389725 3.706437662243843 364.2729803919792 31.37815331667662 2201.521753594279 29.27070317417383 10296.91727265716 25.88070730865002 103.4690638035536 759.4901370257139 1085.0873914361 36.28036314994097 10.79983574151993 1.825267165899277 0.3763596341013908 6.83148917555809 39.71605245769024 5.5363849401474 998.3815648779273 52.03963866084814 79.88304190337658 39.73059224337339 262.019072547555 4.992916956543922 0 5.127575531601906 0 37.45947498083115 21.33976233005524 5.210259199142456 0 0 6.390985012054443 0 19.21382750570774 0 0 0 0 1.218585073947906 0 0 2.249831110239029 0 0.1732698678970337 0 0 49.66739892959595 0 27.89659181237221 0 15.12727323174477 36.02437157928944 1.135830640792847 0 0 0.1139119789004326 0 0 0 0.2324133515357971 409.2758790552616 1.037209868431091 0 0 34.33161661028862 0 0 0
229.876085460186 2.172257103025913 25.31328267976642 2091.480833284557 5.045638956129551 9564.920486085117 5806.675558753312 7033.481324169785 56.3006943166256 19907.57150836289 22.09779451042414 3777.011036057025 36.61144642531872 2988.93349929899 22.84043405950069 1.852633997797966 5.116520706564188 1.42991903424263 1.646388426423073 2459.901676483452 46.01210482418537 18.89695248007774 35.2954199463129 848.6886684149504 0.9052876010537148 14.64279879629612 30.29823598265648 7821.211565032601 1352.165090978146 246.1820445284247 1.205093868076801 88.5270574092865 12.89325922727585 548.7597596421838 36.30117693543434 509.4938898906112 23.91859003901482 1292.738886028528 467.2470901161432 631.4101981595159 46.41079165786505 0.942720927298069 7.310282960534096 0 0 0 12.93411375582218 0.1296776682138443 0.09989861398935318 0 0.4044646024703979 0 17.41848531365395 0 1.444470629096031 0 0.3617794439196587 0 0 0 0 0 3.481638237833977 0 0 0 4.679942905902863 0.0890342965722084 0.8875845223665237 0 6.353279292583466 0 0 0 0 0 0 1.428574979305267 55.03137634694576 0.3804389536380768 0 0 3.594268381595612 0 0 0
4.390044718980789 43.67950867116451 9.004522643983364 1.337608672678471 42.59990165382624 65.69990619271994 14.57191147655249 65.15554071962833 0.9325863495469093 22.09779451042414 11231.25966222584 12.83682034909725 3867.896449305117 104.8663390055299 2.258149899542332 3.935952186584473 70.79027092456818 5508.421321377158 765.4978936165571 5.208247177302837 11.67069268226624 9.354629084467888 19.3253087028861 4.656939826905727 153.8237868621945 4628.045506939292 1623.272371415049 8.115343753248453 193.4704967290163 8.066854521632195 621.231029830873 244.1991639472544 3.506862364709377 6872.286208517849 4.968594133853912 183.0245573073626 2851.315060541034 5992.216064341366 1482.477736957371 152.9301150590181 91.0792777761817 1324.961109705269 4.762826941907406 0 4.985999524593353 0.3916279077529907 0 0 0 0 0 0 0 6.698386415839195 0 18.39352779835463 0 0 0 0 3.28183164447546 1.252149142324924 0 0 0 0 0 11.6980050355196 51.10746439546347 49.02807155996561 0 0 0 11.33078338950872 0 0 0 0 0.3543336540460587 12.80287291109562 0.9436555057764053 0 0 0 0 0
21.20278277248144 23.5248444378376 11.63510154187679 6469.173436045647 44.89929535984993 4063.643808290362 24.0553399771452 1022.797458387911 189.340202331543 3777.011036057025 12.83682034909725 9918.171153195202 21.34923473000526 381.9238170087337 2077.515898890793 7.007844924926758 1.130898714065552 0.793304368853569 1.059492073953152 5685.04566334933 1.006107904016972 90.04157952964306 1.971359439194202 1298.552020445466 0.320734977722168 16.77392041310668 68.3173087015748 125.5893186032772 399.7810505665839 3.432957552373409 0.1908648833632469 49.86065538227558 1.038393959403038 257.6772763729095 1.065890491008759 576.8209186196327 9.580119781196117 513.9933423288167 108.8054507151246 2610.955242939293 24.28123400360346 0.3865782618522644 0.3177331984043121 0 2.324260711669922 1.79665470123291 4.354416951537132 0 0 0.5170559287071228 0.07431556284427643 6.368378311395645 8.653435304760933 0 22.71812279522419 0 0 0 0 0.2703959941864014 0 0 7.636493921279907 0 0 0 22.35916848480701 0 3.424233123660088 5.530250787734985 2.696753993630409 0 0 0 0 0 0 0 79.39337545633316 0 0 0.1374716907739639 12.62920133769512 0 0 0
3.718720152974129 1397.360911227763 40.35669369995594 1.987880542874336 16.88811478018761 62.57303282618523 21.97119115293026 76.11466774716973 6.054113924503326 36.61144642531872 3867.896449305117 21.34923473000526 4171.303648896515 45.51626768708229 3.860228776931763 33.52829301357269 23.1477240473032 72.77735924720764 47.28212953358889 12.55217657983303 22.15153154730797 73.85218588262796 59.78423049300909 15.32387583702803 2202.000425040722 1044.143110997975 6099.599993020296 10.20513066649437 33.34574094414711 14.955003477633 811.7208747193217 107.0192462876439 4.849777549505234 774.9757085517049 514.6317870169878 3252.100039176643 14917.99124992639 7382.882688820362 1750.580516628921 534.6900244057178 110.872176758945 4045.705523334444 67.77999334037304 0 36.66310633718967 3.395386278629303 0 0 0 0.2852578163146973 0 0 0 45.04936267435551 0 147.8204504549503 0 0 1.751100927591324 0.5475980415940285 6.735573627054691 4.108533695340157 0 0 0.3203840777277946 1.766457289457321 0.732541412115097 67.84539280086756 281.5314156934619 237.3053178340197 1.53359192609787 0 0 100.3080108761787 0 0 0.3448681235313416 65.05850173532963 387.9101177603006 172.3406813070178 35.57045149058104 60.61054000258446 2.009129881858826 0 14.71547382324934 12.86038136482239
5057.208139616996 1.456467770040035 62.93066770583391 30.79408855736256 13.88285376876593 1266.410152416676 7578.21176744625 5510.673727344722 6.952620588243008 2988.93349929899 104.8663390055299 381.9238170087337 45.51626768708229 12921.50265743583 173.2679287567735 1.656718265265226 20.77603412792087 10.37045256793499 7.644804190844297 150.1139592416584 138.4072808735073 0.6591240093111992 140.1182583980262 149.5701961293817 0.7908444032073021 45.84457784891129 32.26065007224679 226.3232143819332 7900.734638623893 1325.142954103649 3.641625978052616 78.0869821049273 72.69872665405273 912.0039828009903 5.003894694149494 432.8189749270678 19.03940030187368 734.5531671382487 131.1513772197068 736.4145708307624 27.03436508774757 1.043528348207474 2.23111192882061 0 0.1320565789937973 0 0 0 0 0.7190256714820862 0 0 0 0.1652538031339645 0 0.1916273832321167 0 0 0 0.1345945596694946 0 0 0 0 0 0 0 0 0.746185727417469 0.581121101975441 0 0 0 0.1337943524122238 0 0 0 0 5.542092636227608 0 0 0 0 0 0 0
2.139573790132999 9.935229584574699 2.731420695781708 77.33740758895874 1021.360815621912 1423.737435288727 5.211619719862938 1224.435938172042 127.8715227693319 22.84043405950069 2.258149899542332 2077.515898890793 3.860228776931763 173.2679287567735 686.693024545908 4.250721484422684 0.2740974873304367 0.1588357985019684 0.6755558848381042 282.0713004469872 0.1051316037774086 47.26070481538773 0.2578915506601334 314.0799477472901 0.5955194979906082 2.936661377549171 32.28682855516672 10.6847772449255 84.02797768265009 0.8692387193441391 0 71.2045142352581 0 33.19390226900578 0 88.32236240804195 2.121868602931499 19.75955294817686 4.013783849775791 1132.88380727917 139.8817888051271 0 0 0 0 1.652842879295349 0 0 0 1.331070184707642 0 0 0 0 0.7199229896068573 0 0 0 0 0 0 0.9072085618972778 0 0 0 0 0 0 0 0.2487619817256927 0 0 0 0 0 0 0 0 20.35171154141426 0 1.158414602279663 0 0 0 0 0
1.375449560582638 243.6338230445981 889.7251197099686 1.585817761719227 0 0 17.43822199851274 0.8647456206381321 275.8884023576975 1.852633997797966 3.935952186584473 7.007844924926758 33.52829301357269 1.656718265265226 4.250721484422684 7200.178428195417 52.97202655300498 0.9402465745806694 9.858939468860626 0.3254472017288208 3484.558810070157 7122.537910684943 3254.767071969807 5353.392478100955 20.94792231917381 206.3229312673211 7298.08432405442 2526.644030608237 4.836069397628307 56.93141702562571 1.03106115758419 0 1.225545108318329 220.8217859044671 146.9995885118842 11752.82474447042 361.9935925006866 1180.407658196986 1435.514210097492 204.9007481634617 1.329620383679867 8.126525491476059 55.35928031802177 0 52.11567308008671 22.08421975374222 0 0 0 0 0 31.0228306055069 0 0 0 2.353180170059204 0 0 0.9985120594501495 4.692671254277229 0.6468941569328308 3.917724624276161 0 0 82.38162276148796 3.120398811995983 0.2026499807834625 8.644935786724091 15.39400044083595 239.6454000473022 0 0 0 0 0 0 1.923364385962486 20.97915041446686 1407.485978893936 32.05170014500618 12.10076030343771 2.169845804572105 0.7700276225805283 0 0 0
20.49217889085412 113.5931315794587 2645.630127549171 1.380956664681435 0.1411042511463165 0.7179574146866798 87.03669149801135 9.066810436546803 15.26470610499382 5.116520706564188 70.79027092456818 1.130898714065552 23.1477240473032 20.77603412792087 0.2740974873304367 52.97202655300498 2752.84039048478 70.47398595511913 2611.709097981453 1.097351938486099 609.4494450837374 157.1590589284897 6317.818247295916 49.35517694056034 37.4760574400425 4595.45355560258 2382.340070344508 47.61649298667908 54.13470850884914 267.7889190800488 9.62940339744091 2.367528237402439 7.203425150364637 1704.500037427992 23.0687211304903 439.8750894963741 164.9189545735717 1940.833864677697 375.7356267645955 23.80983494967222 0.08388224244117737 3.56434790790081 4.852073110640049 0 55.30323488265276 7.021403379738331 0 0 0 0 0 0.11348757147789 0 5.220571890473366 0 10.88086502999067 0 0 0.1499844789505005 1.232835032045841 8.162416949868202 15.26918157190084 0 0.0736553817987442 0.1439739316701889 0.6989171355962753 0.1048162505030632 14.04147512465715 130.2969884946942 220.0730605870485 0 0 0 4.891964294016361 0 0 0.3018852174282074 0.8794881999492645 3.988997176289558 29.0058511942625 5.841426759958267 2.300282970070839 0 0 0.2970924824476242 0
0.2781951725482941 2.520350500941277 6.192980043590069 0 0.7343683838844299 4.955817170441151 1.190032385289669 4.363090433180332 0.1399466544389725 1.42991903424263 5508.421321377158 0.793304368853569 72.77735924720764 10.37045256793499 0.1588357985019684 0.9402465745806694 70.47398595511913 324.3300463184714 948.7874158322811 0.1791665107011795 2.045687675476074 0.9667827039957047 7.335571900010109 0.4377346932888031 2.568736828863621 1431.722660146654 118.2844343930483 1.04578810185194 17.12429468333721 1.251885272562504 22.3935324922204 17.67224365472794 0.2932175248861313 1248.325443036854 1.237708315253258 35.4528269469738 833.5624522045255 1544.187157765031 264.7531002908945 4.226485922932625 0.5912058055400848 13.39194940030575 0.2299433350563049 0 0.9965971112251282 0.1301656812429428 0 0 0 0 0 0 0 1.412816613912582 0 3.413681201636791 0 0 0 0 0.3178496807813644 0.09845491498708725 0 0 0 0 0 2.363475397229195 17.15365076065063 13.20043643563986 0 0 0 8.128576308488846 0 0 0 0.1350504010915756 0.7040525078773499 2.206914961338043 0 0 0 0 0 0
2.467805564403534 56.47919794917107 251.471349298954 0.5028278604149818 0.7233913615345955 2.655739992856979 12.10348992794752 3.392755400389433 3.706437662243843 1.646388426423073 765.4978936165571 1.059492073953152 47.28212953358889 7.644804190844297 0.6755558848381042 9.858939468860626 2611.709097981453 948.7874158322811 1654.779456477612 0.4392451345920563 43.52688196673989 27.98719886690378 451.3209841065109 14.06975166499615 34.23157460987568 2689.039534531534 990.0578012913465 12.62187906354666 13.49805312231183 25.20230786129832 19.40135538578033 7.57987916842103 1.769488073885441 2938.018084015697 10.17564333975315 347.5824527814984 511.7214302793145 1777.882876507938 308.5943673849106 4.720527246594429 0.2338060140609741 1.127011507749557 2.796207562088966 0 25.88231179863214 0.3986329957842827 0 0 0 0 0 0 0 2.91264932602644 0 10.71155508607626 0 0 0 0.6074981316924095 8.537805624306202 8.940544426441193 0 0.07881076633930206 0.1340484917163849 0.08448944985866547 0.09677727520465851 23.57630500197411 124.7809596583247 127.5582521483302 0 0 0 6.843517981469631 0 0 0.1338157504796982 1.599569618701935 0.374184787273407 16.32251963019371 2.21615594625473 0.6009746789932251 0 0 0.1533209383487701 0
29.12629242986441 12.80918255448341 7.500069908797741 3387.519821867347 2.711644649505615 632.4992351904511 98.83007434755564 259.7064698860049 364.2729803919792 2459.901676483452 5.208247177302837 5685.04566334933 12.55217657983303 150.1139592416584 282.0713004469872 0.3254472017288208 1.097351938486099 0.1791665107011795 0.4392451345920563 351.4273276105523 2.479190208017826 56.5842346996069 1.131264507770538 860.1067050695419 0.4055357724428177 4.719089061021805 54.9687771871686 1809.629601046443 229.6799977049232 15.88849384337664 0.2997115775942802 20.34794038534164 0.6952502578496933 126.9391322359443 8.272414833307266 400.8699777200818 11.1982426866889 334.0746976882219 123.754167996347 695.3211871385574 14.66471326351166 0.4574140310287476 2.75482165813446 0 0 0 0 0 0 1.853501439094543 0 0.3161451816558838 0 0 0.7959480136632919 0 0 0 0 0 0.9051055908203125 0 1.330074787139893 0 0 0 3.528157949447632 0 0 3.457263767719269 1.485174417495728 0 0 0 0 0 0 0 42.32198798656464 0 0 0 0 0 0 0
142.9120439663529 17.30561796575785 3881.619915150106 3.375174880027771 0.08817698806524277 2.184283554553986 1122.936258111149 62.41402831301093 31.37815331667662 46.01210482418537 11.67069268226624 1.006107904016972 22.15153154730797 138.4072808735073 0.1051316037774086 3484.558810070157 609.4494450837374 2.045687675476074 43.52688196673989 2.479190208017826 16068.04145404696 173.9087422713637 23330.70977865905 1229.288627617061 1.45663508027792 418.9493307881057 1142.345061972737 10132.80817878991 436.8883407637477 15225.54985981807 0.6453697681427002 1.891970470547676 58.32630752027035 3424.391821011901 103.5639788359404 4499.708243243396 233.8415758088231 3767.281107727438 1841.926194485277 138.5346524938941 2.706182710826397 4.23662357032299 33.06968382000923 0 7.021135322749615 3.285557568073273 0 0 0 0 0 0.6875273585319519 0 0.2940279841423035 0 0.1979855298995972 0 0 0 0 0.08387931436300278 0.2635193467140198 0 0 0.9223106056451797 0 0 0.2920414581894875 7.073246754705906 19.55732050538063 0 0 0 0.1193799301981926 0 0 0 10.63728569447994 193.2071938216686 3.96655584871769 0.4230338856577873 0 0.1634680777788162 0 0 0
1.749241717159748 2583.2773848176 789.6667234376073 31.4752057492733 0.2809212505817413 0 44.77451220154762 1.393032647669315 2201.521753594279 18.89695248007774 9.354629084467888 90.04157952964306 73.85218588262796 0.6591240093111992 47.26070481538773 7122.537910684943 157.1590589284897 0.9667827039957047 27.98719886690378 56.5842346996069 173.9087422713637 466.229737393558 459.8585873171687 6368.626274302602 540.3246536776423 544.9220280349255 6869.729891598225 430.2211313843727 17.83743163198233 14.76842392235994 10.82693368941545 0.4859490767121315 3.845796585083008 86.84197222441435 18.21312216669321 822.8094330281019 154.0978661552072 214.6370092108846 75.77639632672071 137.7634646818042 0.1892779320478439 8.212015584111214 2.77550396323204 0 223.8666848540306 94.40378379821777 0 0 0 1.814586818218231 0.1089560091495514 55.50140315294266 0.1608039140701294 0.368920661509037 0 4.906523659825325 0 0 18.36659020185471 10.56741965562105 1.265509903430939 7.605055555701256 0 0.5950250625610352 62.88151110708714 1.243249148130417 36.64293876290321 10.39435432851315 83.91477175056934 426.781070753932 2.586351990699768 0 0 0.1028857380151749 0 0 0.2208442315459251 0.9619353413581848 87.78972555696964 48.0544880181551 14.62064003944397 1.245230674743652 0.3923403322696686 0 0 0
124.0280713662505 228.6416488438845 16686.87540055066 5.21374848484993 0.2023466303944588 1.962900124490261 930.2172921411693 62.65208937227726 29.27070317417383 35.2954199463129 19.3253087028861 1.971359439194202 59.78423049300909 140.1182583980262 0.2578915506601334 3254.767071969807 6317.818247295916 7.335571900010109 451.3209841065109 1.131264507770538 23330.70977865905 459.8585873171687 22705.70923357829 279.8296714946628 17.95434606820345 2329.963132765144 12617.30785920843 864.6279664188623 265.2831658683717 3789.526579432189 2.958123154938221 2.67836344987154 27.84171018004417 2539.208716876805 198.2518928349018 8425.449434220791 1710.754989326 4240.42799295485 2911.656693026423 389.6930419653654 2.313126891851425 9.043807685375214 65.0148116722703 0 73.96750884503126 35.66301150619984 0 0 0 0 0 1.755452632904053 0 0.4059181958436966 0 6.375409103929996 0 0 1.797526717185974 6.204626835882664 1.245895899832249 9.224772527813911 0 0 0.4172641634941101 1.178358837962151 0 6.021077133715153 57.29739193618298 232.9666880294681 0 0 0 0.7223555892705917 0 0 0 21.01105923950672 100.9048626869917 24.7920521274209 14.35182154178619 3.507960796356201 0.524677038192749 0 0.1425109505653381 0
52.7206100448966 421.4298310428858 275.2936587408185 2515.743266187608 3.895609781146049 18.4663507193327 1813.530475333333 165.189896389842 10296.91727265716 848.6886684149504 4.656939826905727 1298.552020445466 15.32387583702803 149.5701961293817 314.0799477472901 5353.392478100955 49.35517694056034 0.4377346932888031 14.06975166499615 860.1067050695419 1229.288627617061 6368.626274302602 279.8296714946628 15362.92705562711 41.35576848685741 256.7462689802051 2233.394003972411 13181.96745666862 634.7887797318399 340.4797871857882 0.7344216480851173 6.997373580932617 77.26313680410385 563.0068757608533 94.51718942075968 7707.995893932879 154.2988336011767 1209.492032378912 663.5933924801648 817.9414853304625 10.07926029711962 4.969043716788292 32.89150622487068 0 60.76781152188778 49.36648038029671 11.37551406025887 0 1.368660449981689 17.64022853970528 2.848629757761955 106.8119741901755 12.32260295748711 0 1.574495315551758 0 4.444352954626083 1.915190696716309 1.106486439704895 4.714358970522881 0.8133243843913078 5.667301632463932 7.066093683242798 0 164.4859477728605 0.8425205945968628 29.48771204054356 10.88445395231247 26.27280549705029 148.9356821253896 11.30817726254463 0 0 0.329056054353714 0 0 0 2.580852299928665 2826.68279582262 32.44957889616489 12.79225327074528 0.5897734463214874 45.79995028674603 0 0 0
0 2835.950807973742 19.09073396027088 0.1596574187278748 0 0 0.9896667897701263 0.1349522620439529 25.88070730865002 0.9052876010537148 153.8237868621945 0.320734977722168 2202.000425040722 0.7908444032073021 0.5955194979906082 20.94792231917381 37.4760574400425 2.568736828863621 34.23157460987568 0.4055357724428177 1.45663508027792 540.3246536776423 17.95434606820345 41.35576848685741 672.0014693140984 348.46944257617 6525.167059421539 5.118707783520222 0.636026106774807 1.101343311369419 428.1392212212086 0.5934008732438087 0 43.71651154011488 2.275616884231567 119.6678614243865 2120.122458472848 589.9518841207027 160.3637510538101 5.534589841961861 0 832.3475401252508 17.87142062187195 0 101.5139752924442 1.686009019613266 0 0 0 0 0 0 0 10.01598276942968 0 78.87244122475386 0 0 0 0.8262429311871529 12.08226436376572 17.68258424848318 0 0.1806778758764267 0.3336370587348938 0 0.3753923028707504 80.78879375010729 271.4405251443386 347.5669725164771 0 0 0 25.4274230748415 0 0 0.3316173255443573 0.6362421363592148 8.054735571146011 131.6528409123421 7.01187364757061 0.354508750140667 0 0 11.57285165041685 0
16.32931843027472 639.641868211329 9668.655809383839 3.490911170840263 2.75111285597086 10.14780993014574 139.6445890292525 22.10603339597583 103.4690638035536 14.64279879629612 4628.045506939292 16.77392041310668 1044.143110997975 45.84457784891129 2.936661377549171 206.3229312673211 4595.45355560258 1431.722660146654 2689.039534531534 4.719089061021805 418.9493307881057 544.9220280349255 2329.963132765144 256.7462689802051 348.46944257617 28338.96524192393 15321.0096504204 135.7079641446471 73.66100239381194 201.7326247952878 372.2223536223173 47.81578000634909 5.553393486887217 3201.209090657532 72.92378956824541 2308.364259112626 4591.613407418132 6800.414893940091 1228.742190822959 64.07914567738771 2.519602611660957 42.80382650345564 18.36589563637972 0 529.1331695541739 25.23582027852535 0 0 0 0 0.2212680131196976 0.2460337728261948 0 71.90454476326704 0 178.4615029320121 0 0 1.620140932500362 13.35699995607138 110.987275570631 190.0482342168689 0.6179305911064148 0.2941775023937225 1.986966796219349 2.030718050897121 1.62832735478878 187.316384986043 1838.462963037193 2285.915417052805 0.204730287194252 0.1973178014159203 0 131.3302510231733 0.3423217535018921 0 4.699601255357265 6.682486444711685 11.04585933685303 642.2165018543601 40.60911802947521 5.693279750645161 0 0 4.399456165730953 0
20.0314741358161 7915.089582823217 14865.96559982747 46.55921676009893 0.8509305715560913 4.14917054027319 194.1407792530954 21.59712993726134 759.4901370257139 30.29823598265648 1623.272371415049 68.3173087015748 6099.599993020296 32.26065007224679 32.28682855516672 7298.08432405442 2382.340070344508 118.2844343930483 990.0578012913465 54.9687771871686 1142.345061972737 6869.729891598225 12617.30785920843 2233.394003972411 6525.167059421539 15321.0096504204 51206.52501568943 379.6587576791644 76.28970981389284 239.6390716545284 2028.768371023238 12.00723800063133 9.467924352735281 1746.777254477143 330.0626122355461 11140.93772865087 7305.072468500584 6587.646965462714 2464.092254396528 684.3742750883102 4.160662688314915 91.10555671900511 94.99371911585331 0 2332.46027982235 393.8625211641192 0 0 0 0.6534653902053833 0.09683430939912796 5.60740302503109 0 96.94050354510546 0 275.4560987353325 0 0 7.809672005474567 67.71100127696991 115.3252937495708 212.7932973951101 0 1.54685452580452 18.96673545241356 4.5411686450243 3.915487669408321 393.4896561726928 2475.504304431379 4259.182693563402 0.4761427044868469 0.1479740291833878 0.6412029266357422 206.5570715889335 0.3219920471310616 0 12.67801892012358 40.5393391251564 72.20110675692558 1203.767412319779 131.9687280803919 27.62592798471451 0.1563066989183426 0 7.496255092322826 2.256349444389343
60.77954626083374 57.17797493189573 677.9982759729028 4650.688994452357 1.322511769831181 64.24943080171943 26151.72877959162 299.9131553769112 1085.0873914361 7821.211565032601 8.115343753248453 125.5893186032772 10.20513066649437 226.3232143819332 10.6847772449255 2526.644030608237 47.61649298667908 1.04578810185194 12.62187906354666 1809.629601046443 10132.80817878991 430.2211313843727 864.6279664188623 13181.96745666862 5.118707783520222 135.7079641446471 379.6587576791644 25409.17689116672 706.1452064327896 10499.76603626087 1.157043993473053 10.11070116236806 98.11672589182854 1090.110326781869 78.26697093248367 3453.490883775055 52.1859041377902 2064.531800948083 962.9038327895105 198.8899019733071 9.246207475662231 0.5864466056227684 26.81164190173149 0 9.374371901154518 7.95388263463974 0.6615305542945862 0 0 3.78600886464119 0 3.30858950316906 0.3406350612640381 0 0 0 0 0 0 0.9344356805086136 0.3345429673790932 1.373468056321144 0 0.09206400066614151 1.203099578619003 0 12.96075603365898 0.4576689898967743 4.762769676744938 19.61916702240705 3.708712637424469 0.4823592007160187 0 0 0 0 0 3.810095690190792 548.0279516726732 2.21169201284647 4.297955632209778 0 13.55186721682549 0 0 0
5549.300504539162 4.45684626698494 84.76116055622697 58.33430360630155 187.0564996600151 872.832498434931 2805.562535818666 1267.937007177621 36.28036314994097 1352.165090978146 193.4704967290163 399.7810505665839 33.34574094414711 7900.734638623893 84.02797768265009 4.836069397628307 54.13470850884914 17.12429468333721 13.49805312231183 229.6799977049232 436.8883407637477 17.83743163198233 265.2831658683717 634.7887797318399 0.636026106774807 73.66100239381194 76.28970981389284 706.1452064327896 21329.62563734502 5706.429263200611 5.087243102490902 1310.093691516668 3445.006520606577 3089.952791776508 23.28225626796484 906.5458472892642 39.63117123022676 1952.295848671347 373.2303892672062 514.9401481337845 33.75233788043261 1.034173250198364 4.334512419998646 0 0.3549903407692909 0 0 0 0 0 0 0 0 0.1163605973124504 0 0.5107571482658386 0 0 0 0 0 0.1198780313134193 0 0 0 0 0 0 0.8046598732471466 3.480636574327946 0 0 0 0 0 0 0 0 23.71802066266537 0.4568241760134697 0 0 1.017932891845703 0 0 0
2072.357466969639 10.74941975623369 827.4705682508647 15.51530008018017 0.8529318943619728 16.25230195745826 10433.01645698771 504.9510286636651 10.79983574151993 246.1820445284247 8.066854521632195 3.432957552373409 14.955003477633 1325.142954103649 0.8692387193441391 56.93141702562571 267.7889190800488 1.251885272562504 25.20230786129832 15.88849384337664 15225.54985981807 14.76842392235994 3789.526579432189 340.4797871857882 1.101343311369419 201.7326247952878 239.6390716545284 10499.76603626087 5706.429263200611 9118.241531834006 0.5767248570919037 14.33264616876841 769.2358350530267 2675.472296029329 84.34431248158216 3266.961444862187 64.49715909361839 2779.528733853251 1098.766599237919 85.05192303285003 4.797924622893333 2.610147833824158 20.07227454334497 0 1.502209559082985 0.452482208609581 0 0 0 0 0 0 0 0 0 0.3892603367567062 0 0 0 0 0 0.6139580085873604 0 0 0 0 0.3117850422859192 0.1978015452623367 2.855527944862843 8.795404225587845 0 0 0 0 0 0 0 4.859152421355247 9.451699286699295 1.704630590975285 0 0 0 0 0 0
0.08902068436145782 105.483163125813 3.05823727697134 0 0.360725574195385 2.826458737254143 1.226035408675671 2.520074650645256 1.825267165899277 1.205093868076801 621.231029830873 0.1908648833632469 811.7208747193217 3.641625978052616 0 1.03106115758419 9.62940339744091 22.3935324922204 19.40135538578033 0.2997115775942802 0.6453697681427002 10.82693368941545 2.958123154938221 0.7344216480851173 428.1392212212086 372.2223536223173 2028.768371023238 1.157043993473053 5.087243102490902 0.5767248570919037 8.996793426573277 8.073246136307716 0.2341326475143433 181.2502449303865 1.453951328992844 39.19457367062569 906.4720681384206 618.9160667285323 158.3457615748048 4.10318211466074 1.222905017435551 28.89784684032202 0.2145909667015076 0 9.085222795605659 0.401154950261116 0 0 0 0 0 0 0 19.39949464052916 0 59.79633232951164 0 0 0 0.5303554087877274 4.543713577091694 4.275549374520779 0 0 0 0 0.1261668503284454 28.04259362071753 163.5144478082657 122.1198173835874 0 0.1352510899305344 0 45.24460464715958 0 0 0.5224588364362717 0 0.09187009185552597 37.01355307549238 1.807277135550976 0.134546160697937 0 0 0.8777995556592941 0
24.59416917338967 0.201392836868763 0.747582770884037 1.637096703052521 102.9233377203345 288.4001312255859 53.46354772895575 82.52657480537891 0.3763596341013908 88.5270574092865 244.1991639472544 49.86065538227558 107.0192462876439 78.0869821049273 71.2045142352581 0 2.367528237402439 17.67224365472794 7.57987916842103 20.34794038534164 1.891970470547676 0.4859490767121315 2.67836344987154 6.997373580932617 0.5934008732438087 47.81578000634909 12.00723800063133 10.11070116236806 1310.093691516668 14.33264616876841 8.073246136307716 11.75320370495319 25.33432508260012 2204.031421333551 0.9033850580453873 240.7533723413944 25.8487199395895 1135.530891206115 158.8364470042288 729.4794841632247 507.5074939206243 5.290118098258972 3.558809138834476 0 0 0 0 0 0 0 0 0 0 0.4255578517913818 0 0 0 0 0 0 0 0.2743021622300148 0 0 0 0 0 0.1153466105461121 0.4356346800923347 0.9145158007740974 0 0 0 0 0 0 0 0 0.1683097779750824 0 0 0 0 0 0 1.136240124702454
118.7299778684974 0.2980933263897896 7.615498073399067 1.890339285135269 2.194539330899715 4.412109531462193 62.28331411257386 11.37277579680085 6.83148917555809 12.89325922727585 3.506862364709377 1.038393959403038 4.849777549505234 72.69872665405273 0 1.225545108318329 7.203425150364637 0.2932175248861313 1.769488073885441 0.6952502578496933 58.32630752027035 3.845796585083008 27.84171018004417 77.26313680410385 0 5.553393486887217 9.467924352735281 98.11672589182854 3445.006520606577 769.2358350530267 0.2341326475143433 25.33432508260012 32.13665153086185 1456.357891824096 5.701847597956657 23.25204880535603 6.53191215544939 1573.770207494497 216.1540823690593 9.565637812018394 2.665581628680229 0 0.7347783222794533 0 0 0 0 0 0 0 0 0 0 0 0 0 0 0 0 0 0 0 0 0 0 0 0 0 0.8146515637636185 0 0 0 0 0 0 0 0 0 2.869060069322586 0.1889742016792297 0 0 0 0 0 0
269.8039485365152 82.14457920193672 280.1970640160143 24.94108279794455 174.931292258203 427.4599823281169 1118.163253668696 614.4105968773365 39.71605245769024 548.7597596421838 6872.286208517849 257.6772763729095 774.9757085517049 912.0039828009903 33.19390226900578 220.8217859044671 1704.500037427992 1248.325443036854 2938.018084015697 126.9391322359443 3424.391821011901 86.84197222441435 2539.208716876805 563.0068757608533 43.71651154011488 3201.209090657532 1746.777254477143 1090.110326781869 3089.952791776508 2675.472296029329 181.2502449303865 2204.031421333551 1456.357891824096 5552.798345908523 43.51725615561008 1345.948622040451 1606.072848729789 6773.733122587204 1017.100597266108 308.8243759572506 18.74880774319172 90.50431048870087 11.91029428690672 0 31.43304894119501 0.8574146330356598 0 0 0 0 0 0.6180795729160309 0 3.433190643787384 0 9.053990587592125 0 0 0.09387315809726715 0.6851742342114449 8.32208738476038 9.240664824843407 0 0 0.8092205300927162 0.08959553390741348 0.5904145836830139 19.48505719006062 112.1589965671301 145.9353399425745 0 0 0 6.947168067097664 0 0 0.3488034009933472 2.192580997943878 13.19728060811758 21.46459394693375 4.072994783520699 0.4678760170936584 0.1813398748636246 0 0.5409791171550751 4.239045143127441
3.805440373718739 14.77268993109465 57.95055669546127 6.235920667648315 0.1434524059295654 0.9730599597096443 77.59575858712196 3.144549757242203 5.5363849401474 36.30117693543434 4.968594133853912 1.065890491008759 514.6317870169878 5.003894694149494 0 146.9995885118842 23.0687211304903 1.237708315253258 10.17564333975315 8.272414833307266 103.5639788359404 18.21312216669321 198.2518928349018 94.51718942075968 2.275616884231567 72.92378956824541 330.0626122355461 78.26697093248367 23.28225626796484 84.34431248158216 1.453951328992844 0.9033850580453873 5.701847597956657 43.51725615561008 78381.90092835575 9976.454734347761 596.1031273379922 762.2948408648372 636.8587657958269 12.85691169649363 30.53645184636116 164.7928913533688 148.3520839363337 0.2355608344078064 1.946589305996895 2.677562475204468 0 0 0 8.51518902182579 0.7982967346906662 0 0.9097276329994202 0.1182967871427536 0 0.3697664737701416 0.6527586057782173 0 14.82728810608387 2.700851857662201 0.466061919927597 3.468194186687469 0 11.93573178350925 0.6847483515739441 29.05729949474335 2.797685414552689 0.3553491532802582 3.958494015038013 29.47698873281479 9.100771591067314 1.095095336437225 9.264982491731644 0.5462009608745575 0 0 12.68353556096554 24028.18075881898 201.1436759829521 49.59708662331104 326.1888751834631 832.3625010251999 14.80552405118942 0 1.865697145462036 2.21699583530426
