1294.63572563976 0 122.9256275519729 8.587470851838589 0 35.00695957243443 1414.913468055427 665.5981836393476 18.7907651886344 299.287908449769 25.03417026996613 3.871330976486206 0.8653698638081551 7316.586794748902 0.5525647103786469 0.1546626091003418 391.6643379703164 13.55673290789127 77.28697271645069 60.34614153206348 32.31456771492958 2.080015107989311 150.1803741157055 53.4430248811841 0 77.06526354700327 35.27001153677702 190.3842096105218 5391.298587784171 2423.101866982877 0.4219979494810104 1.219795726239681 65.62887687236071 258.4250728115439 2.903776980936527 113.0663623437285 16.84920095652342 148.4495099931955 40.0139639377594 3.274190180003643 4.3531294465065 0.1640995740890503 0.6267755106091499 0.3180301710963249 0 0.1562933027744293 0 0 0.5131147280335426 4.971786454319954 0.4095853343605995 7.750482499599457 0 0 0 0 0.1063452363014221 0 6.889707885682583 0 0 0 0.3440930396318436 9.283600628376007 1.068263754248619 2.785570487380028 38.65669001638889 0 0.1142529621720314 2.446726396679878 37.84330816566944 1.205140307545662 7.456433370709419 0 0 0.4076412171125412 0.3062945976853371 0 24.44144316017628 0.1146971210837364 1.209217704832554 0.5143633335828781 5.242236435413361 0 0.1796437054872513 0
0 298.9135457575321 31.24503930658102 0 0 0.562704786658287 6.145826295018196 1.008807618170977 455.1501612141728 0.2078070640563965 133.5164411664009 0.1048494726419449 1132.361396901309 2.080706059932709 15.78275778889656 80.37248518317938 14.82328835874796 2.378812558948994 14.48654345422983 0.08061850816011429 10.86944254487753 1453.955141946673 5.647576048970222 748.8680476844311 1665.865003474057 214.9750194624066 10722.29284180701 107.5812415480614 2.058140531182289 2.024924129247665 66.94340459257364 0.1068373844027519 0.2078526765108109 23.92636761069298 0 20.49378210306168 66.80150236934423 22.04658210277557 6.935644693672657 5.191074803471565 0 71.42923726141453 0 0 43.68036483228207 45.97121524810791 0 0 0 0.5843833684921265 0.2975169271230698 1.214072741568089 0 4.735723301768303 0 59.44333957135677 0 0 2.244083561003208 5.479303695261478 3.838625684380531 18.18759610503912 0 0.3588696718215942 14.75756733864546 2.664408355951309 5.438079319894314 119.9197466820478 157.9172278344631 949.2427373453975 1.693947561085224 0.1421138942241669 0.2451612055301666 13.43392370641232 0 0 0.5676497668027878 0 5.925374664366245 23.15430580079556 4.161025069653988 1.189230665564537 0.07200433313846588 0 2.935334779322147 0
122.9256275519729 31.24503930658102 5423.631975404918 0.4526451006531715 0 132.676267363131 1073.288938097656 887.1951031275094 0.9601190686225891 160.7699551284313 27.06354776024818 1.549600765109062 6.862400107085705 618.4427119717002 0 11.94088767468929 8541.072625637054 40.4527036473155 405.6185120865703 3.112076438963413 1973.207221969962 31.00104831159115 9257.578421108425 39.19578193873167 3.288944743573666 4444.60879245773 5934.963257960975 1024.508165076375 180.6905487142503 504.0388370230794 1.916059255599976 1.274639025330544 10.09428089112043 972.8257296308875 50.75309807062149 3589.476013846695 3675.066145643592 2729.911025851965 738.076709151268 49.73787067085505 3.952237665653229 10.97953478991985 11.93921307474375 3.915834881365299 92.47956309467554 1035.709844119847 0 0 0.3178311213850975 18.45510124415159 7.298915572464466 1.206068970263004 0.6745909005403519 0.5750327706336975 0 0.2878305912017822 16.63522529602051 0 84.83645335584879 39.33361496776342 0.5163258910179138 1.947436690330505 0 4.134165719151497 192.5626309812069 359.5828905031085 19.94619029015303 0.1004597172141075 25.78947529196739 2561.895696572959 8.332104407250881 2.058781281113625 9.252491973340511 0.1180944964289665 0 0.20647032558918 10.88912786543369 2.411957502365112 104.5871096625924 426.9069413170218 50.73169501125813 30.14779805392027 2.169608488678932 0.6139987707138062 0 0.3524186313152313
8.587470851838589 0 0.4526451006531715 1545.88983605057 0 314.1348411738873 171.5740267559886 55.00700259953737 315.6327816024423 3794.952886380255 8.345891036093235 865.6472942233086 3.604532323777676 72.34162484109402 65.06072176992893 0 0.479721762239933 2.420794688165188 2.182850979268551 4872.792552500963 0.09982828795909882 0 0.1576501280069351 2245.435670666397 0.7138392329216003 4.995564345270395 1.6970184892416 3790.213539645076 100.8417641967535 1.069034323096275 0 1.242537498474121 1.897429727017879 89.4491131156683 8.175246253609657 631.6081422716379 6.002864569425583 188.2339417114854 51.72640808671713 417.4437248557806 18.9434367492795 1.363887518644333 2.314659371972084 0 0 0 56.18281358480453 0 8.107728041708469 63.68850072473288 2.14533681422472 83.96734567731619 17.46940906345844 0 3.344783447682858 0 0.821830652654171 0.6049308851361275 0.4423830509185791 0 0 0.1008747965097427 29.52624484151602 0.4468732625246048 0 0.8646637201309204 153.7650970593095 0 0 0.2303350642323494 152.4539536982775 0.7845061793923378 3.60088974237442 0 0 0 0.4431260302662849 0 132.0210961848497 0.1787060052156448 4.568171665072441 0.3214974924921989 73.60260109603405 1.447312712669373 0 0
0 0 0 0 2.135725259780884 145.9536418914795 4.608488790690899 133.5218917131424 17.89888237416744 0.2998151257634163 28.26082515716553 29.35198733955622 3.655988872051239 35.69493805617094 691.1597130000591 0 0 4.088991902768612 1.053600393235683 2.789912290871143 0 0.1862166970968246 0 5.843012854456902 0 3.47549757361412 2.473150178790092 4.713891722261906 118.2853854298592 0 0.5683135688304901 51.59342160820961 0 242.143908277154 0 1.664766505360603 0 43.80114531517029 6.440908968448639 978.2301979884505 23.26769204437733 0.6722540855407715 0 0 0 0 0 0 0.263674408197403 0 0 0 0 0 0 0 0 0 0 0 0 0 0 0 0 0 0 0 0 0 0.2305382192134857 0 0 0 0 0 0 0 0.3780062794685364 0 0 0 0 0 0 0
35.00695957243443 0.562704786658287 132.676267363131 314.1348411738873 145.9536418914795 11962.97664155066 4541.516045130789 6397.405875075608 203.9155861362815 7806.278669066727 118.8789427429438 4250.754333391786 31.2915406934917 726.8468749895692 199.8372723013163 1.135709583759308 32.59200911968946 29.88364364951849 27.74983844906092 1446.528992265463 10.15521146357059 1.531264267861843 46.46031659096479 298.556047745049 8.633972443640232 83.24193850904703 33.4385818913579 547.4934498518705 394.1671260148287 42.1164483949542 5.520787224173546 337.9058893285692 7.9893828779459 436.5679742470384 6.740098513662815 749.4468034356833 25.84817106276751 609.3968660533428 130.8670248985291 699.2548584491014 269.8921473249793 15.94478730857372 17.58116841316223 0.1845765486359596 0 1.2561936378479 24.4152258336544 0 7.239376597106457 74.39988016337156 2.340355411171913 79.79732789099216 14.10709347575903 0.1176396682858467 3.862377054989338 0.1119775176048279 1.298385284841061 0.3914255201816559 1.29059361666441 0 0 0 20.8073552697897 1.855382487177849 0.611875019967556 0.9579916819930077 196.3620899617672 0 0.2592379674315453 3.029638431966305 199.347448207438 2.681589648127556 4.729968927800655 0 0 0.5566951856017113 0.5235051214694977 0.1175315007567406 101.3953980728984 0.220420777797699 5.69957060366869 0.7880471274256706 42.18363711982965 0.753334604203701 0 0.2732235565781593
1414.913468055427 6.145826295018196 1073.288938097656 171.5740267559886 4.608488790690899 4541.516045130789 23930.23216146976 4627.841857414693 1210.495348095894 16149.88163540512 35.20667304843664 228.341044023633 10.82218156009912 7313.218819320202 248.5223754271865 17.12728675454855 260.9891215637326 15.21386120468378 44.06294026970863 115.2338243871927 548.7644511982799 34.00348856300116 888.9651377722621 3014.554256811738 5.412449337542057 205.7223061062396 367.4241672605276 15566.87864182889 2376.680468134582 4828.278013698757 2.552043840289116 8.677770115435123 334.0392845273018 797.8744046166539 82.31778629869223 3932.27606870234 125.778095073998 1572.237162619829 905.0231792628765 444.1763276532292 102.2419420406222 9.509483002126217 17.65066339075565 2.263985022902489 0.7961287051439285 7.440820373594761 50.39931911975145 0 16.72710088640451 269.4495908170938 8.209141835570335 312.7953525260091 24.42204813659191 0.6924894601106644 3.765999875962734 0 4.60307165235281 1.314533524215221 20.72551009058952 0.1764720380306244 0.1460210084915161 0.2934506088495255 35.95115886628628 16.82848559319973 6.342817083001137 18.72935417294502 803.27933421731 0.1252966076135635 1.248995073139668 22.87792364507914 873.8420662581921 11.75485062599182 59.83769565075636 0 0 2.283338606357574 5.047345019876957 2.737242661416531 334.532735273242 2.373973026871681 21.96616999804974 1.57481699436903 59.14475604891777 2.932369902729988 0.1817037463188171 1.194306500256062
665.5981836393476 1.008807618170977 887.1951031275094 55.00700259953737 133.5218917131424 6397.405875075608 4627.841857414693 13337.54554010928 99.43279745429754 1599.452276147902 232.258083011955 672.2136806882918 62.47388605028391 5778.762717112899 166.7854487746954 1.644655242562294 448.6812766492367 69.4016746468842 141.3924054577947 581.7339229434729 138.3081743791699 2.866132661700249 387.480438683182 134.0550014674664 15.32552530616522 442.4808977544308 100.6275971531868 399.4697194173932 626.1012638434768 932.8041614480317 7.823390435427427 307.3701481670141 6.532927937805653 844.9240072369576 6.300210788846016 646.845765940845 76.57869612425566 1024.295586742461 210.0258513689041 735.077394284308 1246.771382324398 32.54564565420151 17.61623597890139 0.602517768740654 0.5084539949893951 2.117841213941574 5.55532743781805 0 1.744326643645763 32.67242933064699 1.195346981287003 27.08183144778013 4.000209577381611 0 1.067102067172527 0 0.08076030761003494 0 6.451242186129093 0.3253246173262596 0 0 2.76448055356741 4.300781063735485 1.425151526927948 3.385488353669643 102.6662481203675 0 1.37528483569622 10.0350054576993 131.580420859158 2.866484843194485 13.55594165623188 0.1007281318306923 0 0.273487500846386 1.702080212533474 0 64.43787521868944 1.628167949616909 4.67199732363224 0.2250249832868576 7.936340123414993 0.3330016955733299 0 0
18.7907651886344 455.1501612141728 0.9601190686225891 315.6327816024423 17.89888237416744 203.9155861362815 1210.495348095894 99.43279745429754 1336.279437497258 359.7476546913385 18.83466781675816 81.00541856884956 74.36462169140577 46.4850325062871 943.5438738465309 133.2448521703482 2.261217065155506 0.9325633943080902 2.66175240278244 256.7719924673438 100.2808023616672 2081.284119561315 11.5018972530961 10060.28551853448 88.00010026246309 25.26368896663189 827.0352714806795 2882.148747988045 95.4936384037137 113.7629138380289 11.75265979766846 0.5081204324960709 11.45759800076485 32.22555656731129 2.307857260107994 227.2905411273241 9.291761949658394 64.61462850123644 35.76603028178215 288.7418721988797 6.805311486124992 2.463137984275818 0.1372610926628113 2.374068804085255 1.522937595844269 0.9488452821969986 93.09158307313919 0 24.01706034690142 189.1178840398788 6.402265727519989 99.19341695308685 36.94420094788074 1.209981046617031 7.636016972362995 1.833759173750877 4.306628480553627 2.242739275097847 306.991568595171 0.5251937508583069 0.233704149723053 0.2131655216217041 69.53854887932539 203.4527205228806 10.05319856107235 28.5895641669631 1508.212922103703 1.008692719042301 4.591769531369209 16.74281556159258 933.8322926908731 18.32790012657642 124.0805402323604 1.230667889118195 0 3.33397364616394 4.034385949373245 1.72218844294548 69.31083182990551 1.105289831757545 30.12354983389378 2.279383823275566 55.58926944434643 2.034253969788551 0.9320153146982193 0.5228546038269997
299.287908449769 0.2078070640563965 160.7699551284313 3794.952886380255 0.2998151257634163 7806.278669066727 16149.88163540512 1599.452276147902 359.7476546913385 38103.62515091151 51.55394312739372 4434.664360687137 10.86993060261011 896.143487483263 45.15698067843914 1.596308201551437 17.32365845888853 21.28369125723839 18.17930864542723 12398.88737682998 13.29863679409027 1.841851405799389 71.47092208266258 991.801290653646 4.480780318379402 62.76197529584169 45.9778658747673 2195.19853310287 909.050795674324 31.00869140774012 2.908212199807167 11.55938944965601 13.72106816619635 479.8630782440305 18.01159562915564 981.6763156801462 28.77792762964964 811.5085910186172 248.8670897334814 270.292927570641 64.53263646364212 5.402063392102718 5.265405297279358 0.5963451489806175 0.2133661657571793 0.4883066713809967 134.2253020852804 0 9.368393287062645 97.3501518368721 1.834356799721718 129.9428298324347 17.61932392418385 0.227401576936245 13.51290588825941 0 0.9632385745644569 0.4529976099729538 3.562525719404221 0 0.1197395175695419 0.1055958420038223 30.1083782017231 1.631702035665512 0.6552757397294044 1.3319036886096 235.7535430639982 0 0.5853162258863449 3.777320735156536 249.6182627826929 2.679178446531296 4.945945739746094 0 0 0.2102228775620461 1.082376845180988 1.254967540502548 142.3129469379783 0 9.498432889580727 0.1039542406797409 57.75182344764471 0.7899377793073654 0.2582462430000305 0
25.03417026996613 133.5164411664009 27.06354776024818 8.345891036093235 28.26082515716553 118.8789427429438 35.20667304843664 232.258083011955 18.83466781675816 51.55394312739372 9631.623304598033 100.9913277477026 1491.722861915827 434.3221593573689 8.588812261819839 0.3925033584237099 127.3270398899913 3615.68525454402 1110.859336189926 87.22745580971241 4.671230800449848 60.23995407670736 52.04538027197123 30.46503483504057 926.0100967511535 1268.724259451032 541.1282803341746 16.0612712725997 486.470959931612 23.99736773222685 501.5441568940878 192.1655285805464 5.066440857946873 5336.811394430697 4.620552316308022 532.0462373271585 3995.646536268294 6083.569507420063 1006.203633479774 111.3896584883332 48.18554834276438 456.9590150415897 4.436726607382298 0 6.388205662369728 0 0 0 0 1.141925193369389 0.09429226070642471 1.489577576518059 0.1762375235557556 73.26769328117371 0.3178039714694023 392.0818519890308 0.1690905466675758 0 0.6270673274993896 0.4016651958227158 2.169967219233513 0.8237575143575668 0 0.1337789595127106 0.1981072947382927 0 4.156829662621021 237.8299636691809 55.30775231868029 186.7356276735663 4.553346790373325 0.2858701944351196 0.471073642373085 59.82083231955767 0 0 0.408693440258503 3.701771348714828 20.98825992643833 280.5851106792688 1.060706824064255 0 0.4480894207954407 0.1338953673839569 124.9758810475469 0
3.871330976486206 0.1048494726419449 1.549600765109062 865.6472942233086 29.35198733955622 4250.754333391786 228.341044023633 672.2136806882918 81.00541856884956 4434.664360687137 100.9913277477026 10987.90554764867 12.1972890496254 405.0290497690439 969.2621901556849 0 3.162891246378422 30.74314302951097 25.81293191760778 5431.576812729239 0.1696639582514763 0.9424807578325272 1.564207069575787 1549.600857436657 3.028130106627941 48.85361750423908 20.28911273181438 496.732685893774 191.2853331416845 0.8733674809336662 6.905516117811203 36.05433003231883 0 312.4482353627682 0.7334360927343369 507.2147496044636 13.63488380610943 543.4992990791798 33.40623886883259 2124.034482352436 33.95901183784008 4.767216756939888 2.458134599030018 0.09830331802368164 0 0.2050634175539017 74.92322119325399 0 3.978813752532005 22.20193621516228 2.55580635368824 18.45691069960594 20.12559080123901 0.4682687073945999 72.55024732649326 0 2.598743259906769 1.066486716270447 0.1487550139427185 0 0.1821336671710014 0 11.27690883725882 0.119053065776825 0 0 54.84858372807503 0 0.1904938519001007 0.09618190675973892 90.27077301591635 1.497667081654072 4.561240315437317 0.08691508322954178 0.1057590171694756 0.3139293268322945 0.9549130126833916 0 53.99495460838079 0.2246314957737923 5.59534415602684 0.2419512569904327 23.77181596308947 0.3167466372251511 0 0
0.8653698638081551 1132.361396901309 6.862400107085705 3.604532323777676 3.655988872051239 31.2915406934917 10.82218156009912 62.47388605028391 74.36462169140577 10.86993060261011 1491.722861915827 12.1972890496254 3816.52940262109 40.86620719730854 4.622965708374977 13.71606198698282 2.355016700923443 27.5240865200758 6.354147344827652 14.67675004154444 9.758763805031776 306.2509851455688 17.38558070361614 88.22105711698532 4522.679832912982 63.95825920253992 4609.629266098142 32.37365496903658 25.38696835190058 4.131469160318375 691.577073186636 21.33938604593277 0.2074121832847595 807.1385011449456 20.09155911207199 1417.597599081695 7018.289174444973 2442.06229390204 466.2103378847241 127.5846646279097 200.2459237799048 1650.988887615502 21.50246708840132 0 16.36576670408249 0.263153962790966 0 0 0.1654614508152008 0.7051201239228249 0 1.030940353870392 0 240.6204684525728 0.08668818324804306 1308.16873627156 0.2706214338541031 0 3.164835304021835 0.2265175133943558 5.820738196372986 3.399518348276615 0 1.485182046890259 3.107166707515717 0 2.206702992320061 1163.976538956165 164.0429375469685 607.437327735126 1.165396861732006 0.465528592467308 0.4070732295513153 172.5056089833379 0 0 0.3847580850124359 59.65253156423569 132.0630341246724 699.8718468919396 13.31728885322809 3.183554008603096 0.1949056908488274 0 594.8830868154764 0
7316.586794748902 2.080706059932709 618.4427119717002 72.34162484109402 35.69493805617094 726.8468749895692 7313.218819320202 5778.762717112899 46.4850325062871 896.143487483263 434.3221593573689 405.0290497690439 40.86620719730854 10251.14989118651 30.72068391740322 0.9441015720367432 643.1464289464056 127.5513414591551 225.7436701208353 656.9790436550975 113.4665701240301 1.506197161972523 369.3073462918401 182.6995382085443 14.6939961835742 442.7312653623521 136.2484650686383 379.3028017506003 4357.390299379826 2006.842202119529 15.22595085203648 169.930198661983 16.53189296275377 2350.891864649951 6.651152640581131 814.2525837942958 85.88491751253605 1152.930286727846 134.8699492961168 257.5564848780632 330.4427433311939 19.25869239866734 11.81938345730305 0.537593349814415 0.1202348098158836 1.805051617324352 1.637207046151161 0 1.873370319604874 20.16206260770559 0.4288908466696739 19.58876848220825 2.446324795484543 0.09964367747306824 1.73285173624754 0.3784179240465164 0 0 8.134593233466148 0.0782504677772522 0 0 1.496521182358265 7.107431843876839 0.5554530322551727 2.734841555356979 69.80163824558258 0.1146088689565659 1.545790448784828 8.104595221579075 88.26283244043589 2.595293745398521 14.5330848544836 0.09649454802274704 0 0 0.4352264851331711 0.7321290671825409 49.21149279922247 1.231570065021515 3.95771049708128 0.2487139031291008 3.112225405871868 0.2187970280647278 0.4024271667003632 0.1428014636039734
0.5525647103786469 15.78275778889656 0 65.06072176992893 691.1597130000591 199.8372723013163 248.5223754271865 166.7854487746954 943.5438738465309 45.15698067843914 8.588812261819839 969.2621901556849 4.622965708374977 30.72068391740322 318.2802882194519 0 0.1798767894506454 1.919239699840546 1.326027788221836 111.376343794167 0 67.64340037107468 0 536.7317811623216 4.110298000276089 2.469309240579605 40.15985433012247 313.1652935966849 30.07732091844082 0.6624249219894409 0.8565179854631424 83.08274631947279 1.062063075602055 30.60463673621416 0 255.1635752469301 2.075806893408298 41.42183335870504 8.762785978615284 790.6053411141038 115.581675812602 0.6942862421274185 1.260878130793571 0 0.1723715960979462 0 1.659042403101921 0 0 2.319399386644363 0 5.75034237653017 0.2051058113574982 0 0.2677416205406189 0 0 0 0.3489561975002289 0 0 0 0.3342191874980927 0.812508299946785 0.1857720464468002 0.2030138373374939 12.22851835936308 0 0 0.4108859598636627 7.310215517878532 0.2280175387859344 0 0 0 0 0 0 8.892930224537849 0.2732640355825424 0.170515701174736 0 3.326404854655266 0 0 0
0.1546626091003418 80.37248518317938 11.94088767468929 0 0 1.135709583759308 17.12728675454855 1.644655242562294 133.2448521703482 1.596308201551437 0.3925033584237099 0 13.71606198698282 0.9441015720367432 0 2513.622351184487 3.301711164414883 0 1.28213968873024 0 2140.152713395655 3901.225014351308 4585.876442663372 3215.512520693243 18.74853860586882 5.539695248007774 3844.147264756262 1992.94465585798 4.176996372640133 22.63966362923384 0.2444200217723846 0 0.5853202044963837 20.83465122431517 11.87921570241451 1111.285782136023 345.8742994070053 147.1439518481493 222.1919743195176 12.25515249371529 5.005186833441257 12.1145474165678 4.652817159891129 0 1.181725680828094 15.95568514615297 0 0 0.6313727423548698 7.263428293168545 0.7924465462565422 16.13689892739058 0 0 0 0 0.8898196071386337 0 1957.073507159948 0.8216079473495483 0 0 0 453.0922669023275 1172.326557658613 1575.998773492873 155.8529578149319 0.9123060703277588 1.781728215515614 317.3250360786915 93.44446590542793 1.257505476474762 106.2146441042423 0.4709428250789642 0 0.6119046285748482 3.386428698897362 1.05965068936348 297.6778610795736 9.361469484865665 19.83337865024805 13.48735853284597 8.13509264588356 1.658649273216724 9.439512848854065 1.904163658618927
391.6643379703164 14.82328835874796 8541.072625637054 0.479721762239933 0 32.59200911968946 260.9891215637326 448.6812766492367 2.261217065155506 17.32365845888853 127.3270398899913 3.162891246378422 2.355016700923443 643.1464289464056 0.1798767894506454 3.301711164414883 1981.008357591927 45.00227227807045 2155.454873636365 3.955192163586617 754.7765226438642 6.020767830312252 4336.653654903173 15.17213152348995 1.524717554450035 5793.472254194319 4170.898774966598 93.14507552236319 1073.455839946866 2040.035750351846 0.8798478618264198 2.668090097606182 79.38653513044119 4802.345012657344 4.992018729448318 427.6811821311712 611.0608492568135 2301.01131002605 410.5221314877272 9.877024836838245 2.405233263969421 1.253263905644417 1.488512337207794 0.0897495374083519 20.92551701515913 44.35309845209122 0 0 0 1.112370260059834 0.6056501939892769 0.987584225833416 0 0.4950580969452858 0 0.5928856357932091 0.1301219016313553 0 4.199149049818516 2.069670811295509 0.1358655840158463 1.50453682243824 0 0.9238209426403046 6.153086356818676 7.954553008079529 4.961847417056561 0.2469157502055168 27.14867546409369 175.7016615793109 3.045697972178459 0.1805753260850906 0.788645438849926 0.4213138073682785 0 0 0.3899706155061722 0.8802432715892792 7.553161762654781 68.74871052801609 2.374240323901176 1.110795445740223 0.1026048138737679 0 0.09336282312870026 0
13.55673290789127 2.378812558948994 40.4527036473155 2.420794688165188 4.088991902768612 29.88364364951849 15.21386120468378 69.4016746468842 0.9325633943080902 21.28369125723839 3615.68525454402 30.74314302951097 27.5240865200758 127.5513414591551 1.919239699840546 0 45.00227227807045 495.2903287634254 555.3575000613928 32.1389936953783 4.003337435424328 1.219029501080513 37.50265412777662 5.100772507488728 3.964004591107368 3297.097499758005 564.2107922658324 5.583909742534161 130.5202527940273 14.74098270386457 250.8390463143587 30.09596507251263 2.774785287678242 773.8115253150463 1.487496942281723 420.9242861941457 858.3846237361431 1266.104062393308 472.8484809622169 27.26536658406258 5.670219488441944 6.947571225464344 0.7565414160490036 0 1.299831762909889 0.7581732422113419 0 0 0 0.1207669675350189 0 0.3396395295858383 0 1.027232497930527 0 6.242868781089783 0 0 0 0 0.4698367416858673 5.019515328109264 0 0 0.5451858639717102 0 1.258702807128429 6.455661535263062 27.11051861196756 65.30480822175741 0.8924529328942299 0 0 5.060185126960278 0 0 0.1966182291507721 0.6477147564291954 11.00995248556137 16.72349692881107 0 0 0 0 0.4851600378751755 0
77.28697271645069 14.48654345422983 405.6185120865703 2.182850979268551 1.053600393235683 27.74983844906092 44.06294026970863 141.3924054577947 2.66175240278244 18.17930864542723 1110.859336189926 25.81293191760778 6.354147344827652 225.7436701208353 1.326027788221836 1.28213968873024 2155.454873636365 555.3575000613928 3512.259448386729 26.03718940913677 35.36266267299652 3.151102490723133 388.6417687386274 7.58197969943285 2.658717304468155 3367.701822705567 1788.029397919774 12.75393871963024 312.7467404231429 215.3501762747765 23.77842462807894 22.67927851527929 17.33069887757301 4101.108591720462 2.018955282866955 704.9570340290666 1052.358652636409 2013.299107611179 471.191565670073 24.25705955177546 1.591842822730541 1.043792828917503 1.305691033601761 0 18.92368553578854 7.62592352181673 0 0 0 0 0 0.8753627985715866 0 0 0.139128789305687 4.201514288783073 0.1952288001775742 0 0.2150962799787521 1.928066805005074 0.7540467903017998 5.658290043473244 0 0 0.5384438931941986 0.423894040286541 1.477959468960762 1.275099396705627 87.60604106634855 168.2941341325641 1.871012628078461 0 0.743675485253334 3.164989680051804 0 0 0.2662704363465309 1.171745210886002 5.72315701842308 73.72561147063971 0.7005192711949348 0 0.2353663742542267 0 0.1162426471710205 0
60.34614153206348 0.08061850816011429 3.112076438963413 4872.792552500963 2.789912290871143 1446.528992265463 115.2338243871927 581.7339229434729 256.7719924673438 12398.88737682998 87.22745580971241 5431.576812729239 14.67675004154444 656.9790436550975 111.376343794167 0 3.955192163586617 32.1389936953783 26.03718940913677 1657.418315015733 0.2440533936023712 0 2.159994475543499 1777.952141135931 4.879103094339371 48.12526877969503 20.10014581680298 2662.517554603517 632.960750207305 3.594245284795761 5.857893817126751 14.05022812634706 1.012169681489468 527.5871777161956 9.468883842229843 1062.393617525697 21.89195493608713 946.785001501441 142.3987369090319 872.1787951737642 73.92071317136288 9.744448952376842 5.149832412600517 0 0 0 46.18893048167229 0 6.062019944190979 68.81063082814217 1.088802762329578 74.19649259746075 15.42570997029543 0.1206993609666824 4.257165491580963 0 0.8473802134394646 0 0.2074748426675797 0 0 0 26.6674649566412 0.1345020979642868 0 0.3255701065063477 148.0939477607608 0 0 0.4541850164532661 150.8647906184196 1.698181390762329 4.374516643583775 0 0 0.09644907712936401 1.032483533024788 0 151.5569511651993 0 4.744637303054333 0 64.29500544071198 0 0 0.1322705000638962
32.31456771492958 10.86944254487753 1973.207221969962 0.09982828795909882 0 10.15521146357059 548.7644511982799 138.3081743791699 100.2808023616672 13.29863679409027 4.671230800449848 0.1696639582514763 9.758763805031776 113.4665701240301 0 2140.152713395655 754.7765226438642 4.003337435424328 35.36266267299652 0.2440533936023712 12530.37224537134 299.6401671543717 17635.02347791195 378.4383988156915 9.101495698094368 270.5422236993909 897.8047969862819 5741.940047979355 122.1792042553425 8717.649429552257 0.1236823126673698 0.3013352602720261 6.557412877678871 2945.802914261818 165.8316971883178 7033.003655232489 797.2192395552993 4668.497027330101 3257.811464674771 140.6296437755227 29.85555609315634 12.61010828614235 50.33694121986628 0.5062056183815002 1.029652535915375 6.633347071707249 0.5516908764839172 0 0.7246175482869148 5.126193389296532 0.3183372020721436 17.6625644415617 0.29352056235075 0 0 0.9868113994598389 0.1039115265011787 0 703.7952713817358 1.44297930598259 0 0 0.2351816147565842 461.7206155434251 217.3825869858265 293.4827138185501 163.4450859352946 0.110328383743763 0.8896902352571487 31.8034840002656 104.0359295457602 1.544982321560383 114.271611571312 0 0 0.2852684855461121 1.893575944006443 2.737108528614044 192.6634459793568 1.995510898530483 11.3242065757513 3.679452985525131 11.65744191408157 0 13.10236352682114 0.9125604033470154
2.080015107989311 1453.955141946673 31.00104831159115 0 0.1862166970968246 1.531264267861843 34.00348856300116 2.866132661700249 2081.284119561315 1.841851405799389 60.23995407670736 0.9424807578325272 306.2509851455688 1.506197161972523 67.64340037107468 3901.225014351308 6.020767830312252 1.219029501080513 3.151102490723133 0 299.6401671543717 1118.201662227511 922.5499752983451 5885.539263099432 458.5356185436249 43.56212614476681 5859.293124482036 607.0303796157241 4.424099646508694 18.79203706979752 34.08515725284815 0 0.3206540048122406 11.72297751903534 0.164456233382225 22.46992770582438 19.87616691738367 12.3164000287652 4.839099727571011 28.00173840671778 0.2810411974787712 12.79244521260262 0.2654563188552856 0 10.2163797840476 105.1922424212098 0 0 0.3113814145326614 4.559032306075096 1.015006646513939 12.35236171633005 0.1526601016521454 1.63853282481432 0 9.453889243304729 1.346049182116985 0 985.9503783211112 3.585445702075958 0.3257492259144783 0.9849010109901428 0 133.1601535901427 118.0818595811725 594.2840314283967 61.34623096138239 11.71549119055271 13.15710959583521 1067.249213926494 32.67378821223974 0.6071932911872864 19.18181823194027 1.806005097925663 0 0 2.775235809385777 0.2101480960845947 37.22776330262423 9.311505980789661 14.48615447431803 13.53438929468393 3.067103244364262 0 0.4588655233383179 0
150.1803741157055 5.647576048970222 9257.578421108425 0.1576501280069351 0 46.46031659096479 888.9651377722621 387.480438683182 11.5018972530961 71.47092208266258 52.04538027197123 1.564207069575787 17.38558070361614 369.3073462918401 0 4585.876442663372 4336.653654903173 37.50265412777662 388.6417687386274 2.159994475543499 17635.02347791195 922.5499752983451 14323.05884780735 451.7272566854954 23.54454301297665 1238.010653726757 6626.978953383863 5376.781177669764 472.425496943295 4990.611568078399 1.196020178496838 1.328409601002932 26.72137103974819 3366.576785027981 218.1078904643655 12890.40444183722 4428.101232111454 7575.239562027156 6027.960881985724 202.2420139908791 34.07990431785583 22.25856964290142 56.32930757850409 0.8260941505432129 2.732233166694641 145.6562470570207 0 0 0.3269273340702057 8.970646671950817 2.610256560146809 2.476416453719139 0 0 0 1.568827874958515 5.616239629685879 0 2021.080593436956 3.584677308797836 0 0.1045264005661011 0 246.501423664391 731.8227518200874 2089.811045877635 51.12053061276674 1.446687117218971 2.53492832928896 864.3885610923171 31.81094247847795 0.5047106444835663 29.93876007199287 0 0 0.1020250916481018 3.219950497150421 8.798020109534264 419.5136820226908 17.10321778804064 32.25606123358011 28.87253063172102 6.62367656826973 1.211928844451904 5.283060252666473 4.390723198652267
53.4430248811841 748.8680476844311 39.19578193873167 2245.435670666397 5.843012854456902 298.556047745049 3014.554256811738 134.0550014674664 10060.28551853448 991.801290653646 30.46503483504057 1549.600857436657 88.22105711698532 182.6995382085443 536.7317811623216 3215.512520693243 15.17213152348995 5.100772507488728 7.58197969943285 1777.952141135931 378.4383988156915 5885.539263099432 451.7272566854954 10905.94816894829 91.51616565138102 41.9199610799551 3934.780507646501 13679.08037143946 380.3524830415845 446.3112288638949 11.94830192625523 2.439073227345943 49.59369093924761 212.8820410743356 21.5775343105197 2108.451912455261 79.95642644166946 500.5687759816647 252.4362414851785 1005.001370258629 42.56471251696348 8.22013945877552 5.180684007704258 4.170056968927383 4.258194968104362 10.28914146125317 77.36869572103024 0 29.23794718831778 328.7674747630954 10.94244343787432 670.0184812769294 35.3746247664094 0.711552269756794 10.83314829319715 1.496378317475319 9.524560607969761 2.000962391495705 462.2778397649527 2.009146176278591 0.1830621361732483 0.7734571844339371 57.69546392560005 372.1797323450446 181.7977129891515 144.9219462200999 1863.608987480402 2.527990289032459 6.647581987082958 97.49602214246988 1678.591361813247 39.38624466955662 359.2825286015868 1.632100045681 0 5.504432149231434 9.460029065608978 6.152973614633083 647.8543380200863 5.347026966512203 59.90957623720169 6.70628172904253 168.3550705835223 4.797492392361164 0.9958928152918816 2.705768659710884
0 1665.865003474057 3.288944743573666 0.7138392329216003 0 8.633972443640232 5.412449337542057 15.32552530616522 88.00010026246309 4.480780318379402 926.0100967511535 3.028130106627941 4522.679832912982 14.6939961835742 4.110298000276089 18.74853860586882 1.524717554450035 3.964004591107368 2.658717304468155 4.879103094339371 9.101495698094368 458.5356185436249 23.54454301297665 91.51616565138102 1251.424247190356 73.34816298633814 3138.364076845348 20.86462509632111 17.06468594819307 2.441622823476791 229.5283292233944 8.192109256982803 0.08721323311328888 279.9626996442676 6.152613639831543 591.3031970262527 594.4115037843585 986.6246649473906 261.4104815796018 68.95691183954477 245.5688594430685 105.678837440908 0.4000248461961746 0 16.35277476906776 0 0 0 0 0.2263558954000473 0.09229574352502823 0.4093824774026871 0 73.19043485820293 0.2530218958854675 399.8734425231814 0.1235249415040016 0 5.229198135435581 0.1052673831582069 6.272285617887974 5.02809251844883 0 3.345627188682556 0.992516852915287 2.13506555557251 6.278242200613022 229.6112155243754 135.9689030498266 675.2865017950535 2.254792518913746 0.208699993789196 2.517808586359024 81.88857079297304 0 0 0.9859746173024178 11.52011761069298 119.9151582494378 65.49683769792318 2.846442088484764 0.6638148054480553 4.092239290475845 0 41.17293149977922 0
77.06526354700327 214.9750194624066 4444.60879245773 4.995564345270395 3.47549757361412 83.24193850904703 205.7223061062396 442.4808977544308 25.26368896663189 62.76197529584169 1268.724259451032 48.85361750423908 63.95825920253992 442.7312653623521 2.469309240579605 5.539695248007774 5793.472254194319 3297.097499758005 3367.701822705567 48.12526877969503 270.5422236993909 43.56212614476681 1238.010653726757 41.9199610799551 73.34816298633814 20806.62156971544 14927.32740655541 75.18371975421906 315.1793229654431 147.3243813216686 428.0852447152138 38.03054326027632 11.11732441186905 1759.620941415429 24.84760953485966 5136.48397116363 10697.80848237872 4635.914305604994 1516.703404702246 78.7139812335372 6.206740200519562 25.14068996161222 12.52184198796749 0.2459504827857018 457.4272861853242 401.9466186836362 0 0 0.1097004637122154 2.51737292855978 1.450239107012749 6.733383864164352 0.2087282985448837 42.76693034172058 0.2132179215550423 212.9344884902239 2.820679374039173 0 6.015779480338097 53.96430702507496 27.22844018042088 277.0069339647889 0.100157231092453 0.7806793078780174 22.81788971275091 10.47772055119276 13.09531811624765 197.4206461533904 1920.831101983786 5029.631713822484 2.314872868359089 0.6210076510906219 1.344739869236946 123.0322366654873 0 0 8.042278535664082 4.158999800682068 65.77350376546383 1084.018303953111 33.11774566024542 8.524472407996655 1.696491919457912 0.1294589936733246 3.17441138625145 1.086424961686134
35.27001153677702 10722.29284180701 5934.963257960975 1.6970184892416 2.473150178790092 33.4385818913579 367.4241672605276 100.6275971531868 827.0352714806795 45.9778658747673 541.1282803341746 20.28911273181438 4609.629266098142 136.2484650686383 40.15985433012247 3844.147264756262 4170.898774966598 564.2107922658324 1788.029397919774 20.10014581680298 897.8047969862819 5859.293124482036 6626.978953383863 3934.780507646501 3138.364076845348 14927.32740655541 31948.06243783981 3256.888082399964 154.0955005958676 80.69974356144667 2030.121456310153 16.31317894160748 6.105472356081009 1744.759059436619 89.20189680159092 9168.652111172676 5772.640653006732 6102.606014180928 1923.62936142087 132.8876534774899 7.106008909642696 37.87174668163061 28.47570707648993 6.423303261399269 2316.37288814038 2676.472867526114 0.3842077553272247 0 1.301187925040722 55.93348357081413 25.17170371115208 14.40399849414825 0.7179679051041603 88.44124573469162 0 531.2925644293427 44.82355382293463 0.1706667393445969 1331.324644081295 136.8159415870905 42.89291955530643 320.819333717227 0.1374241560697556 27.18972706794739 2073.58040355891 2269.27163913101 66.92181374877691 527.6296030133963 3057.819182872772 17401.46957542747 28.52386135607958 5.244996912777424 19.36576295644045 283.4389520660043 0.1017613857984543 0.5513637140393257 26.9532495290041 17.4174929484725 421.167450658977 1726.010561175644 207.1958927437663 119.0855780690908 7.024224117398262 0.8114181086421013 11.34541627019644 2.918220996856689
190.3842096105218 107.5812415480614 1024.508165076375 3790.213539645076 4.713891722261906 547.4934498518705 15566.87864182889 399.4697194173932 2882.148747988045 2195.19853310287 16.0612712725997 496.732685893774 32.37365496903658 379.3028017506003 313.1652935966849 1992.94465585798 93.14507552236319 5.583909742534161 12.75393871963024 2662.517554603517 5741.940047979355 607.0303796157241 5376.781177669764 13679.08037143946 20.86462509632111 75.18371975421906 3256.888082399964 14991.68564649671 1300.739916287363 6154.23666074872 2.172073312103748 2.532711505889893 367.9865424185991 1041.895659513772 153.5894466266036 6269.226769849658 341.070492528379 2009.275410205126 1463.988158218563 606.9647538438439 58.63527543842793 27.86713414639235 31.33046671748161 8.12591391056776 1.861332543194294 14.42804675549269 92.27347519248724 0 37.10585106164217 501.0049360841513 16.42558899521828 703.718235976994 58.72037689387798 1.628746643662453 6.73607375472784 0.832056000828743 15.19212723523378 0.9635128602385521 671.3336225003004 3.006606079638004 0.4814343154430389 0.666337676346302 67.39057766646147 528.5690072253346 136.4338937848806 244.9100818783045 2454.017771787941 0.3557306379079819 1.574435859918594 100.2713077366352 2427.606205642223 63.01558184623718 588.9985311180353 0.08778811991214752 0 11.63839150220156 15.73146406561136 7.448759242892265 921.7348972558975 6.239287063479424 80.07238659262657 11.95663156360388 205.4607839211822 5.738439202308655 10.94574289768934 2.426594711840153
5391.298587784171 2.058140531182289 180.6905487142503 100.8417641967535 118.2853854298592 394.1671260148287 2376.680468134582 626.1012638434768 95.4936384037137 909.050795674324 486.470959931612 191.2853331416845 25.38696835190058 4357.390299379826 30.07732091844082 4.176996372640133 1073.455839946866 130.5202527940273 312.7467404231429 632.960750207305 122.1792042553425 4.424099646508694 472.425496943295 380.3524830415845 17.06468594819307 315.1793229654431 154.0955005958676 1300.739916287363 16709.22153171152 4465.818578645587 14.86876571178436 348.6112621426582 2190.269473649561 5491.944691237062 14.65276281535625 857.9647028818727 92.81296502798796 1383.020690411329 257.3472266718745 175.2815547585487 392.8838218748569 11.57269052416086 10.27317291498184 0.4986605495214462 0.4400943070650101 0.8272308856248856 1.65822920948267 0 1.697663001716137 29.8611951097846 0.6202926859259605 30.07662001997232 2.192918121814728 0.1510851085186005 0.5977901369333267 0.1933809444308281 0.7338174432516098 0 27.50087066739798 0.1247906312346458 0 0.09249559044837952 0.9496861547231674 31.21121902018785 1.556538634002209 5.721017308533192 145.7910260856152 0.2748637795448303 1.207756571471691 5.348573476076126 173.0404902547598 4.060972020030022 48.45139906555414 0.3209669589996338 0 1.285599797964096 0.9224342927336693 0.5295365899801254 98.62649308145046 0.9648171961307526 8.263038329780102 0.9569545611739159 14.72769834846258 0.08691507577896118 2.48079714179039 0.3943256065249443
