1397.057659193873 0 236.4723472297192 0.3433096781373024 1.16046004742384 11.75794342160225 1157.661736540496 478.4830974787474 1.154138676822186 13.01476056873798 16.82343146950006 0.5679254978895187 1.170382380485535 4759.435996934772 0 1.580490298569202 335.9320033714175 6.160491906106472 77.75694502145052 0.6665267869830132 38.37108118087053 0.4011842608451843 269.6853575631976 20.48204103857279 0 41.66766933351755 12.71301972866058 64.87841064482927 2812.882331602275 3663.077187351882 0.4266897886991501 8.828880362212658 29.73950277268887 158.8292723745108 0.188821941614151 36.81462382525206 8.970681972801685 134.7881313562393 26.47899681329727 1.288510322570801 0.1752456724643707 0 0.1681714802980423 0 0 0 0 0 0 0.270864374935627 0 0.1230676621198654 0.1962293386459351 0 0 0 0 0 5.840669237077236 0 0 0.1085500568151474 0 2.877603560686111 4.531971901655197 0.1430400013923645 3.037961810827255 0 0.4392169266939163 0.9553623199462891 2.381154730916023 0 3.344124808907509 0 0 0 0 0 1.423601031303406 0 0.3681327849626541 0.3871053755283356 0.4599051401019096 0 0 0
0 61.29483710229397 11.15499056875706 0.814258448779583 2.280410058796406 0.865387961268425 8.886077031493187 0.657260350883007 557.747063100338 1.869084119796753 86.94453021138906 2.995773762464523 996.6966611072421 0.5184701532125473 16.4622398018837 186.1196332126856 9.93489308655262 4.501956313848495 42.86984920501709 0.4455398917198181 3.142447978258133 2439.254436694086 7.759736374020576 1565.553049691021 1471.403533771634 360.9699859917164 3237.209467545152 83.68336589634418 0.8128330186009407 1.398357629776001 20.23983508348465 0.8301009461283684 0.3308309763669968 32.04725126177073 0.1783925443887711 9.507907852530479 91.55121305584908 108.2822604626417 6.025971010327339 17.94642827659845 0.2841926962137222 123.2323824390769 0 0 36.78141080588102 29.29124109447002 0.1047603487968445 0 0.1339554637670517 0 0 2.422649390995502 0.114971823990345 1.9439667314291 0.09422557801008224 13.21183409541845 0 0.09393121302127838 18.98000461608171 7.197719030082226 4.65956124663353 17.02593351155519 0 0.4318979978561401 37.42224233597517 10.10999279469252 6.607244938611984 15.5681778639555 215.6440867707133 1378.701434724033 2.35337620228529 0.09660383313894272 0.1896296665072441 9.101448990404606 0 0 0.1329979598522186 0 4.041244633495808 10.2353382781148 7.361400634050369 2.281164318323135 0.1120835915207863 0 1.560680583119392 0.1887000799179077
236.4723472297192 11.15499056875706 3863.468693770468 1.490473113954067 2.764520596712828 167.8229498006403 904.2748564183712 1024.282764196396 0.7204141914844513 59.08806879818439 36.85363707691431 0.7762223854660988 5.715652130544186 1320.737791985273 1.089510664343834 17.76577268540859 5196.501413047314 90.45636774599552 814.2519836127758 0.3664057180285454 864.5637410655618 3.854919373989105 8439.603664584458 33.7184187322855 0.3416226804256439 5255.529102340341 6551.304715842009 279.4117240458727 176.7193780243397 1003.919133730233 1.413423396646976 8.825981467962265 9.605541817843914 1061.70406845957 22.80359115451574 1413.905822359025 2351.002984032035 2805.123915806413 678.7164230197668 88.08593017607927 4.396117225289345 11.64706689119339 7.227029733359814 0 120.3107244223356 309.0522973239422 0 0 0.2692343890666962 2.966262005269527 0.1657699644565582 3.901001028716564 1.72060039639473 0 0 0.6596759781241417 1.039534583687782 0.198761835694313 34.32980902493 34.32079134136438 1.195728130638599 25.56674303859472 0 6.797666132450104 88.20690647512674 85.59251813590527 22.13202811777592 0.8865789473056793 143.2838684245944 1580.005395226181 12.90551302582026 1.606763407588005 15.27327156811953 0.4355155527591705 0 1.028505146503448 5.874943390488625 3.033390551805496 18.43508825451136 9.494761452078819 20.14003323763609 5.044022679328918 0.4889421612024307 0.238750234246254 0 0
0.3433096781373024 0.814258448779583 1.490473113954067 373.8345991224051 5.236276432871819 96.2550156712532 40.99494368582964 17.52146452665329 412.0754556208849 1458.275510825217 11.71774487942457 2534.048570111394 1.918637864291668 16.80959118902683 56.4642254114151 0.1146814599633217 0.4007943645119667 1.383114948868752 1.842564925551414 894.9045520722866 0.7688018530607224 1.371242851018906 0.3169877678155899 948.6566834896803 0 1.335487350821495 3.476542532444 991.2018987834454 60.77942394465208 0.7585702985525131 0.2563994973897934 7.325424477458 1.464433290064335 41.86254967749119 5.503619283437729 118.3890186697245 2.314285643398762 86.06877949088812 32.10800631344318 220.5734093487263 6.573783345520496 0.2210056856274605 1.682851552963257 0 0 0 83.92531235516071 6.597616285085678 15.26531840860844 31.79318127036095 8.211938999593258 13.29239159822464 101.4625635817647 0.5780258029699326 170.9400302916765 0 3.695325627923012 29.18549469858408 0.4882675483822823 0 0.2055736258625984 0.0849076583981514 49.17552223056555 0.5113987177610397 0.2348594442009926 0 181.6482268124819 0 0 1.015796661376953 239.5205175206065 1.239037536084652 5.706553146243095 0 0.7794156074523926 0 2.209534741938114 0 22.07113721966743 0 4.499571956694126 0.07931938022375107 258.7069335356355 0 1.728809714317322 0.3236675560474396
1.16046004742384 2.280410058796406 2.764520596712828 5.236276432871819 166.6470833942294 1789.46654125303 19.55705656856298 131.1712571531534 111.2670507282019 36.73999640345573 89.85694346576929 323.2535176351666 23.8289748057723 11.59393145143986 1742.904631175101 0 1.786884255707264 1.969891749322414 3.020356394350529 28.28693570196629 0.3728684410452843 2.3476223051548 1.522837862372398 50.39409906417131 1.430747322738171 2.272664897143841 2.942426472902298 18.63757456094027 36.51583138108253 1.073852255940437 0.2743310704827309 552.6563799157739 0 364.0357071384788 1.069663383066654 202.8736770376563 7.486940994858742 214.7130020111799 62.59004063904285 2072.088895462453 70.20672090351582 10.55501563847065 6.553511716425419 0 0 0 0.6415755748748779 0 0.2547238618135452 0 0 1.673053108155727 0.683203861117363 0 0.5097991898655891 0 0 0 0.2320782169699669 0 0 0 0.1418783068656921 0.1547446399927139 0.2111347317695618 0 2.079178899526596 0 0 0.119205541908741 3.778945080935955 0.1880615949630737 0.1279767006635666 0.1083470359444618 0 0 0 0.4702297747135162 2.757317021489143 0 1.009208589792252 0.11140376329422 7.090044341981411 0 0.6234858334064484 0
11.75794342160225 0.865387961268425 167.8229498006403 96.2550156712532 1789.46654125303 8500.450987689197 2373.558964282274 4141.697606176138 29.84244594722986 4385.386237878352 101.2332281321287 3042.088364601135 19.76827557384968 529.1617305204272 1022.063098743558 1.139266483485699 45.13195813447237 10.03416554629803 23.50279812887311 462.1456815078855 29.22158699482679 2.040966421365738 52.6743256598711 269.5457002222538 3.811553604900837 36.56319415196776 26.84893488138914 762.2892779894173 831.6179767251015 35.58280593156815 1.622320026159286 1201.589967779815 4.396617911756039 381.6973593607545 4.500510051846504 286.4519654214382 18.33656426519156 331.2659484669566 62.53851937502623 2339.533048421144 95.76998605579138 4.458482831716537 4.237289890646935 1.442123055458069 0.1019641235470772 0.5250344127416611 10.94903564453125 1.137782990932465 1.607438869774342 32.13538206368685 2.971279636025429 9.470832258462906 18.53591372072697 0.08123321086168289 13.95565618574619 0 2.659681864082813 1.133185371756554 2.105121694505215 0 0 0.298939436674118 6.687227390706539 0.3347795382142067 2.819815024733543 1.160619020462036 89.50474117696285 0 0 8.067009687423706 104.8023228570819 1.468914516270161 14.62699858099222 0 0 0 1.609635606408119 1.318818658590317 4.811492644250393 0.7497783303260803 2.675262682139874 0.4704091995954514 19.8091007322073 1.036013230681419 0.1207867637276649 0
1157.661736540496 8.886077031493187 904.2748564183712 40.99494368582964 19.55705656856298 2373.558964282274 10270.8718348071 3445.603774979711 78.85988936573267 8998.510370053351 77.49175798147917 30.09147217124701 15.74503205344081 5732.642437033355 16.21191072463989 23.89313045889139 148.0090766921639 14.59337469935417 53.9100594073534 51.64044570177794 902.107341632247 16.59794468432665 687.6529552489519 374.7417281940579 2.620895057916641 174.0715191215277 416.0035860240459 14907.99773564935 1279.983891502023 3606.042898699641 1.894118115305901 41.79122845083475 113.746314175427 550.909394711256 61.20472105592489 1204.708029091358 138.1838018149137 1465.063138693571 596.7124325409532 83.79181648790836 54.99300788342953 7.267070889472961 14.70959810912609 1.843774050474167 5.783238619565964 10.52665065228939 38.34888037294149 0.7725304700434208 16.84211284667253 136.1276781484485 21.4393604695797 90.87009800970554 73.90608551353216 2.786198817193508 15.00121878087521 0.2282173410058022 8.638683125376701 3.729580901563168 45.61240793764591 0.6694257706403732 0.4980718120932579 0.7370536327362061 18.32684553414583 12.77134917676449 32.75149694830179 29.99367398023605 532.9176673442125 0.197265200316906 4.709989629685879 84.30641325563192 695.0425170660019 18.51820412278175 171.9698918908834 0.2146926522254944 1.40840370953083 2.520673923194408 11.90916942805052 2.591910898685455 93.17417361587286 0.6380500793457031 41.93997094035149 19.43130728602409 38.92239774763584 3.439759224653244 0.6602741032838821 0.3945558965206146
478.4830974787474 0.657260350883007 1024.282764196396 17.52146452665329 131.1712571531534 4141.697606176138 3445.603774979711 7911.42559248209 40.28174532949924 1847.462697893381 120.0237965211272 236.6836522296071 21.76997461915016 5123.79017008841 42.60506466776133 3.816635698080063 528.1531629115343 19.44178023189306 158.9158564060926 56.55600983649492 100.3144613876939 1.587368734180927 492.936502456665 279.6430120021105 1.944973587989807 186.8395340666175 64.0619520843029 554.6876521110535 1581.453785598278 614.658960249275 1.824973829090595 1185.524946495891 7.366251945495605 453.6943377628922 4.889113247394562 209.3901408016682 46.98610047996044 370.1194819062948 76.59096893668175 406.9176337048411 29.01982105523348 6.023806802928448 3.783289104700089 0.1625093370676041 1.653655417263508 2.190482534468174 7.170975863933563 0 3.424071080982685 41.02531909942627 5.88652691245079 26.73191870003939 12.57946004718542 3.144647486507893 2.965888552367687 0.1860279068350792 2.850253447890282 0.2152333408594131 5.341396510601044 0.1369999945163727 0.08267233520746231 0.2016766145825386 5.074118807911873 2.242781162261963 5.534645579755306 3.05778893083334 154.2937749624252 0.09667374193668365 1.820318706333637 15.9036588743329 168.2731434032321 3.62957675755024 56.18261809647083 0.08087869733572006 0.1070636659860611 0.103759691119194 2.963195368647575 0.6571390926837921 6.097283527255058 0.1484664529561996 6.774009667336941 3.492765128612518 4.932070799171925 0 0 0.1170202493667603
1.154138676822186 557.747063100338 0.7204141914844513 412.0754556208849 111.2670507282019 29.84244594722986 78.85988936573267 40.28174532949924 502.0114877596498 307.5962707400322 18.2350621894002 120.3006561324 160.1937551051378 8.406936049461365 523.8929353058338 52.81174746155739 0.9177787452936172 0.2730494439601898 2.713915698230267 409.1811410859227 33.55223699659109 1389.637858070433 7.629965506494045 5072.6541473791 206.2993506416678 31.25010370463133 325.227407976985 1150.335434451699 15.93827603012323 17.9248219281435 10.08453247696161 3.317908346652985 1.920361503958702 16.65853790193796 4.214724361896515 136.360271371901 26.25902146100998 44.06304182112217 19.07221853733063 310.2629785239697 8.10017079859972 10.50457787513733 1.310123853385448 4.501369409263134 4.199889034032822 1.029475837945938 166.5994405597448 10.68063282221556 23.87058709934354 75.0144492611289 12.66864035278559 160.5246580466628 155.9571622684598 1.376242145895958 175.2769889086485 5.483641341328621 5.535960078239441 57.84324106574059 123.163991227746 0.9446857571601868 0.1978976130485535 0.1033494099974632 106.8876841813326 25.43380389362574 78.98127402365208 4.990601181983948 1569.040747798979 2.911301769316196 5.401320554316044 10.78207991272211 849.5557386055589 21.01419198513031 140.8964762687683 2.883754439651966 0.7496595233678818 2.818862177431583 8.940787687897682 2.207583427429199 65.74036728590727 4.261412024497986 29.83689167350531 13.00857719033957 183.8302284181118 2.280456312000751 0.184683233499527 0.5680084228515625
13.01476056873798 1.869084119796753 59.08806879818439 1458.275510825217 36.73999640345573 4385.386237878352 8998.510370053351 1847.462697893381 307.5962707400322 22055.5367064625 161.6596414595842 3397.650858916342 29.02278881520033 724.5326864346862 49.46516847610474 2.785653382539749 20.29167440906167 23.70327177643776 35.40690456330776 1272.709747046232 45.05741014331579 1.00412105768919 22.88180763274431 642.6058449819684 3.260270953178406 33.10560195147991 75.10978787392378 3632.429162204266 844.0118349343538 16.94817448407412 3.624724239110947 85.95909389108419 10.57454818487167 624.3010234311223 30.80502973496914 782.4960634559393 31.88912644982338 1383.925485216081 453.8075991347432 283.790477193892 98.84976278245449 10.80497810989618 14.20150215923786 0 1.352499313652515 2.880579754710197 162.353045783937 10.15421187132597 37.47748018056154 116.7201710194349 28.95915614813566 41.77743744105101 233.272701844573 0.2694961428642273 186.1925358697772 0.1167511641979218 9.850718885660172 55.69345578551292 6.388139799237251 0 0.09341149032115936 0.07564384490251541 114.0799518823624 1.626426681876183 2.580827824771404 3.469461649656296 535.5420627444983 0 2.663268350064754 9.710308209061623 704.9646551758051 9.134295865893364 31.40741399675608 0 2.416802953928709 0.3736875951290131 3.398460917174816 1.205825388431549 46.5357059687376 2.130273565649986 10.69399524480104 3.135827161371708 327.7188329920173 1.491051487624645 4.811649322509766 0.1699398159980774
16.82343146950006 86.94453021138906 36.85363707691431 11.71774487942457 89.85694346576929 101.2332281321287 77.49175798147917 120.0237965211272 18.2350621894002 161.6596414595842 9015.655214086175 153.407352514565 2772.55441595614 67.50882244855165 0.754887156188488 2.817636407911777 199.9164283946157 2496.349854357541 1111.415999487042 41.89816096425056 13.88468705117702 30.09280316531658 28.72593583166599 56.01861070096493 458.9525490254164 1667.744764205068 1311.220998875797 54.13705802708864 207.5247414335608 20.03057267516851 576.8469433784485 259.6036696434021 29.70508664101362 4222.535725325346 6.57577608525753 298.0379903167486 2881.10464528203 5315.870641201735 517.2949217110872 148.5533997640014 46.7323697283864 712.3336700946093 0.6571083068847656 0 6.987873151898384 1.61583423614502 0.4580570161342621 0 0 2.488526374101639 0.07899530977010727 1.102709650993347 0.450367733836174 31.76798194646835 1.190767496824265 360.5299861356616 0 0 2.920740492641926 0.6206726431846619 9.866095095872879 1.473951891064644 0.1238235682249069 0.6889640912413597 1.713577009737492 0.2416887879371643 12.2878467515111 194.2865701466799 112.4978630393744 78.30148804932833 7.129067033529282 0.6982203125953674 11.55413688719273 161.1463700458407 0 0 0.6538801193237305 3.128000676631927 16.10187523066998 167.1034549921751 2.411241687834263 0.3387541696429253 0.1861222982406616 0 49.95332837104797 0
0.5679254978895187 2.995773762464523 0.7762223854660988 2534.048570111394 323.2535176351666 3042.088364601135 30.09147217124701 236.6836522296071 120.3006561324 3397.650858916342 153.407352514565 5373.886917248368 25.51846714317799 174.1644314154983 1412.178268864751 0 0.6058387160301208 12.24371267110109 21.28655482828617 3583.141345649958 0 4.954692147672176 0.8260501995682716 594.4998614639044 6.240492939949036 10.29815151542425 9.922613069415092 1253.529872097075 592.5695109441876 1.644716612994671 3.070719234645367 145.7099554687738 0.1015924885869026 492.6904730424285 4.690338365733624 698.3151525259018 5.499224454164505 541.3260134160519 82.83736878633499 2856.00608728826 44.26740106940269 2.542968697845936 4.204570129513741 0 0 0 66.86683578789234 3.788088046014309 14.11084000021219 9.680824019014835 5.436045944690704 7.64531833678484 103.4153522476554 0.9824641197919846 202.6887207105756 0.09962049126625061 1.92779041826725 20.48261331766844 0.2922921478748322 0 0.08737985789775848 0 54.72781701385975 0.09617500752210617 0.1488772630691528 0.2112714499235153 51.21442040801048 0.0876869410276413 0.1153043583035469 0.2823639512062073 85.3718051686883 3.207321368157864 0 0 0.7151930406689644 0 1.149030663073063 0 35.57207923382521 0.1703899949789047 5.434148333966732 1.249391332268715 276.4363349080086 1.660792604088783 2.534914322197437 0
1.170382380485535 996.6966611072421 5.715652130544186 1.918637864291668 23.8289748057723 19.76827557384968 15.74503205344081 21.76997461915016 160.1937551051378 29.02278881520033 2772.55441595614 25.51846714317799 2894.230093419552 9.224470876157284 6.087064683437347 9.380273818969727 3.870633639395237 92.53644705563784 28.82321336120367 8.595503248274326 5.982267506420612 269.4329443722963 13.96729016304016 336.3115878999233 4288.0729553774 309.7986441627145 5581.643351353705 31.54631631076336 24.71138191223145 8.3850327283144 417.8087576925755 41.77522174268961 1.237832322716713 1396.431058950722 118.7163400948048 2168.540346495807 5705.252559624612 3916.410308308899 573.150466196239 272.2303654477 310.4411917701364 1460.417036801577 21.51426059752703 0 25.51737278699875 0.9038357138633728 0 0 0.1133614778518677 0.5551336854696274 0 3.37548765540123 0.7260610237717628 159.84413382411 0 1353.213459439576 0.120210200548172 0 1.96999641507864 0 28.74891120195389 2.773001790046692 0 0.2942435145378113 2.500630453228951 1.010244235396385 3.151181355118752 1045.064431712031 220.2548220157623 194.9856064394116 4.355367839336395 0.1511922031641006 0.8306303024291992 418.4566368311644 0.412466362118721 0 6.645239904522896 40.82681173086166 660.6524266451597 684.8601232543588 231.3032908812165 29.80343809723854 38.84348799288273 28.61245855689049 230.2317165508866 1.176787972450256
4759.435996934772 0.5184701532125473 1320.737791985273 16.80959118902683 11.59393145143986 529.1617305204272 5732.642437033355 5123.79017008841 8.406936049461365 724.5326864346862 67.50882244855165 174.1644314154983 9.224470876157284 8328.13123844564 1.810004256665707 5.466025426983833 943.4331078156829 24.22820915281773 232.9958257973194 48.6954569965601 109.819474093616 0.9458184763789177 865.4153882488608 118.1380828395486 0.9896173924207687 181.5975327044725 56.43807157874107 346.2914930544794 3366.743400741369 2362.154663234949 1.385799050331116 199.2552004940808 9.506041929125786 347.6957618966699 1.256775416433811 151.9075330421329 52.87661084532738 258.6123631671071 49.51453591138124 92.39210060983896 8.788829334080219 2.055026605725288 2.354988358914852 0 1.286442331969738 0.8416736871004105 0.3360494151711464 0 0.3872841522097588 5.198525354266167 1.492848835885525 5.610273018479347 0.634613536298275 0 1.326235495507717 0 0.6264035478234291 0 15.15216916799545 0.2104830890893936 0.1150431036949158 0.3840117380023003 0.26474229991436 7.918563552200794 12.62883095443249 2.479835212230682 24.64661613106728 0.1243805661797523 1.611865624785423 6.517588153481483 28.54067134857178 2.189565688371658 12.40533808618784 0.2607434615492821 0 0.268385648727417 0.2957851216197014 0.6641500294208527 10.07140912860632 0.07271027565002441 3.696967847645283 0.1049809604883194 0.8560977578163147 0.5263630747795105 1.156617760658264 0
0 16.4622398018837 1.089510664343834 56.4642254114151 1742.904631175101 1022.063098743558 16.21191072463989 42.60506466776133 523.8929353058338 49.46516847610474 0.754887156188488 1412.178268864751 6.087064683437347 1.810004256665707 351.0284717381001 0.1484358906745911 0 0 0.2731616497039795 174.9973790198565 0.2357632145285606 29.54296018183231 0.5977742299437523 897.0650877803564 10.13714938610792 2.52647116035223 13.18592043220997 128.1225939840078 17.66414137929678 0 0.1049530580639839 634.2786050662398 0.3006820306181908 49.43069692701101 6.365540742874146 261.004107914865 0.5575901046395302 3.163850866258144 0.4617371186614037 1340.739414736629 149.8095980212092 0.481586366891861 0 0 0.102872833609581 0 5.152194015681744 0.197439968585968 1.586905464529991 3.799098297953606 0 14.21729162335396 2.837086617946625 0 6.940047457814217 0 0 3.969589486718178 2.544364355504513 0 0 0.1618998050689697 2.660093367099762 0.1232837662100792 1.107263498008251 0.1933938562870026 17.74861814081669 0 0 0.1500925570726395 15.24544642865658 0 0.3092160820960999 0.09296230226755142 0 0 0.3104915916919708 0.2575509548187256 5.53062192350626 0.2246331721544266 0.5235889628529549 0.1057561337947845 42.43347717821598 0 0 0
1.580490298569202 186.1196332126856 17.76577268540859 0.1146814599633217 0 1.139266483485699 23.89313045889139 3.816635698080063 52.81174746155739 2.785653382539749 2.817636407911777 0 9.380273818969727 5.466025426983833 0.1484358906745911 3034.79998460412 15.50299563258886 0.5276599675416946 3.979459665715694 0 1696.90568587929 1765.704001784325 1716.85408795625 1476.675915405154 14.48544396460056 7.984337411820889 2834.050014428794 1718.765876397491 40.2595434114337 54.65848208218813 0.4423432350158691 0.4706247895956039 16.95963413268328 86.46686744689941 31.82176800817251 2094.924680814147 835.9351794421673 885.4576023742557 1030.687237784266 66.29779985547066 2.698443979024887 3.498330354690552 13.07304225116968 1.109458237886429 7.236814796924591 58.21474582701921 0 0 0.3643036559224129 8.731672145426273 1.922632694244385 3.593530513346195 3.023635350167751 0.3999662473797798 0 0.3461865037679672 0.5783990398049355 0.0726005956530571 2866.93639460206 2.414553768932819 0.580268420279026 0.2999896854162216 0 246.225521966815 1108.844721570611 1202.436450779438 155.7347745969892 0.8594665303826332 5.451334290206432 547.1220640093088 108.6484344601631 7.000293254852295 78.89211456477642 0.1056261956691742 0.5981919914484024 5.025117553770542 13.11726877838373 9.870110958814621 180.0276395305991 23.35582122206688 72.66410952806473 47.83181424438953 1.9555928632617 0.09590490907430649 0 0.1477557271718979
335.9320033714175 9.93489308655262 5196.501413047314 0.4007943645119667 1.786884255707264 45.13195813447237 148.0090766921639 528.1531629115343 0.9177787452936172 20.29167440906167 199.9164283946157 0.6058387160301208 3.870633639395237 943.4331078156829 0 15.50299563258886 1602.442240715027 137.232769459486 4143.451486162841 0.3614073544740677 1209.780415996909 4.34245565533638 4957.969903998077 24.22046319395304 1.447395361959934 1987.625635735691 4389.389238014817 52.49596391990781 1134.200518161058 1224.492732569575 0.8887413628399372 8.480722449719906 122.6137182340026 1530.326513551176 3.592951275408268 137.6477283015847 261.4789047986269 1355.03201283142 280.4166107326746 8.224105127155781 0.8868831098079681 5.160061202943325 3.355989843606949 0 41.04410368949175 47.02712475508451 0.09639795124530792 0 0 0.605938732624054 0.1081390008330345 0.4453348219394684 0.7369862496852875 0.1629838198423386 0.1049705892801285 0.3255704268813133 0.08409079909324646 0 5.429187953472137 13.0549107119441 1.052304983139038 8.746795617043972 0 0.8306281790137291 7.913763038814068 2.601333372294903 5.68297816067934 1.620854109525681 86.0940043926239 326.9421489685774 1.475314281880856 0.3452354148030281 1.753290474414825 0.3439081087708473 0 0 1.956893086433411 0.2901493310928345 6.083126492798328 5.22485776245594 3.265090793371201 1.593355558812618 0.07204245775938034 0.1790103912353516 0 0
6.160491906106472 4.501956313848495 90.45636774599552 1.383114948868752 1.969891749322414 10.03416554629803 14.59337469935417 19.44178023189306 0.2730494439601898 23.70327177643776 2496.349854357541 12.24371267110109 92.53644705563784 24.22820915281773 0 0.5276599675416946 137.232769459486 275.635082885623 1506.429166294634 3.294834114611149 4.302863121032715 0.3150561526417732 42.761215493083 3.546298310160637 65.96948299556971 2071.024898737669 365.5607069507241 9.107855960726738 33.84518469125032 7.770140383392572 64.73863812536001 5.382560670375824 7.06473097205162 618.0048377513885 2.393471464514732 235.8548396602273 1873.271054081619 1791.402650766075 375.6741516888142 12.65708555281162 2.138807222247124 57.08227004110813 1.12973889708519 0 8.013609774410725 0.84323900192976 0 0 0 0 0 0.107123889029026 0 8.431124538183212 0.0824170783162117 100.1827190071344 0 0 0.3240023851394653 0 42.23333766311407 4.200207106769085 0 0 0.2593804523348808 0 1.183838836848736 97.71300914138556 321.0023464560509 248.6560275405645 1.243097268044949 0.4933087229728699 0.3833328485488892 132.559740126133 0 0 0.1159181594848633 0.3996704369783401 8.987213790416718 52.05904312431812 0.7777887582778931 0.2200625985860825 0 0 0.5537650361657143 0
77.75694502145052 42.86984920501709 814.2519836127758 1.842564925551414 3.020356394350529 23.50279812887311 53.9100594073534 158.9158564060926 2.713915698230267 35.40690456330776 1111.415999487042 21.28655482828617 28.82321336120367 232.9958257973194 0.2731616497039795 3.979459665715694 4143.451486162841 1506.429166294634 2045.336736492813 6.657785572111607 59.38066838681698 3.960142888128757 507.1325835064054 14.21476966887712 24.37228343635798 3076.786614991724 2339.893584497273 27.9366574510932 361.616515353322 113.3017397299409 4.655162408947945 11.70970876514912 75.38549011945724 4694.492548763752 4.744333758950233 430.3450398296118 1138.803325437009 3075.370799921453 555.6855778694153 22.02340625226498 2.912096075713634 15.98844852298498 1.659169964492321 0.1542209535837173 90.84246706962585 26.48203420639038 0 0 0 0.3202858865261078 0.1133999675512314 0.4689075797796249 0.0793243795633316 0.5644711256027222 0.3964920789003372 15.64864209294319 0.2404143512248993 0 1.659170344471931 2.192524820566177 37.58968607336283 23.62936410307884 0 0.08501973748207092 3.658711083233356 0.1703362315893173 3.646398358047009 45.14305155724287 514.6199260130525 673.0145226046443 2.09350161254406 0 1.624111004173756 37.19338838756084 0 0 0 0.5856000930070877 8.727435149252415 18.54032920300961 3.421951659023762 0.872637614607811 0.421175628900528 0 0 0
0.6665267869830132 0.4455398917198181 0.3664057180285454 894.9045520722866 28.28693570196629 462.1456815078855 51.64044570177794 56.55600983649492 409.1811410859227 1272.709747046232 41.89816096425056 3583.141345649958 8.595503248274326 48.6954569965601 174.9973790198565 0 0.3614073544740677 3.294834114611149 6.657785572111607 207.9987994581461 0.3177500888705254 0.1204268485307693 0.3076469302177429 300.220341809094 0.8171231597661972 3.410768590867519 2.643138825893402 1186.173025406897 150.0025584623218 0.1724920198321342 0.7169731482863426 31.68014051765203 0.4318011999130249 128.3153036758304 4.584669962525368 289.0730180740356 2.673982232809067 192.6933382675052 46.49709660559893 828.1977315917611 13.91422569006681 2.1621248498559 1.532208800315857 0 0 0 62.83468875288963 6.169855773448944 17.57701145857573 34.03549046069384 5.751644395291805 10.62165670096874 71.32066237181425 0 110.3903152272105 0 0.9873456507921219 34.74910089373589 0.2640549317002296 0 0 0 40.00683400034904 0.5933778285980225 0 0 136.7606788873672 0 0 0.2180867120623589 169.9463706314564 1.808656565845013 1.768058955669403 0 0.7975256443023682 0 2.095840089023113 0 39.01065294444561 0 4.370905064046383 1.730962052941322 323.6559974551201 0.2121708318591118 0.2939130365848541 3.331025838851929
38.37108118087053 3.142447978258133 864.5637410655618 0.7688018530607224 0.3728684410452843 29.22158699482679 902.107341632247 100.3144613876939 33.55223699659109 45.05741014331579 13.88468705117702 0 5.982267506420612 109.819474093616 0.2357632145285606 1696.90568587929 1209.780415996909 4.302863121032715 59.38066838681698 0.3177500888705254 12055.65098510683 66.28868263959885 13095.131873779 149.1250843480229 0.7039765268564224 20.20269206166267 274.0320482850075 2502.950889706612 262.5628738775849 9825.741340778768 0 1.042485192418098 102.7834012657404 3250.897418342531 94.97949934005737 4964.670422822237 681.2634318694472 5416.852416053414 3099.927806578577 137.3572500273585 7.305581703782082 5.77700138092041 37.3291839659214 0.4527432844042778 0.6951672434806824 9.855658434331417 0 0 0.4469881281256676 7.031807869672775 0.8337008357048035 4.908904567360878 1.015921853482723 0.08221861720085144 0 0 1.50735630095005 0 445.4279758781195 0.3510905578732491 0 0.1252598464488983 0 148.37881616503 147.8827462717891 50.47106152027845 116.2585536316037 0 1.315066024661064 12.01110752671957 84.91101303696632 10.94730266928673 108.0914959982038 0 0 6.179721467196941 14.24346771836281 11.24886128306389 190.304469563067 10.08991970866919 41.73674955964088 22.74179425835609 1.366177469491959 0 2.876395106315613 0
0.4011842608451843 2439.254436694086 3.854919373989105 1.371242851018906 2.3476223051548 2.040966421365738 16.59794468432665 1.587368734180927 1389.637858070433 1.00412105768919 30.09280316531658 4.954692147672176 269.4329443722963 0.9458184763789177 29.54296018183231 1765.704001784325 4.34245565533638 0.3150561526417732 3.960142888128757 0.1204268485307693 66.28868263959885 1018.533804602921 171.1164806634188 5032.1079236269 497.7463151142001 49.24497675895691 1758.980237618089 239.2330630719662 3.306132115423679 6.11706330627203 14.44210705906153 0.4188775271177292 1.285622403025627 10.09084356576204 0 27.657177336514 68.42289932817221 34.66547536104918 10.9913093522191 36.83706374466419 1.16866746544838 22.34720927476883 0.2736733183264732 0.4302434772253036 11.55187427252531 72.30809836089611 0.197191558778286 0 0.2196815684437752 3.19362585246563 0.5121329054236412 32.2345507889986 1.926851511001587 1.231455475091934 0.09815661609172821 8.01974281668663 0.842037133872509 0 821.5790397152305 0.9674105420708656 0.8150614649057388 0.4905375987291336 0.1154273450374603 66.40201514959335 497.9994621798396 277.1597883179784 64.62797168642282 3.944839559495449 14.29004095494747 1029.229307897389 45.34074324369431 2.296672150492668 34.72864108532667 2.751249112188816 0.06958112120628357 1.155011236667633 7.006517708301544 2.287939295172691 59.42460688203573 8.763512887060642 24.62608592957258 18.4778310880065 0.8748623579740524 0 0.2602114900946617 0
269.6853575631976 7.759736374020576 8439.603664584458 0.3169877678155899 1.522837862372398 52.6743256598711 687.6529552489519 492.936502456665 7.629965506494045 22.88180763274431 28.72593583166599 0.8260501995682716 13.96729016304016 865.4153882488608 0.5977742299437523 1716.85408795625 4957.969903998077 42.761215493083 507.1325835064054 0.3076469302177429 13095.131873779 171.1164806634188 11074.23022399843 277.5366637334228 1.854405999183655 1168.147127903998 6983.987555079162 2344.949890896678 448.4681743234396 6047.052590854466 1.104491457343102 5.472720190882683 45.57026428729296 2879.25637909025 130.3386265560985 6965.885426588356 6599.339485138655 10202.47959724069 5688.05291416496 298.4167945683002 8.401525281369686 15.85868337750435 57.12654335051775 0.2724731415510178 7.86874645203352 193.3714394196868 0 0 0.4684593304991722 2.536964759230614 0.6289687380194664 1.638689920306206 1.28992235660553 0.1159554645419121 0 0.132269561290741 0.6503540202975273 0 1421.925528906286 2.726445905864239 0 1.276150852441788 0 81.45296240597963 552.9992784038186 891.0899824723601 54.93254148215055 0.3242158144712448 8.159259222447872 915.1844262927771 37.38282368332148 1.574731528759003 34.15862118452787 0.2343330010771751 0 1.517268031835556 5.341233462095261 21.38672453165054 137.7011918127537 12.04008483141661 33.35649263113737 34.10117158293724 1.170992091298103 0.1371272802352905 0.5052604526281357 1.59643542766571
20.48204103857279 1565.553049691021 33.7184187322855 948.6566834896803 50.39409906417131 269.5457002222538 374.7417281940579 279.6430120021105 5072.6541473791 642.6058449819684 56.01861070096493 594.4998614639044 336.3115878999233 118.1380828395486 897.0650877803564 1476.675915405154 24.22046319395304 3.546298310160637 14.21476966887712 300.220341809094 149.1250843480229 5032.1079236269 277.5366637334228 5944.033305823803 462.5966124236584 92.54179737716913 2718.553826607764 6273.332185290754 435.7028654441237 219.439222484827 22.22719582170248 12.98928502947092 109.2758164554834 243.8422987163067 58.65767434984446 1723.147315487266 260.0771986991167 770.7525115460157 450.7883625924587 645.4932818636298 29.27391006052494 29.2768242880702 12.2320399582386 12.51150311529636 25.98639165610075 35.7353969886899 212.1638462767005 12.40355283021927 46.94506454095244 330.1329800635576 52.32283969968557 868.0656494498253 253.8331425637007 9.411224566400051 163.78107958287 11.04648654907942 31.71850098669529 52.41110646724701 709.2436022758484 1.908373787999153 1.797008201479912 2.814864933490753 126.9441472142935 248.2619591206312 667.4257131591439 99.1185841858387 2622.646786428988 7.569350309669971 22.34448202699423 168.3509854525328 2417.856694698334 112.2709096781909 882.5165643393993 5.057989306747913 3.468965388834476 22.95615298300982 64.9239249303937 13.82596740871668 392.1812958493829 15.75818455964327 189.6942701712251 71.64356898516417 488.4742135554552 16.30823960155249 2.929285019636154 1.493993893265724
0 1471.403533771634 0.3416226804256439 0 1.430747322738171 3.811553604900837 2.620895057916641 1.944973587989807 206.2993506416678 3.260270953178406 458.9525490254164 6.240492939949036 4288.0729553774 0.9896173924207687 10.13714938610792 14.48544396460056 1.447395361959934 65.96948299556971 24.37228343635798 0.8171231597661972 0.7039765268564224 497.7463151142001 1.854405999183655 462.5966124236584 533.5854203402996 1256.709069237113 3781.105784855783 30.7693285048008 2.470492176711559 1.067710101604462 333.7643440440297 2.070395581424236 0.1038605719804764 272.6826060041785 4.095962136983871 262.6247092038393 464.1504513993859 835.8631176650524 91.53664508461952 51.17207708954811 46.88283299654722 444.8704352229834 2.278250932693481 0.1009484305977821 48.78075833618641 2.94385039806366 0 0 0 0.2473050951957703 0 1.165766939520836 0 21.33243098109961 0 367.9194565713406 0.114886611700058 0 2.00605346262455 0.8593477606773376 10.04147292673588 2.861971884965897 0 0.1841477900743484 4.595755115151405 0.7066620737314224 2.098304457962513 124.7776113972068 195.5248061865568 355.8632671460509 0.6100603342056274 0 0 100.0586598590016 0 0 0.2663856372237206 4.372831284999847 118.5889522656798 83.90159252285957 2.777561828494072 0.485629677772522 0.2183069139719009 0 15.13532702624798 0
41.66766933351755 360.9699859917164 5255.529102340341 1.335487350821495 2.272664897143841 36.56319415196776 174.0715191215277 186.8395340666175 31.25010370463133 33.10560195147991 1667.744764205068 10.29815151542425 309.7986441627145 181.5975327044725 2.52647116035223 7.984337411820889 1987.625635735691 2071.024898737669 3076.786614991724 3.410768590867519 20.20269206166267 49.24497675895691 1168.147127903998 92.54179737716913 1256.709069237113 21939.10932957381 12497.22091431171 44.52212880551815 95.53939288854599 48.81658317893744 704.8671322315931 4.941245626658201 11.32554968446493 885.0615785643458 9.277039051055908 1143.461764916778 5469.054858274758 3276.511724419892 880.6876893639565 51.83338507264853 3.970144167542458 98.56069850921631 2.584379628300667 0.2240620404481888 791.9366854652762 177.0564482137561 0 0 0 0.8408956304192543 0.3296295255422592 7.37901608645916 1.107019409537315 21.26328275352716 0 509.4663593843579 0.7080719023942947 0.1167507842183113 12.34676274657249 190.0978872254491 227.6167026162148 292.7433263882995 0 2.231335543096066 35.6735810264945 1.902129635214806 25.00315464287996 817.1373715400696 3234.911227911711 5109.357557840645 7.388307251036167 0.2895785421133041 2.029032349586487 584.2019625455141 0 0.3671988472342491 3.643139496445656 3.041996330022812 30.25918047875166 180.2525161206722 31.95857930183411 9.056016951799393 0.2256005555391312 0 2.169167242944241 0.1244632452726364
12.71301972866058 3237.209467545152 6551.304715842009 3.476542532444 2.942426472902298 26.84893488138914 416.0035860240459 64.0619520843029 325.227407976985 75.10978787392378 1311.220998875797 9.922613069415092 5581.643351353705 56.43807157874107 13.18592043220997 2834.050014428794 4389.389238014817 365.5607069507241 2339.893584497273 2.643138825893402 274.0320482850075 1758.980237618089 6983.987555079162 2718.553826607764 3781.105784855783 12497.22091431171 30557.63430321962 1266.860568434 53.52034636586905 53.30218185484409 804.0405086800456 4.679657816886902 14.22178140282631 2057.260920263827 85.36552090197802 5732.354116417468 5813.13276591897 9427.046029567719 2984.971016988158 318.2885164767504 18.01122915744781 97.80291014909744 44.34591434895992 0.4667241498827934 2472.084789335728 1552.269607447088 0.08971598744392395 0.1018406674265862 0.9446392133831978 7.370752535760403 2.857299365103245 15.78898895531893 2.95518858730793 18.01216617226601 0.5815471038222313 340.8795128017664 2.822992458939552 1.485571898519993 943.8183695822954 186.1124288961291 142.7291467785835 254.1006409525871 0.1630166321992874 15.22139929234982 1764.749855212867 1072.838954955339 106.6043431460857 727.2159752622247 2850.327625587583 13807.21223606914 35.29227362573147 0.8709935694932938 7.543118841946125 303.6643441170454 0 0.3457352072000504 11.37973321974277 26.90751898288727 142.4859227538109 177.9349936395884 125.6869425848126 67.32142335176468 2.182967856526375 0.2512779086828232 6.759527608752251 0.7246345430612564
64.87841064482927 83.68336589634418 279.4117240458727 991.2018987834454 18.63757456094027 762.2892779894173 14907.99773564935 554.6876521110535 1150.335434451699 3632.429162204266 54.13705802708864 1253.529872097075 31.54631631076336 346.2914930544794 128.1225939840078 1718.765876397491 52.49596391990781 9.107855960726738 27.9366574510932 1186.173025406897 2502.950889706612 239.2330630719662 2344.949890896678 6273.332185290754 30.7693285048008 44.52212880551815 1266.860568434 12563.5081964694 1500.336792815477 7684.028135821223 1.784926101565361 23.92378602176905 480.3744591400027 1114.791724078357 125.1910332590342 3577.328795865178 254.6203426867723 2746.724119894207 1330.585648901761 361.8009073510766 59.945875890553 10.35963301360607 32.24159815907478 9.130757927894592 4.847371779382229 14.57895287126303 220.4615162312984 9.685974065214396 55.37368343025446 409.9594019427896 67.3125327154994 355.7356477081776 286.3413314595819 7.734733164310455 120.6200573667884 0.5474147722125053 32.07116450369358 37.52348057925701 311.7147995978594 2.36257241666317 1.333426348865032 1.125723093748093 124.0118080750108 113.1958820670843 224.8342428207397 48.46363584697247 2135.189366489649 0.5011497288942337 4.896284334361553 83.70434658229351 2290.857319757342 96.97001410275698 692.6808153986931 0.2982758209109306 4.484479609876871 18.22988433390856 44.93823178857565 9.747423477470875 261.3556063100696 9.211677379906178 127.141810849309 53.14584999531507 257.4223061352968 10.76332956552505 3.254704356193542 1.533053368330002
