685.3048453181982 0.1385402977466583 120.4352206662297 5.784482210874557 5.655238181352615 27.00133970379829 2917.657171070576 1179.679672650993 1.814252339303493 60.21093937009573 39.96882317215204 14.1724846586585 3.283025071024895 5619.521108746529 0.3474948108196259 0.6843927428126335 548.5077628716826 19.78629137575626 77.68908660113811 3.584229238331318 92.09019434452057 0 173.8794705346227 97.68028409034014 0.6797447875142097 21.87839394062757 43.42270354926586 141.3077674731612 2637.741915278137 4141.53767940402 1.801097080111504 20.60923808068037 7.355774365365505 211.4126407653093 0.9551154002547264 55.06752974539995 18.98771151900291 169.081986926496 33.29523959010839 5.923234097659588 2.617346718907356 0.2580392956733704 0.2678944617509842 0 0 1.149278461933136 0.124057725071907 0 0 2.426049008965492 0.3586242496967316 1.165839403867722 0 0 0 0 0.3193293809890747 0 2.083887688815594 0 0 0 0 1.462698936462402 0 0 18.36892293393612 0 0.800140343606472 1.619844876229763 21.35582264512777 0.9606262147426605 4.78016608953476 0 0 0 0 0 3.035336680710316 0.4915868043899536 1.340962082147598 0 0.8411307632923126 0 0 0
0.1385402977466583 91.66605413705111 7.724552094936371 0.1249758154153824 2.388677261769772 1.66418432444334 0.08546280115842819 1.096967756748199 743.4056477993727 0.7366516068577766 318.7945472672582 1.326760292053223 611.66903424263 1.158169478178024 30.74813463538885 80.59858594834805 3.900249287486076 7.169388934969902 2.043393708765507 0.2547864019870758 5.47783251106739 2428.101712457836 4.274009458720684 689.4192606657743 2163.29244235158 75.51624708622694 7712.302818126976 9.324886240065098 0.4634475484490395 0.1203591898083687 5.269128493964672 1.18374390900135 0.1281322091817856 50.7774717733264 0 9.0499027967453 111.4463342353702 93.9584796205163 4.572853796184063 20.20648527890444 1.476789779961109 130.735292583704 0 0 45.04907383769751 48.25129653513432 0 0 0 0.2141799032688141 0 1.958777688443661 0 1.375920429825783 0 12.26972094923258 0 0 1.04037269204855 4.931494161486626 1.124574556946754 2.725260734558105 0 0 5.391712710261345 1.948063284158707 0.9355320110917091 6.911746963858604 85.68691466748714 902.5691153854132 0.3128250911831856 0 0 4.984560012817383 0 0 1.732504606246948 0 6.119204796850681 15.55392780900002 6.81834888458252 1.340424507856369 0 0 0.3158133327960968 0
120.4352206662297 7.724552094936371 4153.353297799826 6.579330906271935 0.7214890643954277 111.6990089789033 880.6257544383407 373.9690302014351 1.40258027613163 119.9652892276645 11.14642488211393 3.152811475098133 4.476581953465939 232.5544024035335 0.1160034760832787 34.08512381464243 10991.28917341679 32.62710282951593 1040.689334943891 1.456422969698906 1217.166995987296 3.26384836435318 9598.215351819992 47.67853344231844 1.371274292469025 4033.614555813372 5166.019258372486 525.2182901799679 92.98932474851608 358.3205378130078 1.091990284621716 3.511435739696026 4.724094524979591 838.5049715936184 30.71961008757353 1777.444006502628 3323.266852997243 2997.879506386817 824.8534955084324 25.26148563623428 5.517026849091053 10.68375641107559 7.363384284079075 0.2671573758125305 42.19364304840565 1151.904985837638 0.2374178469181061 0 0.9250769019126892 13.45965112000704 5.560532286763191 2.305670142173767 2.91197669506073 0.2180597335100174 0.1495410948991776 0 8.166469536721706 0 46.81396094709635 99.8115903288126 0 5.120271272957325 0.4597833380103111 12.92132797837257 90.2181763574481 169.1421928033233 27.29583716392517 0.4880274534225464 30.16332399100065 2477.238376557827 24.11349181830883 2.246728777885437 6.086064837872982 0 0 0.8114405870437622 14.20176443457603 0.4426041394472122 118.6862875670195 51.41569086909294 71.40827797353268 33.74579435586929 0.5515344589948654 0 0 0.9186795949935913
5.784482210874557 0.1249758154153824 6.579330906271935 3711.493637241423 1.584901183843613 128.2682613581419 99.93096838146448 40.56076794117689 923.2835843414068 4235.943889819086 6.232203550636768 2803.582612857223 1.863366536796093 43.90337900817394 45.50335440784693 0.3815487548708916 2.267651192843914 1.986666850745678 2.75106105953455 8066.649361014366 5.242453776299953 1.521191231906414 2.377289824187756 2788.613916546106 0.2771750539541245 2.46020695567131 4.036084100604057 2064.386928163469 142.6361978203058 3.315871544182301 0.330496609210968 5.693957731127739 7.984778672456741 83.59440355747938 15.52551268041134 553.7276437804103 5.578559346497059 201.819775596261 157.198099732399 125.1600741073489 42.23679377883673 0.4345411062240601 7.101210504770279 0.5597858726978302 0.1694271415472031 0.9308537691831589 298.6796111315489 1.341939046978951 22.5406813248992 96.95498245209455 5.883717276155949 100.2142964452505 287.3625243827701 1.542523205280304 176.9053870216012 0.216630220413208 6.692365311086178 27.9221793487668 1.54683955013752 0.6238386631011963 0.2040699869394302 0.1090198010206223 649.2031403556466 1.043887354433537 2.30958317220211 0.4949728101491928 462.9111221730709 0.1132175475358963 0 3.009275250136852 325.0493514761329 5.58507664501667 3.496002122759819 0 0.3516193926334381 0.2579760029911995 3.216232374310493 2.216514483094215 177.1963170915842 0 12.81686113774776 2.750832803547382 190.4581766203046 1.049882143735886 1.531186833977699 0.1760264486074448
5.655238181352615 2.388677261769772 0.7214890643954277 1.584901183843613 27.57520967721939 706.2913141921163 10.18124363571405 443.0190659835935 124.8159117475152 41.63419511914253 23.24669273942709 70.31975542008877 15.04744337499142 79.19362070411444 1052.441065654159 0 3.632670320570469 3.378335669636726 1.234840229153633 7.535385414958 1.008284635841846 2.948977634310722 0.8955982774496078 45.32991167157888 7.374583221971989 4.76291348785162 5.723424129188061 9.309536673128605 509.9954530745745 5.655276671051979 2.738531216979027 365.9238386452198 0.4472143054008484 679.0125479698181 4.085948154330254 45.64275421947241 7.606427907943726 419.2011515721679 58.05770860612392 2917.467339001596 323.9291212707758 10.12665596604347 0.6007228642702103 0 0.1189080625772476 0 0.2372136116027832 0 0 0.08973994851112366 0 0 0 0 0.09050706028938293 0 0 0 0 0 0 0 0.1161860302090645 0 0 0 0.5456538572907448 0 0.1157421991229057 0 3.047441110014915 0 0.5079250335693359 0 0 0 0.2300157248973846 0 0.607772633433342 0.7995073199272156 0 0 0.317696213722229 0.1408449560403824 0.380131870508194 0
27.00133970379829 1.66418432444334 111.6990089789033 128.2682613581419 706.2913141921163 8054.828539304435 4426.605381041765 6749.086005963385 183.4224084466696 5688.130840405822 127.6555636674166 3107.35393396765 58.64168870449066 484.1943633705378 1457.805717274547 1.933045983314514 102.596900574863 26.44958076626062 20.45365837961435 351.2316977605224 39.56451313942671 1.02298129349947 48.28272127360106 221.921552054584 12.51745189726353 34.9079487323761 37.1090237647295 1306.706152014434 293.616280041635 76.30329459905624 9.091020673513412 304.8785814344883 4.632007770240307 814.8262227997184 18.44162806868553 430.4035543128848 56.2461863681674 1023.446368664503 222.7816855683923 3902.269889824092 500.8574641123414 30.9673932865262 5.946073316037655 0 0 0.5461336672306061 15.94106678664684 0 1.511038199067116 14.79405784606934 0.4199634492397308 5.506600700318813 22.22158654034138 0 29.30919100344181 0.7664377391338348 0.8559560403227806 2.144036829471588 0.433290533721447 0.2490016669034958 0.2677263915538788 0 18.44784960150719 0.516146756708622 0 1.220328643918037 53.11176628619432 0 0.7115273997187614 3.410713955760002 37.54159396886826 0.9043112695217133 3.231787458062172 0 0 0 0.9590620845556259 0.3647771775722504 20.60846858471632 0.2033864259719849 5.870988138020039 0.7645315900444984 10.38308744132519 1.356162145733833 0.4300115704536438 0.2669234871864319
2917.657171070576 0.08546280115842819 880.6257544383407 99.93096838146448 10.18124363571405 4426.605381041765 9505.438847161829 3732.440482132137 86.35739842802286 11385.73286484927 23.59318381547928 144.0410763919353 6.345148257911205 5904.207603961229 6.107214376330376 17.70299483090639 504.216451510787 9.609297730028629 46.91598940268159 39.69453103095293 592.3389521688223 6.480136916041374 565.6777970343828 1138.267972141504 0.6985680237412453 52.50764793157578 177.3527129068971 16664.86631573737 849.2654664069414 5317.942536458373 1.117907248437405 23.49755273759365 43.76014234125614 285.4963882118464 34.37537928670645 1569.290830165148 99.33576746284962 748.5141059607267 507.227188706398 286.3058618158102 105.690606713295 3.621633559465408 20.8877187371254 0.503072053194046 0 9.953930675983429 52.26172045618296 0 4.619559437036514 159.7459135577083 8.908734075725079 30.657076343894 81.54859298467636 1.501094795763493 7.821706265211105 4.647234082221985 9.497046642005444 6.111554071307182 13.89653863012791 0.5956723392009735 0.3326051384210587 0.3158006742596626 103.8747491016984 8.316760659217834 1.478138893842697 7.789724543690681 334.1287963837385 0.09479707479476929 0.2273617684841156 22.43258548527956 419.7824367508292 13.52937044203281 26.58224301040173 0.1436610370874405 0.9643440693616867 0.491149440407753 6.06784288585186 3.658755078911781 198.0109033882618 2.288419380784035 34.92681066691875 8.696542404592037 71.91452053934336 4.080799102783203 2.848237872123718 0
1179.679672650993 1.096967756748199 373.9690302014351 40.56076794117689 443.0190659835935 6749.086005963385 3732.440482132137 13530.53552085161 63.53313039988279 5159.186938516796 122.5786867588758 1466.130582399666 28.63100251555443 6717.575211822987 174.1551727950573 0.891030490398407 975.5116876885295 38.74868922308087 116.804606474936 272.632798820734 117.817457549274 0.3470906615257263 264.8308667764068 208.3175645917654 6.453514315187931 61.31800401210785 80.97562640160322 527.9727818369865 994.0642953813076 1307.455498054624 6.471843592822552 485.247785128653 1.030032463371754 600.4610779434443 11.44900460541248 414.0438665673137 82.42772842943668 779.2038551345468 118.112293690443 1408.079903841019 177.8870564252138 12.78139106929302 3.198279075324535 0.2906518951058388 0 2.374648429453373 7.309470474720001 0 0.283085435628891 15.45759736001492 0.5478205978870392 3.67193291336298 3.631328389048576 0 6.589388810098171 0.2503282129764557 2.022006973624229 0 1.782523661851883 0.1618024408817291 0 0 4.136522106826305 1.381842531263828 0.5965472310781479 0.8799380213022232 49.12302201241255 0 1.304386220872402 5.588616833090782 62.83860094100237 3.278881944715977 10.63666743785143 0 0 0 1.26670041680336 0 14.1321784555912 1.024875596165657 3.851595409214497 0.3713812455534935 5.316283077001572 0 0.2840506136417389 0
1.814252339303493 743.4056477993727 1.40258027613163 923.2835843414068 124.8159117475152 183.4224084466696 86.35739842802286 63.53313039988279 1282.450994998217 241.9116849675775 101.748768620193 1047.384908206761 74.21162842214108 22.05376603454351 1200.531240478158 161.4265081062913 2.481435887515545 3.475744187831879 0.9312548711895943 458.7889455407858 100.201913960278 2233.184198319912 19.77967715263367 11279.34599041939 378.0639825984836 15.69568857550621 1642.835599206388 726.8643595203757 18.9414861574769 31.99952302128077 2.535324700176716 6.346779994666576 0.7862291038036346 42.13902941346169 1.455218471586704 190.2589890286326 38.09281843155622 55.87013669312 4.960052095353603 445.4889201894403 27.15284965932369 8.394920691847801 0.2032526880502701 2.160946033895016 8.239219196140766 6.203789755702019 219.9711727797985 3.352324888110161 18.64146520197392 95.01645271480083 9.165549173951149 115.7885340303183 168.6054911911488 1.165452986955643 309.2523670122027 1.976593144237995 11.9677871838212 42.72301967442036 342.0150538533926 1.236616857349873 0.7173849493265152 1.110428273677826 511.0696387290955 145.5388877689838 16.04423470795155 18.10653502494097 1673.042873859406 1.476024866104126 8.150818817317486 38.58704866468906 543.3791827782989 36.78045623004436 85.69591619074345 0.8103834092617035 0.35527403652668 0.9938651025295258 5.815993294119835 2.711193665862083 128.1511156260967 3.55873791128397 25.14249378442764 6.279473200440407 228.5921365693212 3.137195989489555 0.9872536063194275 1.403366312384605
60.21093937009573 0.7366516068577766 119.9652892276645 4235.943889819086 41.63419511914253 5688.130840405822 11385.73286484927 5159.186938516796 241.9116849675775 33611.50300038606 146.2046711221337 4683.892601594329 34.95435789227486 3378.043381169438 14.9834430962801 2.722136296331882 58.04162243008614 57.27705159038305 48.34326809644699 4577.026451922953 50.62161100655794 1.504092365503311 55.03514408320189 1112.344091072679 4.465408228337765 66.98886057734489 58.12798819690943 8900.381174661219 953.1876366734505 61.08997762948275 12.07198601961136 125.265032030642 11.70817793905735 573.2653358504176 42.68477859348059 1126.590158708394 48.58319217711687 1483.140445500612 390.145465426147 519.7809308543801 320.6497954800725 11.09840212762356 25.63735228776932 0.46623295545578 0.5794316530227661 2.62839736789465 293.2709287106991 0.3112470805644989 21.86063059419394 190.458991676569 6.50837616622448 60.14984041452408 221.5833442434669 1.045848056674004 106.2805023267865 0.4595533236861229 8.878979288041592 23.21663550287485 3.893534690141678 0.5194427520036697 0.3379031121730804 0.3920707702636719 469.6747834905982 3.76203541457653 2.046259962022305 1.140075512230396 573.8930526152253 0.09561804682016373 0.8792883679270744 7.26765014976263 473.0442866683006 9.692362770438194 5.083444781601429 0.2215144857764244 0.537154495716095 0.2699190527200699 6.378115765750408 1.196150802075863 157.6551650539041 1.211267977952957 20.08953461050987 4.960611298680305 127.820196673274 2.332451552152634 1.86166936904192 0.8361155092716217
39.96882317215204 318.7945472672582 11.14642488211393 6.232203550636768 23.24669273942709 127.6555636674166 23.59318381547928 122.5786867588758 101.748768620193 146.2046711221337 11857.93832822144 134.6655379608274 2849.465982615948 270.4658517614007 12.43805822730064 4.155577629804611 438.2926054447889 2462.423949107528 1947.408739700913 28.13266953825951 7.781913995742798 145.1303675398231 28.97384305298328 67.82975880801678 1270.861740782857 2836.243540845811 1908.234211750329 30.29933641850948 308.6525288000703 18.89800312370062 696.6629688739777 260.789502337575 8.64770396053791 9482.438593126833 3.794567734003067 334.9170463755727 3754.79666403681 1592.755607485771 260.71059435606 116.8617285192013 49.33449317514896 604.4386538118124 4.457111403346062 0.1557348519563675 30.64087039977312 0.1309174597263336 0.4472653567790985 1.396159201860428 1.118713468313217 2.433720082044601 1.39570078253746 3.138632036745548 1.075855106115341 259.4175628349185 0.9897367283701897 912.5974734351039 1.68832515925169 0.2107727080583572 0.5858747884631157 0.1222497001290321 10.58233278989792 1.527201145887375 0.5681711733341217 0.09287676215171814 7.146268419921398 0.1373278051614761 8.549637235701084 64.75250141322613 50.08177295327187 186.9634184762836 7.575613506138325 3.110117331147194 0.8234847784042358 181.6390276402235 2.177395306527615 0 31.01978784799576 0.7046953439712524 20.82195827364922 476.2009244114161 42.4988039508462 3.906062752008438 1.793655514717102 2.481123268604279 218.4558280110359 1.249655842781067
14.1724846586585 1.326760292053223 3.152811475098133 2803.582612857223 70.31975542008877 3107.35393396765 144.0410763919353 1466.130582399666 1047.384908206761 4683.892601594329 134.6655379608274 7467.367720454931 26.75429534167051 465.2115502879024 528.9130806997418 0.2984666228294373 9.567030802369118 38.71419234573841 19.04370496422052 6971.789816170931 1.346913769841194 2.043270923197269 4.315662749111652 899.9237816184759 6.420801252126694 34.13322758674622 31.90536457300186 1240.577662847936 201.9601273015141 8.400798253715038 12.58381289243698 90.88319385796785 0.1140176206827164 303.3458584174514 3.903331242501736 1387.429766900837 19.69877469539642 576.9055228605866 29.61921944469213 779.6582455188036 103.5406278446317 7.797986052930355 3.956703990697861 0 0.5775064826011658 0.1502471566200256 150.2863544225693 0.7196745425462723 10.42717076092958 11.12168927490711 0.8299138695001602 66.40449045598507 120.7447623610497 0 267.115872323513 0 1.700558185577393 31.21561820060015 0 0 0.1285625696182251 0 263.355474203825 0.3332894444465637 0.2838369607925415 0.466151662170887 150.8665330335498 0.3093849197030067 0.597925990819931 0.9312455505132675 59.88273201882839 0.2012046054005623 0.3509408980607986 0 0.1043564975261688 0 1.731875732541084 0.3098218142986298 203.8984333276749 1.219172142446041 2.015069976449013 0.2624464333057404 287.07559581846 0.420506127178669 0.2475054860115051 0
3.283025071024895 611.66903424263 4.476581953465939 1.863366536796093 15.04744337499142 58.64168870449066 6.345148257911205 28.63100251555443 74.21162842214108 34.95435789227486 2849.465982615948 26.75429534167051 4336.492013096809 28.38743563741446 4.332680150866508 3.013194568455219 4.852730602025986 127.0595526024699 10.1238404288888 6.271330870687962 0.4970837160944939 144.4646546468139 8.005460724234581 54.26419346034527 4540.307874336839 241.2933386042714 4643.012052990496 11.91676399856806 25.82592889666557 6.796597920358181 412.6679205000401 58.50960747897625 0 961.9068253859878 44.82869710028172 2207.780875235796 5933.298882931471 4930.470333315432 346.4557687491179 171.8592407479882 233.6334656849504 664.57001529634 17.79841007292271 0 64.23283859342337 0.1253465861082077 0.1062617301940918 1.40473484992981 2.742917701601982 0.9042910560965538 2.882670313119888 8.445966348052025 0.2240332886576653 516.0655497387052 1.308414846658707 2133.0573868379 2.407724291086197 0.9364223480224609 0.1007400378584862 0 32.00416982918978 4.435819581151009 0.1290542632341385 0 11.8369630202651 0 9.507546253502369 211.8294365480542 155.581783361733 428.8505802154541 1.741935387253761 3.681292548775673 0 450.1617719531059 7.685308329761028 0 55.77639850229025 10.64017534255981 259.8514417782426 741.4588142856956 98.73014836758375 45.34933760762215 6.608315847814083 8.52855683863163 268.3406443297863 2.76328182220459
5619.521108746529 1.158169478178024 232.5544024035335 43.90337900817394 79.19362070411444 484.1943633705378 5904.207603961229 6717.575211822987 22.05376603454351 3378.043381169438 270.4658517614007 465.2115502879024 28.38743563741446 12015.03799361736 21.92564451694489 1.068132802844048 745.0169474631548 78.97689266502857 116.4073695167899 132.8321096301079 86.03881249576807 0.3869374692440033 201.6738299541175 267.1125793382525 4.329404734075069 89.64837964624166 92.43314473330975 503.7924450412393 7577.890286915004 1707.893530711532 12.74379653483629 829.1294654458761 13.21241853386164 1005.960512921214 12.73484390228987 442.3924848288298 53.40583800524473 779.6828662976623 62.57245085388422 270.1963907405734 36.97419091314077 1.580422610044479 2.910427801311016 0 0 1.655191153287888 4.277411326766014 0.3169737756252289 0.1569632738828659 13.82536474615335 0.2396789938211441 3.202857799828053 3.168208494782448 0 3.164325252175331 0.6381070390343666 1.090218506753445 0.289157398045063 5.262036696076393 0 0 0 6.225255265831947 5.225495658814907 0.2881102710962296 0.1126056537032127 55.35468162596226 0.3685475736856461 0.6716660708189011 3.293737284839153 64.41625176370144 2.866164997220039 6.959379151463509 0.1048660725355148 0.338103175163269 0 0.5574474334716797 0.175484910607338 19.24325064569712 1.623005107045174 3.503276132047176 0.3737992346286774 8.191331453621387 1.02177120745182 0 0
0.3474948108196259 30.74813463538885 0.1160034760832787 45.50335440784693 1052.441065654159 1457.805717274547 6.107214376330376 174.1551727950573 1200.531240478158 14.9834430962801 12.43805822730064 528.9130806997418 4.332680150866508 21.92564451694489 303.7558107301593 0.3434613645076752 0 2.486797302961349 0.6413789391517639 19.00769754499197 0 69.85417095571756 1.018628530204296 1239.652046121657 11.67220295220613 3.727179229259491 82.98735404014587 60.515525624156 16.7903835773468 0.1130636259913445 1.833142802119255 24.64857159554958 0 201.9304563030601 27.48115800321102 375.169643394649 2.456177160143852 51.54459182173014 2.579380862414837 1174.701189532876 237.7596901804209 1.183572307229042 0.3557309657335281 0 0 0.3129416406154633 3.955904543399811 0.153238445520401 0 0.5130243301391602 0 6.414040237665176 5.735324829816818 0 13.36964406073093 0 0 3.485713914036751 1.932878918945789 0 0 0 15.34641045331955 1.032651349902153 0.9005058333277702 0.8409297689795494 10.74533400684595 0 0 2.452837951481342 2.897360071539879 0.1483243852853775 0.2858434766530991 0 0 0 0 9.654924303293228 25.08062881976366 0 0.0903577134013176 0 39.89201635122299 0 0 0
0.6843927428126335 80.59858594834805 34.08512381464243 0.3815487548708916 0 1.933045983314514 17.70299483090639 0.891030490398407 161.4265081062913 2.722136296331882 4.155577629804611 0.2984666228294373 3.013194568455219 1.068132802844048 0.3434613645076752 4109.750014923513 9.794627755880356 0.6646749600768089 0.6219467446208 0 2626.941581793129 1894.589291632175 5254.70796764642 1776.18271035701 20.59056938439608 1.140736736357212 5540.705504819751 901.3198833093047 12.68062787503004 109.1386193707585 0.1187175959348679 0 0.8574322760105133 48.06787393242121 27.33723901212215 2247.30237416178 1188.978332906961 573.0937583148479 535.0852018520236 25.06312771886587 2.921651527285576 0.9396010190248489 12.00956875085831 1.446961373090744 2.069475367665291 50.87254714220762 0.3532200157642365 0 0 7.929423615336418 1.255397245287895 20.78072267770767 0.8851004391908646 0.2972268462181091 0 0.4885499328374863 3.791242823004723 0 4253.188290804625 3.072164669632912 0.09138888120651245 0.3463384211063385 0.1602942943572998 404.9713599383831 799.4827660024166 2049.415691420436 207.8173563629389 0.08982118219137192 0.7916363179683685 1094.551864005625 145.7943739518523 17.43566530197859 31.86881363391876 0.2335366010665894 0.1324563771486282 0.6668137013912201 3.928393505513668 0.762178972363472 146.2747821137309 8.587045982480049 14.88061819970608 9.779986947774887 6.55410760641098 0.9298573434352875 0 0.3262077867984772
548.5077628716826 3.900249287486076 10991.28917341679 2.267651192843914 3.632670320570469 102.596900574863 504.216451510787 975.5116876885295 2.481435887515545 58.04162243008614 438.2926054447889 9.567030802369118 4.852730602025986 745.0169474631548 0 9.794627755880356 2392.158260650933 277.2743741348386 4529.801600314677 2.345251582562923 1286.867884173989 2.13746277987957 3767.522122293711 29.64597528427839 3.423674210906029 5237.077941097319 6015.054818235338 111.4428889006376 802.6102042198181 1213.360418923199 0.7862893268465996 14.05619696527719 31.06896194815636 4091.2545979321 5.724674791097641 505.7099046781659 1918.864922985435 2056.333984449506 396.8256371244788 11.86874049156904 6.283849462866783 11.56255496293306 4.196103140711784 0 11.52461471408606 83.70709966123104 0 0 0 0.1293592154979706 0.1217704117298126 0 0 0 0 0.1215648204088211 0.2565824314951897 0 4.296331658959389 7.750466734170914 0.4219186753034592 3.372632920742035 0.2268730849027634 3.348489217460155 5.923260547220707 3.671359792351723 7.845855005085468 0.1477113962173462 50.62099707126617 232.0953474715352 8.292932003736496 1.223667114973068 2.593270227313042 0.2468953281641006 0 0 0.3938329592347145 0 16.66161745786667 54.066930167377 4.00405877828598 0.9199399873614311 0 0 0.1078190878033638 0
19.78629137575626 7.169388934969902 32.62710282951593 1.986666850745678 3.378335669636726 26.44958076626062 9.609297730028629 38.74868922308087 3.475744187831879 57.27705159038305 2462.423949107528 38.71419234573841 127.0595526024699 78.97689266502857 2.486797302961349 0.6646749600768089 277.2743741348386 95.78795263916254 3671.103342138231 8.889397509396076 7.555829644203186 1.542782813310623 19.9628798738122 8.919641368091106 32.1882449388504 4791.696762107313 1527.486840866506 13.66681078076363 105.3722395449877 14.89729636907578 340.7767642140388 43.23578808456659 4.319002665579319 1883.341685548425 3.91541899740696 704.6172356083989 1360.423230260611 1289.726302884519 566.9143748804927 26.74170560389757 6.49093147367239 45.4378224760294 3.025725848972797 0 6.273340649902821 0.3902052268385887 0.823994904756546 0 0 0.3599491268396378 0 0.1004805713891983 0.07742621004581451 3.186578154563904 0.2034361213445663 43.88275443762541 0 0 0.1069552600383759 0.6824304237961769 18.90269535779953 9.565786644816399 0.598660945892334 0.08822517096996307 0.8350480869412422 0 1.38866301625967 9.190695680677891 97.637495867908 187.6879521533847 1.377105511724949 0 0.1781966537237167 32.8395568728447 0.2003988027572632 0 0.1056446880102158 1.454058468341827 27.63967595249414 42.10839036852121 2.824056021869183 0.3253964483737946 0 0 0.4816005676984787 0
77.68908660113811 2.043393708765507 1040.689334943891 2.75106105953455 1.234840229153633 20.45365837961435 46.91598940268159 116.804606474936 0.9312548711895943 48.34326809644699 1947.408739700913 19.04370496422052 10.1238404288888 116.4073695167899 0.6413789391517639 0.6219467446208 4529.801600314677 3671.103342138231 2855.27047688514 4.300700828433037 81.89486239850521 0.1269858926534653 316.7640950009227 7.591995395720005 3.858484469354153 7101.716818287969 1203.572603590786 17.26223393529654 236.8113819137216 87.23233553767204 5.014935217797756 14.78708145022392 13.48548194766045 5342.325843915343 10.86625995486975 1301.790434084833 1763.077625617385 2600.071365825832 916.4530887231231 18.1381259188056 6.785748690366745 8.668079487979412 3.159596212208271 0 7.065727271139622 9.467353090643883 0 0 0 0.5038153380155563 0 0.5666723996400833 0 0.3460778295993805 0 4.672381937503815 0 0 0.1908907741308212 5.965739049017429 4.552115142345428 15.36647737026215 0 0.5140640139579773 0.1683157235383987 0.1402471959590912 1.023677140474319 1.380415804684162 214.0823248028755 278.7567641511559 1.511815518140793 0 0.3095446974039078 2.655089437961578 0 0 1.602032504975796 2.158886015415192 37.8542066141963 230.5176502987742 4.05509465187788 0.2886115312576294 0.1416466981172562 0 0 0
3.584229238331318 0.2547864019870758 1.456422969698906 8066.649361014366 7.535385414958 351.2316977605224 39.69453103095293 272.632798820734 458.7889455407858 4577.026451922953 28.13266953825951 6971.789816170931 6.271330870687962 132.8321096301079 19.00769754499197 0 2.345251582562923 8.889397509396076 4.300700828433037 1019.889308795333 1.001245066523552 0.1006487682461739 1.229220144450665 505.2156333327293 0.2497971206903458 11.01976905763149 6.899614997208118 2434.798036620021 81.28159698843956 2.647789992392063 2.845506928861141 20.27871126681566 0 69.32000259310007 4.584022283554077 327.8632656782866 6.621055699884892 190.3214104250073 33.75520895421505 184.5654295161366 44.99032094329596 1.28237584233284 4.161589473485947 0 0.2755236923694611 1.025763273239136 174.7333856225014 0.414226159453392 10.50390093028545 29.30593677610159 2.729278802871704 33.57126678526402 109.81593003124 0 81.20835132151842 0.1004735603928566 3.213510319590569 10.05789852142334 0 0 0 0 223.5909661576152 1.91665917634964 0.5826953500509262 0 176.9455726891756 0 0.1174405142664909 0.1224215999245644 110.0408185273409 0.9192076027393341 1.191779375076294 0 0 0 0.9434372559189796 0.198158398270607 105.5586033910513 0 3.767448447644711 0.6810798943042755 125.8300765529275 0 0 0.2574053108692169
92.09019434452057 5.47783251106739 1217.166995987296 5.242453776299953 1.008284635841846 39.56451313942671 592.3389521688223 117.817457549274 100.201913960278 50.62161100655794 7.781913995742798 1.346913769841194 0.4970837160944939 86.03881249576807 0 2626.941581793129 1286.867884173989 7.555829644203186 81.89486239850521 1.001245066523552 12790.05927655846 101.7216160744429 13882.26435610652 183.5331166535616 1.455892093479633 20.86654725670815 1148.950871787965 5942.951960086823 169.0639477446675 6657.994504794478 0.2149393483996391 2.82461354881525 15.91222886741161 3173.525806955993 99.5043965652585 6589.405688896775 993.4864338636398 6843.001877866685 2902.232081249356 81.81985325366259 29.15346939116716 1.773166239261627 49.34801596403122 1.407890811562538 0.1111462190747261 8.004104048013687 0.1851508766412735 0 0 4.254597291350365 1.228996992111206 16.94531097263098 0 0.3124353960156441 0.4527794718742371 1.209403991699219 3.896472260355949 0 697.1073103547096 0.1547310948371887 0.2636126577854156 0.7139317393302917 0.1547044217586517 315.4551636129618 40.03220947086811 96.85463757812977 200.3262737840414 0 1.052183359861374 21.75421336293221 184.726883508265 19.8308008313179 55.15664863586426 0.1095517575740814 0 1.735068634152412 1.646590135991573 0.4555235952138901 130.5326989665627 1.608544334769249 4.24012179672718 2.127228200435638 4.572581715881824 0.5060382708907127 0 0
0 2428.101712457836 3.26384836435318 1.521191231906414 2.948977634310722 1.02298129349947 6.480136916041374 0.3470906615257263 2233.184198319912 1.504092365503311 145.1303675398231 2.043270923197269 144.4646546468139 0.3869374692440033 69.85417095571756 1894.589291632175 2.13746277987957 1.542782813310623 0.1269858926534653 0.1006487682461739 101.7216160744429 1450.488208144903 160.1684361100197 6107.253677852452 1062.358942039311 10.75879629701376 4279.217018865049 105.4974021837115 1.814685620367527 5.345194473862648 2.773772872984409 0.6422030478715897 0 25.95843753963709 0 7.212184272706509 52.18189043551683 34.26113687455654 1.523309335112572 47.73552872240543 0.6803242415189743 21.48326300084591 0 0 15.53413915634155 58.44691462814808 0 0 0.1376002132892609 2.625283479690552 0.9646150767803192 9.45437329262495 0 0 0 3.595362037420273 0.1754829734563828 0 890.590357683599 2.763782560825348 0 0 0 45.14695933461189 120.2043552026153 253.3469271510839 33.7981970012188 0.89778932929039 7.171148106455803 969.832723133266 14.86149131506681 2.101077064871788 1.991950288414955 1.368967682123184 0 0.1805348098278046 0.5929142832756042 0 7.558220863342285 3.62139268964529 4.411471635103226 5.409531950950623 0 0 0 0
173.8794705346227 4.274009458720684 9598.215351819992 2.377289824187756 0.8955982774496078 48.28272127360106 565.6777970343828 264.8308667764068 19.77967715263367 55.03514408320189 28.97384305298328 4.315662749111652 8.005460724234581 201.6738299541175 1.018628530204296 5254.70796764642 3767.522122293711 19.9628798738122 316.7640950009227 1.229220144450665 13882.26435610652 160.1684361100197 16216.10471366346 131.5161590650678 2.342400848865509 190.0672595798969 12856.70925614238 1317.534722350538 166.9895633459091 2991.232262723148 0.8827743530273438 8.860217779874802 7.676778510212898 4101.078747846186 239.289208099246 13106.94753790647 6235.523383565247 12300.38203216344 7396.268553689122 294.32129188627 50.47726391255856 8.875159159302711 85.93598137795925 0 1.786042146384716 221.2533873468637 0.101133406162262 0 1.099539175629616 6.748102404177189 2.728446468710899 1.497972071170807 1.090048491954803 0.9313231408596039 0.0979335606098175 0 2.037202835083008 0 1461.982144780457 6.606439679861069 0 1.434244424104691 0 91.63727632910013 183.7047199234366 942.0892871841788 46.76566191017628 0 4.911343097686768 992.064736738801 52.75666625797749 3.294327050447464 8.477821916341782 0 0 0 7.771059796214104 8.913346379995346 545.6730687692761 14.04494589567184 25.74342633783817 16.00612268596888 1.265530198812485 0.9655226916074753 0.487962082028389 1.141379714012146
97.68028409034014 689.4192606657743 47.67853344231844 2788.613916546106 45.32991167157888 221.921552054584 1138.267972141504 208.3175645917654 11279.34599041939 1112.344091072679 67.82975880801678 899.9237816184759 54.26419346034527 267.1125793382525 1239.652046121657 1776.18271035701 29.64597528427839 8.919641368091106 7.591995395720005 505.2156333327293 183.5331166535616 6107.253677852452 131.5161590650678 10747.9830544591 256.5930940955877 15.29327639937401 2570.719486638904 8194.512632809579 843.8356323391199 853.4866547659039 2.437804132699966 24.19870869070292 85.49618259817362 257.3379850909114 53.19409147650003 3108.293172702193 162.6955573856831 809.8721688911319 487.6487642228603 1009.514735482633 152.7478752061725 11.01857789605856 32.6216658949852 11.62915386259556 7.354957647621632 19.21595326811075 255.6933429762721 3.053093507885933 32.04755287617445 655.5493751242757 42.49527227133512 552.952718436718 262.7568904533982 6.640735223889351 181.8388833701611 4.153718784451485 66.02583180367947 43.07584863901138 768.99173309654 5.43817038834095 2.125912129878998 1.448055230081081 560.6368885412812 484.6477634906769 85.12764448672533 73.64708709716797 4782.175544470549 1.732328705489635 6.89372094720602 80.01186985522509 3403.369828030467 187.8021901771426 592.554728358984 1.111905686557293 4.180887445807457 11.79186722636223 47.82952105253935 20.00638494640589 644.009436018765 8.815648250281811 193.7181739881635 43.39631844311953 279.4517232626677 20.56282022595406 2.000709295272827 3.830315977334976
0.6797447875142097 2163.29244235158 1.371274292469025 0.2771750539541245 7.374583221971989 12.51745189726353 0.6985680237412453 6.453514315187931 378.0639825984836 4.465408228337765 1270.861740782857 6.420801252126694 4540.307874336839 4.329404734075069 11.67220295220613 20.59056938439608 3.423674210906029 32.1882449388504 3.858484469354153 0.2497971206903458 1.455892093479633 1062.358942039311 2.342400848865509 256.5930940955877 543.8134658113122 172.8031332865357 7511.429457604885 6.48852726817131 4.666117258369923 3.455108746886253 145.7951449975371 11.40096074342728 0 430.0808421373367 0 282.7219916656613 919.4832742139697 1105.798123426735 45.60027203708887 22.86497706919909 81.1426220536232 925.58932043612 2.548949241638184 0 129.0581299215555 2.216645106673241 0.1614557355642319 0 1.009888499975204 0.2473321184515953 1.705507963895798 6.014981754124165 0 315.8050837665796 1.706564530730247 1183.980188064277 1.99376555532217 1.003025233745575 1.842662945389748 1.765602007508278 15.53527800738811 14.72758356481791 0.2996470183134079 0 12.07124627381563 0 1.68532545119524 107.845523044467 327.7658451870084 822.1168779209256 0 1.749023631215096 0 147.9036072790623 6.058420665562153 0 57.60006134957075 0 62.93250639736652 116.7117586657405 51.98054146021605 3.647982940077782 7.113765962421894 0.2520248889923096 76.57122629880905 0.1630456894636154
21.87839394062757 75.51624708622694 4033.614555813372 2.46020695567131 4.76291348785162 34.9079487323761 52.50764793157578 61.31800401210785 15.69568857550621 66.98886057734489 2836.243540845811 34.13322758674622 241.2933386042714 89.64837964624166 3.727179229259491 1.140736736357212 5237.077941097319 4791.696762107313 7101.716818287969 11.01976905763149 20.86654725670815 10.75879629701376 190.0672595798969 15.29327639937401 172.8031332865357 25334.8299331218 9399.457621134818 30.07999163866043 96.77022402733564 16.61302538216114 953.1530671641231 46.88084787130356 4.190565884113312 2842.204834736884 14.64318764209747 3415.752415664494 5847.036732889712 5009.664976149797 1747.90427082777 52.82605988532305 13.91891361027956 108.678562104702 9.73324228823185 0.14488185942173 349.5669162198901 434.2432417348027 0.6103744506835938 0 0 3.435030594468117 1.368595324456692 2.541162796318531 0.2749806791543961 32.10681912302971 0.298443429172039 381.705367743969 1.563322946429253 0.2899764105677605 3.662720784544945 109.7894712686539 106.6457910835743 250.3058342784643 0 0.9834808707237244 9.740827649831772 5.353164024651051 5.431695193052292 103.7813948988914 2608.83847643435 5194.49459323287 2.796025298535824 0.477982759475708 0.5013043135404587 218.6119041442871 0.3136528059840202 0.1440988481044769 16.17644973099232 2.182065814733505 145.4339936375618 1986.609187699854 61.9371177777648 12.88464389741421 1.314650021493435 0.1184928566217422 1.951302714645863 0.2100799381732941
43.42270354926586 7712.302818126976 5166.019258372486 4.036084100604057 5.723424129188061 37.1090237647295 177.3527129068971 80.97562640160322 1642.835599206388 58.12798819690943 1908.234211750329 31.90536457300186 4643.012052990496 92.43314473330975 82.98735404014587 5540.705504819751 6015.054818235338 1527.486840866506 1203.572603590786 6.899614997208118 1148.950871787965 4279.217018865049 12856.70925614238 2570.719486638904 7511.429457604885 9399.457621134818 35426.53081865609 1385.949035868049 98.38258418440819 65.35071537643671 1158.598578445613 31.49353385716677 4.46094936132431 3492.814881458879 156.9053066372871 8842.827445276082 6459.473705224693 10442.47276775539 3751.294800631702 207.3660865947604 20.09625100344419 87.64520847797394 31.50614681839943 3.675548434257507 3573.782469697297 4984.384129434824 3.130453050136566 0 2.213693805038929 61.11425881832838 26.65310630202293 19.03388836979866 8.84820781648159 101.5188492462039 0.838026687502861 1184.919564545155 23.62252168357372 1.157178372144699 1169.836158968508 492.625759974122 176.2238333970308 353.6282470449805 1.281712874770164 37.21412280201912 1778.044855341315 1686.150389567018 116.1874584034085 552.1602953746915 5174.692029498518 27954.0237018615 96.3273885473609 4.999548889696598 10.44060927629471 569.3243526145816 1.137422405183315 1.471760012209415 82.96113929152489 13.08425771445036 628.0733219757676 2294.056395560503 426.8676648363471 155.6643700450659 10.28678432106972 0.8686404079198837 12.33534635603428 2.266567498445511
141.3077674731612 9.324886240065098 525.2182901799679 2064.386928163469 9.309536673128605 1306.706152014434 16664.86631573737 527.9727818369865 726.8643595203757 8900.381174661219 30.29933641850948 1240.577662847936 11.91676399856806 503.7924450412393 60.515525624156 901.3198833093047 111.4428889006376 13.66681078076363 17.26223393529654 2434.798036620021 5942.951960086823 105.4974021837115 1317.534722350538 8194.512632809579 6.48852726817131 30.07999163866043 1385.949035868049 23598.28252906352 1599.014283418655 8870.095320411026 3.576161704957485 32.81472550332546 271.877564124763 901.8414121717215 134.54848331213 5620.237441323698 255.9021818116307 2557.21814057976 1493.517243243754 436.2934085130692 178.3014906048775 5.158001132309437 53.06395119428635 6.101269491016865 1.294718220829964 13.34911572188139 226.4078260436654 1.909461416304111 20.96890445798635 384.9234958514571 23.24269132316113 150.6947210207582 209.9867938309908 2.528397753834724 99.45505200326443 1.478964224457741 29.68186730891466 12.75199408084154 304.424249432981 4.5836196616292 1.244998976588249 2.264949694275856 415.9258304983377 200.6710104048252 22.71035819500685 36.41007299721241 1823.746419005096 0.3492607325315475 8.049368731677532 63.66535951942205 1572.419263631105 80.72930826991796 287.7482871189713 0.1853035911917686 2.172413572669029 4.501882128417492 24.924386292696 7.823806181550026 353.905674263835 6.074117533862591 73.32646979391575 21.57991311699152 137.9337358027697 6.111410275101662 0.6473058462142944 0.5964113995432854
