1451.968620426953 0.3456881865859032 107.9800751805305 1.014787539839745 4.886193685233593 54.22430876642466 2668.331270545721 806.30679320544 11.36595548689365 43.81599524617195 0.9328646138310432 6.209750391542912 0.3836198151111603 5632.823976583779 0.1391198933124542 0.3382002413272858 164.8324941694736 0.3053001239895821 7.475136503577232 2.510568983852863 114.0481734499335 1.069316402077675 285.1649638563395 41.97826570272446 0 49.91909968852997 26.44779941439629 161.4744822084904 3925.607011534274 2365.536073058844 0 18.58700235188007 397.0253382697701 133.0562060549855 4.967667490243912 157.6787531301379 19.74047458171844 116.1172245368361 35.83199109882116 21.47123525291681 4.729045502841473 0 0.3938012048602104 1.154503650963306 0 0.09085991978645325 0.2453237101435661 0 0.6589438617229462 8.215255610644817 6.026236146688461 25.0043630823493 1.42992627620697 0 0.4005787074565887 0 6.767627447843552 0 12.14870952069759 0 0 0 2.400493465363979 8.829031087458134 2.575524754822254 0.7399098351597786 96.37506358325481 0 0.3109664767980576 0.8905905336141586 69.87181890010834 4.505275711417198 4.544068515300751 0 0.1410967856645584 0.7733180224895477 1.05331065505743 0 9.200262419879436 0.8582388833165169 6.387650489807129 0.6831417679786682 5.318357676267624 0.2054243683815002 0 0
0.3456881865859032 117.0798227339983 239.1503588557243 0.2839303240180016 0 1.058947987854481 4.611675284802914 1.070752814412117 267.1526997759938 0.555571585893631 62.93918851017952 1.251448340713978 367.2020731791854 1.91278063505888 2.924741730093956 653.741138599813 5.894108526408672 6.665562368929386 26.70828347653151 0.07911600172519684 6.799357928335667 2136.638956204057 22.06475439667702 1001.627792671323 1326.753053829074 276.2355985790491 4012.413486637175 129.9388436153531 1.039015635848045 2.060709580779076 23.94404015690088 0 0 4.314759165048599 0.3037404716014862 13.74960537999868 53.31600630283356 15.90606460720301 2.452389150857925 1.864434272050858 0.3210290893912315 187.7934574857354 0 0.1034863740205765 84.28597692400217 25.68477113544941 0 0.08073507994413376 0 0.6077952533960342 0.1993927508592606 3.330364882946014 0.1004982814192772 41.43304357677698 0 56.72703654319048 0 0 15.62321116775274 18.03284101188183 2.739841841161251 7.746797561645508 0.1167058050632477 0.8196017071604729 40.06085456162691 14.39949461817741 12.5525005236268 52.33228489756584 122.8258107081056 1320.195155002177 3.173246189951897 0.2713421061635017 0.3999845758080482 6.36479726433754 0 0 12.6449928805232 0 16.04715862870216 40.58707619458437 19.730463296175 6.625454671680927 1.553645446896553 0 6.971216753125191 0
107.9800751805305 239.1503588557243 5919.66318680346 4.109468691051006 1.398875720798969 52.47165846079588 447.5119997784495 407.8666408509016 1.417709425091743 70.67369081825018 31.14027485996485 1.886083722114563 12.94405183941126 366.1016133278608 0.1138716340065002 15.88914143294096 4519.520680084825 11.40535669773817 165.0787952840328 1.129808075726032 462.5394739359617 56.22168732434511 12134.60467645526 21.92338055372238 6.258209370076656 4770.073000088334 5210.843079768121 548.7850011959672 122.4072821587324 1328.426179774106 3.497620239853859 4.114661604166031 10.01958297938108 1453.87677102536 38.5060044452548 1529.798024490476 6901.05037907511 2676.890527866781 978.0290684476495 37.68033973127604 5.956892400979996 8.037895873188972 6.731986209750175 2.11235223710537 465.8311778083444 567.4230137914419 0 0.236322395503521 0.08673731237649918 8.595898419618607 1.769263289868832 5.866409242153168 0.6965057775378227 1.184681981801987 0 0.787496842443943 2.594858475029469 0.2207559496164322 73.37489772588015 182.8425306007266 1.486275508999825 17.24765080958605 0.09058977663516998 11.26200940459967 374.3259974196553 190.3543806523085 60.8352824151516 2.103782385587692 348.8256186768413 3937.916053287685 11.93569284677505 0.5713325366377831 2.60315453261137 0.3910299092531204 0 0.1902811676263809 162.7491678968072 17.43013433367014 238.6959908232093 603.3423422276974 378.5183462053537 101.2591372951865 11.64599679410458 0.4540197253227234 0 0.155118316411972
1.014787539839745 0.2839303240180016 4.109468691051006 1904.705196045339 3.108928069472313 255.8773196712136 146.7919541448355 41.25351172685623 661.1382886245847 3047.964728273451 0 881.4342126399279 4.145106017589569 15.53227496892214 102.2257101461291 0.5344745442271233 0.6426446437835693 0.1029472053050995 0.2233821377158165 2283.123597815633 3.170830860733986 0.9406037256121635 9.417704589664936 2235.833841204643 0.1546839475631714 0.7025824338197708 6.205947123467922 2968.998219273984 50.83071794360876 1.29225792735815 0 3.480504289269447 3.674910828471184 23.04179469496012 5.42183955013752 259.3176205903292 2.287768818438053 74.36536862701178 35.27520737797022 116.3701057359576 13.2640343233943 0.7014908790588379 3.227300390601158 0.6409932523965836 0 0 176.7744924947619 1.515414245426655 25.92514272034168 49.24914709478617 40.30104143172503 126.3545974344015 157.5003396570683 0.1380169838666916 222.6209757477045 1.438565135002136 17.57082237303257 15.80993424355984 1.198553413152695 0 0.1033292412757874 0.2676093801856041 218.6785398051143 0.9615825265645981 1.475867338478565 0 590.2546459287405 0 1.32629881799221 1.088104672729969 223.5220213532448 12.68944762647152 1.25351843982935 0 1.693069562315941 2.438194073736668 7.536249026656151 0.4642216414213181 28.10727252066135 0.4157592281699181 20.27154293656349 2.913608811795712 116.7391572296619 1.081867575645447 1.753770485520363 0.3581587970256805
4.886193685233593 0 1.398875720798969 3.108928069472313 277.2058136537671 1466.587622955441 41.42631411552429 583.1488588377833 12.76838422566652 57.85662833601236 63.68933023512363 62.46106860786676 65.99772383272648 238.7625320181251 1576.008494645357 0.1403227299451828 1.922451436519623 10.86829439550638 12.75423455238342 16.53589246422052 3.160074234008789 0.1286726593971252 3.666480623185635 14.84162352234125 0 6.858795240521431 2.509986773133278 22.53678591549397 112.4473330825567 9.907578118145466 0 869.058254763484 1.134261585772038 693.3266302719712 5.9989894926548 246.4228997007012 42.17695146799088 999.4469543546438 372.9095123410225 1970.66293849051 297.4322672113776 48.74992825090885 5.362512297928333 0 0 0 0.3463754057884216 0.3226419985294342 0.6510557532310486 2.692480444908142 1.889402478933334 2.623327106237411 0.4633643180131912 1.292506918311119 1.013908408582211 2.339026555418968 1.190505050122738 0 0 0 0 0 0.1308647692203522 0.4345324784517288 0 0 13.5328751578927 0.08795969933271408 0.1045220941305161 0.3822113499045372 7.528595753014088 0.4533476606011391 0.1029087081551552 0.3177455887198448 0.3683781772851944 0 9.329566545784473 1.195708870887756 1.072303280234337 1.785862110555172 20.37630269676447 9.903898343443871 1.40332393348217 4.003133803606033 3.973131395876408 0.2471548914909363
54.22430876642466 1.058947987854481 52.47165846079588 255.8773196712136 1466.587622955441 10223.93489077687 1862.831266365945 6105.658465191722 101.4853118881583 10316.07138936222 56.0490553304553 2516.191237956285 34.27104962617159 1520.44017354399 2050.386104561388 1.910507678985596 17.02071315050125 12.40730787068605 10.73959814012051 537.3039457947016 33.79948339611292 4.042670361697674 116.3049657419324 266.5310735180974 0.578704871237278 19.72945792227983 71.14210423082113 1436.479830235243 738.2063601389527 152.8955467194319 0.306380458176136 792.7076586261392 15.04650182276964 431.9073498249054 17.22276321053505 842.6529585197568 60.76282358169556 1231.697515442967 425.7620743513107 1958.696961827576 84.58565135300159 38.27600596100092 12.77298787981272 0.953343391418457 0 0.4775182828307152 18.77442547678947 1.814609490334988 16.56870806217194 104.0026019066572 51.78429690003395 63.89591707289219 26.34896571189165 4.146098889410496 29.21405792236328 2.372259274125099 23.67012499272823 2.591415248811245 5.623130343854427 0.6921222880482674 0.2299194782972336 0.3981069475412369 30.31057518720627 2.802861399948597 4.82712971419096 1.749426946043968 385.9481118917465 0.2315763980150223 1.04654174298048 4.766659900546074 243.8868105858564 21.50045768171549 9.754428841173649 0 3.226882129907608 2.501742288470268 17.51035878807306 1.309977553784847 38.33039823174477 1.226695194840431 49.54082898795605 18.2648499533534 57.26479246467352 3.583782158792019 2.705572001636028 0.6043170392513275
2668.331270545721 4.611675284802914 447.5119997784495 146.7919541448355 41.42631411552429 1862.831266365945 20063.21338753402 3241.038791440427 177.4514860585332 6514.507247410715 8.566947676241398 90.23315136879683 9.407741039991379 5964.984256409109 38.3270250633359 33.6890406832099 70.45287971198559 1.809413589537144 9.714384227991104 76.60879487544298 493.6124010682106 16.94277705252171 1271.345715224743 1033.71061398834 0.494509682059288 131.7855409309268 790.2083969190717 15170.63694149256 2679.853935204446 5159.003955177963 0.8329982608556747 78.98836048692465 587.4083150401711 1008.141799509525 228.8019328787923 4195.73590631038 127.5436038076878 2449.971704095602 1121.293358817697 572.3906235992908 208.9687986150384 3.522833719849586 37.76374851167202 8.873233065009117 1.351994298398495 1.630868785083294 29.07705064117908 1.92486010491848 24.91858776658773 165.5751698613167 90.19857321679592 123.883092276752 51.51489721983671 1.256935112178326 35.84225551784039 0.5164278298616409 49.37548319250345 3.80069025605917 37.89372162520885 0.7921049222350121 0.3954696506261826 0.4824442639946938 51.54225269705057 17.43830797076225 26.78793676942587 11.44150727987289 812.0962465405464 0.09498760104179382 2.955509774386883 33.55687906593084 490.6785186678171 45.43202017992735 28.33772771060467 0.07955694198608398 5.595722153782845 10.29402194172144 28.59230124205351 19.35302206873894 103.3879509866238 5.389091186225414 70.59833917766809 12.91567172110081 88.93515326082706 3.087193109095097 1.132845602929592 0.463967926800251
806.30679320544 1.070752814412117 407.8666408509016 41.25351172685623 583.1488588377833 6105.658465191722 3241.038791440427 10022.49657590687 135.5352696329355 2539.724608711898 76.56204478442669 672.1883328184485 23.20612020790577 8213.885081864893 91.75916904211044 3.355601370334625 194.5191353410482 17.65673201531172 28.71005111187696 144.6722086519003 273.67863920331 7.856339871883392 562.8047327920794 265.5955632328987 0.1181418225169182 155.0105394348502 87.20450833439827 820.5726282149553 1856.107658401132 1040.682025909424 0.5473376587033272 728.5568292438984 29.59930036962032 594.2626683115959 18.57495211809874 752.0065113678575 95.08811430633068 1260.402797870338 371.0714741945267 453.0058565139771 29.36938218772411 22.21339172124863 9.294614337384701 3.17512010037899 0.4090969040989876 0.9838786199688911 11.06372970342636 1.84999468177557 20.29491722583771 134.0329103544354 63.43584357202053 114.5473571643233 22.26344263553619 0.8237388134002686 17.27713575214148 0.6408787369728088 39.58594039827585 3.022758454084396 15.49770586937666 0.5406153127551079 0 0.656715914607048 22.75502789765596 8.703718334436417 6.78045966476202 3.790059551596642 596.9093351140618 0 1.831774696707726 9.044568210840225 338.1550209447742 25.26096867024899 18.50849249958992 0 2.655493505299091 11.48944894969463 21.05366916209459 0.8857011944055557 50.29521396011114 3.373428449034691 59.00396011024714 14.06423334032297 66.43327587097883 0.9313482418656349 4.728757277131081 0.2569569647312164
11.36595548689365 267.1526997759938 1.417709425091743 661.1382886245847 12.76838422566652 101.4853118881583 177.4514860585332 135.5352696329355 1009.635549023747 122.3876384794712 6.827058702707291 632.3253082484007 22.48907799273729 48.56157841533422 900.7192494645715 55.62438216805458 0.8861491903662682 0.7269369810819626 1.169380851089954 358.4152856841683 11.36707004159689 2775.706714935601 7.655372239649296 8069.721396885812 53.69103102385998 23.7090976536274 146.1091758161783 1848.233141563833 65.69579195976257 21.71086259186268 2.561751134693623 4.496610857546329 6.947184547781944 21.0507620126009 2.349271774291992 96.28953211009502 10.13997442275286 47.49895907193422 12.64787226915359 296.6612164154649 2.512556821107864 6.219320431351662 0 1.837212912738323 1.412302419543266 0.7582167014479637 142.8971856757998 1.725648574531078 20.34127692133188 59.54729985445738 31.2636406943202 445.6586652770638 81.45326324552298 2.160270035266876 174.778267711401 0.6690355762839317 19.18264970928431 20.79150645434856 96.49557557702065 0.1062574088573456 0.4706493467092514 0.3060118407011032 150.3138731494546 10.02132111042738 163.4099386632442 6.288838893175125 1900.935967803001 0.4771181270480156 5.084084257483482 11.66804175823927 407.2208136692643 15.68099981546402 4.910045728087425 0.533677376806736 0.9930676966905594 7.091581702232361 11.53603176027536 1.191075414419174 38.58697628974915 2.394067853689194 29.86430545151234 4.757343739271164 55.00641273707151 0.8730640411376953 0 0.1212844252586365
43.81599524617195 0.555571585893631 70.67369081825018 3047.964728273451 57.85662833601236 10316.07138936222 6514.507247410715 2539.724608711898 122.3876384794712 28690.45426211506 7.76762779802084 3113.814813964069 6.684376403689384 858.0583480149508 96.87568081170321 3.401981927454472 7.459140099585056 1.986319713294506 3.451973967254162 4196.644233517349 35.54825377464294 4.145542442798615 206.2420728504658 758.4803079664707 0.9030559584498405 24.73522952198982 180.1707646995783 4479.513843484223 1200.766113862395 69.62751088291407 0 94.90473321080208 49.59806155413389 451.3712046891451 64.69729547202587 1398.85661175102 32.38274938613176 1348.511985361576 414.4233149513602 364.3503664284945 225.0320128053427 3.167175717651844 35.88997511565685 2.239623866975307 0.3859562575817108 0.6429180800914764 128.2868953719735 1.588517613708973 29.75603157281876 101.8370696753263 84.67864532023668 66.46772180497646 140.5659464150667 0.4605528861284256 188.5117394700646 1.409599453210831 30.96520273387432 13.73689322918653 5.594461143016815 0.2167529314756393 0.2969149947166443 0.4663230702280998 170.5325535237789 3.027794077992439 4.498409703373909 3.060622647404671 578.1502625271678 0 0.5598006024956703 6.959934517741203 313.648851595819 26.48124136775732 4.506870940327644 0 4.045572735369205 4.947168864309788 18.13294763863087 3.765241771936417 52.61537770926952 2.096690654754639 44.10297415405512 4.357121892273426 96.35486866533756 0.7888703644275665 1.550954967737198 0.9245018661022186
0.9328646138310432 62.93918851017952 31.14027485996485 0 63.68933023512363 56.0490553304553 8.566947676241398 76.56204478442669 6.827058702707291 7.76762779802084 6528.653278447688 5.840845353901386 2918.621028289199 33.66397039592266 0.3178296387195587 4.792684718966484 224.8037297427654 2904.029072359204 1402.079322323203 1.486358605325222 6.508892595767975 25.36813080310822 25.67707033455372 15.6184451803565 870.5168212577701 1855.904822409153 507.1394646838307 7.33094934374094 219.3483119159937 3.028841905295849 268.40863057971 105.0022735744715 0 4472.375510916114 21.87550114840269 452.3387511819601 6688.247923381627 4489.35006737709 864.6666111052036 14.71488060057163 35.52519319206476 1401.665500491858 4.785373397171497 0 49.13168298453093 0.5821378231048584 0 0 0 0.5842531472444534 0.3498018085956573 0.5449815690517426 0 559.6168529391289 0 964.8146928101778 0.2100808545947075 0 0 0.1012676507234573 36.41990604251623 2.88196723908186 0 0.1165408492088318 4.419464416801929 0.1274933367967606 2.271951407194138 278.7635961249471 353.9514322653413 229.3390774577856 2.60678792744875 0.2891785949468613 0.9364436864852905 133.8795927911997 0 0.1955422312021255 26.95986659824848 8.51728929579258 11.07406666874886 563.5433557480574 32.85162453353405 10.39067073911428 0.5175358057022095 0 108.1823361590505 0
6.209750391542912 1.251448340713978 1.886083722114563 881.4342126399279 62.46106860786676 2516.191237956285 90.23315136879683 672.1883328184485 632.3253082484007 3113.814813964069 5.840845353901386 6396.72844287008 10.42068667709827 303.5512331724167 2170.313966445625 0.1416192203760147 2.01694593578577 1.50836455821991 2.192225903272629 4451.255289971828 1.911341540515423 6.824129208922386 6.468557558953762 734.0002652853727 0 2.156110621988773 5.669428877532482 382.5859009772539 362.6207193285227 8.031740754842758 0.1021857410669327 57.14634872227907 2.088024146854877 161.0720105096698 6.693838946521282 923.3678909316659 21.8245602324605 528.1898488551378 75.3221748098731 1503.299353770912 67.3408081009984 0.9626365154981613 5.397437423467636 0.1943335086107254 0 0 106.0175539925694 1.779592677950859 29.14048534631729 25.13521036505699 15.25333184748888 74.94400439411402 71.84384346008301 0 364.6219388619065 3.88169538974762 6.309841960668564 46.12836465984583 0.8747007921338081 0 0.2506192326545715 0 169.8510489910841 0 0.2963932752609253 0.1037549078464508 264.4089009612799 0 0.382133960723877 1.110145717859268 85.18459425121546 6.766712479293346 0.8753324747085571 0 0.3668133318424225 0.908163845539093 2.675205320119858 0.1372977048158646 55.07264424860477 0.9604407101869583 13.68762166053057 0.8455662652850151 266.6252747401595 2.144867390394211 1.935382373631001 0
0.3836198151111603 367.2020731791854 12.94405183941126 4.145106017589569 65.99772383272648 34.27104962617159 9.407741039991379 23.20612020790577 22.48907799273729 6.684376403689384 2918.621028289199 10.42068667709827 3452.925322636962 6.143962517380714 1.720530919730663 27.97514345496893 6.910298027098179 432.0058083981276 68.6697356030345 1.443063221871853 3.328500218689442 110.6364919915795 16.12858132272959 76.79673637449741 3293.542283535004 1513.68689122051 4281.123497843742 29.05518853664398 32.84976138174534 4.479645490646362 1048.325491212308 58.73115326464176 1.499023914337158 491.3105918467045 51.82775776833296 2633.686436675489 7747.433125056326 2445.999126285315 462.0658703744411 336.348653152585 217.3931840211153 893.9278817176819 11.71637760102749 0 95.23361248522997 0.8798934519290924 1.623808056116104 1.410804115235806 7.593703433871269 0.5176190659403801 6.109502114355564 1.264269933104515 1.272189766168594 1009.703950203955 0.8420577049255371 1631.493246667087 4.222167760133743 0 1.780563861131668 0.2483569979667664 43.04903583973646 3.813934706151485 1.886940613389015 0 6.787491194903851 0.7687694951891899 3.568762995302677 570.1320457234979 607.9786102995276 534.7716769129038 2.070276245474815 5.206245325505733 0.1547154784202576 200.2863231599331 7.918785355985165 0.10609370470047 138.8929471150041 27.05883392691612 403.9203801825643 881.4673788845539 309.2654664963484 146.3741647005081 76.0278053805232 68.04590734839439 268.874669753015 1.83714884519577
5632.823976583779 1.91278063505888 366.1016133278608 15.53227496892214 238.7625320181251 1520.44017354399 5964.984256409109 8213.885081864893 48.56157841533422 858.0583480149508 33.66397039592266 303.5512331724167 6.143962517380714 10779.03060518205 17.61800924688578 1.952791824936867 326.6481296867132 9.130464524030685 22.34681486338377 84.09805409610271 293.7814248427749 1.430735066533089 678.6675168201327 112.674472682178 0.4200057163834572 146.2102989889681 82.93311709165573 472.1129773780704 5194.033920526505 2574.700959183276 0.2848364412784576 841.3055025935173 121.5679056718946 579.8170529454947 14.73752550780773 346.4013938233256 66.22139324247837 839.201679892838 207.876486890018 97.2019031047821 23.90214478224516 5.689780093729496 3.881220974028111 3.94672492146492 0 0.759824126958847 1.643454901874065 0 2.600882038474083 38.07342255115509 22.39112258702517 39.57979745417833 5.580255925655365 0 4.724064484238625 0 13.84426233917475 0.4093118980526924 16.01888555288315 0.3793976455926895 0 0 4.426496036350727 13.35560443997383 3.510091967880726 1.731889121234417 241.7579824328423 0 1.518435426056385 5.754522956907749 149.0784828141332 16.22039489448071 12.87251625955105 0.1116662546992302 1.316997580230236 5.096559263765812 6.162389449775219 1.289101287722588 26.68272491544485 1.550863362848759 19.7485037446022 3.986766457557678 17.28423921763897 0.5867592096328735 0.3569445237517357 0
0.1391198933124542 2.924741730093956 0.1138716340065002 102.2257101461291 1576.008494645357 2050.386104561388 38.3270250633359 91.75916904211044 900.7192494645715 96.87568081170321 0.3178296387195587 2170.313966445625 1.720530919730663 17.61800924688578 314.4707464575768 0.1351054459810257 0.2366431280970573 0 0 148.3386616781354 0.2043662667274475 14.06879610568285 1.017042830586433 1491.523290522397 0.8855700939893723 0.3298731297254562 4.08497329801321 156.261828251183 6.483256541192532 1.50720252841711 0 708.9837709665298 0.1305653750896454 5.594104915857315 0 404.3194641619921 5.109695702791214 15.14267159253359 2.872473061084747 1564.738516539335 15.35432908684015 0 0 0.8901769518852234 0 0 13.55719628930092 0 5.840782806277275 3.958230562508106 5.245799571275711 12.6727092936635 11.42804218828678 0 69.52977733314037 2.121398210525513 1.672098904848099 6.4891212657094 1.913936324417591 0 0 0 23.55316763371229 0.126229539513588 1.825450971722603 0 44.94431229680777 0 0 0.222269281744957 17.21887760609388 1.233302541077137 0.3090424835681915 0 0 0 0.7060414105653763 0 26.70655261725187 0.0898343101143837 1.342674657702446 0.4421396255493164 71.75137528777122 0 0 0
0.3382002413272858 653.741138599813 15.88914143294096 0.5344745442271233 0.1403227299451828 1.910507678985596 33.6890406832099 3.355601370334625 55.62438216805458 3.401981927454472 4.792684718966484 0.1416192203760147 27.97514345496893 1.952791824936867 0.1351054459810257 1477.860818259418 37.88894607126713 0.5496078580617905 6.826726175844669 0.6415524482727051 1499.176623098552 3686.319277785718 2597.576500706375 1364.315261907876 55.84488524496555 53.79195998609066 3893.136561043561 1019.892571292818 10.78941482305527 401.7954685986042 2.116078764200211 0.2184236198663712 9.015437930822372 84.67075668275356 60.3292968198657 1291.62949513644 622.8621554896235 311.8410851061344 264.2091818973422 52.16969037055969 3.429679945111275 4.752361670136452 5.288229301571846 2.199061743915081 6.538419052958488 15.52644750475883 1.224860124289989 0.4614953696727753 1.182946316897869 12.60006872564554 3.381598398089409 50.33879186958075 4.530608251690865 0.9349932819604874 0.9317677468061447 2.192829884588718 5.359722793102264 2.22315576672554 2720.001293070614 4.946760453283787 0.5308636352419853 1.748943760991096 0.4286463260650635 76.23500995337963 1583.290891222656 825.5575950145721 350.0833891034126 2.090246543288231 16.93426751345396 454.8530412688851 69.25673980265856 7.92287827283144 24.78104937076569 0.4749693423509598 0 2.654634408652782 8.348102062940598 6.727837912738323 39.64635179936886 32.76268671452999 24.48258509486914 22.01918781548738 12.45613262802362 0 0 0.6779116690158844
164.8324941694736 5.894108526408672 4519.520680084825 0.6426446437835693 1.922451436519623 17.02071315050125 70.45287971198559 194.5191353410482 0.8861491903662682 7.459140099585056 224.8037297427654 2.01694593578577 6.910298027098179 326.6481296867132 0.2366431280970573 37.88894607126713 1306.685300752521 74.72960412502289 1921.814959906042 0.7970928624272346 576.235161870718 5.54871079325676 1503.863441206515 35.11853350698948 3.023226380348206 3356.775517493486 5485.945326253772 97.1772545799613 756.3644675835967 1087.324567608535 0.732178308069706 5.87078345939517 67.14992590993643 1132.794454835355 3.539839573204517 226.9292746856809 1820.770501978695 601.449269592762 144.025072902441 6.821155287325382 0.2783586978912354 12.37895778566599 0.3445769473910332 0 9.802139431238174 9.19791653752327 0 0 0 0.4380776435136795 0 0.8434507846832275 0.1130420938134193 0.4025485888123512 0.2371687442064285 0.1114729568362236 0 0 8.454679936170578 4.088377773761749 0.4732006415724754 1.216104790568352 0 1.059270575642586 7.373600363731384 3.813402786850929 6.545474380254745 1.217071108520031 126.0043693333864 166.2826917394996 3.502853862941265 0.341321088373661 0.3649744614958763 0.2189522385597229 0 0 1.540011867880821 1.396215327084064 4.712407924234867 27.4857115522027 5.188235394656658 0.8965627551078796 0.5653763711452484 0 0 0
0.3053001239895821 6.665562368929386 11.40535669773817 0.1029472053050995 10.86829439550638 12.40730787068605 1.809413589537144 17.65673201531172 0.7269369810819626 1.986319713294506 2904.029072359204 1.50836455821991 432.0058083981276 9.130464524030685 0 0.5496078580617905 74.72960412502289 165.2559135556221 1548.625046804547 0.3838704004883766 1.266278721392155 1.826241634786129 6.702171638607979 1.992053762078285 31.98455364257097 2283.18063942343 337.3843674957752 2.790672868490219 42.51109813153744 2.114320360124111 34.42773607373238 13.45655306428671 0.1028216555714607 895.9931144341826 10.72429195046425 383.1374220773578 1824.871237508953 1654.442105405033 415.7960503548384 6.42452123016119 3.125165745615959 89.60803405195475 1.348287604749203 0 6.656395815312862 0.1547393351793289 0 0 0 0.3162254393100739 0 0.4336895495653152 0 13.18600426614285 0 32.93505908548832 0.1316963732242584 0 0.1146559417247772 0.2255368009209633 7.787420630455017 1.578031167387962 0 0 0.2288592383265495 0 1.427528336644173 15.6548967435956 215.5311328172684 135.0554759278893 0.7756280899047852 0.1954271197319031 0 13.58503959327936 0 0 0.4385671466588974 3.172332748770714 3.352265581488609 20.83813390880823 1.076463788747787 1.342593014240265 0.1892940104007721 0 0.2965474128723145 0
7.475136503577232 26.70828347653151 165.0787952840328 0.2233821377158165 12.75423455238342 10.73959814012051 9.714384227991104 28.71005111187696 1.169380851089954 3.451973967254162 1402.079322323203 2.192225903272629 68.6697356030345 22.34681486338377 0 6.826726175844669 1921.814959906042 1548.625046804547 787.558580942452 0.3643679246306419 20.45821852236986 9.368191361427307 75.62297102063894 11.71213879436255 110.8944081366062 5347.998416371644 2312.696630716324 12.95109867304564 93.76493083685637 31.43061052262783 7.552999883890152 17.39379186928272 6.273368142545223 1974.372746162117 13.83863634616137 811.0603552684188 3127.595098026097 2506.59328135848 629.1766179725528 20.15563300997019 2.645151570439339 55.93565583974123 2.413736164569855 0 55.42338869720697 1.38955894112587 0 0 0 0.1977521181106567 0.101979561150074 0.5933033898472786 0.2287778556346893 6.738840445876122 0.1597674340009689 15.96878359466791 0.1207099929451942 0 0.4704779535531998 0.8051341325044632 8.569972716271877 7.49592912197113 0 0.3113433197140694 4.039503917098045 0.2813929170370102 2.162912346422672 64.34768342971802 948.7817545905709 704.8582262471318 0.7502939403057098 0.2245091870427132 0.1048859804868698 9.284005209803581 0 0.1298964023590088 1.379737943410873 2.955496966838837 8.401850618422031 28.4290471598506 3.824142545461655 0.7166489884257317 0 0 1.756973132491112 0
2.510568983852863 0.07911600172519684 1.129808075726032 2283.123597815633 16.53589246422052 537.3039457947016 76.60879487544298 144.6722086519003 358.4152856841683 4196.644233517349 1.486358605325222 4451.255289971828 1.443063221871853 84.09805409610271 148.3386616781354 0.6415524482727051 0.7970928624272346 0.3838704004883766 0.3643679246306419 767.9995630383492 1.360901489853859 0 3.738190814852715 751.6312465593219 0 0.6445782706141472 2.94403699785471 3416.461544685066 167.8459992334247 2.175880372524261 0 22.51010140776634 3.492097236216068 73.27148716151714 16.54445134103298 546.484873637557 10.72034722566605 289.6307491138577 83.04654906690121 258.8070659860969 65.52387525141239 3.609626635909081 12.73494799435139 1.004373669624329 0.1139444336295128 0.2543238624930382 169.3112785071135 2.620658084750175 40.42529457807541 113.746126756072 76.81711342185736 86.63014649599791 155.4902600422502 0.7603043019771576 240.547862239182 3.119509398937225 33.78336445987225 20.59908079355955 0.9523794949054718 0 0.2836892530322075 0 246.0950056165457 0.9760660231113434 2.237600564956665 0.8240169882774353 587.2527750656009 0 1.008427754044533 0.896570049226284 302.9739312753081 23.27759239077568 8.638340264558792 0 3.273477017879486 1.962687090039253 12.9628317579627 0.5889873057603836 57.89005905389786 1.084446296095848 43.20656654983759 7.806903213262558 187.1228501275182 1.044915676116943 1.024069666862488 0.9957199171185493
114.0481734499335 6.799357928335667 462.5394739359617 3.170830860733986 3.160074234008789 33.79948339611292 493.6124010682106 273.67863920331 11.36707004159689 35.54825377464294 6.508892595767975 1.911341540515423 3.328500218689442 293.7814248427749 0.2043662667274475 1499.176623098552 576.235161870718 1.266278721392155 20.45821852236986 1.360901489853859 11119.61479069293 61.73772061616182 13784.81811628491 892.8312688916922 1.397450610995293 103.6452185064554 574.389677144587 3971.063429936767 208.846902616322 10870.34966709465 0 4.019335649907589 47.67946212738752 3978.625253535807 306.8630370050669 4781.137124344707 803.0368902236223 4440.445239499211 2164.019964210689 222.6882099211216 22.16635982692242 5.818038910627365 26.05086264759302 7.503976292908192 0.1255739629268646 0.5615953207015991 0.8615804836153984 0.185933843255043 1.199250012636185 13.7844063192606 8.880320519208908 43.73714399337769 4.140263453125954 0 2.900768272578716 0 13.50182580947876 1.244340449571609 846.0545636937022 0.3644827753305435 0 0.7240680158138275 0.1487728953361511 102.7056480646133 308.3887283354998 110.4815917909145 394.2806271538138 0 0.8039983436465263 15.94383163005114 105.6274643987417 22.70525321364403 30.16799109429121 0 0 8.993589654564857 6.39547073841095 33.3418955206871 29.85097575187683 5.841883160173893 9.525664806365967 8.301455773413181 25.8167337924242 0 0 0
1.069316402077675 2136.638956204057 56.22168732434511 0.9406037256121635 0.1286726593971252 4.042670361697674 16.94277705252171 7.856339871883392 2775.706714935601 4.145542442798615 25.36813080310822 6.824129208922386 110.6364919915795 1.430735066533089 14.06879610568285 3686.319277785718 5.54871079325676 1.826241634786129 9.368191361427307 0 61.73772061616182 919.5394091978669 317.8493428975344 7457.030143730342 449.0071251913905 98.11453606188297 2461.166204124689 616.5818545892835 5.093213692307472 5.78473737090826 7.293489694595337 0.1049558818340302 1.012752749025822 7.501616381108761 1.936507664620876 26.24215158820152 33.79493877291679 19.92504476010799 7.12507052719593 15.17961674928665 0.1337251514196396 43.2658002525568 0 1.508038893342018 57.17678074538708 93.10091876238585 0.1072451695799828 0 0.4989780932664871 8.034399770200253 1.32927468419075 40.95893388241529 1.61260674893856 8.211643047630787 0.2754234150052071 11.07767119258642 3.695297122001648 0.192035585641861 755.3641883805394 24.17254967987537 0 1.973312214016914 0.2028767392039299 10.72064770758152 685.959024772048 293.2598179504275 124.7808455526829 5.851497910916805 22.53220783919096 1070.595838934183 31.51703025400639 2.230338670313358 4.640493273735046 1.342098005115986 0.09003501385450363 0.1236033886671066 52.84759728610516 1.957802265882492 95.53839989751577 46.93866191059351 141.1590306460857 37.56921679526567 11.61061524599791 0.2764961421489716 0.3272442221641541 0.1587957888841629
285.1649638563395 22.06475439667702 12134.60467645526 9.417704589664936 3.666480623185635 116.3049657419324 1271.345715224743 562.8047327920794 7.655372239649296 206.2420728504658 25.67707033455372 6.468557558953762 16.12858132272959 678.6675168201327 1.017042830586433 2597.576500706375 1503.863441206515 6.702171638607979 75.62297102063894 3.738190814852715 13784.81811628491 317.8493428975344 15382.7967807278 378.3568627536297 5.730884425342083 1373.070488378406 8328.312603604048 3398.00159137696 995.5608428940177 5791.900610998273 4.128577724099159 9.743233285844326 80.43003977835178 3739.405706897378 707.4318262115121 9458.30298872292 7697.567206472158 7137.797186985612 4546.49626801163 568.7192114070058 52.11621627211571 22.35915565490723 85.68546801805496 4.101567223668098 8.352665521204472 133.2337286174297 0.8052339553833008 0 0.9019857496023178 18.34427912533283 4.855485841631889 14.59442768245935 4.077942386269569 0.3573590964078903 0.9832346439361572 0.1635347753763199 4.533514842391014 0.2827280610799789 2539.13971824944 15.94504322111607 0 2.028066642582417 0.4396407902240753 54.4805912822485 1096.523339278996 1349.696868464351 160.3564799129963 0.09022451192140579 25.7817587852478 1349.83892955631 51.78059899061918 4.682545445859432 17.23379188030958 0.09368954598903656 0.2773541361093521 1.951156176626682 36.11501460522413 145.1730971410871 213.4639460742474 108.8479406088591 155.9288236349821 137.2865537256002 20.80819173902273 0.4012509435415268 0 0.6352760493755341
41.97826570272446 1001.627792671323 21.92338055372238 2235.833841204643 14.84162352234125 266.5310735180974 1033.71061398834 265.5955632328987 8069.721396885812 758.4803079664707 15.6184451803565 734.0002652853727 76.79673637449741 112.674472682178 1491.523290522397 1364.315261907876 35.11853350698948 1.992053762078285 11.71213879436255 751.6312465593219 892.8312688916922 7457.030143730342 378.3568627536297 10977.19578719884 187.6715653240681 95.91896884143353 2488.457258552313 9677.056111522019 255.6485002338886 222.2193350046873 5.802653431892395 13.10378261655569 52.93864114582539 106.9940262213349 22.7949625402689 826.2949537932873 92.66930511593819 267.0450572445989 109.4288057386875 615.8203285560012 24.37398654222488 25.60208701342344 4.539218403398991 18.08189868181944 11.26167277246714 9.743571944534779 212.8748475983739 2.700482659041882 63.95511317253113 305.035236030817 187.220476552844 986.3465479388833 229.9860739186406 6.070590578019619 277.1189619451761 14.33003608882427 107.3706799671054 22.08362782001495 493.2890808135271 3.129246741533279 1.520452044904232 1.899010755121708 294.6693545430899 83.95349753648043 558.5928024724126 94.88803670555353 3250.611339122057 1.705257944762707 19.75904014706612 155.6541323810816 1298.753348231316 91.02787647396326 36.71300511807203 1.337120898067951 8.319551847875118 21.89159074425697 54.622355081141 5.099830813705921 164.8640870973468 15.26672697812319 139.7886589765549 30.49539989233017 223.552540615201 3.028294280171394 0.5737040340900421 2.318579286336899
0 1326.753053829074 6.258209370076656 0.1546839475631714 0 0.578704871237278 0.494509682059288 0.1181418225169182 53.69103102385998 0.9030559584498405 870.5168212577701 0 3293.542283535004 0.4200057163834572 0.8855700939893723 55.84488524496555 3.023226380348206 31.98455364257097 110.8944081366062 0 1.397450610995293 449.0071251913905 5.730884425342083 187.6715653240681 453.8223927095532 927.5359727591276 3644.743562303483 27.66482643038034 0.5103399157524109 0.1162586286664009 558.8816339820623 0.3365828692913055 0 40.70581951737404 0 16.9646292924881 216.7937109991908 174.3209321945906 13.54928641021252 2.822260797023773 1.743102550506592 542.8631197586656 0 0.1021107658743858 112.9689239487052 0.5826230645179749 0 0 0.2016054168343544 0 0 0.5093709230422974 0.1333644390106201 345.7907513380051 0 928.0400484353304 0 0 2.292922876775265 0 6.099021032452583 4.450570918619633 0 0 4.395057149231434 0.4836205542087555 2.436447910964489 203.6940544769168 595.5052765458822 995.5966716259718 0.6723237186670303 0.4017502442002296 0 99.3356336504221 0 0 20.17401037365198 0 32.20174595713615 68.46863701194525 40.37421828508377 2.510302931070328 0.08677688241004944 0 44.09801676869392 3.378456592559814
49.91909968852997 276.2355985790491 4770.073000088334 0.7025824338197708 6.858795240521431 19.72945792227983 131.7855409309268 155.0105394348502 23.7090976536274 24.73522952198982 1855.904822409153 2.156110621988773 1513.68689122051 146.2102989889681 0.3298731297254562 53.79195998609066 3356.775517493486 2283.18063942343 5347.998416371644 0.6445782706141472 103.6452185064554 98.11453606188297 1373.070488378406 95.91896884143353 927.5359727591276 19680.13767728955 8980.629373446107 136.9008572399616 184.3409044593573 277.1968214213848 882.9016568362713 13.6333710514009 16.97011563181877 1809.815777622163 24.64071097224951 1466.604986019433 11375.08367524296 3035.965701177716 902.4393870383501 36.27349226921797 4.169331669807434 176.0016050264239 4.854554928839207 0.3749892562627792 407.0348308905959 98.24794302880764 0 0 0.1720966473221779 1.90325391292572 1.17701743543148 3.126098066568375 0.2964650094509125 265.8193817287683 0.1576319485902786 815.4355470091105 0.4501513317227364 0 12.05762156844139 90.97965600341558 121.9194263741374 79.84194897860289 0 1.291958212852478 38.58243252336979 10.40926714986563 17.28782070428133 476.5523850098252 5754.975920781493 7242.878036856651 3.805941447615623 0.4786571934819221 0.476588748395443 275.0078547671437 0.1043170690536499 0 26.7672231271863 2.356785416603088 48.51906073838472 775.8048678189516 60.67738345265388 10.50459408760071 1.162581399083138 0 5.213565431535244 0
26.44779941439629 4012.413486637175 5210.843079768121 6.205947123467922 2.509986773133278 71.14210423082113 790.2083969190717 87.20450833439827 146.1091758161783 180.1707646995783 507.1394646838307 5.669428877532482 4281.123497843742 82.93311709165573 4.08497329801321 3893.136561043561 5485.945326253772 337.3843674957752 2312.696630716324 2.94403699785471 574.389677144587 2461.166204124689 8328.312603604048 2488.457258552313 3644.743562303483 8980.629373446107 34903.35127686709 2424.917735204101 93.64625766128302 107.0027893409133 841.5021424219012 5.0290537327528 11.09063549339771 3984.172866165638 198.0525864288211 5460.077467672527 5906.329069338739 8124.493455171585 3241.377668976784 175.9459736049175 22.07539489865303 52.96857544034719 28.54315327107906 7.632996171712875 2939.414234369993 867.6515514180064 1.025992445647717 0 1.702826589345932 37.99043782800436 12.13633289188147 23.80585730075836 6.858189187943935 74.37908164411783 0.574958860874176 225.9267244338989 12.4852229654789 0.4868761301040649 935.2444711178541 304.475014552474 46.26803452521563 90.57374855130911 2.927092023193836 40.31013923883438 2169.056415207684 983.9587671607733 192.8571160063148 645.4002485722303 5063.231101207435 16740.04409598559 79.50196822732687 5.076154708862305 9.328909784555435 73.80499166250229 0.2959162592887878 0.7848672717809677 275.9745234921575 50.24979728460312 522.9527496099472 1088.632192410529 695.4289915710688 247.7325068935752 30.18996426463127 1.720294490456581 2.731858119368553 0.5093991979956627
161.4744822084904 129.9388436153531 548.7850011959672 2968.998219273984 22.53678591549397 1436.479830235243 15170.63694149256 820.5726282149553 1848.233141563833 4479.513843484223 7.33094934374094 382.5859009772539 29.05518853664398 472.1129773780704 156.261828251183 1019.892571292818 97.1772545799613 2.790672868490219 12.95109867304564 3416.461544685066 3971.063429936767 616.5818545892835 3398.00159137696 9677.056111522019 27.66482643038034 136.9008572399616 2424.917735204101 13526.03355603665 934.5192659348249 4627.247445061803 2.855363689363003 34.62812139838934 208.3155226334929 1060.828081279993 236.4333617910743 4825.840456664562 209.0005676671863 2070.270915441215 1046.038031071424 477.8255700320005 87.36805596202612 5.274202138185501 32.61770449578762 32.70923762768507 8.841884322464466 9.349444799125195 187.2146403491497 5.991635963320732 70.20849791914225 419.6900840774179 268.485640771687 819.449241489172 216.3533561900258 3.825583063066006 214.7459830343723 2.027878202497959 168.3276892825961 14.99939815700054 438.883389018476 2.965928569436073 1.660805150866508 1.084234915673733 261.1665722727776 156.3524691089988 357.6167626529932 77.87964459508657 3809.273170895875 0.9476454928517342 13.16525649279356 125.448604427278 1671.352727562189 180.0981864854693 99.72598155587912 0.3614699840545654 10.99619019031525 51.56353385746479 69.97888833284378 23.73492070287466 242.4849424883723 16.03607279062271 197.3616811409593 36.60133454203606 250.4026529490948 4.759094536304474 6.898872956633568 1.415194310247898
