2604.226524077356 0 113.6446564570069 0.1005591452121735 0 24.59207583963871 3227.751085177064 608.269369058311 3.538980156183243 40.24950466305017 5.763090007007122 2.454140655696392 0.4024005979299545 5308.233000695705 0.3445193469524384 0.3532024770975113 71.40633078664541 2.319147631525993 9.369668558239937 1.197378717362881 267.6653281599283 0.1075935736298561 241.3932027220726 5.78691591322422 0.1330387890338898 14.15186209976673 6.697745479643345 51.25204865634441 3896.883653976023 5658.602482676506 0.1023837551474571 22.31705603003502 154.5677483081818 69.06790032982826 0.6711622700095177 49.92847691476345 2.815781459212303 75.57650148123503 20.35684921592474 2.367064438760281 0.6997264102101326 0.1174359768629074 0.7694697380065918 0.3253489658236504 0 0.6716351434588432 0 0 0.3983191177248955 4.05992840975523 0 1.102046974003315 0.5949179455637932 0 0.4126620292663574 0 0.4105176776647568 0 0.7272949367761612 0.1995169147849083 0 0.09750966727733612 0.1440080106258392 0.5605016276240349 0.3946708664298058 1.202177457511425 11.89047859609127 0 0 1.454460397362709 14.84691786766052 0.8949752226471901 2.140808761119843 0 0 0 0.149290457367897 0 10.29169686883688 0.08801458775997162 0.8617130145430565 1.051611930131912 1.799457386136055 0 0 0.5982910990715027
0 237.9412151351571 8.249225936830044 0 0.5808793008327484 0.7079929113388062 0.9791237860918045 0.4456238374114037 762.403255097568 1.087686806917191 113.1671589538455 7.550679907202721 1205.239621169865 0.4263237044215202 31.96177943050861 66.5875441879034 5.762082770466805 67.39945147186518 26.09558384865522 0 4.405279718339443 2405.022350981832 1.681192561984062 1034.059627167881 2221.077181391418 390.3282072618604 5484.906687520444 17.89824593067169 2.669805645942688 0.5457627326250076 163.3482351452112 0.7900348007678986 0 39.05584993213415 0.2654720395803452 53.94560865312815 133.7115300446749 49.6415957659483 12.27860497683287 10.62312742322683 0 19.95382231473923 0.6188385635614395 0.1041974276304245 255.7220254689455 67.37992646545172 0 0 0 0.9411204010248184 0.1084102541208267 2.153242453932762 0.1785466223955154 9.634102262556553 0.1518472582101822 53.23823174089193 0.4015755131840706 0 26.39248398691416 59.13962659984827 8.440792568027973 76.38187751919031 0.08349581062793732 2.96054707467556 95.25783669948578 28.90332057327032 6.117722451686859 24.77072056382895 178.0646629780531 1151.145364187658 2.408433176577091 0.5192500129342079 1.690153338015079 11.74526128917933 0 0 19.11770687997341 2.067250832915306 70.84963617473841 47.99496175348759 58.05926844477654 23.01660430431366 0.5918778926134109 0 1.349448062479496 0.1416420489549637
113.6446564570069 8.249225936830044 3796.168988674879 0.2838310673832893 0 24.36720578372478 139.0826889649034 363.0358858704567 5.913549982011318 9.200992159545422 40.91766938567162 0.9599896296858788 1.302815832197666 539.7839998975396 0.180631622672081 55.28267727792263 11116.37430151552 78.74142295122147 798.0151351094246 0.4845033288002014 321.2493404820561 53.04778265953064 8857.770935088396 28.39617634564638 0 7250.749915361404 11965.47075428814 208.4783440753818 242.7860779538751 469.9474310055375 0.7002130895853043 9.313302360475063 18.97642988711596 643.4806655310094 19.02417039871216 1595.330922916532 1767.260120458901 2018.352761134505 524.923080265522 41.10261271893978 3.590625792741776 7.101824790239334 8.048495955765247 2.228715755045414 81.26422683149576 917.3224311247468 0.2182732224464417 0 0.2361061722040176 22.73519127070904 3.275494761765003 0.715102307498455 0.4284052699804306 1.837157756090164 0 1.171724155545235 10.28736744821072 0 142.2511439844966 216.2529051303864 1.591556258499622 11.18922081589699 0 27.94049382954836 134.4996355175972 486.8995507284999 41.0281950160861 0.3224613666534424 20.97159717977047 2647.853923454881 36.03048811107874 2.338748216629028 13.3569590896368 0.1504206210374832 0.1718540638685226 0.6036765724420547 46.26843683421612 5.788812048733234 330.0149387791753 63.24738278239965 170.0876706019044 112.0008857473731 7.397083699703217 1.230469897389412 1.219736650586128 1.450252160429955
0.1005591452121735 0 0.2838310673832893 983.1977159380913 2.291999131441116 33.33238423615694 67.89216941595078 30.82415761053562 258.200353115797 3650.631196424365 2.129320986568928 1732.919734276831 0.1938604861497879 27.1014830544591 119.287700407207 0.4217328429222107 0.4224104285240173 1.129100374877453 0.5537666529417038 2659.34222958982 1.255812890827656 0.6775082349777222 0.8859605938196182 790.4373949468136 0 0.7440465241670609 1.799353517591953 2746.048579476774 30.98353540152311 0.9443844556808472 0 3.684648029506207 0.4153434485197067 23.54018983244896 5.613996520638466 125.8875056505203 0.9200567156076431 44.59427415579557 22.43348582088947 206.2639031708241 1.42681073397398 0 1.308175519108772 0.1324472278356552 0 0.1849708408117294 39.0224159732461 0 4.999603115022182 10.57472103089094 2.205955721437931 59.4863909855485 44.54028145968914 0.4981936141848564 101.638151936233 0.2435564920306206 3.11137031018734 1.858278416097164 0.3107211589813232 0 0 0 38.65472020208836 0 0 0.0998510867357254 100.5693615525961 0 0 0.3223493993282318 91.48743841797113 1.791515566408634 0 0 0 0 2.928378827869892 0.1698530167341232 42.54033493995667 0 6.908744648098946 1.06580838561058 27.46975974738598 0.2105684950947762 1.218002676963806 0
0 0.5808793008327484 0 2.291999131441116 254.1033336520195 958.6966205239296 0.5887159258127213 17.9748994037509 62.05161418020725 10.69196820259094 16.38440996408463 87.88379160314798 0.7368758320808411 0.7178481072187424 1351.140461474657 0 0 0.6730037033557892 0.1112312152981758 4.08409046381712 0 0.373773068189621 0.08337535709142685 38.68915563076735 0.9593205153942108 0.9287976622581482 0.6581290513277054 5.908311486244202 7.413116909563541 0.8085769340395927 0.243037186563015 361.5508521199226 0 125.5546316057444 1.526831991970539 23.39105834066868 3.664304777979851 60.80748438835144 9.294303506612778 1434.798075795174 65.75449302792549 0.934081643819809 0.1741636097431183 0 0 0 0 0 0 0 0 0 0.2816633880138397 0 0.3334649652242661 0 0 0 0 0 0 0 0 0 0 0 0.3436342477798462 0 0 0.3177169263362885 0.7511810809373856 0 0 0 0 0 0 0 0 0 0.2083342373371124 0 0 0 0 0
24.59207583963871 0.7079929113388062 24.36720578372478 33.33238423615694 958.6966205239296 11830.90775966644 1517.90238443017 6425.914796359837 49.98180689662695 8172.286218255758 340.1691726893187 3116.416671328247 38.8299867361784 770.5745630189776 1438.386966072023 1.018747985363007 12.53099232912064 39.34793323278427 15.05247347056866 116.8865226507187 39.15801507234573 1.066930837929249 41.97348226234317 74.49140633642673 3.539555415511131 32.73561058193445 12.24012351036072 236.5978359058499 382.0336360670626 268.714560136199 3.794410102069378 1413.515040844679 1.270045347511768 1750.033670715988 41.05607682466507 421.8262305408716 87.93988833576441 935.6315514519811 160.260206066072 1293.2753181234 1120.786712154746 21.62411734461784 8.828841142356396 0 0 0.1782530397176743 2.863994531333447 0 0.4481589272618294 38.76044242829084 1.403194785118103 8.806007601320744 5.698689445853233 0.4409502744674683 20.16057877987623 0.8746254220604897 2.763868995010853 0.563103199005127 1.216335825622082 0 0.2685791552066803 0.6443686857819557 1.544338308274746 0.3015043586492538 0.6647302806377411 0.8945495560765266 61.42736934870481 0.1445655822753906 1.053768321871758 3.367671228945255 82.17088398337364 1.625085040926933 6.593807257711887 0.1908843070268631 0 0.4912208616733551 2.077548488974571 0.350219652056694 45.06287360936403 2.460623741149902 7.467339880764484 0.3988870680332184 18.71431044489145 0.9550893306732178 6.681897774338722 1.573543906211853
3227.751085177064 0.9791237860918045 139.0826889649034 67.89216941595078 0.5887159258127213 1517.90238443017 13210.77130977064 5289.117738306522 251.6900733113289 9749.598790496588 32.30703938007355 38.17448987066746 4.938985079526901 8541.837415259331 19.67430268973112 41.86424805223942 23.92543508112431 9.425428479909897 8.295708201825619 65.82931432873011 1378.420759655535 17.80170879513025 535.0226935222745 658.4583438187838 1.600368462502956 19.15401390939951 61.46335271000862 16148.71113607287 1915.792304985225 4006.710680887103 0.5617285892367363 48.08463460952044 164.0432502031326 940.5133555904031 60.37113736569881 2746.676363117993 43.89493396133184 1599.171204440296 789.1721279397607 109.6752002984285 25.7861919477582 4.149901404976845 25.25652021169662 3.550038062036037 0.1118786707520485 2.553854860365391 48.03015314787626 0 14.30653187632561 324.7900487706065 8.71103759855032 173.1761677414179 141.7342225313187 7.78847835958004 26.02779518067837 0.5339670479297638 16.79782783985138 1.385937690734863 22.16185615956783 0.8805177211761475 1.637971013784409 1.166488572955132 54.14261626452208 8.96269965916872 6.389700412750244 22.75771874189377 754.139505431056 3.119300246238708 2.062776371836662 19.14326024800539 947.9645841345191 28.91700722277164 27.74845926463604 0.3899277448654175 1.113485127687454 1.372453309595585 14.52635182440281 7.786107443273067 584.0785674229264 2.02206526696682 68.32760585099459 12.06373976916075 194.6752117648721 7.920519687235355 9.681744486093521 5.910240322351456
608.269369058311 0.4456238374114037 363.0358858704567 30.82415761053562 17.9748994037509 6425.914796359837 5289.117738306522 9249.297518827021 37.74409345537424 3509.684349365532 266.5363082736731 488.2700259312987 31.95154798775911 7044.104117780924 96.377456381917 2.235937878489494 141.90729367733 32.1392687112093 27.55597511678934 84.57718776166439 715.8338957577944 1.793040283024311 566.7385006472468 104.6779379546642 3.656158268451691 67.20700989663601 26.99653173983097 485.3876244947314 623.604328840971 1604.145870909095 3.437616065144539 990.9822558090091 8.820180632174015 690.1030940338969 5.100329674780369 462.1865184903145 81.00078386813402 769.4260416030884 173.5173257663846 359.1030540540814 234.4444359093904 17.56648810952902 5.953375734388828 0.7136522009968758 0.1088519245386124 1.874335214495659 5.294421844184399 0 2.256496861577034 42.46429047733545 1.319899432361126 13.5727417320013 8.600666455924511 0.3730655536055565 7.170235082507133 1.222375400364399 1.533703327178955 0.3781791180372238 6.311704263091087 0.7957423776388168 0.4697518348693848 0.3142656907439232 2.660104379057884 1.240622319281101 0.9186265096068382 8.184370778501034 88.83248632401228 0.1430002301931381 0.6919979453086853 9.97099744528532 116.1607781872153 2.624058693647385 7.097038276493549 0 1.372198320925236 0.1329427510499954 2.21545434743166 1.217087253928185 63.05929581820965 1.167922392487526 6.579979009926319 1.141642093658447 23.32935498654842 1.854777656495571 1.100668713450432 0
3.538980156183243 762.403255097568 5.913549982011318 258.200353115797 62.05161418020725 49.98180689662695 251.6900733113289 37.74409345537424 1377.409150525928 1020.182891950011 6.792288042604923 447.2395019009709 27.26209733635187 29.25656382739544 720.1516152471304 53.32176239043474 2.337721884250641 5.048362858593464 4.421037562191486 254.4864775910974 43.27139537036419 2619.546819932759 11.43467238545418 16069.50731337816 80.26363531500101 40.06881555169821 704.1356287896633 2159.070799745619 60.99386671930552 269.1446982473135 7.828577369451523 7.0092753469944 6.736750185489655 32.00834050029516 2.151150777935982 131.3850283846259 14.50608888268471 56.45524627715349 24.41081278771162 336.5869200527668 3.107763364911079 1.814655214548111 1.330877333879471 14.55812234431505 4.806073226034641 6.101973593235016 22.52999532967806 0.7369277477264404 7.359163254499435 367.6965199932456 7.366259820759296 156.4924033731222 58.2879611030221 2.347155511379242 12.5847068503499 1.830986045300961 30.20282875001431 0.8832239955663681 171.3958675339818 2.066262453794479 0.6810063123703003 3.046710960566998 24.22837956249714 88.3789491802454 109.9621737450361 19.01817817986012 2951.212842330337 0.9070750325918198 3.378566212952137 21.65720622986555 1118.413719505072 111.3966708779335 178.0165488123894 0.7871985360980034 0.6909100264310837 14.6903927475214 28.20955143123865 10.08087182044983 162.9998977482319 3.066465452313423 95.2267809137702 16.97156832367182 31.57069364190102 3.996534056961536 0.5091731548309326 1.286636844277382
40.24950466305017 1.087686806917191 9.200992159545422 3650.631196424365 10.69196820259094 8172.286218255758 9749.598790496588 3509.684349365532 1020.182891950011 16431.38512004167 90.61086705327034 4910.434414952993 12.07759892940521 1502.256482504308 204.2677644863725 23.09638683497906 5.625705420970917 26.29700098931789 10.48179118335247 1913.340736322105 57.14650250971317 12.55218286812305 30.17076949775219 1853.7226915434 0.1194708570837975 20.37750687450171 26.60027889162302 4870.939539901912 1171.040309548378 41.10374807566404 2.223444856703281 123.6572136580944 14.16969072818756 741.1925747990608 66.59164445102215 2067.365029737353 42.74994914978743 1560.644944362342 653.9696029424667 554.5884031131864 50.03528895974159 4.414494246244431 30.00076816231012 0.2647191658616066 0 0.157157763838768 113.2013407200575 0 11.35365565866232 82.71252267062664 3.590474620461464 310.2418100833893 133.3028214424849 1.112044036388397 267.9025361761451 0.373496875166893 1.987576432526112 0.1377245485782623 2.63387057185173 0 0.3005393743515015 0.4296328648924828 69.24112451076508 2.349724844098091 1.286587983369827 2.262376308441162 509.5942251384258 0.409222811460495 0.2825804725289345 4.17488045245409 415.2661439776421 4.630063734948635 5.917432121932507 0 0 0.09704435616731644 1.321579396724701 1.922117799520493 300.3372060582042 0.9615431725978851 11.83064869791269 3.173701584339142 131.8812829554081 0.6891228556632996 1.351395010948181 0.5869511812925339
5.763090007007122 113.1671589538455 40.91766938567162 2.129320986568928 16.38440996408463 340.1691726893187 32.30703938007355 266.5363082736731 6.792288042604923 90.61086705327034 16743.82056857646 37.49451811611652 1521.591524802148 263.3099477216601 7.596479400992393 11.8709484115243 106.7524188235402 2872.947587765753 738.2876629084349 6.817216232419014 78.37933027744293 28.0019371137023 85.59733044356108 11.78984227776527 332.821738936007 1185.682377755642 438.0288496613503 27.28428361564875 954.7247473374009 47.66114244610071 145.9268942475319 414.5718818232417 20.96825182437897 9893.143259786069 16.82734942436218 1105.084771871567 6203.84298093617 4178.124201916158 1380.452588587999 38.42873089760542 61.24063316732645 1037.593415044248 10.1647446975112 0.1824470534920692 18.0758074298501 2.957487292587757 0 0 0 5.026047803461552 1.33068772405386 0.4771938845515251 0.473661370575428 389.6074904873967 0.3113710731267929 2275.025857582688 1.249552860856056 0 2.531368285417557 4.966309502720833 99.50641640275717 48.9404371753335 0.1327237486839294 1.073637500405312 2.64198312908411 1.360400438308716 9.460958570241928 290.7692700028419 345.8824484497309 745.9048484489322 11.16014478355646 2.213614717125893 1.474732100963593 339.8262923359871 0.4168421775102615 0 11.85779683291912 10.16385088860989 45.88036545366049 239.2574445232749 39.47207801789045 5.169356226921082 4.06663753092289 0 91.53100487589836 1.106189012527466
2.454140655696392 7.550679907202721 0.9599896296858788 1732.919734276831 87.88379160314798 3116.416671328247 38.17448987066746 488.2700259312987 447.2395019009709 4910.434414952993 37.49451811611652 4940.225564949214 5.348569847643375 243.1216993927956 2113.189914867282 0.1840405613183975 1.3295678794384 9.888251967728138 2.917734771966934 2703.228445619345 2.530868522822857 21.4162056222558 1.51780292391777 900.2285557463765 1.382588863372803 6.946623079478741 13.00480730831623 1069.753830581903 163.7067561596632 9.080506555736065 1.013259738683701 76.29563163220882 0.1018269062042236 78.53870626538992 61.79445925354958 167.1167267784476 11.60653477162123 234.0889500677586 26.11666261404753 2084.876563511789 16.49061296135187 2.544753730297089 1.36541535705328 0.2406850606203079 0 0 17.03961579501629 0 2.189203590154648 3.159103140234947 0.1898594349622726 26.86948902904987 30.82912797480822 0.09304292500019073 256.3721515089273 0 0.3114928901195526 2.405548468232155 0.6346757113933563 0.1270713061094284 0 0 7.116569712758064 0 0.398142009973526 0.3021940663456917 29.85158613324165 0 0.2022975385189056 0.6063703522086143 22.65092744678259 0.6756109297275543 0 0 0 0 0 0.09323987364768982 31.51601792871952 0 2.218338690698147 0.3040292710065842 21.28925631940365 0.7074967324733734 0 0
0.4024005979299545 1205.239621169865 1.302815832197666 0.1938604861497879 0.7368758320808411 38.8299867361784 4.938985079526901 31.95154798775911 27.26209733635187 12.07759892940521 1521.591524802148 5.348569847643375 1743.773712083697 35.86963479965925 2.254164308309555 1.422584809362888 1.529386781156063 24.84788823872805 3.190215982496738 0.9356078132987022 0.6844675838947296 198.8793809115887 1.010715402662754 37.06254837661982 3243.434088863432 62.11855614930391 2644.644351527095 2.662953808903694 63.84327894449234 5.723027266561985 713.9793274179101 33.53619740158319 1.233001112937927 2652.906919367611 1.134994089603424 150.7260049208999 2211.816722676158 1858.563011825085 248.0970266088843 5.441640302538872 61.78110296279192 1909.936244800687 2.068867512047291 0.09911433607339859 78.11250402778387 1.729773908853531 0 0 0.2523313015699387 0.6238477230072021 1.507300741970539 0.4217345863580704 0.3146109357476234 733.195028655231 0.0762445330619812 4766.967050887644 0.8875947594642639 0 0.8561703860759735 4.4099455550313 95.5777710005641 46.12097765505314 0.1017100438475609 0.8844341635704041 2.70328875631094 0.9050520434975624 0.7176462411880493 811.4345710501075 511.8769029676914 1211.088524580002 2.115223027765751 1.59754828363657 0.4736709669232368 649.5056172087789 0.7251114547252655 0 28.23831707239151 1.939675956964493 27.66896649450064 310.2668882608414 44.487159460783 4.742329686880112 0.1209976673126221 0.4228180125355721 144.2300725728273 4.803992211818695
5308.233000695705 0.4263237044215202 539.7839998975396 27.1014830544591 0.7178481072187424 770.5745630189776 8541.837415259331 7044.104117780924 29.25656382739544 1502.256482504308 263.3099477216601 243.1216993927956 35.86963479965925 11255.39312513173 19.78177767246962 2.805092819035053 322.3952227905393 47.74542385339737 58.57738098502159 75.99719610065222 1020.552180677652 0 1000.994155690074 84.55516591668129 0.4341425895690918 89.13353929668665 42.36143975704908 429.2895164713264 7692.654989026487 5099.253402501345 3.541267722845078 276.8972501382232 48.31025189161301 635.1874204427004 5.106882311403751 681.4539768695831 87.20964450389147 956.5676201209426 156.0070501342416 187.6048870459199 56.02584975212812 16.15819588303566 6.232315339148045 1.624608166515827 0.09876409918069839 2.452199429273605 3.383645378053188 0 2.172991685569286 47.3096552118659 3.211249269545078 9.630395703017712 5.674466781318188 0.1392657458782196 4.983999975025654 2.187445938587189 3.38565070182085 0 6.688276216387749 0.6499363481998444 0 0.08542877435684204 2.073125131428242 2.721564173698425 1.096927903592587 10.55537012219429 99.08768900483847 0.4963047802448273 0.9998801946640015 11.27397118508816 128.8467480838299 6.347403764724731 10.16778385639191 0 0.6029472947120667 0.8645273819565773 3.030799672007561 0.8724409863352776 63.73737382143736 0.5232992544770241 11.61631958186626 2.492095068097115 18.93986170738935 1.087220408022404 1.171762451529503 0.2708843052387238
0.3445193469524384 31.96177943050861 0.180631622672081 119.287700407207 1351.140461474657 1438.386966072023 19.67430268973112 96.377456381917 720.1516152471304 204.2677644863725 7.596479400992393 2113.189914867282 2.254164308309555 19.78177767246962 546.6656589508057 0 0.2616338580846786 1.350840210914612 0.2493202090263367 141.9240931719542 0.7698679566383362 68.73971138894558 0.7031165361404419 1672.266356810927 2.181203454732895 2.411145463585854 27.50572492927313 233.5809868425131 47.07125981152058 6.744237743318081 0.8246599435806274 437.928113900125 0.1530990898609161 88.10704394429922 3.100580304861069 39.085419267416 3.730765506625175 44.83453434705734 3.393138080835342 800.0059683322906 130.0558191239834 0.980572834610939 0.1589705348014832 0 0 0 0.9464373141527176 0 0 2.008451901376247 0 0.7082518264651299 0.1574415415525436 0 9.98749053478241 0 0 0 0.5625479370355606 0 0 0 0.8286217153072357 0 0 0 4.56772480905056 0 0 0.3094779402017593 8.507193960249424 0.3238968849182129 1.266295082867146 0 0 0 0 0 7.692820280790329 0 0.2958636581897736 0 2.363561540842056 0 0 0
0.3532024770975113 66.5875441879034 55.28267727792263 0.4217328429222107 0 1.018747985363007 41.86424805223942 2.235937878489494 53.32176239043474 23.09638683497906 11.8709484115243 0.1840405613183975 1.422584809362888 2.805092819035053 0 5072.560623176396 68.52580488473177 5.458469644188881 23.91538800299168 0.261929988861084 2042.815105333924 2215.110691353679 3441.602201111615 2603.305216185749 3.130251355469227 48.78166818618774 5645.742629617453 1027.302573002875 3.154857717454433 19.27575047314167 1.132877752184868 0.1038067042827606 1.755600541830063 156.0417630299926 21.64819370955229 1432.915191240609 339.0011297613382 776.6037756353617 715.7526696845889 65.96484632790089 2.031437769532204 1.801973208785057 10.0802511125803 1.202571898698807 11.16894323378801 78.98448598384857 0 0 0.8531471490859985 15.93913832306862 1.451317243278027 27.50953856855631 2.710516542196274 0.2507014125585556 0 0.5983584299683571 3.283333174884319 0.5063243061304092 4077.2158729285 14.59458325058222 0.4796587079763412 2.887802988290787 0 691.1233366131783 985.7541037648916 2211.608641885221 348.46629255265 0.2204002216458321 11.89354830980301 564.41210244596 181.1460337936878 22.80544850230217 101.0511429831386 0.3157076388597488 0 4.553040333092213 20.19278366863728 15.81085158139467 488.8079966232181 13.5270572155714 112.8232089281082 43.08754460513592 8.471575573086739 0 1.841206729412079 2.896019980311394
71.40633078664541 5.762082770466805 11116.37430151552 0.4224104285240173 0 12.53099232912064 23.92543508112431 141.90729367733 2.337721884250641 5.625705420970917 106.7524188235402 1.3295678794384 1.529386781156063 322.3952227905393 0.2616338580846786 68.52580488473177 1759.110403738916 88.82350881397724 5133.49571441859 0.5457368344068527 873.2769404277205 15.93503504246473 2901.865921542048 37.46676234900951 0.6933158189058304 2153.537723459303 6378.911736473441 130.624923184514 630.7696786299348 1662.010483875871 0.5869807004928589 8.289354391396046 125.031429387629 3061.866177633405 13.85839722305536 1343.522285014391 2496.015456900001 1978.834156826138 512.7401225417852 44.8701936006546 2.321178458631039 25.35360284149647 5.443014249205589 0.6201607212424278 41.05208045244217 447.852815322578 0 0 0 8.279543936252594 1.781050883233547 0.6958727315068245 0.5379226356744766 0.9817040711641312 0 1.111655198037624 2.746005855500698 0.1232768595218658 35.67416038364172 201.8392213433981 2.517131507396698 43.00686701387167 0 7.084627263247967 21.03336728364229 138.0977976173162 18.76506640017033 1.277948975563049 96.96843646466732 1388.012871317565 18.94824574887753 1.57900320738554 7.938993312418461 0.8612845167517662 0.3173981308937073 0.2445276752114296 33.6441602408886 2.630217753350735 168.4031200408936 118.5783869028091 104.7509289309382 50.56338686496019 2.673999093472958 0 0.430511474609375 0.4836947619915009
2.319147631525993 67.39945147186518 78.74142295122147 1.129100374877453 0.6730037033557892 39.34793323278427 9.425428479909897 32.1392687112093 5.048362858593464 26.29700098931789 2872.947587765753 9.888251967728138 24.84788823872805 47.74542385339737 1.350840210914612 5.458469644188881 88.82350881397724 615.5671270862222 1156.481496974826 1.476120308041573 23.20772066712379 21.19631579518318 35.60555201023817 9.226698368787766 10.73229814320803 3378.019273005426 683.3311860635877 9.347631268203259 151.9052952453494 16.78179203718901 134.7731574326754 37.59247386455536 4.326458647847176 1587.33869458735 11.40558332949877 1630.289427168667 1837.865595199168 1611.319281071424 625.7851734831929 26.7697723582387 0.9365690052509308 11.93012052029371 7.873903661966324 0.1036122366786003 10.30607091635466 5.494608387351036 0 0 0.09882583469152451 1.522983133792877 0.1025082468986511 0.5162126943469048 0.08823212236166 23.68412094563246 0.2202235907316208 72.04928784817457 0.5377313196659088 0 1.274622455239296 19.29829974472523 63.37342096865177 111.8042560368776 0 0 1.760095350444317 3.416737206280231 3.575137168169022 5.948280930519104 247.3640165701509 529.3333510905504 2.951751723885536 0.3939772769808769 1.280171349644661 48.48056630045176 0 0 7.756577059626579 2.153534933924675 41.75751382857561 40.59633182734251 22.91408122330904 8.102247126400471 1.2246138677001 0 0.5792142152786255 0.2083458751440048
9.369668558239937 26.09558384865522 798.0151351094246 0.5537666529417038 0.1112312152981758 15.05247347056866 8.295708201825619 27.55597511678934 4.421037562191486 10.48179118335247 738.2876629084349 2.917734771966934 3.190215982496738 58.57738098502159 0.2493202090263367 23.91538800299168 5133.49571441859 1156.481496974826 3596.762970589101 0.7820520177483559 114.8388407230377 17.69374676793814 223.4664500877261 14.08314395695925 3.825611367821693 2614.406984336674 2433.006474152207 33.18651574850082 156.3113246411085 134.6795282363892 5.131955966353416 11.5712523162365 30.47751777619123 3036.815973713994 9.751999795436859 1748.50166554749 1293.605185680091 2590.017553515732 544.776586279273 31.2253937497735 1.281073704361916 6.85762745141983 6.874387055635452 0 29.01856168359518 89.82746247202158 0 0 0 1.723157934844494 0.1930808648467064 0.7745018675923347 0 3.963036634027958 0 8.006761625409126 0.579430066049099 0 7.042807705700397 75.69800885766745 13.0854989439249 120.7548712044954 0 1.466503635048866 7.373651385307312 18.83419237285852 4.904483184218407 3.458903551101685 221.8217217326164 716.0678270459175 3.122637845575809 0.2482014819979668 2.597953207790852 4.598925895988941 0 0 17.30811515450478 2.056864015758038 72.0529186502099 99.59477230161428 55.73883486539125 18.61455731093884 1.862359523773193 0 0.8328634351491928 0
1.197378717362881 0 0.4845033288002014 2659.34222958982 4.08409046381712 116.8865226507187 65.82931432873011 84.57718776166439 254.4864775910974 1913.340736322105 6.817216232419014 2703.228445619345 0.9356078132987022 75.99719610065222 141.9240931719542 0.261929988861084 0.5457368344068527 1.476120308041573 0.7820520177483559 780.8365009427071 1.463298156857491 0 0.7690734788775444 999.4961476027966 1.466851234436035 1.571109510958195 0.9801475554704666 3719.529369212687 75.77737683802843 2.521152913570404 0.2557956874370575 8.671581618487835 0.1596273630857468 44.0311398729682 7.934439867734909 159.4815778583288 3.744149200618267 106.5423269197345 41.84099769592285 256.3319985195994 3.516255125403404 1.8200558796525 2.963025778532028 0 0 0 23.48746077716351 0 0.6693948358297348 8.093250498175621 0.1816390007734299 53.48592091351748 18.15711625665426 0 83.2148866429925 0 0 0 0 0 0.09973300993442535 0 8.810201898217201 0 0 0.1221627071499825 68.75569823384285 0 0 0.1355771422386169 46.64622134715319 0.3505372852087021 0 0.09167652577161789 0 0 0.6603567153215408 0 39.20051839947701 0 1.536565825343132 0.1905847191810608 15.23447197675705 0.2332363575696945 0.7283107042312622 0
267.6653281599283 4.405279718339443 321.2493404820561 1.255812890827656 0 39.15801507234573 1378.420759655535 715.8338957577944 43.27139537036419 57.14650250971317 78.37933027744293 2.530868522822857 0.6844675838947296 1020.552180677652 0.7698679566383362 2042.815105333924 873.2769404277205 23.20772066712379 114.8388407230377 1.463298156857491 11965.09113872796 101.5281923264265 16299.94529546797 1354.968844354153 0.9076385796070099 51.89758685231209 1670.239989675581 5391.268829852343 526.7649840936065 15677.55231209099 0.3797585144639015 10.62514108419418 156.5232227221131 4007.475319199264 108.6504988446832 5995.307879753411 1766.951448470354 5870.59965891391 4284.423924870789 261.1630814298987 8.443206332623959 5.327965915203094 39.70938312262297 7.914392441511154 1.284372732043266 40.1204342097044 0.2860416918992996 0 1.397756308317184 33.59444035589695 1.730882287025452 13.39255010336637 2.772736430168152 0.53074961155653 0.8604032248258591 2.405518338084221 10.84956533461809 0.2898270636796951 890.9487571492791 2.982597097754478 0.3731112778186798 1.880311377346516 0.6393606215715408 500.1232588812709 147.259876973927 282.7515833228827 505.8111771196127 0.5485771894454956 8.972855910658836 59.0189363732934 340.78341768682 77.98710040748119 176.1141375601292 0 0 17.32469340413809 30.83124412596226 17.6728257983923 533.57559812814 10.57398688048124 106.5692351013422 43.16553296148777 28.240353487432 2.213644474744797 4.032980382442474 7.945268832147121
0.1075935736298561 2405.022350981832 53.04778265953064 0.6775082349777222 0.373773068189621 1.066930837929249 17.80170879513025 1.793040283024311 2619.546819932759 12.55218286812305 28.0019371137023 21.4162056222558 198.8793809115887 0 68.73971138894558 2215.110691353679 15.93503504246473 21.19631579518318 17.69374676793814 0 101.5281923264265 1785.587664104998 82.29813773185015 7246.098620712757 707.0722232982516 195.325407885015 5751.662366859615 188.412510201335 0.2107930779457092 2.202369138598442 49.30910680443048 0.1845377385616302 0 12.33640196174383 0 29.04099595546722 29.31083042919636 34.42303662002087 7.981733828783035 17.71090194582939 0 2.907630249857903 0.384053111076355 0.690203070640564 29.48185274749994 43.12989868968725 0 0 0.2020808532834053 9.148207195103168 0.6449032053351402 38.77091298997402 0.2379911690950394 1.459841519594193 0 7.074104361236095 1.556291244924068 1.636598244309425 1674.041357368231 11.24373128265142 1.061937928199768 3.541518099606037 0 232.0033669993281 323.6839752495289 352.1889729574323 256.0181391537189 1.3124630600214 12.26872175186872 633.1844118982553 95.74923817813396 10.12179263681173 38.50635993480682 2.029804490506649 0 1.362420663237572 10.33679848909378 10.5256427153945 139.7639142870903 9.946440406143665 50.09299840778112 29.79679496586323 4.485197231173515 0 0.2922897338867188 0.2641258835792542
241.3932027220726 1.681192561984062 8857.770935088396 0.8859605938196182 0.08337535709142685 41.97348226234317 535.0226935222745 566.7385006472468 11.43467238545418 30.17076949775219 85.59733044356108 1.51780292391777 1.010715402662754 1000.994155690074 0.7031165361404419 3441.602201111615 2901.865921542048 35.60555201023817 223.4664500877261 0.7690734788775444 16299.94529546797 82.29813773185015 16440.30736419559 303.2558495178819 0 327.6071380823851 10002.75917831063 1411.315880209208 557.1833813861012 6434.451285332441 1.310788325965405 14.32835481315851 76.90730562061071 3677.199532397091 175.1452927663922 8860.793324694037 3945.15739800036 7908.733285717666 6230.930126599967 473.8797733709216 36.62766850739717 9.353908643126488 56.83819527179003 1.348056979477406 3.961469143629074 141.8575181365013 0.1503673195838928 0 0.4079944118857384 36.5629508793354 3.542373180389404 13.43672949820757 3.005941540002823 0.5684072449803352 0 0.8489466309547424 6.145977236330509 0.3950754851102829 2211.084402427077 23.99852812290192 0.5794996246695518 2.599456198513508 0.09793367981910706 388.9613988175988 228.5423230677843 2180.663706384599 192.8180240765214 0 6.313746556639671 983.7339414358139 131.2635796368122 17.66813452541828 62.74849926680326 1.043618440628052 0.4059408009052277 1.82471064478159 15.01826725155115 20.59591568261385 477.745652332902 14.1612838357687 85.48551803827286 59.19420719146729 13.70088344067335 0.3732405751943588 2.995755195617676 1.0997593998909
5.78691591322422 1034.059627167881 28.39617634564638 790.4373949468136 38.68915563076735 74.49140633642673 658.4583438187838 104.6779379546642 16069.50731337816 1853.7226915434 11.78984227776527 900.2285557463765 37.06254837661982 84.55516591668129 1672.266356810927 2603.305216185749 37.46676234900951 9.226698368787766 14.08314395695925 999.4961476027966 1354.968844354153 7246.098620712757 303.2558495178819 14034.20427136868 111.0899273455143 84.31923145055771 2455.952728718519 9167.570347480476 172.2359630167484 295.4657158181071 10.34477612376213 9.049333393573761 28.69887328892946 166.7843339368701 15.99977166950703 1599.907292127609 84.68262311071157 398.7100553289056 277.3423131853342 780.620742328465 5.063626952469349 2.776178933680058 8.950043499469757 42.00059078633785 7.800766356289387 43.9755115583539 145.0954805985093 0.3903085440397263 34.01186525076628 919.994423866272 37.31084158271551 1579.514248475432 354.8255552425981 13.28544743359089 64.2615168094635 4.278104849159718 86.39103347808123 3.338971190154552 627.2300497889519 10.1424231082201 2.557319357991219 7.592537350952625 126.3055838495493 354.5885068699718 401.2481895238161 134.4341996833682 4950.78543202579 1.277337640523911 10.2706483528018 111.6928440332413 3871.597019895911 303.1221389845014 506.0356949716806 0.7660680338740349 3.832150086760521 36.36275513470173 82.59086242318153 23.38948944211006 1153.748627826571 12.17426247149706 313.8300346285105 67.44946870952845 310.4292988181114 26.88990892469883 18.9919248521328 8.919040240347385
0.1330387890338898 2221.077181391418 0 0 0.9593205153942108 3.539555415511131 1.600368462502956 3.656158268451691 80.26363531500101 0.1194708570837975 332.821738936007 1.382588863372803 3243.434088863432 0.4341425895690918 2.181203454732895 3.130251355469227 0.6933158189058304 10.73229814320803 3.825611367821693 1.466851234436035 0.9076385796070099 707.0722232982516 0 111.0899273455143 480.6045040860772 42.48680976033211 2974.191431626678 4.077181935310364 0.2506065666675568 7.16999751329422 123.9895322322845 1.14525294303894 0.09358053654432297 832.907736428082 0 243.5582666099072 429.5398128852248 451.7328460142016 49.0213767439127 2.701956555247307 23.28261083364487 714.6680534482002 1.450364395976067 0 208.5335356295109 5.691098436713219 0 0 0 0.1385917961597443 1.128574475646019 0 0 193.6293435767293 0 1422.345263712108 0.3750423714518547 0 1.603136286139488 9.786862656474113 34.4711122661829 57.4835269972682 0 6.010784551501274 6.166532412171364 4.876658581197262 1.240716606378555 274.4385610297322 225.8984185084701 765.1686491295695 1.676116809248924 1.631716325879097 1.776968657970428 119.7941457033157 0.5021416246891022 0 17.62429477274418 0.5476468205451965 105.0006114691496 108.8130459785461 30.80932316929102 6.465644270181656 0.1628433465957642 0 90.44681766629219 0
14.15186209976673 390.3282072618604 7250.749915361404 0.7440465241670609 0.9287976622581482 32.73561058193445 19.15401390939951 67.20700989663601 40.06881555169821 20.37750687450171 1185.682377755642 6.946623079478741 62.11855614930391 89.13353929668665 2.411145463585854 48.78166818618774 2153.537723459303 3378.019273005426 2614.406984336674 1.571109510958195 51.89758685231209 195.325407885015 327.6071380823851 84.31923145055771 42.48680976033211 22236.42924892157 17523.21569686383 38.44062946736813 152.3489843457937 41.73574016243219 454.1917727440596 29.00090103596449 6.334503620862961 1361.762507855892 22.5196493640542 2636.519454330206 4228.333585195243 2594.526847712696 802.4304048120975 42.13130303472281 2.994408369064331 25.60169360041618 9.889864452183247 0.6187060847878456 119.4061798900366 218.3036473020911 0 0 0.4319254085421562 7.56016218662262 1.308920308947563 4.466805450618267 0.3515575155615807 97.37294416874647 0 384.3018946647644 3.799770474433899 0 24.05132534354925 314.4460520222783 261.0303177684546 726.1298796012998 0.132901668548584 4.016532272100449 32.04718279093504 43.88503170013428 13.77125127613544 57.55214048922062 1510.55561760813 4281.049912519753 5.787011653184891 1.668094545602798 13.30508475750685 226.7978841215372 0.2075412273406982 0.5675512254238129 85.88705387711525 3.913459442555904 255.1594043672085 379.1042484790087 238.8701185211539 78.55875355005264 5.070782229304314 0.5758142471313477 3.022476904094219 0.8012242615222931
6.697745479643345 5484.906687520444 11965.47075428814 1.799353517591953 0.6581290513277054 12.24012351036072 61.46335271000862 26.99653173983097 704.1356287896633 26.60027889162302 438.0288496613503 13.00480730831623 2644.644351527095 42.36143975704908 27.50572492927313 5645.742629617453 6378.911736473441 683.3311860635877 2433.006474152207 0.9801475554704666 1670.239989675581 5751.662366859615 10002.75917831063 2455.952728718519 2974.191431626678 17523.21569686383 32259.03045143187 1120.054604716599 75.22534170746803 70.00913142412901 1135.341312937438 10.04936716705561 4.543563023209572 1864.938439466059 110.7983321174979 7205.301582321525 4940.042418174446 7243.413370080292 2041.400402054191 170.6370121613145 25.08207526803017 49.1653843447566 32.4082307741046 3.426515556871891 1899.220626153052 2337.130906753242 0.3942556381225586 0 1.100124590098858 68.36171697825193 12.69518982619047 26.15990868210793 2.253410302102566 127.57468470186 0.3377592042088509 477.00134781003 24.834696598351 0.7644947394728661 1918.525803729892 1333.702369876206 337.0460798367858 1452.702107265592 0 145.1830788999796 1390.978588864207 2144.08929617703 166.7806320637465 207.4292514845729 3137.309438347816 20092.76207916439 99.32114403694868 10.61195214092731 61.60880790650845 295.9386958628893 0.3653277084231377 0.2411388531327248 319.0518705919385 31.40630824118853 1577.10527382046 917.8455828800797 1034.56131272763 519.0989581421018 24.43758510798216 2.40393690764904 10.33431332558393 4.319592207670212
51.25204865634441 17.89824593067169 208.4783440753818 2746.048579476774 5.908311486244202 236.5978359058499 16148.71113607287 485.3876244947314 2159.070799745619 4870.939539901912 27.28428361564875 1069.753830581903 2.662953808903694 429.2895164713264 233.5809868425131 1027.302573002875 130.624923184514 9.347631268203259 33.18651574850082 3719.529369212687 5391.268829852343 188.412510201335 1411.315880209208 9167.570347480476 4.077181935310364 38.44062946736813 1120.054604716599 18461.55901057273 901.4757565632463 8704.365950398147 1.220365300774574 21.43368858098984 262.3792937248945 1041.829494632781 80.6646504253149 4780.435062222183 244.2629750221968 2134.504678241909 1314.610141672194 390.8027896136045 19.23704867064953 9.197256729006767 36.11779640614986 50.1332466378808 3.711666040122509 18.7382855117321 136.7418778911233 0.2209828197956085 37.40221367776394 991.9591357707977 34.20748511701822 807.2040713652968 355.0836026370525 10.36645274609327 65.18892699480057 3.937536597251892 88.50109252333641 4.170831635594368 264.0785545110703 5.601508960127831 2.530740268528461 6.529795169830322 115.87417203933 159.9768372625113 130.4890793040395 84.11667308956385 3790.51519086957 1.509521134197712 7.744942769408226 62.84626580774784 3450.278789885342 304.1474807858467 481.2429819703102 0.3384490683674812 6.001229047775269 26.14532576501369 75.16521943360567 18.05389688163996 1214.639928512275 12.30867254734039 221.8918702080846 50.78845300525427 366.1631909459829 21.02914673835039 30.92227952182293 7.898170739412308
