1128.899381101131 0 6.792498700320721 9.551163464784622 1.935917675495148 764.9267488047481 3890.713767379522 3804.997461877763 2.221149250864983 361.9003761336207 5.073146402835846 2.710449554026127 0.9923969581723213 3937.68958439678 0.4446806535124779 3.419752031564713 1.616790048778057 0.9853186532855034 0.7954177409410477 3.589729398488998 101.6139035001397 0 386.3447223231196 12.43576663732529 0.4106983989477158 4.18966643512249 9.964100018143654 172.5571492910385 2227.984921708703 2634.885511703789 0.07242367416620255 33.9826347604394 38.10938474535942 79.35683549940586 10.9608069062233 84.31349521130323 15.17401917278767 139.7955070361495 50.60691322386265 14.7844361141324 17.59542516618967 0.7428522109985352 1.420148856937885 0 0 0.9110545441508293 0.111352875828743 0 0 0.3201393187046051 0.1763444095849991 0.1680295467376709 0.6930444538593292 0.09833208471536636 0 0.100478932261467 0 0 0.3902818113565445 0.1912184804677963 0 0 0 0 0.4875992387533188 0.3392585515975952 4.341415636241436 0 0 2.837298542261124 2.643050856888294 0 0 0 0 0 0 0.5152632668614388 1.345423154532909 0.24455376714468 0 0 0.1109015420079231 0 0 0
0 72.92896400392056 25.00777965784073 0.2745397537946701 0 0 2.311645910143852 0.1849933713674545 566.8547263666987 0.5380340069532394 178.0443282350898 0.322849839925766 359.7584903761744 0 2.046211495995522 330.6972871497273 21.110531270504 3.33475873619318 7.179620824754238 0.07949584722518921 15.34524716436863 3621.172331959009 137.9988354295492 340.332606382668 1088.551750518382 67.85779674351215 4383.111150935292 26.24366018921137 0.5999902114272118 1.219249881803989 17.74978356808424 0 0.14342400431633 92.89679621905088 1.108768194913864 32.38937128335238 34.06786857545376 39.98954565823078 10.7761754989624 2.082701176404953 0 72.60201895236969 0 0 299.1536764875054 46.20477266609669 0 0 0 0.1775218993425369 0 0.3947114646434784 0.08990524709224701 6.99401818215847 0 7.089974746108055 0.1287386119365692 0 10.41988874971867 2.002454340457916 1.378136277198792 5.112760454416275 0 0.5023388043045998 70.558942720294 2.975690670311451 1.581214681267738 13.36813696473837 176.012654684484 1154.805615127087 0.7120296955108643 0 0.1103764995932579 2.699605591595173 0 0 2.223687574267387 0 1.032113052904606 16.49848552048206 4.960981287062168 0.5504741296172142 0 0 0.7261410653591156 0
6.792498700320721 25.00777965784073 2595.956627443433 0.3369676172733307 0 3.38049678504467 73.07035561650991 13.71850836277008 1.596603348851204 8.754876486957073 55.31156869977713 0.5223553106188774 3.815700203180313 15.10550237447023 0 14.36929988116026 5400.30341244489 106.232465185225 1065.85639578104 0.3750103712081909 153.4127174392343 6.771560654044151 5815.969276785851 16.5975763425231 4.167112499475479 4936.437935300171 5048.655463248491 70.38903848081827 15.84126861393452 55.0362434014678 0.7470183447003365 1.570464707911015 0.9733274281024933 1005.289696037769 16.36485323309898 902.5969755128026 1572.707108847797 1895.763500377536 370.2656095847487 17.2482435554266 3.020220257341862 16.78438601642847 1.564232029020786 0.08559250086545944 101.1969621554017 61.47435174882412 0 0 0 0.5100580751895905 0.1205898895859718 0.1545544564723969 0 1.761940315365791 0.1241523250937462 5.481599591672421 0 0 3.402424454689026 4.667900674045086 3.726818673312664 17.12874679267406 0.1024914532899857 0 8.842329658567905 1.97063335776329 1.409824728965759 4.427034430205822 608.8862145990133 1402.255520343781 0.6806588023900986 0.08019270747900009 0.5166868567466736 1.614194571971893 0 0 3.301105804741383 4.641549527645111 3.754108466207981 52.8631958141923 8.51227243244648 3.851734206080437 0.1449149996042252 0 1.792475432157516 0.1394288539886475
9.551163464784622 0.2745397537946701 0.3369676172733307 1677.374236509204 0.5538060069084167 37.94181467592716 762.4982386082411 28.01991839706898 1152.674758754671 3450.95472382009 1.561390735208988 1559.454386942089 0.3390342518687248 31.80897936969995 11.38832847774029 2.974590346217155 0.268654003739357 0.1916391029953957 0.2596716210246086 3367.288219064474 0.5997370555996895 2.939799383282661 7.013818949460983 1803.49117577821 0.1569272875785828 0.8409362807869911 2.658856585621834 2107.291242621839 55.63757077604532 5.133841589093208 0 4.904834404587746 1.128201976418495 39.17522006481886 38.02844991534948 605.7919564545155 3.42404618114233 202.1062267273664 30.88961586356163 91.7211759313941 37.52403716742992 0.4592336565256119 3.36773943901062 0.1458373218774796 0.1232562139630318 0.4027461484074593 68.78273272514343 0.2448059618473053 1.607575453817844 64.82159582525492 2.825702153146267 90.61033659428358 110.0131093263626 0.3190091252326965 46.63293289393187 0 2.895111076533794 0.599169634282589 1.108269348740578 0.08642861247062683 0 0.08593004196882248 55.44584713876247 0.6607579067349434 0.7541657835245132 1.385665580630302 240.6962621435523 0 0.1607696861028671 0.8255502432584763 141.066633425653 5.201820269227028 0.6214659214019775 0 0 0 8.310716301202774 3.576034247875214 170.4150060415268 0.2986812144517899 11.03704740107059 0.5447835698723793 37.97196217626333 0.550823450088501 0 0.7256916761398315
1.935917675495148 0 0 0.5538060069084167 1.939820408821106 61.21189944446087 7.082739055156708 39.7014669701457 8.154588714241982 17.7185573130846 5.528773032128811 44.7746208012104 1.558790996670723 22.80646684765816 1033.662094518542 0 0.2138677164912224 0.2695073336362839 0.4111099541187286 3.385466299951077 0.1964389160275459 0.1398330330848694 0.9443721398711205 0.6855156123638153 0.2625476121902466 2.134353533387184 0.203970342874527 0.9079593867063522 174.846056394279 1.373911619186401 0 50.72763160616159 0.09564036875963211 367.7129302024841 0.3630967140197754 22.4812485948205 1.376186937093735 103.0086897090077 3.153464421629906 864.2367528825998 56.29838660359383 0.5213045477867126 1.818134069442749 0 0 0 0 0 0 0 0 0 0 0 0 0 0 0 0 0 0 0 0 0 0 0 0 0 0 0 0 0 0 0 0 0 0 0.1828927397727966 0.3013297915458679 0 0 0 0 0 0 0
764.9267488047481 0 3.38049678504467 37.94181467592716 61.21189944446087 9470.822281137109 2641.820173762739 6602.382801584899 23.82687705755234 7759.128424882889 35.99634224176407 2222.880605556071 15.82984180003405 1655.248692952096 441.5659789517522 3.233292296528816 1.879276134073734 5.634174674749374 5.121119290590286 298.868489895016 24.26561654359102 0.559568926692009 93.97387086600065 38.96886893361807 4.006338931620121 14.5115657672286 11.00867883116007 260.9543111696839 835.3589483872056 139.8782779797912 0.6528962776064873 1163.463819071651 5.131555415689945 332.3193183988333 196.2892928272486 294.8899635002017 35.6255939155817 406.6871693134308 56.94873201847076 2073.192674435675 303.8588728904724 19.90575762838125 5.79987920820713 0 0 0.5381788536906242 2.438293553888798 0 0 6.245765700936317 0.3223727121949196 3.387028150260448 4.410418875515461 2.461657628417015 0.5892230868339539 0.7247190177440643 0.328419491648674 0 0.5490312799811363 0.1914748698472977 0.07977315038442612 0 2.111597187817097 0.6381025463342667 0.1087817922234535 0.1362115442752838 20.98962286114693 0.4555280283093452 0.8546606823801994 1.387309186160564 13.92357341200113 0.7406422048807144 0.4189925119280815 0 0 0 0.4340216815471649 1.068350315093994 9.386023387312889 0.4408623576164246 0.9470973983407021 0.2544257640838623 1.603918820619583 0 0 0
3890.713767379522 2.311645910143852 73.07035561650991 762.4982386082411 7.082739055156708 2641.820173762739 11130.4075229466 3078.794143937528 763.7864924371243 6152.95381000638 17.48250843584538 103.3495185226202 5.137541532516479 3432.747532103211 6.454456560313702 109.7974749729037 14.04843384772539 4.364641264081001 7.807573534548283 63.53416482359171 453.055515229702 29.49534592777491 2046.173163048923 2409.99123492837 1.579524204134941 36.84995628148317 174.476833127439 16607.96092554927 2042.486762881279 5100.756625644863 0.5216529294848442 85.6496395431459 158.5547170862556 436.239934772253 324.7987269982696 3656.743735335767 140.0410916060209 2034.96378839761 1032.739784918725 221.520299769938 196.7301466837525 6.458657696843147 31.89864538609982 8.908101290464401 0.7706993743777275 8.926853604614735 52.02610969543457 0.1933574080467224 1.208640731871128 145.3617707043886 16.78660614788532 143.6196887269616 75.39265164732933 3.016897015273571 14.27939623594284 0.7598597481846809 26.52460479736328 0.3115684986114502 43.18626989424229 1.161960817873478 0.2730601876974106 1.186301834881306 37.43805708736181 22.530587233603 19.77429793030024 15.69252418726683 961.0287436544895 0.1839708164334297 2.136865809559822 38.66365882009268 570.5120463743806 19.11521015316248 36.22931134700775 0.1237572506070137 0.2380514293909073 0.6649881154298782 19.85766594111919 16.32740665972233 316.0532306283712 1.930567242205143 30.877880230546 1.783764883875847 42.27264162898064 2.103941142559052 0 0.8683790788054466
3804.997461877763 0.1849933713674545 13.71850836277008 28.01991839706898 39.7014669701457 6602.382801584899 3078.794143937528 6824.856889970601 17.37229826301336 2682.362195715308 52.982167404145 599.8303096294403 11.37417887151241 8482.812884125859 194.6696973145008 8.203103549778461 9.763576254248619 11.53636647760868 12.16026891767979 91.46067637950182 199.064419656992 1.709629498422146 836.2926233261824 35.41602849215269 3.059891484677792 31.37926621735096 36.07259480655193 191.6730925440788 3042.115597080439 1893.559657119215 0.6301551088690758 603.8103349208832 13.69481554627419 833.5284770876169 20.11765424907207 255.8202940747142 53.11497402191162 486.0562919378281 97.55295268446207 910.45978705585 172.5916031859815 11.59199687838554 5.029090389609337 0.1009174212813377 0.1917667463421822 2.082648135721684 0.4722909033298492 0 0.0860222801566124 1.038436524569988 0.8958042040467262 0.8076283782720566 1.527630366384983 1.716119460761547 0 0.8925533220171928 0.08235196769237518 0 1.728996008634567 0 0 0 0.2519834861159325 0 1.412970967590809 0.855532705783844 19.58438498154283 0.5963701754808426 0.965504102408886 6.054926387965679 11.20853690803051 0.1002738475799561 0.3937257900834084 0 0 0 0.4614662751555443 1.998892351984978 4.993820741772652 0.4742055833339691 0 0.2565376311540604 0.7607448399066925 0 0 0
2.221149250864983 566.8547263666987 1.596603348851204 1152.674758754671 8.154588714241982 23.82687705755234 763.7864924371243 17.37229826301336 1307.401148967445 483.0306495204568 14.3825041949749 820.5949209332466 14.61597655713558 13.92814476788044 196.0191089361906 58.99532047659159 0.4739374816417694 0.2484662234783173 0 605.0139301046729 7.563900925219059 6252.941065363586 19.60052149742842 13307.68473161012 125.417561493814 5.802301749587059 227.0367466285825 2403.420255199075 65.20936246961355 48.50425118207932 2.207775175571442 1.83660663664341 5.174042634665966 13.42907477170229 15.3855559900403 232.9660395458341 5.598819851875305 48.12506617605686 21.01301050186157 309.9692211225629 5.923881433904171 2.122005149722099 0.9592646360397339 3.182210572063923 28.56028918176889 6.952475398778915 144.3287225961685 0 1.709900006651878 119.5775744244456 9.599091954529285 318.4714205339551 163.7443870827556 0.7252887636423111 94.52627787739038 0.7420594170689583 13.75323082506657 0.2985361367464066 103.5023237019777 0.8676431626081467 0.1522406041622162 0 106.8567354604602 27.55982591211796 199.6985557898879 34.19149336963892 1227.644309744239 0.9127458781003952 2.300222985446453 79.33544994145632 499.5797128453851 13.77643791586161 10.75598464906216 0.2375367358326912 0.1014283746480942 0.612891897559166 12.44259940832853 0.8348755687475204 180.8319486007094 2.066593788564205 21.22972055524588 1.447815395891666 142.5712988898158 0.6682446673512459 0 0.2186172753572464
361.9003761336207 0.5380340069532394 8.754876486957073 3450.95472382009 17.7185573130846 7759.128424882889 6152.95381000638 2682.362195715308 483.0306495204568 25025.41495651752 38.58155515789986 7057.592401582748 13.47496329247952 1449.340529434383 14.84968107193708 11.09197521954775 2.668642036616802 9.624805275350809 8.802119798958302 8315.852276340127 31.43164940923452 2.869201757013798 207.2680724859238 756.8595079034567 3.530296199023724 26.69013990089297 29.73837550729513 2743.144000060856 1187.223718687892 177.5973157286644 0.8437581062316895 269.358108073473 20.55166990309954 589.4393973052502 336.1177594214678 1739.22286773473 47.98152734339237 1890.071756310761 226.5029086396098 704.1795351058245 396.5769096165895 11.78415063768625 29.41337272524834 1.375460468232632 0 1.396363958716393 65.86421235650778 0 1.398214936256409 61.73901193588972 1.990906521677971 74.28258659690619 77.81448300927877 1.561732582747936 17.67176271229982 1.016858614981174 3.136946700513363 0 2.770443946123123 0 0 0.1034215986728668 36.4309363514185 1.239035576581955 1.30918775498867 2.405864469707012 273.2664927691221 0.3230383023619652 0.5504317879676819 5.602508403360844 160.0237900838256 5.60488248616457 2.057209074497223 0.1739178895950317 0.2228790447115898 0.1039402782917023 5.347922950983047 5.287429682910442 158.6534448564053 1.093358904123306 7.835592418909073 0.9240909516811371 33.33118581771851 0.906870573759079 0 0.5679887309670448
5.073146402835846 178.0443282350898 55.31156869977713 1.561390735208988 5.528773032128811 35.99634224176407 17.48250843584538 52.982167404145 14.3825041949749 38.58155515789986 12722.46097552031 19.62779043614864 3663.614325761795 31.98723101615906 2.259083405137062 6.175382204353809 199.3333428427577 3402.823686033487 1656.834272548556 5.523124508559704 19.50502890348434 60.5621717646718 86.09726754575968 5.92109190672636 1082.244685351849 3122.503283135593 2587.656259596348 3.814905934035778 43.62690522521734 11.5717069581151 833.9947258532047 29.54027254134417 0.1396646201610565 7197.084034636617 9.447192929685116 509.949325338006 5725.13060554862 4818.560062602162 1198.790234684944 49.32200783491135 103.82753174752 2312.825024202466 3.611401818692684 0 53.55367471277714 0.23448596149683 0 0 0.1068296059966087 0.09684913605451584 0.6805830895900726 0 0.09556365758180618 892.9720780923963 0.1003611087799072 734.8974468261003 0.2372696474194527 0 1.103862047195435 0.7243736237287521 22.9877138286829 1.614578172564507 0 0 0.9802076444029808 0.08078780770301819 0.5098555907607079 451.6663602143526 102.1286484152079 278.9024330154061 0.264525517821312 0.2527778968214989 0 102.6994971036911 0.2081592828035355 0 9.445685610175133 0.8680370897054672 2.692976348102093 208.9489560648799 28.40625206381083 2.439155101776123 0.1274014711380005 0 16.2602868527174 0
2.710449554026127 0.322849839925766 0.5223553106188774 1559.454386942089 44.7746208012104 2222.880605556071 103.3495185226202 599.8303096294403 820.5949209332466 7057.592401582748 19.62779043614864 6919.495436541736 6.252674847841263 282.9613996148109 677.7805737406015 1.18620377779007 0.4435473680496216 3.873828120529652 3.089843340218067 5562.890795044601 0.2038915604352951 5.129502832889557 1.526068225502968 344.7854527458549 1.263243280351162 6.946580976247787 2.731360346078873 566.9573887214065 459.9405225291848 1.378120638430119 0.4656527787446976 256.3114494085312 0.1280644685029984 204.4789625108242 181.4535004794598 935.6588502377272 14.56145028024912 346.2557761222124 21.20442277938128 3703.83061503619 160.4507712349296 5.410247221589088 1.202056065201759 0 0.08782005310058594 0 32.00800643116236 0 0.3003532737493515 14.29750340431929 0.3562227860093117 43.06256668269634 33.25597885251045 0.6334870383143425 18.48621571809053 0.6624866425991058 0.3755617812275887 0 0.1932320892810822 0 0 0 49.9504747018218 0 0 0.1327954828739166 64.67052616924047 0.1223685368895531 0.4225156307220459 0.1100221946835518 37.77350693196058 0.6958784833550453 0.1570922881364822 0.2014337629079819 0 0 0.569334015250206 0 85.20024297386408 0.3459950387477875 1.304087780416012 0 36.5571875795722 0 0 0
0.9923969581723213 359.7584903761744 3.815700203180313 0.3390342518687248 1.558790996670723 15.82984180003405 5.137541532516479 11.37417887151241 14.61597655713558 13.47496329247952 3663.614325761795 6.252674847841263 2614.160180866718 8.017599128186703 1.223054587841034 6.14928724616766 2.002443701028824 38.68244086205959 8.720370285212994 2.537505455315113 2.702506542205811 115.7393657639623 3.604551501572132 9.584236666560173 4083.828968442976 418.0536150559783 6034.228893972933 1.039909847080708 11.67086283117533 0.7137570381164551 298.2693455815315 7.420993059873581 0 1440.406923182309 0.4993551969528198 80.98485624045134 1876.360713422298 1088.393629677594 116.3129011392593 21.69980552792549 59.28931910544634 850.7916595637798 1.124238342046738 0 91.23529831320047 0.3917969614267349 0 0 0.1197937577962875 0.1530648618936539 0.3490178734064102 0 0 1132.205234602094 0.0931108370423317 841.0564691796899 0.3259721845388412 0 0.5881310701370239 0 12.01592306047678 0.3373419791460037 0 0 4.307075068354607 0 0.3344950675964355 921.8927158042789 72.70233230292797 211.6342081055045 0.1379754245281219 0.5217333734035492 0 78.05069188028574 0.3381022214889526 0 10.37699934095144 0 0.5114289671182632 220.8120421096683 17.85038556158543 0.6353048160672188 0.08721236884593964 0 13.98928335309029 0
3937.68958439678 0 15.10550237447023 31.80897936969995 22.80646684765816 1655.248692952096 3432.747532103211 8482.812884125859 13.92814476788044 1449.340529434383 31.98723101615906 282.9613996148109 8.017599128186703 8405.025394506752 13.2374804392457 10.2441631257534 8.411194264888763 7.09177054464817 9.459953650832176 88.3275313526392 212.0073892436922 1.228304401040077 847.8167074844241 43.1818091198802 3.514821462333202 23.16096961125731 36.42516701668501 288.442826025188 7829.380977090448 2214.363395798951 0.3698491826653481 289.1220242343843 21.99759873002768 918.9641236886382 27.46782334893942 225.2711575143039 37.36445493251085 447.4718734547496 104.3408823087811 123.0362702682614 97.21071144938469 5.183706782758236 2.662600107491016 0 0 1.960884183645248 0.3190995827317238 0 0 2.468298725783825 0.2747133672237396 1.26563223451376 0.4987165629863739 1.174423664808273 0 0.8676992207765579 0.5110476613044739 0 1.639724738895893 0 0 0 0.2742780745029449 0.9144166857004166 0.450012780725956 0.5623602196574211 18.7593847438693 0.1307232677936554 0.7032390236854553 4.630296275019646 12.85022774338722 1.12399910390377 1.81662829965353 0.1098589673638344 0 0 0.4790152981877327 1.351694270968437 4.18595290184021 0.5105366855859756 0.926476139575243 0 0.09041967242956161 0.1395308822393417 0 0
0.4446806535124779 2.046211495995522 0 11.38832847774029 1033.662094518542 441.5659789517522 6.454456560313702 194.6696973145008 196.0191089361906 14.84968107193708 2.259083405137062 677.7805737406015 1.223054587841034 13.2374804392457 337.2199146300554 0 0 0.1048519462347031 0 26.29833610355854 0 27.56642319262028 0 204.6582364290953 0.9939344078302383 0.333896093070507 1.380750231444836 18.13116247951984 27.41570516675711 0 0 100.7224160730839 0 19.37031438201666 0.2393021285533905 289.5084157884121 3.729879811406136 21.43261753767729 1.197434157133102 1204.325861826539 91.15359649062157 0.4631525427103043 0 0 0.1946471780538559 0 1.636449433863163 0 0 1.43618305772543 0 2.444767571985722 2.622747704386711 0 0.7261296212673187 0.3036270067095757 0 0 0.4860993921756744 0 0 0 0.7206297665834427 0 0.3209523558616638 0.4103600010275841 5.031987935304642 0.1375930458307266 0.5255552530288696 0.8934445455670357 2.762491881847382 0.7514309287071228 0 0.07717053592205048 0 0 0.2634038180112839 0 16.85923057794571 0 0.3198363482952118 0 3.776256039738655 0 0 0
3.419752031564713 330.6972871497273 14.36929988116026 2.974590346217155 0 3.233292296528816 109.7974749729037 8.203103549778461 58.99532047659159 11.09197521954775 6.175382204353809 1.18620377779007 6.14928724616766 10.2441631257534 0 7062.976064220071 14.54492828249931 1.868273973464966 4.123210839927197 0.1324466615915298 5748.132727049291 3572.599574767053 1378.766531206667 4791.744011335075 23.84281037002802 29.19286108016968 7311.710880875587 5298.958622284234 19.85192014276981 171.9223706051707 1.061307892203331 0.3006155863404274 1.81252022087574 149.1113572195172 40.55229918658733 2330.313067957759 1648.988173164427 964.6998332217336 949.2068074196577 34.32042052596807 4.589727349579334 6.145619355142117 18.16698409616947 0 56.67905426025391 606.6783474087715 0.5625547915697098 0 0.460479773581028 21.36893370002508 1.719579756259918 82.68923272192478 0.924895852804184 4.715299628674984 0.2720794379711151 0.6894628182053566 1.220986358821392 0.3830953761935234 3688.150924257934 21.84354495257139 0.7876240015029907 2.690477073192596 0.2479784190654755 201.8493799939752 1324.385705590248 2012.889679588377 242.6290588453412 1.721964612603188 28.07349156588316 4212.864230841398 114.5511276498437 1.068645797669888 13.56300193816423 0.5406963378190994 0 0.1100479513406754 7.407296732068062 3.039174951612949 269.7461655065417 23.562699906528 22.51569332182407 8.27230191975832 3.234885193407536 0 2.382918655872345 0.09084288775920868
1.616790048778057 21.110531270504 5400.30341244489 0.268654003739357 0.2138677164912224 1.879276134073734 14.04843384772539 9.763576254248619 0.4739374816417694 2.668642036616802 199.3333428427577 0.4435473680496216 2.002443701028824 8.411194264888763 0 14.54492828249931 1047.065656125546 156.1026264578104 2628.956342704594 0.3626861050724983 289.7769257351756 4.456618040800095 4128.211199834943 5.94023934006691 1.250961400568485 2829.251680828631 3102.298606708646 15.15034703910351 43.182662114501 140.3089536651969 0.4954338669776917 0.7412833645939827 6.469450682401657 1989.398690976202 0.7076102122664452 76.22350217401981 147.8748110383749 584.8625709787011 60.67982216179371 2.292893305420876 2.180367462337017 1.539817661046982 0.1566712856292725 0 10.89870520681143 4.871512457728386 0 0 0 0 0.1127279549837112 0.1239210814237595 0 0.3101009503006935 0 0.8846527561545372 0 0 0.6082281619310379 0.2815081924200058 0.3316641971468925 0.6402238607406616 0 0 0.3537202179431915 0.407127857208252 0.1451939642429352 0.6506906300783157 34.38263493031263 97.69799364358187 0.1262984424829483 0 0 0.08946411311626434 0 0 0.484220877289772 0 0.259772926568985 4.477338790893555 0.8081886097788811 0.1132563278079033 0.1037866994738579 0 0 0
0.9853186532855034 3.33475873619318 106.232465185225 0.1916391029953957 0.2695073336362839 5.634174674749374 4.364641264081001 11.53636647760868 0.2484662234783173 9.624805275350809 3402.823686033487 3.873828120529652 38.68244086205959 7.09177054464817 0.1048519462347031 1.868273973464966 156.1026264578104 842.1015321016312 1222.101591944695 1.466809466481209 6.166132539510727 1.431152544915676 66.47961094975471 0.8749476820230484 12.06878340989351 3644.673518687487 1012.06527659297 2.094536811113358 11.13168936222792 3.56018653512001 185.9827994033694 4.648559808731079 0 1022.039191029966 4.580454736948013 274.2284290194511 993.877869874239 934.1867900118232 338.3574511408806 11.88094484806061 7.667901337146759 120.6354677379131 1.89605163782835 0 7.765401892364025 0 0 0 0 0 0.1361956000328064 0 0 43.06671973317862 0 52.86315909773111 0 0 0 0 3.834378063678741 2.796042658388615 0 0 0.1337088644504547 0 0 10.69759104400873 35.55903705954552 96.49769885838032 0.09481960535049438 0 0 19.45760966092348 0 0 0.8521169945597649 0.852042093873024 0.3393310606479645 9.295594252645969 1.620856463909149 0 0.1078444644808769 0 0.9469616115093231 0
0.7954177409410477 7.179620824754238 1065.85639578104 0.2596716210246086 0.4111099541187286 5.121119290590286 7.807573534548283 12.16026891767979 0 8.802119798958302 1656.834272548556 3.089843340218067 8.720370285212994 9.459953650832176 0 4.123210839927197 2628.956342704594 1222.101591944695 2156.38735550642 1.313172914087772 28.4164407029748 1.70902082324028 619.2769457697868 3.226559571921825 3.547433502972126 4240.262341499329 1339.162033945322 4.105869717895985 14.91564364731312 10.98323956131935 1.792423717677593 4.003002382814884 0.7092044502496719 2727.389268554747 3.928969733417034 327.2579274252057 180.1453279107809 926.9990835413337 184.9190070405602 9.816932708024979 6.611354246735573 5.585181474685669 2.518892556428909 0 3.935892321169376 0.7941535115242004 0 0 0 0 0 0.1228554174304008 0 0.4278531819581985 0 1.118443161249161 0 0 0 0.1529569774866104 0.7460203021764755 0.3422475457191467 0 0 0 0.1180445402860641 0 0.6895551383495331 15.17818108946085 45.05137798190117 0 0 0 0.4236731454730034 0 0 0.2316371276974678 0.7976969480514526 0.5361896902322769 0.8986539468169212 0.5078522264957428 0.1041842922568321 0 0 0 0
3.589729398488998 0.07949584722518921 0.3750103712081909 3367.288219064474 3.385466299951077 298.868489895016 63.53416482359171 91.46067637950182 605.0139301046729 8315.852276340127 5.523124508559704 5562.890795044601 2.537505455315113 88.3275313526392 26.29833610355854 0.1324466615915298 0.3626861050724983 1.466809466481209 1.313172914087772 1219.446593403816 0.2383486405014992 0 1.983842045068741 903.32592625916 0.3678962215781212 4.174818858504295 2.091328948736191 1002.464788265526 153.2579849585891 1.550276309251785 0.1012716293334961 38.40676046162844 0.895069845020771 100.3311152085662 220.4582801908255 707.9697956591845 7.88435872644186 414.4631456658244 34.02311998605728 513.3458036407828 90.09397627413273 1.915424346923828 6.833460599184036 1.600169211626053 0 0 57.09539467841387 0 0.2287893816828728 29.71390749514103 1.758464083075523 43.42467260360718 39.91074393689632 0.211189329624176 11.24567643553019 0 3.342909693717957 0 0.6483021453022957 0 0.1415387392044067 0 27.28360498696566 0.2915117740631104 0.1008465066552162 0.1138057038187981 105.862968146801 0.1246314346790314 0 0.5584656074643135 75.24311603605747 1.998431086540222 0 0 0 0 2.257728293538094 1.009661316871643 95.60141188651323 0 4.434640549123287 0.1021235808730125 26.71585623919964 0.2609765082597733 0 0.1384009718894958
101.6139035001397 15.34524716436863 153.4127174392343 0.5997370555996895 0.1964389160275459 24.26561654359102 453.055515229702 199.064419656992 7.563900925219059 31.43164940923452 19.50502890348434 0.2038915604352951 2.702506542205811 212.0073892436922 0 5748.132727049291 289.7769257351756 6.166132539510727 28.4164407029748 0.2383486405014992 11022.77946361154 313.2858248725533 17991.16526525468 1183.469332754612 3.428319625556469 65.2008270509541 1111.03389705345 11402.63530831784 388.1896214224398 13748.06978549063 0 3.981635361909866 39.22720110416412 2621.101406432688 290.0002856850624 9168.850906535983 4992.27295910567 7952.62532427907 6558.659488536417 163.3910181298852 34.06429558992386 17.79484841227531 96.43780833482742 0.42320167273283 7.324760057032108 260.4411970004439 0.1020639017224312 0 0.2495683655142784 12.33286963403225 1.023438967764378 37.74031674861908 0.8433143794536591 4.929458484053612 0 0.1129110157489777 0.8985113725066185 0.4368542581796646 1714.25427492708 7.669894136488438 0 0.954449936747551 0 132.6491133198142 328.5967649891973 943.9278487786651 153.4671403765678 0.5726216584444046 9.770939536392689 1480.084384314716 90.36315594613552 1.517648197710514 14.48214097321033 0.1031676456332207 0 0 2.841357588768005 13.43797788023949 128.9673007056117 13.52682586759329 11.56864761561155 4.864558793604374 5.258143581449986 0 2.18781441450119 0.9409795701503754
0 3621.172331959009 6.771560654044151 2.939799383282661 0.1398330330848694 0.559568926692009 29.49534592777491 1.709629498422146 6252.941065363586 2.869201757013798 60.5621717646718 5.129502832889557 115.7393657639623 1.228304401040077 27.56642319262028 3572.599574767053 4.456618040800095 1.431152544915676 1.70902082324028 0 313.2858248725533 953.0075478181243 185.081555351615 6644.842494018376 913.7208016961813 27.94601534307003 2379.505463913083 407.6422650739551 3.471629299223423 7.672375455498695 6.917445816099644 0.1007437184453011 0 27.96538481116295 0.3482714146375656 15.50391514599323 17.48613277822733 19.34503892809153 7.509004935622215 31.59161579608917 2.615792974829674 41.89758875966072 0.1115783974528313 0.1082139983773232 312.1520191431046 54.02849623560905 0.2626688405871391 0 0 2.717286124825478 0 19.99940914660692 0.3327221348881721 2.293575219810009 0 0.879212886095047 0.326400600373745 0 956.8276299387217 4.71359646320343 0.1301004737615585 0.9558150246739388 0.1865841895341873 15.0191403478384 257.5084846392274 262.4475575089455 54.84683491289616 6.719559632241726 13.32962299138308 876.1025709584355 14.03266404569149 0.1885119676589966 0.5960563868284225 0.1436896175146103 0 0 1.687520071864128 0 6.526063777506351 4.46287839859724 5.304886929690838 1.17450550198555 0.5120216608047485 0 0 0
386.3447223231196 137.9988354295492 5815.969276785851 7.013818949460983 0.9443721398711205 93.97387086600065 2046.173163048923 836.2926233261824 19.60052149742842 207.2680724859238 86.09726754575968 1.526068225502968 3.604551501572132 847.8167074844241 0 1378.766531206667 4128.211199834943 66.47961094975471 619.2769457697868 1.983842045068741 17991.16526525468 185.081555351615 26732.02390370518 648.3314868658781 9.152681991457939 1422.251459725201 13783.34458255023 5162.256402790546 1107.9825973548 7457.366808459163 1.114489324390888 18.06815568730235 108.7362040504813 3230.683780148625 115.1091351658106 4560.624920658767 6265.691828280687 6035.436720557511 3270.868202023208 89.46119568496943 24.57654464244843 20.82857440412045 26.47828054428101 0.3683752343058586 151.8105073571205 1175.711286388338 0.3339009806513786 0 0 9.386594235897064 0.1802365630865097 12.70785340666771 0.4395597204566002 2.207432843744755 0 1.215480387210846 2.018954135477543 0.1499872505664825 414.740428045392 30.85594464093447 1.108156852424145 14.7702811434865 0.09928318858146667 17.96426298469305 194.0016142949462 200.9610106274486 65.7005305737257 0.5321062356233597 268.0598466470838 4081.553194358945 40.59230817109346 0.9181657582521439 5.503767363727093 0.772561602294445 0 0.1464255750179291 6.205938845872879 9.574869833886623 30.56797725707293 164.04124969244 30.35372994095087 6.788576513528824 0.6331635788083076 0.1590225994586945 0 0.1038640737533569
12.43576663732529 340.332606382668 16.5975763425231 1803.49117577821 0.6855156123638153 38.96886893361807 2409.99123492837 35.41602849215269 13307.68473161012 756.8595079034567 5.92109190672636 344.7854527458549 9.584236666560173 43.1818091198802 204.6582364290953 4791.744011335075 5.94023934006691 0.8749476820230484 3.226559571921825 903.32592625916 1183.469332754612 6644.842494018376 648.3314868658781 12414.80275646597 55.81196871399879 24.0588203817606 1758.371210694313 9216.358199082315 275.2163374125957 138.4828924238682 1.669585488736629 5.537704326212406 38.89784719049931 55.73407647758722 53.11405038833618 1286.887125760317 153.8542812094092 285.2724846154451 195.4479421377182 383.0471093729138 20.19787352532148 0.8592843413352966 4.997692920267582 13.03953981399536 22.78141065686941 24.93063690513372 226.1567163541913 0 5.344790361821651 417.1070132777095 43.79989576339722 856.3666512072086 327.0499454587698 7.360856391489506 59.58788161724806 0.446798712015152 44.83432206511497 1.361339129507542 596.1527021899819 6.668119311332703 0.9398957565426826 2.407432332634926 183.461458325386 258.9375570490956 511.3961063101888 203.9654432907701 3138.201101303101 0.5534724816679955 12.17089211195707 246.275446228683 1745.789311379194 54.3980550095439 56.83906996995211 0 1.186320170760155 2.156331233680248 60.04766859859228 7.957346215844154 653.2580802366138 4.360850721597672 97.46040113270283 7.806586116552353 113.2879614457488 1.849144890904427 1.271477162837982 3.095365211367607
0.4106983989477158 1088.551750518382 4.167112499475479 0.1569272875785828 0.2625476121902466 4.006338931620121 1.579524204134941 3.059891484677792 125.417561493814 3.530296199023724 1082.244685351849 1.263243280351162 4083.828968442976 3.514821462333202 0.9939344078302383 23.84281037002802 1.250961400568485 12.06878340989351 3.547433502972126 0.3678962215781212 3.428319625556469 913.7208016961813 9.152681991457939 55.81196871399879 334.1387602388859 505.581771813333 4964.864417120814 4.133240394294262 2.607969552278519 0.223763607442379 226.4900572374463 1.737491101026535 0 877.9896613955498 0 24.54697202891111 226.5924351215363 355.9682260602713 45.10676270723343 7.808255903422832 22.06952714920044 382.7794803604484 0.2230648845434189 0 322.9548133462667 1.787582919001579 0 0 0 0 0.2335066720843315 0.2469269186258316 0 384.1576969996095 0 380.8394279554486 0 0 4.617690458893776 0.2663571611046791 4.726373881101608 1.939146600663662 0.1716514229774475 0 55.78642211854458 1.21743044257164 0 212.9740007221699 57.9702959433198 439.1948947757483 0 0 0 28.30244641751051 0 0 4.047617010772228 0 0.3368263617157936 36.27168563753366 9.98033145070076 0.7291438058018684 0 0 8.083814054727554 0
4.18966643512249 67.85779674351215 4936.437935300171 0.8409362807869911 2.134353533387184 14.5115657672286 36.84995628148317 31.37926621735096 5.802301749587059 26.69013990089297 3122.503283135593 6.946580976247787 418.0536150559783 23.16096961125731 0.333896093070507 29.19286108016968 2829.251680828631 3644.673518687487 4240.262341499329 4.174818858504295 65.2008270509541 27.94601534307003 1422.251459725201 24.0588203817606 505.581771813333 10182.25120806694 10920.66758630425 35.61800882220268 31.34428349882364 32.42069262266159 86.51808500289917 13.54707116633654 0.6093952879309654 2119.988036595285 22.79295434057713 1743.381516240537 3737.998544797301 3831.379612825811 1058.510249368846 52.16738237440586 17.41959526389837 177.4318349808455 6.684841133654118 0 192.4896336868405 10.01795339584351 0 0 0 0.6803556531667709 0.8175264000892639 0 0.09824907034635544 361.9531879276037 0.0739012286067009 629.0285388529301 0.5102141126990318 0.0760497972369194 1.130874119699001 1.578037969768047 107.2244034036994 29.0726740732789 0 0.4097532778978348 4.242277562618256 0.3098362535238266 1.48161057382822 240.1125992685556 913.4020519629121 3182.938217505813 0.3473717272281647 0.8111581280827522 0.1435231566429138 302.2802881747484 0 0 8.277657322585583 5.601294532418251 7.432761393487453 121.2497350424528 32.61181963980198 7.023926265537739 0.8563829362392426 0 9.351479083299637 0
9.964100018143654 4383.111150935292 5048.655463248491 2.658856585621834 0.203970342874527 11.00867883116007 174.476833127439 36.07259480655193 227.0367466285825 29.73837550729513 2587.656259596348 2.731360346078873 6034.228893972933 36.42516701668501 1.380750231444836 7311.710880875587 3102.298606708646 1012.06527659297 1339.162033945322 2.091328948736191 1111.03389705345 2379.505463913083 13783.34458255023 1758.371210694313 4964.864417120814 10920.66758630425 29407.00065479428 722.5221466645598 60.20059267431498 109.911695510149 408.2143330946565 5.539636693894863 3.983806610107422 2543.109274670482 68.83284765481949 3799.797428540885 5761.893335878849 6976.925038449466 2007.791416339576 81.42564233392477 14.51993910968304 121.1969838440418 18.5291243493557 0.606608048081398 4380.000758603215 2269.304825603962 0.3846204355359077 0 0.1725931018590927 12.3608249053359 4.143565006554127 14.46247025579214 1.040698766708374 506.5739163458347 0.42706698179245 784.6920741945505 3.144048631191254 0 282.0057770907879 83.01995437592268 162.6527135819197 142.7986044213176 0.3240590170025826 15.41304090619087 819.66547627002 119.5718510821462 46.08650630712509 663.3816748857498 4910.798765793443 23502.66921703517 18.34447103738785 1.188474535942078 2.11661871522665 404.6029521226883 0.2411189377307892 0 40.26162645220757 18.2274052426219 65.13371033966541 672.5566208437085 156.765255279839 29.0036603435874 2.269244156777859 0.5031705275177956 16.08361116796732 0.3081697151064873
172.5571492910385 26.24366018921137 70.38903848081827 2107.291242621839 0.9079593867063522 260.9543111696839 16607.96092554927 191.6730925440788 2403.420255199075 2743.144000060856 3.814905934035778 566.9573887214065 1.039909847080708 288.442826025188 18.13116247951984 5298.958622284234 15.15034703910351 2.094536811113358 4.105869717895985 1002.464788265526 11402.63530831784 407.6422650739551 5162.256402790546 9216.358199082315 4.133240394294262 35.61800882220268 722.5221466645598 24123.22169493139 658.6168929040432 9222.333102330565 0 17.82954286038876 91.62553112953901 618.0270898491144 457.4817872196436 9793.994459941983 1291.342114061117 3604.886785782874 2968.82933305949 228.7277612537146 97.07589760422707 18.16964861750603 71.86498446017504 14.84324476867914 2.245525389909744 31.15865738689899 112.1161109805107 0 3.603556096553802 283.3970637619495 37.8461123034358 515.1933356970549 173.2009457722306 16.74967811256647 41.03308232873678 0.2749212384223938 53.33797926455736 0.952625073492527 1076.175677925348 11.03885085880756 0.8101007342338562 2.047618567943573 88.46807850897312 541.7827753871679 409.7676661759615 355.0596408545971 2834.542283400893 0.3262019455432892 9.066703155636787 235.8033220395446 1913.797549173236 45.91410588473082 145.8997051715851 0.08595290780067444 1.595659218728542 1.076964616775513 55.79972058534622 23.30238924920559 902.314671061933 6.253180220723152 78.43511811643839 5.536269068717957 98.65420743823051 2.281703963875771 3.909005716443062 2.313048504292965
2227.984921708703 0.5999902114272118 15.84126861393452 55.63757077604532 174.846056394279 835.3589483872056 2042.486762881279 3042.115597080439 65.20936246961355 1187.223718687892 43.62690522521734 459.9405225291848 11.67086283117533 7829.380977090448 27.41570516675711 19.85192014276981 43.182662114501 11.13168936222792 14.91564364731312 153.2579849585891 388.1896214224398 3.471629299223423 1107.9825973548 275.2163374125957 2.607969552278519 31.34428349882364 60.20059267431498 658.6168929040432 21915.28037638962 5428.74355692789 0.3818673565983772 1567.684962701052 2264.862994737923 1625.964692078531 127.9417962655425 1048.056989252567 62.9905820786953 2332.238665256649 568.8577342033386 684.2792642265558 249.6909338459373 9.792182430624962 15.72875735163689 1.151080131530762 0 2.467640057206154 0.931593544781208 0 0.09438090026378632 5.598701812326908 1.359797902405262 8.37078133225441 0.7780118361115456 0.750632107257843 0.1877338886260986 0.9584854245185852 1.830602653324604 0 3.417246080935001 0 0 0 0.9208811298012733 3.120869427919388 3.379975132644176 1.112445570528507 59.26530848443508 0.7056964337825775 0.7010622322559357 7.548352047801018 50.76748272031546 2.288075268268585 2.596913486719131 0.1595930904150009 0 0 1.353329434990883 1.998810306191444 21.53688230365515 0.3851226195693016 1.038670897483826 0 1.593121692538261 0 0 0
2634.885511703789 1.219249881803989 55.0362434014678 5.133841589093208 1.373911619186401 139.8782779797912 5100.756625644863 1893.559657119215 48.50425118207932 177.5973157286644 11.5717069581151 1.378120638430119 0.7137570381164551 2214.363395798951 0 171.9223706051707 140.3089536651969 3.56018653512001 10.98323956131935 1.550276309251785 13748.06978549063 7.672375455498695 7457.366808459163 138.4828924238682 0.223763607442379 32.42069262266159 109.911695510149 9222.333102330565 5428.74355692789 16816.26166068017 0.2600125595927238 24.77941809222102 780.8412683978677 4794.693653799593 492.0194241330028 6151.517128519714 805.9447787180543 8489.382917009294 4038.309247978032 126.1622375920415 69.07713961601257 11.80648293346167 58.87905685603619 1.661187000572681 0.7055487781763077 19.33189454674721 0.3699673712253571 0 0.6333519667387009 9.244046613574028 2.881367862224579 26.4308162778616 1.510321088135242 8.639635592699051 0.1743374168872833 0 6.038157731294632 0.1670629978179932 179.6183084174991 2.757501780986786 0 0.2424516901373863 0 91.42207802087069 45.84118209779263 76.15964023023844 261.3108358979225 0 2.077910795807838 61.15809224545956 197.9725159406662 6.184980385005474 28.765271037817 0.3635213002562523 0 0.0938434973359108 2.973497912287712 17.95706871896982 116.6699574962258 0.5335544571280479 4.840853191912174 1.043444745242596 6.647308334708214 0 5.640018045902252 0
