619.5325370654464 0.1616071164608002 59.40501985698938 0.4079824313521385 0.1002580374479294 5.045760847628117 2702.0558443591 526.1818454042077 0.9606991186738014 19.1429528221488 13.4620401635766 0.5514750555157661 0 5657.968990042806 0.1022688522934914 0.1291450560092926 261.0163315162063 16.18986146897078 54.22880464047194 0.3246200680732727 74.84916008263826 0.3228020817041397 325.1299117356539 11.61136419326067 0 167.5282979682088 43.51911273598671 85.2510459125042 3124.781402699649 3184.950430385768 0.09713266044855118 0.2432865351438522 18.17790134996176 195.890806928277 0 6.230565585196018 4.482603199779987 59.18852076679468 8.195090040564537 1.253214299678802 0.7865173816680908 0.3367562294006348 0 0 0 0.3723461329936981 0 0 0 0.1105569079518318 0 0 0 0 0 0 0.3534188568592072 0 0.3636156767606735 0 0 0 0 0.6230224743485451 0 0.1612341552972794 0.9214895367622375 0 0.578916534781456 1.872955724596977 1.193451702594757 0.6831349730491638 0 0 0 0 0 0 0.5475603267550468 0.5394418761134148 0.1093936786055565 0 0 0 0 0
0.1616071164608002 461.2547181919217 3.738829746842384 0.3273487538099289 0.3868355751037598 0.5726257264614105 5.278067134320736 0.924101859331131 356.869581669569 3.43421545624733 51.88086046278477 4.109861969947815 721.6064041852951 0.4180390238761902 9.287086009979248 176.2421303838491 146.4710281789303 5.29371951520443 21.57048044353724 0.30876424908638 16.27207648009062 2011.87658829987 16.95298808813095 865.3709825575352 1415.752952501178 1092.090356744826 8049.128094166517 71.74516245722771 1.819682717323303 0.3531568199396133 133.5698242634535 0.1563943475484848 0 63.58026161044836 0.6006229519844055 175.1838373541832 432.9446320235729 276.1837731972337 39.47851500660181 11.04504560679197 0 57.48793905973434 1.826644331216812 0.1281447410583496 97.42619823664427 50.11958530545235 0 0 0 6.447678551077843 0.7868302538990974 0.3838179111480713 1.032989695668221 2.759925790131092 0 37.06226829439402 0.4115837439894676 0.2666007280349731 8.294090233743191 13.74101240932941 6.531864687800407 24.85000017285347 0.1720186769962311 0.6455433443188667 7.999216124415398 6.917873740196228 9.517758250236511 21.69190817326307 311.6310750991106 2674.642585128546 11.53021282702684 0.3091906532645226 0 4.770122244954109 0 0 6.442784979939461 0 12.58505748957396 146.8531618714333 18.23043158650398 1.600289024412632 1.775848597288132 0 1.944169044494629 0
59.40501985698938 3.738829746842384 5727.500947922468 0.8777790814638138 0.1065308377146721 41.9124666005373 3678.777795672417 1420.059267453849 0.5215214788913727 261.7152807638049 58.98858087509871 2.006695002317429 3.630770958960056 635.5689204335213 0.1838048994541168 2.848429642617702 2290.829086363316 65.58324933052063 175.4212725907564 0.1346715688705444 417.0078749209642 7.845624953508377 13850.09355118871 9.588103517889977 0 6006.431468181312 5726.39300468564 1426.133677482605 90.16519144177437 1182.927106142044 6.058521427214146 1.313059352338314 3.69112440943718 500.8712406829 18.03097698092461 1218.447858855128 1466.882768310606 1856.896296881139 530.5752237737179 53.87938250601292 6.115328297019005 13.59193828701973 7.710350871086121 0.5236218571662903 43.39349862933159 247.0004386156797 0 0 0 15.04259262979031 1.621366135776043 0.6084016859531403 0.1427835375070572 0.9610030949115753 0 2.287230655550957 3.083871878683567 0 11.47257304191589 36.47064320743084 1.64348578453064 3.221444457769394 0 2.602197512984276 14.5898904427886 103.1140098646283 11.30127095431089 1.075370252132416 169.3026835694909 1689.492713078856 21.75606393069029 0.07518552243709564 1.831108450889587 0.8599393516778946 0 0 8.839732550084591 5.167723372578621 33.36584733426571 74.12291148304939 22.13959968835115 5.061072707176208 1.522798135876656 0 0 0
0.4079824313521385 0.3273487538099289 0.8777790814638138 3357.894441157579 4.437408521771431 93.08126631379128 21.30229271948338 29.60821931809187 314.6254109069705 3338.898430094123 2.065009936690331 4931.809050641954 0.5087755024433136 10.275087274611 93.85116426646709 0.6399142444133759 0 0.520148292183876 1.083177000284195 2838.70303388685 0 2.823886454105377 0.100469633936882 806.7861691191792 0.3809637725353241 1.458509184420109 3.901909671723843 3345.3082780689 19.69778532534838 0 0.3246650025248528 0.106726735830307 0.9752834811806679 11.08605173975229 0.9106339514255524 145.3724796697497 1.379025727510452 23.39510767161846 4.787981912493706 83.70118186622858 1.562300331890583 0.351393036544323 0.292559526860714 0.2474997788667679 0.2113245576620102 0 117.6587484627962 0.3598204106092453 1.877681322395802 12.20669733732939 4.637904189527035 23.49530107527971 39.37650211155415 0.4775094538927078 46.68227531015873 0 3.297859497368336 2.551432304084301 0.7937038838863373 0.1065968424081802 0.2244740128517151 0.1048596799373627 33.59731067717075 0 2.118057072162628 0.5211981311440468 115.1242957487702 0 0.2102884352207184 1.849584318697453 199.8656894415617 3.17041777074337 0.6377495974302292 0 0 0 1.510351985692978 0 84.22496577352285 0 6.076555527746677 0.4185995906591415 27.98001067340374 0.7115265652537346 0 0
0.1002580374479294 0.3868355751037598 0.1065308377146721 4.437408521771431 21.38125924766064 423.8187060430646 3.820332884788513 5.792615666985512 59.03910686075687 17.36688476055861 10.71753961592913 159.2664311230183 0.3862387612462044 0.3180475383996964 1533.994059212506 0 0.1283080279827118 2.099901221692562 1.388191163539886 8.245393186807632 0 1.82212271541357 0 28.78999107331038 0.4611946940422058 2.100942552089691 1.070507720112801 9.644733019173145 14.9776409715414 0 0.09732348471879959 36.22117525339127 0.2079611420631409 30.78397911787033 0.282855898141861 69.6351433172822 0.8154164999723434 44.82430300861597 8.360041812062263 2954.103652291 60.60639041662216 0.2414179742336273 4.806701645255089 0 0 0 0 0 0 0 0 0 0 0 0 0 0 0 0 0 0 0 0 0 0 0 0.1322090178728104 0 0 0 0.1631715148687363 0 0 0 0 0 0 0 0 0 0 0 0 0 0 0
5.045760847628117 0.5726257264614105 41.9124666005373 93.08126631379128 423.8187060430646 6778.986743189394 1350.264065004885 4705.518882296979 94.24572061002254 12099.90189836919 64.35530320554972 2495.479437790811 6.372538700699806 224.5954425558448 1549.174272023141 2.996675208210945 6.191699713468552 23.16418971121311 16.55513860285282 57.41040957719088 2.384583979845047 5.937667094171047 9.482733443379402 232.7494590431452 0.7722820639610291 39.19633600860834 31.9495685249567 654.0354461595416 151.7668679058552 2.933700419962406 1.763023741543293 28.16654137521982 9.181192949414253 310.0039218440652 4.55143940448761 407.0170895457268 17.9978816434741 377.8952842354774 55.2796686142683 1978.821609295905 521.1722496673465 6.898731544613838 10.92232499271631 0 0.6061456352472305 0.2254143506288528 7.538652114570141 0 0.2864572554826736 6.861989952623844 1.019706562161446 4.149223372340202 9.048045419156551 0 4.578665837645531 0.4833519756793976 0.2180148437619209 0 1.095227897167206 0 0 0 7.707452900707722 0.2425107061862946 1.272819377481937 1.800567321479321 55.09096923470497 0 0.1108555123209953 5.314553529024124 83.23868089169264 1.724047869443893 0.8877392113208771 0.1104089990258217 0 0 0.3472762852907181 0 31.66030403226614 0.1243083029985428 2.48219607770443 0 6.926190808415413 0.2950058877468109 0.489463746547699 0
2702.0558443591 5.278067134320736 3678.777795672417 21.30229271948338 3.820332884788513 1350.264065004885 10064.23699119687 7406.203420996666 147.2242927178741 6730.446416400373 56.27180650830269 25.72444728761911 5.443097516894341 9004.6944892928 19.88861104100943 71.11117646098137 445.3475823104382 34.36015167832375 62.44715377688408 5.864687144756317 660.8508381918073 81.52859315276146 2255.604657240212 445.3964664489031 1.489524662494659 757.5248492583632 861.0840242356062 12745.99538819492 2936.195711314678 4931.930784404278 4.111284293234348 8.195827446877956 371.3551114052534 723.896272867918 46.34185068309307 2478.302130416036 148.6912112310529 1591.030509456992 741.8421139419079 224.1784116998315 99.50896921008825 8.136220879852772 41.32744012773037 1.054849475622177 2.93457218259573 23.08545085787773 12.04097175598145 0 1.931459665298462 44.6714703515172 3.059835903346539 18.12029852718115 23.72533149272203 1.517993755638599 3.355706319212914 0.2169492766261101 2.368572376668453 0.3943973854184151 46.5282601416111 2.73105488717556 0.6457390934228897 0.178723007440567 18.54101897776127 18.15135135501623 38.01860044896603 58.90062237530947 305.6892014890909 0.9663247838616371 9.239689111709595 287.6544891819358 472.8601667582989 6.729077011346817 14.31880281865597 0.2472571134567261 0 0.1545654684305191 2.784178175032139 13.11083690822124 133.6274971291423 5.764389805495739 12.58971118927002 3.472746580839157 27.98887491971254 1.295645125210285 0 0.9629745185375214
526.1818454042077 0.924101859331131 1420.059267453849 29.60821931809187 5.792615666985512 4705.518882296979 7406.203420996666 10588.48364090919 5.945005215704441 4621.536792449653 118.1025915145874 993.1225077956915 13.36859724670649 6970.512338213623 103.0262768268585 2.03795475512743 721.8625199571252 73.14737843722105 134.9203560203314 71.44505892693996 81.62609671056271 1.872095867991447 899.1290986165404 38.025374956429 0.4344007521867752 745.0666816905141 325.4625021517277 348.2248966023326 495.2206000573933 567.8087258040905 2.822311393916607 2.409408926963806 18.52112773060799 595.7448555156589 6.654204726219177 859.1094752326608 69.04301929473877 563.9100210219622 80.05286396294832 961.2168264836073 310.9218614026904 11.65897659212351 21.06483882665634 0 0.3505924865603447 5.190148174762726 1.008939765393734 0 0 2.429403141140938 0.1301822662353516 1.224642351269722 1.064986780285835 0.1143527999520302 1.264720521867275 0.1899339705705643 0 0 2.040180534124374 0.5590697228908539 0 0.7494071498513222 0.5500482097268105 0.2704542353749275 2.542434491217136 6.065105259418488 14.79626953601837 0 3.268246233463287 61.0161696523428 24.19734805077314 0.1160872429609299 0.8195773810148239 0 0 0 0.690398283302784 4.419360905885696 6.362865626811981 1.194501750171185 1.608402825891972 0 2.673161938786507 0 0 0
0.9606991186738014 356.869581669569 0.5215214788913727 314.6254109069705 59.03910686075687 94.24572061002254 147.2242927178741 5.945005215704441 974.9646839126945 589.1753311306238 5.998237557709217 404.9145994633436 45.51425372064114 3.548986993730068 546.0725473985076 8.187920942902565 0.5041893869638443 1.140611067414284 0.5903067737817764 224.6393396556377 2.091323018074036 2803.235170073807 0.9929862022399902 9574.340447477996 247.8657982423902 18.87157591432333 362.2069098204374 2722.872722901404 11.71336666494608 43.17402413487434 23.0186777561903 0.1140323206782341 4.25127612054348 6.488779358565807 0.8032668828964233 43.71293813735247 6.647826425731182 16.17659806460142 5.986117482185364 159.5944256111979 1.130928263068199 0.6607032120227814 0.6718209385871887 0.7801006436347961 2.734288275241852 0.990288145840168 118.0123840272427 0 4.730197928845882 40.67444822192192 3.375102832913399 30.92475311458111 104.7409162893891 0.9703691229224205 131.2427585870028 0.5259688645601273 2.787019021809101 0.1665513962507248 71.87097031623125 0 0.1990688443183899 0 143.4450519382954 27.26336634904146 79.4628950804472 33.39109119027853 861.8354703038931 1.762934550642967 1.683401539921761 12.74976611882448 805.1899933665991 8.250510305166245 10.28313899040222 0.2411437258124352 0 0.3252811133861542 2.311286672949791 0.324173241853714 40.290388263762 0.4519292861223221 10.92866457998753 1.82245834171772 77.42428792268038 1.993537463247776 0 0
19.1429528221488 3.43421545624733 261.7152807638049 3338.898430094123 17.36688476055861 12099.90189836919 6730.446416400373 4621.536792449653 589.1753311306238 15735.20559367537 147.4590855464339 9762.099929139018 13.96129274368286 1167.218314044178 224.1787183508277 11.05991832911968 33.79914174973965 63.41072228550911 51.06166891008615 4108.671508707106 12.76658151298761 21.59342191368341 45.41455067694187 2033.703478068113 1.263180740177631 139.2616256847978 124.4443500339985 9039.612657114863 1105.580482818186 10.79659557342529 6.285201214253902 14.41597568243742 42.6558083742857 751.0150825753808 29.99785250425339 2277.338767237961 51.61125136166811 1722.213014386594 305.5791441351175 559.4613331928849 152.8224823102355 13.73338078707457 50.75654231756926 1.099613919854164 1.262374684214592 2.197325214743614 106.1018066480756 0 6.331741593778133 93.20484459400177 11.5424632653594 31.49760488420725 134.9154199510813 0.9486012756824493 104.0177549645305 0.4188606590032578 6.079281114041805 0.2350033670663834 9.549352191388607 0.2936338484287262 0.4817528128623962 0.1072306782007217 122.4120944663882 2.078865505754948 5.336242124438286 5.461945496499538 609.0051559507847 0.1031973510980606 2.228110030293465 26.30696788430214 989.5119231343269 6.977741926908493 5.144103854894638 0.1847931444644928 0.1509638428688049 0.2525613009929657 3.929986409842968 3.551541149616241 387.4826154261827 1.443851634860039 19.15081681311131 4.142655476927757 120.8408998474479 3.978390105068684 0 0.1353866904973984
13.4620401635766 51.88086046278477 58.98858087509871 2.065009936690331 10.71753961592913 64.35530320554972 56.27180650830269 118.1025915145874 5.998237557709217 147.4590855464339 10517.5207844153 92.87241798639297 1656.744358964264 109.4068998992443 0.9293023645877838 4.953896589577198 532.5378254875541 3441.861514925957 783.5698119029403 9.807702027261257 39.23162104189396 12.05811253190041 65.19299204647541 14.07266163825989 407.289765521884 1623.924756750464 506.4386875703931 31.04876144230366 427.9797189682722 33.84263551980257 241.8815274387598 112.8032243326306 7.162154018878937 5517.18433431536 22.7547327876091 821.3065503686666 4665.332031905651 6555.209786094725 1414.913568355143 51.43537989258766 84.10372920334339 1608.841117814183 14.93934555351734 0 1.695204243063927 0.5105175822973251 0 0 0 0.5670549347996712 0 0.3418139815330505 0 274.1139658838511 0.1849686950445175 361.9762600362301 0 0 1.150563053786755 0 6.713188335299492 0.2643226683139801 0 0.2523491680622101 0.347072422504425 0.2877676784992218 2.45648717880249 84.3423095792532 178.0099565386772 147.4693704247475 5.355755411088467 0 0 153.7532805651426 0 0 0.2910201400518417 2.985971957445145 20.63140150904655 225.830610960722 4.258837901055813 0.1231475174427032 0.1904207020998001 0 99.56241676211357 0
0.5514750555157661 4.109861969947815 2.006695002317429 4931.809050641954 159.2664311230183 2495.479437790811 25.72444728761911 993.1225077956915 404.9145994633436 9762.099929139018 92.87241798639297 6464.814297012985 8.568105861544609 218.5404204949737 1809.306028291583 0 1.804510802030563 35.38958599418402 28.7065729573369 4250.886238649487 0.9141013994812965 33.36375992000103 1.211824342608452 668.4353191778064 3.181833013892174 49.66288208216429 25.51348345726728 1121.588243842125 268.1345266848803 1.517240352928638 3.854468949139118 4.86683351546526 1.021484054625034 288.7564006373286 12.73476625978947 1135.406457766891 11.83795990794897 660.3856404051185 35.53854748606682 1358.702237926424 54.25999019294977 8.714378401637077 9.958309635519981 0 0 0 58.03639816492796 0.5610081031918526 9.485462084412575 6.105269506573677 8.698579072952271 6.663360744714737 55.2283622995019 2.430476613342762 146.3652171269059 0.09948631376028061 6.834420524537563 3.843850240111351 0.5074492692947388 0 0.4682165458798409 0 126.7614292502403 2.074593506753445 0.7568371444940567 0.2782338038086891 76.06459446251392 0 1.243328653275967 0.6699984520673752 135.359723418951 2.948122926056385 0.7465170621871948 0.1677263975143433 0 0 2.176316119730473 4.454224348068237 180.44565384835 0.3160547092556953 5.936476774513721 0.2112560719251633 77.56384832412004 1.501948043704033 0.2689127326011658 0
0 721.6064041852951 3.630770958960056 0.5087755024433136 0.3862387612462044 6.372538700699806 5.443097516894341 13.36859724670649 45.51425372064114 13.96129274368286 1656.744358964264 8.568105861544609 2470.532250359654 3.487416468560696 1.667945683002472 9.66559386998415 2.023075617849827 50.34290123730898 6.896074488759041 1.02235159277916 2.228768885135651 146.9120042845607 8.07147903740406 62.47528870403767 4750.914687104523 295.9345254302025 5702.53753477335 11.61088795214891 6.601360134780407 1.712180465459824 637.6480977088213 2.1986935287714 1.530494198203087 545.0175125226378 46.92139154672623 1355.483630120754 5056.089194111526 2281.83365919441 415.0244577527046 45.91121257096529 54.23872570693493 1708.625437431037 21.04208057373762 0.118250884115696 8.084023796021938 0.4653481096029282 0 0 0 0 0 0.5043293312191963 0 688.4388202950358 0 827.6895548179746 0.08806426078081131 0 0.4114637076854706 0 12.53765139728785 1.301579467952251 0.111254908144474 0.7641099691390991 0.3209435194730759 0.3912732750177383 0.4144937247037888 363.0289412364364 357.9479119554162 338.588576592505 0.3966160714626312 0 0 292.6066644713283 0 0 0.9777575954794884 10.20353943109512 62.7763108164072 433.2410589829087 7.556811735033989 0.1291979402303696 0.4022283330559731 0 245.7486939579248 0.5048612952232361
5657.968990042806 0.4180390238761902 635.5689204335213 10.275087274611 0.3180475383996964 224.5954425558448 9004.6944892928 6970.512338213623 3.548986993730068 1167.218314044178 109.4068998992443 218.5404204949737 3.487416468560696 7719.583030126989 3.093623615801334 1.382110126316547 717.4994879215956 69.58213844150305 150.8205060362816 27.07577808946371 111.4661368057132 0.6342448443174362 1016.921904325485 44.09045130759478 0 583.8481887318194 214.1379658505321 357.4659629277885 2911.978160269558 1772.271587774158 1.945663705468178 4.408228375017643 21.75909243524075 590.4397416487336 2.579510413110256 240.9841416552663 25.75359292328358 291.5834982097149 29.6068637445569 139.8720815777779 62.22196518629789 3.326098076999187 6.285746492445469 0 0.6941490694880486 0.6015375033020973 0.2692638412117958 0 0 1.117938712239265 0 1.100821286439896 0.3842758983373642 0 0 0 0 0 2.111299000680447 0 0 0.2849013805389404 0.4324955567717552 1.375422656536102 0.8963526636362076 1.795400738716125 9.150601044297218 0 2.185710847377777 24.52539539337158 12.73975392431021 0 0.4054873138666153 0 0 0 0.1079508289694786 0 2.76440916210413 3.163849487900734 0.562692254781723 0 1.244924157857895 0 0 0.1652472019195557
0.1022688522934914 9.287086009979248 0.1838048994541168 93.85116426646709 1533.994059212506 1549.174272023141 19.88861104100943 103.0262768268585 546.0725473985076 224.1787183508277 0.9293023645877838 1809.306028291583 1.667945683002472 3.093623615801334 422.0966792851686 0.1774230897426605 0.1084336042404175 0.2590977698564529 0.1372038573026657 190.0641506612301 0 63.11941173672676 0.125343069434166 772.7920365706086 7.639807626605034 1.707476153969765 13.06633999198675 194.7130653560162 2.110267244279385 0 0.6470832899212837 34.00508227944374 0.2064614966511726 3.681403517723083 0 57.54666160792112 0.3639702200889587 4.571561753749847 0.6719599589705467 1154.518441006541 19.38343368470669 0.1994410753250122 0.1900541931390762 0 0 0 0.253713883459568 0 0 0.3322034180164337 0 0.6204977929592133 0.1963596940040588 0 1.203559800982475 0 0 0 1.275019466876984 0.3400342762470245 0 0 0.2424052134156227 1.327147088944912 2.759582102298737 1.445035040378571 4.867529712617397 0 0 0.5350478440523148 6.471355214715004 0.1235038414597511 0 0 0 0 0 0 4.917148843407631 0 0 0 0.1458112299442291 0 0 0
0.1291450560092926 176.2421303838491 2.848429642617702 0.6399142444133759 0 2.996675208210945 71.11117646098137 2.03795475512743 8.187920942902565 11.05991832911968 4.953896589577198 0 9.66559386998415 1.382110126316547 0.1774230897426605 12376.36596433818 32.07340756803751 0.5256050527095795 4.815964624285698 0 2431.044148214161 1846.533178009093 5163.820984736085 1720.683690458536 52.50838334858418 19.69645725190639 4397.562287777662 1163.709111489356 8.675270698964596 160.7880789339542 4.370625697076321 0 5.89409114420414 112.9507043138146 11.52025127410889 1352.524213053286 710.8159809485078 355.6221551224589 422.979818046093 45.8839588612318 3.286956913769245 17.58625060319901 21.95154698193073 0.9877290725708008 4.860757544636726 37.00555212050676 0 0 0.09262917935848236 14.38072929531336 1.227394312620163 4.934879742562771 0.6555585488677025 0.7306749820709229 0.1234337165951729 2.672471970319748 0.5644309669733047 0.1391717195510864 2679.957641482353 2.041019216179848 0.2366997003555298 1.289691150188446 0 332.0816117599607 1178.021205917001 2376.71542070061 130.6359038501978 0 8.512141644954681 1527.786733105779 204.8171553388238 3.176498427987099 16.92246045172215 0.3702756315469742 0 0.497548907995224 3.226744495332241 5.617108687758446 324.9940550774336 10.88942667096853 8.899731457233429 7.130880989134312 0 0.1384028047323227 3.287812650203705 1.738255366683006
261.0163315162063 146.4710281789303 2290.829086363316 0 0.1283080279827118 6.191699713468552 445.3475823104382 721.8625199571252 0.5041893869638443 33.79914174973965 532.5378254875541 1.804510802030563 2.023075617849827 717.4994879215956 0.1084336042404175 32.07340756803751 966.1592447385192 455.2080480456352 6979.636506691575 0.110782578587532 154.3323519453406 32.04286383837461 2817.982417546213 37.5243204459548 1.654306516051292 5532.440877586603 7014.4407909289 188.2096679732203 560.6538185477257 856.10823777318 4.573858007788658 0.5457227826118469 32.80377189815044 1275.532261073589 3.251715824007988 374.1616491824389 1316.021150946617 673.3409590274096 141.6977212578058 15.93261706084013 1.194647237658501 9.47385223954916 2.292728945612907 0 19.6587788388133 34.88046578317881 0 0 0 4.175248578190804 0.3903277143836021 0.3044017031788826 0.5792592763900757 0.7674881368875504 0 3.231445126235485 0.2226218804717064 0 4.813331693410873 14.3128167539835 2.927768304944038 26.77696710824966 0 1.058780029416084 6.220335334539413 11.91128531098366 4.291020393371582 1.475617587566376 190.9794421643019 583.5026933476329 5.422422774136066 0 0 0.7466415017843246 0 0 1.681671909987926 0.353341817855835 9.949735350906849 194.6789199635386 9.429355829954147 2.375232070684433 0.3579058945178986 0 0.1143906861543655 0.1965137273073196
16.18986146897078 5.29371951520443 65.58324933052063 0.520148292183876 2.099901221692562 23.16418971121311 34.36015167832375 73.14737843722105 1.140611067414284 63.41072228550911 3441.861514925957 35.38958599418402 50.34290123730898 69.58213844150305 0.2590977698564529 0.5256050527095795 455.2080480456352 79.54626278579235 932.2691317200661 3.47099132835865 10.26512090861797 2.10231326520443 45.47170178592205 3.726328551769257 8.310005754232407 1219.396708957851 913.4534021168947 16.43579995632172 156.6462323144078 37.26002864539623 180.7872363179922 26.0526591911912 5.294904321432114 1581.934364162385 2.883441761136055 461.4106983467937 888.6556841880083 1596.825942315161 373.8740299940109 20.44892013072968 5.470535688102245 13.90822429955006 2.474849082529545 0 1.854047894477844 1.082313627004623 0 0 0 0.09714976698160172 0 0.08278431743383408 0 8.017388939857483 0 20.04302400350571 0 0 0.4576979279518127 0.4921655133366585 3.535418033599854 1.171637967228889 0 0 0.7412567287683487 0 1.1817706823349 10.4382541924715 89.67265681177378 102.1571437492967 1.207933835685253 0 0 12.18699932098389 0 0 0.5092619955539703 2.035230308771133 6.229430720210075 27.5074325427413 0.5354954302310944 0 0 0 0.3228077590465546 0
54.22880464047194 21.57048044353724 175.4212725907564 1.083177000284195 1.388191163539886 16.55513860285282 62.44715377688408 134.9203560203314 0.5903067737817764 51.06166891008615 783.5698119029403 28.7065729573369 6.896074488759041 150.8205060362816 0.1372038573026657 4.815964624285698 6979.636506691575 932.2691317200661 1146.734625190496 3.266980156302452 57.89911116659641 3.771244294941425 341.6471807584167 6.596161395311356 2.120709396898746 1384.758278042078 1600.708583578467 39.65672092139721 270.1156148537993 199.0720703974366 24.07254466414452 19.33311662077904 13.7884851321578 3221.796576328576 4.844264388084412 584.9174696952105 1030.185599088669 1965.326150678098 351.2158517315984 26.69847167283297 1.795659087598324 2.100044295191765 1.671527042984962 0 6.059885114431381 4.200760684907436 0 0 0 1.031070321798325 0 0.1414425522089005 0.187645897269249 1.396319054067135 0.3084642887115479 7.582833804190159 0 0 1.221228942275047 1.385548904538155 3.298188395798206 33.11905512213707 0 0.6067901849746704 0.3909906297922134 2.230860531330109 1.62267828732729 4.098609037697315 193.0546821504831 310.8402602523565 1.003281578421593 0 0 2.88557405769825 0 0 2.490402899682522 0.1837593168020248 4.735238842666149 120.0141135975718 3.616239093244076 0.8312968015670776 0 0 0 0
0.3246200680732727 0.30876424908638 0.1346715688705444 2838.70303388685 8.245393186807632 57.41040957719088 5.864687144756317 71.44505892693996 224.6393396556377 4108.671508707106 9.807702027261257 4250.886238649487 1.02235159277916 27.07577808946371 190.0641506612301 0 0.110782578587532 3.47099132835865 3.266980156302452 401.5628617405891 0 1.654500409960747 0.09648282825946808 151.3090913891792 0.1186148077249527 5.092506058514118 1.956378862261772 2167.642902471125 51.76445244252682 0.1944437325000763 0.3246130794286728 0.8330798447132111 0.8665044233202934 33.72421586513519 1.107526287436485 274.310244448483 4.224918283522129 93.48646932840347 10.3249362334609 203.5483027398586 8.395928151905537 1.726724579930305 4.906130015850067 0 0 0 39.46354649215937 0 0.6761496514081955 7.020302839577198 1.865668505430222 5.4754928201437 15.75806200504303 0.1548702716827393 29.75631541758776 0 0 0.1297059804201126 0.2917231321334839 0 0 0 17.08250948041677 0 0.17096908390522 0 59.06023968011141 0 0 0.4876251071691513 115.4347530156374 0.6071741133928299 1.669410407543182 0 0 0.1003478914499283 0.7944732904434204 0 80.84155955910683 0.1375612765550613 0.6729792430996895 1.020488530397415 19.6037570759654 0 0 0
74.84916008263826 16.27207648009062 417.0078749209642 0 0 2.384583979845047 660.8508381918073 81.62609671056271 2.091323018074036 12.76658151298761 39.23162104189396 0.9141013994812965 2.228768885135651 111.4661368057132 0 2431.044148214161 154.3323519453406 10.26512090861797 57.89911116659641 0 12549.47186649591 100.430659070611 15963.33808796853 321.9277992099524 6.02723803371191 36.0033658221364 1885.107709564269 2956.537380196154 323.4824727401137 13418.44444551319 0.6942166164517403 0.5077992007136345 67.99940288811922 4034.33098782599 52.67356067895889 3785.073675081134 1996.536800213158 4986.568918190897 2137.11815688014 108.4911887049675 13.97680995613337 9.798902496695518 57.29962657392025 0.6447123736143112 0.9807110726833344 5.605818316340446 0 0 0 2.783996567130089 0.08419402688741684 1.253047406673431 0 0.1136414632201195 0 0.3838604092597961 1.031196057796478 0.1561254858970642 423.2427062466741 0.2462481260299683 0.2833550944924355 0 0 135.0503516867757 139.4768102169037 386.6263161301613 39.87924551218748 0.1423999667167664 2.455231241881847 120.7581400722265 79.99901977181435 1.734975650906563 11.33163850754499 0 0 0.6086742877960205 0.5167640522122383 21.54850159585476 139.7823802530766 1.722161114215851 0.5576927289366722 0.6047105640172958 1.435586929321289 0 0 0.6893360316753387
0.3228020817041397 2011.87658829987 7.845624953508377 2.823886454105377 1.82212271541357 5.937667094171047 81.52859315276146 1.872095867991447 2803.235170073807 21.59342191368341 12.05811253190041 33.36375992000103 146.9120042845607 0.6342448443174362 63.11941173672676 1846.533178009093 32.04286383837461 2.10231326520443 3.771244294941425 1.654500409960747 100.430659070611 1814.063821144402 163.400101929903 7107.530885100365 835.3756159096956 81.96949049830437 4222.826685227454 642.135002464056 4.837224557995796 43.88701904565096 67.1447461694479 0 4.010271154344082 13.69998587667942 0 48.90487470477819 26.67080734670162 43.37375703454018 13.92857082933187 22.38935053348541 0 5.213840752840042 0.426690012216568 1.274673104286194 36.57676374167204 41.76671730726957 0 0 0.3739499598741531 10.87790823727846 0.780810073018074 5.758844561874866 1.508049413561821 0.595882847905159 0 1.046417817473412 0.6825851649045944 0.3245048075914383 898.1600873842835 3.289944194257259 0.2982855141162872 0.5212425068020821 0.21658606082201 86.50055618584156 517.0642451420426 499.0698697641492 123.9394407123327 0.3941309005022049 22.19141183048487 2093.656230300665 111.9631477445364 4.34510899335146 8.83293741196394 0.8475943952798843 0 0 3.00673808157444 0 22.38376503437757 8.160924822092056 6.647937878966331 4.613685972988605 0.702840730547905 0.2911987453699112 0 0
325.1299117356539 16.95298808813095 13850.09355118871 0.100469633936882 0 9.482733443379402 2255.604657240212 899.1290986165404 0.9929862022399902 45.41455067694187 65.19299204647541 1.211824342608452 8.07147903740406 1016.921904325485 0.125343069434166 5163.820984736085 2817.982417546213 45.47170178592205 341.6471807584167 0.09648282825946808 15963.33808796853 163.400101929903 16669.33268400282 189.0907882153988 3.706603050231934 2161.862128257751 10530.56841365248 3255.224798694253 678.1912135183811 7552.710476487875 2.56553290784359 1.351161897182465 48.42923993617296 2851.110853113234 171.0599440634251 11153.29769003391 6253.615938827395 10288.2540493533 6891.938643917441 527.0905335620046 42.62509743869305 39.56751253455877 167.6188537329435 0.3805470019578934 11.37452908605337 165.4187187179923 0 0 0 24.03472393006086 2.737004287540913 1.782352343201637 0.809366337954998 1.164626054465771 0 0.3521370142698288 3.10656850785017 0.3235601782798767 1463.968719139695 8.161264501512051 0.337381973862648 3.404195412993431 0 102.9648926109076 460.3929799124599 1529.9983933568 62.60950274020433 0.2565400674939156 21.65378487855196 2305.191907167435 104.5984550565481 1.032955624163151 5.085948742926121 0 0 0.4523629546165466 2.561635941267014 64.16033118963242 179.4210033267736 18.19625950604677 24.43562793731689 23.37050545960665 2.166200369596481 1.525428652763367 0.8807305097579956 1.89042454957962
11.61136419326067 865.3709825575352 9.588103517889977 806.7861691191792 28.78999107331038 232.7494590431452 445.3964664489031 38.025374956429 9574.340447477996 2033.703478068113 14.07266163825989 668.4353191778064 62.47528870403767 44.09045130759478 772.7920365706086 1720.683690458536 37.5243204459548 3.726328551769257 6.596161395311356 151.3090913891792 321.9277992099524 7107.530885100365 189.0907882153988 5002.200089074671 391.7597783356905 58.10342493653297 2678.827374905348 6998.137133724988 301.2339517250657 384.0027679651976 35.1099903061986 1.615698002278805 136.7870071530342 253.0179468542337 20.28159207105637 1781.749268248677 155.3523329719901 410.3127020969987 274.2520394027233 377.7531378790736 27.28317811340094 25.43385334312916 37.28100723773241 12.1096930578351 10.71970508247614 15.9323561117053 140.5270468592644 0.2229853123426437 10.33801275491714 267.3687832802534 17.84825527667999 271.6146662533283 182.6586327329278 6.458249166607857 98.17223835736513 2.543742105364799 21.08444112539291 1.619964368641376 916.9863754883409 1.923199325799942 1.747502095997334 0.9154252558946609 165.3654640093446 516.451414309442 442.1962721720338 332.0572203025222 2623.797101482749 0.8583047240972519 14.4338044449687 317.8641709238291 3746.985722370446 79.39838039875031 257.523712426424 0.3467440605163574 0.6408617869019508 4.216970592737198 16.82632426917553 4.948049925267696 821.7152631208301 9.067621544003487 72.27702185511589 17.98274343460798 234.6023768410087 17.21235722303391 2.627179026603699 6.563976235687733
0 1415.752952501178 0 0.3809637725353241 0.4611946940422058 0.7722820639610291 1.489524662494659 0.4344007521867752 247.8657982423902 1.263180740177631 407.289765521884 3.181833013892174 4750.914687104523 0 7.639807626605034 52.50838334858418 1.654306516051292 8.310005754232407 2.120709396898746 0.1186148077249527 6.02723803371191 835.3756159096956 3.706603050231934 391.7597783356905 379.983680292964 246.7943901196122 3998.490192823112 26.97432244569063 0.23348218947649 0.6760564967989922 488.8496355116367 0 0 147.5667235925794 0 19.43761206418276 190.1930748447776 274.5436361506581 74.38069105893373 4.385648652911186 7.826561033725739 583.7431223392487 2.55316436290741 0 34.33674189448357 1.339068502187729 0.1371070891618729 0 0 0.2164841592311859 0 0.5563666820526123 0 144.33517383039 0 249.4228946045041 0 0 0.6921355128288269 0.1044060438871384 5.43162989616394 2.104917138814926 0 0 2.653593488037586 0.1560530066490173 0.8629648610949516 83.81753265112638 244.0605765804648 699.3433239981532 0.8458420038223267 0 0 81.46053539216518 0 0 1.903062462806702 0 1.670560941100121 53.08905404806137 4.648755386471748 0 0.1400483697652817 0 43.62669967114925 0
167.5282979682088 1092.090356744826 6006.431468181312 1.458509184420109 2.100942552089691 39.19633600860834 757.5248492583632 745.0666816905141 18.87157591432333 139.2616256847978 1623.924756750464 49.66288208216429 295.9345254302025 583.8481887318194 1.707476153969765 19.69645725190639 5532.440877586603 1219.396708957851 1384.758278042078 5.092506058514118 36.0033658221364 81.96949049830437 2161.862128257751 58.10342493653297 246.7943901196122 26797.34280648082 15792.66384838521 244.5571880042553 471.1925682723522 290.1562145873904 688.7549081817269 28.91931146383286 15.04124939441681 1996.20318800211 26.42838632315397 3710.976783871651 8702.873798392713 5488.462556622922 1331.129366613925 158.4911669120193 12.5575982183218 58.67376459389925 13.03847792744637 0.447224423289299 195.3882023245096 114.3079077675939 0 0 0.1024288013577461 16.23391202837229 0.9649194628000259 1.076072290539742 1.613583847880363 109.65141710639 0 351.6032325997949 1.359195396304131 0 13.72231937944889 50.2486282363534 76.18245489150286 445.8671686649323 0 2.116324849426746 8.164774037897587 12.13866285979748 21.32906334102154 182.1229950934649 2614.974493205547 5234.863806642592 24.08991096913815 0.3261308595538139 1.802449256181717 166.672533467412 0 0.2234108224511147 22.23989251255989 7.684126131236553 60.70039894431829 1323.810252964497 72.55062288790941 13.37230721861124 1.680734530091286 0.1225054636597633 4.611640319228172 0.654886394739151
43.51911273598671 8049.128094166517 5726.39300468564 3.901909671723843 1.070507720112801 31.9495685249567 861.0840242356062 325.4625021517277 362.2069098204374 124.4443500339985 506.4386875703931 25.51348345726728 5702.53753477335 214.1379658505321 13.06633999198675 4397.562287777662 7014.4407909289 913.4534021168947 1600.708583578467 1.956378862261772 1885.107709564269 4222.826685227454 10530.56841365248 2678.827374905348 3998.490192823112 15792.66384838521 32453.79659239948 3039.051452092826 151.6123250871897 118.5547325760126 1694.011891521513 10.76420598477125 7.855528965592384 2913.408129639924 95.90696980804205 7544.276690766215 5313.969324357808 10894.74805422127 3508.542707078159 388.3761011138558 25.74793560057878 61.14551152288914 63.44864566624165 2.907013319432735 1448.206143438816 999.3396811932325 0.7519188299775124 0.245636522769928 0.8688694909214973 134.3567459136248 15.11621502786875 13.14621026068926 8.96919246762991 174.1863130703568 0.281154677271843 504.3136910274625 21.62663608044386 0.4567504376173019 714.195243448019 158.1158478856087 103.0512904822826 394.0691439434886 0.09613864868879318 35.80136696249247 1063.553588576615 1406.415867432952 214.1445951908827 639.513080239296 3686.863156855106 21812.39256556332 272.2911810949445 5.357957325875759 10.02076964825392 244.4173328280449 0.1307592540979385 0.3632694482803345 55.12342851608992 30.99072015285492 231.3775971084833 1296.106136485934 198.6329819113016 67.47706216573715 8.03055839240551 0.4112139493227005 7.04634465277195 0.5041690915822983
85.2510459125042 71.74516245722771 1426.133677482605 3345.3082780689 9.644733019173145 654.0354461595416 12745.99538819492 348.2248966023326 2722.872722901404 9039.612657114863 31.04876144230366 1121.588243842125 11.61088795214891 357.4659629277885 194.7130653560162 1163.709111489356 188.2096679732203 16.43579995632172 39.65672092139721 2167.642902471125 2956.537380196154 642.135002464056 3255.224798694253 6998.137133724988 26.97432244569063 244.5571880042553 3039.051452092826 15914.26892123371 1903.540301017463 8166.355611287057 4.901741996407509 6.127923384308815 961.4595498517156 2435.954558975995 82.91716856509447 7887.085117191076 594.07163964957 3436.591024130583 2076.199332647026 572.5508482381701 120.5453143194318 25.58710283786058 99.31535073369741 17.59501545131207 8.020934902131557 33.21132152527571 167.2258038893342 0.2187192663550377 11.1857213228941 329.1780969202518 23.0324048474431 211.3958793729544 229.5627544149756 7.022325702011585 77.50346042215824 6.142492413520813 30.1631201133132 1.460230305790901 611.6830962598324 3.336364202201366 2.197593457996845 1.350523665547371 185.6283077299595 341.2932112812996 212.6314639374614 235.7915676981211 2829.745985880494 1.674767799675465 15.24271683394909 450.5132515728474 4126.598620139062 86.40650809556246 305.5500304847956 0 0.7140226140618324 4.550118267536163 20.1617815643549 18.95944218337536 1041.18732367456 9.49515575170517 90.94528196007013 25.04464894533157 300.1233789697289 17.42428923398256 5.388110190629959 10.83458344638348
3124.781402699649 1.819682717323303 90.16519144177437 19.69778532534838 14.9776409715414 151.7668679058552 2936.195711314678 495.2206000573933 11.71336666494608 1105.580482818186 427.9797189682722 268.1345266848803 6.601360134780407 2911.978160269558 2.110267244279385 8.675270698964596 560.6538185477257 156.6462323144078 270.1156148537993 51.76445244252682 323.4824727401137 4.837224557995796 678.1912135183811 301.2339517250657 0.23348218947649 471.1925682723522 151.6123250871897 1903.540301017463 15745.74772153795 7394.040562406182 6.468852065503597 739.5378961786628 2908.37572041899 4007.603965014219 3.08624441921711 172.8493751585484 40.70171653479338 1284.663103990257 122.583304092288 61.76293028891087 256.9932770803571 2.217113427817822 4.468468591570854 0 0.09211302548646927 0.7869932800531387 1.129017859697342 0 0.1340644806623459 4.088259913027287 0.752053789794445 2.988421283662319 0.4146035462617874 0.1042694896459579 0 0.5065576285123825 0.1106156781315804 0 16.95922985672951 0.2192423939704895 0 0.5712141990661621 0.6756952181458473 11.81801832467318 3.008819006383419 5.178419634699821 37.60907147824764 0.1905582100152969 2.598859831690788 12.46637164801359 57.25627069175243 1.45549476146698 6.426187172532082 0.1381278783082962 0 0 0.1474780887365341 0.3470056653022766 25.922960460186 2.824558310210705 0.4385837316513062 0 6.576768085360527 1.546939209103584 0 0.1058542132377625
