572.272840872407 0.7679666206240654 57.08725798502564 29.47595237195492 0.107674777507782 72.96200594305992 500.7075870260596 643.4215494841337 7.583285868167877 386.2628117501736 2.828261457383633 15.90331757068634 0 2525.398726984859 2.79233293235302 1.694797672331333 252.043152205646 0.6137101128697395 62.41453290730715 21.47949834167957 123.5822712257504 2.542714953422546 72.47609824687243 78.11354860290885 0.3175622895359993 88.10052994638681 19.09590601921082 254.6497208923101 5613.695101998746 1397.40122371912 0 0 97.53325608372688 210.874034576118 0 19.78183675557375 5.996825896203518 39.49000179767609 8.633466027677059 0.6347325146198273 0 0 0.7517534643411636 0.7042115703225136 0.08507266640663147 0.08346695452928543 0.2809280306100845 0.1438597589731216 0.09046771377325058 4.113719269633293 0.3553867191076279 1.727110929787159 0.2638454437255859 0 0 0 0.1329719424247742 0 5.373122580349445 0 0 0 0 1.566036477684975 1.416705965995789 0.4550798609852791 17.10483793541789 0 0.2411724627017975 1.361115664243698 17.97713799774647 1.041809439659119 8.939463555812836 0 0 0.2259945422410965 0.4154807329177856 0 5.275931194424629 0.1378403455018997 1.38363304361701 0.3261627405881882 1.815693840384483 0.1740003079175949 0 0
0.7679666206240654 483.3987351506948 64.97500041127205 0 0 0.7664710581302643 2.831152759492397 0.9667454287409782 590.2981303706765 0.3330182135105133 231.5386853739619 0.1327868700027466 542.0793338343501 1.051004402339458 0 248.4249592274427 144.2417223677039 0.701431579887867 31.81377996504307 0 4.646352432668209 3098.515338174999 33.18228786438704 655.6802978366613 1228.736158154905 361.5853408649564 5019.804474107921 27.29065047204494 6.493608146905899 9.598693929612637 5.42438181489706 0 1.444583885371685 88.64327719807625 0 39.67213835567236 80.05106659978628 148.7246154397726 7.052286021411419 16.18497234582901 0 48.37272930145264 1.067746266722679 1.246391534805298 666.0076142475009 120.997125081718 0 0 0.1050416454672813 1.839641258120537 0.09298688173294067 10.14445786178112 0 1.955926433205605 0 20.39579426497221 1.20367619395256 0 25.05276348441839 156.5918296352029 3.897792473435402 43.55558304488659 0 1.549999326467514 232.1365688294172 46.13798581808805 3.210660606622696 16.76387868821621 270.8477269113064 1204.329253964126 1.623279854655266 2.256729200482368 2.784750074148178 0.8935984000563622 0 0 33.38539058715105 0.5894438624382019 47.60379330813885 46.75876691937447 84.76849880814552 22.27480255067348 0.0844707265496254 0.1074431166052818 2.163443818688393 0.09035412222146988
57.08725798502564 64.97500041127205 7386.963557664305 7.011991709470749 0.2514131143689156 17.62030298262835 505.7143140435219 163.6730253025889 2.368424244225025 82.47920128703117 10.24719218164682 1.258959226310253 1.889707215130329 113.4098000153899 0 27.11125932633877 4709.545251652598 6.434325382113457 237.9328863248229 0.3148998469114304 1069.342493668199 6.783900953829288 12098.80679471046 99.08923584967852 2.961809419095516 7119.722084328532 11694.4412207678 403.019040517509 104.3711779043078 319.8733902201056 0.1056690588593483 0.08708079904317856 6.337636314332485 391.359748467803 6.151496082544327 306.5408451333642 4243.593016162515 615.2808637693524 130.8028461262584 9.973173603415489 0.7431614547967911 0.3026335835456848 1.491195067763329 2.998642906546593 190.7406798228621 139.8559733480215 0.2574692144989967 0 0 2.835557483136654 0.7845438495278358 5.818373449146748 0 0.2242833375930786 0 0.6546516492962837 0.5648986771702766 0 9.949877090752125 38.34295029193163 0.4215122535824776 4.982733659446239 0.1676094532012939 3.960300490260124 72.85356792062521 71.45157828181982 3.983091533184052 1.759243667125702 21.79938907921314 564.6319351792336 4.628823406994343 1.314373351633549 5.406034745275974 0.06990461796522141 0 0.5568195730447769 26.30861971527338 1.499305509030819 50.77070879936218 15.10595482587814 33.36707624047995 9.822701305150986 0 0 0 0.5016195029020309
29.47595237195492 0 7.011991709470749 4857.402843296528 0.109576128423214 208.4658318608999 42.44719678163528 46.18301960080862 336.1909818723798 4103.700270853937 5.805783748626709 2594.941938653588 0 78.95418368279934 2.693892061710358 1.143225364387035 0.535841092467308 0.09215480834245682 0.9991993606090546 5883.330438613892 7.307442396879196 0.5155472531914711 4.691659040749073 2052.8942669034 0.3263399302959442 3.45262311398983 1.886623062193394 2504.722944866866 247.2762873098254 6.864708803594112 0 0.1107252538204193 22.78831467032433 38.35913130640984 2.127917528152466 319.251273304224 4.443982787430286 239.6789078637958 47.44945535063744 128.6322221532464 1.255080111324787 0 7.858976326882839 3.316642574965954 0 0.2125547081232071 81.02789608389139 0 14.17094775289297 88.78935220837593 18.67573408037424 67.73063024133444 100.3967292457819 0 78.27502216398716 0 6.319664359092712 0 4.545216768980026 0 0 0.08993738144636154 47.66126964986324 3.343954563140869 1.091020464897156 1.601103201508522 331.3655842468143 0 0 0.4707348570227623 282.426340430975 8.759752824902534 25.8238677084446 0 0 1.270051941275597 3.481983803212643 1.098187476396561 157.5213739350438 0.1903057619929314 16.2143247127533 4.414909638464451 227.6498165875673 1.229895234107971 0 0.5491377413272858
0.107674777507782 0 0.2514131143689156 0.109576128423214 4.238641560077667 301.9971734732389 0.3498751372098923 279.6934720352292 1.507859468460083 3.674258187413216 14.1094397008419 21.46081119775772 0.1745179742574692 191.8474114611745 131.4317485243082 0 1.776350498199463 3.115650288760662 14.13342211395502 2.00717581808567 0.473317377269268 0 0.743622362613678 1.018190652132034 0 10.69768482446671 3.103021651506424 0.691277876496315 65.19719541817904 0.2849970608949661 0 18.64508806169033 1.184947617352009 235.2672027945518 2.288512945175171 25.24640068411827 9.074014522135258 635.2631039172411 76.45913131535053 574.8814990594983 70.20822182297707 0 14.91594122350216 0 0 0 0 0 0 0.579211950302124 0 0.133112445473671 0 0 0 0 0 0 0.601648211479187 0 0 0 0 0 0 0 1.209964998066425 0 0.2184264361858368 0.5800558030605316 1.431729584932327 0.07316312193870544 1.225584141910076 0 0 0 0 0 0.5106471627950668 0 0.1432811468839645 0 0 0 0 0
72.96200594305992 0.7664710581302643 17.62030298262835 208.4658318608999 301.9971734732389 7877.312461100519 519.1533099710941 7467.948708094656 148.722666323185 4926.624979175627 5.021562680602074 3992.758279547095 0.1349704563617706 4220.174609936774 535.6996647119522 3.087739728391171 14.06594529747963 1.844594910740852 5.861806236207485 936.3394535630941 23.13874135911465 0.5332265943288803 15.22956838831306 174.1918907463551 0.3863622769713402 14.31145107746124 4.637707807123661 317.5321473926306 2221.727267883718 63.15392629057169 0 184.7463351413608 43.15322503447533 235.6441067233682 7.027614623308182 203.0457732304931 8.252704568207264 1236.597370252013 87.84248301386833 1737.164256796241 132.6534482017159 0 31.26278133690357 1.124460205435753 0 0 3.258952081203461 0 1.777359083294868 14.43484875559807 2.713322401046753 7.498789325356483 7.089089430868626 0 1.304852664470673 0 0.3013206645846367 0 1.955189488828182 0 0 0 1.233881175518036 0.9205711781978607 0.7122218757867813 0.6186137497425079 37.64367362111807 0 0.09790384769439697 0.1769243180751801 48.07851050049067 4.30695865675807 13.039664670825 0 0 0.6111000999808311 1.172325409948826 2.852543830871582 19.60756535083055 0 3.745564229786396 1.89290102571249 10.70030751824379 0.3394240438938141 0 0
500.7075870260596 2.831152759492397 505.7143140435219 42.44719678163528 0.3498751372098923 519.1533099710941 12186.26395782828 3521.155256152153 431.192252445966 7281.797954164445 1.529968649148941 65.66396643966436 0 3703.386967927217 1.055793762207031 41.66156997531652 192.9875581562519 0.1576273292303085 20.75093577057123 14.41873306035995 1188.1979034096 15.9694704785943 705.160280674696 1319.553525067866 0.3413256108760834 142.9797114431858 71.17903519421816 10696.68702299148 2130.722425818443 7025.205555059016 0 0.5418131798505783 275.8890103884041 341.0153546221554 14.43315494060516 771.4209375344217 104.809979557991 907.7690470218658 201.1872415468097 109.1760319769382 2.707407094538212 0 15.69117855653167 7.220986030995846 0.2216403037309647 0.2120878025889397 10.88991471379995 0 4.21358110755682 110.2586536034942 19.71393688768148 65.10417776554823 21.90441223233938 0 3.016875974833965 0 9.421621523797512 0.1816061735153198 17.24419277906418 0.300873838365078 0 0.1175158396363258 4.585864447057247 2.400020115077496 5.552756041288376 2.078936479985714 237.3430812954903 0 0.2337068244814873 13.27097884565592 293.6385108605027 24.40429647266865 54.5075100697577 0 0 6.909987516701221 8.493058711290359 0.869664341211319 74.91869297996163 1.060932628810406 28.31364367157221 10.87731041759253 31.46811550110579 0.8932518661022186 0 0.8734644874930382
643.4215494841337 0.9667454287409782 163.6730253025889 46.18301960080862 279.6934720352292 7467.948708094656 3521.155256152153 6085.27416819334 68.85043574869633 4803.772926621139 7.104088298976421 611.3327060565352 0.2235862761735916 7222.858858220279 348.8972967118025 3.462751306593418 254.7781912609935 2.535810917615891 52.1016465947032 189.3779853582382 343.4819311574101 4.673076257109642 101.1896117776632 139.6570629291236 0 147.7659218907356 33.35099499672651 391.255850866437 2551.271829895675 1220.949349306524 0 457.9025668054819 51.15004752576351 221.9153487384319 0.4360222518444061 105.1058622375131 14.43485214561224 1245.27080482617 92.86170494556427 698.5736111029983 89.63819190114737 0.193653330206871 6.411254495382309 2.16957101598382 0.1641643345355988 0 1.48732278496027 0 1.320712834596634 19.48577217757702 3.626782737672329 11.24818107113242 3.169448234140873 0 0.6312392801046371 0 1.946565583348274 0.0869368314743042 6.618729501962662 0.06767504662275314 0 0.22235456854105 1.240705132484436 0.6657375954091549 1.923536747694016 0 52.31819592788815 0 0.2645117715001106 0.6881574243307114 64.97164458781481 5.049960069358349 22.58557367324829 0 0 0.7379946820437908 1.718706030398607 0 18.53570121899247 0.2775679379701614 4.072612550109625 2.057859573513269 8.132106855511665 0.3137699812650681 0 0
7.583285868167877 590.2981303706765 2.368424244225025 336.1909818723798 1.507859468460083 148.722666323185 431.192252445966 68.85043574869633 1072.42933486402 157.036084972322 6.417511306703091 494.2293967753649 7.459038838744164 50.57729203999043 35.63003969192505 41.125164732337 3.504989080131054 0 0.6646360456943512 215.8533620834351 5.831261120736599 2280.794092461467 16.07930836826563 6392.056577440351 86.03073177486658 6.323535576462746 110.0056285634637 626.827333856374 133.3099737763405 198.0669589787722 0.7388621941208839 0.1311077773571014 24.86816315352917 32.53307439386845 4.484242707490921 393.4497166797519 11.24152823537588 164.203340947628 31.84710332751274 435.9696228131652 0.4215559959411621 0.3748150318861008 4.064861312508583 10.44141056388617 35.00384805351496 0.2535570934414864 81.10754312574863 0.2513692453503609 13.98252789676189 126.824997484684 32.4114757925272 206.8625248223543 106.1386267393827 0 66.96214304119349 0.1407916247844696 10.97359143197536 1.622417874634266 41.7215518206358 1.241448894143105 0.09707732498645782 0.3105739951133728 45.24480349570513 4.659337773919106 39.24344896525145 1.187881894409657 1082.636359661818 0.1093567758798599 1.862608633935452 5.687056824564934 527.5569612756371 22.49734469875693 84.77648484706879 0 0 4.131430834531784 7.751024760305882 1.265533655881882 84.17905892059207 1.125846050679684 30.60679481178522 7.309924677014351 153.6964134052396 1.653799705207348 0 0.1999990344047546
386.2628117501736 0.3330182135105133 82.47920128703117 4103.700270853937 3.674258187413216 4926.624979175627 7281.797954164445 4803.772926621139 157.036084972322 18988.54803080857 13.80302921682596 5281.935734547675 0.1134801879525185 2841.953540638089 13.32504992932081 7.888673759996891 14.27408737689257 0.2400202676653862 3.000547476112843 6068.76538874954 94.02934514731169 2.343283288180828 83.28673160821199 969.5050415024161 0 24.87691059708595 13.71561104059219 4576.892596878111 1652.624763518572 191.0135735869408 0 3.719335615634918 170.6702728271484 235.7489876151085 7.031618416309357 724.6641016080976 30.17732582241297 936.5108841508627 149.6322012022138 304.9381436705589 5.851265482604504 0 15.74027159810066 1.391388468444347 0 0.1903611421585083 31.7919612750411 0 4.515263773500919 46.70328418910503 10.00741147249937 27.81396097689867 40.65220585465431 0 17.33357568085194 0 5.549684174358845 0 2.990315154194832 0.1125088259577751 0 0 10.96520765125751 0.2534168735146523 1.474052667617798 0.7320789843797684 135.6368697211146 0 0 1.151559695601463 136.9347473084927 5.139941893517971 13.36501164734364 0 0 0.8540645316243172 3.169453606009483 1.698132187128067 57.07419524341822 0 9.487969785928726 2.921812295913696 54.68998675793409 1.217904463410378 0 0.3176767006516457
2.828261457383633 231.5386853739619 10.24719218164682 5.805783748626709 14.1094397008419 5.021562680602074 1.529968649148941 7.104088298976421 6.417511306703091 13.80302921682596 8783.59442422539 0.1600557416677475 2937.353159498423 6.76265300065279 0 0.8880427628755569 54.29519858211279 3440.829731494188 1523.561397217214 0.1137337014079094 2.565374352037907 14.17568448930979 3.287700138986111 4.552647590637207 1437.702629737556 5220.352457001805 950.4601773396134 0.8585989475250244 55.15940381586552 3.880929708480835 440.5098961368203 2.901586547493935 0.6104621589183807 4219.989616170526 3.016323283314705 137.6965638175607 3273.395137198269 2963.489548191428 461.8425194248557 12.62909270077944 49.7235564738512 1426.304796002805 23.23301233351231 0 9.929789416491985 0 0 0 0.1264951378107071 0.2229739055037498 0 0.2398073598742485 0 331.9481673017144 0 975.4032830372453 0 0 0 0 60.7545629888773 12.53773875534534 0 0 2.990526355803013 0 0.2184559255838394 191.3975086957216 281.2290929555893 168.0227348357439 0.1121435388922691 0 0.137999638915062 58.96419961005449 0 0 10.29824040830135 2.75054906308651 15.02934689074755 268.5484185293317 43.93049320578575 5.462975092232227 0.558317095041275 0.147398442029953 124.9434877485037 0
15.90331757068634 0.1327868700027466 1.258959226310253 2594.941938653588 21.46081119775772 3992.758279547095 65.66396643966436 611.3327060565352 494.2293967753649 5281.935734547675 0.1600557416677475 4310.501640580595 0 718.5619051456451 271.5180001109838 0.6854204759001732 0.4626190513372421 0.5063199102878571 1.09444671869278 5042.993459120393 2.742043547332287 1.411662608385086 4.077145852148533 204.5393686592579 0.4040446877479553 1.373274259269238 1.200112655758858 226.9632635191083 885.1702808514237 4.932986848056316 0 13.08911767601967 23.41264268010855 92.73605724424124 3.593469277024269 502.0212714150548 7.802674256265163 418.4509244188666 26.35516291111708 1712.437757365406 3.642040222883224 0 2.633942678570747 0.4796121492981911 0 0 23.21269352734089 0 4.676456160843372 23.21053668856621 3.256377503275871 52.82937338203192 33.94808912277222 0 36.60860987007618 0 1.792130365967751 0 0.5013344287872314 0 0 0 9.973421722650528 0.1176703050732613 0 0 161.9149594381452 0 0 0.1727436780929565 72.91439119726419 1.376416929066181 6.694829642772675 0 0 0 0.7733902409672737 0 90.44812647253275 0 2.256623469293118 0.3317449167370796 143.4893536418676 0.9125450998544693 0.2360680252313614 0.2196560055017471
0 542.0793338343501 1.889707215130329 0 0.1745179742574692 0.1349704563617706 0 0.2235862761735916 7.459038838744164 0.1134801879525185 2937.353159498423 0 2246.309508956969 0.1868218630552292 0 2.511405110359192 3.249556586146355 28.04773428291082 10.92168483138084 0 0 38.43650186061859 1.391590021550655 11.003981590271 3304.559634752572 1816.484014626592 2263.516969062388 0.1650135219097137 0.2281549572944641 0.4541294127702713 585.384942881763 0 0 529.2149636819959 33.99361915886402 184.9633265063167 1071.664856873453 1040.229346305132 69.2486153319478 1.720411852002144 8.547831103205681 554.5670532286167 9.493307739496231 0 14.84723197668791 0.1074501201510429 0 0 0 0 0 0.6656798124313354 0 455.1916939765215 0 945.7788995206356 0 0 2.659556865692139 0.08946645259857178 38.5631700232625 9.560481756925583 0 0 0.5293759182095528 0.3549938201904297 0.100773312151432 332.5458531007171 224.6361249312758 121.4829290211201 0.2486518621444702 0 0 43.1978443339467 0 0 16.65145518630743 33.64056015014648 95.64485551416874 369.017282769084 46.05549453943968 4.338535226881504 0.1878678202629089 0 214.8568954616785 0.534080982208252
2525.398726984859 1.051004402339458 113.4098000153899 78.95418368279934 191.8474114611745 4220.174609936774 3703.386967927217 7222.858858220279 50.57729203999043 2841.953540638089 6.76265300065279 718.5619051456451 0.1868218630552292 4211.059922933578 117.6789045780897 3.985457867383957 316.6985505819321 1.832545131444931 84.27181740477681 341.1296299025416 217.5093286931515 6.406934261322021 102.4402061067522 212.6931428313255 0 145.9226015657187 34.12853010371327 399.631673797965 6367.725993193686 1213.243067294359 0 294.8267313763499 136.1026469543576 268.8780237585306 1.410456575453281 72.33965356647968 8.525577045977116 416.0181998237967 31.05099256336689 177.0599384531379 7.066176451742649 0 3.458369798958302 2.963355228304863 0.08301452547311783 0.2581026330590248 1.576628364622593 0 1.200918719172478 22.72355991974473 3.017424218356609 11.24792075157166 5.806947469711304 0 0.4933053404092789 0 1.274416998028755 0 9.819730199873447 0.0872436985373497 0.0670008584856987 0 1.308899916708469 1.913055837154388 1.917065359652042 0.3441939726471901 58.82958012074232 0 0.102148748934269 0.6108411774039268 71.69201029464602 5.134326618164778 32.92028824239969 0 0.1147893220186234 0.5190539881587029 2.339805856347084 0 16.08864704146981 0.3221649453043938 3.511347021907568 1.318665906786919 8.917322792112827 0.1719507128000259 0 0.1127764955163002
2.79233293235302 0 0 2.693892061710358 131.4317485243082 535.6996647119522 1.055793762207031 348.8972967118025 35.63003969192505 13.32504992932081 0 271.5180001109838 0 117.6789045780897 19.23945826292038 0 0 0 0 31.77138084173203 0 0 0 92.31638753414154 0 0.2170256301760674 0 1.091607719659805 153.4881692901254 0 0 52.34224981069565 0.1845531314611435 14.06260573863983 0 6.784473538398743 0 38.58660494536161 3.193431228399277 142.0138522833586 33.6020775437355 0 0 0 0 0 0.1674694865942001 0 0 0 0 0.3368619680404663 0 0 0.5011168718338013 0 0 0 0 0 0 0 0 0 0 0 2.368704527616501 0 0 0 0.7616742551326752 0 0.1806048899888992 0 0 0 0 0 2.264990925788879 0 0 0.287687823176384 3.118391990661621 0 0 0
1.694797672331333 248.4249592274427 27.11125932633877 1.143225364387035 0 3.087739728391171 41.66156997531652 3.462751306593418 41.125164732337 7.888673759996891 0.8880427628755569 0.6854204759001732 2.511405110359192 3.985457867383957 0 2231.720600433648 7.826208844780922 0.09050676971673965 2.56031160056591 0.5144623592495918 2940.370670087636 2509.251370556653 3545.515059515834 2313.658866625279 9.400137647986412 6.786627233028412 2884.199524149299 1442.131683401763 27.04895986616611 96.97792094573379 0.1360838264226913 0 7.793407410383224 120.5785596817732 117.6426709294319 4180.143010810018 809.526057548821 900.5884882956743 1140.280294403434 68.69467914104462 8.208866871893406 1.091340824961662 32.36130835860968 4.930817130953074 57.14268191158772 4.491636119782925 0.2849107682704926 0 0.1017588451504707 31.65830299258232 1.50703939050436 58.15824602544308 0.5029420405626297 0.08837020397186279 0 4.082433462142944 2.133934646844864 0.1913808882236481 2215.28426913172 2.51472494751215 0.1664293482899666 0.722579188644886 0.224173791706562 339.2950040474534 935.1209757700562 620.7071817144752 168.582214653492 5.12983064353466 1.396766573190689 331.7951638847589 242.1455146856606 17.12819251418114 766.8835796639323 0 0 8.968196786940098 17.15211275964975 16.22537816315889 408.8511554226279 8.822921581566334 14.53873288631439 6.200721319764853 12.34364322572947 0.5127439871430397 6.22340190410614 0.2010180279612541
252.043152205646 144.2417223677039 4709.545251652598 0.535841092467308 1.776350498199463 14.06594529747963 192.9875581562519 254.7781912609935 3.504989080131054 14.27408737689257 54.29519858211279 0.4626190513372421 3.249556586146355 316.6985505819321 0 7.826208844780922 3039.584630563855 15.56084848195314 3552.240318000317 0.1964204907417297 314.9942505657673 4.946393489837646 3654.412129279226 12.15355847030878 3.855139218270779 1271.861793600023 3900.469309993088 72.81406100094318 455.2246479913592 503.6889760866761 0.09026379138231277 0.0768042653799057 9.475331388413906 1774.542411129922 1.643858700990677 246.8031867146492 2066.951583139598 1146.3352811113 91.50799117982388 11.85894480347633 0.5243432372808456 1.360179454088211 0.7039518430829048 0.3711776211857796 56.57842402160168 35.51069156080484 0 0 0 0.8845541924238205 0.2240332514047623 1.122047364711761 0 0.07786840200424194 0 0.9729686342179775 0.08280040323734283 0 6.230793967843056 39.24427484720945 0.5937121696770191 8.249393191188574 0 0.8414051756262779 5.136373125016689 8.539364047348499 4.16810417920351 2.106462366878986 46.26032162457705 195.7667964249849 8.159884054213762 0.4183908104896545 6.77202807366848 0 0 0.2453871108591557 9.190934464335442 0.1941592022776604 14.15184687823057 14.4577534943819 17.06672143936157 4.753027565777302 0.2168306410312653 0 0.1211570352315903 0
0.6137101128697395 0.701431579887867 6.434325382113457 0.09215480834245682 3.115650288760662 1.844594910740852 0.1576273292303085 2.535810917615891 0 0.2400202676653862 3440.829731494188 0.5063199102878571 28.04773428291082 1.832545131444931 0 0.09050676971673965 15.56084848195314 72.9504044726491 401.6651562824845 0 0.8057041317224503 0.1166898161172867 1.995513588190079 0.3777102902531624 13.3168842419982 1857.881699472666 156.4623375982046 0.5218651667237282 15.01567031443119 0.7299779430031776 2.434419430792332 1.818391814827919 0.1400223821401596 765.3866180405021 2.727782249450684 143.3440781980753 1082.654558300972 887.9293988421559 267.2202184200287 6.354026280343533 5.771296925842762 19.19337440282106 1.147171348333359 0 0.8493986129760742 0.09343350678682327 0 0 0 0 0 0 0.1078475564718246 4.417587913572788 0 36.00750862807035 0 0 0 0 6.861421436071396 5.059056960046291 0 0 0.08122183382511139 0 0.08175566792488098 17.21596936136484 51.05273889005184 58.79557971656322 0 0 0 5.19476380199194 0 0 0.7242645025253296 0 17.21732352674007 3.569494426250458 0.6023640111088753 0.585797481238842 0.6600558012723923 0 0.6476905345916748 0
62.41453290730715 31.81377996504307 237.9328863248229 0.9991993606090546 14.13342211395502 5.861806236207485 20.75093577057123 52.1016465947032 0.6646360456943512 3.000547476112843 1523.561397217214 1.09444671869278 10.92168483138084 84.27181740477681 0 2.56031160056591 3552.240318000317 401.6651562824845 1149.902751170099 0.1952587962150574 28.36146328598261 1.259473592042923 83.64451310038567 1.834164530038834 8.099161542952061 4336.030281245708 706.5485587120056 12.04315761476755 233.5490139946342 75.59011612087488 0.7708108350634575 2.086902320384979 3.204241625964642 2678.183471672237 2.687737248837948 446.2378137558699 2276.269061893225 2334.181513056159 324.6529705673456 26.49940544366837 3.458283521234989 7.075484126806259 1.501853883266449 0.08818168193101883 20.57897099107504 6.22456643730402 0.1465431600809097 0 0 0.1499460563063622 0 0.2171948105096817 0 2.00436507165432 0.21466925740242 24.71312960982323 0 0 1.083645910024643 17.09007237106562 7.679843064397573 25.68322426080704 0 0.542391337454319 1.086864419281483 1.535989783704281 0.3619383722543716 8.402820751070976 137.0404373705387 207.9441422298551 0.9487279132008553 0.3985473476350307 1.169595576822758 2.944365575909615 0 0 2.502557270228863 1.810810551047325 20.87206481397152 16.32783121615648 7.1801787763834 1.897109322249889 0.8782327994704247 0 0 0
21.47949834167957 0 0.3148998469114304 5883.330438613892 2.00717581808567 936.3394535630941 14.41873306035995 189.3779853582382 215.8533620834351 6068.76538874954 0.1137337014079094 5042.993459120393 0 341.1296299025416 31.77138084173203 0.5144623592495918 0.1964204907417297 0 0.1952587962150574 1916.142404332757 0.8437055125832558 0 0.2112570777535439 424.5263629704714 0 0.8410817310214043 1.347298964858055 1586.198897182941 491.2729375436902 1.388273268938065 0 1.901696316897869 32.15935374051332 73.15645963698626 2.498269930481911 297.7370290979743 6.76802883297205 373.6251507773995 47.71357560902834 760.003156684339 1.051588550209999 0 6.554788559675217 0.7144868299365044 0 0 31.26492664217949 0.1344283670186996 5.134770147502422 28.12448320537806 4.504466623067856 21.69801186025143 28.77732862532139 0 16.35200473666191 0 1.950202412903309 0 2.042462848126888 0 0 0 10.8385896384716 0.8744326233863831 0 0 117.9765047580004 0 0 0.1680485010147095 94.67355582118034 2.458523519337177 10.28784683346748 0 0 0.2841370850801468 2.397074580192566 0.6717415750026703 49.58245512098074 0.1935107111930847 6.161471918225288 1.496601246297359 69.50183382630348 0 0 0.1281215697526932
123.5822712257504 4.646352432668209 1069.342493668199 7.307442396879196 0.473317377269268 23.13874135911465 1188.1979034096 343.4819311574101 5.831261120736599 94.02934514731169 2.565374352037907 2.742043547332287 0 217.5093286931515 0 2940.370670087636 314.9942505657673 0.8057041317224503 28.36146328598261 0.8437055125832558 17360.1560523212 27.20100025832653 15181.63243892416 392.7233650684357 0.8250031620264053 192.3849881365895 554.2938248440623 5465.234331533313 248.8480132743716 13547.98521035537 0 0 43.31824457645416 1674.420061517507 116.0315734967589 3370.944571241736 772.2456885948777 3270.097079977393 2088.144663505256 87.41650096327066 15.3455016463995 0 37.93120596557856 0.8420321419835091 0.7444755062460899 1.806545816361904 0.1153199523687363 0 0 7.114773869514465 0.08409463614225388 1.884310208261013 0.3926861882209778 0 0 0 0.1793155148625374 0 130.2591123580933 0.6616974845528603 0 0.1210788860917091 0 16.15456453710794 34.1740432754159 15.0232180133462 22.82793132215738 0.2104588001966476 0.4091883078217506 22.9511476457119 37.84824635460973 2.82665827870369 73.01005720347166 0 0 0.6616630405187607 1.211690574884415 20.93606853485107 57.35489512234926 0.9012095183134079 2.386697947978973 1.889054752886295 1.656074181199074 0.06194288656115532 0 0.3027597069740295
2.542714953422546 3098.515338174999 6.783900953829288 0.5155472531914711 0 0.5332265943288803 15.9694704785943 4.673076257109642 2280.794092461467 2.343283288180828 14.17568448930979 1.411662608385086 38.43650186061859 6.406934261322021 0 2509.251370556653 4.946393489837646 0.1166898161172867 1.259473592042923 0 27.20100025832653 2809.215613998473 71.81328708678484 7576.683349579573 326.1251686811447 22.05949848890305 1892.851913176477 182.2026561275125 33.95239739120007 72.47609601169825 0.2992304265499115 0 6.302586816251278 19.32832915335894 0.5988657921552658 106.9543969929218 19.25311300903559 53.53735069930553 22.31337343901396 70.14917458593845 0.2334805727005005 1.361074045300484 1.457236647605896 0.5778855681419373 206.2793260291219 36.51721957325935 0.07638242840766907 0 0 3.987533949315548 0.3564739897847176 120.6253334283829 0.1404785960912704 0 1.038237854838371 0.4370614737272263 0.5860243886709213 0 743.1937512755394 4.878654412925243 0.1056474596261978 0.8617499470710754 0 49.2929480522871 697.0678002461791 280.0238166227937 68.40599829703569 0.6201819553971291 7.223588541150093 747.8913870975375 26.38916862010956 2.494258657097816 73.77976831048727 0 0 1.425293818116188 7.361701190471649 0.4757934808731079 79.83331429958344 8.589987762272358 8.19453089684248 4.82001119107008 5.153028778731823 0 1.056124567985535 0
72.47609824687243 33.18228786438704 12098.80679471046 4.691659040749073 0.743622362613678 15.22956838831306 705.160280674696 101.1896117776632 16.07930836826563 83.28673160821199 3.287700138986111 4.077145852148533 1.391590021550655 102.4402061067522 0 3545.515059515834 3654.412129279226 1.995513588190079 83.64451310038567 0.2112570777535439 15181.63243892416 71.81328708678484 20069.10172583908 2083.216748565435 1.246877830475569 673.2532368525863 15157.8858060725 4785.965501718223 194.7421882972121 1969.542709708214 0.1014458164572716 0.1072209030389786 23.38210048526525 1245.056236460805 139.9159708991647 4652.421393729746 5234.146863244474 3725.37215186283 3469.367299892008 110.3970725536346 14.11257180571556 0 46.31460338830948 1.527030557394028 22.12783873826265 20.66346569359303 0.1174214705824852 0 0.5064598843455315 8.416374161839485 0.794029213488102 12.57257153838873 0.2178957909345627 0 0.3769022077322006 0.06252848356962204 0.4515208303928375 0 524.3120035342872 5.697800770401955 0 0.9659894667565823 0 35.18083018064499 155.8225219547749 159.9876432865858 22.22387225180864 0.4953312650322914 3.169762268662453 486.9632521122694 32.35226402431726 2.245598517358303 65.72572510316968 0 0 0.7670185193419456 5.787369213998318 28.89266628026962 149.3837924487889 5.116436064243317 7.967230461537838 3.868113555014133 1.924173086881638 0.7247824966907501 2.146074831485748 0.1313436552882195
78.11354860290885 655.6802978366613 99.08923584967852 2052.8942669034 1.018190652132034 174.1918907463551 1319.553525067866 139.6570629291236 6392.056577440351 969.5050415024161 4.552647590637207 204.5393686592579 11.003981590271 212.6931428313255 92.31638753414154 2313.658866625279 12.15355847030878 0.3777102902531624 1.834164530038834 424.5263629704714 392.7233650684357 7576.683349579573 2083.216748565435 8880.600832529366 60.2957611232996 24.23187591135502 1379.433291479945 10193.83872414753 936.8626400269568 521.2240807563066 0.377429686486721 0.566119946539402 113.1273099035025 187.4321887977421 28.79687464982271 1995.88397969678 100.5353620201349 845.1073710285127 203.4590545780957 790.9512518718839 4.226329773664474 0.2829546481370926 16.43949750810862 57.77312979847193 6.798133619129658 3.897960875183344 234.1009163707495 2.077555686235428 56.97983373701572 676.7396079078317 122.3731637112796 949.2096737548709 378.9581517204642 0.2203551530838013 147.1526323407888 0.2209323942661285 54.44743795692921 0.8533468395471573 467.3360664322972 2.160227566957474 1.194116145372391 1.749407831579447 136.1782761067152 99.39381972700357 358.9852568171918 39.0181317217648 2728.793331697583 0.07482970505952835 1.504813004285097 19.50292577594519 2363.04295540601 151.2952712476254 780.456416208297 0 0.993352435529232 31.95465170964599 48.90792866051197 3.50228276848793 658.5342888720334 6.491080906242132 171.3273739404976 49.26396112516522 598.2702822349966 7.204356335103512 2.545569494366646 2.273590039461851
0.3175622895359993 1228.736158154905 2.961809419095516 0.3263399302959442 0 0.3863622769713402 0.3413256108760834 0 86.03073177486658 0 1437.702629737556 0.4040446877479553 3304.559634752572 0 0 9.400137647986412 3.855139218270779 13.3168842419982 8.099161542952061 0 0.8250031620264053 326.1251686811447 1.246877830475569 60.2957611232996 699.9786597341299 1004.948145531118 5019.081245537847 1.852311439812183 1.09376522898674 1.635366283357143 279.611329831183 0 0.1242746859788895 592.4002762064338 46.49306091666222 45.18322806805372 530.5712527111173 266.2278197556734 20.98547360301018 0.8331673368811607 1.099712163209915 554.5837263539433 15.29942920058966 0 47.42157518863678 0.5617099031805992 0 0 0 0 0 0.3242987766861916 0 273.0921464860439 0 485.0077847242355 0 0 1.703823491930962 0.4174104109406471 21.19055782258511 12.7110832631588 0 0.1269270032644272 6.613920114934444 0.4024848341941833 0.2035028710961342 174.9700820297003 146.8525724336505 472.0176368206739 0 0 0 10.20907825231552 0 0 10.73964358121157 19.4876623749733 10.24501057714224 191.6824595108628 66.01132707297802 2.827575169503689 2.756137371063232 0.1979257613420486 123.0778945684433 0
88.10052994638681 361.5853408649564 7119.722084328532 3.45262311398983 10.69768482446671 14.31145107746124 142.9797114431858 147.7659218907356 6.323535576462746 24.87691059708595 5220.352457001805 1.373274259269238 1816.484014626592 145.9226015657187 0.2170256301760674 6.786627233028412 1271.861793600023 1857.881699472666 4336.030281245708 0.8410817310214043 192.3849881365895 22.05949848890305 673.2532368525863 24.23187591135502 1004.948145531118 22217.93281543255 15816.5862060748 81.73172394931316 266.5727591067553 161.3757388219237 490.3896877616644 1.991394817829132 6.023594796657562 2776.968284122646 9.012992970645428 1016.255820482969 6062.812152408063 4438.104050375521 711.4267859384418 51.6442548558116 11.47544378042221 119.1585196182132 3.380900554358959 0.7079292610287666 351.0815921202302 60.73631510138512 0 0 0 0.5353087484836578 0.3369603715837002 1.550355970859528 0 86.35038579255342 0 865.5623040348291 0.5321474596858025 0.1505425721406937 2.435479879379272 140.3105845302343 138.5676723644137 253.6961144953966 0 1.020398408174515 12.31166350841522 10.34406270086765 1.959080498665571 615.3471923395991 1547.479612734169 2420.530133105814 2.497406013309956 0.7162909209728241 3.38668330013752 90.01254727691412 0 0.0747738853096962 19.18166978657246 0.628013402223587 76.7349431887269 158.0697306543589 65.04472918063402 18.41882362216711 1.869971945881844 0.3321333229541779 4.218880534172058 0
19.09590601921082 5019.804474107921 11694.4412207678 1.886623062193394 3.103021651506424 4.637707807123661 71.17903519421816 33.35099499672651 110.0056285634637 13.71561104059219 950.4601773396134 1.200112655758858 2263.516969062388 34.12853010371327 0 2884.199524149299 3900.469309993088 156.4623375982046 706.5485587120056 1.347298964858055 554.2938248440623 1892.851913176477 15157.8858060725 1379.433291479945 5019.081245537847 15816.5862060748 33988.56399444491 743.0033750459552 90.14104292541742 78.16233103722334 649.4916427880526 0.8273806869983673 8.790962122380733 3375.000021621585 54.50405932962894 3598.168109238148 6361.41662915796 6067.40085619688 1617.530991695821 140.1807037740946 5.037303946912289 19.10562220215797 14.59988652914762 11.76540289819241 2094.527871921659 653.8045963421464 0.1298418343067169 0 0 15.66440918296576 3.380248457193375 53.3441491946578 0.4304995685815811 49.63006048649549 0.4398143142461777 540.9823101460934 5.089182652533054 0 495.821560241282 440.7887538149953 110.1343931928277 420.484894014895 0 28.07440618425608 1245.822650760412 692.115297742188 25.35442648082972 682.9397476091981 2163.233804412186 8215.840107612312 22.04483668133616 8.59393335133791 27.31960401684046 53.1723153218627 0 0.710680291056633 119.9485788568854 8.520897284150124 354.7606409937143 264.9477960020304 223.9002374000847 86.87596368044615 4.650194548070431 0.2929177656769753 2.839579038321972 0.5306178033351898
254.6497208923101 27.29065047204494 403.019040517509 2504.722944866866 0.691277876496315 317.5321473926306 10696.68702299148 391.255850866437 626.827333856374 4576.892596878111 0.8585989475250244 226.9632635191083 0.1650135219097137 399.631673797965 1.091607719659805 1442.131683401763 72.81406100094318 0.5218651667237282 12.04315761476755 1586.198897182941 5465.234331533313 182.2026561275125 4785.965501718223 10193.83872414753 1.852311439812183 81.73172394931316 743.0033750459552 20073.3578937538 1563.416217692196 6003.857229158282 0 0.700172632932663 297.2136711701751 576.3806013166904 95.76891259849072 3871.450247637928 246.2872529402375 2503.712391324341 796.9149921163917 284.3488284125924 10.20505924522877 0.795871913433075 46.36168858408928 13.82517390698195 0.8656459823250771 1.467049203813076 46.06833934038877 0 15.90172618627548 164.5895824953914 37.74544505402446 114.0377467051148 82.65576062351465 0.06298477947711945 22.31482884287834 0 15.23591700568795 0.1505609154701233 100.1664051264524 0.9853020645678043 0.05751221254467964 0.2895847596228123 25.33798550069332 24.69216068461537 45.20139241218567 10.71989196538925 528.1487708538771 0 0.486093170940876 10.74161271750927 568.1170680038631 34.30970364063978 171.2840747274458 0 0.2831349894404411 9.704501666128635 12.60217130184174 10.62864077091217 177.6011386364698 3.329531371593475 44.0916763022542 15.25990500673652 115.952112223953 2.020467199385166 0 0.2771405354142189
5613.695101998746 6.493608146905899 104.3711779043078 247.2762873098254 65.19719541817904 2221.727267883718 2130.722425818443 2551.271829895675 133.3099737763405 1652.624763518572 55.15940381586552 885.1702808514237 0.2281549572944641 6367.725993193686 153.4881692901254 27.04895986616611 455.2246479913592 15.01567031443119 233.5490139946342 491.2729375436902 248.8480132743716 33.95239739120007 194.7421882972121 936.8626400269568 1.09376522898674 266.5727591067553 90.14104292541742 1563.416217692196 10626.54487334192 3678.881191119552 0.1048366352915764 682.1906626224518 2263.642450682819 4033.743791982532 18.3104200437665 923.383654884994 233.331547178328 2764.320929098874 1331.675157621503 1236.689738810062 73.24346912652254 0.9116736948490143 63.27361585944891 11.54404295608401 0.6023089736700058 1.121785953640938 8.508778251707554 0.1159979030489922 2.382965281605721 97.12453081086278 12.66898051276803 42.94489385932684 9.512630790472031 0 1.180620312690735 0 6.022718317806721 0 52.56359619647264 0.7059640064835548 0.09451717138290405 0.4107465818524361 4.772997111082077 11.85275860130787 19.58832920342684 2.408008702099323 232.2982803881168 0 1.003937169909477 4.327081084251404 337.6950612440705 23.795365344733 165.3383044265211 0 0.1723005175590515 4.736972481012344 6.185613088309765 2.791298553347588 91.83250171691179 1.674481496214867 20.35922057181597 8.504822798073292 24.75980819016695 1.387991726398468 0 0.514286532998085
1397.40122371912 9.598693929612637 319.8733902201056 6.864708803594112 0.2849970608949661 63.15392629057169 7025.205555059016 1220.949349306524 198.0669589787722 191.0135735869408 3.880929708480835 4.932986848056316 0.4541294127702713 1213.243067294359 0 96.97792094573379 503.6889760866761 0.7299779430031776 75.59011612087488 1.388273268938065 13547.98521035537 72.47609601169825 1969.542709708214 521.2240807563066 1.635366283357143 161.3757388219237 78.16233103722334 6003.857229158282 3678.881191119552 15099.53034428507 0 0 629.138007953763 2318.579381398857 38.21372553706169 918.5116181150079 243.9335230961442 1614.480617869645 564.472025834024 44.5093277618289 6.574770420789719 0 11.06113485246897 10.5022339373827 0.2289601489901543 1.670001745223999 1.046358473598957 0.09676595777273178 0.6856524348258972 54.97503807768226 2.181547209620476 41.11842285096645 1.995833143591881 0.07239297032356262 0 0 4.439209423959255 0.1676646173000336 180.5127752423286 1.188442714512348 0 0.2411570623517036 0.5595362037420273 42.62643619254231 66.57489057630301 11.33763704448938 211.6618921495974 0 0.7478696368634701 7.199810773134232 262.2403013110161 21.25039084255695 261.4029087796807 0 0.08356101810932159 3.722712073475122 7.384234234690666 5.321530669927597 88.69032607600093 0.7789162620902061 18.46260402351618 6.654652271419764 9.322175409644842 0.1648734509944916 0 0.2998147457838058
0 5.42438181489706 0.1056690588593483 0 0 0 0 0 0.7388621941208839 0 440.5098961368203 0 585.384942881763 0 0 0.1360838264226913 0.09026379138231277 2.434419430792332 0.7708108350634575 0 0 0.2992304265499115 0.1014458164572716 0.377429686486721 279.611329831183 490.3896877616644 649.4916427880526 0 0.1048366352915764 0 78.19825127720833 0 0 11.97698730230331 0.1561351120471954 1.278747275471687 51.80848532170057 24.06574077904224 6.002631410956383 0 0.9584776535630226 7.694481536746025 0.4266829937696457 0 0.3724842593073845 0 0 0 0 0 0 0 0 7.327860727906227 0 55.80619072914124 0 0 0 0 4.716831151396036 1.288695052266121 0 0 0 0 0 50.16086283326149 31.07777540385723 20.17093802243471 0 0 0 3.972307376563549 0 0 0 0 0.09359746426343918 4.047023519873619 0.6183236390352249 0.2931484282016754 0 0 0.2420735955238342 0
