2206.365792222321 0 40.36543918401003 1.797109395265579 0 32.10040002316236 565.4016932547092 625.9292403608561 1.141191259026527 49.12619864940643 25.1415287181735 1.571400076150894 3.878365196287632 6957.491549350321 0.4531677290797234 1.184030741453171 59.7311604321003 3.761635296046734 11.5038773342967 1.277542173862457 38.99630127102137 0.2834101617336273 108.1553921326995 40.78542067855597 0 6.238731451332569 44.81280621141195 108.0085969120264 3639.983092941344 2715.60614053905 0.4462985917925835 21.68813348561525 42.76391012221575 141.8304289504886 0 86.75544864684343 9.37787789106369 174.6493838876486 38.8279804289341 7.875848688185215 6.544780820608139 0.594128243625164 0.6766629293560982 0 0 1.332343779504299 0.1504677832126617 0 0.1118764206767082 0.09557677805423737 0.36805659532547 1.886053763329983 0 0 0 0 0.10929174721241 0 2.21617641299963 0.2958699911832809 0 0 0 2.142918676137924 0.5223765671253204 0.2113067209720612 8.09441626816988 0 0.564806267619133 2.159847483038902 5.785600930452347 1.194907493889332 1.146487295627594 0 0 0.1083517670631409 0.2311604097485542 0.525954395532608 2.024430811405182 0.09440270811319351 0.5489159002900124 0.1425280719995499 0 0 0 0
0 375.7245278209448 257.5119850561023 0 0.2190391644835472 0.5578061938285828 8.98932821303606 0.2597973719239235 280.0925453454256 1.288199059665203 23.93498794734478 0.7949400916695595 1208.661244079471 1.040789946913719 8.659236237406731 81.09983776509762 82.40190376341343 9.792260497808456 50.5886185914278 0.2153737023472786 14.4977857246995 1916.522967711091 53.43136043846607 340.0023950859904 2853.541363075376 226.543563388288 12352.60742251575 17.86208267509937 0.9745573848485947 2.830628924071789 5.880733653903008 0.1851103603839874 0 158.248511351645 0.8760759830474854 116.6133193448186 72.43519847840071 120.3944674953818 77.15452252328396 6.032812289893627 0.712188184261322 96.72276036441326 0.1809771955013275 0 41.11024981737137 31.56213521212339 0 0 0 0.1721860617399216 0.1909914165735245 1.471761174499989 0.14277583360672 0.1395972818136215 0 10.12200039625168 0.1773698031902313 0 2.424685947597027 17.0575767159462 0.8598206341266632 12.93957723677158 0 1.056075654923916 22.935950294137 4.176486730575562 4.434898428618908 36.01178075373173 56.6497070863843 201.7544613182545 1.916055299341679 0.2776225283741951 1.145314462482929 0 0 0 4.145474836230278 0 13.31424763798714 4.263910874724388 7.674138329923153 5.761236444115639 0 0 0 0
40.36543918401003 257.5119850561023 18173.95005682111 0.2112311124801636 0 45.3805500343442 894.3548024296761 88.95189093053341 17.32903157919645 43.96067571640015 84.34480256587267 0 5.839479438960552 178.4431134983897 0.6695473790168762 26.12644390016794 5424.669245757163 38.82176054269075 645.070914298296 0.1629275679588318 1785.297897443175 48.46172762662172 23956.93188478798 150.3432583063841 1.605248272418976 13560.90198995918 19901.96681409329 698.3616960421205 72.77496942132711 1777.218905054033 2.917205169796944 1.728036589920521 5.410708367824554 1732.048340432346 38.08169934898615 3526.07734131068 5910.06845536083 3111.200768701732 2041.231835260987 96.12601244449615 16.22347463667393 44.99191300570965 18.90696644037962 0.6201277002692223 679.7939415201545 2095.997197136283 0.5176669955253601 0 0.1016565337777138 20.38318068534136 3.731112278997898 5.044412463903427 0.4291923344135284 4.875552996993065 0.151222437620163 13.45478992164135 5.671323299407959 0 15.9779450148344 774.3669646456838 4.171919219195843 131.8819338828325 0 22.14415881037712 256.5086658149958 232.5703752040863 25.42324417829514 22.35090704262257 1157.072195775807 4303.008351884782 9.928533472120762 3.142928496003151 35.0838873013854 0.4537858814001083 0.116510383784771 0.5233745872974396 155.2732973471284 7.043873876333237 567.6013623848557 92.45709335058928 255.0900973528624 237.8264161646366 5.978515788912773 0.2358022332191467 0.9003048986196518 3.092056095600128
1.797109395265579 0 0.2112311124801636 3161.211676448584 2.553574785590172 86.10545472800732 161.7769518494606 60.44269023090601 1237.986976623535 3911.190758347511 7.103703811764717 4932.871534824371 1.867240056395531 27.62788514792919 118.634215131402 0.1306146383285522 0.2931498885154724 1.383524626493454 1.809533275663853 4199.631609112024 0.3245081305503845 1.013821870088577 0.5634680539369583 3056.561399623752 1.697871446609497 0.4469615295529366 2.03564541041851 2356.099228851497 35.84026738256216 1.951011709868908 0.1254897564649582 8.492469318211079 1.347051091492176 54.65533839166164 0 227.4391157031059 4.960457384586334 61.28057173639536 7.648645713925362 436.180381000042 14.3703258857131 2.700062960386276 3.463492944836617 0.1818037927150726 0 0.9537595510482788 202.7595862001181 0 12.5882740020752 40.86663388460875 12.07619284838438 104.8464268296957 65.78261357545853 0.3781109601259232 27.03862252831459 0.1356239914894104 16.59404128789902 0.4014664590358734 0.9431198835372925 0 0 0 22.02989307045937 0.1220180615782738 1.417347505688667 0 270.1134849265218 0 0 0.6068764999508858 309.5916622132063 5.729891903698444 3.045486763119698 0 2.130485013127327 0.2450806722044945 4.510719887912273 0.9346986413002014 57.44442538172007 0 13.00070992857218 0.6618389114737511 29.85069438815117 2.598258681595325 0 0
0 0.2190391644835472 0 2.553574785590172 18.35746288299561 15.76196692883968 0 0.1026630252599716 58.8252464979887 3.089298158884048 3.903198644518852 23.69717200100422 0.22665074467659 0 749.1041560322046 0 0 0 0.4964938759803772 4.034836664795876 0 2.574525877833366 0 16.3276468962431 0.2200418785214424 0 0.6152025535702705 0.8505041226744652 13.93117237091064 0 0 112.9785374403 0 27.01419845223427 0 0.8887540847063065 0 3.682143643498421 0 1602.935810297728 5.820885390043259 0 0 0 0 0 0 0 0 0 0 0.2881379127502441 0 0 0 0 0 0 0 0 0 0 0 0 0.115910179913044 0 0.4821391925215721 0 0 0 0 0 0 0 0 0 0 0 0.1785228103399277 0 0 0 0 0 0 0
32.10040002316236 0.5578061938285828 45.3805500343442 86.10545472800732 15.76196692883968 15214.44644454867 5011.139332845807 6990.303664885461 62.89916226267815 15634.44794396311 170.1901286244392 2304.882260292768 26.79615820199251 1251.158051617444 291.6930658072233 1.578074283897877 5.737793579697609 19.90175062417984 22.69851736724377 269.3586695417762 38.77099594473839 3.215856820344925 44.35353005677462 317.1184630915523 0.1421381235122681 12.03700166940689 23.35616952180862 1380.636045835912 386.6016933470964 278.9871603697538 2.235439881682396 453.5705782994628 11.60198486596346 665.697396568954 0.1154653280973434 493.9512000828981 40.56253995001316 520.7633124291897 35.33113338798285 1822.742311529815 665.4908342957497 16.54147986322641 7.333141826093197 1.755163215100765 0.3424133062362671 1.298843756318092 18.09322747588158 0 2.252055756747723 12.72608281672001 7.276601865887642 26.33435238152742 16.8712972253561 0.4923030585050583 1.606632724404335 1.307152152061462 6.668966464698315 0 2.930023036897182 0 0 0 2.007138147950172 3.83451409637928 0.8075535446405411 1.770744681358337 155.2380613982677 0.2061085999011993 0.9322617128491402 5.906127348542213 122.9672891721129 15.15891767293215 10.15317511558533 0.1314450949430466 0.09944269806146622 0.788152776658535 2.978258788585663 0.6667457222938538 27.5546805113554 0.4794062823057175 10.90721667557955 0.3951026946306229 4.667273700237274 0.8476179093122482 0 0.4902626872062683
565.4016932547092 8.98932821303606 894.3548024296761 161.7769518494606 0 5011.139332845807 16739.50787390769 3351.400185793638 209.6923537775874 14434.76214993 119.0802169218659 53.50017686933279 17.732013002038 7169.989419594407 18.8779471963644 17.60187328606844 61.82196618616581 19.92176479846239 41.6296636685729 195.4132045358419 1164.655138365924 48.41858991235495 995.9139273613691 1755.84475941211 6.063820496201515 95.53962383419275 350.0996141657233 23455.77293706685 1648.110014893115 3263.131509747356 2.313742943108082 96.43297196924686 102.3018523454666 816.760482698679 3.725997373461723 4073.370057098567 171.5020873099566 2033.05272950232 342.0804391354322 499.431324146688 303.6998849585652 4.791540585458279 57.62383898347616 4.28073950111866 2.266965702176094 28.37239219993353 101.3161988407373 1.314931750297546 31.4203018695116 134.0304326862097 57.34964832663536 132.4107309952378 92.28723426163197 6.902286045253277 8.637082800269127 0.5493969321250916 59.56340274214745 0.4890217334032059 32.84153505414724 3.454586550593376 0.5571344047784805 0.5720097869634628 30.63950446248055 34.87870118021965 19.37500648200512 10.98576335608959 1025.37317314744 0.1790859550237656 5.313120827078819 71.10229215025902 789.6972111240029 71.11313883960247 46.60038401186466 0 6.757279843091965 5.993079677224159 19.41739375889301 8.795423656702042 183.7246716991067 3.370906390249729 74.45956614613533 5.32050496339798 33.45754240453243 16.65628209710121 0.1467038840055466 2.115213662385941
625.9292403608561 0.2597973719239235 88.95189093053341 60.44269023090601 0.1026630252599716 6990.303664885461 3351.400185793638 14169.08027375489 25.0718784853816 2477.491768009961 72.74405691772699 741.7439081892371 12.90715948492289 7125.567744202912 91.69952259212732 1.395228654146194 64.15092039853334 11.60090894252062 18.57350287586451 175.3798839002848 60.05099445581436 1.233216963708401 140.2895918264985 317.4445631802082 0.8118261247873306 15.34454177320004 52.45564433932304 541.2061167731881 524.523265235126 2261.509021401405 1.075738213956356 511.3133028224111 37.99824679642916 342.7054429203272 0.6179843544960022 318.336645513773 24.38124103099108 341.3963019996881 66.78286354243755 816.3472004234791 144.5972459986806 4.04927296936512 3.80602154135704 1.673577770590782 0.4380506873130798 3.406514339148998 3.354238979518414 0 0.5533219277858734 14.79345144331455 3.440898403525352 14.32589014619589 3.636189356446266 0.5175950229167938 0.8678039163351059 0.3370278030633926 3.082692667841911 0 4.521799266338348 0.1221004128456116 0 0 1.497990429401398 4.383640713989735 1.080816484987736 0.4450623244047165 137.5582125112414 0 0.6728420257568359 4.3867541924119 87.63892735540867 11.32161561399698 7.914225831627846 0.1505909711122513 0.1377406567335129 0.4961467087268829 2.419063918292522 0.6880525946617126 19.62637680023909 0.5847354233264923 2.859738767147064 0 0.6955462098121643 1.552052408456802 0.1054941564798355 0
1.141191259026527 280.0925453454256 17.32903157919645 1237.986976623535 58.8252464979887 62.89916226267815 209.6923537775874 25.0718784853816 1737.07117240876 676.7982554361224 4.906981319189072 544.0773585364223 88.55337748676538 23.95715400576591 867.8011566326022 99.91667854040861 5.322049476206303 1.368916794657707 11.95282081514597 645.5517695248127 76.34025600552559 3429.992881305516 13.72645834088326 14483.56632370502 252.4185709506273 47.12694805115461 816.4303151145577 1665.685288451612 40.0972662717104 28.10896774381399 1.56450055539608 2.35096774995327 3.993755295872688 28.95153544098139 0 62.89120806008577 7.359487444162369 31.25359309464693 5.591663360595703 234.5449598431587 3.485328249633312 4.547143995761871 0 4.161577470600605 2.978104047477245 4.467385239899158 85.56612645834684 0 15.9843306094408 68.63540720194578 24.16992903500795 84.13167049735785 56.28411588817835 3.730760648846626 30.78459329158068 1.227628223598003 36.42298086732626 6.575845181941986 254.0869557186961 1.549671702086926 0.4126473218202591 3.001947395503521 19.92704645544291 118.8107053637505 44.12738060206175 8.499938242137432 1861.084872536361 1.63352394849062 5.973220817744732 18.80478684604168 715.9889267235994 89.88769361376762 75.10358379036188 0 1.312600575387478 8.699411876499653 14.02231070399284 0.4948909431695938 117.3342052251101 5.050771459937096 39.94527513533831 3.901875235140324 40.90839791297913 5.652225062251091 0 0.5493251979351044
49.12619864940643 1.288199059665203 43.96067571640015 3911.190758347511 3.089298158884048 15634.44794396311 14434.76214993 2477.491768009961 676.7982554361224 36463.89206473529 254.8621040210128 11168.75525286794 34.58510811254382 1230.686117485166 102.819187194109 1.471375353634357 12.63888289779425 48.74618274718523 85.58198682963848 2999.609211608768 36.48329543322325 3.139387056231499 52.21797254681587 1613.448206290603 0.6203737929463387 29.60545092821121 63.32099000364542 9510.946106649935 1329.423243053257 56.1910195723176 5.14807266741991 182.1693190336227 14.35899819433689 894.6111034080386 0.9846317619085312 2449.70848493278 87.54151632636786 1616.579333327711 85.25418015569448 792.3189607784152 338.1985282748938 8.142929628491402 48.8488443121314 1.072567000985146 0.136776477098465 3.045570060610771 157.08976174891 0 25.63861845433712 90.80288951098919 33.95339311659336 109.5376395434141 94.50948973745108 2.083690293133259 46.78997605293989 0 36.29017005860806 3.998767301440239 3.383437298238277 0.11356520652771 0 0.1289338022470474 30.0876794308424 6.071431569755077 1.06557784974575 1.227474600076675 603.929670907557 0.5302726402878761 0.6040964424610138 7.5419537499547 557.3240019381046 18.12144286930561 15.18309631198645 0.1376980841159821 3.25863316655159 0.1708590984344482 8.72158370912075 3.302642613649368 99.32147532701492 0.219488337635994 30.51561741530895 0.9946601390838623 46.67583198845387 4.864185944199562 0 0.2079005837440491
25.1415287181735 23.93498794734478 84.34480256587267 7.103703811764717 3.903198644518852 170.1901286244392 119.0802169218659 72.74405691772699 4.906981319189072 254.8621040210128 18087.11297273636 80.66833659261465 3175.827739097178 356.5329021662474 17.21198394149542 1.011900395154953 1063.542727962136 7508.655699141324 2649.897331006825 32.11636648327112 33.19192610681057 10.83620530366898 268.9095592722297 49.27745749801397 161.4629102498293 1539.31560883671 679.7306368201971 82.84219964593649 457.1661484055221 110.3370965905488 115.3466359525919 328.3785328492522 1.164942167699337 6990.22672932595 12.52930179238319 1534.157138880342 8262.63766990602 5557.532781083137 1467.726095296443 227.402104832232 39.30687339603901 2299.670272275805 14.64544613659382 0.1856088638305664 17.66259267926216 3.207937337458134 0.9886996522545815 0 0 1.549169689416885 0.4086050093173981 2.581756368279457 0.1251798123121262 387.3970277532935 0.1951506435871124 1591.508772440255 1.477774292230606 0 0.09943835437297821 2.286878824234009 10.24116543680429 6.449738994240761 0.4627314805984497 0.5643050372600555 5.204105012118816 0 17.65672585368156 176.7284359037876 107.9029160141945 155.724938005209 11.39666485786438 1.913649097084999 1.641735941171646 57.61341587454081 0.2659040987491608 0 32.52948213368654 1.605979308485985 18.3796065300703 360.770838573575 14.34355662018061 1.339391261339188 0 0.6078787446022034 400.9983452633023 0.09937552362680435
1.571400076150894 0.7949400916695595 0 4932.871534824371 23.69717200100422 2304.882260292768 53.50017686933279 741.7439081892371 544.0773585364223 11168.75525286794 80.66833659261465 8412.295826233923 13.84788043051958 140.4531969800591 978.5151410549879 0 1.114709965884686 13.70508123189211 15.76188552379608 5154.724564068019 0 4.630634509027004 0.1002512276172638 316.9973113760352 1.966332226991653 5.165916107594967 12.03167501837015 1491.454182229936 187.9482650384307 4.522174425423145 2.131041876971722 112.0503991246223 0.3085227236151695 229.4585116580129 0.4551725387573242 360.0251265615225 11.71872065216303 158.6852071434259 3.374651350080967 1235.479401603341 49.77040250599384 1.053668640553951 1.661672994494438 0 0 0 44.43058861792088 0 1.20287224650383 2.023991450667381 1.067672774195671 9.460567429661751 8.83365985751152 0 16.84673103690147 0 1.24774457514286 0.1773308664560318 0.2611060738563538 0 0 0 0.6478942036628723 0.1412106901407242 0.3005314618349075 0 30.32297628372908 0 0.7968363016843796 0.1204259470105171 33.75804038345814 0.9874144792556763 0.1117088794708252 0 0 0 0.1762444376945496 0.3758456408977509 10.94233718514442 0 2.056908369064331 0 7.272404044866562 0 0.1938792318105698 0
3.878365196287632 1208.661244079471 5.839479438960552 1.867240056395531 0.22665074467659 26.79615820199251 17.732013002038 12.90715948492289 88.55337748676538 34.58510811254382 3175.827739097178 13.84788043051958 5788.964760601521 34.49570521712303 6.09810583293438 7.887350410223007 2.85567569732666 462.8249074295163 54.28352053463459 4.934136673808098 3.241312436759472 528.0232468396425 6.662545651197433 70.5298126116395 5976.01103117317 1070.314027324319 4768.081558406353 17.23587144911289 38.81157521158457 10.20464280247688 1272.508691579103 29.73436140269041 0.1017566472291946 2758.169299349189 1.287540435791016 306.8980512619019 4432.782003924251 2286.197598621249 152.4292554855347 58.04973793029785 67.96253836899996 871.9094802588224 4.974431753158569 0.2204186469316483 140.7546486482024 4.506806038320065 0 0 0 0.7706425040960312 1.677128955721855 8.207686208188534 0.6586197540163994 1366.832578361034 0 10002.36976058036 3.496810056269169 0 0.2331492826342583 4.005486741662025 91.04831999540329 32.84237676858902 0 0.2071614861488342 38.55979731678963 1.309926725924015 5.766643166542053 2256.755250528455 747.8895220533013 1959.460135743022 1.075273551046848 3.701695874333382 0.5986224487423897 533.9594489336014 3.289671748876572 0.1263417899608612 110.8454835116863 1.005178079009056 70.25663666427135 960.666428796947 90.08809474110603 15.51324328780174 14.91887210309505 0 548.3027866408229 0
6957.491549350321 1.040789946913719 178.4431134983897 27.62788514792919 0 1251.158051617444 7169.989419594407 7125.567744202912 23.95715400576591 1230.686117485166 356.5329021662474 140.4531969800591 34.49570521712303 13950.62525501102 14.28820246458054 4.062621034681797 161.54110917449 50.51370834559202 91.24803692102432 83.53850992023945 129.3946392014623 2.368696324527264 315.2665803059936 272.2140119299293 2.577978052198887 43.48835199326277 139.8635273575783 499.0884119346738 10371.19742502272 5844.02218759805 5.986784517765045 693.5165413096547 68.58126542717218 1391.969605326653 0.9690125733613968 443.8428200781345 58.41302294284105 640.4114244580269 126.0154399499297 144.3366354033351 39.30778114497662 3.562200486660004 5.125985480844975 0.4674147367477417 0.3770514130592346 4.730890199542046 1.381270855665207 0 0.3299517780542374 4.35589361935854 3.332746304571629 12.94245192408562 7.218345463275909 0 0 1.173930898308754 3.065526731312275 0 5.926106065511703 0.1953370198607445 0 0.3720922693610191 0.4411202669143677 7.897068835794926 1.335253216326237 0.5538868233561516 92.7745021879673 0 2.817517094314098 8.735341258347034 70.97958233952522 12.29329328984022 6.362412504851818 0 0.7483957558870316 0.6576635017991066 1.552998036146164 1.037451431155205 20.1207594498992 0.7143987566232681 8.199823178350925 0.8273354917764664 1.31434166431427 0.65663743019104 0.7042457759380341 0
0.4531677290797234 8.659236237406731 0.6695473790168762 118.634215131402 749.1041560322046 291.6930658072233 18.8779471963644 91.69952259212732 867.8011566326022 102.819187194109 17.21198394149542 978.5151410549879 6.09810583293438 14.28820246458054 215.2300223857164 0 0.4184542000293732 1.45258916169405 2.370835229754448 188.2951686009765 0 61.61035368591547 0 836.5930539518595 9.350911751389503 1.721619017422199 40.08210438489914 71.51893887668848 22.32032488286495 10.95952139794827 0.2577454522252083 65.82969505339861 0.101664625108242 56.87689251452684 0 26.63982693850994 2.316754162311554 23.4471532702446 0.7423036247491837 763.3943810760975 25.96712275594473 1.308074310421944 0.4954977929592133 0 0 0.1334967166185379 2.876959055662155 0 0 1.091828942298889 0.107150100171566 5.42953409999609 0 0 0 0 0 0 1.695812493562698 0.1283561587333679 0 0.1260861158370972 0.3597852885723114 1.100042924284935 0.5128360241651535 0.2995927184820175 16.53740285336971 0 0.2408889681100845 1.605683416128159 12.58409746736288 2.523575514554977 0 0 0 0 0.5441181510686874 0 2.986046195030212 0.5757640600204468 0.4118338152766228 0 0.1043575778603554 0.2950200736522675 0 0
1.184030741453171 81.09983776509762 26.12644390016794 0.1306146383285522 0 1.578074283897877 17.60187328606844 1.395228654146194 99.91667854040861 1.471375353634357 1.011900395154953 0 7.887350410223007 4.062621034681797 0 5790.936911568046 17.76475057005882 0.5245976895093918 2.120273798704147 0 6643.656812399626 5826.273503899574 5117.711590267718 2773.968399479985 17.08471872657537 22.69586616754532 5913.100854717195 1258.684595830739 51.13488381356001 34.61404797434807 0.1495962738990784 0 10.80470641702414 36.55281177908182 4.246958911418915 2307.21068944037 561.2702054604888 154.1100077703595 218.6998723894358 21.35119242966175 2.974944166839123 2.671144872903824 6.413006603717804 2.234668619930744 2.003428265452385 171.3847544938326 0.2950767278671265 0 0.3715927004814148 8.030096024274826 1.010880470275879 18.37514820694923 1.103338658809662 0 0 0 4.501148000359535 0 5496.185577511787 4.845636367797852 0.1424047499895096 1.429824717342854 0 831.7523206174374 1858.075602285564 2131.393514789641 273.345105856657 0 10.87310801446438 1573.422102063894 236.433541238308 66.46456681936979 93.73986104130745 0 0 17.34597963839769 13.5461757928133 3.357198938727379 110.7536795809865 25.92193982005119 44.44940199702978 26.02087151259184 2.276304379105568 0.4908325672149658 0 0
59.7311604321003 82.40190376341343 5424.669245757163 0.2931498885154724 0 5.737793579697609 61.82196618616581 64.15092039853334 5.322049476206303 12.63888289779425 1063.542727962136 1.114709965884686 2.85567569732666 161.54110917449 0.4184542000293732 17.76475057005882 3495.238973394036 103.753558985889 4890.845681063831 0.8849586769938469 1114.140017323196 34.17230331897736 7550.302706971765 38.26313024759293 2.667515933513641 4753.396810725331 7054.611590616405 88.06193483620882 171.1870778724551 1390.88985427469 0.5915614739060402 3.371002577245235 11.20773688703775 2599.372721813619 6.814824834465981 1012.381284244359 2391.812442623079 1394.718138687313 615.4248944595456 19.73913758248091 2.300961636006832 11.38327235728502 3.613143280148506 0 114.9748486578465 102.741812966764 0 0 0.1587114483118057 1.008856907486916 0 0.3083963915705681 0 1.186766117811203 0 5.159712880849838 0 0 0.8483751192688942 128.1323757097125 2.83492237329483 127.7767751663923 0 0.6261045932769775 13.14798172563314 6.838183648884296 2.330311827361584 18.7246123701334 597.9967201352119 781.9133664220572 0.7433644235134125 0.3047228530049324 0.9095779061317444 0.5344652533531189 0 0 15.7641300112009 2.075812637805939 64.45496778935194 18.14086183905602 28.97945322841406 28.01319060474634 0.6043547391891479 0 0 0.3866512775421143
3.761635296046734 9.792260497808456 38.82176054269075 1.383524626493454 0 19.90175062417984 19.92176479846239 11.60090894252062 1.368916794657707 48.74618274718523 7508.655699141324 13.70508123189211 462.8249074295163 50.51370834559202 1.45258916169405 0.5245976895093918 103.753558985889 319.6748025417328 1619.584830373526 6.781261332333088 5.443709902465343 5.519889548420906 47.5013347491622 9.149765759706497 13.61887105554342 4192.955543391407 897.3414129838347 16.34239538758993 62.92201781272888 17.25088788568974 142.7380286976695 39.43978630751371 0.08873561024665833 724.9380484446883 5.940616875886917 1179.396685287356 2147.968015871942 1531.109353743494 599.5016572326422 37.16881363838911 4.210456863045692 21.12972743064165 8.253698326647282 0 13.26917588710785 0.2810264676809311 0 0 0 0.1497926115989685 0 0.7854456230998039 0 25.98791641741991 0 165.3990278989077 0.4029014557600021 0 0.2101785019040108 0.7239323258399963 15.20951463282108 10.71593350172043 0 0.0869150385260582 0.9143705666065216 0.4871907234191895 3.446922741830349 58.23965713381767 152.400579482317 270.4314326941967 1.281226329505444 0.1995343863964081 0 29.41133600473404 0 0 1.69821859896183 2.975107789039612 7.078415267169476 18.18292739987373 14.66121317446232 1.22994102537632 0.1633110195398331 0 0.2205668389797211 0
11.5038773342967 50.5886185914278 645.070914298296 1.809533275663853 0.4964938759803772 22.69851736724377 41.6296636685729 18.57350287586451 11.95282081514597 85.58198682963848 2649.897331006825 15.76188552379608 54.28352053463459 91.24803692102432 2.370835229754448 2.120273798704147 4890.845681063831 1619.584830373526 2578.48081189394 8.913693808019161 35.31617112457752 43.76633404195309 636.8247317150235 21.32046394050121 32.36960512399673 4468.979808598757 2176.982270047069 30.9562236815691 98.23230125755072 118.5608441606164 17.45074435323477 31.64650917053223 0.5091948434710503 4278.002649407834 10.98425433039665 2277.516803734004 1345.984808474779 2625.647187553346 934.0541256964207 48.62194748222828 2.888834968209267 2.987969107925892 10.18202145397663 0.229723259806633 169.9270505979657 4.081069976091385 0 0 0.1796567589044571 0.73395936191082 0.1187582537531853 0.5040232092142105 0.1136884391307831 14.64809830486774 0 128.5738151371479 0.4822424948215485 0 0.7837442234158516 15.68050256371498 28.93699152767658 143.6313279122114 0.1224987357854843 0.8105386719107628 4.69329921901226 0.9732981771230698 4.427099861204624 197.209242016077 593.3506351560354 1022.656750306487 1.174328826367855 1.307858325541019 0.4669656604528427 26.9471288472414 0.6994527578353882 0 8.716562740504742 1.929143965244293 21.59531287848949 28.61031386256218 33.36285310983658 5.277228191494942 0.3324049487709999 0 0.4859307259321213 0.7260800004005432
1.277542173862457 0.2153737023472786 0.1629275679588318 4199.631609112024 4.034836664795876 269.3586695417762 195.4132045358419 175.3798839002848 645.5517695248127 2999.609211608768 32.11636648327112 5154.724564068019 4.934136673808098 83.53850992023945 188.2951686009765 0 0.8849586769938469 6.781261332333088 8.913693808019161 609.4736519381404 0.1322035491466522 0.6031419634819031 1.058134153485298 866.9690340235829 1.69717538356781 3.317502997815609 4.830733798444271 1218.234500519931 113.5764674246311 3.461760848760605 0.4373673945665359 26.60662991553545 0 117.2465290427208 0 317.8639167696238 10.10326167196035 140.7383801713586 4.973202884197235 611.7462086603045 35.50750085711479 2.714619308710098 2.542429462075233 0 0 0 69.39029761403799 0 4.552659712731838 19.14582442492247 4.4500338062644 30.33632561564445 20.45751914381981 0 20.84471970796585 0 7.317995138466358 0 0 0 0 0.3473785221576691 7.121065348386765 0.6240785717964172 0 0 125.9298944026232 0 0 0.2323149368166924 115.5405683144927 2.38279116153717 0 0 0.5759539604187012 0 0.2711262181401253 0 32.64551822841167 0 4.779737830162048 1.947971165180206 21.22167721390724 1.365438684821129 0.1527554988861084 0.5022532343864441
38.99630127102137 14.4977857246995 1785.297897443175 0.3245081305503845 0 38.77099594473839 1164.655138365924 60.05099445581436 76.34025600552559 36.48329543322325 33.19192610681057 0 3.241312436759472 129.3946392014623 0 6643.656812399626 1114.140017323196 5.443709902465343 35.31617112457752 0.1322035491466522 21908.06492480636 269.7820128798485 24051.27639461309 285.7836907431483 4.60466643422842 87.63648833334446 1358.977813906968 5093.603317208588 496.1901605725288 13442.76329589635 0.3738509938120842 1.176468655467033 69.83507563173771 3546.416407123208 20.04080979526043 12643.41646715254 1219.881011396646 5555.543913379312 3198.772078610957 106.1654231771827 34.91961959004402 9.174050413072109 54.68571705371141 4.029298067092896 4.49599789083004 53.56946195662022 0 0 0.4279772564768791 8.034369930624962 0.8372281566262245 16.09557524323463 0.4863034710288048 0.676048569381237 0 0.2038858383893967 6.736317902803421 0 939.2016256451607 7.51772079616785 0.3419298231601715 0.8724221587181091 0.4029591679573059 865.8232586681843 221.1416442319751 158.4916894584894 355.3028982654214 0.4815655946731567 6.362333431839943 114.0393331050873 400.193337932229 160.5465478599072 165.4977371394634 0 0.709742546081543 30.65629192441702 27.19407237321138 3.904574662446976 81.62722534686327 5.17524529248476 50.60142052918673 6.881963327527046 1.140148974955082 2.711120769381523 0.1301828175783157 1.407915249466896
0.2834101617336273 1916.522967711091 48.46172762662172 1.013821870088577 2.574525877833366 3.215856820344925 48.41858991235495 1.233216963708401 3429.992881305516 3.139387056231499 10.83620530366898 4.630634509027004 528.0232468396425 2.368696324527264 61.61035368591547 5826.273503899574 34.17230331897736 5.519889548420906 43.76633404195309 0.6031419634819031 269.7820128798485 5045.667779639363 517.5983088165522 7368.083089292049 1447.634241551161 180.5448724851012 11109.39149791747 225.3033015802503 7.15512216091156 5.737678453326225 5.516466788947582 0.594204880297184 0.2859905660152435 106.9068273752928 0.6812047213315964 74.11432265490294 42.58983329683542 64.15688988566399 30.2771392762661 24.25126377493143 0.8324040472507477 66.67037314176559 0.2844045758247375 1.192455641925335 20.16985365003347 86.17071109265089 3.904040604829788 0 0.06711949408054352 2.492299765348434 0.4433672949671745 67.17022664099932 0 0.7303270250558853 0 4.49197456240654 1.427783600986004 0.1229870915412903 1239.382500737906 14.23509410023689 0.4150707349181175 5.428639054298401 0.2715994417667389 147.0366143137217 627.4811067134142 340.5849084630609 194.6367218568921 8.168334975838661 29.35342909395695 931.024186424911 98.05517837405205 25.497782073915 26.27278346568346 0.4418292939662933 0.4191645383834839 3.746360793709755 4.506772816181183 0.5059687495231628 59.50240313261747 8.712574414908886 19.33423140645027 11.47854545712471 3.085995703935623 0.3538992777466774 0 0.1284811794757843
108.1553921326995 53.43136043846607 23956.93188478798 0.5634680539369583 0 44.35353005677462 995.9139273613691 140.2895918264985 13.72645834088326 52.21797254681587 268.9095592722297 0.1002512276172638 6.662545651197433 315.2665803059936 0 5117.711590267718 7550.302706971765 47.5013347491622 636.8247317150235 1.058134153485298 24051.27639461309 517.5983088165522 34286.97381969541 790.1616246402264 3.071534186601639 1663.152909331024 17975.47139265388 3267.960553370416 324.1187542229891 6783.697826333344 1.481755055487156 3.220964625477791 64.70724703371525 4450.058940954506 56.01493906229734 20257.54956557974 6032.901225842535 9083.840439885855 7597.315736562014 553.7873155251145 67.45629186928272 28.93480217456818 138.2767639830709 1.771131612360477 37.31750181317329 741.3987137451768 0.3180227875709534 0 0.2075648307800293 15.00852812081575 1.157667003571987 2.319439500570297 0.1493586748838425 0.2545430436730385 0 0.5626900196075439 5.341338910162449 0.09593184292316437 2411.692073531449 60.03702192753553 0.7617505341768265 6.21183917671442 0.4452024102210999 331.6725654527545 952.1359894275665 1186.425521679223 102.9573146775365 2.006302192807198 66.7809120491147 2334.113174334168 83.24441362172365 18.86263553053141 41.32689409703016 0 0 7.927360109984875 21.18893781304359 9.65210372209549 155.0603837892413 22.48849008977413 62.55915991961956 48.89086662977934 0.614312618970871 0.3851069137454033 0 0.3567788898944855
40.78542067855597 340.0023950859904 150.3432583063841 3056.561399623752 16.3276468962431 317.1184630915523 1755.84475941211 317.4445631802082 14483.56632370502 1613.448206290603 49.27745749801397 316.9973113760352 70.5298126116395 272.2140119299293 836.5930539518595 2773.968399479985 38.26313024759293 9.149765759706497 21.32046394050121 866.9690340235829 285.7836907431483 7368.083089292049 790.1616246402264 21905.17131222785 197.7202621474862 61.69549167156219 3081.053831912577 13190.9951504916 712.4326941296458 217.5311357676983 1.900336742401123 36.10437028855085 82.79183247685432 289.9115485101938 1.78888413310051 2288.764973178506 142.6456428691745 562.2688457295299 198.4237615391612 617.2240266278386 62.89868067204952 12.4661016985774 24.08419431746006 34.69831071794033 10.156428784132 72.26180540025234 463.0786099657416 1.171591907739639 128.8727456629276 542.1939982697368 235.4173579737544 1934.106381900609 382.0743268951774 25.01116371899843 67.52782097458839 4.116494491696358 279.5981671735644 11.539565294981 751.797042876482 9.4835509583354 4.014390259981155 7.551079079508781 115.9468471035361 573.238634981215 297.8001086637378 110.8604480102658 7554.572716869414 2.459218122065067 17.67430768162012 170.1973218098283 4579.523092344403 637.3690651878715 430.6987082883716 0.3426658511161804 20.42578772455454 37.97545649856329 104.7986807301641 8.832762725651264 960.8840235844254 20.22945416718721 369.7320996820927 23.34548101574183 129.0847230777144 58.95569341629744 1.116654753684998 6.435251772403717
0 2853.541363075376 1.605248272418976 1.697871446609497 0.2200418785214424 0.1421381235122681 6.063820496201515 0.8118261247873306 252.4185709506273 0.6203737929463387 161.4629102498293 1.966332226991653 5976.01103117317 2.577978052198887 9.350911751389503 17.08471872657537 2.667515933513641 13.61887105554342 32.36960512399673 1.69717538356781 4.60466643422842 1447.634241551161 3.071534186601639 197.7202621474862 897.0750926434994 292.0741173624992 6502.205105125904 15.36859185993671 0.389156848192215 0.8591298833489418 67.75985492020845 0.3557301461696625 0 1084.082577139139 0 335.436870008707 131.8883634880185 260.8842993676662 20.83158127963543 27.96339670568705 18.28726270794868 775.568920135498 4.548597812652588 0 169.0113127529621 8.734056890010834 6.895737886428833 0 0 0.5268169939517975 0 1.185236841440201 0.1212019547820091 87.43460641056299 8.00843620300293 924.6560908704996 2.832700498402119 0 0.4988726451992989 10.79138173162937 19.3191831111908 42.30161859840155 1.508631110191345 0.246450163424015 42.76399400830269 0 3.476927660405636 271.6011383682489 241.3564771935344 876.5868278294802 1.103548124432564 0.7006948962807655 0.4109496474266052 44.27567012608051 0.2822598516941071 0 37.25231479853392 0.6856849193572998 256.6526798009872 45.90366322547197 39.79224628210068 6.690821185708046 47.10023441910744 0 11.56526517868042 0
6.238731451332569 226.543563388288 13560.90198995918 0.4469615295529366 0 12.03700166940689 95.53962383419275 15.34454177320004 47.12694805115461 29.60545092821121 1539.31560883671 5.165916107594967 1070.314027324319 43.48835199326277 1.721619017422199 22.69586616754532 4753.396810725331 4192.955543391407 4468.979808598757 3.317502997815609 87.63648833334446 180.5448724851012 1663.152909331024 61.69549167156219 292.0741173624992 38434.85229120404 19594.92283029109 58.85323848575354 36.73623736947775 168.1268245577812 208.6021054238081 11.03018630295992 0.5769852548837662 1097.093920603395 22.17357308417559 5038.325929149985 5123.180962659419 2444.041926279664 1283.857690364122 86.74515047669411 7.856858462095261 27.12990327179432 20.99755443632603 0.7079878002405167 1172.924820013344 168.6293943822384 0 0 1.266944408416748 1.595594614744186 0.7213553264737129 2.85154764354229 0.6852051019668579 143.6227577254176 0.9201933071017265 1081.590686202049 4.026619166135788 0.3847645446658134 1.762506231665611 598.9592255428433 139.6441849842668 1392.722054205835 0.4091862887144089 1.932648152112961 53.52058021724224 10.78972044587135 6.071021690964699 776.1465478092432 5151.1124310866 8224.838554412127 0.7706010416150093 2.158526033163071 2.922211065888405 184.7067518681288 1.893736332654953 0 94.72708283364773 3.403091669082642 288.9151981770992 222.0910101905465 274.9947331100702 125.5516194477677 6.185472883284092 0 1.778372228145599 1.147382661700249
44.81280621141195 12352.60742251575 19901.96681409329 2.03564541041851 0.6152025535702705 23.35616952180862 350.0996141657233 52.45564433932304 816.4303151145577 63.32099000364542 679.7306368201971 12.03167501837015 4768.081558406353 139.8635273575783 40.08210438489914 5913.100854717195 7054.611590616405 897.3414129838347 2176.982270047069 4.830733798444271 1358.977813906968 11109.39149791747 17975.47139265388 3081.053831912577 6502.205105125904 19594.92283029109 50414.97370781749 1024.995852738619 158.3179132938385 636.0913132019341 1589.985214948654 13.41679980605841 10.94345866888762 5538.46889615804 120.5420572385192 10347.106050089 5759.422284625471 9773.468549244106 5800.399005711079 347.5523208603263 34.9099445939064 48.8622857555747 61.65908187627792 3.246289446949959 2544.247096017003 4563.13518409431 0.2280493751168251 0 2.428553223609924 75.56575302034616 15.6092880666256 21.47941556572914 1.830402716994286 128.5543199852109 0 1357.153226025403 27.24862194806337 0.2118832319974899 785.7534013837576 1217.506866849959 92.99124646931887 872.9823581874371 0.6771727502346039 57.96228498220444 3065.833297789097 1427.469640024006 112.1427156329155 1013.157186999917 4520.486822329462 22255.88445899636 38.41502536833286 7.212205715477467 89.49733137339354 193.803659260273 1.262329183518887 0.3650142103433609 263.7350514084101 21.82416270673275 1234.795601189137 398.2624893337488 671.0664890184999 504.0477166995406 16.12092407047749 1.620001673698425 2.067726522684097 4.192004397511482
108.0085969120264 17.86208267509937 698.3616960421205 2356.099228851497 0.8505041226744652 1380.636045835912 23455.77293706685 541.2061167731881 1665.685288451612 9510.946106649935 82.84219964593649 1491.454182229936 17.23587144911289 499.0884119346738 71.51893887668848 1258.684595830739 88.06193483620882 16.34239538758993 30.9562236815691 1218.234500519931 5093.603317208588 225.3033015802503 3267.960553370416 13190.9951504916 15.36859185993671 58.85323848575354 1024.995852738619 29400.20202929527 1950.427310079336 13058.91366124153 1.78200301527977 67.12703111022711 375.1094305440784 920.7169429212809 9.122121274471283 7012.947208613157 355.2524068057537 2215.177453622222 674.6287213265896 587.3188430294394 138.2636845558882 7.62607529014349 49.83627965301275 32.12699702382088 3.16611635684967 47.58019632846117 276.4553194567561 0.2133209705352783 82.60938592255116 374.1613263189793 143.7732414454222 591.3078510016203 231.2112791612744 15.17797908931971 40.57129676640034 3.740331634879112 183.0168143510818 7.635991245508194 324.7036524787545 4.681656382977962 1.527930021286011 2.444636635482311 71.25787823647261 290.8373734503984 88.38808564096689 57.67009817808867 3649.206694543362 0.2516744062304497 6.683556251227856 84.90495532006025 2528.593231670558 412.9636111482978 262.818766027689 0 15.35109378397465 22.09787999093533 61.96712519228458 10.45395601540804 572.0581159517169 13.07986802607775 208.6309887841344 16.69377422332764 92.1251784414053 31.75600397586823 0.223638117313385 6.495372645556927
3639.983092941344 0.9745573848485947 72.77496942132711 35.84026738256216 13.93117237091064 386.6016933470964 1648.110014893115 524.523265235126 40.0972662717104 1329.423243053257 457.1661484055221 187.9482650384307 38.81157521158457 10371.19742502272 22.32032488286495 51.13488381356001 171.1870778724551 62.92201781272888 98.23230125755072 113.5764674246311 496.1901605725288 7.15512216091156 324.1187542229891 712.4326941296458 0.389156848192215 36.73623736947775 158.3179132938385 1950.427310079336 28249.6285664998 7568.99637966603 5.176467314362526 787.1803368665278 3201.374563127756 2771.080349460244 1.736192211508751 482.2550531476736 102.2927398085594 1240.880363252014 220.5056608915329 355.0445524603128 186.2093394696712 1.975284218788147 5.948668330907822 2.219755597412586 0.4030924141407013 4.693427041172981 1.925581701099873 0 1.630803242325783 7.779449269175529 2.249208129942417 17.17001820355654 1.43311183154583 0.1465638279914856 0.1715713888406754 0.2573810517787933 3.000870674848557 0.1278921514749527 62.78124476969242 1.147493951022625 0 0.1091423854231834 1.725887835025787 67.62588095664978 8.159360721707344 7.205851525068283 176.849140919745 0.1062636524438858 2.633966520428658 8.86094930768013 145.2496028319001 42.55881932377815 25.21507886052132 0 0.09091480076313019 3.133916802704334 4.575989291071892 2.145953819155693 38.52525986731052 0.6182811036705971 10.53079591691494 0.4089452475309372 3.979033425450325 1.68510577827692 0 0
