649.2063871920109 1.099600598216057 136.8263993188739 4.566883899271488 1.317298047244549 15.87286930531263 2792.82613837719 634.6003420725465 0.6557097807526588 135.4769384264946 4.426837757229805 3.269942581653595 0.1022146642208099 6781.914975009859 0 0.8562486991286278 296.8545942977071 21.15326930582523 53.04194232076406 13.50010950863361 35.23624877631664 0 309.6111961454153 15.31831573694944 0.204823412001133 200.1300098896027 34.22191740572453 55.89491545408964 4154.960201390088 2827.486352406442 0.3274313881993294 4.646861895918846 18.43695060163736 116.6370812505484 0 11.03811255097389 8.215537339448929 18.01560065895319 2.568402469158173 1.038599111139774 0.7143626287579536 0 0 0 0 0.1137932613492012 0 0 0 0.3362564444541931 0 0.5296978950500488 0 0 0 0 0 0 0.2182756066322327 0 0 0 0 0.3114487826824188 0.1465979814529419 0.9792915880680084 0.6519068405032158 0 0.3515429943799973 2.535598114132881 1.52749740332365 0 0.2792207300662994 0 0 0 0 0 0.6121458113193512 0.3150056004524231 0 0 0 0 0 0
1.099600598216057 671.980579406023 8.744777388870716 2.402913704514503 2.665214940905571 1.702673509716988 2.54855764657259 1.000028558075428 866.4000649675727 1.183977037668228 53.86449097841978 8.810701370239258 605.6579513326287 1.8903663828969 26.17953307926655 320.5921627506614 71.00983537733555 8.032152116298676 41.59125389903784 1.545022517442703 20.71751294285059 2537.034944705665 37.22538228332996 1351.834921002388 2446.215963676572 507.5911548808217 7851.028719946742 47.0157490298152 3.131425179541111 2.198959000408649 54.10817778855562 0.1488450616598129 0.1218412220478058 49.81161916255951 0.4187092185020447 106.3756795823574 688.1467822343111 162.480501294136 46.81258026510477 30.89712005108595 0.348205178976059 82.06595622003078 0.4912626668810844 0.7087775468826294 267.0309148877859 36.06024082005024 0.3520125150680542 0 0 4.32901631295681 0 0.476469524204731 0.4539600908756256 2.49925958365202 0.123472236096859 16.31448190659285 1.201251678168774 0 6.025035262107849 9.425644107162952 2.273729279637337 3.686137467622757 0 0.2429234832525253 22.59778262674809 13.74256571382284 9.051372677087784 20.94284635782242 189.7889637723565 1971.42503683269 3.729075811803341 0.2086590006947517 0.4806269332766533 5.146558709442616 0.09965177625417709 0 7.152734540402889 0.134287416934967 15.70787161588669 31.40354359149933 12.77993130683899 4.287302896380424 0.2610454708337784 0 0.4104930534958839 0.5337845683097839
136.8263993188739 8.744777388870716 6468.363241657615 3.932601131498814 0.5089049637317657 81.23086459189653 3119.023153245449 1246.239684574306 0.7062754184007645 174.7781433537602 20.52156983315945 0.9740808680653572 1.815248310565948 663.5021459683776 0.6051474362611771 2.405554741621017 4225.699712619185 77.34626823663712 135.2975018769503 3.337262272834778 610.0893527716398 5.543278604745865 15778.77313861996 27.74938944727182 8.352459132671356 6379.48215200752 6188.862855553627 1355.452986322343 152.6782302483916 690.2988756895065 5.291437186300755 3.513272687792778 9.865242153406143 991.4880737736821 44.96773317456245 2000.319009952247 2588.395529389381 1680.606923438609 683.4772583171725 104.0663963705301 5.685443095862865 9.260651305317879 12.44872071594 1.002491980791092 44.93065064400434 142.0294270962477 0.1639848500490189 0 0.2979381382465363 9.639011546969414 0.446891576051712 0.5565086975693703 0.1303782016038895 0.3524901866912842 0 4.774871818721294 1.651171699166298 0 10.98569729924202 12.1114544570446 0.7393356338143349 2.45304399728775 0.2926457226276398 4.496347278356552 59.01673798263073 81.02727777510881 5.900705195963383 1.12579482793808 98.9668305888772 1334.045958183706 12.25698097795248 0.2499521821737289 3.194328546524048 0.8381633535027504 0 0 14.70601443946362 3.266882613301277 44.12482463568449 40.08936699479818 40.82008688896894 19.76489469408989 0.637978658080101 0 0 1.115056574344635
4.566883899271488 2.402913704514503 3.932601131498814 3006.013232573867 7.543976418673992 123.1511889323592 231.384446837008 48.37445247918367 676.3849036693573 4057.263392150402 1.482797965407372 2926.413293339312 0.1120730265974998 30.59193456172943 86.93428009748459 9.972974255681038 1.17841199785471 1.209935501217842 1.499442487955093 3891.73360824585 1.508836008608341 9.855878695845604 3.606238797307014 1857.876097388566 1.710561454296112 4.12457000464201 23.08823393285275 3378.117468640208 117.6196020618081 2.654064111411572 0.1735119298100471 4.798545360565186 7.098703563213348 47.37456170469522 6.978387743234634 436.0462506562471 6.827489487826824 107.7706398889422 33.65833582729101 221.7851288616657 13.2434503287077 0.9249973148107529 4.908877119421959 0.2538850605487823 0.1445000171661377 0.2189814448356628 229.8570239841938 0 8.91405738145113 91.06581774353981 4.825776152312756 113.5950411185622 113.8252830505371 0 121.7359923124313 0 1.989834606647491 6.730318658053875 3.461789593100548 0 0.1258453577756882 0 254.0855381116271 0 2.453750059008598 0.6229571253061295 375.9758447483182 0 0.2139199376106262 6.489407986402512 357.2314755916595 2.233917064964771 5.021458014845848 0 0 0.1146804094314575 3.146323196589947 0 91.27394270896912 0 9.526142746210098 1.030120700597763 67.17939656972885 0.4191263318061829 0 0.8215654194355011
1.317298047244549 2.665214940905571 0.5089049637317657 7.543976418673992 5.741840839385986 213.0791429802775 9.664100058376789 71.04251475632191 74.49421615153551 51.76878816634417 54.36522147059441 129.978833168745 5.210493445396423 8.870322696864605 2848.501722604036 0 1.817819252610207 7.916300870478153 3.282883763313293 21.29125475883484 0 5.306859061121941 1.108821213245392 55.63300180435181 10.80253456532955 14.5396366789937 6.896421320736408 16.43941761553288 273.1373963803053 1.364218033850193 1.604684963822365 6.319688484072685 0.8056712746620178 234.3450249060988 0.2530453205108643 113.9635239094496 7.673785671591759 296.161510810256 67.03635171800852 1196.627732738853 95.53748694062233 6.477402165532112 11.01652828603983 0 0 0 0.2833226248621941 0 0 0 0 0 0 0 0.3553941696882248 0 0 0 0.1416570544242859 0 0 0 0 0.1189117878675461 0.1271163076162338 0.1597268134355545 0.2443638145923615 0 0 0.2627957761287689 0.1309084594249725 0 0 0 0 0 0 0 0.4716690182685852 0 0 0 0 0 0 0
15.87286930531263 1.702673509716988 81.23086459189653 123.1511889323592 213.0791429802775 10143.11072547734 1842.278039656579 6661.639632865787 65.09826231002808 8916.632298015058 72.516491509974 1822.458194680512 8.425910927355289 422.6059138327837 2321.569293372333 0.7818244844675064 17.07311011850834 30.36769070476294 17.23799660056829 114.5815632790327 4.495759956538677 2.688162557780743 22.37938305735588 152.4745627790689 6.171031542122364 96.55456727743149 29.39632817357779 628.5965985506773 655.9987879469991 10.20908588171005 3.77525706589222 215.5787790715694 14.06192570179701 367.3584973216057 0.4489985704421997 253.734152674675 21.60752771794796 318.0328034237027 45.82964190840721 3837.390009611845 169.7641573622823 3.926430873572826 7.905767202377319 0 0.6295017153024673 0.4845704585313797 7.016905926167965 0 0 9.317238822579384 0.8297849893569946 9.120767071843147 4.786005780100822 0 2.357622921466827 0 0.1481668204069138 0.3077248930931091 1.344123899936676 0 0 0 8.336663231253624 0 0.339870810508728 1.407300144433975 40.44058445096016 0 0.712017223238945 5.413693487644196 34.73934353142977 0.451873391866684 0.7098084688186646 0.149718850851059 0 0 0.2431508749723434 0 8.829251706600189 0 0.3580717146396637 0.534059152007103 6.601390264928341 0 0 0
2792.82613837719 2.54855764657259 3119.023153245449 231.384446837008 9.664100058376789 1842.278039656579 14638.18442666531 7551.211419463158 85.10993578284979 9206.762048222125 17.24915891140699 89.95446491986513 2.761765204370022 7976.944528855383 11.90811834484339 48.44480010122061 360.0299424752593 27.75363041460514 38.71877489984035 34.71895196288824 825.4917369186878 26.24114192277193 2608.718149922788 1057.408244557679 3.33839014172554 824.6247545555234 715.4959434717894 11409.91768463701 2339.155524909496 6571.6832504794 1.79511433839798 33.33738723397255 362.5391595885158 607.925033159554 23.44025066494942 1856.99656843394 240.4536800682545 1251.661451794207 470.2441838309169 184.705061994493 76.78147022426128 3.255699917674065 26.69928959012032 0 4.025381505489349 7.988798499107361 13.41594868898392 0.144444540143013 3.596091367304325 110.0830606892705 7.313246086239815 91.21005292236805 25.35866568982601 0.6637450680136681 8.152824833989143 0.6448593661189079 3.298028200864792 0.9089117348194122 69.58758819103241 0.426738440990448 0.7031213939189911 0.5835327506065369 14.40722341835499 6.559358693659306 26.90886995196342 32.78828285634518 360.7314481735229 0.2433574497699738 3.527279734611511 193.2541953325272 388.0082606300712 4.169452853500843 30.12862706184387 0 0.5393304228782654 0.2692428454756737 7.057644717395306 1.849160492420197 97.40066593885422 1.939500421285629 14.28922820836306 5.43893775343895 48.4457605779171 2.522360317409039 0 0.628706693649292
634.6003420725465 1.000028558075428 1246.239684574306 48.37445247918367 71.04251475632191 6661.639632865787 7551.211419463158 11156.45186011866 8.344582661986351 4051.046488434076 254.1508219242096 403.1388389989734 28.09928606450558 6280.347276985645 173.5040255263448 1.625782862305641 763.6715693958104 123.0699878633022 153.3839321099222 164.7821547761559 58.91385544836521 0.4725466668605804 676.5500238761306 89.78406336903572 22.15376403927803 1122.67328215763 181.9113074280322 279.957171022892 831.3657356984913 652.3442515321076 8.765495307743549 443.6205028891563 25.46517370641232 908.6175019517541 5.123892776668072 648.5343899056315 101.548683822155 839.626480024308 171.4673408567905 1224.67991656065 158.0822672918439 16.95670464634895 31.81967311352491 0.5918877720832825 1.588943652808666 3.447664216160774 2.596314631402493 0 0.1560937613248825 16.3562151119113 0.3388682901859283 6.223759993910789 2.333231084048748 0 0.7519614174962044 0.1099337935447693 0.2204550802707672 0.2727453112602234 4.005704656243324 0.1412104964256287 0 0.2496917694807053 2.685772836208344 1.193937964737415 2.016559332609177 3.841520488262177 50.48796657472849 0.4272326231002808 2.024444632232189 28.45188861340284 56.7548788562417 0.6514799073338509 3.844498857855797 0 0 0 1.295163676142693 0.2094831168651581 10.66844123601913 0.558009460568428 2.242495447397232 0.848838172852993 5.006449356675148 0.8447479009628296 0 0
0.6557097807526588 866.4000649675727 0.7062754184007645 676.3849036693573 74.49421615153551 65.09826231002808 85.10993578284979 8.344582661986351 931.0967145711184 197.5034712478518 2.297220565378666 508.9508160799742 21.75292591005564 1.168023325502872 440.1741968914866 58.02584505826235 2.095510110259056 0.9050114154815674 1.414925895631313 395.5905163288116 10.05609400570393 3381.858465477824 5.522359661757946 9890.359371326864 219.5743732601404 17.31701652705669 406.8904555737972 1224.786524750292 5.462991401553154 32.24931322038174 6.118022866547108 0.1002866700291634 0.8134748116135597 4.837360218167305 0.4320123791694641 89.7605678960681 14.02254077792168 12.29240568727255 3.35226771235466 421.6112329363823 4.274719521403313 0.4860973060131073 0 4.346571773290634 2.488890610635281 0 148.5429822281003 0 6.709479242563248 109.37846390903 7.792297281324863 151.5634870827198 82.47871454060078 1.326986409723759 73.01880350708961 0.348088912665844 4.725697092711926 12.04850588738918 291.3952379822731 0.6332949250936508 0.2420966178178787 0.1267911791801453 118.9633195847273 58.90894850343466 55.56862183660269 22.88301835954189 1196.374115765095 0.2957351207733154 3.466134130954742 15.04301398992538 587.2992006987333 10.38316557556391 46.58854454755783 0.3253921046853065 0.2063544690608978 0 5.388632468879223 0 30.04690106213093 2.126686811447144 12.17298182100058 4.44012263417244 60.7528625652194 3.346213102340698 0 1.123502850532532
135.4769384264946 1.183977037668228 174.7781433537602 4057.263392150402 51.76878816634417 8916.632298015058 9206.762048222125 4051.046488434076 197.5034712478518 28153.58437806368 107.3179840669036 3967.781762555242 14.86180128902197 1030.88755735755 241.0189968422055 5.118146508932114 30.15875197947025 57.70047577470541 33.36914273351431 1937.607575125992 25.65530923753977 4.819919586181641 54.07207836210728 881.6883943602443 7.253978759050369 172.7682617157698 118.7765330448747 9556.26810682565 1986.519040837884 45.96892780810595 4.016040459275246 151.992860801518 57.1405745446682 814.373936213553 10.72640620172024 1579.833991885185 79.84516744315624 1507.700134456158 245.9350429549813 873.3570301681757 181.1807196885347 7.051468417048454 35.2989726960659 0.1146216690540314 1.375023558735847 1.912308275699615 95.00318242609501 0.3416796028614044 8.709891006350517 106.3211919888854 8.412651978433132 74.03496520221233 73.95081266760826 0.4351974129676819 49.88725414127111 0 4.012666873633862 1.434944644570351 8.05784909427166 0.1353586912155151 0 0 145.5118322521448 1.000881344079971 2.534689962863922 5.906907841563225 392.5806545913219 0 0.8507815301418304 24.51449715346098 370.4257314950228 4.047422304749489 5.041628703474998 0.088709756731987 0 0.1193116679787636 3.674802348017693 2.204974427819252 93.26534435153008 1.113390877842903 6.433400802314281 1.688777163624763 54.23219511657953 2.099713116884232 0 0.5037225186824799
4.426837757229805 53.86449097841978 20.52156983315945 1.482797965407372 54.36522147059441 72.516491509974 17.24915891140699 254.1508219242096 2.297220565378666 107.3179840669036 11590.60876397043 33.17947710305452 4264.643787123263 186.8466634601355 0.2196040004491806 1.789440453052521 942.1524978801608 4215.164079338312 2109.094394341111 17.1291206330061 29.51078996807337 5.625142477452755 97.93493697792292 13.26715313643217 1295.788027644157 2754.16775201261 409.1169139519334 31.46388055384159 324.2124791890383 19.45509292185307 442.8837143182755 347.0489441454411 16.77578269690275 7579.524507954717 6.837847962975502 415.987252779305 3140.916835814714 4868.822093166411 782.6353806257248 90.6957028657198 21.40412351489067 1222.439811520278 6.429973989725113 0 3.639491632580757 0.5630366653203964 0 0 0 1.337944738566875 0 0.9712298884987831 0.1197775602340698 348.5313016623259 0 823.2605669349432 0 0 0.2354476004838943 0.1184960454702377 3.968132644891739 0.7330084443092346 0.1249491199851036 0 1.282557979226112 0 2.41269813477993 128.6260868981481 106.7501081451774 252.4468280598521 1.251906730234623 0.115656279027462 0.2004099786281586 112.2807538360357 0 0 1.819702535867691 5.814058512449265 10.85238526761532 587.2384956255555 3.926813699305058 1.587493352591991 0 0 276.6776656284928 0
3.269942581653595 8.810701370239258 0.9740808680653572 2926.413293339312 129.978833168745 1822.458194680512 89.95446491986513 403.1388389989734 508.9508160799742 3967.781762555242 33.17947710305452 8083.744404137135 3.602156601846218 104.4454732686281 1149.148865260184 0.1940748691558838 1.931906908750534 14.00746229290962 8.211182169616222 5889.013312250376 0.08491029590368271 23.80064485222101 1.026476129889488 652.7897179275751 5.937558352947235 28.8564608246088 16.64183805882931 873.543887577951 272.6807074248791 0.8991261199116707 1.223382793366909 48.19808043539524 0.7535156756639481 166.4485518038273 10.23299764096737 621.684616945684 9.511069811880589 194.3210182636976 14.32368424534798 2038.255163356662 17.70071894675493 0.5599709004163742 2.503646910190582 0 0 0 143.7486349344254 0 2.442471086978912 17.04754544794559 1.041711643338203 29.3642204105854 65.3988881111145 0.09926788508892059 199.5000512376428 0.1082007214426994 0.8513919860124588 5.189580947160721 0.4159267544746399 0 0.08766111731529236 0 147.2989382296801 0.5181681290268898 1.030992031097412 0.1545419543981552 90.74288690835238 0 0.2961289137601852 0.614355593919754 81.80827494710684 0.8998679518699646 0 0.6041187644004822 0.1181008666753769 0.1273894608020782 1.421855226159096 0 33.34889958798885 0 2.880579270422459 0 37.53999742865562 0.973833903670311 0 0.3995127081871033
0.1022146642208099 605.6579513326287 1.815248310565948 0.1120730265974998 5.210493445396423 8.425910927355289 2.761765204370022 28.09928606450558 21.75292591005564 14.86180128902197 4264.643787123263 3.602156601846218 4551.911959469318 14.30699668079615 0.255677118897438 5.376038238406181 3.67575041949749 252.3053003773093 11.55470429360867 1.456402160227299 2.113921821117401 93.78217338770628 3.187285907566547 21.5013580173254 4011.706616930664 244.5458881407976 5473.381975568831 2.930885978043079 15.76206942647696 0.09985251724720001 1095.218934170902 25.46820179373026 0.09887335449457169 1460.33761292696 35.3109542876482 666.7922752276063 3263.345946267247 1758.291137553751 279.0650904551148 18.66785239428282 10.80293469130993 741.460107088089 11.01534865796566 0 40.20141729712486 0.2608521431684494 0 0 0 0.8710707873106003 0 0.1709775626659393 0 402.6052653715014 0 938.9576066210866 0.3790736123919487 0 0.7867702171206474 0.2278940081596375 9.807140231132507 0.9845958277583122 0 0 1.278285197913647 0.2124107703566551 0.490982823073864 241.9787059128284 202.8943252936006 532.4191952124238 0.3805912360548973 0 0 161.7381720021367 0 0 1.289249114692211 9.061465352773666 14.58245382457972 487.1782676056027 9.664266631007195 0.7323480099439621 0 0 223.0998515039682 0.1370312720537186
6781.914975009859 1.8903663828969 663.5021459683776 30.59193456172943 8.870322696864605 422.6059138327837 7976.944528855383 6280.347276985645 1.168023325502872 1030.88755735755 186.8466634601355 104.4454732686281 14.30699668079615 9247.699247661978 0.7136663049459457 0.2498388364911079 860.7849842533469 115.6023408435285 175.7409614883363 85.41746769845486 58.1922309845686 0.09916871786117554 878.8286405950785 56.59033051878214 5.550414972007275 890.9377563409507 141.3527342602611 221.8198448345065 3828.465700048953 1978.391629785299 5.784392662346363 48.96389170736074 5.601912476122379 773.1589853167534 0.5889184474945068 136.6561594754457 39.96723866462708 451.4628916755319 42.86583250761032 118.6170157194138 10.30975266546011 1.669269591569901 3.111553274095058 0 0.4543854370713234 0.1049551442265511 0.1428454518318176 0 0 1.463739894330502 0 0.6269914731383324 0 0 0.4812117964029312 0 0 0 1.266314454376698 0 0 0 1.444393627345562 0.1716803312301636 1.315759986639023 1.083270415663719 6.827231280505657 0 1.777151718735695 10.1917682737112 9.846573293209076 0 0.8302968144416809 0.1017730832099915 0 0 0 0 2.404632970690727 0.533569261431694 0.1064860969781876 0.9031031131744385 2.106036499142647 0 0 0
0 26.17953307926655 0.6051474362611771 86.93428009748459 2848.501722604036 2321.569293372333 11.90811834484339 173.5040255263448 440.1741968914866 241.0189968422055 0.2196040004491806 1149.148865260184 0.255677118897438 0.7136663049459457 278.2437004745007 0.1498569697141647 0 0 0 190.0490124970675 0.6460645198822021 70.91255462169647 0 668.6847166493535 5.774440944194794 1.142887964844704 10.47650916874409 77.14423333853483 1.916712790727615 0 0.2086569145321846 24.61685138940811 0.1181896850466728 0.7194373980164528 0.1795789301395416 30.79455787688494 0 4.116094313561916 13.86179766058922 912.9188332557678 52.52669116854668 0 0 0 0 0 1.514646239578724 0 0 0.1865667402744293 0 2.456105455756187 0.7542389035224915 0 1.101822569966316 0.09145200997591019 0 0 3.599875554442406 0 0 0 0.6096930354833603 0.290803387761116 1.053404182195663 0.5783437490463257 2.554584644734859 0.1143670380115509 0 0.6715238466858864 2.110135458409786 0 0 0 0 0 0 0 0.3155231177806854 0 0 0 0.2727022171020508 0 0 0
0.8562486991286278 320.5921627506614 2.405554741621017 9.972974255681038 0 0.7818244844675064 48.44480010122061 1.625782862305641 58.02584505826235 5.118146508932114 1.789440453052521 0.1940748691558838 5.376038238406181 0.2498388364911079 0.1498569697141647 9283.78109960258 17.89300560951233 0.6989385038614273 2.304457612335682 1.483938500285149 2662.462160870433 1479.635343447328 5700.901964992285 3318.958407923579 57.90243422240019 15.1488946378231 4991.364886470139 1681.832807615399 4.215267829596996 278.3881377726793 0.6421105116605759 0.1695442944765091 2.090369425714016 103.0245217829943 14.72364810854197 1937.250543616712 522.0447720959783 395.7640952914953 299.4010825157166 74.11765983700752 0.929887630045414 9.499152630567551 17.88512375950813 0.6392616331577301 18.16886211931705 18.33750115334988 0.151665061712265 0.1401904076337814 0.4876745343208313 24.22945278137922 0.6131366193294525 42.06457145512104 2.809756554663181 0.76785609126091 0.3191304504871368 0.7970249056816101 1.3707624822855 1.692386046051979 3628.494809918106 1.013915047049522 0.4345480725169182 0.1338245719671249 1.194331765174866 262.5214576721191 1403.376616448164 1110.943058393896 208.542466506362 0.1458004713058472 2.947418957948685 1134.182582959533 185.3088721483946 3.671469569206238 27.07844021171331 0 0 0.1872126758098602 6.612824954092503 0.9260628074407578 646.7228190600872 14.0453387349844 7.366672731935978 5.077544912695885 31.93548275530338 0 10.44231355190277 4.795054197311401
296.8545942977071 71.00983537733555 4225.699712619185 1.17841199785471 1.817819252610207 17.07311011850834 360.0299424752593 763.6715693958104 2.095510110259056 30.15875197947025 942.1524978801608 1.931906908750534 3.67575041949749 860.7849842533469 0 17.89300560951233 1083.504289202392 800.0946811363101 6490.171436883509 1.948400802910328 271.4680608808994 18.24152214080095 3771.39637286216 57.64631570130587 20.04303430020809 6645.369494765997 5236.447209484875 119.9558211863041 1160.318550869823 1543.718395575881 2.42850823700428 7.766779892146587 54.30136400461197 1940.758115395904 6.099707081913948 426.5081060677767 1095.629006646574 836.6471627354622 238.8648472055793 11.87502340227365 3.007719300687313 13.69937026500702 0.8050216436386108 0 25.6740161255002 25.42907150089741 0 0 0 1.293825820088387 0 0.5958298444747925 0.1189513206481934 0.1034120470285416 0 1.100328288972378 0 0 2.998080305755138 7.809799410402775 0.791741669178009 2.372418090701103 0 0.1243376955389977 6.381081968545914 6.226281061768532 2.273138917982578 1.344974264502525 100.5211455374956 428.375440068543 2.655795343220234 0 0.2773052528500557 0.4215302988886833 0 0.1666355580091476 3.493030712008476 1.185294583439827 9.409491568803787 18.92607436329126 5.469359949231148 0.8545206412672997 0.6484392881393433 0 0.7883773446083069 0
21.15326930582523 8.032152116298676 77.34626823663712 1.209935501217842 7.916300870478153 30.36769070476294 27.75363041460514 123.0699878633022 0.9050114154815674 57.70047577470541 4215.164079338312 14.00746229290962 252.3053003773093 115.6023408435285 0 0.6989385038614273 800.0946811363101 212.2489698976278 1575.39453689754 7.57695946097374 10.59367618709803 1.007258668541908 69.52640024572611 5.80271789431572 18.2103813290596 3796.197907611728 564.9449940025806 17.09917857497931 178.5228445231915 36.54742193222046 225.7437127232552 64.81893955916166 13.42092303186655 2126.082784034312 11.43646950274706 502.7136478200555 818.9052304551005 1359.380866460502 401.0049186125398 32.97391927242279 2.527668617665768 11.4282675459981 2.969956323504448 0 2.682123795151711 0.8460461050271988 0 0 0 0 0 0.3496531844139099 0 9.446725018322468 0 18.30899414420128 0 0 0.1783917099237442 0 4.082007363438606 0.2650687173008919 0 0 0.135321706533432 0 0.992356188595295 4.369040161371231 43.87847919762135 104.1749888435006 0.6230918392539024 0 0 15.28651702404022 0 0 0 0.1672286689281464 1.735420420765877 33.08426771312952 0.696649357676506 0 0.418291300535202 0 1.114437103271484 0
53.04194232076406 41.59125389903784 135.2975018769503 1.499442487955093 3.282883763313293 17.23799660056829 38.71877489984035 153.3839321099222 1.414925895631313 33.36914273351431 2109.094394341111 8.211182169616222 11.55470429360867 175.7409614883363 0 2.304457612335682 6490.171436883509 1575.39453689754 1477.687872730196 4.33258967846632 30.38497829437256 2.951162189245224 316.1945407092571 7.78406149148941 9.347011916339397 3065.243558876216 1285.513989627361 19.36260482668877 362.9161810651422 176.6492336913943 12.4534612596035 27.61249307543039 28.77292527258396 3369.349928937852 5.455600716173649 503.3571513369679 595.4939899668097 1339.863312974572 384.1333995983005 19.39321044832468 1.144799925386906 3.202895745635033 1.519973307847977 0 7.052100479602814 1.589316487312317 0 0 0 0 0 0 0 1.295274458825588 0 2.39943540841341 0 0 0.1432349383831024 0.8497972786426544 1.401292234659195 2.289363965392113 0.1275807619094849 0.4154339581727982 0.2887502759695053 0 0.1239516884088516 2.416718691587448 52.86676428467035 144.7173497080803 0.881598562002182 0.09146761149168015 0.2186714708805084 1.971086390316486 0 0 0.4475080221891403 0.9862920343875885 2.09138572961092 12.29767799377441 1.502792358398438 0.5887367576360703 0 0 0 0
13.50010950863361 1.545022517442703 3.337262272834778 3891.73360824585 21.29125475883484 114.5815632790327 34.71895196288824 164.7821547761559 395.5905163288116 1937.607575125992 17.1291206330061 5889.013312250376 1.456402160227299 85.41746769845486 190.0490124970675 1.483938500285149 1.948400802910328 7.57695946097374 4.33258967846632 569.2032368630171 0.4075682386755943 3.895604386925697 1.189439952373505 383.0237902998924 2.478869706392288 18.24454894661903 9.643701069056988 2221.413442336023 304.1057873442769 2.463078260421753 1.374018505215645 22.70776639133692 6.472688496112823 141.8435334041715 5.1394874304533 625.2548295333982 20.93137144297361 277.3895352333784 55.87878435850143 505.6336888894439 42.008301243186 0.367216169834137 9.387988641858101 0.2574856877326965 0 0.1933692097663879 93.67080546170473 0 4.474254369735718 66.849898211658 4.009652227163315 49.73573479056358 62.21392312645912 0.146207720041275 65.69032883644104 0 0.4685461595654488 4.805113226175308 1.564626343548298 0 0 0 122.0390606373549 0.3792898952960968 0.3964830935001373 0.9317525327205658 234.0889955461025 0 0 1.870061255991459 212.924666069448 2.74251239746809 2.522238999605179 0 0 0.1883980631828308 3.271493554115295 0.7981925010681152 42.25518120825291 0.3100768029689789 5.105223551392555 0.5076437741518021 46.03451569378376 2.905566968023777 0 1.638313889503479
35.23624877631664 20.71751294285059 610.0893527716398 1.508836008608341 0 4.495759956538677 825.4917369186878 58.91385544836521 10.05609400570393 25.65530923753977 29.51078996807337 0.08491029590368271 2.113921821117401 58.1922309845686 0.6460645198822021 2662.462160870433 271.4680608808994 10.59367618709803 30.38497829437256 0.4075682386755943 14296.98045387864 71.43783950805664 19048.70135013759 102.2839028537273 11.85761938989162 45.40734680742025 1379.12312798202 5028.920620843768 243.9934586659074 10057.94108216465 0 1.291178584098816 44.86565162241459 3566.710632316768 66.2102824151516 5273.316162072122 461.0544894486666 5460.325665399432 1667.549449451268 257.0875660851598 3.846962749958038 5.544038020074368 49.84296324104071 0.4137004315853119 0.5697007179260254 1.563267983496189 0 0 0.1252366006374359 4.947867214679718 0.2536355555057526 14.07754434645176 0.9043453931808472 0 0 0.1111977100372314 0.09919436275959015 0.539556197822094 421.6304352506995 0 0 0.4661504626274109 0 113.3465392068028 100.2234369516373 96.70169647783041 65.96264816820621 0 0.8229361772537231 31.06701114028692 65.80816020816565 2.288167960941792 12.44421555101871 0 0 0 0.9976781010627747 1.828695118427277 184.4690710157156 1.070961087942123 0.8835501819849014 0.7889087349176407 12.99938170611858 0.3019970953464508 2.514239847660065 0
0 2537.034944705665 5.543278604745865 9.855878695845604 5.306859061121941 2.688162557780743 26.24114192277193 0.4725466668605804 3381.858465477824 4.819919586181641 5.625142477452755 23.80064485222101 93.78217338770628 0.09916871786117554 70.91255462169647 1479.635343447328 18.24152214080095 1.007258668541908 2.951162189245224 3.895604386925697 71.43783950805664 1375.203302584589 288.0296200886369 5860.393659099936 730.400186277926 62.73111483454704 3799.989683605731 214.7386969774961 0.8947499841451645 8.24896115809679 15.41211263090372 0.2049673348665237 0.1177760660648346 23.78539406508207 1.065450370311737 143.000335007906 229.5242053866386 149.866953112185 44.52571956813335 93.54400652647018 0.1298362910747528 4.922950394451618 1.893543422222137 0 124.828324995935 29.06949768960476 0.7495999336242676 0 0.1032184883952141 19.36540589481592 0.9400043338537216 25.71491608023643 2.581054113805294 0.2722416594624519 0.2363990396261215 2.906425565481186 2.767201937735081 2.139795020222664 1850.390424840152 3.440395385026932 0.761060819029808 0.7574277594685555 1.607282087206841 74.81278216093779 766.5389291346073 431.3543301522732 136.9727540016174 1.390975572168827 15.14248252660036 1704.050474837422 68.00373096764088 0.9750859513878822 8.697404220700264 0.3419008851051331 0 0 2.522186487913132 0 59.07930640131235 23.74396388232708 11.57891353964806 6.184052303433418 4.016102910041809 0 0 0
309.6111961454153 37.22538228332996 15778.77313861996 3.606238797307014 1.108821213245392 22.37938305735588 2608.718149922788 676.5500238761306 5.522359661757946 54.07207836210728 97.93493697792292 1.026476129889488 3.187285907566547 878.8286405950785 0 5700.901964992285 3771.39637286216 69.52640024572611 316.1945407092571 1.189439952373505 19048.70135013759 288.0296200886369 18832.48553521186 689.1082197502255 20.47568412125111 1797.216340981424 11456.07293491811 3874.929455958307 653.6692659333348 8250.611341416836 2.086532518267632 5.163703791797161 35.18120650947094 3359.82114033401 165.5295451804996 11482.70316310972 7002.605880178511 7298.352210938931 4196.256438151002 646.8114911913872 13.36422120779753 10.24527911841869 112.0763328298926 0.7265339493751526 14.93030118197203 89.90944422781467 0 0 1.085766926407814 33.68792622536421 2.535210460424423 10.13555020093918 3.640995599329472 0 0 0.6462375521659851 4.230767913162708 0 2206.718147605658 3.497765399515629 0.1304970234632492 0.7624325901269913 0 87.32083924859762 654.6938120275736 758.9120739623904 77.14474190026522 0.5262083485722542 9.733201764523983 1644.615449085832 73.49026984721422 0.3540430441498756 6.513754568994045 0.3491006195545197 0 0.2939995527267456 3.838277049362659 4.008295923471451 415.8856858089566 8.595850646495819 22.00686133652925 20.35775627195835 11.54441864788532 0 7.216910839080811 2.158059924840927
15.31831573694944 1351.834921002388 27.74938944727182 1857.876097388566 55.63300180435181 152.4745627790689 1057.408244557679 89.78406336903572 9890.359371326864 881.6883943602443 13.26715313643217 652.7897179275751 21.5013580173254 56.59033051878214 668.6847166493535 3318.958407923579 57.64631570130587 5.80271789431572 7.78406149148941 383.0237902998924 102.2839028537273 5860.393659099936 689.1082197502255 6253.695915795863 219.9830399677157 64.3168507963419 3443.357791751623 10363.57166006416 600.4185411259532 719.3599004074931 4.99507637321949 12.29980270564556 261.2944551557302 499.5996517017484 23.71129912137985 2825.556154660881 195.8496615663171 1088.065861798823 381.5414632558823 1000.904427863657 67.17323104292154 9.902999684214592 34.72504461556673 14.1482712700963 16.28544614464045 15.79121045768261 248.7368573322892 0.8343765735626221 28.37055572867393 576.9417030960321 39.0109940096736 1307.493963904679 215.7042714506388 2.818467877805233 127.8373007178307 0.5295240506529808 33.3225311934948 21.80754479765892 1019.043834120035 1.664616599678993 1.258569926023483 1.351487405598164 261.2737993448973 236.1820939555764 357.2608137950301 156.563230112195 3306.393025174737 0.3525295406579971 11.04310847073793 446.8281929716468 2895.860010363162 58.27335594594479 327.5031761974096 0.2831245884299278 0.08834871649742126 2.246286056935787 26.89667890965939 9.538767158985138 508.6568000465631 13.58775033801794 65.76574866473675 18.41659039258957 251.312553986907 18.42040551453829 6.318589642643929 3.286959916353226
0.204823412001133 2446.215963676572 8.352459132671356 1.710561454296112 10.80253456532955 6.171031542122364 3.33839014172554 22.15376403927803 219.5743732601404 7.253978759050369 1295.788027644157 5.937558352947235 4011.706616930664 5.550414972007275 5.774440944194794 57.90243422240019 20.04303430020809 18.2103813290596 9.347011916339397 2.478869706392288 11.85761938989162 730.400186277926 20.47568412125111 219.9830399677157 1080.195185050368 600.4377620220184 5929.839595355093 27.50703917443752 9.910190120339394 11.67468508332968 429.6400431767106 20.80459669232368 0 631.1498250886798 147.9609298706055 2464.854257881641 4230.832937769592 4312.814986146986 681.1151314675808 100.2838185280561 122.1437060534954 323.6266887187958 7.032639443874359 0 91.92944546043873 3.258855745196342 0 0 0.1670994609594345 0.912833996117115 0.1036210060119629 0.4495614022016525 0.1391992270946503 171.2172922715545 0 671.5242175236344 0.08621031045913696 0 2.814557194709778 0.5508258491754532 8.452056743204594 1.605894766747952 0 0 1.79656857252121 0.2547915875911713 2.736707746982574 96.54684852808714 217.7727504000068 947.4226448833942 3.725913673639297 0 0.2860503867268562 89.26756941527128 0 0 0.9214306324720383 41.22891779243946 267.0731313452125 150.9119188189507 9.359683588147163 0.5024516731500626 15.42489767074585 0 35.31688638776541 0
200.1300098896027 507.5911548808217 6379.48215200752 4.12457000464201 14.5396366789937 96.55456727743149 824.6247545555234 1122.67328215763 17.31701652705669 172.7682617157698 2754.16775201261 28.8564608246088 244.5458881407976 890.9377563409507 1.142887964844704 15.1488946378231 6645.369494765997 3796.197907611728 3065.243558876216 18.24454894661903 45.40734680742025 62.73111483454704 1797.216340981424 64.3168507963419 600.4377620220184 31431.5331087932 14565.54094582796 231.2394868507981 847.9159863591194 326.5230073481798 978.986721098423 111.6507283225656 43.83701788634062 3684.206310220063 48.94781365990639 3534.385738231242 8056.510518863797 5285.795142039657 1893.885970421135 110.6130706220865 8.619998909533024 116.3555448055267 17.33478890359402 0.3877307772636414 217.7197994589806 60.84819447249174 0.1172283738851547 0.09778620302677155 0.2757947593927383 10.36687932163477 1.189401142299175 1.281853601336479 1.428933039307594 223.1874594241381 0.1792775094509125 429.699219532311 2.262340627610683 0.1095059737563133 7.340493530035019 38.45702115446329 87.15873707830906 46.18560809642076 0.139319971203804 1.650703713297844 10.08042573183775 6.987981274724007 8.517289504408836 180.8974986299872 2331.648644655943 5429.635413512588 9.588386304676533 0.9078558906912804 2.874038010835648 268.2824669405818 0.2395116984844208 0 14.06806220859289 6.233310654759407 41.12292882055044 864.876039750874 57.5780663266778 15.32713527977467 1.640797965228558 0 11.88569260388613 0.2656674087047577
34.22191740572453 7851.028719946742 6188.862855553627 23.08823393285275 6.896421320736408 29.39632817357779 715.4959434717894 181.9113074280322 406.8904555737972 118.7765330448747 409.1169139519334 16.64183805882931 5473.381975568831 141.3527342602611 10.47650916874409 4991.364886470139 5236.447209484875 564.9449940025806 1285.513989627361 9.643701069056988 1379.12312798202 3799.989683605731 11456.07293491811 3443.357791751623 5929.839595355093 14565.54094582796 38165.06015008688 2721.061785057187 178.7992265224457 152.1128420159221 2197.283087790012 26.80194896459579 12.21128705143929 3468.968231469393 165.0301330313087 8642.268485806882 6669.210742413998 7421.449750386178 3003.817519359291 449.5757858902216 16.08391162008047 78.95177180320024 64.59520431607962 4.946104466915131 2544.547568522394 852.802979119122 1.098996438086033 0 2.050413280725479 142.9681003838778 16.15180491656065 6.224402621388435 12.03277208656073 162.072861507535 0.4459076374769211 360.3840136304498 27.35455124080181 0 936.2631985321641 150.4562065452337 81.29824037104845 73.37884307652712 0 25.97338458895683 2134.406702943146 935.1165461167693 108.8242722973228 380.5612484961748 3017.702873900533 22655.34809330106 127.2247328236699 4.687286160886288 23.96737248450518 193.9903307333589 0.2160258591175079 0 83.55875478684902 15.54287771880627 332.7156781628728 731.4140256643295 285.9587948843837 127.8780730217695 9.360809564590454 1.640381433069706 12.55321639031172 1.952023655176163
55.89491545408964 47.0157490298152 1355.452986322343 3378.117468640208 16.43941761553288 628.5965985506773 11409.91768463701 279.957171022892 1224.786524750292 9556.26810682565 31.46388055384159 873.543887577951 2.930885978043079 221.8198448345065 77.14423333853483 1681.832807615399 119.9558211863041 17.09917857497931 19.36260482668877 2221.413442336023 5028.920620843768 214.7386969774961 3874.929455958307 10363.57166006416 27.50703917443752 231.2394868507981 2721.061785057187 17466.52436633408 1691.111932076514 9093.786547072232 2.051949009299278 27.92832286655903 906.3138074502349 2185.815006524324 61.11639449745417 5698.95207554847 448.011953137815 3685.966008111835 1199.625238962471 529.8799962103367 120.9561999887228 12.66139758378267 55.33305009454489 11.81560663878918 6.962580651044846 13.37290955334902 242.8015190586448 0.5642192661762238 20.01158889383078 522.3349618762732 33.78498616069555 663.8829757943749 209.9561144560575 1.716811522841454 84.02480314671993 0.1000085100531578 21.40942025184631 16.28529097884893 624.4067008793354 1.527906976640224 0.6987427398562431 0.5047891810536385 316.2722161412239 179.8342564329505 145.5379154682159 85.17937000095844 2434.673662513494 0.6206406801939011 3.437582887709141 264.9753249287605 2262.346017502248 46.96111033111811 299.9685319960117 0.1090394109487534 1.01364278793335 0.6577232331037521 20.66043616831303 3.92361743748188 614.7228109315038 11.84587655961514 47.61523442715406 15.34529872983694 286.9152041301131 12.88932108134031 13.88995679467916 4.924216076731682
4154.960201390088 3.131425179541111 152.6782302483916 117.6196020618081 273.1373963803053 655.9987879469991 2339.155524909496 831.3657356984913 5.462991401553154 1986.519040837884 324.2124791890383 272.6807074248791 15.76206942647696 3828.465700048953 1.916712790727615 4.215267829596996 1160.318550869823 178.5228445231915 362.9161810651422 304.1057873442769 243.9934586659074 0.8947499841451645 653.6692659333348 600.4185411259532 9.910190120339394 847.9159863591194 178.7992265224457 1691.111932076514 17271.51444946975 8655.941434390843 8.69060305505991 1125.241748169065 2980.058171272278 2174.150626562536 6.987122356891632 425.9284144341946 50.96625097841024 1499.223108902574 131.953633479774 288.2816637530923 88.53357896953821 3.168546184897423 16.00841379910707 0 0.634118564426899 0.1207727640867233 2.433151043951511 0 0 7.590689897537231 0 5.045181021094322 1.135239899158478 0 0.5122404545545578 0 0.3048444390296936 0.1076977029442787 7.523259684443474 0.2497179955244064 0.1221719533205032 0 3.844351463019848 1.735116019845009 0.9734541848301888 1.595497235655785 23.61684340238571 0 3.362202472984791 10.52094821631908 28.3956683203578 0.1233180835843086 4.640137493610382 0 0 0 0 0 13.303302526474 0.3762327060103416 0.7912502959370613 0.8624947518110275 2.501204445958138 0.5890465006232262 1.569326758384705 0
