1661.526399947703 0.08555349707603455 113.4789151325822 3.139670051634312 0.6165565997362137 18.08636213839054 1103.446515612304 270.9488409385085 3.429067067801952 159.0594874098897 52.12433075904846 1.300018630921841 5.759236700832844 5380.917202942073 0.661755196750164 1.330836817622185 111.3232452198863 6.40387337654829 38.18240766972303 1.138425014913082 57.09453947842121 0.8789350166916847 173.3660890609026 41.12058406323195 0.3765570893883705 12.80488878488541 25.13426541537046 118.6527209058404 8302.958239518106 1026.755109421909 1.426982849836349 27.7725735232234 11.71104796230793 182.9522939547896 0.6830912679433823 45.68378854542971 3.935186840593815 88.54224296659231 21.39348008483648 4.805414915084839 4.155387528240681 0.119438424706459 0.8771587535738945 0 0 0.1355467885732651 0 0 0 1.802107997238636 0 2.058382667601109 0 0 0.1682533323764801 0 0 0 3.311541453003883 0 0 0 0.1104359105229378 2.920878894627094 0 0.2970662415027618 11.62391352653503 0 0.2465943172574043 0.337636798620224 7.706986799836159 0 1.725929394364357 0 0 0 0 0 0.812639094889164 0 0.459474615752697 0 0.3629903346300125 0 0 0
0.08555349707603455 70.6756716966629 22.98150207102299 0.2995967715978622 1.105115868151188 0.9930717647075653 3.550079822540283 0.5906919091939926 572.0702806338668 0.5243236646056175 53.58261150866747 10.24559909850359 257.9086679592729 0.3325858041644096 25.96281771361828 258.5287310853601 12.94681939482689 7.000795386731625 20.9471697434783 0 22.01447723805904 2323.79898314923 15.75447398424149 635.7192390337586 1148.611041933298 114.1236218959093 5910.442663908005 24.82947434484959 0.3957744911313057 1.200490772724152 8.058532431721687 0 0 11.05023266375065 0.1251306384801865 11.82495802640915 49.07836799323559 31.66092416644096 12.90485514700413 12.14150997251272 0 79.67603060603142 0 0 89.72297047078609 58.00257578492165 0 0 0 0.4636601880192757 0 14.61890877783298 0 1.779773280024529 0.1347009539604187 3.720659323036671 0 0 1.548998460173607 27.90876898169518 3.418904550373554 26.64405950158834 0 0 54.04378388077021 6.406543396413326 7.122287347912788 23.25372993946075 87.9913509786129 854.5987235605717 1.936615705490112 0 0.4078117460012436 0 0 0 4.936383873224258 0.2960866987705231 9.120238520205021 6.522971123456955 11.18748123943806 3.524483919143677 0.7754170894622803 0 0 0
113.4789151325822 22.98150207102299 5419.337911687791 3.233955949544907 0.6101365238428116 122.2817957475781 1870.331572003663 699.9331709519029 2.57080652564764 185.3199928253889 97.48256829380989 2.258719883859158 7.488598182797432 657.6275531873107 0.6865818724036217 1.713291808962822 8240.937630146742 93.67999821901321 882.2891394868493 0.4228242114186287 667.3204719573259 2.197198390960693 9780.616409800947 42.80349066108465 2.292347930371761 8593.206021428108 5661.474067188799 374.7173533439636 313.3606660738587 845.9954056292772 8.369398154318333 12.66443029791117 7.76897107064724 642.9892687723041 12.51516284048557 1092.351250827312 272.9097555503249 2110.913262404501 759.8573219850659 99.62440092116594 3.655878886580467 0.3796765133738518 4.972136743366718 0 124.6403009742498 197.3533377423882 0 0 0 1.248629473149776 1.171431750059128 5.832492060959339 0 2.109362483024597 0.245215579867363 0.4789381921291351 0.9225334525108337 0 17.20997880399227 64.97112317383289 0.9500865340232849 8.543217517435551 0 7.667781174182892 53.31949089467525 51.54903955757618 7.64702931791544 6.655394598841667 40.51564156264067 1517.88755787164 7.493228025734425 0 3.271705806255341 0 0 0 11.79598796367645 0 34.79305171221495 13.73516082018614 41.62721446156502 12.09708565473557 2.042920738458633 0 0 0
3.139670051634312 0.2995967715978622 3.233955949544907 2704.052703037858 1.846293210983276 286.4350302517414 71.61603585630655 17.897700548172 936.0951696336269 1141.236671544611 11.34951012581587 8751.219911567867 4.479572214186192 19.06261445581913 106.8544783517718 0 0.6193064004182816 1.017146535217762 0.8119212538003922 1922.911761634052 0.235209047794342 2.04064416885376 1.495907038450241 1280.034653663635 0.5405086949467659 1.202411144971848 3.08285791426897 4098.115117944777 54.58408795297146 2.866399131715298 0.4135150238871574 7.986527256667614 1.679453007876873 32.14671763777733 2.297896862030029 202.4180105626583 6.665974728763103 64.18860954046249 20.70017097145319 208.9394009932876 12.78446518629789 0.1087248846888542 2.559144213795662 0.5828643143177032 0 0.259370893239975 56.42624360322952 2.004333384335041 22.56339859962463 118.5527646616101 3.866270698606968 28.99737726151943 59.07605979591608 0.722505122423172 212.6658453866839 0 1.520835734903812 25.04363386332989 0 0 0 0 66.90362361073494 0.1969154626131058 0 0.1693640500307083 185.0692573860288 0 0 0.127675473690033 153.1094623804092 0.9353662133216858 2.672670811414719 0 1.313468098640442 0 1.690611474215984 0 321.3614382594824 0 2.301725871860981 0.2473953738808632 135.8179900199175 1.357867889106274 0 0
0.6165565997362137 1.105115868151188 0.6101365238428116 1.846293210983276 18.84116627275944 361.9985617473722 2.043810650706291 11.69057766348124 33.65064700692892 17.01961076259613 83.73091294616461 89.86374496668577 46.17381489276886 3.171932697296143 1774.41544418782 0 0.7503186762332916 2.811866469681263 2.450795166194439 5.522626087069511 0.1294703036546707 1.417029410600662 1.669340133666992 4.715161547064781 4.857745483517647 1.669938363134861 7.519084751605988 4.172125861048698 16.6796470656991 1.219877019524574 3.048596426844597 540.9732444286346 0.1289923340082169 666.0647377073765 2.08315497636795 40.72613909840584 13.925063110888 328.3627960160375 27.71129582822323 804.0095136016607 158.31273008883 10.99627475440502 2.329175807535648 0 0 0 0 0 0 0 0 0 0 0 0 0.1075941398739815 0 0 0 0 0.08649737387895584 0 0 0.1440630108118057 0.4682231992483139 0 0.8951619789004326 0 0 0.1451658606529236 0.4378389790654182 0 0 0 0 0 0 0 1.986259341239929 0 0 0 1.477932751178741 0 0.1355345547199249 1.825977683067322
18.08636213839054 0.9930717647075653 122.2817957475781 286.4350302517414 361.9985617473722 10120.23064759374 1154.451592378318 6202.399736493826 69.20635860413313 8655.997870948166 222.6039226725698 3817.001140318811 115.062716729939 583.3485663980246 1523.598624363542 6.081303454935551 32.24230750650167 13.99341865628958 19.62977342307568 407.0817303285003 27.35334890335798 5.794169820845127 73.04472091794014 397.03601064533 18.61791517585516 18.44612505286932 61.18383701890707 1052.490021571517 486.4246170818806 111.4206243604422 14.64706863090396 626.3610278479755 2.887846857309341 674.2687555029988 6.326401509344578 392.9277792051435 37.89919183403254 586.6935454234481 101.1636435985565 1743.065715827048 259.9206968843937 22.39447226375341 14.48200269043446 0.4105707556009293 0.1840362399816513 0.5780551880598068 7.378134481608868 0.08145891129970551 7.102923884987831 50.21322981268167 1.638770870864391 10.27308386564255 9.566960878670216 1.250609464943409 25.16916020959616 0.8671875447034836 0.6481685116887093 2.484736740589142 1.399983674287796 0 0 0.2214713990688324 8.383866839110851 1.321872442960739 0.2673699855804443 0.4189587980508804 90.5210948958993 0.1989733353257179 0 3.89494826644659 79.95442751049995 0.4922830611467361 3.679163217544556 0.08765068650245667 0.1308726370334625 0 0.3767481595277786 0.6937389373779297 49.66556548327208 0 0.6642310097813606 0 12.48511154949665 0.1117267608642578 0 0
1103.446515612304 3.550079822540283 1870.331572003663 71.61603585630655 2.043810650706291 1154.451592378318 17169.49508962035 2817.514225937426 183.6959551945329 6840.0992481336 64.92333027720451 24.29536152631044 17.78016726672649 4835.49091283977 1.58941525220871 167.5893175303936 181.0961761698127 9.557055570185184 36.36727191507816 8.11806695908308 1053.902049250901 61.18101227283478 1758.737416699529 1865.73747369647 2.716627471148968 77.30029433220625 678.5174711793661 17325.21165034175 1714.810410447419 6671.73641576618 3.992350734770298 33.59514030814171 53.07926857471466 253.3217211961746 12.70549900829792 1217.117085553706 48.89617125689983 476.9586697295308 261.0466260761023 154.1622016355395 64.06594052165747 3.070311218500137 23.80836676806211 1.606251642107964 0.4105514883995056 6.925692498683929 37.36641804873943 0.3387806490063667 16.28370363265276 494.5152811706066 12.83837103098631 125.3403608798981 62.53367071598768 1.265588089823723 34.92738706618547 0.1729004383087158 6.580186694860458 9.450976178050041 23.69380324333906 0.8998716622591019 0 0 24.34379436820745 28.58726419508457 16.51466738432646 38.99708716571331 988.3904004469514 0 0 38.52056267112494 935.6238471567631 11.72605258226395 35.40755588561296 0 0.3858194351196289 3.054354928433895 3.290506131947041 0.3541959822177887 116.7467546239495 0.1162087395787239 10.69372889399529 7.660488374531269 29.58981662988663 2.94191974401474 0 0.2481135427951813
270.9488409385085 0.5906919091939926 699.9331709519029 17.897700548172 11.69057766348124 6202.399736493826 2817.514225937426 8912.034064918756 9.86849370598793 2586.1773635149 151.3266670554876 150.3692103996873 29.83824993669987 6875.802990034223 149.670446023345 4.638698391616344 273.1755628585815 17.14116849005222 74.23669904470444 34.10431944578886 180.5458409562707 1.774511910974979 528.8433200493455 249.8725928068161 6.444955639541149 60.91880179196596 121.4945431277156 430.9109278321266 712.1402646452188 1008.386991776526 3.121997997164726 1085.431744448841 4.242101453244686 326.0630846917629 2.376138836145401 243.1539600417018 23.39869064092636 250.434223882854 53.6642637103796 201.9797416105866 49.83243685215712 3.664603427052498 6.738962814211845 0 0 0.1746426373720169 1.56183984875679 0 1.074013270437717 28.40872751921415 0.1474742740392685 5.707307547330856 1.267303690314293 0 3.699251741170883 0 0.1887992396950722 0.312736839056015 3.303451843559742 0 0 0.1171569153666496 2.113213501870632 5.605891615152359 0.9409128427505493 2.498402379453182 59.90466487407684 0 0 3.064134024083614 45.96160773187876 0.6673667877912521 2.924510642886162 0 0 0.1593786627054214 0 0 8.082701943814754 0 0.1565348356962204 0.1835993751883507 3.180595740675926 0 0 0
3.429067067801952 572.0702806338668 2.57080652564764 936.0951696336269 33.65064700692892 69.20635860413313 183.6959551945329 9.86849370598793 1601.496844254434 58.33211176097393 4.592810608446598 689.4323005154729 8.497901730239391 8.931437082588673 696.5665294602513 6.513953134417534 0.9258967116475105 0.6269272118806839 4.519373089075089 554.4695706963539 1.369562357664108 1939.968635834754 3.631438381969929 9890.268361225724 124.998160995543 14.57151743024588 652.6822713986039 1283.868555106223 32.66394408792257 47.2733266428113 0.4935288652777672 1.466449707746506 7.990212887525558 15.93226581066847 2.581825487315655 79.06118523329496 7.573662921786308 21.31986746191978 14.67721743136644 449.419322386384 6.777831986546516 0.4880915135145187 1.031304091215134 1.05138486623764 1.799938403069973 1.463189572095871 135.7948590889573 5.174646258354187 56.72182938456535 175.3424118161201 6.713001854717731 321.0243940278888 123.3685828670859 2.089780896902084 343.7535772025585 0.1419837027788162 5.666065007448196 65.40012953430414 42.70417883247137 0.1056704893708229 0.707567036151886 0.2370098978281021 104.6569582149386 38.68448788672686 47.11571073532104 6.568622097373009 1409.443868301809 1.213719621300697 0.5995938554406166 4.614441350102425 568.1075237467885 7.851409807801247 16.07091297954321 0.0916915088891983 1.112545430660248 0.7867190763354301 3.472193010151386 0.2620507776737213 109.6146996989846 0 5.666412197053432 1.536224961280823 176.6544525250793 1.839933209121227 0 0.9027973264455795
159.0594874098897 0.5243236646056175 185.3199928253889 1141.236671544611 17.01961076259613 8655.997870948166 6840.0992481336 2586.1773635149 58.33211176097393 36345.66560969129 244.6502664685249 1961.999157518148 97.18650837987661 2808.866245813668 26.26728967577219 14.93575120717287 19.16610363125801 22.66120337694883 32.70436631888151 1616.180130928755 45.51402479410172 7.224011808633804 104.2343831062317 1123.916385769844 9.040655709803104 31.4325920343399 93.99981328845024 11442.84611709416 1314.717067956924 189.9237057343125 20.73859179764986 178.117093142122 10.47429795563221 643.3604446053505 10.57351668924093 1671.185111619532 67.02511080354452 1174.190517194569 331.9524213448167 1065.38959467411 290.9503664076328 7.198554567992687 31.08717075735331 0 0 0.3336560428142548 17.63718218356371 0.1138837411999702 4.144978731870651 79.70559180527925 1.367801941931248 19.4705223441124 15.00169634819031 0 73.03083511441946 0.8366926982998848 1.33356050401926 2.598156839609146 0.5927744358778 0 0.09976160526275635 0.1155398488044739 8.461664959788322 3.380961529910564 1.772897034883499 2.025159746408463 153.2591007575393 0.1669792607426643 0.1060526445508003 3.101006507873535 140.6931202411652 0.6317996457219124 0.296873927116394 0.09545198082923889 0.5710903853178024 0 0.217098779976368 0.2299204170703888 55.39906442910433 1.100921869277954 3.59346080571413 0.4564641267061234 22.83918572217226 1.12002831697464 0 1.356508374214172
52.12433075904846 53.58261150866747 97.48256829380989 11.34951012581587 83.73091294616461 222.6039226725698 64.92333027720451 151.3266670554876 4.592810608446598 244.6502664685249 9805.041734725237 90.03047393262386 4312.241887703538 133.0066747181118 18.02090056985617 1.440651774406433 403.4230867102742 3136.576612919569 2358.026083543897 23.77790735661983 22.93123673647642 5.889248013496399 91.68850467354059 19.80379319936037 1051.034324102104 1470.298645533621 1943.970725521445 58.80868244916201 702.9957711920142 116.6809768006206 1057.993502467871 234.1350137703121 11.53510092943907 5259.91059640795 23.31336390972137 745.0293485969305 3395.885733112693 4235.637654870749 1925.190872713923 94.62204826623201 65.65889156609774 440.7744457572699 14.56949107348919 0 19.92486679553986 1.360464066267014 0 0 0.185729444026947 2.445797130465508 0 0.3283031657338142 0.07050858438014984 227.5484185367823 0.5370797887444496 999.5457463636994 0 0 0.9958492815494537 1.775294169783592 113.5386455506086 32.52839156985283 0 1.518948137760162 1.363714508712292 0.3074858039617538 4.737075462937355 309.9488585069776 140.9908714815974 377.8973803371191 2.799033224582672 0.2265793234109879 0.2007163017988205 45.92698022723198 0 0 1.320692628622055 7.298142567276955 31.30362491309643 256.7008420825005 9.138952933251858 0 0.4548686891794205 0.8078253269195557 57.21852743625641 0
1.300018630921841 10.24559909850359 2.258719883859158 8751.219911567867 89.86374496668577 3817.001140318811 24.29536152631044 150.3692103996873 689.4323005154729 1961.999157518148 90.03047393262386 3742.273639455438 34.53304547816515 123.6256599575281 1163.244307145476 0 1.900891460478306 6.539143934845924 7.374802179634571 2704.889896370471 0.2009319290518761 47.70219205319881 2.341330282390118 2452.916963733733 6.354209803044796 6.039641954004765 36.31466677039862 1787.959588997066 203.1423295885324 2.835309654474258 6.561791464686394 94.88811818510294 0.122539333999157 216.4563908427954 3.625585131347179 695.6785191297531 11.12010563164949 283.2209260761738 37.72552499175072 2460.34572481364 81.26207149773836 3.565008364617825 3.658844791352749 0 0 0 59.95935598015785 1.253822803497314 28.31587766855955 40.51271588355303 3.658062979578972 16.07260225713253 51.73209629952908 0.9224735274910927 174.101787365973 0 1.57881885766983 20.32682414352894 1.135755598545074 0 0.4144046530127525 0 45.15381926298141 0.5043804422020912 0.5869612097740173 0.3333602696657181 101.296779602766 0.0773264616727829 0.3165853396058083 0.3261728584766388 77.79795817285776 0.997359074652195 0 0 1.240471854805946 0 2.539544284343719 0 573.9103785008192 0 2.896430641412735 0.1492841243743896 227.6327171549201 1.208659037947655 0 0.2697679102420807
5.759236700832844 257.9086679592729 7.488598182797432 4.479572214186192 46.17381489276886 115.062716729939 17.78016726672649 29.83824993669987 8.497901730239391 97.18650837987661 4312.241887703538 34.53304547816515 1912.868331469595 15.7044168934226 9.239577196538448 2.86887164413929 4.737324874848127 57.25584830343723 15.64177285134792 9.817891985177994 3.900820657610893 24.22829396277666 9.602699264883995 13.59446951001883 5514.963943526149 96.92076153308153 2559.739835865796 24.486104644835 136.3387343063951 12.64955019205809 259.3573366776109 105.0060718730092 0.9206879064440727 1860.744111511856 85.90183069556952 1348.711252987385 3725.072572365403 3488.470974355936 1287.631762973964 88.6592001542449 133.4563520029187 878.5038948655128 15.55369298905134 0 71.90234742313623 1.463457241654396 0 0 0.08491618931293488 0.1820477619767189 0 0.1741050630807877 0 526.1348450109363 0.2670119404792786 2214.663592159748 0 0.1057510301470757 0.3490769192576408 1.219876930117607 92.38211163878441 22.51467995345592 0 0.1022538468241692 1.711141288280487 0 1.88178213685751 958.9288814887404 202.3512448072433 644.0525204464793 0.7037152871489525 0 0.150857537984848 105.9531731903553 0 0 2.367938816547394 12.05802464485168 48.19204269349575 380.0918148010969 24.52006392925978 7.39788031578064 0 6.473798751831055 73.25282385200262 0
5380.917202942073 0.3325858041644096 657.6275531873107 19.06261445581913 3.171932697296143 583.3485663980246 4835.49091283977 6875.802990034223 8.931437082588673 2808.866245813668 133.0066747181118 123.6256599575281 15.7044168934226 8452.887684185058 26.94797876477242 4.458219334483147 395.951777510345 17.66932013630867 97.1865850687027 40.21249136328697 251.8355555161834 1.619156949222088 804.8428987115622 141.0087389498949 1.621352039277554 57.43230345100164 111.06736844033 367.7871389389038 9558.439361356199 2485.828560218215 2.892041474580765 349.1804401651025 19.30274026840925 510.6966851428151 1.015712052583694 200.4051602706313 13.21233839541674 178.9654093906283 36.03379261493683 102.8776118084788 14.21652701497078 1.879875265061855 2.325983479619026 0.3377186506986618 0 0.201550766825676 0.7827644944190979 0 0.5633493438363075 8.629975840449333 0.2695321217179298 4.036040849983692 1.249885737895966 0 1.884623274207115 0.240613728761673 0.2387002110481262 0 3.01027449965477 0 0 0 0.5044156312942505 6.616837993264198 0.2450322434306145 1.276641845703125 34.09096678346395 0 0 2.678582467138767 19.18173929303885 0.8468261137604713 0.9862155839800835 0 0 0.2448221445083618 0.8274431601166725 0 2.727341443300247 0 0.1306849718093872 0.08015839755535126 0.7466804757714272 0 0 0
0.661755196750164 25.96281771361828 0.6865818724036217 106.8544783517718 1774.41544418782 1523.598624363542 1.58941525220871 149.670446023345 696.5665294602513 26.26728967577219 18.02090056985617 1163.244307145476 9.239577196538448 26.94797876477242 384.4095756262541 0 0.747528001666069 1.009936578571796 1.414841175079346 137.2715701535344 0.201997809112072 92.74771089106798 0.9757085070014 261.1742016449571 7.549657426774502 1.717948131263256 46.46930035948753 35.93277167528868 39.85074172914028 0.8550480753183365 1.267314083874226 419.7796249762177 0 61.33551078289747 0.3896254301071167 304.8427268788218 3.223855666816235 46.5786119773984 4.033303409814835 967.109067954123 37.91720807552338 2.125413276255131 0.2968621551990509 0 0 0 5.509289622306824 0 2.646385744214058 5.74014400690794 0.6916290894150734 9.929515764117241 3.508038118481636 0 8.219537854194641 0 0 2.613545775413513 2.713159583508968 0 0 0 3.729829221963882 2.524194285273552 2.773305132985115 1.271353721618652 13.16842243820429 0 0.1621317714452744 0 10.53691980987787 0.1283645182847977 0 0 0 0 0.4213621020317078 0 84.84012412279844 0 0.3145830556750298 0.1912953406572342 27.96811952441931 0 0 0
1.330836817622185 258.5287310853601 1.713291808962822 0 0 6.081303454935551 167.5893175303936 4.638698391616344 6.513953134417534 14.93575120717287 1.440651774406433 0 2.86887164413929 4.458219334483147 0 1493.481533713639 9.814599707722664 0.2478940263390541 3.169926472008228 0 1554.857157237828 1516.970116682351 5282.733846217394 2654.549393564463 20.79239704459906 5.907952599227428 2846.767320096493 2550.886686518788 28.59297604113817 31.15157610923052 0.1865938380360603 0.2858558744192123 4.825487598776817 34.92551363259554 12.35068994760513 1974.033616498113 441.7789478749037 368.9716789424419 426.4840904250741 112.0172840207815 0.8553463816642761 0.8084297180175781 12.96393766254187 2.767138570547104 4.135762296617031 4.933039300143719 0 0 0.4235564470291138 24.06889410316944 0.9224004670977592 93.65892811864614 2.232272878289223 0.4233642220497131 0 0.1131526753306389 2.450434572994709 0.4474085122346878 3331.64369559288 0.4055262207984924 0.1626932919025421 0.2541339993476868 0.1350962668657303 784.6550066918135 595.4128256738186 2398.783626101911 380.2280668392777 0.1215901672840118 0.1519821435213089 458.2426284700632 136.4700857624412 23.25028581917286 44.06415262073278 0 0 3.38773550093174 2.346941344439983 2.512177839875221 229.8813571408391 18.89194818586111 55.37007336318493 87.92075879871845 10.55157938599586 3.400742053985596 0 2.529893629252911
111.3232452198863 12.94681939482689 8240.937630146742 0.6193064004182816 0.7503186762332916 32.24230750650167 181.0961761698127 273.1755628585815 0.9258967116475105 19.16610363125801 403.4230867102742 1.900891460478306 4.737324874848127 395.951777510345 0.747528001666069 9.814599707722664 2626.20698659122 364.3335530236363 5271.027838252485 0.4425431936979294 309.0770006775856 5.098583780229092 4142.920104064047 23.39398814737797 2.261015392839909 3699.373105250299 5989.586199343204 59.74534998089075 479.4290535748005 856.0568578615785 17.906310364604 8.038396574556828 23.16223396360874 2799.081764623523 8.445801056921482 567.2764763087034 244.9265888035297 2537.745646692812 714.5559756755829 44.50903572887182 1.671363085508347 0.9147592782974243 2.799981310963631 0 17.62499451637268 18.76726721972227 0 0 0 0.5431551411747932 0 0.3825623989105225 0 0 0.08882143348455429 0.2211600989103317 0 0 2.458333134651184 6.2780836597085 0.7408628910779953 2.913232252001762 0 2.250585332512856 3.455631323158741 4.911294750869274 2.48830646276474 0.8577674403786659 14.66414953768253 135.4493450075388 0.4017381072044373 0 0.2157316207885742 0.135255753993988 0 0.2913159728050232 0 0 8.572756662964821 0.5103124976158142 2.027537941932678 1.123300105333328 0 0 0 0
6.40387337654829 7.000795386731625 93.67999821901321 1.017146535217762 2.811866469681263 13.99341865628958 9.557055570185184 17.14116849005222 0.6269272118806839 22.66120337694883 3136.576612919569 6.539143934845924 57.25584830343723 17.66932013630867 1.009936578571796 0.2478940263390541 364.3335530236363 114.5601709783077 1047.869615957141 2.076600760221481 5.01797166466713 3.749102458357811 37.49365187436342 4.226751953363419 10.25675357878208 3287.167321957648 1098.588052079082 7.318738430738449 63.69684921205044 19.03602501004934 263.7280785888433 11.0556783080101 0.6371864005923271 614.7219183370471 2.199132658541203 255.8562019914389 361.0747619047761 831.0684428066015 448.2919748276472 12.49100618809462 0.8793332353234291 3.003484442830086 0.6611279249191284 0 4.517249673604965 0 0 0 0 0 0.08414644002914429 0.3206479251384735 0 77.56996691226959 0.1013708412647247 160.4060835316777 0 0 0.09324457496404648 1.862418405711651 127.9195716679096 31.26926902681589 0 0 0 0.1651349663734436 0.3076929673552513 18.3550044670701 125.8307612836361 252.4951199814677 0.1293595731258392 0 0 20.78411589562893 0.08918869495391846 0 0.4301396608352661 0 4.447904489934444 2.297387465834618 1.90642835944891 0.5082308053970337 0 0 0 0
38.18240766972303 20.9471697434783 882.2891394868493 0.8119212538003922 2.450795166194439 19.62977342307568 36.36727191507816 74.23669904470444 4.519373089075089 32.70436631888151 2358.026083543897 7.374802179634571 15.64177285134792 97.1865850687027 1.414841175079346 3.169926472008228 5271.027838252485 1047.869615957141 1831.356850460172 2.868658691644669 49.01144064962864 9.198295034468174 388.5818866416812 9.999453119933605 6.212897226214409 3328.287294127047 2780.972357489169 20.72666005417705 215.2871941328049 140.5622194930911 43.22084545344114 11.66371686384082 11.05538306385279 2781.051313064992 6.546865470707417 797.7230338230729 618.8964981809258 2516.702095121145 1217.883784450591 31.67472810298204 1.592790946364403 0.6463993489742279 1.81014184653759 0 13.07880391180515 3.125665210187435 0 0 0 0 0 0.5729790776968002 0 4.679508127272129 0 6.516401901841164 0 0 0.1906231194734573 3.248817138373852 27.86506824940443 21.66779264807701 0 0.2932476103305817 0.9137129336595535 0.3674722462892532 1.073141694068909 2.791691534221172 52.24995525181293 140.0564370080829 0.6027455180883408 0 0.4248621165752411 2.827931933104992 0 0 0 0 7.432190619409084 1.190867260098457 0.4824248999357224 0.347014531493187 0.1461475193500519 0 0 0
1.138425014913082 0 0.4228242114186287 1922.911761634052 5.522626087069511 407.0817303285003 8.11806695908308 34.10431944578886 554.4695706963539 1616.180130928755 23.77790735661983 2704.889896370471 9.817891985177994 40.21249136328697 137.2715701535344 0 0.4425431936979294 2.076600760221481 2.868658691644669 182.322622589767 0.1720579564571381 1.643043041229248 0.1718446388840675 329.5026541054249 1.238978885114193 1.7359474375844 5.04198395460844 1702.550146482885 83.28048061579466 0.7967463582754135 1.457078762352467 20.14904370158911 0 61.81476736068726 0.646944671869278 192.502151787281 3.574109293520451 112.8716412559152 25.90179354697466 336.9291289299726 33.990383207798 0.3141604289412498 2.807776242494583 0 0 0.3782292604446411 28.94250070303679 2.455064371228218 15.34689110517502 35.8312299028039 1.515778467059135 10.30516718327999 24.09364958107471 0.2143395990133286 86.62011025846004 0.1057062298059464 0.467664435505867 8.832208245992661 0 0 0.166470393538475 0 19.29932447522879 0.2221052199602127 0 0 53.49254605174065 0 0 0.756677471101284 45.11882099509239 0 0 0 0.2622569277882576 0 0.8411121591925621 0 205.0339499041438 0 0.2244446277618408 0.1342041492462158 77.42268918454647 0 0 0
57.09453947842121 22.01447723805904 667.3204719573259 0.235209047794342 0.1294703036546707 27.35334890335798 1053.902049250901 180.5458409562707 1.369562357664108 45.51402479410172 22.93123673647642 0.2009319290518761 3.900820657610893 251.8355555161834 0.201997809112072 1554.857157237828 309.0770006775856 5.01797166466713 49.01144064962864 0.1720579564571381 11093.32513089478 115.6705081090331 13979.47720483691 573.4859703108668 3.414282508194447 11.35396384447813 523.6262724250555 3823.589373461902 327.6512574851513 10092.90482784063 0.3447746410965919 5.192402176558971 54.26993836462498 3796.903900645673 49.47990076988935 5375.826820805669 545.6700598374009 5556.812558822334 2642.699397303164 305.3993831351399 6.185018949210644 2.951688505709171 60.00772691518068 4.563307575881481 0.6927880868315697 3.083389833569527 0.2227872908115387 0 0.2413036376237869 17.5149859637022 0.6535473391413689 37.03250826895237 0.570758044719696 0 0 0 1.78121242672205 0.2210946679115295 998.4298678562045 0.641376793384552 0 0 0 858.8751529306173 83.93971037864685 382.520951628685 332.9790168479085 0 0 27.88929741084576 108.2721932381392 30.30368971824646 31.55701258778572 0 0.3153797760605812 4.884390458464622 2.611958146095276 1.206672549247742 77.12872791290283 3.656067281961441 10.4620363637805 6.64802160859108 5.475346207618713 0.2476681098341942 0 0.1324640959501266
0.8789350166916847 2323.79898314923 2.197198390960693 2.04064416885376 1.417029410600662 5.794169820845127 61.18101227283478 1.774511910974979 1939.968635834754 7.224011808633804 5.889248013496399 47.70219205319881 24.22829396277666 1.619156949222088 92.74771089106798 1516.970116682351 5.098583780229092 3.749102458357811 9.198295034468174 1.643043041229248 115.6705081090331 1129.344554901123 154.4080738350749 6970.513589568436 432.4948572218418 28.40314462035894 2920.983299680054 228.0126367658377 7.810154385864735 12.46311594545841 1.283471986651421 0.1066497266292572 3.044355109333992 5.988838106393814 0.1343305706977844 39.94358590245247 11.30007918924093 15.90879485011101 8.945449277758598 40.50794684141874 0 4.405173659324646 0.2946257889270782 0.3770755231380463 4.062512032687664 21.22930070757866 0.1409685462713242 0 0.2934111580252647 8.524896524846554 0.5254676565527916 29.54452177137136 0.3437285125255585 0.2772848606109619 0.8509563282132149 0.2901492118835449 0.5395687371492386 0.3625145554542542 553.2448453009129 1.913292333483696 0.9476692900061607 0.2552747130393982 0 135.839744284749 93.34675180912018 249.6958496794105 159.08486687392 0.3558866083621979 2.608901664614677 190.2564399391413 39.64613927155733 2.994052425026894 7.479521229863167 0 0.1946029514074326 0.1482589244842529 2.915363512933254 0 25.25873617082834 2.789875835180283 4.468544125556946 3.739783518016338 2.148269735276699 0.4109838679432869 0 0
173.3660890609026 15.75447398424149 9780.616409800947 1.495907038450241 1.669340133666992 73.04472091794014 1758.737416699529 528.8433200493455 3.631438381969929 104.2343831062317 91.68850467354059 2.341330282390118 9.602699264883995 804.8428987115622 0.9757085070014 5282.733846217394 4142.920104064047 37.49365187436342 388.5818866416812 0.1718446388840675 13979.47720483691 154.4080738350749 19600.0008571893 399.2873712852597 5.294252328574657 333.6249776929617 12976.98420004547 6081.544951446354 552.7684274837375 6610.158840805292 4.357806146144867 12.95560571923852 49.154072932899 2645.851776279509 142.7036219015718 12035.5779517442 4056.431523643434 9136.568978868425 6068.632171787322 1553.555771678686 13.28047005087137 8.509314596652985 174.4422009289265 0.1453224420547485 17.27367326617241 341.6423891708255 0.5042917430400848 0 0.9857437163591385 34.55747044086456 3.429685369133949 8.40294199436903 0.9120925664901733 0.4232719838619232 0.4837964549660683 0 2.424063928425312 0.0987691655755043 2326.999771915376 9.499705985188484 0.2224262431263924 2.554370947182178 0 229.50778439641 562.6221940666437 2597.68311740458 99.47420217096806 0 0.8918445110321045 1778.918078958988 46.46567698568106 3.66551723331213 10.54022417962551 0 0.1560814529657364 0.1036646813154221 36.89686464518309 7.546279981732368 350.2656107693911 39.40089043974876 159.6701489761472 117.4846557974815 9.974480964243412 1.843059793114662 2.713647812604904 1.876738667488098
41.12058406323195 635.7192390337586 42.80349066108465 1280.034653663635 4.715161547064781 397.03601064533 1865.73747369647 249.8725928068161 9890.268361225724 1123.916385769844 19.80379319936037 2452.916963733733 13.59446951001883 141.0087389498949 261.1742016449571 2654.549393564463 23.39398814737797 4.226751953363419 9.999453119933605 329.5026541054249 573.4859703108668 6970.513589568436 399.2873712852597 10655.87131737918 113.5600714609027 16.69164174050093 2270.206304192543 10372.74462278187 554.0995181724429 988.5559779033065 3.751250699162483 13.05296278744936 169.7803874760866 304.8297732695937 31.73075883090496 2262.646147556603 53.98045028746128 519.129781216383 387.870386660099 333.5411683619022 38.44942009449005 3.511691763997078 28.76144657284021 21.57097013294697 4.902937598526478 6.650967583060265 192.0367491915822 4.964032582938671 83.14783994853497 1097.092923931777 34.38695953041315 1435.613355815411 238.2636342570186 4.640762776136398 322.0421255528927 0.9230484887957573 30.59470045566559 64.738086797297 461.0088674649596 1.50931953638792 0.7210776209831238 0.2153910100460052 153.9780470952392 682.7096313387156 109.0520746782422 110.9314690455794 4899.904146194458 0.6716526746749878 2.365084320306778 33.69111170619726 2636.639293596148 80.80341967940331 206.8880592361093 0 2.526522316038609 10.49792566150427 13.54952517896891 0.6885352358222008 701.9474523589015 3.861330516636372 42.64990004897118 19.71261533349752 285.9287455528975 10.0725309252739 2.796602785587311 0.777638852596283
0.3765570893883705 1148.611041933298 2.292347930371761 0.5405086949467659 4.857745483517647 18.61791517585516 2.716627471148968 6.444955639541149 124.998160995543 9.040655709803104 1051.034324102104 6.354209803044796 5514.963943526149 1.621352039277554 7.549657426774502 20.79239704459906 2.261015392839909 10.25675357878208 6.212897226214409 1.238978885114193 3.414282508194447 432.4948572218418 5.294252328574657 113.5600714609027 294.324578166008 94.49045591801405 3346.226994901896 9.454571418464184 16.84067591279745 2.112562485039234 207.932555668056 13.2550883218646 0 379.8733422458172 8.281722635030746 1282.259569741786 971.8942805603147 1946.574648171663 486.0770246982574 15.21337859332561 132.4744755849242 363.9599165320396 9.818219006061554 0 252.7257537692785 7.37305598706007 0 0 0 0.128614604473114 0.1899266839027405 3.764736920595169 0 68.25557827949524 0 501.336529687047 0 0 0 3.499566994607449 25.09715240448713 32.0424682199955 0.09556504338979721 0 21.21769811958075 0.3951169773936272 4.373071871697903 71.73887956142426 151.1301480084658 686.5001153200865 1.959597311913967 0 0 14.37533822655678 0 0 1.514268934726715 2.636046290397644 24.16374777257442 36.2880252301693 26.56444083154202 1.32933022081852 0 0 3.701472267508507 5.72350025177002
12.80488878488541 114.1236218959093 8593.206021428108 1.202411144971848 1.669938363134861 18.44612505286932 77.30029433220625 60.91880179196596 14.57151743024588 31.4325920343399 1470.298645533621 6.039641954004765 96.92076153308153 57.43230345100164 1.717948131263256 5.907952599227428 3699.373105250299 3287.167321957648 3328.287294127047 1.7359474375844 11.35396384447813 28.40314462035894 333.6249776929617 16.69164174050093 94.49045591801405 27074.0256318152 16120.61910311133 16.45763638615608 83.87191043049097 45.0147781893611 916.4286198318005 9.325427211821079 1.886329352855682 868.5499785318971 8.017014868557453 1176.253451950848 1125.315780937672 2495.00112298876 1256.502264156938 48.43786355108023 1.109525762498379 4.038432374596596 3.949752502143383 0 240.304675064981 32.00046046823263 0 0 0 0.3330119401216507 0.4672927036881447 12.29088921844959 0 146.0699740201235 0 234.9103418216109 0.1604859232902527 0.6490362286567688 0.8590543866157532 36.76503233611584 286.9094214737415 204.0792887508869 0 0.176366850733757 24.03045335412025 5.283896088600159 2.169281616806984 188.9803002253175 528.4466367140412 1785.472404226661 0.3148783594369888 0 0.118622824549675 43.70827279984951 0 0 5.253476962447166 0.3833596408367157 17.68338712304831 12.16257452219725 12.08933939039707 2.963997706770897 3.567256271839142 0 0.5460477471351624 1.257580757141113
25.13426541537046 5910.442663908005 5661.474067188799 3.08285791426897 7.519084751605988 61.18383701890707 678.5174711793661 121.4945431277156 652.6822713986039 93.99981328845024 1943.970725521445 36.31466677039862 2559.739835865796 111.06736844033 46.46930035948753 2846.767320096493 5989.586199343204 1098.588052079082 2780.972357489169 5.04198395460844 523.6262724250555 2920.983299680054 12976.98420004547 2270.206304192543 3346.226994901896 16120.61910311133 27418.0787467137 2063.945783592761 181.437450863421 187.2854034081101 1373.151909582317 31.07472219318151 9.959721513092518 2338.404754392803 121.9308743327856 7470.819187015295 5103.375154070556 10255.11321488023 4767.018749520183 876.9721741303802 17.10657928138971 51.49282770603895 82.67664464563131 0.7070534378290176 3095.811474792659 1681.068371780217 0.2535120323300362 0 1.433302588760853 48.97080665081739 4.92349947988987 127.5243763029575 3.526486903429031 277.9312739148736 0.4938268437981606 533.2385820522904 8.454670891165733 1.828872203826904 652.7466702461243 508.2182501032948 477.8360300958157 747.7878248244524 0.1961023509502411 44.66531063616276 1498.018761523068 2013.302043169737 164.6390061303973 971.2309753745794 2093.930500335991 16205.16212256253 71.29087077826262 2.690618053078651 15.24022781103849 99.2341381162405 0.46444471180439 1.092998586595058 93.95604754239321 8.472740352153778 443.5108101591468 161.0273698344827 388.1084295660257 130.8537162393332 14.37748842686415 3.247507959604263 3.617244839668274 3.218233197927475
118.6527209058404 24.82947434484959 374.7173533439636 4098.115117944777 4.172125861048698 1052.490021571517 17325.21165034175 430.9109278321266 1283.868555106223 11442.84611709416 58.80868244916201 1787.959588997066 24.486104644835 367.7871389389038 35.93277167528868 2550.886686518788 59.74534998089075 7.318738430738449 20.72666005417705 1702.550146482885 3823.589373461902 228.0126367658377 6081.544951446354 10372.74462278187 9.454571418464184 16.45763638615608 2063.945783592761 20368.11102429032 1090.374720856547 10871.0763804689 4.752444714307785 36.26840763539076 182.692823573947 884.2981248870492 59.40495470166206 4531.586599647999 128.6575623378158 1779.952760562301 993.5943165197968 430.1498610749841 120.0491748377681 3.348973706364632 61.931939214468 10.32309520244598 2.526448778808117 7.16590328514576 121.2547898590565 5.661871463060379 51.02283006906509 877.1251498162746 25.78007292002439 440.9106563106179 162.1017728447914 3.940967455506325 215.8181666880846 2.4673807695508 26.67363652586937 36.17071939259768 303.9302351549268 1.093149587512016 0.3397094011306763 0.2360545247793198 96.36022983491421 554.5513791292906 33.69701375067234 92.28272698819637 2780.356653608382 0.2493349686264992 0.5542715787887573 42.39095253497362 1938.776437871158 65.15802349150181 163.9140212982893 0 1.684954680502415 4.455848552286625 11.74988456815481 0.777033619582653 451.7420056536794 3.085672132670879 31.47944284230471 10.64339856058359 190.9525561928749 7.129263125360012 0 0.3584993481636047
8302.958239518106 0.3957744911313057 313.3606660738587 54.58408795297146 16.6796470656991 486.4246170818806 1714.810410447419 712.1402646452188 32.66394408792257 1314.717067956924 702.9957711920142 203.1423295885324 136.3387343063951 9558.439361356199 39.85074172914028 28.59297604113817 479.4290535748005 63.69684921205044 215.2871941328049 83.28048061579466 327.6512574851513 7.810154385864735 552.7684274837375 554.0995181724429 16.84067591279745 83.87191043049097 181.437450863421 1090.374720856547 20788.35001678392 7094.127341195941 29.7840860709548 1902.14427389577 2793.306098543108 4530.28633800149 5.359963551163673 574.4579258188605 52.10441266745329 2321.817886635661 488.1966864317656 290.101057074964 104.4521543458104 7.486818730831146 15.54408127814531 0.8863185048103333 0.3817374706268311 1.331597477197647 1.024154029786587 0 0.9386599808931351 29.06098844856024 0.9105364680290222 17.44611356407404 2.125058576464653 0.1137110441923141 4.592479780316353 1.257167413830757 2.019814357161522 0.25276780128479 37.80875312536955 0.3080326616764069 0.5154338404536247 0.1036819294095039 0.7184735238552094 68.49673033505678 0.7933785319328308 6.597390420734882 152.8254476711154 0.09580583125352859 0 5.244962997734547 88.26607992500067 4.278314456343651 11.03548059612513 0.4902063310146332 0 0.1771292164921761 0.4002133905887604 0 14.99159521609545 0.8100001886487007 1.096933893859386 0.810828223824501 1.72852448374033 0.2803142964839935 0 0
