163.141573689878 0.4053634703159332 60.99265896528959 14.72420384734869 0.316223032772541 23.65153102576733 826.5670827329159 919.0986157134175 6.990248493850231 104.6317262351513 13.64634200930595 1.426992550492287 0.9315444380044937 3801.603692680597 0.1972478777170181 0.4323427379131317 79.11619226634502 11.37908085435629 29.93187580257654 6.254393748939037 26.8010390624404 0.6429262384772301 101.1132524311543 72.35547798126936 0.1335737705230713 20.56102343648672 35.66046999394894 56.17832258343697 2747.962109595537 2176.457479014993 0.2727632373571396 18.05812329053879 9.792967014014721 39.07498110830784 0.1863741278648376 10.68420764803886 4.754238523542881 23.67473563551903 6.491694457828999 2.437542214989662 0 0.6616593450307846 0 0 0.3676526695489883 2.036674037575722 0.8124785423278809 0 0 4.243240982294083 0 7.605580344796181 0 0 0 0 0 0 0.5383778437972069 0.668281652033329 0 0 0.3881005644798279 0.7421185299754143 0 0.931305818259716 13.11828418821096 0 0.9959554374217987 7.095176376402378 17.37454309314489 0.9243879020214081 1.549554891884327 0 0 0.1287721693515778 1.473462045192719 0 3.349410235881805 1.119716688990593 2.48920988291502 0 0 0 0 0
0.4053634703159332 192.0424012616277 211.224781781435 1.018771260976791 4.306648820638657 0.3321130350232124 10.26159654557705 1.239667803049088 1007.596716664732 2.518773265182972 81.1838493719697 3.501273468136787 864.3397970870137 1.383358560502529 22.17464476078749 107.439870685339 42.64769651740789 14.51206101477146 19.55188374966383 0.3205613195896149 8.09608156979084 1841.047429010272 28.72265641391277 1111.798236042261 968.893523208797 372.2603596672416 9885.397063314915 23.77465189993382 3.755515120923519 5.997840978205204 36.97500502318144 1.310368321835995 0.5357344597578049 33.26563128083944 1.112129837274551 43.68047004938126 136.1466296091676 115.7223388999701 22.38288827240467 21.98917376250029 0.1268165856599808 154.0141283720732 0.1479332596063614 0 42.03540837019682 119.5271263420582 1.172707408666611 0 0 5.033326871693134 0 3.434812217950821 0.1532583981752396 5.794198855757713 0.2242831438779831 16.77190604805946 0.4844449460506439 0 2.696585714817047 21.5704011619091 2.852582611143589 38.90685161948204 0.1097765564918518 0.3550496250391006 11.56817311048508 7.983118318021297 7.869371496140957 9.681135900318623 230.7986018136144 1464.339049577713 3.825824573636055 0.1200982853770256 1.679321736097336 4.541665464639664 0 0 3.497755587100983 0.1573413908481598 18.33816200494766 6.820351645350456 11.35672807693481 4.919313997030258 0 0 1.743113100528717 0.3163459002971649
60.99265896528959 211.224781781435 3978.094049453735 26.73229402303696 0.0942043736577034 79.63282333314419 1999.67874352634 357.362238548696 10.16186034679413 226.1691537797451 49.63779406249523 2.578904010355473 12.36056357622147 355.6913879513741 0.2844271883368492 6.350582852959633 3211.230690203607 211.5620967596769 670.1736747920513 1.851716063916683 701.0222099274397 34.55993667989969 13397.93987587839 136.9878538995981 7.212669312953949 6688.743636235595 9417.058168716729 626.0261244624853 254.8504803627729 675.8242577910423 44.83691461384296 8.038420058786869 8.942770428955555 497.6591198444366 26.27775920927525 1420.535207763314 733.7219800949097 1541.77120757848 743.135506413877 63.6167459115386 3.540378198027611 3.057734750211239 9.648931868374348 0.4281893819570541 484.3755988031626 1775.753828033805 0.2400992214679718 0 0.9581047892570496 48.86199259757996 14.819186873734 7.388356365263462 1.484513632953167 1.453161984682083 0 2.498818352818489 10.26739316433668 0 20.94657752662897 180.1099493429065 2.741359829902649 90.36670477688313 0.3481040000915527 5.234655857086182 169.7010457962751 475.5990467220545 39.03488026559353 6.83680821955204 455.5319611728191 4775.472888499498 26.39036689698696 2.911023929715157 8.356736570596695 1.300945915281773 0 0 24.55591892451048 7.340886399149895 112.8314493224025 34.20876970887184 97.09188941121101 47.42215194553137 5.90390782058239 0.2209748476743698 0 0.5979112088680267
14.72420384734869 1.018771260976791 26.73229402303696 3306.170497380197 13.71598672866821 136.9187757521868 471.8821501284838 76.68030803650618 1451.229537390172 4950.838811911643 3.674958862364292 4963.065224006772 4.508479550480843 51.85207875818014 85.16741532087326 4.252699941396713 1.648156203329563 0.3724024444818497 0.2050594016909599 2922.456870146096 2.676635801792145 1.770615220069885 13.61779420077801 3010.459735713899 4.999256320297718 2.760191291570663 23.0938950330019 4441.300755642354 165.242833673954 16.26101788133383 0.3181623741984367 8.285284109413624 22.82238429784775 54.83784305304289 3.60915818810463 195.7906711548567 1.387912049889565 123.6606214866042 40.51417718827724 229.0202515795827 11.20661821216345 2.227806232869625 3.950804576277733 0 0.5666331946849823 0.2587035298347473 473.4858493208885 0.6899794340133667 46.67831186205149 376.0828286781907 8.752831876277924 166.8235046342015 254.9356881603599 1.396469980478287 156.2843093723059 4.093728184700012 9.647684559226036 7.843674749135971 0.1393274217844009 0.2705464959144592 0.1056698858737946 0 148.5119868144393 1.046239197254181 2.55436547100544 1.741235360503197 706.7713626623154 0.1613485366106033 0 4.649895705282688 512.4722448885441 8.558445975184441 3.479622274637222 0 2.182355940341949 2.055584266781807 3.98943804204464 1.942724347114563 29.65867283940315 1.110450714826584 21.72579161077738 10.40532065182924 84.64234244823456 2.633094936609268 4.751125574111938 0
0.316223032772541 4.306648820638657 0.0942043736577034 13.71598672866821 0 218.6990950480103 1.531008593738079 21.87863069027662 196.8423178866506 8.775364749133587 9.575413577258587 102.3589196577668 4.787698790431023 2.109950378537178 2240.253099799156 0 0 0.6970997303724289 0.597044013440609 6.54424013197422 0.3829969689249992 8.331108629703522 0.487200066447258 57.1371895223856 0.1607509776949883 1.353217273950577 8.754374399781227 10.41193848848343 0.8666806146502495 0.2967312932014465 0.2172887101769447 20.73152749240398 0 94.47765288501978 3.214003324508667 65.31486417353153 1.644552417099476 72.13593311607838 33.13720595091581 2352.164498507977 136.869074575603 1.808806523680687 2.468356296420097 0 0.185686431825161 0 0 0 0 0 0 0 0 0 0.1794517189264297 0.1011113226413727 0 0 0 0 0 0 0.1567332744598389 0 0 0 0.6927363574504852 0 0.08573198318481445 0.2336530014872551 0.1751405969262123 0.1157512813806534 0 0 0 0 0 0 0.305765688419342 0 0 0 0 0 0 0
23.65153102576733 0.3321130350232124 79.63282333314419 136.9187757521868 218.6990950480103 10488.19548584521 1226.298039570451 3738.410319633782 198.0965499058366 5044.208156429231 37.70611012727022 2774.61951520294 15.62068927288055 558.8355151340365 918.8664783239365 1.012011669576168 17.48899735510349 4.664921283721924 4.65608835965395 263.0674558058381 4.585846371948719 1.06058768928051 65.82417204976082 411.1908295080066 1.888041526079178 16.85452835261822 26.67094139009714 412.3117284402251 531.0112498626113 66.50700978189707 1.663432084023952 759.9106140658259 34.45788609236479 272.1788179948926 8.882268711924553 482.7221969515085 11.00972195714712 386.0488934293389 123.0607687979937 2337.278908893466 134.8220408037305 23.48708924651146 9.251613989472389 0.3286943286657333 0.8024425581097603 3.028814218938351 63.09452854096889 0 15.48052050918341 287.9763490706682 4.699885785579681 55.30483075231314 50.74147398024797 0.1601680815219879 36.88234883546829 1.968620419502258 2.664803400635719 2.252908810973167 0.2854515016078949 0.6729297414422035 0.2204767912626266 0 24.49824387580156 0.1998026818037033 0.26923768222332 3.961615458130836 202.951617628336 0.2001950293779373 0.6858726143836975 6.622982569038868 225.737147718668 8.567672424018383 8.417883493006229 0 0.1264447569847107 1.731695026159286 5.626960799098015 1.152629218995571 25.7540989369154 7.32125449180603 24.7129004150629 8.437321901321411 34.90838517993689 0.7021995782852173 2.411400079727173 0
826.5670827329159 10.26159654557705 1999.67874352634 471.8821501284838 1.531008593738079 1226.298039570451 13274.87175192684 1594.323434747756 136.2340977936983 8508.456321254373 67.06314733624458 19.62493482977152 4.025266066193581 6094.457813128829 6.897389136254787 38.93586100637913 188.4418859630823 13.57941191643476 37.98362037539482 38.5789768025279 351.6762338578701 22.21726727485657 2026.9886450544 1151.706951923668 6.996947646141052 203.4299743846059 653.6495223194361 23076.13854289055 1047.298589229584 7031.911695435643 3.182339079678059 20.4188264682889 225.9721007794142 227.5518981292844 31.14138416200876 675.5796949863434 27.30118864774704 513.2410047873855 199.7609720528126 23.76258919388056 20.75614054501057 1.953663639724255 13.63128697872162 0 15.33241234719753 59.46596127003431 81.85466337203979 0 12.99221460521221 285.8485800400376 9.791072182357311 111.0447508245707 80.68023488670588 0.1240294426679611 4.573307871818542 1.352408453822136 4.652552515268326 1.104841381311417 2.494306020438671 3.596657626330853 1.616971574723721 1.827191047370434 20.26792250573635 2.583411701023579 5.25970882922411 8.727401107549667 302.1955879852176 0.563075065612793 9.602515049278736 155.1192876324058 320.0139492079616 8.408153414726257 7.491298735141754 0 0 0.234396904706955 8.433340787887573 4.540154576301575 26.78945192694664 1.364353656768799 28.64556382596493 17.02115365117788 8.200155712664127 2.950207591056824 8.523300886154175 0.8546092510223389
919.0986157134175 1.239667803049088 357.362238548696 76.68030803650618 21.87863069027662 3738.410319633782 1594.323434747756 4986.972390390933 25.58300332725048 2296.435310266912 91.05225252360106 531.4793314710259 20.48447000980377 7169.877605088055 38.34857476502657 1.418164148926735 323.4373574778438 48.85590841621161 123.6710828915238 204.9558844566345 124.4556107372046 0.5722578763961792 584.4627958312631 169.8546070680022 2.040092796087265 97.28852017223835 146.8647862300277 164.9816303104162 283.4189756289124 1611.960507586598 3.107835240662098 384.0040344968438 6.647892415523529 225.9996493309736 1.79844618588686 289.3040970489383 22.79975061863661 217.1136773377657 77.60409997403622 678.7118961364031 76.32826068252325 11.93740161508322 5.942389041185379 0 1.980907693505287 9.891976490616798 3.316601701080799 0 0.3493190407752991 38.27421727031469 0.1210603415966034 12.72997189313173 5.463333904743195 0.6191118508577347 2.625728763639927 0.226245105266571 0.1285834610462189 0 0.6163249760866165 1.332220710813999 0.2032270953059196 1.62376669049263 2.196956880390644 2.72851499915123 0.2368139326572418 0.5241282433271408 39.57351984083652 0.1347180902957916 3.169914819300175 22.82118680328131 39.11879946291447 0.3853430598974228 6.808733440935612 0 0 0 0.3463973999023438 0.1444388329982758 6.865783914923668 0.4482370764017105 3.017021149396896 2.643565222620964 0.8521038889884949 0 0.09398374706506729 0
6.990248493850231 1007.596716664732 10.16186034679413 1451.229537390172 196.8423178866506 198.0965499058366 136.2340977936983 25.58300332725048 745.2422732934356 318.6083474680781 4.43789604306221 814.1232433766127 49.94921787083149 24.86935320496559 511.2325951382518 29.92028000205755 5.432860150933266 1.676730416715145 2.368145696818829 572.8722072690725 16.20287193357944 2724.038352958858 22.74548700451851 9101.220440745354 101.6752460896969 14.92616435140371 1248.081510074437 1366.678632333875 152.4689642861485 117.3656649291515 3.120927669107914 4.36904576420784 16.81568829715252 38.26637598127127 4.913768500089645 242.9931808188558 9.244678840041161 111.8995583131909 30.42090854793787 308.5758215337992 16.73516191542149 3.202812783420086 0 1.987629108130932 6.008026428520679 2.774047464132309 281.9271515235305 0.7641646414995193 30.46650402247906 207.7466904297471 7.548196539282799 105.5318735465407 127.0143766477704 1.054968371987343 126.5728240758181 1.417482808232307 10.22632979601622 11.67097748816013 41.75437046587467 0.9732754528522491 0.1785519048571587 2.202893145382404 77.21456791460514 40.52348829060793 16.33173626661301 9.731787204742432 1179.345058307052 1.624667480587959 2.937538579106331 13.58807485550642 573.0802748426795 18.1811231970787 48.66538847237825 0.2804017141461372 0.4665032401680946 2.721464812755585 9.106274358928204 2.616505153477192 50.93739756941795 0.6056340485811234 23.25122061371803 8.917802214622498 65.84846757352352 1.00328329205513 0.6002370268106461 0.6954264044761658
104.6317262351513 2.518773265182972 226.1691537797451 4950.838811911643 8.775364749133587 5044.208156429231 8508.456321254373 2296.435310266912 318.6083474680781 31010.20022813231 67.89082983881235 2627.404994472861 27.83472136408091 1127.101483277977 50.74958869814873 2.866064243018627 27.10759531706572 7.88320691883564 10.64283588528633 2525.153404936194 13.28377802670002 4.214506782591343 163.3401474282146 1499.84306922555 17.78279718011618 44.32213351130486 78.11731823533773 5883.480395704508 2728.86828032881 202.990808442235 5.717087537050247 141.9311622008681 148.903920032084 662.2770953476429 42.34752158075571 1465.149034962058 33.9524027556181 1372.680552646518 293.9836456552148 270.1869218796492 120.3071946725249 31.51061217486858 30.34271813929081 0 2.786006681621075 9.91308419406414 322.4880090877414 0.2368435263633728 49.24242580682039 760.3621919751167 14.65758845955133 125.281631834805 248.8673077598214 0.5106923580169678 69.05729802697897 7.693524800240993 10.53427021205425 2.556913837790489 0.8704075589776039 0.9141461029648781 0.7110429704189301 0.3148962557315826 116.2792905196548 2.610528878867626 1.977484613656998 3.219778597354889 682.8893151283264 2.082919031381607 1.01433689892292 21.88121701031923 647.3651937022805 18.81420063972473 19.16474153101444 0.09546434134244919 0.8602849245071411 0.5532918721437454 12.64496309310198 7.068263784050941 56.81775618344545 4.346450716257095 49.32148040086031 25.67642495036125 45.78609876334667 3.295426368713379 5.2208651304245 0.1251779347658157
13.64634200930595 81.1838493719697 49.63779406249523 3.674958862364292 9.575413577258587 37.70611012727022 67.06314733624458 91.05225252360106 4.43789604306221 67.89082983881235 7456.900661230087 35.05593062192202 3214.751290693879 193.8117840215564 1.365452215075493 2.018216967582703 576.8180289566517 1779.701145119965 1242.974100679159 18.40179405361414 20.25307618826628 8.994544513523579 74.06913933157921 14.5643772482872 668.8919458165765 2345.861591994762 2047.113403379917 9.026305198669434 695.1645827069879 123.6822562366724 643.1026385203004 297.8231740444899 34.95835728943348 6988.27589276433 10.745390817523 745.0397481545806 2819.216168932617 5455.169202893972 1230.988988280296 20.22045902907848 33.7787678912282 424.969881772995 15.85334350168705 0 20.99328651279211 1.239150255918503 0.7715165391564369 0 0 3.690494209527969 0.3812109231948853 0.2956231236457825 0 128.9296659454703 0.1177602708339691 529.820100158453 0 0 1.27137279510498 1.04175640642643 15.40995369106531 3.881201699376106 0 0.65768963098526 1.712439157068729 0.6120126396417618 3.75741022080183 150.1095620691776 185.0117231756449 326.4052184447646 2.987628400325775 0 0.3613872826099396 99.99991059303284 0.08896376937627792 0 2.907661840319633 0 15.09014496952295 88.87875225394964 4.962473399937153 0.3745238855481148 0.1160846129059792 0 93.73377029597759 0
1.426992550492287 3.501273468136787 2.578904010355473 4963.065224006772 102.3589196577668 2774.61951520294 19.62493482977152 531.4793314710259 814.1232433766127 2627.404994472861 35.05593062192202 6302.304274894297 12.97367975860834 275.8274556547403 867.5012306198478 0 0.5536051914095879 3.359503157436848 1.926627159118652 3885.135641932487 0 4.919277392327785 2.104913666844368 559.5245488509536 1.467916384339333 5.237795136868954 13.52873501181602 785.8061413168907 503.7401679232717 2.747813306748867 1.577684871852398 103.1845514178276 0.8652076423168182 264.8569278270006 1.491525262594223 466.0618932396173 7.135467126965523 371.8746881857514 50.94323974847794 1505.6646399647 49.29946278780699 13.18336360901594 3.150528520345688 0 0 0.1246088668704033 342.4009215608239 0.1274313479661942 129.2098313421011 51.57227192819118 8.599912896752357 61.5042772591114 334.5040320754051 2.290561854839325 632.3925506398082 3.380240112543106 14.45692329853773 20.08429126441479 0 0 1.18760821968317 0 266.3292939066887 0 0.1734205782413483 0.1475162655115128 283.3062709718943 0 1.651127032935619 0.8072502911090851 148.2591197341681 9.99659289419651 2.770801782608032 0 2.105711705982685 0 18.95891002565622 0 65.32793702930212 0 36.06105803698301 8.921544007956982 407.2035118564963 0.608141154050827 0 0.5311926007270813
0.9315444380044937 864.3397970870137 12.36056357622147 4.508479550480843 4.787698790431023 15.62068927288055 4.025266066193581 20.48447000980377 49.94921787083149 27.83472136408091 3214.751290693879 12.97367975860834 2064.299461394548 35.35047299414873 0.6518126353621483 3.244484342634678 5.5983552262187 127.6824624985456 26.79308549314737 6.149223037064075 2.817310281097889 105.9384355470538 8.623656131327152 47.02795779705048 4256.662830255926 247.9280583783984 3758.384145341814 5.919214822351933 79.42890624701977 6.919149316847324 572.1878666654229 67.89072098582983 1.473851263523102 1524.286700077355 8.560788862407207 712.8560571372509 3682.718331128359 3763.195327870548 551.1466016694903 27.65775927901268 52.47161462903023 786.1758586987853 24.52990537881851 0 92.58125814050436 0.5960096791386604 0 0 0.1150078997015953 0.3483105823397636 0 1.100732229650021 0 560.4841658771038 0 2237.016063936055 0.2377061620354652 0 0.4139817655086517 0.2703263759613037 45.76116719841957 10.17300853133202 0.357939749956131 0 6.537618845701218 0.229005478322506 2.22685344517231 1048.820832632482 456.0843795239925 972.1595049351454 1.091084688901901 0.3247874826192856 0.2222158461809158 341.6141961440444 0 0 1.955349832773209 1.644389495253563 82.46906182914972 308.4990445524454 19.56028661876917 1.413781836628914 14.88812384009361 0 333.7167318239808 3.725084066390991
3801.603692680597 1.383358560502529 355.6913879513741 51.85207875818014 2.109950378537178 558.8355151340365 6094.457813128829 7169.877605088055 24.86935320496559 1127.101483277977 193.8117840215564 275.8274556547403 35.35047299414873 8963.570855930448 7.958754748106003 2.173179790377617 319.862938977778 58.49842726439238 116.6217197477818 126.3793817311525 134.7706866785884 2.780472598969936 647.1775602027774 120.4038413614035 3.597698390483856 114.7138587832451 160.8320456370711 122.4883385300636 2578.7819435969 4339.296891763806 10.80980622023344 162.9728452339768 9.941883355379105 644.2935628369451 3.873843058943748 274.0412782207131 28.10939671099186 472.5426625087857 62.72623679041862 143.3400575369596 45.34014085680246 12.2402753084898 2.037740118801594 0 2.699169993400574 9.235231429338455 0.5916216969490051 0 0.1276084184646606 26.90157163888216 0.6059926003217697 11.06600543856621 0.7532930076122284 0 0.9976495876908302 2.717072390019894 0.5550162345170975 0 0.8022235929965973 0.5840654596686363 0 1.45842158049345 0.256432056427002 1.312123849987984 0.1285611540079117 0.3579347804188728 35.90841493010521 0.116384893655777 4.333636172115803 24.48691739886999 23.81482321023941 0.5266569554805756 7.378237389028072 0.1277209669351578 0 0 0.1203417629003525 0.5533482208848 2.975604817271233 1.656977578997612 2.267508417367935 2.056303806602955 1.162703663110733 0 0 0
0.1972478777170181 22.17464476078749 0.2844271883368492 85.16741532087326 2240.253099799156 918.8664783239365 6.897389136254787 38.34857476502657 511.2325951382518 50.74958869814873 1.365452215075493 867.5012306198478 0.6518126353621483 7.958754748106003 571.4915135428309 0 0.1772324442863464 0 0.08297098428010941 64.04340695589781 0 46.9450214728713 0.3797636553645134 408.7195732742548 2.337338767945766 0.08919237554073334 32.54979668557644 54.57021655887365 5.918590925633907 0.295102134346962 0 215.0252430215478 0.4497280642390251 9.479528933763504 0.2735589146614075 11.38506466150284 0.6891103312373161 8.956857681274414 3.288665995001793 1106.610951580107 17.50263756513596 0.3404778093099594 0.2232180088758469 0 0.4317229241132736 0 0.1978686451911926 0 3.536934018135071 0.9185850471258163 0 1.553718134760857 1.755759656429291 0 8.849648356437683 0 0.129309207201004 0 0 0 0 0 0 0 0 0 8.139041900634766 0 0.2251694947481155 0.5272479355335236 2.551377490162849 0 0 0 0 0 0 0 1.021063566207886 0 0 0 4.831677913665771 0 0 0
0.4323427379131317 107.439870685339 6.350582852959633 4.252699941396713 0 1.012011669576168 38.93586100637913 1.418164148926735 29.92028000205755 2.866064243018627 2.018216967582703 0 3.244484342634678 2.173179790377617 0 1993.183151863515 24.51504197716713 1.264806985855103 4.32526058703661 0.2537801936268806 1843.069124147296 2872.940827473998 1604.240743458271 2668.115105345845 7.206707045435905 3.31969115883112 3693.184908024967 2196.831954322755 17.16436355561018 167.1568698585033 0.2140236422419548 0.6453790962696075 3.627359479665756 85.67878487706184 39.07933651655912 1004.083790749311 334.301557533443 397.5447733402252 541.8303074464202 68.8107924759388 2.804690599441528 0.9748239144682884 21.71972082555294 1.211648024618626 1.051735669374466 16.3242871761322 0.1107027232646942 0 0 20.03513278067112 2.444547891616821 112.301122829318 0.4631620645523071 0.088154137134552 0 0.1726317405700684 6.274446807801723 0 1947.032860599458 1.54611299186945 0.1259924173355103 1.626423723995686 0 329.6432837918401 1131.361111141741 1452.572686061263 170.1272736862302 0 0.9354407861828804 584.2602339014411 116.7288075014949 11.67326106131077 99.34330536425114 0 0 0.9129997566342354 2.994286246597767 5.571659535169601 29.52353558689356 4.147624254226685 11.69637694209814 5.842092625796795 1.24609961360693 0 0.5855342745780945 0.8197368979454041
79.11619226634502 42.64769651740789 3211.230690203607 1.648156203329563 0 17.48899735510349 188.4418859630823 323.4373574778438 5.432860150933266 27.10759531706572 576.8180289566517 0.5536051914095879 5.5983552262187 319.862938977778 0.1772324442863464 24.51504197716713 676.1629585325718 1207.76716003567 3212.556193061173 0.6357951089739799 1205.205018907785 9.024569809436798 3288.121047534049 27.57330414652824 3.918316394090652 2368.658910028636 3746.459751151502 71.61361587047577 925.9052311554551 3064.792459242046 12.98608314990997 26.70943693816662 34.34240884333849 2680.032136231661 5.49156341701746 362.5848234146833 249.5576595291495 1384.429578088224 235.1351040974259 12.84695588797331 0.8853454887866974 0.1460641473531723 2.672278314828873 0 56.98949480801821 99.09881054610014 0.125519260764122 0 0 3.068979538977146 0.3004957437515259 3.579186320304871 0 2.385511264204979 0 0.3497376888990402 0.6039049923419952 0 8.64830120652914 33.77596754580736 2.242606997489929 85.40443558245897 0 8.193178236484528 5.114911235868931 14.8303827047348 9.440905645489693 2.129535891115665 242.5020832121372 599.706266477704 8.003431782126427 0.9193921387195587 4.448052518069744 0.3451736941933632 0 0 6.210863433778286 0.3279336541891098 17.15784173458815 4.061941154301167 12.67457503080368 2.777452372014523 1.491606391966343 0 0 0
11.37908085435629 14.51206101477146 211.5620967596769 0.3724024444818497 0.6970997303724289 4.664921283721924 13.57941191643476 48.85590841621161 1.676730416715145 7.88320691883564 1779.701145119965 3.359503157436848 127.6824624985456 58.49842726439238 0 1.264806985855103 1207.76716003567 85.93244707584381 2743.001694150269 1.483475029468536 16.67458346486092 2.260355658829212 93.23759579658508 4.462837345898151 36.96496544033289 3211.139131389558 1220.409155830741 4.047843135893345 243.319951094687 142.7356764450669 183.8128161653876 48.47939656674862 8.782140754163265 991.5000890791416 2.131192594766617 265.8749132454395 284.4964770451188 1101.757622912526 181.044651068747 4.103365182876587 1.061405852437019 1.113911315798759 1.264938451349735 0 7.903217352926731 2.771635822951794 0 0 0 0 0.2449765652418137 0.5864688903093338 0 36.01143664121628 0 85.42638225108385 0.1321237087249756 0 0.6447787806391716 2.917874470353127 31.77184545993805 13.41590361297131 0 0.485337994992733 0.5823564082384109 0.9857118725776672 0.560970313847065 25.55482010543346 386.7531410306692 414.3277981728315 0.6707059517502785 0.2337593510746956 1.033619046211243 56.49690399318933 0 0 0.6377520859241486 0.2928895354270935 2.240357339382172 3.855649545788765 3.682737469673157 0.6363635659217834 0 0 0.3346894085407257 0
29.93187580257654 19.55188374966383 670.1736747920513 0.2050594016909599 0.597044013440609 4.65608835965395 37.98362037539482 123.6710828915238 2.368145696818829 10.64283588528633 1242.974100679159 1.926627159118652 26.79308549314737 116.6217197477818 0.08297098428010941 4.32526058703661 3212.556193061173 2743.001694150269 1468.263964235783 1.40218622982502 90.56597573310137 3.01520986109972 462.3363052010536 9.506229408085346 8.929337702691555 4040.758450388908 1229.707399226725 10.19611417502165 492.3042621910572 549.5249079242349 52.7989664748311 47.90913252532482 27.13950417935848 2263.895616695285 3.272298492491245 262.2623098418117 201.3576142638922 1144.159132570028 153.7522996217012 3.48179966956377 0.7780759036540985 0.1104119420051575 0.3779393136501312 0 20.27730237692595 12.5899617895484 0 0 0 2.050902247428894 0 1.357918173074722 0 8.37268004566431 0 13.67412193119526 0.6944537162780762 0 2.784262955188751 16.36105197668076 12.28331383317709 64.2278503254056 0 2.05096822977066 1.479102700948715 1.768127381801605 4.00607305765152 7.21444246172905 387.6481260731816 471.4837756156921 3.55068327486515 0.3863982260227203 1.405894488096237 6.58356212079525 0.1225842162966728 0 3.420195743441582 0 2.796380795538425 3.945025257766247 6.289186522364616 1.838715799152851 0 0.1032065078616142 0 0
6.254393748939037 0.3205613195896149 1.851716063916683 2922.456870146096 6.54424013197422 263.0674558058381 38.5789768025279 204.9558844566345 572.8722072690725 2525.153404936194 18.40179405361414 3885.135641932487 6.149223037064075 126.3793817311525 64.04340695589781 0.2537801936268806 0.6357951089739799 1.483475029468536 1.40218622982502 300.6674606651068 0.1274340897798538 0.5325884819030762 1.83468197286129 495.0314777269959 0.5659524872899055 2.846055045723915 2.523648396134377 852.6024523302913 430.2960441857576 4.281413108110428 0.9315539970993996 30.71755634248257 3.754110291600227 140.5505528226495 3.606926947832108 286.7807746902108 6.577033914625645 253.8447724580765 41.35330504179001 299.946090221405 22.26888611912727 9.180415116250515 5.060114689171314 0.1113630905747414 0 0 174.5833422467113 0 26.91577108949423 173.661548435688 2.670031316578388 40.67074282467365 91.55306892096996 0.4698310643434525 104.9173026904464 0 3.121999241411686 5.321217015385628 0.9382606148719788 0 0 0 63.21211016178131 0 0.1667004525661469 0.4399099349975586 232.292701356113 0 0 0.4978874325752258 171.623674467206 4.990789256989956 1.606767177581787 0 0.8230679631233215 0 2.537295177578926 0 11.3446192741394 0 10.67823106795549 4.203523382544518 88.17494393140078 1.028978511691093 7.247379779815674 0.9368346929550171
26.8010390624404 8.09608156979084 701.0222099274397 2.676635801792145 0.3829969689249992 4.585846371948719 351.6762338578701 124.4556107372046 16.20287193357944 13.28377802670002 20.25307618826628 0 2.817310281097889 134.7706866785884 0 1843.069124147296 1205.205018907785 16.67458346486092 90.56597573310137 0.1274340897798538 8852.308310374618 589.5535013303161 13984.08347027749 311.5512007772923 1.67683057487011 31.52622164785862 1790.812043368816 3910.568725787103 548.173070371151 9303.604139216244 0.7318208366632462 7.115197636187077 65.65086288750172 5024.084325432777 141.0629649981856 4049.603962421417 974.5906523689628 5190.068560786545 2923.479828409851 208.3202467411757 7.651763789355755 6.22453872859478 69.55816675722599 3.558493949472904 1.44035179913044 12.49398674070835 0.1541117429733276 0 0 21.03152971714735 5.920044682919979 143.6788073927164 1.395436801016331 0.5855814963579178 0 0 12.66046480089426 0 794.3746597245336 4.380083173513412 0.474619947373867 2.462798193097115 0 643.8684038594365 364.6732450798154 312.4276790618896 321.4248350635171 0 4.126360103487968 83.16693096607924 231.8913341611624 24.95409165322781 249.9957479014993 0 0 3.193962067365646 6.115093506872654 11.78341552615166 63.53594269603491 3.718871101737022 17.06545076519251 8.368083812296391 2.959302343428135 0 0.7172678112983704 1.012589789927006
0.6429262384772301 1841.047429010272 34.55993667989969 1.770615220069885 8.331108629703522 1.06058768928051 22.21726727485657 0.5722578763961792 2724.038352958858 4.214506782591343 8.994544513523579 4.919277392327785 105.9384355470538 2.780472598969936 46.9450214728713 2872.940827473998 9.024569809436798 2.260355658829212 3.01520986109972 0.5325884819030762 589.5535013303161 359.7568941265345 620.0708226189017 6293.601172350347 274.699472874403 31.44799045473337 5895.90937487781 240.1147430017591 41.4815626591444 197.0636385008693 5.854276672005653 0.5959281399846077 15.18037833273411 15.73518436402082 6.289040595293045 125.6579800918698 22.14182160049677 47.16359812766314 32.55282802134752 46.41865100711584 0.238375760614872 9.592941597104073 0.6480517983436584 0 14.28082627058029 29.36758777499199 3.453700035810471 0 0.5314277112483978 8.29534986615181 2.350722253322601 11.55574576556683 1.411095812916756 0.4152273833751678 0 2.367904625833035 2.656950205564499 0 957.9700722321868 6.91092162579298 0.322710782289505 1.935016162693501 1.082758352160454 156.5533971190453 107.860698312521 484.0179948955774 103.7921597212553 1.753444157540798 9.353012226521969 1026.534676231444 38.4389341622591 3.815092861652374 29.08895300328732 0.2574957311153412 0 0 3.096596240997314 0 26.08646494150162 8.525448620319366 17.94522669911385 13.0444089025259 1.495986387133598 0 0.276736319065094 0.7376502901315689
101.1132524311543 28.72265641391277 13397.93987587839 13.61779420077801 0.487200066447258 65.82417204976082 2026.9886450544 584.4627958312631 22.74548700451851 163.3401474282146 74.06913933157921 2.104913666844368 8.623656131327152 647.1775602027774 0.3797636553645134 1604.240743458271 3288.121047534049 93.23759579658508 462.3363052010536 1.83468197286129 13984.08347027749 620.0708226189017 15417.44154614955 695.4627385959029 5.788456954061985 1406.087128341198 13016.1479453072 3602.538097299635 671.9481247961521 6568.668133914471 8.475354440510273 19.61835540086031 23.67774955928326 4204.875299505889 275.6561001613736 7278.602514378726 4584.533008769155 8458.296799913049 7371.501546032727 749.7785523384809 40.40229212492704 16.29809728264809 174.1029881536961 0.2492740824818611 52.64279616624117 434.5438846349716 0 0 0.4240605980157852 38.1922412365675 4.198458522558212 30.29459048062563 0.8668327480554581 1.064415954053402 0 0 7.968711726367474 0 1782.122041575611 39.21514061838388 0.5490543022751808 7.913805350661278 0 231.8987722620368 801.7286143153906 2286.334863238037 85.07862621545792 1.729947321116924 31.01162940263748 2532.963820621371 65.64712580293417 6.22490981221199 48.00924686342478 0.1482791155576706 0.09489939361810684 0.1798922419548035 11.1565158367157 32.03319677710533 68.24176517128944 24.30081076174974 45.75939948856831 31.06673710048199 4.066596001386642 1.564274922013283 6.437280803918839 2.388764917850494
72.35547798126936 1111.798236042261 136.9878538995981 3010.459735713899 57.1371895223856 411.1908295080066 1151.706951923668 169.8546070680022 9101.220440745354 1499.84306922555 14.5643772482872 559.5245488509536 47.02795779705048 120.4038413614035 408.7195732742548 2668.115105345845 27.57330414652824 4.462837345898151 9.506229408085346 495.0314777269959 311.5512007772923 6293.601172350347 695.4627385959029 8891.557202659547 93.65884326398373 25.77735936641693 3248.65585219115 6801.357149727643 1136.672122634947 1268.598913602531 3.410805232822895 16.49873935431242 374.5660223141313 505.9935682192445 102.4107216000557 2908.685742855072 86.28591800481081 1277.252420753241 691.3270755857229 462.7113142460585 60.84790516644716 6.215592414140701 33.20835833996534 5.866462163627148 8.791666857898235 9.265326574444771 323.663463935256 0.113826647400856 36.6025018170476 829.7933186665177 37.10549487918615 1468.577365323901 211.5174070596695 4.303261399269104 78.61047182232141 2.337721467018127 44.33860912173986 4.709956623613834 107.4881451874971 3.89152292907238 3.283218510448933 4.96270590275526 93.8683110550046 143.9543905034661 38.70540439337492 36.71642582863569 2394.768226839602 2.608015589416027 4.861048229038715 51.07721066474915 1631.167929045856 70.48945888131857 208.4466606900096 0.5188080444931984 1.108064390718937 4.87028045207262 35.74823219329119 9.965815290808678 209.0960645377636 3.915497727692127 117.2753975912929 44.69367492198944 72.66527299582958 6.285156682133675 2.011092603206635 3.555146515369415
0.1335737705230713 968.893523208797 7.212669312953949 4.999256320297718 0.1607509776949883 1.888041526079178 6.996947646141052 2.040092796087265 101.6752460896969 17.78279718011618 668.8919458165765 1.467916384339333 4256.662830255926 3.597698390483856 2.337338767945766 7.206707045435905 3.918316394090652 36.96496544033289 8.929337702691555 0.5659524872899055 1.67683057487011 274.699472874403 5.788456954061985 93.65884326398373 333.0780560746789 316.6629860922694 2814.196838960052 3.415877498686314 5.129246346652508 1.106959752738476 140.4348093420267 6.956482253968716 0.1106172576546669 297.3443986624479 16.98337668180466 1229.60836995393 1130.022601425648 1639.838730752468 235.9318072125316 86.63739360868931 61.79037141799927 948.2320806011558 18.87915605306625 0 80.69610216468573 0.8210161179304123 0 0 2.065655946731567 1.886367119848728 0 2.45589866489172 0.2336305305361748 179.3509583547711 0 1033.351423084736 0 0 0.1495898514986038 0.3899461030960083 17.1642293035984 4.607957474887371 0 1.772414207458496 3.020825006067753 0.8210002481937408 1.999578043818474 226.4748267605901 334.0971020311117 873.05030670017 8.012204259634018 0.3834589347243309 2.799239158630371 113.770310536027 0 0 1.371547162532806 4.079699277877808 302.3005005344748 64.75454051047564 17.61979553848505 0.744673416018486 34.85491758584976 0 58.4818809479475 12.54450178146362
20.56102343648672 372.2603596672416 6688.743636235595 2.760191291570663 1.353217273950577 16.85452835261822 203.4299743846059 97.28852017223835 14.92616435140371 44.32213351130486 2345.861591994762 5.237795136868954 247.9280583783984 114.7138587832451 0.08919237554073334 3.31969115883112 2368.658910028636 3211.139131389558 4040.758450388908 2.846055045723915 31.52622164785862 31.44799045473337 1406.087128341198 25.77735936641693 316.6629860922694 18900.21195690334 9516.645210497081 28.37744471430779 360.186782874167 175.8418347314 868.3951222375035 79.55036259442568 16.04923003166914 2074.884114533663 14.76469963043928 1966.364251866937 1505.947996757925 3806.970375515521 804.4998540207744 26.71595984697342 2.873179867863655 2.378205761313438 5.286962136626244 0 292.8465088829398 166.5548947751522 0 0 0 9.002692587673664 0.5913874283432961 1.284437574446201 0.2130959928035736 114.3275036588311 0.08265680819749832 236.0608269497752 1.020071513950825 0.1812369972467422 3.277463860809803 120.6679917573929 93.55888781696558 386.8965663611889 0 1.270747981965542 4.075783006846905 11.46922252327204 3.644212737679482 235.6539175957441 2555.97768470645 4124.532746836543 3.877521865069866 1.758544526994228 6.455976516008377 146.2675169482827 0.100100502371788 0.3928851634263992 19.85097494721413 1.514979138970375 41.61867544054985 40.02068278193474 43.60160847753286 20.10769365727901 1.138579718768597 0.10728520154953 0.7649277970194817 0
35.66046999394894 9885.397063314915 9417.058168716729 23.0938950330019 8.754374399781227 26.67094139009714 653.6495223194361 146.8647862300277 1248.081510074437 78.11731823533773 2047.113403379917 13.52873501181602 3758.384145341814 160.8320456370711 32.54979668557644 3693.184908024967 3746.459751151502 1220.409155830741 1229.707399226725 2.523648396134377 1790.812043368816 5895.90937487781 13016.1479453072 3248.65585219115 2814.196838960052 9516.645210497081 22968.75188454241 2034.751098260283 480.301561050117 321.3745802640915 1485.004090242088 79.93545633554459 38.46881000697613 2940.667146086693 161.6349226534367 8380.390069372952 3261.897555552423 9592.90504860878 4177.912926472723 385.2410454005003 41.02258130162954 24.05221731215715 87.81118842959404 2.30876599997282 2296.764044441283 1815.119933530688 3.074426434934139 0 1.490311823785305 98.56727631390095 18.33767120540142 47.224808357656 7.348572224378586 144.4396747276187 0.3914559334516525 500.0908965542912 17.19831078499556 0.1349633932113647 704.5863844975829 294.1158889606595 97.04537160694599 547.5338427573442 2.268291860818863 81.31992945075035 1659.624128006399 1995.405758373439 111.0334205925465 365.3088294118643 3469.310992196202 15030.62558149546 78.13537032157183 10.19481133669615 32.29605700075626 169.110299475491 0.1350694894790649 1.069264404475689 54.4936415553093 27.00082517415285 237.4269073083997 99.81883174180984 207.3527914062142 110.0909748151898 13.13723036646843 0.1698180735111237 8.703895002603531 3.359118700027466
56.17832258343697 23.77465189993382 626.0261244624853 4441.300755642354 10.41193848848343 412.3117284402251 23076.13854289055 164.9816303104162 1366.678632333875 5883.480395704508 9.026305198669434 785.8061413168907 5.919214822351933 122.4883385300636 54.57021655887365 2196.831954322755 71.61361587047577 4.047843135893345 10.19611417502165 852.6024523302913 3910.568725787103 240.1147430017591 3602.538097299635 6801.357149727643 3.415877498686314 28.37744471430779 2034.751098260283 15938.22184529155 1036.681608937681 10206.03316649795 0.4011533111333847 10.61232093721628 405.4634664878249 568.0951216518879 120.7669940888882 2756.117380067706 103.7303040325642 1327.406394146383 812.4800077304244 128.1712856814265 33.37464820593596 5.737276442348957 29.50102242827415 9.128841809928417 5.24324981123209 16.327487424016 344.6531695649028 0 48.79683491587639 1493.390978232026 49.78290235996246 994.4051340669394 272.2552985548973 6.425591461360455 50.85471054911613 0.460163414478302 63.73986484855413 5.159656792879105 135.4023548513651 9.698703773319721 2.161957986652851 7.916955456137657 111.8208695575595 221.6042683273554 32.99401269853115 59.22016379982233 2551.80902800709 0.8143158555030823 5.160240776836872 80.60938660055399 2350.225570440292 104.5594869926572 448.8650869652629 0.1341260969638824 1.02964186668396 5.011284708976746 49.1797703281045 13.5330550596118 360.6909646913409 6.262265548110008 186.4139256775379 61.27413716167212 70.56625580787659 10.42899346351624 4.257847487926483 3.731591142714024
