1227.631053447723 1.075492240488529 37.42438085377216 5.709881603717804 0 16.68091975152493 1650.139876767993 825.5836965404451 2.912939667701721 38.12058364599943 7.280948124825954 2.041856586933136 6.783409103751183 7514.383919164538 0.3551369607448578 0 167.3804873451591 1.680541202425957 37.19158495217562 0.7546674162149429 135.4118636325002 2.267415508627892 279.6476770862937 17.15313693881035 0 42.17813923209906 21.41002009809017 66.73856254667044 2766.606088675559 2880.29859623313 0.2082153409719467 5.43915132433176 4.017878219485283 105.9155784770846 2.460006512701511 68.49146471172571 10.18872252851725 46.1797616109252 8.64596925675869 1.402465812861919 0.9627169072628021 0.2864404246211052 2.303650185465813 0.09630373865365982 0.2316182553768158 0.4210892543196678 0 0 0 1.097824975848198 0.3316089510917664 0.2612188905477524 0.2097925320267677 0 0 0 0 0 0.5098591670393944 0 0 0 0 1.003592096269131 0 0.3089786022901535 2.445856854319572 0 0.2573900744318962 1.0096839889884 12.6298833489418 0.1831018775701523 3.579866319894791 0 0 0 0.08161664754152298 0 2.109417699277401 0.1105935871601105 1.1554084867239 0 0.6625017523765564 0 3.916003942489624 0
1.075492240488529 228.2171967625618 853.2779052704573 0.8770647272467613 3.006019473075867 2.257457755506039 6.980651408433914 3.410319544374943 328.9198116660118 3.625047400593758 20.63810379058123 0.6621655225753784 319.369968034327 12.09219046682119 6.948701627552509 124.5659903436899 1166.333844520152 21.70849499851465 124.4806160703301 0 9.632687874138355 2067.658815443516 39.12669353187084 431.005830027163 2079.757578492165 2704.717182338238 9973.672396309674 18.72764155268669 13.78133838623762 16.93939311802387 30.68141008913517 4.132409103214741 0.3955445736646652 461.1814328059554 8.832385420799255 517.0405279099941 493.517324782908 792.7891189455986 113.4714045003057 24.08513988554478 0.7804827243089676 443.8003508150578 1.989096865057945 0 96.17839050292969 211.9436795711517 0 0 0 2.153799220919609 0.298210546374321 1.532319821417332 0.1195350959897041 6.516425684094429 0 17.27627145498991 0.4885887205600739 0 0.8911058455705643 89.39637511968613 2.311940111219883 54.74825800210238 0 1.374167747795582 13.50453864783049 7.214687496423721 4.655419930815697 20.55806797742844 548.4579809755087 1653.861333206296 2.118249654769897 0.1897106319665909 1.892248600721359 3.102431811392307 0 0 10.97130213677883 1.375829041004181 83.02044144272804 30.36192400753498 34.9170265942812 10.08697108924389 4.719654932618141 1.103792786598206 4.097943939268589 0
37.42438085377216 853.2779052704573 5133.645879477262 13.41671627014875 0.3602061569690704 96.55663929879665 2414.440218344331 222.9754642024636 13.16191201657057 234.1483329534531 31.94936403632164 0.6998345404863358 8.333799183368683 545.7350262925029 0.3633330091834068 40.02334603667259 3205.151997841895 12.17234431952238 236.6229388937354 0.3282009214162827 1399.232561044395 82.69486766308546 14432.63298676908 107.3455604538321 3.321726523339748 8417.602296635509 17371.98303338885 1820.001503899693 118.1185589209199 143.9733926802874 0.5028890892863274 2.981478460133076 5.562449723482132 768.5080610886216 21.44270047545433 1182.074832849205 3691.947332493961 898.9255922064185 250.8712119087577 35.8931670114398 3.491916969418526 13.31260122358799 6.209239922463894 0.2304163053631783 325.1237368956208 1620.094972461462 0.3308344483375549 0 0.08329512923955917 20.45944105833769 2.927328824996948 1.325859986245632 1.707324184477329 7.695252150297165 0.2203806787729263 11.23912719637156 3.770821884274483 0 10.50019587576389 296.0703200399876 10.02931092679501 118.3553120270371 0 11.58135799318552 86.83099849522114 161.1619482785463 17.83301352709532 3.887288562953472 637.016420841217 3352.520754359663 24.63954728841782 2.39412422478199 15.36240595579147 10.2837847918272 0 0.122812993824482 29.10696154087782 4.329979367554188 222.8366527929902 85.96943543851376 114.8933883905411 28.14508785307407 9.019542641937733 3.180108532309532 3.273188531398773 3.545393876731396
5.709881603717804 0.8770647272467613 13.41671627014875 2473.042965508997 3.979380920529366 49.70603117346764 142.1117572039366 75.13943562656641 1181.381945036352 1801.899649016559 4.231569729745388 3371.271082758904 3.577749289572239 62.2246453538537 79.95365139842033 0 0.4685823023319244 2.228111207485199 2.676977291703224 2396.958234034479 0.5433654338121414 0.2091616541147232 1.26521061360836 1758.696157693863 0.1089586094021797 3.752121612429619 6.461230933666229 4391.091084823012 72.43904697149992 1.322515226900578 0.204350508749485 5.698450997471809 1.837630525231361 17.7652385160327 10.86610093712807 185.7894501835108 4.153792597353458 58.43884942680597 17.02305371314287 115.138259768486 6.354207865893841 0.1001607924699783 3.95854677259922 0.6029512733221054 0.1330158263444901 0.363370954990387 115.234601996839 0 4.500596284866333 68.31615225970745 6.145032204687595 86.73368252068758 454.8491285666823 0.1824377775192261 142.1178360208869 0 6.666734360158443 9.722600415349007 0.1507273465394974 0 0.677567832171917 0.2907023727893829 80.78595294058323 0.2678482085466385 0 0.6586196422576904 257.7065684422851 0 0.209291435778141 1.451443307101727 336.0342076197267 3.36356245726347 2.434387594461441 0 0.3084895238280296 0 1.106213763356209 1.537580356001854 33.93403561413288 1.058630377054214 14.464798592031 1.533506229519844 131.5801337882876 1.985014200210571 0 0.912117175757885
0 3.006019473075867 0.3602061569690704 3.979380920529366 132.0774559676647 808.8271082043648 5.036306291818619 231.0222108438611 40.6539910659194 16.63599237054586 149.8814742192626 201.6031539291143 20.89640505611897 28.57633031159639 906.6434321478009 0 3.258762657642365 27.30697479099035 27.35183675587177 6.99350181221962 0.4449964463710785 0.8888710141181946 0 53.42443314194679 1.075819328427315 33.24880097806454 10.4215374365449 9.619737654924393 118.6918560862541 6.019425302743912 2.619082517921925 440.2172347977757 1.491989701986313 1949.539394453168 4.951839670538902 96.45109661668539 24.0219117179513 359.0947117358446 64.62590092420578 2768.230913944542 533.3635875433683 5.041786432266235 10.0472462028265 0 0 0.491017609834671 0.1316487938165665 0 0 0.7905675172805786 0 0 1.12162858247757 0 0.1961984485387802 0 0 0 0 0 0 0.1957210004329681 0.1822168976068497 0 0 0 0.9447471126914024 0.2215167433023453 0.4817966297268867 0.5139644965529442 0.4040253013372421 0 0.3919533491134644 0 0 0.2737062871456146 0 0.5279256701469421 3.633592441678047 0 0 0 2.011027455329895 0 0.2373710125684738 0
16.68091975152493 2.257457755506039 96.55663929879665 49.70603117346764 808.8271082043648 12388.22145560384 1939.067524529994 6105.823371551931 102.636903770268 6639.848990149796 215.4515478014946 2645.324920527637 56.02653269469738 1568.475388623774 1030.357602901757 0 36.69038624316454 42.04880271106958 66.57975520193577 115.5620453432202 12.09606850147247 0.3468774035573006 31.02459007501602 13.41311422735453 2.766169257462025 82.3896250128746 27.50121497735381 120.5702683329582 299.3078478053212 53.07251302152872 5.218054436147213 489.6903464645147 1.868964336812496 462.4809906706214 26.84613305330276 549.6722597256303 50.24511191993952 637.2137169651687 169.7170595824718 2308.369806595147 711.9784445017576 12.1003395691514 30.65866742283106 0 0.6361144185066223 0.7856495305895805 1.55499205738306 0 1.21833074092865 4.083382062613964 0.6500729322433472 0.9473776966333389 10.59588561207056 0.556051068007946 2.727832227945328 0.4868817031383514 1.220176666975021 0 0 0.2231269627809525 0.2036139145493507 0.07691369950771332 1.553848057985306 0.4691574051976204 0.1469204276800156 0.2399144396185875 7.670962132513523 0.09141634404659271 1.753506913781166 4.037502638995647 9.719269193708897 1.33512818813324 2.02475905418396 0 0 0 0.5757237672805786 2.78504441678524 17.37014434486628 1.171183951199055 0.7168483510613441 0 16.68134963512421 0.3725321292877197 0.2696628347039223 0
1650.139876767993 6.980651408433914 2414.440218344331 142.1117572039366 5.036306291818619 1939.067524529994 9466.073670655489 3677.028702616692 105.9926083758473 6812.227472443134 59.34688025712967 20.71482398360968 16.16309101134539 11329.73085723445 21.95651507377625 4.890413507819176 341.8725896552205 21.62302716076374 106.7017944306135 13.6525883115828 811.9267075806856 8.373024001717567 1001.078878544271 820.8846916779876 14.40596406161785 315.3004020638764 457.7845515161753 9634.059036031365 3874.763418171555 6185.136696152389 2.000021256506443 48.53979056328535 160.3780493810773 565.5058068931103 285.0151440426707 4425.813950181007 152.9394352287054 1907.842821456492 585.3344796784222 168.5740398317575 207.2723199129105 4.496145859360695 81.26433505117893 5.430247932672501 6.627682253718376 22.07292684167624 30.90514834225178 0.1034105867147446 3.168349795043468 468.6289359778166 36.70936680585146 60.12200690060854 151.465570166707 2.723173528909683 8.091089159250259 0.690851092338562 42.1990443021059 1.946765102446079 7.005137212574482 1.520707413554192 5.23837923258543 1.415703006088734 20.91001972556114 8.769864097237587 4.583955749869347 15.31454998999834 345.6955890506506 0.6026512160897255 6.388705238699913 59.73543626070023 743.1188064515591 32.46673033386469 184.6902324557304 2.054028987884521 1.675474144518375 0.5256206095218658 16.36478971689939 18.25184662640095 194.9109473451972 7.058496318757534 87.84298435598612 8.783107325434685 81.43033769726753 15.35390081256628 18.84588991105556 3.225254446268082
825.5836965404451 3.410319544374943 222.9754642024636 75.13943562656641 231.0222108438611 6105.823371551931 3677.028702616692 8715.328649763018 44.15166286379099 3542.692682832479 380.2452590093017 1619.806582160294 113.4030156955123 10600.10535063967 118.1424257904291 0.626719243824482 277.2663700580597 84.41718043386936 187.527263507247 218.1143790334463 122.5811536461115 4.363702669739723 327.5526660457253 104.7187404632568 5.023392476141453 229.8821055814624 77.96424259245396 338.330748707056 861.5446693338454 1095.338541857898 10.10810517519712 456.7141593061388 3.079664416611195 662.9095102325082 30.710304223001 634.8638383001089 88.68490972369909 769.5799947716296 238.8135988414288 924.3252870887518 292.904164262116 24.39444635808468 40.37068014591932 1.349657028913498 0.6614904627203941 1.885335221886635 1.469951175153255 0 0 44.62872426956892 5.395215667784214 4.769868582487106 3.117384314537048 1.210209622979164 2.516996137797832 1.821258895099163 3.566417172551155 0.9608503580093384 1.394784271717072 0.2568996101617813 0.4164182543754578 1.140546053647995 1.332928389310837 2.623727418482304 0.6669124960899353 1.699085913598537 40.30603051930666 0.2311096489429474 6.1729366928339 10.27444276958704 69.57428063452244 6.493719086050987 46.7178556099534 0.6252831742167473 0 0.08787067979574203 4.161425709724426 1.121301978826523 37.45721732825041 0.8692667484283447 14.79433673620224 1.231706239283085 8.343344613909721 0.1030714064836502 3.59206748008728 0.3036448210477829
2.912939667701721 328.9198116660118 13.16191201657057 1181.381945036352 40.6539910659194 102.636903770268 105.9926083758473 44.15166286379099 2324.244779475033 1397.651251204312 3.564137861132622 1269.92718115449 7.757066898047924 29.88409781455994 556.9130522012711 123.6641394644976 36.77207827568054 4.178124152123928 7.408672019839287 704.8804506286979 79.53828579932451 3422.796612113714 19.78311671316624 11958.41012649983 365.1513592526317 118.3634027391672 550.2504327446222 1720.652117662132 60.60591029375792 106.9073773249984 5.064123794436455 2.182158015668392 5.139793291687965 15.49867081642151 4.750244855880737 120.3260879144073 9.981581769883633 40.98828991502523 12.56553946435452 210.6201532036066 8.597472824156284 3.745808452367783 1.014378517866135 4.526459105312824 4.543323114514351 7.82432895898819 209.2178326100111 0.1202183663845062 5.001529559493065 202.7530964165926 23.54677807539701 44.35430394858122 513.1039151847363 2.275198146700859 63.64563832432032 1.102210432291031 34.12716671079397 5.889585018157959 200.7931302115321 1.573765158653259 2.723775468766689 1.778876475989819 102.6920502707362 157.2615350186825 22.27552602440119 54.15713115036488 1565.984616555274 0.3448233529925346 4.904372617602348 20.79019466787577 1149.100229032338 49.13697721064091 215.2228236794472 0.3237473741173744 1.84311905503273 2.75663810968399 13.08161619305611 4.354377165436745 99.03243640810251 0.982509583234787 42.83298496156931 7.465884871780872 29.01589700579643 4.561434105038643 0.808709017932415 0.2522658556699753
38.12058364599943 3.625047400593758 234.1483329534531 1801.899649016559 16.63599237054586 6639.848990149796 6812.227472443134 3542.692682832479 1397.651251204312 23174.22798813134 122.0130068808794 6981.131287913769 28.182063549757 2460.585088659078 83.83644810318947 0.261045828461647 40.1997049972415 47.48358949273825 85.45937097817659 2646.778610102832 13.17074831575155 0.5342181101441383 34.14785253256559 1599.083420217037 1.351773463189602 111.5544314906001 66.7009164839983 2189.673026166856 1313.236342459917 39.43296556174755 5.381446562707424 99.59999518468976 6.894268617033958 363.4409776702523 103.9237902387977 2382.998256295919 62.04231090098619 1422.387217655778 245.6695967316628 289.4173862338066 170.7079581990838 4.191455535590649 55.14333530515432 4.287247963249683 1.476614356040955 3.925083190202713 401.6930674761534 5.177845492959023 21.40938047319651 552.389041274786 40.32523792237043 254.6204185187817 1953.191994786263 3.11589390039444 161.8474589362741 0.5897782742977142 53.20888777822256 52.53437785804272 0.320648655295372 0.4391930177807808 1.926506623625755 0.4164231643080711 315.0265948995948 1.275360800325871 0.9798925817012787 2.005103074014187 956.6298904269934 0.510736346244812 6.170838877558708 10.01233584433794 1827.3412084952 21.74411548674107 40.75609651207924 0.9164665639400482 1.763913728296757 0.1293382197618484 16.08602918684483 10.13928669691086 265.7117283120751 1.945043735206127 105.7684070318937 9.725451797246933 715.9701553657651 7.704096883535385 0.3992764949798584 1.551418110728264
7.280948124825954 20.63810379058123 31.94936403632164 4.231569729745388 149.8814742192626 215.4515478014946 59.34688025712967 380.2452590093017 3.564137861132622 122.0130068808794 8865.175692439079 116.2418129369617 2507.310795433819 516.6215129122138 8.206678137183189 0.9366592615842819 508.9228172004223 3254.713487260044 1818.244834460318 16.11334357410669 16.35204873234034 4.691279619932175 76.85354268550873 27.58375085145235 309.8354102298617 2263.649819403887 594.255922883749 34.23899921774864 555.2050001621246 50.75251898169518 392.4820358753204 648.0925890356302 5.68315476924181 7590.495898872614 9.334155358374119 432.3188943490386 5883.487829625607 3262.179332058877 668.9978952929378 32.69614817947149 28.4161484092474 1096.337937690318 10.84381112456322 0.5881592482328415 4.97568517178297 7.79028082638979 0 0 0.1115873232483864 3.578572832047939 2.272725835442543 0.4492408856749535 0.4617457389831543 559.4825104922056 0.1656972765922546 1132.401239335537 2.256766274571419 0.2881238535046577 0 1.111425742506981 12.3019170165062 2.731528498232365 0.1975052580237389 0.4439902156591415 0 0.4028967916965485 5.317209959030151 279.3075549900532 62.4546268209815 248.2533362656832 8.619759231805801 2.03845027834177 6.761260718107224 82.6597351282835 0.9804808869957924 0 6.356199994683266 4.903406217694283 19.93466427177191 289.4922090992332 17.74485572427511 6.409056693315506 1.272212795913219 1.080769896507263 226.0928655713797 0.1250741183757782
2.041856586933136 0.6621655225753784 0.6998345404863358 3371.271082758904 201.6031539291143 2645.324920527637 20.71482398360968 1619.806582160294 1269.92718115449 6981.131287913769 116.2418129369617 7982.846906162798 23.69208464026451 939.1335562691092 1686.317986734211 0.1413248032331467 7.496249087154865 32.59647065401077 48.72077620774508 3201.679204624146 1.064065866172314 0 2.585702314972878 185.9718809351325 0.817018449306488 54.1796173080802 14.3743169605732 591.7102757021785 241.9612150341272 6.781279504299164 3.981970928609371 137.7016665227711 0 146.5325247719884 9.105416305363178 333.3812612593174 25.96838743984699 397.2165347412229 80.90380311757326 1653.238910347223 75.90977168083191 6.152588821947575 7.639612577855587 0.1810716092586517 0.8175834268331528 0.2515871599316597 67.6706350967288 5.282350957393646 7.942343592643738 13.81111651659012 5.891050286591053 31.08879567682743 244.3460438475013 0.3543214052915573 110.350217923522 0.6801408529281616 2.432515971362591 17.61194921284914 0 0 0 0.1956199556589127 56.52697998285294 0 0 0.3495504856109619 79.99677508324385 0 1.794516190886497 2.719956740736961 99.99638126045465 0.9151175245642662 0.7349882572889328 0 0 0.1136506646871567 0.2176686525344849 0.3363967835903168 53.40204246342182 0.6524390950798988 5.184069439768791 0.4129499569535255 219.79540271312 0.653171643614769 0 0.1329777985811234
6.783409103751183 319.369968034327 8.333799183368683 3.577749289572239 20.89640505611897 56.02653269469738 16.16309101134539 113.4030156955123 7.757066898047924 28.182063549757 2507.310795433819 23.69208464026451 4049.188760407269 69.9237082451582 4.080677509307861 10.27605240046978 4.019070327281952 59.56078591197729 16.7347536534071 2.688756532967091 20.25455497205257 34.61799427866936 35.8844967931509 30.30470272153616 3919.631593942642 402.5713390260935 5438.844157852232 36.42097445577383 66.17308533191681 55.16315589100122 1008.838902115822 64.44882883876562 0.9202605485916138 479.554551012814 59.35425388813019 1631.924732647836 4395.585586428642 3226.656522333622 378.7811550423503 184.7279699891806 91.52751293033361 1254.404315106571 20.26734528690577 0.4425558745861053 25.28270924836397 0.281401053071022 0 0 0.479704886674881 2.321437038481236 2.78644173592329 1.706168383359909 0.8777527660131454 889.318722717464 0.3457187563180923 1940.833823390305 4.898312881588936 0 1.81749165058136 2.421852476894855 25.29395224899054 18.45495347678661 0 17.86928078532219 0 1.896676704287529 2.932516269385815 1024.448847465217 198.7223044782877 524.6886461675167 4.928971193730831 1.142952233552933 8.283412113785744 179.3421606421471 1.261994518339634 0 31.99666317552328 8.072424113750458 186.351190187037 391.8959463089705 82.30466227978468 39.26218585669994 18.64928211271763 9.730741709470749 345.49098662287 2.552759379148483
7514.383919164538 12.09219046682119 545.7350262925029 62.2246453538537 28.57633031159639 1568.475388623774 11329.73085723445 10600.10535063967 29.88409781455994 2460.585088659078 516.6215129122138 939.1335562691092 69.9237082451582 12581.2469153367 73.1013643220067 0.1103089302778244 678.8795003220439 145.0070562697947 454.1782602034509 145.9355377182364 383.4386087879539 8.4911769926548 921.5720323771238 130.5823755711317 6.738713651895523 507.5627542808652 197.1880607977509 477.3891272321343 9566.391106817871 3598.733545526862 12.97110256552696 220.470155775547 13.20209253579378 1427.24727223441 39.38313163071871 811.7897553890944 123.8478194251657 1649.481558442116 211.7431821934879 459.0464980453253 201.0338625833392 9.54901971668005 29.89617690443993 2.82446227222681 1.478039510548115 3.917561165988445 1.002052254974842 0 0.1007210835814476 38.32104178518057 3.513222046196461 5.139652922749519 2.787989564239979 2.496569879353046 1.214588172733784 2.594833180308342 4.706687308847904 0 2.868570573627949 0.9177476912736893 0.9315909668803215 4.247787915170193 0 3.291123881936073 1.30304466933012 2.158370710909367 36.51125617325306 0.2789882123470306 7.976949609816074 18.52394373714924 81.26670839264989 7.519617848098278 54.99349427968264 2.505751922726631 0.1835789233446121 0.4277471825480461 1.66618824750185 3.381967276334763 43.31312634050846 1.717596903443336 10.07448345422745 0.8541606515645981 4.535155043005943 0.3719644770026207 3.167291134595871 0.1978376656770706
0.3551369607448578 6.948701627552509 0.3633330091834068 79.95365139842033 906.6434321478009 1030.357602901757 21.95651507377625 118.1424257904291 556.9130522012711 83.83644810318947 8.206678137183189 1686.317986734211 4.080677509307861 73.1013643220067 459.352559030056 0 0.943759098649025 2.159963883459568 2.113013230264187 111.0878487452865 0.1186905205249786 63.74908478558064 0.402516633272171 1451.649815358222 9.39675485342741 5.720541477203369 17.62291203439236 120.8165338784456 15.64983537048101 1.354901999235153 0.1069853082299232 135.550680398941 0.4073939695954323 96.93614162504673 5.525049582123756 95.79916988313198 0.5348534882068634 34.95655554533005 26.86832509189844 2289.744767799973 119.5995784699917 0.3295417129993439 0.3200025111436844 0 0 0 3.34357988089323 0 0.937802791595459 0.3334214761853218 0.09782731533050537 1.503651320934296 15.07698583602905 0.1203919798135757 8.490774266421795 0 0.2183870226144791 2.4333336353302 0.1334498077630997 0 0 0 3.36194871366024 0.1319255530834198 0 0 5.201989971101284 0 0.3239349126815796 0.3164181485772133 5.607231706380844 0 0 0 0 0 0 25.5082368850708 17.92203299701214 0.1421544849872589 0 0.183369979262352 47.35712713003159 0 0 0
0 124.5659903436899 40.02334603667259 0 0 0 4.890413507819176 0.626719243824482 123.6641394644976 0.261045828461647 0.9366592615842819 0.1413248032331467 10.27605240046978 0.1103089302778244 0 2833.425060905516 40.57485289871693 0.8353001996874809 4.326713368296623 0 1445.971021041274 3817.832770034671 2389.056078255177 1861.326000742614 37.66231673210859 52.78642477840185 2202.087219327688 1486.345019631088 1.732315115630627 30.07471991330385 0 0.0984998345375061 0.1164874210953712 50.74524818360806 66.85115950554609 1372.50082924217 240.8589713573456 298.5427518785 362.111825376749 33.67083634436131 0 2.301537752151489 9.328708328306675 0.09814285486936569 25.97635844349861 104.779274135828 0 0 0 5.905763164162636 0.8616277351975441 8.649205066263676 0.1673866659402847 0.9883672073483467 0 0.1299903392791748 1.511436522006989 0 3235.053902491927 10.40674886107445 0.6130383014678955 2.448061771690845 0 676.8890012875199 1293.376840114594 3123.923287421465 109.4053320884705 0.1493141502141953 10.37452826648951 1111.562558434904 154.553570099175 4.71838042140007 148.8221122100949 0 0 0.859895758330822 7.919785372912884 12.38846157491207 206.9072957709432 16.14267420768738 40.33191008120775 36.06830586493015 6.842428795993328 0.6156951859593391 0.3697107285261154 5.992626667022705
167.3804873451591 1166.333844520152 3205.151997841895 0.4685823023319244 3.258762657642365 36.69038624316454 341.8725896552205 277.2663700580597 36.77207827568054 40.1997049972415 508.9228172004223 7.496249087154865 4.019070327281952 678.8795003220439 0.943759098649025 40.57485289871693 2735.808159127831 58.77236636728048 2727.301193594933 1.416598863899708 408.9749105721712 81.3624075204134 2895.833261139691 94.76640501618385 5.353517174720764 2127.775209873915 6343.704541787505 134.6435774564743 556.2065488472581 327.6792247742414 1.46182918548584 26.4549912288785 39.99374797195196 3685.93215854466 30.59730595350266 1890.835992053151 2534.781216233969 2359.3678554371 661.5131621733308 54.05099055916071 4.689745686948299 10.7254741191864 8.978874243795872 0.1206241473555565 144.6599727496505 370.8122868314385 0 0 0.1167761087417603 4.633229337632656 0.851251445710659 0.4897015988826752 0.1779214292764664 13.57371427118778 0.1079564839601517 11.12160283327103 1.940748311579227 0 6.383943147957325 194.2002431824803 18.46987899392843 165.1562691107392 0.1158766895532608 4.810560755431652 11.35359478741884 16.42047093063593 4.687293827533722 7.562423154711723 911.1280630752444 1305.548618175089 6.819068104028702 1.141296751797199 9.549836583435535 12.4318478256464 0.2512944564223289 0 17.65736817568541 5.978803232312202 118.5116078928113 68.75725214928389 47.13480415940285 16.24606159329414 5.638641454279423 2.194242015480995 8.131897702813148 0.5851972103118896
1.680541202425957 21.70849499851465 12.17234431952238 2.228111207485199 27.30697479099035 42.04880271106958 21.62302716076374 84.41718043386936 4.178124152123928 47.48358949273825 3254.713487260044 32.59647065401077 59.56078591197729 145.0070562697947 2.159963883459568 0.8353001996874809 58.77236636728048 65.09615609794855 373.0293768569827 6.316630616784096 2.343969240784645 8.245595090091228 15.74736493825912 25.49679040163755 190.1329648122191 2551.707827918231 667.1259350627661 10.46008495986462 167.9010778740048 13.66804213821888 142.1505646556616 147.3114535287023 0.4725475311279297 1232.047994025052 12.88169049471617 593.4301858246326 1642.069831646979 1444.880668058991 401.4005317389965 10.35497856140137 3.111581683158875 18.43878559023142 3.401198215782642 0.08416559547185898 20.69684322178364 1.159351907670498 0 0 0.403869517147541 1.39234509319067 1.004866778850555 0.25934237241745 0.3794685080647469 51.25774254649878 0.6062756776809692 130.8772796988487 3.307150535285473 0 0 0.480965293943882 19.2433353215456 12.18989806622267 0 0.1918291226029396 0.4432562664151192 0.4779559597373009 2.400250986218452 36.10809198766947 188.814778663218 350.5088865086436 2.227447018027306 2.212245792150497 3.014451660215855 51.64044989645481 0.6286129504442215 0 6.9255430996418 2.17477847635746 16.19406226277351 75.71492204070091 20.99410875141621 5.326430797576904 1.343415074050426 0.3713139295578003 1.73439933359623 0
37.19158495217562 124.4806160703301 236.6229388937354 2.676977291703224 27.35183675587177 66.57975520193577 106.7017944306135 187.527263507247 7.408672019839287 85.45937097817659 1818.244834460318 48.72077620774508 16.7347536534071 454.1782602034509 2.113013230264187 4.326713368296623 2727.301193594933 373.0293768569827 2169.96771004051 10.05491210520267 61.72169248759747 14.20701126754284 405.7011688873172 13.46536336094141 48.66477575153112 1579.100478701293 1595.629880532622 38.48656852543354 451.8153081387281 70.13504319638014 8.723635032773018 201.5641637295485 10.926299251616 5155.568506300449 29.6252975165844 1532.709633417428 1668.083356738091 2408.366943638772 524.8967123255134 43.73319286108017 4.457963928580284 5.393984854221344 6.977710299193859 0.1090589761734009 53.47321406006813 26.04495333135128 0 0 0.6626927629113197 1.552452698349953 0.9183932468295097 0.4840739965438843 0.5122317522764206 27.31312991678715 0.3777004778385162 39.53502181917429 1.589365229010582 0 1.092649295926094 15.85405746102333 23.11464869230986 56.55726847052574 0.1697970107197762 0.5032220333814621 2.47169204056263 2.6771375015378 3.335975714027882 6.775166593492031 353.7607679441571 441.4628025740385 3.680649496614933 1.121006332337856 4.526577107608318 25.6334268450737 0.7543014213442802 0.1098518297076225 8.726092785596848 2.229880154132843 40.84607750922441 47.43112634122372 26.42158643901348 6.000727780163288 3.000150077044964 1.520819813013077 2.383413672447205 1.00947380065918
0.7546674162149429 0 0.3282009214162827 2396.958234034479 6.99350181221962 115.5620453432202 13.6525883115828 218.1143790334463 704.8804506286979 2646.778610102832 16.11334357410669 3201.679204624146 2.688756532967091 145.9355377182364 111.0878487452865 0 1.416598863899708 6.316630616784096 10.05491210520267 811.139308989048 0.08501464873552322 0.4651831388473511 0.800739511847496 381.0031897947192 0 9.184276238083839 2.603119052946568 646.019160144031 55.28862028568983 1.00594138354063 0.3951840177178383 13.82491347193718 0 24.70238915085793 1.7090078368783 85.97407287359238 4.040819056332111 75.59727398306131 16.77179574966431 214.5541928708553 10.39837601780891 0.7041130363941193 1.766083590686321 0 0 0.1833601593971252 64.88130969554186 0.6728197783231735 3.150771096348763 34.31806303560734 2.517680115997791 25.29496800154448 274.3892575129867 0.08515738695859909 112.6556034386158 0 4.721194595098495 16.81142974644899 0 0 0.3191491514444351 0.09953793883323669 47.54029022157192 0 0 0 111.4420083463192 0 0.3571566864848137 0.2493210583925247 175.2566384524107 0.6966462954878807 3.919129326939583 0 0.09022873640060425 0 0.386677511036396 0.1556601673364639 27.00608921796083 0.105444073677063 8.480489313602448 0.2400748282670975 128.2417299076915 1.275557309389114 2.297580003738403 0
135.4118636325002 9.632687874138355 1399.232561044395 0.5433654338121414 0.4449964463710785 12.09606850147247 811.9267075806856 122.5811536461115 79.53828579932451 13.17074831575155 16.35204873234034 1.064065866172314 20.25455497205257 383.4386087879539 0.1186905205249786 1445.971021041274 408.9749105721712 2.343969240784645 61.72169248759747 0.08501464873552322 11401.00511527807 201.2585306316614 13143.52973780036 235.3122703358531 4.721789121627808 82.27295807003975 761.0146258324385 7430.91177444905 399.8644833043218 6973.432137042284 0.6031271368265152 2.854022845625877 60.53379287570715 3334.018771141768 637.5518689453602 9889.134483799338 861.434222869575 7609.056249432266 4093.030062958598 335.5295923426747 10.56734569370747 9.657658159732819 96.52166217565536 0.7038795053958893 3.818279609084129 20.19773471355438 0 0 0.09829094260931015 6.457324422895908 2.112057745456696 19.24303408712149 0 0.9527508467435837 0 0.6331945061683655 3.043725661933422 0 871.9611493423581 9.246730677783489 1.451099663972855 6.032255090773106 0 823.26283300668 281.1724676117301 622.1930727139115 155.2664825245738 0 10.43347311764956 90.26005733758211 327.1679419130087 12.17214024811983 382.7797335907817 0 0 2.54284230619669 10.1784054338932 62.31505667418242 138.2383506149054 8.367961287498474 16.98858734220266 16.65611704438925 8.844984978437424 7.934354767203331 12.56169322133064 0.8501316606998444
2.267415508627892 2067.658815443516 82.69486766308546 0.2091616541147232 0.8888710141181946 0.3468774035573006 8.373024001717567 4.363702669739723 3422.796612113714 0.5342181101441383 4.691279619932175 0 34.61799427866936 8.4911769926548 63.74908478558064 3817.832770034671 81.3624075204134 8.245595090091228 14.20701126754284 0.4651831388473511 201.2585306316614 2381.280105553567 323.7407630011439 7111.379046492279 1446.277010291815 268.807148322463 4239.649522572756 195.2103635147214 13.80073788017035 106.8115207701921 18.12871458381414 1.175329148769379 0.4830575063824654 43.62592159956694 4.92560413479805 134.9101400822401 21.32998446375132 65.22434286028147 13.95707258582115 19.4521769285202 0.2127514481544495 24.33342959731817 0 0.09778305143117905 34.08620357513428 143.7716688141227 0 0 0.1231158301234245 7.534037731587887 0.4168998673558235 11.30099257826805 0 1.067599296569824 0 1.619008228182793 1.239311844110489 0 1061.713753975928 10.24673983454704 0.4227343797683716 2.4459028840065 0 114.2916203737259 301.0179117396474 579.9554596766829 69.2043397128582 1.237423807382584 15.5174501016736 1349.929893948138 63.68190833926201 1.963674530386925 30.68035289645195 0.8446698486804962 0.2099350243806839 0 3.322941988706589 2.532325625419617 75.12592502683401 11.10325617343187 35.15214852243662 15.0688107162714 5.278015583753586 0.1653524190187454 0.659832090139389 1.191497355699539
279.6476770862937 39.12669353187084 14432.63298676908 1.26521061360836 0 31.02459007501602 1001.078878544271 327.5526660457253 19.78311671316624 34.14785253256559 76.85354268550873 2.585702314972878 35.8844967931509 921.5720323771238 0.402516633272171 2389.056078255177 2895.833261139691 15.74736493825912 405.7011688873172 0.800739511847496 13143.52973780036 323.7407630011439 14973.22354194522 563.1208030506968 5.269542798399925 997.4511923193932 13002.06798738241 5371.474502198398 614.9094407483935 2216.3715448156 1.631392389535904 6.959168285131454 52.36599373072386 3629.590657293797 652.8658460900187 12013.74716179073 6924.217991150916 9988.652624756098 8445.992431730032 496.5332384929061 11.6853414028883 29.49295754730701 130.9423851817846 0.8775189444422722 20.09198125451803 562.5025709047914 0 0 0 13.32141155749559 1.213981606066227 2.670295171439648 0.1978375911712646 3.697324499487877 0 0.5739256218075752 2.398635052144527 0 2069.546441994607 11.7097405642271 1.770743638277054 4.3929193764925 0 367.6812625676394 445.2822840958834 2781.713931359351 51.75335778295994 0.1610457301139832 26.58999677747488 1921.107180021703 88.52296882867813 3.439131319522858 82.36911448836327 0.2760652899742126 0.2128775641322136 0.2151926159858704 16.37092179059982 63.22310853004456 236.5251059904695 44.24260845780373 74.20976444333792 67.69163408875465 13.86406680941582 12.07653188705444 22.0417557656765 5.965586364269257
17.15313693881035 431.005830027163 107.3455604538321 1758.696157693863 53.42443314194679 13.41311422735453 820.8846916779876 104.7187404632568 11958.41012649983 1599.083420217037 27.58375085145235 185.9718809351325 30.30470272153616 130.5823755711317 1451.649815358222 1861.326000742614 94.76640501618385 25.49679040163755 13.46536336094141 381.0031897947192 235.3122703358531 7111.379046492279 563.1208030506968 8428.491094209254 309.1245143041015 235.1608877032995 2442.590143494308 8868.521578773856 301.2491353303194 346.4839286804199 3.833628714084625 5.426868706941605 31.51590562611818 113.4587791264057 57.35511379688978 1323.109318844974 101.8945923596621 381.0386584177613 147.1210610419512 405.9552792981267 41.50774412602186 6.938213035464287 15.82560800760984 31.05980414897203 43.48300151526928 81.1944962516427 221.86484246701 2.175656273961067 15.63356205821037 1421.460298784077 147.1805898472667 1379.513742446899 744.0651404112577 14.86591056734324 71.98065233975649 7.104596085846424 194.024023629725 12.31307452172041 510.7336060702801 16.28418087214231 12.58530636876822 10.67764018476009 106.6160042434931 547.8193939179182 407.0109264552593 261.4666995406151 3318.503696903586 2.674676656723022 33.40602511912584 329.9076293632388 4932.075918339193 210.3503760844469 1285.520476914942 2.753839194774628 8.977368868887424 17.7554816827178 64.26218621432781 29.82317914068699 726.6660837009549 18.27335038781166 365.3644135892391 50.2757511511445 251.0322443321347 52.85217735171318 10.81554494798183 8.711682930588722
0 2079.757578492165 3.321726523339748 0.1089586094021797 1.075819328427315 2.766169257462025 14.40596406161785 5.023392476141453 365.1513592526317 1.351773463189602 309.8354102298617 0.817018449306488 3919.631593942642 6.738713651895523 9.39675485342741 37.66231673210859 5.353517174720764 190.1329648122191 48.66477575153112 0 4.721789121627808 1446.277010291815 5.269542798399925 309.1245143041015 1025.441545732319 927.1458358317614 7192.6012012586 18.8981613740325 4.867064923048019 26.58596054464579 315.4943760111928 5.672600314021111 0 94.42186616361141 4.655650302767754 285.7848413214087 434.4094759598374 284.203451924026 32.02508701384068 32.2347015812993 31.20552599430084 1494.529713213444 4.152597948908806 0.08929576724767685 55.72003392130136 1.44258326292038 0 0 0.444098562002182 0.4481315836310387 0.3242248445749283 0.9519835412502289 0.6572378426790237 407.9872471317649 0.18039720505476 1255.276644952595 1.400053314864635 0 3.257302798330784 3.654678277671337 26.91293943673372 17.71295939385891 0.09772933274507523 3.721133798360825 1.857421919703484 0.1635016053915024 2.916949637234211 441.2079585045576 374.2552265450358 976.6270079687238 4.242378786206245 0.4908262565732002 5.557876110076904 98.22287974506617 0.1039921343326569 0 14.01994225382805 0.1253123581409454 103.974034756422 95.82136736810207 38.73146457225084 10.73588794469833 19.73264031112194 4.526796288788319 34.79922321438789 3.749987125396729
42.17813923209906 2704.717182338238 8417.602296635509 3.752121612429619 33.24880097806454 82.3896250128746 315.3004020638764 229.8821055814624 118.3634027391672 111.5544314906001 2263.649819403887 54.1796173080802 402.5713390260935 507.5627542808652 5.720541477203369 52.78642477840185 2127.775209873915 2551.707827918231 1579.100478701293 9.184276238083839 82.27295807003975 268.807148322463 997.4511923193932 235.1608877032995 927.1458358317614 25466.36170417815 20086.76558195055 169.7870142608881 378.1466838754714 75.73631626367569 465.2299851775169 176.9276935309172 4.875067092478275 2439.918666563928 63.03616409003735 3883.587961807847 7245.550108842552 3683.805364087224 961.4664086103439 107.743858166039 7.670427314937115 99.90489821135998 15.31564324349165 0.5717302411794662 771.871187672019 560.9443686231971 0.6742076426744461 0.148190051317215 1.858989775180817 8.769515350461006 11.51660387963057 4.094163872301579 4.77297119051218 425.8247682824731 3.056860014796257 942.570631980896 26.82075588405132 0.0884101465344429 4.031195588409901 450.9629928544164 232.95856436342 770.6880528777838 0.4543018266558647 8.17624731361866 13.28992666304111 21.52016449719667 15.48803281784058 264.8658771812916 4762.002113737166 6158.195422746241 7.012788489460945 11.44025309383869 13.51331958174706 396.6458299010992 7.668512918055058 0.3001275733113289 102.1561957374215 9.660148069262505 356.1555806919932 653.322891227901 317.1553576141596 57.51091101765633 15.41388957947493 6.395182520151138 17.8195426017046 1.385878548026085
21.41002009809017 9973.672396309674 17371.98303338885 6.461230933666229 10.4215374365449 27.50121497735381 457.7845515161753 77.96424259245396 550.2504327446222 66.7009164839983 594.255922883749 14.3743169605732 5438.844157852232 197.1880607977509 17.62291203439236 2202.087219327688 6343.704541787505 667.1259350627661 1595.629880532622 2.603119052946568 761.0146258324385 4239.649522572756 13002.06798738241 2442.590143494308 7192.6012012586 20086.76558195055 29113.32154526561 3357.400291107595 176.8839451000094 97.57456315308809 747.0693292543292 54.84656845033169 5.7446333989501 3842.639119319618 234.5178466364741 8364.754412293434 3847.986142724752 6323.008203752339 2128.544457174838 275.9159080311656 9.270817652344704 100.3031744584441 49.11695228517056 1.484622895717621 2916.357892781496 4098.086814649403 0.1017350181937218 0.7585844993591309 2.493270725011826 70.08162399381399 13.63338351994753 5.625348389148712 4.381937675178051 360.128877364099 2.105228826403618 840.089239358902 23.62064833194017 0.3262222185730934 1144.799821428955 718.7557837814093 193.8916559815407 707.2212035283446 0.413933664560318 69.08127078413963 1494.495664454997 2012.353986777365 74.73097665607929 704.3420770317316 5058.619513332844 18241.63987152278 93.53334012627602 14.52892387658358 39.09677658975124 324.2831225842237 5.785053730010986 0.8276664018630981 153.187396094203 44.93290191143751 953.370312795043 634.7721197605133 622.7404280155897 183.6155621036887 42.00637970864773 15.79153806716204 31.19203840941191 8.438532941043377
66.73856254667044 18.72764155268669 1820.001503899693 4391.091084823012 9.619737654924393 120.5702683329582 9634.059036031365 338.330748707056 1720.652117662132 2189.673026166856 34.23899921774864 591.7102757021785 36.42097445577383 477.3891272321343 120.8165338784456 1486.345019631088 134.6435774564743 10.46008495986462 38.48656852543354 646.019160144031 7430.91177444905 195.2103635147214 5371.474502198398 8868.521578773856 18.8981613740325 169.7870142608881 3357.400291107595 13698.39608784765 1993.353219427168 6809.399990156293 2.055923543870449 16.732232876122 455.3300095573068 707.8182281851768 362.0456671193242 7257.431734703481 347.9984666332603 2725.635036669672 1090.08817268908 253.3425945937634 110.3582667186856 17.54505836218596 60.97915303707123 40.06896395981312 13.72033620625734 63.50311730057001 156.1109039932489 1.73016718775034 10.98276717215776 1150.258859440684 114.4808935746551 471.1443108022213 678.4858875647187 10.6945196390152 80.78168770670891 4.553608492016792 166.0190912932158 5.249967321753502 295.4573755413294 10.0821755900979 10.4406693354249 10.93456964939833 97.49333597719669 467.8540225550532 141.1548583507538 182.2869924604893 2070.451353080571 0.4322671219706535 28.10155473649502 255.1643532887101 3474.442645791918 212.4361608698964 1500.82246055454 1.937156669795513 4.769223928451538 18.73521436750889 65.2408754453063 42.29657313972712 543.629842326045 14.87753764539957 279.3415195941925 40.31058764457703 252.1326661482453 40.65705866366625 33.20635238289833 11.44914153218269
