987.2673849314451 0 9.112777546048164 4.100179061293602 0.5884319543838501 8.815711133182049 1898.866444349289 1449.913163274527 0 44.56101804971695 36.55333525687456 4.515510261058807 0.4688451066613197 5364.674773663282 0.1248786002397537 0.1907205581665039 113.1410516947508 11.80806099623442 86.85233782231808 4.47204976528883 24.49842161685228 0.0950215682387352 18.95705240219831 30.57021156698465 0.328024685382843 116.1421285197139 10.0080882832408 45.05656315386295 2636.724675670266 2863.715130165219 0.570896714925766 10.68691225349903 5.290072962641716 125.1582163348794 0.3115392625331879 6.52991259843111 4.560566015541553 42.69173178821802 2.490288116037846 1.334009334445 1.510173760354519 0 0 0 0.3497028425335884 0.3504734113812447 0 0 0 0 0 0.3846668899059296 0 0 0 0 0 0.3333118259906769 0 0.1331666707992554 0 0 0 0 0 0 0.6725602075457573 0.1003143340349197 0.6907249167561531 0.5044747292995453 0.6967625766992569 0.6980893015861511 0 0.09614347666501999 0 0 0 0 1.156739741563797 0 0 0 0 0 0 0
0 649.3572589308023 219.9762116298079 0.09669308364391327 3.031223684549332 1.357483640313148 0.8776536881923676 1.407781362533569 521.0577440708876 1.633327595889568 50.90879939496517 9.185898050665855 746.7606896013021 2.185317099094391 36.94297107309103 120.8814576417208 168.5516623854637 7.899233683943748 38.79364614188671 0.08438144624233246 12.54556927829981 2897.874564215541 10.97728794068098 1051.107427529991 4606.798080638051 289.5682516023517 4802.566688604653 18.09558507800102 2.330853663384914 1.376763410866261 23.41862341016531 0.2912609279155731 0.3092331290245056 364.6036518290639 0.5782990455627441 88.53589267283678 610.8755603283644 270.2333428114653 40.84583459049463 17.28206034749746 0 429.106607183814 0.8030707836151123 0.1337893009185791 268.2697014063597 181.681945450604 0 0 0.1872677877545357 3.418244794011116 0 3.372271060943604 0.2020728886127472 6.492602132260799 0.1144342795014381 50.0347795933485 0.9390790909528732 0 8.427045360207558 26.64761072397232 4.020071014761925 7.011536009609699 0 0 36.54644522070885 2.729857340455055 6.278461508452892 41.03176355361938 268.4914141371846 1819.167269811034 1.553459241986275 0.1979672983288765 0.91163370013237 14.66797817498446 0 0 7.662888407707214 0 36.24560964852571 48.06324424594641 31.98892059922218 9.912404023110867 0.869065523147583 0 4.174572080373764 0
9.112777546048164 219.9762116298079 7197.602774895728 1.758991412818432 0 27.14029970020056 707.2895942628384 221.4590213894844 3.432918578386307 115.0943299457431 5.710409261286259 1.277470581233501 0.7690308839082718 128.1772756353021 0.08147769421339035 11.18370350450277 4646.282892376184 14.59303855150938 181.2970019206405 0.2011469155550003 568.8668921068311 81.38413537293673 11463.2474751994 52.89581187814474 2.492646783590317 7046.18363238126 8643.225206449628 306.0758820101619 36.38709582388401 177.3815242946148 1.495326496660709 1.623371213674545 5.17617554217577 655.061210937798 9.581270426511765 2956.640867717564 7675.662075854838 2057.109188005328 706.1412076205015 92.35836723446846 16.99224432557821 48.62230576574802 11.42641269415617 2.400038868188858 472.4213200807571 3263.383911497891 0 0 0.9784462749958038 51.50039111077785 9.843549638986588 2.737861000001431 0.8190422207117081 2.065187931060791 0 0.7030537724494934 15.39569041877985 0 44.78384274244308 231.2703250646591 2.561650864779949 26.11044207215309 0 20.01339014619589 115.0484939962626 211.4457894787192 15.40835765749216 3.193694919347763 382.4755289778113 5756.259316019714 24.2321617975831 3.688747145235538 11.09288349747658 1.311776041984558 0 0.3742872178554535 40.83217731118202 4.364003017544746 310.721302010119 259.0241936668754 230.0135228335857 62.34111143648624 6.342019617557526 0.1690203547477722 0.7824534773826599 0
4.100179061293602 0.09669308364391327 1.758991412818432 1409.414645582438 2.404834553599358 28.86692892760038 150.8307074457407 19.03160614520311 111.6819539293647 1478.685304217041 2.812681175768375 2424.493969596922 0.7688182815909386 22.54218067973852 33.42614682763815 1.933976322412491 0.6553746461868286 1.313915640115738 0.8894913569092751 2786.617082245648 4.755561880767345 0.6376338601112366 0.4269237220287323 1359.455991923809 0 5.805760353803635 2.450250521302223 2413.597157895565 161.7503544390202 1.436177648603916 0.2984792739152908 4.176088370382786 10.06781244277954 44.79564706236124 3.129857361316681 168.3251003026962 2.508408419787884 93.10976799577475 25.91703679412603 147.2999032512307 14.8429302200675 3.829451568424702 3.531028866767883 0 0.5787581354379654 0.1979721933603287 80.94835752248764 0 1.770761653780937 78.08572631329298 2.834583476185799 57.22797621041536 76.42669222503901 0.3568722605705261 37.1518090814352 1.672887444496155 1.280775249004364 3.370065793395042 1.793126195669174 0 0.2639116942882538 0 47.83482743799686 0 3.083141043782234 0.8514572381973267 234.8124415352941 0.2678830027580261 0.3120862543582916 3.271456450223923 141.3892293125391 1.842921905219555 2.488922312855721 0 0 0 2.387651950120926 0.257077157497406 16.70906735956669 0.3584849238395691 7.80647761374712 0.1969320774078369 68.34392176568508 1.371246218681335 0 0.8265935778617859
0.5884319543838501 3.031223684549332 0 2.404834553599358 211.1325357183814 893.6254792138934 2.570216208696365 52.50214411318302 119.4766965433955 11.88946678489447 5.033816196024418 256.4414352029562 1.188847132027149 3.422719441354275 1456.186166189611 0 0 1.04075725376606 0 11.64370479434729 0 6.766631551086903 0.1840197294950485 42.58243437856436 0.6262074336409569 1.154115617275238 2.286447398364544 4.332453340291977 232.5096370726824 1.015040084719658 0.3949849531054497 379.4163425415754 0.0894300639629364 263.4638920649886 0 33.62948521971703 2.055961027741432 124.1664931848645 72.45467721670866 2429.556575000286 166.3159317821264 3.274023309350014 0 0 0 0.1414157003164291 0 0 0 0 0 0.3032433986663818 0.26078861951828 0 1.820148140192032 0 0 0 0.1287790238857269 0 0 0 0 0 0 0 3.290104150772095 0 0 0.3461583256721497 0.8743123710155487 0 0 0 0 0 0 0 1.152752757072449 0 0 0 4.311390042304993 0 0 0
8.815711133182049 1.357483640313148 27.14029970020056 28.86692892760038 893.6254792138934 12409.80168632418 2460.530732214451 4925.500110298395 207.3250895440578 6915.004201058298 154.3142045885324 2311.963326886296 18.0684814453125 734.357270129025 1721.259097509086 0.8799595460295677 16.44346394389868 35.89807441830635 28.56671150773764 201.0149479284883 34.66358252614737 3.24946341663599 8.980389855802059 99.99070634692907 1.04690158367157 136.1706079617143 61.37247362732887 443.5403633788228 575.5156490579247 34.1872119307518 8.343010604381561 975.5630840659142 3.441428326070309 511.2258856073022 2.471019953489304 326.8590608611703 31.70268493890762 717.5946144387126 249.4065873026848 2488.749940440059 213.2886663153768 10.45970556139946 4.357273824512959 0 0.2677505239844322 1.133974075317383 1.38681598752737 0 0 2.459563404321671 0.4558909684419632 2.330568633973598 1.702932581305504 0 12.13572283834219 0.2589415311813354 0 0 1.176189430058002 0 0 0.375607818365097 1.523241341114044 0.09650512784719467 0 1.134527832269669 10.37770792096853 0.1930411010980606 2.590009219944477 4.331946276128292 12.13470961898565 0.1948963701725006 1.136098355054855 0.1106329560279846 0 0 0 0 13.93439667671919 0.1032126694917679 0.5864317044615746 0.1411251872777939 8.479422390460968 0 0 0
1898.866444349289 0.8776536881923676 707.2895942628384 150.8307074457407 2.570216208696365 2460.530732214451 9919.415411777794 4174.671274468303 24.97656529396772 9050.820509053767 48.26126961410046 30.51994957029819 3.947085171937943 6566.907351516187 4.741478830575943 54.41816023737192 457.4222382977605 33.46847626566887 217.4155322164297 34.35365419089794 1582.975461743772 9.126398861408234 467.4264709502459 936.6877330988646 0.1887303665280342 1374.209351658821 141.4106603041291 18826.25728750974 1167.944198302925 3415.883167602122 3.09303592890501 26.01910198479891 68.31774078309536 337.9479139149189 10.85034362226725 1002.075492843986 71.48114529252052 867.7746166810393 282.7237438857555 198.6675870344043 91.51517073810101 3.613553524017334 14.9941880106926 0 2.399671331048012 13.60083732753992 20.17735543102026 0 4.35541433095932 101.6714240014553 2.688509337604046 40.12632720172405 21.46402477473021 1.013327986001968 4.241423666477203 0.2013979405164719 11.58155730366707 0 13.95313160866499 1.891617991030216 0.5762483179569244 1.189271710813046 11.40431381762028 1.974441133439541 4.715896911919117 10.17644834518433 197.5175800174475 0.488939993083477 11.87205853313208 42.09620122611523 221.1135627105832 22.65478438138962 19.85377601534128 0.2253641039133072 0.3019471019506454 1.406781017780304 7.931739345192909 0 85.25329222530127 3.178394570946693 11.29381783306599 1.907443672418594 39.24650096893311 1.794544443488121 0.5383493304252625 0.6554816961288452
1449.913163274527 1.407781362533569 221.4590213894844 19.03160614520311 52.50214411318302 4925.500110298395 4174.671274468303 5559.161642640829 11.0825118124485 3765.492035411298 429.5720055699348 779.0104337185621 22.52719371765852 3791.455374650657 159.0644776970148 4.230883628129959 649.7265590205789 120.7647612914443 577.6655577868223 138.5776018574834 273.2750755622983 0.370613232254982 142.1836863979697 143.8734534978867 2.212208166718483 1229.300126072019 112.7928447723389 358.5037866905332 956.028361428529 1719.486486338079 9.413799598813057 883.8271718993783 11.74203640967607 927.5865930840373 3.452402986586094 779.0359554514289 62.19386105239391 769.5637790635228 371.552552267909 908.1357572749257 101.6712580472231 29.00029830634594 9.582637846469879 0 1.143735572695732 2.626197017729282 0.5306943655014038 0 0.694555401802063 3.140289969742298 0 2.827950365841389 0 0 4.354197345674038 1.067704312503338 0.5305124670267105 0 2.185689926147461 0.2782537937164307 0 1.487143963575363 0.2588686347007751 2.000534668564796 0.1412040889263153 1.203774712979794 14.41488674283028 0.6292228922247887 6.867607869207859 16.89481790363789 13.27620095014572 0.5430285483598709 1.68534678965807 0.3723996356129646 0 0 0.907077357172966 0.3536781668663025 26.19022773206234 1.428697869181633 2.330079965293407 0.2746781781315804 0.7598937898874283 0 0 0
0 521.0577440708876 3.432918578386307 111.6819539293647 119.4766965433955 207.3250895440578 24.97656529396772 11.0825118124485 806.4244344681501 126.4502045512199 2.080090150237083 655.5990314483643 20.50393922626972 5.832011848688126 933.141230918467 62.71141953766346 7.093127362430096 1.021859101951122 1.109111770987511 237.2669434919953 21.23913744091988 1705.352915510535 8.37683229893446 8171.941467106342 207.1925157904625 10.44316575676203 397.0107479617 392.3796120285988 13.24593252688646 42.41546807438135 0.8860433250665665 1.392844542860985 2.194024905562401 15.40889280289412 1.354649007320404 286.7784132063389 14.8193798661232 19.81219393014908 6.750975616276264 397.3810490742326 0.4026129841804504 2.730267375707626 0 1.028327830135822 8.784781381487846 7.623993754386902 63.76995471119881 0.2820553928613663 5.66877207159996 63.38202334940434 7.763842910528183 140.8694746345282 46.42793799936771 1.162543341517448 32.6945207118988 1.491076283156872 11.88250876963139 8.519830889999866 153.9569983109832 1.474617004394531 1.217696309089661 1.098053283989429 38.60360060632229 46.45115767419338 28.863266274333 8.647734619677067 1050.630173332989 0.3166545927524567 3.507159650325775 31.7311000674963 382.2395732179284 45.34478504955769 62.62992883473635 1.298093296587467 1.019814655184746 2.044765919446945 8.537455298006535 0.4362373352050781 43.55335406213999 3.00995995849371 17.9106942564249 4.505139410495758 52.48005716502666 5.649963483214378 0 0.5052400827407837
44.56101804971695 1.633327595889568 115.0943299457431 1478.685304217041 11.88946678489447 6915.004201058298 9050.820509053767 3765.492035411298 126.4502045512199 28287.52584280074 109.3078338652849 2435.069269113243 12.49969969689846 1507.761515088379 77.40677136182785 7.135505266487598 34.55350328236818 34.92554026097059 31.46138768643141 2170.816745109856 181.9340375289321 0.6417438685894012 34.18746477365494 616.1239105984569 1.251625739037991 272.1834231317043 78.237110927701 4808.889969274402 2328.80256433785 84.96395958214998 8.089803136885166 84.52631740272045 39.53770449757576 677.6517564952374 19.20761634409428 1330.427982829511 55.50674400478601 1692.612939223647 324.0158943831921 448.3745306283236 143.9680747538805 9.228099808096886 30.19422589242458 0.5496562123298645 2.232744604349136 4.198150336742401 129.1231869384646 0 4.385989978909492 146.0496143326163 5.259342417120934 77.69799143821001 118.7733644023538 4.070972561836243 320.9592140987515 0.103486105799675 6.706838190555573 1.359934985637665 4.982605092227459 0.1207137480378151 0.07809286564588547 0.1148012056946754 83.38464558124542 1.153034597635269 2.844817787408829 2.192477285861969 468.1337144076824 0 4.415771745145321 12.75689012557268 287.5508042648435 7.658351480960846 4.075505621731281 0 0 0 4.576037660241127 1.50925549864769 91.25430445373058 1.477838583290577 14.39790640771389 1.202864423394203 107.3667003363371 2.761473298072815 0 0
36.55333525687456 50.90879939496517 5.710409261286259 2.812681175768375 5.033816196024418 154.3142045885324 48.26126961410046 429.5720055699348 2.080090150237083 109.3078338652849 7503.152698040009 107.5852855667472 1613.729284785688 364.6020761653781 1.730672344565392 0.8321895748376846 263.1792565137148 2483.507629677653 510.6444983184338 21.76395308226347 18.72060666978359 4.573173820972443 64.9748367369175 25.20684902369976 327.0728551000357 1242.526180319488 607.2081780955195 22.52956402301788 549.2567842975259 161.1979266554117 405.4379702955484 143.1446725055575 32.65635696053505 9813.601155363023 8.639860324561596 653.6063222140074 4083.01350864023 3240.71203840524 778.8916579261422 24.39789633452892 37.7697457447648 699.3277396708727 4.381497845053673 0 48.19408778846264 2.02457757294178 0.1469923853874207 0 0.08994016051292419 2.904113918542862 0.2706239297986031 0.3066756874322891 0 74.93932390958071 0.4989516213536263 467.5841576978564 0.3410730883479118 0 0.9720198810100555 0.9789405465126038 24.78364990651608 8.087236769497395 0 0.3316364139318466 2.703984096646309 0.3170192390680313 4.82466246932745 237.3827775344253 104.5512449070811 130.3722636774182 6.073572270572186 0.7922450453042984 1.048943072557449 50.0308101773262 0.07577408850193024 0 1.414276480674744 1.813222482800484 31.0732993260026 313.4540034383535 12.53970215469599 0.7617631182074547 0 0 49.20520006865263 0
4.515510261058807 9.185898050665855 1.277470581233501 2424.493969596922 256.4414352029562 2311.963326886296 30.51994957029819 779.0104337185621 655.5990314483643 2435.069269113243 107.5852855667472 6532.397508427501 11.55441354215145 467.0296695828438 1946.050783038139 0.3168324828147888 2.204045914113522 25.09011102467775 13.39574605971575 3089.428129836917 0.9077571108937263 24.59125143289566 1.020952731370926 956.293906159699 4.409033812582493 55.96301639825106 55.45691034942865 398.115743689239 586.3834350779653 9.72629888355732 4.320754274725914 107.0506672486663 0.9041328206658363 363.6903066113591 30.49996365606785 242.9731570333242 19.47437527775764 735.7100773155689 103.5972502604127 2765.562916666269 30.25592263042927 3.793506287038326 5.039572216570377 0 1.187513954937458 0.1308538317680359 140.6644908562303 0 4.064923353493214 31.87367819994688 1.821550659835339 45.44094451516867 94.11737246066332 0.9565485790371895 186.0803009271622 0.2943648546934128 0.3984730988740921 9.735706612467766 1.9933962225914 0 0.09307661652565002 0.1999662071466446 89.00605727732182 0.6682100147008896 2.064673840999603 0.1426950991153717 342.5378066822886 0.2123866751790047 1.203151643276215 4.145843908190727 93.6600349843502 2.047968424856663 0 0.367252916097641 0.1289349943399429 0 1.689004495739937 0.602333128452301 18.48622769117355 0 3.51508342474699 0 411.1760465279222 0.9757591262459755 0.0856369361281395 0
0.4688451066613197 746.7606896013021 0.7690308839082718 0.7688182815909386 1.188847132027149 18.0684814453125 3.947085171937943 22.52719371765852 20.50393922626972 12.49969969689846 1613.729284785688 11.55441354215145 3607.103460155427 18.92382131516933 1.058686099946499 2.013119585812092 3.189833849668503 75.59585768729448 18.85030124336481 1.764634497463703 0.5474386140704155 98.6526932194829 1.337770469486713 35.01360825449228 3053.517395377159 285.8159211501479 2826.552720211446 3.747706636786461 17.78890869766474 4.506212711334229 281.4304259940982 14.96081252396107 0 4433.563853725791 2.025579333305359 551.4886163249612 4237.202632956207 1804.986906819046 422.0233955010772 4.040680758655071 90.097926042974 1606.00986597687 0.8869831413030624 0.451570451259613 304.0190476775169 1.417165264487267 0 0 0.3399035409092903 1.100918792188168 0.4092419221997261 2.34312579035759 0.4254334196448326 306.2149721309543 0.3959578573703766 2865.687572151423 1.676720038056374 0.2221784293651581 0 1.841901354491711 105.9355335533619 24.175557769835 0 0.2370192036032677 11.63849180191755 0.2896101772785187 3.732819527387619 1271.831540428102 473.9400727823377 775.1731840446591 0.4778028801083565 1.142757505178452 0.73641537129879 384.9158857241273 0.1936471313238144 0 9.105208300054073 2.287196829915047 29.88585904240608 928.572531670332 40.36691923439503 3.000726334750652 0.3191894963383675 0 118.9486412927508 0.1231238394975662
5364.674773663282 2.185317099094391 128.1772756353021 22.54218067973852 3.422719441354275 734.357270129025 6566.907351516187 3791.455374650657 5.832011848688126 1507.761515088379 364.6020761653781 467.0296695828438 18.92382131516933 8325.348258383572 13.21248622983694 2.740515492856503 608.1742696389556 109.24359960109 499.1283728480339 98.91357758641243 203.112981826067 0.8496429547667503 131.0398107469082 159.4821181371808 1.901415012776852 965.0551564395428 129.4934417456388 200.5693335309625 6793.298474244773 3997.00281175971 10.15813471376896 173.5645934939384 11.588399335742 986.9542570263147 2.997464537620544 480.4274558871984 46.80541314184666 665.8111460283399 109.0149755999446 176.2928227707744 68.5465606674552 6.097998671233654 4.493387393653393 0 1.363789491355419 1.833450824022293 1.17021232843399 0 0.5211918950080872 7.116323083639145 0 2.269614554941654 0.972811222076416 0 1.980219915509224 1.145869590342045 0.4851861298084259 0 3.072687678039074 0.5007152035832405 0.297419361770153 0.6656123548746109 0.2781162261962891 0.109931506216526 0 0 13.04995571821928 0.4506609663367271 5.498417943716049 16.00284267216921 13.66233743727207 3.397703483700752 0.9234140962362289 0.3876041993498802 0 0 0 0 17.70702563226223 1.107763543725014 1.704927712678909 0.7912277057766914 1.023740530014038 0.8435000777244568 0 0
0.1248786002397537 36.94297107309103 0.08147769421339035 33.42614682763815 1456.186166189611 1721.259097509086 4.741478830575943 159.0644776970148 933.141230918467 77.40677136182785 1.730672344565392 1946.050783038139 1.058686099946499 13.21248622983694 838.8898216634989 0.5575726628303528 0.949752539396286 0.3956125602126122 0.1040425598621368 146.6012693420053 1.215220719575882 108.5732991397381 0 829.9008207321167 13.29416611790657 1.65081725269556 38.42910564690828 41.6837959587574 4.97212976962328 0 0.2887301594018936 385.269401371479 0.1182336360216141 3.963417157530785 2.22543928027153 29.56913139671087 0.6534175053238869 11.56857072561979 2.593511112034321 1640.387139484286 19.31070765852928 0.1341559737920761 0 0 0.8006330877542496 0.8770661577582359 7.214219503104687 0 0.1525727361440659 1.053115338087082 0 9.497946113348007 3.039072841405869 0 11.6372020021081 0 0 0 1.467005282640457 0.2258709222078323 0 0 4.87432399392128 0.7095878720283508 1.853992223739624 0 16.08424888551235 0 0.1325931996107101 1.880895845592022 3.723610781133175 0 0.9375799298286438 0.1100578159093857 0 0 0.497336357831955 7.130831480026245 0.4035797119140625 0 0 0 54.46483859419823 0 0 0
0.1907205581665039 120.8814576417208 11.18370350450277 1.933976322412491 0 0.8799595460295677 54.41816023737192 4.230883628129959 62.71141953766346 7.135505266487598 0.8321895748376846 0.3168324828147888 2.013119585812092 2.740515492856503 0.5575726628303528 4260.964647054672 35.57018428295851 0.6404614299535751 2.807988427579403 0 4112.984149411321 2446.685039132833 5008.908942088485 1332.040706701577 17.99777972698212 5.947841428220272 4854.972652755678 1193.147059887648 44.3345195427537 262.4052074030042 0.105818971991539 0.4708667695522308 20.97964372485876 135.9983530566096 28.47453056275845 2795.84289316833 518.3422075733542 514.4730033352971 537.8291316702962 35.12305883318186 7.381591886281967 3.052995629608631 12.24898368865252 2.328461155295372 10.98390625417233 35.37775885313749 0.5440216660499573 0 0.1009415164589882 10.57374672591686 1.255737885832787 40.44520951807499 4.762587748467922 0.7610956579446793 0.4086268544197083 0.7231973856687546 9.161027006804943 0.5601545199751854 3956.444612011313 7.772678822278976 0.6186507940292358 4.042162738740444 0 811.4449852630496 1249.250743709505 1885.957752436399 277.8000153377652 0.1395456492900848 4.769290633499622 815.4530765414238 375.6406043097377 69.97990760207176 172.051236756146 0.09974944591522217 0.2775157243013382 10.93329662084579 16.54649449884892 3.72368711233139 87.23103074729443 4.623483456671238 25.37147578597069 6.986839279532433 10.58721827715635 0.1217029392719269 0 0
113.1410516947508 168.5516623854637 4646.282892376184 0.6553746461868286 0 16.44346394389868 457.4222382977605 649.7265590205789 7.093127362430096 34.55350328236818 263.1792565137148 2.204045914113522 3.189833849668503 608.1742696389556 0.949752539396286 35.57018428295851 514.2503893598914 222.688033990562 3388.560118928552 0.8418696969747543 2592.319805853069 106.9889600798488 2007.028766050935 59.87241494655609 9.158135905861855 2398.596932925284 8067.521503731608 109.3949428871274 451.8311930149794 2578.900528378785 0.7184716165065765 3.415576361119747 18.96409038454294 1125.970897063613 1.891279965639114 420.132747143507 2738.609653666615 557.9454880952835 163.8082995712757 6.775944761931896 1.217122301459312 25.71870866417885 1.517033457756042 0 61.20229841768742 232.4455897286534 0 0 0 0.9480515196919441 0.160446435213089 2.311055295169353 0 0.7151233032345772 0 1.891397014260292 0.7598903700709343 0 24.30247005820274 53.91506867110729 1.562498331069946 19.23186866939068 0 20.77280827611685 9.845040015876293 4.644476488232613 8.217565804719925 4.603863671422005 320.617044351995 671.9724755808711 13.03741776943207 3.04066850990057 13.26641853898764 0.5802694037556648 0 1.454181969165802 5.118928298354149 1.392665296792984 46.72648746520281 116.6038597375154 34.60407184809446 9.131161838769913 0.6721834391355515 0 0.788737416267395 0
11.80806099623442 7.899233683943748 14.59303855150938 1.313915640115738 1.04075725376606 35.89807441830635 33.46847626566887 120.7647612914443 1.021859101951122 34.92554026097059 2483.507629677653 25.09011102467775 75.59585768729448 109.24359960109 0.3956125602126122 0.6404614299535751 222.688033990562 598.0904886201024 1329.910143628716 5.879824951291084 7.768463663756847 1.147908411920071 15.40798270702362 7.747735522687435 42.49471186101437 2451.236089453101 760.7918040454388 6.613028690218925 130.2159305214882 42.00038280338049 72.43299547582865 24.75251354277134 5.797617971897125 1022.604627400637 1.738923870027065 679.5153087973595 1021.924321129918 1140.351144574583 450.7390100136399 5.488076776266098 1.12823985517025 11.26508310437202 2.23015183955431 0.2146567776799202 15.50765059143305 0.5206034034490585 0.1066408008337021 0 0 0.4628360122442245 0.07843292504549026 0 0.08904261887073517 6.498699739575386 0.1068906038999557 48.25151025503874 0.2863671779632568 0 0.6017017588019371 0.941030815243721 21.34008822590113 19.63678946346045 0 0.292402908205986 0.4542421475052834 0.2321295961737633 1.073045611381531 80.93904581665993 180.4624827206135 182.2495590001345 1.121425800025463 0.9307448118925095 0.295885443687439 21.69814752787352 0 0 1.051016010344028 1.302582055330276 33.25050730258226 21.35503520071507 5.65229208022356 0.8769844621419907 0.135073646903038 0 1.325214803218842 0
86.85233782231808 38.79364614188671 181.2970019206405 0.8894913569092751 0 28.56671150773764 217.4155322164297 577.6655577868223 1.109111770987511 31.46138768643141 510.6444983184338 13.39574605971575 18.85030124336481 499.1283728480339 0.1040425598621368 2.807988427579403 3388.560118928552 1329.910143628716 1140.637875527143 2.655149921774864 98.34626984596252 4.430538132786751 77.78001722693443 10.30316327512264 70.67927665263414 4446.062936276197 1940.580264285207 18.67517572641373 393.49761544168 388.8672974929214 8.788741163909435 12.98921731859446 15.74745001643896 1481.778099358082 0.9132107496261597 318.4423680528998 2138.338929489255 649.2215889692307 151.0900854468346 3.977235622704029 0.4238867685198784 17.9915845990181 0.6075551807880402 0.1486992388963699 57.00875103473663 26.23164240270853 0 0 0 1.342254176735878 0.5270725935697556 0.7560857236385345 0 2.586718708276749 0 17.48157240450382 1.062535062432289 0 4.558053448796272 20.40237271040678 17.99310843646526 99.10083717852831 0 3.686345785856247 0.8722183704376221 1.003527484834194 3.009946554899216 68.74484627693892 807.2506227642298 891.2770160138607 2.343003548681736 0.58295077085495 1.773118793964386 13.41014011204243 0 0.1659817546606064 5.658113189041615 1.111506566405296 29.91953763365746 138.2938801050186 21.00956758856773 6.23205541074276 0 0.492909163236618 2.350588425993919 0.2845346331596375
4.47204976528883 0.08438144624233246 0.2011469155550003 2786.617082245648 11.64370479434729 201.0149479284883 34.35365419089794 138.5776018574834 237.2669434919953 2170.816745109856 21.76395308226347 3089.428129836917 1.764634497463703 98.91357758641243 146.6012693420053 0 0.8418696969747543 5.879824951291084 2.655149921774864 561.8034370094538 0.5069540143013 0.2526524215936661 0 869.1668291389942 0.382079154253006 10.0717743486166 10.2054020985961 2021.59888382256 261.5417108908296 2.824058689177036 0.4287329465150833 11.65266147255898 3.754631340503693 94.31429020315409 3.75274795293808 228.4900016561151 6.930222861468792 259.1098240092397 56.20397535711527 541.4496802538633 24.18887405842543 0.1406553685665131 5.115335278213024 0 0.09411297738552094 0.7113161534070969 80.41158407926559 0 2.636690981686115 60.95710106194019 0.2866377383470535 41.97488570213318 65.61501936614513 0.723771259188652 80.76770466566086 0 0.3034065663814545 1.048318147659302 1.279735594987869 0 0.6854632496833801 0 52.90021440386772 0 0.4041910469532013 0.2906571328639984 284.442238651216 0 0.1918625682592392 0.4828307330608368 140.3677323386073 3.381926789879799 1.888164818286896 0 0 0 0.1176392808556557 0 25.70826835930347 0.7552304267883301 2.898617759346962 0.9553155899047852 146.3767866715789 1.304589800536633 0 0.1732744723558426
24.49842161685228 12.54556927829981 568.8668921068311 4.755561880767345 0 34.66358252614737 1582.975461743772 273.2750755622983 21.23913744091988 181.9340375289321 18.72060666978359 0.9077571108937263 0.5474386140704155 203.112981826067 1.215220719575882 4112.984149411321 2592.319805853069 7.768463663756847 98.34626984596252 0.5069540143013 10039.44487354159 176.6091960221529 11536.5369194746 322.7092242240906 4.660016506910324 515.1807513013482 402.5104223564267 3669.697596736252 137.7635006085038 8869.288992747664 0.5266082808375359 2.04139269143343 43.23046663403511 4115.736726954579 131.3985399901867 6382.100400164723 589.1557371541858 4738.635908804834 2121.695924855769 66.97589445114136 21.14878749102354 4.396752774715424 36.86407435685396 1.202144034206867 1.645063564181328 4.213097080588341 0.3338821977376938 0 1.935149841010571 3.466494388878345 1.31425416469574 17.02934558689594 0.2675525099039078 0.7979616820812225 0 0 5.853707298636436 0.6790366321802139 888.9592241421342 4.461635060608387 0.9210825264453888 3.684280835092068 0 624.5910455957055 206.9647094011307 159.9801710322499 166.8257091343403 0 4.066378697752953 26.6365077868104 263.4879460483789 66.63948129117489 171.3479184359312 0.1472965627908707 0 11.55731641501188 14.27798429876566 3.444384001195431 57.12215283513069 4.477012991905212 13.17481128871441 1.888501986861229 9.460377171635628 1.046771392226219 0 0.1517919600009918
0.0950215682387352 2897.874564215541 81.38413537293673 0.6376338601112366 6.766631551086903 3.24946341663599 9.126398861408234 0.370613232254982 1705.352915510535 0.6417438685894012 4.573173820972443 24.59125143289566 98.6526932194829 0.8496429547667503 108.5732991397381 2446.685039132833 106.9889600798488 1.147908411920071 4.430538132786751 0.2526524215936661 176.6091960221529 1952.830657280982 434.3323992863297 6755.125024288893 883.9881762042642 31.31501688808203 3179.365938588977 160.6564505770802 3.963836997747421 14.25093211978674 4.603342920541763 0.1165762767195702 1.719533644616604 57.23312788456678 1.720086693763733 211.3193171992898 194.1756237894297 175.1921660751104 57.97581997513771 65.40642362833023 1.135811328887939 17.10917077213526 0 0 83.61152146756649 275.6658255755901 0.22613225877285 0 0.2467100918292999 6.311935864388943 0.3904866874217987 20.95119519531727 0.552491620182991 0.4277199655771255 0 7.391137316823006 0.6670012325048447 0.1196929514408112 1750.996980279684 15.94943066686392 0.5217331945896149 1.552101776003838 0.3550371080636978 164.519854709506 316.357570156455 777.077488809824 89.1641161814332 3.072709567844868 19.02015550434589 2572.633068881929 59.1314702630043 4.232717595994473 9.454828761518002 1.222482487559319 0 0.5895986557006836 4.198688603937626 0 32.09815922379494 12.46494027227163 26.17182050645351 7.672293834388256 3.099044919013977 0.773492693901062 0 0
18.95705240219831 10.97728794068098 11463.2474751994 0.4269237220287323 0.1840197294950485 8.980389855802059 467.4264709502459 142.1836863979697 8.37683229893446 34.18746477365494 64.9748367369175 1.020952731370926 1.337770469486713 131.0398107469082 0 5008.908942088485 2007.028766050935 15.40798270702362 77.78001722693443 0 11536.5369194746 434.3323992863297 11253.68732649833 535.0675415620208 1.273739367723465 1420.181056275964 10631.19339785725 2371.851984962821 105.7045789957047 3032.822559967637 0.8338870108127594 2.218281514942646 30.53429661691189 4242.649391137064 142.0525576099753 13110.40331573039 5869.867824047804 8571.324368968606 6174.972377702594 332.6871230825782 38.81316648423672 19.66318558901548 83.52759763598442 0.4549520611763 15.78681384772062 243.8576784953475 0 0 0.3352780640125275 6.353541553020477 1.472576536238194 6.338862515985966 0.3985858857631683 0.2882855534553528 1.190814107656479 0 3.184897251427174 0.1717215478420258 1926.840514972806 9.937702015042305 0.4259463027119637 3.31039310246706 0 253.663354948163 437.3854902386665 1229.470430210233 52.57672829180956 0.1989149153232574 23.87544633448124 1434.67569604516 83.7805450707674 12.80647230148315 37.95351661741734 0.1147119328379631 0 1.636048913002014 6.92423228174448 6.952794030308723 81.84926570206881 13.04766378551722 16.23567037284374 7.624522589147091 2.603948995471001 1.308071374893188 1.045129209756851 0
30.57021156698465 1051.107427529991 52.89581187814474 1359.455991923809 42.58243437856436 99.99070634692907 936.6877330988646 143.8734534978867 8171.941467106342 616.1239105984569 25.20684902369976 956.293906159699 35.01360825449228 159.4821181371808 829.9008207321167 1332.040706701577 59.87241494655609 7.747735522687435 10.30316327512264 869.1668291389942 322.7092242240906 6755.125024288893 535.0675415620208 7674.360851079226 307.2198773920536 66.18459901958704 2595.90535851568 9072.27761696279 1512.031146906316 1093.125243030488 2.757763758301735 21.42857202142477 299.1959648951888 602.0407695025206 51.82299057394266 2548.775824256241 108.9410152733326 1274.089943744242 558.9883945137262 834.0001722872257 137.9959704503417 15.81544931977987 25.72669241577387 19.6366786211729 26.10951082408428 51.07583054155111 455.4717537760735 1.662245951592922 30.12905808538198 754.7658319547772 56.88732791692019 1759.731769822538 405.1599586308002 20.79020708054304 162.6965786740184 5.866670772433281 151.1105194091797 25.62746103852987 469.5631078481674 8.036468826234341 7.372802495956421 6.386062756180763 310.1771913692355 197.2611149549484 136.624786041677 80.01283495873213 4664.468622207642 1.788086250424385 19.80244841426611 237.0840205848217 3218.709365777671 455.4918357804418 565.2265995070338 3.02929400652647 8.092170558869839 16.82360481470823 81.11754503846169 9.102367632091045 530.930675521493 23.96672098338604 202.9405509829521 29.3635081499815 599.7723274901509 48.89394572377205 4.977945998311043 5.32976658642292
0.328024685382843 4606.798080638051 2.492646783590317 0 0.6262074336409569 1.04690158367157 0.1887303665280342 2.212208166718483 207.1925157904625 1.251625739037991 327.0728551000357 4.409033812582493 3053.517395377159 1.901415012776852 13.29416611790657 17.99777972698212 9.158135905861855 42.49471186101437 70.67927665263414 0.382079154253006 4.660016506910324 883.9881762042642 1.273739367723465 307.2198773920536 1609.334231242537 332.5355572924018 1915.102520532906 5.471937395632267 3.773867182433605 0.3826350942254066 122.2354290783405 0.8853513896465302 0.1161766573786736 2626.136753886938 0.2984567582607269 243.4181116446853 1537.811520308256 618.4791128635406 163.2563314959407 9.023406960070133 18.08774593472481 1894.730657748878 3.35471823066473 0.9686547368764877 1080.360578194261 3.267876997590065 0.3923620879650116 0 0.3609810322523117 1.073344439268112 0.1016963422298431 2.979947857558727 0.2245550602674484 139.166496515274 0.5347258895635605 1242.993232928216 1.537640005350113 0.1247899904847145 0.08121949434280396 3.446223579347134 82.94017661362886 84.16145811229944 0 0.3303673043847084 5.440321214497089 0.4871828928589821 2.17140781879425 661.0560654550791 1278.345795735717 1976.058757409453 1.22594141215086 0.4590197205543518 0.1449885666370392 218.9691455364227 0.09695509076118469 0 9.645811259746552 0.2425858378410339 23.7706061154604 279.2282982990146 37.97700491547585 6.229459561407566 0.3210803642868996 0 78.32645304501057 0.2434327900409698
116.1421285197139 289.5682516023517 7046.18363238126 5.805760353803635 1.154115617275238 136.1706079617143 1374.209351658821 1229.300126072019 10.44316575676203 272.1834231317043 1242.526180319488 55.96301639825106 285.8159211501479 965.0551564395428 1.65081725269556 5.947841428220272 2398.596932925284 2451.236089453101 4446.062936276197 10.0717743486166 515.1807513013482 31.31501688808203 1420.181056275964 66.18459901958704 332.5355572924018 22825.39402657747 12920.4145462513 179.2055282741785 427.0800673738122 410.3387280106544 786.2029664590955 51.40343746542931 6.883215665817261 2362.970753282309 10.73232863843441 2820.34432734549 6424.935131154954 4055.403083913028 1148.31926702708 29.35329253226519 4.118412204086781 60.80371256917715 8.507782317698002 1.535917833447456 549.8066505640745 288.2075887471437 0.1340555101633072 0 0.8966114744544029 2.818141125142574 2.542261332273483 2.04205010831356 0.3095639124512672 52.37189546972513 0.8388080969452858 463.1941256523132 3.347616724669933 0 13.37056305259466 114.4526536986232 147.0464261770248 263.9051486179233 0 12.20015548914671 5.049457706511021 5.922158300876617 11.13044725358486 657.7778855487704 2825.206723555923 4024.899276569486 11.61473819613457 5.325297780334949 7.672052174806595 183.075149923563 0.1598941832780838 0.2235123068094254 31.79834148287773 3.295296341180801 179.1301424428821 423.9402749016881 103.2327668219805 31.31910113245249 3.959493808448315 0.3974955528974533 9.148956410586834 0.3154892921447754
10.0080882832408 4802.566688604653 8643.225206449628 2.450250521302223 2.286447398364544 61.37247362732887 141.4106603041291 112.7928447723389 397.0107479617 78.237110927701 607.2081780955195 55.45691034942865 2826.552720211446 129.4934417456388 38.42910564690828 4854.972652755678 8067.521503731608 760.7918040454388 1940.580264285207 10.2054020985961 402.5104223564267 3179.365938588977 10631.19339785725 2595.90535851568 1915.102520532906 12920.4145462513 36762.74502417445 640.6929399520159 217.6586887910962 106.8868186995387 1605.04047806561 45.47309982031584 16.41186130791903 5433.000578656793 70.95604117959738 14844.69106945395 5575.449213333428 13920.38581124693 5114.888913094997 416.2149904593825 71.18306260555983 69.22281277179718 79.68270199000835 3.417163223028183 2888.435700021684 3473.075690336525 0.1158778965473175 0 1.145582161843777 56.38521013408899 12.82481484860182 16.6799328699708 2.870201826095581 70.42176904529333 1.280582793056965 843.7289189100266 21.31162101775408 0.356693871319294 645.3737863451242 332.3742778152227 185.9033882245421 385.4124213606119 0.3215419873595238 40.02108297497034 1158.402940168977 800.3543036058545 57.97582812607288 917.8596979156137 4501.457836665213 19047.14023569226 71.24511310458183 13.05579366534948 24.1794716194272 328.4277602136135 0.3715336695313454 1.003328219056129 84.26405219733715 21.35426627099514 536.9240266755223 516.360267072916 381.3686700463295 111.5062774941325 11.5165034905076 1.736025117337704 17.65069751441479 0.1073797717690468
45.05656315386295 18.09558507800102 306.0758820101619 2413.597157895565 4.332453340291977 443.5403633788228 18826.25728750974 358.5037866905332 392.3796120285988 4808.889969274402 22.52956402301788 398.115743689239 3.747706636786461 200.5693335309625 41.6837959587574 1193.147059887648 109.3949428871274 6.613028690218925 18.67517572641373 2021.59888382256 3669.697596736252 160.6564505770802 2371.851984962821 9072.27761696279 5.471937395632267 179.2055282741785 640.6929399520159 23161.62427219748 2255.947917416692 8647.077951073647 1.142787300050259 27.30166855454445 652.7736604139209 1251.989811390638 82.16667436808348 3267.001515589654 126.7694354504347 1934.435768045485 950.0912574380636 228.8035992532969 123.8571730032563 17.36216640472412 30.83695019036531 15.94887989014387 2.6387669891119 9.840371355414391 140.6458195522428 0 10.81454557925463 319.8479949682951 30.00524111837149 353.3234699741006 197.3058432042599 12.8219832405448 57.69853291660547 1.203589908778667 88.54731421917677 10.75437064468861 227.007399328053 1.664363101124763 2.457910381257534 1.718845903873444 86.96736232191324 124.4973314478993 46.46868202835321 34.00829870253801 1649.71969602257 0.1172675117850304 9.14772180467844 68.105862416327 1398.895964294672 270.7998613640666 383.353465013206 0.4025401324033737 1.057887837290764 11.49473329633474 44.64021526277065 7.956601865589619 294.0946520939469 7.290563389658928 94.65122868865728 11.96632439643145 162.2756793871522 22.08480406552553 0.1706956028938293 3.392663523554802
