620.483258202672 0 238.3823239505291 1.536196015775204 0.7839548587799072 20.69014325737953 2436.988835498691 607.3654713407159 0.1447279751300812 83.45188307762146 5.684850849211216 5.374958150088787 0.2879753783345222 4767.563696675003 0 1.233973771333694 408.852449670434 9.865735530853271 26.88368981331587 5.630974672734737 41.60956446826458 1.426628962159157 322.4970338642597 13.37410859018564 0 64.88488174974918 65.02070395648479 31.73570904135704 2294.456406541169 4326.844528034329 1.51481007784605 17.59816815704107 48.55132735520601 257.1481141000986 0.3954946845769882 24.95926666259766 6.576277904212475 58.5813315063715 7.267291143536568 1.160454459488392 0.7885120213031769 0.2169320434331894 0.9504858702421188 0 0 0.912167102098465 0 0 0.3687477111816406 1.017353549599648 0 0.5146621465682983 0.1896184384822845 0 0.160511702299118 0 0 0 1.081905007362366 0 0 0.104490764439106 0 2.004841797053814 0 0.1337468773126602 5.148665070533752 0 0 1.243311025202274 4.336408168077469 1.409184634685516 1.436833798885345 0 0 0.3459192216396332 0 0 1.579023741185665 0 0.7712848782539368 0.1932186186313629 0.1360971629619598 0 0 0
0 239.9058353230357 8.59250270575285 0.1090465262532234 0.7638384327292442 1.475609079003334 2.674442991614342 1.524008139967918 875.4938742443919 1.083767913281918 125.2224850878119 5.802637934684753 981.1290087625384 1.018558152019978 15.65360037982464 283.4689173474908 13.30019348859787 8.532708555459976 13.30542881041765 0 24.36161472648382 2396.6287836954 8.714618384838104 665.8263447806239 2391.800036177039 178.9720446392894 2732.425525255501 13.77941124141216 2.991220720112324 4.418071709573269 35.18639463931322 1.05386795848608 0.175251841545105 100.3095306903124 0.5348408371210098 26.47980277240276 161.1204944103956 75.04330154508352 21.12290941923857 12.03306068480015 0.8536550849676132 337.2295253276825 0 1.576587699353695 219.5129244923592 186.7092457264662 0.123051144182682 0 0.1361228972673416 2.016494408249855 1.280678011476994 0.1373994797468185 1.041442841291428 9.824698701500893 2.327274098992348 74.27175207436085 2.727442279458046 0 2.167879804968834 35.36724938452244 6.253474242985249 28.58131462335587 0 0.6208016127347946 12.23019802570343 12.89581429958344 5.973850436508656 114.8352332562208 355.008016102016 2237.86643025279 1.479037299752235 2.654453925788403 1.211462326347828 21.7755401879549 0 0.1302836984395981 9.664563283324242 0.4254539310932159 22.7088410332799 14.35070785880089 42.63780856877565 11.20948224514723 0.7144621908664703 0 8.96371191740036 0.7771106958389282
238.3823239505291 8.59250270575285 1849.210841707885 6.661755301058292 0.3137443363666534 236.2741928845644 2121.921333551407 1526.204790107906 3.330002501606941 161.7695484906435 28.68159814178944 4.23945676535368 6.993315324187279 978.2307678237557 0.5211017057299614 4.510903105139732 5261.037490949035 81.293152987957 230.7407130971551 1.375056102871895 1829.057869598269 2.905425250530243 6476.044007107615 68.44785549491644 2.123403817415237 6817.671054959297 9868.047295726836 595.635508030653 98.57077627629042 841.0814632177353 48.54191580414772 13.7854773029685 3.20668575912714 80.22573747485876 2.851774245500565 405.39104385674 1953.209863983095 425.3955344632268 149.2052883133292 19.98925973474979 1.081210806965828 0.6125550419092178 2.685893282294273 2.180769436061382 148.3370171636343 1590.523748986423 0 0 0.7587415054440498 12.70289882272482 4.11345424503088 2.783404089510441 1.762210570275784 0.4080743938684464 0 5.600066840648651 5.945043727755547 0 3.455458156764507 102.8571662530303 2.180361792445183 15.37558154016733 0 3.032686725258827 8.599600851535797 98.7279546931386 19.23723198473454 7.120460644364357 142.3820562213659 2001.095246553421 18.92159469425678 7.251668237149715 6.192492768168449 2.189351841807365 0 0.4897205755114555 24.9199203774333 1.340898752212524 106.5959153920412 20.05426275730133 152.7587906494737 26.65305733680725 2.764800406992435 0.124935083091259 0.2614368796348572 0.5755091309547424
1.536196015775204 0.1090465262532234 6.661755301058292 1371.053114891052 3.567614994943142 121.1019575223327 98.3965238109231 23.13238641619682 701.8096994012594 4436.788911603391 2.949196249246597 5266.780608862638 2.038396142423153 29.72386507689953 76.30365188419819 0.2543962970376015 0.5774762779474258 1.310293637216091 1.143514543771744 1832.174375206232 0.2288714721798897 0.1499111354351044 4.00756674259901 1283.201043717563 0.2084617167711258 4.234039075672626 9.472505241632462 4702.397997669876 78.81168649345636 1.062858544290066 0.9419399574398994 4.788200087845325 7.432485304772854 30.55455586314201 4.38829006254673 472.2068975716829 6.167552329599857 137.2932304367423 19.67840907722712 337.3396635726094 16.01045750826597 0 4.86982299387455 1.176527962088585 0.245746910572052 0.2123342156410217 48.43766617774963 0 52.20275493711233 213.906813248992 70.02361109107733 96.01496028900146 298.8344338387251 4.001028917729855 113.4308869689703 0.0878884345293045 10.14363937079906 2.979380294680595 0 0.5837682336568832 1.641337320208549 0 84.87554254382849 0 0.3510171622037888 0.5736285150051117 264.8190435618162 0 0.9304867461323738 1.202866092324257 423.3269004970789 13.23928505927324 2.265253610908985 0.2291093543171883 1.05279017239809 0.8579064831137657 10.19039665162563 1.586049407720566 14.05913866311312 0.3450862392783165 33.0669686794281 4.133188053965569 50.19854504615068 3.123591177165508 0.09996186941862106 1.723781555891037
0.7839548587799072 0.7638384327292442 0.3137443363666534 3.567614994943142 30.50979948043823 738.354318395257 2.842945218086243 15.48574457317591 87.81382678449154 8.726482219994068 2.793782934546471 66.35480599105358 0.5548335984349251 11.22828460484743 2108.960302710533 0.1533173024654388 0.3293877765536308 0.4779057800769806 0.2136541232466698 9.515907041728497 0 3.644333094358444 0 9.685759589076042 0.3502391278743744 0.7644464671611786 1.127190768718719 3.98809091001749 310.7351733148098 0 0 236.5685614794493 0.4824504405260086 25.21738162636757 3.795762926340103 51.00297853350639 0.4699709415435791 137.883659824729 65.02447374165058 2657.605579480529 33.77672372758389 1.486029833555222 3.475385472178459 0 0 0 0 0 0 1.714655965566635 0 0 0.2458544969558716 0 0.2152067422866821 0 0 0 0 0 0 0 0 0.1253820806741714 0 0 1.941175512969494 0 0 0 4.254418224096298 0.4377268999814987 1.521736741065979 0 0 0 0 0 2.00752629339695 0 1.447321943938732 0 0 0 0 0
20.69014325737953 1.475609079003334 236.2741928845644 121.1019575223327 738.354318395257 9000.680378377438 1951.88206101954 4529.07263442874 112.2264990955591 5347.704837501049 139.4918536394835 3826.10624589771 43.58675218373537 397.3152417615056 1371.085163533688 0.6153816506266594 47.2401392608881 41.62112648040056 33.83512651920319 210.4222408011556 7.600570447742939 0.4894909411668777 113.8164426982403 372.793040022254 8.566187903285027 142.8246215358377 141.5466985180974 1226.08165756613 597.7667276635766 27.83520336449146 14.47785293310881 531.8272494152188 16.13955591619015 669.8863873407245 8.617592960596085 428.5547470524907 38.92106441408396 857.9428711161017 277.3563108667731 2181.003351308405 289.2243641465902 19.30880688875914 22.3098857998848 5.811271354556084 0.8650567978620529 3.688285492360592 3.015222787857056 1.763994917273521 24.53826013207436 417.0675795972347 73.4487181827426 51.06970433145761 74.39008536934853 6.692026682198048 11.47825564444065 1.026073567569256 26.96849355846643 0.8796175420284271 0.6798193901777267 0.3755450844764709 3.028794996440411 0.9602447003126144 8.971931219100952 0.6839201077818871 1.677799798548222 1.83564455807209 251.8109509050846 0.2445036098361015 3.373246856033802 15.31091295182705 345.8671010509133 46.50932861119509 18.38488510251045 0.3976749703288078 2.118612587451935 5.800749771296978 19.06950053572655 2.97042627632618 43.23098146915436 1.613611273467541 80.59364187717438 15.01805033534765 41.99577711522579 4.150787845253944 0.5728851705789566 1.055214948952198
2436.988835498691 2.674442991614342 2121.921333551407 98.3965238109231 2.842945218086243 1951.88206101954 18964.31206507236 4773.678847052157 262.6487038135529 6920.851902708411 20.41992729157209 14.26282247155905 10.17671555280685 6545.670364610851 4.635826542973518 20.65950335562229 275.1260474249721 14.19762493669987 26.00947320461273 6.235165305435658 448.9730039685965 7.36917732656002 2206.145501241088 1967.266798391938 8.515043281018734 497.9117370396852 966.0928536728024 27366.1051947847 1237.963314816356 7503.651530988514 16.88832123577595 41.8486043214798 98.26062484830618 265.7568588331342 25.10350372642279 1086.686506964266 54.73954564332962 793.6781999990344 176.071032114327 206.3830374106765 82.9225614964962 7.047680586576462 22.05596131086349 4.524304941296577 1.693580612540245 29.65422707051039 11.28239580988884 0 25.40070655196905 376.2246363461018 52.26545646041632 63.52783470600843 75.20354323089123 4.55571074038744 11.23638596385717 0.767607256770134 21.09352449327707 0.4905863106250763 12.27879421412945 3.467935457825661 1.66733942180872 2.259189657866955 14.48525509238243 8.543672949075699 9.155712775886059 20.74642074108124 490.6922144219279 0.5684581324458122 6.350945346057415 95.46937648206949 561.2069219574332 57.90710242092609 38.62721718847752 0.3901620805263519 1.878445833921432 6.653298035264015 24.09068290144205 5.428702309727669 101.5179480165243 3.659946873784065 129.926779538393 27.81887644529343 44.32790630310774 9.951816260814667 3.021397337317467 3.599837690591812
607.3654713407159 1.524008139967918 1526.204790107906 23.13238641619682 15.48574457317591 4529.07263442874 4773.678847052157 12717.10109591484 305.4943763539195 2347.659887515008 123.373854264617 1804.810160644352 22.95060214400291 6610.294502459466 345.2162328958511 1.354802295565605 929.9164577722549 71.79634395241737 135.9372728690505 167.7821087390184 44.88484538346529 2.379829078912735 864.4644859805703 576.4959430396557 6.469724982976913 576.7367732301354 476.4914371743798 576.9213120937347 784.2755258902907 839.5398493558168 16.72834943979979 524.3216069787741 27.39606367796659 478.3426459878683 2.63514831662178 208.4199977815151 53.5014333948493 474.9989666640759 129.3131109401584 461.9212378188968 59.15639186650515 9.07104504108429 4.89060527831316 8.563745558261871 1.300954096019268 11.90153653174639 5.717125803232193 3.411687538027763 35.10076548904181 1061.819089308381 131.3315646871924 95.93405305594206 63.96060121059418 14.07694984227419 4.737359896302223 3.286289401352406 61.68140958249569 4.288744352757931 3.829079680144787 1.373466715216637 3.3793950304389 1.268289834260941 10.5465927273035 2.905709654092789 2.571655511856079 5.529256127774715 637.2533687278628 0.2404202148318291 5.944019496440887 38.46397679299116 770.1814811602235 98.37488787993789 55.06221538037062 1.837178245186806 5.694170989096165 15.07096896320581 55.6208223849535 6.334544584155083 94.62823681533337 6.288557276129723 203.9364616125822 45.38917164504528 97.89012466371059 18.62813946604729 0.1791041344404221 1.460090830922127
0.1447279751300812 875.4938742443919 3.330002501606941 701.8096994012594 87.81382678449154 112.2264990955591 262.6487038135529 305.4943763539195 1122.448133610189 132.9073274061084 25.4110601618886 294.035555139184 127.0995068624616 15.09935908019543 843.6927530914545 8.054132185876369 1.666723281145096 1.732771374285221 0.330599769949913 462.1361224129796 1.823875308036804 3523.62847764045 12.97821506857872 8858.599524833262 409.3672372624278 13.42671423405409 441.9743313267827 1224.327980056405 36.5535723939538 32.05941307544708 4.861421667039394 5.290204159915447 10.15804600715637 36.37188290804625 0.7444052398204803 215.7805198952556 39.57748850435019 82.54958517849445 12.12360440194607 395.5641322880983 10.48481324315071 19.28593605011702 4.088989228010178 9.446207411587238 4.128496706485748 4.825840480625629 46.95667612552643 1.820365130901337 55.88233452290297 180.5723249390721 75.43040563166142 210.3562586978078 301.9979843050241 8.16134025156498 84.59670973569155 2.947596579790115 23.24874470382929 27.01365403831005 37.83227528631687 0.4251326322555542 2.419617414474487 0.974842257797718 100.2988812103868 11.27324021607637 28.94892091304064 3.482179127633572 1461.082951150835 0.5659002810716629 6.140873752534389 14.47237887233496 823.0360531285405 81.773915104568 40.93828611820936 0.8683613762259483 2.027795344591141 12.92487563937902 22.18452378362417 5.493845909833908 103.3615782484412 3.007422015070915 84.2492024153471 18.82831947505474 108.3202799484134 5.823131904006004 1.396188855171204 2.639742232859135
83.45188307762146 1.083767913281918 161.7695484906435 4436.788911603391 8.726482219994068 5347.704837501049 6920.851902708411 2347.659887515008 132.9073274061084 27954.19337513298 58.37568029761314 3520.484783880413 19.87391898036003 1153.424416176975 16.84865920990705 0.4923948869109154 10.64772232621908 17.8146918118 15.57105941325426 4285.995490692556 7.524141795933247 1.926870867609978 105.0514755919576 693.5175567269325 2.52925456315279 89.96894077956676 127.069590844214 12645.78985945135 1188.355206169188 9.994133725762367 6.156338207423687 122.0275212079287 34.29227212816477 377.2197670266032 20.82498747110367 853.0955248102546 32.5284228771925 1273.173949256539 131.743884049356 553.0913200750947 181.8953702747822 3.251508317887783 61.06623321771622 4.832923658192158 0.3783046677708626 5.225609466433525 18.71855287998915 1.819585755467415 44.67553540319204 463.3653236925602 102.489832110703 48.25943912565708 212.6626720577478 6.026006393134594 38.93581959605217 0.726795569062233 30.30455344170332 3.664568200707436 1.774498000741005 0 2.038320146501064 0.8370939642190933 40.72985461354256 0.5049378648400307 2.728425897657871 2.472306422889233 263.5216563269496 0.1908025294542313 3.135618463158607 14.66487318277359 452.2018867731094 40.85581612586975 13.59950783848763 0.3167733550071716 2.065337017178535 3.641438893973827 16.09650091081858 3.153898388147354 27.81537625193596 1.068952523171902 75.28699701279402 12.78828063607216 36.51528515666723 4.874686293303967 0 1.809894621372223
5.684850849211216 125.2224850878119 28.68159814178944 2.949196249246597 2.793782934546471 139.4918536394835 20.41992729157209 123.373854264617 25.4110601618886 58.37568029761314 10143.20596592873 126.3297539576888 3403.81041289866 64.03917728364468 13.38626305013895 5.808902807533741 342.6748594716191 1595.651451863348 857.7233233600855 16.3924016058445 19.95511457324028 41.97783572971821 23.97589765489101 25.22808142006397 936.5189554840326 1116.097687877715 694.2764209508896 20.92411462962627 286.7151410356164 20.96372735500336 550.2973837777972 205.8123219460249 14.2778696641326 8010.058426104486 9.322029933333397 718.4577394723892 2749.673382937908 4237.231833793223 1009.641037538648 67.65289251506329 26.10467664152384 599.8897065073252 7.713382795453072 0.1018920689821243 5.193490467965603 3.580447390675545 0 0.1224770173430443 0 18.68194158375263 1.878869287669659 0.1273090690374374 0.2653311938047409 155.2732946947217 0.5242513194680214 639.7962084040046 0.6349570825695992 0 0.1038602888584137 0.9070268422365189 196.776583313942 91.14395861327648 0 0 0.5217323824763298 0.1940703541040421 13.59151585400105 73.97577860951424 400.9869681969285 359.8421599715948 12.61605144292116 2.925091192126274 2.161168284714222 121.5623844340444 0.09160564094781876 0.2699907124042511 8.662195235490799 2.594697862863541 25.83360161632299 167.2922071889043 17.00705359876156 4.155569545924664 1.799444705247879 1.026703342795372 180.9674074053764 0.1132213622331619
5.374958150088787 5.802637934684753 4.23945676535368 5266.780608862638 66.35480599105358 3826.10624589771 14.26282247155905 1804.810160644352 294.035555139184 3520.484783880413 126.3297539576888 5770.398132972419 36.91975339502096 502.6361426115036 1485.200743444264 0 6.43675421923399 35.35869584977627 28.93080954253674 3642.700719028711 0.6977363377809525 28.65485460311174 3.328896127641201 878.3342978581786 16.39247470349073 45.52160560339689 50.38361310213804 2633.657838001847 945.4427436515689 2.057324945926666 12.8960983902216 232.7921326458454 2.588827684521675 515.855225302279 2.529047295451164 896.697933845222 32.22569078952074 1063.588579900563 76.46804076433182 1825.238475359976 147.126335285604 5.792809262871742 36.77670460194349 1.865150235593319 0.087779201567173 0.7643329501152039 72.85118636488914 1.576867282390594 33.08823850750923 270.6931101754308 78.05327941477299 58.31743740290403 259.5993266925216 1.451997943222523 80.31888408958912 0.1929430887103081 13.20695123076439 6.557627648115158 0 0 1.378552153706551 0.6821677386760712 77.71914469450712 0 0.3240413069725037 0.3273600935935974 196.0132446736097 0.2225290164351463 2.170200012624264 1.769039623439312 342.545599527657 18.19859228283167 5.711179330945015 0.1000252515077591 0.4105734527111053 1.185923419892788 12.06742630153894 3.299505680799484 25.95071542263031 0.5221954882144928 41.7144787311554 10.22641814500093 43.35236571729183 3.244584411382675 7.668334543704987 0
0.2879753783345222 981.1290087625384 6.993315324187279 2.038396142423153 0.5548335984349251 43.58675218373537 10.17671555280685 22.95060214400291 127.0995068624616 19.87391898036003 3403.81041289866 36.91975339502096 2351.358495280147 7.310499988496304 7.321331143379211 22.60541667789221 9.834554985165596 146.1869206428528 6.249337524175644 7.471855334937572 4.60787408053875 255.8269192427397 13.94099993258715 79.32339895516634 5191.659896671772 124.2619474753737 2242.04902164638 11.7811708971858 29.71280636638403 4.416242718696594 732.6196105033159 25.40345426648855 0.9160747677087784 1682.328320145607 12.17795991897583 621.4803453907371 4227.401049725711 3870.015107281506 538.3484039604664 86.57420430332422 285.6961824819446 1010.282787717879 22.98028197139502 0.5372373312711716 55.6543859615922 10.10323683917522 0 0 0.3237754106521606 7.273377507925034 0.8677565604448318 1.090182267129421 0.1930721998214722 536.1879266425967 0.6871959269046783 2302.885087750852 2.26507193595171 0 0.1526117324829102 3.659740746021271 280.3043363392353 58.51859652996063 0 0 2.555758617818356 0.5293021649122238 3.28079529106617 578.3977967128158 503.8036136329174 569.9158002883196 5.797938883304596 2.432384207844734 0.7155265510082245 330.4530863463879 0.1565449237823486 0 22.24867751449347 4.620250716805458 30.68816193193197 975.9307635873556 52.18586126714945 5.203357674181461 3.076864451169968 0.215919554233551 1090.698747307062 0.8940646648406982
4767.563696675003 1.018558152019978 978.2307678237557 29.72386507689953 11.22828460484743 397.3152417615056 6545.670364610851 6610.294502459466 15.09935908019543 1153.424416176975 64.03917728364468 502.6361426115036 7.310499988496304 10928.45077575743 26.13756714761257 1.259116098284721 1170.572260133922 55.27288743853569 106.7780284807086 102.8468419611454 49.92321073263884 0.4388479292392731 830.4712546467781 102.0371449515224 1.165736973285675 319.1874095872045 315.7402061671019 257.1147307530046 3189.000946782529 2790.161480076611 7.607206769287586 307.4562187492847 31.5192299336195 640.4231075495481 1.863578200340271 71.71764280647039 25.92981193214655 261.7332818210125 24.73305548727512 81.56017599999905 23.26045622676611 0.7618266195058823 2.083598241209984 0.3843080177903175 0.9503499120473862 3.682380467653275 0.3405071794986725 0 2.295147493481636 51.97228446602821 6.612769231200218 8.172109998762608 1.02700699865818 0.2816211879253387 0.1325938254594803 0 2.755718626081944 0 5.145730391144753 0.3828157633543015 0.2686671242117882 0.2894822359085083 0.9037573486566544 1.902137875556946 0.6969503462314606 3.235908433794975 72.6670866087079 0.1916484087705612 2.610400386154652 8.653471559286118 73.49336811900139 10.30838705599308 7.755588375031948 0.1246112138032913 0 2.051165767014027 1.728903844952583 1.282856374979019 16.58399847149849 0.1042551100254059 17.27326782047749 2.85362434387207 3.893579252064228 1.781508177518845 0.4638306796550751 0.1399179548025131
0 15.65360037982464 0.5211017057299614 76.30365188419819 2108.960302710533 1371.085163533688 4.635826542973518 345.2162328958511 843.6927530914545 16.84865920990705 13.38626305013895 1485.200743444264 7.321331143379211 26.13756714761257 707.8863516002893 0.7639884799718857 0.5372622534632683 4.402685090899467 3.443825386464596 246.816910110414 0 75.52296233922243 0.3320331126451492 202.8183550387621 7.763098202645779 5.225407347083092 16.24134372919798 35.99234116822481 57.21980442106724 0 1.07161046564579 418.5705054104328 0 67.27734503149986 0 5.080207660794258 3.381131500005722 60.75156910717487 13.33257330209017 1442.560289792717 88.10163078457117 1.222398966550827 0 0 0 0 0 0 0 1.713080905377865 0.306188091635704 0.3286932110786438 0.717843770980835 0 0 0.09994601458311081 0.6054328009486198 0 1.096426345407963 0 0 0 0 0.3792964518070221 1.035626664757729 0 0.8721205219626427 0 0.4514861479401588 0.1069595217704773 2.636865459382534 0.1156865954399109 0 0 0 0 0.2614757418632507 0 0 0 0.2131645530462265 0 0 0.5430053025484085 0 0
1.233973771333694 283.4689173474908 4.510903105139732 0.2543962970376015 0.1533173024654388 0.6153816506266594 20.65950335562229 1.354802295565605 8.054132185876369 0.4923948869109154 5.808902807533741 0 22.60541667789221 1.259116098284721 0.7639884799718857 2258.389909140766 20.75119844824076 0.2279341369867325 1.383553624153137 0 3817.018633857369 2178.670042842627 4036.432782508433 2664.551179811358 89.95046896487474 6.497753210365772 3759.118113800883 1665.552459873259 3.856466308236122 138.5868950039148 1.071207515895367 0.8502305299043655 1.470620110630989 152.9326596036553 34.14290077239275 2234.870449736714 643.6233718022704 1010.831695638597 757.1770467534661 143.1015324443579 2.281630784273148 2.953174561262131 32.76891732960939 0 3.571614608168602 23.18857476115227 0.309927836060524 0 0.9179122745990753 9.156672246754169 2.811487779021263 9.714360468089581 1.995265066623688 0.5744778662919998 0.1637237817049026 0.3372008726000786 0.9096840023994446 0 4347.116540163755 7.249857529997826 0.2546859160065651 1.754662908613682 0 895.8704077675939 1569.461093120277 1737.808481007814 161.2881244644523 0 7.926560804247856 617.2551292404532 267.8101135492325 11.61464108526707 88.5319822281599 0.2466935813426971 0 4.679082334041595 14.79339143633842 8.729598596692085 195.650151565671 11.50913382321596 101.8445070907474 98.59348686784506 12.04328797757626 1.270394310355186 0 1.813308075070381
408.852449670434 13.30019348859787 5261.037490949035 0.5774762779474258 0.3293877765536308 47.2401392608881 275.1260474249721 929.9164577722549 1.666723281145096 10.64772232621908 342.6748594716191 6.43675421923399 9.834554985165596 1170.572260133922 0.5372622534632683 20.75119844824076 3204.685292318463 902.3168387338519 4189.849189095199 1.056667566299438 461.7063802778721 3.300588004291058 2194.946674905717 34.62404182553291 4.975855432450771 5165.235203824937 9034.108791038394 150.1365864127874 1110.024785585701 1241.557497225702 13.60179182887077 33.11949053406715 139.848652087152 1926.302022337914 1.05161939561367 154.7602813318372 94.20982392132282 716.5857119485736 138.6850421205163 6.85824041813612 4.159001581370831 0 1.650542475283146 0.1123198717832565 6.476376630365849 39.5048933327198 0 0 0 2.152831934392452 0.2999868541955948 0.5015905722975731 0 0.1103289946913719 0 0.6449429392814636 0.301765650510788 0 2.369550570845604 10.24594636261463 0.7503421157598495 9.888373784720898 0 1.086205087602139 2.364763110876083 2.542997062206268 4.899277046322823 1.178992137312889 31.52622380107641 110.7144508883357 4.958589114248753 1.033401876688004 0.9633961468935013 0.2872652262449265 0 0 0.4566822722554207 0 7.130157962441444 1.448770090937614 7.527585260570049 1.586799636483192 0.2913405895233154 0 0.4973103404045105 0
9.865735530853271 8.532708555459976 81.293152987957 1.310293637216091 0.4779057800769806 41.62112648040056 14.19762493669987 71.79634395241737 1.732771374285221 17.8146918118 1595.651451863348 35.35869584977627 146.1869206428528 55.27288743853569 4.402685090899467 0.2279341369867325 902.3168387338519 140.3011726886034 2076.928376443684 4.962271243333817 10.49359907954931 0.982902318239212 30.61646305769682 3.612937971949577 56.49066261947155 1873.076014183462 659.2468850016594 8.144766792654991 119.7854102104902 16.35535519570112 692.8748718351126 57.71934068202972 11.20681869983673 1185.050487056375 4.517771407961845 668.4406183883548 721.2640741616488 1600.186426565051 610.0328302904963 25.03462057560682 2.736046172678471 5.418316125869751 3.4668073579669 0.1244824826717377 14.21954336762428 1.860347241163254 0 0 0 6.162283651530743 1.030921667814255 0.6256895586848259 0 34.89665478467941 0 137.0827835947275 0.4172438085079193 0 0 5.341046184301376 128.6924544647336 105.26372808218 0 0.3596607595682144 0.2712874934077263 0.1558923572301865 3.732671663165092 18.25784539431334 502.5997174084187 483.5331850126386 4.358431719243526 0.8086022138595581 0.6230667680501938 79.84425779432058 0 0 2.160269260406494 0 16.74848306924105 8.295221447944641 6.226279973983765 1.810350224375725 0.5940553247928619 0 0.2138717174530029 0
26.88368981331587 13.30542881041765 230.7407130971551 1.143514543771744 0.2136541232466698 33.83512651920319 26.00947320461273 135.9372728690505 0.330599769949913 15.57105941325426 857.7233233600855 28.93080954253674 6.249337524175644 106.7780284807086 3.443825386464596 1.383553624153137 4189.849189095199 2076.928376443684 2310.035451248288 3.260681129992008 33.44045974314213 0.585814081132412 105.1052635684609 7.57181965559721 2.482172921299934 5527.448533065617 1139.810468137264 13.13134374469519 261.5285281017423 52.51247983425856 36.85015099495649 84.89859727025032 21.77934823930264 2628.409413471818 1.840810760855675 249.8576372936368 95.39979910105467 1282.819318458438 345.5300053805113 11.6658753529191 1.486539773643017 0.1508447825908661 2.631996922194958 0 13.72608467191458 2.187004715204239 0 0 0 0.7992233261466026 0 0.2384560257196426 0 3.153477199375629 0 3.202639721333981 0 0 0 2.415472641587257 9.393674939870834 29.21986788511276 0 0 0 1.351331330835819 3.382850028574467 3.64833191037178 101.1021237000823 119.8398394212127 2.753795556724072 0.2590133473277092 0 4.430138655006886 0 0 1.00535074621439 0.3921263813972473 3.703654803335667 1.200255319476128 4.419231504201889 1.112508609890938 0.6074859201908112 0 0 0
5.630974672734737 0 1.375056102871895 1832.174375206232 9.515907041728497 210.4222408011556 6.235165305435658 167.7821087390184 462.1361224129796 4285.995490692556 16.3924016058445 3642.700719028711 7.471855334937572 102.8468419611454 246.816910110414 0 1.056667566299438 4.962271243333817 3.260681129992008 198.1720257997513 0.1366220265626907 0 0.8990508392453194 659.2391329631209 4.155920594930649 8.460105776786804 7.617301627993584 2727.962588921189 218.6969147399068 0.8598264679312706 1.378701917827129 28.44900327175856 4.458067044615746 82.96583891659975 2.915503367781639 532.7909673005342 8.931303538382053 309.1183422729373 29.77912422269583 854.4496393948793 44.17597545683384 5.704260781407356 27.65857538580894 1.444663919508457 0 0.201461598277092 27.39657832682133 0 51.99654085934162 330.9511089250445 77.5877668261528 64.05119313299656 245.4781719967723 5.782831110060215 49.37885324656963 0.2662553340196609 18.62696938961744 2.2533078789711 0 0 1.996909655630589 0.3261736109852791 66.68998743593693 0.1621876358985901 0.5976029634475708 0.1889993846416473 225.651286713779 0.2307813316583633 1.030706405639648 2.612465225160122 358.4813206344843 20.27151200175285 7.861426390707493 1.075502589344978 1.717539250850677 2.147415608167648 13.39731712639332 1.974400460720062 18.88420303165913 1.460923254489899 48.63376735150814 5.983231231570244 38.98305071890354 4.691914066672325 0.2440989315509796 0.1681053787469864
41.60956446826458 24.36161472648382 1829.057869598269 0.2288714721798897 0 7.600570447742939 448.9730039685965 44.88484538346529 1.823875308036804 7.524141795933247 19.95511457324028 0.6977363377809525 4.60787408053875 49.92321073263884 0 3817.018633857369 461.7063802778721 10.49359907954931 33.44045974314213 0.1366220265626907 15826.75852181017 282.1099435016513 23148.69541944563 834.2135112136602 11.08063568919897 102.3920181393623 1845.253534026444 11202.47029662877 127.6651958599687 9036.170084007084 3.492938779294491 2.240608468651772 47.40563250333071 4676.660038776696 104.8885082826018 6453.303038358688 739.9423975497484 4415.108206659555 1948.094372443855 402.179774068296 13.64184119552374 1.267332158982754 103.8134378045797 0.1370811015367508 1.012100726366043 27.27096954733133 0 0 0.1299727410078049 2.922429762780666 1.064087077975273 11.21975985914469 0.5853047966957092 0.3891874551773071 0 0.123931348323822 1.994942642748356 0 646.6194770112634 3.105543494224548 0.1949960589408875 1.33002121001482 0 649.3255709409714 129.5273435637355 80.28643611818552 192.9919947758317 0.376420184969902 11.96727727353573 33.34780587255955 380.0109655112028 13.97898707538843 133.2174907699227 0.6262198835611343 0.2105069905519485 8.422877810895443 13.51626398414373 9.590295858681202 115.4715360403061 5.068528935313225 54.79637194424868 18.56768830120564 8.555514842271805 0.4556726217269897 0.2984867095947266 1.882907658815384
1.426628962159157 2396.6287836954 2.905425250530243 0.1499111354351044 3.644333094358444 0.4894909411668777 7.36917732656002 2.379829078912735 3523.62847764045 1.926870867609978 41.97783572971821 28.65485460311174 255.8269192427397 0.4388479292392731 75.52296233922243 2178.670042842627 3.300588004291058 0.982902318239212 0.585814081132412 0 282.1099435016513 755.3912164494395 219.348376095295 5469.45606970042 1018.548921778798 8.933263577520847 2519.440401576459 114.192748233676 1.809323035180569 19.48978557437658 6.06108084321022 0 0.8645865097641945 30.43028852343559 1.314425885677338 28.10167928040028 34.53862821310759 40.60509545356035 12.94913957268 57.56165131926537 1.349313125014305 49.68581128120422 0.8602531552314758 0.284320056438446 91.23004408180714 64.84570655226707 0.5980622321367264 0 0.222699761390686 3.777152210474014 1.429301477968693 8.733865857124329 0.1683705151081085 1.759148985147476 11.62614174187183 7.980373755097389 1.375348150730133 0 1576.673093162477 6.74198953807354 2.126739390194416 1.503633998334408 0.2098429054021835 333.2111111655831 110.8882475942373 460.9978196397424 184.5563168004155 10.9097880423069 13.22115474194288 949.4859296903014 129.5442977249622 6.80099293589592 37.55675131827593 1.751375645399094 0 1.369304656982422 6.610663130879402 1.981560558080673 85.11526118218899 11.66195580363274 52.6014095172286 41.34715873003006 4.574581548571587 0.6142820119857788 2.042271882295609 0.4618087112903595
322.4970338642597 8.714618384838104 6476.044007107615 4.00756674259901 0 113.8164426982403 2206.145501241088 864.4644859805703 12.97821506857872 105.0514755919576 23.97589765489101 3.328896127641201 13.94099993258715 830.4712546467781 0.3320331126451492 4036.432782508433 2194.946674905717 30.61646305769682 105.1052635684609 0.8990508392453194 23148.69541944563 219.348376095295 25046.34039844573 287.9283536449075 5.957082621753216 1308.651716440916 14273.01724086702 2474.735709235072 481.6970021799207 5742.678581655025 28.91096828132868 14.74678149074316 57.35204415768385 3556.432523138821 206.5118066892028 11267.27773548663 10193.72344826907 9860.588162854314 6377.511473320425 1152.066095851362 30.93085804581642 10.41076867282391 224.3530035465956 0.8400442004203796 6.925445549190044 218.3745972812176 0.2952653020620346 0 0.8526428937911987 31.28294662386179 6.438811019062996 4.759848304092884 3.96680773794651 0.1077379956841469 0.1510325521230698 0.8410663306713104 2.065549671649933 0.3362765312194824 1368.171997785568 15.2991557046771 0.6715790033340454 1.774039149284363 0 307.7160867229104 431.1451176851988 954.6318296417594 70.75376222282648 0.886062428355217 7.674731716513634 1319.60969837755 87.87341858446598 5.877499334514141 25.15628919750452 0.2743049263954163 0.2684150338172913 2.442596338689327 17.81314498186111 18.50912171602249 169.7037625834346 17.86806665360928 142.5002402737737 99.36866866797209 5.395991452038288 1.420775860548019 0 2.725270658731461
13.37410859018564 665.8263447806239 68.44785549491644 1283.201043717563 9.685759589076042 372.793040022254 1967.266798391938 576.4959430396557 8858.599524833262 693.5175567269325 25.22808142006397 878.3342978581786 79.32339895516634 102.0371449515224 202.8183550387621 2664.551179811358 34.62404182553291 3.612937971949577 7.57181965559721 659.2391329631209 834.2135112136602 5469.45606970042 287.9283536449075 9160.552765138447 281.8968940749764 71.52300035953522 3180.024159505963 8708.280860751867 592.9473107159138 789.7724548131227 8.375623121857643 27.56315866857767 216.1376341581345 460.5091142654419 65.28426076471806 3221.276961512864 140.2231935933232 1398.320719376206 483.0760788992047 551.5291202142835 114.487885825336 17.37758803367615 49.65578797459602 24.44930113106966 5.231021001935005 102.5661879852414 121.2571273744106 2.217932559549809 136.9724394083023 1175.205961935222 243.8499113470316 1257.335348427296 582.6321382895112 29.90301270037889 129.2701776772738 6.016880922019482 112.7243363335729 18.03440257906914 760.2091716080904 10.21330257505178 8.576421782374382 11.63877403736115 152.6023447066545 411.2359523847699 236.635471470654 150.5151938199997 4479.128628060222 0.1122932508587837 43.09091539680958 132.0840593203902 3156.065009683371 379.9784592911601 374.4864079132676 4.03789296746254 7.003550797700882 66.47840218991041 129.912657096982 44.85195864737034 515.8994062766433 14.66408674418926 520.4483109042048 147.2324037104845 273.3165253475308 34.68464843183756 10.51216843724251 14.5944527387619
0 2391.800036177039 2.123403817415237 0.2084617167711258 0.3502391278743744 8.566187903285027 8.515043281018734 6.469724982976913 409.3672372624278 2.52925456315279 936.5189554840326 16.39247470349073 5191.659896671772 1.165736973285675 7.763098202645779 89.95046896487474 4.975855432450771 56.49066261947155 2.482172921299934 4.155920594930649 11.08063568919897 1018.548921778798 5.957082621753216 281.8968940749764 502.8861112892628 98.45156770944595 3266.575964584947 12.16566663235426 4.001720160245895 3.30807226896286 270.1333735585213 5.294167228043079 0.4876995235681534 614.4904721155763 6.342006638646126 642.54826528579 1342.419295169413 1118.527232684195 270.9455516189337 80.18803454935551 134.260706871748 710.9825066924095 11.50325261056423 0 106.7532503902912 33.20184689760208 0 0 0 0.8931722640991211 0 0.222056157886982 0.1608776301145554 104.8625972718 0.8488627076148987 369.432420566678 1.058770090341568 0 0.3010416477918625 9.103105008602142 50.39501395821571 30.37873724102974 0 0 4.754511624574661 3.126131653785706 2.914461143314838 52.44373166561127 233.2111089676619 386.7059799432755 0.6399709731340408 0 1.206789031624794 65.74347603321075 0 0.1273223012685776 4.095502451062202 9.118291050195694 74.26545494794846 87.84683784842491 17.83607372641563 2.805631555616856 6.015443682670593 0 114.6936501562595 0.6594650149345398
64.88488174974918 178.9720446392894 6817.671054959297 4.234039075672626 0.7644464671611786 142.8246215358377 497.9117370396852 576.7367732301354 13.42671423405409 89.96894077956676 1116.097687877715 45.52160560339689 124.2619474753737 319.1874095872045 5.225407347083092 6.497753210365772 5165.235203824937 1873.076014183462 5527.448533065617 8.460105776786804 102.3920181393623 8.933263577520847 1308.651716440916 71.52300035953522 98.45156770944595 14867.91223530471 8735.597261369228 122.9914300814271 274.8057076632977 138.1698217466474 837.5150964260101 98.50459552556276 13.90985821932554 1632.874837674201 13.47804719209671 2716.353442728519 2539.678248658776 3540.345386855304 1328.891782052815 83.14043184369802 6.343180537223816 7.353256344795227 11.44840557873249 2.557041689753532 230.6646510511637 144.8499250560999 0 0 0.3909328654408455 8.772044815123081 2.182074792683125 1.329476028680801 0.3680307492613792 86.56182480603456 0.1629666239023209 324.0934858694673 4.557026021182537 0.1012163758277893 0.7837371900677681 214.4458574429154 221.7108443826437 595.3342080116272 0 0.550646148622036 6.336128138005733 8.199393033981323 12.66426471620798 135.1059348732233 2023.641691289842 2554.454563133419 10.55525447428226 6.853802695870399 6.450116775929928 165.1497684270144 0.2115681916475296 1.069922968745232 24.92040809988976 1.978778272867203 85.30684830248356 62.83093322068453 99.35376623272896 21.13269679993391 2.857091441750526 0.4767884016036987 2.132447108626366 0.2857773900032043
65.02070395648479 2732.425525255501 9868.047295726836 9.472505241632462 1.127190768718719 141.5466985180974 966.0928536728024 476.4914371743798 441.9743313267827 127.069590844214 694.2764209508896 50.38361310213804 2242.04902164638 315.7402061671019 16.24134372919798 3759.118113800883 9034.108791038394 659.2468850016594 1139.810468137264 7.617301627993584 1845.253534026444 2519.440401576459 14273.01724086702 3180.024159505963 3266.575964584947 8735.597261369228 25359.43554240465 1440.867183297873 358.1899869740009 259.0394465923309 990.4637948945165 119.0975330099463 31.41985047608614 3989.751081243157 116.4154806882143 9745.37888674438 7142.880269922316 12584.52813091129 3774.950741231441 441.9561413824558 19.44719815999269 50.81845304369926 72.54849349707365 16.06593902409077 2141.226494267583 2697.308226309717 1.35590784996748 0.2739757895469666 3.357280343770981 69.06924951821566 23.09922567754984 10.75341153144836 9.163727454841137 144.1160544082522 2.929224617779255 502.4921323955059 37.84600815176964 0.5802564099431038 745.5461944490671 747.0266313254833 271.4666502997279 961.2027229964733 0.3667753934860229 95.11258392035961 1102.626201406121 1741.994171559811 113.5038289353251 416.4620792493224 4267.079887650907 13445.9552147463 91.14901163429022 35.87135720252991 30.31168546527624 270.8527338653803 0.4800739884376526 2.989178396761417 113.092661909759 22.86237896978855 677.9128143638372 195.6250482946634 762.225322060287 313.1136986464262 21.23563261330128 1.538357503712177 14.81308893859386 6.317210920155048
31.73570904135704 13.77941124141216 595.635508030653 4702.397997669876 3.98809091001749 1226.08165756613 27366.1051947847 576.9213120937347 1224.327980056405 12645.78985945135 20.92411462962627 2633.657838001847 11.7811708971858 257.1147307530046 35.99234116822481 1665.552459873259 150.1365864127874 8.144766792654991 13.13134374469519 2727.962588921189 11202.47029662877 114.192748233676 2474.735709235072 8708.280860751867 12.16566663235426 122.9914300814271 1440.867183297873 17595.30939315259 986.5751907080412 11659.04224357754 3.245429567992687 37.89102201163769 301.5967231616378 1215.550866596401 113.5228204727173 4459.915894061327 145.8867833390832 2720.033996209502 814.0228388160467 642.9455477595329 167.5818782225251 10.18003296107054 76.47511783987284 14.40690983086824 1.136628016829491 67.52169179916382 74.36634689569473 2.19973424077034 105.6637466177344 970.7065934315324 190.3973209708929 270.1237617880106 539.8796208798885 15.88271343708038 103.9854258522391 1.674502909183502 67.80430244654417 6.577141672372818 311.3153973966837 8.526750423014164 4.703108951449394 5.288469195365906 123.5187624171376 224.985069103539 49.91627061367035 68.11294032633305 1860.382744275033 0 26.53540316224098 69.39575379341841 2043.294621057808 199.6853869557381 237.1581305786967 1.183762669563293 6.807033859193325 39.83367263525724 83.51276006549597 19.50885280966759 313.9750755056739 10.0763751193881 289.6958767548203 76.19187630712986 153.3363434672356 31.68143638968468 5.2181416451931 9.597925186157227
