1052.1936506778 0 114.1649032607675 4.752163134515285 0.1228424161672592 33.17003705352545 3547.387164980173 841.4446789547801 1.903031349182129 190.9540794864297 24.69533675909042 4.935894668102264 1.121994167566299 6035.475247956812 0 0.1000679209828377 219.7881912812591 3.15755507349968 8.985761202871799 31.01169773936272 76.60826136916876 0 168.5428664460778 39.56541055440903 0.1219233646988869 78.84108693152666 24.0640967041254 134.1782111003995 2927.699783690274 2700.919068545103 0.9479739516973495 0.3725840672850609 64.49192125350237 121.006975710392 1.528731301426888 36.85504244267941 1.829031221568584 96.62345317751169 25.63942627608776 8.122881926596165 2.34450426697731 0 1.086852386593819 0 0 0 0.3466587215662003 0 0 0.4776277989149094 0.6900534927845001 1.029143795371056 0.2486795634031296 0 0.18775475025177 0 0 0 0 0 0 0 0.2500735819339752 0 0 0 4.407825879752636 0 0 1.044308021664619 3.002860508859158 0.1713703572750092 0.11538415402174 0 0 0 0 0.1655164957046509 1.375148877501488 0 0 0 1.745698809623718 0 0 0
0 140.5784486085176 260.9723164886236 4.593010485172272 0.7651064470410347 0.2652083411812782 2.534820802509785 0.5784817710518837 906.6974939852953 0.4834577813744545 167.7316826656461 4.476334936916828 1231.136991254985 0.6359841376543045 14.09959673881531 102.6230639815331 17.17987480759621 6.649936676025391 58.28518430888653 0.2578024566173553 9.716129586100578 3244.762792557478 8.506502583622932 1025.636105045676 1120.256997168064 575.624468319118 11398.08500694484 28.75015995651484 0.7817356586456299 0.1163023337721825 87.39179502427578 0.5333124995231628 0.1215563863515854 29.41312946379185 0.181726485490799 22.00076443701982 147.0451039969921 141.0489388927817 21.69048443436623 7.068902797996998 0 303.1972848027945 0 0 978.0407269150019 148.7175424769521 0 0 0 0.5456635802984238 0.2401686683297157 13.42292365431786 0 5.775040954351425 0 28.02878856658936 0 0 7.784568265080452 26.66657601296902 6.565934672951698 76.29686291515827 0 0.3491728901863098 154.5500416010618 2.3614881336689 17.09458720684052 109.6766577959061 425.3467041924596 2696.254570618272 0.5952132493257523 0.2003528922796249 2.300746917724609 7.764606200158596 0 0 3.746180638670921 0.3061270713806152 10.44886913895607 20.5576214119792 5.378576077520847 3.817548185586929 0.5150198936462402 0 1.526474848389626 0
114.1649032607675 260.9723164886236 4728.589497514069 27.24503690004349 0.09242761135101318 55.7518597021699 1199.261820010841 231.4944060370326 4.998458370566368 249.4867719784379 28.16579010337591 1.618354588747025 1.7622991502285 346.7189411297441 0 7.138772636651993 4090.107073076069 18.08355926722288 151.5384741052985 24.27280420809984 676.3160547465086 13.35399919748306 7034.535822927952 114.2323433086276 0.9997474998235703 7607.465727552772 6460.329718023539 285.0211201608181 115.0820405706763 550.2520305067301 49.65403888374567 0.5264503806829453 4.885106883943081 518.3187843561172 13.67475616931915 1425.674896657467 874.8037250638008 1318.329906068742 482.4419110938907 29.06917595118284 2.623445585370064 0.4689988940954208 2.57305034250021 0 166.3299998492002 797.813666164875 0 0 0 1.867388993501663 0.08668351173400879 5.657879203557968 0 0.9583979547023773 0.12087282538414 6.325710631906986 0.2332209348678589 0 12.26918698102236 37.53614831715822 1.197580344974995 10.99365279823542 0 1.257878199219704 103.3756830021739 56.44227114319801 13.93454602360725 2.577967077493668 107.4315708130598 2246.337132327259 3.423521116375923 0.7948178946971893 0.3551530465483665 1.077023327350616 0 0 5.016642391681671 3.198626041412354 18.95238766074181 225.968445032835 12.67363460361958 4.458205819129944 0.4502473473548889 0.457518458366394 0 0
4.752163134515285 4.593010485172272 27.24503690004349 3578.959028363228 2.974275924265385 62.38492169231176 257.3160574585199 53.55408465117216 702.2718257680535 2655.131902858615 3.364028915762901 3134.761704429984 0.4563209488987923 63.30242640525103 96.57633667439222 28.18184004724026 9.094215966761112 0.5142983347177505 1.522054567933083 3715.614545069635 15.62341204285622 17.01991678774357 91.81767386943102 1414.551972597837 3.187386408448219 14.6933668628335 22.82753735035658 6086.925550147891 138.2715287655592 8.949091985821724 0.1089522391557693 0.2625903263688087 8.871846877038479 40.20793350785971 10.55536018311977 230.3359261676669 3.288354970514774 164.101047553122 69.50115428864956 161.4272038713098 8.642549365758896 0.3677930235862732 4.17775920778513 0.3856900185346603 0.325089693069458 0.3236643075942993 156.7771925926208 0 15.38690551370382 60.29507021605968 30.0987691283226 194.4678202643991 95.26269679516554 0.6629982590675354 172.4709727466106 0 11.50423166155815 37.57828062772751 1.9067662358284 0 0 0 61.80373197793961 0.2228487133979797 1.792467460036278 0.8412512391805649 665.0931738093495 0 0 2.966383092105389 197.1974574625492 5.777183897793293 2.905853413045406 0.2296405732631683 0.1149193048477173 1.389295384287834 2.815247535705566 3.644446715712547 57.92556685209274 0.3046688437461853 9.173679903149605 2.257490441203117 168.456783413887 0.2905391752719879 1.942731559276581 0
0.1228424161672592 0.7651064470410347 0.09242761135101318 2.974275924265385 0.7781120538711548 276.8457778692245 0.6194968000054359 7.536566458642483 58.41313810646534 23.45709525048733 149.3559183999896 82.95741029828787 10.13358224183321 1.570382341742516 981.9150250777602 0 0.963505782186985 5.386855445802212 5.648233808577061 13.81998047977686 0.5884271413087845 0.8636074066162109 1.726908169686794 10.10264497995377 0.584025040268898 6.737274743616581 2.120599880814552 1.874540410935879 10.72154481709003 0.223946675658226 0.9679117277264595 39.84484529495239 0 774.77112749964 2.377052411437035 43.31928718835115 11.33437928557396 565.3581729456782 123.8121578320861 2435.111629761755 126.4503274708986 9.786958053708076 10.2866722792387 0 0 0 0.3921338468790054 0 0 0 0 1.786152079701424 0.575793445110321 0 0.4062159657478333 0.1138656958937645 0.14885313808918 0.4341689646244049 0 0 0 0 0.7520349025726318 0 0 0 1.900322444736958 0 0 0.1301903426647186 1.330457583069801 0 0 0 0 0 0 0 1.135768614709377 0 0 0 1.019714444875717 0 0 0
33.17003705352545 0.2652083411812782 55.7518597021699 62.38492169231176 276.8457778692245 11143.23642302305 1439.155479133129 4438.309694379568 42.2997712790966 6748.440146867186 182.3596983104944 3390.118859536946 20.36884592473507 577.483642090112 961.0704553127289 1.405235812067986 27.72740881890059 17.86573656648397 28.02524991333485 450.0394213348627 35.2905507683754 0.1813332810997963 127.5364585146308 31.41628224402666 3.459151893854141 42.99391598254442 15.84835457801819 159.1581710353494 332.1972791031003 39.59921927750111 5.574890345335007 266.9408876746893 7.642874732613564 630.4439428895712 15.62887524813414 221.9242699593306 28.22047553211451 780.210792593658 161.9840877503157 784.586991302669 738.7906190529466 6.185143992304802 16.3321894928813 0 0 0 4.501289173960686 0 2.40330745279789 8.32786025851965 1.600198246538639 10.92548206448555 3.939443320035934 0 8.901909545063972 0.1909681558609009 1.848039723932743 3.01311106979847 0.3595951795578003 0 0 0 0.1538823693990707 0 0 1.217337429523468 42.18723553419113 0 0 1.620304375886917 16.81380899995565 0.6509815007448196 1.803124949336052 0 0 0.1748607158660889 0 0.5931325554847717 4.396851159632206 4.583814688026905 0.5430415123701096 0.2552564740180969 8.175599351525307 0.4969815015792847 0 0
3547.387164980173 2.534820802509785 1199.261820010841 257.3160574585199 0.6194968000054359 1439.155479133129 18031.07384518534 1453.899168521166 396.1625889092684 15567.86385349929 37.07832157611847 21.9809280410409 2.07165215909481 5589.9851763919 6.336698830127716 139.8572789281607 626.9953734874725 4.657946921885014 20.06358575820923 575.5978939607739 2660.991424962878 17.78651797771454 4838.139979220927 2609.632349073887 2.030767768621445 358.5885629579425 589.5284189581871 16017.81493992358 1176.25549826771 6176.581465184689 1.842264033854008 1.019420936703682 74.68692325800657 216.9161565154791 45.97330103814602 561.5739239603281 28.15571048855782 567.9343629702926 262.3482788950205 42.7368438616395 19.12281289696693 0.1093596220016479 8.99116750061512 4.489170551300049 0.6601971462368965 7.317746087908745 103.7855130508542 0 29.78737243264914 240.2131943777204 99.13336922973394 216.3281104788184 87.8139388859272 2.408947259187698 25.49696284532547 0.2659646570682526 58.78192955255508 13.69526648521423 10.63370920717716 0.1263351738452911 0 0 69.6288757994771 4.163878299295902 5.501393690705299 15.91771201044321 1157.152580477297 0 0.9913444817066193 40.73654469102621 564.3170757815242 29.79596963524818 31.69939097762108 0 1.665797002613544 3.288847424089909 7.289148814976215 8.978066384792328 117.6005698591471 1.465247958898544 30.52851789444685 12.43256188929081 159.384897634387 5.685269206762314 0.6679289937019348 0.8200648874044418
841.4446789547801 0.5784817710518837 231.4944060370326 53.55408465117216 7.536566458642483 4438.309694379568 1453.899168521166 14279.91772188246 7.493170186877251 2883.693434577435 686.8658521026373 402.5117772966623 57.12717209756374 7615.896790128201 48.24713704735041 0.921057716012001 440.2826746478677 60.79736799746752 81.4224798604846 333.5715014412999 93.54790058732033 0.5062898993492126 252.2671745195985 145.2428312972188 5.311133496463299 251.0277289971709 51.62750336527824 215.6570550575852 1774.876099321991 1113.972390979528 15.33371812105179 49.08704320341349 8.805537559092045 943.393337443471 17.72220372408628 515.1462809592485 63.28051021695137 1591.588317498565 282.9611530825496 335.1932575553656 97.44229820370674 18.60750330239534 28.32430878281593 0 0 0 1.632035151124001 0.1170646026730537 0.2292245477437973 4.179060898721218 1.985244832932949 6.64761807769537 0.941095158457756 0.210215836763382 1.409927524626255 0.6064107716083527 0.4660723507404327 0.1517214179039001 0.08427605032920837 0 0 0 3.00567951798439 0 0 0 23.3205358684063 0.4516357108950615 0.1635537520051003 1.034515865147114 8.133540995419025 0.09576914459466934 0.276162713766098 0 0 0 0 1.089487552642822 2.641031056642532 0.2047471478581429 0 0.4884465560317039 1.516133412718773 0 0.1101685836911201 0
1.903031349182129 906.6974939852953 4.998458370566368 702.2718257680535 58.41313810646534 42.2997712790966 396.1625889092684 7.493170186877251 809.5879983901978 199.896920196712 7.365338653326035 713.7306905314326 34.47235753387213 6.127887688577175 992.3383886516094 54.83100134134293 0.9668853208422661 0.3747525811195374 0.941262848675251 359.0854094550014 25.41541950404644 2751.798572853208 30.06267326325178 8047.722576521337 114.7512768879533 11.51128027588129 557.6021798104048 731.0592504739761 22.14099698513746 11.07630490511656 4.095338523387909 0 5.633503817021847 13.88215282559395 4.426658414304256 55.09205594658852 8.410466410219669 28.81585930287838 15.78238039463758 563.9807038009167 3.368559569120407 3.979584336280823 1.389499843120575 7.19690015912056 3.210556477308273 0.9181804955005646 61.12917236238718 1.224788531661034 13.92402364313602 106.2739115580916 47.86039908975363 391.4189771190286 48.36849249154329 2.143460243940353 123.8337500989437 0.2877412512898445 26.02690674364567 106.6334164887667 87.43431151658297 0.7483599558472633 0.2344969436526299 0.2723059430718422 45.81820677965879 22.18109309673309 7.032994203269482 11.1542701497674 1573.449511513114 0 0.7641166746616364 20.60519695281982 427.8254113644361 36.64003080129623 83.63601523637772 0 0.9289321750402451 3.99166027456522 8.087170742452145 13.53474971652031 101.7835167124867 0.9949585422873497 25.13635396212339 17.40908963978291 176.4649060443044 2.802542626857758 0.3790326863527298 1.600140571594238
190.9540794864297 0.4834577813744545 249.4867719784379 2655.131902858615 23.45709525048733 6748.440146867186 15567.86385349929 2883.693434577435 199.896920196712 37977.18067416549 117.8109438568354 2892.795574657619 6.141119487583637 1873.775849081576 160.7430646196008 6.925078243017197 115.6958566233516 24.05168814957142 48.75963152945042 5220.757539816201 173.3191465213895 1.645648270845413 653.3266847282648 515.2549619525671 2.242258213460445 127.44214181602 53.055415160954 8397.732588976622 1396.165515616536 159.1442203074694 4.799698129296303 7.168377384543419 32.67024031281471 327.8707267194986 43.72585421800613 864.1793412342668 41.56539245694876 1096.876065380871 256.0095673054457 376.3527949973941 40.88195884227753 2.106648571789265 13.43650057911873 0.6311692669987679 0 0.5580636486411095 73.82126621901989 0.4604127109050751 11.14673509448767 57.46466404944658 24.90725113451481 78.86069535464048 33.52404250949621 0.1525907814502716 41.6189358830452 0 14.94192255288363 18.87940795719624 0.582477018237114 0 0 0 23.63776261359453 0 0.7961975708603859 2.034543953835964 442.7106427997351 0 0 6.129281334578991 154.2608652114868 2.702996447682381 4.800728797912598 0 0 0.7440382763743401 1.025380656123161 2.487319350242615 31.14631377160549 0 4.091526709496975 0.9839459955692291 78.87999024242163 2.616799503564835 0 0
24.69533675909042 167.7316826656461 28.16579010337591 3.364028915762901 149.3559183999896 182.3596983104944 37.07832157611847 686.8658521026373 7.365338653326035 117.8109438568354 7540.741298660636 45.03467249125242 1936.543366320431 504.0849111005664 0.7628075629472733 1.327407948672771 680.659745670855 1316.085267782211 2768.200195118785 32.8523220717907 8.629029721021652 21.63856390118599 111.3927002698183 17.68122333288193 1242.517357327044 1154.721511378884 1498.523105420172 9.600454442203045 784.965703561902 50.55657936632633 656.4530426561832 380.8411466777325 11.43506707251072 6054.6857560426 4.942692153155804 620.5136659964919 4554.320982664824 5486.299889393151 1689.330722466111 36.07045585662127 30.01763188093901 894.9507567360997 9.96330900490284 0 4.976805604994297 0.5928468406200409 0 0 0 0 0 0 0 71.97846712917089 0.1086544468998909 488.0177352502942 0 0 0.09503325074911118 0.143766462802887 3.403802074491978 1.319657571613789 0 0 0.1520972400903702 0.2358591482043266 0.7101911753416061 255.8176455572248 25.03210771083832 50.77389922738075 0 0.2162705808877945 0 19.03111365437508 0 0 0.1048922017216682 2.457053162157536 7.44947361946106 94.70838603377342 0.8799397498369217 0 0 0 33.85298428684473 0
4.935894668102264 4.476334936916828 1.618354588747025 3134.761704429984 82.95741029828787 3390.118859536946 21.9809280410409 402.5117772966623 713.7306905314326 2892.795574657619 45.03467249125242 6581.431223250926 2.903341345489025 258.0601028054953 1856.403215318918 0.1609151512384415 2.999036066234112 7.041289538145065 15.81680462136865 4655.463488735259 0.6995727345347404 10.12884612381458 3.239121817052364 157.7782752215862 12.17518536746502 12.80129055678844 8.492580391466618 254.6535083502531 289.6881904676557 3.588490813970566 1.559758596122265 2.594779618084431 0.3208825588226318 86.7904894426465 142.1550953537226 510.3188365548849 9.61432570964098 322.7988241612911 53.46147494018078 1681.762538917363 16.71403162181377 0.7522331476211548 2.250662095844746 0 0.2350229173898697 0 45.19074732810259 0.211735874414444 7.156429916620255 11.03704898804426 8.470320746302605 135.7498442754149 29.21298284828663 6.21045970916748 127.6909870356321 0 2.085209079086781 58.42410259693861 0 0 0 0 27.35187873244286 0.1872329264879227 0.4152086675167084 0.2226130813360214 331.3982780277729 0.1125055029988289 0 1.003300219774246 64.5987187102437 1.088735610246658 0.4875081330537796 0 0 0.3473970293998718 0 87.68000787496567 52.97098515927792 0 2.036774531006813 0.6753509044647217 312.2204634100199 0 7.839300826191902 0
1.121994167566299 1231.136991254985 1.7622991502285 0.4563209488987923 10.13358224183321 20.36884592473507 2.07165215909481 57.12717209756374 34.47235753387213 6.141119487583637 1936.543366320431 2.903341345489025 1290.756350874901 23.0826715156436 0.3912791088223457 6.193858750164509 10.09085350483656 4.960413083434105 0.8889594972133636 2.523201458156109 4.214884512126446 117.9551382288337 17.04253827780485 41.45632553845644 3354.734292976558 97.50175735354424 2713.39954187721 5.871474668383598 32.49607287347317 2.657448299229145 544.4135522544384 22.19709976762533 0 597.7695052102208 65.70105656981468 1055.409069813788 3071.145041435957 3337.75857205689 841.6843100711703 89.57271253317595 168.4619852006435 833.900641463697 6.741959661245346 0 19.64304678142071 0 0 0 0 0.08222637325525284 0.107285164296627 0.1861800402402878 0 218.1769040971994 0 1644.556203901768 0 0 4.099451065063477 0 16.07323776930571 4.72965431958437 0 0 1.054125785827637 0 1.820967637002468 1051.789164893329 98.55676027387381 178.0056289434433 0.1809948682785034 0.107384629547596 0 76.57507713139057 0 0 0.4974104911088943 18.84985676407814 244.1331059336662 250.2412156760693 5.539612554013729 1.133174285292625 13.39874017238617 2.538291692733765 92.26579251140356 4.988431930541992
6035.475247956812 0.6359841376543045 346.7189411297441 63.30242640525103 1.570382341742516 577.483642090112 5589.9851763919 7615.896790128201 6.127887688577175 1873.775849081576 504.0849111005664 258.0601028054953 23.0826715156436 8446.140838518739 9.695824638009071 1.446612522006035 790.5524372309446 61.05895964056253 100.5713647603989 297.3349697217345 180.6281837522984 0.4233238771557808 431.932442098856 288.9505487307906 4.487107187509537 339.2930598780513 92.88366904109716 449.9996538832784 5923.104425147176 3206.192802555859 13.43158666044474 15.78263919055462 35.46253770589828 911.5059877187014 11.83824052661657 423.8402128964663 40.89616052806377 1043.418858781457 147.6027801781893 162.728087849915 21.23836980760098 1.583918407559395 4.975552648305893 0.236547127366066 0 0.170930415391922 1.01484888792038 0 0.6720527112483978 7.225174702703953 1.839298464357853 3.089152410626411 1.823007516562939 0.2735026478767395 1.880755744874477 0.091115802526474 0 0.3637491166591644 0 0 0 0.0989658385515213 0.1301943510770798 0 0 0 14.56291311234236 0 0.3012340813875198 2.958858877420425 12.20645839720964 0.3806123808026314 0.1250472217798233 0.1053285747766495 0 0 0.4581312537193298 2.048030346632004 3.579340450465679 0.2086526155471802 0.189048707485199 0.7851926386356354 3.237023994326591 0 0 0
0 14.09959673881531 0 96.57633667439222 981.9150250777602 961.0704553127289 6.336698830127716 48.24713704735041 992.3383886516094 160.7430646196008 0.7628075629472733 1856.403215318918 0.3912791088223457 9.695824638009071 242.6289817541838 0.1784627735614777 0.08127317577600479 0.1567337214946747 0.1100727245211601 307.1651852056384 0 30.01376681774855 0 375.6432593539357 0.5376921519637108 0.1855719313025475 6.472648695111275 23.00886756926775 16.75285793840885 0 0 162.3781613409519 0 3.391417853534222 0 77.24851194024086 0 3.886689893901348 0.900032639503479 753.5737581253052 75.66236796975136 0 0 0 0 0 6.664449341595173 0 0.9027396589517593 2.565698616206646 1.408124446868896 30.3491922840476 2.064530052244663 0 14.26459042727947 0 0.1493410021066666 9.786350443959236 0 0 0 0 3.773199811577797 0.1210953071713448 0.8253088593482971 0 50.58855079859495 0 0 0 10.97360099107027 0.2447357177734375 0.7182857990264893 0 0 0 0 0 14.9001862257719 0 0.2173277661204338 0.1280734241008759 43.1396140307188 0 0 0
0.1000679209828377 102.6230639815331 7.138772636651993 28.18184004724026 0 1.405235812067986 139.8572789281607 0.921057716012001 54.83100134134293 6.925078243017197 1.327407948672771 0.1609151512384415 6.193858750164509 1.446612522006035 0.1784627735614777 3225.033605650067 11.98517756909132 0.2199404537677765 1.115540117025375 0.7794671356678009 3452.865689516068 3928.35970890522 6916.356590539217 3551.000924356282 8.287901923060417 2.10248364508152 4536.196928329766 3229.374100491405 11.6385231539607 41.20925559848547 0.2243606522679329 0 5.332280389964581 64.15978620946407 117.9638273119926 3063.890949785709 491.7015948146582 478.5161832720041 1271.231503307819 152.9039369225502 2.977414220571518 1.245428860187531 16.60428338497877 12.52957490086555 1.474872559309006 5.633201852440834 1.615377560257912 0 2.239158414304256 37.32619368284941 19.20023438334465 38.60860621929169 2.914039000868797 0.3796826675534248 0.9681457728147507 0 17.2337633818388 1.268128179013729 4377.771647393703 1.165669292211533 0 0.3916863650083542 0 317.9918962866068 2291.21874576062 1199.018628127873 713.771922826767 0 0.7656058892607689 552.9940945580602 385.6178856045008 47.63081575185061 221.7178174555302 0.1196537166833878 0 3.782082870602608 8.669421337544918 7.528218969702721 110.9405428543687 1.474532380700111 19.21473799645901 16.29688865691423 21.0970751568675 2.410540647804737 0 0.8046474456787109
219.7881912812591 17.17987480759621 4090.107073076069 9.094215966761112 0.963505782186985 27.72740881890059 626.9953734874725 440.2826746478677 0.9668853208422661 115.6958566233516 680.659745670855 2.999036066234112 10.09085350483656 790.5524372309446 0.08127317577600479 11.98517756909132 569.9686108902097 485.4876301512122 4856.859367005527 19.81925148516893 1286.746067799628 4.912455953657627 3969.461223699152 27.25331518799067 1.942304141819477 1278.847955174744 5345.319383472204 281.165049828589 724.7372579872608 1569.047249533236 27.29758255928755 1.716919921338558 87.82207681238651 2264.756009235978 13.58711099624634 959.0527270659804 1651.787730231881 2399.274635002017 545.9204029887915 19.1944730207324 2.315171770751476 9.386632196605206 3.402759298682213 0 20.20508045703173 15.13287272304296 0 0 0 1.569108821451664 0 0.4513147249817848 0 0 0 1.733025230467319 0 0 1.211191937327385 3.322613477706909 2.044659800827503 9.261312730610371 0 0.5282237380743027 1.003694608807564 1.271583721041679 3.011193238198757 1.843562498688698 36.06163401156664 116.4791118502617 0.976332388818264 0 0 1.26145551353693 0 0 0 2.222958996891975 4.861896827816963 21.67428804188967 0.3131431043148041 0.4957491755485535 0.7091707140207291 0 0 0
3.15755507349968 6.649936676025391 18.08355926722288 0.5142983347177505 5.386855445802212 17.86573656648397 4.657946921885014 60.79736799746752 0.3747525811195374 24.05168814957142 1316.085267782211 7.041289538145065 4.960413083434105 61.05895964056253 0.1567337214946747 0.2199404537677765 485.4876301512122 347.9620678648353 2717.90202344209 5.352764591574669 1.442173182964325 0.1153776124119759 18.58995798975229 1.878291763365269 11.67512211948633 913.2756287381053 128.5858680531383 2.066326573491096 79.88061042129993 11.08274540305138 12.59021870046854 21.35585793852806 1.561171114444733 494.3615671545267 4.464879564940929 365.1750203445554 891.1502556428313 1209.827462345362 263.9469561874866 8.384634077548981 0.9441164284944534 12.33823066949844 0.7654754966497421 0.08900462836027145 7.173415251076221 0.3988342508673668 0 0 0 0 0 0 0 16.58182132989168 0.1092697530984879 73.13145487755537 0 0 0 0.4563013911247253 6.951270885765553 5.200390256941319 0 0 0.6688495278358459 0 0.3917352706193924 28.8974220380187 47.62234334647655 98.62884973734617 0.2060169726610184 0 0 19.02352491021156 0 0 0 3.443467170000076 2.837683632969856 23.81038447469473 0.581613801419735 0 0 0 0.5856185257434845 0
8.985761202871799 58.28518430888653 151.5384741052985 1.522054567933083 5.648233808577061 28.02524991333485 20.06358575820923 81.4224798604846 0.941262848675251 48.75963152945042 2768.200195118785 15.81680462136865 0.8889594972133636 100.5713647603989 0.1100727245211601 1.115540117025375 4856.859367005527 2717.90202344209 2230.114035256207 12.80156202614307 14.08452223986387 1.020180709660053 119.3224874511361 6.718284584581852 9.434312157332897 3026.36614626646 891.9557747468352 8.269625075161457 160.9359802156687 36.27662321180105 9.124979212880135 31.90979682654142 4.664659857749939 4210.81254914403 11.0539491251111 1530.632721655071 1685.688231363893 3468.537256658077 768.1887736693025 23.75774840265512 0.5265060663223267 1.271319925785065 4.972828760743141 0 123.4302831888199 1.418982855975628 0 0 0 0.1004112511873245 0 0.2126557230949402 0 13.44382726401091 0 24.38839471340179 0 0 0 2.545407369732857 18.89675407856703 61.30594301223755 0 0 2.877673715353012 0.5112848058342934 0.359660416841507 47.78261300176382 229.1487569138408 582.4555377885699 0.09388953447341919 0 0 14.38294242322445 0 0 0.1030744835734367 8.689515449106693 5.348711855709553 68.89166072756052 1.218387693166733 0.377235934138298 0 0.2244775295257568 0 0
31.01169773936272 0.2578024566173553 24.27280420809984 3715.614545069635 13.81998047977686 450.0394213348627 575.5978939607739 333.5715014412999 359.0854094550014 5220.757539816201 32.8523220717907 4655.463488735259 2.523201458156109 297.3349697217345 307.1651852056384 0.7794671356678009 19.81925148516893 5.352764591574669 12.80156202614307 841.1193837672472 9.745640732347965 0.4983599185943604 37.35188838839531 313.0539849251509 0.3966406285762787 22.3001177534461 7.485088810324669 1820.33520219475 515.6896508336067 19.96424715965986 1.44874569028616 2.240864396095276 7.290820755064487 145.8796755596995 27.58262174576521 774.717343814671 20.6280452683568 537.8089954555035 166.7601649090648 530.7079573571682 33.41206557303667 0.3943310976028442 9.334182158112526 0 0 0.1508179008960724 27.61654715240002 0 5.52903513610363 14.35539960861206 8.768337987363338 56.44393754005432 16.1500845849514 0 47.72034606337547 0 3.942687854170799 15.49132709205151 0.182386040687561 0 0 0 12.05905539542437 0 0 0.7027761340141296 170.3751217275858 0 0 0.3541596308350563 50.3677626401186 1.038100861012936 0 0 0 0 0.5102797746658325 0.7647843360900879 21.11537176370621 0 0.7947625517845154 0.2114458382129669 69.89341501891613 0 0 0
76.60826136916876 9.716129586100578 676.3160547465086 15.62341204285622 0.5884271413087845 35.2905507683754 2660.991424962878 93.54790058732033 25.41541950404644 173.3191465213895 8.629029721021652 0.6995727345347404 4.214884512126446 180.6281837522984 0 3452.865689516068 1286.746067799628 1.442173182964325 14.08452223986387 9.745640732347965 11248.65713815391 363.1906902045012 14189.01048581302 233.0645610913634 1.099630326032639 72.75729873031378 344.9215624779463 5113.547880657017 272.5142829716206 8236.684274338186 0.1761068999767303 1.057166442275047 60.60349376499653 2716.362907469273 264.5194965898991 5858.730013884604 284.2983816638589 4055.749781906605 3755.955119945109 231.5465664342046 11.19547455757856 3.876178115606308 32.02220337092876 11.47689840942621 0.5373222678899765 2.106648743152618 1.85303608328104 0 0.9688599556684494 27.79822743684053 10.30342494696379 17.86790293455124 2.638145104050636 0.369771420955658 0 0.102967843413353 9.965074360370636 0.3714878857135773 484.9830464497209 0.9517205283045769 0 0.6277560442686081 2.298642873764038 119.0547304600477 123.392387881875 29.95716281980276 377.6771198734641 0 0 11.14989890158176 231.689123287797 24.2377460077405 108.119157962501 0 0.5541704893112183 2.06158160418272 3.528784692287445 8.213426761329174 81.05926050245762 0.6312672197818756 13.796007797122 7.122684247791767 3.819919437170029 1.608162462711334 0 0.3650549352169037
0 3244.762792557478 13.35399919748306 17.01991678774357 0.8636074066162109 0.1813332810997963 17.78651797771454 0.5062898993492126 2751.798572853208 1.645648270845413 21.63856390118599 10.12884612381458 117.9551382288337 0.4233238771557808 30.01376681774855 3928.35970890522 4.912455953657627 0.1153776124119759 1.020180709660053 0.4983599185943604 363.1906902045012 1460.988859772682 276.0147642195225 6468.938147068024 404.0722094997764 30.67364846915007 5944.292816013098 215.9099898785353 8.816832281649113 119.2476720958948 13.74389743059874 0.1022543609142303 5.715494364500046 17.86680515855551 5.47580423951149 165.0122489929199 26.79278495907784 31.58832763135433 36.2108513340354 20.02637445926666 0 17.09433091431856 0.48851478099823 4.882899381220341 41.18930642306805 6.798184633255005 0.1400813609361649 0 0.2215773612260818 10.41227224469185 2.99261786788702 30.63553265482187 0.677221268415451 0.1763363480567932 1.274389714002609 1.50249432772398 3.814483374357224 0.9971127808094025 1833.809278264642 0.347875289618969 0 0.7000477015972137 0 78.42544607818127 301.3920867294073 422.3698118031025 232.6521452367306 0.5212573185563087 4.577739760279655 744.2231748178601 90.12168598175049 11.58127865195274 55.81397718191147 0.6622026786208153 0 1.124734304845333 2.896420620381832 3.311313882470131 20.12897568196058 1.993185758590698 4.363777033984661 6.237890362739563 1.850187599658966 0.2174227088689804 0 0.1826540380716324
168.5428664460778 8.506502583622932 7034.535822927952 91.81767386943102 1.726908169686794 127.5364585146308 4838.139979220927 252.2671745195985 30.06267326325178 653.3266847282648 111.3927002698183 3.239121817052364 17.04253827780485 431.932442098856 0 6916.356590539217 3969.461223699152 18.58995798975229 119.3224874511361 37.35188838839531 14189.01048581302 276.0147642195225 19798.51443068683 1104.94804957509 1.386621043086052 792.641715593636 7056.655069932342 3661.238030657172 210.282269962132 3895.496537916362 8.6617221981287 4.412565536797047 36.63632302731276 3014.125745296478 287.310183942318 9830.549814812839 2524.816620565951 7584.365949817002 8424.480948239565 459.5012671500444 33.93756563961506 12.36584297567606 65.01163078099489 1.250984407961369 5.148989036679268 190.7031678035855 1.862501978874207 0 0.6916773393750191 22.81631571054459 3.687257654964924 11.095673404634 2.380244873464108 0 0.8187667280435562 0 7.892383061349392 0.1813873201608658 1489.712654642761 0 0 0.8427864909172058 1.147674381732941 54.99776486307383 557.5194223895669 780.1722562089562 189.602792032063 0 3.563361264765263 1191.187391534448 106.3301260247827 8.003193564713001 53.9306527748704 0 0 0.4776004627346992 1.257849507033825 28.79146269708872 47.62872395664454 0 7.372997872531414 3.573609203100204 4.302200704813004 2.101759344339371 0 0
39.56541055440903 1025.636105045676 114.2323433086276 1414.551972597837 10.10264497995377 31.41628224402666 2609.632349073887 145.2428312972188 8047.722576521337 515.2549619525671 17.68122333288193 157.7782752215862 41.45632553845644 288.9505487307906 375.6432593539357 3551.000924356282 27.25331518799067 1.878291763365269 6.718284584581852 313.0539849251509 233.0645610913634 6468.938147068024 1104.94804957509 10480.68048309535 130.2897605895996 30.97232077270746 2250.502089098096 9074.149373658001 1427.227100558579 336.8257348909974 5.204637221992016 0.6044628396630287 460.3200468569994 671.4473323598504 274.7899339497089 2355.619066916406 91.86859854310751 1208.478397116065 991.2547459974885 367.6778375059366 32.63246965408325 7.762559249997139 29.38235291838646 28.61928281188011 9.13219827413559 7.379846088588238 201.7080616503954 0.494457334280014 50.4217691347003 378.5810363292694 164.2531290799379 1217.141115702689 162.60857000947 4.039547219872475 86.68025554716587 1.16751828789711 94.87369904667139 75.84854184091091 158.9980607777834 1.562611810863018 0.8211894109845161 1.525457590818405 88.10949578136206 48.61562764644623 122.4559052959085 52.7732450440526 3607.066432058811 0.2817094922065735 2.431484378874302 73.93658009916544 1470.313363224268 109.7497844919562 152.4620011374354 0.1234905123710632 4.433119043707848 7.497935242950916 21.18619681894779 34.41817437112331 358.6272578760982 3.753201372921467 69.03175110369921 52.49951750785112 309.8238235488534 12.27462080866098 0 2.541128292679787
0.1219233646988869 1120.256997168064 0.9997474998235703 3.187386408448219 0.584025040268898 3.459151893854141 2.030767768621445 5.311133496463299 114.7512768879533 2.242258213460445 1242.517357327044 12.17518536746502 3354.734292976558 4.487107187509537 0.5376921519637108 8.287901923060417 1.942304141819477 11.67512211948633 9.434312157332897 0.3966406285762787 1.099630326032639 404.0722094997764 1.386621043086052 130.2897605895996 633.6265379413962 433.6139236241579 4908.837859809399 13.71520103514194 4.770444788038731 0 548.2655116468668 1.833100497722626 0 192.3341393917799 1.64690887928009 587.3945739418268 522.2124445661902 826.4840892329812 232.5546123385429 125.1552702784538 29.74068443477154 628.7988984137774 13.6046621799469 0 50.42789615690708 0.5634075701236725 0.1254620850086212 0 0 0 0 0.9495900273323059 0 156.782451801002 0 1751.30672070384 0 0 0.215031310915947 0.4089129865169525 12.70050301402807 5.70499461889267 0 0.531680703163147 12.17284972965717 0 2.957414962351322 511.8500781655312 164.8855804279447 904.0295562669635 1.091129779815674 0 0 100.1083904132247 0 0 0 1.767891407012939 400.9628460779786 69.75857759267092 3.274570733308792 0.5342923700809479 31.12205302715302 0 12.14105212688446 0
78.84108693152666 575.624468319118 7607.465727552772 14.6933668628335 6.737274743616581 42.99391598254442 358.5885629579425 251.0277289971709 11.51128027588129 127.44214181602 1154.721511378884 12.80129055678844 97.50175735354424 339.2930598780513 0.1855719313025475 2.10248364508152 1278.847955174744 913.2756287381053 3026.36614626646 22.3001177534461 72.75729873031378 30.67364846915007 792.641715593636 30.97232077270746 433.6139236241579 29465.43560539186 16203.01248001307 54.6674734801054 233.5387817695737 93.65716981887817 874.3569559454918 29.20642396807671 16.30278316885233 850.4223250970244 19.57438869029284 2046.417239479721 4786.607011467218 2577.857170417905 666.1797215119004 33.72736842930317 2.049830742180347 79.42191655933857 5.10009803622961 0.1886443421244621 734.0666109025478 131.1460608839989 0.2846519947052002 0 0 0.944017767906189 0.3011051565408707 1.221444331109524 0 218.7860167324543 0.0860232412815094 863.4793258234859 0.6163306906819344 0 2.175391644239426 111.2319350317121 101.9875957965851 284.1965695470572 0 0.4094510674476624 20.61711594462395 5.243608966469765 5.849884018301964 407.1217548847198 1261.156222045422 3196.86216147989 0.7108363285660744 0.3905735462903976 0.4565609320998192 196.9141805395484 0.2475128397345543 0 7.63758297264576 10.64022801071405 24.17812271416187 612.8756038025022 18.30954104661942 5.763965211808681 1.21547195315361 0 4.589976005256176 0.7211659848690033
24.0640967041254 11398.08500694484 6460.329718023539 22.82753735035658 2.120599880814552 15.84835457801819 589.5284189581871 51.62750336527824 557.6021798104048 53.055415160954 1498.523105420172 8.492580391466618 2713.39954187721 92.88366904109716 6.472648695111275 4536.196928329766 5345.319383472204 128.5858680531383 891.9557747468352 7.485088810324669 344.9215624779463 5944.292816013098 7056.655069932342 2250.502089098096 4908.837859809399 16203.01248001307 36082.49601957947 1079.700450010598 143.553316898644 108.3880428373814 1905.466324590147 6.939311020076275 24.93111664801836 1825.977909758687 148.6322648599744 10254.45356927067 4431.227837964892 6708.054062090814 3717.907808497548 226.1178432181478 15.13088276982307 49.37451616674662 31.76824105530977 1.909472540020943 2136.04113021493 2095.6563924402 2.142208471894264 0 0.8937679827213287 26.52682685852051 4.787163928151131 22.91058670729399 1.349740535020828 255.1536105200648 0.6179849952459335 937.234444744885 3.763724707067013 0.7846768796443939 1382.956856377423 222.0874712914228 158.4374674633145 555.9591879099607 0.7430474460124969 16.96998839080334 1447.891301311553 1932.15947253257 114.2748245969415 640.5964202806354 2464.755699127913 17327.79720409214 57.66020948439837 7.523336760699749 21.79068174213171 272.5920337513089 0.2486772686243057 0.795352965593338 15.06127618998289 44.35148400813341 95.29172792285681 938.1075880154967 46.07559288293123 30.85156092792749 5.047117739915848 0.1285373270511627 2.0068174675107 0.7929246202111244
134.1782111003995 28.75015995651484 285.0211201608181 6086.925550147891 1.874540410935879 159.1581710353494 16017.81493992358 215.6570550575852 731.0592504739761 8397.732588976622 9.600454442203045 254.6535083502531 5.871474668383598 449.9996538832784 23.00886756926775 3229.374100491405 281.165049828589 2.066326573491096 8.269625075161457 1820.33520219475 5113.547880657017 215.9099898785353 3661.238030657172 9074.149373658001 13.71520103514194 54.6674734801054 1079.700450010598 23726.33311181515 841.6894776374102 10682.04148212075 0.5203607678413391 0.7904398590326309 325.9851775988936 671.3610730320215 207.3638016879559 1790.665615357459 34.81576240807772 984.1281858757138 826.5255402028561 80.80616119503975 12.85967200249434 1.351525418460369 16.49648578464985 25.03330569714308 0.3130747973918915 3.400391712784767 181.0132010877132 0.5459495484828949 22.77792031317949 272.6028349623084 129.9883898869157 362.9942373335361 155.1430297344923 3.235031984746456 60.0993672683835 0.0934557244181633 74.6062199100852 35.14965949952602 151.0808852910995 0.9018026366829872 0.5689124464988708 0.4126406013965607 81.77395536005497 46.731709882617 47.31600415706635 28.2118114233017 2072.367645308375 0.3906820118427277 0.6095618829131126 41.8017835766077 1011.580481104553 91.05474343895912 144.7309217900038 0 2.620506659150124 5.189495466649532 16.45641166716814 18.40549805015326 248.7879446968436 3.17802469432354 61.29299204051495 36.58741047233343 228.7017102241516 10.65368044376373 3.309875965118408 2.799611568450928
2927.699783690274 0.7817356586456299 115.0820405706763 138.2715287655592 10.72154481709003 332.1972791031003 1176.25549826771 1774.876099321991 22.14099698513746 1396.165515616536 784.965703561902 289.6881904676557 32.49607287347317 5923.104425147176 16.75285793840885 11.6385231539607 724.7372579872608 79.88061042129993 160.9359802156687 515.6896508336067 272.5142829716206 8.816832281649113 210.282269962132 1427.227100558579 4.770444788038731 233.5387817695737 143.553316898644 841.6894776374102 15755.63441856205 4578.505487836897 21.20916021615267 201.4490661621094 2644.768397696316 5220.90901517123 12.32421161979437 583.0091767832637 57.46207731217146 2585.106671996415 276.9607544913888 199.8041693791747 623.5632254779339 3.352404609322548 7.898644134402275 0.7555887848138809 0.08860368281602859 0.3369090333580971 0.9048116132616997 0 0.3851343542337418 3.431427597999573 2.749420277774334 4.554048374295235 0.4021389931440353 0.186173178255558 0.844774916768074 0.4441849589347839 0.6063211113214493 0 1.011466681957245 0 0.09488526731729507 0.1042559295892715 0.1980990916490555 0.4481887221336365 0.3829864785075188 0.6300653964281082 38.19165316224098 0.2059316262602806 0.3910482302308083 1.789258480072021 21.79786869138479 1.703800775110722 3.095880046486855 0.0844433531165123 0 0 0.6763746738433838 1.052049390971661 7.951125793159008 0.3020182251930237 1.2033746317029 0.1264779269695282 2.460376478731632 0 0 0
2700.919068545103 0.1163023337721825 550.2520305067301 8.949091985821724 0.223946675658226 39.59921927750111 6176.581465184689 1113.972390979528 11.07630490511656 159.1442203074694 50.55657936632633 3.588490813970566 2.657448299229145 3206.192802555859 0 41.20925559848547 1569.047249533236 11.08274540305138 36.27662321180105 19.96424715965986 8236.684274338186 119.2476720958948 3895.496537916362 336.8257348909974 0 93.65716981887817 108.3880428373814 10682.04148212075 4578.505487836897 10175.58056343347 2.244271814823151 0.8439601138234138 621.1177029684186 2720.11020386219 73.79996201395988 1334.981123626232 14.90607726573944 1505.915212497115 775.3827265575528 33.20933420211077 3.351558588445187 0.8589744195342064 7.70498501509428 5.098956495523453 0 0.3342584371566772 0.40218585729599 0 0.3350691199302673 15.91823774576187 4.932833924889565 7.912382394075394 1.940146148204803 0.2210494726896286 0 0 2.40184810757637 1.21157693862915 16.24284234642982 0 0 0 0 4.255698665976524 0.8226668834686279 1.111304312944412 114.6593310087919 0 0 2.7149962708354 89.15444871038198 7.4367845505476 7.462583512067795 0 0 1.445484668016434 1.807560980319977 2.456914454698563 21.4698870331049 0 2.701446443796158 3.836066722869873 0.138835996389389 0 0 0
