1606.980829820037 0.6558150723576546 52.95860735327005 21.97721088677645 0 17.44745520502329 2673.062530994415 385.9957472011447 41.69713877141476 191.7560977488756 14.18316296488047 11.40563577413559 0.4213285595178604 5636.452517144382 0.1263485252857208 2.085076034069061 338.8061534836888 17.36970173567533 52.859774120152 20.66034845262766 10.91241993755102 13.04271395504475 48.91354490071535 176.7361656725407 0.13680399954319 51.92238259315491 81.80805076658726 201.019182138145 4020.576406307518 1116.665955588222 0.4079867526888847 16.00438405573368 168.7523703277111 219.1486421898007 0 100.2309149131179 39.30203337222338 73.2026356831193 28.79185271263123 4.39418002218008 3.456931427121162 0.210242435336113 0.8321485966444016 3.706596925854683 0.2932184636592865 1.101762413978577 0.6758033037185669 0 0.1640259474515915 17.70214793086052 1.093881085515022 5.558098651468754 0.6753684878349304 0.5110800489783287 0 0.2425267249345779 2.386989459395409 0 4.337683252990246 0 0 0.2370044365525246 0.3453180491924286 15.78251738101244 2.715588994324207 0.229794979095459 51.77532080560923 0 4.177610836923122 3.840469278395176 49.78535163402557 10.76196218281984 38.53409831225872 0.2823168635368347 0 1.305199109017849 3.606249563395977 0 28.09280117601156 2.709808029234409 4.279454052448273 1.917847789824009 2.521823957562447 0.3223523497581482 0 1.398455291986465
0.6558150723576546 56.80369073152542 16.56306735426188 0.514775738120079 0.4472746551036835 0.21307373046875 19.33807560801506 0.1437681168317795 642.8052939549088 2.435674294829369 34.94673348218203 2.743757791817188 684.0521631762385 0.1475710868835449 7.786856934428215 366.9673148840666 31.70954055339098 1.722271949052811 12.39448560029268 0 26.87784077972174 1979.843087136745 21.92922762036324 1214.422722443938 2421.029113210738 157.9514461904764 5401.291288845241 63.02532014250755 1.769111938774586 4.343988530337811 85.93502622097731 0.2544638589024544 0.09715607017278671 6.077702566981316 0.8021043539047241 23.72032277286053 31.98539990931749 30.87776493281126 8.257499068975449 11.60507255792618 1.253669142723083 21.78282308578491 0 0 18.34435115754604 144.127541474998 0 0 0 1.356325596570969 0.5032734349370003 0.9746904075145721 0.4072211086750031 7.341862961649895 0 22.85766386240721 0.5052227973937988 0 8.751833908259869 30.04429779201746 4.014734447002411 22.13144151866436 0 0.3575995787978172 7.733128905296326 5.338884994387627 6.190910913050175 29.2318342924118 356.3792331367731 1217.416862584651 3.121890440583229 0.1422568410634995 1.017547130584717 10.1676624417305 0 0.08381146937608719 2.570592015981674 1.008336275815964 42.91778250783682 31.64690669625998 10.17407870292664 4.667420446872711 3.810492724180222 0.7246979475021362 0.929424524307251 0.09050342440605164
52.95860735327005 16.56306735426188 2754.152238748968 6.004919484257698 0 21.0858324021101 1961.543810270727 414.7527487501502 4.945128321647644 62.80536118894815 38.26739685982466 1.146139651536942 4.369015850126743 283.1766404733062 0.332838237285614 12.51801013946533 10573.43279033899 62.12158280611038 333.3855275213718 0.8917666152119637 1711.821177400649 17.30891267955303 13406.3952421546 79.47979085892439 0.6311984434723854 5610.995678193867 7302.483495697379 1530.476470865309 58.27053701132536 991.0206730663776 26.76949486881495 6.376364029943943 7.511007659137249 815.9340714067221 4.513700574636459 1438.739974148571 2624.206100396812 1505.549748443067 797.5409649685025 32.27199424058199 7.388427264988422 5.086087688803673 9.587899401783943 2.444440118968487 63.43705149739981 1098.781724855304 0.1458543390035629 0 0.3331492841243744 33.56174369156361 5.103010945022106 2.117830634117126 1.464400619268417 4.665258124470711 0 3.337138466536999 11.10195773094893 0 55.94135234504938 200.8042378425598 2.446962177753448 51.81787595897913 0.209945023059845 21.14769002795219 57.00766356289387 190.5620020925999 39.20032501965761 2.305668331682682 550.3530341535807 1942.039150550961 29.95863022655249 4.864661529660225 19.63120973110199 6.559042312204838 0.1152060851454735 1.415818281471729 18.98768121749163 4.454826071858406 188.3792103528976 596.8907934650779 67.31493537127972 30.84513405710459 9.531413272023201 0 1.546346783638 0.7887169271707535
21.97721088677645 0.514775738120079 6.004919484257698 5915.373609825969 0.265334315598011 90.49307984113693 157.7752726748586 28.80613213777542 926.794030405581 5371.180643960834 1.952907033264637 3103.877048932016 4.896757148206234 74.65493379533291 21.70369850099087 0.9060190320014954 3.542873702943325 0.3622780218720436 1.369667433202267 7573.81537271291 0.8769132941961288 1.582321882247925 1.031536847352982 2120.517193168402 0 2.943597935140133 6.882575154304504 5453.573838412762 196.9123985394835 4.229585662484169 0 3.68145090341568 10.86500827223063 71.70277333259583 1.176942408084869 1318.013842850924 7.305247165262699 175.3112365603447 65.90311373770237 611.3340512365103 56.49040591716766 0.629058375954628 19.33311513066292 1.531284935772419 0 0.2620640695095062 123.0326750874519 0.4161267429590225 5.026013344526291 150.8117911368608 46.13841982185841 137.6710999906063 81.54167786985636 1.114490821957588 42.30990912020206 0 16.98225539177656 2.783238738775253 0.4895705729722977 0.1409801542758942 0 0.2027993649244308 101.1974518150091 1.517379596829414 0.636345699429512 0.4575857669115067 314.9131813719869 0 0.1118951737880707 0.8067943304777145 262.1490721553564 12.23552634567022 8.703888818621635 0 0.4097543954849243 0.2398869469761848 1.154141061007977 0 143.0413167253137 0.7965005338191986 11.69887579977512 3.80525678396225 180.1977981701493 2.680340364575386 0.1329155415296555 1.325044512748718
0 0.4472746551036835 0 0.265334315598011 24.5398742556572 129.8345072567463 0.4386626332998276 75.20002527534962 11.72832575440407 1.203154280781746 2.467294380068779 31.65940389037132 0 0 1412.077275663614 0 0 0 0 0.7086634933948517 0 0.5611074715852737 0.1347575485706329 7.314390569925308 0 0 0.1442456096410751 2.007714778184891 0 0.1508011817932129 0 28.18447487056255 0 9.678306758403778 0 3.419635415077209 0 13.74555292725563 5.567411720752716 904.586537912488 0.9571322798728943 0 0 0 0 0 0 0 0 0 0 0 0 0 0 0 0 0 0 0 0 0 0 0 0 0 0.1314633935689926 0 0 0 0 0 0.2073720395565033 0 0 0 0 0 0 0 0 0 0 0 0 0
17.44745520502329 0.21307373046875 21.0858324021101 90.49307984113693 129.8345072567463 7134.18280916661 1699.894919060171 6146.516399383545 63.66005277633667 5368.268497534096 54.03388296067715 3969.072821438313 6.808364152908325 312.9557132869959 785.5665787532926 0 23.49841167032719 6.017205365002155 2.690805189311504 166.9888402372599 4.279014207422733 5.536236956715584 13.66619285196066 118.5614452362061 0.0974365696310997 11.46958907693624 10.18609023094177 209.1020799353719 784.7809221670032 25.06467797607183 1.220949612557888 1058.037430346012 4.686700165271759 399.1089794039726 0.165450781583786 312.2387578636408 10.04326345026493 326.0388742759824 90.72423864901066 2306.598174452782 136.6520558148623 19.39694325625896 10.84849251806736 0.8394190669059753 0.3531328439712524 0.1047758162021637 3.670068711042404 0 0 13.47740262001753 4.35135518014431 5.746801145374775 3.122711971402168 0.8376996517181396 3.500707745552063 0 1.921421363949776 0.3096897006034851 0.6922444403171539 0 0 0 2.428469076752663 0.7752040028572083 1.7230234593153 0.148059606552124 17.20672580599785 0 0.2585271000862122 0.3276365697383881 16.07100864499807 1.286887787282467 3.640973314642906 0 0 0.1455889344215393 0.7414907887578011 0 12.95778652280569 0.8736880496144295 0.8206595480442047 0.8757931888103485 6.526587560772896 0.6948124170303345 0.745061069726944 0
2673.062530994415 19.33807560801506 1961.543810270727 157.7752726748586 0.4386626332998276 1699.894919060171 24099.93817042559 7157.23365046829 929.2639100551605 14108.24532049894 28.05927705019712 46.95377317070961 16.86703331023455 10331.18334812671 19.16530808806419 51.34768009185791 1252.517776608467 19.73855775594711 83.14266736805439 176.403507463634 1451.134661071002 99.60802098363638 1769.912171073258 2855.44478957355 2.350734934210777 737.3350604325533 835.5736968442798 19385.00203155726 2444.280491538346 7845.536879576743 18.44644736498594 68.04469752311707 275.9746310040355 618.899074934423 8.5257388651371 3977.871275261045 379.6005144417286 1298.138042107224 606.5047676935792 353.7475081458688 199.3125599846244 5.902043774724007 57.83482853323221 32.28496944904327 1.350344881415367 30.01847542077303 69.66231489181519 0.2196561694145203 4.572283208370209 664.9084728434682 131.3507164493203 245.6704521477222 59.88810916244984 3.58539629727602 8.853351049125195 0.5480952262878418 84.91133935004473 2.693856820464134 43.83010143786669 7.536408588290215 0.6648958697915077 2.973131656646729 58.66645206511021 70.97615859657526 25.5561598688364 33.27578650414944 862.7067471072078 0 18.60467027127743 83.13738663494587 1052.762130185962 115.795854203403 306.0622028708458 1.246212318539619 3.130822896957397 8.251016959547997 28.93795778602362 3.680510804057121 428.5872979238629 13.98240140080452 72.59766666591167 21.95995652675629 121.0870174914598 16.30045594274998 0 3.487535208463669
385.9957472011447 0.1437681168317795 414.7527487501502 28.80613213777542 75.20002527534962 6146.516399383545 7157.23365046829 7442.889218464494 71.73950669169426 5616.386579759419 27.41567664593458 1331.333904787898 13.48907838016748 3418.724635027349 116.9712590426207 1.419254645705223 618.6586906090379 22.60586750507355 54.13011157512665 286.9030618965626 68.23079440742731 6.623864099383354 203.3069895282388 255.6597458571196 0 99.41938216984272 173.8710590004921 346.2007731720805 1048.610150694847 1073.302849709988 0.2150008007884026 3215.88660492748 36.28689014911652 398.516343601048 1.630521282553673 569.6036522462964 88.4984784424305 367.6237387433648 174.6496946290135 696.7410575449467 192.0555486679077 5.174055710434914 14.06730503588915 3.116799265146255 0.2486728429794312 7.382635831832886 11.76356779038906 0 2.214581340551376 102.089086599648 22.25056819617748 19.73967462778091 6.881286881864071 0.1516220420598984 2.330724827945232 0 15.36559099704027 0 1.184194833040237 1.832160361111164 0.2412680014967918 0.6889189034700394 6.412533394992352 5.000657185912132 0.6335210204124451 1.478915818035603 96.70602317899466 0 4.62133976072073 9.67779153585434 117.3651537597179 8.538239851593971 23.90475075691938 0.2754302024841309 0 0.2609733790159225 2.699262082576752 0.2040603756904602 32.40335790812969 3.286795280873775 7.731942355632782 1.232981368899345 10.09435071051121 0.601845920085907 0 0.9207582175731659
41.69713877141476 642.8052939549088 4.945128321647644 926.794030405581 11.72832575440407 63.66005277633667 929.2639100551605 71.73950669169426 610.0999921709299 274.3306459188461 4.1446163803339 134.8121543377638 19.92883455753326 45.03507699817419 449.3826030790806 9.0402577444911 13.86506600677967 0.8162491172552109 1.957832589745522 403.8489946350455 4.028338201344013 2630.930561117828 10.01709321886301 9169.322949931026 134.1351223215461 9.82306019961834 457.3857676610351 2122.56296236068 207.9078362733126 283.3651446402073 6.609131038188934 6.420800685882568 19.96923890709877 32.2509113997221 1.151326045393944 300.5843031778932 18.00971181690693 60.37091287225485 36.19304201006889 302.1403266564012 11.935074262321 1.023918680846691 2.963885575532913 29.15038130432367 1.697037100791931 1.423319682478905 48.70861539244652 0.56104975938797 1.900684744119644 315.0712504535913 51.46651451289654 59.209651440382 23.14516691118479 1.127453945577145 9.431042402982712 0.6380011364817619 48.1600376740098 0.391084223985672 36.95738314837217 1.797146134078503 0.4378883764147758 0.6286791488528252 43.84258936345577 46.19526214897633 92.14597795158625 4.153147533535957 1316.484763815999 0.5655183717608452 6.120980501174927 7.208102941513062 940.0023280233145 70.36688806861639 273.6043162792921 0.4211544021964073 2.610489934682846 5.604990273714066 20.7710612937808 0.1794699728488922 154.4270419180393 3.191585168242455 39.62004937976599 20.17707278579473 60.81491611897945 5.507319420576096 0 2.830731630325317
191.7560977488756 2.435674294829369 62.80536118894815 5371.180643960834 1.203154280781746 5368.268497534096 14108.24532049894 5616.386579759419 274.3306459188461 40576.37591012567 59.59220639616251 5088.976371452212 38.5374508947134 2815.640718691051 20.58287485688925 2.163657307624817 44.0898293107748 8.388454921543598 4.349571280181408 5687.933650888503 13.94977094978094 3.118037566542625 30.19406251609325 1330.399182491004 0 23.0301272124052 31.62804408371449 8765.815526425838 1645.83612216264 62.83665562421083 2.914050564169884 130.0367495343089 22.69920632988214 630.2823012694716 1.106624871492386 2354.567310839891 45.62289852648973 1145.730775631964 270.1681927070022 559.7188547551632 331.7262122258544 5.362647384405136 66.95703612267971 1.50464890897274 0 1.368794992566109 74.81864301860332 0 3.627811409533024 153.9440069496632 35.00345536321402 87.99663468450308 41.71328404545784 0.3816318958997726 25.70941318571568 0.1007434204220772 14.97637327760458 2.53481937199831 2.30944911390543 0.5624854192137718 0 0.1833643317222595 60.89878577739 3.237199634313583 1.16064427793026 0.4144051671028137 241.0713549330831 0 0.8236186280846596 3.144880972802639 206.665574029088 11.19053745269775 11.62236584722996 0.09194460511207581 1.244369834661484 0.5017532259225845 4.128893226385117 1.213577374815941 121.1603399515152 1.287451356649399 7.229626581072807 3.074581049382687 92.81861091405153 2.027408689260483 0.1910939365625381 0.1542854756116867
14.18316296488047 34.94673348218203 38.26739685982466 1.952907033264637 2.467294380068779 54.03388296067715 28.05927705019712 27.41567664593458 4.1446163803339 59.59220639616251 4529.959387086332 72.80864540487528 1056.101286493242 59.71851766109467 1.576568603515625 2.903288908302784 255.0368460863829 1720.747070021927 1201.333044476807 20.25742341578007 47.01181744039059 5.09716222435236 77.68218386173248 10.65830489248037 255.6064882278442 1503.770508684218 872.6462641954422 17.38978750258684 360.5029880926013 57.39812804758549 355.5833427831531 79.29193369299173 12.36916075646877 7886.532070912421 7.68851275742054 1116.192163571715 6910.180006876588 10163.98171836883 1697.195860542357 124.5174808949232 16.16564952582121 1451.624265521765 8.044853001832962 0 11.34703866392374 4.410901129245758 0 0 0 3.633897237479687 0.5409709364175797 0.5876816585659981 0.2095062881708145 349.8662061840296 0 1040.483080260456 0.8745484054088593 0 0.6610718071460724 0.7849478051066399 34.39269310235977 3.107058614492416 0 0 1.366666972637177 1.935234673321247 3.347851499915123 169.0728715583682 138.3592680543661 121.5398608371615 5.489799171686172 0 1.157002031803131 197.3944098874927 0 0 1.075969487428665 2.550808146595955 17.68779373914003 258.7496361136436 11.78405325859785 2.368786171078682 0.5897938162088394 0 125.9485907331109 0.3178757727146149
11.40563577413559 2.743757791817188 1.146139651536942 3103.877048932016 31.65940389037132 3969.072821438313 46.95377317070961 1331.333904787898 134.8121543377638 5088.976371452212 72.80864540487528 7722.408137410879 13.32961659878492 492.3384101763368 945.128722704947 0.2466113343834877 3.982656963169575 8.264563240110874 3.516243204474449 6099.91134313494 1.079668581485748 15.60741999000311 1.544138550758362 384.1686833053827 0.7519204244017601 9.475543692708015 6.444986522197723 518.9725067839026 1055.641191825271 5.288046926259995 2.02616997808218 279.0773400589824 1.04612422734499 493.2801084071398 0 1915.907477863133 9.621348761022091 543.8047154247761 82.25829821079969 3584.679390132427 148.4853560999036 6.537087947130203 21.75199516862631 0 0 0 70.56474438309669 0 2.682075783610344 24.69276882708073 13.71509484946728 20.78147172182798 27.08891024440527 0.2465465217828751 116.4379520267248 0 4.845155693590641 2.614436328411102 1.170580513775349 0 0 0 63.38154970109463 2.440930210053921 3.491516262292862 0.1082836464047432 72.51289161294699 0 0 0.1074167639017105 56.56009189784527 3.003978937864304 2.84317122399807 0 0 0 1.395051240921021 0.7418228089809418 61.87674807757139 0 2.394535824656487 1.371756702661514 69.74761107563972 0.4829880446195602 0.7216484546661377 0
0.4213285595178604 684.0521631762385 4.369015850126743 4.896757148206234 0 6.808364152908325 16.86703331023455 13.48907838016748 19.92883455753326 38.5374508947134 1056.101286493242 13.32961659878492 1572.139381147921 7.255148507654667 0.4852862954139709 9.609814554452896 4.058224320411682 37.65341001749039 9.59035661816597 8.0913290604949 18.0005239546299 85.05512575805187 29.98461025208235 49.2086495757103 3658.752301819623 99.11689754575491 2577.664708442986 25.94268695265055 34.3253336250782 7.420801185071468 632.2763878703117 59.53427264094353 1.209411695599556 663.0430611744523 48.8174110352993 863.1499418020248 6923.919796667993 3103.918093569577 654.5549555495381 199.3117934167385 22.64555533975363 1588.090867802501 25.2326697409153 0 97.48380724340677 1.263394445180893 0 0 0 1.292112529277802 0 0.8715127408504486 0 1314.528336919844 0 4446.394817583263 0 0 0.5230497568845749 0.7248743921518326 46.53214356303215 6.570363819599152 0 0 3.624358884990215 0 2.074745662510395 1412.87373123318 308.47579305619 275.5904296264052 1.830022379755974 0 0 484.826854839921 0 0 4.071010187268257 9.338715612888336 52.70852608978748 1134.598730616271 61.51564157009125 18.82125227153301 0.4401679337024689 0.2577475011348724 449.6976915076375 0
5636.452517144382 0.1475710868835449 283.1766404733062 74.65493379533291 0 312.9557132869959 10331.18334812671 3418.724635027349 45.03507699817419 2815.640718691051 59.71851766109467 492.3384101763368 7.255148507654667 12053.87108107656 3.865784898400307 2.116633743047714 837.5911038741469 30.54201296716928 102.0209671333432 214.0026291310787 32.66468247026205 14.11711625009775 163.0847324058414 263.1110774576664 0.1682919263839722 123.9164235293865 219.5221672281623 439.8814845979214 9145.63098000735 1761.884050518274 1.339159980416298 818.2775010764599 17.26072340458632 550.5724664777517 0.9821029007434845 249.3195878118277 74.56042388081551 288.5444483906031 77.15407355874777 77.74845107644796 23.75291627645493 1.600428253412247 4.489025212824345 3.319689825177193 0.8635338544845581 4.69318563491106 2.090782769024372 0 0 41.45241425931454 6.07623016089201 10.71373602002859 1.442142695188522 0 1.875619314610958 0 6.022094704210758 0 4.629134215414524 0.6478139832615852 0.4404339045286179 0.2535161375999451 0.3081681728363037 14.774150185287 2.301867589354515 0.8899373188614845 67.40853481739759 0 8.463087022304535 9.453532434999943 81.95210833847523 15.67502544075251 42.11255958676338 0.2268427386879921 0.335235983133316 0.6887885108590126 3.104147538542747 0.6630654335021973 34.1192626580596 3.942329712212086 5.177838787436485 1.976282097399235 4.286469832062721 0.2230523526668549 0 0.7392487525939941
0.1263485252857208 7.786856934428215 0.332838237285614 21.70369850099087 1412.077275663614 785.5665787532926 19.16530808806419 116.9712590426207 449.3826030790806 20.58287485688925 1.576568603515625 945.128722704947 0.4852862954139709 3.865784898400307 425.5609337687492 0 0 0.1239269226789474 0 22.6776631847024 0 53.10296189039946 0 618.9202338755131 1.235975503921509 0.2267799824476242 10.64521377533674 53.20221464335918 24.17786893248558 0.4673532247543335 0.3472572267055511 331.732522957027 0.8046825230121613 14.68572989106178 0 420.6954300105572 0 9.205148562788963 2.765051707625389 1564.456607043743 51.69366285949945 0 0 0.2778112888336182 0.1112557351589203 0 0.8056898862123489 0 0 3.413854256272316 0.7823736816644669 3.098792366683483 0.331306591629982 0 0.2278437316417694 0 0.501734547317028 0.4770026206970215 2.75816410779953 0 0 0 1.121329560875893 4.140715360641479 6.256362304091454 0.284935861825943 14.59295545518398 0 0.09570762515068054 0 6.730174697935581 2.220080733299255 1.510153286159039 0 0 0 0.2946707159280777 0 19.91167975962162 0 0.5094225257635117 0.136544942855835 6.78565302491188 1.553281128406525 0 0
2.085076034069061 366.9673148840666 12.51801013946533 0.9060190320014954 0 0 51.34768009185791 1.419254645705223 9.0402577444911 2.163657307624817 2.903288908302784 0.2466113343834877 9.609814554452896 2.116633743047714 0 4183.787555031478 32.07091487199068 1.234565429389477 6.02579053491354 0.6232325509190559 3820.358865693212 2279.383050255477 5929.071052238345 2035.528763525188 46.26457346230745 16.83572055399418 3287.166773349047 1400.0478579849 15.97481033951044 354.3256741985679 4.58488517254591 0.3253282010555267 5.030202932655811 76.1584485694766 3.648040607571602 1270.534396208823 293.3040792420506 337.6403689533472 425.2481091171503 38.55594015866518 2.076502084732056 8.633681386709213 14.34550446271896 1.272185012698174 11.99465322494507 13.97810065001249 0.4362571090459824 0.1060548275709152 0.2293383628129959 14.11099782586098 0.2154223099350929 20.75742597132921 0.776058629155159 5.674469515681267 0 0.7543562948703766 1.762584954500198 0.3621234446763992 2579.760625571012 3.344865798950195 0.09401588886976242 3.059931710362434 0 545.0219530537724 721.0095841065049 1943.243757553399 426.2346329316497 0.333296500146389 19.43590080738068 252.5124710276723 119.8439397588372 25.89889372140169 111.469048447907 1.855821512639523 0 4.024107992649078 22.30877008289099 4.603256031870842 591.3407754153013 26.5260574221611 31.396429695189 14.92357249557972 10.39969551563263 0.6170095428824425 3.193132840096951 3.507558517158031
338.8061534836888 31.70954055339098 10573.43279033899 3.542873702943325 0 23.49841167032719 1252.517776608467 618.6586906090379 13.86506600677967 44.0898293107748 255.0368460863829 3.982656963169575 4.058224320411682 837.5911038741469 0 32.07091487199068 1212.339543037117 603.0634642243385 6680.405725285411 2.284777648746967 1850.144815541804 12.29850748181343 4225.268164031208 79.66636745631695 3.072746552526951 4476.256065279245 7157.768697187304 310.3131313249469 328.0961330682039 2751.608112059534 7.316686488687992 12.31705110520124 32.93540488928556 1555.407377421856 5.193963050842285 1358.035256758332 2257.565366648138 1031.335154734552 753.8682357519865 28.94364540278912 7.563114859163761 11.82558702677488 4.548088647425175 1.755381673574448 42.53653846681118 301.7456758543849 0 0 0 10.99009227007627 1.209019899368286 2.761526525020599 0.2862266376614571 6.488614864647388 0 4.53110883384943 2.04868545383215 0 14.0756888538599 73.24800901859999 11.97713063657284 82.30533613264561 0.6516276597976685 8.001916959881783 11.56766167283058 19.73124305903912 25.07808776199818 2.838137768208981 593.3001241385937 798.7107850089669 18.67803569883108 3.835524789988995 8.077167481184006 9.645332932472229 0 0.7727884948253632 4.958765111863613 2.069307386875153 65.55265735089779 563.3039840906858 26.41879236698151 9.953693144023418 3.21767945587635 0.2670953571796417 0 0.4601943790912628
17.36970173567533 1.722271949052811 62.12158280611038 0.3622780218720436 0 6.017205365002155 19.73855775594711 22.60586750507355 0.8162491172552109 8.388454921543598 1720.747070021927 8.264563240110874 37.65341001749039 30.54201296716928 0.1239269226789474 1.234565429389477 603.0634642243385 353.098025791347 3500.504745841026 2.511622942984104 28.58629859983921 0.4543317630887032 45.19971998035908 2.075915142893791 21.02864661067724 3686.302510812879 409.6539567708969 8.116043083369732 52.52833058685064 66.92901607602835 294.9415962025523 5.9470549300313 5.644634023308754 1248.305900722742 1.48937976360321 1117.828934662044 1941.970907613635 1860.067959874868 464.8331203609705 21.50139906257391 2.826310060918331 33.9592746719718 3.664414040744305 0 3.487271323800087 4.449293866753578 0 0 0 0.2550035417079926 0 0.2267170399427414 0 173.8651975318789 0 280.0313179716468 0 0 0.1234506890177727 1.833237938582897 56.07521088421345 9.124771200120449 0 0.4514584094285965 0.1101410537958145 0.2764286994934082 0.9290364310145378 58.48741622269154 264.6528001576662 207.0726456344128 1.107282236218452 0 0.40138890594244 201.2462554499507 0.1381137669086456 0 0.7442871928215027 0.7027659863233566 5.383133873343468 71.96471802145243 2.928059719502926 0.7762641906738281 0.7622596323490143 0 0.5658397674560547 2.550848320126534
52.859774120152 12.39448560029268 333.3855275213718 1.369667433202267 0 2.690805189311504 83.14266736805439 54.13011157512665 1.957832589745522 4.349571280181408 1201.333044476807 3.516243204474449 9.59035661816597 102.0209671333432 0 6.02579053491354 6680.405725285411 3500.504745841026 2456.66369959712 1.252520628273487 148.1680765375495 1.200142219662666 294.8813580796123 10.15703820437193 6.707166761159897 3618.504217490554 1211.144040711224 24.92341508716345 110.7197538167238 277.4050102233887 56.20367317646742 3.680753737688065 19.54882711917162 2840.571621276438 2.1688442081213 1105.784086175263 1897.202748566866 1660.841177411377 382.7633973732591 16.1233094483614 1.000547528266907 17.85644710808992 3.00527510792017 0.2000234872102737 16.38374968618155 28.28215419501066 0 0 0 0.929035373032093 0 0.729821503162384 0 80.90253212302923 0 66.0315884873271 0.1570842564105988 0 1.202486984431744 7.716251231729984 59.34583293646574 62.95608243346214 0 0.9534985721111298 2.091423906385899 2.261312022805214 2.668162815272808 16.70940333604813 653.8135709241033 466.5881289020181 1.724429681897163 0.1095758527517319 0.5647052526473999 107.6473294496536 0 0 0.1905987709760666 0.1535686850547791 11.06015188246965 176.4186121895909 2.904912278056145 1.06244184076786 0.2794048190116882 0 0.4213167577981949 0
20.66034845262766 0 0.8917666152119637 7573.81537271291 0.7086634933948517 166.9888402372599 176.403507463634 286.9030618965626 403.8489946350455 5687.933650888503 20.25742341578007 6099.91134313494 8.0913290604949 214.0026291310787 22.6776631847024 0.6232325509190559 2.284777648746967 2.511622942984104 1.252520628273487 1408.693027831614 0.1135083585977554 0.1905101239681244 0.6593449637293816 736.4189823195338 0 2.334125638008118 1.429130703210831 2187.88900026679 457.8347631171346 3.436642698943615 0.453245110809803 44.83511202782393 3.284417688846588 199.7205966487527 1.929244711995125 1827.925455100834 11.93836807459593 401.7521114945412 99.28270780295134 882.327787719667 175.4884493499994 2.272295966744423 27.08746802061796 1.304819643497467 0 0.1538529992103577 84.94516798108816 0 4.439923956990242 139.504859559238 41.5873212069273 101.4856667220592 48.06064569205046 0.8786771893501282 106.515261605382 0 13.37678025662899 2.195195525884628 0.3059931695461273 0 0 0 86.17842222005129 0.2808822244405746 0 0.8170370161533356 245.1213199794292 0.1023273766040802 0.3280317038297653 0.4329393655061722 199.9591628611088 4.059366568922997 6.155748337507248 0 0.09774807840585709 0 2.684302359819412 0 152.6953804716468 0.6079354807734489 8.219873368740082 3.293095484375954 146.6329383179545 0.9268157631158829 0 0.4504267871379852
10.91241993755102 26.87784077972174 1711.821177400649 0.8769132941961288 0 4.279014207422733 1451.134661071002 68.23079440742731 4.028338201344013 13.94977094978094 47.01181744039059 1.079668581485748 18.0005239546299 32.66468247026205 0 3820.358865693212 1850.144815541804 28.58629859983921 148.1680765375495 0.1135083585977554 13223.57852632552 194.9357253462076 17470.18705523759 742.7840195447206 8.001741386950016 211.9589631929994 775.0099470689893 6138.412196569145 48.13662577420473 10706.88165268302 4.270147129893303 1.206104449927807 18.36364521831274 2505.214885212481 20.78645431995392 6843.561134554446 1297.937503777444 4888.409031689167 3116.446863301098 266.5121965929866 18.29076597094536 14.62948399782181 59.51331463456154 6.746890299022198 1.089681707322598 14.83531598746777 1.375210650265217 0.1073490381240845 0.2574708536267281 25.15173959732056 2.604236736893654 33.33603136241436 1.50047379732132 12.02535437047482 0 1.513040468096733 2.923275001347065 0.4974887073040009 736.1479614451528 4.135842524468899 1.60196977853775 3.731096476316452 0.7805938720703125 906.4336224645376 181.687119372189 240.4178289026022 782.5409950241446 0.9529827386140823 16.09845806658268 57.239432759583 218.837860532105 56.46842499822378 278.2468984350562 1.928151048719883 0 11.59172493964434 32.50694736838341 19.31744477152824 528.7048271894455 38.54437541216612 33.90243051946163 27.42312554270029 27.58028185367584 0.1344081461429596 7.11930762976408 7.454466849565506
13.04271395504475 1979.843087136745 17.30891267955303 1.582321882247925 0.5611074715852737 5.536236956715584 99.60802098363638 6.623864099383354 2630.930561117828 3.118037566542625 5.09716222435236 15.60741999000311 85.05512575805187 14.11711625009775 53.10296189039946 2279.383050255477 12.29850748181343 0.4543317630887032 1.200142219662666 0.1905101239681244 194.9357253462076 1863.710843794048 287.7195609286427 5708.851212643087 574.5265309587121 31.5108063146472 3276.767242737114 459.3792849928141 72.36875136941671 231.9006826430559 21.28254655003548 0 11.62066632509232 9.678650744259357 0 177.7521114647388 25.07935249060392 26.43213494122028 18.4558137729764 115.3850048556924 0.842742845416069 1.057408638298512 2.626931063830853 2.463659048080444 16.2086521461606 92.45341135561466 0 0 0.544946163892746 21.79931004345417 1.394064895808697 43.19714843481779 0.8947826400399208 2.382905393838882 0 1.754744276404381 2.840029165148735 0.4182429909706116 1086.826007112861 7.288191415369511 0.2992431819438934 2.868973448872566 0.3273239135742188 178.882121540606 192.3525657132268 369.5006630197167 477.4275903627276 1.334333382546902 22.3017510175705 960.1288662403822 126.262205503881 17.94258873909712 73.61138250678778 1.445608124136925 0 2.528344951570034 8.603624567389488 3.445293366909027 99.57553549855947 16.25413656234741 12.62019620835781 9.308900885283947 6.355437785387039 0 0.6283721327781677 2.029539823532104
48.91354490071535 21.92922762036324 13406.3952421546 1.031536847352982 0.1347575485706329 13.66619285196066 1769.912171073258 203.3069895282388 10.01709321886301 30.19406251609325 77.68218386173248 1.544138550758362 29.98461025208235 163.0847324058414 0 5929.071052238345 4225.268164031208 45.19971998035908 294.8813580796123 0.6593449637293816 17470.18705523759 287.7195609286427 20170.19414211065 930.4994160458446 2.830397985875607 640.8146196901798 12935.66974145174 4755.1691519171 64.14124254137278 8413.985046871006 7.233156256377697 4.841342404484749 10.84417102485895 2913.301527567208 43.3542433232069 9825.51217468828 7272.169884189963 8547.212543234229 7618.612785160542 553.3554838448763 74.5949794575572 46.43916849046946 132.29222574085 3.556812845170498 5.109075292944908 390.8530931919813 0 0 0 52.07293946295977 4.290155127644539 9.399676725268364 3.179767526686192 10.78076516836882 0 3.559748761355877 8.239921160042286 0 2717.077100291848 37.69189357757568 1.533010832965374 4.102633357048035 0.3637952506542206 354.0828189700842 314.0737565457821 3259.758830741048 182.0653704330325 0.1556787639856339 29.98020205646753 1938.988979168236 87.54284267872572 12.10631672292948 63.69151902198792 2.229471392929554 0.3820897936820984 1.426113910973072 26.19871555268764 65.51350802183151 818.0396305769682 47.8764381557703 55.91906573623419 51.87450438737869 18.41803583502769 0 6.572030261158943 3.472612679004669
176.7361656725407 1214.422722443938 79.47979085892439 2120.517193168402 7.314390569925308 118.5614452362061 2855.44478957355 255.6597458571196 9169.322949931026 1330.399182491004 10.65830489248037 384.1686833053827 49.2086495757103 263.1110774576664 618.9202338755131 2035.528763525188 79.66636745631695 2.075915142893791 10.15703820437193 736.4189823195338 742.7840195447206 5708.851212643087 930.4994160458446 8087.997099399567 291.6366426050663 76.37675233930349 2571.853537261486 8358.420615419745 950.8257870301604 1259.600282147527 13.90002661943436 18.76773510873318 146.0562558025122 245.7932580187917 7.215169131755829 2869.649647280574 131.3265403881669 632.6358334869146 352.1879149228334 801.0450710132718 91.26723280549049 4.690468214452267 33.32123391330242 70.66895906627178 12.81111019849777 11.75777893513441 152.2072037905455 0 10.54343985021114 1042.493687011302 191.2252478301525 815.6941669806838 88.56649862229824 6.091875001788139 28.04711813479662 1.31224749237299 154.8317983075976 8.130107119679451 400.9120817035437 7.559286057949066 0.5942693799734116 4.602652542293072 141.8095216676593 459.6518927514553 316.8549827337265 125.2147597745061 2810.378973871469 1.487957641482353 21.11850116401911 99.96727795153856 2279.365311793983 322.9428523629904 934.8624886497855 1.639481708407402 2.984492264688015 25.88160449266434 72.17134358733892 5.943600505590439 669.1714018806815 16.86165137588978 143.306305937469 57.73965822905302 255.6805137321353 26.67321728169918 1.249355807900429 12.43565861135721
0.13680399954319 2421.029113210738 0.6311984434723854 0 0 0.0974365696310997 2.350734934210777 0 134.1351223215461 0 255.6064882278442 0.7519204244017601 3658.752301819623 0.1682919263839722 1.235975503921509 46.26457346230745 3.072746552526951 21.02864661067724 6.707166761159897 0 8.001741386950016 574.5265309587121 2.830397985875607 291.6366426050663 325.2257210016251 273.4039841219783 3357.739305891097 9.761828385293484 0.6850701719522476 1.321853086352348 566.6022969707847 0 0.08568555116653442 56.33887203037739 0 107.5161332413554 450.1254748925567 454.6104359328747 65.4915819093585 3.460151992738247 0 772.9913332611322 3.704132080078125 0 151.1519975811243 1.590345993638039 0 0 0 0 0 0.2147760167717934 0 203.0991343334317 0 924.4181949347258 0 0 0.7293418422341347 1.647826686501503 11.88240392506123 14.86842791736126 0 0.07763148099184036 0.7713314220309258 0 0.6536619961261749 99.75678960978985 395.3773892968893 709.043316937983 0.3034624680876732 0 0.5658328384160995 96.0627163797617 0 0.188978984951973 1.461577013134956 0 5.988958440721035 81.55172433704138 23.66860441863537 0.680469311773777 0 0 47.0954999178648 0
51.92238259315491 157.9514461904764 5610.995678193867 2.943597935140133 0 11.46958907693624 737.3350604325533 99.41938216984272 9.82306019961834 23.0301272124052 1503.770508684218 9.475543692708015 99.11689754575491 123.9164235293865 0.2267799824476242 16.83572055399418 4476.256065279245 3686.302510812879 3618.504217490554 2.334125638008118 211.9589631929994 31.5108063146472 640.8146196901798 76.37675233930349 273.4039841219783 19998.53432477266 7707.068531930447 523.6253075674176 124.2929267436266 192.8548658266664 1719.025489866734 8.068549364805222 15.00377175956964 1361.12877394259 1.952620521187782 2186.067422352731 4749.722823470831 2470.765414275229 805.7819182723761 29.99380756169558 4.564250901341438 73.66264656186104 9.868322223424911 0.3244279474020004 190.9254392236471 35.88291227817535 0.1253822594881058 0 0 2.922511711716652 0.2503954470157623 1.610362865030766 0.3378288745880127 424.6231749877334 0 842.4476211741567 0 0 9.312457680702209 29.50653813779354 201.3098064139485 314.8510211408138 0 4.882113121449947 5.335219085216522 3.761535875499249 12.6257836073637 294.9330139383674 3251.142172954977 2755.842096924782 5.659987188875675 1.414619073271751 3.217776693403721 529.3866195455194 0.1228997483849525 0 2.386887609958649 2.403088495135307 46.14636620134115 872.7026944309473 18.81444045901299 2.611304178833961 2.905249938368797 0 1.573395058512688 1.563847914338112
81.80805076658726 5401.291288845241 7302.483495697379 6.882575154304504 0.1442456096410751 10.18609023094177 835.5736968442798 173.8710590004921 457.3857676610351 31.62804408371449 872.6462641954422 6.444986522197723 2577.664708442986 219.5221672281623 10.64521377533674 3287.166773349047 7157.768697187304 409.6539567708969 1211.144040711224 1.429130703210831 775.0099470689893 3276.767242737114 12935.66974145174 2571.853537261486 3357.739305891097 7707.068531930447 23579.86977370828 1542.417581468821 139.8645963221788 230.9076255261898 2717.630678206682 6.9466542750597 21.71729253977537 2984.302650846541 23.8960298448801 5741.326890066266 4108.352046407759 5142.177783362567 2710.38367678225 211.9520595595241 22.50816601514816 49.49361946433783 47.60112354904413 5.563513740897179 2058.237923197448 2915.509583368897 0.8984244614839554 0 1.038283035159111 88.82613430917263 16.12752901762724 5.536124922335148 4.805567152798176 576.7247303202748 0.1426003277301788 925.6300345137715 22.84556268900633 0 1589.718226201832 535.6954380571842 256.1222803071141 492.5780273377895 0 58.1884266063571 1544.223542094231 2486.748814299703 101.2263528779149 887.4758912101388 6386.903828166425 14740.97015992552 91.45576462894678 5.264870911836624 20.83685929328203 818.9594644457102 0.1256660372018814 0.4287593215703964 57.09023676067591 38.8192685842514 698.0273868516088 1452.64898878336 192.8294599950314 82.40870481729507 23.00942389667034 0.8812079355120659 6.136694207787514 5.57744736969471
201.019182138145 63.02532014250755 1530.476470865309 5453.573838412762 2.007714778184891 209.1020799353719 19385.00203155726 346.2007731720805 2122.56296236068 8765.815526425838 17.38978750258684 518.9725067839026 25.94268695265055 439.8814845979214 53.20221464335918 1400.0478579849 310.3131313249469 8.116043083369732 24.92341508716345 2187.88900026679 6138.412196569145 459.3792849928141 4755.1691519171 8358.420615419745 9.761828385293484 523.6253075674176 1542.417581468821 20292.46177916974 1383.805655121803 10770.8997887522 14.80340153723955 23.22934899479151 302.1209301650524 806.5175088346004 24.28480857610703 5099.289091981947 324.5915244743228 1981.173051059246 976.5587705746293 513.0948997586966 189.6087852716446 9.07359915971756 67.50400327146053 78.09152545034885 4.508752375841141 21.0477357879281 145.3871900960803 1.390175811946392 12.49743495136499 1332.806363642216 258.5533031523228 462.9405007362366 103.0211923867464 7.203238718211651 26.02559158205986 0.4617504253983498 213.3764577955008 4.749313369393349 135.865648932755 5.763928510248661 0.9936005473136902 3.587565250694752 123.0700647011399 227.5426629036665 86.02570052444935 88.32028347998857 2009.875888764858 1.26566469669342 21.11212453991175 127.1098989695311 2226.238531775773 307.8938503712416 820.2778768837452 1.231088690459728 7.367707572877407 20.21096666157246 57.8086139857769 8.647744923830032 663.1060924306512 17.76580480486155 154.8924245759845 57.63062157481909 256.5501303076744 29.31749768555164 1.670273095369339 10.83573128283024
4020.576406307518 1.769111938774586 58.27053701132536 196.9123985394835 0 784.7809221670032 2444.280491538346 1048.610150694847 207.9078362733126 1645.83612216264 360.5029880926013 1055.641191825271 34.3253336250782 9145.63098000735 24.17786893248558 15.97481033951044 328.0961330682039 52.52833058685064 110.7197538167238 457.8347631171346 48.13662577420473 72.36875136941671 64.14124254137278 950.8257870301604 0.6850701719522476 124.2929267436266 139.8645963221788 1383.805655121803 10643.27854339033 1869.008185490966 5.275598660111427 98.24810188263655 2398.855472430587 3348.02490132302 0.7163419723510742 1163.915693640709 239.7695622518659 2338.143784329295 234.9083189889789 1059.29088678956 140.3622706755996 13.44574022293091 49.73890274763107 13.87856771796942 0.1228272691369057 0.8565461486577988 3.045317530632019 0 0.830959364771843 124.5041469559073 13.92931900918484 29.35754074901342 3.578699633479118 4.494332581758499 2.7855314463377 1.897218331694603 18.99387584626675 0 28.21402675658464 2.187486611306667 1.157574504613876 3.904734306037426 3.90539737790823 84.3630381077528 13.28780788183212 4.622801780700684 298.2973689213395 0 8.373595736920834 11.36907404661179 309.2970457077026 73.8558354228735 203.4423160552979 0.4842543751001358 0.6495843231678009 7.586224965751171 16.25742197036743 0.7184865474700928 177.9710834696889 9.307701215147972 25.62180448323488 12.10004604607821 24.60511487722397 5.291199430823326 0.6223121881484985 2.774567171931267
