2373.451681531966 0 51.96581806242466 1.163239598274231 1.222036056220531 29.18902101367712 1906.501677200198 1375.011442616582 3.554510705173016 20.90761329978704 14.5582203567028 0.9547434151172638 0.4897916913032532 5292.139816828072 0 0.4146272018551826 237.306664340198 18.97577393054962 72.34567330777645 2.025565221905708 10.58695887029171 0.3525897935032845 50.33272755146027 45.2986812889576 0 123.2998972386122 18.94239170104265 80.33162380754948 4551.713364757597 2485.637423753738 0.1967867612838745 23.24185392260551 115.1987750977278 381.0206627324224 1.187978535890579 6.974871933460236 6.942240618169308 124.7907534465194 9.897703342139721 2.827922433614731 3.881408274173737 0 0.2062143683433533 0 0 0 0.5178220197558403 0 0 1.033136583864689 0.1672963201999664 1.586318306624889 0 0 0.180704727768898 0.09660138934850693 0.1288036406040192 0 0 0 0 0 0 0 0.6846495717763901 0 5.521757833659649 0 0 0.6904205605387688 6.774335086345673 0.2272784560918808 1.320830509066582 0 0 0 0.3286329507827759 0 1.429800905287266 0 0.8215988352894783 0.1942607760429382 0.2654919624328613 0 0 0
0 126.8550852760673 12.2708487957716 0.09121987968683243 0 0.08716563880443573 0.5072502717375755 0.09335188567638397 452.4898724555969 0 37.1382804736495 0.9969518929719925 522.0430026575923 0.07665223628282547 1.4420997351408 68.72191779315472 6.608614645898342 3.043766342103481 1.162070132791996 0 0 2250.379640027881 4.286386132240295 462.2708241641521 2219.720392048359 108.8568649813533 5319.692996926606 30.30240631848574 0.4161148816347122 0.4287440180778503 46.25015359371901 0.08698140829801559 0.08037218451499939 214.7647433206439 0 14.12548045068979 29.15513679385185 33.44383659213781 8.429571978747845 0.4450995475053787 0.1715410351753235 88.47353856265545 0 0.1735143214464188 366.3137732744217 41.53308419138193 0 0 0 0.7697762101888657 0.4047889709472656 0.7871514782309532 0.2866558730602264 11.68056652694941 0 41.07385980337858 0.3577174693346024 0 2.774785846471786 8.433444358408451 9.143885567784309 12.0502495765686 0 0 179.0375949516892 0.9651950597763062 5.186710484325886 57.84355096518993 88.95284064114094 2124.762918308377 1.827020868659019 0 0.2471062988042831 9.544940024614334 0 0 2.426536425948143 0 6.63168827444315 32.339460298419 13.1413549631834 2.101796925067902 0 0 10.18592509627342 0
51.96581806242466 12.2708487957716 4512.75061185658 35.96425356715918 1.273272797465324 256.603627808392 2030.093202792108 1189.6056111902 46.56518958508968 274.2246160581708 43.59696102142334 0.8973933309316635 5.19403214007616 508.589777931571 2.013513185083866 32.96717536449432 7081.318758152425 133.4814973920584 423.9581301137805 14.53935664147139 1192.527947604656 15.09066512435675 9628.133439950645 1003.03831551224 1.323233686387539 13647.61103691161 7657.206355139613 1125.148371256888 94.53067929297686 697.4949683770537 2.146449409425259 9.899068653583527 6.286227688193321 987.2616538479924 51.79678577184677 1764.266369327903 2463.024246878922 1693.168699137866 903.0261142253876 60.22603306919336 15.4279999807477 4.25671423971653 7.360419683158398 0.5154129862785339 69.86360482871532 429.9060517847538 1.008093915879726 0 1.531981378793716 12.0262253805995 2.264883175492287 5.142632856965065 0.3871719539165497 1.048279598355293 0.221737876534462 1.261271141469479 1.596885770559311 0.6798614859580994 8.683140076696873 43.27442929893732 1.206891424953938 10.67790891230106 1.924283757805824 4.225530058145523 22.41336736828089 26.55848497897387 43.27710404247046 2.319786503911018 114.1602988615632 1601.744293302298 39.98878069221973 0.9241027310490608 14.10465730726719 0.6724702939391136 0 0 16.48444202542305 7.789460450410843 26.9940423220396 359.7922342643142 37.7730735912919 7.418365806341171 5.880697429180145 0.1438073515892029 0.4198834896087646 0
1.163239598274231 0.09121987968683243 35.96425356715918 3294.286415293813 0.4419600516557693 70.01564858853817 136.5007862746716 28.04406432062387 980.9849113970995 2870.928349278867 1.046335600316525 2876.479742214084 0 35.02037335932255 29.69069665670395 0 2.683218032121658 0.7249147593975067 0.5228914394974709 4875.99576754123 2.229785107076168 0 9.093997225165367 1432.151566721499 1.946442484855652 12.59545673429966 5.81568269431591 4171.638236649334 79.43397594243288 1.760199040174484 0.08726490288972855 4.161090925335884 2.697520010173321 32.29938114434481 2.585662364959717 116.9262996017933 5.959842398762703 103.3700507506728 31.46082767099142 103.2473026067019 21.41712963581085 0.1766204535961151 8.624390468001366 0.1321592628955841 0 0 106.9930691048503 0 16.97110874205828 36.20665936917067 21.60445290058851 109.7762050554156 37.81602787226439 2.989346027374268 69.55888223648071 2.26249772310257 5.435539171099663 3.678837865591049 0.5653224587440491 0 0 0 118.8925382345915 0 0 0 187.1228532716632 0 0 0.3650116696953773 256.7448607757688 1.912241764366627 0.7899961471557617 0 0.3366075158119202 0.6124402284622192 2.620791800320148 1.351514339447021 55.42812594771385 0.3594724535942078 14.83678487688303 2.855389393866062 211.2108732685447 1.432919979095459 1.29413890838623 0.2093436568975449
1.222036056220531 0 1.273272797465324 0.4419600516557693 27.97323481738567 503.6277808099985 10.13872749358416 81.79503148049116 20.06300690770149 16.4692394733429 40.89400801807642 17.10945802927017 1.723432302474976 18.16873972862959 596.3506628125906 0.118740476667881 1.070749178528786 11.08663658052683 1.606636121869087 2.012459941208363 0.3501752018928528 0 0.7562251091003418 3.372150421142578 0.3017663136124611 17.14428292959929 6.748207449913025 4.805387079715729 70.7314113676548 3.261285848915577 0.3676952421665192 251.4610238820314 3.464120700955391 391.9029519185424 53.86933940649033 12.23046724498272 5.553381480276585 160.0809101313353 19.45865584909916 1011.92351257056 52.39823877811432 3.221377924084663 0.2077706009149551 0 0.1496278941631317 0 0 0 0.8341303467750549 0 0 0 0 0 0 0 0 0 0 0 0 0 0 0 0 0 1.061854586005211 0 0 0.2235344126820564 0.3593180030584335 0 0 0.1115400791168213 0 0 0 5.188919603824615 0 0.1555308848619461 0 0 0.6365373134613037 0 0 0
29.18902101367712 0.08716563880443573 256.603627808392 70.01564858853817 503.6277808099985 10887.86503174901 3643.317343212664 6137.264875851572 87.10525646060705 9148.255283467472 253.0873251259327 4060.73590169102 15.25510084629059 1179.379955075681 315.0141542255878 0.6062722578644753 82.86006402224302 87.18051764369011 29.97656007856131 353.3629106581211 19.98030202835798 0.3426717668771744 84.5380624383688 281.0969323441386 0.609436422586441 227.9045120626688 91.46763367205858 813.0307233780622 668.1036546602845 67.20101926475763 3.107031002640724 1607.047231316566 11.564742423594 909.9179786965251 11.59666761755943 1082.909379430115 84.74864038079977 2145.106360837817 114.8574602231383 742.1322701349854 162.1971819996834 8.618223756551743 16.97843581438065 0.1407436430454254 0.1229033917188644 0.1121586039662361 5.236064806580544 0 2.120955318212509 23.57116696238518 3.564359202980995 14.69009593874216 3.992167457938194 0.5977541878819466 1.690246924757957 0.2941731810569763 3.215365797281265 0.1203474029898643 0 0.1627914607524872 0 0.1244808882474899 6.043993100523949 0 1.055432252585888 0 46.92604828625917 0 0.2077229544520378 2.433330744504929 63.30748938769102 2.687027961015701 0.5179127007722855 0.3107963129878044 0 0 0.5115563347935677 0.7790394574403763 14.51870884001255 0.105788841843605 3.170913606882095 2.316094167530537 10.95047923177481 0 0 0
1906.501677200198 0.5072502717375755 2030.093202792108 136.5007862746716 10.13872749358416 3643.317343212664 22173.86599801481 5284.8392264992 212.7727223560214 9077.792525880039 16.02143108099699 31.34224913269281 0.7626317888498306 6023.989883765578 8.183159336447716 5.566926665604115 465.9653199613094 16.75991332530975 44.26136814057827 28.74958789348602 353.5575592294335 4.669696442782879 1465.822295695543 2008.463665105402 0 304.8688408099115 141.7710053622723 22144.02871311456 1560.483457989991 9553.27802208066 0.2415134608745575 60.3676894903183 153.0806374847889 583.0627195909619 41.26966968923807 1179.110747136176 45.08879893273115 954.8328148722649 455.9706568345428 304.0550054758787 145.7596340551972 2.102279588580132 46.16006022691727 1.165790162980556 0.2701798900961876 2.42700782418251 31.32131616026163 0.7232876420021057 17.30138785392046 89.36706877499819 27.66650854051113 98.43101359903812 17.86131230741739 0.5710801184177399 10.51287132501602 0 9.951829724013805 3.849478408694267 2.217338003218174 0.297904297709465 0 0 44.84501878172159 0.6573424860835075 4.87253599613905 2.578492641448975 288.1870901659131 0 0.6537219434976578 10.12775545567274 397.7534877508879 7.539941243827343 18.83343441784382 0 0.1372349560260773 0.6376581490039825 4.94726824015379 2.926349878311157 81.74232989549637 3.984044261276722 27.07339316606522 17.75895284861326 71.07765503227711 4.337330713868141 3.572089947760105 0.4085294008255005
1375.011442616582 0.09335188567638397 1189.6056111902 28.04406432062387 81.79503148049116 6137.264875851572 5284.8392264992 9680.781660489738 35.74113319814205 2895.473982468247 269.7499164789915 294.6622859463096 12.03888306766748 9376.635671645403 80.61196104437113 0.9412266165018082 1101.741887688637 185.2040062993765 301.9541284143925 128.3708874434233 62.03282399475574 2.518189541995525 469.8940166160464 184.2012403532863 1.138159558176994 1034.559656232595 212.4758205711842 363.4789424538612 1979.780266880989 1496.771599031985 2.347146891057491 625.0279698818922 26.3173016384244 1413.251282669604 0.865569531917572 138.742011539638 92.79986587911844 1399.263676561415 73.75874977558851 330.6407802477479 117.2678305804729 4.648118019104004 3.152105920016766 0.2442783564329147 0.4323338270187378 2.017096318304539 6.238784335553646 0 1.598038628697395 18.12904489785433 3.836762554943562 22.95488817989826 7.598201170563698 0 1.923007607460022 1.264094866812229 1.259610630571842 0.7876439094543457 0.1032483205199242 0.1438349038362503 0 0.1588536500930786 4.297928757965565 0 0.7275039628148079 0 58.17836540192366 0 0.1530710905790329 8.299280293285847 64.34363621473312 1.482065096497536 1.238214805722237 0.1735481470823288 0 0.6964937672019005 1.39788493514061 0 6.571481488645077 1.07196307182312 3.722348846495152 1.36063302308321 12.80687235295773 0 0.2656887769699097 0.2137336134910583
3.554510705173016 452.4898724555969 46.56518958508968 980.9849113970995 20.06300690770149 87.10525646060705 212.7727223560214 35.74113319814205 1097.466986268759 116.9115833565593 4.06299215555191 701.7757257595658 24.30648001283407 21.27271364629269 918.3420567512512 4.352564699947834 5.277113914489746 0.4481329768896103 0.884983129799366 628.5844656229019 3.938535943627357 2562.671384841204 9.254439860582352 9682.078379675746 106.2619284391403 27.14135426282883 822.4309158548713 1456.430411688983 76.02910240739584 27.55500432103872 4.518549621105194 2.895017631351948 12.15346236526966 58.07895036041737 10.24225747585297 334.7566926926374 14.50253726541996 119.2600980326533 64.48566129058599 509.7887535765767 29.9551754668355 12.66504631191492 7.051039539277554 5.419921763241291 7.056858330965042 2.021129950881004 211.2320129051805 1.467551708221436 26.979417078197 130.6892703846097 37.60026559978724 139.9959988221526 86.26152981817722 6.954307869076729 87.80212470144033 5.875422231853008 18.50948841124773 4.901416763663292 17.29437972605228 0.2156848981976509 0 0 301.1880335137248 11.427364975214 45.43100400269032 2.309270739555359 1394.099523611367 1.097182646393776 1.313467055559158 9.822229132056236 858.1333082169294 17.65611257404089 107.816407777369 0 1.103643029928207 1.871473640203476 7.096148833632469 0.7168299555778503 139.3688346892595 3.820503547787666 57.03395032137632 23.6481049656868 306.8884651884437 6.459753513336182 12.5070042014122 1.764185667037964
20.90761329978704 0 274.2246160581708 2870.928349278867 16.4692394733429 9148.255283467472 9077.792525880039 2895.473982468247 116.9115833565593 17167.1262376681 27.39730627089739 4857.803266502917 0.9527845978736877 1291.649990871549 87.00725317001343 0.5523068010807037 43.00509651005268 13.42575242370367 11.67948886752129 2176.446672387421 28.22755655646324 0 102.0464595481753 389.9320107921958 0.3229237571358681 85.35920348018408 33.14053606987 8618.148599438369 740.6317275986075 43.90895850211382 0.1990007162094116 113.1375952064991 16.39548524469137 390.8134210780263 10.83528599888086 551.4152273833752 23.95491454005241 1323.11025851965 177.0173505693674 438.9463847726583 155.7731390148401 0.6122919768095016 37.82918180525303 0.5550954714417458 0 0.2778308615088463 12.02290442585945 0 4.144116953015327 18.27318559587002 4.514064781367779 41.49932018667459 13.26266165822744 0.7089154720306396 19.50141035020351 0 1.660126626491547 0.7846520692110062 0.08442307263612747 0 0 0 20.85606065392494 0 0.4414282739162445 0.1194663420319557 71.76193246245384 0 0.546345941722393 1.008557096123695 77.52436947077513 1.252345450222492 0 0 0 0 0.8571049273014069 1.015009954571724 17.05111134052277 0.4574283063411713 5.657529547810555 0.5312558487057686 28.14204094558954 1.079106420278549 4.797996044158936 0.1363243758678436
14.5582203567028 37.1382804736495 43.59696102142334 1.046335600316525 40.89400801807642 253.0873251259327 16.02143108099699 269.7499164789915 4.06299215555191 27.39730627089739 12943.8708826974 13.55171345919371 1171.993962436914 126.7538559213281 19.34165541827679 1.915068253874779 102.9313974007964 2774.092045903206 551.1078837737441 5.478144995868206 56.72192679345608 12.59398881345987 42.7760179117322 6.569036386907101 301.1213589385152 5051.704342216253 844.9845190644264 14.77464327961206 180.5858810916543 32.53176765888929 173.1017652079463 273.8898872882128 11.85358715057373 9822.798695072532 4.592544980347157 365.7088730707765 2872.735411047935 3750.04248021543 637.1132557541132 13.70024962723255 422.9324304684997 907.9970089942217 5.435204386711121 0 2.023699179291725 0.736080639064312 0 0 0 0.1209893301129341 0 0 0 117.5347154438496 0.1287909895181656 712.6951586976647 0 0 0.5516925007104874 0.2134300544857979 1.353120937943459 0.5687358006834984 0 0 0.1288856416940689 0.1224319711327553 0.4383250549435616 47.43463633209467 31.26152473688126 177.1923775970936 0.2442122474312782 0.2770106792449951 0 63.91485237330198 0 0 0.4764374271035194 6.03671583533287 14.91348075121641 271.7297122105956 24.22291211038828 1.556534171104431 0.2418053299188614 0.7756049633026123 210.9876293689013 0.3261410892009735
0.9547434151172638 0.9969518929719925 0.8973933309316635 2876.479742214084 17.10945802927017 4060.73590169102 31.34224913269281 294.6622859463096 701.7757257595658 4857.803266502917 13.55171345919371 6722.74474863708 2.858396202325821 201.2310708612204 525.0961750000715 0 0.8465141654014587 5.869881063699722 1.942317277193069 5235.934435084462 0.4281696602702141 10.35122019797564 0.7690951898694038 628.8965187594295 0.9625482931733131 8.160298533737659 7.788839809596539 570.5831493064761 77.60388221591711 1.147436916828156 0.3584032878279686 67.44247017800808 1.245371133089066 96.64165270328522 0 113.0423277318478 33.45514577627182 334.490341745317 18.31230887025595 1116.694810211658 15.13441283255816 17.6065199971199 2.911331966519356 0.1140580475330353 0 0 86.78394064307213 0 15.86436354368925 12.17958956956863 6.412416376173496 10.72515473514795 57.23261606693268 0.1129074171185493 79.69696317613125 0 1.76910050958395 2.748416244983673 0.119663842022419 0 0 0 63.7912869527936 0 0 0.1114216297864914 48.71985469758511 0 0 0.1670617163181305 64.66605959832668 0.5298246592283249 0.4569461941719055 0 0 0 0.3975073397159576 4.655460819602013 66.46393671631813 0.1324503272771835 13.40664421766996 1.590367168188095 124.589024618268 1.101960703730583 22.91588890552521 0
0.4897916913032532 522.0430026575923 5.19403214007616 0 1.723432302474976 15.25510084629059 0.7626317888498306 12.03888306766748 24.30648001283407 0.9527845978736877 1171.993962436914 2.858396202325821 4698.755413711071 3.452464044094086 0.6971195340156555 1.753264136612415 9.268858663737774 29.79008761048317 11.42075414955616 0.09216704964637756 1.180338352918625 107.5190996602178 0.9443971961736679 24.71731716394424 4142.371810726821 1594.32235455513 9310.972203418612 2.186884358525276 2.613465316593647 0.9142264351248741 1554.410308621824 12.90416335314512 0.1349269300699234 3052.372013516724 0.3471245765686035 95.20937183499336 2115.78122587502 2204.116804003716 216.847059443593 7.102008402347565 34.88816947489977 1176.576610222459 0.1878727674484253 0 6.074062027037144 0.2306272238492966 0 0 0 0 0.574043408036232 0.1098876520991325 0 258.3613332733512 0 1174.381852149963 0.2363868802785873 0 0.1960022374987602 0.9727797359228134 3.561677187681198 1.608195312321186 0 0.110744297504425 0.9406194388866425 0 0.2053870633244514 98.15187065303326 59.81561195105314 333.9087317213416 0.1985839381814003 0.09464182704687119 0.2813461869955063 139.6091965734959 0 0 2.249995112419128 1.612092390656471 10.86003632098436 503.0051482394338 32.49934787303209 6.935168631374836 0 2.109870910644531 350.4394750371575 0
5292.139816828072 0.07665223628282547 508.589777931571 35.02037335932255 18.16873972862959 1179.379955075681 6023.989883765578 9376.635671645403 21.27271364629269 1291.649990871549 126.7538559213281 201.2310708612204 3.452464044094086 7590.588735453784 32.81775726377964 0.8967831134796143 834.9271607920527 107.0329058691859 236.7861869633198 119.6963683739305 35.32953933626413 0.1069070920348167 271.0220114663243 172.3735623955727 1.016111075878143 583.8696481212974 121.4050121083856 311.5493429005146 5730.905710063875 2022.227370001376 0.4542911499738693 373.4472759664059 142.4517475143075 1349.685113571584 1.470076054334641 81.62966419756413 34.79843344539404 887.5279541835189 32.76770225912333 54.38121257722378 14.30180315673351 0.9236852452158928 0.8469839170575142 0.2870919108390808 0 1.243741922080517 3.795036911964417 0 0.6419976875185966 11.71923116594553 2.240198291838169 11.68666157871485 0.8322812020778656 0 0.4786627441644669 0.2261323928833008 0.14765265583992 0.2274158895015717 0 0 0 0 3.246487125754356 0.2767094969749451 0.2156689837574959 0.2309966236352921 33.89124672114849 0 0.5466804355382919 3.975529134273529 36.1159832701087 0.1900628507137299 1.629737757146358 0 0 0 0.4757544547319412 0.1344770640134811 5.521658897399902 0.5854799002408981 0.7761790454387665 1.296225056052208 5.588175863027573 0.3557393848896027 0 0
0 1.4420997351408 2.013513185083866 29.69069665670395 596.3506628125906 315.0141542255878 8.183159336447716 80.61196104437113 918.3420567512512 87.00725317001343 19.34165541827679 525.0961750000715 0.6971195340156555 32.81775726377964 295.3580640256405 0.3114755749702454 0.5841165333986282 3.931294091045856 0.7572565302252769 78.96009903401136 0 18.18623892962933 0.1643722355365753 395.5108230561018 0.877230316400528 7.58604222536087 6.679494582116604 43.41851106286049 19.03068358451128 1.11700177937746 0.1463960856199265 121.4140428230166 0 25.13615633547306 4.683927178382874 621.9485792517662 10.1146789714694 171.3934338241816 20.50882792472839 795.94392170012 36.65100134909153 13.91705419123173 2.70143349468708 0 0 0 11.8091195076704 0 1.851022109389305 5.097800523042679 3.703234948217869 0.6143651455640793 4.57851879298687 0.1776474416255951 7.346249550580978 6.699133396148682 0.1974165439605713 1.57483845949173 0.11580890417099 0 0 0 14.51126809418201 0.1489258259534836 0 0 17.60845666378736 0 0 0 21.92678944021463 0.4062723815441132 0 0 0 0 0 0 29.28224352002144 0 0 0 58.47105695307255 0 5.515266895294189 0
0.4146272018551826 68.72191779315472 32.96717536449432 0 0.118740476667881 0.6062722578644753 5.566926665604115 0.9412266165018082 4.352564699947834 0.5523068010807037 1.915068253874779 0 1.753264136612415 0.8967831134796143 0.3114755749702454 3753.989259660244 43.86579916626215 2.603506579995155 6.141620419919491 0 1794.867157667875 791.9420387670398 4837.774383701384 2495.226494133472 5.661803878843784 29.27952242642641 8229.538607217371 1837.991409316659 1.190423429012299 260.6520802155137 0.1898183822631836 0.1960543468594551 0.6080339550971985 79.44074922800064 39.46080649644136 2876.999568872154 1272.08245845139 580.7584276795387 999.6533004418015 127.6325933858752 13.65020832419395 0.6284893751144409 20.42878657579422 0.4166618883609772 6.107502982020378 35.75541666150093 0.6538966149091721 0 0 18.90941742062569 2.02110993117094 3.717892684042454 1.840883448719978 1.305619642138481 0 0.2759940773248672 1.923796609044075 0 3504.562662377954 1.60953900963068 0.1971155479550362 1.292940847575665 2.39698326587677 203.8138321116567 834.4746411964297 1123.654385611415 407.0562296360731 0.2880219221115112 2.979847937822342 841.0384455546737 196.671603217721 0.1602522879838943 15.79298028349876 0 0 0 1.768460690975189 7.129020810127258 835.7564441338181 95.82191668450832 16.35816795378923 13.31801088154316 24.1740076392889 0.4853115528821945 0.2601141333580017 0
237.306664340198 6.608614645898342 7081.318758152425 2.683218032121658 1.070749178528786 82.86006402224302 465.9653199613094 1101.741887688637 5.277113914489746 43.00509651005268 102.9313974007964 0.8465141654014587 9.268858663737774 834.9271607920527 0.5841165333986282 43.86579916626215 1535.880605444312 220.1919967830181 2436.730603858829 2.072292998433113 819.6398460045457 10.36754270642996 3541.244113497436 135.328019104898 3.735298588871956 6321.505280300975 6343.28403635323 180.6124728471041 677.5203509777784 1665.872467570007 0.6339753940701485 14.73809407651424 48.71866811811924 1748.305135801435 2.786551080644131 138.1680344566703 748.5993296653032 950.1260503903031 167.9529267176986 10.44386829435825 6.617482401430607 0.6307342648506165 1.720707379281521 0.163996085524559 4.420335508882999 18.53069591522217 0 0 0 1.030091911554337 0.1048332676291466 1.025509707629681 0 0.8471669927239418 0 1.730219624936581 0.1025710627436638 0 1.457877106964588 2.357412032783031 0.1249902918934822 2.081723757088184 0 0 3.260681815445423 2.251415699720383 4.795437939465046 0.9409020096063614 16.68706160783768 118.5305009633303 5.29411256313324 0.09676916897296906 1.008695609867573 1.452165327966213 0 0 1.182386256754398 0.8926836103200912 3.388356074690819 30.99497962743044 1.59247500449419 0.9579479247331619 0.3759260475635529 0 0.1961281150579453 0
18.97577393054962 3.043766342103481 133.4814973920584 0.7249147593975067 11.08663658052683 87.18051764369011 16.75991332530975 185.2040062993765 0.4481329768896103 13.42575242370367 2774.092045903206 5.869881063699722 29.79008761048317 107.0329058691859 3.931294091045856 2.603506579995155 220.1919967830181 731.8089807108045 2475.441808797419 3.015510126948357 39.38379252701998 0.454413078725338 60.78220498561859 12.27325882762671 5.16404128074646 7899.059066429734 638.5886418297887 12.34090051054955 132.3630282282829 34.28168683499098 18.66517952829599 81.2900568395853 11.0111037120223 2103.726295858622 3.165971420705318 447.9200986176729 664.9776393994689 2020.035930916667 461.4297206923366 6.783512845635414 82.50512469559908 23.78647620975971 3.684364914894104 0 1.082421272993088 0.214259184896946 0 0 0 0 0 0 0 5.344059780240059 0 33.79319030791521 0.09287237375974655 0 0.1397077441215515 0.3871079385280609 0.6566199958324432 1.516625680029392 0 0 0 0 0.3123871386051178 6.288649551570415 15.96524632722139 79.11263657361269 0.3925197273492813 0 0.1284759938716888 11.42752900719643 0 0 0.1074800491333008 3.210783049464226 10.49123062193394 23.20232982188463 2.800011716783047 0.1049103960394859 0 0 1.65808243304491 0
72.34567330777645 1.162070132791996 423.9581301137805 0.5228914394974709 1.606636121869087 29.97656007856131 44.26136814057827 301.9541284143925 0.884983129799366 11.67948886752129 551.1078837737441 1.942317277193069 11.42075414955616 236.7861869633198 0.7572565302252769 6.141620419919491 2436.730603858829 2475.441808797419 1475.681869924068 1.433615006506443 96.940429918468 1.522204145789146 192.3004897609353 13.20380843430758 5.355819262564182 14409.23154949397 1474.239867851138 18.87302194535732 280.9158424809575 145.5779229328036 6.134242340922356 19.95052476972342 31.57720543444157 1316.988629996777 5.004968672990799 90.72834181785583 216.9844173118472 982.3808172047138 179.543307736516 3.393282629549503 10.09595254063606 1.482858963310719 0.5153427273035049 0 0.9266094416379929 0.9211298003792763 0 0 0 0 0 0.5360400676727295 0 0.7397340759634972 0 4.439316160976887 0.1665189117193222 0 0 1.210649982094765 0.3506797850131989 0.5461517572402954 0 0 0.3075341507792473 0.2088330313563347 0.2224309220910072 0.3588610365986824 4.889659874141216 27.54259517043829 0.3641346395015717 0.1042519435286522 0 0.9854430556297302 0 0 0 0.6677178591489792 0.5557986721396446 10.77781020104885 0.279819667339325 0 0 0 0.2868746221065521 0
2.025565221905708 0 14.53935664147139 4875.99576754123 2.012459941208363 353.3629106581211 28.74958789348602 128.3708874434233 628.5844656229019 2176.446672387421 5.478144995868206 5235.934435084462 0.09216704964637756 119.6963683739305 78.96009903401136 0 2.072292998433113 3.015510126948357 1.433615006506443 552.232233658433 1.354929260909557 0 4.308961391448975 855.9151478782296 0.4334447383880615 7.372346289455891 4.173291064798832 2713.759372495115 134.7468468993902 2.828407950699329 0.107922688126564 19.99112861603498 1.826152846217155 83.81634636223316 0.6541094928979874 140.0732826888561 3.616695180535316 257.3849432021379 45.5122339874506 273.8473310247064 34.62708093971014 0.7521482110023499 11.66952407360077 0.1559823602437973 0 0 36.22778644412756 0 5.667323976755142 16.67818451672792 5.84958653897047 47.51639272272587 15.4018434509635 3.83083176612854 20.48369814455509 1.957484245300293 2.009729847311974 0.7213370800018311 0 0 0 0 57.40136035531759 0 0 0 86.59617196023464 0 0 0.2311628386378288 98.83292822539806 0.6135500892996788 0.5282687544822693 0 0 0 0.4950835108757019 0.2549105286598206 32.20952585339546 0.153341144323349 3.291786357760429 2.487855263054371 107.3981974646449 0.4572391659021378 0 0
10.58695887029171 0 1192.527947604656 2.229785107076168 0.3501752018928528 19.98030202835798 353.5575592294335 62.03282399475574 3.938535943627357 28.22755655646324 56.72192679345608 0.4281696602702141 1.180338352918625 35.32953933626413 0 1794.867157667875 819.6398460045457 39.38379252701998 96.940429918468 1.354929260909557 15598.46543482691 15.45811611413956 18476.89547143877 924.8212000653148 0.6532481536269188 85.73693370819092 473.9673760384321 6222.634264357388 50.6191064119339 9287.245317451656 0 3.904679968953133 12.19959831237793 1885.455853797495 160.1994852945209 7217.2670000121 1925.201915465295 4313.888198755682 3639.224680349231 407.3941247463226 58.00065140426159 2.140560388565063 81.41986878961325 0 0.6242702007293701 3.697003312408924 0 0 0.125919908285141 4.030602537095547 2.278713017702103 4.290227547287941 0.2874611094594002 0 0 0.2834916114807129 0.4584178626537323 1.297636985778809 168.368551813066 0 0 0 0.1049490571022034 50.23771275579929 62.08715103566647 9.788045018911362 155.3623745813966 0 0 17.60775169730186 78.88023514300585 0 19.19903187453747 0.1078832000494003 0 0 0 14.56477734446526 150.6980398520827 7.638419575989246 2.538715973496437 2.378779858350754 8.535882294178009 0 0.3587602972984314 1.456099808216095
0.3525897935032845 2250.379640027881 15.09066512435675 0 0 0.3426717668771744 4.669696442782879 2.518189541995525 2562.671384841204 0 12.59398881345987 10.35122019797564 107.5190996602178 0.1069070920348167 18.18623892962933 791.9420387670398 10.36754270642996 0.454413078725338 1.522204145789146 0 15.45811611413956 1701.0161780864 25.21723763644695 5274.015078082681 678.5387083888054 46.86409941315651 4143.224641427398 290.7290152087808 1.893866449594498 12.95801758766174 17.32950907200575 0.09349869191646576 0.7389502078294754 83.59571885317564 2.117361277341843 33.58169633150101 19.38793116807938 25.17999977618456 12.10713203251362 10.11752961575985 1.562566146254539 22.5263115093112 0.8196775615215302 0.4024039655923843 85.29234849661589 48.55825027823448 0.5351476073265076 0 0.7382035106420517 8.732659570872784 1.041699804365635 18.5849357098341 0.5984247028827667 0.8675210848450661 0.1403225809335709 7.025703385472298 0.9217631071805954 0.4144937098026276 1097.268509909511 0.3516287505626678 0.7820208817720413 0.6347527652978897 2.409121915698051 103.2614806890488 255.4297610893846 252.0423753038049 246.9009612351656 15.1469294577837 6.367513060569763 750.0971293523908 112.3626265227795 0.300627090036869 6.345545843243599 2.220529645681381 0 0.09681635349988937 1.845501095056534 0 45.37460297346115 15.69999201595783 4.787841074168682 5.702261358499527 5.429064974188805 0.2521454691886902 2.155502468347549 0
50.33272755146027 4.286386132240295 9628.133439950645 9.093997225165367 0.7562251091003418 84.5380624383688 1465.822295695543 469.8940166160464 9.254439860582352 102.0464595481753 42.7760179117322 0.7690951898694038 0.9443971961736679 271.0220114663243 0.1643722355365753 4837.774383701384 3541.244113497436 60.78220498561859 192.3004897609353 4.308961391448975 18476.89547143877 25.21723763644695 16608.43486078829 1088.124724701047 1.139216393232346 1870.145537391305 9789.269247412682 3928.679847635329 118.3946693316102 4002.284849084914 0.1655403524637222 5.951171077787876 17.32331866770983 1937.681115038693 129.7583196982741 7598.770839318633 7965.959260240197 5182.434889055789 5623.890598714352 313.3642476722598 50.60411331802607 7.991443499922752 69.50581683218479 0 15.5039703771472 304.6354738101363 0.5066295266151428 0 0 17.98598758131266 2.116872981190681 4.586570776998997 0.7528235614299774 0.7919010743498802 0 0.5271193832159042 2.003752194344997 0 885.5728453248739 7.371809296309948 0.4024356976151466 0.8404666483402252 0 28.5889992043376 259.6369515284896 678.0927954316139 64.87668816745281 0.6343013569712639 6.530830971896648 1563.836361572146 42.54126913100481 0.3722685873508453 11.35359730571508 0.3410515487194061 0 0 5.052788637578487 11.09161927551031 107.8999657407403 43.13138736784458 27.85976967215538 18.77760437130928 5.249863162636757 0.3938509225845337 0 1.30680975317955
45.2986812889576 462.2708241641521 1003.03831551224 1432.151566721499 3.372150421142578 281.0969323441386 2008.463665105402 184.2012403532863 9682.078379675746 389.9320107921958 6.569036386907101 628.8965187594295 24.71731716394424 172.3735623955727 395.5108230561018 2495.226494133472 135.328019104898 12.27325882762671 13.20380843430758 855.9151478782296 924.8212000653148 5274.015078082681 1088.124724701047 14094.24040816724 67.58852276206017 387.9518482163548 4953.872530117631 11493.50309415162 677.8879984915257 496.5656761974096 3.30234557390213 16.57557652145624 134.5509085953236 482.0154335126281 113.1036549881101 3322.84387756139 233.9889922142029 1125.543865732849 772.1720513701439 614.8013786524534 158.9828776195645 10.50477416813374 64.71589779108763 21.29081241041422 8.734418116509914 16.13920148462057 201.3630803525448 0.1258977204561234 90.27189740538597 537.3505301997066 119.0296855568886 1103.580481790006 107.9490305930376 4.831967301666737 59.45197822898626 2.461713999509811 55.55411823093891 11.43084955960512 325.8682587742805 2.642194010317326 0.4335618242621422 1.51933841407299 262.7520091980696 143.4379887580872 312.1006987914443 32.35719213634729 3144.240039601922 0.999006986618042 7.66038079559803 124.6996905878186 2829.793022342026 69.24394001066685 392.1428317576647 0.8083552420139313 3.187915615737438 6.237569585442543 31.69496431946754 14.12015212327242 693.3338659629226 42.02400537580252 186.608559705317 108.653561078012 486.267062574625 21.4389171898365 9.501424662768841 7.051871426403522
0 2219.720392048359 1.323233686387539 1.946442484855652 0.3017663136124611 0.609436422586441 0 1.138159558176994 106.2619284391403 0.3229237571358681 301.1213589385152 0.9625482931733131 4142.371810726821 1.016111075878143 0.877230316400528 5.661803878843784 3.735298588871956 5.16404128074646 5.355819262564182 0.4334447383880615 0.6532481536269188 678.5387083888054 1.139216393232346 67.58852276206017 897.3519519716501 274.5782488137484 7409.388031356037 6.020699799060822 0.2936988994479179 0.2577814236283302 343.4902109652758 0.2814035713672638 0 741.4661043658853 0 19.77690333127975 170.9468814879656 343.9340998455882 59.38897948712111 0.5714962929487228 0.7103407979011536 305.9776499941945 6.375993967056274 0 230.6401684135199 2.056347064673901 0 0 0 0.1729992926120758 0 0.4143246784806252 0 126.2652880400419 0 608.0841300487518 0 0 0.259200319647789 0 5.614783197641373 1.228219822049141 0 0 67.66961252689362 0.120278038084507 0.7747524976730347 77.07687577605247 33.37776885181665 437.643533706665 0.4033707603812218 0 0.1193477064371109 23.9112442061305 0 0 1.30478260666132 1.714715898036957 19.08383253216743 191.5767275840044 26.84928032755852 2.270366758108139 3.957961320877075 0 881.8691207766533 0
123.2998972386122 108.8568649813533 13647.61103691161 12.59545673429966 17.14428292959929 227.9045120626688 304.8688408099115 1034.559656232595 27.14135426282883 85.35920348018408 5051.704342216253 8.160298533737659 1594.32235455513 583.8696481212974 7.58604222536087 29.27952242642641 6321.505280300975 7899.059066429734 14409.23154949397 7.372346289455891 85.73693370819092 46.86409941315651 1870.145537391305 387.9518482163548 274.5782488137484 30698.70225160569 11162.62074248493 213.2185049280524 384.5659459531307 201.4110788926482 321.3243843689561 136.5262905657291 26.65370960533619 2889.040059089661 43.30229450762272 2896.026626460254 4995.570536196232 7535.575339302421 1601.117068104446 31.92337604612112 122.6223633289337 150.6983155980706 10.68175037205219 0.3279247581958771 81.74299664795399 20.87109681218863 0.1117117926478386 0 0 4.019439734518528 0.3174872174859047 2.559911541640759 0 90.68074780702591 0 656.3634125590324 1.043227642774582 0 1.359711974859238 36.84888852387667 17.01821225136518 92.52007532119751 0 0.9678848162293434 4.966994300484657 4.215659856796265 16.06876170635223 118.7945729494095 486.0131526738405 2693.652295216918 9.428011864423752 0.4638943299651146 4.481972716748714 165.220917917788 0.09395002573728561 0 20.00572092086077 13.35116036236286 49.4717423543334 809.3492907881737 58.10064939409494 7.153000548481941 0.9388556554913521 0 14.95962962508202 0
18.94239170104265 5319.692996926606 7657.206355139613 5.81568269431591 6.748207449913025 91.46763367205858 141.7710053622723 212.4758205711842 822.4309158548713 33.14053606987 844.9845190644264 7.788839809596539 9310.972203418612 121.4050121083856 6.679494582116604 8229.538607217371 6343.28403635323 638.5886418297887 1474.239867851138 4.173291064798832 473.9673760384321 4143.224641427398 9789.269247412682 4953.872530117631 7409.388031356037 11162.62074248493 28475.22169999778 2757.260045319796 98.46150510013103 73.57025838643312 965.4142080247402 65.45765175670385 8.713694393634796 3404.364765107632 175.9548639655113 7995.280055075884 6443.848449073732 9521.877506218851 3852.162964776158 185.424550011754 66.63775913417339 113.019338965416 30.31704476475716 2.863240651786327 1873.348391398787 1707.369367673993 0.7568158805370331 0.3446533232927322 0.7543491423130035 41.79115255922079 7.843395255506039 9.988918758928776 1.377265751361847 244.9517819359899 0 1388.080225497484 11.3545354232192 0 277.0128739103675 202.4479130208492 140.7360451519489 354.4464888647199 0.8037822246551514 23.52772686630487 568.7599915638566 619.3027478083968 56.12509188055992 653.3295615911484 2176.94258826226 20716.50786564499 58.98779609054327 4.697327993810177 14.50811870396137 553.1659215539694 0.7097930163145065 0.4020495340228081 136.5621557682753 41.39392017573118 243.6056973338127 3137.070577949286 362.2283440828323 65.83062662184238 9.525135174393654 2.232756569981575 36.57880336046219 2.594234839081764
80.33162380754948 30.30240631848574 1125.148371256888 4171.638236649334 4.805387079715729 813.0307233780622 22144.02871311456 363.4789424538612 1456.430411688983 8618.148599438369 14.77464327961206 570.5831493064761 2.186884358525276 311.5493429005146 43.41851106286049 1837.991409316659 180.6124728471041 12.34090051054955 18.87302194535732 2713.759372495115 6222.634264357388 290.7290152087808 3928.679847635329 11493.50309415162 6.020699799060822 213.2185049280524 2757.260045319796 29109.4151192978 1019.763504631817 14507.73381268233 0.3845107927918434 33.37279500812292 235.3871968835592 1464.731638997793 244.7705334424973 5113.878969915211 348.1044903770089 2483.031379424036 1690.969156101346 587.8764505237341 195.5989012718201 4.756335608661175 105.0235622525215 14.63075984269381 2.205148331820965 9.279966816306114 149.4453427270055 0.1172112077474594 55.87707654386759 395.9485784843564 87.73749882727861 447.1371252015233 88.4246681779623 5.217028588056564 52.73975563794374 2.50292744487524 38.30679394304752 8.332985490560532 153.2896515280008 0.7936335876584053 0 0.8244472295045853 211.4433001726866 80.95902599394321 135.6810460910201 12.02089726924896 1870.239635773003 0.1054830029606819 2.66807609796524 53.20514353364706 1901.309502877295 36.68928626179695 353.1893277391791 0.1040059849619865 0.8955969661474228 3.205350466072559 19.78773294389248 16.10777725279331 489.9270503893495 18.81508915126324 121.7234777063131 61.20289549231529 378.2539811953902 14.34503023326397 0.7517602369189262 4.732695706188679
4551.713364757597 0.4161148816347122 94.53067929297686 79.43397594243288 70.7314113676548 668.1036546602845 1560.483457989991 1979.780266880989 76.02910240739584 740.6317275986075 180.5858810916543 77.60388221591711 2.613465316593647 5730.905710063875 19.03068358451128 1.190423429012299 677.5203509777784 132.3630282282829 280.9158424809575 134.7468468993902 50.6191064119339 1.893866449594498 118.3946693316102 677.8879984915257 0.2936988994479179 384.5659459531307 98.46150510013103 1019.763504631817 18377.60702832788 8249.64887162298 0.8265620693564415 2106.671568110585 2773.61746494472 6125.18151108548 0.8712744414806366 64.99829476326704 24.16993159800768 2113.793447226286 109.372918151319 41.54304604977369 137.6071992740035 1.161918222904205 0.71768768876791 0.5235112309455872 0 0 6.055672064423561 0.240770235657692 1.828622080385685 26.93032595515251 5.230309680104256 20.05699611455202 3.951680511236191 0 0.787768580019474 0.1869578510522842 1.618565827608109 0 1.221024826169014 0 0 0 8.058740325272083 1.16507251560688 4.351616881787777 0 95.79531092196703 0 0 1.521922037005424 95.59440433979034 2.474040329456329 8.325052201747894 0 0 0.3845720961689949 1.598709404468536 0 14.60544181615114 0.4935577213764191 6.811811745166779 2.68634932488203 14.72835005074739 0.3019937872886658 0 0.3809954822063446
