427.3951712921262 1.245009206235409 127.5881841108203 0.7052420005202293 0 4.348579965531826 1573.014119781554 400.0467512756586 11.43543284386396 15.93648332357407 3.57556739449501 0.6994255557656288 0.5030313804745674 4508.293415650725 0.1603537201881409 0.9372717887163162 136.2050533890724 6.048778504133224 37.54679836332798 0.2310952767729759 19.07681358605623 1.187059864401817 69.60904086381197 26.53262488543987 0.1918103247880936 98.96669059991837 79.27116540074348 115.6205592527986 3387.571091681719 1029.544709384441 0 2.441610276699066 166.5418457239866 232.8359213992953 0.7880671620368958 14.79201210290194 17.80400627851486 129.9815366342664 16.04081203043461 1.994369991123676 2.436720497906208 0.2091697156429291 0.4098966419696808 0.9460736736655235 0.264975368976593 0.47245854139328 0.1593589782714844 0 0 23.02397931367159 0.5040466338396072 10.34534473717213 1.943488612771034 0.4868396818637848 0.1450405567884445 0 0.8423647806048393 0 3.530352711677551 0 0 0 1.03733828663826 8.925747282803059 0.432812362909317 2.267319791018963 38.06934981793165 0 0.3946050480008125 1.888272695243359 33.00623003393412 6.608692459762096 27.00539519637823 0 0 0.6702551692724228 1.18140384554863 0 8.366115465760231 0.2411053478717804 5.797009877860546 3.448275715112686 1.792721509933472 0.9563106000423431 0 0
1.245009206235409 226.7604764476418 223.6442019492388 2.586933642625809 1.091141395270824 0.6115874573588371 20.37084984779358 1.655489049851894 388.6677651926875 1.842648290097713 33.23550530523062 10.77354380488396 716.2535629794002 4.18822567909956 24.85851143300533 755.236054725945 95.12451138347387 5.607827931642532 10.29915162175894 1.715840823948383 42.17663489282131 3042.420409418643 42.41428286582232 1340.920949533582 2429.038421615958 507.8910351768136 7553.79602612555 200.518850915134 6.960854895412922 13.33426501601934 99.77909019589424 0.2646179050207138 1.242012515664101 37.38419960439205 0.8244131952524185 298.985136590898 264.4720797166228 204.0463125407696 32.77865691483021 30.28596739470959 0 101.1513020247221 0.8573300838470459 0 29.10749866068363 196.8830046802759 0.1018207371234894 0 0 1.011920541524887 0.2844003587961197 0.3872721791267395 0 5.979419961571693 0 19.40036923438311 0.1517963409423828 0 28.58880652487278 6.589157283306122 0 4.024837762117386 0.2193528562784195 2.788719609379768 54.37721374630928 19.6758676096797 6.524867042899132 10.52892492711544 167.7546361237764 1360.538305826485 1.614587306976318 0.1658212393522263 0.1206448599696159 4.028577983379364 0 0 1.234119728207588 0.2080060839653015 8.375434868037701 1.468046985566616 4.990900456905365 2.032403334975243 0.2976721972227097 0 0 0
127.5881841108203 223.6442019492388 3393.704581141472 0.742835059762001 0.3186978399753571 27.84789053350687 3497.234339557588 774.0084963515401 0.8049529418349266 56.60389424860477 13.8423692882061 0.07735085487365723 7.782573580741882 1236.635511822999 0 9.260212428867817 6420.806369848549 9.72065456956625 94.7862050011754 0.43838731944561 1008.219126462936 15.24401688575745 10726.87403859943 49.81638392060995 3.809014961123466 4142.911122977734 8079.409901894629 612.7814692556858 290.0949592217803 741.6112126633525 2.848802864551544 3.171332970261574 26.64741385728121 974.1854276508093 42.78411509096622 2490.184709466994 1344.86898034066 2956.161175079644 1037.603940941393 125.6137629598379 10.83697067201138 17.32406908273697 23.40909181535244 0 158.9883091896772 788.8996600210667 0 0 0 3.592245630919933 0.116845965385437 1.418541237711906 0 0 0 0.6150434166193008 0.3675413280725479 0 19.82176881283522 6.095146015286446 0.2426958680152893 1.335160508751869 0 9.487287953495979 182.0694031864405 23.18427316844463 14.55448381602764 0.4829057455062866 62.96429036557674 2506.124067470431 8.672347836196423 0.9516451880335808 5.97440493106842 0.3906913697719574 0 0.1824598759412766 0.514246828854084 11.94667476415634 10.61169884353876 4.368539959192276 9.041796751320362 2.179564222693443 0.3387250006198883 0 0 0
0.7052420005202293 2.586933642625809 0.742835059762001 474.5695037841797 8.918589733541012 179.2453003004193 138.9034028202295 57.02516195178032 694.1905460804701 1821.222915619612 5.208180658519268 5301.014210000634 1.200462885200977 42.69976928830147 289.8341482430696 0 0.5145751461386681 1.286604098975658 1.771674230694771 1438.997847035527 0 8.419741488993168 0.09788193553686142 496.2311683669686 1.30097309499979 3.192852638661861 1.733009167015553 1775.829971238971 49.51110746711493 0.5079372599720955 0.1600013896822929 7.428941562771797 1.883842326700687 36.66569110751152 1.392412841320038 128.7855853438377 1.144944533705711 72.72126658260822 15.62727180123329 397.8893673568964 20.64094983041286 0.1936049163341522 2.040672734379768 0 0 0 143.2511867880821 0 1.090891771018505 38.66992278397083 0.8389807343482971 47.39906283468008 100.042636834085 0.617677628993988 84.53538077324629 1.157503724098206 0 2.73858118057251 0.2735927551984787 0 0 0 109.5828644037247 0.2599345520138741 0 0.7284016609191895 159.1868850961328 0 0 0 348.1230633854866 0.6463761627674103 2.778647147119045 0 0 0 0.5174785554409027 0 29.83580585569143 0 1.782344564795494 0.6351427510380745 36.81588092446327 0 0 0
0 1.091141395270824 0.3186978399753571 8.918589733541012 7.627277612686157 143.4957418516278 1.516216918826103 15.58884886652231 48.81903044879436 24.5004908144474 30.95206870883703 117.2693774402142 1.064309865236282 2.681999199092388 1534.877020843327 0 0.8969655930995941 4.403897032141685 6.091828137636185 10.1238449960947 0 5.077602073550224 0 29.4376707226038 1.827253714203835 7.458844505250454 1.171884223818779 11.34559342265129 3.935876302421093 0 1.183645144104958 134.8053262829781 0 207.7508741393685 0 18.26999784260988 0.2760172486305237 74.65828985720873 8.553716212511063 1125.085944235325 8.601966112852097 2.431403577327728 0 0 0 0 0.7725051566958427 0 0 0 0 0.6282542645931244 2.562842965126038 0 0.8851515650749207 0 0 0 0 0 0 0 2.183880314230919 0 0 0 0.3984227925539017 0 0 0 3.797630399465561 0 0 0 0 0 0 0 0 0 0 0 1.870033085346222 0 0 0
4.348579965531826 0.6115874573588371 27.84789053350687 179.2453003004193 143.4957418516278 7155.194579906762 189.5233223736286 5094.296262569726 128.6870247349143 8833.618999138474 124.4007563069463 2354.213797092438 12.24861561506987 403.3956227600574 2221.365123048425 0.1368691176176071 8.189824499189854 21.67007084190845 39.30459750443697 296.3797535896301 1.50569798797369 0.526347815990448 6.533338092267513 44.7562942430377 2.814619354903698 55.05340888351202 13.59590703994036 481.5077366009355 256.5000149235129 6.866314589977264 2.872469201683998 254.3720035925508 1.781790867447853 570.7131515592337 2.654148906469345 238.8835885450244 20.20627622306347 530.8064408749342 75.30974680185318 1798.900961980224 164.8160070255399 19.79640513658524 6.451796345412731 0 0.1344190388917923 0 14.4280818477273 0 1.353465914726257 9.316994890570641 0.1080198287963867 5.69243585318327 13.19096603244543 0.6587753295898438 27.40260761231184 0 0.1018761247396469 0 0.6465516611933708 0 0 0 15.85768059641123 0.3302804157137871 0 0.1255504488945007 18.70546343922615 0 0.1997250914573669 0.2791925221681595 37.64213266968727 0.3929402902722359 3.273196056485176 0 0 0 0.2775382399559021 0 7.981913164258003 0 0.4741730988025665 0.07760968804359436 14.79860088229179 0.08000566065311432 0 0
1573.014119781554 20.37084984779358 3497.234339557588 138.9034028202295 1.516216918826103 189.5233223736286 6436.820753000677 3207.49494741112 502.4356633126736 1125.055011294782 14.52572719752789 17.52351380139589 6.195117607712746 8468.634978331625 20.94239810109138 45.35377924889326 263.5798044502735 4.490377709269524 27.04338139295578 5.819463297724724 2237.093928091228 27.31850324571133 2072.552259989083 2489.922240518034 10.7116571739316 427.1416295543313 1396.940188191831 15314.08994229138 1751.945139974356 2203.017282903194 0.7351736947894096 13.17467896640301 298.0114297643304 618.2634465917945 45.73179341852665 2298.44551306963 111.2280691191554 1379.076520115137 599.9977171123028 176.4311162307858 235.5904550030828 11.10558524727821 58.71200257539749 2.977790631353855 1.640918880701065 8.758771151304245 64.67478751391172 0.3769509792327881 1.54131718724966 789.4773359000683 14.078932762146 238.0222292244434 126.5040743052959 5.859970711171627 15.11725591868162 4.232051268219948 21.39166403561831 1.971992418169975 56.18251396715641 1.501239836215973 0.3087469935417175 0.1233830526471138 56.49523514509201 87.87434560060501 12.26253450661898 21.42413509637117 912.6182728633285 0.08737853914499283 2.277385599911213 21.86175246536732 1038.875455893576 73.13791605830193 341.7522035837173 0 0.7088460326194763 4.484764568507671 30.33095908164978 1.679064258933067 148.2663694396615 1.660126715898514 99.66124009341002 54.03289835900068 42.61920479685068 14.26533866673708 10.4893836081028 2.944402150809765
400.0467512756586 1.655489049851894 774.0084963515401 57.02516195178032 15.58884886652231 5094.296262569726 3207.49494741112 9534.64567579329 48.79665826261044 4119.800564415753 144.1428691223264 254.8244736343622 13.9155388623476 5859.727156072855 209.9485259279609 2.657029338181019 213.8867522552609 33.46131893992424 97.19516225159168 87.05581675469875 47.48438960313797 3.910299651324749 191.4839383289218 107.6291542127728 5.214671112596989 287.8299862444401 214.959434710443 408.8041601032019 700.6243344023824 317.018977932632 4.173789814114571 76.32003132998943 21.7172646895051 890.47495418787 2.592307657003403 305.5588379949331 47.38726598769426 817.146542288363 113.984064489603 427.3205400779843 150.8864168897271 9.774834878742695 14.62087079882622 0.7602115124464035 0.4133034572005272 0.6995976716279984 4.50029268860817 0 0.3543698117136955 86.61435321718454 1.803360052406788 28.05891598761082 10.33530730754137 0.3195184767246246 3.625432856380939 0.1035655662417412 2.871248178184032 0.3109748959541321 11.06188935786486 0 0 0 2.826416425406933 18.34740667045116 1.549997128546238 2.231524832546711 116.0869793444872 0.1049343571066856 0.5587151944637299 3.196070812642574 120.7190656661987 11.96160181611776 50.61850172281265 0 0.2171357423067093 1.390946172177792 5.082615338265896 0.30727419257164 24.1961597725749 0.3665959388017654 12.52447416633368 3.916470259428024 5.908224552869797 2.941576831042767 0 0
11.43543284386396 388.6677651926875 0.8049529418349266 694.1905460804701 48.81903044879436 128.6870247349143 502.4356633126736 48.79665826261044 840.7226220369339 1038.125604555011 3.071494869887829 215.0128833353519 49.49500552564859 35.05997956544161 831.5915254801512 9.023735105991364 1.128089338541031 0.5161630064249039 0.8249295055866241 232.1499428972602 9.595468558371067 1731.092914015055 2.730587117373943 3653.739726707339 157.391054444015 20.77778751403093 135.0803551971912 2334.281908795238 51.91313388943672 134.779291279614 10.51860498636961 2.45765844732523 11.49350015819073 10.93589943647385 3.126790061593056 182.7829409241676 14.22581056505442 30.30160441994667 17.57455790042877 629.8253855705261 5.70130281150341 1.488049283623695 2.801214993000031 3.276146829128265 0.1245302557945251 1.7448475882411 92.91708248853683 0.147411897778511 0.4558629915118217 243.0679311826825 4.956341199576855 37.71488795429468 50.78552253544331 1.060399763286114 22.99104220420122 0.4629828929901123 8.937640771269798 3.017335668206215 24.39816901832819 0.990330345928669 0.0784265547990799 0.1935941651463509 47.91700239479542 29.19119723886251 4.986759401857853 4.648836530745029 674.5002288073301 0.454165518283844 0.9393478482961655 1.301616631448269 440.7391441836953 29.44387394934893 164.5960850790143 0.2090059742331505 0 2.441458851099014 8.231347404420376 0 39.75421504676342 1.050296112895012 21.23788056522608 10.42603250592947 19.0420198366046 3.637083515524864 0 0.1851390898227692
15.93648332357407 1.842648290097713 56.60389424860477 1821.222915619612 24.5004908144474 8833.618999138474 1125.055011294782 4119.800564415753 1038.125604555011 5989.937712982297 79.37704373896122 7143.818727917969 11.92537081241608 1695.860719710588 300.4487007036805 0.2253411933779716 5.926579229533672 18.36064486950636 36.92295602709055 2825.564273290336 12.43515779823065 5.990348644554615 13.39025657624006 279.9500777050853 13.86313528567553 54.72229546308517 29.72502964735031 2799.933098003268 1164.25232116133 12.68451377004385 2.202674254775047 79.46472265571356 32.72813510149717 964.0168812796474 64.07018275558949 2616.958107158542 28.52592112123966 2211.022894024849 476.4918475300074 1435.441813573241 557.035087198019 13.72480054944754 64.8372500911355 0 0 0.7968856990337372 499.0924748778343 0.247042253613472 3.544782042503357 221.8355712294579 0.6950616240501404 124.765256665647 440.8315466046333 0.9639227837324142 166.338100656867 0.458206444978714 3.10261020809412 17.31870898604393 0.6903130561113358 0 0.1111753880977631 0.4327129125595093 299.229144923389 1.817709006369114 0.132985383272171 1.863348484039307 696.4167202562094 0 1.117728918790817 0.606507882475853 1421.133216477931 5.885629840195179 13.70312535762787 0.3836202621459961 0 0.1321851164102554 2.60905472189188 2.246406733989716 132.4608091786504 0.4071780741214752 8.144676059484482 7.227222166955471 85.38128592073917 2.69024907797575 7.22905296087265 0.7190771549940109
3.57556739449501 33.23550530523062 13.8423692882061 5.208180658519268 30.95206870883703 124.4007563069463 14.52572719752789 144.1428691223264 3.071494869887829 79.37704373896122 9084.728980027139 19.19770922511816 1607.732722610235 61.95124089717865 1.143026694655418 0.512032762169838 176.2044252380729 2354.270775340497 4221.402832642198 7.457244992256165 8.539768993854523 8.32890211045742 10.90548320859671 4.449941501021385 640.7054822519422 1741.840534731746 187.4655174762011 9.972317293286324 186.041112601757 5.450682491064072 417.0793332085013 194.3721537739038 4.161356948316097 5581.733739241958 19.93019506335258 419.4865166544914 3114.997819758952 4793.522564023733 753.3168176710606 30.66934811323881 97.71736568957567 776.1779726222157 4.317364245653152 0 13.18156512081623 0.146608754992485 0.2469083294272423 0 0 0.9794195219874382 0.1398456990718842 0.6954267397522926 0 148.8568276911974 0.4208949953317642 520.8358744606376 0 0 0 0 3.896699607372284 0 0.4480591416358948 0 0.6704406216740608 0 1.265029482543468 133.9943532347679 80.50100704282522 71.19336311519146 1.220989190042019 0.2423271983861923 0 95.76735232770443 0 0 0.2287280261516571 1.30666121840477 4.1795993745327 82.89962461590767 2.28720585256815 1.48836924135685 1.219804137945175 0 29.88293053209782 0
0.6994255557656288 10.77354380488396 0.07735085487365723 5301.014210000634 117.2693774402142 2354.213797092438 17.52351380139589 254.8244736343622 215.0128833353519 7143.818727917969 19.19770922511816 4625.58652663976 2.128218606114388 167.0382565334439 1792.194318190217 0 0.5947712063789368 5.02396434545517 8.227644175291061 2969.977918259799 0 50.11797555536032 0.1006561741232872 146.4043666571379 11.47717909514904 12.79059456288815 7.279735364019871 1863.448179073632 193.4718924239278 0.3510293066501617 1.355321601033211 38.52900364249945 0.1766690909862518 134.3038499653339 10.63474940508604 132.6665313616395 2.608240582048893 203.1320038288832 22.079215914011 974.8354129269719 42.12290195375681 2.220091357827187 1.450678929686546 0 0 0 58.99867407232523 0 0.9557576775550842 2.524166993796825 0 9.149942681193352 12.2576304897666 0 20.25325666368008 0.1194130778312683 0 2.454436138272285 0.6893306523561478 0 0 0 69.50779046118259 1.244305767118931 0 0 15.90921629220247 0 0 0 54.07511319220066 0.1608230620622635 0.6216216906905174 0 0 0 0.1375189274549484 0 23.22948997467756 0 0.3913379907608032 0 13.27979055047035 0 0 0
0.5030313804745674 716.2535629794002 7.782573580741882 1.200462885200977 1.064309865236282 12.24861561506987 6.195117607712746 13.9155388623476 49.49500552564859 11.92537081241608 1607.732722610235 2.128218606114388 4567.726335786283 3.693594098091125 9.069877296686172 14.88139694929123 3.934719242155552 13.56415475159883 8.518648020923138 0.6703958436846733 4.89594342559576 168.8979425951838 9.457869403064251 100.4206403493881 3831.146034553647 282.5496967583895 1695.28851031512 12.47577238082886 6.970053285360336 2.784454345703125 1011.346956893802 7.199678875505924 0.09674569219350815 646.5157173350453 61.04640485346317 944.9731195792556 5924.960740178823 2342.944022901356 280.6632713899016 101.4366714209318 84.23935070633888 1780.674535863101 3.426396191120148 0 131.9759360030293 0.3332764208316803 0 0 6.335165977478027 0.2923632115125656 0 1.186655767261982 0 299.5301297754049 0 1065.981038101017 0 0 0.1079496890306473 0 12.04588202387094 0.7564605623483658 1.050795793533325 1.226058959960938 1.838035330176353 0 0.8751648962497711 361.9635567516088 310.7322656661272 371.2080660238862 2.448568291962147 0 0.5152267217636108 224.7577593997121 0 0 0.3720125108957291 14.35450580716133 36.25720196217299 110.0549543127418 13.71647715568542 7.125710472464561 10.93877911567688 1.266065835952759 35.57187930494547 0
4508.293415650725 4.18822567909956 1236.635511822999 42.69976928830147 2.681999199092388 403.3956227600574 8468.634978331625 5859.727156072855 35.05997956544161 1695.860719710588 61.95124089717865 167.0382565334439 3.693594098091125 12394.44375507534 28.26406343281269 2.462930426001549 625.6526813954115 26.52910733222961 159.6271838471293 53.04220312088728 59.45818044990301 4.403584733605385 413.393466539681 95.67725174129009 4.52464697510004 503.7710142731667 393.6211880818009 496.4376883804798 4730.911349490285 2074.574560709298 1.786495544016361 47.43613434582949 77.87794155627489 683.3570380583405 2.16835917532444 194.8343530893326 53.95641329884529 511.3491840958595 74.56116810441017 113.0204486250877 27.35006354749203 4.010745860636234 5.330934174358845 0.3512127101421356 0.8355672731995583 3.70097029954195 1.261212237179279 0 0 66.46793795377016 2.444796063005924 27.17211523652077 2.866333112120628 0.164753332734108 3.094278328120708 0.1068537533283234 4.09564383327961 0.5514222234487534 14.43092982470989 0 0 0 2.264280527830124 23.37032482028008 3.227695591747761 5.733010031282902 82.89214783161879 0 0.6848810389637947 5.456940703094006 91.13137295097113 11.43290845304728 72.96046470105648 0.1235836520791054 0.2975966036319733 1.287419855594635 3.863310463726521 0 23.66367717087269 0.6880946755409241 12.57598028331995 4.629849873483181 8.095457471907139 0.9398624822497368 0.0969662219285965 0
0.1603537201881409 24.85851143300533 0 289.8341482430696 1534.877020843327 2221.365123048425 20.94239810109138 209.9485259279609 831.5915254801512 300.4487007036805 1.143026694655418 1792.194318190217 9.069877296686172 28.26406343281269 272.7667499780655 0 0 0 0.2018682658672333 302.9685136526823 0 107.0808394253254 0 599.715623408556 14.7621701285243 1.585713639855385 8.232314556837082 229.3973086625338 21.39073184132576 0 0.5418545305728912 426.5043622627854 0.1899101138114929 7.319222748279572 0 281.7281775027514 0.1237956881523132 8.121557101607323 0.5513379573822021 786.2626886889338 72.65794037282467 11.34210404753685 0 0 0 0 34.14145425707102 0 1.79788863658905 4.259791597723961 0 8.176180094480515 13.76848189532757 0 11.54792089760303 3.350929260253906 0 4.110983490943909 1.517179168760777 0 0 0 17.6502772346139 0.5990220904350281 0.2706574201583862 0.1402247995138168 26.92285806685686 0 0 0 42.60906187444925 0.432483971118927 0.8215251863002777 0 0 0 0.1035368889570236 0 39.05792056024075 0 0.3764530420303345 0 14.07917898893356 0 6.813908576965332 0
0.9372717887163162 755.236054725945 9.260212428867817 0 0 0.1368691176176071 45.35377924889326 2.657029338181019 9.023735105991364 0.2253411933779716 0.512032762169838 0 14.88139694929123 2.462930426001549 0 3816.36401245743 4.109025925397873 0.2035872787237167 1.240719690918922 0 3155.013351149857 1888.284207999706 3141.030074238777 1377.003538034856 63.25503899157047 12.49171486496925 3395.639556348324 1521.771501787007 6.756600223481655 296.1885334700346 3.060221925377846 0.3075330704450607 1.958623260259628 37.74083356559277 22.05002117156982 1380.242125317454 460.5918766409159 295.323733009398 500.5092218071222 40.16199234873056 2.255825944244862 4.40158649533987 11.12513685971498 1.263560213148594 2.396100163459778 35.76694398373365 0 0 0 4.666600324213505 2.023486882448196 7.115743063390255 2.287476897239685 0.2342711761593819 0 0.2129136547446251 3.130794785916805 0 2169.555932559073 2.305558808147907 0 0.1172916367650032 0 291.9071278497577 559.6450197920203 1299.454843834043 193.1947825402021 0 2.743320733308792 523.575086504221 172.5835692062974 13.66887451708317 92.67658644169569 0 0 2.785963818430901 9.326899632811546 2.774961158633232 48.95828555524349 4.263915553689003 16.93075050413609 11.49714080244303 0.7099103257060051 0.432655543088913 0.2278084754943848 0.2206566631793976
136.2050533890724 95.12451138347387 6420.806369848549 0.5145751461386681 0.8969655930995941 8.189824499189854 263.5798044502735 213.8867522552609 1.128089338541031 5.926579229533672 176.2044252380729 0.5947712063789368 3.934719242155552 625.6526813954115 0 4.109025925397873 1932.603076443076 151.9668306335807 3395.370745502412 0.1816194579005241 268.9286412447691 5.581999003887177 2279.018215671182 8.747581645846367 1.309210538864136 2886.016437657177 4488.083871863782 16.65612035244703 525.6120077222586 964.2857854366302 1.25027210265398 3.993736684322357 71.14517907053232 2157.591846115887 2.915971890091896 152.2486776188016 348.0814410820603 907.1003800779581 96.91877121478319 5.699848160147667 1.545467123389244 1.233233369886875 0.6635566353797913 0 17.64846544712782 29.86057741940022 0 0 0 1.293346293270588 0.07918185740709305 0.1103256344795227 0 0.2584145665168762 0 0 0 0 1.528994180262089 0 0 0.2919981330633163 0 0.9632681831717491 1.058938145637512 0.1103680431842804 2.786190375685692 0.2711644917726517 32.78152645379305 95.86187011748552 1.436426222324371 1.062955394387245 1.746124662458897 0.1965771615505219 0 0 0.1242097616195679 0 2.043951369822025 0 0.7603630796074867 0.2098345384001732 0 0.2369935363531113 0 0
6.048778504133224 5.607827931642532 9.72065456956625 1.286604098975658 4.403897032141685 21.67007084190845 4.490377709269524 33.46131893992424 0.5161630064249039 18.36064486950636 2354.270775340497 5.02396434545517 13.56415475159883 26.52910733222961 0 0.2035872787237167 151.9668306335807 90.32309292256832 1700.371899925172 2.158393606543541 6.373649805784225 0.3524295538663864 7.869048878550529 1.374976254999638 13.57820028066635 921.1294622272253 199.6194842755795 2.636039838194847 49.73901713639498 10.07666850835085 4.278797619044781 30.64409667253494 3.789962358772755 798.4216230511665 4.821164302527905 178.6587490290403 435.8884528949857 1107.065130509436 216.5247408002615 6.436937727034092 7.392867773771286 9.548415049910545 1.968477576971054 0 4.688346236944199 0.1780996471643448 0 0 0 0.2245282232761383 0 0 0 23.7562530040741 0 85.32418953627348 0 0 0.08771546930074692 0 2.335096322000027 0 0 0.117440365254879 0 0 0.4266832172870636 23.75709165632725 104.7241593822837 74.1014237627387 0 0 0 35.04589200019836 0 0 0.178614005446434 0.4948862493038177 0.8655931055545807 1.916853718459606 0.3757888898253441 0 0 0.2695552110671997 0.2416073605418205 0
37.54679836332798 10.29915162175894 94.7862050011754 1.771674230694771 6.091828137636185 39.30459750443697 27.04338139295578 97.19516225159168 0.8249295055866241 36.92295602709055 4221.402832642198 8.227644175291061 8.518648020923138 159.6271838471293 0.2018682658672333 1.240719690918922 3395.370745502412 1700.371899925172 2019.415323585272 2.914273574948311 63.28000969439745 2.084792457520962 79.9487199485302 2.197211630642414 10.39155992120504 3527.146077796817 1115.913614720106 9.225839331746101 294.3874906152487 96.48769707232714 7.667564794421196 58.46848424524069 38.92499060183764 4914.701840445399 11.8345877379179 543.425832182169 574.6592421531677 3347.209217324853 387.3179654255509 18.07440035045147 5.839646235108376 7.003329522907734 3.448546402156353 0 20.56750080734491 3.630830802023411 0 0 0 0.53525660187006 0 0.5048765912652016 0 10.2023595944047 0 40.21193039417267 0 0 0.2399888038635254 0.1105778813362122 6.151043467223644 1.137713417410851 0 0.0767345204949379 0.2572750449180603 0 0.4760081022977829 22.28253750503063 224.5423514097929 205.0934906676412 1.077972888946533 0.09107127785682678 0.5162842720746994 30.51725228130817 0 0 0.2034989818930626 0.1638596504926682 1.619562044739723 0.7454558312892914 1.042984500527382 0.1192942708730698 0 0 0 0
0.2310952767729759 1.715840823948383 0.43838731944561 1438.997847035527 10.1238449960947 296.3797535896301 5.819463297724724 87.05581675469875 232.1499428972602 2825.564273290336 7.457244992256165 2969.977918259799 0.6703958436846733 53.04220312088728 302.9685136526823 0 0.1816194579005241 2.158393606543541 2.914273574948311 112.3536541461945 0.1830010488629341 3.200947418808937 0.2204737439751625 36.50707269459963 4.039844453334808 4.89533756673336 0.7111335396766663 2124.015196464956 68.06660683453083 0.3315406143665314 0.2864723205566406 8.377028845250607 0 48.25108800828457 2.588398844003677 69.08541170507669 0.8774711266160011 85.96245162189007 10.90340686589479 405.8508302271366 18.82569401711226 0.2165724188089371 0.7269789278507233 0 0 0 43.94298646599054 0 0.5792851448059082 10.24068259447813 0 13.9464428126812 30.32541404664516 0 36.23516215384007 0 0 1.371707022190094 0.2144426703453064 0 0 0 41.33333025872707 0.1092035174369812 0.08396337181329727 0 30.45526578277349 0 0.1274928897619247 0 75.10579487681389 0 0.8180524930357933 0 0 0 0 0 17.32584860920906 0 0.2101818472146988 0.8520554900169373 11.85284676402807 0.1119491755962372 0 0
19.07681358605623 42.17663489282131 1008.219126462936 0 0 1.50569798797369 2237.093928091228 47.48438960313797 9.595468558371067 12.43515779823065 8.539768993854523 0 4.89594342559576 59.45818044990301 0 3155.013351149857 268.9286412447691 6.373649805784225 63.28000969439745 0.1830010488629341 8110.609533108771 163.6505468189716 12517.18016600609 227.5225630253553 13.10879755020142 57.65651700645685 812.999265037477 3539.721696257591 178.6652573123574 10637.39832549542 0 0.6587202101945877 54.16969182342291 2866.21675413847 79.42092718929052 3410.246498078108 895.9773232936859 4702.792441532016 2674.37871504575 71.15933559089899 19.77190808951855 12.49857740104198 42.98999949544668 0.6412268131971359 0.4954499751329422 21.22068163752556 0.229717031121254 0 0 8.266378529369831 1.34621487557888 8.103984035551548 0 0.3835857510566711 0 0 5.355981573462486 0 396.5928602293134 1.32479178160429 0 0 0 231.3936815485358 46.21170143783092 197.1869050264359 124.2397016882896 0.09659656137228012 2.428379356861115 23.46597729623318 127.848449587822 20.727653875947 122.6111293882132 0 0 4.38198085129261 12.10641057789326 5.032215006649494 57.46539252996445 2.638719648122787 18.41302268952131 12.90293041616678 2.047318711876869 0.3611069917678833 0.1120121702551842 0
1.187059864401817 3042.420409418643 15.24401688575745 8.419741488993168 5.077602073550224 0.526347815990448 27.31850324571133 3.910299651324749 1731.092914015055 5.990348644554615 8.32890211045742 50.11797555536032 168.8979425951838 4.403584733605385 107.0808394253254 1888.284207999706 5.581999003887177 0.3524295538663864 2.084792457520962 3.200947418808937 163.6505468189716 1959.33009711653 301.6082930937409 6826.217550210655 827.4291644096375 60.42303846031427 3477.050481557846 570.7271102070808 9.219430148601532 132.5317285507917 33.09816848486662 0.2616720870137215 0.9616956636309624 4.865366794168949 1.885777518153191 103.2452915534377 40.14279280602932 19.84777656942606 13.39139245450497 142.8641217127442 1.068602666258812 11.83913747221231 1.293621495366096 1.196550115942955 9.415462151169777 39.52178363502026 0 0 0 2.970255874097347 1.677428267896175 3.092591248452663 0.1126329824328423 0.3604673519730568 0 3.117756471037865 6.113336026668549 0 600.2693829759955 1.816975027322769 0.1740227714180946 0 0.1096562966704369 103.6710494533181 172.4865560755134 186.4884631335735 132.1765051111579 0.5469240099191666 3.54402918368578 655.4165471419692 86.15237574279308 17.06090762466192 63.24606366455555 0.3105359226465225 0 1.334346882998943 4.96607344597578 1.796330600976944 28.81489295512438 3.650947138667107 9.554345160722733 6.021581195294857 2.033090442419052 0.6318882554769516 0.2566792890429497 0
69.60904086381197 42.41428286582232 10726.87403859943 0.09788193553686142 0 6.533338092267513 2072.552259989083 191.4839383289218 2.730587117373943 13.39025657624006 10.90548320859671 0.1006561741232872 9.457869403064251 413.393466539681 0 3141.030074238777 2279.018215671182 7.869048878550529 79.9487199485302 0.2204737439751625 12517.18016600609 301.6082930937409 16960.82693024725 527.9282661601901 15.50129470229149 1282.95297639817 12786.07282964885 2421.008703000844 243.9972108155489 4990.404146887362 0.4600966796278954 0.8567085266113281 49.44470953196287 2612.528811097145 241.9257651939988 8779.762872129679 4424.042091883719 8198.362333454192 8301.234843589365 582.8733009248972 43.64420015364885 49.7694141343236 152.388786919415 0.4687437415122986 1.689517468214035 117.5301045179367 0 0 0 2.522627912461758 0.4549845457077026 1.36094569414854 1.064099669456482 1.233389720320702 0 2.559638738632202 1.685942158102989 0 2221.911787971854 1.139936432242393 0 0.1450022608041763 0 151.8115647509694 428.6689176261425 1540.309388995171 127.1512551903725 0 3.001120381057262 1300.559542581439 96.63686908781528 4.076891399919987 29.17377956211567 0.1168562322854996 0 0.3678349405527115 1.739960610866547 11.45589239150286 35.52105564624071 7.023298695683479 10.76338189840317 8.944385647773743 0.468931645154953 0.4073776975274086 2.981462955474854 0
26.53262488543987 1340.920949533582 49.81638392060995 496.2311683669686 29.4376707226038 44.7562942430377 2489.922240518034 107.6291542127728 3653.739726707339 279.9500777050853 4.449941501021385 146.4043666571379 100.4206403493881 95.67725174129009 599.715623408556 1377.003538034856 8.747581645846367 1.374976254999638 2.197211630642414 36.50707269459963 227.5225630253553 6826.217550210655 527.9282661601901 3088.300522312522 390.5423791185021 48.33479837328196 1491.794856719673 6677.857740923762 191.1102715954185 551.6022284179926 22.41390135139227 0.6958630159497261 57.57481345534325 78.77522495388985 14.68719839304686 753.5363647714257 105.8040186613798 192.2129294723272 119.2910810187459 416.6118634194136 13.45648434013128 4.83013928681612 10.44570183753967 3.736012332141399 1.435034386813641 15.42008759826422 124.6031431108713 0 1.064590975642204 611.1139430999756 7.685352429747581 591.3485653027892 139.769441999495 1.625296168029308 26.784438341856 0.9259796291589737 16.71053020656109 4.074384696781635 164.41488532722 1.269634924829006 0.2481448352336884 0.4742484390735626 76.82438046485186 129.4426284506917 60.32528302073479 59.59741023182869 1086.563754446805 1.114995069801807 3.474658042192459 46.56503900140524 1044.12294524163 68.88144873082638 305.3568661510944 0.5244412794709206 0.2543601095676422 4.894699849188328 26.15625361353159 0.6002901643514633 106.7288214638829 3.519745588302612 59.11803590506315 36.99007215350866 27.15217550098896 7.715440385043621 0 0.4296848624944687
0.1918103247880936 2429.038421615958 3.809014961123466 1.30097309499979 1.827253714203835 2.814619354903698 10.7116571739316 5.214671112596989 157.391054444015 13.86313528567553 640.7054822519422 11.47717909514904 3831.146034553647 4.52464697510004 14.7621701285243 63.25503899157047 1.309210538864136 13.57820028066635 10.39155992120504 4.039844453334808 13.10879755020142 827.4291644096375 15.50129470229149 390.5423791185021 377.8309907689691 457.4998267292976 2384.216041088104 63.47049805521965 6.284546978771687 10.96539375931025 650.2655071392655 1.634564146399498 0.1127331033349037 424.2095822617412 56.87990844249725 1244.920302651823 865.9684293344617 1401.654306441545 167.6109337285161 435.4439656212926 144.492360688746 334.339582234621 16.97964124381542 0 440.6409413442016 1.409214004874229 0.09932485967874527 0 0 0 0 0.6819510608911514 2.873340621590614 106.6880384832621 0 521.4275271445513 0.09858693927526474 2.080883026123047 3.099242068827152 0 4.005077339708805 1.092094406485558 1.853293836116791 0.5111344009637833 2.994503639638424 0.186593621969223 3.930814526975155 165.0258799344301 319.501900434494 428.1366686746478 1.604342080652714 1.740402340888977 0.122392863035202 77.08566701412201 0 0 1.043629735708237 11.52856954932213 352.9478250816464 50.51481091976166 37.14865052700043 14.63964338600636 129.2547078728676 6.702417761087418 27.98010122776031 0
98.96669059991837 507.8910351768136 4142.911122977734 3.192852638661861 7.458844505250454 55.05340888351202 427.1416295543313 287.8299862444401 20.77778751403093 54.72229546308517 1741.840534731746 12.79059456288815 282.5496967583895 503.7710142731667 1.585713639855385 12.49171486496925 2886.016437657177 921.1294622272253 3527.146077796817 4.89533756673336 57.65651700645685 60.42303846031427 1282.95297639817 48.33479837328196 457.4998267292976 16036.01495798677 12368.78503064811 46.40769271552563 409.3264243081212 177.0379595682025 129.0204400792718 70.2401427924633 43.24195859581232 1935.910205043852 37.68559617549181 2153.719243563712 4246.939804896712 5005.875406056643 1076.507743291557 71.54761025309563 17.74994742125273 107.4175013229251 13.64592656493187 0 735.4494766071439 535.7023307234049 0 0 0.4053245633840561 2.864724904298782 0.4529428631067276 1.658382728695869 0.08678638935089111 198.8020363524556 0.3149387985467911 988.5521384552121 0.6413580030202866 0 14.09261251240969 9.137279063463211 40.55523707717657 21.13501822203398 0.1015479043126106 0.8686100840568542 31.08686399459839 2.331322848796844 12.68945696204901 389.1914056167006 3166.859164059162 4558.675000160933 7.603922553360462 0 1.612709440290928 383.6663065701723 0 0 6.966347746551037 2.550415903329849 20.37308802455664 28.4591936096549 29.62747188657522 9.68529437482357 0.656859964132309 0 3.031006097793579 0
79.27116540074348 7553.79602612555 8079.409901894629 1.733009167015553 1.171884223818779 13.59590703994036 1396.940188191831 214.959434710443 135.0803551971912 29.72502964735031 187.4655174762011 7.279735364019871 1695.28851031512 393.6211880818009 8.232314556837082 3395.639556348324 4488.083871863782 199.6194842755795 1115.913614720106 0.7111335396766663 812.999265037477 3477.050481557846 12786.07282964885 1491.794856719673 2384.216041088104 12368.78503064811 24359.93533477932 1809.990033894777 326.9283663481474 236.0921450033784 1023.881958179176 8.719061493873596 48.34613629430532 1624.160002283752 126.3489128127694 6987.852798700333 4829.954190574586 7523.529436297715 3239.292325645685 395.7810604870319 24.09607742726803 78.49769933521748 84.93068951368332 0 2375.527750127017 2015.062644667923 0 0 0 10.19504605233669 1.203199237585068 2.73742950707674 0.2023004740476608 102.3801281750202 0 475.4164596423507 2.341971166431904 0.1210810989141464 1039.158631309867 26.57563456147909 21.33176777511835 37.04448425769806 0.1641772389411926 37.93955698609352 2061.160412654281 828.6407864838839 109.746352866292 362.5249376520514 3069.651467725635 14257.68607347459 70.73685651272535 2.945927172899246 8.353930935263634 215.5000879317522 0 0.2214320078492165 13.54345416277647 15.40980320423841 72.73826958239079 37.208919942379 48.7864712625742 39.15206548571587 1.852971434593201 0 2.547957397997379 0.6030174791812897
115.6205592527986 200.518850915134 612.7814692556858 1775.829971238971 11.34559342265129 481.5077366009355 15314.08994229138 408.8041601032019 2334.281908795238 2799.933098003268 9.972317293286324 1863.448179073632 12.47577238082886 496.4376883804798 229.3973086625338 1521.771501787007 16.65612035244703 2.636039838194847 9.225839331746101 2124.015196464956 3539.721696257591 570.7271102070808 2421.008703000844 6677.857740923762 63.47049805521965 46.40769271552563 1809.990033894777 7245.197394810617 1106.90630826354 6715.8438635692 3.125794492661953 10.0763828754425 332.0515384078026 516.8273852318525 68.89036970585585 3240.455952636898 172.2024111971259 1301.405940555036 677.2718376219273 492.3369754329324 136.2582965120673 8.497940137982368 58.59925059229136 6.601532965898514 1.757561095058918 15.93581560254097 460.4608262702823 0.1193314120173454 4.283219642937183 1066.730646640062 14.51892812550068 543.3648006245494 470.4146616309881 9.80798901617527 114.0662162005901 0.7131673842668533 28.23966550081968 12.53072665631771 153.9182846695185 2.554675154387951 0.09145186096429825 0.7847767919301987 278.5564874187112 150.3345286995173 43.17008274793625 71.68699649721384 1863.213728651404 0.243639774620533 2.427820585668087 54.92314962297678 2443.113538652658 89.30619715899229 462.9800502955914 0 0.7027595937252045 7.59051701426506 32.83998307585716 2.287069357931614 202.8534649536014 3.19276051223278 92.8321752473712 55.78549021482468 89.43764951080084 14.91578636318445 0.262174665927887 0.9495062157511711
3387.571091681719 6.960854895412922 290.0949592217803 49.51110746711493 3.935876302421093 256.5000149235129 1751.945139974356 700.6243344023824 51.91313388943672 1164.25232116133 186.041112601757 193.4718924239278 6.970053285360336 4730.911349490285 21.39073184132576 6.756600223481655 525.6120077222586 49.73901713639498 294.3874906152487 68.06660683453083 178.6652573123574 9.219430148601532 243.9972108155489 191.1102715954185 6.284546978771687 409.3264243081212 326.9283663481474 1106.90630826354 12984.07068483531 2442.69855620712 4.255960702896118 189.859701372683 2256.378803409636 4577.588760375977 5.797964550554752 543.6427034214139 107.2998752519488 3468.180913001299 470.6904973909259 187.7830619513988 99.4957480058074 5.38336007297039 12.70740789175034 1.578175961971283 0.7125162035226822 1.942399755120277 2.972239457070827 0 0.3413911685347557 80.16251046955585 4.655912555754185 30.36499017477036 2.644760265946388 0.4263916462659836 3.610547907650471 1.441583789885044 7.254342511296272 0 13.93868152797222 0 0.3000925332307816 0.09708544611930847 1.666203886270523 23.14941243082285 3.90581189841032 3.584019713103771 102.0588730946183 0 1.341466583311558 5.549377277493477 99.68912282586098 15.43267446756363 72.99069827795029 0 0 0.6285043656826019 5.338416323065758 0 24.35394192487001 0.3173486813902855 15.67052774131298 8.446374624967575 5.733719788491726 3.428251214325428 0 0
1029.544709384441 13.33426501601934 741.6112126633525 0.5079372599720955 0 6.866314589977264 2203.017282903194 317.018977932632 134.779291279614 12.68451377004385 5.450682491064072 0.3510293066501617 2.784454345703125 2074.574560709298 0 296.1885334700346 964.2857854366302 10.07666850835085 96.48769707232714 0.3315406143665314 10637.39832549542 132.5317285507917 4990.404146887362 551.6022284179926 10.96539375931025 177.0379595682025 236.0921450033784 6715.8438635692 2442.69855620712 4232.408924281597 0.4222038239240646 2.322073966264725 483.1713210716844 1315.050153322518 4.457243740558624 274.9234729260206 479.5694444552064 593.8716581985354 189.0342490896583 9.101064585149288 5.977746158838272 1.347237661480904 6.717210330069065 4.15069554746151 0.5977680310606956 21.71576385945082 0.8215911537408829 0 0.2553475424647331 129.9823888018727 8.835291929543018 81.31499519944191 4.980332158505917 3.489368267357349 0 6.537322454154491 17.91866886615753 0.2716110348701477 243.9713071882725 1.222968451678753 0.09391970932483673 0.5962231829762459 2.216745406389236 239.1773766130209 41.44294967502356 113.8584283739328 294.0905205532908 0.2554139643907547 3.195100590586662 11.19989644736052 298.0875717401505 67.8298336789012 324.9230671674013 0 0.235370971262455 4.11875955760479 21.74226876348257 0.5295203328132629 119.3368825912476 2.551002636551857 56.40816882252693 29.27430193126202 10.72043491899967 5.30879271030426 3.528594136238098 0.5433863177895546
