707.2040491998196 0.1365211308002472 108.646901153028 14.30129157006741 0 7.695693828165531 1167.558859854937 237.572053514421 22.62007085233927 86.89883706718683 10.83469519019127 10.97669760137796 0.3370960429310799 3955.149167522788 1.388621754944324 0.1414002031087875 54.11549734324217 4.224689729511738 12.43123892694712 14.25525394082069 15.97636136412621 0.6241478323936462 44.74618852883577 113.1540456041694 0.1054860576987267 37.67931903526187 14.12656038254499 362.2565796151757 3566.253904163837 1894.50749193877 0.5067271739244461 2.709279805421829 60.14295080304146 106.5891764238477 0.9949460029602051 185.9637459516525 7.054044634103775 132.0672596395016 55.90505098551512 8.895968660712242 1.730721585452557 0.4797263219952583 2.247710973024368 0.3317888826131821 0.09213832020759583 0.6532388180494308 2.126724183559418 0 0 1.935311645269394 0.3384795263409615 2.917535215616226 0.9024699553847313 0.09509456157684326 0.07363693416118622 0.1115117892622948 1.042619459331036 0 8.852314367890358 0.1996555551886559 0 0 0.7002720534801483 7.514160059392452 0.8565049916505814 2.100004255771637 25.98097814619541 0 0.5774453356862068 1.398244820535183 15.15735596418381 3.268909089267254 4.768071368336678 0 0 0 0.8529837355017662 0 6.291401900351048 0.5238765478134155 1.869270905852318 0.2684906050562859 0.6243947446346283 0.1419320106506348 0 0.2896779775619507
0.1365211308002472 343.3554290756583 585.9498582035303 0.6298616006970406 0.5903029590845108 0.6536057740449905 11.528634339571 1.122842982411385 1027.43878172338 0.8165150061249733 53.97218836098909 8.644310995936394 1134.667193010449 1.856378376483917 27.19365425407887 150.8956019133329 117.7126337885857 7.828965462744236 78.36930714547634 0.8937915563583374 11.05522059649229 1999.384725168347 17.38577466458082 1096.694537959993 1997.477337032557 1938.859201535583 10541.07572734356 24.00880973786116 1.744957730174065 5.877281278371811 11.53235146403313 0.4579471796751022 0 211.9958505779505 0.5453612953424454 86.98667668551207 216.7446929365396 128.0201246291399 58.09798677265644 20.18106353282928 0.58367520570755 334.732589006424 0.3887114971876144 0 65.73128115385771 116.9335475862026 0.4437189772725105 0 0 0.8191531896591187 0 1.047735847532749 0 1.551582738757133 0 13.21616788208485 0 0 2.271054051816463 36.06573095917702 0.8399387300014496 16.00604137778282 0 0.5790842920541763 12.9692857414484 5.758197642862797 2.701942346990108 18.86155078560114 294.5769644975662 1489.08241713047 0.9227219521999359 0.1959965080022812 0.2832393795251846 0.1708573549985886 0 0 5.645285405218601 0 25.15786173194647 17.79663527011871 13.3864112496376 10.81334205716848 0 0 1.343851804733276 0
108.646901153028 585.9498582035303 8253.993124768138 18.3610503859818 0.3993839174509048 12.21321593225002 1764.041410148144 252.3798077888787 14.98783054947853 60.57402591407299 52.22973121330142 3.632311500608921 7.934906452894211 416.6225929073989 0.9929764568805695 21.76312777400017 7481.892602704465 83.29351729154587 439.7598920911551 4.210727322846651 1268.091194808483 92.06302101910114 8298.204345263541 233.1070448942482 7.305746421217918 8365.013510543853 8813.66423548758 1323.400819696486 291.0925777927041 3091.144220657647 20.4851955845952 3.28898574411869 17.79266888648272 1458.848182123154 15.16231273859739 3396.64340666309 4062.784676127136 2544.80298666656 2177.027592528611 55.15869076550007 13.75680688023567 16.11627375334501 26.66799300163984 0.9129203930497169 477.42365539819 666.1449768915772 1.453326940536499 0 0 4.53939189016819 0.2177735865116119 2.351599141955376 0.3720371350646019 1.463789962232113 0.2233096063137054 1.686968892812729 0.7883941531181335 0 18.95984975248575 233.4020344540477 2.499241344630718 66.05296276509762 0.4835186079144478 10.29381029307842 72.38076397776604 83.48187670856714 11.25895741581917 2.756613805890083 912.3295134305954 2781.850599311292 8.282810539007187 2.628352165222168 4.589709199965 0.1404176354408264 0 0 34.78178790211678 1.568316891789436 167.7172948643565 71.48998510092497 73.16027061641216 49.44312623143196 1.437552988529205 0 0.565034031867981 0.7350070029497147
14.30129157006741 0.6298616006970406 18.3610503859818 5596.604349315166 0.683907762169838 43.97896271944046 484.129677709192 86.16817953065038 2129.777906678617 5391.997993439436 3.670988246798515 2374.150226201862 0.26440754160285 85.96219864115119 54.16308613866568 1.358305811882019 1.514875873923302 1.440768882632256 1.216770209372044 4899.44581656158 2.882873021066189 1.687358766794205 5.939292043447495 2629.188410289586 0.8835604786872864 4.285497892647982 32.97416386753321 4548.602965176105 138.9008499123156 11.8634929060936 0.1332304924726486 1.406823500990868 7.572836078703403 31.53367960453033 3.750802367925644 544.060680821538 6.308264866471291 91.51342032104731 43.92959582060575 140.2314858734608 6.198528707027435 0.6835068315267563 2.720113530755043 2.982318967580795 0 0.6761378571391106 343.9250085949898 0 4.195275492966175 74.98200468719006 8.714817553758621 242.3963115885854 77.93536530435085 0.4953737705945969 169.9155759364367 0 15.57272171229124 12.53931025415659 6.835562571883202 0.7418467700481415 0.2869589477777481 0.06927689164876938 159.5080063343048 3.585576049983501 0.4252077788114548 3.541978999972343 432.885188549757 0 0 1.068102322518826 307.1761135086417 18.2761916667223 5.480423949658871 0 0 0.7166621685028076 4.329657137393951 0.1971617788076401 176.2342730909586 0.568187914788723 12.03031127899885 0.4448191672563553 144.7478258833289 2.082201726734638 0 0
0 0.5903029590845108 0.3993839174509048 0.683907762169838 10.08042606711388 830.7056268528104 2.742811843752861 10.57673266530037 23.89099095761776 13.96116214990616 51.52900383621454 40.89311184734106 0.834502786397934 4.295694679021835 1284.44834471494 0.1336957216262817 0.5256303995847702 1.187334425747395 2.346927136182785 2.87276379019022 0.08746887743473053 0.3174181282520294 0.2912239655852318 6.536987505853176 0.5430040508508682 2.894108861684799 2.872825346887112 1.072741225361824 63.39606742560863 1.496489718556404 0.2106548547744751 144.3985921666026 0.256036102771759 226.5928911268711 0 26.21365715563297 2.602663353085518 55.04882200807333 13.36428366601467 1882.020077623427 117.7057822346687 8.068667225539684 2.511891812086105 0 0 0 0.130514919757843 0 0 0 0 0.3707525134086609 0 0 0.1598568111658096 0.7663400322198868 0.1029243990778923 0 0 0 0 0 0 0 0 0 0.2104532048106194 0 0 0.1995254456996918 0.1275040954351425 0.1169428899884224 0 0 0 0 0.149546355009079 0 1.116482377052307 0.5865460485219955 0.1918512582778931 0.6792032346129417 0.3043244779109955 1.368775501847267 1.806127898395061 0
7.695693828165531 0.6536057740449905 12.21321593225002 43.97896271944046 830.7056268528104 10357.17762506008 1613.902711201459 3863.332566231489 31.64477948099375 6119.543318152428 134.0635133087635 3295.704880863428 10.52272462099791 666.1271276399493 823.1520174443722 0 2.178092673420906 20.02956005185843 15.90387162566185 234.1977654621005 2.020269066095352 0.1783900707960129 4.056073524057865 72.41341024264693 1.787657849490643 30.70378119498491 23.78926564007998 211.2492560893297 1218.066923558712 40.51798548549414 3.515198938548565 991.4069841876626 0.8678911477327347 551.4870194271207 5.412434667348862 301.5033626407385 19.69480631500483 504.978470467031 96.68224401772022 1487.647097580135 668.651967510581 38.90642427653074 21.12163011729717 0.6671462580561638 0.09083184599876404 0 4.292899250984192 0 0.3948495164513588 3.045950777828693 0.7472429051995277 4.517700783908367 1.459511362016201 0 2.323107503354549 1.483764201402664 1.279959604144096 0 3.459866687655449 0 0 0 2.587976798415184 0.7093657851219177 0 0.6028546467423439 26.75574439764023 0 0.2801952585577965 1.258449524641037 8.527658671140671 1.044902458786964 1.11413649469614 0 0.2133746817708015 0 5.706904619932175 1.210552364587784 13.44256006926298 2.097638055682182 3.759608745574951 5.510170713067055 4.22985202819109 2.119929246604443 9.519201166927814 0
1167.558859854937 11.528634339571 1764.041410148144 484.129677709192 2.742811843752861 1613.902711201459 18046.74017400295 3720.951071243733 210.0544683635235 10482.38035940379 35.17230924218893 64.01221333816648 3.388724945485592 6729.286783203483 12.41837637871504 12.71663949638605 193.1324433162808 14.33245717361569 32.24375363439322 191.7530399672687 715.1516966447234 10.88481387495995 925.3598963283002 2013.706833541393 0.8821646943688393 250.5750665515661 638.0286632627249 14349.19920301437 2290.15831772238 5304.349031046033 3.041164934635162 14.42839017137885 181.3921157941222 333.6303134635091 16.48026157915592 2939.828352808952 78.2572018802166 956.53599800542 618.8598010241985 107.7866958901286 60.52010948956013 2.982374951243401 25.56027947366238 11.41241383552551 2.926409095525742 9.924629285931587 74.59154162555933 0 1.262401826679707 92.76082374155521 6.207573600113392 67.71831672638655 30.55714745819569 2.578364618122578 16.02587028592825 1.607423007488251 28.0537938028574 0.9549273699522018 72.94933857023716 2.058175690472126 0.178991012275219 0.831568531692028 39.01867716759443 38.1807688549161 6.389349587261677 25.84637352079153 562.4213203266263 0.1098975166678429 8.710597857832909 33.14123500138521 314.6257513687015 66.69839089363813 33.36073323339224 0 0 2.666642881929874 13.99444648623466 3.094756558537483 179.2224486619234 5.742381222546101 33.77849010378122 5.783689402043819 41.18978744000196 1.727214224636555 0.3674985468387604 0.2982491552829742
237.572053514421 1.122842982411385 252.3798077888787 86.16817953065038 10.57673266530037 3863.332566231489 3720.951071243733 9058.787596080452 33.70079720020294 3501.413661777973 177.9504178985953 1235.332125432789 13.89061851799488 4772.00773121044 29.62460946291685 1.019331246614456 65.88456736877561 32.15746850147843 32.51128113269806 362.7198418751359 16.14617269486189 0.7524352371692657 81.46016978472471 188.1488703154027 1.19104029238224 97.19955419749022 57.59160234779119 541.3140502944589 1974.942324198782 381.908322930336 4.304087184369564 1637.38953872025 23.8479281514883 398.3204389102757 5.734314024448395 582.9622756168246 38.93080370873213 711.9202186800539 180.4306597113609 253.3401885479689 188.9617199599743 45.71715413033962 19.38915520906448 1.210943683981895 0.1787718534469604 0.368013508617878 6.029847890138626 0 0.6749912798404694 4.209294237196445 0.9481890127062798 4.482105143368244 1.09497307240963 0.619767002761364 0.8750651627779007 3.086866937577724 0.8057509362697601 0.1378916352987289 10.87163372337818 0 0 0.0925147607922554 1.597528509795666 7.39356479793787 0.2948585674166679 1.601588748395443 41.14805133268237 0 0.8265486136078835 4.839346617460251 24.13032755628228 5.33984486758709 6.721965119242668 0 0.5698701441287994 0 8.402327127754688 0.09111075103282928 18.20415043085814 3.312465086579323 4.930899888277054 5.801801294088364 1.564690671861172 2.459223106503487 10.66037490963936 0
22.62007085233927 1027.43878172338 14.98783054947853 2129.777906678617 23.89099095761776 31.64477948099375 210.0544683635235 33.70079720020294 1039.369859844446 193.6742251068354 6.131398387253284 633.340828821063 111.2741223797202 61.41421735286713 648.1799653172493 265.9956798255444 2.329513683915138 0.5711981952190399 3.849937446415424 1095.970336154103 105.2215830683708 2167.838515624404 66.68924171477556 7723.421016328037 370.8748313710093 44.267767354846 400.484943933785 1066.128407813609 120.8956307917833 82.65463472157717 2.106850311160088 0.6353723481297493 23.09406400471926 22.23145021498203 0.3065638989210129 173.6276136040688 18.70242166519165 48.6971492767334 29.20509631931782 360.1503100097179 4.746034562587738 17.51132989674807 0.6960243880748749 18.01780220121145 1.149525135755539 9.719080947339535 332.8284395635128 0.1682553887367249 3.639216221868992 98.00324091315269 11.93069565296173 190.3333740308881 82.35063164681196 1.863358624279499 122.9751472324133 0.582987479865551 36.06347651034594 12.42143542319536 970.7805581912398 1.477806247770786 0.5311388075351715 0.7238713875412941 174.4186669811606 277.1525855511427 25.49785433709621 184.1454594358802 1877.62896618247 0.2401652410626411 4.5830118060112 12.11578514426947 739.7419838905334 126.0671291574836 126.4649872779846 0 0.2383174151182175 10.71452309936285 22.09051887691021 4.632982328534126 154.4619722142816 2.485882371664047 63.95743514597416 11.81697960197926 67.49818043410778 1.6781045794487 0 0.2707411497831345
86.89883706718683 0.8165150061249733 60.57402591407299 5391.997993439436 13.96116214990616 6119.543318152428 10482.38035940379 3501.413661777973 193.6742251068354 44589.01420805603 60.04389261826873 2452.038281258196 3.405082929879427 1229.15800094232 27.54825942963362 0.9457595720887184 5.786700628697872 15.24500019103289 18.23434107378125 7358.574035912752 8.361542541533709 1.158579990267754 17.12361320108175 740.3220790959895 0.4464045315980911 32.79713677242398 55.26623749732971 5249.139813907444 1148.374871026725 51.02003692835569 2.130472160875797 32.00736386328936 19.76433720439672 283.6581190302968 8.366214945912361 1550.43691861257 42.59022557735443 669.6167827397585 193.4422024302185 104.7663671150804 39.10631417483091 7.997258462011814 15.28329452872276 2.242761738598347 0.2856680601835251 0.5592342466115952 255.3480248376727 0 0.5824889466166496 34.40395405143499 2.690154746174812 61.15149483084679 76.7717356979847 0.4530829042196274 52.22861798107624 0.1876886114478111 5.716658636927605 4.074163340032101 7.929528124630451 0.3846408873796463 0 0 56.24659162014723 2.600499488413334 0.3527776822447777 1.99537467956543 171.2699637264013 0 0.6488010585308075 2.664948433637619 106.406208127737 9.360451430082321 3.287527099251747 0 0 0.1162983775138855 2.45487093180418 0.1032722964882851 97.74251073598862 0.4228378385305405 6.296863920986652 0.5418675094842911 59.5694884210825 0.3184012621641159 3.020306549966335 0
10.83469519019127 53.97218836098909 52.22973121330142 3.670988246798515 51.52900383621454 134.0635133087635 35.17230924218893 177.9504178985953 6.131398387253284 60.04389261826873 13995.6590320915 88.84292297437787 1676.88814547658 321.5450593605638 1.920367896556854 1.016953848302364 316.0713074877858 4247.895126599818 2029.212939195335 19.45833625644445 40.38947767019272 10.14971726387739 88.3032110594213 11.29421872645617 254.9053712040186 2501.542382881045 749.723384834826 16.15488298609853 838.8332651667297 146.8181406185031 340.7493047192693 518.8613603413105 1.402374245226383 9224.447806876153 4.726264148950577 396.3105410076678 3237.098967343569 6195.834821820259 641.0903409793973 8.510468050837517 9.742351926863194 437.3325803652406 5.917431950569153 0 15.90319329500198 0.1240400820970535 0 0 0 0.505656898021698 0 0.4041339159011841 0 61.72413423657417 0.08550620824098587 225.7587711438537 0 0 0.2007439136505127 0.3077023327350616 2.258791215717793 0.3856246247887611 0 0 0.450502797961235 0.3881654888391495 1.638159386813641 41.65730684995651 50.33258237689734 132.1578023955226 0.5611165836453438 0.07907082140445709 0.3347315192222595 10.31453619897366 0 0.07295050472021103 2.714602045714855 0.4463499188423157 30.95139387995005 140.6829371228814 8.280371263623238 1.219766169786453 0 1.150770127773285 38.97988235205412 0
10.97669760137796 8.644310995936394 3.632311500608921 2374.150226201862 40.89311184734106 3295.704880863428 64.01221333816648 1235.332125432789 633.340828821063 2452.038281258196 88.84292297437787 10086.06111704558 11.15210943669081 785.5377766489983 1557.027301736176 0.3029132038354874 1.934275463223457 23.41476630419493 24.99050351977348 5022.830463178456 0.7775257751345634 18.8814037963748 3.676672533154488 183.1033180318773 6.203427858650684 36.70841624587774 29.9783552698791 435.0450865291059 659.0829610489309 19.01892732828856 2.291471734642982 41.55774567276239 3.083897940814495 254.5425267368555 1.226028881967068 2197.911842957139 25.26993518322706 637.3345632813871 92.99747445434332 1605.437277391553 20.23935633152723 11.57626035064459 9.696027152240276 0.5750089138746262 0 0 101.7580783367157 0 4.886134162545204 16.26506557315588 6.681819461286068 92.76650595664978 70.21402249485254 0.2179976180195808 96.49130108952522 0.7691996619105339 6.988900564610958 10.5996927022934 3.219925858080387 0.1980144754052162 0 0 76.36406002938747 1.388121969997883 0 2.242071516811848 73.96718380600214 0.1395432949066162 0.1715550869703293 0.6018466055393219 50.32299152761698 4.225374326109886 3.114717848598957 0 0.2380135878920555 0 2.855980485677719 0 137.209380581975 4.93201469630003 3.824488334357738 1.071169629693031 130.8259946033359 0.3619574680924416 5.64862398058176 0
0.3370960429310799 1134.667193010449 7.934906452894211 0.26440754160285 0.834502786397934 10.52272462099791 3.388724945485592 13.89061851799488 111.2741223797202 3.405082929879427 1676.88814547658 11.15210943669081 2845.460460029542 19.2563441246748 4.510174944996834 29.90305069833994 5.630812972784042 31.62663136422634 20.80107770115137 1.8276342228055 6.623050041496754 202.8101193830371 17.87961933016777 116.5584814585745 5707.082524746656 228.5836502462626 4959.723770983517 5.127740256488323 37.85147478431463 5.509511038661003 526.749314673245 23.53488427400589 0.1236588135361671 1633.22359238565 8.360359489917755 303.1827679127455 4105.034039713442 2392.509052731097 147.7603732049465 17.17577426880598 45.75211621820927 816.4563422054052 11.67406695336103 0 210.4007295146585 0 0 0.1910187304019928 0.3030054420232773 0 0.6196876093745232 2.962549865245819 0.6113814115524292 357.1857119426131 0 1648.820333383977 0.1673770993947983 0 2.407217055559158 1.022738337516785 6.435305535793304 2.866397172212601 0 1.903536945581436 4.684861198067665 3.378197729587555 2.521641336381435 255.9839436933398 227.0840482190251 612.2685655355453 1.168614126741886 1.236029863357544 3.175526738166809 59.09173240512609 0.1182262524962425 0.9489046335220337 30.14970973879099 1.01370644569397 165.7165189981461 804.4126576557755 40.88200648874044 15.37962682545185 3.839140675961971 3.128991022706032 246.8255595639348 2.09728467464447
3955.149167522788 1.856378376483917 416.6225929073989 85.96219864115119 4.295694679021835 666.1271276399493 6729.286783203483 4772.00773121044 61.41421735286713 1229.15800094232 321.5450593605638 785.5377766489983 19.2563441246748 10938.80942685902 10.58562014251947 1.320889711380005 152.2242577895522 63.48566855862737 88.27500597760081 300.3457855172455 38.0730346813798 1.784351892769337 146.7430347576737 338.0554663054645 2.784306399524212 202.1848410665989 91.11959835886955 1009.486648671329 6700.32691950351 2213.318682461977 7.345969073474407 1162.394052889198 53.74371279776096 962.0012579597533 13.3281258046627 982.1547951512039 41.22747184336185 1288.370616264641 313.3847217969596 113.1555458083749 95.57346417754889 37.5348047092557 16.25880756229162 1.299233116209507 1.387485533952713 1.978824995458126 6.369069367647171 0.2379821389913559 0 8.2603839635849 1.52568195015192 8.970927689224482 1.319415621459484 0.1376842260360718 0.4723737016320229 2.042338788509369 2.021559931337833 0 19.43197100609541 0.2775353863835335 0.1360141485929489 0.2932821586728096 1.642979718744755 16.29634636640549 1.760828971862793 4.27240402251482 72.77236390113831 0.1975340843200684 2.283005394041538 4.966767750680447 47.85742931067944 13.76227404177189 9.303834915161133 0.2396461591124535 0.1055551245808601 0.5953396335244179 5.526521757245064 0.3121638596057892 25.5914095044136 1.847567409276962 7.612603202462196 3.584761753678322 4.387613192200661 2.305619060993195 4.665738716721535 0
1.388621754944324 27.19365425407887 0.9929764568805695 54.16308613866568 1284.44834471494 823.1520174443722 12.41837637871504 29.62460946291685 648.1799653172493 27.54825942963362 1.920367896556854 1557.027301736176 4.510174944996834 10.58562014251947 281.0765092819929 0 0.1772970259189606 0.1785369738936424 0.2174249440431595 126.327842079103 0 55.43926667422056 0.2288814634084702 414.4119888097048 17.00710140168667 1.969364613294601 19.96108654141426 43.53068894892931 11.04875707626343 2.934773027896881 0 205.9486937522888 0.423557810485363 3.814036585390568 0 755.6565505191684 1.202581614255905 20.90791218727827 1.77359426766634 1123.636406250298 17.52981554716825 0.5415962338447571 0.9196639508008957 0.4221809953451157 0 0.3228530883789062 8.515341132879257 0 0.39952152967453 2.687115907669067 0.2905320674180984 18.65157461166382 2.685356371104717 0 8.808084890246391 0 0.4508376196026802 1.15843278169632 3.476255230605602 0 0 0.08765623718500137 5.576855823397636 1.416427485644817 0.3870114237070084 1.03784304857254 20.03441850095987 0 0 0.6023295894265175 12.39287895709276 1.489034451544285 1.253689050674438 0 0 0 0 0 23.3383773714304 0.1635337918996811 1.226373672485352 0 23.46335777640343 0.2478368282318115 0.1655715554952621 0
0.1414002031087875 150.8956019133329 21.76312777400017 1.358305811882019 0.1336957216262817 0 12.71663949638605 1.019331246614456 265.9956798255444 0.9457595720887184 1.016953848302364 0.3029132038354874 29.90305069833994 1.320889711380005 0 1741.926481202245 12.84376506507397 0.8463749885559082 1.051247000694275 1.270841524004936 5158.219294123352 1695.902533024549 4077.009448416531 1720.220148548484 35.38568515330553 11.60669377446175 5261.471895612776 972.4208272993565 31.43921692669392 77.7964161708951 0 0.8173530995845795 5.997512511909008 94.0252571105957 4.078954346477985 1845.797902941704 298.8703252524137 264.599073022604 345.7423934862018 136.0169573053718 2.95843218266964 35.74164359271526 18.37045007199049 2.854370959103107 3.933727584779263 12.01315879076719 3.024518266320229 0 0 8.738206297159195 0.4449790418148041 3.867700964212418 0.5280216485261917 2.743627071380615 0.1155400201678276 37.49470902979374 4.368547365069389 0 2206.529346287251 2.531725898385048 0 0.2463043630123138 2.000643365085125 364.7962031140924 642.8122899457812 1271.415737062693 61.08113073557615 0 12.63504688441753 265.8434788435698 118.8336761444807 26.31142693012953 94.99081670492887 0 0.7494246363639832 5.9827950745821 25.61344328522682 1.076213024556637 89.52311813086271 44.8568123281002 19.2344907745719 13.9430086016655 2.317826211452484 4.463550426065922 17.51152582466602 6.820121705532074
54.11549734324217 117.7126337885857 7481.892602704465 1.514875873923302 0.5256303995847702 2.178092673420906 193.1324433162808 65.88456736877561 2.329513683915138 5.786700628697872 316.0713074877858 1.934275463223457 5.630812972784042 152.2242577895522 0.1772970259189606 12.84376506507397 1751.131221473217 480.0946838855743 2831.375577002764 1.011602759361267 807.5878410562873 17.54889619350433 2126.731059923768 26.89277353137732 10.97197384387255 3642.170724317431 4807.278922557831 63.43203707039356 190.4728063605726 2329.209643900394 4.050777830183506 3.230818182229996 5.403475135564804 1858.151602290571 2.196284353733063 782.0493777915835 2170.031999342144 1756.73584689945 1004.319150969386 10.22657709568739 0.9644320234656334 19.43460735678673 4.947491213679314 0.1444162726402283 73.10208792239428 26.65511177480221 0 0 0.08696093410253525 0.08084928244352341 0 0.3691552579402924 0 0.6481403112411499 0 2.963988125324249 0 0 0.8466091305017471 49.62387479096651 0.7198935449123383 54.87008295208216 0 0.2686889693140984 5.257851950824261 2.222663573920727 0.6379691883921623 3.233385801315308 451.3297087699175 727.2357278093696 0.7676896378397942 0 0.4825392886996269 0.230489157140255 0 0 7.6526805087924 1.156657576560974 50.41126900911331 115.1700251623988 25.34579020738602 7.752352990210056 0.4862511828541756 0.4904601871967316 0 0
4.224689729511738 7.828965462744236 83.29351729154587 1.440768882632256 1.187334425747395 20.02956005185843 14.33245717361569 32.15746850147843 0.5711981952190399 15.24500019103289 4247.895126599818 23.41476630419493 31.62663136422634 63.48566855862737 0.1785369738936424 0.8463749885559082 480.0946838855743 308.0981644764543 1287.219893097878 4.684199497103691 23.74609579145908 0.9594075605273247 57.45241679251194 3.122844263911247 56.01600337773561 3262.124923668802 504.9144788682461 5.673739977180958 116.1714788153768 95.60365327447653 96.79717524349689 43.91680174320936 0.47349663823843 1025.938635479659 4.263884611427784 443.8211404159665 815.6885775476694 1540.41558843106 414.709936529398 8.290592573583126 0.6426284685730934 13.94920136034489 3.194739043712616 0 11.0543070062995 0.2027771547436714 0 0 0 0.1561968773603439 0 0.1293472796678543 0 16.65092650800943 0 81.36352005600929 0 0 0.617804229259491 0.587716318666935 7.35893227905035 2.059576027095318 0 0 0.8595215231180191 0.1656495332717896 1.41365709900856 33.18686765432358 101.0744521394372 314.1505753025413 0.06679373234510422 0 0 9.505927853286266 0 0 0.4432213008403778 0 12.54109834879637 37.8144143819809 0.6542584151029587 0 0 0 0.1411515921354294 0
12.43123892694712 78.36930714547634 439.7598920911551 1.216770209372044 2.346927136182785 15.90387162566185 32.24375363439322 32.51128113269806 3.849937446415424 18.23434107378125 2029.212939195335 24.99050351977348 20.80107770115137 88.27500597760081 0.2174249440431595 1.051247000694275 2831.375577002764 1287.219893097878 1937.505758456886 7.121519487351179 132.7935317903757 1.944384552538395 889.2613172084093 5.061880558729172 48.76936049759388 3490.72521969676 1356.834930106997 8.057581052184105 148.2291224822402 365.463610753417 13.54648989439011 30.75922957807779 1.648934602737427 3348.311892047524 2.886775597929955 668.5630646198988 667.8979585468769 1709.781769737601 566.2456982284784 7.878269456326962 0.6055095195770264 3.557763680815697 3.234948933124542 0 62.27485968917608 0.5599559396505356 0 0 0 0 0 0.2394027858972549 0.5355356931686401 5.870695941150188 0 30.41325968503952 0 0 0.2687908485531807 3.948480159044266 4.767260506749153 22.14634746313095 0 0.1758745983242989 1.117155745625496 0.2342798113822937 0.6519677639007568 19.93717886507511 303.2918074652553 672.6158541068435 0.1998197659850121 0 0.1626403853297234 5.258589267730713 0 0 1.457959495484829 0.375305563211441 23.04744791984558 81.10750088840723 4.574787773191929 2.093917489051819 0.1638447642326355 0 0.2002450674772263 0
14.25525394082069 0.8937915563583374 4.210727322846651 4899.44581656158 2.87276379019022 234.1977654621005 191.7530399672687 362.7198418751359 1095.970336154103 7358.574035912752 19.45833625644445 5022.830463178456 1.8276342228055 300.3457855172455 126.327842079103 1.270841524004936 1.011602759361267 4.684199497103691 7.121519487351179 1184.925805062056 0.6070330962538719 2.090329892933369 3.281948186457157 649.3557548671961 0.6734864562749863 8.396535865962505 10.66475622355938 1404.431446015835 306.0383821167052 7.703446172177792 0.8577979505062103 7.300736397504807 5.045446895062923 87.00934546813369 1.451827183365822 903.4967216551304 17.35568106174469 229.038922637701 68.86776351183653 330.5504911541939 16.88627956807613 2.366869352757931 5.144990026950836 1.175156347453594 0 0 191.4207710623741 0 1.656332604587078 43.07668752223253 5.43369559943676 143.4195546805859 53.830535762012 0.9536402300000191 91.45379679650068 0.707966148853302 5.86918992549181 12.08441467583179 4.386636860668659 0 0 0 107.3594616502523 2.308795370161533 0 2.317581370472908 219.7251684069633 0 0.8221196457743645 1.296193547546864 139.8285994827747 7.616206437349319 1.430709786713123 0.2047606110572815 0.07284905016422272 0.2046771049499512 1.916523739695549 0.5695441961288452 150.1376083642244 0.09052186459302902 6.041470542550087 0.7826983854174614 119.0202826187015 0.5909950584173203 1.323166199028492 0
15.97636136412621 11.05522059649229 1268.091194808483 2.882873021066189 0.08746887743473053 2.020269066095352 715.1516966447234 16.14617269486189 105.2215830683708 8.361542541533709 40.38947767019272 0.7775257751345634 6.623050041496754 38.0730346813798 0 5158.219294123352 807.5878410562873 23.74609579145908 132.7935317903757 0.6070330962538719 10338.79452831298 78.60919181257486 13759.81968474388 895.0487286746502 4.655572928488255 169.0063060820103 508.8605944812298 5977.3074015975 168.7246361151338 9065.293186083436 1.03738746792078 0.8271430283784866 66.46886348724365 4213.820858567953 17.97298235446215 6266.42971149087 358.694437906146 4160.605597764254 2233.290964253247 604.6876830458641 8.584068424999714 8.074375532567501 36.46271508932114 5.090665936470032 1.183178536593914 3.504729032516479 2.757779337465763 0 0 12.41975981742144 0.8333783522248268 5.603599190711975 1.637338243424892 1.362609080970287 0 8.089746743440628 8.192361228168011 0 657.2452049106359 0.9225238934159279 0 0.913708820939064 1.849200412631035 369.1650295481086 99.02992453426123 231.5469370633364 82.58215799182653 0.1109430640935898 6.690835513174534 32.15289729088545 167.876839466393 46.73039392381907 147.4364764466882 0 0.5485963746905327 8.407617382705212 15.46760787814856 0.9558058232069016 88.74016950279474 14.98634979128838 22.84734646230936 4.799397133290768 6.687304154038429 1.222194746136665 8.718210160732269 3.203302383422852
0.6241478323936462 1999.384725168347 92.06302101910114 1.687358766794205 0.3174181282520294 0.1783900707960129 10.88481387495995 0.7524352371692657 2167.838515624404 1.158579990267754 10.14971726387739 18.8814037963748 202.8101193830371 1.784351892769337 55.43926667422056 1695.902533024549 17.54889619350433 0.9594075605273247 1.944384552538395 2.090329892933369 78.60919181257486 1896.380519978702 636.2998288050294 5501.896763980389 636.9402745887637 77.66711939871311 6534.453384898603 80.63976024091244 1.318853013217449 1.910757079720497 2.169720232486725 0 0.1396863758563995 22.80582301318645 0 49.12311276048422 31.65401920676231 26.02241965383291 16.02639570087194 62.87246984988451 0.2035619914531708 37.29020512104034 1.789085127413273 0.3491761982440948 13.61290884017944 96.16359235346317 4.916391499340534 0 0 1.610046781599522 0.5163207650184631 2.706734038889408 0.6413935869932175 0.5822872444987297 0 3.538106091320515 1.013519711792469 0 1234.650869622827 13.29563786834478 0.5992728993296623 3.196670025587082 0 74.36185599863529 155.044149056077 803.5956317186356 75.90183315426111 3.12102597951889 59.02236093580723 1576.501162186265 29.54492397606373 5.673144474625587 17.91051423549652 0 0 2.507608033716679 5.434847839176655 1.635651409626007 35.97568517923355 15.70500965416431 15.43252222239971 6.158081479370594 0.7353411614894867 0 2.68697501718998 2.037366151809692
44.74618852883577 17.38577466458082 8298.204345263541 5.939292043447495 0.2912239655852318 4.056073524057865 925.3598963283002 81.46016978472471 66.68924171477556 17.12361320108175 88.3032110594213 3.676672533154488 17.87961933016777 146.7430347576737 0.2288814634084702 4077.009448416531 2126.731059923768 57.45241679251194 889.2613172084093 3.281948186457157 13759.81968474388 636.2998288050294 18192.30893045664 886.3080783039331 23.88958137482405 931.9781575202942 5497.247182562947 3491.431596964598 161.2855290062726 6032.385744445026 4.13749947398901 3.66952008754015 16.07578349858522 3822.206619642675 52.66734512895346 13583.79630958289 4323.245279625058 7285.972583711147 6617.168000951409 758.8832770884037 48.67044974118471 48.49575063586235 103.3050887584686 0.5305271372199059 8.917314231395721 89.32856597751379 0.9852458164095879 0 0 4.179532654583454 0.7148230671882629 1.723587192595005 0.4982901439070702 3.908126771450043 0 37.02957413345575 1.469827577471733 0 1959.513403013349 10.85255695879459 0.3489224761724472 5.004000298678875 0 140.4875568673015 568.4390667676926 2047.960336200893 21.04447869956493 1.453715860843658 50.35791075974703 1705.128572225571 37.84233445674181 7.596838556230068 27.50252649188042 1.513016760349274 0 1.090034246444702 35.26358193904161 6.558334037661552 135.4207226410508 96.6029773876071 35.7791355997324 38.01603582501411 2.191658943891525 5.461776316165924 19.75344483554363 6.048275545239449
113.1540456041694 1096.694537959993 233.1070448942482 2629.188410289586 6.536987505853176 72.41341024264693 2013.706833541393 188.1488703154027 7723.421016328037 740.3220790959895 11.29421872645617 183.1033180318773 116.5584814585745 338.0554663054645 414.4119888097048 1720.220148548484 26.89277353137732 3.122844263911247 5.061880558729172 649.3557548671961 895.0487286746502 5501.896763980389 886.3080783039331 11228.6494619064 344.290647380054 69.04849556088448 3149.170223917812 6760.683109924197 638.9180363900959 351.3935151845217 3.264437429606915 2.987854816019535 93.09693185985088 154.4834744520485 7.58727503567934 2122.940855249763 103.1514048427343 438.0620080716908 294.1292815953493 256.0673459842801 17.82531205564737 19.70624672621489 13.97477860748768 35.70232880860567 6.808438420295715 32.26147678494453 318.9208742007613 0 4.579849265515804 272.0476127043366 24.49387041479349 540.4169823005795 117.7286188825965 4.744376502931118 115.0213357582688 6.735229425132275 74.30392901599407 11.8129949644208 1026.748381182551 6.492074802517891 1.017826981842518 2.297204166650772 169.0004024207592 544.2729251161218 175.6613798290491 277.4860545322299 2222.160915002227 0.09860683232545853 13.91101671010256 107.8860097378492 1257.839226096869 278.2693210840225 284.8928206115961 0 0.2475126162171364 20.97715770453215 51.80154633522034 6.593891903758049 590.5069655552506 15.81925812363625 149.1254483833909 25.17412753403187 201.163361042738 6.71537084877491 13.19483210146427 1.488335818052292
0.1054860576987267 1997.477337032557 7.305746421217918 0.8835604786872864 0.5430040508508682 1.787657849490643 0.8821646943688393 1.19104029238224 370.8748313710093 0.4464045315980911 254.9053712040186 6.203427858650684 5707.082524746656 2.784306399524212 17.00710140168667 35.38568515330553 10.97197384387255 56.01600337773561 48.76936049759388 0.6734864562749863 4.655572928488255 636.9402745887637 23.88958137482405 344.290647380054 252.2040807008743 1040.194723986089 7043.328805029392 5.707176104187965 5.133890420198441 1.913220040500164 409.7093154639006 1.687734983861446 0.1015390902757645 781.5383784770966 1.036676108837128 198.4981146603823 720.2598971128464 517.633099861443 93.9873920828104 16.18339778482914 22.32171733677387 993.0163140147924 0.2466207444667816 0 187.3690696284175 0.3868543207645416 0.4302828013896942 0 0 0 0.6602742671966553 1.429378263652325 0.1010760515928268 179.0991834774613 0.2054060101509094 915.4933138415217 0 0 1.326204881072044 0.4784187525510788 4.665219485759735 2.903932027518749 0 4.619031146168709 3.63457465916872 2.053135022521019 2.453231021761894 304.4895845800638 157.3748830705881 1042.748301438987 0.6815340965986252 0.3723796531558037 0 26.55957394093275 0.1911306828260422 0 29.72979256510735 0 109.7330333888531 101.8254160359502 44.54255205392838 7.755746856331825 4.67554122209549 0.5342630743980408 49.93182317167521 0
37.67931903526187 1938.859201535583 8365.013510543853 4.285497892647982 2.894108861684799 30.70378119498491 250.5750665515661 97.19955419749022 44.267767354846 32.79713677242398 2501.542382881045 36.70841624587774 228.5836502462626 202.1848410665989 1.969364613294601 11.60669377446175 3642.170724317431 3262.124923668802 3490.72521969676 8.396535865962505 169.0063060820103 77.66711939871311 931.9781575202942 69.04849556088448 1040.194723986089 28320.42012164742 15182.64991429448 123.6899276301265 241.601196307689 780.8123121634126 682.855950191617 50.0072274543345 3.746137872338295 3081.328650638461 15.584093734622 2970.425496675074 6870.224288798869 4500.865173742175 1809.997981589288 33.85327243059874 4.418131493031979 75.98986569046974 23.7378952652216 0.1061851158738136 925.8305944651365 76.10637687891722 0 0 0 1.551885858178139 0 2.937585562467575 0 85.61800565570593 0.07533520460128784 475.1253704950213 0.2691626846790314 0 1.114494405686855 153.2975144013762 43.31467467546463 226.6573629304767 0.09386130422353745 1.843710094690323 13.77120181173086 6.329298056662083 5.36522302031517 270.9754354059696 2608.142418153584 5879.39855799824 1.038531057536602 0.7169380709528923 1.161144159734249 54.96842364966869 0 0 33.50167424231768 3.330805741250515 206.9458949193358 555.185001283884 83.70097326487303 33.11149794608355 1.496199414134026 0.4921909421682358 1.665198259055614 0.1023299172520638
14.12656038254499 10541.07572734356 8813.66423548758 32.97416386753321 2.872825346887112 23.78926564007998 638.0286632627249 57.59160234779119 400.484943933785 55.26623749732971 749.723384834826 29.9783552698791 4959.723770983517 91.11959835886955 19.96108654141426 5261.471895612776 4807.278922557831 504.9144788682461 1356.834930106997 10.66475622355938 508.8605944812298 6534.453384898603 5497.247182562947 3149.170223917812 7043.328805029392 15182.64991429448 30607.77698520944 1186.405441783369 132.8820419684052 255.5962514579296 1075.810288779438 23.0861703120172 4.979184597730637 2921.021103926003 37.46129932999611 8814.444598816335 4670.861420884728 6842.426886230707 4788.193999774754 194.3840872943401 35.76165071874857 76.74997865408659 77.37562751024961 1.299792267382145 2664.366498991847 1187.525150172412 1.331725813448429 0 0.1063406988978386 18.67988899350166 0.8972955197095871 4.647910885512829 1.054754324257374 103.4082680419087 0.1829581335186958 577.9780516400933 3.433002293109894 0 624.792799629271 330.5353243499994 47.38597144931555 186.4984615147114 0.6796620711684227 23.87789966166019 1803.170430913568 1683.409234203398 34.65538803488016 268.9554730653763 2765.5815436095 13126.0899162069 24.42359118163586 2.606066502630711 11.49430957436562 63.43316286057234 0.2701718509197235 0.949621208012104 77.11708261072636 13.61260360479355 408.5597381219268 439.2665687128901 187.7815054506063 109.055886246264 4.912901274859905 1.566496483981609 12.95578330755234 2.012126952409744
362.2565796151757 24.00880973786116 1323.400819696486 4548.602965176105 1.072741225361824 211.2492560893297 14349.19920301437 541.3140502944589 1066.128407813609 5249.139813907444 16.15488298609853 435.0450865291059 5.127740256488323 1009.486648671329 43.53068894892931 972.4208272993565 63.43203707039356 5.673739977180958 8.057581052184105 1404.431446015835 5977.3074015975 80.63976024091244 3491.431596964598 6760.683109924197 5.707176104187965 123.6899276301265 1186.405441783369 14215.07970950007 1572.924656543881 5558.784897066653 1.892391309142113 5.963276743888855 246.5136633440852 401.9769746996462 17.28268563002348 3654.410034649074 101.7662265002728 1008.90349104628 714.7745992615819 192.0073186457157 31.19017678499222 4.647535756230354 23.98525087535381 29.56522936373949 2.142440751194954 19.97113448381424 279.1572889834642 0 4.563176587224007 199.9263790771365 16.96251662820578 251.0558658465743 91.1553130671382 2.604176826775074 69.43686696141958 5.349363923072815 62.74115765839815 4.713606387376785 364.7644956409931 1.642216853797436 0.4480526223778725 0.6398356854915619 121.1464985981584 216.9009065032005 45.31067848950624 112.217337667942 1540.453876525164 0 8.114682622253895 83.21738538891077 857.2535321637988 204.2130528092384 185.7383086681366 0 0.383333146572113 11.73041998594999 37.79387431591749 6.437300346791744 374.8651232868433 10.59621165692806 98.21730361133814 15.69710921496153 99.44730778038502 7.390223041176796 8.501785919070244 5.385852925479412
