1146.098068505526 0.786415621638298 68.4106658026576 3.227154985070229 0 5.126577749848366 1361.079102165997 196.5048802345991 3.387415498495102 21.19439852982759 15.70246944576502 0.6617088913917542 0.1279933750629425 3960.345848277211 0 1.180150479078293 228.0922060236335 11.63287433236837 62.26774195581675 1.252722106873989 9.304044552147388 0.4283621162176132 27.17115498334169 17.15424829721451 0 103.6325975507498 28.70336929708719 66.0109872892499 3401.942513085902 2752.452662117779 0.1255664229393005 0.9624158665537834 15.70685937255621 73.03515119105577 0 41.25434405356646 1.453430660068989 35.45149017125368 9.27972574532032 1.769208736717701 0 0 0 0.1882914379239082 0 0.3573011457920074 0 0 0.1017136573791504 1.200083121657372 0.2234393432736397 0.6337498351931572 0 0 0 0 0.8677938356995583 0 3.775256179273129 0 0 0.1245851218700409 0 2.760471545159817 1.078255444765091 0.1334153711795807 19.84347704052925 0 0.5836127549409866 2.842230819165707 17.66977535933256 5.025747016072273 2.379653312265873 0 0 0.3035516440868378 0.4498266279697418 0 4.868170201778412 0 1.208488494157791 1.111735552549362 0 0 0 0
0.786415621638298 646.7452309653163 67.71042113006115 0.838517352938652 0 0.9756736755371094 13.40036217868328 3.558905564248562 780.8642700985074 1.730011522769928 14.15297812223434 2.755933277308941 366.0369549766183 1.657281070947647 35.09230541437864 139.5099689513445 486.9122596308589 11.9473480656743 127.8193630278111 0.5455227121710777 5.629824534058571 3120.98765143007 8.457061491906643 1202.684307649732 2784.802574180067 305.555007763207 5976.471301831305 36.35544060915709 8.831743247807026 3.709000654518604 13.73519696295261 0.9623544216156006 0.5846376419067383 218.8449399843812 3.141070529818535 216.6833940371871 370.7472326308489 507.203338727355 125.7749225124717 34.31843819469213 0 269.7235246151686 2.967699587345123 0 211.2938778698444 255.0979288816452 0 0.1941723674535751 0.3922944664955139 1.032640293240547 0.9092364907264709 4.207471318542957 0.9503681659698486 3.679287433624268 0 21.63640650361776 1.548808842897415 0 12.14416379481554 27.05307295918465 3.647772580385208 44.12622019648552 0 0.5436780154705048 31.54291498661041 7.508150309324265 13.50717482715845 54.288962200284 678.8546459972858 3690.406401082873 3.055386103689671 1.673601426184177 2.38771690428257 7.302517585456371 0 0.0767301544547081 17.26021727919579 1.9767105281353 47.65468928217888 16.75865590572357 71.06000344455242 15.20691293478012 1.377750009298325 0 13.03960013389587 0.1586083322763443
68.4106658026576 67.71042113006115 4649.223184615374 0.2473948299884796 0.2786847054958344 215.5448508933187 1035.407949909568 991.2443502694368 3.428548596799374 51.93546571582556 17.96211191266775 1.106363095343113 3.374344810843468 957.1505023539066 0.5070105791091919 17.06398409605026 1864.644016623497 14.14565519988537 28.6251375451684 0.5557704642415047 1526.641412772238 12.66995099186897 8997.933223195374 9.995103292167187 0.5715401619672775 3596.425737403333 13126.4872789979 349.0602094233036 146.1430083066225 1388.141068413854 7.674923576414585 6.615208119153976 4.818261936306953 152.9137739390135 15.97300887107849 1333.397024467587 1729.642322927713 1048.028130181134 345.8157609403133 41.77556058764458 2.308537393808365 1.366637244820595 10.79533721506596 0 32.03071132302284 1850.162346750498 0 0 0 8.273501887917519 1.836354821920395 1.981937423348427 0.7304078787565231 0.1807041317224503 0 1.993658810853958 2.265939451754093 0.1411745101213455 45.10494957864285 62.08641302585602 0.9897404909133911 11.96781705319881 0 16.2884007692337 16.02254927158356 260.4859507605433 19.11189629137516 0.9328169077634811 384.5798010751605 3357.201705671847 22.33362159878016 0.9164060279726982 10.76171901077032 0.9586512446403503 0 0.6189008951187134 10.78761593997478 3.354569241404533 54.61146549135447 12.56391672790051 61.46203222870827 21.18006414175034 1.742260336875916 0 0 0.2327632158994675
3.227154985070229 0.838517352938652 0.2473948299884796 3856.705581516027 3.319982245564461 60.54551833868027 149.3479661494493 28.04252315312624 1698.318262003362 2820.971217177808 4.749613665044308 3928.078223913908 4.762005120515823 73.56774035096169 141.3543060049415 0.1344152688980103 1.055972576141357 1.88893786072731 5.673149287700653 5200.6895763129 0.6992569714784622 1.627980783581734 0 1497.464650928974 0.4258781969547272 4.244946397840977 4.101185657083988 4907.400500237942 147.7516596093774 2.913597017526627 1.201997697353363 2.853757224977016 7.978289745748043 39.50681100785732 1.029039531946182 135.2444947957993 3.140463590621948 100.9105821698904 24.05215528607368 198.0140276774764 12.09639606624842 1.191792689263821 2.34906417131424 0.6610068753361702 0 0.2491422891616821 374.0462000668049 0 45.73746994137764 54.90342685580254 15.12340093404055 388.9167564809322 731.8147151917219 2.703145131468773 107.0345767140388 0.5826823487877846 12.0582380220294 2.269775100052357 0 0 0.2690200135111809 0.3302517905831337 175.4307487234473 0 0.3452649563550949 0.3886704295873642 391.2282022610307 0 0.4880661815404892 0.1557618081569672 554.9972610771656 19.30682550370693 2.118115611374378 0.4684623405337334 4.170390516519547 0.112530954182148 11.44351035356522 0 95.12628234922886 3.199784338474274 48.71326991915703 8.70562756061554 221.9259241744876 2.270363658666611 2.090100049972534 1.349599488079548
0 0 0.2786847054958344 3.319982245564461 3.269551515579224 89.82393621653318 6.073539070785046 76.35492931306362 29.31339713931084 3.456886440515518 27.97934770584106 17.24829221516848 50.59134951233864 0.3424195349216461 336.0686130672693 0 0 3.032284811139107 5.145535685122013 2.239588230848312 0 1.017183288931847 0.419205904006958 9.193797677755356 0.6417602673172951 5.67017188668251 1.164414040744305 5.361970499157906 41.28480945527554 1.789132460951805 1.072300925850868 66.70906627178192 0 306.1680518090725 0 24.89980535209179 10.50960518419743 125.7496692836285 58.354895606637 839.7353285104036 46.78533044457436 4.985492795705795 1.440775990486145 0 0 0 0 0 0 0 0 0.2609879374504089 0 0 0 1.211428493261337 0 0 0 0 0 0 0 0 0 0 0.6319965720176697 0 0 1.516061395406723 2.621538236737251 0.6131573766469955 0 0.4803698509931564 0 0.5213859677314758 0 0 1.858075633645058 0 0 0 0 0 0 0
5.126577749848366 0.9756736755371094 215.5448508933187 60.54551833868027 89.82393621653318 11642.60213160515 8832.883832596242 11065.29397514462 430.9751098006964 8183.974030330777 133.1891858801246 7291.206769630313 111.878100797534 988.2965610399842 1250.306789293885 0.2003252655267715 64.95203473418951 53.10943050682545 81.19715896993876 460.9582034572959 66.55247043818235 0 39.75695883482695 50.64478847384453 3.253480941057205 165.8033075854182 118.6664614230394 736.1360300257802 1055.352026082575 57.97043254971504 21.12763738632202 1147.377054847777 5.040478505194187 837.7730549201369 0.9394240975379944 371.1369077041745 48.75859112292528 666.5575132444501 194.929882325232 2743.870719946921 348.3775968626142 23.86355649679899 2.144020013511181 0.4503234922885895 0.921129122376442 1.691542252898216 30.55553739517927 0 5.19164028018713 13.64854975044727 1.174958758056164 17.19734255224466 74.75369865447283 0.5665916576981544 24.98251090198755 1.806081049144268 3.230881385505199 1.260893970727921 1.838842988014221 0 0.1380711197853088 0 20.17221209406853 2.284285500645638 0.4186168909072876 1.763498544692993 62.53152367472649 0.5523869320750237 1.45637521147728 7.161198392510414 75.75277668982744 7.592178709805012 5.738519795238972 0.3432892709970474 0.8603862524032593 0.4133435189723969 1.119026303291321 0 45.3546225130558 1.13564608246088 7.342346020042896 1.178424723446369 79.46436389535666 0 0.1989704966545105 0
1361.079102165997 13.40036217868328 1035.407949909568 149.3479661494493 6.073539070785046 8832.883832596242 12435.4878032431 5990.041477382183 200.9719697162509 16380.26380945742 65.31581750512123 154.5593903139234 26.40687474608421 10489.30827394128 23.93733021616936 17.48337618261576 466.4849823862314 38.42278356850147 92.73642341047525 106.5562859401107 1233.625170208514 14.95840960741043 952.1242254301906 605.9715990424156 0.9601865783333778 385.4299771636724 1455.81877861172 17709.09633998573 2321.644333012402 3290.765861175954 13.72230009734631 50.8659745156765 232.4120082706213 631.8536862283945 17.42539490014315 2305.420105196536 80.71049502491951 1855.592512853444 658.1069373711944 231.1600428670645 109.4235992878675 8.935309678316116 18.22035838663578 3.145440094172955 1.66415710747242 25.19117419421673 32.62373912334442 0 12.94211952388287 113.2025208771229 25.03768948465586 41.80742363631725 174.3807563334703 4.026692911982536 7.454743728041649 0.9646055102348328 29.57200784981251 2.713973298668861 52.99421207606792 2.959579318761826 0.3297764658927917 2.645310185849667 27.39266419410706 47.46707683801651 6.755681544542313 44.41625934839249 387.7907670661807 0.3340656086802483 13.06997938454151 68.08203572034836 357.4658704251051 44.63333995640278 36.30938149988651 1.504966355860233 0.7359217405319214 2.89750099927187 18.89995258301497 2.257755622267723 120.9065997451544 3.59663513302803 82.24208501726389 16.00038724392653 71.45050358772278 4.909723564982414 1.731949113309383 1.608435586094856
196.5048802345991 3.558905564248562 991.2443502694368 28.04252315312624 76.35492931306362 11065.29397514462 5990.041477382183 15473.59534676373 56.29861998558044 2125.728468716145 209.8521219044924 708.6295338794589 152.4568891301751 5924.243239469826 480.7042867317796 1.58147881925106 646.0673819631338 63.45174833387136 176.4072736725211 116.5108461603522 215.0254855975509 0.857761338353157 225.3862842321396 120.2260140553117 5.123979352414608 702.4109514206648 255.2376833707094 434.540718331933 1621.142385527492 979.703489087522 25.63811527192593 1669.280780158937 9.241444334387779 1028.306691803038 2.084173694252968 662.2618676200509 91.94232334196568 540.7903014570475 269.7036073207855 1498.620067045093 277.8859441950917 31.69025155156851 11.37460692971945 0.8664319068193436 0.3689740747213364 7.848822541534901 2.688571095466614 0 2.21961709856987 26.56204560399055 3.390969380736351 6.27074821293354 23.0993162766099 1.267561763525009 1.22009264677763 2.657877191901207 6.635968364775181 0.1216490864753723 5.363946385681629 0 0.286652535200119 0.3942572623491287 3.278854876756668 7.671057887375355 1.528923869132996 1.19081149995327 113.4963750243187 0.5631621181964874 4.262041926383972 15.42014322429895 100.1643066033721 13.73851889371872 11.70969637483358 0.7213592752814293 0.08045271784067154 0.8196569234132767 3.894471921026707 0 28.51926818490028 1.766602747142315 14.64616771042347 4.915904700756073 5.8553197234869 0.7764049172401428 0.1260209381580353 0
3.387415498495102 780.8642700985074 3.428548596799374 1698.318262003362 29.31339713931084 430.9751098006964 200.9719697162509 56.29861998558044 1285.106587931514 645.2811777070165 12.10052385181189 1855.268748961389 54.14553410559893 50.23253244161606 1061.025686979294 2.351579882204533 20.21246429532766 6.981716364622116 16.80951952189207 1269.663535378873 5.932590909302235 3383.779992781579 1.710726395249367 12447.84906828403 411.59162478894 22.92382169514894 715.780731447041 2560.373549208045 146.2235075607896 229.2050910368562 6.199852757155895 4.555120348930359 25.00041528791189 37.20947850495577 0.640118807554245 199.7218399494886 8.77607749402523 126.8263658732176 44.30008859187365 682.5191054716706 6.783931903541088 5.230800352990627 2.269679054617882 9.665221571922302 1.191314682364464 1.931337557733059 254.6171938627958 0.2776928842067719 19.65194788575172 105.9380779713392 25.66353448480368 71.93896155804396 325.665759280324 3.065673984587193 95.5585834980011 2.06944789737463 50.41571444272995 7.100110597908497 51.57668881863356 0.4626824855804443 0.7497038692235947 0.6840109005570412 109.3777311593294 33.8128412142396 73.85416452586651 0.5939648970961571 1854.15201921016 0.3300247490406036 3.723591506481171 11.85395445674658 802.0004733502865 84.46174545586109 72.87621558457613 0.9555148854851723 1.413097821176052 7.955646179616451 14.06302236765623 0.9205217957496643 107.2991986647248 2.585687801241875 55.0613576695323 25.88918217271566 80.62743709236383 3.523445807397366 0.1528325974941254 0.5249866172671318
21.19439852982759 1.730011522769928 51.93546571582556 2820.971217177808 3.456886440515518 8183.974030330777 16380.26380945742 2125.728468716145 645.2811777070165 29538.13225334883 83.96697661280632 5505.54588739574 31.50833515822887 1417.506306968629 76.55825387686491 0.2675506770610809 22.58394066244364 39.88317365944386 92.77144664525986 4381.327521346509 42.95821832865477 1.297779478132725 20.62354684621096 290.5110738351941 2.487724877893925 66.59383764117956 126.9304517433047 4672.306378178298 1792.811710081995 29.67997925728559 14.76849078387022 47.4883913397789 32.77848025411367 537.9521804526448 4.120450682938099 965.7755577266216 53.76641694456339 1499.102405391634 208.7081343978643 260.3528177067637 79.58328838646412 7.339959226548672 9.615261040627956 1.377924270927906 0.567020021378994 1.723010167479515 339.0232772380114 0.9008218348026276 53.55043179541826 160.8888280764222 34.92418609559536 204.3905194625258 1142.594960123301 8.648615516722202 86.86439599841833 1.182847499847412 41.04696729034185 6.200686424970627 1.791240587830544 0.1725649386644363 0.5203571394085884 0.8294253423810005 188.4296878874302 1.788032211363316 1.053174048662186 3.398942530155182 632.9070904403925 0.693259671330452 2.831807248294353 5.413300231099129 867.6055665612221 49.93281333893538 6.659350477159023 0.8937384188175201 8.186699882149696 0.7968870997428894 36.05987444519997 0.6041218638420105 261.2106679826975 5.568815104663372 150.0001366585493 19.96041836589575 322.0029547065496 5.980850100517273 7.479548536241055 1.361348390579224
15.70246944576502 14.15297812223434 17.96211191266775 4.749613665044308 27.97934770584106 133.1891858801246 65.31581750512123 209.8521219044924 12.10052385181189 83.96697661280632 8064.720611572266 76.41204040497541 1893.239837311208 108.6053715795279 9.915169522166252 0.9404114633798599 291.8451763093472 3422.120546221733 1849.261059105396 22.62836541980505 70.13217067718506 2.920963011682034 45.80505713075399 27.14189409464598 360.3353459313512 3579.241289868951 505.9839948043227 71.41084491461515 475.8078916966915 161.0164751037955 582.3153023570776 211.6688368171453 32.67952316999435 7992.139031514525 12.63742014765739 606.1483824774623 4086.602229677141 2490.251285634935 593.3575514629483 54.14002142101526 56.93173619359732 1089.409780189395 12.20375235378742 0.3180848062038422 2.62833271920681 2.830119252204895 0 0 0 3.916368871927261 0.8020428419113159 0.2148323655128479 2.35610094666481 921.2477299049497 0.5222960561513901 1050.008126728237 2.057532943785191 0 0.160245880484581 0.6709061861038208 109.310376226902 7.488109111785889 0.3186522424221039 0.423469252884388 0.1759596765041351 0 18.5412560775876 261.1112116649747 136.4192994534969 141.5703930184245 23.10845021903515 4.743402108550072 1.581499181687832 224.5498574152589 1.337903261184692 0.2600850462913513 79.03033718466759 5.166353970766068 11.73141635209322 788.7817138433456 23.02890107035637 1.429469257593155 0 0.9731789827346802 502.3076652437449 0
0.6617088913917542 2.755933277308941 1.106363095343113 3928.078223913908 17.24829221516848 7291.206769630313 154.5593903139234 708.6295338794589 1855.268748961389 5505.54588739574 76.41204040497541 11091.27872432768 34.07159393280745 460.0642987266183 1242.089236676693 0 2.580892808735371 36.4325959905982 54.88046047091484 7787.897243015468 0.494734987616539 10.46497187018394 1.450589068233967 1374.170940376818 4.02684310823679 41.14942515641451 19.07843506336212 1018.57112237066 564.6580776870251 3.995820462703705 14.67629131674767 124.5517328679562 0.8917814940214157 271.3320757374167 0 311.0324699282646 26.31526131927967 409.138019412756 55.03983370214701 1843.19186860323 31.08272733539343 2.325116828083992 0.9179815575480461 0.1234668493270874 0.2645468935370445 0 408.2573911175132 0.4561600387096405 31.52844794839621 9.782184690237045 6.951496638357639 197.7230398133397 323.7227715328336 0.922272615134716 172.1221653074026 0.5543735027313232 5.797212146222591 5.535213351249695 0 0 0.3773188367486 0 125.1367082595825 0.2547341883182526 0 0 74.51706040650606 0.524938628077507 1.049704365432262 1.804293818771839 214.4727025479078 4.304577402770519 0.3103568851947784 0 0.1723646074533463 0 4.558646269142628 0 106.3448818922043 0.5582933947443962 13.15470433980227 0.5335495620965958 334.7324856296182 1.877983264625072 8.782903701066971 0
0.1279933750629425 366.0369549766183 3.374344810843468 4.762005120515823 50.59134951233864 111.878100797534 26.40687474608421 152.4568891301751 54.14553410559893 31.50833515822887 1893.239837311208 34.07159393280745 2357.915349557996 10.66857191175222 14.49505855888128 2.206479921936989 3.112247884273529 43.96319642663002 6.728748887777328 15.11998171359301 3.238510206341743 89.30566290766001 13.80802217125893 61.55264183133841 3056.211519502103 416.0059337764978 1988.186172448099 51.25084813684225 96.14562942832708 22.72994364053011 615.7524005025625 102.3553046435118 0.8648488819599152 1270.794167146087 44.8877250701189 1612.61431158334 3009.471001587808 2571.948366582394 501.4983220249414 157.2245038896799 431.9909032732248 833.9770532101393 53.91159424185753 0.1113641113042831 12.11975315213203 1.389964580535889 0 0 0.5565396100282669 2.329795479774475 1.814104557037354 3.115416869521141 1.078549511730671 1681.490991920233 0.1132145747542381 2882.829846702516 2.106411248445511 0.1369039118289948 0.5998907685279846 0 209.3676576539874 17.32920187711716 0 0 3.520298466086388 0 10.80280945450068 1466.674684256315 250.3002417907119 536.88496761024 15.9906175583601 5.289506927132607 0.8658052831888199 559.3755319938064 0.6325304582715034 0 91.4258678406477 24.88854110240936 114.8078026995063 791.2917446196079 30.15501189231873 10.79384879022837 4.310606993734837 0.4019114822149277 255.3411463424563 0
3960.345848277211 1.657281070947647 957.1505023539066 73.56774035096169 0.3424195349216461 988.2965610399842 10489.30827394128 5924.243239469826 50.23253244161606 1417.506306968629 108.6053715795279 460.0642987266183 10.66857191175222 9695.115041799843 33.73692847043276 3.758223652839661 1109.673253908753 50.92442013323307 241.3462567850947 198.2799522206187 176.1636380031705 4.399667128920555 290.1143606379628 199.0824493914843 0.6968064531683922 797.7438880428672 215.397756382823 890.2332412377 7633.063996039331 3803.335493855178 6.88956043869257 61.94269341230392 16.12451305240393 441.5876128748059 0.9223074689507484 353.4427493587136 26.90644985437393 234.4781231805682 86.77313365787268 262.6068841069937 8.18301372975111 3.435728304088116 0.9912921339273453 1.813608586788177 0.9477251619100571 10.75197661668062 4.468483194708824 0 3.143474027514458 24.99710755050182 7.547950707376003 7.79470307379961 22.07733269780874 0 1.151971191167831 0.1553901880979538 8.416866406798363 0.3572628796100616 16.31330419331789 0.6056272983551025 0.3237867951393127 0.4490065574645996 2.64654977619648 25.56203405559063 3.37827230244875 1.248424611985683 204.5873018726707 0.3119939714670181 4.475796028971672 21.65919551998377 190.900273680687 26.95509420335293 24.49327705800533 0.1743965297937393 1.837630361318588 2.687566518783569 6.42083378881216 0 56.06269752979279 1.807251572608948 24.84435745328665 8.74434507638216 8.370732396841049 0.2862347066402435 0.1336812376976013 0.3762985020875931
0 35.09230541437864 0.5070105791091919 141.3543060049415 336.0686130672693 1250.306789293885 23.93733021616936 480.7042867317796 1061.025686979294 76.55825387686491 9.915169522166252 1242.089236676693 14.49505855888128 33.73692847043276 337.6896067038178 0.2805469334125519 2.202914461493492 2.536979638040066 3.495679296553135 239.6955317035317 0.4511466920375824 85.62433622032404 0 931.6703386381269 16.70392353087664 4.400399029254913 54.25908520817757 103.3873510956764 98.11663208901882 6.604483813047409 2.479948803782463 470.5299214869738 1.736164204776287 51.48839318752289 0 125.806052364409 9.369617857038975 38.72427567094564 20.89575026929379 1062.332124553621 39.79219275712967 2.554762154817581 0.5811090022325516 0.112436480820179 0 0.3811596632003784 4.957749344408512 0 0.3785006701946259 0 0.1098683178424835 3.925359174609184 9.286657437682152 0 1.588990747928619 0 0.2759048640727997 0 0.2499322444200516 0 0 0 2.408529028296471 0 0.2870073169469833 0 5.793811596930027 0.2225299924612045 0.1855460107326508 0.8969020694494247 8.56035840511322 0.8251906335353851 0 0.1089937314391136 0.1624184250831604 0.2225265875458717 0 0 11.39281691610813 0.1236807852983475 0.2174377739429474 0.1172176823019981 17.56137705594301 0 0 0
1.180150479078293 139.5099689513445 17.06398409605026 0.1344152688980103 0 0.2003252655267715 17.48337618261576 1.58147881925106 2.351579882204533 0.2675506770610809 0.9404114633798599 0 2.206479921936989 3.758223652839661 0.2805469334125519 3966.630886830389 20.52163660526276 0.1391296684741974 4.419057607650757 0.09230165928602219 3585.074754714966 1693.123259007931 3067.100797101855 2305.05228202045 4.247787460684776 18.25138293206692 5022.453833892941 1429.782088391483 43.34443693608046 101.3602717891335 0.3521734774112701 0 9.758395031094551 58.85262425988913 19.08848497271538 2875.264986030757 778.6754181757569 714.1834820285439 939.0935678780079 64.93789871037006 0.7444735765457153 0 12.84338069707155 1.191197745501995 32.04916876554489 119.9715535715222 0 0 0.1987946182489395 1.799763903021812 1.51554699242115 0.9806467890739441 0.1452901810407639 0.6773808598518372 0 0.1761476248502731 3.287501335144043 0.1143380329012871 5540.345837965608 26.26095197349787 1.752023316919804 4.748894326388836 0 877.0039222240448 621.5338551029563 3487.016616918147 167.0239412337542 0.9664886295795441 15.88605899363756 1041.58279016614 207.7759193703532 13.29827076941729 187.7342015951872 0 0 5.034376405179501 11.36767067760229 5.386491343379021 366.6150663197041 47.62838773429394 73.61799670010805 100.902012385428 8.743662506341934 0.203237771987915 0 3.520788550376892
228.0922060236335 486.9122596308589 1864.644016623497 1.055972576141357 0 64.95203473418951 466.4849823862314 646.0673819631338 20.21246429532766 22.58394066244364 291.8451763093472 2.580892808735371 3.112247884273529 1109.673253908753 2.202914461493492 20.52163660526276 628.4164617583156 147.629754409194 2059.245451062918 1.60665912181139 2089.289493516088 32.66981924325228 4756.992162913084 85.88389304280281 1.70471952855587 1783.672635778785 9478.785072423518 107.2704760804772 902.9380398988724 3450.917926982045 3.703464955091476 11.86244127899408 26.8230759203434 2822.631159171462 12.86637854576111 808.2265619263053 425.9777709841728 2109.09077206254 413.610277697444 17.98919022083282 1.003452241420746 2.111269265413284 7.036356791853905 0 21.26733587682247 160.6507146432996 0.1533357948064804 0 0 0.2667749002575874 0.4843921065330505 0.8624170422554016 0.3647463321685791 0.1225143298506737 0 0.4389694109559059 0.4303503856062889 0 3.964403547346592 9.119612336158752 0.679968923330307 11.73442719876766 0 1.742579847574234 3.432333059608936 6.647406816482544 5.563771151006222 0.6703463047742844 175.2263775765896 524.9193668961525 4.289984136819839 0.4667734429240227 0.896035298705101 1.002767831087112 0 0 1.100700408220291 2.360234051942825 11.72162701934576 3.290424279868603 11.56467319279909 3.227833524346352 0 0 0 0
11.63287433236837 11.9473480656743 14.14565519988537 1.88893786072731 3.032284811139107 53.10943050682545 38.42278356850147 63.45174833387136 6.981716364622116 39.88317365944386 3422.120546221733 36.4325959905982 43.96319642663002 50.92442013323307 2.536979638040066 0.1391296684741974 147.629754409194 74.79581996053457 843.3127190321684 9.796565353870392 13.09103718400002 6.919779218733311 20.44737424701452 14.73367954045534 140.2286841571331 1338.351951055229 816.5579932630062 31.0086872652173 156.1203591674566 79.06221365183592 514.9281354695559 47.49778158962727 5.201230220496655 918.7846293151379 4.842576220631599 422.60258667171 1016.618003815413 1206.177900649607 407.6702093780041 16.9510955363512 2.337033271789551 10.24485649168491 3.008699260652065 0 9.395277135074139 0.7017728388309479 0.2894009277224541 0 0 2.064032301306725 0 0.8758606165647507 0.5642832517623901 21.27058089524508 0 112.5394210070372 0 0 0.1551072746515274 0.1548885852098465 116.6254774108529 25.03503017872572 0 0.09434229880571365 1.011267334222794 0.1170551925897598 10.5263155028224 63.38243612647057 152.9737749174237 299.714362628758 6.409554094076157 0.6306389793753624 0.513588160276413 76.2954985499382 0.100738599896431 0.3445080816745758 0.2520441636443138 2.319811880588531 1.699164219200611 5.105210348963737 0.658525250852108 0.1027702316641808 0 0 0 0
62.26774195581675 127.8193630278111 28.6251375451684 5.673149287700653 5.145535685122013 81.19715896993876 92.73642341047525 176.4072736725211 16.80951952189207 92.77144664525986 1849.261059105396 54.88046047091484 6.728748887777328 241.3462567850947 3.495679296553135 4.419057607650757 2059.245451062918 843.3127190321684 1528.245024748147 20.182198561728 116.7465943917632 18.52288293838501 101.3092651963234 37.33601041138172 31.55781030654907 3568.263440273702 3110.396366611123 65.64393928647041 559.9284408204257 452.5012555643916 67.77835769951344 66.97287201881409 31.79102665185928 5790.529273487628 15.12042662501335 1353.037089258432 1095.198979310691 3910.12862124294 939.0050577074289 22.49180344492197 0.8979774937033653 1.387837670743465 9.887105844914913 0 82.18644889444113 6.021636113524437 0.1806503087282181 0 0 3.275486931204796 0.4240532666444778 1.566861689090729 0.2283913642168045 4.447164565324783 0 18.17438457906246 0.480475440621376 0 2.607550889253616 5.556873053312302 86.20425049960613 114.8772533982992 0 0.08741395175457001 1.610334031283855 0.8864706009626389 18.25555222481489 43.21378374099731 348.0356522276998 898.6728922277689 11.17326943576336 0.6945564746856689 1.231022372841835 21.50515284389257 0 0.1022176370024681 1.027175955474377 5.925963908433914 3.738808050751686 4.196502923965454 5.555091209709644 1.422011718153954 0.4819287657737732 0.1127621382474899 0 0
1.252722106873989 0.5455227121710777 0.5557704642415047 5200.6895763129 2.239588230848312 460.9582034572959 106.5562859401107 116.5108461603522 1269.663535378873 4381.327521346509 22.62836541980505 7787.897243015468 15.11998171359301 198.2799522206187 239.6955317035317 0.09230165928602219 1.60665912181139 9.796565353870392 20.182198561728 969.8523139432073 1.170617759227753 0.6889511048793793 0.9270038455724716 272.1712853014469 0.7236729487776756 13.77227760106325 8.454591348767281 2664.257229335606 266.2066070139408 2.850412771105766 3.714172199368477 16.32472692430019 3.668964557349682 100.0920951142907 0.7879822850227356 159.005667462945 7.552496768534184 232.0195967182517 25.44765900820494 494.6304343119264 13.01125329732895 1.760922499001026 1.629829488694668 0.8418799266219139 0 0 314.5782704055309 0.407812237739563 35.65446167439222 96.69748473912477 14.17447286844254 246.4663347527385 844.5562288239598 1.63536337018013 119.8345562815666 0.4322646483778954 19.17627181112766 3.856731235980988 0 0.1256952434778214 0.1190212219953537 0 164.908815599978 0 0 0 321.5408247932792 0.5640190690755844 0.587281160056591 0.3648848533630371 536.9437252357602 20.97670120000839 1.030780322849751 0.4919101893901825 2.130739688873291 0.8509000986814499 8.013055801391602 0 176.8001422584057 1.884995669126511 47.5298710167408 11.63309205323458 339.7234848514199 1.023769326508045 3.752712965011597 0.8905399069190025
9.304044552147388 5.629824534058571 1526.641412772238 0.6992569714784622 0 66.55247043818235 1233.625170208514 215.0254855975509 5.932590909302235 42.95821832865477 70.13217067718506 0.494734987616539 3.238510206341743 176.1636380031705 0.4511466920375824 3585.074754714966 2089.289493516088 13.09103718400002 116.7465943917632 1.170617759227753 16085.31115456671 121.8956173285842 18322.8454368934 948.782321639359 0 216.6855511665344 1289.220617696643 6688.358010150492 205.0899514779449 10889.14291851223 1.427678823471069 1.963979333639145 64.14736938476562 4291.013937950134 91.15025741606951 7185.335987411439 1144.348473951221 7154.455687575042 3542.489953748882 234.0066941231489 4.487534031271935 1.497922748327255 44.53714334964752 5.201942108571529 0.1280407160520554 22.95558162778616 0 0 0.665962353348732 7.002857871353626 4.99638881534338 0.7955598011612892 0.3083931356668472 0.3635402917861938 0 0 15.37758886814117 0.2465255558490753 912.2563381269574 10.30495961010456 0.7661314830183983 2.47851137816906 0 518.2636125981808 70.84525542706251 255.7237633764744 216.4747143089771 0 4.834190919995308 60.49585553258657 238.0895647704601 44.27001844346523 222.3534007966518 0 0.1018360704183578 8.783230431377888 9.112556591629982 2.117025628685951 144.0832937806845 11.6190919354558 29.0292990654707 22.56181714683771 3.090140089392662 0.3851237893104553 0.1332324892282486 0.276478074491024
0.4283621162176132 3120.98765143007 12.66995099186897 1.627980783581734 1.017183288931847 0 14.95840960741043 0.857761338353157 3383.779992781579 1.297779478132725 2.920963011682034 10.46497187018394 89.30566290766001 4.399667128920555 85.62433622032404 1693.123259007931 32.66981924325228 6.919779218733311 18.52288293838501 0.6889511048793793 121.8956173285842 1637.46098998189 68.34667736291885 5426.377090469003 1131.849174931645 36.38608661293983 3090.817880958319 364.8919181972742 33.85710662603378 45.9283684939146 12.02664838731289 0.1872616708278656 5.108651086688042 10.4264979287982 2.750252142548561 96.02437134087086 48.70144967734814 46.09803671389818 24.37464386224747 71.11169417202473 0 22.34685872495174 0.9540944397449493 2.538808166980743 279.730303004384 206.5423832982779 0.09129535406827927 0 0.2024024128913879 3.632579676806927 2.632205411791801 5.872283287346363 0.7466249018907547 0.607234850525856 0 4.977508038282394 6.936462476849556 0.1402009576559067 1850.595888145268 7.827746361494064 2.084441937506199 3.800613321363926 0 285.7670818641782 228.1887494623661 723.0577934458852 274.5285001471639 4.483476728200912 23.64897929131985 1542.73106174916 148.7598006352782 15.23523470759392 83.86751268059015 0.963907353579998 0.1362263709306717 4.138765677809715 5.777468107640743 0.4846256077289581 131.9836615845561 19.22980734705925 36.5502699688077 34.4067095220089 4.109654113650322 0 0.1696667373180389 0
27.17115498334169 8.457061491906643 8997.933223195374 0 0.419205904006958 39.75695883482695 952.1242254301906 225.3862842321396 1.710726395249367 20.62354684621096 45.80505713075399 1.450589068233967 13.80802217125893 290.1143606379628 0 3067.100797101855 4756.992162913084 20.44737424701452 101.3092651963234 0.9270038455724716 18322.8454368934 68.34667736291885 26149.00559733063 378.6232713311911 0.8735230565071106 1660.37799538672 14025.20022500306 3051.206152327359 109.389268681407 4890.674534104764 2.683892898261547 5.082951374351978 14.97742071002722 3126.787053495646 175.1323241814971 12353.23660168052 4806.45570949465 9587.584307894111 7282.563706174493 464.486420109868 3.695258766412735 6.015617474913597 77.10720664262772 0.452949047088623 9.859168037772179 1354.976710528135 0 0 0.7417673617601395 16.42091311514378 1.340941429138184 0.7589750289916992 0.8273591995239258 0.4257453829050064 0 0.7314123064279556 1.36066596955061 0.5104727149009705 1660.75169351697 25.35574404895306 0.6912165135145187 3.595824778079987 0 259.4392465502024 104.6112623736262 2241.814220778644 68.43190456926823 0.532742366194725 23.20068462193012 2480.406052984297 88.58133845031261 3.840474016964436 37.66713257133961 0.3562958836555481 0 0.8238034397363663 7.619813211262226 6.98220819234848 185.4458658024669 36.50147917866707 61.28555105626583 65.1857693567872 6.784119993448257 0 0.3426898717880249 2.643639609217644
17.15424829721451 1202.684307649732 9.995103292167187 1497.464650928974 9.193797677755356 50.64478847384453 605.9715990424156 120.2260140553117 12447.84906828403 290.5110738351941 27.14189409464598 1374.170940376818 61.55264183133841 199.0824493914843 931.6703386381269 2305.05228202045 85.88389304280281 14.73367954045534 37.33601041138172 272.1712853014469 948.782321639359 5426.377090469003 378.6232713311911 8303.464404828846 368.158333003521 74.33135959506035 3840.15584718436 6987.438967913389 735.0791570097208 904.7608548179269 13.382204413414 12.11988568305969 172.1200640276074 220.2629854083061 7.152683518826962 1424.050967499614 95.17945647239685 730.2247354984283 324.2504521161318 565.2942860275507 37.63019565492868 5.991582348942757 11.90633570402861 52.83076725900173 9.490243963897228 44.09970565140247 261.7275476679206 1.62887416779995 61.8624868914485 611.4845135733485 132.3113010078669 672.2140951603651 666.7185114696622 15.93550910800695 41.17741863429546 6.112451605498791 283.9045363217592 15.45126727968454 912.9932524338365 8.693540558218956 5.408314593136311 7.149816103279591 108.5748382881284 660.7561676427722 316.1020149365067 156.4122051969171 5213.315839074552 2.261648565530777 30.57567224651575 189.4023259356618 3822.325483430177 560.8397301211953 602.4907841235399 4.58876421302557 12.42937209457159 60.4069751650095 117.4780811816454 4.199164144694805 904.1289808452129 14.65069266408682 487.7568421810865 165.0616566389799 220.4987599775195 35.7960307598114 1.330775246024132 11.39066510647535
0 2784.802574180067 0.5715401619672775 0.4258781969547272 0.6417602673172951 3.253480941057205 0.9601865783333778 5.123979352414608 411.59162478894 2.487724877893925 360.3353459313512 4.02684310823679 3056.211519502103 0.6968064531683922 16.70392353087664 4.247787460684776 1.70471952855587 140.2286841571331 31.55781030654907 0.7236729487776756 0 1131.849174931645 0.8735230565071106 368.158333003521 813.172289326787 83.90427860617638 2169.374678432941 6.691820852458477 4.083166889846325 0.5416235774755478 181.1657552346587 1.755942367017269 0 105.8369908854365 2.263102889060974 48.98841053247452 227.431679032743 469.3534821271896 41.36649252474308 26.71356578916311 59.80116271972656 507.1401441544294 11.65566462278366 0.2021269053220749 37.61545227468014 0.4489007294178009 0 0 0.1966846734285355 0 0.1224498823285103 0 0 384.7922930121422 0.1256869286298752 856.7003762722015 0.3137462884187698 0 0 0.150492936372757 81.68362048268318 9.883621275424957 0.1489778757095337 0 3.073389232158661 0 1.597810141742229 1020.761714152992 162.4987735599279 543.603702403605 0.8613239526748657 1.306418195366859 0 270.6072971299291 0.5053891390562057 0 38.30415571480989 0 3.399651601910591 36.823934443295 8.718097567558289 2.21139532327652 0.4180351495742798 0 41.4464458078146 0
103.6325975507498 305.555007763207 3596.425737403333 4.244946397840977 5.67017188668251 165.8033075854182 385.4299771636724 702.4109514206648 22.92382169514894 66.59383764117956 3579.241289868951 41.14942515641451 416.0059337764978 797.7438880428672 4.400399029254913 18.25138293206692 1783.672635778785 1338.351951055229 3568.263440273702 13.77227760106325 216.6855511665344 36.38608661293983 1660.37799538672 74.33135959506035 83.90427860617638 30063.49436793476 14572.87950877845 96.40897522866726 433.856663107872 645.9927186444402 1795.989710465074 55.72572783380747 8.769214734435081 1057.790700107813 27.66783028095961 2225.745889090002 3708.263713896275 3132.868165358901 1100.968433149159 34.59911318868399 5.761799834668636 24.75186311453581 12.99484387785196 0.09983456879854202 201.5858240947127 245.9746707901359 0 0 0 3.917446345090866 1.161857508122921 6.198345087468624 1.007095575332642 120.8733900785446 0 650.4098069518805 3.336258746683598 0.801440104842186 15.00822661817074 29.01003623008728 617.3550862520933 502.1159473359585 0 0.4198465868830681 33.49416192620993 8.55217108130455 26.92752133309841 311.4060460999608 2479.098653800786 4861.568771190941 14.40265376120806 3.330138564109802 5.122316129505634 330.8090295791626 0.1072243228554726 0.4243367835879326 16.41172057390213 9.340684399008751 57.9803826212883 54.41839500516653 63.15267502516508 9.97231762111187 1.637504860758781 0 1.048684529960155 0
28.70336929708719 5976.471301831305 13126.4872789979 4.101185657083988 1.164414040744305 118.6664614230394 1455.81877861172 255.2376833707094 715.780731447041 126.9304517433047 505.9839948043227 19.07843506336212 1988.186172448099 215.397756382823 54.25908520817757 5022.453833892941 9478.785072423518 816.5579932630062 3110.396366611123 8.454591348767281 1289.220617696643 3090.817880958319 14025.20022500306 3840.15584718436 2169.374678432941 14572.87950877845 31899.42068509012 2367.603460490704 149.3074014484882 542.8966377824545 1635.633113630116 20.18894777446985 8.49104755371809 1862.127901032567 166.7192099243402 9376.24455126375 4026.84811026603 7642.216739550233 3676.278383426368 393.983673773706 7.465517200529575 19.4544483423233 90.00184941291809 2.275752492249012 1416.320375472307 4078.503615558147 0.1542768478393555 0 1.929113127291203 34.34135027229786 4.251857124269009 9.897123195230961 3.201804354786873 100.4783418923616 0.1303005218505859 532.5072612836957 7.698487013578415 0.4698390290141106 924.9065283611417 152.4557787999511 462.6132408976555 595.5406647324562 0 91.3635720461607 480.4345584437251 2380.955221481621 143.0162373483181 803.4810553714633 4763.50725171715 20392.52906608582 119.7456040382385 4.529299579560757 18.70050180703402 347.5009003803134 0.355774849653244 0.6090822815895081 63.96315024793148 28.47440608590841 450.7804019227624 136.0268241912127 331.8605306223035 160.6013155132532 14.61951222270727 0.6001997143030167 1.676733657717705 2.020104497671127
66.0109872892499 36.35544060915709 349.0602094233036 4907.400500237942 5.361970499157906 736.1360300257802 17709.09633998573 434.540718331933 2560.373549208045 4672.306378178298 71.41084491461515 1018.57112237066 51.25084813684225 890.2332412377 103.3873510956764 1429.782088391483 107.2704760804772 31.0086872652173 65.64393928647041 2664.257229335606 6688.358010150492 364.8919181972742 3051.206152327359 6987.438967913389 6.691820852458477 96.40897522866726 2367.603460490704 24054.59711538255 2683.065345607698 15523.24186521769 13.52004799246788 41.97405536472797 697.5453272163868 1052.492621295154 33.57156686484814 5248.88058771193 174.1820183470845 3026.733265317976 1416.744482927024 444.2359727695584 152.6596299633384 6.182235457003117 38.66623757779598 58.66312248259783 3.357070706784725 20.75858972966671 369.9225962162018 1.367826715111732 81.36564780771732 890.7457502856851 172.209071688354 459.8613928556442 1211.941423028708 22.19786722958088 64.12455716729164 7.174336366355419 316.6521206870675 12.51878903061152 516.2383942231536 11.45637071877718 3.655793577432632 6.195126667618752 188.9500428140163 477.8792063072324 130.8699490725994 105.736843124032 4600.920392729342 0.8902775794267654 10.71440865844488 74.28514417260885 4438.965647786856 655.3231029361486 632.0781189054251 4.815631248056889 21.74819650501013 54.93484748154879 153.9445529952645 5.482188954949379 1015.741463527083 14.72356485575438 551.0259205624461 189.6701442822814 338.9079173952341 37.31481041014194 4.85209584236145 9.954977765679359
