842.13423024863 0.2437464669346809 46.67588294297457 3.598403282463551 1.130574613809586 8.602070704102516 1725.209322907031 334.9926148727536 12.86387640237808 30.18300394713879 39.46699074655771 2.723095998167992 0.2838700264692307 4669.746725082397 0.2353095263242722 1.227611601352692 480.7794937342405 44.33109550923109 192.462095938623 2.015131644904613 49.99336211383343 2.018916174769402 195.2439152151346 282.650994040072 0.1346483677625656 114.8568223938346 18.21909503638744 256.3569458350539 3737.12951914221 571.2619062885642 0.7187911793589592 4.70528507232666 71.8162701651454 198.5499156862497 0.7822705060243607 10.63446800410748 8.126026064157486 66.49173210561275 3.658350721001625 1.1894371509552 0.2544353157281876 0 0 0.1929046735167503 0.236020602285862 0.8347666040062904 1.249916411936283 0 0.1075875908136368 5.949449323117733 1.097122006118298 2.627771854400635 0.7517333030700684 0.5020330548286438 0 0 0.3981862217187881 0 0.5028159469366074 1.394717782735825 0.2788211032748222 1.7607441842556 0 1.90820999443531 0.1425474882125854 0.8918679505586624 19.72238130122423 0 1.826661668717861 4.203413039445877 12.49369085580111 3.746039628982544 3.642399437725544 0.1253107339143753 0 0.5459350943565369 3.858335621654987 0 10.72708696871996 0.5654634609818459 6.155491895973682 1.373299188911915 1.636655539274216 0.8703698366880417 0 0.5474973320960999
0.2437464669346809 90.60533744841814 34.80753166228533 1.187636107206345 2.625932216644287 0.6144887208938599 2.555860355496407 2.79429230093956 771.74450956285 0.9813382402062416 198.617311000824 6.422568008303642 1175.752502180636 0.6157681345939636 15.55354650318623 116.2250586301088 71.10252864658833 19.78062749654055 155.0534206107259 0.3701486140489578 9.103864766657352 2491.093773148954 10.40097972005606 1708.823945440352 2108.427570238709 335.53302808851 4612.059442006052 10.11874099820852 4.806459747254848 12.79373738914728 41.68369380384684 0 0.8695441633462906 98.17646608501673 1.342446774244308 83.72118143737316 217.8583812341094 174.196863591671 70.06846194714308 43.91161666810513 0.2646781802177429 122.2802867144346 0.159233957529068 0.1163266450166702 104.7364336997271 192.1913777887821 15.61146457493305 0 0 4.023306101560593 1.900680929422379 4.016092121601105 1.022986762225628 5.245811998844147 0.9238927513360977 61.53686282783747 2.820510990917683 0 18.14266389608383 177.5898164585233 19.60125175863504 190.6533028706908 0.4432154446840286 4.056109115481377 7.874490290880203 20.63604706525803 26.02178881317377 27.06227938830853 428.8013717234135 2869.737540058792 9.943132758140564 0.991335816681385 1.602659098803997 8.309118092060089 0 0 58.78285785019398 0.6269895732402802 115.3265985324979 109.1714959219098 143.0797255337238 45.96321357786655 2.931551411747932 0 5.550744324922562 0.2917822301387787
46.67588294297457 34.80753166228533 2191.794813349843 10.49250701069832 0.81440819054842 273.4240501970053 3105.236284948885 3129.628110416234 4.784257337450981 492.6303554996848 45.49722731113434 3.220435075461864 12.03177987784147 424.546345949173 0.3514164090156555 29.14735230058432 9072.165303334594 83.71840185672045 597.5140941888094 3.230491660535336 199.5389644876122 14.21095903962851 9303.606224708259 221.5968739166856 5.634607687592506 8422.223978176713 4770.676039755344 1036.835202284157 73.989816211164 867.685404509306 6.902694128453732 4.386386349797249 8.59471221268177 1447.497820794582 48.22020487487316 2095.199021920562 3282.442673720419 2665.99548497051 1467.411277763546 78.44847963750362 5.110784441232681 6.311238795518875 13.20851843059063 1.246681548655033 109.7345844879746 1405.627973414958 0.3754586800932884 0 0.1169860363006592 20.84003458917141 6.192188553512096 1.242919743061066 1.430298171937466 9.975622922182083 0.102350726723671 0.7613247931003571 9.234457619488239 0 44.4411679059267 348.389325208962 17.00317118316889 63.64690443128347 0 16.95625928044319 30.20459215342999 288.007814347744 38.29881103336811 0.7104938328266144 289.5352961868048 2369.783899016678 22.52256160974503 1.630645766854286 7.613297641277313 0.6004333794116974 0 0.8328351303935051 112.5490647181869 35.26721139997244 241.7620128914714 97.98821491003036 337.1219287514687 89.70960713177919 6.201425179839134 1.116678759455681 0.9502807408571243 1.324455440044403
3.598403282463551 1.187636107206345 10.49250701069832 1148.514185398817 15.44216154515743 82.08939658850431 16.59335318207741 55.44912103563547 1138.560500249267 4975.050079122186 10.82153262197971 2668.980262361467 5.921533487737179 48.32076684385538 126.456865593791 0 0.930315837264061 1.273031018674374 0.8921209648251534 2098.045790247619 3.936123006045818 0.2647352442145348 3.258503019809723 1276.682638429105 0 2.738560669124126 11.24961391836405 3463.327765196562 181.5071498975158 2.155696555972099 0.5986798033118248 4.653275556862354 9.450080439448357 62.08855839818716 14.39685016870499 543.5433347821236 15.89231191575527 227.1191743612289 93.92984407395124 561.5456942021847 15.99063491821289 2.551262751221657 7.880236119031906 0.1887314915657043 1.46658556163311 0.6580992937088013 372.0940451472998 1.807911247014999 17.68592946231365 138.1809497177601 36.0350035354495 286.3368119448423 406.8612146228552 7.980846554040909 325.5645225197077 8.512333542108536 23.30855154246092 19.25523842871189 0 0.1059120148420334 0.9343195110559464 0 521.8681126087904 0.1002647206187248 3.333233296871185 1.09208457171917 446.0967468172312 0 1.825689114630222 3.047707460820675 494.2290887981653 14.59981615096331 4.371408388018608 0 4.783941522240639 1.160104095935822 13.26819888502359 1.880393862724304 44.76977647840977 0.6936394274234772 56.39167613536119 10.22247451543808 170.8570192456245 12.88962887227535 0 0.6096282601356506
1.130574613809586 2.625932216644287 0.81440819054842 15.44216154515743 29.60704850405455 1164.959194637835 4.080938629806042 261.8891259506345 246.027418076992 21.42248159646988 3.423835068941116 386.1439768001437 1.9291155859828 20.05148400366306 1870.544116906822 0 1.188768811523914 0.7121105492115021 0.9466264471411705 60.19672313332558 0 9.353110522031784 0.992881566286087 91.34233762323856 3.451748080551624 0.7133301049470901 4.909232065081596 13.49669715762138 78.1379125341773 0 0.1670062243938446 69.03439944982529 0.3268335685133934 12.60034218430519 0.1971285492181778 96.78743353486061 1.879291877150536 15.75230634957552 19.23145616054535 2726.645909518003 9.358831718564034 1.268944710493088 2.283408120274544 0 0 0 0 0 0.5536835491657257 0.4273270666599274 0.5802078247070312 1.551046535372734 0.8972418904304504 0.7316328138113022 0.7077398896217346 0 0 0 0 0 0 0 1.062575802206993 0 0 0 5.257573947310448 0 0.08437765389680862 0.5229163020849228 1.920420959591866 0.4654459357261658 0 0 0.6682764887809753 0 1.621829569339752 0.981005847454071 0.8441842198371887 0 0.5810004770755768 1.033019781112671 1.38371616601944 0.5950722098350525 0 0
8.602070704102516 0.6144887208938599 273.4240501970053 82.08939658850431 1164.959194637835 9970.195027157664 2916.020987890661 11332.85496369749 162.2173831388354 7938.84193123877 163.7728276997805 7795.208082288504 43.41982808709145 283.8086914569139 3224.644393138587 0.2450692653656006 69.26414365321398 19.43898332864046 12.65404886007309 623.6793174222112 54.15888197720051 1.81281366199255 58.65325020998716 902.1623578518629 7.019989930093288 70.5131331756711 29.15157423168421 1355.539227373898 638.1720876246691 2.377956539392471 7.105350390076637 670.2023769691586 5.697078309953213 326.210040435195 13.47298611700535 496.6969734579325 24.59130546450615 341.693246036768 82.02541491389275 3517.815239116549 214.090182967484 13.33526320010424 8.858761340379715 1.113358713686466 1.381748363375664 6.188956424593925 66.00005984306335 0 8.4617610424757 161.0753189995885 62.15046959370375 87.35609459131956 160.6223134249449 9.781674019992352 67.26858511567116 5.864869095385075 26.70893448591232 4.792127564549446 1.802200376987457 2.836493782699108 2.958790726959705 1.59784160554409 109.6660370975733 0.1378687024116516 2.792123109102249 1.891315132379532 309.8252176716924 0.3891478404402733 4.530318446457386 16.52949240058661 315.3606352433562 27.97696865350008 6.71602475643158 0.7670856788754463 5.431845359504223 2.786426596343517 23.88562056422234 0 39.40080820769072 0.7980192899703979 53.54600652307272 11.536695510149 38.20406778156757 13.39964859187603 1.231177911162376 0.7037773132324219
1725.209322907031 2.555860355496407 3105.236284948885 16.59335318207741 4.080938629806042 2916.020987890661 13011.39159616828 8544.324029102921 191.0808367207646 8395.585234671831 33.4695490449667 12.63347694277763 8.102031998336315 5835.034099206328 4.884310461580753 18.69024492055178 682.1954119578004 25.54329033195972 125.8271901682019 7.637054242193699 2049.578183300793 15.63724491745234 2768.458898641169 1440.073780328035 12.43041250854731 333.947287991643 219.799615457654 21049.52851939201 1419.729010820389 4001.381260067225 1.39042767137289 12.31898130476475 91.60290969163179 242.6568047702312 30.17311012744904 472.1757593601942 102.6112036779523 545.6314132884145 192.1953880861402 25.6117624565959 17.52487257868052 1.433658674359322 4.157654389739037 1.585776805877686 5.817890524864197 30.6658833399415 18.81169140338898 0.1072471812367439 2.913886606693268 52.86968029290438 25.54674307256937 84.21759514510632 35.9904031381011 2.581639222800732 11.6554632037878 0.7651915997266769 27.16579896211624 1.676985546946526 14.00349569320679 9.76945049315691 1.297015979886055 4.624999664723873 14.98747675120831 10.67861159145832 3.527560248970985 26.98035631328821 281.34243889153 0 10.18506231158972 74.00480975955725 182.4851056709886 56.4732816144824 52.9782917201519 0.8384579122066498 4.186431258916855 9.734617866575718 31.17407174408436 1.377344653010368 124.7936428636312 3.634543426334858 85.7467088997364 40.06302945315838 24.37074519693851 17.34275845438242 3.004776477813721 3.40222967416048
334.9926148727536 2.79429230093956 3129.628110416234 55.44912103563547 261.8891259506345 11332.85496369749 8544.324029102921 18287.09350121021 510.6079880967736 4058.596610732377 336.1736060902476 1431.646623127162 51.80533158779144 6294.886619865894 242.4225525707006 3.078670635819435 1543.377525165677 186.6344593912363 523.942312143743 401.7708036527038 395.2467857077718 5.759002834558487 1547.607093848288 2536.747121229768 3.725264713168144 1169.170902237296 126.0392773225904 1000.026996128261 888.9777209237218 190.9987834990025 8.403165027499199 850.8919093236327 8.021387122571468 581.7264789640903 10.23632679879665 537.1180715709925 233.0471891984344 427.4097290337086 113.9625760763884 1292.685779973865 232.8130742162466 21.18053016811609 9.9586121737957 6.20925261080265 6.86441221088171 41.49005782604218 97.48182336986065 1.049256131052971 15.00686956942081 420.7279406040907 159.0849808827043 213.5844737365842 232.6645032465458 23.2076049670577 66.22175523638725 8.204020917415619 90.4407624900341 7.992028973996639 3.599856168031693 17.14805323630571 6.998421028256416 7.98132361471653 104.690633803606 3.079914949834347 3.880739130079746 7.792217575013638 669.4112213999033 0.8313655406236649 25.99675649404526 87.28627605736256 575.416757248342 90.31500654667616 31.5942964553833 1.889726206660271 18.57240931689739 6.374884150922298 80.81615831702948 1.903786808252335 108.9373904839158 7.744003184139729 185.2219693809748 40.69513885676861 87.05436793714762 38.52471917122602 2.959040179848671 3.764864653348923
12.86387640237808 771.74450956285 4.784257337450981 1138.560500249267 246.027418076992 162.2173831388354 191.0808367207646 510.6079880967736 535.2468941286206 214.1584867909551 63.73317646980286 393.1913701742887 126.958435498178 82.10587702691555 783.4098469763994 100.6793244257569 2.019387505948544 8.048504076898098 8.575397670269012 851.3671667948365 84.84823965281248 3501.289712071419 20.8122768253088 6565.950941435993 410.5862340852618 22.61226574331522 627.2023415416479 941.9135014787316 203.4759120419621 221.2453478053212 19.78743325918913 14.30503261834383 24.4493521079421 108.0474175065756 5.895605772733688 533.3694534376264 51.2485309317708 246.6850523799658 48.02549573034048 703.6128082424402 29.69719024002552 6.960867747664452 3.400938183069229 7.334434650838375 4.511611647903919 4.184901922941208 364.6279069557786 1.482176631689072 28.75669456273317 272.8665816709399 136.1006646677852 423.5705475509167 231.8008626922965 15.34429171681404 183.9146531820297 9.762681975960732 52.34661077708006 32.56529819965363 259.6083915531635 2.956908851861954 5.187660567462444 2.38612012565136 278.5502893328667 202.7865046858788 25.07371607422829 21.5877548456192 2369.942000851035 2.31580413877964 9.101498268544674 31.7714654430747 897.0074672847986 117.5421645492315 203.3006201833487 2.421422034502029 8.793558605015278 18.12610287219286 65.6076832190156 3.977724879980087 209.7340141534805 22.75334751605988 148.316789790988 50.74651466310024 311.63652767241 29.83477683365345 3.32698193192482 3.649737246334553
30.18300394713879 0.9813382402062416 492.6303554996848 4975.050079122186 21.42248159646988 7938.84193123877 8395.585234671831 4058.596610732377 214.1584867909551 20884.36514878273 244.3452898561954 3196.895445585251 57.35083163529634 958.0761044770479 48.99664775282145 1.405789621174335 56.01205336302519 46.65690996497869 14.25395355373621 2725.907006546855 137.0505384430289 0.1995124369859695 140.3120152130723 640.3777084723115 23.7083443775773 96.45609851181507 36.4319709315896 6348.713311508298 1499.379678227007 3.993468277156353 14.16233117133379 71.41353786736727 8.485380657017231 670.3737655803561 73.12734933942556 1853.013776242733 60.02050826698542 2189.392439998686 412.021669536829 288.7906326800585 191.1297452896833 11.93506472557783 41.25366901606321 2.569776013493538 0.6301092281937599 8.230893827974796 287.4761070534587 0.8212438374757767 17.82413467019796 205.2911119237542 90.16625598818064 159.8169485107064 497.8829578980803 12.20289727300406 226.1607969999313 26.35356679558754 47.17342400550842 10.20137014985085 1.360789373517036 1.792416162788868 1.909805603325367 0.831382192671299 438.0615978166461 1.478230834007263 1.665538430213928 1.922413371503353 484.32429163903 1.354447476565838 6.392400562763214 15.13935447484255 580.8237679675221 35.61988893151283 6.972997829318047 1.997309558093548 7.487297624349594 1.995466828346252 39.08229172974825 3.793383330106735 62.83964848518372 3.435183890163898 95.81503186374903 17.72173441201448 93.77785459160805 18.05543574690819 8.88121286034584 2.335633277893066
39.46699074655771 198.617311000824 45.49722731113434 10.82153262197971 3.423835068941116 163.7728276997805 33.4695490449667 336.1736060902476 63.73317646980286 244.3452898561954 10909.6501230225 160.9027548730373 1991.646614871919 295.0398716330528 2.908260025084019 2.990893170237541 132.0491834506392 4659.217655137181 557.7926198989153 59.84229619801044 37.42804180085659 60.09613398462534 77.93191036581993 157.8441825136542 815.453179910779 3050.304169312119 971.2484119087458 72.47876539826393 777.5615390613675 35.00848231464624 953.3930075839162 115.3227300643921 34.40679715573788 9300.302447296679 14.92212498188019 544.1577352657914 3666.458650954068 7158.26552311331 852.4652338027954 90.47366930544376 42.82813235372305 709.2135646790266 9.650136090815067 0.1199678331613541 33.24926269054413 2.787405103445053 1.98491420596838 0 0.4090025424957275 20.42672996222973 7.198340177536011 11.31568764150143 3.444893181324005 98.06699055433273 1.902624100446701 873.3490926027298 4.802826076745987 0.386275589466095 0.8964742422103882 5.761617138981819 71.29931040108204 29.53424389660358 1.888564720749855 1.067770205438137 2.783303216099739 1.053441345691681 46.87147971242666 163.6738000959158 297.3004805073142 406.9831421896815 30.68121834099293 6.492499381303787 3.095881730318069 136.6029427051544 0.9175772666931152 0.106535293161869 11.84659812599421 8.678067415952682 26.67014803737402 185.8955766186118 49.12918476015329 12.28646872192621 4.865738034248352 1.442069470882416 131.0119941830635 0.8704518675804138
2.723095998167992 6.422568008303642 3.220435075461864 2668.980262361467 386.1439768001437 7795.208082288504 12.63347694277763 1431.646623127162 393.1913701742887 3196.895445585251 160.9027548730373 6356.11428360641 43.98343303799629 161.7515175491571 2162.485281690955 0 2.895818457007408 25.42931691557169 5.055078998208046 3728.093663305044 0.2083173245191574 13.89188491553068 2.673209793865681 556.109236985445 24.97546123713255 21.44159631431103 21.46370280534029 391.4783417135477 411.73811314255 0.8121195435523987 8.181529320776463 61.4656178355217 0.2148073762655258 265.6728071495891 7.184351719915867 528.6091642528772 13.35482905805111 503.2989605888724 44.62086822092533 3831.783478431404 84.68811449408531 16.26025822758675 2.78794302046299 0.3398779034614563 0.3811101540923119 0 147.0901282280684 3.069765225052834 21.88460948318243 23.24931629747152 9.202229276299477 71.30590241402388 160.8667723983526 6.685909301042557 304.994259044528 21.38910319656134 1.477326691150665 53.42667062580585 0 0.1103850081562996 0.2333933785557747 0.4613359048962593 282.3730005174875 0 0.2637798488140106 0.327731229364872 132.3964034691453 0.3592133820056915 1.796787463128567 3.512976191937923 135.1711618974805 3.226545870304108 1.362953901290894 0.6091577559709549 2.213419996201992 0.5882137417793274 5.442070782184601 0.7637250125408173 23.69636054337025 2.270781934261322 19.79945334047079 3.547301523387432 221.2439044415951 7.454521477222443 4.917080074548721 1.676714062690735
0.2838700264692307 1175.752502180636 12.03177987784147 5.921533487737179 1.9291155859828 43.41982808709145 8.102031998336315 51.80533158779144 126.958435498178 57.35083163529634 1991.646614871919 43.98343303799629 2432.357717588544 14.68238161504269 8.073386132717133 3.732534669339657 4.420150645077229 77.35810568183661 19.05162451416254 43.2541508898139 6.031314760446548 280.2342266142368 24.65568559616804 211.1053306236863 5140.761766932905 499.3918533027172 3938.543367877603 17.76602776348591 43.03940729796886 15.92487859725952 1390.102065213025 23.75910667330027 0 1242.64562882483 151.7370209097862 3590.545288205147 5408.389229148626 6309.626808956265 1827.680780954659 295.1254780516028 169.041301086545 1451.573806762695 22.79972462356091 0 83.24786512553692 1.291143804788589 1.713128082454205 0.1171268448233604 0 12.17234453558922 1.473373882472515 6.073971107602119 0.601430669426918 340.5438839942217 0.1012585610151291 4294.156470663846 2.99886167049408 0 0.3524341434240341 1.64678829908371 64.11972411721945 7.384200103580952 4.029369562864304 0.555681586265564 8.171301819384098 0.7114167958498001 15.60564529895782 939.5253754928708 288.484829120338 516.7990223690867 8.318584427237511 1.658356010913849 1.009382665157318 400.0426832512021 0.9071238487958908 0 30.66343823820353 95.45100376009941 490.8053288906813 654.3155637681484 133.7444875240326 31.13056021928787 72.04240007698536 3.603838980197906 712.8337597101927 0
4669.746725082397 0.6157681345939636 424.546345949173 48.32076684385538 20.05148400366306 283.8086914569139 5835.034099206328 6294.886619865894 82.10587702691555 958.0761044770479 295.0398716330528 161.7515175491571 14.68238161504269 8645.228876046836 2.699717320501804 1.660528346896172 1205.919705361128 142.203066803515 424.0812074169517 78.21733242273331 69.12508637458086 3.418930798768997 805.6002443805337 598.4769263789058 3.514437288045883 429.4897603392601 70.24286396801472 508.1485335454345 6156.958820216358 727.6790219694376 9.204177923500538 459.683482222259 7.098941378295422 857.2454565837979 1.085238009691238 165.5982660576701 49.2230716869235 423.9078144654632 16.16258040815592 75.78474275767803 50.52254696935415 1.698313236236572 0.6358460783958435 0.7990445047616959 0.6503218114376068 3.688085220754147 7.01292559504509 0.1276952177286148 0.5495081469416618 43.96398840099573 17.13480699807405 19.95823453366756 8.098072804510593 2.787725567817688 1.445786446332932 4.858987428247929 9.556628242135048 0.3461673855781555 1.426088713109493 2.364721730351448 1.487876191735268 3.519765220582485 3.761627659201622 1.954275913536549 0.1910642310976982 2.073457784950733 78.73365343362093 0.9270870238542557 7.677550107240677 17.00120238214731 60.41439417004585 15.91214632242918 11.93402605503798 1.1777149066329 1.070078924298286 2.419980548322201 9.647650308907032 0.7349366098642349 26.05497878789902 2.331270292401314 23.99425887316465 7.763307966291904 13.38097225874662 8.513265572488308 0.3105403780937195 0
0.2353095263242722 15.55354650318623 0.3514164090156555 126.456865593791 1870.544116906822 3224.644393138587 4.884310461580753 242.4225525707006 783.4098469763994 48.99664775282145 2.908260025084019 2162.485281690955 8.073386132717133 2.699717320501804 361.1890112161636 0.147842064499855 0.09167888015508652 0.4991222694516182 0.586457721889019 397.2769452854991 0.2910431325435638 60.51699508726597 0.2744359374046326 965.5393874496222 17.06257752329111 0.8814763799309731 23.35054407268763 65.48363961279392 4.540369540452957 1.804004840552807 0.5629003047943115 59.17365334182978 0.8390223011374474 4.866236664354801 0 28.34158550202847 0.4007976353168488 6.225539825856686 0.4171190112829208 1183.601053476334 109.3929634541273 0 0 0 0.2637216448783875 0 1.79885670542717 0 0 0.4195814430713654 0 0.8476632237434387 0.3604396879673004 0 2.31704680621624 0.3768807798624039 0 1.601553678512573 0 0 0 0 2.601011425256729 0 0.1892489343881607 0 2.86342616379261 0 0.2094529718160629 0.6213394999504089 1.673553675413132 0.1100321635603905 0 0 0 0 0.4280592650175095 0 0.2475571855902672 0 1.706166356801987 0 2.194431066513062 0 0 0
1.227611601352692 116.2250586301088 29.14735230058432 0 0 0.2450692653656006 18.69024492055178 3.078670635819435 100.6793244257569 1.405789621174335 2.990893170237541 0 3.732534669339657 1.660528346896172 0.147842064499855 3302.421552814543 44.55645937472582 2.682301864027977 28.94600553065538 0 2423.086079888046 3135.265119060874 5794.537888497114 1453.132393091917 14.8275705575943 5.94625498354435 6600.168240763247 529.2208750844002 13.87889876961708 407.3462902754545 1.065006613731384 0 10.32930386811495 59.45325526595116 25.47885432094336 1110.085587836802 247.9775113165379 360.3870822489262 523.956148982048 17.80209700763226 5.274266213178635 0.8010922819375992 14.31210614740849 1.445194490253925 5.764057286083698 28.55277397483587 0 0 0.8041514828801155 9.821404404938221 2.04455004632473 13.67329712212086 1.940621517598629 4.131210133433342 0 0.3571725413203239 2.618903733789921 0 2616.326943710446 7.383667424321175 1.128180615603924 2.393860749900341 0.2996283769607544 631.385335251689 731.7332501932979 1308.883713580668 259.9075937345624 0.1668344736099243 5.764946796000004 341.8292235136032 174.6070210710168 21.69378653913736 298.0326239839196 0 0 8.579351916909218 52.5243446752429 8.299789488315582 255.3185573071241 94.22423891723156 103.8278641700745 140.7167013958097 3.375494256615639 2.463686637580395 0 1.978558585047722
480.7794937342405 71.10252864658833 9072.165303334594 0.930315837264061 1.188768811523914 69.26414365321398 682.1954119578004 1543.377525165677 2.019387505948544 56.01205336302519 132.0491834506392 2.895818457007408 4.420150645077229 1205.919705361128 0.09167888015508652 44.55645937472582 740.7313110679388 210.7959353253245 5287.42921756953 2.622855104506016 905.8003656938672 37.26095128059387 2162.881388410926 83.06552222371101 6.12653087079525 5686.54501671344 6753.506559170783 102.5410897433758 1248.442458882928 2378.382586427033 4.718909755349159 7.37717042863369 90.44939199835062 1102.526196248829 11.31238728761673 266.9256061539054 1566.93747446686 1090.106591895223 614.7731804251671 7.717322893440723 3.730058245360851 6.483987599611282 4.339817926287651 0.1970866620540619 78.94590533524752 201.0006394982338 0.8516381829977036 0 0.198006808757782 4.93219443410635 1.21390238404274 0.2227073684334755 0.1484861224889755 3.019596844911575 0 2.41628984361887 2.725286349654198 0 25.21702820807695 172.6012616306543 7.303852617740631 70.31822203844786 0 14.34442238509655 4.366063609719276 22.68578031659126 9.429204620420933 1.132080569863319 177.6804701760411 594.6329696178436 8.379787757992744 1.198216088116169 6.741156950592995 0.5482822805643082 0 0.18626569211483 43.11519892513752 8.047448202967644 61.92559133470058 51.76546146720648 95.08744927495718 13.49967883527279 1.492198571562767 0 0 0.1824126839637756
44.33109550923109 19.78062749654055 83.71840185672045 1.273031018674374 0.7121105492115021 19.43898332864046 25.54329033195972 186.6344593912363 8.048504076898098 46.65690996497869 4659.217655137181 25.42931691557169 77.35810568183661 142.203066803515 0.4991222694516182 2.682301864027977 210.7959353253245 177.6257958561182 1173.223300971091 9.184246897697449 32.07856702059507 9.114288717508316 76.82396136969328 29.11161353439093 92.01818208396435 3919.242762282491 1145.905677065253 15.58061055839062 275.8035203740001 50.41877160966396 214.8254590779543 8.66755998134613 24.19931852072477 1961.848509423435 14.15920952707529 528.9348926097155 1554.95071990788 3111.217918641865 779.4851246699691 11.55765745043755 0.7316073104739189 35.60523413866758 5.386413961648941 0.5157487615942955 23.54272712767124 1.945235900580883 0.2686975300312042 0 0.08931037783622742 1.651754602789879 0.9078401327133179 1.648503288626671 0.1167603880167007 26.2629621475935 0.9461873695254326 212.4972445219755 0.5775409415364265 0 0.7792652249336243 7.216447368264198 79.45820089429617 46.55046728253365 0.1371527314186096 0.8497475311160088 1.751088976860046 0.8992245644330978 8.114137351512909 158.2071242183447 359.2482163086534 604.798632748425 3.706541262567043 1.497322902083397 0.2088236212730408 72.62906170636415 0 0 10.45285970717669 1.360509544610977 14.65421374887228 76.54459962248802 36.07026917487383 12.81115165352821 2.879270300269127 0.5607588589191437 1.982005909085274 0
192.462095938623 155.0534206107259 597.5140941888094 0.8921209648251534 0.9466264471411705 12.65404886007309 125.8271901682019 523.942312143743 8.575397670269012 14.25395355373621 557.7926198989153 5.055078998208046 19.05162451416254 424.0812074169517 0.586457721889019 28.94600553065538 5287.42921756953 1173.223300971091 3234.736389100552 1.305642887949944 404.4044691100717 35.81962556391954 961.3082905486226 38.05980249494314 91.27519047260284 3843.800681576133 3440.692782834172 30.24617997556925 825.6612428948283 865.000730343163 35.97794570028782 3.649109542369843 83.5166227966547 1903.466280996799 9.466792859137058 542.6277382820845 2649.167771913111 1880.409159988165 678.688271343708 8.432101242244244 1.339733466506004 9.961508616805077 1.397168695926666 0 162.5920742601156 24.85906468331814 0.2282024547457695 0 0.3214254975318909 2.482679732143879 1.483938165009022 1.735945329070091 0.3158633783459663 8.103219985961914 0.2971614226698875 56.0598996207118 3.179822862148285 0 13.98206193745136 140.1847567483783 118.2280605137348 652.4346304833889 0.2416409403085709 9.6179094389081 6.870713733136654 8.64605912566185 10.37537265568972 78.34612515568733 1124.071670211852 1524.417703315616 5.007825314998627 1.073902733623981 8.763605579733849 19.32024002820253 0.176003098487854 0 71.27667820453644 0.777411624789238 94.20356300473213 256.6199950873852 192.6834191530943 56.96121374517679 0.8424079194664955 0.3895875513553619 1.993640542030334 0
2.015131644904613 0.3701486140489578 3.230491660535336 2098.045790247619 60.19672313332558 623.6793174222112 7.637054242193699 401.7708036527038 851.3671667948365 2725.907006546855 59.84229619801044 3728.093663305044 43.2541508898139 78.21733242273331 397.2769452854991 0 2.622855104506016 9.184246897697449 1.305642887949944 261.6414592117071 1.208068318665028 0.7033295482397079 1.648993164300919 421.927870310843 56.35771813243628 7.039915643632412 5.848698124289513 1932.097859121859 208.0481341183186 0.6788224130868912 3.425191707909107 21.43749148398638 1.134258463978767 105.2821320146322 7.960724100470543 512.2156674191356 8.880562730133533 309.4810380935669 62.08102645725012 1552.895236134529 37.20618744194508 0.9230020120739937 5.523442439734936 0.934717983007431 0.1208479031920433 0 354.6519185379148 5.479919224977493 23.66600514948368 159.0858744680882 49.01950490474701 180.0267461910844 441.863904312253 10.17801862955093 394.1821012496948 19.84582360088825 34.26512581110001 40.51141045987606 2.226776152849197 0.1118958070874214 1.214613452553749 0.09920995682477951 512.9770044386387 0.9138733744621277 1.431643560528755 0 414.7665148824453 0.2336099073290825 1.909635618329048 3.563010446727276 460.7080675512552 17.49121576547623 3.225614115595818 1.630780763924122 4.498276151716709 0.9636946320533752 19.94539056718349 1.003419637680054 54.07878576219082 0.1200995817780495 71.52041801065207 16.37467597424984 220.1964466273785 11.31171925365925 0.5301849618554115 0
49.99336211383343 9.103864766657352 199.5389644876122 3.936123006045818 0 54.15888197720051 2049.578183300793 395.2467857077718 84.84823965281248 137.0505384430289 37.42804180085659 0.2083173245191574 6.031314760446548 69.12508637458086 0.2910431325435638 2423.086079888046 905.8003656938672 32.07856702059507 404.4044691100717 1.208068318665028 10328.73011855036 1368.539132423699 9850.552793331444 1964.723326444626 1.709754772484303 21.16935341060162 517.9238296076655 9423.762030854821 333.1832381337881 11505.08804598451 0.7070101350545883 0.238691933453083 87.19474045187235 4059.406272880733 135.6035317927599 3970.367189288139 724.9800824299455 4605.325910076499 2825.258500821888 49.70208787173033 19.77294227480888 2.707012012600899 40.18479979038239 2.482115246355534 0.9103345423936844 12.94244305044413 0 0 0.7692452222108841 13.64590977877378 3.058828100562096 13.9971010684967 3.363327920436859 1.9758275821805 0.3168745338916779 0.4363391399383545 8.228821210563183 0.1145913004875183 941.6321172341704 7.682400621473789 0.5462409108877182 2.541806563735008 1.373265981674194 867.0597166866064 183.7062515616417 424.1817754879594 321.9604415670037 0 5.823425486683846 52.42484409362078 295.8999211862683 42.3100221157074 513.3157133832574 0 0.9828286021947861 14.20289404690266 63.71092711389065 21.9315627515316 248.5833676755428 78.02615257352591 99.03079655766487 97.54689521342516 8.456311084330082 5.324260890483856 0.1698415279388428 2.406331606209278
2.018916174769402 2491.093773148954 14.21095903962851 0.2647352442145348 9.353110522031784 1.81281366199255 15.63724491745234 5.759002834558487 3501.289712071419 0.1995124369859695 60.09613398462534 13.89188491553068 280.2342266142368 3.418930798768997 60.51699508726597 3135.265119060874 37.26095128059387 9.114288717508316 35.81962556391954 0.7033295482397079 1368.539132423699 1268.074415609241 588.3684322908521 6134.881554253399 782.6148512065411 29.54664199799299 3217.508244894445 77.44983643293381 54.83318189531565 1064.747614018619 16.46499944478273 0 15.52201056480408 63.97508212924004 19.23559786379337 1244.295617640018 199.1894894763827 150.3354565501213 193.3884776905179 188.9193625152111 1.294127136468887 9.87289971113205 6.664595887064934 0.1084354817867279 7.166321948170662 79.14399452507496 42.79559414088726 0 0.7188690751791 3.410150535404682 3.262573100626469 19.76437597721815 2.733787953853607 1.753076411783695 0.2057627439498901 12.07235215604305 0.6168024390935898 0 1872.282110281289 7.394885331392288 0.941973403096199 3.754757091403008 3.056376561522484 257.357824280858 52.13658381253481 459.2513511776924 126.3421809598804 2.16048938035965 11.39119888097048 1661.85127069056 50.36156620830297 2.130384229123592 116.1907337233424 3.096436262130737 0.08166415989398956 1.859456710517406 20.31076215207577 2.863789260387421 105.8030027747154 46.87814531475306 53.49158289283514 54.65241143852472 4.550847619771957 0.7311842441558838 0.2941002994775772 1.03028130531311
195.2439152151346 10.40097972005606 9303.606224708259 3.258503019809723 0.992881566286087 58.65325020998716 2768.458898641169 1547.607093848288 20.8122768253088 140.3120152130723 77.93191036581993 2.673209793865681 24.65568559616804 805.6002443805337 0.2744359374046326 5794.537888497114 2162.881388410926 76.82396136969328 961.3082905486226 1.648993164300919 9850.552793331444 588.3684322908521 14800.09031320363 965.6502904519439 9.619709476828575 1296.653281614184 6063.110424429178 3078.813385330141 337.4995896220207 7772.165040105581 2.271509319543839 3.873507246375084 35.33353183418512 3609.745522461832 227.2645800486207 7918.689900770783 5524.309457533062 11836.60841054469 9651.639351606369 355.656874448061 79.37537674605846 17.96764581650496 105.1185723692179 0.3494419157505035 7.780808955430984 398.5238316953182 1.996257893741131 0 0.123820073902607 11.61549177765846 4.661284253001213 3.458245702087879 0.514007180929184 2.903087198734283 0 0.7473002523183823 3.891724169254303 0 2466.210564002395 34.08883246779442 2.978130534291267 6.519946277141571 0.1010450646281242 494.443013176322 352.8054123297334 2237.887814462185 117.2884179055691 0.2573532611131668 20.23391711711884 1409.785662308335 91.39298889040947 10.80220793932676 203.1228497624397 0.3036111146211624 0 2.659056574106216 72.87893902510405 72.48730710893869 348.537078872323 137.3746569603682 256.831123739481 248.9040808305144 10.74573083221912 1.880610771477222 0.3869898021221161 3.358402937650681
282.650994040072 1708.823945440352 221.5968739166856 1276.682638429105 91.34233762323856 902.1623578518629 1440.073780328035 2536.747121229768 6565.950941435993 640.3777084723115 157.8441825136542 556.109236985445 211.1053306236863 598.4769263789058 965.5393874496222 1453.132393091917 83.06552222371101 29.11161353439093 38.05980249494314 421.927870310843 1964.723326444626 6134.881554253399 965.6502904519439 9480.766214650124 693.9207705408335 76.35769007354975 5209.981773287058 6382.251499097794 2515.613496772945 1903.334258802235 30.2461139857769 30.68013564497232 506.9066818505526 691.5609652101994 131.6318698823452 3666.187064804137 353.238759085536 1846.489233218133 742.0394270792603 1423.667530491948 81.42022909969091 19.04562205076218 28.33640421926975 16.75172434002161 30.42156215757132 44.97250781953335 413.2103677019477 4.79451310634613 49.28255973756313 431.3021959736943 192.7193869277835 1212.686707295477 341.2667116299272 34.93073529750109 223.6887691468 20.50402325391769 143.9688125997782 34.03333423286676 182.5868661925197 18.39333479106426 15.19492419064045 10.39164227247238 354.4343103319407 176.0391439497471 97.18380334228277 95.25970401614904 2376.527214713395 4.944251574575901 35.64250382035971 310.815500177443 1359.036759361625 278.3540417402983 287.8959956094623 6.919155292212963 22.43710406124592 38.17451474070549 165.872439943254 14.65266954898834 417.2226485162973 27.96719826757908 349.1819710209966 126.1583067327738 318.6469868719578 63.55268002301455 7.501695603132248 6.090641885995865
0.1346483677625656 2108.427570238709 5.634607687592506 0 3.451748080551624 7.019989930093288 12.43041250854731 3.725264713168144 410.5862340852618 23.7083443775773 815.453179910779 24.97546123713255 5140.761766932905 3.514437288045883 17.06257752329111 14.8275705575943 6.12653087079525 92.01818208396435 91.27519047260284 56.35771813243628 1.709754772484303 782.6148512065411 9.619709476828575 693.9207705408335 410.3942425474524 623.4392560347915 3989.70795917511 17.34603361040354 3.777657955884933 14.68514417111874 485.0143557488918 2.721983715891838 0.4022480845451355 178.8450705111027 4.89297191798687 801.5408402234316 1236.440369285643 817.9070360213518 200.0613193660975 173.8770637512207 40.59827573597431 787.6031842529774 6.423583477735519 0.1179839074611664 59.74630789458752 4.354576081037521 8.303728327155113 0 0.1134374216198921 9.005617693066597 1.831955373287201 3.504708640277386 13.15121251344681 121.1445227637887 3.92416250705719 1088.674946092069 6.528949737548828 0.1132828667759895 0.1732323318719864 5.485880628228188 53.64504314959049 35.29847338050604 5.166075557470322 0.2345369905233383 3.135875344276428 0.3753167614340782 8.305598840117455 257.8747802078724 356.1277492418885 930.2372899278998 15.59902735054493 2.101019732654095 0 91.84113655239344 0.2847222238779068 3.093309640884399 29.90931582450867 10.83221021294594 435.8910866901278 142.7316012009978 113.2709130942822 23.47259383648634 131.7657436877489 3.195903062820435 45.36536508798599 0
114.8568223938346 335.53302808851 8422.223978176713 2.738560669124126 0.7133301049470901 70.5131331756711 333.947287991643 1169.170902237296 22.61226574331522 96.45609851181507 3050.304169312119 21.44159631431103 499.3918533027172 429.4897603392601 0.8814763799309731 5.94625498354435 5686.54501671344 3919.242762282491 3843.800681576133 7.039915643632412 21.16935341060162 29.54664199799299 1296.653281614184 76.35769007354975 623.4392560347915 39627.02483956516 18020.29859199375 45.29907141625881 298.6242983266711 118.1818615570664 938.7285071834922 8.094412319362164 18.04563576728106 1692.410206489265 26.46805887669325 1382.743322327733 5143.388426199555 4672.975112594664 1453.245835855603 24.7297840565443 1.721283756196499 87.83306947350502 5.142887055873871 0.4580802544951439 375.0316781774163 77.08618827909231 0.5597369968891144 0 0.2936757951974869 9.853612989187241 2.992248088121414 4.991328597068787 1.7005610242486 125.8163311257958 0.6072333976626396 961.5880873352289 7.75095035135746 0 14.13983073830605 504.6966623216867 284.235936909914 862.802020676434 0.1256790161132812 3.077839836478233 9.822459943592548 7.018736757338047 26.92453348636627 876.242374278605 2254.117665983737 4000.606215365231 11.36820911616087 2.907269760966301 3.499025627970695 248.7785358726978 0.2652643620967865 0 166.046846807003 10.95044334232807 211.864695802331 601.5732118189335 461.1316099613905 123.7540671303868 3.996933214366436 0.3255344033241272 8.104015171527863 0.4650732725858688
18.21909503638744 4612.059442006052 4770.676039755344 11.24961391836405 4.909232065081596 29.15157423168421 219.799615457654 126.0392773225904 627.2023415416479 36.4319709315896 971.2484119087458 21.46370280534029 3938.543367877603 70.24286396801472 23.35054407268763 6600.168240763247 6753.506559170783 1145.905677065253 3440.692782834172 5.848698124289513 517.9238296076655 3217.508244894445 6063.110424429178 5209.981773287058 3989.70795917511 18020.29859199375 35558.80586340278 1169.137721203268 108.5833923816681 169.1563516333699 2390.696404144168 3.185516566038132 9.363272480666637 3477.727537147701 120.7638858407736 4922.418100304902 7979.657745361328 8328.915017366409 3915.184589795768 203.5238683149219 14.62820107489824 62.38079008460045 32.82383304834366 2.722177892923355 3002.958815202117 3241.408761493862 31.54223311692476 0 0.7464178577065468 68.54332603514194 20.16743610054255 16.73959313333035 5.644804023206234 159.8582996353507 2.600259855389595 1265.739870816469 32.76766107231379 0.1857980787754059 1950.164079785347 1570.300261385739 422.3404632657766 1614.420959547162 2.776111006736755 130.4443040564656 1108.952067688107 2161.695081964135 184.2137422710657 1275.652166731656 4038.495195843279 18498.54655750096 102.061034463346 8.349231921136379 45.75292547047138 330.5621626451612 0.357442669570446 3.486053004860878 543.8044839128852 65.07342335581779 1112.739283666015 1186.851434707642 1560.750428900123 597.0954962596297 22.86789295822382 2.640062645077705 17.45063705742359 8.592110976576805
