1191.040995560586 0 49.53007442504168 1.299568653106689 0 4.263002425432205 1027.46400603652 132.7643905207515 5.858201451599598 16.20318847149611 14.00252205878496 0.3198905065655708 1.634183309972286 3803.089194193482 0 1.91211810708046 265.2123701348901 12.00674590468407 99.96730315685272 0.2714718133211136 16.36879970878363 0 30.36124414205551 17.89456844329834 0 92.00415239483118 20.19992370158434 64.53551245480776 3650.732239462435 3766.040282137692 5.86668948084116 0.262283556163311 23.3055844604969 167.7844420745969 0 63.75267004966736 17.31598316133022 55.14557911455631 22.343067266047 5.800095081329346 0.4606865644454956 3.32386589050293 0.6057421267032623 0 0 0 0 0 0 1.633682385087013 0.8435450941324234 0.9579771012067795 0 0.1147442013025284 0 0 0.5188094899058342 0 3.182046413421631 0.3489010632038116 0 0 0 6.751903884112835 1.002291440963745 1.327550530433655 10.27636732161045 0 0.2204661220312119 0.8542741239070892 7.421213008463383 1.307030618190765 0.4967696666717529 0 0 0 0.1155263558030128 0 5.356176629662514 0 1.700878173112869 0.3483671918511391 0.9592542350292206 0 0 0
0 316.4696429818869 6.834541276097298 0.9278938919305801 0.6098073646426201 0.9969118535518646 12.91682314127684 0.6203379780054092 864.2290011495352 1.072213158011436 180.7224157601595 7.290649749338627 850.9021524637938 2.246870562434196 10.24139036983252 156.9499100297689 37.9799805060029 5.37162297219038 78.171003036201 0.2084541022777557 7.703871011734009 3029.93918402493 7.010920241475105 1700.490583717823 2141.288695573807 300.4893116876483 5904.615283504128 50.0609293654561 1.735278859734535 2.545906998217106 9.202684104442596 0.1121597215533257 0.4967600330710411 32.58493204414845 0.5228319317102432 58.17664700746536 664.0178711563349 91.21124535053968 32.41694661229849 11.62192982435226 0.3060669004917145 108.8609112501144 0 0 172.0582663267851 298.7186007499695 0.2638877034187317 0 0 1.22131972014904 0.455621212720871 2.244727849960327 0 4.410058706998825 0 18.2408984452486 0 0 9.220835134387016 30.82556902617216 5.406183056533337 70.64040882140398 0 0.2058927714824677 40.11449737846851 16.44211691617966 3.636557601392269 12.51738342642784 798.8760661482811 3683.615573994815 2.926048174500465 0.1085369363427162 0.9735099673271179 6.169313237071037 0 0 2.840500146150589 0 37.33818773925304 15.30563096702099 37.29999932646751 13.10332308709621 0.4450176656246185 0 1.301294654607773 0
49.53007442504168 6.834541276097298 3938.061800852418 0.7254877835512161 0.1116904020309448 183.8336457237601 1405.64967122674 948.1145261153579 2.371966883540154 34.01386018097401 10.38143952935934 0.3799648061394691 4.701547399163246 676.0657268390059 0.1253248453140259 8.537072241306305 2403.157854005694 6.300608560442924 33.95446355640888 0 2056.220806434751 6.469800293445587 7538.771248549223 10.77510775625706 0.1610246151685715 4687.656564973295 12723.81693913788 393.7876010835171 63.90094443410635 1386.969014957547 19.66031515598297 2.256241634488106 2.231729418039322 273.7747788056731 11.82195833325386 1617.710506170988 3182.008074112236 1095.59390707314 486.2278087288141 54.72480422258377 0.8743300884962082 1.257004931569099 9.300742648541927 0.7121254205703735 103.0872004628181 1836.595418706536 0.1468371450901031 0 0.7393516823649406 4.968565285205841 0.7961878478527069 0.1966634392738342 0 1.650610312819481 0 2.576207011938095 0.7393859103322029 0 46.41721348464489 66.71600957214832 1.678222879767418 24.05608746409416 0 6.53372086584568 13.99344597756863 108.3474208116531 19.09375458955765 2.439207389950752 543.5331752598286 3687.349122531712 8.772243149578571 0.6697536557912827 4.530969679355621 0.760490395128727 0 0.2927650809288025 5.336269125342369 0.306485116481781 49.25359357893467 11.72901828587055 29.83998327702284 29.02350389957428 0 0.5156121253967285 0 0.203329935669899
1.299568653106689 0.9278938919305801 0.7254877835512161 4711.745241679251 8.254649296402931 35.56974854320288 198.9947954416275 21.66248147189617 1278.247185640037 3673.721016459167 6.921528503298759 5029.669194541872 8.291304476559162 25.902099147439 76.69466376304626 0 0.3402450159192085 2.028094880282879 2.051198653876781 4880.249792076647 0.1006816104054451 1.785972319543362 0.1342331618070602 1667.70838573575 0.6697914525866508 2.928393051028252 4.207172341644764 4790.441926658154 69.89894000440836 4.905234821140766 1.055863253772259 1.169446520507336 2.931072242558002 30.55475184321404 0.3523436188697815 109.9384295940399 4.708710469305515 72.35412104427814 17.94432150572538 186.6086329594254 3.861418291926384 9.820086523890495 0.3395710587501526 0.2723879665136337 0 0.3245595842599869 342.9893873557448 0.6047433018684387 28.36762148141861 37.53451437503099 8.207625284790993 322.3327943906188 648.1321909427643 8.021989844739437 150.4800572991371 0.1052852421998978 9.602492488920689 1.600335903465748 0 0.2627848386764526 0.3555161356925964 0.3920826315879822 194.1203989386559 1.568026974797249 0 0.1635924279689789 276.3663600608706 0 0.6744197979569435 0.1244340538978577 513.0938009768724 11.15502021461725 2.289036363363266 0.1130026057362556 0.3320778161287308 0 12.11810290813446 0 109.9820662513375 0 56.34069823473692 5.618986211717129 176.231614343822 3.75566902756691 1.765621781349182 0
0 0.6098073646426201 0.1116904020309448 8.254649296402931 30.4291844367981 103.1792984157801 1.296821609139442 25.72707889974117 143.437838435173 4.572055958211422 3.211532406508923 101.0605897530913 3.637057185173035 1.273089252412319 651.8852849751711 0 0 0.3497320339083672 0.2533660605549812 8.650627188384533 0 2.143006183207035 0 31.73020086437464 0.3501959890127182 0 1.235218249261379 6.546808190643787 7.866275459527969 0.6877019852399826 0.1241622492671013 46.53236743062735 0 26.26387233287096 0 9.32166313380003 1.754294201731682 36.59041436761618 14.40523484349251 1208.07935718447 24.99317440390587 6.771794259548187 0 0 0 0 0 0 0 0 0 0.1193029284477234 0 0 0 0 0 0 0 0 0 0 0 0 0 0 0.4601867645978928 0 0 0 0.8255961537361145 0 0 0 0 0 0 0 0.2015350461006165 0 0 0 0.2593258768320084 0 0 0
4.263002425432205 0.9969118535518646 183.8336457237601 35.56974854320288 103.1792984157801 15285.23183742911 7442.333453051746 12157.09884475917 330.5138917937875 9027.139856562018 188.1159973815084 4502.078791029751 175.455462642014 824.4980821236968 1122.640711806715 0.646852433681488 86.3863340318203 70.39277233928442 106.0457956939936 165.4848198741674 61.79657818377018 0.6658310294151306 64.32248734682798 61.99610628932714 1.220664098858833 217.9353101924062 126.5384311676025 333.8005163148046 1165.767387405038 46.1708512455225 31.26101711392403 1023.365751191974 12.58630894124508 869.9767802879214 0.7637525796890259 666.7095723673701 69.300014346838 896.065330170095 189.5736134573817 2423.817203849554 463.9120608121157 36.16525948792696 7.072472929954529 0.7450579702854156 0 1.05512647330761 45.15054833889008 0 8.021435581147671 12.41643182933331 1.99023112654686 57.67745088040829 83.09074450284243 0.8466850221157074 67.18288264423609 0.3979981765151024 2.738069973886013 1.515430510044098 5.797433756291866 0 0.1102033406496048 0.7440734431147575 28.78907869011164 5.989006958901882 0.8519082069396973 1.138553410768509 64.19385457783937 0 1.131830960512161 5.84575329720974 68.81819395720959 3.559243857860565 4.822985909879208 0.2214398086071014 0 0 2.274642534554005 0 89.76433117687702 0.1025670990347862 6.894842185080051 0.9431339949369431 104.3727404922247 0 0.3166343197226524 0.1254799962043762
1027.46400603652 12.91682314127684 1405.64967122674 198.9947954416275 1.296821609139442 7442.333453051746 12070.95425383002 5957.201297305524 182.4047355651855 14792.06396783888 103.292369492352 59.00098593533039 68.72340887784958 8366.162840001285 13.14608942717314 10.37478184700012 619.7196802645922 51.60711541026831 129.4713426083326 86.95155596733093 1739.006478965282 8.323912568390369 1427.74295616895 884.604347974062 1.086289219558239 775.2326676994562 1738.60007558763 18778.97066681087 2190.099613204598 3519.419425465167 35.83732760697603 18.36992039531469 166.9983578845859 790.3226635158062 4.813250347971916 2363.142522931099 134.6743487641215 1907.451023057103 660.8743199110031 392.9702542424202 68.22085812687874 12.25532574206591 24.27027820795774 5.782011851668358 1.550936743617058 30.87071791291237 57.34565559029579 0.2515168488025665 19.9526264667511 100.4236806407571 26.31231810897589 45.79766961187124 232.7159080803394 7.814827144145966 14.5220865085721 11.84164124727249 20.65939068049192 0 65.48159676045179 2.043194137513638 0 2.255497999489307 27.62991277128458 46.82911662757397 11.91280296444893 45.5832072943449 456.0181192457676 0 8.481389157474041 72.38892391324043 487.5331071019173 47.10006508231163 39.33466821163893 0 2.08823037147522 1.114435069262981 26.48263306170702 0.1145754605531693 138.3730792552233 1.682271398603916 118.7635766789317 23.55703084915876 74.91865383088589 8.022778317332268 0.09874860942363739 4.829049527645111
132.7643905207515 0.6203379780054092 948.1145261153579 21.66248147189617 25.72707889974117 12157.09884475917 5957.201297305524 19157.64050368965 26.55307963490486 2046.328347370028 264.3288349509239 510.9658668637276 166.0565038993955 5067.620826505125 327.5350071191788 3.098218828439713 855.875858463347 95.78353671729565 316.5930691361427 47.29626090824604 279.9508605524898 3.285842821002007 399.0721144601703 116.9362406879663 0.4905844256281853 862.6442025899887 282.3581232726574 383.129794806242 974.1745561212301 848.1570357829332 61.44308750331402 1750.769262522459 35.71163091808558 1231.108653277159 1.250975236296654 652.3254572898149 140.4626906588674 698.4641880616546 248.3132238388062 944.6107986047864 575.9630354493856 35.00001455843449 7.216102927923203 2.668074063956738 0.5334342941641808 5.388487212359905 2.037537910044193 0 1.04037844389677 11.5848798006773 2.736291013658047 2.862672157585621 13.5571244508028 0.5183297246694565 2.579053394496441 0.2357511445879936 10.22621428966522 0 26.92123403400183 0.4068335667252541 0 0.2642608657479286 0.3104247897863388 30.87944870442152 3.357962027192116 4.712446600198746 108.0457221269608 0 3.139767907559872 19.87620958685875 86.52460626512766 10.12027299404144 13.802942879498 0 0.1058107540011406 0 3.30152840167284 0 17.12208430469036 0.3187825977802277 11.49156442284584 5.907913602888584 4.404812887310982 2.477357506752014 2.146927498281002 0.2780499458312988
5.858201451599598 864.2290011495352 2.371966883540154 1278.247185640037 143.437838435173 330.5138917937875 182.4047355651855 26.55307963490486 1435.821528740227 659.5863959118724 20.59733296185732 1203.912116229534 68.49625722318888 37.64448126405478 842.3434166461229 3.127200976014137 5.949552074074745 2.063930779695511 3.346167907118797 862.9589958190918 10.7148877158761 3257.429200783372 3.049513906240463 11156.66684672982 495.1218056380749 10.79505801200867 647.8426295518875 2183.040409654379 133.5593480542302 214.5798882842064 1.867978692054749 5.747137099504471 20.42652477324009 39.3912894949317 1.127826452255249 304.2825954630971 26.53465811908245 110.2474657073617 53.76040095835924 407.1609702706337 6.392009451985359 1.146364003419876 1.743688575923443 16.84229236096144 1.83880127966404 1.738546058535576 269.0384228751063 0 21.54391825944185 137.6181473433971 40.07441854476929 138.8225366175175 275.5299928709865 9.977304317057133 144.4705929979682 2.598123900592327 68.30527608841658 1.404714331030846 75.26039683073759 0.07922105491161346 0.9195053204894066 2.215718194842339 113.497160024941 44.54149658977985 59.51000066101551 1.291547283530235 2840.694386415184 3.015166580677032 4.878561370074749 11.82483012229204 1186.958201423287 127.1382876187563 125.7860163971782 0.2111007124185562 2.673924013972282 8.416897967457771 28.86813835054636 2.559911370277405 158.346428014338 1.406044751405716 104.5254851058125 27.83715073764324 81.54886036366224 7.7890869602561 0.4444327801465988 2.199618123471737
16.20318847149611 1.072213158011436 34.01386018097401 3673.721016459167 4.572055958211422 9027.139856562018 14792.06396783888 2046.328347370028 659.5863959118724 25965.05325066298 185.8915650099516 3786.267642505467 113.9271760731936 1148.400625683367 59.12230559438467 0.4254580140113831 14.78747665137053 86.75230570882559 123.216528557241 5897.367875412107 18.00061815977097 0.6564076021313667 16.91906613111496 601.458045385778 1.264142125844955 100.6492763981223 79.05611282587051 3984.985048435628 1818.736410439014 37.74078094214201 24.20706573873758 33.8953523337841 23.0130447819829 853.7191200405359 1.439441114664078 1220.37453892827 59.25598431378603 2222.668919809163 307.1677393242717 523.2792191281915 69.07462418824434 36.56788244843483 16.22939207404852 1.200655743479729 0.4008844718337059 0.1549250483512878 773.4221299663186 0 86.16018292307854 156.2230528742075 31.13894341886044 274.7124045342207 1403.229492835701 14.15247728675604 313.32151055336 0.2227524742484093 23.96259405463934 6.629525929689407 0.9250220209360123 0 0.119767501950264 0.6595373600721359 321.4386584311724 2.216290347278118 0 0.2814331948757172 584.6141390353441 1.928854532539845 5.471131928265095 6.514838807284832 1034.259624242783 28.12704680114985 10.97501114010811 0.2145260870456696 2.915485486388206 1.52227708697319 32.42403980344534 0 277.7424765005708 4.95823723077774 174.6258192583919 25.88405129313469 442.9090470895171 16.80693496763706 4.391763992607594 6.166846543550491
14.00252205878496 180.7224157601595 10.38143952935934 6.921528503298759 3.211532406508923 188.1159973815084 103.292369492352 264.3288349509239 20.59733296185732 185.8915650099516 9906.051623567939 89.78491478413343 1497.61403940618 308.5423987433314 10.52190897613764 0.7800174951553345 62.58283441513777 2808.759700901806 1363.696699790657 16.37443444877863 19.09711597859859 34.07876743376255 41.35740771144629 51.8089669123292 150.4477889463305 1164.59628085047 698.5134605467319 90.9468467310071 462.7288874462247 91.03108765184879 429.7773262783885 131.3407923802733 15.92216890305281 7569.804826624691 7.18248125910759 515.5968599915504 4093.086635313928 3239.288302786648 932.0308181419969 36.16027593612671 29.52633409202099 497.405793376267 5.730320774018764 0 3.232719406485558 0.8285159468650818 0.3846742212772369 0 0.1524508893489838 4.171662449836731 0.1674235910177231 2.154403142631054 3.870432816445827 349.2395301088691 0.2797654643654823 481.3199969902635 1.867510564625263 0.6898263990879059 0.6011803299188614 0 29.49607758969069 3.080338716506958 0 0.4063093960285187 0.3129511624574661 0.1562677472829819 24.47649890929461 41.93579193949699 91.37918268144131 50.74121356755495 28.35971405357122 2.259339347481728 1.646162502467632 73.24962486326694 0 0 14.77117832005024 0.757597029209137 10.32367634773254 353.5079140141606 36.41013798862696 8.949223905801773 4.224583029747009 1.571666866540909 386.5344957411289 0
0.3198905065655708 7.290649749338627 0.3799648061394691 5029.669194541872 101.0605897530913 4502.078791029751 59.00098593533039 510.9658668637276 1203.912116229534 3786.267642505467 89.78491478413343 11261.72133437544 40.60314751416445 251.7003296092153 1303.542412750423 0 1.686352625489235 34.63510083407164 39.27888273447752 7801.618189066648 0.3357396945357323 16.54437431693077 0.5427044555544853 962.2038180232048 3.494982898235321 29.79060736298561 26.31258068978786 854.123789139092 358.5724849700928 4.434547662734985 8.77231103926897 38.59010586887598 0.2630794644355774 247.568160071969 0 329.7833232358098 17.72734040766954 372.9184737429023 31.1297295987606 1908.886516749859 14.7328590080142 9.336306765675545 0.8047476559877396 0 0 0 407.7533921822906 0 20.32542273402214 8.591232255101204 6.060496613383293 345.5711436718702 366.8910914063454 1.103891782462597 308.0878916755319 3.270754024386406 2.584928169846535 3.160997807979584 0 0 0.4161980301141739 0 150.4958305880427 0 0 0 93.16320779174566 0 0.8905444070696831 0.817311093211174 301.7241463437676 7.40445027500391 0 0 0.1550497263669968 0 3.255151100456715 0 180.7430395483971 0.1279575973749161 13.47789554297924 2.110283203423023 293.6465158462524 0.7686895355582237 0 0.4543410241603851
1.634183309972286 850.9021524637938 4.701547399163246 8.291304476559162 3.637057185173035 175.455462642014 68.72340887784958 166.0565038993955 68.49625722318888 113.9271760731936 1497.61403940618 40.60314751416445 1409.001543290913 72.13927214592695 6.941727988421917 2.496179863810539 4.15294548869133 148.2126933187246 23.28166651725769 11.49743769317865 6.777395471930504 136.2838591709733 12.5331129655242 92.99446730315685 2203.49703437835 571.7481490522623 2118.38166578114 93.97759658098221 101.0664132013917 28.63923870027065 427.502039372921 99.6423926576972 0.2097111791372299 1012.4961656183 182.5409941226244 3458.573695369065 6424.821742847562 4638.724747784436 1502.06541261822 269.2680175229907 156.2827509045601 1038.920735895634 62.87801556289196 0 46.27638201415539 0 2.260705560445786 0 0.5087621882557869 6.229194112122059 2.348198764026165 2.510045774281025 14.64423861354589 1707.849195733666 5.217220604419708 4202.739107124507 1.342948064208031 0.1292129307985306 1.190113246440887 0 213.2665812075138 10.95428744703531 0 0.1214863434433937 3.354678250849247 0.4715428948402405 32.63997042179108 772.6781752184033 679.0990391746163 542.5632402077317 55.20512312650681 5.153040170669556 3.822015486657619 669.5872716456652 1.296013489365578 0 45.27714323997498 38.0085089802742 680.4336690679193 1304.87981826067 116.6922226250172 25.05415414273739 16.98908195644617 6.933817118406296 877.1963889077306 5.485396936535835
3803.089194193482 2.246870562434196 676.0657268390059 25.902099147439 1.273089252412319 824.4980821236968 8366.162840001285 5067.620826505125 37.64448126405478 1148.400625683367 308.5423987433314 251.7003296092153 72.13927214592695 8726.569218851626 33.69949097931385 4.22845908254385 1378.617770530283 140.0852706879377 565.9087710306048 53.42101211100817 145.9829781278968 2.771282680332661 307.0880944654346 151.5565714389086 0.8249917104840279 801.9638410881162 190.7169529572129 603.1054604053497 6373.824885509908 4291.431926056743 45.54770337790251 12.52310415357351 61.75191435217857 1577.763557851315 0.9075495600700378 426.0574332624674 134.8079323768616 660.2981901243329 121.9530056118965 146.7267878130078 44.94035860151052 9.920847624540329 3.031558096408844 1.614446453750134 0.1728468090295792 2.779996782541275 1.520173162221909 0 1.615406773984432 16.04475516825914 3.348993882536888 7.947664849460125 17.8592722043395 0.3088787347078323 0.4753541871905327 0 5.074842989444733 0 28.69189865887165 0.9745461717247963 0 0.8192577883601189 0.9446081146597862 30.83122558891773 2.560289591550827 2.655169062316418 101.4702839180827 0 4.799398466944695 10.86112098395824 83.93381319195032 12.91504811495543 20.50177471339703 0.117922306060791 0 1.38454508036375 5.448145635426044 0 20.09697706997395 0.2514542937278748 10.84075073152781 3.811271674931049 3.466438964009285 1.221766829490662 1.214546203613281 1.805684134364128
0 10.24139036983252 0.1253248453140259 76.69466376304626 651.8852849751711 1122.640711806715 13.14608942717314 327.5350071191788 842.3434166461229 59.12230559438467 10.52190897613764 1303.542412750423 6.941727988421917 33.69949097931385 236.3533623814583 0 0.1462930291891098 2.384439706802368 2.059502236545086 126.2709797099233 0 29.51442334055901 0 553.3614983484149 6.542059876024723 2.412270590662956 16.33965822309256 59.90000836551189 73.17140237241983 2.905263297259808 0.4482278302311897 297.8892900124192 0.5206691771745682 41.86450948566198 0 256.9551817476749 1.37128871679306 23.73882045596838 7.609125256538391 745.5706114396453 60.25696562230587 1.854119837284088 0 0 0 0 4.273975893855095 0 0.8663237690925598 0.6559144854545593 0.1175257563591003 5.808753356337547 8.185545861721039 0 4.131738603115082 0.2810824811458588 0 0 0 0 0 0 6.004902914166451 0 0 0 4.681901596486568 0 0 0.2855459377169609 5.669282153248787 0.1254493296146393 0 0 0 0 0.2048967927694321 0 7.815499395132065 0 0.2033890336751938 0.1286986321210861 21.89049732685089 0 0 0
1.91211810708046 156.9499100297689 8.537072241306305 0 0 0.646852433681488 10.37478184700012 3.098218828439713 3.127200976014137 0.4254580140113831 0.7800174951553345 0 2.496179863810539 4.22845908254385 0 3616.5081307441 8.978831388056278 0.6012157201766968 1.888149335980415 0 2665.764359995723 1230.400329619646 2798.229741975665 2394.561996787786 3.876404866576195 8.626116089522839 5448.187179349363 1231.769685842097 14.89898515492678 35.08317355066538 0.8463229984045029 0.135444238781929 1.537247955799103 105.1420237496495 19.24459704011679 3413.404632225633 775.3205950111151 819.3943590223789 862.7218306586146 166.642380386591 0.4010460674762726 1.578964710235596 24.03311355412006 4.545384220778942 9.408936887979507 144.2298030555248 0 0 0 3.180948920547962 2.351488672196865 2.005248367786407 0.4711790382862091 1.678331054747105 0 0.4383510053157806 8.511978708207607 0 5594.722191609442 8.983148410916328 1.2138512134552 5.146936073899269 0 716.6002806872129 652.790176525712 3406.46699090302 216.3214772865176 0 19.05699270963669 969.3255712166429 105.5035199001431 17.0637215077877 144.6630322858691 0.2512838542461395 0 0.7525114566087723 16.83207724988461 9.939106732606888 575.0331109911203 48.47663824260235 111.4674821570516 136.1622701883316 26.09397056698799 0 0.5364439487457275 3.718451365828514
265.2123701348901 37.9799805060029 2403.157854005694 0.3402450159192085 0 86.3863340318203 619.7196802645922 855.875858463347 5.949552074074745 14.78747665137053 62.58283441513777 1.686352625489235 4.15294548869133 1378.617770530283 0.1462930291891098 8.978831388056278 803.4460158422589 214.618244484067 2257.992442771792 0 2236.098227873445 13.81953805685043 4594.187658928335 37.42952711880207 2.268506042659283 1680.264924347401 6926.117776215076 44.74825824797153 576.0736140981317 4533.09966006875 1.525027707219124 2.747931122779846 12.93052844703197 2215.569565713406 3.36869440972805 645.0557142049074 565.1278865858912 2004.919633194804 494.5664130300283 15.2183752655983 1.849171295762062 3.564238674938679 5.316610157489777 0.1110487505793571 24.22119510173798 85.03718663752079 0 0 0 0.5333172678947449 0 0 0 0.7490998804569244 0 0.3344995975494385 0.8909267038106918 0 3.082141451537609 14.50298956036568 2.148886911571026 16.222277790308 0 0.7650351077318192 1.847230821847916 6.281356900930405 1.375573478639126 0.1072444468736649 166.1200502291322 358.140421576798 2.524224601686001 0 0.5757848620414734 1.136229939758778 0 0 0.4609900265932083 0 5.804524779319763 0.7463459819555283 4.657836012542248 2.899602681398392 0 0 0 0
12.00674590468407 5.37162297219038 6.300608560442924 2.028094880282879 0.3497320339083672 70.39277233928442 51.60711541026831 95.78353671729565 2.063930779695511 86.75230570882559 2808.759700901806 34.63510083407164 148.2126933187246 140.0852706879377 2.384439706802368 0.6012157201766968 214.618244484067 140.3632923960686 1372.857204608619 5.354411005973816 18.26729626953602 0.5834005251526833 22.89039691537619 10.24536979198456 4.248933866620064 2719.696220248938 748.980160780251 31.51770592480898 153.4138557314873 113.6598813310266 726.9089954346418 26.70722153782845 3.589074864983559 1042.591195523739 6.289026767015457 503.0121061131358 1066.575780808926 1615.362918503582 447.9603010416031 11.71762987226248 1.851321794092655 2.33108676970005 2.735873408615589 0 4.428732931613922 1.524553366005421 0.4160735458135605 0 0 2.087667882442474 0 0.2406145632266998 0.3046641647815704 54.81249924749136 0.2667120695114136 144.9447425156832 0.09639430046081543 0 0.7030484899878502 0.1484492421150208 67.22221759706736 26.20688898861408 0 0.1102273911237717 0.4680627286434174 0.1494974344968796 10.46659503877163 8.425450049340725 223.6688990816474 174.7151342257857 6.133028149604797 0.3819432258605957 1.719120673835278 91.64557997137308 0 0.2393671572208405 1.819932818412781 0.2793558835983276 5.217186190187931 19.89161451160908 4.197563536465168 0.4867577701807022 0.6486720442771912 0 2.005288004875183 0
99.96730315685272 78.171003036201 33.95446355640888 2.051198653876781 0.2533660605549812 106.0457956939936 129.4713426083326 316.5930691361427 3.346167907118797 123.216528557241 1363.696699790657 39.27888273447752 23.28166651725769 565.9087710306048 2.059502236545086 1.888149335980415 2257.992442771792 1372.857204608619 1702.900919362903 7.649819694459438 126.9794071987271 3.339208081364632 148.4149425476789 20.36783071607351 53.47580318152905 3368.029258258641 2469.922900825739 45.58797440677881 619.7682126164436 801.978920288384 188.1767643168569 29.62595650553703 34.56909140199423 5553.435831449926 10.16471755504608 1129.908113487065 657.9609966501594 3883.150330603123 893.0817383304238 15.3127409145236 2.125375315546989 0.6017746925354004 4.183744870126247 0.1977216899394989 81.64541514217854 5.629466250538826 0.3259826973080635 0 0 1.916650980710983 0 1.043966919183731 1.948306530714035 21.0386810079217 0.2380068749189377 24.58207236975431 0 0.3545379042625427 2.396898239850998 2.577327594161034 84.30884866416454 229.5868517905474 0.1432363539934158 1.828066512942314 7.0220607817173 0.7151020020246506 10.66054616868496 11.99880354106426 789.2316411435604 1319.32793328166 9.422915153205395 1.001648277044296 1.971822515130043 24.18928126245737 0 0.2801759243011475 1.927112475037575 0 17.35218084603548 15.53540278226137 16.59865507483482 1.516469217836857 0.9143356084823608 0 0.1167757287621498 0
0.2714718133211136 0.2084541022777557 0 4880.249792076647 8.650627188384533 165.4848198741674 86.95155596733093 47.29626090824604 862.9589958190918 5897.367875412107 16.37443444877863 7801.618189066648 11.49743769317865 53.42101211100817 126.2709797099233 0 0 5.354411005973816 7.649819694459438 916.0039092898369 0.08662043511867523 0.6034668534994125 0.1041857898235321 355.8144926652312 0.4007207378745079 5.539926566183567 4.573613248765469 2238.007470101118 86.55699978768826 0.4956352114677429 1.417130075395107 3.670028060674667 0.3065614104270935 51.63568560034037 0 137.3417442813516 4.9780228510499 104.8604501411319 17.20778595656157 389.6026340574026 3.168199770152569 20.3802784383297 0.338913656771183 1.923250012099743 0.09477803111076355 0.5908533334732056 368.9235718101263 0 42.42993122339249 47.92744801938534 9.185446001589298 274.7863191813231 661.2693618386984 8.698177263140678 234.5989150255919 3.414286136627197 3.450126439332962 5.134196862578392 0.1498742997646332 0 0.104393444955349 0.1048571914434433 219.027246311307 0 0.1421357244253159 0 212.5297565162182 0 0 0.08945209532976151 489.5700161159039 9.833481274545193 4.924868479371071 0 0.1515272557735443 0.1740663796663284 8.666376829147339 0 183.9350519627333 0.168215736746788 49.30605681240559 9.428176686167717 311.5156506821513 5.418821170926094 0 0.9096494913101196
16.36879970878363 7.703871011734009 2056.220806434751 0.1006816104054451 0 61.79657818377018 1739.006478965282 279.9508605524898 10.7148877158761 18.00061815977097 19.09711597859859 0.3357396945357323 6.777395471930504 145.9829781278968 0 2665.764359995723 2236.098227873445 18.26729626953602 126.9794071987271 0.08662043511867523 15597.0292114988 108.8461958765984 18185.64286187291 850.7975146919489 0.4660781621932983 339.7563883513212 1896.6861403808 5455.396404720843 232.0899006202817 8958.539089694619 7.072291038930416 1.136702790856361 66.90850749611855 4871.729057729244 52.9721801429987 9645.380742534995 636.6120267957449 6047.191063523293 3549.31874987483 624.6691162213683 2.022284902632236 8.670086495578289 73.39842154085636 15.19369619339705 0.9923923388123512 23.79740831255913 0.142435759305954 0 0.7470505833625793 13.45193965733051 13.28399739414454 1.650452643632889 0.6436133980751038 0.9824261665344238 0 0 32.30596240609884 0 978.5277728512883 11.38880809396505 0.1216639205813408 4.933609329164028 0 599.0121265053749 66.62684872746468 247.4547748342156 278.2219875231385 0 6.584619827568531 55.70766422897577 182.9212443456054 47.49480986595154 258.2321093678474 0 0 3.041307747364044 13.46974516659975 0.3374528437852859 152.341784261167 8.307847693562508 35.38554179668427 14.72660049796104 7.80448105931282 1.027790695428848 0.1313946098089218 2.508032158017159
0 3029.93918402493 6.469800293445587 1.785972319543362 2.143006183207035 0.6658310294151306 8.323912568390369 3.285842821002007 3257.429200783372 0.6564076021313667 34.07876743376255 16.54437431693077 136.2838591709733 2.771282680332661 29.51442334055901 1230.400329619646 13.81953805685043 0.5834005251526833 3.339208081364632 0.6034668534994125 108.8461958765984 1766.201726362109 98.53860750794411 5579.946387641132 1143.938363261521 17.30125020444393 3400.512552380562 167.4427301883698 9.655975647270679 16.18775236606598 2.680686429142952 0 0.4347894638776779 3.411073997616768 0.8215875923633575 60.0510333403945 75.89491820335388 22.39407537132502 16.72189036756754 34.50804504752159 0 3.140138193964958 0.1254806816577911 4.431413352489471 18.40589383989573 227.5201439708471 1.898145139217377 0 1.553573846817017 2.294320449233055 2.31288955360651 8.969622373580933 0.7539506405591965 1.209958270192146 0 4.862760134041309 14.97878528386354 0.1775875687599182 1998.403593733907 5.668115064501762 0.5349108129739761 4.23110730946064 0 249.28081446141 341.9252985864878 706.9740823954344 455.741258315742 1.333980083465576 24.10528303682804 1268.539096280932 87.23112985491753 22.11911314725876 91.93076659739017 0.5455819144845009 0.1221243441104889 0.625075489282608 9.130910307168961 3.302643552422523 181.8379175588489 16.36410228908062 37.56595920026302 37.04578334838152 8.68996100127697 0 0.4957446753978729 1.592307046055794
30.36124414205551 7.010920241475105 7538.771248549223 0.1342331618070602 0 64.32248734682798 1427.74295616895 399.0721144601703 3.049513906240463 16.91906613111496 41.35740771144629 0.5427044555544853 12.5331129655242 307.0880944654346 0 2798.229741975665 4594.187658928335 22.89039691537619 148.4149425476789 0.1041857898235321 18185.64286187291 98.53860750794411 21263.79597569257 488.3558596074581 0.132252424955368 1523.026457935572 13514.81024707109 4057.62230181694 85.43079216778278 5006.91341856122 17.64177159965038 5.145430237054825 8.897605195641518 3674.19337580353 97.61631298065186 12518.67510911077 7323.326603055 9912.532003164291 5667.87325373292 692.0029395669699 3.529344521462917 10.4037152826786 106.1311147212982 0.5169119089841843 14.32451790571213 1129.614362448454 0.4725268483161926 0 0 17.97657838463783 1.184296332299709 0.8556162342429161 1.118313208222389 0.945593997836113 0 0.222426638007164 3.35839270055294 0 1834.056070499122 6.433957748115063 0.4407470300793648 4.918654099106789 0 240.4479376450181 178.8441046625376 2331.622794635594 82.53410279750824 0.3065712153911591 25.71849752962589 2004.688260383904 66.64872173964977 5.3681900203228 46.97835351526737 0.1127007305622101 0 0.3221421390771866 13.90059484541416 5.864789381623268 331.9795660823584 26.64677387475967 92.69866007566452 93.58230881392956 12.95419871807098 0 0.3438311815261841 3.868724465370178
17.89456844329834 1700.490583717823 10.77510775625706 1667.70838573575 31.73020086437464 61.99610628932714 884.604347974062 116.9362406879663 11156.66684672982 601.458045385778 51.8089669123292 962.2038180232048 92.99446730315685 151.5565714389086 553.3614983484149 2394.561996787786 37.42952711880207 10.24536979198456 20.36783071607351 355.8144926652312 850.7975146919489 5579.946387641132 488.3558596074581 8162.056533373892 521.6210544481874 54.49498501420021 5001.944873824716 8125.151441223919 446.8013203218579 855.6479946672916 8.838778376579285 9.070125259459019 87.66975430399179 223.3904762715101 1.740769393742085 1380.782540977001 176.5036313831806 622.2484401240945 284.2926401644945 569.359623067081 20.32559581845999 13.22442778199911 10.03177762031555 72.16186463832855 7.186324015259743 62.6891230866313 247.6413226276636 1.057671070098877 64.75361783802509 573.3364262282848 165.0509379208088 860.5996312648058 663.6039078310132 41.18826078623533 63.77241919189692 2.472765371203423 274.2025440484285 5.449344679713249 1158.749223038554 9.030248992145061 4.023308850824833 10.17534460872412 101.6766785979271 726.0029240995646 359.4455860182643 192.3162176609039 5337.364114806056 0.6908294856548309 31.92154216766357 199.4487140849233 3836.197255805135 437.947008125484 610.4356029182673 2.365197286009789 7.414674445986748 27.44063610583544 167.2506295889616 4.052517905831337 809.2272913381457 14.18886989355087 597.7956982702017 165.4643026143312 251.365569896996 57.83923541754484 5.936322808265686 15.57397773116827
0 2141.288695573807 0.1610246151685715 0.6697914525866508 0.3501959890127182 1.220664098858833 1.086289219558239 0.4905844256281853 495.1218056380749 1.264142125844955 150.4477889463305 3.494982898235321 2203.49703437835 0.8249917104840279 6.542059876024723 3.876404866576195 2.268506042659283 4.248933866620064 53.47580318152905 0.4007207378745079 0.4660781621932983 1143.938363261521 0.132252424955368 521.6210544481874 543.063018783927 116.4912617728114 1399.323730416596 6.475980766117573 0.790343776345253 0.6704966649413109 106.9375819712877 0.3135735094547272 0 33.82250280678272 0.103881411254406 191.9608382433653 461.3363754376769 165.6436124891043 89.78750370442867 7.416449710726738 3.028615117073059 181.4780525565147 1.102271318435669 0 69.38860932737589 0.6863043606281281 0.1326641589403152 0 0 0.10197464376688 0 1.377463020384312 0 268.5449930503964 0.2558800801634789 1048.853536181152 0 0.4749944806098938 0.3132947534322739 0 78.28477511554956 17.0824209600687 0 0 4.674035623669624 0 0.5403546169400215 527.2496601045132 484.865495249629 552.361188814044 0.4913739114999771 0 0 380.1644719690084 0.2092693299055099 0 5.21328742057085 0 17.47685158252716 73.60922967642546 17.29741683602333 2.308425456285477 0 0 22.76986582577229 0
92.00415239483118 300.4893116876483 4687.656564973295 2.928393051028252 0 217.9353101924062 775.2326676994562 862.6442025899887 10.79505801200867 100.6492763981223 1164.59628085047 29.79060736298561 571.7481490522623 801.9638410881162 2.412270590662956 8.626116089522839 1680.264924347401 2719.696220248938 3368.029258258641 5.539926566183567 339.7563883513212 17.30125020444393 1523.026457935572 54.49498501420021 116.4912617728114 27209.40091300756 15218.68864380568 146.6318179219961 269.7783230692148 894.1621834114194 1625.12375382334 19.2260704562068 7.523463562130928 885.8079301565886 17.30301383882761 1935.462309643626 3207.39048358053 2884.55230987072 1111.670141324401 29.20577175915241 2.057743042707443 7.731834039092064 11.43326122313738 0.1997568607330322 334.0565163344145 146.5314272940159 0.266102135181427 0 0.3238438963890076 3.304736569523811 0.7442412674427032 3.88709656894207 1.109709471464157 186.8915880843997 0.209430493414402 604.5310191139579 0.9048772379755974 0 13.70373334735632 44.72020301222801 505.3554279506207 700.9350007101893 0 1.327662900090218 22.36563305556774 6.801571026444435 18.00260834395885 157.6460919976234 3405.033220782876 5243.694737948477 8.190942004323006 0.8751663416624069 3.62311052531004 437.9670390412211 0 0.2480251491069794 17.4791771247983 0.4646564573049545 66.00442246347666 85.19336221367121 78.45125350356102 16.28936561942101 0.7048953026533127 0.4679046273231506 3.400984182953835 0
20.19992370158434 5904.615283504128 12723.81693913788 4.207172341644764 1.235218249261379 126.5384311676025 1738.60007558763 282.3581232726574 647.8426295518875 79.05611282587051 698.5134605467319 26.31258068978786 2118.38166578114 190.7169529572129 16.33965822309256 5448.187179349363 6926.117776215076 748.980160780251 2469.922900825739 4.573613248765469 1896.6861403808 3400.512552380562 13514.81024707109 5001.944873824716 1399.323730416596 15218.68864380568 29463.16508515924 2868.210416704416 110.0245480984449 372.5491960868239 2246.594928532839 9.75008325278759 5.484402887523174 2535.20219706744 91.95328089594841 11512.19974122196 8799.184876166284 10296.285210751 4852.595817372203 447.4839601144195 15.70609705895185 14.73830081522465 98.99355112761259 1.798477239906788 2589.65985918045 4533.950089752674 0.4146289080381393 0 1.990250304341316 37.87097205221653 3.811703652143478 6.858601912856102 1.727974496781826 95.51274506002665 0.1116361692547798 575.2590210214257 3.03204220533371 0.1814413517713547 1334.710589542985 166.3575498238206 295.7908192798495 717.3832017183304 0.2116887718439102 59.56196358054876 1150.225936017931 2302.791703775525 123.1269160062075 562.9085287377238 5040.90248849988 21317.97981877625 74.45187328755856 3.980504728853703 4.295546904206276 379.3303534910083 0 0.1126382276415825 34.11758236587048 10.8096491843462 502.2673185542226 137.8712337836623 316.3730327412486 208.5393390804529 15.90876789391041 0.9370886981487274 7.409542888402939 2.257677987217903
64.53551245480776 50.0609293654561 393.7876010835171 4790.441926658154 6.546808190643787 333.8005163148046 18778.97066681087 383.129794806242 2183.040409654379 3984.985048435628 90.9468467310071 854.123789139092 93.97759658098221 603.1054604053497 59.90000836551189 1231.769685842097 44.74825824797153 31.51770592480898 45.58797440677881 2238.007470101118 5455.396404720843 167.4427301883698 4057.62230181694 8125.151441223919 6.475980766117573 146.6318179219961 2868.210416704416 24977.74449451268 1845.575563319027 12454.96264062822 13.09174949675798 16.52914204448462 405.8506055176258 1041.915096111596 15.30327868461609 5178.401245772839 217.610910281539 2488.582217298448 1148.68325971067 679.4640275239944 69.05550148338079 53.74432963877916 39.80741546303034 94.03851214051247 2.91007237136364 25.87496849894524 522.8526081964374 2.865700453519821 115.6939297765493 693.8509096428752 180.8664263188839 536.7328267619014 1447.224949799478 40.0700761526823 177.7931397557259 4.715086333453655 331.9436143264174 5.210572272539139 606.9028331115842 7.09678303450346 3.646504737436771 9.249723248183727 283.0257627144456 522.1013678386807 119.4549346268177 113.940845541656 4436.35830180347 3.588723808526993 12.3258321210742 79.82474160194397 4395.484641782939 506.5175047293305 712.8144026696682 1.220318451523781 8.591484777629375 25.61780489981174 157.940260745585 6.44861064851284 859.9789706021547 17.45471649616957 656.4510690122843 154.0876843780279 431.6617046147585 58.38812720775604 7.987311132252216 22.81415148824453
3650.732239462435 1.735278859734535 63.90094443410635 69.89894000440836 7.866275459527969 1165.767387405038 2190.099613204598 974.1745561212301 133.5593480542302 1818.736410439014 462.7288874462247 358.5724849700928 101.0664132013917 6373.824885509908 73.17140237241983 14.89898515492678 576.0736140981317 153.4138557314873 619.7682126164436 86.55699978768826 232.0899006202817 9.655975647270679 85.43079216778278 446.8013203218579 0.790343776345253 269.7783230692148 110.0245480984449 1845.575563319027 17254.34990771115 9515.712151356041 26.3137721195817 46.6414567232132 2302.62709453702 4807.36355394125 1.272825747728348 449.1663959547877 178.0653958618641 1960.640562996268 177.9645698964596 355.8810329139233 72.22306906431913 21.67813371866941 2.729301705956459 3.373144574463367 0.8736526668071747 1.397965684533119 4.185250528156757 0 3.118306025862694 22.15574860572815 6.208432704210281 12.63378949463367 30.12811505794525 1.571832656860352 0.9759724289178848 0.3868692815303802 16.21919924765825 0 52.06907577067614 1.625462651252747 0 1.029945008456707 3.317246213555336 60.30181912332773 10.13466300815344 2.836872771382332 226.4237281009555 0.1112111657857895 5.33892247825861 10.9491229057312 196.4759555757046 26.00699106603861 37.87717323005199 0 0 2.990528769791126 7.96452172100544 0 55.7800570204854 1.93722602725029 35.90356297791004 8.981470115482807 10.68560298532248 1.172132335603237 0.8708416223526001 0.6118909120559692
