536.3350833877921 0.1238994300365448 68.08070123195648 2.121219418942928 0.3454504236578941 6.982402756810188 1486.420862480998 278.1574276983738 6.310134135186672 21.07424955815077 15.19639584422112 5.305840276181698 0.07157699018716812 4814.214785225689 0.0919368639588356 0.4449109956622124 135.2569655925035 5.598605923354626 42.23606158047915 1.141157388687134 70.53118245303631 0 89.59024242311716 38.41516324877739 0 11.87653621286154 9.931834623217583 77.69196503609419 2592.494242615998 2543.428185805678 0 1.715644218027592 75.76036110520363 110.6444706916809 0 42.42912027239799 3.494887575507164 57.0315902531147 13.97404722869396 3.328473776578903 0.8993068262934685 0.1284187138080597 0 0 0.1134308204054832 0.2542774975299835 0.316949188709259 0 0 1.198343560099602 0 1.783793918788433 0.1294420808553696 0 0 0.1109788715839386 0 0 0 0 0 0 0 1.503685362637043 0 0.1374923884868622 5.308291807770729 0 0 0.285948172211647 9.562570184469223 0.825980931520462 0 0 0 0 0.3300055861473083 0 4.209489554166794 0.2320784777402878 0.5705305337905884 0.1465954780578613 4.744298756122589 0.3403478860855103 0 0
0.1238994300365448 56.56592913717031 33.78229913860559 0.5542355328798294 0.8446128219366074 0.7257273495197296 2.349948294460773 0.3218871280550957 824.9387521520257 0.5968814566731453 67.61888831853867 4.81617920845747 811.7223898097873 0.2366530150175095 20.91347613185644 123.0812323391438 3.133102655410767 11.26793365180492 10.68536289036274 0.4383586421608925 31.11849246919155 1938.849030695856 17.57000414282084 987.8137361928821 727.7651077657938 351.2560097873211 8311.047416038811 38.52576364576817 0.4525651484727859 14.73024841398001 95.43514672666788 0 0 76.57834859937429 0.2851874530315399 42.78241567313671 39.8155881986022 53.76051443070173 12.2173167988658 33.28631252795458 0 107.9768539965153 0.3173701465129852 0.115686796605587 75.54925008863211 30.69459742307663 0 0 0 0 0 6.411526389420033 0 14.46351478248835 0 37.93928156048059 0 0 1.627916924655437 6.939164906740189 4.861620962619781 10.78464736789465 0 0.4866905510425568 12.40231581032276 9.880968980491161 0.9804465994238853 14.76811460405588 148.2359686866403 1174.858177147806 0.6534684523940086 0 0.5486722737550735 6.122980907559395 0 0 3.396370068192482 0 14.87916269898415 43.22752077877522 12.48935436457396 4.793502375483513 0.5051994249224663 0 4.011590957641602 0
68.08070123195648 33.78229913860559 5159.944753438234 1.340882614254951 0.370424896478653 23.61473675072193 551.9529564678669 655.9949713200331 5.833630584180355 29.04242554306984 53.33105989545584 2.28333156555891 0.3213421478867531 650.4149687364697 0.07735612988471985 4.146950922906399 6902.178034923971 157.8969935923815 832.048620454967 0.9192304685711861 351.5185059458017 23.3029805123806 6180.104175552726 37.05084066092968 0.3201714232563972 6154.015727393329 2640.439175494015 393.8492976278067 182.6080383583903 361.6350887492299 0.5203148126602173 3.720252640545368 6.497683368623257 1387.260599374771 14.05507728457451 1742.560135766864 1521.429791994393 1806.044117383659 331.1533591374755 75.4390619918704 3.826035544276237 3.508720532059669 6.892158031463623 0 163.1694487854838 475.1433063447475 0.1278009414672852 0 0 2.896086350083351 0.2242044135928154 0.869592547416687 0.1197275668382645 1.014941766858101 0 2.229673385620117 0.579454131424427 0.1580682843923569 27.17738971114159 20.24181944876909 1.793493889272213 13.72349572181702 0 5.422848805785179 74.38071583211422 263.1565326154232 7.627553939819336 10.24516709148884 342.4605781510472 2544.004330538213 7.991109117865562 0.1376506835222244 3.186604775488377 1.764218606054783 0 0 10.95900817215443 10.26887400448322 50.75589319318533 491.0477106124163 46.56509448587894 20.66380462050438 0.9356390386819839 0.1588621735572815 0.1552240997552872 0
2.121219418942928 0.5542355328798294 1.340882614254951 1596.496407046914 4.635650917887688 55.79447934776545 32.45094654709101 30.65387687832117 668.299121953547 1225.219422787428 4.063727468252182 5460.909010514617 0.1673666015267372 31.74876465648413 102.0045032203197 0 0.1033326610922813 0.492593452334404 0.7294919416308403 1852.633302815259 0.5773725509643555 0.8928981721401215 4.185317315161228 859.1725804284215 0 1.520618706941605 3.459535211324692 1784.084113538265 107.170970723033 3.131571315228939 0 1.168320536613464 7.238571971654892 55.15796022117138 4.555545136332512 206.775400608778 3.80593391507864 102.2369414791465 35.92924354225397 321.5303147509694 11.05358119308949 0.7829617857933044 3.501497998833656 0 0.2448329627513885 0 31.46285973489285 0 3.657024070620537 61.7324675694108 2.493163235485554 112.7479536384344 205.2580026686192 0 24.06096588075161 0.1230565309524536 2.271488957107067 0.136179506778717 0.1301312893629074 0 0 0 54.36980304867029 1.407669574022293 2.001001074910164 0.5001757740974426 83.20810451358557 0 0 1.407513007521629 166.6102013587952 1.575844883918762 0.1633466482162476 0 0.4493505358695984 0 0.9989660531282425 0 53.81770046800375 0 2.268763460218906 0.144354835152626 34.35829201340675 1.179524794220924 0 0.3255068957805634
0.3454504236578941 0.8446128219366074 0.370424896478653 4.635650917887688 56.03926593065262 319.4217365607619 1.136229872703552 38.08077027648687 63.25982522964478 3.716713488101959 29.87183912098408 73.34470835328102 1.111388623714447 1.982176885008812 1604.498223498464 0 0 4.976988770067692 1.480506733059883 9.531184457242489 0.236251100897789 2.044214650988579 0.7632425725460052 10.92390274256468 0 2.553114749491215 2.67449215054512 5.179949752986431 21.48231449723244 0.2132368385791779 0.1545314937829971 216.4282967597246 0 194.3628265485168 8.083618402481079 17.16642188280821 2.408593386411667 182.1105150878429 24.96648919582367 1587.455427885056 42.98472802340984 0.257097452878952 0.3111637532711029 0 0 0 0 0 0 0 0 0 0.1247765421867371 0 0 0 0 0 0 0 0.1243218183517456 0 0 0 0 0 0 0 0 0 0.2034093588590622 0 0 0.2071556597948074 0 0 0 0 0.2939849197864532 0.2215996533632278 0 0 0 0 0 0
6.982402756810188 0.7257273495197296 23.61473675072193 55.79447934776545 319.4217365607619 8172.948902085423 2376.259763866663 6201.058102756739 36.53759955614805 5081.193434648216 84.09204418212175 3556.250922903419 6.05535900592804 524.5260145664215 1809.096091747284 0.3305268138647079 10.52756696939468 19.78010264784098 15.81519313901663 165.4602820500731 16.018200263381 1.673495002090931 28.66949041187763 114.239039182663 0.08526521921157837 19.86620651930571 17.45994254946709 676.4964933991432 360.0221335068345 38.41171564161777 1.426009565591812 956.0529307276011 18.12368929386139 494.0105155855417 6.101157128810883 300.9647730216384 7.994223147630692 482.3821910396218 190.6837071403861 2564.100239418447 543.7318795770407 3.939249761402607 11.38133844733238 0 0 0.1162139847874641 0.7340476512908936 0 0.1206048056483269 5.803344450891018 0.1207778751850128 5.158541299402714 3.577048875391483 0 0.1322782337665558 0 0 0 0.08931034803390503 0 0 0 1.548235639929771 0.4791378900408745 0.1064655184745789 0.3594667762517929 6.733067147433758 0 0.2666678801178932 1.157469481229782 18.48328632116318 0.2384388670325279 0.5999055504798889 0 0 0 0 0.7023206353187561 8.285109214484692 0.1095737740397453 0.7726582065224648 0.1538410633802414 2.903055593371391 0 0.6746500432491302 0.3624862432479858
1486.420862480998 2.349948294460773 551.9529564678669 32.45094654709101 1.136229872703552 2376.259763866663 16186.51553026587 6359.721795625985 160.3018094077706 7433.437507912517 26.74546793848276 161.7254487499595 1.085925705730915 8867.431071043015 9.97468963265419 5.459644660353661 80.99892871081829 9.318673871457577 21.60317693650723 37.41265852749348 886.7343230620027 7.846841417253017 1036.414212137461 795.2422675564885 0 36.47445743530989 102.3831690251827 10546.32693310082 1920.786958158016 4823.941139988601 0.07890857756137848 12.50771553814411 446.2902241647243 789.7369767799973 40.23519969731569 1414.819487087429 43.40492191165686 1223.76049747318 497.2290002182126 168.6616842448711 55.70409346371889 1.180976405739784 15.64286950230598 0.891687385737896 0.2289956137537956 3.540378868579865 10.93953540176153 0 3.671300977468491 215.1369528770447 5.981240376830101 77.66412842273712 47.92757049202919 2.605340473353863 3.682288102805614 0.1082082614302635 2.982767231762409 0.9009239226579666 5.672912135720253 0.1204426065087318 0 0 12.76809860765934 6.98977717757225 4.562008246779442 7.555021271109581 210.0823924392462 0 0.4638519063591957 16.99451320618391 355.7094375342131 8.526596821844578 11.69327217340469 0 0.4869752377271652 0.5571581199765205 6.301720947027206 3.743021354079247 100.033812828362 4.427443899214268 14.69806750863791 6.182369500398636 43.97863417863846 1.568870723247528 0.846948429942131 0
278.1574276983738 0.3218871280550957 655.9949713200331 30.65387687832117 38.08077027648687 6201.058102756739 6359.721795625985 13158.91887729615 8.990916050970554 3936.339003048837 228.9363640099764 1311.908982098103 10.05418485403061 7059.682066299021 68.22260065376759 0.8380164355039597 501.4853672981262 46.45938365906477 196.3349221199751 276.9661359786987 346.9719158932567 0.8418388143181801 895.7429376617074 78.50099398940802 0.1472335606813431 113.7066033557057 102.5950429737568 359.8190992325544 1094.464743666351 1160.82663551718 2.363137125968933 1142.169115431607 39.41654481738806 838.6019534170628 13.06044383347034 588.504317432642 38.90810541063547 877.1408211439848 315.7510801330209 875.3680979683995 213.027017146349 6.715592436492443 15.8723566159606 0.3006989136338234 0.4800602644681931 3.778949171304703 0.1263353675603867 0 0.9903854131698608 11.57217129319906 0.1086977422237396 6.150532782077789 4.037485703825951 0.9159754663705826 0.2303107380867004 0 0.3926680386066437 0 1.839018240571022 0.09093884378671646 0.2734619826078415 0 0.9237817972898483 2.051893785595894 1.388846933841705 4.228138811886311 23.22589123994112 0.4634297788143158 0.4441504403948784 13.15219943970442 30.04663567245007 1.416777051985264 2.283388376235962 0 0.1038047894835472 0.4476976469159126 0.3517448753118515 2.915689989924431 19.97123926877975 2.895542487502098 1.017381772398949 0.293876588344574 0.9013399928808212 0 0.2064208388328552 0
6.310134135186672 824.9387521520257 5.833630584180355 668.299121953547 63.25982522964478 36.53759955614805 160.3018094077706 8.990916050970554 440.3196146786213 711.7341845035553 4.264442324638367 457.2531275525689 41.09871176630259 7.022310651838779 604.3299050554633 106.6099496260285 2.245662704110146 3.069315165281296 2.582040078938007 930.7981615960598 55.73242161422968 1846.548461377621 18.4456767141819 6212.244346603751 83.45900404453278 39.99436838179827 747.9189518019557 1705.519767768681 48.8239326402545 173.1892722100019 10.43341684341431 2.000621385872364 3.576981984078884 24.97494904696941 1.32364821434021 276.545841909945 84.50083869695663 47.85402648150921 25.56181928515434 352.5728757679462 14.20342008769512 5.675806060433388 2.327583752572536 3.046424999833107 7.894738659262657 2.620139852166176 101.1877341642976 0 6.960176646709442 250.8359191566706 8.932897701859474 162.5072168633342 463.145153388381 9.11771821975708 58.54012078791857 1.472228534519672 3.969934031367302 10.06605783104897 85.06835251301527 2.159955121576786 0.4000401869416237 0.6725459471344948 105.573904171586 68.15696760267019 48.93285661935806 12.44098395854235 1220.830598257482 0.6268364265561104 2.802633576095104 12.99455045908689 1041.9935714975 20.98405936360359 76.58644918352365 0.1111457496881485 0.5504041016101837 4.422553785145283 6.877908945083618 1.984463676810265 73.19453303515911 3.18996287882328 19.01589669287205 6.883065700531006 45.7095265686512 2.534774005413055 0.2091338485479355 1.600603312253952
21.07424955815077 0.5968814566731453 29.04242554306984 1225.219422787428 3.716713488101959 5081.193434648216 7433.437507912517 3936.339003048837 711.7341845035553 19508.50334813446 80.17100677639246 3588.061322748661 3.681846491992474 1107.434049956501 50.0549882799387 1.271757028996944 6.942585781216621 21.89365258812904 26.12065330147743 1176.952297434211 15.70601467043161 1.180824100971222 48.33300702273846 509.8593059703708 0.5521456524729729 38.08760496228933 46.13713207095861 8405.834377765656 1479.434744790196 51.16653694212437 1.155740983784199 31.29479674249887 41.34657450765371 758.3537450954318 26.89670322090387 951.2131363227963 26.41737666726112 1358.63166128099 258.4389382377267 447.6031306758523 149.3061589151621 2.481514289975166 22.02156276255846 0.7049419805407524 1.179681472480297 0.3432502895593643 111.7190852314234 0.09179716557264328 6.858225516974926 274.2104114741087 7.00522793084383 264.5126332864165 644.0957071483135 1.55329117923975 68.45775658637285 0.8041342794895172 5.351064831018448 1.262552566826344 2.97365802526474 0 0.2962775602936745 0 143.4175512567163 0.9301642403006554 1.214511588215828 0.5416105985641479 263.4986833259463 0 0.6444124653935432 2.778500638902187 520.9392052143812 5.342713423073292 1.365079268813133 0.3327535837888718 1.035685323178768 0.428780160844326 4.958073653280735 0.9397383034229279 247.7227560430765 0.6720308437943459 9.603196457028389 3.639159820973873 126.2096414789557 0.7591295316815376 0.1080568954348564 0
15.19639584422112 67.61888831853867 53.33105989545584 4.063727468252182 29.87183912098408 84.09204418212175 26.74546793848276 228.9363640099764 4.264442324638367 80.17100677639246 8220.873207464814 68.96326104551554 1313.426487997174 276.975919380784 1.046663455665112 1.685418881475925 326.9908886998892 1553.63131197542 453.8175912350416 22.56120727211237 69.25464132428169 9.937980227172375 129.8640570491552 15.74363920837641 555.8711430728436 1494.780212290585 474.6432939842343 26.2944862395525 432.4658944681287 60.98527345061302 127.2765217125416 143.9706010371447 9.941486693918705 7463.049437656999 3.112352311611176 447.9383906498551 3309.767666123807 2915.03509209305 512.5578773841262 43.26621563732624 26.71774362027645 1130.216272823513 9.906858034431934 0 4.18028799444437 1.171922437846661 0.1950454562902451 0 0.1377671658992767 2.917711310088634 0.09537116438150406 0.246782660484314 0.3496343493461609 196.2144158631563 0.09614965319633484 508.3387822508812 0 0 1.381033182144165 0.3966270685195923 15.18242388218641 1.624093107879162 0.1232021525502205 0.3240241035819054 0.5531807020306587 1.96900986880064 2.301159381866455 28.7590723335743 57.15753117203712 38.34155725687742 3.63707422465086 0.1815469264984131 0 63.12028824537992 0.1015917137265205 0 1.294356465339661 4.265447348356247 6.694253794848919 211.4653415381908 5.868461035192013 4.861163407564163 1.496977031230927 0 89.93620903044939 0
5.305840276181698 4.81617920845747 2.28333156555891 5460.909010514617 73.34470835328102 3556.250922903419 161.7254487499595 1311.908982098103 457.2531275525689 3588.061322748661 68.96326104551554 5390.071134150028 3.028080299496651 453.2098750397563 1371.043795950711 0 1.37803366035223 20.37022753804922 17.08281625807285 4444.917920842767 0.8389016091823578 10.75571402907372 2.896062403917313 1038.833535216749 0.4519746229052544 26.59255485981703 22.88293947279453 1200.222142539918 497.5017137303948 4.430416025221348 1.65322832763195 32.28720875829458 0.872067429125309 285.1263427957892 0.8657496199011803 370.7055857777596 7.985235467553139 450.7444402649999 66.36712639778852 1988.004830189049 37.67487079650164 1.549504674971104 2.386739365756512 0 0.1165951192378998 0.166152760386467 33.30169527977705 0 1.27295496314764 30.9941743388772 1.448727615177631 53.34753030538559 139.3362544253469 0.1274932026863098 16.40613734722137 0 0.9233885556459427 0.1305818408727646 0.40782530605793 0 0 0 50.29675599932671 0.7415743321180344 0 0 31.9791692122817 0 0.2367847636342049 0.6613098606467247 63.23837845027447 0.3694046586751938 0.1557306051254272 0 0.119509369134903 0.1112050265073776 0.1916588395833969 0.1795958131551743 85.70757610350847 0 0.6931182369589806 0.5331756547093391 43.90246492624283 0.2949391156435013 2.240442454814911 0.6393103003501892
0.07157699018716812 811.7223898097873 0.3213421478867531 0.1673666015267372 1.111388623714447 6.05535900592804 1.085925705730915 10.05418485403061 41.09871176630259 3.681846491992474 1313.426487997174 3.028080299496651 1424.340905018151 9.776788458228111 1.024766534566879 1.300138980150223 0.9530894681811333 36.94680090248585 6.489287711679935 1.423467099666595 1.126174978911877 111.8851265758276 1.349676549434662 45.86377418786287 3644.175873324275 220.7267039939761 3398.304123662412 3.429168321192265 13.42264168709517 1.147406838834286 163.106374271214 7.233836941421032 0 2119.0457457304 0.5750968754291534 158.9356985613704 1325.42919202894 2423.286905035377 309.7848164066672 5.388866685330868 15.08668725192547 1268.429408013821 2.185944572091103 0 14.55062436312437 0.1588918715715408 0 0 0.1964459121227264 0.3096779882907867 0.133130669593811 0.5652789026498795 0.2225412577390671 395.725657992065 0 1021.295894287527 0.1211422234773636 0 0 0 36.3229638338089 0.9594744145870209 0 0 0.8153305873274803 0 0.594337485730648 165.4972441196442 169.262879550457 93.4711190238595 0.0954924002289772 0.6248285323381424 0 169.6626440212131 0.2809885144233704 0 2.174878738820553 0 4.102558314800262 267.5738367140293 13.46301064640284 3.868943154811859 0 0.6390954852104187 147.765282087028 0
4814.214785225689 0.2366530150175095 650.4149687364697 31.74876465648413 1.982176885008812 524.5260145664215 8867.431071043015 7059.682066299021 7.022310651838779 1107.434049956501 276.975919380784 453.2098750397563 9.776788458228111 9856.822270162404 8.140785172581673 0.901073083281517 731.8268249705434 77.36140840500593 268.0600150302052 146.9468074440956 401.6724511533976 1.116666302084923 861.8828100189567 86.05651459097862 0.3954836800694466 139.1794559285045 120.3035394474864 267.4903647378087 4530.384487338364 3967.087360307574 3.650623068213463 90.91402272880077 28.93994465470314 869.8112606629729 6.104005508124828 361.3367210924625 34.34562827646732 895.4314804747701 230.203291028738 244.1572862565517 48.89811869710684 2.833788104355335 5.563267484307289 0.1785427629947662 0.09006735682487488 1.949372239410877 0.2605944871902466 0 0.3557089865207672 12.25411289930344 0.105424277484417 4.698961563408375 3.855575919151306 0.4138055965304375 2.338424727320671 0.08990158885717392 0 0 0.7592738643288612 0.1280674785375595 0 0 3.533863842487335 1.486553512513638 0.743506483733654 1.771228939294815 13.38240943849087 0 0.819236233830452 8.708389081060886 21.51231084764004 0.8184939250349998 1.424140393733978 0.103696770966053 0 0.5443484336137772 0.2222445756196976 0.4322968423366547 7.951031051576138 1.754331015050411 1.049569711089134 1.88606920838356 2.903926894068718 0 0 0
0.0919368639588356 20.91347613185644 0.07735612988471985 102.0045032203197 1604.498223498464 1809.096091747284 9.97468963265419 68.22260065376759 604.3299050554633 50.0549882799387 1.046663455665112 1371.043795950711 1.024766534566879 8.140785172581673 462.8798427134752 0 0.1929660737514496 0.2845073491334915 0.1456301808357239 204.9280524849892 0.120268739759922 57.68336168676615 0.09499070048332214 496.107943624258 2.940843984484673 0.9516280069947243 27.93585784733295 68.50204533338547 3.991970367729664 0 0.3402505740523338 447.3108423724771 0.1188820600509644 5.569969937205315 13.90631860494614 11.24218239635229 4.218848764896393 7.529686741530895 1.354609131813049 1832.923683091998 248.2707463055849 0.1195273622870445 0 0 0 0 0.1615453809499741 0 0.147013932466507 0.2024344205856323 0 1.513047888875008 0.5978846028447151 0 0 0.3592290878295898 0 0 0 0 0 0 0.2424266338348389 0 0.6817687898874283 0.1207192614674568 2.137816615402699 0.1300665587186813 0.1103433519601822 0.4685923308134079 3.531491920351982 0.1259737461805344 0.1800688654184341 0 0 0 0 0.3720865249633789 0 0 0 0 0.640559196472168 0 0 0
0.4449109956622124 123.0812323391438 4.146950922906399 0 0 0.3305268138647079 5.459644660353661 0.8380164355039597 106.6099496260285 1.271757028996944 1.685418881475925 0 1.300138980150223 0.901073083281517 0 1636.27609153837 20.87508480995893 0.5895506590604782 5.30433427542448 0.1000171899795532 2256.665157660842 1256.913822680712 3617.430785708129 823.8425664007664 2.917130649089813 3.595517866313457 3436.91754630208 797.741460390389 2.612367078661919 188.7375007420778 0.205900065600872 0.1025625690817833 1.919491931796074 151.6924533471465 20.40778620541096 1066.103078246117 289.8766984343529 416.5039539262652 393.1592536270618 27.90103841573 1.647030211985111 5.925374418497086 8.6468545794487 1.346430107951164 6.145152308046818 12.04101143032312 0.797947533428669 0 0.1845686733722687 13.8543706163764 1.616067595779896 8.274071283638477 0.6930970475077629 8.571114480495453 0.1303889900445938 2.959587872028351 2.307985402643681 0.1364230513572693 1952.427551276982 4.152017019689083 0.6104430556297302 1.302657261490822 1.151799432933331 498.9028601646423 539.8282633721828 1437.856937207282 218.9522932246327 0.140060693025589 3.246574394404888 474.5769283920527 216.9517934173346 4.874013751745224 84.64150559902191 0 0 2.820132337510586 4.013691566884518 4.705777764320374 369.1743747889996 18.43690469861031 13.9138727709651 9.903629884123802 3.04368083178997 1.279473900794983 2.924161702394485 0.5314044952392578
135.2569655925035 3.133102655410767 6902.178034923971 0.1033326610922813 0 10.52756696939468 80.99892871081829 501.4853672981262 2.245662704110146 6.942585781216621 326.9908886998892 1.37803366035223 0.9530894681811333 731.8268249705434 0.1929660737514496 20.87508480995893 490.0014352425933 57.10933255404234 2870.465989656746 1.408619627356529 791.6626631468534 1.296423837542534 2726.660601653159 28.51244904100895 2.283684961497784 2391.066268265247 3678.287947483361 133.0381686091423 608.4446490705013 1135.796625070274 0.3092335686087608 4.264093413949013 36.56711265444756 975.0991040542722 3.265853330492973 174.7809447944164 737.1531831398606 344.9984498172998 82.71820631623268 10.14819568395615 0.5331196263432503 5.330423153936863 0.4470729306340218 0 9.780804187059402 61.52828270196915 0 0 0 0.5913714393973351 0 0.4641204550862312 0 0 0 0.1690875440835953 0 0 2.739133201539516 1.981071896851063 0.3485911712050438 3.399174742400646 0 5.245870910584927 3.53943082690239 11.22348303347826 3.898250430822372 1.010302342474461 43.17085323482752 236.3418737351894 5.091848857700825 0 1.387564711272717 0.2851446941494942 0 0.2182170897722244 1.368663996458054 0 11.0369711369276 70.28760110586882 3.198153182864189 0.4237437546253204 0 0 0 0
5.598605923354626 11.26793365180492 157.8969935923815 0.492593452334404 4.976988770067692 19.78010264784098 9.318673871457577 46.45938365906477 3.069315165281296 21.89365258812904 1553.63131197542 20.37022753804922 36.94680090248585 77.36140840500593 0.2845073491334915 0.5895506590604782 57.10933255404234 86.86168543994427 294.3552148416638 5.977327667176723 8.743258096277714 3.25094473361969 30.76881866902113 5.370975747704506 37.32539974153042 3601.217567756772 1185.178440131247 6.678823679685593 92.07474004477262 14.03412561118603 91.43934087455273 26.23439674079418 1.478384278714657 972.9244515374303 2.076314523816109 529.5840096846223 1464.004294663668 1216.467039719224 415.9308903738856 16.50902395695448 3.057162195444107 81.14287307113409 1.493928588926792 0 6.077510751783848 0.4159503951668739 0 0 0 0.2379435449838638 0 0.405400738120079 0 82.42211586982012 0.0955653041601181 232.847068592906 0 0 0.1001145020127296 0.2091289088129997 85.95618104189634 8.270522877573967 0 0.2626496776938438 0.412594735622406 0 0.151828333735466 66.58508970588446 301.525543898344 189.9286849945784 0.3265959024429321 0 0 111.4191498681903 0 0 1.022953025996685 2.103711605072021 5.734052553772926 185.0134642273188 5.226660139858723 1.222986750304699 0 0 6.518830448389053 0
42.23606158047915 10.68536289036274 832.048620454967 0.7294919416308403 1.480506733059883 15.81519313901663 21.60317693650723 196.3349221199751 2.582040078938007 26.12065330147743 453.8175912350416 17.08281625807285 6.489287711679935 268.0600150302052 0.1456301808357239 5.30433427542448 2870.465989656746 294.3552148416638 905.3685376793146 4.846272595226765 179.3553259819746 0.9277142435312271 419.1445199847221 5.49621457606554 10.10659234970808 2992.827984340489 1311.626763246953 26.20514220744371 317.1181873530149 223.1907229349017 11.27650390565395 18.75017048418522 17.73858255147934 3862.617984205484 4.649509161710739 640.2976074665785 1739.901936203241 1546.885762281716 316.6984572932124 14.67519173771143 1.029718473553658 36.00421565026045 2.531334415078163 0 31.70438660681248 3.906254105269909 0 0 0.1013942956924438 0.7454710528254509 0.1193813979625702 0.247883141040802 0.2270962744951248 8.291540302336216 0 24.22539416700602 0.0957711935043335 0 0.6356046795845032 2.6253672093153 45.99404984712601 57.30750381201506 0 0.6483045220375061 0.6175512000918388 1.583970926702023 0.6082096248865128 17.40647342056036 517.8017859831452 547.0794020444155 1.25306461006403 0 0.415216401219368 14.36400949954987 0 0 4.086536578834057 1.716541737318039 14.93713089078665 244.7109681814909 23.14318349212408 3.229926101863384 0.118196077644825 0 0.3291571438312531 0
1.141157388687134 0.4383586421608925 0.9192304685711861 1852.633302815259 9.531184457242489 165.4602820500731 37.41265852749348 276.9661359786987 930.7981615960598 1176.952297434211 22.56120727211237 4444.917920842767 1.423467099666595 146.9468074440956 204.9280524849892 0.1000171899795532 1.408619627356529 5.977327667176723 4.846272595226765 418.0089579969645 0.4777572229504585 2.578470572829247 1.346860349178314 446.2898244336247 0 8.976309731602669 6.841082580387592 1866.282701067626 244.3146113529801 1.999100767076015 0.4807839766144753 7.963744536042213 2.413597375154495 124.6192942410707 3.928023964166641 329.6898380219936 5.74113454669714 244.6963545531034 46.43527149409056 729.4388530477881 20.32249926775694 0.1523435562849045 3.115796893835068 0.3678133115172386 0.2918859571218491 0 69.55557052046061 0 3.458002924919128 102.558227583766 3.896857939660549 171.1262586265802 403.5428081080317 3.731641992926598 40.29793535917997 0.1817953065037727 0.7742094099521637 1.832954093813896 0.8585338294506073 0 0.1075203344225883 0 92.36164549738169 0 0.5804864317178726 0 122.8169552236795 0.1670031845569611 0 0.7702548131346703 249.5076472610235 2.024788543581963 0.5636905431747437 0 0.823150560259819 0.6858636662364006 2.43175346404314 0 142.6770472452044 0.1324196606874466 4.258539669215679 1.115407019853592 73.60843331366777 0.9557596445083618 1.065442979335785 0
70.53118245303631 31.11849246919155 351.5185059458017 0.5773725509643555 0.236251100897789 16.018200263381 886.7343230620027 346.9719158932567 55.73242161422968 15.70601467043161 69.25464132428169 0.8389016091823578 1.126174978911877 401.6724511533976 0.120268739759922 2256.665157660842 791.6626631468534 8.743258096277714 179.3553259819746 0.4777572229504585 10579.30657479167 164.2918398082256 7030.876859746873 92.82226566970348 1.523776181042194 17.67176385968924 637.3532295823097 3266.861891493201 242.933679446578 7730.28458160907 0.310025691986084 1.784979052841663 24.08598009496927 2989.347086556256 87.21807370334864 4581.675420120358 737.7268667221069 3415.840950131416 2219.674508228898 111.7949458658695 6.379479750990868 6.807846412062645 27.7032406181097 0.494271382689476 2.047508299350739 6.809914231300354 0.2898531183600426 0 0.07259064167737961 8.848875656723976 0.5500884875655174 4.379531718790531 0.5633029788732529 2.340352617204189 0 2.039873838424683 0.7298293337225914 0.2119612768292427 379.1107542663813 4.028737261891365 0.2939545214176178 0.3954299241304398 0.6440812051296234 415.3229983225465 127.7450481802225 145.1279962211847 159.5845777988434 0.2594134509563446 1.643318995833397 42.56766492128372 165.1519550159574 4.09920821338892 86.12703532725573 0 0.8422358632087708 2.053624741733074 2.196914382278919 13.49145947396755 482.1895871311426 16.66367866098881 7.601340085268021 2.923147216439247 3.636979542672634 0.3997433036565781 3.935335278511047 0
0 1938.849030695856 23.3029805123806 0.8928981721401215 2.044214650988579 1.673495002090931 7.846841417253017 0.8418388143181801 1846.548461377621 1.180824100971222 9.937980227172375 10.75571402907372 111.8851265758276 1.116666302084923 57.68336168676615 1256.913822680712 1.296423837542534 3.25094473361969 0.9277142435312271 2.578470572829247 164.2918398082256 559.6561880558729 420.696874499321 4655.071073397994 250.8651857376099 50.1599320396781 3815.880567885935 272.3916261717677 2.010871581733227 45.76986934989691 23.18330082297325 0.09647997468709946 1.675615727901459 18.76517601311207 0.4948287904262543 51.33082345128059 10.48314943909645 22.90698803216219 15.85911335796118 85.70003514736891 0.2919071912765503 10.0694887638092 0.3684312179684639 0.116567425429821 17.82606729120016 16.08372047543526 0.349960595369339 0 0 5.473488509654999 0.4907975494861603 6.503957465291023 0.2552575320005417 1.780939914286137 0.1238180845975876 2.886429116129875 0.7423001825809479 0.8159512281417847 1122.40563813597 1.080983243882656 0.2544208765029907 0.8153009936213493 0.7086868286132812 183.7425197064877 162.950066819787 476.4845170453191 127.0215506181121 2.353515192866325 2.640350937843323 750.1106887981296 84.1984171718359 2.471510797739029 24.08568920940161 0.5598919987678528 0 0.1483410149812698 1.405317306518555 0 56.91940077394247 8.701749108731747 8.259267635643482 6.311764724552631 1.120273768901825 0 0.1289661973714828 0
89.59024242311716 17.57000414282084 6180.104175552726 4.185317315161228 0.7632425725460052 28.66949041187763 1036.414212137461 895.7429376617074 18.4456767141819 48.33300702273846 129.8640570491552 2.896062403917313 1.349676549434662 861.8828100189567 0.09499070048332214 3617.430785708129 2726.660601653159 30.76881866902113 419.1445199847221 1.346860349178314 7030.876859746873 420.696874499321 11124.48080510646 834.1280260160565 0.6324425637722015 709.0500983446836 7944.932129263878 3766.919861286879 210.4733893796802 2950.306351445615 0 4.791901238262653 16.1413963213563 3162.109769575298 116.1424397230148 7068.284341111779 5695.836982652545 7246.724786050618 5411.662044599652 378.6486271172762 13.13308902829885 14.35215444862843 48.67859030514956 0.27911227196455 9.02502229809761 174.0538106709719 0.2972566932439804 0 0.3789316415786743 8.843379564583302 0.6760044246912003 2.778746277093887 0.9866387918591499 7.042051091790199 0.3473863452672958 1.204282522201538 0.5748618841171265 0.1025462001562119 1763.08881290257 5.649850659072399 0.09076974540948868 1.600494414567947 0.547713041305542 214.4900256916881 396.0945731401443 2495.77669724077 68.90418176352978 0.7561264410614967 8.16581229865551 1827.501006983221 66.53474256396294 0.8476837053894997 20.75693229585886 0.099229596555233 0 0.6841414421796799 8.521972820162773 28.78928834199905 273.5863051787019 105.1795923709869 64.01178814470768 45.13746064156294 3.453207038342953 0.2953539490699768 2.593421921133995 0.6693257093429565
38.41516324877739 987.8137361928821 37.05084066092968 859.1725804284215 10.92390274256468 114.239039182663 795.2422675564885 78.50099398940802 6212.244346603751 509.8593059703708 15.74363920837641 1038.833535216749 45.86377418786287 86.05651459097862 496.107943624258 823.8425664007664 28.51244904100895 5.370975747704506 5.49621457606554 446.2898244336247 92.82226566970348 4655.071073397994 834.1280260160565 6344.010246060789 77.51166148483753 35.62845400720835 3143.208683140576 6100.468330010772 545.6227167695761 1346.620850130916 8.195200033485889 3.312105588614941 101.8129408434033 412.244555272162 41.86499838531017 2139.166312336922 95.51247268915176 883.9690162763 380.3198650851846 795.1800735965371 76.51970798522234 5.140025265514851 18.12338560819626 6.897011741995811 8.874396450817585 15.20287649333477 104.3637135773897 0 16.29563462734222 887.1568920090795 29.40319912880659 850.6889464557171 485.5437037497759 4.926882848143578 34.88108240067959 3.682456694543362 22.32198469340801 6.843787081539631 177.3762919083238 6.049408167600632 0.3274641335010529 1.211438663303852 116.5278069004416 177.9488833248615 141.2534197717905 81.47984492778778 1433.988805778325 0.5019565969705582 4.729587145149708 99.14121121168137 2072.165421806276 45.78360674530268 146.8810036033392 0.512647919356823 1.606125928461552 7.954670540988445 22.21020229160786 7.228676818311214 451.1328798606992 9.029812045395374 58.57645684480667 21.25260073691607 205.4025712460279 13.73266971111298 1.106835655868053 1.784870818257332
0 727.7651077657938 0.3201714232563972 0 0 0.08526521921157837 0 0.1472335606813431 83.45900404453278 0.5521456524729729 555.8711430728436 0.4519746229052544 3644.175873324275 0.3954836800694466 2.940843984484673 2.917130649089813 2.283684961497784 37.32539974153042 10.10659234970808 0 1.523776181042194 250.8651857376099 0.6324425637722015 77.51166148483753 395.0562133789062 458.3877634629607 4087.505671836436 3.982954181730747 0.6437164917588234 0.7173624262213707 378.4095921963453 0.3544162511825562 0 503.9647411778569 0 45.16314237564802 220.0386069640517 705.7316288650036 107.2580706626177 4.626725979149342 10.5991910174489 485.0659491568804 5.078105807304382 0 17.36371970921755 0.1214011535048485 0 0 0 0.0889003723859787 0.4261671006679535 0.3158915340900421 0 155.3856043964624 0 612.7837511524558 0.2365000545978546 0 0.1428995430469513 0 22.81936210393906 1.957825861871243 0 0 0.3079193308949471 0.09863504022359848 0.3234153389930725 61.02651190012693 185.5838480815291 173.3734651431441 0.08440545201301575 0.636104479432106 0 59.467593498528 0.2965470552444458 0 2.514507278800011 0 3.663905456662178 71.24269260466099 15.4906075745821 1.078268274664879 0 0 37.99610787630081 0
11.87653621286154 351.2560097873211 6154.015727393329 1.520618706941605 2.553114749491215 19.86620651930571 36.47445743530989 113.7066033557057 39.99436838179827 38.08760496228933 1494.780212290585 26.59255485981703 220.7267039939761 139.1794559285045 0.9516280069947243 3.595517866313457 2391.066268265247 3601.217567756772 2992.827984340489 8.976309731602669 17.67176385968924 50.1599320396781 709.0500983446836 35.62845400720835 458.3877634629607 20693.56491300464 7869.751330658793 26.81076374650002 124.0066601186991 31.55623321980238 375.2357238531113 22.57949867099524 2.927520997822285 2546.708022356033 17.28666008263826 3273.94850705564 7900.678751982749 3612.255999736488 986.6210229843855 89.4351953715086 3.273118957877159 276.3790005668998 11.4141678288579 0.2889416366815567 554.5009166225791 69.08071488887072 0.3050127327442169 0 0 2.898597747087479 0.3733082413673401 0.9988562688231468 0.08424212038516998 250.6107356771827 0.08097224682569504 832.1159488260746 0.3197972550988197 0 1.042093276977539 42.79358609765768 285.5259752124548 268.4554407373071 0.1424447298049927 1.237079188227654 6.079556293785572 6.799674704670906 4.697744093835354 444.3990441709757 2945.503914617002 4337.233693815768 1.858416497707367 0.3759568929672241 0.6964642405509949 328.2731381133199 0.2504683136940002 0 32.89094354212284 5.141037076711655 95.6326931566 1434.752128377557 114.0292888656259 27.71067403256893 0.9917515069246292 0.3020919561386108 25.28563231229782 0
9.931834623217583 8311.047416038811 2640.439175494015 3.459535211324692 2.67449215054512 17.45994254946709 102.3831690251827 102.5950429737568 747.9189518019557 46.13713207095861 474.6432939842343 22.88293947279453 3398.304123662412 120.3035394474864 27.93585784733295 3436.91754630208 3678.287947483361 1185.178440131247 1311.626763246953 6.841082580387592 637.3532295823097 3815.880567885935 7944.932129263878 3143.208683140576 4087.505671836436 7869.751330658793 16767.4697009325 1686.042122021317 85.79601781070232 92.32033244520426 1109.752070203424 15.30898057669401 3.048251457512379 4333.040657989681 58.059001930058 6045.619035214186 4233.645818911493 7041.380096584558 1758.012765876949 308.5887137055397 6.146617189049721 125.7479840889573 25.29561235755682 0.6084839999675751 3854.637862421572 1297.317977644503 0.2103350982069969 0 0.2048466205596924 12.59863079339266 1.29486957192421 5.028167866170406 0.8743870854377747 175.2273865789175 0 576.5324306562543 1.746032275259495 0.1308146715164185 855.6017209887505 80.30320872366428 362.1812284141779 229.3772220388055 0.4060549437999725 24.86395278573036 1236.056740753353 1759.447703279555 50.9809502735734 1030.350057318807 3762.244612328708 15122.81150295585 35.29512374848127 0.7470829486846924 5.91948027163744 330.7881546989083 0.2167779207229614 0.0924452617764473 60.96882054954767 18.5663433149457 294.9899221807718 1546.827973477542 279.0368200689554 97.6431821808219 4.131113782525063 0.7236128225922585 13.75999553501606 1.626237794756889
77.69196503609419 38.52576364576817 393.8492976278067 1784.084113538265 5.179949752986431 676.4964933991432 10546.32693310082 359.8190992325544 1705.519767768681 8405.834377765656 26.2944862395525 1200.222142539918 3.429168321192265 267.4903647378087 68.50204533338547 797.741460390389 133.0381686091423 6.678823679685593 26.20514220744371 1866.282701067626 3266.861891493201 272.3916261717677 3766.919861286879 6100.468330010772 3.982954181730747 26.81076374650002 1686.042122021317 15731.66315909475 1479.08126937598 10029.10137937963 0.4800960570573807 7.74355099350214 448.9457023590803 1520.577009625733 110.6924141645432 4432.631822057068 206.8631931096315 2692.163782052696 1196.542252466083 515.1906277537346 96.85040201991796 10.08023308962584 38.65258837491274 7.418682299554348 3.199339374899864 11.12445773184299 85.12132928520441 0.4492904990911484 19.01742069423199 684.069180816412 23.51241014897823 440.8750393241644 401.9271972700953 12.4498653486371 32.02577925473452 1.830882169306278 17.51505209505558 4.147981680929661 180.0751929655671 5.254015490412712 0.3416896164417267 1.042429447174072 90.79935932904482 230.8015120401978 111.0567146018147 61.10171675682068 1225.579801730812 0.5043714269995689 2.8713259100914 68.12751161307096 1734.740644067526 42.80262813717127 186.602058313787 0 1.94361899793148 7.463271468877792 21.61609464883804 9.435996815562248 418.7276865765452 12.59895943850279 48.418970502913 23.05492606014013 149.0864093974233 9.374449506402016 2.872929193079472 2.559710450470448
2592.494242615998 0.4525651484727859 182.6080383583903 107.170970723033 21.48231449723244 360.0221335068345 1920.786958158016 1094.464743666351 48.8239326402545 1479.434744790196 432.4658944681287 497.5017137303948 13.42264168709517 4530.384487338364 3.991970367729664 2.612367078661919 608.4446490705013 92.07474004477262 317.1181873530149 244.3146113529801 242.933679446578 2.010871581733227 210.4733893796802 545.6227167695761 0.6437164917588234 124.0066601186991 85.79601781070232 1479.08126937598 13918.17671678215 4510.606848545372 4.145773820579052 233.4082120582461 2294.891139395535 3181.303039886057 7.221066951751709 699.2877973616123 35.66501545906067 1646.103985503316 233.1711790636182 214.1242145821452 131.2302454859018 1.394179672002792 5.011295646429062 0 0.08507822453975677 0.9983170479536057 1.927349507808685 0 2.291326731443405 48.25935784727335 0.7530677020549774 15.70785940438509 13.25803845375776 2.912100911140442 1.248684041202068 0.1283297389745712 0.6294367834925652 0 4.743297092616558 0.6250515878200531 0.1035521253943443 0.1241236254572868 2.200512260198593 7.977111496031284 2.582710437476635 1.418606646358967 65.12532048672438 0 1.506020247936249 3.861867688596249 110.7316171079874 3.097701355814934 9.063122734427452 0.1347906440496445 0 0.5465767532587051 0.612041100859642 2.098685786128044 40.30200783163309 0.6511305272579193 3.683830976486206 1.199201308190823 12.56485071778297 0.5447333157062531 0 0
