143.1644765436649 0.1324193328619003 0.8340580016374588 11.70029775053263 1.808208078145981 67.11803578585386 3982.5558937639 607.0326056107879 3.895508900284767 158.2988228425384 0.3473791927099228 0.1674016267061234 0 1445.631951235235 0 0.9450187832117081 33.03335349261761 0 0.4300508797168732 27.21538203209639 5.107998065650463 0.84116330742836 10.13163924962282 93.67634273320436 0 2.608823247253895 0.5842737555503845 336.9530988708138 1733.782550558448 1166.693684950471 0 37.38653826713562 354.7570605576038 120.9437430799007 2.291452676057816 39.02985928952694 1.259580790996552 118.0551441907883 39.94401523470879 15.04602835327387 7.578249827027321 0 0.3949688971042633 0.1165574416518211 0 0 0 0 0 2.926627859473228 0 4.225774928927422 0 0 0 0 0 0 11.08692502975464 0.535470575094223 0 2.273710697889328 2.003758192062378 20.14999255537987 3.240064769983292 4.804116621613503 69.3856163918972 0 0.6109029650688171 0.367319256067276 56.29519716650248 0 23.9302562251687 0 0.4798524081707001 0 0 0.8691534996032715 1.347903624176979 0 3.444208912551403 0.2280272543430328 1.34342223405838 0.9206821918487549 0 0.2547524869441986
0.1324193328619003 99.46005156636238 839.0909388363361 0 0.1361168026924133 0 5.615532390773296 0.9189115837216377 28.69582569599152 0 36.46283349394798 0 271.6405491605401 0.3377747312188148 0.2247069627046585 325.6590686291456 19.83907005190849 1.187638960778713 43.47340743988752 0 16.26448007673025 2626.798471495509 184.4864881411195 117.8391792327166 1084.418952099979 2312.887091733515 5103.572239421308 20.47014167904854 0.3661246299743652 7.951035015285015 62.44558826088905 0 0 22.52630992978811 0.2129356563091278 48.85960444808006 72.9985109269619 33.66684361547232 14.72535312920809 2.750629246234894 0 9.398834921419621 0 0 74.50498263537884 41.07135886698961 0 0 0 0.09397942572832108 0 0 0 1.902782842516899 0 8.352748230099678 0 0 3.577952891588211 40.00196931511164 0 32.75645262002945 0 0.6091089248657227 52.61977541446686 10.05946453660727 0.8359100595116615 84.15689614415169 1035.994184277952 1319.883898347616 0.6940551549196243 0 0.1283004879951477 0.8871495276689529 0 0 1.067922301590443 0 1.441443130373955 9.814181715250015 5.902787402272224 1.706507936120033 0 0 1.990227207541466 0
0.8340580016374588 839.0909388363361 3604.621122911572 0 0 0.2973272800445557 22.43077677488327 1.78076508641243 0.2020671963691711 0 2.879395768046379 0 4.44925157725811 1.803752534091473 0 80.56856285780668 904.6524173989892 1.790645726025105 93.26351462304592 0 881.518579185009 8.065582029521465 9230.278467476368 2.828000202775002 53.83066409081221 6010.087105616927 4829.380474314094 254.4389790967107 5.97203703224659 101.1869123354554 0.5416129380464554 0.1749288961291313 1.175389349460602 196.2646192982793 3.891476340591908 294.3958515748382 1301.119497895241 323.0521529614925 174.7003605216742 22.15447904169559 0.1665349304676056 0.4206347987055779 1.23033744841814 0.1810608878731728 308.4187619462609 772.9022316634655 0 0 0 1.189522109925747 0.4851132109761238 0 0 1.545665822923183 0 4.566437244415283 0.316231869161129 0 5.910945907235146 519.5576685220003 0.1005082502961159 139.9090391770005 0.1466186046600342 4.500003643333912 12.17664928734303 47.65279176831245 0.08758658170700073 21.23962314426899 282.0952632799745 3992.890350453556 2.634901411831379 0.6101160123944283 5.236186780035496 0.3623474687337875 0 0 21.18789137154818 3.279064148664474 25.43873674422503 26.81422594934702 87.90959138423204 26.29825878143311 0.3565549850463867 0 0.1337246000766754 0.4124967753887177
11.70029775053263 0 0 895.371306091547 0.2185863107442856 65.60506951063871 195.8067743554711 50.62151551991701 1187.004015892744 2542.825933068991 0.1121800243854523 34.00798795372248 0 45.0023078918457 22.15388984978199 0 0.08887936919927597 0 0.09518595784902573 1687.414291284978 0.5334355384111404 4.006118297576904 0 1414.213468827307 0 0.08754567801952362 0.5301700234413147 850.077439121902 21.77623085677624 0.7124022766947746 0 4.376093633472919 0 17.44628224521875 3.806327044963837 110.6442901194096 0.4197848737239838 35.4405450746417 37.76592502743006 287.5575793534517 17.63893982023001 0 8.408813074231148 0 0 0.7873523831367493 117.2177981734276 0 1.99467696249485 53.88649845868349 3.493452101945877 93.06698596477509 40.00036056339741 0.2680718302726746 14.10885240882635 0 0.8080520629882812 1.69220569729805 2.639743760228157 1.954976730048656 0 0.271550826728344 76.7713443338871 13.32375848293304 4.066705733537674 3.412826031446457 413.49499386549 0 0.5601374059915543 0.5194785669445992 369.9606149792671 1.46278789639473 24.01430916786194 0 0.2404296472668648 0 3.569698072969913 3.621900796890259 37.74801902472973 0.4053236544132233 2.105631604790688 0.4258534088730812 85.12606652081013 0 0 0
1.808208078145981 0.1361168026924133 0 0.2185863107442856 0 114.9014083296061 13.402100302279 15.85859084874392 0.9065577462315559 24.70108214765787 10.84958089888096 34.85182538628578 0.5973089635372162 77.81418148428202 236.4628524631262 0 0.4697063118219376 1.048530526459217 1.179520957171917 15.4993706792593 0.2201839834451675 0 0.2397875487804413 2.382200412452221 0.7442017048597336 3.964482329785824 0.7677280008792877 7.707094855606556 11.77078238874674 6.055526956915855 0 0.1238350719213486 0.6316832005977631 141.6897609606385 0 15.9727979823947 2.003454968333244 57.98169861733913 18.91725122183561 209.7274973168969 15.93331471085548 0.7230178713798523 0.3748670518398285 0 0 0 0 0 0 0 0 0 0 0 0 0 0 0 0 0 0 0 0 0 0 0.1012149900197983 0.1114790663123131 0 0.3909957706928253 0 0 0 0 0 0 0 0 0 0 0 0 0 0 0 0 0
67.11803578585386 0 0.2973272800445557 65.60506951063871 114.9014083296061 4477.143330067396 1563.132268846035 2552.038710676134 23.22017167508602 9561.699073411524 20.42930147796869 2081.006489671767 21.26603844761848 560.4730682075024 382.0004314631224 0.3487339094281197 4.63859997689724 2.193435445427895 2.711676344275475 1069.421561822295 5.584321200847626 1.941365249454975 1.760584034025669 58.19628072530031 1.711260765790939 6.457529239356518 1.541484735906124 965.0043335109949 187.6242246776819 74.71409729123116 0 178.6685874164104 1.548052787780762 277.2030849456787 0.4496886283159256 24.94199136644602 10.91889919340611 199.4851013869047 67.71442994475365 1534.756678566337 53.24620828032494 4.322842836380005 4.78179669380188 0 0 0 0.6045083701610565 0 0 0.7346635684370995 0 0.9644140675663948 0.09452243149280548 0 0 0 0.1165269166231155 1.772690176963806 0.3671952858567238 0.2942141443490982 0 0 3.021122142672539 1.328020974993706 0.3504141718149185 0.6043429225683212 9.297028042376041 0 0 0.5062289535999298 9.932618372142315 0 1.030919075012207 0 0 0 0.09482282400131226 0 1.850674614310265 0 0 0 14.86983020603657 0 0.2515802681446075 0
3982.5558937639 5.615532390773296 22.43077677488327 195.8067743554711 13.402100302279 1563.132268846035 3637.059368565679 3399.33015692234 85.02713861316442 3409.622241772711 4.295598536729813 19.29778220504522 9.408842816948891 4375.81139408052 6.209503300487995 34.59590639919043 251.8192173540592 0.982482984662056 3.38740074634552 205.5638644099236 372.2739696502686 143.289541579783 146.1480647176504 2354.183345958591 3.986716531217098 29.33484937995672 11.88390137255192 11482.29735413194 1527.977267801762 2219.319183140993 0.1372551918029785 146.5894600823522 81.04015795886517 972.7564496397972 189.3508021011949 1757.513239756227 13.50315424799919 914.6646203547716 1063.476191788912 1032.588776245713 323.5655090734363 4.172829151153564 175.669327609241 0 0.1653617918491364 1.463843435049057 9.550129346549511 0 0.3189228177070618 22.42635441571474 1.128920219838619 24.73162121325731 4.485897868871689 0 0.1342905312776566 1.94295808672905 0.3541635870933533 0 41.74630050361156 3.344944059848785 0 0.5420076251029968 4.713476151227951 52.12599741667509 15.71373497694731 46.99316397309303 143.684066221118 0 0.8601673021912575 9.896848678588867 121.154302701354 1.646750912070274 36.4454221278429 0 0 0 3.358717575669289 14.51053987443447 38.19856016337872 2.554076626896858 3.310799151659012 10.6312712803483 9.31457607448101 0.1545285731554031 0.8075851202011108 2.97376212477684
607.0326056107879 0.9189115837216377 1.78076508641243 50.62151551991701 15.85859084874392 2552.038710676134 3399.33015692234 5522.23738013953 6.101477719843388 1870.375159434974 106.2048214748502 307.9550263062119 28.48277953267097 3281.211404964328 20.48149141669273 1.693570055067539 43.03732109814882 13.93848523497581 8.028963670134544 720.3611389696598 16.3295693397522 5.370552882552147 9.706577874720097 225.9011377766728 9.341719374060631 37.62636861950159 9.823775731027126 922.570123989135 697.4477156996727 960.1947087012231 0 87.66544639319181 54.14708261191845 1339.103033304214 3.756508521735668 174.4039500355721 17.85775156319141 880.7176700755954 131.8736850395799 988.7950215190649 173.5253523290157 13.05579961836338 7.625675559043884 0 0.09525226801633835 0.5645542591810226 1.419736169278622 0 0.2312715649604797 3.427953012287617 0 3.255121178925037 0.3155707716941833 1.652431190013885 0 0.6345578879117966 0 0 5.507177956402302 0.5390222892165184 0 0 1.489139258861542 15.5759250447154 1.570059143006802 5.992574341595173 60.85792122781277 0 2.778214648365974 1.122143998742104 43.46815071254969 0 11.2647377550602 0 0 0 1.047077007591724 0.2810454964637756 7.896500058472157 0.2712523192167282 1.394005939364433 0.1926253587007523 0.1428506821393967 0 0 0
3.895508900284767 28.69582569599152 0.2020671963691711 1187.004015892744 0.9065577462315559 23.22017167508602 85.02713861316442 6.101477719843388 1245.205895453691 115.5625441074371 0 221.2296017855406 1.927060589194298 6.523592442274094 244.3235077559948 2.160978004336357 0 0 0 566.887811973691 0 595.8594723269343 0.5567409843206406 4614.014996021986 9.581150151789188 3.14460139721632 11.81630605459213 970.2621862441301 4.08768742531538 0.5822029113769531 0 0.4355837926268578 0.1512181460857391 0.5878987461328506 0.8498146831989288 28.51500560343266 0.5635903477668762 4.061562180519104 0.9840154051780701 215.4792709648609 0 0 1.034830242395401 0 3.006435565650463 4.541890829801559 103.9138457104564 0 3.395479753613472 35.43538067489862 2.12527022510767 436.1075885146856 19.52365522831678 4.427640005946159 70.8825938180089 0.5334141254425049 1.00057116150856 21.10765890777111 181.7560710832477 2.197046086192131 0 0.6348466575145721 70.52954053133726 146.0109045729041 116.4998164996505 111.3104106336832 1828.777646198869 0.1437617242336273 2.304567731916904 45.46958506852388 843.3862642124295 0.1046280786395073 54.14718924462795 0 0.3888039290904999 0 5.932702518999577 0.3315786421298981 89.4059064462781 3.477570489048958 8.9751832857728 5.163889095187187 253.1369891613722 0.5937205404043198 1.163173317909241 2.139956533908844
158.2988228425384 0 0 2542.825933068991 24.70108214765787 9561.699073411524 3409.622241772711 1870.375159434974 115.5625441074371 10903.25189822167 7.877326868474483 3084.263481907547 3.092182874679565 1127.103416472673 29.03215020895004 0 1.18042354285717 0.586197592318058 1.59674159437418 5436.864305630326 0.5754524245858192 0.4188093543052673 0.762321725487709 398.7059143707156 0.3599880635738373 3.240832544863224 0.6236450150609016 5006.868186965585 242.4356972500682 7.283051818609238 0 164.9768966287374 0 263.1612112745643 11.46189600229263 69.21406234800816 1.745758257806301 533.2406963333488 109.452515527606 561.7209884002805 142.1151087880135 2.625824928283691 24.04060484468937 0 0 0.2830682694911957 31.23781179636717 0 1.320400699973106 23.75347974896431 0.2470896989107132 6.636855557560921 13.3299563229084 0.5472046956419945 5.809306383132935 0 0 0 0.1367196887731552 0.6519405543804169 0 0 93.31014187633991 4.725990504026413 0.1647277921438217 0.4532649219036102 94.45167955756187 0 1.175128735601902 0.1313707232475281 91.88157127797604 0 7.554213970899582 0 0 0 1.105676293373108 0.6350656747817993 12.70695038884878 0 2.229266732931137 0.9013279974460602 28.83169509470463 0 0 0
0.3473791927099228 36.46283349394798 2.879395768046379 0.1121800243854523 10.84958089888096 20.42930147796869 4.295598536729813 106.2048214748502 0 7.877326868474483 4955.804198935628 2.471340343356133 1522.344526641071 16.16872297227383 0 3.23858755081892 126.5983631834388 1889.303675338626 862.0766148939729 3.448812931776047 3.384460292756557 6.566027902066708 6.47954136133194 1.2788225710392 1438.349932327867 1272.559490837157 1025.899772256613 4.284619256854057 20.68356907367706 4.177068576216698 152.2693498432636 32.2364387139678 0.9468671604990959 2934.523449398577 13.84781098365784 520.7003739029169 4197.778648741543 4328.21791511029 3342.120171733201 48.33830191195011 24.28972588479519 274.6324421092868 17.86681811511517 0 9.492281883955002 0.2747107669711113 0 0 0 0 0 0 0 439.2856605947018 0 836.7755256444216 0 0 0 0.3783659040927887 27.22008556127548 0.1788012385368347 0 0 1.80540719628334 0.1427084505558014 0.922695979475975 121.8347232118249 766.0352679118514 289.6239608153701 0 0 0.07892986387014389 205.4453508108854 0 0 0.692683532834053 4.978232130408287 18.2422187551856 34.56489876657724 1.241999432444572 2.250976055860519 1.251643061637878 0 17.62981034815311 0
0.1674016267061234 0 0 34.00798795372248 34.85182538628578 2081.006489671767 19.29778220504522 307.9550263062119 221.2296017855406 3084.263481907547 2.471340343356133 4823.543882116675 1.328147739171982 21.38126800954342 903.063149265945 0 0.1473052948713303 1.219363130629063 0.1212571486830711 2363.541616536677 0 0.1396702378988266 0.1352164447307587 14.5774777084589 0 1.477228544652462 0.1938995942473412 40.14715291559696 77.98049409687519 0.1468423306941986 0 60.69604623317719 0.1397551149129868 70.70434223860502 0 70.56882098317146 2.214494280517101 118.8290186747909 12.63749165087938 1213.764424882829 15.81072156876326 0.2325378358364105 1.592704594135284 0 0 0 22.47112616896629 0 2.66167688369751 2.950524568557739 1.436557203531265 20.62983538210392 1.82075472176075 0.1966269761323929 26.73334956169128 0 0 4.718889713287354 0 0 0 0 55.33118027448654 0 0 0 34.1157044544816 0 0.1367757320404053 0.1065580472350121 24.10028296709061 0 4.989251613616943 0 0 0 0 0 74.57177197933197 0 0 0 224.4995711743832 0 0 0
0 271.6405491605401 4.44925157725811 0 0.5973089635372162 21.26603844761848 9.408842816948891 28.48277953267097 1.927060589194298 3.092182874679565 1522.344526641071 1.328147739171982 1656.882931187749 4.115444615483284 0 39.87283656746149 15.10531345009804 862.3813085705042 7.849870711565018 4.993883326649666 5.263560526072979 84.98236502707005 22.61985248327255 7.599081061780453 2275.436813868582 725.210066460073 618.1753075942397 3.989907018840313 1.201688930392265 12.94798807799816 184.954602047801 2.376703605055809 0.7311292290687561 274.6178843975067 69.39707499742508 1369.284940294921 4857.6033430323 917.4815602377057 1067.724362529814 87.24605236202478 21.16574250161648 1180.946170501411 63.32886344194412 0 20.57843044400215 0.4519273787736893 0 0 0 0 0 0 0 757.2959982082248 0 1339.880941927433 0 4.955900192260742 0.5049267411231995 0.2094586938619614 27.9657516181469 0.2924663573503494 0 1.874136388301849 3.023949965834618 0.6201480031013489 2.71992301940918 110.5377502441406 704.3599251285195 264.2907188013196 0 0 1.53948974609375 225.5047866925597 0 0 0.2698788642883301 26.78101991117001 248.3291006013751 132.9657076969743 6.697396367788315 5.779126703739166 0.6250863671302795 0 71.62813328206539 2.173409461975098
1445.631951235235 0.3377747312188148 1.803752534091473 45.0023078918457 77.81418148428202 560.4730682075024 4375.81139408052 3281.211404964328 6.523592442274094 1127.103416472673 16.16872297227383 21.38126800954342 4.115444615483284 3026.815853498876 0.8334033638238907 1.620046995580196 45.31323181092739 3.741506278514862 3.856309793889523 241.4342800080776 13.0362589135766 4.127685852348804 10.17869171500206 198.0290788412094 0.73560681194067 13.64172551035881 4.61261460930109 1096.510952115059 3790.911311931908 1521.021027237177 0 741.4411797001958 437.3822421506047 458.1200530529022 0.7615710869431496 80.75272032245994 5.94016095995903 658.7177239134908 69.84580220282078 160.4440354704857 42.90026897937059 1.313623204827309 9.611952528357506 0 0 0.2368761450052261 0.659868448972702 0 0 2.947952166199684 0 5.86848396062851 0 1.304258204996586 0 0.1013945862650871 0 0 14.28158430755138 0.8567475080490112 0 0 0.6750162094831467 22.00865104049444 3.522657997906208 6.221559040248394 80.89376699924469 0 0.5086005702614784 0.9822681918740273 50.37761183083057 0 18.18684283643961 0 0.1220413967967033 0 2.773590870201588 0.2060907185077667 3.723597817122936 0 1.397177338600159 0.3296835795044899 1.832165747880936 0.3167315423488617 0 0
0 0.2247069627046585 0 22.15388984978199 236.4628524631262 382.0004314631224 6.209503300487995 20.48149141669273 244.3235077559948 29.03215020895004 0 903.063149265945 0 0.8334033638238907 677.0924690961838 0 0.108636163175106 0 0 31.03077968209982 0 14.86431566625834 0 190.885631993413 0 0 0.1136914938688278 13.51423869282007 0.5695909261703491 0 0 0.6086086481809616 0 0 0 9.019606828689575 0 0 0 981.1540567278862 0.7629066705703735 0 0 0 0 0 0.9408939182758331 0 0 0 0 0 0 0 0 0 0 0 0.3125266581773758 0 0 0 0.3597423434257507 0.1611033827066422 0.4788578599691391 0.1265589743852615 2.698180645704269 0 0 0.6486701145768166 2.51767835021019 0 0 0 0 0 0 0 5.29760380089283 0 0 0 8.130311846733093 0 0 0
0.9450187832117081 325.6590686291456 80.56856285780668 0 0 0.3487339094281197 34.59590639919043 1.693570055067539 2.160978004336357 0 3.23858755081892 0 39.87283656746149 1.620046995580196 0 2339.574842505157 68.50026221573353 0.2317147925496101 3.852810882031918 0 1440.742544449866 1463.628579735756 4791.22725405544 285.1494956761599 200.7466092035174 91.8766880184412 3190.316724926233 2577.110400669277 9.822376973927021 62.58658014982939 1.513237334787846 0.3631143420934677 2.400849632918835 216.4626144766808 39.18050215393305 2676.598967432976 997.7135121673346 414.3007374331355 575.3227076902986 72.55852640420198 3.199677474796772 77.19553390145302 11.13005709648132 0 23.31797559559345 97.49615754932165 0 0 0 1.807458654046059 0 50.70436158776283 0 47.76324188709259 0 21.57247653603554 0.07592561095952988 0 591.3162255883217 4.65296309441328 0 0 0 377.8687515631318 394.4233001247048 1433.27622615546 174.9807961583138 2.558116011321545 2.791410952806473 803.3795142620802 85.68162202835083 0 50.45298636704683 0 0 0 9.883541956543922 5.844546243548393 247.7350561693311 23.26740984618664 17.74070021510124 14.43418661504984 1.139814853668213 0 36.46571773290634 1.487591937184334
33.03335349261761 19.83907005190849 904.6524173989892 0.08887936919927597 0.4697063118219376 4.63859997689724 251.8192173540592 43.03732109814882 0 1.18042354285717 126.5983631834388 0.1473052948713303 15.10531345009804 45.31323181092739 0.108636163175106 68.50026221573353 154.9388476833701 227.7050356790423 2375.627234190702 0.1416285037994385 1420.97684469074 2.334624297916889 1235.347136326134 14.1792471036315 25.4550302028656 1836.752049908042 2886.191074371338 724.1339002475142 253.6095297783613 2926.412982925773 0 5.687060184776783 15.32596635818481 1084.996680721641 15.95531296730042 937.3182291015983 754.5458966270089 2696.787112675607 817.3072969838977 107.4905771687627 4.450543478131294 0.9841533377766609 5.654967360198498 0 9.526686079800129 16.04810016602278 0.3996180891990662 0 0 0 0 0 0 0.2114761024713516 0 0.3077706769108772 0 0.2626553773880005 2.612865850329399 22.06515424698591 0 9.017706528306007 0 0.6463782489299774 4.087434321641922 6.289804011583328 0.127710372209549 4.425375431776047 183.3488817065954 297.0133104771376 0.4940754324197769 0 0.225821316242218 0.124631866812706 0 0 0.2909273207187653 11.47711826115847 3.573848754167557 1.013123616576195 2.466174937784672 1.269623190164566 0 0 0.2596677243709564 0
0 1.187638960778713 1.790645726025105 0 1.048530526459217 2.193435445427895 0.982482984662056 13.93848523497581 0 0.586197592318058 1889.303675338626 1.219363130629063 862.3813085705042 3.741506278514862 0 0.2317147925496101 227.7050356790423 123.6454411298037 1378.140470705926 1.342750638723373 1.644502505660057 0.3490800932049751 2.07114227861166 0.1433254480361938 337.3487333953381 3015.851481854916 2009.183064259589 1.096664689481258 2.681237332522869 1.152900882065296 118.0953181236982 6.4165945276618 0 649.628895714879 1.695566296577454 226.162647895515 436.5786425471306 928.4152644872665 473.4558191075921 18.18096841499209 0.7371053397655487 1.984672874212265 1.928981684148312 0 0.1385513544082642 0 0 0 0 0 0 0 0 3.411722585558891 0 7.314843252301216 0 0 0 0.1560765951871872 0.7052954435348511 0.1303269267082214 0 0 0 0 0 6.554625399410725 39.60173521190882 16.85132678598166 0 0 0 1.724759414792061 0 0 0 0.260443240404129 5.560656063258648 0.4948378205299377 0.1111091673374176 0.3361468315124512 0 0 0 0
0.4300508797168732 43.47340743988752 93.26351462304592 0.09518595784902573 1.179520957171917 2.711676344275475 3.38740074634552 8.028963670134544 0 1.59674159437418 862.0766148939729 0.1212571486830711 7.849870711565018 3.856309793889523 0 3.852810882031918 2375.627234190702 1378.140470705926 983.2114588022232 0.7900485098361969 17.93884427845478 1.516829311847687 29.5117654800415 0.393244743347168 716.9202909618616 4527.762835584581 1791.11198310554 13.76330358535051 3.09522745013237 12.59441129118204 0.2244372665882111 2.636731490492821 0.1752635985612869 914.9287505075336 1.656047239899635 246.873597048223 153.2516506910324 1326.033473484218 213.8745461925864 25.4925521761179 0.6854953765869141 0.1322341859340668 1.761990234255791 0 0.8504966795444489 0.4153818935155869 0 0 0 0 0 0 0 0.2027361392974854 0 0.8442047536373138 0 0 0 1.330833315849304 0 1.920530289411545 0 0 0 0 0 11.25305157899857 121.4057196080685 71.19888111948967 0 0 0 0 0 0 0 0.8082424849271774 1.468423001468182 0 0.289132222533226 0.9573849439620972 0 0 0 0
27.21538203209639 0 0 1687.414291284978 15.4993706792593 1069.421561822295 205.5638644099236 720.3611389696598 566.887811973691 5436.864305630326 3.448812931776047 2363.541616536677 4.993883326649666 241.4342800080776 31.03077968209982 0 0.1416285037994385 1.342750638723373 0.7900485098361969 328.7954524457455 0.2349116653203964 0 0.08995425701141357 278.920614823699 0.8091154471039772 2.1735555306077 0.52435302734375 2735.720263250172 169.473482966423 1.925737492740154 0 90.50393012166023 0.9244637489318848 291.0761363059282 6.365600794553757 83.09998957067728 1.414758712053299 661.0021684244275 134.0005910545588 804.8902011439204 215.6135796308517 1.870852924883366 47.4534684792161 0 0 0 125.0144800245762 0 2.030307434499264 63.08533998578787 1.193573020398617 68.26619796454906 44.09494921565056 0.2855391651391983 23.24430149793625 0 1.643691718578339 3.742083311080933 0 1.258388519287109 0 0.216131329536438 119.6954767927527 4.49812126159668 0 0.863901674747467 321.6095041930676 0 0.615508571267128 0 263.6362836882472 0.1105832383036613 22.33184713125229 0 0 0 2.427713513374329 1.690130352973938 75.79956121742725 0.5413711667060852 2.102013453841209 1.298355281352997 183.0330505818129 0.613868236541748 0 0
5.107998065650463 16.26448007673025 881.518579185009 0.5334355384111404 0.2201839834451675 5.584321200847626 372.2739696502686 16.3295693397522 0 0.5754524245858192 3.384460292756557 0 5.263560526072979 13.0362589135766 0 1440.742544449866 1420.97684469074 1.644502505660057 17.93884427845478 0.2349116653203964 6304.980954274535 420.9431346878409 11519.61531199515 317.0819586291909 43.23928575962782 305.5342006310821 1030.097737029195 2161.586755909026 25.67333536595106 5688.635558649898 0.09425651282072067 0.9574259370565414 6.914192900061607 1773.324938714504 32.70944084972143 1375.656475864351 764.5492077022791 2387.914800524712 1049.10197493434 81.35849312320352 5.780645690858364 17.80339024960995 13.26795094460249 0 2.583672247827053 18.41010453552008 0 0 0 0.1628816872835159 0 5.912153244018555 0 5.22283373773098 0 3.365928769111633 0 0 112.2162278592587 2.006510406732559 0 0.3579817563295364 0 50.62936609238386 54.37010949850082 414.2909426689148 30.30516912043095 0.6209922134876251 1.758572243154049 154.1752528324723 10.31094670295715 0 2.006245642900467 0 0 0 1.536602690815926 7.315792500972748 92.94328204542398 2.60523497313261 3.07894179970026 1.711002729833126 0 0 5.298152267932892 4.036798238754272
0.84116330742836 2626.798471495509 8.065582029521465 4.006118297576904 0 1.941365249454975 143.289541579783 5.370552882552147 595.8594723269343 0.4188093543052673 6.566027902066708 0.1396702378988266 84.98236502707005 4.127685852348804 14.86431566625834 1463.628579735756 2.334624297916889 0.3490800932049751 1.516829311847687 0 420.9431346878409 1298.69419002533 552.1113223582506 3872.992540329695 585.6547872722149 274.0696032270789 1922.608670033514 871.0206865444779 14.85433162748814 192.839748352766 12.53617333620787 0.2255179882049561 2.871043309569359 37.14371432363987 7.504097163677216 517.7634646818042 113.6015203148127 57.6345988959074 65.62596510350704 25.79876450449228 0.5947127044200897 55.85560297966003 4.72032967209816 0.1135151013731956 121.3789588734508 280.1893052384257 0 0 0.1954568028450012 2.212562136352062 0 116.5729797631502 0.9074585139751434 43.86078950762749 0 17.33995121717453 0 0 810.7836338281631 21.34121748059988 0 1.233867637813091 0 503.0164854675531 498.3103978633881 1242.16637583077 379.1520424634218 8.243029400706291 15.34992189705372 1498.102180525661 106.2779940217733 0 39.52091754972935 0 0 0 11.71951442211866 0 263.0920017436147 33.42460355162621 19.64350236952305 10.92259155213833 1.18028362095356 0 33.28644800186157 3.058359295129776
10.13163924962282 184.4864881411195 9230.278467476368 0 0.2397875487804413 1.760584034025669 146.1480647176504 9.706577874720097 0.5567409843206406 0.762321725487709 6.47954136133194 0.1352164447307587 22.61985248327255 10.17869171500206 0 4791.22725405544 1235.347136326134 2.07114227861166 29.5117654800415 0.08995425701141357 11519.61531199515 552.1113223582506 11368.45655185729 117.0750457569957 106.1402267515659 2404.33430711925 8938.67725084722 1870.364508107305 50.45648323744535 5640.046688809991 0.7627329081296921 0.9064790979027748 2.475904539227486 2074.726192094386 145.8065509349108 6754.70335880667 3401.83311855793 4747.413630478084 4255.23183876276 621.1280587390065 21.53715721517801 36.78798494488001 84.84041106700897 0 34.29429602622986 428.2418474555016 0 0 0 1.540461480617523 0 4.109244748950005 0 14.5811722651124 0 5.677548259496689 0.1403309255838394 0.2427865415811539 140.1026888415217 48.97896348685026 0 6.834870733320713 0 35.59897689521313 145.035905957222 938.3901824206114 20.93556624650955 3.052398279309273 18.10927020013332 1645.352155715227 10.06959526240826 0.1017822250723839 6.18751510232687 0 0.08215786516666412 0 9.097295641899109 46.94530764222145 182.0291390195489 23.37177168577909 36.91084221750498 25.74381647258997 7.387266308069229 0 19.4236803650856 4.865104056894779
93.67634273320436 117.8391792327166 2.828000202775002 1414.213468827307 2.382200412452221 58.19628072530031 2354.183345958591 225.9011377766728 4614.014996021986 398.7059143707156 1.2788225710392 14.5774777084589 7.599081061780453 198.0290788412094 190.885631993413 285.1494956761599 14.1792471036315 0.1433254480361938 0.393244743347168 278.920614823699 317.0819586291909 3872.992540329695 117.0750457569957 3582.73516472429 35.21537132561207 20.54384077340364 65.22587624937296 6002.65054962039 638.6828436553478 161.7017670720816 0.991157628595829 22.83439674973488 140.4925650730729 325.6869683787227 37.90043041110039 1468.398062810302 50.24831365048885 391.8747234269977 350.4691366180778 910.4131946377456 39.29575392603874 4.072807908058167 20.09726146608591 1.328040257096291 9.758731938898563 24.06459657847881 162.8429864123464 0 3.96965678781271 175.1711051166058 7.268522351980209 887.4216183796525 64.93942369520664 4.79181881248951 24.89909552782774 3.089325398206711 4.704209692776203 0.2214436680078506 987.8158085569739 29.74469423294067 0.2947936877608299 2.470042839646339 124.3610812872648 794.2148171961308 524.1721217557788 478.2185812592506 3533.975589089096 1.38712977617979 8.461694203317165 159.230962254107 2360.501184150577 4.319319888949394 580.6047916933894 0 1.902293980121613 0 42.77308861166239 6.275369331240654 157.0289834588766 15.52254632860422 56.26716366410255 35.12426057457924 206.6280379369855 3.80023030936718 3.062068074941635 2.077703163027763
0 1084.418952099979 53.83066409081221 0 0.7442017048597336 1.711260765790939 3.986716531217098 9.341719374060631 9.581150151789188 0.3599880635738373 1438.349932327867 0 2275.436813868582 0.73560681194067 0 200.7466092035174 25.4550302028656 337.3487333953381 716.9202909618616 0.8091154471039772 43.23928575962782 585.6547872722149 106.1402267515659 35.21537132561207 147.5578597486019 1372.651464819908 1069.249210238457 11.08254139125347 2.146542586386204 29.84285622090101 548.2489546984434 1.168091505765915 0.4092025756835938 367.724632397294 5.208517834544182 427.8591148778796 718.1871520280838 593.9495204612613 300.6668969541788 15.88089971989393 25.05221033096313 412.5690876692533 16.38689886778593 0 132.6605693995953 0.7579602226614952 0 0 0 0 0 0 0 299.5859264805913 0 890.1747614219785 0 0 0.5800703018903732 3.141524091362953 7.698312774300575 3.599763914942741 0 0.2614233493804932 42.58517768979073 0.5062721818685532 0.929542563855648 124.985712274909 566.2753583416343 436.5773533806205 0 0 0 54.53382431715727 0 0 0.1475656181573868 0 89.03382773697376 16.18800133466721 21.43806178122759 0 0.3030807375907898 0 9.970091551542282 0
2.608823247253895 2312.887091733515 6010.087105616927 0.08754567801952362 3.964482329785824 6.457529239356518 29.33484937995672 37.62636861950159 3.14460139721632 3.240832544863224 1272.559490837157 1.477228544652462 725.210066460073 13.64172551035881 0 91.8766880184412 1836.752049908042 3015.851481854916 4527.762835584581 2.1735555306077 305.5342006310821 274.0696032270789 2404.33430711925 20.54384077340364 1372.651464819908 11097.33629610389 22776.71130400151 222.8081170395017 22.37849029898643 114.7032873407006 243.2261672765017 11.06737704575062 1.052229844033718 2088.725116990507 14.94633453339338 1820.638580985367 5815.945070028305 3604.859083838761 1238.850946977735 164.0987677574158 2.046831749379635 38.1926931515336 8.413588434457779 0 264.2334234267473 76.43523401767015 0 0 0 0.2419273629784584 0 0 0 289.5769145712256 0 815.180637858808 0.2379560023546219 0.1188189536333084 3.175755746662617 141.103032939136 28.38856575638056 119.0152956321836 0 1.036486759781837 45.33603240549564 9.060592032968998 0.2375088930130005 647.0515328794718 5731.277691729367 4638.429154649377 0.974868044257164 0 2.791887983679771 268.2756113260984 0 0 3.320469290018082 8.318469822406769 16.36959262937307 13.46998818218708 17.72217788547277 7.812674812972546 0 0 2.198515899479389 0.1251317262649536
0.5842737555503845 5103.572239421308 4829.380474314094 0.5301700234413147 0.7677280008792877 1.541484735906124 11.88390137255192 9.823775731027126 11.81630605459213 0.6236450150609016 1025.899772256613 0.1938995942473412 618.1753075942397 4.61261460930109 0.1136914938688278 3190.316724926233 2886.191074371338 2009.183064259589 1791.11198310554 0.52435302734375 1030.097737029195 1922.608670033514 8938.67725084722 65.22587624937296 1069.249210238457 22776.71130400151 13424.3993987143 468.6964495480061 5.131434112787247 57.24600238353014 79.18888848274946 2.697890937328339 0.5217769369482994 3839.154485553503 53.60971285402775 4213.788395829499 3870.581458687782 5841.870921388268 1860.70257370919 337.245786882937 5.863429091870785 71.86595180630684 33.96559511870146 0 641.5102835893631 758.1234224438667 0 0 0 2.765613585710526 0.08494019508361816 3.814073652029037 0 36.66992065310478 0 117.9600373357534 0.247905820608139 0.361789882183075 73.60702427476645 378.279763892293 3.741502285003662 163.1454889029264 0.08043958246707916 17.24053758382797 245.6611040309072 445.0381007790565 8.81996364146471 373.6872221529484 3230.795222148299 6851.146906837821 8.096763946115971 0.4628033488988876 7.863613821566105 27.95908614993095 0 0.0872066542506218 16.61117625236511 36.28971143811941 58.657152377069 49.36683993786573 64.39219105243683 39.40915088355541 0.6285357922315598 0.5064603909850121 11.91508875787258 0.4899904280900955
336.9530988708138 20.47014167904854 254.4389790967107 850.077439121902 7.707094855606556 965.0043335109949 11482.29735413194 922.570123989135 970.2621862441301 5006.868186965585 4.284619256854057 40.14715291559696 3.989907018840313 1096.510952115059 13.51423869282007 2577.110400669277 724.1339002475142 1.096664689481258 13.76330358535051 2735.720263250172 2161.586755909026 871.0206865444779 1870.364508107305 6002.65054962039 11.08254139125347 222.8081170395017 468.6964495480061 7118.902234308422 707.1481512486935 2601.945554926991 0.09463179111480713 51.55799987912178 167.3543950617313 1410.79387255758 114.8678078204393 3183.417022671551 90.60047923028469 1527.956392399967 1138.207697480917 497.3873212002218 100.0244353190064 8.985750131309032 66.03994920104742 0.3660318702459335 2.238364823162556 9.320103488862514 202.2453079894185 0 4.326103776693344 140.3632635325193 10.13608828932047 260.1125389933586 69.74553953111172 4.359560407698154 21.22950185090303 1.670963242650032 4.1887326836586 0.5987306833267212 295.7539366036654 16.51417777687311 0.7688421607017517 1.335914805531502 130.8033380135894 280.3918614760041 139.3602701053023 174.5130830183625 1428.036407664418 0.1418001055717468 8.555055499076843 47.06423012167215 1180.672704935074 4.110080704092979 204.6322892680764 0 0.9325910061597824 0.5261093974113464 23.14276440441608 13.27355140447617 108.1989646777511 5.565064139664173 20.02913389354944 19.05885770916939 121.9431154131889 2.199617572128773 2.709814548492432 1.319553330540657
1733.782550558448 0.3661246299743652 5.97203703224659 21.77623085677624 11.77078238874674 187.6242246776819 1527.977267801762 697.4477156996727 4.08768742531538 242.4356972500682 20.68356907367706 77.98049409687519 1.201688930392265 3790.911311931908 0.5695909261703491 9.822376973927021 253.6095297783613 2.681237332522869 3.09522745013237 169.473482966423 25.67333536595106 14.85433162748814 50.45648323744535 638.6828436553478 2.146542586386204 22.37849029898643 5.131434112787247 707.1481512486935 10330.30089534074 4513.968663528562 0 589.0153758153319 3140.703633382916 1527.825987204909 29.28464887291193 457.3759462758899 9.545026406645775 1323.112507790327 504.6612517237663 71.69686206430197 37.17418090254068 0 13.25538536161184 0 0 2.029163047671318 0.2660826966166496 0 0 15.65205114334822 0.2312610298395157 34.89063132554293 2.184421241283417 0.9268109425902367 0.1434068083763123 0.1247747242450714 0.8056632876396179 0 107.4849812984467 3.986500397324562 0 0.2180299758911133 1.562681503593922 140.5114173293114 23.08829933404922 45.79614289849997 480.0936674699187 0 2.377003252506256 3.568543538451195 297.4027135297656 0 122.3249101936817 0 0 0 8.547807522118092 0.3872306197881699 15.39370311051607 0.1983385533094406 3.866138286888599 7.884294062852859 4.651466503739357 3.145804047584534 6.452010452747345 2.144079923629761
1166.693684950471 7.951035015285015 101.1869123354554 0.7124022766947746 6.055526956915855 74.71409729123116 2219.319183140993 960.1947087012231 0.5822029113769531 7.283051818609238 4.177068576216698 0.1468423306941986 12.94798807799816 1521.021027237177 0 62.58658014982939 2926.412982925773 1.152900882065296 12.59441129118204 1.925737492740154 5688.635558649898 192.839748352766 5640.046688809991 161.7017670720816 29.84285622090101 114.7032873407006 57.24600238353014 2601.945554926991 4513.968663528562 6181.382390253246 0 113.1317586153746 359.1100160181522 2949.825030185282 39.48794820904732 1136.642159923911 58.02625326067209 1964.066327936947 674.4717703983188 100.4788153134286 46.97301058471203 12.80271437764168 29.66606893390417 0 0.7533634305000305 2.791145130991936 0 0 0 0 0 5.883720442652702 0 4.770923614501953 0 4.639423906803131 0 0 87.48944081366062 0.141277864575386 0 0.1688511669635773 0 73.06726553291082 29.29997135698795 129.7624322548509 28.9254142343998 0 1.80456481128931 26.09123701602221 17.28789855539799 0 10.17993161827326 0 0 0 2.621307492256165 4.936959028244019 62.35210124403238 2.169807091355324 0.8001881763339043 0.4869640022516251 0.4720568656921387 0 8.281418055295944 0
0 62.44558826088905 0.5416129380464554 0 0 0 0.1372551918029785 0 0 0 152.2693498432636 0 184.954602047801 0 0 1.513237334787846 0 118.0953181236982 0.2244372665882111 0 0.09425651282072067 12.53617333620787 0.7627329081296921 0.991157628595829 548.2489546984434 243.2261672765017 79.18888848274946 0.09463179111480713 0 0 0 0 0 2.204058662056923 0.2012464702129364 3.011030480265617 46.74273546040058 17.84046697616577 9.687019497156143 0 0 24.87305149435997 0 0 1.786617070436478 0 0 0 0 0 0 0 0 49.07644945383072 0 118.5223893001676 0 0 0.8822775930166245 0 2.563502758741379 0 0 0 0 0 0 32.3373908251524 124.9432269558311 66.36318140476942 0 0 0 26.72856336832047 0 0 0.1086349710822105 0 0 0.3142309635877609 0.4188569933176041 0 0 0 0.2847744226455688 0
37.38653826713562 0 0.1749288961291313 4.376093633472919 0.1238350719213486 178.6685874164104 146.5894600823522 87.66544639319181 0.4355837926268578 164.9768966287374 32.2364387139678 60.69604623317719 2.376703605055809 741.4411797001958 0.6086086481809616 0.3631143420934677 5.687060184776783 6.4165945276618 2.636731490492821 90.50393012166023 0.9574259370565414 0.2255179882049561 0.9064790979027748 22.83439674973488 1.168091505765915 11.06737704575062 2.697890937328339 51.55799987912178 589.0153758153319 113.1317586153746 0 0.1048236861824989 43.89483100175858 866.0080321133137 0.5753927975893021 97.2839273661375 1.91283418238163 368.3055593594909 25.95427276939154 474.1642468944192 73.4089547842741 0.8140913844108582 13.1515150219202 0 0 0 0.1827774792909622 0 0 0.964978888630867 0 0.09636561572551727 0 0.3458917140960693 0 0 0 0 3.001940406858921 0 0 0 0.4893550649285316 3.14224711060524 0.235852837562561 1.416685327887535 11.70152378082275 0 0.3134793639183044 0 9.356805615127087 0 2.656082339584827 0.3650670051574707 0 0 0.492988221347332 0 1.24082962423563 0 0.1373929530382156 0.2366205528378487 0 0 0 0
354.7570605576038 0 1.175389349460602 0 0.6316832005977631 1.548052787780762 81.04015795886517 54.14708261191845 0.1512181460857391 0 0.9468671604990959 0.1397551149129868 0.7311292290687561 437.3822421506047 0 2.400849632918835 15.32596635818481 0 0.1752635985612869 0.9244637489318848 6.914192900061607 2.871043309569359 2.475904539227486 140.4925650730729 0.4092025756835938 1.052229844033718 0.5217769369482994 167.3543950617313 3140.703633382916 359.1100160181522 0 43.89483100175858 46.92357341945171 304.1721774935722 10.55575236678123 208.9322909936309 7.102658092975616 398.29774941504 167.1180982664227 46.31110110133886 17.20644851028919 0 4.247270792722702 0 0 0.1827733516693115 0 0 0 0 0 2.196138694882393 0 0 0 0.2688298523426056 0 0 33.1474569439888 0.7581801414489746 0 0 0 18.10121122002602 2.139384925365448 6.831124097108841 39.76072850078344 0 0 0 32.69710159301758 0 24.85655145347118 0 0 0 0.1322456896305084 0 10.89773066341877 0 0 0.8651445209980011 0 0 0 0
