1115.074172385037 0.1788825392723083 155.5045214220881 9.542819440364838 3.7334049269557 39.31457584351301 1704.39379093051 748.5470744669437 2.278332889080048 160.8857141584158 2.582439042627811 3.995889157056808 2.574878580868244 3691.19419401139 0 1.065607510507107 231.8124904111028 0.7515342831611633 3.83582466095686 17.40309478342533 171.7032391801476 0.3329389542341232 357.1553449034691 55.11311949044466 0 57.5099756270647 34.17724363133311 79.19030423462391 3068.503623433411 3525.161815948784 0.06963696330785751 6.144703198224306 90.63953774422407 163.827220864594 0.2479679137468338 147.7413532212377 8.561253614723682 96.02061596512794 20.13280797749758 8.185192860662937 13.30930507928133 0.1399892568588257 0.8146836087107658 0.279976487159729 0 0.226510189473629 0.6448772251605988 0 0.1256988495588303 12.44306102395058 1.018511205911636 1.154168345034122 0.2879058122634888 0 0.1140118017792702 0.2294321358203888 0.8514025807380676 0 0.1032403409481049 0 0 0 0.3233042359352112 0.2571496665477753 0 0 6.507041722536087 0 0 1.798472046852112 9.96123169362545 0.825637198984623 2.72061700373888 0.1235641464591026 0 0 0.3417268395423889 0 3.484420493245125 0 1.93893013894558 0.3355452045798302 1.591428369283676 0 0 0
0.1788825392723083 303.2680228278041 25.15578211843967 0 0 0.315437912940979 0.4049259573221207 0.1392848342657089 821.258493155241 0 89.27268016338348 2.111595273017883 530.7811354249716 0.6496858969330788 0.4357478022575378 99.18532843887806 77.8342033624649 4.146721713244915 20.93133333325386 0.1346580386161804 2.466368786990643 2401.126842461526 6.195026956498623 271.3468260541558 1824.34757284075 273.7338064312935 3847.751505516469 11.38814050704241 0 0.3191833198070526 8.158458895981312 0.2559289410710335 0 35.26824083179235 0 24.72823744267225 34.34344854950905 93.60966249555349 25.51472582668066 1.35198362916708 0.3357619047164917 79.37827731668949 0.2059041857719421 0 224.7091560959816 93.26343400776386 0 0 0 0.5440967902541161 0 19.91732670366764 0 8.657013475894928 0 25.10896800458431 0 0 7.544744215905666 11.06804210692644 0.8216861709952354 6.648085437715054 0 0.8938335105776787 71.96998126804829 2.101955510675907 5.181854762136936 86.72396567463875 128.3815092518926 2481.782145217061 0.7569439709186554 0.1796237379312515 0.1533529460430145 1.327666565775871 0 0 5.881960853934288 0.3689089566469193 5.709740690886974 13.56508234888315 21.8927038833499 2.640235468745232 0 0.1756756007671356 0.8652988374233246 0
155.5045214220881 25.15578211843967 5639.022136062384 28.64822126924992 2.43398567289114 28.26879338175058 538.9604885652661 253.7640167437494 25.3502503708005 72.34949094802141 11.7974015250802 1.823595315217972 6.029490679502487 405.002964515239 1.408879697322845 21.41523628681898 3232.344445563853 25.58705762028694 116.9952240511775 18.70261856168509 199.0127289667726 23.56066916882992 11344.79121797532 219.8857533484697 1.030516035854816 6740.615529455245 8488.185130596161 419.8568263426423 204.1900125443935 998.2454194799066 3.421388350427151 2.270791504532099 15.90477926284075 1007.454767093062 32.31469534337521 1633.687863178551 2594.708558365703 2042.666842393577 1157.60068166256 9.212345480918884 13.84819908440113 7.874044932425022 4.68163339048624 0.9380127489566803 61.26618815213442 208.1748323142529 0.2582973539829254 0 0 8.539059601724148 0 2.026628561317921 0.1104867681860924 0 0 0.6796208545565605 0.5178636610507965 0 13.25330569595098 16.07724023610353 0 4.230498313903809 0.1786871403455734 2.844699427485466 16.40842138230801 12.77080107480288 14.33352594822645 2.433843336999416 114.1602078676224 1344.944635629654 7.526280716061592 0.8744836300611496 4.300298780202866 0.2049357369542122 0 0.2077151760458946 4.438989453017712 8.89940782636404 11.78575558960438 6.867204800248146 15.53379375487566 6.397087916731834 1.250559963285923 0 0 0
9.542819440364838 0 28.64822126924992 1651.113591551781 2.088019981980324 169.4965720921755 569.2367465943098 59.32000059634447 343.4958283677697 2468.817854627967 0.7037520110607147 896.908091366291 0.4506421983242035 48.48446858674288 10.71308182179928 0.1050774306058884 1.619101479649544 0 0.08048535883426666 4030.577643610537 13.68427839130163 0.5455014407634735 23.36923722177744 1649.579015061259 0 2.207627631723881 4.156761214137077 2932.290681906044 45.70593392848969 29.09465409070253 0 1.938725866377354 4.954501964151859 12.7102388292551 0 55.95169681310654 2.225331887602806 39.92948917299509 8.176650308072567 25.43561524152756 8.477754235267639 0 0.3919097110629082 2.955727748572826 0.1028654500842094 0.08020055294036865 144.363036096096 0.08374477177858353 17.80149207264185 128.77004763484 42.87169009447098 126.1246315464377 189.0118885338306 0.7158184498548508 136.1913882344961 0.1272022128105164 22.97921918332577 1.370677039027214 0.3539208844304085 0 0.273676760494709 0.09299037605524063 198.2323864847422 2.531704686582088 0.4569452479481697 0.8861461877822876 307.0502790436149 0 0.7354419305920601 0.4285604506731033 183.8287898302078 16.75642213970423 3.079390458762646 0.1881292015314102 1.347107999026775 0.5670229122042656 3.79362041503191 0.1240569278597832 9.666271008551121 0.08346841484308243 37.00028750300407 4.489199116826057 54.19952638447285 0.9715733155608177 0 0
3.7334049269557 0 2.43398567289114 2.088019981980324 24.43381555378437 613.1748728752136 43.7009052708745 133.8926191851497 2.042715199291706 21.31403195858002 74.93652618676424 30.93541172891855 33.37632527947426 65.73853506147861 36.37346866726875 0 2.513400286436081 8.463113956153393 5.031567141413689 15.49549456685781 0.9238458052277565 0 2.180710949003696 15.93054077774286 2.663301505148411 9.129809066653252 5.008572734892368 15.53417868167162 68.43434868007898 16.06718521565199 0.7733738198876381 121.6427018046379 7.248262442648411 531.0868281126022 0 80.80577486753464 10.99731549620628 465.5551311597228 25.82887768745422 128.0776458457112 204.1819753050804 4.482687555253506 0.1213234886527061 0.1616234332323074 0 0 0.09106101095676422 0 0 6.084089204668999 1.014549799263477 0.3682653680443764 0 0.1978679001331329 0.2859953790903091 0.2074230164289474 0.3210021778941154 0 0.1240191385149956 0 0 0.1063960492610931 0.08971137553453445 0 0.101931095123291 0.4081275463104248 2.948962986469269 0 0 0.3031477630138397 4.45890985429287 0.4712345972657204 0.7855342403054237 0 0 0 0.08389575034379959 0 2.022553771734238 0 1.727666862308979 0 0.9507201910018921 0 0.1159429028630257 0
39.31457584351301 0.315437912940979 28.26879338175058 169.4965720921755 613.1748728752136 12430.93067544699 3588.699949286878 8889.41494768858 259.1440006420016 4853.228448681533 48.47364644706249 3744.376051276922 35.63597983121872 917.4063094109297 490.0437359213829 0.3465667143464088 10.45436429977417 5.250460259616375 4.879895381629467 751.8418344855309 12.02164562791586 1.641354881227016 31.31720592826605 255.6824911087751 2.494998656213284 16.90183870494366 9.546863384544849 826.1897599771619 254.8527853041887 147.6525963842869 0.9063294008374214 415.1268684118986 11.70054426789284 197.3841070830822 0.3885556757450104 380.8248565644026 14.33226864784956 484.5493565574288 26.59751122444868 913.7516601979733 203.8878394886851 5.984053388237953 1.211231999099255 2.092646650969982 0.1085319966077805 0 18.07789768278599 0 6.41250979155302 76.57147417217493 8.26755465567112 33.100446164608 17.39701525121927 0.101923756301403 46.5601167678833 0.9071218520402908 7.926409155130386 1.376416020095348 0.1961626335978508 0 0.1634254455566406 0 32.81459783017635 0.5620166286826134 0.6185290813446045 1.100438825786114 75.03928625583649 0 0.2445733770728111 0.9537412524223328 56.68276724219322 6.942769907414913 5.521870598196983 0.172662191092968 0.131426066160202 0.4094708412885666 2.558076493442059 0.2172397077083588 15.87207901477814 0.2828534692525864 10.80157153308392 2.650389060378075 17.91459772735834 0.5365276411175728 0.1229243651032448 0.4552556350827217
1704.39379093051 0.4049259573221207 538.9604885652661 569.2367465943098 43.7009052708745 3588.699949286878 17434.76061337441 5329.50229588896 208.5886013582349 12694.2826544866 13.07991328090429 299.1215130090714 8.684177361428738 4950.54899007082 73.97416082024574 9.145277693867683 54.20616814494133 1.986423179507256 3.415759645402431 566.4639758989215 352.4588425680995 3.270745679736137 757.3221181929111 1673.433572784066 0.5688642486929893 49.99713508784771 71.61167747527361 10074.34468435496 1178.69297093153 4384.622642211616 0.2494185045361519 39.46222365647554 149.0862291455269 306.0971775427461 9.171857379376888 1639.670792587101 40.68299759179354 906.6188494935632 173.9573350325227 347.2688106149435 230.9049859270453 2.574753269553185 16.15493161976337 20.06549917906523 0.1081901267170906 2.06765678524971 49.64752696454525 0.7668124809861183 22.52661073952913 571.5587739422917 68.00614511221647 144.9575318023562 49.02786803245544 0.9591659605503082 21.02534941583872 0.09585607796907425 49.43884516507387 3.371916867792606 2.284712702035904 0.5048872157931328 0.144501581788063 0.1805207952857018 42.96141136437654 6.181221134960651 2.916397422552109 2.714492380619049 564.9650560468435 0.1118580028414726 1.225392363965511 4.623215511441231 486.9752806946635 64.89016792923212 31.02941410243511 0.4446607381105423 1.298765540122986 6.70951172709465 27.96947585046291 3.515397265553474 121.699239552021 0.7345686256885529 119.9216720685363 23.97558080404997 150.986642755568 4.432381883263588 0.9163105338811874 1.526122659444809
748.5470744669437 0.1392848342657089 253.7640167437494 59.32000059634447 133.8926191851497 8889.41494768858 5329.50229588896 13150.12327301502 28.8212011680007 2660.403440091759 85.87248492240906 515.8233424276114 38.72446173429489 9052.878347508609 107.013303719461 0.7442503869533539 175.67888764292 10.12009951472282 12.80247282981873 408.6543335057795 68.63381458818913 0.2968053221702576 290.6760722026229 359.2026555761695 1.903404079377651 71.2796725705266 41.82099226862192 365.1291571855545 1108.844005580992 725.4947324469686 1.510076113045216 111.0074040964246 35.44969154149294 367.7125876322389 0.2789705470204353 217.6943817809224 24.20272693783045 509.8114569634199 37.62692017108202 206.8401739299297 139.6551591679454 8.492949351668358 1.230697333812714 2.522949524223804 0.6967052295804024 0.2415601834654808 7.868722505867481 0.08159250020980835 4.794931970536709 115.85090495646 10.15130441635847 20.88932336121798 10.12804902344942 0 3.837917119264603 1.029410518705845 7.814751200377941 0.4376692473888397 0.4813024625182152 0 0 0 6.731690853834152 1.381285093724728 0.4532634243369102 0.5572898909449577 97.86181613430381 0 0.3015545532107353 2.039701789617538 89.56135506182909 14.31124527752399 8.895927637815475 0.1026561930775642 0.3885544687509537 0.7024147436022758 5.334664180874825 0 19.5273195207119 0.7461897358298302 19.31710661202669 4.650372974574566 18.91330303251743 0.9682402610778809 0.1476279497146606 0
2.278332889080048 821.258493155241 25.3502503708005 343.4958283677697 2.042715199291706 259.1440006420016 208.5886013582349 28.8212011680007 1729.834886483848 102.4623001888394 4.581373803317547 1324.720296159387 7.717489466071129 26.66383527219296 249.9016674607992 124.831882327795 6.192931860685349 0 0.9924934655427933 540.0609442964196 37.76891764253378 3157.498339623213 33.47156272828579 8646.177576474845 40.41358400136232 11.0664574354887 894.3101099357009 922.9387747868896 47.20760217308998 54.98795963078737 0.1454308778047562 1.7963532730937 12.93897125124931 26.27425170689821 0.3476113826036453 736.9509188979864 22.93334660679102 59.53314576297998 25.80912365019321 294.5028077214956 17.45712472498417 1.947812534868717 1.9153922945261 9.512742057442665 8.007109314203262 1.235920257866383 136.4423207491636 0.1628878712654114 9.507036261260509 147.7701772153378 9.844918102025986 301.18080689013 68.80889400094748 0.3420836329460144 209.9602164030075 0.5056324228644371 8.035490080714226 0.9192052483558655 157.2743621915579 1.485043935477734 0.09860938787460327 0.6813045367598534 144.9922604709864 18.29117744415998 137.8079810962081 15.98706645518541 1065.393003039062 0.6125062853097916 1.797544986009598 33.37661338597536 322.0090344250202 23.85897032916546 51.80464461445808 0.1464781314134598 0.1362339407205582 4.653492480516434 12.91331769526005 0.9610998630523682 43.76491452753544 2.094459272921085 24.84266392886639 8.458570376038551 35.84577426314354 1.077510170638561 0 0.3881757259368896
160.8857141584158 0 72.34949094802141 2468.817854627967 21.31403195858002 4853.228448681533 12694.2826544866 2660.403440091759 102.4623001888394 19841.15582857281 9.805803250521421 2815.38436178118 5.972838580608368 678.1559451185167 20.02913772314787 0.7443415373563766 10.13221693783998 1.301120437681675 2.021934539079666 6883.61811169982 25.68899856507778 0.09067749232053757 72.73706740140915 627.4712256342173 0.1939504891633987 12.40187642723322 12.9211550578475 2853.875932440162 534.4467594362795 139.0559263527393 0.4602280706167221 25.84330364316702 55.61066503077745 139.5994323715568 0.7330795750021935 560.9699369072914 16.65259260684252 430.7506411671638 50.22635494917631 125.993195258081 99.99576739966869 1.307034313678741 6.919988095760345 3.396806038916111 0 0.6582309752702713 134.9960532039404 0.4048383757472038 17.21175437420607 192.4274394884706 41.73782845586538 83.85020051896572 111.7631887793541 0.718294769525528 129.2439842224121 0.2630176395177841 30.75979870185256 0.7794734537601471 0.7734100520610809 0.1755626946687698 0 0.06721346825361252 134.1871822476387 3.783584363758564 0.422173336148262 1.068180546164513 339.5554403364658 0 0.09800233691930771 0.7015231475234032 235.3401819095016 21.96128202229738 4.977714963257313 0 0.6051067784428596 1.094128310680389 10.2223037108779 0.2115221321582794 20.79015152156353 0.8372865840792656 44.05524820834398 5.059822276234627 60.5724770128727 1.821285359561443 0.866695910692215 0.5079822838306427
2.582439042627811 89.27268016338348 11.7974015250802 0.7037520110607147 74.93652618676424 48.47364644706249 13.07991328090429 85.87248492240906 4.581373803317547 9.805803250521421 9681.869589619339 7.622257493436337 2639.922288268805 68.25700480490923 0.3373811617493629 0.2708804085850716 241.518075376749 3516.956141620874 2406.482535302639 8.520787186920643 2.933250345289707 19.53242663294077 19.93678684532642 6.857151083648205 1152.044784978032 4216.480402901769 1818.286629386246 4.259644314646721 111.7135873958468 6.83238147944212 706.9817851781845 125.8198528438807 2.766566969454288 6560.908914543688 4.881630465388298 353.4347031265497 4416.391264885664 3491.505998156965 832.8776592388749 10.17317513376474 226.4965153411031 1426.606432557106 6.162213362753391 0.2127572596073151 3.460443072021008 0.1675245016813278 0.08788562566041946 0 2.499971389770508 1.60188203305006 0.341271810233593 0.4003283604979515 0 172.5002488568425 0 1154.251797363162 0.1828745380043983 0 0 0.2188835591077805 31.48114012926817 6.655115090310574 0.1817751973867416 0 0 0 0.6526330187916756 129.6414470076561 84.101746968925 347.5206725150347 1.249942943453789 0.5181217789649963 0.0944119319319725 88.88700594753027 0.535907581448555 0.0730266347527504 24.53710633516312 3.977435030043125 10.50268737971783 394.2170062586665 47.05693578720093 2.327546991407871 1.148210994899273 0.3889819979667664 786.7631563395262 0
3.995889157056808 2.111595273017883 1.823595315217972 896.908091366291 30.93541172891855 3744.376051276922 299.1215130090714 515.8233424276114 1324.720296159387 2815.38436178118 7.622257493436337 2753.452043391764 4.895390547811985 232.493671618402 746.5765262022614 0.9184051156044006 1.148572407662868 1.574635274708271 1.573365978896618 1959.523573406041 1.668394528329372 28.47314137220383 2.131269305944443 598.505353204906 2.887154102325439 2.871913589537144 7.861627191305161 171.1002429500222 133.4558009207249 12.90453713387251 0.3028057143092155 19.80576856434345 3.504853315651417 50.14349690824747 0.2347250357270241 278.484211333096 5.766343720257282 183.4894547611475 7.529020629823208 774.4074249565601 63.57136487960815 0.6360293105244637 0.5568912178277969 0.3102252036333084 0 0 140.2912599667907 0 22.37443418800831 59.24819998443127 10.33062341809273 188.2158069014549 104.0582570284605 0.2517796084284782 357.2293683290482 0 8.569951772689819 9.101881846785545 0.6807667315006256 0 0.08694806694984436 0 236.5644133836031 0.8585521951317787 0.2339654564857483 1.375564455986023 228.9689252078533 0 0.1235244572162628 0.2051043137907982 67.51751030981541 5.686985716223717 1.568141207098961 0 0.2410529404878616 0 2.993040092289448 0 11.43786842375994 0 10.61187809705734 0.6810367107391357 87.03755833208561 0.6064627766609192 0 0
2.574878580868244 530.7811354249716 6.029490679502487 0.4506421983242035 33.37632527947426 35.63597983121872 8.684177361428738 38.72446173429489 7.717489466071129 5.972838580608368 2639.922288268805 4.895390547811985 4371.417229071259 18.75370213389397 0 2.499439030885696 3.355680882930756 54.45055682957172 10.44254758954048 5.026012808084488 5.1274603754282 65.59296987950802 13.14566604048014 8.586042962968349 4132.879317052662 434.7157899513841 4434.630781546235 8.448766075074673 22.55730223655701 13.44687776267529 1071.005378127098 41.53314044326544 0.2434509769082069 373.0930206403136 5.035475119948387 1935.246222868562 3952.246947191656 3011.641455247998 708.7308591678739 79.39589877426624 358.3434804603457 896.1666598916054 6.096805647015572 0.08343210071325302 8.958975560963154 0.3034832775592804 0.1001665443181992 0.5098289251327515 2.605838179588318 4.628768071532249 0.5584388896822929 0.4029121994972229 0 286.296393327415 0.06772410869598389 2449.761237546802 0.6788031756877899 0 0 0 30.99674267321825 5.490877829492092 1.946512341499329 0 1.834112592041492 0 1.313968695700169 289.4383091852069 83.54497734457254 424.5290759503841 1.394030719995499 1.996920816600323 0 168.2049911469221 0.3706905022263527 0 20.00603970140219 8.582443997263908 413.0258548259735 536.4621125906706 82.36341720074415 5.292669385671616 20.34423343092203 3.276942491531372 676.828591838479 0
3691.19419401139 0.6496858969330788 405.002964515239 48.48446858674288 65.73853506147861 917.4063094109297 4950.54899007082 9052.878347508609 26.66383527219296 678.1559451185167 68.25700480490923 232.493671618402 18.75370213389397 8709.372907873243 5.818761892616749 1.04415625333786 462.281296402216 12.26068552583456 19.82136772572994 258.4524114206433 212.5705821812153 0.3132990300655365 611.0235739089549 329.1649692133069 1.569071143865585 142.3177603818476 85.01509381830692 309.9706762470305 5594.187497511506 2628.96307573095 1.559233523905277 100.6063622608781 323.8439203873277 882.3286881111562 1.341153509914875 304.1427059285343 25.82152125239372 751.3876383155584 57.1356572881341 91.74730206280947 77.68230935931206 4.144735611975193 1.785158962011337 1.766775049269199 0.1028936579823494 0.5034787729382515 2.386325992643833 0.2077709287405014 2.547246731817722 79.99893148988485 9.408221930265427 11.75072253495455 4.060782812535763 0.2378118634223938 1.384229987859726 1.263425000011921 7.285962373018265 0.6068746447563171 0.8537034690380096 0 0.1296684592962265 0 3.568535096943378 1.861748851835728 0.09162387251853943 0.5181967541575432 60.57421050965786 0.1049674898386002 0.3029346317052841 3.730247728526592 64.82252342253923 6.888922989368439 10.46170134842396 0.3904285654425621 0.1835063099861145 0.6532023847103119 4.540096275508404 0.2513913810253143 20.21573255956173 0 12.52091214805841 2.524118289351463 15.23635862022638 0.6598266735672951 0.2048239484429359 0.1185704246163368
0 0.4357478022575378 1.408879697322845 10.71308182179928 36.37346866726875 490.0437359213829 73.97416082024574 107.013303719461 249.9016674607992 20.02913772314787 0.3373811617493629 746.5765262022614 0 5.818761892616749 292.9400372505188 0 0.182387962937355 0.3422714397311211 0 50.4675400853157 0 13.24069400131702 1.583469696342945 165.8423789292574 0 0.3829726427793503 1.182950012385845 28.91435413807631 2.829616650938988 12.86337656527758 0 29.5109167098999 0 1.218851514160633 0 33.17974330484867 0.7672066688537598 7.853759437799454 0.5825835093855858 255.3282721936703 3.789753690361977 0 0.5898520946502686 0 0 0 0.6717295348644257 0 0 8.477041862905025 0.824352890253067 3.563060879707336 1.607601419091225 0 0.7528407871723175 0 0.2969571352005005 0 0 0 0 0 1.581140726804733 0 0 0 8.102404311299324 0 0.25011146068573 0 7.986972749233246 0.09127702564001083 0.2779846489429474 0 0 0 0.6444510519504547 0 4.066032752394676 0 1.594874255359173 0 1.064502477645874 0.3167605996131897 4.932956695556641 0
1.065607510507107 99.18532843887806 21.41523628681898 0.1050774306058884 0 0.3465667143464088 9.145277693867683 0.7442503869533539 124.831882327795 0.7443415373563766 0.2708804085850716 0.9184051156044006 2.499439030885696 1.04415625333786 0 2290.825484149158 6.731502212584019 0.1069193556904793 0.1040426418185234 0.3279831260442734 2748.110793858767 1558.723871506751 2325.201050445437 1802.028410613537 1.843005679547787 6.238399006426334 3713.891547068954 1214.428663246334 17.03582699596882 57.99583016335964 0.1815326288342476 0.0863666832447052 2.943915598094463 63.39899403601885 9.334893338382244 2844.095528393984 1295.322984755039 427.6684098020196 637.6686005741358 4.511913478374481 9.94936403632164 0.7972682490944862 9.072221234440804 11.94536716490984 6.346105188131332 38.12338221818209 0.7786981016397476 0.1441533714532852 0.2998934090137482 18.7279319614172 0.7369642779231071 40.54649544507265 0.2531106173992157 0.09810512512922287 0 0 3.28252736479044 0.1518904864788055 3559.358969576657 10.57400424033403 0.2871149778366089 3.212896093726158 0.3354052603244781 332.2970025613904 900.8162743002176 972.9134997501969 342.3946555033326 0.8616475760936737 4.159399166703224 621.7493121623993 92.16916561126709 21.41447493433952 223.2570830285549 0 0 5.738569006323814 16.02453831583261 2.551246128976345 104.8828948959708 18.52407555282116 30.898671887815 16.43225508183241 2.271424911916256 0.5198806524276733 0.1526738107204437 0.704100102186203
231.8124904111028 77.8342033624649 3232.344445563853 1.619101479649544 2.513400286436081 10.45436429977417 54.20616814494133 175.67888764292 6.192931860685349 10.13221693783998 241.518075376749 1.148572407662868 3.355680882930756 462.281296402216 0.182387962937355 6.731502212584019 1698.510389514267 62.91649320721626 3212.670278064907 2.307904183864594 148.8484577164054 12.19052777439356 6316.913777448237 28.23492407053709 3.381106480956078 2251.695280686021 5925.957154631615 14.3701129630208 569.7106969952583 829.0995591729879 0.6028875634074211 5.198485113680363 75.19375040382147 2259.084251411259 8.734347335994244 390.4985812678933 1096.305340968072 1166.519014187157 390.995882473886 3.670034639537334 6.630394637584686 5.179041244089603 0.7194047197699547 0 16.89203891158104 44.98947039991617 0 0 0 0.6900839060544968 0 0.2260666713118553 0 0.1085991561412811 0 0.9458665773272514 0 0 1.680870316922665 8.739690132439137 0.4189633205533028 3.690312884747982 0 0.4629987478256226 1.47524806112051 0.6076425164937973 0.9460742250084877 0.8987986892461777 69.8923150151968 346.2878907546401 1.198144637048244 0.1295800805091858 1.288810305297375 0.3219773918390274 0 0 2.382044322788715 1.732182413339615 6.746361598372459 5.174134753644466 8.295639619231224 2.313715122640133 0.1760797649621964 0 0.07728590071201324 0
0.7515342831611633 4.146721713244915 25.58705762028694 0 8.463113956153393 5.250460259616375 1.986423179507256 10.12009951472282 0 1.301120437681675 3516.956141620874 1.574635274708271 54.45055682957172 12.26068552583456 0.3422714397311211 0.1069193556904793 62.91649320721626 250.8955020233989 1056.836083941162 1.364927008748055 0.873859629034996 0.9770477488636971 16.66634602099657 1.402318142354488 44.93439298868179 3498.974173240364 438.1507025063038 0.4355344474315643 15.86793556064367 2.6037707477808 109.538957901299 14.71773079037666 1.206968702375889 1301.275971494615 5.092480331659317 300.2953364104033 685.9062995761633 1085.256146527827 366.6772679612041 1.986784614622593 11.55517769604921 23.75692458450794 0.6314312368631363 0 3.077062904834747 0 0 0 0 0.3679827153682709 0 0 0 8.293383419513702 0 93.18129113316536 0.1236930638551712 0 0 0.5540526658296585 17.57576987892389 9.615800194442272 0 0 0 0 0.1927578672766685 17.7381047308445 99.91572232544422 276.8625743091106 0.3964203596115112 0.1038927435874939 0 14.31750407069921 0 0 2.208345420658588 1.800444804131985 10.33456111699343 50.4078578799963 5.584330819547176 0.6063634157180786 0 0 1.639084465801716 0
3.83582466095686 20.93133333325386 116.9952240511775 0.08048535883426666 5.031567141413689 4.879895381629467 3.415759645402431 12.80247282981873 0.9924934655427933 2.021934539079666 2406.482535302639 1.573365978896618 10.44254758954048 19.82136772572994 0 0.1040426418185234 3212.670278064907 1056.836083941162 4934.50817258656 1.641881838440895 7.411435171961784 1.757835566997528 278.549594193697 1.984359987080097 21.90481685847044 4911.776987835765 1294.923899680376 1.733373031020164 33.23634977638721 19.25179656594992 21.61384843289852 12.00079135596752 5.75652202218771 3082.814932197332 5.894073083996773 423.8356653302908 648.0609955564141 1520.615720145404 442.6448031663895 0.3070066422224045 7.901530504226685 5.977818422019482 1.106759592890739 0 21.03853779286146 3.862397961318493 0 0 0 0.5113434195518494 0.2018699273467064 0.1142686977982521 0 6.660463586449623 0 29.37942071259022 0.1024675592780113 0 0.3077671229839325 6.707538351416588 7.57059396058321 24.94968543201685 0 0.1329029500484467 0.7172510325908661 0.391071543097496 0 11.96915219724178 263.5579904615879 580.372701831162 0.1973933801054955 0 0.08994594216346741 8.879394359886646 0 0 7.568831339478493 3.308220505714417 18.88743507117033 41.62272273004055 21.18706173449755 4.627799242734909 0.1175148040056229 0 0.3621497601270676 0
17.40309478342533 0.1346580386161804 18.70261856168509 4030.577643610537 15.49549456685781 751.8418344855309 566.4639758989215 408.6543335057795 540.0609442964196 6883.61811169982 8.520787186920643 1959.523573406041 5.026012808084488 258.4524114206433 50.4675400853157 0.3279831260442734 2.307904183864594 1.364927008748055 1.641881838440895 1574.699057962745 5.913404107093811 1.886088564991951 13.44206665456295 778.2928841412067 0.3776113241910934 3.495611041784286 3.661824718117714 2144.497963152826 259.8312460519373 24.10987466573715 0.2873124927282333 17.23742702230811 17.94378466904163 76.9751461148262 0.3351468592882156 393.1596839800477 10.34769044071436 251.5659655183554 22.15273149311543 140.9500420615077 63.56012036651373 1.090988308191299 4.846881732344627 5.386336758732796 0.1070399880409241 0.2354803457856178 219.6597888991237 0.2900417968630791 29.33482614904642 217.0499438121915 64.00717263668776 160.1488080248237 204.3592807650566 0.6532952785491943 204.8696045130491 0.08434375375509262 37.62791892886162 4.954984724521637 0.3173359483480453 0 0.5510719567537308 0.3230901584029198 264.7898698672652 2.585565164685249 0.9241588339209557 1.391983531415462 439.3453545942903 0 0.288090392947197 0.4193241149187088 282.7219215407968 29.08827692270279 6.55196925252676 0.1226076930761337 1.154279813170433 0.6792814359068871 5.867855802178383 0.3107449114322662 21.90817673504353 0.07605841755867004 59.71647151559591 5.940942198038101 88.55032072216272 2.898223392665386 0.1441258937120438 0
171.7032391801476 2.466368786990643 199.0127289667726 13.68427839130163 0.9238458052277565 12.02164562791586 352.4588425680995 68.63381458818913 37.76891764253378 25.68899856507778 2.933250345289707 1.668394528329372 5.1274603754282 212.5705821812153 0 2748.110793858767 148.8484577164054 0.873859629034996 7.411435171961784 5.913404107093811 16266.16889811307 61.88301532715559 11280.03490079194 756.3538184314966 0.0930192694067955 6.731825590133667 399.2528695613146 4712.517365932465 365.4329486563802 9392.410291820765 0 1.589956670999527 31.29408305883408 2200.766824930906 31.15482973307371 5808.937615662813 597.578157633543 4926.613291829824 3096.850065477192 19.82308003306389 53.30332642048597 1.750434473156929 17.5835377946496 8.426376409828663 0.6680538654327393 15.43050271272659 0.7990309596061707 0 0.3601765856146812 22.1987444460392 0.1765266433358192 13.34953569620848 1.147996723651886 0 0 0 2.430260136723518 0 480.7351973578334 5.045691929757595 0 1.293073795735836 0.2115822210907936 151.8196566030383 101.9888493940234 144.8730375468731 160.5230817943811 0 1.787960775196552 35.98807997256517 62.70880260318518 11.16409409046173 123.2823825180531 0 0 2.61762423068285 11.39159754663706 2.990814983844757 116.41211283952 10.13559501618147 15.10735604912043 7.214702181518078 2.036725766956806 0 0 1.703485511243343
0.3329389542341232 2401.126842461526 23.56066916882992 0.5455014407634735 0 1.641354881227016 3.270745679736137 0.2968053221702576 3157.498339623213 0.09067749232053757 19.53242663294077 28.47314137220383 65.59296987950802 0.3132990300655365 13.24069400131702 1558.723871506751 12.19052777439356 0.9770477488636971 1.757835566997528 1.886088564991951 61.88301532715559 2146.77438326925 195.8459172323346 4026.192356474698 274.056982897222 29.42484456300735 3172.387211129069 120.3434158191085 1.151633836328983 6.831599779427052 0.6043645143508911 0 0.9757074788212776 15.6107749864459 2.149924471974373 94.67655531316996 66.09708365797997 46.9637291058898 24.61721201986074 24.5535272359848 0.2000071555376053 7.354234270751476 0.1081652864813805 2.457989729940891 33.50814010202885 52.32849259674549 0.7334209829568863 0 0.4309804737567902 10.15591955929995 0.4667157679796219 212.5441176965833 0.5338955745100975 0.7718552947044373 0 1.538483992218971 1.142742037773132 0 1286.669091418386 5.633639499545097 0.4187441170215607 1.432353667914867 0.6845791190862656 52.21534695476294 657.7379968091846 300.8038672506809 164.4726226776838 2.275435656309128 6.474933139979839 1932.009950883687 32.61272369325161 4.632216222584248 32.84267564862967 0.166634202003479 0 2.044027708470821 5.946984328329563 0.2464781105518341 20.90477655827999 5.158579140901566 11.2861190661788 4.484068855643272 2.076096326112747 0 0.3312397599220276 0
357.1553449034691 6.195026956498623 11344.79121797532 23.36923722177744 2.180710949003696 31.31720592826605 757.3221181929111 290.6760722026229 33.47156272828579 72.73706740140915 19.93678684532642 2.131269305944443 13.14566604048014 611.0235739089549 1.583469696342945 2325.201050445437 6316.913777448237 16.66634602099657 278.549594193697 13.44206665456295 11280.03490079194 195.8459172323346 16314.58525558561 648.8704716786742 0.1016964763402939 2807.58012534678 9265.910064354539 4381.487469188869 373.765941619873 6082.685059450567 0.9515486732125282 2.471795953810215 27.71341882646084 2530.561898499727 78.64087709784508 9458.887920938432 5325.563016243279 7417.82357737422 6275.739511363208 26.49671343713999 93.83131916821003 16.07209058851004 28.27704725414515 1.885463871061802 4.432800225913525 34.22790861129761 0.1523606926202774 0 0 12.70767110586166 0.1631133556365967 6.242952816188335 0.6550601348280907 0.1119751036167145 0.1355463117361069 0 0.3494873195886612 0 780.2845085859299 4.794749513268471 0.1374990940093994 0.6405432149767876 0.3641521111130714 70.03488692641258 124.9328921958804 226.0966430753469 51.45840089023113 1.349966213107109 4.48443129658699 520.2335195913911 19.9980685710907 2.836036428809166 44.96030066162348 0 0 1.336500488221645 3.531468085944653 11.23078572750092 49.31325391680002 6.489690601825714 8.336686834692955 2.241488970816135 2.039381794631481 0 0.124024510383606 0.6143472343683243
55.11311949044466 271.3468260541558 219.8857533484697 1649.579015061259 15.93054077774286 255.6824911087751 1673.433572784066 359.2026555761695 8646.177576474845 627.4712256342173 6.857151083648205 598.505353204906 8.586042962968349 329.1649692133069 165.8423789292574 1802.028410613537 28.23492407053709 1.402318142354488 1.984359987080097 778.2928841412067 756.3538184314966 4026.192356474698 648.8704716786742 12322.49278119951 6.915853559970856 39.76486832648516 2135.282334208488 12908.15944965556 607.5502357631922 520.5337056070566 0.2759334743022919 14.28071920573711 146.7816995158792 259.2236488983035 14.37292925268412 1902.520468533039 159.694867156446 653.7936750277877 256.2231214269996 321.1090147346258 107.5892603844404 2.529319114983082 10.81022078543901 71.4621928408742 6.705686368048191 23.49781103432178 294.2756061032414 1.151784837245941 48.5398361235857 1339.48178999871 122.0722481459379 1274.427136078477 201.2941292151809 2.648460611701012 174.8368446007371 0.300442636013031 99.62350589036942 6.368114925920963 453.6763429790735 5.753225222229958 0.5388114079833031 1.429259777069092 286.2500888109207 173.0095968618989 302.8486026227474 127.0442685335875 3245.158245116472 1.093604937195778 4.783605076372623 120.714935593307 1932.692202009261 174.1737257651985 506.2167381867766 0.4456311389803886 4.26232110708952 22.80873417109251 81.45963383466005 6.490882337093353 361.1075741574168 13.99798768013716 241.7174089848995 67.54883629083633 199.8705484941602 12.26854481548071 3.316422536969185 4.61421275138855
0 1824.34757284075 1.030516035854816 0 2.663301505148411 2.494998656213284 0.5688642486929893 1.903404079377651 40.41358400136232 0.1939504891633987 1152.044784978032 2.887154102325439 4132.879317052662 1.569071143865585 0 1.843005679547787 3.381106480956078 44.93439298868179 21.90481685847044 0.3776113241910934 0.0930192694067955 274.056982897222 0.1016964763402939 6.915853559970856 909.1209186837077 768.9025164470077 6194.354028135538 1.615463823080063 2.443119406700134 0.4569922909140587 317.1447392404079 3.344009920954704 0.1199087053537369 180.7696811556816 0.3223964422941208 71.04692143946886 219.1520554572344 445.3666789904237 64.25506103783846 1.139354303479195 37.95687233656645 351.8587663546205 1.386506080627441 0 59.17623017728329 1.169943653047085 0 0 0.08225209265947342 0.1018028184771538 0 0.7973269522190094 0 44.00862549990416 3.79338550567627 533.2602418586612 0.08759906142950058 0.8153003454208374 0.240941196680069 1.27668671309948 8.363522037863731 2.5457434207201 0 0 7.190036594867706 0 0.4897513091564178 106.1993994787335 76.83230385184288 739.6496222615242 0.1143585219979286 0 0 20.49655909836292 0.1134610995650291 0 34.07664082944393 0.3943229764699936 52.78444451838732 70.91669934242964 37.67931128293276 3.064257301390171 8.777595341205597 0 97.60229830443859 0
57.5099756270647 273.7338064312935 6740.615529455245 2.207627631723881 9.129809066653252 16.90183870494366 49.99713508784771 71.2796725705266 11.0664574354887 12.40187642723322 4216.480402901769 2.871913589537144 434.7157899513841 142.3177603818476 0.3829726427793503 6.238399006426334 2251.695280686021 3498.974173240364 4911.776987835765 3.495611041784286 6.731825590133667 29.42484456300735 2807.58012534678 39.76486832648516 768.9025164470077 30537.55934901536 17019.60723268241 22.26554925739765 140.9096502512693 147.706527158618 614.0219530835748 25.6718562617898 10.07973025739193 2010.29995945096 18.32847362011671 1896.693341419101 4340.81685180217 4106.283008426428 1443.552232354879 5.022908814251423 18.96690607070923 100.5161631703377 3.661278933286667 0 269.3496268317103 128.7674601152539 0 0.2019277065992355 0.2763805016875267 2.118363440036774 0.2500869631767273 2.913899295032024 0.1031407862901688 82.32323607057333 0.09240403771400452 805.7771385461092 0.6803217381238937 0 1.625765040516853 55.48967207968235 104.4620772078633 111.7340880334377 0 0.8329696580767632 10.37188739329576 1.838714972138405 2.621550142765045 223.1892598941922 1535.350963875651 4800.338517047465 2.017438858747482 0.959684245288372 0.9725352898240089 122.7631632089615 1.718904510140419 0.1142059117555618 42.31010019034147 9.448923148214817 72.50676124542952 323.6843831092119 128.4505776464939 25.68795607239008 1.290722377598286 0.975666731595993 19.80731911212206 0.1119483485817909
34.17724363133311 3847.751505516469 8488.185130596161 4.156761214137077 5.008572734892368 9.546863384544849 71.61167747527361 41.82099226862192 894.3101099357009 12.9211550578475 1818.286629386246 7.861627191305161 4434.630781546235 85.01509381830692 1.182950012385845 3713.891547068954 5925.957154631615 438.1507025063038 1294.923899680376 3.661824718117714 399.2528695613146 3172.387211129069 9265.910064354539 2135.282334208488 6194.354028135538 17019.60723268241 32108.88492331654 1202.184516616166 105.0477320179343 146.1983731426299 997.5143529549241 11.36954816430807 11.89685985445976 3356.375475272536 131.0802606940269 6174.775761693716 5948.305984124541 8306.425182715058 4320.580615766346 13.09794991463423 40.33622558414936 71.86718787252903 13.83882679790258 3.985546417534351 1639.809454441071 1188.35487139225 0.1559168249368668 0 0.1810436025261879 17.26923958212137 1.989449039101601 21.98474098742008 0.274000495672226 107.5052448362112 0 883.9464715495706 4.098380774259567 0 701.6923027634621 135.134507805109 112.205574028194 161.9213647842407 0.3226333260536194 13.04898668825626 737.38685066998 296.9404493942857 83.92136664688587 596.5108390301466 2355.077535241842 19341.82465804368 31.83469738066196 5.913413301110268 23.92662348598242 173.4196630641818 0.6934281662106514 0.757696196436882 84.06350565701723 28.66512249410152 139.3484312444925 360.1551621779799 237.5996101126075 54.35656009614468 3.718103408813477 0.1098914071917534 28.60420037806034 0.5808329358696938
79.19030423462391 11.38814050704241 419.8568263426423 2932.290681906044 15.53417868167162 826.1897599771619 10074.34468435496 365.1291571855545 922.9387747868896 2853.875932440162 4.259644314646721 171.1002429500222 8.448766075074673 309.9706762470305 28.91435413807631 1214.428663246334 14.3701129630208 0.4355344474315643 1.733373031020164 2144.497963152826 4712.517365932465 120.3434158191085 4381.487469188869 12908.15944965556 1.615463823080063 22.26554925739765 1202.184516616166 22230.31200762093 583.019908901304 7463.336850188673 0.3716722279787064 13.4573974236846 124.0131964385509 505.2732155248523 21.19504314661026 2886.246996387839 153.5125174894929 971.5494732931256 493.2676615938544 117.0391691252589 100.3477839455009 1.461404338479042 10.43670278787613 75.73183455318213 3.007535599172115 9.999552354216576 99.14185428619385 1.024771206080914 29.8939555734396 1452.748200394213 89.05350331217051 402.9016730114818 95.16716946661472 2.398771688342094 55.66594670712948 0.2603441700339317 83.78692524135113 4.535297378897667 230.4249210879207 6.842856913805008 0.8441819325089455 1.049715481698513 96.10253500193357 153.7587982416153 93.63142532110214 85.56419853121042 1960.345200419426 0.2375791519880295 1.287595316767693 38.70315550267696 1491.300318583846 166.540365897119 693.9921073168516 0.4759646728634834 2.029482714831829 21.65688449144363 80.42521429806948 4.979518577456474 350.3780960142612 9.942473895847797 210.3994571343064 60.35205382108688 167.7275932654738 9.497342333197594 5.82616700977087 5.821245722472668
