1031.374160677195 0 75.72605849802494 6.388899452984333 0.3220051303505898 22.86734703928232 1705.989009149373 891.680085144937 6.844440698623657 35.62390802055597 18.9798975288868 2.337235189974308 1.400680050253868 4775.700780972838 0 0.3647468015551567 69.28599479794502 2.180634409189224 9.638337500393391 6.571970365941525 81.11834401637316 0 122.4309863075614 69.215246707201 0.1299544423818588 14.95562997460365 9.168868690729141 170.8370749801397 2607.933469504118 3299.275409728289 0.1558287814259529 16.62975468486547 34.86996027082205 47.6832615211606 0 88.11017359048128 5.812588684260845 60.40779472887516 12.75872703641653 2.510166086256504 0.3671302124857903 0.4607088565826416 0 0.101127028465271 0.1108712702989578 0.1213316395878792 0.1871962547302246 0 0 3.18465431034565 0.2573562189936638 1.826447688043118 0 0 0 0.1091887429356575 0.1682605817914009 0 1.616244226694107 0 0 0 0.9107593297958374 1.504890218377113 0 0.1082170531153679 11.28618606179953 0 0.1030026599764824 0.4195100069046021 11.69712936133146 0.6806907504796982 0.7133900672197342 0 0.3828231394290924 0.1080153807997704 0.6744029670953751 0 4.083508558571339 0.09621112048625946 1.171521700918674 0.1439869552850723 1.489924907684326 0 0 0
0 380.4045364111662 329.1629261821508 0.1024411767721176 0.3154032081365585 0.09883154928684235 3.488016881048679 0.7078056558966637 594.0210240408778 0.2916205376386642 269.2012038379908 0.2465412616729736 1082.928194530308 0.7284184321761131 7.178422123193741 198.839167997241 197.3056463748217 11.47853990644217 396.300521068275 0 7.734748177230358 3201.343959696591 13.23770345747471 1339.838071249425 2086.898013092577 1617.649695411325 6968.294182509184 19.28398972004652 1.815403535962105 1.40994481742382 11.62450527399778 0.7263492345809937 0 89.90330853313208 6.022164538502693 249.9543565288186 106.34628842026 318.390593983233 149.4347747936845 13.07995962351561 0 192.8516957312822 0 0 17.56223838031292 24.01882923394442 0.5704338029026985 0 0 0 0 0.5611066967248917 0 5.103644169867039 0 7.350078463554382 0 0 5.652784042060375 5.476070575416088 1.541070267558098 13.61080814152956 0 0.8697000220417976 7.449100717902184 1.789402320981026 4.056133151054382 11.87166287004948 307.7166014015675 1729.671275064349 0.9367136582732201 0.1368871778249741 0.326199859380722 7.810714572668076 0 0 1.698930695652962 0 9.7635253444314 11.20267902314663 6.857503548264503 4.879450879991055 0.7947738915681839 0 0.8848554491996765 0
75.72605849802494 329.1629261821508 7408.9395153597 7.035165011882782 0.344999648630619 101.387473076582 1126.904453247786 769.5524512603879 2.309706799685955 86.19661848247051 26.40460502356291 0.5404132008552551 16.46108092367649 586.1500010043383 1.121274538338184 13.32891573756933 6410.212422944605 19.12345970422029 648.7526313588023 2.670091345906258 931.2774284407496 96.8151736035943 10930.81095399708 30.27656508982182 4.982706256210804 7468.442410588264 11583.97603537887 191.8134460225701 164.6088475733995 1357.138637498021 0 4.538809828460217 12.7555128633976 980.5718077272177 21.0198390930891 1265.287666022778 2024.137153089046 2472.443795055151 1248.009874776006 32.84426158666611 4.202697925269604 12.02921387553215 9.624616235494614 1.054483443498611 282.5729422047734 706.3063624501228 0.4219321608543396 0 0.2215086221694946 7.320948980748653 1.927315793931484 1.211408659815788 2.50531467795372 1.086390808224678 0 0.1329935938119888 2.206756331026554 0 80.41776223480701 133.8719379231334 1.510330565273762 20.17093941569328 0 7.006970547139645 67.42053114622831 231.3473740145564 25.22066772729158 0.7219684422016144 342.6733584329486 2899.857947736979 13.59346406161785 0.9424074590206146 1.884589679539204 2.085255309939384 0.1285492777824402 0.1187248453497887 18.84003703296185 1.72724062949419 95.53133171051741 236.0003712028265 149.3784775584936 46.72127750515938 5.384951956570148 0 0 2.053103625774384
6.388899452984333 0.1024411767721176 7.035165011882782 3455.99362385273 2.288054518401623 93.12731569260359 69.68423526734114 25.38845205307007 2164.506984740496 8208.741208620369 3.749584197998047 2198.169112317264 0.8721423670649529 59.29598562419415 93.28688464313745 0.4687443226575851 2.444749444723129 0.4077982753515244 0.6461297124624252 8957.482126779854 1.631772957742214 0.3487039655447006 5.852646894752979 1502.212549291551 2.199728488922119 3.146831311285496 10.39555385708809 2121.039350010455 140.2664647251368 4.636534683406353 0 2.976664341986179 7.647491462528706 29.79534285515547 3.167646482586861 360.6927850022912 5.195168912410736 96.95035050809383 29.57131736725569 253.5121850073338 8.034384816884995 2.699408955872059 2.611648589372635 0.389279767870903 0 1.178132399916649 318.5775573030114 1.701040640473366 4.280881628394127 151.4955418556929 8.384746797382832 326.3979497328401 101.4025688692927 1.740441493690014 208.4473962187767 0.412210613489151 7.401855930685997 24.46097237616777 0.9773807376623154 0 0.1714330464601517 0 355.3848761320114 0.7456699162721634 0.268484354019165 0.5385901108384132 327.1283926293254 0 0.09627944976091385 1.839519798755646 306.8067648336291 5.41973727196455 3.284069232642651 0 1.785558730363846 0.1110827550292015 4.19064187258482 0 64.59302398562431 0.6040509641170502 11.3077080398798 2.766339503228664 140.4508583769202 2.169771462678909 1.878970324993134 0
0.3220051303505898 0.3154032081365585 0.344999648630619 2.288054518401623 18.81791368871927 258.8183277249336 1.257945045828819 24.40778581053019 99.4237310513854 4.805814422667027 8.909318253397942 100.547689281404 0.889837309718132 6.262290269136429 2297.704896911979 0 0.09089954942464828 0.6796863153576851 0.1385256499052048 2.712181195616722 0.2204669043421745 0.6150775924324989 0.09829126298427582 30.46070328354836 0.5162659287452698 0.1406600773334503 1.01445734500885 4.447478577494621 218.8943624049425 0.6147908642888069 0 109.9621383473277 0 15.70995359122753 0 35.60584990680218 0.9488894492387772 40.29386420547962 5.828027665615082 1757.726269178092 57.8970013409853 0 0.3128328025341034 0 0 0 0.5743597820401192 0 0 0.9097780138254166 0 0 0 0 0 0 0 0 0 0 0 0 0 0 0 0 0.9801752865314484 0 0 0 0.4564048051834106 0 0 0 0 0 0 0 1.053415417671204 0 0 0 0 0 0 0
22.86734703928232 0.09883154928684235 101.387473076582 93.12731569260359 258.8183277249336 13483.61362538487 776.826884880662 6983.561698511243 95.48689755797386 10022.30211308599 120.9401622414589 5429.021513283253 20.32027646899223 873.3724821060896 2265.422271080315 0.6359413117170334 44.04014594852924 8.569619841873646 10.46950959414244 426.9458945095539 20.72878202050924 0 61.19444150477648 240.2369766160846 3.316472113132477 30.64034784585238 21.2624726742506 635.6175485551357 295.4786371439695 80.87414733320475 0.3807671964168549 1073.981089197099 5.066717222332954 139.00482429564 4.13605734705925 474.6109763011336 25.69521370530128 453.8725027367473 53.57600374519825 2806.800484366715 91.64238553494215 10.18395747989416 6.424499206244946 0.2031505256891251 0.1092879176139832 1.312257260084152 7.162889763712883 0 0 25.23881286382675 3.06269109249115 11.04289051145315 3.761741176247597 0.2285787761211395 6.029372215270996 0.2676127552986145 0.7699165418744087 0.7108328342437744 1.486660443246365 0.3957768231630325 0.1086503192782402 0 14.77332875132561 1.434296436607838 0.1702634990215302 1.288631781935692 24.59926952421665 0 0.22629763931036 3.771718233823776 44.76476147025824 0.5923906862735748 2.511615827679634 0 1.106325134634972 0.09395091980695724 1.857984855771065 0.7195743322372437 13.40353859961033 0.5634768605232239 1.950240217149258 0.9737863689661026 23.81843318045139 0 3.069746144115925 0
1705.989009149373 3.488016881048679 1126.904453247786 69.68423526734114 1.257945045828819 776.826884880662 11324.88069663197 3528.742884166539 266.4501645937562 5243.76309889555 35.08090188354254 5.440551899373531 5.716639548540115 8811.179261982441 5.164530448615551 44.71626874804497 168.6623142883182 3.673425063490868 26.85449833422899 36.80371076613665 228.1699963584542 14.39779610186815 1097.939445145428 1456.280475251377 11.89452521502972 145.4454872608185 584.7106974497437 20005.51865782589 1603.46681625396 5007.004693262279 0.2382036074995995 25.15365844219923 74.33726602047682 342.701131567359 33.53186474740505 1977.586681731045 98.86918748170137 1115.940524332225 504.1434797123075 114.7305678725243 60.39884303510189 5.389400005340576 21.25698761641979 3.089501984417439 2.077106393873692 8.542062677443027 67.19583488255739 1.183642953634262 7.630242317914963 319.2156664356589 30.92604959756136 93.85104236006737 70.40980151295662 9.534870363771915 12.80888874083757 1.15638056397438 25.30531237274408 5.518855363130569 44.61456967890263 1.03993184119463 0.5233363658189774 0.8357274606823921 105.9788575768471 14.17389050871134 14.39775248616934 44.72726908326149 377.8350892141461 1.893049001693726 5.07999262958765 97.883350469172 603.9527053833008 37.81497459858656 20.91529878973961 0 7.596737004816532 2.646343901753426 10.23756004869938 2.046254515647888 117.4177706241608 4.237624973058701 69.68914811313152 15.98675929009914 88.51982174068689 11.4558043628931 0.380498081445694 0.7676790580153465
891.680085144937 0.7078056558966637 769.5524512603879 25.38845205307007 24.40778581053019 6983.561698511243 3528.742884166539 15200.15190334618 66.13125355541706 3011.674966812134 69.69456768780947 855.9335317611694 11.07724957168102 6317.768676333129 122.8180049806833 3.909849122166634 425.3280532732606 5.547521315515041 45.27723541855812 297.9961633831263 333.0062296614051 0.4349077567458153 659.1669811606407 318.7010521814227 1.683742955327034 164.81932041049 71.53783451020718 703.9548507928848 671.9377229809761 2000.645661205053 0.6122982054948807 609.4438014924526 9.120489828288555 127.1782618835568 3.008169889450073 364.4274855703115 36.55453450232744 351.9632131978869 97.56809537857771 611.4876311719418 30.91589571535587 5.758090741932392 6.426084205508232 1.026001207530499 0.6353297084569931 1.672143705189228 9.122805647552013 0 1.256200522184372 83.10316399484873 4.625841677188873 23.02306487411261 10.4277448952198 2.575038984417915 3.857324749231339 0 6.193795010447502 0.3900796473026276 6.284407444298267 0.6303587853908539 0 0 15.69574251770973 5.137367464601994 1.0276954844594 2.901435911655426 115.2283712029457 0 1.679883576929569 9.703403949737549 140.9528793469071 10.37693802267313 8.555758982896805 0.1477990746498108 1.37245637178421 0.4412158653140068 3.268262661993504 0 26.56942082941532 1.583345159888268 11.68723205476999 2.011154696345329 11.34008157998323 0.776356503367424 0 0
6.844440698623657 594.0210240408778 2.309706799685955 2164.506984740496 99.4237310513854 95.48689755797386 266.4501645937562 66.13125355541706 985.9233809635043 308.7838062122464 15.01132598519325 842.7416012138128 45.69871532917023 39.39026121795177 758.3156870380044 217.302196726203 2.396309345960617 1.461305133998394 5.528859578073025 1223.96379249543 53.44961554557085 1848.230437658727 51.9329311773181 10544.59066424519 417.5915630683303 21.70214381814003 1019.187623165548 1393.514523267746 57.6784560829401 30.78949217498302 2.483277894556522 9.976644195616245 2.365080595016479 19.08625638484955 0 110.4733259081841 8.344301678240299 125.3918451294303 15.13123663514853 665.4259976446629 15.22190023958683 1.415762461721897 0.890608161687851 2.906191535294056 0.8590712621808052 1.332354173064232 339.8269630372524 0.7299337387084961 8.224199295043945 187.0279974043369 20.36347556859255 373.9240856915712 91.40965957939625 4.264049470424652 107.9674342796206 1.973512880504131 18.31117306649685 24.48109345883131 295.2524168714881 1.295266091823578 0.3840541616082191 0.2353194206953049 288.1374291405082 83.69456860423088 62.95342782884836 104.320632070303 1237.513800233603 0.2160102427005768 2.158312164247036 19.61151850968599 675.0466236099601 42.95783433318138 63.82924704998732 0.2419816479086876 1.560715354979038 4.831016600131989 13.93452896177769 3.200187087059021 81.07872981578112 6.743946596980095 30.27023030072451 6.844307847321033 110.9250445067883 2.107049703598022 0.2107036113739014 0.9692689776420593
35.62390802055597 0.2916205376386642 86.19661848247051 8208.741208620369 4.805814422667027 10022.30211308599 5243.76309889555 3011.674966812134 308.7838062122464 31834.90346417576 116.1814525797963 3337.935989767313 20.47696459293365 1451.484525740147 30.83794352412224 3.939631119370461 19.23878873884678 9.530477404594421 11.63122370839119 7146.010161712766 11.94239227473736 1.768559157848358 65.05241595953703 1648.490881577134 0.8859539404511452 31.22323860228062 77.68746641278267 11843.59257432818 966.9776530712843 21.97067345678806 2.852980419993401 65.83418843150139 18.20522696524858 273.149683766067 14.93164704740047 1580.476083740592 37.83258741348982 1021.22531927377 180.3734037727118 162.2614030241966 84.28502593189478 9.422334499657154 22.00483360141516 0.2281823232769966 0.4302516132593155 2.214829102158546 159.3660588338971 0.6680885404348373 3.273014865815639 144.6750605031848 10.12902989983559 112.8273762315512 67.12422392517328 1.254716739058495 67.35485196113586 1.045728258788586 3.970773197710514 12.92450528591871 3.419523559510708 0.2461460381746292 0 0.8986070156097412 185.20764862746 2.776238232851028 2.158218733966351 5.859628804028034 175.5526181682944 0.3986745178699493 0.5950878784060478 13.77470779418945 223.6266265138984 6.360160529613495 3.92286766320467 0 0.7109113335609436 0.5378047376871109 1.850151613354683 1.232408687472343 56.48835675418377 1.267026141285896 10.32161942124367 1.348568610846996 69.14166113734245 1.623888850212097 1.28970243781805 0.9615340232849121
18.9798975288868 269.2012038379908 26.40460502356291 3.749584197998047 8.909318253397942 120.9401622414589 35.08090188354254 69.69456768780947 15.01132598519325 116.1814525797963 10268.59115006775 193.4873576983809 1901.439644664526 180.461639881134 30.04935932904482 1.2494912520051 474.9161192700267 3446.904227256775 1493.303150646389 56.18665483593941 15.19232211261988 27.25192485749722 49.03429555147886 49.53310500830412 806.8273783698678 2831.406071230769 578.5092557892203 50.98551455885172 1002.551638789475 42.88664024323225 214.668853238225 348.1176730468869 1.746720366179943 5822.122189693153 14.92619909346104 742.6718761995435 3589.885314844549 5486.987385489047 754.8189836218953 65.33003509044647 186.415839895606 680.4044899269938 6.55001512169838 0.2674758732318878 6.941340237855911 0.1811526715755463 0.7415472716093063 0 0 8.517620354890823 0.1008931398391724 4.838807784020901 0.3901560306549072 134.0857641026378 0.08888807892799377 452.999367274344 0.4901089817285538 0 1.099863789975643 0.3092091530561447 7.983732178807259 0.4774904921650887 0.3583233058452606 0.2005119919776917 0.1588799506425858 0.2062434107065201 21.9307195097208 33.78900425881147 48.37781415134668 53.13115368038416 23.72850488126278 2.025697000324726 1.71829692274332 17.01553623378277 0.1131409034132957 0.1832373887300491 3.576283007860184 1.270701751112938 12.15520387142897 168.5871886909008 29.37998047471046 4.04700480401516 0.9939199388027191 0.5242840945720673 218.0419250950217 0
2.337235189974308 0.2465412616729736 0.5404132008552551 2198.169112317264 100.547689281404 5429.021513283253 5.440551899373531 855.9335317611694 842.7416012138128 3337.935989767313 193.4873576983809 9465.352738142014 29.0663428157568 712.1929836273193 1199.547479502857 0 1.097141824662685 10.0101330280304 8.587568283081055 7624.549283377826 0.5713850930333138 0.5881669372320175 1.576132588088512 788.2818299680948 6.552941173315048 10.16016528755426 2.656764127314091 87.18872824311256 502.3504212200642 2.619273886084557 0.7452146783471107 187.847689345479 0 221.0700419023633 2.722949594259262 1291.10671005398 32.08923770487309 1012.694817103446 55.40842553973198 2669.02089753747 73.16733613610268 20.76942404359579 17.79875037074089 0 0 0 106.9482399970293 2.44296458363533 5.350739166140556 47.88262371718884 3.940028548240662 81.19222429394722 68.89886807650328 0.7020474597811699 188.3556904196739 2.508135750889778 3.062501862645149 32.87603302299976 0 0 0 0 198.3402199149132 0 0 0 86.15003783255816 0 0.6841686517000198 0.7273528575897217 75.66021324694157 0.9875931888818741 4.032573118805885 0 0.4222432374954224 0 0.3214434087276459 0.8079501390457153 110.8450835496187 0.3139877915382385 9.32536855340004 1.164424419403076 205.2827418893576 0.7246679067611694 7.211387738585472 0.2908774018287659
1.400680050253868 1082.928194530308 16.46108092367649 0.8721423670649529 0.889837309718132 20.32027646899223 5.716639548540115 11.07724957168102 45.69871532917023 20.47696459293365 1901.439644664526 29.0663428157568 2827.60960252583 30.51902993023396 34.52828672528267 3.931660704314709 14.90525083243847 104.1922540739179 5.323987610638142 8.511008605360985 4.590532787144184 187.79021409899 12.67752853780985 64.29498469829559 6411.344556905329 307.376371063292 1269.345462910831 11.84041120857 83.9820376932621 8.204550698399544 287.0121640563011 46.82321356236935 0.08385811746120453 659.1088632568717 28.10479915142059 616.7855701670051 3405.077275849879 3443.975526072085 383.9305951818824 43.437729395926 232.3676226511598 854.7362430468202 6.269966877996922 0 21.33413864672184 0.677889347076416 1.10170790553093 0 0.3489524349570274 2.116707377135754 1.00212349742651 1.593385189771652 0.7107323780655861 713.8287514671683 0.4394808858633041 2473.370116576552 0.8111287206411362 0 0.7746067270636559 0 40.30357019603252 2.379643484950066 0 0.8873897716403008 2.574246317148209 0 6.295741014182568 323.1520392596722 226.0457806140184 251.8895860388875 2.761242486536503 2.792148537933826 0.08541015535593033 133.3146479874849 2.271034307777882 0 9.944030836224556 10.42871810495853 48.86020536720753 637.7217069715261 145.9804253429174 25.19696626067162 1.772149831056595 7.930099442601204 640.1122860386968 1.99365721642971
4775.700780972838 0.7284184321761131 586.1500010043383 59.29598562419415 6.262290269136429 873.3724821060896 8811.179261982441 6317.768676333129 39.39026121795177 1451.484525740147 180.461639881134 712.1929836273193 30.51902993023396 12172.31977194548 28.88069737702608 3.709176905453205 422.5431192293763 9.940575361251831 48.78524674475193 399.2832378223538 363.1664323210716 0.5595518201589584 679.8605609610677 274.1096915751696 3.247971408069134 113.5466955825686 64.49547581374645 789.8928429707885 8185.212688632309 4726.850404962897 0.2884542569518089 553.0709569528699 21.02971565723419 251.7101368904114 6.559573791921139 855.7687536627054 52.72380983829498 706.207012757659 120.6530782952905 441.0696697458625 76.85660407692194 11.73608503490686 9.323287405073643 2.012520872056484 0.6504230052232742 1.088618472218513 1.966940186917782 0 0.6188313513994217 41.40096976608038 4.060665279626846 19.52406874299049 4.073201194405556 2.803440168499947 1.201096579432487 0.2905885651707649 4.014265902340412 0 9.843877531588078 0.189721591770649 0 0.1057074517011642 4.177992984652519 9.077421918511391 0.8227973729372025 2.298001132905483 99.23729670792818 0 1.718526057898998 11.11394571512938 106.5496771112084 11.53427410125732 14.16203631460667 0.1088685840368271 0.4922687858343124 1.686448119580746 3.191086649894714 0.3312094807624817 26.18862830102444 1.122220031917095 13.61795961856842 2.488334305584431 8.213647961616516 2.384630858898163 0.4666271209716797 0
0 7.178422123193741 1.121274538338184 93.28688464313745 2297.704896911979 2265.422271080315 5.164530448615551 122.8180049806833 758.3156870380044 30.83794352412224 30.04935932904482 1199.547479502857 34.52828672528267 28.88069737702608 373.6949619203806 0 0.2212812826037407 5.133544482290745 0.9336463361978531 48.86197696626186 0.6220194548368454 12.88041050732136 1.232514120638371 1236.63993460685 21.08876772969961 5.339652635157108 16.51841005682945 44.98450440913439 11.6183817833662 0.578664518892765 3.37833895534277 562.6668790504336 0 7.372073620557785 0 233.1972231566906 102.5190593227744 56.29691538959742 14.90221533179283 2132.027291737497 104.0296904072165 22.09303814172745 0 0.436366468667984 0 0 1.395720854401588 0.2242408096790314 0.3356258571147919 6.894709333777428 0 3.127485737204552 2.42098867893219 0 0.6308600604534149 0.7652939558029175 0 1.848067283630371 0.5577178001403809 0 0 0 6.805999055504799 0.3849679827690125 0 0.1150619015097618 6.493922829627991 0 0 0.4370025992393494 4.598949201405048 0 0 0 0 0 0 0 7.004277616739273 0 0.3336449861526489 0 12.82028073072433 0 3.967416435480118 0
0.3647468015551567 198.839167997241 13.32891573756933 0.4687443226575851 0 0.6359413117170334 44.71626874804497 3.909849122166634 217.302196726203 3.939631119370461 1.2494912520051 0 3.931660704314709 3.709176905453205 0 2530.879334650934 40.06235460937023 0.8382393941283226 5.258639551699162 0.319323867559433 2573.049833476543 3262.804199628532 7378.748004809022 2440.428815789521 47.97272192686796 9.636809125542641 3906.575954690576 942.4264639690518 14.90140917897224 110.9404698610306 0 0.2770482748746872 5.329268470406532 80.38330326974392 26.28165078163147 1036.08145545423 285.1269561722875 436.9710281267762 427.0645552501082 85.94552128016949 10.78474323451519 15.70009705424309 13.52045151591301 1.551110595464706 5.241099528968334 41.74189876765013 0.3858013823628426 0.09551982581615448 0.6156449913978577 12.89205946028233 1.365474872291088 93.20551161468029 1.675321772694588 0.5435260236263275 0 1.263575658202171 2.804909847676754 2.534772425889969 2902.409884817898 3.462645515799522 0 0.1590990424156189 0.7323970198631287 669.2849451526999 1274.536413833499 2069.250896587968 296.1295537948608 0 2.109254442155361 996.049385368824 186.235030144453 30.44127532094717 184.4309538304806 0 0 7.870634391903877 11.00000393390656 3.903180316090584 108.3465218320489 21.39914112538099 35.17808458954096 14.34409469366074 14.60930307209492 0.6337042897939682 5.139008462429047 0.559409111738205
69.28599479794502 197.3056463748217 6410.212422944605 2.444749444723129 0.09089954942464828 44.04014594852924 168.6623142883182 425.3280532732606 2.396309345960617 19.23878873884678 474.9161192700267 1.097141824662685 14.90525083243847 422.5431192293763 0.2212812826037407 40.06235460937023 1152.242723271251 233.8354305922985 2919.368841908872 1.953650742769241 1287.563471846282 14.69535627961159 2728.267366014421 31.20803498476744 11.41674198210239 3116.365458831191 4321.141852721572 60.08381583541632 802.6049005910754 2753.914410501719 0 7.182960838079453 138.7950560301542 6257.960656858981 8.345664978027344 779.8131964355707 1515.491559334099 2657.243991538882 892.4510091245174 19.07370281219482 4.48992633074522 10.5475402250886 5.485345110297203 0.1815729141235352 121.4368954598904 190.732923142612 0.09934552758932114 0 0 2.888495728373528 0.3065806999802589 0.8573613539338112 0.4848003685474396 2.372799254953861 0 6.22350174933672 0.2934592738747597 0.3466412648558617 13.39562704414129 59.6084334179759 8.71465964615345 56.89166403561831 0.1114896237850189 4.157987400889397 6.76221214979887 12.90170479565859 7.856592670083046 0.398963063955307 618.8847781270742 1428.129581652582 3.952453970909119 0.4311268031597137 1.991324812173843 1.909698806703091 0 0 6.740964464843273 0.4984399080276489 31.01470364630222 435.5665268227458 49.3641304448247 18.54092559218407 2.273086987435818 0 0.3074591755867004 0
2.180634409189224 11.47853990644217 19.12345970422029 0.4077982753515244 0.6796863153576851 8.569619841873646 3.673425063490868 5.547521315515041 1.461305133998394 9.530477404594421 3446.904227256775 10.0101330280304 104.1922540739179 9.940575361251831 5.133544482290745 0.8382393941283226 233.8354305922985 222.7495565861464 3030.528117626905 4.048073627054691 5.759749874472618 0.9840467050671577 24.75966308265924 2.812060490250587 36.92945373058319 2867.922857306898 478.384713076055 3.724084869027138 61.4359929934144 10.57835891097784 194.4880762025714 12.82388649880886 1.547494262456894 572.9042388051748 10.36788871139288 802.0424995869398 1182.412772141397 1609.585683174431 538.4016639739275 14.55163057148457 7.843304820358753 22.86182940751314 3.952947854995728 0 4.185684099793434 0.8998461663722992 0 0 0 0.4081937149167061 0 0.151340052485466 0.2241959199309349 51.41556638479233 0 278.4389786720276 0.3377874493598938 0 0.09407463669776917 0.1990510672330856 27.5391995832324 0.7942859828472137 0 0 0.5601204484701157 0 1.169978491961956 19.50333139300346 146.8653393238783 140.9519536793232 0.8217596039175987 0.3290049806237221 0.110582172870636 45.23335568606853 0 0 0 1.361784160137177 2.598624959588051 40.62801135331392 7.793748185038567 0.4261007606983185 0.1244223341345787 0 2.669938787817955 0
9.638337500393391 396.300521068275 648.7526313588023 0.6461297124624252 0.1385256499052048 10.46950959414244 26.85449833422899 45.27723541855812 5.528859578073025 11.63122370839119 1493.303150646389 8.587568283081055 5.323987610638142 48.78524674475193 0.9336463361978531 5.258639551699162 2919.368841908872 3030.528117626905 3241.219084829092 5.145314373075962 45.06430675089359 12.77389860898256 275.7534609809518 14.91037566959858 44.59419808536768 5730.896426185966 1402.714474506676 8.047580033540726 135.5830615162849 135.6571226865053 5.236806854605675 13.31901299953461 14.08103410154581 2986.166237279773 22.65263491868973 1433.237783357501 845.785396322608 3048.831141583622 1077.360639855266 25.93307347595692 9.176130883395672 4.264401316642761 4.746581889688969 0.1221632286906242 135.6721958220005 22.89479458332062 0.09962218999862671 0 0.1162010729312897 1.473841831088066 0.2334170490503311 1.168697595596313 0.1439926028251648 27.94484870880842 0 136.7922657206655 0 0 3.167587406933308 16.73096871376038 45.23268534243107 101.8010361865163 0 0.8779589384794235 7.870101921260357 1.091091550886631 5.419816628098488 10.02780738472939 1122.347771950066 1851.377303130925 2.765429027378559 0 0.4107456207275391 40.28987384587526 0 0 3.516020029783249 1.330138057470322 26.30832909047604 185.7988442033529 23.93022922426462 12.61368688195944 0.3659735321998596 0 0.1500686854124069 0.1094788312911987
6.571970365941525 0 2.670091345906258 8957.482126779854 2.712181195616722 426.9458945095539 36.80371076613665 297.9961633831263 1223.96379249543 7146.010161712766 56.18665483593941 7624.549283377826 8.511008605360985 399.2832378223538 48.86197696626186 0.319323867559433 1.953650742769241 4.048073627054691 5.145314373075962 1092.669559828937 0.9761095196008682 0 1.335533954203129 592.8007376715541 5.384348809719086 3.49846750497818 4.443976424634457 1702.956663817167 432.7822405397892 5.612773202359676 0.3934061750769615 33.95715662837029 3.246294148266315 137.7536525204778 4.203654363751411 1329.402568824589 17.66437043249607 564.9695615619421 94.08800655603409 391.9829838648438 55.3311540260911 8.086070522665977 18.26425944268703 0.3347045332193375 0.1142560988664627 1.372771635651588 395.2585426643491 4.135281980037689 6.547411687672138 308.6131830066442 13.49014244228601 309.9681627824903 150.7692981362343 2.6655542999506 143.5611616000533 0.5961195230484009 14.55426020920277 45.5677852332592 1.799449503421783 0.1976368427276611 0.678414523601532 1.570669174194336 504.2880427986383 3.041207581758499 0 0.7030079886317253 419.1655039563775 0.1263012439012527 0.3425306156277657 1.147330716252327 467.4387433975935 11.63519195467234 6.874624788761139 0 1.47827423363924 0.249760814011097 4.618194378912449 0.2313469499349594 162.4873771965504 0.3253539949655533 22.71657238900661 6.297708317637444 244.9773253574967 3.18630388379097 5.800709471106529 1.673952460289001
81.11834401637316 7.734748177230358 931.2774284407496 1.631772957742214 0.2204669043421745 20.72878202050924 228.1699963584542 333.0062296614051 53.44961554557085 11.94239227473736 15.19232211261988 0.5713850930333138 4.590532787144184 363.1664323210716 0.6220194548368454 2573.049833476543 1287.563471846282 5.759749874472618 45.06430675089359 0.9761095196008682 10237.10924137384 227.2559883370996 17589.84831787646 351.3202230632305 35.02159588038921 23.81706573814154 631.6666991785169 902.8011265918612 361.4351421222091 11118.0270556882 0.1034092083573341 4.895160533487797 44.89085590839386 4284.177976593375 173.1346033066511 7159.508878260851 1837.7497702986 6481.090263277292 3457.970237284899 647.415982991457 27.3585192039609 24.90465007722378 86.28178133815527 4.029458917677402 1.533692806959152 4.143950425088406 0 0.6131519973278046 1.274021573364735 13.79961927235126 2.061938740313053 99.71586412936449 0 3.148757509887218 0.1767637133598328 2.001190982758999 7.839435428380966 6.085157185792923 686.2760878130794 3.537450715899467 0.2553444653749466 0.640382245182991 1.474889919161797 621.3355181738734 194.6858892738819 245.4527140334249 453.849074922502 0.8789622783660889 3.362833626568317 36.30540695041418 278.8407832831144 94.6632125377655 308.2971843481064 0 0.5338893532752991 25.89612875133753 23.76637885719538 11.49062199890614 132.505348354578 14.17485901713371 47.31014961004257 18.72813981771469 30.13621337711811 1.851955592632294 14.73827502131462 0.4173470288515091
0 3201.343959696591 96.8151736035943 0.3487039655447006 0.6150775924324989 0 14.39779610186815 0.4349077567458153 1848.230437658727 1.768559157848358 27.25192485749722 0.5881669372320175 187.79021409899 0.5595518201589584 12.88041050732136 3262.804199628532 14.69535627961159 0.9840467050671577 12.77389860898256 0 227.2559883370996 1037.873243376613 308.0324484631419 4586.704444251955 1281.279280565679 40.99160423129797 4250.076702795923 167.2067191675305 1.050880700349808 1.700028955936432 3.755167789757252 0.1057368144392967 0 4.311533845961094 0 20.11949296295643 12.32281745225191 20.33300580829382 10.21288124471903 23.00434998422861 0 6.585144221782684 0 0.1436237543821335 19.05727658420801 113.7538665607572 0.4198727160692215 0 0.1206746846437454 3.721371725201607 0.4950882345438004 16.42961130291224 0.2014912366867065 1.002302467823029 0 4.992988489568233 0.3631310164928436 0.438296377658844 918.6262743994594 13.51652550697327 0.4548551738262177 2.198213569819927 0 58.6664921939373 146.2953929528594 437.0487762317061 48.83699999004602 12.08943054825068 42.12177624553442 1833.806367293 24.56879709661007 1.826835341751575 11.48556905984879 1.392413482069969 0 0.360540546476841 3.775967970490456 0.675000786781311 33.53958339244127 9.951239585876465 24.77470279484987 9.987985149025917 2.150550797581673 0 0.2559913694858551 0.6007500290870667
122.4309863075614 13.23770345747471 10930.81095399708 5.852646894752979 0.09829126298427582 61.19444150477648 1097.939445145428 659.1669811606407 51.9329311773181 65.05241595953703 49.03429555147886 1.576132588088512 12.67752853780985 679.8605609610677 1.232514120638371 7378.748004809022 2728.267366014421 24.75966308265924 275.7534609809518 1.335533954203129 17589.84831787646 308.0324484631419 13274.45257329196 572.5990768149495 35.71493101119995 1390.996193543077 8098.566577337682 2376.918101578951 518.0086630433798 6689.924345739186 1.165942095220089 11.40535569936037 58.43036998063326 5205.272852577269 211.0222635567188 7663.487507648766 6286.660121627152 8847.210944876075 6839.344518862665 781.0361753329635 26.17060974240303 43.99478556960821 112.1361293569207 0.4129362031817436 10.20049728453159 274.7939582169056 0.6709313318133354 0.17845818400383 0.7999440208077431 17.11939848959446 2.383129701018333 26.33523068577051 1.391482651233673 1.884834967553616 0.1248410120606422 2.481794118881226 2.344389222562313 1.286290124058723 2197.932126879692 6.969936691224575 1.725453019142151 2.682380557060242 0.1502788066864014 341.2943708226085 528.1785059869289 1807.960364677012 118.6231429576874 0.4117441773414612 14.92517198622227 1684.647157922387 97.03238562494516 9.614299178123474 84.19427232444286 0 0.115978330373764 3.236522987484932 10.33675956726074 7.265478193759918 76.87044064700603 26.57756364345551 47.30828071385622 24.22540752589703 8.83358995616436 0.4736251831054688 14.63159793615341 0
69.215246707201 1339.838071249425 30.27656508982182 1502.212549291551 30.46070328354836 240.2369766160846 1456.280475251377 318.7010521814227 10544.59066424519 1648.490881577134 49.53310500830412 788.2818299680948 64.29498469829559 274.1096915751696 1236.63993460685 2440.428815789521 31.20803498476744 2.812060490250587 14.91037566959858 592.8007376715541 351.3202230632305 4586.704444251955 572.5990768149495 10595.88664272428 590.2214753031731 39.41754346340895 3988.030707165599 9648.552445299923 773.1034464538097 844.2666625082493 1.530667409300804 22.68715545535088 91.66931903362274 193.5575801730156 21.7172677218914 2104.889984220266 161.0261352881789 816.0259742736816 269.7631981447339 1638.777401313186 48.57856107503176 14.00835902988911 17.54695093631744 30.11149183660746 7.276925668120384 20.93065207451582 473.0945254415274 2.371036931872368 24.222909912467 748.8010363504291 85.27315621823072 1532.673722214997 195.8250911682844 26.50021464005113 92.59791767597198 3.495417706668377 98.24069834500551 39.99152205139399 452.1310728117824 3.773498222231865 2.479443550109863 2.133810013532639 519.712964721024 365.2649547755718 364.7918483242393 152.0741808265448 3056.357890501618 0.6297698318958282 8.713803760707378 156.5554611757398 2278.477912917733 263.6029264181852 320.0630037635565 0.2027950882911682 20.87837343662977 32.33858348429203 63.64753632247448 6.398454912006855 421.8756870180368 13.9591052532196 194.5622608661652 46.6826955229044 327.5690510720015 19.85239078104496 10.32875727117062 1.951365359127522
0.1299544423818588 2086.898013092577 4.982706256210804 2.199728488922119 0.5162659287452698 3.316472113132477 11.89452521502972 1.683742955327034 417.5915630683303 0.8859539404511452 806.8273783698678 6.552941173315048 6411.344556905329 3.247971408069134 21.08876772969961 47.97272192686796 11.41674198210239 36.92945373058319 44.59419808536768 5.384348809719086 35.02159588038921 1281.279280565679 35.71493101119995 590.2214753031731 384.8398414030671 677.1747209653258 5317.646940261126 52.82771868258715 17.23996338248253 48.66592437028885 422.173447266221 5.12530443072319 1.469754695892334 200.8922682255507 1.538666531443596 1211.423680737615 502.2028111517429 895.8945517987013 83.57203528285027 155.3235118836164 121.4917383342981 483.2850896045566 21.27334034442902 0 51.82318563759327 0 0 0 0 2.439001142978668 0 2.700011141598225 0 367.7489665672183 1.399502277374268 2168.255250357091 2.023836985230446 0 2.244442269206047 4.112813368439674 21.85805274546146 17.56306986510754 0.1299030035734177 3.092384487390518 8.714215442538261 0 9.228442057967186 253.1815509349108 283.7513765767217 673.2672804370522 8.195252820849419 1.780987396836281 2.330281160771847 144.3238016664982 0.2280771359801292 0 17.45310278236866 1.137979626655579 578.5251558125019 129.5184050276875 145.5991987138987 13.14942348748446 88.26882463693619 5.752284780144691 77.17222931981087 5.435201168060303
14.95562997460365 1617.649695411325 7468.442410588264 3.146831311285496 0.1406600773334503 30.64034784585238 145.4454872608185 164.81932041049 21.70214381814003 31.22323860228062 2831.406071230769 10.16016528755426 307.376371063292 113.5466955825686 5.339652635157108 9.636809125542641 3116.365458831191 2867.922857306898 5730.896426185966 3.49846750497818 23.81706573814154 40.99160423129797 1390.996193543077 39.41754346340895 677.1747209653258 32822.22135873139 17283.92303682864 25.82859268039465 120.0881420746446 215.4030296206474 854.2272548526525 14.282799936831 8.763978242874146 724.1588335260749 22.77912808954716 2360.129694037139 3380.359237708151 2941.943643532693 1272.132015876472 49.10274889320135 13.28532243520021 67.89436467736959 9.506867095828056 0.1268190443515778 427.7973453551531 196.0674834474921 0.1238389983773232 0 0.3334637582302094 3.096570827066898 0.6220588907599449 1.836915120482445 0.1185390278697014 174.1530172303319 0.1093189716339111 1081.457942992449 0.5900523513555527 0 6.471580922603607 71.32194659858942 132.9769043400884 156.5046465918422 0.170644149184227 0.9869312569499016 17.81103852391243 4.592168390750885 11.6840093806386 213.0872465521097 2094.045915111899 4110.656521610916 5.220703549683094 0.7306328192353249 1.594026148319244 183.6631858497858 0.2545865178108215 0 11.10025142878294 2.52323642373085 67.59624446183443 656.6083971112967 90.09644865989685 29.96227259933949 2.691170796751976 0 10.02715511620045 0
9.168868690729141 6968.294182509184 11583.97603537887 10.39555385708809 1.01445734500885 21.2624726742506 584.7106974497437 71.53783451020718 1019.187623165548 77.68746641278267 578.5092557892203 2.656764127314091 1269.345462910831 64.49547581374645 16.51841005682945 3906.575954690576 4321.141852721572 478.384713076055 1402.714474506676 4.443976424634457 631.6666991785169 4250.076702795923 8098.566577337682 3988.030707165599 5317.646940261126 17283.92303682864 31270.32879461348 1569.04778124392 68.96366259455681 152.905048251152 773.5725689381361 4.400721870362759 6.004905991256237 1759.407732516527 104.6325832679868 6455.182899750769 3602.699290312827 6392.716714240611 4335.878764256835 286.8569026589394 21.79806814342737 42.70422494411469 35.48773926496506 1.664036758244038 2737.014897637069 2103.54594643414 1.234028428792953 0 1.710434287786484 41.59348091483116 7.847302377223969 14.44550430029631 4.214705243706703 159.2283341214061 0.355022668838501 992.8673269748688 8.104977771639824 0.1169194206595421 1138.672612294555 307.895479850471 196.6644519716501 257.2320547923446 0.8181652426719666 76.28500227630138 1015.153434671462 1377.623700127006 138.8343791514635 523.0150477290154 4171.307305052876 18245.62758734077 92.18264743685722 5.627279803156853 21.528694011271 222.2168654873967 0.2478323727846146 0 60.94285855442286 7.891222529113293 354.8122858479619 901.3032070025802 492.167051486671 205.7733249440789 16.40369455516338 0 13.13395240902901 3.254410170018673
170.8370749801397 19.28398972004652 191.8134460225701 2121.039350010455 4.447478577494621 635.6175485551357 20005.51865782589 703.9548507928848 1393.514523267746 11843.59257432818 50.98551455885172 87.18872824311256 11.84041120857 789.8928429707885 44.98450440913439 942.4264639690518 60.08381583541632 3.724084869027138 8.047580033540726 1702.956663817167 902.8011265918612 167.2067191675305 2376.918101578951 9648.552445299923 52.82771868258715 25.82859268039465 1569.04778124392 11972.59735848755 1674.85986693576 13811.99183483422 1.307730682194233 28.74645178765059 405.0087290108204 1220.508879601955 95.98486744612455 5642.09035744518 407.4761022999883 2540.731057971716 1101.364957131445 375.4560154303908 79.01845810562372 33.73773717135191 39.4955919906497 30.87321452051401 3.637979596853256 8.436074435710907 255.6652894094586 1.664735786616802 21.70216462761164 832.2570746019483 78.51962375640869 626.8996661528945 148.8142728731036 26.52766114473343 44.20250786840916 11.24077045917511 105.8715501874685 29.305305801332 359.8599318116903 2.111412972211838 1.814494080841541 2.717422500252724 312.7914174199104 375.5478992164135 112.1399037018418 82.76299478113651 2264.571484588087 0.2858640104532242 5.858343832194805 71.6534146592021 2035.363499559462 322.1105792336166 397.9132880419493 0 21.38343849778175 41.58855006843805 67.12016536295414 13.14739003777504 401.2338473424315 18.84798537194729 179.1033752858639 51.79181114584208 309.5360410884023 21.34041065722704 14.79926186054945 5.337243966758251
