259.5147656723857 0.6221719086170197 8.052339822053909 3.136884324252605 0.1982455179095268 8.533117689192295 1164.973258063197 512.2511619776487 1.610507726669312 77.42718959599733 2.065076045691967 1.189129825681448 0 3900.313592553139 0.3237656801939011 0 44.79009264707565 1.918214462697506 7.09194141626358 7.001215979456902 32.67704377323389 0 25.28820120543242 3.221421405673027 0 13.69506418704987 4.576900333166122 30.31940094381571 2186.068709082901 2537.182025238872 0 2.134668782353401 56.15863656252623 84.08746568113565 0.3881139755249023 17.39198534190655 2.340545743703842 25.78138833492994 6.231272250413895 2.684597369283438 0.9985282570123672 0 0.4555023163557053 0 0 0 0 0 0 0 0 0 0 0 0 0 0 0 0.394435241818428 0.1076741963624954 0 0 0 0 0 0 0.6349862068891525 0 0 0.284731924533844 0.54123854637146 0 0 0 0 0 0 0 0.09795210510492325 0 0 0 0.1300691366195679 0 0 0
0.6221719086170197 159.9174789488316 165.3837028890848 0.7350544556975365 1.294179648160934 0.3015711754560471 0.1790949553251266 0.9635250195860863 522.4784410819411 0.3824564665555954 138.4871266782284 3.655902214348316 910.0543930307031 1.072668872773647 20.02313202619553 203.7345821857452 29.04224459826946 6.725204393267632 11.4847015812993 0 10.82079789787531 2433.172604478896 10.03471682220697 406.2436716556549 1562.438377484679 749.0735134929419 9840.374626435339 44.5199784040451 3.513813734054565 0.8945576995611191 8.688313417136669 0.6118017286062241 0.8061018586158752 98.94878654927015 0.7223549783229828 35.94999919086695 231.6231510639191 332.8874711319804 67.95258960127831 32.98587380349636 0.642561748623848 175.0596574917436 0 0 158.3082755506039 248.3899850100279 0 0 0 1.154622361063957 0.1566921323537827 0.4502947479486465 0.6752296090126038 1.768194571137428 0 8.903314985334873 0.1602686792612076 0 3.581194341182709 9.636810459196568 2.492971375584602 2.031133107841015 0 0.8871552050113678 79.19922112673521 40.30871490389109 2.212161190807819 27.58504469692707 162.1573903560638 2070.807974621654 2.417481973767281 0 1.504870131611824 2.248243637382984 0 0 2.492471292614937 1.361570782959461 29.87252012640238 101.6263175159693 22.62394256144762 9.367358304560184 0.5724813342094421 0 0.9507730156183243 0
8.052339822053909 165.3837028890848 5685.616341389716 22.32515350729227 0.4967962354421616 22.63229172676802 123.8337536938488 140.0507917776704 38.37172049283981 26.08125312626362 23.66162870824337 1.809541754424572 66.5234651863575 138.5927155762911 1.152006864547729 63.25723551958799 6555.755431249738 29.16859665513039 302.6820560693741 4.009308606386185 653.2982246130705 146.4505846425891 7885.948175989091 167.223225414753 0.7977782338857651 6665.675660260022 4131.172539494932 317.9265627861023 66.31176905333996 112.6474278643727 0.6376925185322762 3.536855347454548 4.377305775880814 1009.104507446289 23.39672144502401 1592.108887575567 2807.722695343196 1285.705171048641 452.1684455946088 47.7395434230566 1.248935058712959 24.09293887019157 3.656288720667362 0.5543786138296127 84.32312622666359 223.3310065865517 4.925811193883419 0 0 8.821465007960796 2.137930348515511 3.308296963572502 2.416075505316257 3.63791412115097 3.55865852534771 17.72660236060619 1.819361731410027 0.1881798431277275 123.7382510453463 5.217317119240761 0.8716937750577927 1.146658174693584 0.8557307124137878 7.266926251351833 132.7314861938357 528.7035351917148 32.05305214226246 1.174481764435768 19.54476042836905 1287.861785434186 40.71331026405096 0.5608029887080193 3.852388881146908 0.1802373826503754 0 0 2.27334201335907 13.60344114899635 116.5287100076675 68.84225165843964 27.95801127701998 16.61908895522356 8.305597491562366 0.573149248957634 12.44618046283722 0.9503148794174194
3.136884324252605 0.7350544556975365 22.32515350729227 1727.406383313239 11.36548920720816 101.0520889386535 780.2126695662737 64.68571862578392 1047.945487685502 3160.776575371623 3.86457384377718 2780.734248194844 3.055366992950439 70.48915491998196 261.8481046110392 0.2087014019489288 6.271735191345215 0.8337674997746944 2.132225550711155 4918.454339385033 15.37771985679865 0.6886510252952576 18.28849708288908 2019.300464831293 0.08509305864572525 5.498294807970524 9.358690425753593 3973.281217157841 158.0569643229246 58.65497234463692 0.1305517852306366 8.335274770855904 21.49312728643417 130.6723649501801 9.235239557921886 730.2065021917224 13.56147786974907 173.5027024149895 71.27953027933836 524.2148688212037 8.537213996052742 0.7803903445601463 9.065861731767654 0 1.081486344337463 0 169.0714566633105 0 9.48610931634903 73.41886951774359 10.97952684760094 164.462514333427 24.99792942404747 0.338670551776886 150.6856556534767 0.2111429423093796 3.344394877552986 4.878743633627892 10.3782202899456 0 0 0 27.22202640026808 1.718807965517044 2.92434760928154 0.687928631901741 464.121305346489 0.1800214499235153 0 1.351996414363384 325.7149829417467 2.159854546189308 0.1100587472319603 0.2802418172359467 0.852740541100502 0 1.116515643894672 0.9613281488418579 81.48836499452591 1.007857531309128 6.051992870867252 0.9990785643458366 167.6442267298698 1.246712043881416 0 0.6882345676422119
0.1982455179095268 1.294179648160934 0.4967962354421616 11.36548920720816 92.29187372326851 280.2945132106543 4.539827078580856 107.4739399775863 87.84271455556154 11.27030698210001 13.80775637179613 134.4579608142376 1.09604400396347 181.5751229003072 391.7485253587365 0 0.6025609821081161 1.730674646794796 2.561878927052021 9.350908994674683 0.212920218706131 2.003008648753166 0.325591117143631 40.18597905337811 0 3.658004529774189 1.596568405628204 9.764770455658436 226.2502352967858 1.589903488755226 0 515.350831925869 0.8698745518922806 618.2846935093403 0.463068462908268 31.85606592148542 3.203282579779625 161.9985739961267 35.33077035099268 1236.723834559321 156.7718873471022 0.8812878727912903 1.227403551340103 0 0 0.1354842483997345 0.6311075091362 0 0.4557336643338203 0.1520328670740128 0 1.112502366304398 0 0 0.1459597796201706 0 0 0 0.2280431240797043 0 0 0 0 0 0 0 1.903141260147095 0 0 0.1028471291065216 2.172083653509617 0 0 0 0 0 0 0 0.7401235178112984 0 0 0.3649010062217712 1.982121050357819 0 0.1973591595888138 0
8.533117689192295 0.3015711754560471 22.63229172676802 101.0520889386535 280.2945132106543 8722.512761648744 1817.203961510211 5815.471164222807 90.63192906975746 6396.188763678074 40.24299779161811 4024.272965613753 7.988297149538994 1109.553221173584 1512.427309446037 0.3756247013807297 38.40771666169167 8.939332038164139 15.41341563686728 329.4071597121656 19.31875965744257 1.697547346353531 26.38059129565954 138.6734502762556 0.266076497733593 24.14196975529194 12.66252028942108 270.473150447011 700.915256049484 122.4406100772321 0.371650256216526 624.6305534243584 3.496114820241928 953.6226154230535 6.214611284434795 405.0406459271908 14.101617410779 366.3965794071555 119.2946379706264 3253.317509517074 275.9969784840941 4.487122513353825 20.19914884120226 0 0.0886402353644371 0 11.45196169614792 0 0.3299117162823677 6.144875846803188 1.514121510088444 14.14870657026768 4.384775348007679 0.0973304808139801 6.824070051312447 0 0.3595142215490341 0 3.966407433152199 0 0 0.1029991433024406 2.351877242326736 0.5280662178993225 0 0.8150123208761215 33.54313196241856 0.1400943696498871 0.2813300639390945 0.4868412837386131 26.83014543354511 0.2136375159025192 0 0 0 0 0.1586473882198334 1.248391479253769 12.06501848995686 0.2656730711460114 0.9945255219936371 0.1856881380081177 12.73425510525703 0 0 0
1164.973258063197 0.1790949553251266 123.8337536938488 780.2126695662737 4.539827078580856 1817.203961510211 10820.75367016345 3307.384103640914 158.5488605126739 13002.07475504279 14.24648771435022 96.00002940371633 2.036790397018194 5552.780687108636 25.81031642109156 1.678832083940506 86.72651196271181 6.36723617836833 14.8027235083282 492.7188149951398 231.7526446208358 0.5692600980401039 270.535233668983 659.4452556297183 0.4485142156481743 35.66461943089962 41.31427393853664 13820.23143847287 1667.601317282766 5337.464443065226 0 23.31381634622812 160.1764677092433 578.4977617561817 23.86377456784248 1068.639864511788 28.21214611828327 552.263110652566 196.6250715255737 152.1223996430635 21.15881460905075 1.823875710368156 13.50172651559114 0 0.1048993021249771 0.101463221013546 15.55177684873343 0.122766487300396 1.596463464200497 8.329063460230827 1.965437948703766 22.90502570569515 6.313589833676815 0 6.363181620836258 0.3162261769175529 0.4896717742085457 0.4120202362537384 1.545005775988102 0 0 0 3.271005988121033 0 0.1273880749940872 0.650164432823658 52.17435792833567 0.1015384793281555 0 1.278499640524387 39.81257847696543 0 0 0.1665276139974594 0 0 0.07697947323322296 3.045827575027943 13.36772748082876 0.1853328943252563 1.063871525228024 0.86334528028965 3.89073558151722 0 0.1377288997173309 0
512.2511619776487 0.9635250195860863 140.0507917776704 64.68571862578392 107.4739399775863 5815.471164222807 3307.384103640914 6792.502431042492 80.02373584359884 3148.33446598798 25.52260775119066 639.2206025272608 4.423378758132458 4624.284697871655 251.3549330532551 0.4525180384516716 382.4115746505558 10.44696465879679 54.39099944382906 236.6761574521661 179.021503560245 0.09137658029794693 186.7254770249128 169.6697312369943 0.1572638303041458 127.9515629410744 65.74136629700661 288.4258172437549 704.7445466518402 1522.075360156596 0.07528013736009598 805.7962589785457 14.24034057557583 425.3375274389982 2.497726820409298 253.1320097073913 17.05611462891102 254.8090427555144 104.0005186274648 881.2725182026625 39.41669266670942 2.93598648160696 8.528235130012035 0.26363205909729 0.1296920329332352 0.1426282525062561 10.99681467562914 0 0.5653566122055054 7.976392984390259 0.5131982713937759 18.20672328770161 1.171777121722698 0.09298400580883026 5.365728966891766 0.08477146923542023 0.604276180267334 0 1.199415192008018 0 0 0 1.391959175467491 0 0 0.6703026294708252 41.48751882463694 0 0.1776323840022087 2.744094520807266 32.84171851724386 0.270861841738224 0.09360326826572418 0 0.2140056490898132 0 0.1129983067512512 0.8217076659202576 7.862616144120693 0.4111658930778503 0 0.327103778719902 3.573765456676483 0 0 0
1.610507726669312 522.4784410819411 38.37172049283981 1047.945487685502 87.84271455556154 90.63192906975746 158.5488605126739 80.02373584359884 883.5674096792936 52.03800801187754 5.267947770655155 308.1475910171866 25.54949209094048 38.34937419742346 1181.491874054074 96.07648044079542 8.43819821625948 1.238689430058002 1.808819346129894 202.1943119987845 69.37486954033375 1959.820178568363 59.89470169693232 5612.199870295823 108.5766724050045 46.08516292273998 560.6943926513195 1477.85517000407 68.97892209142447 336.2036441713572 0.8752976432442665 7.23358865827322 11.33748386055231 37.91474063694477 1.553348898887634 232.2823108360171 38.79640569537878 52.20935626327991 19.11967881768942 778.751564539969 3.070511370897293 1.659327454864979 6.108340561389923 0.9193850085139275 3.631017692387104 0.09912143647670746 132.3635975942016 0.644818514585495 8.304252065718174 92.80138194561005 18.47484587877989 58.76489894837141 30.05408126860857 0.3623936288058758 60.17927108705044 0.0664120689034462 8.70819229632616 7.572053804993629 45.03183279931545 0 0.1031878218054771 0.08127420395612717 22.83457678556442 10.53371727466583 13.25555326789618 2.757639892399311 691.4659940227866 0.5165541544556618 0.5086225420236588 7.158614344894886 511.9410308673978 2.023687519133091 0.9659572243690491 0 1.425759218633175 0 0.7676784694194794 0 32.44043172895908 1.658646747469902 10.31194300204515 1.294210515916348 63.07380121946335 2.856688857078552 0.4224673211574554 0.1574699133634567
77.42718959599733 0.3824564665555954 26.08125312626362 3160.776575371623 11.27030698210001 6396.188763678074 13002.07475504279 3148.33446598798 52.03800801187754 22147.05665486306 36.40263646841049 3349.093680582941 9.52446024864912 1123.099720768631 64.51287406682968 0.3694775402545929 30.15417119115591 12.5048004463315 21.75070897862315 3408.386381242424 32.3509673178196 0.07944323867559433 33.6359227411449 273.1654705628753 0.4735624492168427 28.19963274151087 13.4478576220572 4530.032759897411 1060.181322272867 149.6607450321317 0.1970844641327858 71.11208103597164 24.05997690558434 512.548075992614 16.91184302419424 1249.113239198923 32.16750974953175 632.1031323708594 201.989582374692 540.66347438097 43.11430455744267 2.619751565158367 27.51307240128517 0 0.1170723810791969 0 40.56215059757233 0 2.660802453756332 9.909944988787174 1.960561260581017 16.17570980638266 21.83308412879705 0.2477770447731018 28.45849531888962 0.6022906303405762 1.670602522790432 0.311656266450882 6.142866149544716 0 0.1315395087003708 0.07861258834600449 2.192395284771919 0.5325645208358765 0.9197931215167046 1.436929650604725 56.18801464140415 0.4395573511719704 0.3717270456254482 0.4757977724075317 41.20883769541979 0.122508592903614 0 0 0 0 0.2531769871711731 2.702488541603088 31.29925423115492 0.746484600007534 0.9858272671699524 0.1007541418075562 22.35272093117237 0.09475857019424438 1.011157818138599 0
2.065076045691967 138.4871266782284 23.66162870824337 3.86457384377718 13.80775637179613 40.24299779161811 14.24648771435022 25.52260775119066 5.267947770655155 36.40263646841049 5933.3139045313 13.97674197331071 2938.51732160151 52.51304823532701 0.7525073736906052 1.305679440498352 563.6943830624223 3893.994296483696 1836.994274042547 12.20657172054052 21.52908378839493 12.34725160896778 33.42336658388376 6.4397843927145 2607.58970579505 2773.640450101346 484.6208083480597 13.30822771042585 314.7277196533978 17.01253788545728 281.3377250283957 67.00850764662027 7.187216959893703 4590.784521616995 4.274502754211426 220.5505252555013 3864.663971535861 2960.286518022418 579.4012806937099 29.08236533403397 29.55322115123272 1518.930306404829 2.681762583553791 0 9.118637435138226 0.8021772727370262 0.2816524803638458 0 0.08049699664115906 0.3075426518917084 0.09564466029405594 0.271626777946949 0.1091113612055779 265.8004266917706 0 1237.890311688185 0.07918218523263931 0 0 0.1753414496779442 78.29023306071758 8.060399368405342 0.2426388710737228 0 1.094821184873581 1.001879341900349 1.199414916336536 459.9438016042113 240.2520300298929 406.9132559970021 1.498275205492973 0.2261057198047638 0 184.0631562918425 0.7474431470036507 0 1.71456240862608 2.319036602973938 7.62895767390728 650.19652146101 12.3289472386241 1.811978228390217 0.2309050410985947 0.3416214883327484 85.2842320650816 0
1.189129825681448 3.655902214348316 1.809541754424572 2780.734248194844 134.4579608142376 4024.272965613753 96.00002940371633 639.2206025272608 308.1475910171866 3349.093680582941 13.97674197331071 8383.81665289402 11.94314387440681 330.0102454647422 1637.854959100485 0.2991418689489365 2.159317653626204 2.713156972080469 5.077634580433369 5180.803271137178 1.047177024185658 11.79415937513113 2.216808661818504 1759.776678651571 0.9274167194962502 6.012220837175846 5.919526025652885 626.3892077952623 303.9689116328955 7.659481026232243 0.1334666982293129 55.58517308533192 3.635055243968964 172.7642194256186 6.078425779938698 1028.701973445714 13.18654120713472 204.7141626961529 67.39206697791815 2733.79659999162 17.53446781635284 1.336381644010544 17.9749024361372 0 0.5363182425498962 0.1079205870628357 67.8361122533679 0 7.904679536819458 23.52837239205837 3.386464670300484 33.96187640726566 33.94031819701195 0.4060209020972252 215.0419551506639 2.5331110060215 1.080985561013222 1.350275039672852 19.88973499089479 0 0 0 17.40497057139874 3.010729558765888 0.7050740793347359 3.064528629183769 135.3562746420503 0.08532264828681946 0 0.6305096298456192 115.1493473872542 0.186141736805439 0 0 0.8542860075831413 0 0.5965920612215996 0.5157245397567749 115.3271589055657 0.7788277864456177 4.547936961054802 1.013790845870972 129.3065588548779 0.4041355848312378 1.179124712944031 0.2748506516218185
0 910.0543930307031 66.5234651863575 3.055366992950439 1.09604400396347 7.988297149538994 2.036790397018194 4.423378758132458 25.54949209094048 9.52446024864912 2938.51732160151 11.94314387440681 4485.666573658586 7.97701396048069 1.646082974970341 155.5880058631301 3.864739760756493 134.4677415043116 13.04391107708216 6.56241799518466 14.25473661720753 133.0100082755089 79.61153028160334 31.71793598681688 4574.304268710315 1444.790136471391 3936.34282862395 13.65297053381801 42.2091044485569 1.988893739879131 968.1049529016018 12.43677458167076 0.3653016313910484 572.6951412111521 12.9653876721859 1159.242690347135 3132.558542624116 1509.178048551083 201.0889428928494 57.89199765026569 37.21747080236673 794.4633085876703 1.612591713666916 0 35.78440509736538 1.326522439718246 0.3207363560795784 0 0.0952400416135788 0 0 0.08478043228387833 0 350.4751415327191 0 1214.793878287077 0.1915617808699608 0 71.60645312070847 0.143007405102253 93.85748513787985 10.83011781424284 0 1.469532310962677 3.557452082633972 43.5018332451582 2.481870733201504 567.4212168604136 335.4376036301255 673.881870277226 4.478423699736595 0 0 185.3694577217102 1.117847122251987 0 1.461270377039909 16.40561609715223 452.4591710194945 736.573024854064 70.88595236092806 28.4317080155015 13.54324758052826 6.921499252319336 164.5636695250869 6.293240487575531
3900.313592553139 1.072668872773647 138.5927155762911 70.48915491998196 181.5751229003072 1109.553221173584 5552.780687108636 4624.284697871655 38.34937419742346 1123.099720768631 52.51304823532701 330.0102454647422 7.97701396048069 9343.062568165362 35.03000824898481 0.6000653952360153 510.3521778769791 17.96499962732196 95.27497827261686 232.8153499513865 267.5554904267192 2.208211153745651 250.0025200769305 91.08497042953968 1.044405333697796 198.5618324875832 76.29174532741308 339.5771882459521 5161.169909752905 3665.477846391499 0.1643211916089058 745.0118327960372 54.32736241072416 800.6977310962975 4.965574897825718 380.4326633885503 36.91498456150293 500.2722686938941 173.1623572036624 591.231343075633 76.9530446305871 6.439448475837708 12.22339530289173 0 0 0.1213993728160858 7.449646450579166 0 0.3693024292588234 5.743025735020638 0.681851252913475 13.0898607224226 2.813391886651516 0 2.141579426825047 0.3672165125608444 0.2654236257076263 0.2189810127019882 0.411700502038002 0 0 0.06651830673217773 0.8373744338750839 0.5245099663734436 0.3286396116018295 0.826633982360363 27.73484056442976 0.1096799522638321 0.2704813629388809 1.826381288468838 25.49227251112461 0.09791126102209091 0 0 0 0 0 0.6836118549108505 6.017671272158623 0.8561848849058151 0.214823305606842 1.905396841466427 1.709352493286133 0 0 0
0.3237656801939011 20.02313202619553 1.152006864547729 261.8481046110392 391.7485253587365 1512.427309446037 25.81031642109156 251.3549330532551 1181.491874054074 64.51287406682968 0.7525073736906052 1637.854959100485 1.646082974970341 35.03000824898481 630.6234871298075 0.8676584362983704 0.231047660112381 0.10274787992239 0.201939545571804 146.2901337146759 0.8557469621300697 67.18072155117989 1.431097090244293 1051.587089546025 3.971723057329655 1.802453197538853 22.5962498113513 164.5504182651639 15.27082847058773 17.70578780770302 0 103.5073686093092 0 6.146443404257298 0 185.0705332010984 2.533862754702568 6.436987020075321 2.14253257215023 1464.689583033323 0.2034506052732468 0 0 0 0.1288168281316757 0 13.56818935275078 0 0.2131509929895401 3.842661336064339 0.66916224360466 4.566450498998165 7.065739721059799 0 13.84874264150858 0 0.635671891272068 0 6.759702280163765 0 0 0 2.277370169758797 3.131962448358536 1.006951481103897 0 28.10012341290712 0 0 0.1002577543258667 24.43384478241205 0.1577098816633224 1.233951523900032 0 0 0 0 0 25.39498147368431 0 0.8231907933950424 0 41.98458167165518 0 0 0
0 203.7345821857452 63.25723551958799 0.2087014019489288 0 0.3756247013807297 1.678832083940506 0.4525180384516716 96.07648044079542 0.3694775402545929 1.305679440498352 0.2991418689489365 155.5880058631301 0.6000653952360153 0.8676584362983704 3035.456659957767 9.843209274113178 1.17131182551384 3.426034525036812 0.6563931703567505 3104.717824034393 3886.394273892045 4808.333383768797 1428.141135089099 18.49870333075523 12.9686594158411 4288.476234562695 760.8490320146084 4.812464334070683 1.609847187995911 0.3318959400057793 0.1101155430078506 4.603864826261997 214.4871271252632 37.25052931159735 1784.57698597759 347.9426151514053 548.6526743248105 537.1489146202803 175.6158151403069 2.933353006839752 22.26065648347139 5.646928206086159 0.1607892513275146 0.1413698792457581 2.182322070002556 12.978629514575 0.216913178563118 1.375332348048687 8.298139788210392 1.740915410220623 7.67777369171381 7.332055702805519 4.825750797986984 5.853338092565536 49.26598525047302 2.79352605342865 0.6515789106488228 1985.61711307615 0.2375400215387344 0 0.1367353647947311 5.48183286190033 225.3917881920934 279.9322117343545 661.1405863687396 312.2092373669147 0.8744450733065605 2.029722400009632 145.5452320575714 411.3163248226047 0 4.353806100785732 0 0.2942104339599609 0 0.08110416680574417 15.99948783218861 390.6292419061065 5.430740401148796 12.45804037153721 6.638180382549763 59.22708880156279 1.881340488791466 19.29467070102692 0.6849528849124908
44.79009264707565 29.04224459826946 6555.755431249738 6.271735191345215 0.6025609821081161 38.40771666169167 86.72651196271181 382.4115746505558 8.43819821625948 30.15417119115591 563.6943830624223 2.159317653626204 3.864739760756493 510.3521778769791 0.231047660112381 9.843209274113178 5070.79160104692 278.8175709396601 5090.967287823558 3.266022980213165 770.9829260334373 8.932739704847336 4572.590786442161 10.08594422787428 0.2899576351046562 4275.021845888346 2274.301676049829 211.2643620297313 559.6995229236782 892.0290223620832 0.345148965716362 6.725397780537605 37.23408859968185 3108.902610376477 33.40638571232557 1475.803680561483 2194.836547508836 2478.336999628693 802.9321735203266 44.03547941893339 2.588064596056938 5.931805565953255 4.722859375178814 0 10.11438401043415 35.22456198185682 2.785028755664825 0 0.3776645958423615 2.887439794838428 1.209181860089302 1.709027230739594 2.574898079037666 0 2.458984650671482 2.111352682113647 0.2644859775900841 0 8.114265747368336 0.5639404132962227 0 0.07198860496282578 1.085845813155174 1.687729120254517 5.46977249532938 40.82372218370438 15.37854178994894 0 5.756456598639488 136.6886696070433 20.80063297599554 0.3310012519359589 0.243467316031456 0 0 0 0.5167146772146225 14.56400011479855 24.85573750734329 22.29877782613039 8.157278537750244 7.310657143592834 4.19846323877573 0.7818654179573059 0 1.723008871078491
1.918214462697506 6.725204393267632 29.16859665513039 0.8337674997746944 1.730674646794796 8.939332038164139 6.36723617836833 10.44696465879679 1.238689430058002 12.5048004463315 3893.994296483696 2.713156972080469 134.4677415043116 17.96499962732196 0.10274787992239 1.17131182551384 278.8175709396601 368.2162357196212 1988.213640797883 3.320057906210423 9.65154380723834 0.5250987038016319 22.16222465783358 1.18301697820425 70.25835935026407 1915.093019075692 281.8838860094547 5.328065212816 78.95139409601688 11.33475652709603 10.57738880068064 10.30378102511168 1.407417990267277 1596.943571217358 1.805253930389881 278.3396136313677 952.3518782183528 1731.114719614387 446.9379930794239 9.859936572611332 9.838555499911308 89.76239447295666 1.17860458791256 0 2.766742385923862 0.4295847415924072 0 0 0 0.07942813634872437 0 0.3080081567168236 0 2.38873702287674 0.09042295068502426 19.20771581679583 0 0 0 0.3491385877132416 5.152261927723885 1.368065200746059 0 0 0 0.2845757678151131 0.2794895693659782 10.80740373581648 22.2179342135787 40.01509790867567 0.3688150942325592 0 0 6.947919756174088 0 0 0 1.688348494470119 5.172843612730503 15.42885620892048 0.6257188394665718 0.07100905478000641 0.1238701343536377 0 0.3163196220993996 0
7.09194141626358 11.4847015812993 302.6820560693741 2.132225550711155 2.561878927052021 15.41341563686728 14.8027235083282 54.39099944382906 1.808819346129894 21.75070897862315 1836.994274042547 5.077634580433369 13.04391107708216 95.27497827261686 0.201939545571804 3.426034525036812 5090.967287823558 1988.213640797883 6396.65339595452 6.852589212357998 90.74307243525982 1.538849420845509 265.7120393700898 2.720023356378078 9.255866937339306 3395.819216914475 401.194880284369 28.72474879771471 199.2839394845068 105.8930224403739 1.308968521654606 14.80341010540724 10.66743771731853 3796.860503256321 9.483181640505791 1060.255252249539 1773.570279560983 3820.987010918558 984.5637115314603 27.65821001678705 10.11778908222914 9.102709054946899 2.697949349880219 0 3.287652142345905 8.18489246815443 0.3475978076457977 0 0 0.3400004282593727 0.08746629953384399 0.1794998422265053 0 0.1902677565813065 0 0.7871491387486458 0.2579783126711845 0 0.9625854566693306 0.517671674489975 0.9567619487643242 1.096448920667171 0 0 0.4758386537432671 2.18239501863718 1.34346841275692 2.968533523380756 21.63649180531502 74.94773961603642 1.884239591658115 0 0.1633381545543671 0.5602750554680824 0 0 0.0716966986656189 3.446954935789108 10.00095543265343 27.51315269619226 1.02128841727972 0.6965007707476616 0.3800742104649544 0 0 0
7.001215979456902 0 4.009308606386185 4918.454339385033 9.350908994674683 329.4071597121656 492.7188149951398 236.6761574521661 202.1943119987845 3408.386381242424 12.20657172054052 5180.803271137178 6.56241799518466 232.8153499513865 146.2901337146759 0.6563931703567505 3.266022980213165 3.320057906210423 6.852589212357998 742.240067332983 4.076885059475899 1.833717472851276 4.703216940164566 502.1243402436376 0.5098817646503448 7.166605740785599 2.553365524858236 1691.751923561096 338.5720676854253 14.02592157945037 0.1519013643264771 27.88869547098875 9.809367962181568 207.1176853254437 8.558887869119644 1050.625776283443 15.80898383259773 279.2293565161526 109.7518098130822 739.0922163277864 17.25365146249533 0.6475483775138855 21.62691832333803 0.1365520358085632 0 0 49.10569401085377 0 5.967149205505848 22.51775781810284 4.009542286396027 43.10529421269894 15.08294694125652 0.121575839817524 159.3848053142428 0.6076948344707489 1.178951039910316 1.539648734033108 9.624454751610756 0 0 0 7.732476659119129 2.592105932533741 1.692904986441135 1.383486896753311 132.5367453247309 0.1393626630306244 0.1356607675552368 0.3226865902543068 109.4113122075796 0.3305270671844482 0.2139004170894623 0 0 0 0.3807942941784859 1.454520285129547 49.31091552972794 0.1870550066232681 2.471926182508469 1.629828862845898 66.05889316648245 0.5924641788005829 0.3418399691581726 0
32.67704377323389 10.82079789787531 653.2982246130705 15.37771985679865 0.212920218706131 19.31875965744257 231.7526446208358 179.021503560245 69.37486954033375 32.3509673178196 21.52908378839493 1.047177024185658 14.25473661720753 267.5554904267192 0.8557469621300697 3104.717824034393 770.9829260334373 9.65154380723834 90.74307243525982 4.076885059475899 11327.846906133 257.9059961736202 11711.64103873819 535.6539114788175 1.606099605560303 137.8950982689857 1138.692075125873 3306.459195666015 629.2591968402267 8437.070073924959 0 3.617951273918152 73.29627920687199 3187.290179267526 144.0057450458407 4397.674474000931 469.1093192100525 2850.797887712717 1395.444764018059 269.9529710933566 14.56418829411268 2.363654129207134 24.96114394068718 0.5028205960988998 0.130847692489624 0.2947255000472069 25.14019890129566 0.08768567442893982 2.204833328723907 16.03108529746532 6.016759656369686 11.30738893151283 14.68980099260807 0.5511170849204063 14.33731433749199 3.529130354523659 3.805309392511845 0.233481302857399 381.7697803154588 0.2459552437067032 0.1876782178878784 0.08151089400053024 8.952277198433876 86.68699209392071 37.97589325904846 50.43406940251589 311.3876306340098 0 0 12.91555994749069 346.4456657543778 0.8738607689738274 1.836544826626778 0.09922707825899124 0.1582881659269333 0 0.1586194634437561 37.78059796988964 143.2386474460363 1.956696018576622 7.044719234108925 5.775920376181602 51.91422086209059 1.391149163246155 0.8538991212844849 0
0 2433.172604478896 146.4505846425891 0.6886510252952576 2.003008648753166 1.697547346353531 0.5692600980401039 0.09137658029794693 1959.820178568363 0.07944323867559433 12.34725160896778 11.79415937513113 133.0100082755089 2.208211153745651 67.18072155117989 3886.394273892045 8.932739704847336 0.5250987038016319 1.538849420845509 1.833717472851276 257.9059961736202 1441.506591551006 389.4589766189456 3920.753487117589 493.2872594669461 112.1394505798817 5591.322029434144 474.322036601603 7.255074128508568 4.229960799217224 2.00535523891449 0.5193111896514893 8.449776232242584 15.99586430937052 0.1705584228038788 38.77585572749376 22.51177103817463 15.97278172522783 8.406826578080654 190.656394675374 0 7.473723091185093 0 0 27.79794290661812 20.61540432274342 3.133309185504913 0 0.1910287886857986 5.720964163541794 1.42205523699522 8.938528031110764 1.795820407569408 0.1497290283441544 1.787455677986145 3.837505400180817 1.545077867805958 0.188399001955986 1232.975650854409 0.3502293452620506 0.2892145290970802 0.1955396980047226 2.31553241610527 62.91547681391239 139.5121503025293 584.2594641670585 158.0679746195674 1.141711965203285 4.304171711206436 650.8874463140965 133.3093925341964 0.8062269687652588 0.2351173609495163 0.1658135131001472 0.3086713850498199 0 1.308893732726574 1.027546420693398 51.04741279035807 5.383443184196949 4.441927574574947 5.298414185643196 16.85476177930832 0 1.536473959684372 0
25.28820120543242 10.03471682220697 7885.948175989091 18.28849708288908 0.325591117143631 26.38059129565954 270.535233668983 186.7254770249128 59.89470169693232 33.6359227411449 33.42336658388376 2.216808661818504 79.61153028160334 250.0025200769305 1.431097090244293 4808.333383768797 4572.590786442161 22.16222465783358 265.7120393700898 4.703216940164566 11711.64103873819 389.4589766189456 18327.71558202803 565.665666565299 0.2200998216867447 681.885788731277 7839.905552819371 2159.704478830099 272.933440361172 3110.161751389503 0.08446000516414642 5.062416523694992 28.05577133595943 4100.858843907714 277.529893964529 8830.460255205631 2152.097629033029 6472.889106303453 5033.392724126577 1034.823310814798 25.12721837311983 12.59073346853256 38.34505205601454 0 0.7445742785930634 5.205606505274773 7.182858154177666 0 0.281733512878418 8.076770909130573 2.15615575760603 8.65644458681345 4.023859858512878 4.033780440688133 4.142244443297386 27.2787796035409 1.192722924053669 0 795.8859909176826 0 0 0.08390586078166962 1.601152181625366 58.81437423825264 88.6655265763402 286.0843181461096 100.684085406363 0 2.779811285436153 124.4499060437083 124.9606042206287 0.1310026198625565 0.2021915912628174 0 0 0 0.07493503391742706 107.7292572706938 203.9911216422915 4.585497044026852 17.69148920476437 17.66590818017721 30.79818052053452 1.506354689598083 15.97502125799656 1.112666755914688
3.221421405673027 406.2436716556549 167.223225414753 2019.300464831293 40.18597905337811 138.6734502762556 659.4452556297183 169.6697312369943 5612.199870295823 273.1654705628753 6.4397843927145 1759.776678651571 31.71793598681688 91.08497042953968 1051.587089546025 1428.141135089099 10.08594422787428 1.18301697820425 2.720023356378078 502.1243402436376 535.6539114788175 3920.753487117589 565.665666565299 7668.663248315454 75.33649001270533 36.54767785966396 1461.547009177506 9647.131694965065 217.245510533452 158.997140429914 0.8197380378842354 15.38921535760164 67.83219269663095 242.8679350018501 30.46591334789991 1680.259195484221 86.2542325630784 364.965986289084 190.9197779819369 1486.854088775814 12.43512614816427 2.554305620491505 16.21097023785114 0.4188268035650253 2.884012587368488 2.372175119817257 290.5151111185551 0.5213287547230721 24.79903026670218 183.7239746600389 40.6140733063221 366.5322265401483 91.98733726888895 2.26153651624918 147.3654621765018 5.562107518315315 21.65496822446585 6.686451122164726 360.9562609493732 0 0.2469586357474327 0.156069204211235 62.34349036961794 69.86601763963699 61.50929535925388 65.71100718528032 1344.675595723093 1.306010708212852 0.9312688261270523 33.62135447561741 1265.913016393781 4.892603643238544 4.396141447126865 0.3077903687953949 3.657557778060436 0.1658634170889854 3.989576622843742 6.284547626972198 194.1481039524078 1.104106962680817 33.03479847311974 7.21173831820488 265.4682525545359 4.908815756440163 1.839307248592377 0.9811253100633621
0 1562.438377484679 0.7977782338857651 0.08509305864572525 0 0.266076497733593 0.4485142156481743 0.1572638303041458 108.5766724050045 0.4735624492168427 2607.58970579505 0.9274167194962502 4574.304268710315 1.044405333697796 3.971723057329655 18.49870333075523 0.2899576351046562 70.25835935026407 9.255866937339306 0.5098817646503448 1.606099605560303 493.2872594669461 0.2200998216867447 75.33649001270533 126.8742097690701 710.1315907686949 4641.19045932591 7.219716027379036 5.205775737762451 0.3252371549606323 240.0599314048886 1.476717241108418 0.5318441390991211 184.6010797023773 0 17.09443739801645 138.5838372334838 225.1344508379698 69.42056576907635 9.787200011312962 1.058464914560318 422.1712063252926 0.5985447764396667 0 104.778257034719 1.876779891550541 0 0 0 0 0 0.3193231299519539 0 32.93043087422848 0 103.6208696216345 0 0 0 0.1248623877763748 5.696411304175854 2.767620205879211 0 0 42.39661304652691 0.07726293802261353 0.1647640615701675 109.7639550417662 83.22147742658854 327.9092146530747 0 0 0 9.780389703810215 0.07989329099655151 0 1.11107274889946 0 1.264231994748116 51.27839796990156 1.849348448216915 0.5537030249834061 0 0 34.02718570828438 0
13.69506418704987 749.0735134929419 6665.675660260022 5.498294807970524 3.658004529774189 24.14196975529194 35.66461943089962 127.9515629410744 46.08516292273998 28.19963274151087 2773.640450101346 6.012220837175846 1444.790136471391 198.5618324875832 1.802453197538853 12.9686594158411 4275.021845888346 1915.093019075692 3395.819216914475 7.166605740785599 137.8950982689857 112.1394505798817 681.885788731277 36.54767785966396 710.1315907686949 23477.40017646924 11075.84264376014 55.39415940269828 261.5488417856395 95.79443335160613 430.3247102051973 17.47604570537806 13.19741742312908 2900.09577754885 23.17033545672894 3006.724429547787 10468.37413854152 6028.390210069716 1705.05792285502 62.72874402999878 17.22647579759359 540.5236914455891 5.726631738245487 0.1114712655544281 617.1153199970722 493.2701117694378 0.80495835095644 0 0.1046890914440155 8.770421661436558 1.797272883355618 1.520145311951637 0.4459899663925171 36.92751198261976 1.150729302316904 365.5162708386779 2.025311842560768 0 2.582964710891247 32.12175049632788 139.1355531364679 65.8130728751421 0.2285099774599075 5.833900906145573 20.95085387676954 57.78458017855883 8.821394234895706 566.1080254092813 1538.447733931243 5255.582395717502 12.23526729643345 0.8466779589653015 4.317335106432438 123.9841134622693 0.08477728068828583 0 12.5583618208766 13.97932590544224 130.8486891314387 991.4994783699512 80.04865784198046 21.36627072840929 2.001749195158482 0 3.041060768067837 0
4.576900333166122 9840.374626435339 4131.172539494932 9.358690425753593 1.596568405628204 12.66252028942108 41.31427393853664 65.74136629700661 560.6943926513195 13.4478576220572 484.6208083480597 5.919526025652885 3936.34282862395 76.29174532741308 22.5962498113513 4288.476234562695 2274.301676049829 281.8838860094547 401.194880284369 2.553365524858236 1138.692075125873 5591.322029434144 7839.905552819371 1461.547009177506 4641.19045932591 11075.84264376014 29890.78522458673 1096.44627635926 70.35189262032509 55.53391050547361 469.5134055316448 3.942112274467945 4.319129183888435 2105.171805653721 84.8615044131875 3857.081554353237 4748.323416523635 3282.276421368122 1491.626003943384 294.0364100709558 4.125657886266708 122.2410884425044 11.92455290257931 0.946521669626236 1985.28423268348 1189.39534124732 1.62131042778492 0 0.7819284275174141 21.19537322968245 4.30556271225214 1.412185326218605 0.9207153916358948 20.36922095716 0.4925492405891418 251.4121336564422 4.322431638836861 0.1004932150244713 890.3999579250813 53.68290030956268 87.67560750991106 43.97847135365009 0 26.46342929452658 627.8300544545054 1751.78852853179 62.32105948776007 439.9904808700085 1694.637581184506 10328.96303035319 88.94036749005318 0.948592983186245 10.70639856904745 62.70645885914564 0.5546976625919342 0 23.66435278207064 33.3753727376461 435.3911910951138 1027.758398391306 149.5613299757242 69.09530363231897 10.59943459928036 1.824343010783195 31.20921766012907 1.553827032446861
30.31940094381571 44.5199784040451 317.9265627861023 3973.281217157841 9.764770455658436 270.473150447011 13820.23143847287 288.4258172437549 1477.85517000407 4530.032759897411 13.30822771042585 626.3892077952623 13.65297053381801 339.5771882459521 164.5504182651639 760.8490320146084 211.2643620297313 5.328065212816 28.72474879771471 1691.751923561096 3306.459195666015 474.322036601603 2159.704478830099 9647.131694965065 7.219716027379036 55.39415940269828 1096.44627635926 17612.40112870932 868.3993811309338 9105.941695123911 0.1661232560873032 18.39957323670387 357.2753817811608 1624.740833863616 130.1996016204357 4853.410972602665 189.4205607101321 1789.374810233712 829.1126732602715 568.5934757888317 34.03853983432055 2.484344355762005 27.06505171954632 0.3399111330509186 1.476625353097916 0.8185145780444145 247.2343612983823 0.08738238364458084 18.81515742838383 184.460532002151 36.00568120181561 263.1694978401065 74.37582091987133 1.717662625014782 127.862921051681 2.531181618571281 17.49873172491789 4.90383642166853 214.6550886482 0 0.1887472197413445 0 60.54805315285921 47.52725634723902 23.16656824946404 35.34169864654541 1084.892544321716 0.209474191069603 0.5007173493504524 21.09208764880896 1047.163739360869 4.689059801399708 2.705805897712708 0.1474415585398674 2.041542157530785 0.1888362988829613 3.117540620267391 35.85833502560854 150.5813244432211 2.469507932662964 25.52954484522343 11.53864891827106 154.3223696649075 5.32665016502142 0.6808377802371979 0.5920119509100914
2186.068709082901 3.513813734054565 66.31176905333996 158.0569643229246 226.2502352967858 700.915256049484 1667.601317282766 704.7445466518402 68.97892209142447 1060.181322272867 314.7277196533978 303.9689116328955 42.2091044485569 5161.169909752905 15.27082847058773 4.812464334070683 559.6995229236782 78.95139409601688 199.2839394845068 338.5720676854253 629.2591968402267 7.255074128508568 272.933440361172 217.245510533452 5.205775737762451 261.5488417856395 70.35189262032509 868.3993811309338 13406.85049723089 5668.44641687721 2.127266488969326 1724.242261610925 2403.559970907867 4651.221692796797 7.496736593544483 712.4865349531174 108.7404413595796 1974.734246727079 478.7832210212946 457.5488493666053 207.5558576583862 19.39353381842375 18.97154910117388 0 0.4162836149334908 0.4965185448527336 10.88492752611637 0 0.6429927572607994 6.952802270650864 1.688917003571987 14.85778769850731 3.148234441876411 0.3945392295718193 3.902750179171562 0.7438051179051399 0.1082393825054169 0.09951677918434143 2.538380213081837 0 0.08968915045261383 0.09200801700353622 0.9589330852031708 1.060414656996727 0.2359710410237312 0.3621543198823929 34.07700490951538 0.6167692989110947 1.219248786568642 2.96868059784174 35.16173052787781 0 0.1088558435440063 0.950223296880722 0 0 0.06748433411121368 2.276600033044815 9.649007499217987 1.362711742520332 2.892206802964211 2.441694401204586 4.165856890380383 0 0 0
