1760.928824327886 0 67.47603202611208 9.575763329863548 0.138293132185936 12.93635047972202 2840.018983721733 1121.813143767416 2.265414282679558 80.88471343368292 2.164540953934193 1.851259991526604 0 5233.754646502435 0.2906037569046021 1.155975341796875 191.9526309967041 0.3777642920613289 8.039310298860073 2.885197654366493 37.28762558847666 0.5587316006422043 158.5046192482114 25.6889149621129 0 6.879955656826496 17.23409988731146 78.3982989937067 4198.821522884071 2686.583665907383 0 3.691017262637615 123.0901756733656 148.4062508270144 5.096374221146107 127.7233551666141 3.801802083849907 73.80586025118828 42.71836115419865 1.691199496388435 2.911685436964035 0.1012816578149796 0.6882115378975868 0.2042519897222519 0 0.2017249092459679 0.2809254452586174 0 0 4.991078674793243 0 0.3822621181607246 0 0 0 0 0.2680759131908417 0 1.000271089375019 0.1387385427951813 0.07228031754493713 0 0.1272542774677277 1.422818474471569 0.1046424061059952 0.7753388211131096 2.46169475466013 0 0.1857481747865677 0.7113631069660187 6.772471964359283 0.9216935485601425 2.369646288454533 0 0 0 0.6923176273703575 0.5098316594958305 3.620816096663475 2.266079112887383 0.9490583464503288 0.1102861166000366 0.2494880110025406 0 0 0
0 210.1282917186618 501.8835162520409 0.09980585426092148 0 0 0.7979180067777634 0.2657194808125496 420.4578259140253 0 23.77900359779596 0 451.7906739637256 0.5892126709222794 6.509968273341656 20.2969126328826 159.2559203058481 13.70736902207136 105.0942764505744 0.21991216391325 3.958703391253948 1496.034499436617 25.79193412512541 244.730533875525 1325.015756115317 1536.974283099174 8475.022536866367 10.75987227261066 1.903432004153728 0.4983875453472137 9.130062863230705 0.3594062700867653 0 177.9505121558905 1.305910006165504 144.8614762872458 65.52566088736057 400.9451283589005 33.32251735776663 14.78218095004559 0 4.418361872434616 0.2394299954175949 0 58.10146391391754 261.5120628848672 0 0 0 1.145593859255314 0.2817431762814522 0.3457619324326515 0 4.845129638910294 0 5.691836781799793 0.8547375723719597 0 2.10154664516449 130.6351922303438 7.124174155294895 132.8123024329543 0 1.077334247529507 18.68454594165087 22.86250723898411 0.5944655239582062 6.022782057523727 802.6763467416167 1485.181398972869 0.1630847603082657 0.2035871148109436 0 1.17358236014843 0 0 18.52616500109434 0.3418155908584595 62.99905075132847 24.03234416991472 49.79396785050631 15.1488481760025 5.150175668299198 0 0.4243161231279373 0.1436525285243988
67.47603202611208 501.8835162520409 6262.811074949801 10.35158334672451 0 13.87122794985771 443.0079271420836 223.5834688022733 7.395058482885361 9.600614108145237 9.827028028666973 0.9382629841566086 1.168026491999626 249.4754894301295 0 23.52406624704599 2921.399396635592 5.052923403680325 313.1156218424439 0.667066901922226 279.2667734473944 267.5019005015492 8910.983943663538 168.9549880847335 2.53609961271286 4729.072333037853 9819.399986051023 733.3882680609822 118.985508620739 879.1937078163028 0.1249203383922577 1.761508159339428 6.451818689703941 623.2591907158494 23.03533428162336 941.2071835026145 1993.700261816382 1578.660473637283 423.7726549804211 31.63045272231102 0.2807153165340424 1.670430466532707 4.461808145046234 0.7939701303839684 172.796490624547 900.5041219741106 0 0 0.09665565192699432 18.14714293181896 1.660498082637787 1.180937744677067 2.391018062829971 4.558393016457558 0 0.4088001251220703 3.047029227018356 0 107.1697352230549 145.4075294584036 2.266227528452873 21.97582474350929 0 14.38683299720287 132.4178571179509 650.7691778019071 7.452570788562298 0.1141544505953789 174.5405850857496 1920.769215099514 8.522216774523258 0.9753306433558464 5.244027987122536 0.3612963184714317 0.309706062078476 0 41.01347640156746 3.326435580849648 188.767526499927 30.16832958906889 149.2937904521823 69.20312137156725 10.19019755721092 0 0.4386859685182571 1.265570312738419
9.575763329863548 0.09980585426092148 10.35158334672451 2141.909685656428 0.7477171495556831 556.2458633258939 244.6857530623674 112.8946185484529 868.0623477697372 4761.279906921089 3.048264101147652 3250.504552826285 0.1858254447579384 154.0878186225891 21.05679857730865 7.987570621073246 1.695559918880463 0.4703181460499763 1.191223315894604 3551.259268380702 8.889960289001465 0.2796824723482132 29.48481696844101 2326.938455104828 0.09383326768875122 2.561518862843513 17.03504031151533 4831.347337082028 198.7586982771754 8.798559129238129 0 11.75432544201612 5.078338526189327 104.3577590584755 2.707271546125412 293.450278930366 6.58833285421133 107.4371386021376 44.75473577529192 107.1034118011594 4.918352648615837 2.192689992487431 1.931938916444778 0.9681917876005173 0 0 141.7479993104935 0.2936576753854752 4.566612251102924 126.0530145168304 2.006809815764427 142.5957239940763 159.2130660861731 0 123.7354303523898 0 1.562482327222824 4.19060617685318 1.551051869988441 0 0 0 75.87345784902573 1.962036594748497 1.018400222063065 0.5157790184020996 206.005130931735 0 0 0.5597822815179825 197.5463518127799 2.306216597557068 4.86582162976265 0 0 0 1.490662261843681 0.9553060829639435 32.43048752099276 0 4.282645292580128 2.881609596312046 31.03859663009644 0.09792600572109222 1.378162026405334 1.581862568855286
0.138293132185936 0 0 0.7477171495556831 5.71722723543644 57.52034369856119 2.238897293806076 42.92779495567083 94.98956392705441 1.202300004661083 7.594085276126862 114.5485882684588 0 8.658348985016346 990.3776313439012 0 0.1537804827094078 0.5663878172636032 0.2914103716611862 3.829247787594795 0 0.9274413734674454 0 12.4757002145052 0.1776285618543625 0.4566921591758728 0 1.301449455320835 170.6918630748987 0.09837237000465393 0 237.9168257564306 0 57.75199900567532 1.196512818336487 43.10767244547606 4.731151193380356 51.80554897338152 27.14281225949526 1549.243444934487 24.20915902405977 2.166517004370689 3.723953977227211 0 0 0 0 0 0 0.6301140189170837 0 0.306772768497467 0 1.448488116264343 0.6647745221853256 0 0 0 0 0 0 0 0.4905681014060974 0 0 0 0.5473788976669312 0 0 0 0 0 0.2194340378046036 0 0 0 0 0 1.575272738933563 0 0.2465053647756577 0.1653040796518326 0 0 0 0
12.93635047972202 0 13.87122794985771 556.2458633258939 57.52034369856119 9521.757899217308 1485.520452976227 4046.208728902042 47.03132205456495 7556.679758794606 14.78635910898447 3403.395698517561 1.948751926422119 862.4337267279625 745.1333763003349 0 17.59788404405117 4.511129021644592 6.654724314808846 665.1231483370066 7.856176175177097 0.4422044008970261 20.21841729432344 225.5966917648911 0 6.063547633588314 4.370144747197628 334.4295110628009 748.0973151251674 57.69950097054243 0.08370011299848557 740.3565561696887 2.026908710598946 215.2264633476734 7.189561411738396 380.6875538751483 12.32032303512096 211.8861139193177 116.7633399739861 1467.550811752677 92.19769101589918 9.628657147288322 12.45429672300816 0 0 0.3463399186730385 17.28635501861572 0 0.994332566857338 21.8658844679594 0.09644624590873718 12.89315809309483 10.9918245524168 0.8822687566280365 7.940965697169304 0.1902275756001472 0.2232455313205719 0.9182939529418945 0.5067999139428139 0 0.1147750243544579 0 3.665296725928783 0 0 0 30.34995166957378 0 0.1103005334734917 0.3139357566833496 29.21087747812271 0.4254038110375404 1.034437969326973 0 0 0.1455103754997253 0 0.6693494841456413 10.24908507615328 0.6124737411737442 1.527509994804859 2.075138598680496 1.958322137594223 0 0 0.6544688642024994
2840.018983721733 0.7979180067777634 443.0079271420836 244.6857530623674 2.238897293806076 1485.520452976227 19378.78427068144 2465.945337839425 302.0054490566254 6629.412665754557 10.94178534299135 95.11128471046686 0.3384729474782944 7314.599634289742 9.65294386446476 24.54441130161285 157.0321097299457 4.452859461307526 18.77817611396313 107.8165351301432 509.0218571946025 4.609045661985874 998.6463102027774 1025.406492270529 0.3966280370950699 59.41741754114628 152.654301777482 7161.816060185432 2949.450352281332 6076.121594376862 0.08697627484798431 32.65328729897738 131.7895133569837 892.2609811350703 57.56791044026613 2624.246873393655 65.6780889108777 1035.000998653471 510.1241436675191 206.6341679394245 45.19622533768415 5.106584057211876 15.88850388675928 6.235690660774708 0.3750824183225632 1.142110221087933 66.09518480300903 0 4.3577581346035 480.1799878999591 4.063772596418858 179.2522152811289 42.26114872843027 0.5018861517310143 18.53636857867241 2.966490857303143 15.64552388340235 4.804729282855988 16.30997170507908 0.1060319170355797 0.4646879434585571 0.2369196116924286 18.68151685595512 18.01427765190601 4.431251659989357 6.537363938987255 378.2745087146759 0 1.955482922494411 6.191421523690224 488.2021947205067 20.04631094634533 77.03115936368704 0 0 0.5308169946074486 6.965770736336708 7.911708980798721 111.8466568738222 2.627688556909561 28.17173470556736 13.22990353405476 25.83679077774286 3.695052169263363 5.946449145674706 0.7348258048295975
1121.813143767416 0.2657194808125496 223.5834688022733 112.8946185484529 42.92779495567083 4046.208728902042 2465.945337839425 7675.783561222255 11.47837077081203 2827.08399682492 31.16544952243567 1744.873917393386 2.305099032819271 6041.969538412988 203.0733491405845 1.685155674815178 328.3530584797263 4.365586064755917 21.80837880074978 493.6711448356509 65.20425225794315 0.5506105497479439 349.3250624313951 86.71185971796513 0.3270387202501297 28.82682204246521 41.53905884921551 222.4549972116947 583.8710977509618 1409.598026752472 0.1920493841171265 299.5771248489618 20.76042257994413 292.7389572039247 22.37394465506077 631.6508590094745 40.5483351573348 411.6457145027816 278.9212460666895 942.3428486436605 177.4880365803838 27.26000260561705 25.28573950380087 0.4942800030112267 0 1.126143380999565 5.64709696918726 0 0.1023917347192764 19.93145951628685 0.3160564824938774 4.937284603714943 1.551698505878448 1.843350894749165 1.0704395622015 0.3150750547647476 0.4396364167332649 0 1.283326804637909 0.2377989813685417 0.09784573316574097 0 1.229291453957558 2.034863688051701 0.6744783744215965 1.421662405133247 15.05046778172255 0 0.2739811316132545 2.5554588586092 19.34615238010883 1.51807539910078 4.754847683012486 0 0 0 0.5316508263349533 2.420546367764473 15.78064569085836 1.058862432837486 3.475601561367512 1.919629320502281 0.4666474163532257 0.8732698112726212 2.149044573307037 0
2.265414282679558 420.4578259140253 7.395058482885361 868.0623477697372 94.98956392705441 47.03132205456495 302.0054490566254 11.47837077081203 811.8972889706492 216.608140937984 0.355289064347744 248.4302526414394 2.609650433063507 18.21773049980402 588.9891610890627 305.5345016047359 2.917969882488251 0.3292269855737686 3.215119265019894 297.4296534508467 151.4342387318611 2138.121082179248 48.61119665205479 7500.188881725073 12.41444287449121 9.119395837187767 655.7361509278417 1638.744237162173 30.89095527678728 70.02889082580805 0.08690816164016724 1.101509086787701 3.288591921329498 23.60294546931982 1.311644017696381 249.5685039758682 8.157768681645393 25.26797639578581 13.8004237562418 368.8277085274458 3.072830632328987 0 0 9.825565606355667 0.933786079287529 2.467426776885986 198.8404446691275 0 8.229424543678761 237.8655542433262 2.218830347061157 313.4334039464593 162.3583473488688 0.08666180819272995 164.0474620833993 0.1001574397087097 10.34411875158548 37.00699818134308 341.5613716244698 0.4321792796254158 0 0.3043305948376656 108.2003903612494 217.0134689360857 30.5741625726223 33.57126965373755 1039.96598226577 0.2473843395709991 0.9255082309246063 6.631402298808098 769.8059217855334 31.93028026074171 138.4616789072752 0.09404008835554123 0.149153858423233 2.015115231275558 10.37383127957582 0.3287874832749367 73.08442695438862 1.200801186263561 15.5102177709341 6.664373993873596 79.81184745579958 0.4977438002824783 0 0.1565863043069839
80.88471343368292 0 9.600614108145237 4761.279906921089 1.202300004661083 7556.679758794606 6629.412665754557 2827.08399682492 216.608140937984 29492.49060425907 14.26223414391279 3683.422736637294 2.318723358213902 1513.181681349874 15.00901517271996 1.11520117521286 7.130203612148762 5.650094769895077 5.662927657365799 5332.27395696193 5.342535227537155 0.09129472821950912 15.23664261773229 640.9219894111156 0.09419438242912292 4.918364480137825 8.129125736653805 3413.563169069588 829.7380143105984 45.91852509230375 0.3240862414240837 36.97919373959303 7.023233219981194 344.486454859376 7.282550893723965 538.11085819453 15.15380334854126 269.2343740165234 97.48787032067776 124.5151014402509 15.83607799559832 2.749517224729061 6.351796314120293 0.4144691154360771 0.09458170086145401 0.08053354173898697 104.151585355401 0 2.477215610444546 117.0693140253425 1.036798134446144 77.71764824539423 67.27001596987247 0.2217346429824829 43.36784809082747 0.07993251830339432 3.189529940485954 1.986066743731499 0.7800370082259178 0 0 0.1425178349018097 43.5825224891305 0.3481301888823509 0.3527378141880035 0.635994516313076 156.9921652525663 0 0.1644792184233665 1.890863291919231 135.4332228973508 2.21904818713665 4.668735824525356 0 0 0 0.4576152041554451 0.5050215348601341 33.99713203310966 0.507657453417778 3.354143775999546 3.081436149775982 13.42412170022726 1.182312965393066 0.4895614087581635 0
2.164540953934193 23.77900359779596 9.827028028666973 3.048264101147652 7.594085276126862 14.78635910898447 10.94178534299135 31.16544952243567 0.355289064347744 14.26223414391279 9214.462042868137 24.1661125048995 2006.48246819526 96.39841313660145 0.7003774493932724 2.5259850025177 374.7578372135758 3142.475576892495 1392.208922624588 11.42254541069269 3.700795479118824 1.791397631168365 25.28863013535738 5.925501614809036 328.5767177417874 2530.824113674462 817.3225379511714 10.91059047728777 402.2894730418921 5.578972078859806 491.3996781855822 194.1651634350419 0.4665771722793579 6966.9148908481 18.20473546534777 509.2441076636314 4505.161042422056 3274.949873529375 921.6978600099683 32.24590526521206 17.13085961341858 1800.740873493254 17.21317940950394 0.1031577363610268 6.714067198336124 1.913614809513092 0.1109675094485283 0 0.506438359618187 1.464143924415112 2.06196503341198 0.3979131877422333 0.9993551895022392 854.1922447085381 0.3627922609448433 1358.567870333791 4.844202592968941 0.1765907257795334 0 2.447693206369877 106.9322536215186 28.45919393748045 0.1506439000368118 0.3125404715538025 1.331346988677979 0.7801580503582954 1.148031949996948 243.5731212869287 93.83086805045605 241.6162804365158 2.120346158742905 2.829634100198746 0.15999386459589 63.81943641602993 1.014933742582798 0 81.63483505696058 13.98897938430309 44.18519944697618 274.8379671424627 208.80191449821 16.24552918225527 3.161376677453518 1.270400583744049 452.2276790514588 1.582233816385269
1.851259991526604 0 0.9382629841566086 3250.504552826285 114.5485882684588 3403.395698517561 95.11128471046686 1744.873917393386 248.4302526414394 3683.422736637294 24.1661125048995 4307.503296032548 1.480216786265373 1377.319672495127 1113.628497861326 0 2.199810683727264 7.847974166274071 7.113423250615597 5899.765895575285 0.2019743621349335 2.586962796747684 1.539674676954746 243.1864183545113 0.09451001137495041 7.877456940710545 6.242457270622253 927.132276698947 690.5568227246404 6.264046736061573 0.2671603187918663 139.7609600052238 0.2156958132982254 256.7443444877863 1.77759638428688 1092.793058544397 20.21147417277098 261.1097726896405 103.9476239681244 1731.745095096529 20.63149523735046 12.44732380658388 4.269671134650707 0.09851222485303879 0 0.4671763479709625 139.2103669196367 0 4.617106199264526 61.08790346235037 1.785888664424419 127.094801582396 104.5109896659851 0.2845563665032387 181.2234201952815 0.3987788110971451 1.393250666558743 4.36133448779583 0.3093819618225098 0 0.207470566034317 0.109479233622551 77.84248633682728 0 0 0 119.4420389160514 0.08527473360300064 0.2311192378401756 0.08649829775094986 103.1774263828993 0.4212538078427315 0.1449122130870819 0 0 0 1.484425850212574 0 77.95627588033676 0 1.066531293094158 3.322503633797169 64.617600440979 0.4818653613328934 3.535917706787586 1.832375206053257
0 451.7906739637256 1.168026491999626 0.1858254447579384 0 1.948751926422119 0.3384729474782944 2.305099032819271 2.609650433063507 2.318723358213902 2006.48246819526 1.480216786265373 1336.913327969611 4.943267412483692 0.3000988960266113 1.7604064270854 3.577674359083176 74.622912093997 17.45199374109507 0.3461811095476151 0.802869439125061 13.98101995885372 1.187760405242443 2.958488665521145 2126.0421371907 855.723724886775 4857.754278771579 1.8268828317523 13.5417515784502 2.352411769330502 1391.336362756789 9.626787289977074 0 1187.850996203721 8.815132185816765 148.7734216079116 1387.820703908801 1263.136757351458 151.2339016124606 13.86316692084074 15.74363222718239 981.5268988758326 22.867874532938 0.2098006382584572 43.12372913956642 0.512765921652317 0 0 0.5850304514169693 2.456598550081253 2.411295391619205 0.4264288991689682 0.7715588808059692 1092.110421895981 0.6632125675678253 2470.823890127242 3.75209004431963 0.2136850133538246 0 1.14287993311882 82.17191559821367 19.29344874620438 0.2955813482403755 0.1045667305588722 1.05348264425993 0.7060059532523155 0.1295096427202225 649.4118709936738 73.47289055585861 189.567351706326 0.2386316210031509 4.87918709218502 0.1164948418736458 83.45423205941916 0.9324974417686462 0 106.50204603374 2.513044804334641 44.91371499747038 259.1165468841791 238.5587015971541 16.87088227272034 1.014880456030369 1.551101870834827 366.8585706353188 0.1054648235440254
5233.754646502435 0.5892126709222794 249.4754894301295 154.0878186225891 8.658348985016346 862.4337267279625 7314.599634289742 6041.969538412988 18.21773049980402 1513.181681349874 96.39841313660145 1377.319672495127 4.943267412483692 10480.92581149191 36.2668934315443 3.028077222406864 402.1055292338133 21.60149841755629 39.81661654263735 593.2242364287376 88.56957214325666 1.780209690332413 411.6087151542306 229.6878494396806 0.511535532772541 43.40548977255821 60.92742601037025 422.1463549286127 4746.382708765566 2926.699773848057 1.500708438456059 747.0661337673664 69.28691527992487 900.0272940769792 19.8324039503932 909.9156121909618 59.60768093168736 884.23524479568 399.4946808442473 468.4120449572802 101.4396975412965 34.66240536421537 16.99676980823278 0.47726920992136 0.5091733634471893 0.4572169184684753 5.92030643671751 0 0.103405624628067 45.96634035557508 0 9.857464395463467 3.515410676598549 1.453899547457695 2.222327873110771 0.6367033421993256 1.867809347808361 0.1472379267215729 1.546437077224255 0.200069822371006 0.09742504358291626 0.3776132091879845 1.454551719129086 2.170964442193508 0.6363808959722519 2.814404509961605 29.38172476738691 0.2384833246469498 1.196500331163406 3.612783402204514 41.47321686893702 2.142395317554474 6.014922723174095 0.0928669199347496 0 0 1.083187192678452 0.784358873963356 26.52115068584681 1.79498814791441 3.1347930803895 2.908777602016926 1.692295655608177 1.057893827557564 1.370838433504105 0.1871610283851624
0.2906037569046021 6.509968273341656 0 21.05679857730865 990.3776313439012 745.1333763003349 9.65294386446476 203.0733491405845 588.9891610890627 15.00901517271996 0.7003774493932724 1113.628497861326 0.3000988960266113 36.2668934315443 220.204236343503 0.5405418276786804 0 0 0 97.66881186515093 0 48.56631722301245 0 368.507350191474 0 0.3915614560246468 12.98290523886681 32.80128784477711 98.70614589005709 0 0 424.9588280618191 0 25.56820655614138 0 106.76931951195 1.277144864201546 11.52091290801764 6.578073263168335 664.0076834410429 86.47860028594732 0.7132488787174225 1.04338450729847 0 0 0 3.239029854536057 0 0 8.409049347043037 0 10.64854955673218 5.367915533483028 0 10.04534912109375 0 0 0 0.1206681206822395 0 0 0 2.487811774015427 0.09985955059528351 0 0 8.378977745771408 0 0 0 3.109436027705669 0 0 0 0 0 0 0 10.56468105316162 0 0.09788617491722107 0 12.25850476324558 0 0 0
1.155975341796875 20.2969126328826 23.52406624704599 7.987570621073246 0 0 24.54441130161285 1.685155674815178 305.5345016047359 1.11520117521286 2.5259850025177 0 1.7604064270854 3.028077222406864 0.5405418276786804 2329.234371908009 18.31928016990423 2.083413787186146 0.4211171194911003 0.1557409167289734 3501.10437425226 3304.953821651638 3195.274120748043 2211.999190270901 0.4491163194179535 2.698131874203682 1903.320246130228 899.0715821683407 20.75978837162256 32.68692592531443 0 0 5.822506628930569 119.587931714952 50.03163220733404 1145.413518615067 385.9952420517802 476.2864787578583 408.7566551119089 22.46551841497421 1.029736429452896 3.077784270048141 4.410318851470947 5.5102564021945 0.5692110061645508 4.018397331237793 0 0 0.106540136039257 20.66350464522839 1.543715864419937 13.23152025043964 0.07352644205093384 0.1817057654261589 0 0.1498483717441559 5.985303297638893 0 1392.855920925736 2.537626281380653 0.08679073303937912 1.25220999866724 0 580.0138566568494 701.9327210187912 931.2118034511805 100.5941900089383 0 1.182483866810799 138.1098437905312 198.8427535220981 39.57137142121792 156.8668913543224 0 0.09052255004644394 2.045514613389969 11.9973454400897 5.623183384537697 53.56681138277054 2.704732902348042 15.39922591298819 8.791196666657925 4.681854285299778 1.645767167210579 8.06132173538208 0.2679919451475143
191.9526309967041 159.2559203058481 2921.399396635592 1.695559918880463 0.1537804827094078 17.59788404405117 157.0321097299457 328.3530584797263 2.917969882488251 7.130203612148762 374.7578372135758 2.199810683727264 3.577674359083176 402.1055292338133 0 18.31928016990423 2559.870552539825 80.8008967936039 3062.52872966975 1.157704316079617 506.368786521256 59.61237671971321 5225.029968522489 25.62088419497013 3.34070447832346 1644.316840969026 6927.161843262613 124.2495042309165 585.0600093156099 2149.360143974423 1.11125909537077 5.091356091201305 87.18672487139702 4615.844140790403 8.738916642963886 298.4686005935073 571.3277500271797 1632.837339006364 230.2017087489367 8.048990853130817 1.930055923759937 0.8477588891983032 1.315147668123245 0.5909814313054085 63.0681588947773 172.71844817698 0 0 0 1.923213168978691 0.5796164944767952 0.9777434021234512 0 2.063481412827969 0 1.298935271799564 0.4900138229131699 0 9.871703252196312 115.8664869442582 3.842671357095242 72.73586997389793 0 7.718196637928486 19.14213162660599 56.37169195711613 3.280728802084923 1.485827565193176 274.9348282217979 357.5815437957644 6.468619540333748 1.494251944124699 4.867076970636845 0.2004350498318672 0 0 9.719639256596565 2.267997168004513 51.04794400930405 12.17857554554939 30.07948382198811 12.82867669314146 2.541180521249771 0 1.04586885869503 0.1234819740056992
0.3777642920613289 13.70736902207136 5.052923403680325 0.4703181460499763 0.5663878172636032 4.511129021644592 4.452859461307526 4.365586064755917 0.3292269855737686 5.650094769895077 3142.475576892495 7.847974166274071 74.622912093997 21.60149841755629 0 2.083413787186146 80.8008967936039 586.6539738103747 1209.347529448569 3.907441966235638 0.957161545753479 0.8697445318102837 3.331389829516411 1.728726305067539 131.4082843139768 2930.321980416775 831.7611268013716 4.279340915381908 80.32276143506169 1.484239362180233 49.44096986204386 32.38802375644445 0.1134259849786758 1298.807489261031 6.547690331935883 597.9332479462028 1617.085835173726 1246.324016094208 490.4080555513501 11.80336057394743 1.570239290595055 29.52350825071335 4.491102293133736 0 16.96732521802187 0.9307382702827454 0.1931013166904449 0 0.3667139858007431 0.5436909645795822 0.7295040190219879 0.1320161521434784 0.3413464426994324 154.8868893831968 0.2445568591356277 433.0144564807415 1.057926133275032 0 0 2.348070569336414 138.0350609272718 69.13791895657778 0.1552727222442627 0.9794018045067787 0.8814721405506134 0.914699912071228 0.1208376213908195 133.2504701316357 168.8628469333053 462.6938262358308 0.5543157756328583 1.652222320437431 0.103583499789238 56.15581741929054 0.4525103196501732 0 29.64864766597748 1.587577842175961 42.22125046700239 77.67227867245674 56.90775633603334 8.901136986911297 1.715179681777954 0.1446210443973541 3.819436855614185 0.3309635519981384
8.039310298860073 105.0942764505744 313.1156218424439 1.191223315894604 0.2914103716611862 6.654724314808846 18.77817611396313 21.80837880074978 3.215119265019894 5.662927657365799 1392.208922624588 7.113423250615597 17.45199374109507 39.81661654263735 0 0.4211171194911003 3062.52872966975 1209.347529448569 3481.57847982645 4.238516829907894 16.81318423897028 8.350398056209087 380.7463252395391 6.835667937994003 38.53687007725239 3041.603916846216 2330.886702038348 11.04345467686653 116.5237123146653 75.74387592077255 5.560587294399738 26.70384687185287 3.765540882945061 4882.418091185391 5.787298835813999 959.69797655195 986.9221981316805 2539.634615659714 444.4673942700028 18.90363995730877 1.262494400143623 10.79207702726126 3.758920960128307 0.3051747307181358 92.38731195777655 43.14730317145586 0 0 0.1579646617174149 0.8442191332578659 0.2678640857338905 0.1334939450025558 0 29.30727726966143 0 39.52397471666336 0.09915312379598618 0 0.5849123075604439 123.0091647729278 51.11248872429132 250.2406881973147 0 1.358419738709927 2.798447363078594 9.463748537003994 0.7389356270432472 34.74911373853683 727.3961834907532 483.3864158764482 0.1013926193118095 0.09558750689029694 0.4935804829001427 13.03845711052418 0.09385712444782257 0 24.85031481087208 1.037252932786942 61.19241411238909 49.79449965804815 44.74326371401548 7.312361292541027 1.239856272935867 0.3054150342941284 0.5022258311510086 0.29937644302845
2.885197654366493 0.21991216391325 0.667066901922226 3551.259268380702 3.829247787594795 665.1231483370066 107.8165351301432 493.6711448356509 297.4296534508467 5332.27395696193 11.42254541069269 5899.765895575285 0.3461811095476151 593.2242364287376 97.66881186515093 0.1557409167289734 1.157704316079617 3.907441966235638 4.238516829907894 667.3969499096274 0.2013377696275711 0 1.395702823996544 774.2473437339067 0 4.625570178031921 2.430000148713589 2749.840602882206 376.0373540595174 3.946687862277031 0.1199183836579323 35.01778758317232 0.5176512897014618 205.2663575336337 1.721124842762947 338.6754105836153 10.16797970980406 168.906165599823 57.48510490357876 350.8936037048697 11.60967438668013 3.155859671533108 2.828280210494995 0 0 0 60.77146252244711 0 3.74601299315691 57.97536427527666 0.2178814113140106 57.80707082897425 51.23995005339384 0.3683784380555153 45.70440424978733 0.08613193780183792 0.2572075724601746 0.9830581545829773 0.6561559438705444 0 0.1109454780817032 0 30.63011889159679 0 0.142538845539093 0 83.15466210991144 0 0 0 102.1431977823377 1.348206214606762 0.304158627986908 0.1102080494165421 0 0 0.9781500548124313 0 28.64199420809746 0.3014249205589294 2.380560405552387 0.8781673386693001 15.1349830403924 0 2.621619135141373 0
37.28762558847666 3.958703391253948 279.2667734473944 8.889960289001465 0 7.856176175177097 509.0218571946025 65.20425225794315 151.4342387318611 5.342535227537155 3.700795479118824 0.2019743621349335 0.802869439125061 88.56957214325666 0 3501.10437425226 506.368786521256 0.957161545753479 16.81318423897028 0.2013377696275711 15043.35302481055 306.8383033275604 13138.96200247109 523.2369434759021 0.8397187367081642 16.75247822701931 511.1061982288957 5527.024005778134 189.695961304009 10301.95542792231 0 1.066324003040791 70.37327804416418 4130.034932851791 229.4710805267096 4409.883710756898 564.4182964488864 5068.862162463367 2490.602667428553 67.42072436958551 4.555172428488731 10.41530258953571 25.34176740795374 9.288762249052525 0 1.172524318099022 0 0 0 18.46893057227135 0.4753036350011826 10.03879724442959 0.3739650845527649 1.648075200617313 0.870327353477478 0.998131699860096 7.370943143963814 0 470.2231935337186 2.639062739908695 0.195284977555275 0.7802203819155693 0 476.3311986401677 199.9030306190252 127.0314255952835 91.29750590026379 0 6.310779601335526 13.98003174364567 201.7896209210157 47.58088185638189 182.1705480217934 0 0 1.69304271042347 11.58206925541162 17.8628646209836 127.5058398842812 2.480494171380997 14.65859059989452 16.64785674959421 3.135125458240509 4.201174363493919 8.376178234815598 9.038652956485748
0.5587316006422043 1496.034499436617 267.5019005015492 0.2796824723482132 0.9274413734674454 0.4422044008970261 4.609045661985874 0.5506105497479439 2138.121082179248 0.09129472821950912 1.791397631168365 2.586962796747684 13.98101995885372 1.780209690332413 48.56631722301245 3304.953821651638 59.61237671971321 0.8697445318102837 8.350398056209087 0 306.8383033275604 595.8156766071916 1407.484161108732 5092.554387591779 142.9704494550824 63.51178991794586 5838.871564812958 244.0779958888888 3.164863124489784 12.15352188050747 0.1173811107873917 0 0.2814806997776031 110.0374234691262 4.547622889280319 271.4902170822024 98.75489395856857 359.0078231319785 112.7560412809253 112.7718110457063 0 1.96014004945755 0.6854896247386932 0.9389738291501999 8.549423851072788 66.15716276317835 0.391058012843132 0 0 12.52691108733416 0.4608196318149567 4.117088109254837 0 0.1133396402001381 0 0.1558661311864853 1.331922806799412 0.1620865762233734 1369.721732616425 7.308436542749405 0.1840105280280113 0.6981569603085518 0.1239534988999367 150.5551028028131 177.6718317940831 1021.991021946073 37.42630851268768 0.2830038219690323 3.294089317321777 1345.624185934663 38.08418392390013 5.747758276760578 22.87961261719465 0 0 0 8.386069394648075 0.7778887450695038 36.46271640062332 5.643074035644531 23.32961559295654 14.71064009517431 3.015931621193886 0.7822036445140839 0 1.262480691075325
158.5046192482114 25.79193412512541 8910.983943663538 29.48481696844101 0 20.21841729432344 998.6463102027774 349.3250624313951 48.61119665205479 15.23664261773229 25.28863013535738 1.539674676954746 1.187760405242443 411.6087151542306 0 3195.274120748043 5225.029968522489 3.331389829516411 380.7463252395391 1.395702823996544 13138.96200247109 1407.484161108732 18016.764610596 1118.39067338407 0.8565666973590851 400.4217493087053 8814.273999139667 4341.790701821446 316.1776970773935 5672.220657974482 0 3.357809200882912 32.74721721932292 4783.599603503942 221.8193735927343 4926.479927271605 2671.64299094677 6370.199588470161 3181.556115210056 144.8662377819419 11.61285670846701 6.155156128108501 29.38433844596148 2.577000707387924 2.166070692241192 35.98317641764879 1.913951590657234 0 0.08165366947650909 22.39790695160627 0.6329009830951691 6.624146163463593 1.46362616866827 0.1641921550035477 0 0.4070508629083633 4.127410426735878 0.1562081277370453 1331.796506501734 3.995349869132042 0.2989775761961937 1.631277576088905 0.146648496389389 310.6767888888717 458.5997480452061 1446.330172337592 51.09305293858051 1.428276181221008 9.203231781721115 509.037591509521 79.55203229188919 21.16340936720371 71.10278471559286 0 0 1.772081300616264 7.077818013727665 23.41392128914595 153.3592726737261 6.723607778549194 24.72899593412876 23.04485048353672 2.90828525274992 0 3.967680364847183 4.976344183087349
25.6889149621129 244.730533875525 168.9549880847335 2326.938455104828 12.4757002145052 225.5966917648911 1025.406492270529 86.71185971796513 7500.188881725073 640.9219894111156 5.925501614809036 243.1864183545113 2.958488665521145 229.6878494396806 368.507350191474 2211.999190270901 25.62088419497013 1.728726305067539 6.835667937994003 774.2473437339067 523.2369434759021 5092.554387591779 1118.39067338407 11572.20268443227 5.85543354600668 18.2540672570467 1622.694338977337 7552.194601863623 546.1656250879169 201.3058410137892 0.4592597186565399 9.894949719309807 54.10084863007069 413.7818654477596 53.51947769522667 2142.149597212672 76.35794876515865 560.7905887663364 339.432201474905 493.4552106931806 21.58560112118721 10.95777726173401 14.5087877586484 39.61256047338247 1.47666908800602 3.474575124680996 220.3481035679579 0 15.9083177447319 1292.783067442477 11.50876395404339 1072.971005178988 192.4105328842998 1.061239287257195 118.6815499663353 1.094229854643345 57.0619425997138 21.6516285315156 222.0469886735082 3.678797341883183 0.1571379080414772 0.260884128510952 91.71006365120411 202.8193878158927 90.24529372900724 27.35583917051554 1816.263671860099 0 3.22219405323267 14.64907248318195 2126.558117814362 127.9619662538171 435.4714388772845 0.08722680807113647 0.6085405796766281 6.117234095931053 37.9005941003561 7.315934844315052 304.6924970373511 5.317381829023361 80.21448553353548 44.66486103832722 101.0910864546895 4.969700217247009 9.91347736120224 8.216535821557045
0 1325.015756115317 2.53609961271286 0.09383326768875122 0.1776285618543625 0 0.3966280370950699 0.3270387202501297 12.41444287449121 0.09419438242912292 328.5767177417874 0.09451001137495041 2126.0421371907 0.511535532772541 0 0.4491163194179535 3.34070447832346 131.4082843139768 38.53687007725239 0 0.8397187367081642 142.9704494550824 0.8565666973590851 5.85543354600668 309.8789222911 639.1842511147261 4717.865307822824 0.1844805479049683 2.09146910905838 0.09934040158987045 165.1424931138754 0.8127025738358498 0 368.5312832295895 0.2430125698447227 48.48230753093958 152.9059391319752 121.4554798081517 27.57796236872673 0.7368811294436455 0 365.7648027911782 2.434643268585205 0 85.8484018445015 1.61348769068718 0 0 0 0.1637036055326462 0.6031295731663704 0 0 308.7718345448375 0.3623369261622429 842.5250845402479 0.9827059358358383 0 0 6.038478568196297 72.93574880808592 123.0100400745869 0.07847600430250168 0 2.030147723853588 1.608892649412155 0.4505491107702255 257.5817008242011 350.9997767135501 598.2497603222728 0.3126219883561134 0.6645295098423958 0.1157766506075859 44.15475273877382 0.1509857326745987 0 36.01420015096664 2.016271814703941 41.21531645208597 111.6040269955993 84.47526520490646 8.112264581024647 1.721946828067303 0.4806752651929855 73.87577225267887 0
6.879955656826496 1536.974283099174 4729.072333037853 2.561518862843513 0.4566921591758728 6.063547633588314 59.41741754114628 28.82682204246521 9.119395837187767 4.918364480137825 2530.824113674462 7.877456940710545 855.723724886775 43.40548977255821 0.3915614560246468 2.698131874203682 1644.316840969026 2930.321980416775 3041.603916846216 4.625570178031921 16.75247822701931 63.51178991794586 400.4217493087053 18.2540672570467 639.1842511147261 30970.36516410857 23520.07945153117 45.49234734475613 79.03861893713474 132.1405890211463 750.4895582646132 28.28198071569204 2.154347218573093 1191.595466800034 14.35952650010586 1437.699965365231 3582.837942935526 1697.1703838557 542.7782959192991 24.91590072214603 2.780347593128681 133.5927203595638 8.770302183926105 0.1981263235211372 915.3642499595881 487.6469756141305 0 0 0.7515331953763962 7.760305367410183 3.064930871129036 1.116942830383778 1.294575572013855 477.541697345674 0.3642512410879135 1068.589054338634 5.90918180346489 0.2275935858488083 1.570021972060204 820.9074338525534 303.5021305456758 1245.760672003031 0.2609067112207413 4.465577654540539 10.00769202411175 42.22630383074284 3.482845030725002 425.813422255218 4165.213608562946 3252.891199655831 2.04119224101305 3.709358006715775 2.776946358382702 117.1275022551417 1.354132436215878 0 148.0957695245743 3.317601755261421 357.2768291160464 301.7597886025906 337.0676443725824 58.96642579883337 15.53067394345999 0.8940333873033524 28.91922007501125 0.7902216166257858
17.23409988731146 8475.022536866367 9819.399986051023 17.03504031151533 0 4.370144747197628 152.654301777482 41.53905884921551 655.7361509278417 8.129125736653805 817.3225379511714 6.242457270622253 4857.754278771579 60.92742601037025 12.98290523886681 1903.320246130228 6927.161843262613 831.7611268013716 2330.886702038348 2.430000148713589 511.1061982288957 5838.871564812958 8814.273999139667 1622.694338977337 4717.865307822824 23520.07945153117 29539.45182291418 987.2767960801721 109.9592801555991 154.6876057013869 1690.207848593593 16.60665044933558 10.39297450333834 3399.155934013426 116.4350990951061 5374.182219989598 2557.958068139851 7490.028027281165 2034.833313211799 178.4461561813951 6.201962694525719 38.85467893630266 22.25583935528994 3.817090302705765 2601.77372584492 1965.6248274073 1.940539553761482 0 0.5541659146547318 61.33365269005299 12.24088684469461 5.515255577862263 2.484544053673744 299.3165655359626 0.1834980621933937 1230.862126871943 18.73602685332298 0 1114.688347913325 648.2888532951474 264.927305392921 744.4876477047801 0.08334269374608994 79.23792976140976 1613.765192128718 2880.606907755136 36.54376292228699 994.7551617920399 2990.508651979268 9248.214277721941 49.00958421826363 9.4292808547616 21.82060378044844 117.7394827231765 1.104643881320953 0.2533846572041512 173.8731230944395 20.47745138406754 652.1968526616693 290.3300607725978 479.5206942483783 214.1256077215075 36.97427082806826 2.376756258308887 16.32186403125525 4.249782964587212
78.3982989937067 10.75987227261066 733.3882680609822 4831.347337082028 1.301449455320835 334.4295110628009 7161.816060185432 222.4549972116947 1638.744237162173 3413.563169069588 10.91059047728777 927.132276698947 1.8268828317523 422.1463549286127 32.80128784477711 899.0715821683407 124.2495042309165 4.279340915381908 11.04345467686653 2749.840602882206 5527.024005778134 244.0779958888888 4341.790701821446 7552.194601863623 0.1844805479049683 45.49234734475613 987.2767960801721 13071.97660837322 1226.316901076585 5656.189002655447 0.2716437801718712 16.555813357234 151.6086280569434 1035.068138226867 120.6057748869061 3580.108557805419 124.0131260156631 1415.749045424163 851.1731161996722 227.3563397079706 27.17153050005436 18.18526183068752 27.07087378948927 28.70956282317638 0.3428435921669006 2.82071590423584 180.002372443676 0 9.375020392239094 1053.342068456113 5.286081925034523 502.6251590028405 146.2216280028224 2.241483815014362 73.62510727345943 0.3356417864561081 43.79797147959471 12.30174286663532 181.7168096154928 0.9000743329524994 0.2376560643315315 1.372293934226036 73.32014781981707 180.5775445848703 61.15691777318716 27.82997608184814 1080.775234989822 0.1029807701706886 4.774462670087814 21.551324903965 1508.696940384805 101.0331177785993 352.2801987603307 1.494054675102234 0.7252871096134186 5.649375550448895 30.7344481125474 9.929015517234802 239.4595521092415 4.716413028538227 58.52188269048929 30.43437778204679 56.57712403684855 5.418108180165291 34.90202337503433 4.788902647793293
4198.821522884071 1.903432004153728 118.985508620739 198.7586982771754 170.6918630748987 748.0973151251674 2949.450352281332 583.8710977509618 30.89095527678728 829.7380143105984 402.2894730418921 690.5568227246404 13.5417515784502 4746.382708765566 98.70614589005709 20.75978837162256 585.0600093156099 80.32276143506169 116.5237123146653 376.0373540595174 189.695961304009 3.164863124489784 316.1776970773935 546.1656250879169 2.09146910905838 79.03861893713474 109.9592801555991 1226.316901076585 13247.96952020004 6628.61230738461 3.401789531111717 270.6217730306089 3661.740582235157 4092.360159158707 39.01702012866735 1293.417382471263 179.7309499308467 2315.912978030741 756.3108948692679 644.5757565870881 271.7022790014744 57.15607523173094 26.48529394716024 1.479062683880329 0.8619435578584671 1.805779404938221 9.066356316208839 0 0 67.45219492167234 0.5598362013697624 17.80113103240728 6.808174259960651 3.32627410441637 1.585557408630848 2.599388927221298 2.322902776300907 0.4663186445832253 5.057729408144951 0.3278313428163528 0.5960482954978943 1.012660801410675 1.538424208760262 6.333536066114902 1.341911815106869 2.575244031846523 55.21487212926149 0.8834295943379402 3.704626254737377 7.188779562711716 76.94781164824963 1.903875328600407 16.88465721160173 0.2645498812198639 0 0.5168262273073196 1.977701924741268 2.925296455621719 34.17365508526564 2.28165677189827 6.224457047879696 3.083147101104259 3.136387534439564 0.9548711851239204 4.917062148451805 0.4321851581335068
