645.1306191384792 0.4021835625171661 278.1739604622126 8.34989071637392 12.02435306459665 50.79591380059719 1639.756545633078 459.3622868657112 7.882414244115353 130.2521041929722 1.82136444747448 2.958211734890938 0.8049992844462395 5837.328222744167 0.07843689620494843 0.8190299943089485 69.9303562939167 0.6511659547686577 24.0480073839426 16.61840108782053 84.14562119543552 0.1869454905390739 237.6615059822798 84.33207684010267 0.2939814627170563 138.2600882649422 38.68440390378237 152.5935448333621 2857.315855614841 3324.312544479966 0 13.3687062934041 15.05016350746155 78.72073175758123 5.549555003643036 54.9140702188015 5.632598124444485 43.10428170114756 14.24489074200392 2.663111589848995 0.2135722264647484 0 0.5025126188993454 0 0 0.2624633386731148 0.7871413454413414 0 0 7.571051336824894 0.4206463471055031 8.197665624320507 1.129996448755264 0 0.1303683221340179 0 0.9942445456981659 0.746900275349617 0.1094740256667137 0.2613447308540344 0 0 0 0.2400308772921562 0 0 15.32141899317503 0 0.2844037115573883 1.918701842427254 15.71428640186787 0.2766388058662415 0 0 0 0.471081554889679 0 0 3.703739963471889 0 0.2007870972156525 0.148128405213356 0.1245435774326324 0.09212900698184967 0 0
0.4021835625171661 203.8706154599786 289.685850687325 0.3794081509113312 0.3223216533660889 0.1702425703406334 4.952914535999298 1.230998821556568 807.3235767632723 0.7865141779184341 63.02635600417852 0.7307719215750694 299.6184847801924 0.8222656026482582 3.105159074068069 45.98095919936895 213.3522678092122 16.82813328504562 95.20162032544613 0.1661916151642799 4.577274240553379 2199.662443138659 16.02325787395239 360.3390718400478 1880.421052120626 710.0675490498543 9896.298143185675 54.04930644482374 3.605275742709637 2.91286363452673 14.06104122847319 0.1647396385669708 1.002026617527008 85.88760284334421 3.312164157629013 161.5616419091821 140.6074299961329 162.0732723549008 44.22437711060047 6.525883354246616 0 126.6952234357595 0.3280715942382812 0 54.34263545274734 4.862296253442764 0.1111847758293152 0 0.09740464389324188 0.3321487009525299 0 1.553060851991177 0.3434656411409378 7.663144886493683 0 5.21056454628706 0.481112964451313 0 0.9628436267375946 29.38318385183811 7.222179003059864 51.74618826061487 0 0.4153193756937981 9.360936440527439 0.9007934182882309 3.044674135744572 60.80729685723782 472.697676256299 725.5570771321654 1.084567919373512 0 0.685248538851738 3.645944736897945 0 0 15.46413969993591 1.333876937627792 28.66273841261864 37.19422836601734 41.17005382478237 5.11811501532793 2.313964441418648 0 0.1410698294639587 0.1624480038881302
278.1739604622126 289.685850687325 17267.06678597629 6.415303185582161 6.464554142206907 38.98106869310141 2315.538595341146 780.5564682260156 18.75137209892273 83.07300759851933 18.15842945873737 0.5358172282576561 3.217012837529182 657.0952735766768 0 24.51054685562849 2757.671488806605 11.80987572669983 240.6109377071261 2.04483076184988 2069.386514805257 55.60383106768131 10832.63623458892 209.6784107163548 5.020263835787773 11125.16473440826 15736.38012142479 814.8184253871441 843.5391815789044 1547.617276921868 1.280188001692295 2.978740304708481 45.05508425831795 755.3303419500589 30.44404110312462 994.27036896348 495.2092127948999 1499.712730139494 584.221285328269 26.01672636717558 0.9799399748444557 2.988514445722103 4.846961200237274 0.2490342631936073 299.3128426223993 158.737464889884 0.2671137452125549 0 0.2743193209171295 5.257171154022217 0.4332105442881584 5.013976015150547 0.3429697528481483 0.2057245373725891 0.1590574681758881 0.6547618806362152 0.5162897855043411 0 23.26636665314436 102.1129786521196 0.8954004570841789 17.54699714481831 0 4.099851951003075 31.21297533810139 34.85930075496435 14.56221153587103 2.091916456818581 327.7350253164768 1302.993498839438 8.679936811327934 0.2583622187376022 0.3794116675853729 0 0 0.1876366883516312 25.37514492124319 13.18276562541723 124.6069207563996 36.44480139017105 88.87964399904013 29.2427581846714 2.742747128009796 0 0.7802764773368835 1.42924165725708
8.34989071637392 0.3794081509113312 6.415303185582161 3026.544544711709 13.43228657543659 137.3956656046212 100.1356337219477 72.64497125521302 540.113662533462 3106.015922673047 2.07275390625 3723.99265936017 0.3417849168181419 45.44043117016554 85.11188329011202 0 0.08928544819355011 0.6830328330397606 0.2800010070204735 5620.689441427588 0.4669756218791008 0.260460339486599 1.60284024477005 2617.494219221175 0.1266962587833405 2.783305168151855 1.982973761856556 3439.616597682238 197.3289897143841 5.177403725683689 0 5.934268072247505 37.40694985538721 50.62796965241432 7.083707042038441 245.5548315085471 5.966561906039715 121.5457066744566 55.1267107129097 239.0398318916559 1.384096570312977 0.09776837378740311 0.7737554907798767 0.5210493877530098 0.2662379294633865 0 224.0967315360904 0 21.95424114912748 73.59296633303165 6.865235053002834 196.3834812194109 285.1742010191083 0 104.515492387116 0 4.072805896401405 11.94315096735954 0 0 0 0 123.8123151287436 0 0.1541536748409271 0.1145874038338661 299.4168245121837 0 0 0 251.1231272742152 6.954058207571507 0.1155160441994667 0 0.09826698154211044 1.156054630875587 4.099486380815506 0.7276078313589096 24.42785733938217 0 7.432511150836945 6.673915892839432 47.32241952419281 0 0 0
12.02435306459665 0.3223216533660889 6.464554142206907 13.43228657543659 71.3117778673768 1959.55063111335 20.7480441108346 929.3940153047442 123.132035061717 179.2779015675187 22.92893943935633 109.6626044809818 40.18137912452221 149.4110945761204 2066.356893017888 0 0.9410700276494026 3.08225616812706 1.995668806135654 49.64817056804895 0.7308835163712502 1.024268269538879 4.709353052079678 69.06081522628665 11.04617894440889 9.074157405644655 8.192461736500263 21.42919149249792 504.8598146624863 11.69613695889711 0.3829380944371223 133.0060433521867 0.68487299233675 728.9774189218879 12.67850349843502 285.219524346292 18.55922003090382 787.1049104258418 321.3203130662441 2091.731385283172 129.4444538503885 7.929493211209774 6.379168249666691 0 0 0.7970096468925476 0.5782458558678627 0 0 2.355832144618034 0 1.153329402208328 0.2536011636257172 0 0 0 0.2334477752447128 0 0 0 0 0 0.4748614579439163 0 0 0 1.439518570899963 0 0 0.1684856563806534 2.330304995179176 0 0 0 0 0 0 0.1771716326475143 2.356195658445358 0 0.1125120669603348 0 1.158619046211243 0 0 0
50.79591380059719 0.1702425703406334 38.98106869310141 137.3956656046212 1959.55063111335 11076.49509261921 1504.462714292109 9789.969031319022 77.41700646281242 9098.013580195606 32.3322429805994 4030.64654866606 44.48676215857267 844.4409058056772 1583.806607328355 0.1080542355775833 3.958626501262188 5.240342073142529 6.306393563747406 700.9784211851656 9.943344399333 0.1211672052741051 19.52991119772196 189.7500731870532 11.00824225693941 26.23545744270086 17.78342685848475 652.4379850402474 642.6047983691096 43.46403312683105 0.7007844597101212 908.1600850000978 20.18997105956078 421.6846578791738 22.75861070305109 603.0099593251944 27.09908290952444 622.9929213263094 324.1081611141562 2268.240276262164 172.4651268646121 8.37129719555378 6.910203598439693 0.1912189126014709 0.2023348286747932 0 27.9707473218441 0 5.206317916512489 21.71812076121569 1.348005197942257 29.53488425165415 21.15448327362537 0 14.58772242814302 0 0.9648601859807968 0.8934135437011719 0 0 0.08429240435361862 0.09017367660999298 11.28403063863516 0.1602307260036469 0.3994254246354103 0.1485887467861176 52.2794676721096 0 0.1339183896780014 0.6333884373307228 54.71075151115656 1.861507646739483 0 0 0 0.07783933728933334 0.6596119403839111 0 4.106936946511269 0.1182674691081047 1.595762155950069 0.5253644436597824 10.2875734642148 0 0.1358659863471985 0
1639.756545633078 4.952914535999298 2315.538595341146 100.1356337219477 20.7480441108346 1504.462714292109 12186.95831454545 4849.181625753641 518.0189493969083 10577.38449749723 5.908130630850792 27.33063014596701 2.70829302072525 4990.943427100778 34.51487055420876 4.164340205490589 26.93405267596245 1.786981336772442 18.28161536902189 123.0959138944745 1233.583493962884 14.61101508885622 1283.714853778481 1469.333668936044 1.586032815277576 471.6340657398105 257.0277084261179 13753.92085104063 1718.046883583069 7995.439252123237 0.221565954387188 12.14884014427662 352.8694278150797 215.614933796227 37.11570204049349 642.7440039888024 46.775285333395 442.8915945887566 195.0468261390924 61.92430613934994 4.273580454289913 0.3076144456863403 2.773021802306175 7.884897455573082 0.2965649291872978 0.2844204306602478 100.7543804049492 0 22.20682753622532 361.6373898461461 17.58335522562265 370.7115457803011 100.9176871478558 0 21.31272133439779 0 20.3740806132555 5.451265677809715 2.00947654992342 0 0 0.3377579674124718 55.605308778584 3.42515654116869 2.367112025618553 1.040955200791359 690.8502674847841 0 0.281017929315567 8.947753705084324 636.9466357529163 50.31988706439734 11.99352765083313 0 0 3.200863555073738 8.778711169958115 0.9878063797950745 75.17689226567745 2.049478478729725 25.17493562400341 11.57301053404808 21.47963544726372 1.197039060294628 0 0.8031407967209816
459.3622868657112 1.230998821556568 780.5564682260156 72.64497125521302 929.3940153047442 9789.969031319022 4849.181625753641 13357.13051334023 26.22275748848915 4533.853338863701 36.25101615488529 214.1371018514037 32.29228717833757 7890.544200100005 132.9778248220682 1.705645903944969 108.8337046392262 6.188732303678989 46.74917317926884 350.548289000988 268.0969020798802 0.5717986077070236 538.1771292686462 233.4736175462604 9.538406051695347 375.8355956673622 74.54922685399652 377.0816681310534 2118.292909808457 1939.425749234855 0.6760306730866432 1865.351722419262 37.96944290399551 422.0551061481237 17.95375517755747 481.7390614971519 34.85226584225893 530.4878085516393 262.9040993526578 584.4632191881537 36.57968309521675 7.653523489832878 8.882136292755604 0.29586511105299 0.3354172855615616 0 9.355165712535381 0 0.832281805574894 28.23747526109219 1.382916308939457 24.355169698596 11.16434946656227 0.2096167355775833 4.732924304902554 0.2111545726656914 2.888315588235855 1.060123041272163 0 0.2178134247660637 0.1741213947534561 0.09072186797857285 4.936047799885273 0.2684449404478073 0.1287854015827179 0 54.19632790237665 0.1102930903434753 0.4968038201332092 1.351724252104759 56.14284311234951 1.9068289026618 0 0 0 0.2417955175042152 0.3903791680932045 0.3096223399043083 8.854483313858509 0 2.411911033093929 2.316186398267746 0.1680702120065689 0.2523391544818878 0 0
7.882414244115353 807.3235767632723 18.75137209892273 540.113662533462 123.132035061717 77.41700646281242 518.0189493969083 26.22275748848915 2515.568954989314 414.6323550865054 2.195888012647629 1011.409709379077 7.923864983022213 20.59882975369692 995.9627369120717 305.8630114197731 8.794932797551155 0.623174175620079 6.340336866676807 329.5814901590347 194.7120942920446 2640.557792440057 52.01723716408014 11822.96050004661 80.20161061733961 28.59448397904634 1434.321136638522 1643.461282834411 114.7787960246205 139.3446805402637 0.2536580488085747 2.956515595316887 40.36870772391558 33.82787702977657 13.02838228642941 656.4172104895115 55.25575406849384 86.61118306964636 50.84663991630077 727.0132931545377 8.116727329790592 2.30589085817337 0.8084112703800201 5.608372025191784 4.347839593887329 0.5242883414030075 383.5666826590896 0 23.7499940097332 114.0269671753049 8.03394129127264 397.162394143641 192.7996562868357 0.4634949266910553 295.4461852610111 0.3678905740380287 12.44224984198809 58.33806867152452 192.7528452649713 0.0997065082192421 0.4287817403674126 0.7142444550991058 177.6832330971956 79.73285331577063 36.8397227153182 47.31956148147583 1293.610293328762 0.3615830168128014 4.113817185163498 14.11479100584984 547.2471034899354 23.51901187747717 10.90292926132679 0 0.1719546616077423 0.7345204949378967 3.476819358766079 1.984673351049423 47.21973790228367 1.390911310911179 11.35457392781973 5.302374728024006 197.6401561275125 0.7949946373701096 0 0.2632094845175743
130.2521041929722 0.7865141779184341 83.07300759851933 3106.015922673047 179.2779015675187 9098.013580195606 10577.38449749723 4533.853338863701 414.6323550865054 36764.14414555207 38.96236385405064 6783.524712875485 24.19341159239411 1397.944208301604 114.9503117725253 1.107467159628868 3.072183899581432 8.144219599664211 8.194766238331795 4824.48887494579 27.73743020743132 1.101747177541256 41.42054163664579 2425.27025930956 5.737809166312218 43.35364183411002 30.04355351254344 7138.284277148545 1986.609193429351 59.0256834551692 1.180402278900146 99.05212215334177 110.7035250291228 617.4041132852435 38.86693447828293 1529.89984408021 51.73366783559322 1056.333442609757 382.4446206912398 500.3349834308028 17.99865723401308 4.496763326227665 10.30096124112606 2.31046874076128 0.6033189296722412 0 311.7669633775949 0 47.85601429641247 255.1065125539899 16.85604618489742 292.071607939899 262.5269528254867 0.09940952062606812 110.2760785967112 0 10.46970599889755 8.673970468342304 0.2347049564123154 0 0 0 147.1269994601607 0 0.7100902795791626 0.2181781232357025 552.4471017122269 0.0925319492816925 0.1057335436344147 2.500072985887527 545.1216727718711 23.98837870359421 0.8210087418556213 0 0 2.276265598833561 6.422067478299141 0.5187993049621582 60.63572642952204 1.462335467338562 20.09427561610937 7.59988134354353 55.99005682766438 1.178345620632172 0 1.810124963521957
1.82136444747448 63.02635600417852 18.15842945873737 2.07275390625 22.92893943935633 32.3322429805994 5.908130630850792 36.25101615488529 2.195888012647629 38.96236385405064 17062.78959859163 4.749213136732578 4404.090953208506 14.49763979017735 0 0.9361521676182747 304.9032381698489 6027.421958751976 1555.060993514955 11.91951575875282 6.027789764106274 6.573960497975349 31.01693844050169 6.562130615115166 1955.99749289453 2960.032081320882 1629.20316221565 5.339332513511181 125.8213000744581 4.647645123302937 735.1194541230798 38.06825765967369 0.2449549213051796 8928.144193544984 4.886836647987366 209.0237071886659 1518.542341165245 3518.174700573087 645.058388248086 9.419837541878223 8.074745625257492 659.6825517639518 1.066861517727375 0 6.60523384064436 0.3441154956817627 0.6045592799782753 0 0.4275747537612915 0.4872172325849533 0.2846793234348297 0.191281333565712 0.2974246367812157 521.3358693644404 0.350998692214489 351.5631407275796 0.3857719376683235 0 0 0.4267952367663383 122.9735463708639 47.30077882856131 0.3198995441198349 0 0 0 0.7895909994840622 143.1494299843907 57.01124458760023 237.4529372677207 0.4097742438316345 0.5700632482767105 0.1274399310350418 13.39070438593626 0 0 32.57734329253435 4.34039294719696 16.88948062807322 389.7032848000526 88.83327795565128 10.22192287445068 0 0.2512240409851074 162.4542932733893 0.1675640344619751
2.958211734890938 0.7307719215750694 0.5358172282576561 3723.99265936017 109.6626044809818 4030.64654866606 27.33063014596701 214.1371018514037 1011.409709379077 6783.524712875485 4.749213136732578 9021.417137518525 3.681148491799831 68.75897900015116 1060.062497496605 0.08690007776021957 0 0.9278052970767021 0.5234422236680984 7560.046050868928 0.3547390699386597 2.700052462518215 0.5820712074637413 556.3640045449138 3.263917818665504 1.572199173271656 3.190544962882996 765.7500568926334 150.0463603176177 1.220077633857727 0 21.36299941688776 1.676944687962532 71.40976975113153 5.910511367022991 378.2901146560907 3.634587548673153 138.7297079190612 46.42323805391788 1734.14369455725 5.294849872589111 0.1232004538178444 0.6694470793008804 0 0 0 163.5740465819836 0.8516790270805359 14.12730388343334 24.74985103309155 0.708183541893959 103.2449881657958 81.00826668739319 0 310.6611631661654 0.1023754701018333 1.597187481820583 32.09469352662563 0 0 0 0 75.7751852273941 0 0 0 143.6007515490055 0 0 0.1927966251969337 67.19215417653322 2.636395916342735 0 0 0.1090487316250801 0 0.6803590729832649 0 4.348540082573891 0 3.546751342713833 0.765249490737915 209.7894481271505 0 0 0
0.8049992844462395 299.6184847801924 3.217012837529182 0.3417849168181419 40.18137912452221 44.48676215857267 2.70829302072525 32.29228717833757 7.923864983022213 24.19341159239411 4404.090953208506 3.681148491799831 4621.79839463532 9.107229001820087 0.3887102529406548 1.041263602674007 5.1088632568717 266.2846562042832 44.53010434657335 5.251798078417778 1.735910698771477 23.41734451800585 5.735283926129341 6.293519020080566 4414.470937080681 515.2440186589956 5421.724636502564 2.791724354028702 90.05338933318853 0.6149939894676208 1817.017832323909 61.36011673510075 0 2012.999165505171 25.68831986933947 295.7127631530166 3072.203095458448 3590.385526813567 558.295818567276 27.6334687396884 41.51153422147036 1130.167052216828 0.5561631098389626 0 23.39870370179415 3.173359215259552 0 0 0.429047018289566 0.6779370605945587 0.3412059545516968 0.3957935273647308 0.8719265088438988 959.7606762498617 0.5429769679903984 702.0533127039671 1.417777299880981 0 0 1.053145751357079 181.877884440124 59.57592313736677 0.4099109694361687 0 0.5905981883406639 0 0.6462883278727531 256.2812262475491 96.33996602147818 409.8331490680575 0.5507590100169182 0.2172858268022537 0 32.06644503772259 0.2212477177381516 0 58.60655945539474 2.965904995799065 27.29569517821074 560.3413634225726 151.7452001795173 13.19081559032202 0.7765802219510078 0 146.5367418304086 0.2628404796123505
5837.328222744167 0.8222656026482582 657.0952735766768 45.44043117016554 149.4110945761204 844.4409058056772 4990.943427100778 7890.544200100005 20.59882975369692 1397.944208301604 14.49763979017735 68.75897900015116 9.107229001820087 9886.205347284675 2.068465858697891 1.152404300868511 139.8058715090156 2.98396984487772 44.55838371068239 207.7415953278542 224.2245327159762 0.8174527660012245 534.8873464465141 262.6815358325839 1.905498720705509 336.1915881484747 81.78995217382908 356.8606203310192 5713.221828270704 4227.143055871129 0.1815801113843918 450.5248990729451 23.48059976100922 260.6144118569791 13.32736552506685 258.5609117969871 17.06523449718952 243.1188519783318 91.61471681296825 54.92481388151646 4.401696756482124 1.651010885834694 2.13430143147707 0.812018595635891 0.1392812579870224 0.1243624612689018 6.893126919865608 0 0.8164932802319527 33.66768226027489 1.325944826006889 24.83519218116999 8.516923904418945 0.1198603734374046 3.156482115387917 0 1.259364359080791 0.2108378931879997 0.07329020649194717 0.2835380136966705 0.08418935537338257 0 3.633441895246506 0.1818317398428917 0 0.2022832110524178 51.64158204197884 0.09595586359500885 0.7715130895376205 2.736578740179539 50.06404923647642 3.353956207633018 0.09586217999458313 0 0.3265611231327057 0.397998720407486 0.8912191614508629 0 6.727095171809196 0.2402649521827698 2.800499297678471 1.301194839179516 3.653903320431709 0.07949258387088776 0 0
0.07843689620494843 3.105159074068069 0 85.11188329011202 2066.356893017888 1583.806607328355 34.51487055420876 132.9778248220682 995.9627369120717 114.9503117725253 0 1060.062497496605 0.3887102529406548 2.068465858697891 504.4216082245111 0.1251792162656784 0.1262842267751694 0 0 115.9662594646215 0 17.20020177960396 0.4207968711853027 896.6969521269202 0.1277197450399399 1.222855351865292 8.511588133871555 106.5322696343064 3.584072038531303 0.2465657815337181 0 518.1200791448355 1.181136451661587 3.476045235991478 0.3920445740222931 8.265410579741001 0.5514865517616272 3.53773245960474 1.596031203866005 1556.444478072226 89.78595565259457 0 0.1615305095911026 0 0 0 4.423835009336472 0 0 0.5413525402545929 0 3.817424684762955 4.246424600481987 0 9.216086730360985 0 0.09550955891609192 2.745888590812683 0.1299959719181061 0 0 0 2.22478374838829 0.1354926377534866 0 0 6.79742107540369 0 0 0 4.832054615020752 0 0 0 0 0 0 0 0.1704246252775192 0 0 0 12.91347585618496 0 0 0
0.8190299943089485 45.98095919936895 24.51054685562849 0 0 0.1080542355775833 4.164340205490589 1.705645903944969 305.8630114197731 1.107467159628868 0.9361521676182747 0.08690007776021957 1.041263602674007 1.152404300868511 0.1251792162656784 3616.589023835957 24.22234453260899 0.5525272563099861 7.217999748885632 0 1191.191739030182 4058.782591409981 5504.226195722818 3098.963790282607 6.184952884912491 16.54172015935183 6176.984888926148 2743.598578371108 8.4848418161273 51.4900514408946 0.138375997543335 0 2.404397264122963 80.8375448435545 111.9882882013917 2166.65806325525 815.2511823624372 641.1140787154436 915.4741607010365 92.07568178325891 0.2827930003404617 0.3143896907567978 5.501040741801262 1.429158821702003 1.270165517926216 10.48021374642849 0.1661684066057205 0 0 13.15095990896225 2.847163200378418 48.52383109182119 0.2136694043874741 0.2118359506130219 0 0 3.700403019785881 0 2606.313619531691 0.8714032545685768 0.1471819579601288 0 0 169.548697501421 1059.570234492421 1096.61730235815 426.8142523393035 0 1.301833093166351 646.398795992136 145.0673915296793 8.493444807827473 6.50990454852581 0 0 0 0.82319675385952 11.15609681606293 27.12275588512421 1.344120919704437 4.730543754994869 3.671623840928078 0.6565074548125267 0 0 0.8046110272407532
69.9303562939167 213.3522678092122 2757.671488806605 0.08928544819355011 0.9410700276494026 3.958626501262188 26.93405267596245 108.8337046392262 8.794932797551155 3.072183899581432 304.9032381698489 0 5.1088632568717 139.8058715090156 0.1262842267751694 24.22234453260899 2302.206311248243 339.7771157696843 4691.798139952123 0.4384393617510796 311.9467978179455 31.07731606066227 3418.488516874611 39.96988962590694 4.409887850284576 4548.2653702721 7760.46425114572 68.93008463084698 484.5454061031342 436.73194796592 5.673108033835888 0.5901944562792778 79.34570302069187 1248.045776627958 2.842780716717243 170.9873762652278 420.082052282989 226.1372385323048 64.50314600020647 2.111359551548958 0.09543604403734207 0.1174755692481995 0.729396753013134 0 200.779703579843 52.81382994353771 0 0 0 2.185134142637253 0 1.151234269142151 0 1.652491815388203 0 0.3162683174014091 0.2191139608621597 0 2.128519371151924 66.75116008520126 2.619414284825325 27.76158802211285 0 1.710150122642517 3.82177297770977 5.620290979743004 2.367308996617794 1.750583693385124 395.637903265655 715.6659639328718 1.669203609228134 0.3400057777762413 0.7531807720661163 0.3593885451555252 0 0 16.20648754388094 0.4651491641998291 67.06501387059689 43.09563535451889 56.23114957660437 9.341808013617992 2.816612392663956 0 0.09844043850898743 0
0.6511659547686577 16.82813328504562 11.80987572669983 0.6830328330397606 3.08225616812706 5.240342073142529 1.786981336772442 6.188732303678989 0.623174175620079 8.144219599664211 6027.421958751976 0.9278052970767021 266.2846562042832 2.98396984487772 0 0.5525272563099861 339.7771157696843 329.6900184974074 531.9150562211871 2.271794557571411 2.197946891188622 2.634539797902107 10.67854171991348 2.373827442526817 69.26986735314131 3108.193352840841 1133.804227299988 1.755265526473522 21.06985826045275 1.559215359389782 314.8451607972383 5.518359288573265 0.600714847445488 1579.370260022581 7.470903307199478 253.4627902954817 753.2737329676747 1262.133657313883 386.3609337061644 2.498560920357704 0.8176126107573509 18.79715294390917 0.5228236466646194 0 12.18432904034853 0 0 0 0 0.1096590012311935 0 0.1171875 0.08654451370239258 81.66013863682747 0 38.33114778995514 0.1385989487171173 0 0 0.5491930544376373 69.7764884904027 45.53276824951172 0 0 0 0.219759538769722 0.3157333582639694 51.32501417398453 71.10284858942032 131.064281873405 0.1005189567804337 0.08911454677581787 0 5.47028473764658 0 0 3.568750537931919 2.743299439549446 19.43126019835472 19.23904908448458 15.22559480369091 1.528808921575546 0.2881395742297173 0 0.655243992805481 0.1098570674657822
24.0480073839426 95.20162032544613 240.6109377071261 0.2800010070204735 1.995668806135654 6.306393563747406 18.28161536902189 46.74917317926884 6.340336866676807 8.194766238331795 1555.060993514955 0.5234422236680984 44.53010434657335 44.55838371068239 0 7.217999748885632 4691.798139952123 531.9150562211871 1584.175400294363 1.753330431878567 29.57765901088715 14.55379241704941 379.3875661343336 13.09514761716127 57.90760411322117 6898.703527249396 4855.290892593563 25.45025435835123 138.6396391689777 68.61098141223192 43.44829373806715 3.741778820753098 19.02124111354351 2666.680322505534 3.302685454487801 206.6179850921035 312.8235456719995 720.6375674903393 205.9399531930685 2.739252895116806 0.3388729691505432 9.72227781265974 0.9816098138689995 0.1011252775788307 71.95266758650541 3.160019725561142 0 0 0 0.1880917847156525 0.1578300893306732 0.4509099572896957 0.1154781728982925 27.29627404361963 0.3710844367742538 5.55649146437645 0.1106695085763931 0 0 12.89186508953571 32.47339522838593 74.49524247646332 0 0 0.8799165189266205 1.248924843966961 0.7664097473025322 18.56471702456474 337.0211533457041 240.2885687053204 0.8009931445121765 0.3225205838680267 0 2.086896404623985 0 0 10.04083203524351 1.451536148786545 21.64575280994177 41.50876197963953 43.58357998728752 2.615258231759071 0.3569190800189972 0.6662801504135132 0.3134042322635651 0.1258781999349594
16.61840108782053 0.1661916151642799 2.04483076184988 5620.689441427588 49.64817056804895 700.9784211851656 123.0959138944745 350.548289000988 329.5814901590347 4824.48887494579 11.91951575875282 7560.046050868928 5.251798078417778 207.7415953278542 115.9662594646215 0 0.4384393617510796 2.271794557571411 1.753330431878567 1174.156336415559 1.778098806738853 0.3534952849149704 1.590069472789764 892.4078644514084 0.9561803862452507 5.208905544131994 6.740889888256788 2124.067006383091 403.0745265632868 4.364724092185497 0.2156426459550858 28.2437974140048 7.150067545473576 147.3747313320637 9.464298270642757 478.7539159804583 15.61506090313196 284.2815401405096 106.7096137478948 542.6545742601156 4.764058776199818 0.5357890576124191 1.741188123822212 0.2434010058641434 0.1746743470430374 0 82.90027444064617 0 9.293202720582485 44.28719725459814 5.60046823322773 69.83850718289614 56.08362452685833 0 60.00908732414246 0 1.889659695327282 3.608108587563038 0 0 0.1283804178237915 0 30.96171174198389 0 0 0 118.076455578208 0 0 0.1671990230679512 109.7574098184705 5.997096531093121 0 0 0 0.3538247123360634 3.281878098845482 0 12.69282671064138 0.1071399375796318 4.74844491481781 5.905099801719189 51.41834302991629 0 0 0
84.14562119543552 4.577274240553379 2069.386514805257 0.4669756218791008 0.7308835163712502 9.943344399333 1233.583493962884 268.0969020798802 194.7120942920446 27.73743020743132 6.027789764106274 0.3547390699386597 1.735910698771477 224.2245327159762 0 1191.191739030182 311.9467978179455 2.197946891188622 29.57765901088715 1.778098806738853 22231.07805744559 231.5737745985389 22347.06183809042 917.0959915965796 0.3752003610134125 105.1896470338106 1587.902145572007 5480.588228754699 299.2615161910653 15982.10778398812 0.09908724576234818 0.8270745202898979 79.79788350313902 3828.970059037209 426.1392811089754 4914.774064004421 1330.528212286532 6442.656012587249 2928.643795520067 224.4754782915115 2.246485568583012 2.924592174589634 17.97378567606211 6.452251315116882 0.9107040613889694 1.405028507113457 0.1071509122848511 0 0.2031038478016853 50.64721749722958 4.4494833573699 89.55273949354887 1.755009338259697 0 0.3241851329803467 0 13.64573440700769 0 362.3351887613535 0.7217591106891632 0 0 0 181.50461717695 145.7588564231992 83.95042899250984 511.7629192396998 0.1320697218179703 1.648376174271107 22.22716131061316 244.8006371557713 24.20184180140495 13.58853776752949 0 0.111487127840519 0.3464118391275406 2.837137207388878 21.53440465033054 60.68794561177492 2.235826596617699 6.771074891090393 4.164186671376228 3.803525380790234 0.1014956906437874 0 0.42840775847435
0.1869454905390739 2199.662443138659 55.60383106768131 0.260460339486599 1.024268269538879 0.1211672052741051 14.61101508885622 0.5717986077070236 2640.557792440057 1.101747177541256 6.573960497975349 2.700052462518215 23.41734451800585 0.8174527660012245 17.20020177960396 4058.782591409981 31.07731606066227 2.634539797902107 14.55379241704941 0.3534952849149704 231.5737745985389 404.7176115214825 878.8580835536122 4149.11368753016 328.0487350225449 70.82576540112495 7450.719358824193 347.4094697386026 5.458953499794006 12.53946024924517 1.44948123395443 0 3.002678051590919 17.45794072747231 1.826624043285847 47.79518014937639 29.66991379857063 40.21417081356049 14.57928668707609 24.67623021453619 0.1402003020048141 6.717453651130199 0 0 13.15992047637701 12.77749076485634 0.4103351384401321 0 0 1.409972548484802 0.4124132692813873 2.794587060809135 1.127459861338139 0.6013519763946533 0.2856458127498627 0.2688823640346527 0 0 803.6125300601125 0.1555901318788528 0.3328842967748642 0.7828879430890083 0.4005007296800613 16.93296980112791 65.11962714791298 294.7213605642319 72.56930281221867 1.703086137771606 7.778960883617401 379.4177064746618 18.75295789539814 0.1836848929524422 0 0.1724357604980469 0 0 0.09700343757867813 0.5832759737968445 4.18674286454916 0.9488044753670692 2.830901592969894 0.8745421767234802 0.1318301856517792 0 0 0
237.6615059822798 16.02325787395239 10832.63623458892 1.60284024477005 4.709353052079678 19.52991119772196 1283.714853778481 538.1771292686462 52.01723716408014 41.42054163664579 31.01693844050169 0.5820712074637413 5.735283926129341 534.8873464465141 0.4207968711853027 5504.226195722818 3418.488516874611 10.67854171991348 379.3875661343336 1.590069472789764 22347.06183809042 878.8580835536122 36051.66756105423 530.7771491482854 5.204726956784725 661.0537207350135 15920.40415371954 2104.843696378171 863.2496545836329 4652.785421095788 0.5655737146735191 1.982972130179405 110.1221155151725 4950.147375229746 549.4436917975545 10923.5181684792 4184.59827414155 9671.843298830092 8443.797147922218 427.7565910667181 4.054434046149254 5.035142719745636 37.82914907485247 0.2687027305364609 41.18072096258402 156.1242627128959 0.0877087414264679 0 0 6.477382138371468 1.202927157282829 17.81036300957203 0.608282670378685 0 0 0 2.0496761277318 0 2216.673592187464 14.55693475157022 0.2166334167122841 2.067376643419266 0.7329072505235672 59.39405960589647 792.922299772501 898.5692177116871 161.6133996993303 0.3737406879663467 25.65603207796812 1828.068899996579 61.22510362416506 3.109416268765926 0.2344317436218262 0 0 0 2.901065096259117 106.3094022795558 127.844585314393 9.43512374907732 30.18690612912178 11.39015209674835 4.294991187751293 0 1.407601594924927 1.666885554790497
84.33207684010267 360.3390718400478 209.6784107163548 2617.494219221175 69.06081522628665 189.7500731870532 1469.333668936044 233.4736175462604 11822.96050004661 2425.27025930956 6.562130615115166 556.3640045449138 6.293519020080566 262.6815358325839 896.6969521269202 3098.963790282607 39.96988962590694 2.373827442526817 13.09514761716127 892.4078644514084 917.0959915965796 4149.11368753016 530.7771491482854 11968.5426530242 34.5959617421031 93.71097323298454 4469.876820169389 10594.66456649452 1430.791071288288 1589.366076420993 0.6682092174887657 10.61388563364744 504.6452414169908 410.6011205911636 163.4047997519374 3590.050172515213 322.9471982344985 1199.187097713351 648.2823534309864 999.5465227141976 13.02560593187809 1.506133936345577 6.86719211935997 18.78880496323109 7.187448911368847 5.959669470787048 432.0630711466074 0 42.54139775782824 618.460478797555 45.70573380589485 1425.83942451328 361.3283017575741 0.2286163195967674 226.2584773898125 0.1028879508376122 55.31022191047668 37.26160853356123 185.9381879717112 1.285974830389023 0.3394198343157768 0.4373625814914703 232.0897806435823 163.6689079627395 85.19836772978306 45.36756702512503 2355.335501387715 0.322863444685936 5.877598933875561 39.63020204752684 1612.912790507078 97.9484822563827 31.41687991470098 0 1.098463334143162 7.448605187237263 17.60321134701371 6.201448760926723 206.1960332840681 4.857752256095409 56.28389994055033 28.88735958188772 162.8833208531141 2.909977599978447 0 1.575440354645252
0.2939814627170563 1880.421052120626 5.020263835787773 0.1266962587833405 11.04617894440889 11.00824225693941 1.586032815277576 9.538406051695347 80.20161061733961 5.737809166312218 1955.99749289453 3.263917818665504 4414.470937080681 1.905498720705509 0.1277197450399399 6.184952884912491 4.409887850284576 69.26986735314131 57.90760411322117 0.9561803862452507 0.3752003610134125 328.0487350225449 5.204726956784725 34.5959617421031 1034.62258014828 672.1430875137448 7663.849115692079 6.828461781144142 19.60889049619436 0.7647441178560257 146.2642920464277 9.869191072881222 0 1199.940048374236 64.58123361319304 1117.375998899341 1742.721192449331 2665.32716794312 1010.020310103893 71.17642237991095 380.6147435829043 2108.997839950025 14.85777474939823 0 186.2585983127356 0.998479813337326 0.1144271492958069 0 0.1579424291849136 0.9575221166014671 0.104836031794548 0.2155621498823166 0 400.7528876066208 0.08095153421163559 399.58943233639 0.6802606657147408 0 0.1241217702627182 4.199521452188492 135.9897612035275 69.81151770800352 0 0 0.4365863502025604 1.079175278544426 0.9867538139224052 196.8199558407068 236.7832484468818 706.7986303195357 0.813444621860981 0.1470743119716644 0 25.96294375509024 0 0 27.59073549509048 23.40407265722752 73.19043030589819 228.8449819087982 87.29317209869623 9.725593484938145 8.337990507483482 0 84.07014944404364 0
138.2600882649422 710.0675490498543 11125.16473440826 2.783305168151855 9.074157405644655 26.23545744270086 471.6340657398105 375.8355956673622 28.59448397904634 43.35364183411002 2960.032081320882 1.572199173271656 515.2440186589956 336.1915881484747 1.222855351865292 16.54172015935183 4548.2653702721 3108.193352840841 6898.703527249396 5.208905544131994 105.1896470338106 70.82576540112495 661.0537207350135 93.71097323298454 672.1430875137448 37282.77915759385 14376.30991915613 172.0884734839201 604.8476237766445 377.3397932201624 765.2230664789677 13.64298070222139 51.27520231902599 3698.341677293181 41.5996021926403 1611.463625028729 2337.419024370611 3912.763927683234 1203.783413782716 15.57360976934433 0.9937275052070618 36.3963527828455 5.985735557973385 0.5692968368530273 705.2933404520154 19.77730618417263 0 0 0.09960650652647018 4.526120848953724 0.7521487325429916 2.208826690912247 0.4504753574728966 563.1610527411103 0.3377122133970261 202.3341623991728 1.907395735383034 0.4018065929412842 1.322799973189831 102.2360192164779 573.7634037062526 796.7492017373443 0.1509444266557693 0.9977906346321106 3.957909598946571 3.939514704048634 5.741364508867264 349.6072089523077 2575.257764562964 2234.912121467292 3.270265080034733 1.125099189579487 3.569529138505459 31.60962533950806 0.1321535110473633 0 105.3465798571706 17.39047042280436 186.5723223090172 319.9761473834515 308.5139043182135 25.43036586791277 3.301297128200531 0.1063427403569221 5.45374259352684 0.8593519181013107
38.68440390378237 9896.298143185675 15736.38012142479 1.982973761856556 8.192461736500263 17.78342685848475 257.0277084261179 74.54922685399652 1434.321136638522 30.04355351254344 1629.20316221565 3.190544962882996 5421.724636502564 81.78995217382908 8.511588133871555 6176.984888926148 7760.46425114572 1133.804227299988 4855.290892593563 6.740889888256788 1587.902145572007 7450.719358824193 15920.40415371954 4469.876820169389 7663.849115692079 14376.30991915613 44526.07094806433 3423.548711881042 245.1361665837467 238.5965755209327 2347.933260388672 15.33454667776823 25.92194343358278 5516.770662993193 212.7782957926393 9929.430815845728 5001.017603442073 10994.40787161142 4712.573919385672 248.1825850307941 8.430888630449772 72.96935451775789 23.27882382273674 0.7431471273303032 2608.957214102149 1179.093007825315 0.97612214833498 0 0.4674844145774841 23.68212998658419 1.545049421489239 16.24817161262035 0.6300019919872284 648.4475405067205 0.320403665304184 367.5677853152156 4.457915343344212 0 814.1113284155726 493.5870447829366 667.9406734332442 848.8479334563017 0 35.03273151814938 984.2454073727131 458.9697014838457 118.8383025377989 1001.503479018807 3613.091644510627 12297.22716838121 57.67691943794489 4.518523894250393 9.897334568202496 58.01690146327019 0.1050957143306732 0.6507862210273743 206.7834824025631 103.5498199388385 786.0632046833634 499.1999973580241 730.7560288831592 147.5133546292782 28.03496515005827 1.316275477409363 8.54731260985136 2.501680202782154
152.5935448333621 54.04930644482374 814.8184253871441 3439.616597682238 21.42919149249792 652.4379850402474 13753.92085104063 377.0816681310534 1643.461282834411 7138.284277148545 5.339332513511181 765.7500568926334 2.791724354028702 356.8606203310192 106.5322696343064 2743.598578371108 68.93008463084698 1.755265526473522 25.45025435835123 2124.067006383091 5480.588228754699 347.4094697386026 2104.843696378171 10594.66456649452 6.828461781144142 172.0884734839201 3423.548711881042 23422.58169757575 2562.66164373979 14267.61420455575 0.08613313734531403 10.21167420595884 1093.234560966492 894.8524963930249 274.3093693181872 4222.896920263767 385.5536830201745 2223.610851764679 1061.023770436645 253.6431595385075 15.2640332877636 1.96658106893301 16.83031989634037 25.85087136924267 2.235573783516884 5.932894788682461 372.9189369380474 0 47.976473338902 594.0809709057212 43.1327057108283 891.9926718249917 299.5030664280057 0.3199315741658211 126.8184166923165 0.2000620812177658 65.20019613951445 10.37044787406921 128.1610572040081 0.4035337567329407 0.1333449184894562 0.1067322269082069 181.7781058773398 137.7545802146196 41.17156802117825 35.34476859122515 1971.126007266343 0 1.57983536273241 40.01361151784658 1535.644248373806 106.1425615027547 45.76889207959175 0 0.6191559210419655 5.774592354893684 20.26631142944098 5.263130821287632 207.4579106792808 7.967331171035767 52.36314386874437 26.90025486052036 57.02443767338991 2.784647352993488 0 1.754067115485668
2857.315855614841 3.605275742709637 843.5391815789044 197.3289897143841 504.8598146624863 642.6047983691096 1718.046883583069 2118.292909808457 114.7787960246205 1986.609193429351 125.8213000744581 150.0463603176177 90.05338933318853 5713.221828270704 3.584072038531303 8.4848418161273 484.5454061031342 21.06985826045275 138.6396391689777 403.0745265632868 299.2615161910653 5.458953499794006 863.2496545836329 1430.791071288288 19.60889049619436 604.8476237766445 245.1361665837467 2562.66164373979 19819.68999254331 12320.02750100195 3.064038537442684 1568.548420459032 2191.33459122479 3143.733799945563 53.98942644149065 1207.50525508821 108.1757021024823 3076.300056517124 914.8394900895655 288.8428858742118 174.9448399096727 10.32987979799509 10.78868834674358 1.779249794781208 1.73570504784584 0.832002766430378 18.30161787569523 0 4.721577860414982 110.401206150651 4.814811930060387 90.11711670458317 23.38612385094166 0.4850589111447334 7.085943005979061 0.091375432908535 9.117987550795078 0.6470210328698158 0.5522721484303474 0.08579730242490768 0 0.3608900159597397 7.576894506812096 2.316382825374603 0.5029862076044083 0.1007912307977676 219.1550615727901 0.3776823505759239 2.019959732890129 6.997515372931957 220.4431680850685 13.39697280526161 3.00250668823719 0 0 1.625208742916584 3.72599183768034 1.995455868542194 43.72199816256762 0.4979238137602806 9.726691424846649 7.176006510853767 5.059268079698086 0.3503974676132202 0.106596864759922 0.1435454785823822
