563.6113242954016 0.2198682799935341 42.51953087002039 0.4312375262379646 0.6657401993870735 10.57634080201387 1287.833592064679 611.8549572825432 1.051002115011215 45.5701870135963 3.176233783364296 0.632021002471447 0.7280142083764076 4874.814115725458 0 0.6118797585368156 156.4129586145282 1.592147462069988 19.1507922783494 2.469025485217571 62.6731743812561 0.8776883408427238 197.2794233188033 11.84135734289885 0 26.33704254776239 5.043991580605507 9.915881410241127 2773.09210453555 2549.216395422816 0 5.809946343302727 67.21900023519993 145.7762484997511 0 5.530222564935684 6.732631161808968 91.34154313057661 11.61041741073132 0.7771242409944534 1.723174780607224 0 0 0 0 0 0 0 0 0.6638035327196121 0 1.541018173098564 0 0 0 0 0.3211021646857262 0 1.879891708493233 0.3715631514787674 0 0 0 1.712818913161755 0.7995730116963387 0.3464591577649117 1.569361321628094 0 0.08501052856445312 0.5941072180867195 3.291901379823685 0.2472600340843201 0.6271948665380478 0 0 0 0 0 0.6823780089616776 0 1.082247644662857 0 0 0 0 0
0.2198682799935341 128.6827825009823 122.4093161374331 0 0 0.08956972509622574 1.406619973480701 0.1690491437911987 738.8733347207308 0.1866516694426537 98.68601630628109 0 695.6785092055798 0.3077448979020119 1.625769801437855 51.45857527107 67.24807044118643 3.724176861345768 11.40440681576729 0.1944691315293312 4.673774935305119 2046.162240505219 12.73154159635305 592.3579932823777 899.6745762228966 603.5538464561105 6722.104811571538 20.14696201682091 1.998208813369274 1.135054215788841 46.53536768257618 0 0.2096216008067131 15.61511696875095 1.412374064326286 46.22230769693851 33.81985798478127 41.94165936857462 15.06511518359184 6.288438342511654 0.06608118861913681 35.52232366800308 0.6341913416981697 0.2543839514255524 58.64255525916815 152.9657693207264 0.09719668328762054 0 0 0.9917495772242546 0.1472056806087494 12.7365548312664 0 0.9584659710526466 0 49.56557521224022 0.09601278603076935 0 2.549129381775856 34.3235567510128 0.7298139110207558 24.37854164838791 0 0.9144372269511223 31.10497542470694 11.6878769993782 3.943078942596912 64.73725206404924 281.0829949527979 2628.729771107435 2.862256422638893 0.281898520886898 0.3523114025592804 2.168104648590088 0 0 5.02228894084692 0.119256928563118 18.52044620364904 31.66062939167023 11.08841560035944 7.004678636789322 0.3259975612163544 0 0.5804314613342285 0
42.51953087002039 122.4093161374331 3840.162554077804 11.86691038310528 0.6505700275301933 74.734344471246 1228.999324571341 520.5271876007318 135.2126083150506 67.62956489622593 18.37879372015595 1.356753624975681 5.838746003806591 404.3151565343142 0.4867182672023773 143.0831197053194 3186.941269434988 11.05689358711243 217.0614165365696 13.07725530862808 1644.257198020816 196.5865678489208 14913.04537770152 268.7971920967102 3.267814740538597 5487.848245549947 4234.511344514787 859.2145444229245 127.2163855619729 216.2602417767048 0.1384762972593307 5.779167775064707 7.681193895637989 512.5792711637914 19.45194932073355 1057.37627575919 1907.997301742435 1360.025080721825 505.8147484362125 25.47607927024364 2.870566472411156 5.670328333973885 4.448526434600353 1.097797468304634 49.62140680849552 1346.127567857504 0.4636481255292892 0 0.08802562952041626 44.87956131249666 10.71932579576969 3.878490902483463 0.1074777618050575 1.33957314491272 0 1.120715029537678 9.676628448069096 0.09418698400259018 5.506761744618416 194.8308504968882 0.5566151589155197 24.59177525341511 0 6.284510560333729 33.82522664964199 322.3653963729739 4.569475896656513 2.190466031432152 118.9074154272676 2924.802682854235 9.188898213207722 6.260984018445015 12.43953901529312 0.1431325674057007 0.2413781210780144 0 38.88119970262051 6.062961742281914 92.23716180026531 49.45275143533945 140.6093555912375 47.04935876280069 1.519090339541435 0.09956774860620499 0.3345625996589661 0
0.4312375262379646 0 11.86691038310528 4394.507355421782 0 20.53866048902273 391.646633900702 11.15962029993534 1315.544761508703 3211.721211202443 1.129004061222076 432.2972281649709 2.987378790974617 19.50785631686449 25.41591612994671 0 0.5394419953227043 0.1695540323853493 0.7371746450662613 4680.143640078604 0.7515040561556816 0.2343504056334496 5.942506156861782 2818.15008867532 0 2.856422260403633 3.879217691719532 4067.075005121529 59.80222307890654 2.571014724671841 0 1.081802517175674 18.92902139574289 17.11077878624201 4.729682646691799 199.3375036269426 2.458199687302113 79.22955333441496 41.65583921223879 85.24381357431412 12.19512002915144 0.8592682629823685 6.399287134408951 0.4068391621112823 0 0.1675297021865845 252.2455411329865 0.07320518791675568 34.16844219714403 98.25267472118139 18.44496349990368 181.5998280793428 364.366200812161 3.454259108752012 200.5908172801137 0.4655694141983986 9.518735140562057 12.90003471821547 1.016671977937222 0.09607328474521637 0 0.162653312087059 182.9340223371983 0.6438545510172844 0.2536164298653603 1.073665924370289 281.0548299774528 0 0.09167639166116714 0.8992328569293022 372.164214387536 9.1371790766716 8.077476114034653 0.117092527449131 0.3364041522145271 0.1402712464332581 5.832435451447964 1.778786286711693 22.88250253349543 1.158006444573402 16.925661675632 5.106239378452301 62.76025401428342 4.648643992841244 1.545354962348938 0.1060432344675064
0.6657401993870735 0 0.6505700275301933 0 33.36448854207993 378.9314825981855 6.133144959807396 140.0510909110308 21.24110218882561 15.30548286437988 44.29842787981033 72.05943068861961 48.96406728029251 7.54097057133913 1048.428900316358 0.2819330394268036 0.9093400985002518 0.8573237583041191 0.7421379834413528 7.851351737976074 0.2366598471999168 0 1.403121821582317 6.909167617559433 2.022016927599907 2.813550375401974 1.480200998485088 3.679129049181938 350.3216273039579 1.460166998207569 0 836.0981849730015 0 355.5523955374956 4.64419724047184 195.6995184794068 13.98594655096531 834.4708203226328 217.7357729226351 1048.588695146143 372.7162153571844 7.196473337709904 5.198588944971561 0 0 0 0.2277985215187073 0 0 0.5000777021050453 0.3044875264167786 0.1180838495492935 0.2825988233089447 0 0.1550714522600174 0 0 0 0.4161812663078308 0.7201769351959229 0 0 0 0 0 0 3.625570595264435 0 0.344272717833519 0.1009171530604362 0.5702360048890114 0 0 0 0 0 0.8740509152412415 0.3589361011981964 1.47671739757061 0 0 0 0 0 0 0
10.57634080201387 0.08956972509622574 74.734344471246 20.53866048902273 378.9314825981855 8436.163621861488 3204.737140025944 7702.898165859282 98.14817900955677 9732.48137024045 269.3785335682333 2801.41729908064 59.84058226644993 1551.121699463576 1328.521041102707 0.7270251885056496 18.06887720897794 23.52669535949826 30.76506283134222 1026.081207089126 7.717302292585373 1.380115680396557 64.97708983719349 201.9171732291579 7.771886013448238 72.92174069955945 34.37326008826494 423.8878790736198 1225.622338265181 53.96877723932266 0.09088976681232452 2215.14871224761 19.17929605394602 1021.941145710647 8.39820621907711 469.4957064315677 52.29815915599465 1316.812659054995 251.7172843366861 2991.730642452836 395.1518774554133 19.40596574544907 7.917185463011265 0 0 0.8425770103931427 22.12253182381392 0 7.126599036157131 47.04403714835644 4.165216468274593 17.26425362378359 34.42075833678246 0.5422656312584877 35.62870857864618 5.161940686404705 3.472665347158909 3.216238215565681 3.584614492952824 0 0.1841080188751221 0 18.37975524365902 1.439248770475388 1.225636035203934 3.423614740371704 59.42343766987324 0.1884548962116241 0.5632316842675209 2.222826965153217 111.2651106491685 6.720755018293858 2.363597095012665 0 0 0.36589714884758 1.546004146337509 1.98674464225769 12.63675239682198 0.7281366661190987 5.512874394655228 4.222724072635174 34.29266114532948 0.4581240862607956 0.08564318716526031 0
1287.833592064679 1.406619973480701 1228.999324571341 391.646633900702 6.133144959807396 3204.737140025944 12519.96727691591 3634.400488030165 103.5544167757034 10275.52736598626 27.06531335040927 94.16671435534954 4.103375472128391 4394.147345513105 0.7753847613930702 17.80218548327684 206.2799226716161 3.988692037761211 19.81209514290094 555.1710931658745 374.3455418497324 18.94485059380531 1609.998482979834 1227.871322661638 0.5829512402415276 278.59206770733 142.7028541788459 18178.6499983035 980.1942008398473 6360.932511903346 0 26.99614056199789 217.1558370441198 365.5934034250677 34.93992263823748 1223.325437828898 77.4312502220273 1107.79509203881 583.9936296790838 69.07057205587626 106.4271072223783 2.447359830141068 16.19083258509636 2.879194401204586 0.2257307469844818 10.4621404260397 18.07253366708755 0.1977557241916656 4.447613723576069 88.02604983747005 7.361778408288956 36.03187039494514 24.31651032716036 1.978028610348701 2.338498771190643 0.1625701114535332 7.288986295461655 0.2262066081166267 36.59848181158304 1.456283189356327 0 0.2239612340927124 10.2805685326457 18.71891947090626 10.58394280076027 73.08860604465008 144.4773825779557 0 1.406356863677502 32.5498958453536 240.7023523449898 21.49631021171808 29.91642675548792 0.1508054435253143 0.09337939321994781 1.880481988191605 4.356930688023567 6.111586503684521 40.75138736516237 0.9995357841253281 22.26916855573654 6.967599079012871 12.21067894250154 2.107861183583736 0 0.1295209378004074
611.8549572825432 0.1690491437911987 520.5271876007318 11.15962029993534 140.0510909110308 7702.898165859282 3634.400488030165 12784.8129888922 27.86893948167562 2691.436014845967 180.1014116033912 548.1101525090635 35.75198482722044 7736.250461090356 554.3274364471436 4.362189136445522 568.358532436192 15.43513219803572 93.22293865680695 238.9917532540858 127.2808041088283 2.234166659414768 826.0207202471793 149.188192140311 5.719629511237144 335.9232790842652 64.71920334547758 176.7836120128632 1959.327669382095 904.7321424931288 0.0817786380648613 2352.067623037845 12.5019793510437 773.6920481286943 6.034654915332794 403.6319893784821 65.23548684641719 1033.504755862057 255.9115193262696 894.1551861204207 110.3775783404708 10.13924643397331 6.032749332487583 2.776017069816589 0.2427445128560066 5.801850095391273 7.93631449341774 0 4.150063298642635 94.25246940553188 3.422226399183273 18.66169621050358 19.15843970328569 0.3787081465125084 1.545932680368423 0.8547822535037994 8.86411590129137 0 4.864565245807171 0.3543494716286659 0 0 8.516841635107994 3.538208015263081 1.303149297833443 5.667592100799084 114.0829366743565 0.1258325129747391 0.7971755862236023 8.022899992763996 159.8364018797874 13.42744687944651 11.09005768597126 0 0 1.687802471220493 1.862274087965488 1.982365183532238 22.06193125247955 0.9207342267036438 13.4572322294116 2.931510508060455 5.117664217948914 1.105032525956631 0.1353811621665955 0
1.051002115011215 738.8733347207308 135.2126083150506 1315.544761508703 21.24110218882561 98.14817900955677 103.5544167757034 27.86893948167562 882.8748468831182 300.7799739465117 4.314019419252872 399.2299451008439 14.29062001407146 8.856538258492947 636.2214240655303 35.84828540682793 54.42068035900593 0.7405471801757812 6.736310377717018 1070.613997407258 23.34580689668655 3170.472078517079 98.4509010463953 6736.945985764265 47.90190610289574 35.13542623072863 817.0331964716315 1171.200389586389 44.93988680839539 83.36947041749954 1.330136574804783 2.268763363361359 12.57885402441025 39.03457642346621 6.89824116975069 372.7319382205606 24.12918775528669 112.4705673530698 66.98896291106939 705.714062333107 8.692073538899422 7.419085204601288 1.431987963616848 9.260976299643517 5.192011140286922 11.40774942189455 444.7708101570606 0.63096022605896 75.70621687173843 299.8555682376027 29.24660736322403 317.1822810396552 376.7962406016886 8.974424466490746 469.4569544792175 0.5001263022422791 21.35354074463248 76.37919846177101 356.1099547669291 2.251567617058754 0 1.406108841300011 209.3553578704596 183.8828459829092 67.78995645046234 151.4338157474995 1694.968655578792 0.6696314439177513 7.970231704413891 76.27257738262415 1198.446161970496 74.61987612396479 94.04921795427799 0.2744894623756409 0.857241578400135 6.717388086020947 16.16829336434603 8.479225397109985 98.42648672312498 2.109905764460564 43.45720787346363 16.29721841961145 261.8460916429758 3.835467509925365 0.873352974653244 2.248152002692223
45.5701870135963 0.1866516694426537 67.62956489622593 3211.721211202443 15.30548286437988 9732.48137024045 10275.52736598626 2691.436014845967 300.7799739465117 26837.62628871575 78.11806842684746 6488.548050053418 11.15071185678244 1053.032146099955 9.179267503321171 1.300927072763443 12.88046446442604 10.79709922894835 14.57326287776232 7981.856478139758 6.745424285531044 0.905542403459549 48.36071883887053 699.5396869555116 1.680147632956505 43.98520518839359 21.53866785019636 4785.722772717476 604.7695839554071 35.03429536893964 0.1344303786754608 67.35387750342488 47.28472932428122 351.9958429895341 10.85662392526865 589.3060316629708 21.4793335236609 737.1694840602577 194.8791635036469 171.5625546649098 124.5093210339546 3.637238696217537 15.57951503992081 0.2825419157743454 0 0.960643544793129 113.5012746974826 0.1902882605791092 23.69229412823915 117.983740478754 20.07318064570427 67.3533358797431 149.8133464939892 1.102166593074799 116.8615749254823 1.059488601982594 10.04042106121778 2.593139305710793 1.972840465605259 0.09915828704833984 0 0 72.96564074605703 1.416103512048721 0.9361301138997078 3.771744981408119 180.0899644941092 0.20461705327034 0.1565723270177841 1.677752949297428 309.722784884274 11.55867531895638 2.311304315924644 0 0.6982114166021347 0.2996375560760498 7.350538328289986 1.085354030132294 26.67661148309708 0.352781280875206 19.98830313980579 4.823685631155968 26.31123491376638 1.870902672410011 0.08191473037004471 0
3.176233783364296 98.68601630628109 18.37879372015595 1.129004061222076 44.29842787981033 269.3785335682333 27.06531335040927 180.1014116033912 4.314019419252872 78.11806842684746 11706.75998997688 93.25702936574817 4081.144690603018 91.47831520810723 0.1628860384225845 1.579212091863155 295.7323214039207 5037.063525550067 1021.821937877685 35.8324406966567 7.356933303177357 9.364429228007793 25.85269825905561 17.90993338823318 863.4678127095103 3433.104535035789 1270.007265307009 13.02586149424314 249.3191850632429 18.48634470999241 371.7532979846001 165.2720960602164 1.320658944547176 4491.889295879751 8.330752909183502 584.0363287478685 4352.360876895487 6139.402293644845 1186.096152245998 110.9764309078455 51.05530262738466 2524.496768929064 2.889090098440647 0 4.175166316330433 2.074943609535694 0.06621874123811722 0 0.2169172689318657 3.562019631266594 0.3590560629963875 0 0.2188093066215515 187.6354859769344 0 905.1962013319135 0.8139019981026649 0 0.1989783942699432 1.221264362335205 6.462434455752373 1.523940578103065 0.08836375921964645 0.08861620724201202 0.8132083043456078 1.6276735663414 4.240043990314007 113.4098755940795 200.5129833742976 295.9732825830579 9.897494606673717 0.4049767479300499 1.752633452415466 122.1590370312333 0.1008121967315674 0.10227020829916 0.2930170521140099 9.27091558277607 7.865940660238266 212.0317875146866 7.749380432069302 1.133876658976078 0 0.1361596584320068 22.72208482027054 0.1385415643453598
0.632021002471447 0 1.356753624975681 432.2972281649709 72.05943068861961 2801.41729908064 94.16671435534954 548.1101525090635 399.2299451008439 6488.548050053418 93.25702936574817 10297.02324977517 27.21762625128031 526.2567634060979 1262.01524155587 0.1452409997582436 2.761048637330532 9.923841074109077 10.91108494251966 6254.927917279303 0.3208572417497635 1.047188274562359 2.491286914795637 523.0325654223561 1.844228610396385 22.98963534459472 12.4058041125536 281.3095394000411 417.7317055650055 1.67339838668704 0.2589802369475365 99.57016989961267 1.906266883015633 393.0217386335135 1.894988149404526 183.4247554764152 18.31058234721422 419.2961892783642 56.35977591201663 2976.946009516716 56.28399293124676 50.92872938513756 0.6416797339916229 0.5315547585487366 0 0.1346001476049423 95.68916451185942 0.5954485237598419 33.44348218291998 67.37078440189362 12.16194653511047 100.5444366261363 127.6325120851398 29.46993868798018 428.9542407095432 0.2662591263651848 6.665247313678265 58.17922656983137 0 0 0 0 102.7461547777057 0.2057051062583923 0.6165023371577263 1.121489435434341 120.4996703863144 0 0.5852493569254875 0.922428622841835 132.1731813848019 7.967843949794769 10.0270848274231 0.2571607530117035 0.3324164301156998 0.08258748799562454 5.503562189638615 1.841574549674988 33.45779040455818 4.233064576983452 8.552740335464478 8.809089601039886 234.0311182513833 1.822995245456696 27.40173637866974 1.569827437400818
0.7280142083764076 695.6785092055798 5.838746003806591 2.987378790974617 48.96406728029251 59.84058226644993 4.103375472128391 35.75198482722044 14.29062001407146 11.15071185678244 4081.144690603018 27.21762625128031 4583.785930551589 6.500023938715458 3.216506749391556 4.963120125234127 17.64032558351755 186.1269346103072 12.29870437830687 12.13215061277151 5.873504757881165 76.76049643754959 14.35150797665119 20.86507848650217 4051.433013305068 1304.224122129381 5765.164122253656 6.785164907574654 20.12971200793982 3.140206873416901 971.8803611174226 31.17055083066225 0 607.5029270388186 45.60596788674593 1336.896143190563 6875.630528323352 3673.075647555292 745.6359152644873 129.4468937292695 114.6355466842651 2037.110125221312 11.67967431992292 0 92.12492524832487 4.652332656085491 0 0 0 2.709861755371094 1.309803821146488 0 0 735.4923407286406 0.1930384263396263 3458.220171511173 0.2012404426932335 0 0.4910682886838913 1.301947712898254 15.22349094599485 3.703929260373116 0 0.3559589087963104 1.683162212371826 1.151990681886673 3.489838257431984 730.5606247633696 499.925142608583 1118.667880699039 4.611729107797146 0.1695377379655838 1.000918358564377 343.6161319613457 0.3595239520072937 0 2.922416307032108 26.32675906270742 223.8509799540043 594.9860234931111 76.87677235156298 36.14160165190697 66.51457118988037 10.78927354514599 129.1629225313663 11.26658433675766
4874.814115725458 0.3077448979020119 404.3151565343142 19.50785631686449 7.54097057133913 1551.121699463576 4394.147345513105 7736.250461090356 8.856538258492947 1053.032146099955 91.47831520810723 526.2567634060979 6.500023938715458 6525.321591001004 33.43156567215919 6.322415165603161 752.025798369199 16.35000344738364 120.8729480728507 304.4002671614289 162.5148882567883 7.782221876084805 887.327327080071 138.857944086194 1.732781022787094 273.7031994201243 46.74275847524405 183.6445214673877 5240.060724377632 2846.10541729629 0.3768750876188278 83.24098203703761 94.28087121248245 669.3252385929227 2.832295358181 305.5479474924505 44.79450342059135 565.7921617217362 139.8880638629198 250.8014107048512 24.37896849215031 1.475638084113598 1.32975161075592 2.407240085303783 0 2.410373948514462 2.129895359277725 0 0.2644823715090752 33.16295409202576 1.779821563512087 5.13819844275713 4.328268531709909 0.6039868295192719 0.5668859854340553 0.6536685302853584 2.455490231513977 0 8.446747489273548 0 0 0.09159396588802338 1.15118370950222 8.185498543083668 2.140157841145992 3.451811924576759 44.11405006796122 0 0.5580090060830116 4.155479595065117 74.88462010398507 8.149606812745333 11.86453162133694 0 0 0.174409881234169 1.450941763818264 1.787783294916153 11.1982693374157 0.4110270962119102 4.868796423077583 0.5650453045964241 2.177348345518112 0.5314286649227142 0 0
0 1.625769801437855 0.4867182672023773 25.41591612994671 1048.428900316358 1328.521041102707 0.7753847613930702 554.3274364471436 636.2214240655303 9.179267503321171 0.1628860384225845 1262.01524155587 3.216506749391556 33.43156567215919 433.2965959757566 0.2314995676279068 0.1319441050291061 0 0.240765169262886 14.58600411564112 0 15.09517000615597 0.07513191550970078 203.2737218141556 0.1321011781692505 0.09517338126897812 2.646686092019081 3.757114320993423 134.5841395333409 0.09593521058559418 0 733.5215215459466 0 237.4333986192942 0 2.550102174282074 0.2363084107637405 9.59702031314373 1.210384741425514 1679.348813414574 178.8163667917252 0 0 0 0 0.1511639058589935 2.955671176314354 0 2.692654356360435 0 0.448052890598774 7.037211641669273 2.387511380016804 0 11.62218721210957 0 0.1482669115066528 2.169103816151619 0.2998568266630173 0 0 0 0.9443842768669128 0.1547450721263885 1.253595344722271 0 2.362574532628059 0 0 0.5659143105149269 2.609593108296394 1.017114043235779 0 0 0 0 0 0 0 0 0.6818287968635559 0.2016170173883438 13.38606488704681 0 0 0
0.6118797585368156 51.45857527107 143.0831197053194 0 0.2819330394268036 0.7270251885056496 17.80218548327684 4.362189136445522 35.84828540682793 1.300927072763443 1.579212091863155 0.1452409997582436 4.963120125234127 6.322415165603161 0.2314995676279068 2573.703186511993 59.91724681854248 0.925801545381546 10.48578452318907 0.8526157140731812 1697.976963296533 2303.595642887056 3262.441853947937 1814.493826627731 4.393410533666611 18.079739138484 2341.499775506556 1446.927043452859 38.43065695464611 57.84186710417271 0.2430806159973145 0.3196505829691887 8.985438026487827 113.0608804896474 32.89551283419132 1135.970391206443 427.3635155707598 599.888110421598 792.4047299772501 43.21993640065193 3.256284095346928 2.238103985786438 5.34275795519352 0.7957915440201759 1.436826519668102 36.09138258546591 0.5968401357531548 0 0.5496553406119347 22.9192401021719 1.615597978234291 6.451131366193295 1.079777434468269 0.06212114542722702 0 0.2253026813268661 1.287124261260033 0 912.562565676868 4.837280675768852 0.08915422856807709 1.441064648330212 0 341.1494626328349 399.7767029628158 1320.870361432433 83.80338065326214 0.2135626897215843 5.063890986144543 342.6137145385146 137.7808229923248 6.515552267432213 45.28037334233522 0 0 0.9350127205252647 3.411470577120781 8.829854175448418 38.12152767181396 6.900429837405682 19.50185649842024 17.76159806549549 2.586361728608608 0.5831722542643547 0 0
156.4129586145282 67.24807044118643 3186.941269434988 0.5394419953227043 0.9093400985002518 18.06887720897794 206.2799226716161 568.358532436192 54.42068035900593 12.88046446442604 295.7323214039207 2.761048637330532 17.64032558351755 752.025798369199 0.1319441050291061 59.91724681854248 668.6146934181452 475.4873613342643 3478.095756299794 2.812386348843575 623.9092599600554 94.38503293693066 2910.032685697079 84.11119800060987 10.02084027975798 6577.551438454539 5083.438027624041 113.4632806777954 685.0181095302105 1246.748233359307 1.58584413677454 13.33142122626305 34.12176585942507 2349.826201185584 11.10707491636276 599.7498748674989 2709.754026241601 1263.605733457953 444.0169125124812 16.15574304759502 10.97982285916805 21.74656649678946 2.226298935711384 0.1981750726699829 5.652410447597504 174.1079320162535 0.2823340594768524 0 0 3.78879901766777 0.7908164411783218 1.646774098277092 0.1002383977174759 0 0 0.4517694339156151 0.3049357160925865 0 4.434766121208668 56.23814614117146 0.09252339601516724 11.06110787391663 0 2.118833467364311 8.020004838705063 27.54818269610405 3.505006097257137 0.1820177510380745 62.51620040088892 327.6680231466889 6.307310096919537 0.7070201635360718 1.65724091976881 1.035884000360966 0 0 4.913599342107773 2.597544342279434 13.92877639085054 9.969446443021297 13.47345016896725 5.091339237987995 0.2965250313282013 0.2601480185985565 0.245477169752121 0
1.592147462069988 3.724176861345768 11.05689358711243 0.1695540323853493 0.8573237583041191 23.52669535949826 3.988692037761211 15.43513219803572 0.7405471801757812 10.79709922894835 5037.063525550067 9.923841074109077 186.1269346103072 16.35000344738364 0 0.925801545381546 475.4873613342643 313.796559844166 1409.355586554855 3.203643575310707 3.590878017246723 1.67990892380476 9.455293036997318 1.759378250688314 76.46611256152391 4467.854746177793 2234.508213169873 2.859566040337086 22.55028876662254 6.759608007967472 178.2389830425382 10.71978694945574 0.582925409078598 1280.326110675931 9.138769440352917 322.7423510625958 627.3176947757602 1325.967294752598 508.1035810485482 11.33425978571177 5.671825461089611 8.939512006938457 1.386143825948238 0 1.370078630745411 2.541017860174179 0 0 0 0.5191164016723633 0 0.3559428453445435 0 6.13751994073391 0 52.94435359537601 0.1139227524399757 0 0 0.9210644960403442 2.906547650694847 2.587525345385075 0 0.08558753132820129 0 0 0.4852057322859764 7.008005693554878 125.3573780655861 108.2921909540892 1.013775750994682 0 0 17.13320448249578 0 0 0.5919281914830208 5.565236762166023 1.815961368381977 5.959905691444874 1.137154340744019 1.929042272269726 0 0.3005108237266541 0.1146791875362396 0
19.1507922783494 11.40440681576729 217.0614165365696 0.7371746450662613 0.7421379834413528 30.76506283134222 19.81209514290094 93.22293865680695 6.736310377717018 14.57326287776232 1021.821937877685 10.91108494251966 12.29870437830687 120.8729480728507 0.240765169262886 10.48578452318907 3478.095756299794 1409.355586554855 1847.249091282487 3.939495027065277 42.71025977283716 11.49632596224546 290.0774495527148 11.04499240964651 26.52579373121262 4773.130754284561 1972.400789238513 16.62812158465385 132.344532713294 127.8977635726333 5.151197172701359 15.61102130636573 5.876641981303692 3826.334898091853 11.79438427090645 572.1190612912178 1070.681494295597 2085.025358662009 551.4620989188552 14.92128214985132 6.912452585995197 12.28277488797903 1.574692912399769 0.1007830277085304 2.940019272267818 22.89294881373644 0.09403019398450851 0 0 0.2446800991892815 0.09188183397054672 0.08297052979469299 0 1.039277814328671 0.1487491503357887 15.8747129663825 0.07834071666002274 0 0.2798801958560944 13.92540870606899 0.8652519062161446 11.57341629266739 0 0 1.084558084607124 3.950244352221489 1.682086132466793 3.721449218690395 144.8876168504357 152.2467674762011 0.608150877058506 0.1399514228105545 0.1342058777809143 3.907929807901382 0 0 1.633738979697227 2.476727493107319 4.111772499978542 8.141210801899433 2.195386119186878 2.169145382940769 0 0 0 0
2.469025485217571 0.1944691315293312 13.07725530862808 4680.143640078604 7.851351737976074 1026.081207089126 555.1710931658745 238.9917532540858 1070.613997407258 7981.856478139758 35.8324406966567 6254.927917279303 12.13215061277151 304.4002671614289 14.58600411564112 0.8526157140731812 2.812386348843575 3.203643575310707 3.939495027065277 1237.828496873379 1.226753696799278 0.1347819864749908 7.413250371813774 1623.382630310953 0.4687418043613434 12.24167572706938 6.296935521066189 5239.514278955758 303.1951953619719 4.754514239728451 0 27.69333724677563 20.40810386091471 192.9278823360801 7.337076038122177 622.5564852282405 10.12890350073576 474.7425031140447 137.7177920937538 240.7621977329254 99.69944782555103 4.13361132144928 22.28874320536852 0.8146659433841705 0.112787589430809 0.4072535037994385 348.0578744262457 0.5360606536269188 75.165417522192 275.92723120749 50.70362567901611 212.1415335386992 498.0309790298343 10.59659661352634 317.8623898774385 1.304869830608368 29.63878607749939 17.27197346836329 0.2999358847737312 0.3170225620269775 0.6218006312847137 0.176045797765255 234.3067318573594 1.046059630811214 0.6753705590963364 2.093434639275074 496.2567969933152 0 2.346528969705105 1.392684325575829 827.8471598848701 24.00485698878765 12.75634009391069 0 0.7705630511045456 0.8051886335015297 13.54908856749535 8.056200593709946 80.85653358697891 0.7201274409890175 64.60382805764675 17.06912199407816 104.8841445744038 7.252824328839779 0 2.060796096920967
62.6731743812561 4.673774935305119 1644.257198020816 0.7515040561556816 0.2366598471999168 7.717302292585373 374.3455418497324 127.2808041088283 23.34580689668655 6.745424285531044 7.356933303177357 0.3208572417497635 5.873504757881165 162.5148882567883 0 1697.976963296533 623.9092599600554 3.590878017246723 42.71025977283716 1.226753696799278 12996.46162860841 291.1927219554782 20335.05401878804 597.305566906929 0.9239550605416298 344.4200593307614 600.2551506981254 7078.687527857721 281.4012644998729 7278.958171002567 0.1014757677912712 2.690953262150288 20.32837385684252 3115.336995854974 139.3775019869208 2774.209876544774 1117.452298246324 3661.121682822704 3151.497105501592 90.62440618127584 9.130217351019382 5.967763029038906 19.21917274594307 0.3018795624375343 0.136850968003273 16.62960278987885 0.4621762186288834 0 0.1027496233582497 4.37865974009037 0.3082991912961006 2.218834474682808 0.2103138715028763 0 0.0761062353849411 0 1.651548817753792 0 368.9440979883075 3.949107646942139 0 1.133216962218285 0.736025258898735 337.3198601678014 110.4511428773403 381.5342046171427 65.88802563399076 0 1.38157707452774 70.90760890394449 108.7244840189815 5.962085403501987 51.44637289643288 0 0 1.590236283838749 4.155706763267517 19.65270139276981 27.60543268918991 3.332162402570248 5.857217624783516 4.824424870312214 0.152281865477562 0.2215555310249329 0 0.2047447860240936
0.8776883408427238 2046.162240505219 196.5865678489208 0.2343504056334496 0 1.380115680396557 18.94485059380531 2.234166659414768 3170.472078517079 0.905542403459549 9.364429228007793 1.047188274562359 76.76049643754959 7.782221876084805 15.09517000615597 2303.595642887056 94.38503293693066 1.67990892380476 11.49632596224546 0.1347819864749908 291.1927219554782 2127.333185844123 819.054269656539 6004.319932237267 281.1742444783449 77.34340154379606 4071.75057637319 350.1880799680948 105.5849542096257 106.1275549605489 8.00969035923481 0.1805315464735031 31.16526430100203 78.34888928383589 9.238170243799686 491.6287408322096 255.501803509891 200.3266775533557 168.2798020988703 68.25269103050232 0.7555094808340073 3.163998261094093 4.442111931741238 0.6198704987764359 66.54832319915295 268.1981516852975 1.113036938011646 0.2174617797136307 0.9863561019301414 36.34565936028957 2.570859968662262 30.67061734944582 1.9094353094697 0.8543687164783478 0 1.087395876646042 1.371810637414455 0 972.8122113421559 11.8524664118886 0.1951606795191765 3.267699241638184 0.1320773214101791 144.8328951150179 251.4925687462091 1443.289577156305 179.6303884014487 3.470026880502701 44.55056655406952 2541.15458843112 78.63213670998812 2.62667141109705 16.50292871147394 0.159001350402832 0 0.3815410509705544 8.160984165966511 6.886154741048813 63.16013884544373 17.37358260154724 45.28855986893177 31.59951213002205 2.16263011097908 0.2349403724074364 0.1441792696714401 0.8449096232652664
197.2794233188033 12.73154159635305 14913.04537770152 5.942506156861782 1.403121821582317 64.97708983719349 1609.998482979834 826.0207202471793 98.4509010463953 48.36071883887053 25.85269825905561 2.491286914795637 14.35150797665119 887.327327080071 0.07513191550970078 3262.441853947937 2910.032685697079 9.455293036997318 290.0774495527148 7.413250371813774 20335.05401878804 819.054269656539 15220.69789191335 780.0416593551636 2.460029900074005 1555.760341785848 7622.231111727655 3668.382548868656 516.3577911667526 3678.954065680504 0 9.135553322732449 31.02439443767071 3437.042005218565 110.9092973694205 4293.276733964682 4995.868215568364 5864.162403829396 4992.924245156348 232.3529299423099 18.22842918336391 20.90927039086819 35.15909858047962 0.2184803560376167 3.99009844660759 399.3414154052734 0.4365439862012863 0 1.2876141294837 66.76814618706703 3.786842122673988 2.980682902038097 4.116665661334991 2.058560997247696 0 0.7123436108231544 1.762649245560169 0 1100.569989398122 12.23945402354002 0.2828065454959869 3.57730346173048 0.4563218876719475 202.7246077507734 352.0979228019714 2827.472050964832 31.32944333553314 0.0952766165137291 22.3446471914649 1446.721598014235 53.15475198626518 3.941793527454138 20.30842773616314 0.1190875396132469 0 1.097628869116306 18.32102734968066 31.20146609842777 130.945643261075 38.70985834673047 96.02285493165255 61.8490149602294 3.964100494980812 0.2396612837910652 1.206444218754768 3.180817827582359
11.84135734289885 592.3579932823777 268.7971920967102 2818.15008867532 6.909167617559433 201.9171732291579 1227.871322661638 149.188192140311 6736.945985764265 699.5396869555116 17.90993338823318 523.0325654223561 20.86507848650217 138.857944086194 203.2737218141556 1814.493826627731 84.11119800060987 1.759378250688314 11.04499240964651 1623.382630310953 597.305566906929 6004.319932237267 780.0416593551636 8636.404876526445 47.36413222551346 56.37533658742905 1963.752254299819 6413.775985199958 543.2843360304832 860.3613028898835 2.518774978816509 13.88235087692738 175.9349238798022 324.3451509028673 97.05944161862135 3937.678354866803 244.9373803511262 1107.394202984869 843.6121049523354 752.1447771713138 98.26920988410711 25.59888441860676 41.58476349711418 28.00692093372345 5.209663517773151 21.65052729099989 292.6523113623261 2.805564239621162 57.22653229534626 698.8600898906589 70.09822276607156 1026.474744960666 345.9445130340755 22.4572577252984 232.2389492504299 9.004359148442745 73.60480370372534 26.23584016412497 612.7867589220405 8.648604154586792 0.9147864282131195 2.778695166110992 181.4465389177203 472.5759795755148 366.7346473708749 386.4084907472134 2049.749612495303 0.3760553523898125 11.13022046536207 119.7244955375791 2374.826460495591 197.8319738358259 312.9037042781711 0.2107175141572952 2.899491794407368 17.36845027655363 49.11624290049076 19.58230721950531 249.1960454210639 8.523045800626278 113.881324224174 40.99409402906895 165.9292249903083 20.10735450685024 3.910294979810715 5.180608622729778
0 899.6745762228966 3.267814740538597 0 2.022016927599907 7.771886013448238 0.5829512402415276 5.719629511237144 47.90190610289574 1.680147632956505 863.4678127095103 1.844228610396385 4051.433013305068 1.732781022787094 0.1321011781692505 4.393410533666611 10.02084027975798 76.46611256152391 26.52579373121262 0.4687418043613434 0.9239550605416298 281.1742444783449 2.460029900074005 47.36413222551346 242.8838891983032 648.3697752729058 4788.056747630239 2.34284009039402 3.138378374278545 0.3691095635294914 308.389565333724 4.06777610629797 0 370.2347934693098 3.458180479705334 85.45443898439407 788.8740298897028 516.6607617810369 139.5356330573559 4.996176287531853 13.95295922458172 438.7065124362707 4.418487876653671 0 170.8878416419029 2.5600476115942 0 0 0 0.2002056166529655 0 0.4586205556988716 0.09466546773910522 170.4271950796247 3.869275331497192 1152.676188252866 0.1099580973386765 0 0.1744778007268906 1.074709542095661 2.526719398796558 2.813563354313374 0 0.1168109998106956 7.638136059045792 1.136542409658432 0.1250697076320648 187.0459100902081 191.7897473573685 703.2297982051969 0.138929046690464 0 0.4424640238285065 89.08409751951694 0 0 0.812769316136837 6.553930155932903 50.17279468476772 93.76014346629381 11.91404220461845 3.307531587779522 0.1387899369001389 0 35.89097021520138 0
26.33704254776239 603.5538464561105 5487.848245549947 2.856422260403633 2.813550375401974 72.92174069955945 278.59206770733 335.9232790842652 35.13542623072863 43.98520518839359 3433.104535035789 22.98963534459472 1304.224122129381 273.7031994201243 0.09517338126897812 18.079739138484 6577.551438454539 4467.854746177793 4773.130754284561 12.24167572706938 344.4200593307614 77.34340154379606 1555.760341785848 56.37533658742905 648.3697752729058 24434.91597403958 9317.14895632863 102.4541680440307 151.0671170353889 103.2370985746384 377.2974644079804 28.90591703355312 6.515371181070805 2591.696243926883 64.42720104008913 3088.184752378613 9630.997036963701 5242.284511014819 2066.425156705081 60.8425824791193 15.23756884783506 150.8147134259343 9.477012023329735 0.2878060340881348 164.3057267218828 613.7708139792085 0 0 0 5.853086888790131 1.005304180085659 2.125680439174175 0.252661794424057 134.2361227050424 0 1297.808482073247 0.6389728486537933 0 1.627965018153191 362.8866672366858 40.46879015862942 294.1012320443988 0 0.7019738182425499 10.46186883747578 16.24103913456202 3.758538879454136 299.0612608790398 4330.842240050435 5703.21966496855 2.792132012546062 2.154833488166332 1.8251563757658 330.8357725664973 0.423360101878643 0 25.41104260832071 23.81239928305149 56.60818199813366 230.0429207310081 73.1810492798686 25.92056062817574 1.165275022387505 0 9.479406163096428 0
5.043991580605507 6722.104811571538 4234.511344514787 3.879217691719532 1.480200998485088 34.37326008826494 142.7028541788459 64.71920334547758 817.0331964716315 21.53866785019636 1270.007265307009 12.4058041125536 5765.164122253656 46.74275847524405 2.646686092019081 2341.499775506556 5083.438027624041 2234.508213169873 1972.400789238513 6.296935521066189 600.2551506981254 4071.75057637319 7622.231111727655 1963.752254299819 4788.056747630239 9317.14895632863 24204.57818044722 984.9825623184443 42.98073559626937 32.31922865658998 1964.050970867276 14.18596789613366 1.429073862731457 2656.694619819522 108.8090273886919 5307.065714269876 4318.349297463894 6435.431188553572 3098.837241373956 148.0869478285313 16.09441365301609 48.02510633319616 27.90079884976149 1.566467508673668 864.7791413515806 2527.217699840665 0.2031076177954674 0 0.7318973913788795 66.77934993803501 13.35947843641043 14.45317284762859 3.894258245825768 42.64748178422451 0.07796544581651688 609.7331012785435 8.444532223045826 0 174.0165267214179 701.783192537725 33.80734145641327 366.0988016650081 0.3518085926771164 24.599414922297 311.2204879969358 1041.597778141499 15.91078223288059 473.9436821565032 5198.854867249727 14681.56533891708 21.39594592154026 7.832766771316528 20.70955371856689 162.0891199484468 0.245665431022644 0.4424771070480347 79.71215883642435 39.16970967501402 205.6002058237791 237.7217591777444 228.3718147203326 96.40767553448677 3.547373212873936 0.6621623486280441 13.52787201106548 1.213744379580021
9.915881410241127 20.14696201682091 859.2145444229245 4067.075005121529 3.679129049181938 423.8878790736198 18178.6499983035 176.7836120128632 1171.200389586389 4785.722772717476 13.02586149424314 281.3095394000411 6.785164907574654 183.6445214673877 3.757114320993423 1446.927043452859 113.4632806777954 2.859566040337086 16.62812158465385 5239.514278955758 7078.687527857721 350.1880799680948 3668.382548868656 6413.775985199958 2.34284009039402 102.4541680440307 984.9825623184443 17282.56654565781 566.8660859614611 10240.12981472909 0.5280356034636497 10.70553321391344 249.8942680731416 1048.463348023593 162.9022646844387 4073.571694947779 276.0997546687722 2458.371658354998 1904.557077631354 199.6460950821638 94.77458773553371 3.028015427291393 36.83251278847456 20.3637311719358 1.089732632040977 15.40106686204672 166.4215334355831 0.2185202911496162 28.69132227450609 417.7376431450248 38.188322853297 299.0017370432615 198.1019680313766 7.630315184593201 84.95228195935488 0.5571693740785122 51.86407963931561 3.485329732298851 341.2727761939168 5.941238947212696 0.2272457778453827 1.812888659536839 103.4620086029172 369.4966533705592 124.6677702143788 244.5521238222718 1024.994158640504 0 3.413603067398071 75.92218919843435 1338.151764042675 139.450548440218 231.3539701104164 0.3259367793798447 1.463832028210163 12.33667094260454 29.8675759062171 21.83839230984449 139.2637596949935 6.761909864842892 63.37576404958963 26.90643217414618 67.84282002598047 7.419225253164768 1.334002532064915 2.995872974395752
