700.4925262928009 0.3426022902131081 256.9118119291961 7.378904014825821 1.759207926690578 18.0638732612133 1972.920551914722 258.9537416473031 6.344426803290844 45.83183553814888 1.210874378681183 0.07572224736213684 0.3027125671505928 3989.384566038847 0.578397162258625 3.04877944290638 52.46163093298674 6.050228204578161 76.53640862554312 3.512797825038433 35.57843957841396 0.4794396013021469 152.9610382318497 90.53267180919647 0.136244036257267 226.9373657517135 44.48798945173621 144.4822437763214 2583.142681859434 2533.586664184928 0.1415959522128105 16.37633288651705 7.915364600718021 44.83518270403147 0 15.49754980951548 10.15251389890909 10.92988969385624 2.77121814340353 1.630546890199184 0.6679987162351608 0 0 0.1985775604844093 0.1881049796938896 0.1306076645851135 0.2585130408406258 0 0.5113164782524109 2.517502814531326 0.1865911334753036 3.425873778760433 1.070567712187767 0 0 0 0.3187445178627968 0 0 0.1823934018611908 0 0 0 0.6125185787677765 0 0 17.92509333789349 0 0.1253109276294708 1.8951216340065 14.55934927612543 1.773330397903919 2.37374584376812 0 0 0 0 0 1.58125876635313 0 0.9649534299969673 0.3740555346012115 0 0 0 0
0.3426022902131081 470.4361536949873 513.2764010727406 0.1434467136859894 0.5438129976391792 0.2519249618053436 5.429364003241062 1.02049995213747 829.9438593313098 0.1898313239216805 54.15902817249298 0.1532840430736542 198.6293363571167 1.375896863639355 8.567190870642662 74.014305151999 452.3646514564753 21.16523724794388 143.8436754867435 0 3.922802768647671 2901.805541627109 109.9661626964808 644.292197547853 1430.652411326766 592.459503389895 12418.71291781962 23.64635765552521 3.134515225887299 5.170582108199596 42.89653649926186 0.3491798117756844 0.4068550169467926 145.3948336541653 9.107479378581047 217.9429677799344 262.0920583233237 334.5696630403399 117.987134411931 11.9919785708189 0 83.0559072047472 0.1855481266975403 0.09009040892124176 52.287457883358 38.35907255113125 0 0 0 0.6594158262014389 0.1188942492008209 3.208974666893482 0.1485129147768021 8.994688384234905 0 8.432879447937012 0 0 1.122650146484375 47.28977873921394 7.018852576613426 43.94463600963354 0 0.1849846988916397 6.518155932426453 5.215979620814323 2.902154743671417 15.51249703764915 726.6723612844944 1639.032592512667 0.4671811461448669 0.2924672961235046 0.1104571744799614 9.413625501096249 0 0 25.90341001749039 0.8983441889286041 26.71777173876762 14.61528080701828 43.96455158293247 13.36622861027718 0 0 0 0
256.9118119291961 513.2764010727406 14272.3178120479 1.729837629944086 1.998381055891514 25.47024104371667 1823.947577420622 669.3485892005265 13.0907838344574 44.26880421489477 20.89626885950565 0.5645876713097095 3.095191977918148 931.4244531616569 0.6766786426305771 9.891715422272682 2123.463263124228 35.19963792711496 203.320373006165 0.9931714311242104 2422.98004925251 120.1086761653423 14525.8734882772 59.86732222139835 1.311696887016296 12211.37668858841 11225.3843017593 278.1559510678053 519.0620215311646 1505.727842666209 6.200363822281361 8.91511631757021 28.13010866194963 652.1845180541277 17.19456426799297 819.9846853390336 208.0420701876283 1717.76768155396 679.3397387936711 24.63013131916523 1.345283277332783 0.2571775913238525 2.505158759653568 0 269.7008764371276 199.9228367134929 0 0 0 4.08882225304842 0.365120530128479 2.662435255944729 0 1.463828966021538 0 0.1308643966913223 0.623701885342598 0 10.48752428591251 146.4646076634526 0.3474449515342712 14.45407841354609 0 2.014986768364906 65.72698894143105 31.37766545265913 19.23211441934109 1.380498260259628 546.3066548109055 1845.425056092441 9.465041473507881 0.9875645190477371 2.667381979525089 1.334617868065834 0 0 31.35215198993683 4.123597413301468 54.55941111594439 10.46412303298712 77.73561630398035 22.68655078113079 0.113153338432312 0.3349228203296661 0 0
7.378904014825821 0.1434467136859894 1.729837629944086 2588.047687418759 5.895392000675201 209.1100230440497 426.2747394815087 95.40008035302162 862.1103280186653 4693.645326323807 2.511966235935688 3603.857490561903 2.477451086044312 73.33254209905863 105.3612709641457 0 0.2882178723812103 0.941205233335495 0.6199632734060287 5573.000025734305 1.181372553110123 2.796269975602627 1.283792808651924 2352.01055187732 1.09141893684864 1.584542408585548 3.215253233909607 2492.973409570754 181.665098130703 3.242140077054501 0.3484199941158295 13.29350153356791 12.66975815594196 62.25952848792076 6.284556522965431 261.5899039283395 3.509003408253193 222.0682657286525 83.77280198782682 174.9358338564634 10.12145408987999 0 4.561063811182976 0.948073722422123 0 0.4480080008506775 225.9780777841806 0 27.67655450850725 121.6196158453822 12.64341175556183 135.356307990849 260.579953931272 0 276.5461971238256 0 7.848007559776306 5.573104158043861 0.1400240957736969 0.2693046629428864 0 0 125.2135518193245 1.171021908521652 0.2708240747451782 0.5628581345081329 311.9550623521209 0 0.4388758987188339 0.6767150238156319 212.5318011566997 19.13348963111639 0.3210426717996597 0 0.7793173640966415 0.6867660731077194 7.637434639036655 0.8994444608688354 45.83906770497561 0 20.2843719497323 6.321512281894684 123.0440681129694 0.7869267240166664 0 0.4971327483654022
1.759207926690578 0.5438129976391792 1.998381055891514 5.895392000675201 121.4381698295474 3088.688962005079 7.485244497656822 1252.99680557847 53.90306176245213 47.89528568834066 18.47339761257172 117.253315769136 18.73870598524809 68.18022373318672 2402.872983649373 0.1396472901105881 1.841767929494381 6.67578686773777 2.205607324838638 17.07996535301208 0.7229112163186073 0.584086574614048 2.984211787581444 23.97668567299843 2.247866913676262 8.145621940493584 7.455793038010597 5.605467416346073 322.2712646350265 2.54130132496357 0.9730415791273117 726.3214848563075 0 526.9490115642548 2.181683905422688 50.93560336530209 2.837911650538445 348.7267837449908 89.79758773744106 1643.434754103422 317.293901860714 0.4580641090869904 0.3491933047771454 0 0 0 0.142679288983345 0 0 0.3490943908691406 0 0 0 0 1.134911507368088 0 0 0 0 0 0 0 0 0 0 0 0.5383130609989166 0 0 0 0.435459278523922 0 0 0.8570506572723389 0 0 0 0 1.697989583015442 0 0 0 1.184017568826675 0 0 0
18.0638732612133 0.2519249618053436 25.47024104371667 209.1100230440497 3088.688962005079 10802.22217387706 962.3951321691275 7798.971126742661 163.9213412255049 7279.220161139965 35.33282344043255 3264.654493607581 75.87218323349953 564.3592046648264 1437.51533845067 0.6091923490166664 4.408997245132923 4.743881486356258 5.767406091094017 969.7980840466917 5.178068399429321 0.3587848991155624 13.01833505928516 222.9181300774217 7.490763247013092 27.70150960609317 14.25740804895759 816.6047677844763 615.1172810196877 30.46347600966692 3.829817168414593 906.7056032493711 3.660000845789909 546.5358108133078 40.42643418908119 738.87922129035 29.59606168419123 857.9561114311218 256.7660065889359 2405.814547881484 363.6597376316786 8.518859162926674 7.579905860126019 0.3323799148201942 0.2229966670274734 0.2902111709117889 45.33050582557917 0 4.038467168807983 44.46147091686726 5.970507383346558 22.53270357102156 57.36317519843578 0.108577735722065 47.28213821351528 0 1.143519811332226 1.312407091259956 0 0 0 0 31.18763820827007 0 0.4431012868881226 0.2338154762983322 85.22209130227566 0 0 0.861458994448185 61.86307609081268 7.870293512940407 0.7231159135699272 0.09822703152894974 0 0 1.402786888182163 1.664670065045357 34.89430294930935 0 6.220082588493824 3.03774656355381 69.4537693336606 0 0 0
1972.920551914722 5.429364003241062 1823.947577420622 426.2747394815087 7.485244497656822 962.3951321691275 7662.49255277589 2776.823839254677 704.6241794154048 11705.94117221236 12.03700364381075 15.01444068551064 7.199745610356331 6518.110052201897 42.21509925276041 75.95707662403584 48.9542821906507 10.20262233912945 48.98408756777644 212.3878868222237 1327.090744823217 73.71439558267593 1290.12276995182 2888.17996942997 2.210197471082211 699.4194541238248 1164.316576126963 16167.87778592855 1272.581933703274 5476.229150660336 1.650098755955696 28.28147359937429 99.18339180201292 226.3593207113445 23.81712149083614 667.9013404995203 27.69137013703585 637.3476910442114 282.0938060060143 66.1793307363987 18.82489115744829 0.8335459977388382 4.619473583996296 3.700917735695839 1.068279899656773 4.179416708648205 87.11800596863031 0 17.03835098445415 228.8551018312573 18.82489256560802 168.1660511046648 114.0039221197367 0.3007265850901604 22.40567122399807 0 17.88278995454311 0.1134118214249611 8.914726905524731 0.1614717692136765 0 0 46.50218819081783 13.65255962312222 2.973282307386398 4.426316149532795 709.4692949578166 0 1.615000180900097 14.70398647338152 498.7242484688759 61.17900460958481 31.78812316805124 0 0.08996770530939102 5.70295163244009 18.60805331170559 2.015970028936863 108.7452327907085 1.018471464514732 40.8385786563158 19.90362554043531 17.86300025135279 0.5046586990356445 0 0
258.9537416473031 1.02049995213747 669.3485892005265 95.40008035302162 1252.99680557847 7798.971126742661 2776.823839254677 12595.05870044231 38.91719692200422 3957.902481626719 32.49835236370564 269.406564258039 56.86480759829283 6716.566211912781 190.1813241243362 3.282538130879402 86.69414795562625 16.20760243013501 136.3818872570992 337.9249843247235 84.71270804852247 0.6010955721139908 273.8566644638777 406.2070344239473 6.401034936308861 642.8493003807962 93.14628046005964 605.7886666730046 1511.782880749553 928.8311586380005 3.810756199061871 1619.867815241218 15.54231641441584 514.2233466431499 16.42956767976284 273.0089538320899 30.06832417100668 570.5310300663114 175.5021894872189 508.9157739654183 259.5010981932282 5.735803328454494 3.488693617284298 1.256888777017593 0.270949199795723 0.5619547888636589 10.06399103999138 0 2.106051802635193 29.48543122410774 2.714791685342789 15.25449877977371 16.69864978641272 0.1034419238567352 3.804265178740025 0 3.435672610998154 0.09392454475164413 1.260733880102634 0.4550136178731918 0 0 3.866465657949448 2.173211209475994 0.4089744836091995 0.2602676451206207 93.85472474992275 0 0.0914793387055397 4.13251106441021 57.85821054875851 8.472123384475708 5.939944177865982 0 0 1.109205514192581 2.767956294119358 0.1590776145458221 15.73594991862774 0 3.867962941527367 1.669820174574852 1.659159183502197 0 0 0
6.344426803290844 829.9438593313098 13.0907838344574 862.1103280186653 53.90306176245213 163.9213412255049 704.6241794154048 38.91719692200422 2317.947262316942 465.2716524004936 3.486124835908413 854.8124193251133 17.9172238484025 47.91657973825932 1216.4414248541 157.9892866685987 4.77417528629303 2.001843832433224 6.257303521037102 293.3680260926485 73.28101471811533 3446.442234888673 30.92537447065115 12535.39533717185 205.642201513052 28.96300993859768 455.784054748714 1572.420701697469 95.97247283160686 125.7108081430197 6.317442551255226 2.647221766412258 11.81413826346397 32.16638334095478 7.763483047485352 319.801727630198 15.20051577687263 115.8539130166173 62.8115568831563 591.7672856673598 13.41577677428722 1.541023954749107 3.100059747695923 6.5175806209445 1.2679802775383 0.8934949487447739 517.5755660384893 1.088225543498993 49.42882197350264 331.3455588147044 29.37128235399723 232.3986098840833 377.0442283004522 1.127157248556614 535.5181614756584 0.3135766685009003 24.89587849378586 43.31822302937508 190.2264377251267 0.4534141272306442 0.07811896502971649 0 270.8397504091263 105.79691798985 26.17331300675869 46.94572730362415 2718.358869247139 0.604403167963028 1.269263476133347 9.852400593459606 785.1809447556734 66.82594369351864 66.23494531959295 0.410780131816864 0.4925413131713867 5.429654113948345 16.33526981621981 3.647807776927948 122.7325268536806 3.946763761341572 40.59582577645779 19.79726572334766 511.9853422567248 0.8027785047888756 0.4708996713161469 0.4705394431948662
45.83183553814888 0.1898313239216805 44.26880421489477 4693.645326323807 47.89528568834066 7279.220161139965 11705.94117221236 3957.902481626719 465.2716524004936 33698.80864366889 39.76751498132944 5563.168227143586 45.10724133253098 1483.292982764542 110.5652665048838 2.385048680007458 1.204153701663017 9.188813507556915 4.857367776334286 4437.303712617606 20.14415676891804 1.154622852802277 25.2658626884222 2372.802987016737 4.880078732967377 24.44460855051875 43.24419368803501 10178.3687655516 1563.880233488977 49.13051586970687 6.326111990958452 216.6912075802684 19.69021698832512 607.9613368734717 26.46672988682985 1355.313630826771 35.57011740654707 1368.586238518357 348.4798052087426 398.6972546726465 70.95941390097141 5.853323809802532 10.54429884254932 2.348009780049324 0.2285088300704956 0.4053375273942947 289.958820477128 0.6044272780418396 36.8085418716073 244.9927153587341 18.95071285218 168.9343054443598 320.4805358424783 0.5006985142827034 232.4070680141449 0 15.07714701443911 5.18597799539566 0 0 0 0 177.8083708584309 0.5611732974648476 0.2402790039777756 0.6340606212615967 506.2739229425788 0.08099886775016785 0 2.269183740019798 363.6697867512703 41.88253452628851 1.520650960505009 0 0 1.070505522191525 8.729953154921532 1.560128919780254 86.96840924024582 2.477989055216312 30.69733598083258 7.482787266373634 135.6081317812204 0 0 0.5693887025117874
1.210874378681183 54.15902817249298 20.89626885950565 2.511966235935688 18.47339761257172 35.33282344043255 12.03700364381075 32.49835236370564 3.486124835908413 39.76751498132944 16519.45638591051 9.430292956531048 4244.692126981914 18.10637873411179 0.4045598804950714 0.4421264007687569 293.5182657837868 4626.655347838998 1565.318025946617 8.720399715006351 3.882514089345932 15.30248064547777 14.89779100567102 9.84472368657589 981.0862353295088 2786.742534250021 1635.541314505041 10.28367980569601 217.5456825867295 8.974654749035835 772.021647490561 102.5882903859019 2.800145246088505 5658.378151088953 1.75849873572588 98.50212336331606 1421.128416545689 3025.146705381572 291.1082697808743 4.080624110996723 18.15766841173172 313.516577899456 0.2961013168096542 0 6.152585692703724 0 0 0 0 0.4382824748754501 0 0.4881125316023827 0.1579685807228088 263.594745464623 0 255.2481320202351 0 0 0 0.09643973410129547 44.0324939340353 9.680953368544579 0 0 0.5338401049375534 0.1350373178720474 1.00538432598114 182.8179125636816 60.30187848210335 202.1407460570335 0.1161577925086021 0.3122719526290894 0 58.3202748298645 0 0 5.217510007321835 0.1429393440485001 7.485271587967873 609.3433506563306 23.68086493015289 1.374340280890465 0 0 73.73575605452061 0
0.07572224736213684 0.1532840430736542 0.5645876713097095 3603.857490561903 117.253315769136 3264.654493607581 15.01444068551064 269.406564258039 854.8124193251133 5563.168227143586 9.430292956531048 9056.678767621517 8.454853698611259 51.52331666648388 1322.560086801648 0 0.2044785022735596 1.497014172375202 0.4321308135986328 6982.293589025736 0.2556196749210358 1.244175463914871 0.5270482078194618 528.538691200316 0.7198706269264221 1.491507142782211 2.124450147151947 386.6676788777113 166.2129606679082 0.8270716816186905 0.7892019897699356 72.74947994202375 0.2351495027542114 114.2342296913266 4.074579201638699 347.4270912483335 3.905364818871021 237.0553173646331 32.61659284681082 1277.172985509038 28.92483612895012 1.923823826014996 1.492462269961834 0.1947498768568039 0 0 88.44892354309559 0.5539266914129257 12.76007932424545 46.93696288764477 7.707925371825695 59.3267180994153 103.4574725329876 0 450.8455130234361 0.3166279494762421 1.064452670514584 29.23747433722019 0 0 0 0 84.91932439804077 0 0.2220815271139145 0 101.1491982415318 0 0 0 57.99178089946508 9.402698487043381 0 0 0 0 1.264701001346111 0 55.61062164604664 0 3.013416275382042 0.4343741685152054 580.1196034699678 0 0 0
0.3027125671505928 198.6293363571167 3.095191977918148 2.477451086044312 18.73870598524809 75.87218323349953 7.199745610356331 56.86480759829283 17.9172238484025 45.10724133253098 4244.692126981914 8.454853698611259 3619.557107768953 13.45279574394226 0 3.006616435945034 5.67114594578743 215.3561704605818 34.66990093886852 10.87445067614317 4.724681794643402 51.40954609960318 8.165356650948524 19.8926939368248 5383.289985470474 213.5833563804626 4562.109305739403 14.51668705046177 144.4356176182628 1.355742104351521 708.0052582025528 146.1390872374177 0.4223706349730492 1163.454223133624 147.8955553919077 1160.413167491555 4834.75486484915 5163.278706736863 611.8623712584376 88.46855464577675 355.2904177457094 1315.550742194057 7.312741711735725 0 12.62008711695671 0.1323387324810028 0.1528534293174744 0 0.0789787694811821 0.4141679406166077 0 0.5699132829904556 0.2216619402170181 581.2375487238169 0 600.5146917179227 0.1101023927330971 0 0 0.6335203424096107 138.3498634621501 26.74920061975718 0 0 1.480147801339626 0.7582179307937622 1.59455706179142 576.90453094244 157.5065290406346 523.4527061954141 0.6368100419640541 0.5868396013975143 0 210.9101252704859 0 0 3.795712247490883 20.1087354272604 285.006820641458 908.6066192835569 47.08410979062319 25.05479653179646 14.27720260620117 17.73534893989563 74.30789748579264 4.02479712665081
3989.384566038847 1.375896863639355 931.4244531616569 73.33254209905863 68.18022373318672 564.3592046648264 6518.110052201897 6716.566211912781 47.91657973825932 1483.292982764542 18.10637873411179 51.52331666648388 13.45279574394226 10201.62724701315 7.111075825989246 6.961530268192291 153.7703078463674 21.91381187364459 221.3327746205032 182.1160652190447 126.856059923768 2.93380118906498 461.3770933300257 579.3268837109208 2.163114421069622 871.9495830871165 152.8737794309855 815.5191997364163 7259.181323073804 3377.61229941994 2.395242843776941 705.5640552341938 13.76712762564421 333.2770814262331 3.722450092434883 166.0426015332341 33.13238147646189 246.5645040199161 49.0173779129982 51.38023000955582 28.07655494660139 0.8170190900564194 1.478525936603546 0.7658360376954079 0 0.8548459559679031 6.870793148875237 0 0.9900977835059166 36.98341000080109 2.071639277040958 14.86506041884422 15.40519364178181 0.9082067906856537 3.365617498755455 0 2.825820922851562 0.1105267256498337 1.716324098408222 0.105139397084713 0 0.388675756752491 6.331659391522408 4.814898297190666 0.1019386798143387 1.145139880478382 108.5280529931188 0 0.4245915412902832 4.599785760045052 79.99555471539497 10.262715511024 7.956895165145397 0 0 0.9327065646648407 2.825022481381893 0.3371398746967316 19.82699673622847 0.2337989509105682 5.829221680760384 2.130027920007706 3.174283854663372 0.2985229790210724 0 0
0.578397162258625 8.567190870642662 0.6766786426305771 105.3612709641457 2402.872983649373 1437.51533845067 42.21509925276041 190.1813241243362 1216.4414248541 110.5652665048838 0.4045598804950714 1322.560086801648 0 7.111075825989246 576.2641603425145 0.4505128115415573 0.3525910377502441 0 0 188.9336960762739 0 25.85383881628513 0.2397129461169243 843.6851747184992 2.25012980401516 1.01596612483263 8.082465924322605 84.75321365892887 24.29564765095711 0.4141101539134979 0.09193507581949234 463.3371760398149 0.4517810866236687 11.1017562225461 0.4060140401124954 28.89409641176462 0.1132394969463348 12.51722259819508 5.057285100221634 1453.469658441842 266.3362648114562 0 0 0 0 0 2.128278017044067 0 0.1797819137573242 1.357714302837849 0.4538491368293762 5.900235027074814 4.998455137014389 0 12.2024754807353 0 0.2048580199480057 2.031580626964569 0 0 0 0 5.741219073534012 0.2814532965421677 0 0 5.518217913806438 0 0 0 4.755343705415726 0.48543681204319 0 0 0 0 0.1154859513044357 0 1.821806848049164 0 0.633105605840683 0 27.09973564743996 0 0 0
3.04877944290638 74.014305151999 9.891715422272682 0 0.1396472901105881 0.6091923490166664 75.95707662403584 3.282538130879402 157.9892866685987 2.385048680007458 0.4421264007687569 0 3.006616435945034 6.961530268192291 0.4505128115415573 4392.915562853217 6.546060666441917 0.4743757992982864 1.056026011705399 0.157513752579689 1533.108629345894 3746.002972885966 4862.181615166366 3133.819424308836 5.321668371558189 3.699539497494698 4804.793709404767 1441.718649573624 25.82376157492399 161.9350256621838 0.3778065070509911 0.6885643228888512 3.516829445958138 66.33376913517714 61.68433775007725 2492.739536896348 793.9850575476885 524.3068904131651 970.9513231962919 103.2386219203472 6.588820360600948 0.7310190796852112 16.39514221251011 0.1346374601125717 4.985269218683243 48.50013415515423 0.432378888130188 0 0.1129653230309486 8.23653494566679 1.082477703690529 15.65597429126501 0.7997761368751526 0.2380180507898331 0 0 1.73658537119627 0 3389.780645318329 5.305655226111412 0 0.1241920068860054 0 202.6089513003826 1234.127008780837 1796.761708214879 400.6977805569768 0 4.837493449449539 1419.862987697124 73.69785838574171 4.897337049245834 11.63838278502226 0 0 0.8691449388861656 5.400100439786911 3.623551517724991 53.95130782574415 5.009157590568066 18.44429763406515 17.05313754081726 0 0 0 0
52.46163093298674 452.3646514564753 2123.463263124228 0.2882178723812103 1.841767929494381 4.408997245132923 48.9542821906507 86.69414795562625 4.77417528629303 1.204153701663017 293.5182657837868 0.2044785022735596 5.67114594578743 153.7703078463674 0.3525910377502441 6.546060666441917 987.7069172933698 109.902484126389 4841.402380160987 0 558.6655796170235 33.19240130484104 2653.506858482957 22.65739907324314 5.778495915234089 5644.427051059902 8282.597015790641 48.62798320502043 289.0494624935091 720.6326584480703 6.551709584891796 1.117053434252739 34.71364667266607 875.0160532295704 0.4745886921882629 53.0853808298707 60.73573621362448 332.0820129737258 52.48793255537748 1.330884262919426 0.09645329415798187 0.1977053582668304 0 0 202.4590688422322 41.5255664139986 0 0 0 2.416115075349808 0 0.4749852269887924 0 1.150859855115414 0 0.1429324597120285 0.1095150709152222 0 1.909788824617863 59.15896883606911 0.2570651024580002 28.44786304235458 0 0.9670484438538551 10.34108282625675 5.883324958384037 4.91727701574564 1.579762317240238 658.6262004300952 1011.270579427481 1.701009571552277 0 0.1508413553237915 1.407816164195538 0 0 30.4209845662117 0.1212560012936592 22.30875633656979 8.128415055572987 45.43842041492462 7.717193782329559 0.1987463533878326 0 0 0
6.050228204578161 21.16523724794388 35.19963792711496 0.941205233335495 6.67578686773777 4.743881486356258 10.20262233912945 16.20760243013501 2.001843832433224 9.188813507556915 4626.655347838998 1.497014172375202 215.3561704605818 21.91381187364459 0 0.4743757992982864 109.902484126389 440.3995859995484 469.5762664228678 2.754838839173317 3.059827193617821 5.226905807852745 11.41662099957466 2.88602002710104 39.14779943972826 4925.43092276901 1072.115493357182 4.512111857533455 60.68276236951351 13.15218164026737 873.1266994848847 15.88466251641512 2.747913338243961 2028.981796190143 1.909570895135403 100.4034382998943 671.3343224525452 1519.077539809048 132.7173410430551 1.762657150626183 1.132700003683567 16.52639319002628 0.592428907752037 0 10.18516503274441 0.1149429082870483 0 0 0 0 0 0.1786040812730789 0 12.92417971789837 0 18.37973076850176 0 0 0.1653317660093307 0.8032913133502007 16.54853736609221 18.03844996541739 0 0 0.4596038833260536 0 0.5690954029560089 17.17357226461172 76.23965478688478 135.3981103375554 0.1960848197340965 0 0 17.74567862600088 0 0 1.077297128736973 0.1932261884212494 3.61501507461071 4.836716182529926 2.488826587796211 0 0 0 0 0
76.53640862554312 143.8436754867435 203.320373006165 0.6199632734060287 2.205607324838638 5.767406091094017 48.98408756777644 136.3818872570992 6.257303521037102 4.857367776334286 1565.318025946617 0.4321308135986328 34.66990093886852 221.3327746205032 0 1.056026011705399 4841.402380160987 469.5762664228678 1431.587281808257 0.8675429448485374 51.5565943941474 14.31094424426556 180.0114204958081 17.05877581983805 44.17763678729534 9117.812105558813 4241.786833830178 31.49348672479391 441.3118154965341 338.2728382050991 101.6910066232085 8.858315046876669 52.71276185661554 2909.073158331215 2.838681690394878 131.6683633476496 215.4959784001112 1005.620794586837 121.2318878695369 1.236768685281277 1.357652761042118 2.44689092040062 0 0 112.1877580657601 4.326097249984741 0 0 0 0.4259738251566887 0.09509028494358063 0.4268209338188171 0 8.099585823714733 0 8.101356327533722 0 0 0 3.464833036065102 19.27716947346926 67.91720648854971 0 0 2.332046434283257 0.4821857511997223 1.562697775661945 18.17134145647287 528.7703426107764 574.9662195518613 0.3568033128976822 0.1054729446768761 0.1551063507795334 16.49236962944269 0 0 7.180194839835167 0.1364471018314362 10.65611950308084 8.314862452447414 17.99073696881533 1.389287061989307 0 0 0 0
3.512797825038433 0 0.9931714311242104 5573.000025734305 17.07996535301208 969.7980840466917 212.3878868222237 337.9249843247235 293.3680260926485 4437.303712617606 8.720399715006351 6982.293589025736 10.87445067614317 182.1160652190447 188.9336960762739 0.157513752579689 0 2.754838839173317 0.8675429448485374 1154.384222149849 0.5967138037085533 0.1995825171470642 1.227421276271343 624.201717607677 0.9101055711507797 2.563151821494102 2.876282446086407 922.2685344517231 305.846269801259 3.937817953526974 1.180726110935211 46.92155160754919 2.230955690145493 168.9137205407023 4.501519657671452 427.8896469324827 12.88071305304766 400.9126074463129 92.13128855079412 429.0132308974862 23.77492529153824 2.098564356565475 2.643292181193829 0.925601102411747 0 0.2018040269613266 88.96066411584616 0 9.996111281216145 66.20565550029278 5.138029433786869 29.11827810108662 66.82249827682972 0 115.2993685826659 0 5.328174933791161 3.84687377512455 0 0 0 0.1152786239981651 41.98902881890535 0.6310583651065826 0 0 103.9777174517512 0 0 0.1785085052251816 78.05053818225861 8.345460809767246 0.4670789018273354 0 0 0.3260577321052551 4.399726465344429 0.2559268474578857 27.76352660357952 0.7658293843269348 5.708677902817726 1.820647791028023 111.0787071660161 0.3168260753154755 0 0
35.57843957841396 3.922802768647671 2422.98004925251 1.181372553110123 0.7229112163186073 5.178068399429321 1327.090744823217 84.71270804852247 73.28101471811533 20.14415676891804 3.882514089345932 0.2556196749210358 4.724681794643402 126.856059923768 0 1533.108629345894 558.6655796170235 3.059827193617821 51.5565943941474 0.5967138037085533 17730.24137229472 94.81447536498308 22046.93994428962 809.4546842724085 0.6089915335178375 144.73618414253 2195.226358182728 6014.262343280017 195.1619716957211 14320.44387405366 1.002306185662746 4.193816632032394 74.37540344893932 4440.168461598456 128.5786107778549 5414.616545818746 655.7272740155458 6274.699904590845 3393.516782201827 232.623630143702 14.01353415846825 3.239684283733368 32.67448401451111 1.322354197502136 1.598827205598354 6.787870392203331 0 0 0.1321138292551041 18.47259432077408 3.570758037269115 27.73099464923143 1.817835867404938 0 0 0 5.404322810471058 0 346.1600895747542 0 0.3760422766208649 0.6697845458984375 0 140.9787814840674 92.38366957008839 81.45409249514341 365.2199779301882 0 2.373246505856514 45.1197113469243 74.1801450997591 16.53046802431345 46.56175260990858 0 0 2.581382252275944 4.998830854892731 3.033174745738506 46.94751033931971 0.653672993183136 9.957499481737614 3.525717578828335 0 1.584872290492058 0.9340608417987823 0.8515418171882629
0.4794396013021469 2901.805541627109 120.1086761653423 2.796269975602627 0.584086574614048 0.3587848991155624 73.71439558267593 0.6010955721139908 3446.442234888673 1.154622852802277 15.30248064547777 1.244175463914871 51.40954609960318 2.93380118906498 25.85383881628513 3746.002972885966 33.19240130484104 5.226905807852745 14.31094424426556 0.1995825171470642 94.81447536498308 1348.383483320475 688.8891070336103 6323.349963270128 686.9765030071139 66.18156524002552 7492.167072467506 267.4529587030411 9.72198112308979 22.19519263505936 15.89667425304651 0.1510083675384521 2.503149271011353 28.85773682594299 5.706594586372375 139.2817851752043 56.5317530632019 121.2734194546938 83.80276937782764 27.00376406311989 0 7.584278121590614 0 0.1172734051942825 16.74934974312782 185.2833478450775 0 0 0.149205669760704 3.074141815304756 0.239096961915493 21.01552211493254 0.9257188886404037 0.6311062872409821 0.2287924289703369 0 1.165468260645866 0.140992283821106 1575.035222277045 9.461247965693474 0 2.358926847577095 0.1734685301780701 60.89302118122578 213.2977010458708 791.9874246492982 152.3839822560549 0.6269800290465355 24.11537472903728 2105.397175647318 25.60531330853701 0.6390101984143257 1.941926956176758 0.1558508425951004 0 0 3.61320948600769 0.6503875851631165 22.8144094273448 4.180243968963623 17.55637518316507 13.43981321156025 0 0.2278032451868057 0 0
152.9610382318497 109.9661626964808 14525.8734882772 1.283792808651924 2.984211787581444 13.01833505928516 1290.12276995182 273.8566644638777 30.92537447065115 25.2658626884222 14.89779100567102 0.5270482078194618 8.165356650948524 461.3770933300257 0.2397129461169243 4862.181615166366 2653.506858482957 11.41662099957466 180.0114204958081 1.227421276271343 22046.93994428962 688.8891070336103 24618.31353522837 731.7264045774937 2.84606745839119 1034.195902403444 20030.32479435205 1516.48651432246 609.315904609859 5150.434477224946 2.177432142198086 9.046310946345329 100.9228423163295 4216.39740652591 283.3440596908331 9444.708840370178 2884.423149198294 9128.733201578259 7779.441502779722 406.5677409172058 23.62224570661783 5.071666203439236 57.82997940480709 0.5052471905946732 76.82450366020203 411.0037031173706 0.7803752422332764 0.1188532933592796 0 8.182523719966412 2.117391414940357 5.618787810206413 0.7154402434825897 0.4768020808696747 0 0.225383460521698 0.8588054180145264 0 1327.443847805262 53.83421112596989 1.070393398404121 4.113333716988564 0 53.86628596484661 556.8885125592351 909.8474926427007 127.1033573150635 0 118.4115469381213 2444.277957908809 32.47955415397882 0.8702662959694862 7.691738285124302 0 0 0.3602642342448235 12.72876854985952 20.0951165035367 132.4708775803447 7.744291640818119 54.44784286618233 35.37570121139288 2.438889294862747 0 0.5797398239374161 0
90.53267180919647 644.292197547853 59.86732222139835 2352.01055187732 23.97668567299843 222.9181300774217 2888.17996942997 406.2070344239473 12535.39533717185 2372.802987016737 9.84472368657589 528.538691200316 19.8926939368248 579.3268837109208 843.6851747184992 3133.819424308836 22.65739907324314 2.88602002710104 17.05877581983805 624.201717607677 809.4546842724085 6323.349963270128 731.7264045774937 10325.36192838848 128.3216433897614 51.9101087488234 3378.519883304834 9957.720721267164 1739.612825892866 875.3643046021461 6.271781913936138 27.07782381772995 417.7919391691685 496.657233260572 143.716205753386 3521.782971084118 275.9976554512978 1875.836956970394 1159.077744044363 867.1049419268966 69.85996273905039 10.7181488275528 23.57559848576784 20.17573672533035 2.439682096242905 4.048417210578918 587.4626172110438 0.7687357887625694 81.82917258888483 847.6673737838864 61.49481178820133 1256.232815153897 603.2894217222929 2.765333756804466 565.7498445436358 0 72.71204790472984 28.89897232502699 579.1952321156859 4.183225281536579 0.2560226991772652 0.5344314575195312 361.4731122776866 417.4691279605031 207.7387089133263 167.2867751196027 3854.785330735147 0.2438390403985977 3.875183098018169 62.34561563283205 1819.895318508148 213.4324477761984 196.9055017754436 0.2755381762981415 0.5613112524151802 23.03706708550453 53.62533714622259 8.814169988036156 389.8928630873561 9.173471704125404 127.6217065900564 62.96533473581076 522.3669042214751 5.173847615718842 2.262186408042908 0.5083903521299362
0.136244036257267 1430.652411326766 1.311696887016296 1.09141893684864 2.247866913676262 7.490763247013092 2.210197471082211 6.401034936308861 205.642201513052 4.880078732967377 981.0862353295088 0.7198706269264221 5383.289985470474 2.163114421069622 2.25012980401516 5.321668371558189 5.778495915234089 39.14779943972826 44.17763678729534 0.9101055711507797 0.6089915335178375 686.9765030071139 2.84606745839119 128.3216433897614 1078.259490065277 450.6164196655154 7549.105166517198 8.605181433260441 16.43085581809282 3.295606404542923 332.9592816159129 11.25069372355938 0 500.0819387361407 76.66230927407742 953.8863935545087 1801.707527279854 2732.65700750798 595.6808653697371 26.49574030190706 553.502392500639 1716.161444805562 22.08197808265686 0 20.95748916268349 0.8536458611488342 0.2087046951055527 0 0 0.3030727058649063 0 1.679064840078354 0.08408880233764648 908.9301714599133 0 754.3584664985538 0 0 1.1097591817379 0 83.22082333266735 14.95011395961046 0.1820063069462776 0 0.7817110419273376 0 1.493342228233814 306.0351028740406 209.4686714634299 725.3303231820464 2.157984383404255 0.310744546353817 0 169.7921113446355 0.2257435992360115 0 16.60778982192278 1.366592019796371 210.6915807873011 497.7931985110044 72.63084773719311 5.917093463242054 20.47844207286835 0 59.6991331577301 17.30213165283203
226.9373657517135 592.459503389895 12211.37668858841 1.584542408585548 8.145621940493584 27.70150960609317 699.4194541238248 642.8493003807962 28.96300993859768 24.44460855051875 2786.742534250021 1.491507142782211 213.5833563804626 871.9495830871165 1.01596612483263 3.699539497494698 5644.427051059902 4925.43092276901 9117.812105558813 2.563151821494102 144.73618414253 66.18156524002552 1034.195902403444 51.9101087488234 450.6164196655154 29163.25076302141 8946.159520618618 102.3247122429311 746.8413403518498 608.1892551817 892.2202389314771 27.80790337175131 41.06785717606544 3526.050352521241 14.03562988340855 856.0701848343015 1316.362861052155 3934.973717093468 582.3160239495337 14.1020328104496 2.113463055342436 18.60386796295643 0.3103032484650612 0.1570211201906204 420.7734688147902 12.48991616070271 0 0 0.1047313064336777 0.09921899437904358 0 1.467176407575607 0.4583117365837097 120.724983073771 0 158.4754336476326 0.775312528014183 0 1.901290193200111 42.52616541087627 154.3608737289906 267.9981205165386 0 1.215375751256943 10.25583952665329 1.846032455563545 9.917957834899426 198.0322889834642 2123.636148035526 3123.06466281414 2.885560572147369 1.342771962285042 0.2039567083120346 162.6722363755107 0 0 62.47614509612322 2.172378599643707 61.45110190659761 58.33141691982746 91.72252618521452 16.6468860656023 0.457939937710762 0 0.2734586298465729 0.3576742708683014
44.48798945173621 12418.71291781962 11225.3843017593 3.215253233909607 7.455793038010597 14.25740804895759 1164.316576126963 93.14628046005964 455.784054748714 43.24419368803501 1635.541314505041 2.124450147151947 4562.109305739403 152.8737794309855 8.082465924322605 4804.793709404767 8282.597015790641 1072.115493357182 4241.786833830178 2.876282446086407 2195.226358182728 7492.167072467506 20030.32479435205 3378.519883304834 7549.105166517198 8946.159520618618 40846.50112504512 1974.638655599207 359.1677340902388 716.1330209411681 3041.091954030097 31.82734686881304 51.7522833570838 5085.556311026216 187.8673750534654 8858.624853543937 6152.104380473495 13602.65966098011 5240.603879638016 262.0205704420805 10.55002194643021 130.8411785215139 14.54846981912851 0.2511077299714088 1424.486617200077 1027.847666934133 0.1221709698438644 0 0.3306853547692299 17.97105569392443 2.395488634705544 10.89947141706944 2.364517785608768 336.4450359269977 0.09356314688920975 417.1331152170897 4.460333943367004 0.4734254628419876 505.2073120549321 271.4202121421695 271.8158839344978 307.1890509948134 0.1028764918446541 29.68520569801331 959.9400903657079 679.4186504334211 130.4689842015505 811.3124146535993 3034.090169377625 10502.12433407456 39.66023410856724 3.896777302026749 6.297782279551029 423.286094866693 0 0.622192770242691 118.5560121536255 18.3788755685091 287.0723804756999 166.5847740545869 241.538986235857 106.5512033477426 0.8164065778255463 2.307661928236485 2.441421613097191 1.021971978247166
144.4822437763214 23.64635765552521 278.1559510678053 2492.973409570754 5.605467416346073 816.6047677844763 16167.87778592855 605.7886666730046 1572.420701697469 10178.3687655516 10.28367980569601 386.6676788777113 14.51668705046177 815.5191997364163 84.75321365892887 1441.718649573624 48.62798320502043 4.512111857533455 31.49348672479391 922.2685344517231 6014.262343280017 267.4529587030411 1516.48651432246 9957.720721267164 8.605181433260441 102.3247122429311 1974.638655599207 21612.92766518891 2282.987312860787 10277.09354459494 1.313132971525192 24.37406131625175 894.2414881959558 994.9097388982773 125.3930956572294 3126.272178381681 257.8645111471415 2638.262041598558 1447.425631903112 228.2626315355301 35.40502390265465 10.16640984266996 16.64130384474993 13.32246816903353 0.8566142469644547 2.677640415728092 329.8326441496611 0.3784072399139404 51.60672318190336 459.007352232933 41.0983235090971 436.7156956419349 339.2441371977329 1.731913164258003 150.990609228611 1.645357593894005 42.73951090872288 7.64847644418478 162.1452789530158 0.9353255555033684 0.1939611807465553 0.126455694437027 164.537026591599 194.6586596816778 43.16934491693974 42.83387999981642 2013.048804529011 0.1077211499214172 2.108022339642048 28.86530653387308 973.6009430512786 151.9792151302099 182.6680776551366 0 0.4071124941110611 20.47999476641417 35.79918958991766 5.0377027541399 210.7470042183995 3.726231813430786 81.05579178780317 37.71666672080755 97.75745905190706 0.7345065325498581 0.1339636147022247 1.721902959048748
2583.142681859434 3.134515225887299 519.0620215311646 181.665098130703 322.2712646350265 615.1172810196877 1272.581933703274 1511.782880749553 95.97247283160686 1563.880233488977 217.5456825867295 166.2129606679082 144.4356176182628 7259.181323073804 24.29564765095711 25.82376157492399 289.0494624935091 60.68276236951351 441.3118154965341 305.846269801259 195.1619716957211 9.72198112308979 609.315904609859 1739.612825892866 16.43085581809282 746.8413403518498 359.1677340902388 2282.987312860787 18743.61158454418 9454.620485693216 17.54425733536482 1406.99004432559 1132.280113779008 4465.059564940631 24.41665843129158 1122.1011986956 414.0743811652064 3376.595052547753 405.54654160887 237.8710730597377 343.4033638685942 5.033472895622253 7.714531734585762 0.7314886599779129 0.1790715605020523 0 13.93934611976147 0 2.862456858158112 60.65394285321236 5.335856236517429 36.05297084152699 17.84612263739109 0 3.135051362216473 0.3411576598882675 5.140017814934254 0.09025337547063828 5.877686120569706 0.146411806344986 0 0.3268483653664589 7.215206548571587 6.298973269760609 2.032251663506031 0.9185101240873337 182.1114856302738 0.09584251791238785 4.298004791140556 9.686506301164627 126.5790671557188 14.86978545039892 8.445811547338963 0.1988969370722771 0.09749377518892288 3.450823985040188 3.629531510174274 0.3346771597862244 31.63107434660196 0.7750549241900444 6.191936783492565 4.921003639698029 0.8001109063625336 0.2143350318074226 0 0.150796502828598
