770.0036153271794 0 292.4780360758305 0.832111269235611 0.6215260624885559 11.18502437323332 2690.379343286157 1082.465616323054 0.354919008910656 23.75629714876413 9.539335981011391 1.625669986009598 1.099106222391129 5217.1016747877 0.1065778657793999 0.6029505804181099 90.00883509218693 3.845848619937897 10.19618832319975 0.8608841598033905 144.1631551682949 0 219.4753526300192 23.99124433100224 0 74.1773184761405 39.6016793102026 74.37532056868076 3549.020425349474 4969.221698835492 0.921248123049736 14.53048751503229 25.90095841884613 148.2498511895537 6.022726438939571 188.0322407856584 22.11857128888369 142.8709738925099 33.88299948722124 9.665918402373791 0.9549840986728668 0.4777629598975182 1.760187894105911 0 0 0.2451272383332253 1.213571786880493 0 0.1232903599739075 4.098149053752422 0 0.8151576742529869 0.3880347907543182 0 0 0 0.5754658058285713 0 1.449664197862148 0.0979454293847084 0 0.132472351193428 0.3935878574848175 3.594749763607979 1.392564281821251 1.553122848272324 11.18921858817339 0 0.331546925008297 0.7176101505756378 23.09110191464424 0 8.787270344793797 0 0 0.2004693448543549 0.1443814486265182 0.4626572728157043 5.338748618960381 0 0.1101017892360687 0.2960532754659653 0.5191037058830261 0 0 0
0 677.4092166721821 14.98399114608765 0.112668976187706 0.8573354780673981 0.9798069298267365 1.183163687586784 0.5415548086166382 1177.501876324415 0.06414324790239334 22.13394176214933 1.134584225714207 264.7934151291847 0.3708278387784958 47.78789515048265 44.67555300891399 21.21612682193518 21.99534137547016 26.06566704064608 0.1218947842717171 8.809976674616337 3341.823387801647 6.823324762284756 777.6707282364368 1273.171959400177 2033.61208987236 8512.738224551082 13.88365495949984 0.6416011974215508 1.310964621603489 86.84097746014595 0.3024829179048538 0.2677294164896011 20.58859768509865 0 20.46041426807642 329.3530287593603 57.54868311434984 5.628912284970284 35.68943621218204 0 11.46684616059065 0 0.1562036275863647 1168.840326331556 93.33746331930161 1.743128910660744 0 0 0.8811758458614349 0.2517612352967262 0.2202973365783691 0.1609240025281906 4.232957862317562 0 11.11599195748568 0 0 0.9915372505784035 50.75378373265266 2.148050718009472 62.48646265268326 0 1.047519445419312 19.56594021618366 5.721838608384132 7.322942666709423 99.84713659435511 220.0445319712162 732.4732242822647 2.108759358525276 0.2595596015453339 1.142705425620079 1.999779567122459 0 0 8.355809085071087 0 4.221184112131596 142.5980764403939 13.66180042177439 4.400827884674072 0.3153801262378693 0 0.2765211835503578 0
292.4780360758305 14.98399114608765 5200.000048920512 0.3745836764574051 0.1818510666489601 11.43391472101212 472.0984418168664 476.5685993023217 0.9722873196005821 9.343402318656445 7.862548165023327 1.030958235263824 3.03009182959795 896.306171014905 0.2936434373259544 25.26248558610678 3387.06612239033 12.78203461319208 119.3155069500208 1.369870021939278 1495.658431977034 30.15309514850378 8675.674653559923 11.64855965226889 0.1207681521773338 7938.31753834337 12477.03029185534 251.1716957688332 363.9431976601481 2097.954171225429 0.4730955809354782 3.382611282169819 77.15306972712278 1653.420298583806 28.31261641532183 1716.731972135603 2081.527397029102 1890.416982978582 377.4694061055779 76.90670158714056 3.454549461603165 4.340995781123638 7.54309406876564 0.2533289790153503 75.76790302246809 205.2011854127049 0 0 0 1.813976757228374 0.1232236251235008 0.1469362080097198 0 0 0 0 0.6497382074594498 0 13.38077940791845 14.84302766621113 0.262566477060318 2.947487413883209 0 3.963419556617737 18.16795269399881 62.39517338573933 2.835759490728378 0.1312296688556671 47.92391885071993 498.5739771351218 4.055245883762836 0 2.851388029754162 0 0 0 4.702805452048779 21.23248126357794 15.43824295699596 75.8434721454978 15.82775491476059 1.459847278892994 0 0 1.773235201835632 0
0.832111269235611 0.112668976187706 0.3745836764574051 2780.990905195475 1.000805154442787 100.7537314817309 460.0423426926136 66.57659737765789 734.4713870361447 5737.660987474024 5.004806652665138 1818.479251116514 1.198476649820805 38.65309906378388 36.24334658682346 0.2502804696559906 0 2.125200476497412 2.025207616388798 3733.674067083746 0.3459903746843338 0.3644660115242004 0.1902198046445847 3269.670426778495 0.1931437328457832 3.272321380674839 2.107768442481756 3932.478850193322 95.23804123699665 3.523486413061619 0.2105222120881081 6.624559000134468 6.093915700912476 83.79037379473448 13.92999748140574 631.4963626414537 3.382951140403748 107.9837922677398 51.44983275979757 149.8528168573976 7.160953246057034 3.829460181295872 3.064108356833458 0.6088100224733353 0.9726357087492943 0.4059995710849762 272.2982571572065 0.2718401327729225 19.06004989147186 122.8767407089472 12.13189618289471 29.50162701308727 143.23601026088 0.6924664899706841 98.8344868645072 0 7.508099533617496 5.840253889560699 0.09836897253990173 0.07949426025152206 0 0 178.8216198608279 0 0.9898835867643356 1.452614590525627 241.9552763402462 0 0.1551962047815323 0.9662212431430817 238.516500659287 6.169787295162678 15.37025026232004 0 0 0.2550255358219147 4.506028391420841 0.4847489446401596 56.75878540426493 0.1517916917800903 7.196485884487629 1.865069448947906 163.048545062542 0.5864004045724869 0 0
0.6215260624885559 0.8573354780673981 0.1818510666489601 1.000805154442787 207.5936101973057 1054.72819211334 3.666836611926556 52.9366907402873 50.56310187280178 5.956047415733337 8.920499265193939 72.731356151402 9.851958580315113 12.24762716889381 1691.308837324381 0 0 0.5393079966306686 0.423143170773983 3.400583393871784 0.06936841458082199 2.39742174744606 0.3276348412036896 19.40712247043848 2.078046426177025 1.269427046179771 0.9404761120676994 1.491703011095524 107.5476986914873 0.431369461119175 0.1973181217908859 21.14278084039688 0 1060.914914734662 4.748802900314331 60.87432919442654 7.222246564924717 149.9363822788 78.33296089619398 2667.661072567105 721.0199509784579 15.19524328410625 9.580378443002701 0 0 0 0.2686168551445007 0 0 1.154107511043549 0 0 0 0 0 0 0 0 0 0 0 0 0 0.130310907959938 0 0 1.179117515683174 0 0 0 0.4012596607208252 0 0 0 0 0 0 0.9434728622436523 0.3973062634468079 0 0.1962257325649261 0.2012201696634293 0.3065832853317261 0 0.2087935954332352 0
11.18502437323332 0.9798069298267365 11.43391472101212 100.7537314817309 1054.72819211334 9923.269989438355 2094.875208612531 7808.511468537152 224.8006772324443 4853.04677990824 88.17993330955505 5371.332089353353 51.70653310790658 965.5227556154132 2847.646361008286 1.368646010756493 2.901093266904354 19.68133052811027 15.64900274202228 383.0326186232269 8.285752631723881 2.108113043010235 5.644776821136475 287.8252374082804 3.403216116130352 33.90098947286606 14.79817768931389 770.3039291575551 717.9738189205527 52.32916996628046 3.374811068177223 402.4771131873131 12.23045894503593 939.9480652362108 37.20622488856316 1232.623723961413 32.90583918988705 707.2223174571991 311.9331412985921 5946.488785617054 524.9327737763524 51.28199404478073 29.7234727665782 1.136890023946762 0.09645336121320724 1.33995608985424 40.54517009854317 0.1092786490917206 5.152374789118767 55.9412345290184 4.733915604650974 9.033482253551483 15.3506023734808 0.1626007258892059 20.41283574700356 0.2861902490258217 2.936013527214527 2.511050745844841 0.8130407929420471 0 0 0.2682400047779083 33.84375251829624 3.844892010092735 0.4847910106182098 2.232741139829159 63.26882600039244 0 0.09099794179201126 0.5915589481592178 84.74468002468348 0.4898188710212708 15.74850876629353 0 0 0 1.347842440009117 1.99222494661808 33.40260879695415 0.1674544364213943 2.653530232608318 1.074342824518681 46.62883561849594 0.2292782515287399 2.093748852610588 0
2690.379343286157 1.183163687586784 472.0984418168664 460.0423426926136 3.666836611926556 2094.875208612531 21843.34430790693 4076.381978832185 352.6174207255244 7493.504338454455 40.98886035755277 101.199813619256 10.89836582913995 7753.23838769272 26.73373141884804 22.07719758152962 14.09179508686066 14.6675252430141 17.50594648718834 50.22204185277224 538.9843962267041 10.52389042824507 211.1217613220215 2177.173415742815 0.755760483443737 61.84274405613542 358.4467020332813 17155.75508813187 1643.598127454519 7911.055032528937 1.794424068182707 54.38832312822342 240.5073453783989 623.1177400685847 82.23989082872868 2455.802236504853 189.7048404067755 951.6458693370223 391.4853155314922 386.4483229592443 25.41564855724573 6.876646123826504 27.58565287292004 5.85167471319437 1.728764176368713 9.914262995123863 142.0567671954632 0 19.76002868264914 626.1555771753192 93.96771269291639 108.4007107689977 72.70736209303141 3.948103815317154 28.93850686401129 0.2313221767544746 56.5105442404747 1.416156634688377 15.38863588869572 1.0719228759408 1.036596722900867 1.349398449063301 100.6953701376915 21.61993055045605 14.7487481534481 33.41919162124395 876.6426210999489 0.09313030540943146 3.45279648900032 12.77179683744907 1163.506756193936 25.02060011029243 186.4832514971495 0 0.5800136774778366 2.303400188684464 19.96275991201401 13.73642108589411 84.3561162725091 3.103338941931725 29.683094792068 4.730253979563713 72.9254387319088 3.573036953806877 0.9995304942131042 0.7324464470148087
1082.465616323054 0.5415548086166382 476.5685993023217 66.57659737765789 52.9366907402873 7808.511468537152 4076.381978832185 17332.5740089044 23.42441919445992 2560.070980917662 73.21294151246548 1052.510004818439 50.15115026757121 7969.57962301746 230.0958283394575 1.545625291764736 150.2873744592071 12.89351158216596 20.77989218384027 221.0139877013862 173.8177100419998 0.8795696943998337 241.039737097919 264.3166947774589 2.70887216180563 174.7159344553947 84.17247086763382 633.4249573796988 959.5533540993929 1124.447595089674 1.903338015079498 578.3229386433959 31.69942248612642 721.7905665673316 38.05588661879301 795.9329767227173 60.94288517534733 590.575808968395 283.2026141136885 1898.79521496594 124.0665344521403 48.27621760219336 26.2181694060564 0.5161814168095589 0.6194265559315681 1.764762952923775 14.35109078139067 0 2.149321876466274 44.72562302649021 2.455768644809723 6.425169229507446 7.098532497882843 0.2120486348867416 4.644170887768269 0.2055256143212318 3.040889896452427 0 3.682450257241726 0.2368394508957863 0 0.2075733840465546 10.97087057679892 5.436181411147118 1.877743870019913 3.908370576798916 73.54860253632069 0 0.4050619676709175 3.749904975295067 103.7472803965211 2.00151002407074 20.30308223515749 0 0 0.6703970059752464 2.859119519591331 7.310357697308064 10.23299802839756 0.5090498253703117 1.757562592625618 1.000585600733757 9.518156476318836 0.7455424666404724 1.87934510409832 0
0.354919008910656 1177.501876324415 0.9722873196005821 734.4713870361447 50.56310187280178 224.8006772324443 352.6174207255244 23.42441919445992 1236.524057529867 463.1970219388604 1.903116472065449 322.9043363630772 15.86376328021288 17.56144746392965 1022.41070497036 52.63757440447807 1.133171305060387 1.89358027279377 1.344181187450886 248.2897765561938 26.40804871916771 3705.983088687062 3.394331231713295 12462.33891300857 104.9820304661989 56.84507812559605 488.6771421507001 1372.925513155758 17.29218536242843 60.14647407084703 6.393017627298832 1.685151845216751 2.217975564301014 13.29128002375364 1.159495308995247 74.24995518475771 4.067541934549809 20.32031063735485 3.241787604987621 452.6766407042742 3.120372474193573 0.2609018161892891 1.488406389951706 1.653008297085762 29.59742380678654 6.387914419174194 229.339297786355 0 14.4088241904974 351.7940810769796 37.66947989165783 74.54718196392059 73.67427778989077 1.002477556467056 48.10568533837795 0.4464414939284325 27.50308914482594 3.909491062164307 119.7939915582538 0.5216657146811485 0.3434329032897949 0.0995398685336113 117.8908030167222 132.507944598794 92.10526701062918 8.809405364096165 1684.471265606582 0.5358538031578064 2.350099660456181 9.26268370449543 1076.198970556259 13.00705176591873 64.17655975371599 0 0.1366084963083267 1.111217103898525 10.84674902260303 0.3617237582802773 32.61716414242983 1.807981342077255 9.937125124037266 3.52227471023798 49.5769864320755 0.653974175453186 0 0.518664225935936
23.75629714876413 0.06414324790239334 9.343402318656445 5737.660987474024 5.956047415733337 4853.04677990824 7493.504338454455 2560.070980917662 463.1970219388604 24237.02048172057 68.22976133599877 3533.913334093988 13.56683628633618 1046.152514770627 57.52727347612381 1.032463803887367 1.988677557557821 24.16790175437927 24.88601506128907 6349.47666028887 6.947161912918091 0.1447875797748566 5.451045334339142 1151.568593464792 0.7437825500965118 39.78424384817481 19.44272830709815 6228.026006512344 915.8629950769246 25.48163744807243 3.820446599274874 54.9488117992878 44.04039496928453 595.0904279500246 72.69778850674629 2090.549293674529 34.62908120453358 847.8450524583459 345.0988359749317 395.0142122730613 24.8712652400136 3.753540240228176 23.49253786355257 1.289747461676598 0.397458516061306 4.500389009714127 239.4798039495945 0.3573173508048058 21.45849382132292 229.7404327690601 28.03686425089836 41.22041749209166 91.73215194046497 1.076848119497299 175.2449057102203 0.08671735227108002 16.36141255497932 8.220430247485638 0.7907861769199371 0.5976271256804466 0.3529426530003548 0 176.8155590668321 2.502354949712753 2.370540834963322 2.297423914074898 326.1193244829774 0 0.5706041678786278 1.290396653115749 335.4962562918663 5.616490624845028 27.85526922345161 0 0 0.7033673673868179 7.047116607427597 7.14587128162384 74.34583162516356 1.407580748200417 8.495002508163452 0.5272961407899857 163.7086538001895 0.5715689212083817 0.09366621077060699 0
9.539335981011391 22.13394176214933 7.862548165023327 5.004806652665138 8.920499265193939 88.17993330955505 40.98886035755277 73.21294151246548 1.903116472065449 68.22976133599877 10782.27487193048 106.2271091416478 2676.918654449284 102.5709779933095 0.8598350584506989 0.3432319164276123 471.9905563741922 2643.247963838279 1540.121207557619 35.76669654622674 4.958002638071775 6.2156031280756 11.5366213992238 16.39447126537561 1231.685214243829 2675.959067322314 714.2454236671329 18.76407091319561 120.4253138080239 23.99757108837366 690.5937595665455 57.39687996357679 1.184360973536968 6858.203648924828 5.83808184415102 251.9601685330272 3907.396516308188 4613.378987766802 627.4578519612551 42.78056766092777 30.72838646918535 1508.450360268354 2.668698936700821 0 20.45269595831633 0.4590567946434021 0.7917331233620644 0 0.360943615436554 4.016853541135788 0.186602346599102 0.4214353337883949 0.2872883379459381 382.1445268318057 0.2601742148399353 1083.382354795933 0.7063301354646683 0 0.1140903607010841 1.019355237483978 14.86159557849169 9.06131998449564 0 0 0 0 4.965246945619583 272.6984191164374 265.3497219532728 176.4230971634388 9.761554792523384 0.2155623584985733 0.5715986490249634 191.625797457993 0 0 13.36505817621946 0.1870653182268143 2.385826133191586 520.7063968330622 16.1611692160368 1.238178335130215 0.3415329307317734 0 236.0714197829366 0
1.625669986009598 1.134584225714207 1.030958235263824 1818.479251116514 72.731356151402 5371.332089353353 101.199813619256 1052.510004818439 322.9043363630772 3533.913334093988 106.2271091416478 6856.165262807161 23.25903061404824 539.5272275321186 1152.18535425514 0 1.06534593552351 36.32376565784216 28.4547936283052 7104.370964355767 0.8771149665117264 5.479474291205406 0.6555311568081379 673.6678056269884 2.048047237098217 47.47910363972187 15.15335924178362 645.465382874012 641.6959611587226 4.311328709125519 5.329427927732468 204.9812637157738 0.081354059278965 572.6184375360608 37.51114650815725 2085.307171277702 23.71604337543249 530.7630806788802 96.78257731348276 2130.414159230888 12.23478008061647 9.644274294376373 5.878955826163292 0.4150194227695465 0.1267491281032562 1.024425238370895 148.6930500715971 0.988311380147934 16.51142527163029 78.20845499634743 11.68736676871777 9.208020091056824 62.63646330684423 0.09579889476299286 140.8796419277787 0.496983490884304 6.910539843142033 12.17366547137499 0.4419244378805161 0 0.1529734581708908 0 99.35620521008968 1.09058290719986 0.3128351122140884 1.043322764337063 139.8543702289462 0 0.6217977926135063 0.7300891727209091 128.0952689349651 3.622295126318932 21.53853197395802 0.2684618607163429 0.1368974447250366 0.6336176991462708 2.288032114505768 0.2507624328136444 71.21030277758837 0.07527050375938416 3.1290542781353 1.009441554546356 184.5161049887538 0.2651275023818016 0.09710855036973953 0.1637159883975983
1.099106222391129 264.7934151291847 3.03009182959795 1.198476649820805 9.851958580315113 51.70653310790658 10.89836582913995 50.15115026757121 15.86376328021288 13.56683628633618 2676.918654449284 23.25903061404824 3661.702214986086 17.61101505160332 0.3621957823634148 77.19813992083073 1.979901537299156 55.23756963014603 6.813488453626633 7.588384415954351 26.35935601592064 140.9919108375907 53.24431549012661 15.80658985674381 5414.548659682274 1035.386782869697 4084.186265781522 24.08013240993023 23.82523043453693 23.24319811165333 590.8829838335514 39.27902036905289 0.2868110537528992 1586.606887385249 21.37408470362425 1507.424225106835 4410.274181179702 4698.710603386164 601.3473175689578 170.9070227444172 234.5591939240694 1393.260563015938 20.61963474750519 0 176.9069663286209 0.1563994139432907 0 0 0.5038390755653381 1.255384922027588 0.7055418118834496 0.6709578558802605 0 513.9459538087249 0.2277474999427795 1805.135752573609 0.4510938674211502 0 0 2.64454497396946 32.53673622012138 19.40526292473078 0.1074665784835815 0.2767001092433929 0.4084666073322296 0.3762830272316933 1.090479664504528 553.1835104823112 596.7626072540879 502.1531055942178 1.504966802895069 0.2700198739767075 0.2322407513856888 435.5475523099303 0 0 11.54098779708147 11.84354761242867 110.893663674593 558.3658972010016 23.90617583692074 5.136614702641964 15.4020598679781 6.875877857208252 306.7144069075584 0
5217.1016747877 0.3708278387784958 896.306171014905 38.65309906378388 12.24762716889381 965.5227556154132 7753.23838769272 7969.57962301746 17.56144746392965 1046.152514770627 102.5709779933095 539.5272275321186 17.61101505160332 13382.23247124255 11.23629629611969 2.896906018257141 340.8371431641281 37.43438785523176 57.99826721847057 178.433121457696 396.2429285272956 1.641033589839935 542.7938669994473 282.4573578499258 1.891649924218655 350.5728880874813 160.9080025851727 569.9020627215505 8366.853445462883 5014.187202304602 3.739304736256599 636.8620843365788 96.61223740130663 870.376423291862 22.55301855504513 672.2628516629338 72.75142751634121 596.14465572685 192.8271439149976 179.5268954709172 13.91548616439104 11.21750382333994 8.282485030591488 0.7610046789050102 0.5748722776770592 2.168547496199608 12.12771947681904 0 1.666255339980125 45.68633669614792 2.834560737013817 5.979338474571705 3.051497749984264 0 5.119040779769421 0.2571113035082817 5.175935886800289 0 7.441467136144638 0.5843743085861206 0 0.1457255333662033 6.211104191839695 12.30372427403927 0.7256804779171944 7.44239517301321 91.48199694603682 0.08912845700979233 1.233785599470139 4.841647937893867 129.8019913434982 3.732534371316433 38.42154429852962 0 0 0.3825215697288513 2.209797881543636 3.378633573651314 14.96795865148306 0.6383279114961624 1.893169216811657 1.414507195353508 9.346079669892788 0.1558447629213333 1.038677513599396 0.3214102983474731
0.1065778657793999 47.78789515048265 0.2936434373259544 36.24334658682346 1691.308837324381 2847.646361008286 26.73373141884804 230.0958283394575 1022.41070497036 57.52727347612381 0.8598350584506989 1152.18535425514 0.3621957823634148 11.23629629611969 650.6734476834536 0.2902825176715851 0 0.4273118823766708 0.1116452142596245 57.59820655733347 0 121.4006344005466 0.1509882509708405 900.2330501303077 1.719226360321045 1.739676378667355 19.33398944884539 72.57803187519312 6.94940472394228 1.031500585377216 0.2605082839727402 96.92398345470428 0 15.55482498556376 0.5151517316699028 136.1606840491295 1.087110854685307 6.209123149514198 1.616006009280682 1724.09372960031 85.19662775099277 2.819819673895836 0.4740392863750458 0 0.2389387488365173 0 2.77509019523859 0 0 2.16062143445015 0.2467164248228073 0.6755279153585434 0.2752173840999603 0 1.971414729952812 0 0.2911902368068695 0 2.574385076761246 0 0 0 2.675942331552505 6.080441251397133 0.4925722181797028 0.4285283759236336 12.63261958956718 0 0.09991233050823212 0.3633703663945198 9.236425988376141 0 2.69584421813488 0 0 0 0 0 3.011526763439178 0 0 0 3.041717678308487 0 0 0
0.6029505804181099 44.67555300891399 25.26248558610678 0.2502804696559906 0 1.368646010756493 22.07719758152962 1.545625291764736 52.63757440447807 1.032463803887367 0.3432319164276123 0 77.19813992083073 2.896906018257141 0.2902825176715851 3826.022275343537 7.169994011521339 0.09454397857189178 0.08268938958644867 0 2187.57154263556 4180.040699198842 3261.98432777822 2280.718066945672 37.35509645193815 5.718676403164864 4998.150913193822 1368.730250149965 4.670070767402649 18.24923609942198 0.2490385472774506 0 0.2694165483117104 71.05585910379887 22.09715691953897 1288.3907943964 973.2479725778103 281.2288485243917 218.6176176965237 79.72080644965172 3.284437283873558 65.86702817678452 15.92806589603424 0.4307425618171692 0.7872913926839828 11.51090630888939 0.3315773606300354 0 0.2429701015353203 37.00823822617531 3.101581640541553 27.67705410718918 1.317966803908348 0 0.7555100470781326 2.130907535552979 6.630684271454811 0 1805.265780098736 9.790772132575512 0 0.2599694579839706 0 1835.638946309686 653.4806079268456 1817.956886917353 149.6568757668138 0 3.582637779414654 215.7229157984257 277.1919911205769 2.182896487414837 440.7460508197546 0 0 0 8.047305054962635 16.87397029995918 442.1067519709468 6.101127780973911 4.415355138480663 4.93081172555685 0.4307285100221634 0 36.12847930192947 0.7093773484230042
90.00883509218693 21.21612682193518 3387.06612239033 0 0 2.901093266904354 14.09179508686066 150.2873744592071 1.133171305060387 1.988677557557821 471.9905563741922 1.06534593552351 1.979901537299156 340.8371431641281 0 7.169994011521339 1320.899816051126 93.43327616900206 3960.525151990354 0.4429004713892937 743.7699902504683 22.32915403693914 2063.122117318213 8.149581827223301 5.08913492411375 6653.868968695402 5657.468823835254 9.828914038836956 338.2862091287971 1590.909157082438 0.3048145771026611 3.284057155251503 63.92036706954241 2840.858882643282 12.2668339535594 729.1054274365306 2505.201595887542 1452.863199859858 458.66897226125 31.17234772443771 2.867319867014885 5.268926724791527 4.220167197287083 0 172.3891700729728 209.8951414749026 0 0 0 1.019534438848495 0 0.1021067649126053 0.3326123654842377 0 0 0.2625491470098495 0.1108599156141281 0 2.787001252174377 39.26395492255688 0.1415880471467972 26.88567339628935 0 1.026929654181004 15.6825587823987 22.20987865328789 0.4176773652434349 2.965108752250671 149.1205161809921 623.3938068971038 0.9290188848972321 0.1196336150169373 1.877139113843441 0.1139638274908066 0 0 9.340163759887218 9.290600493550301 12.69503436982632 178.6849372014403 18.34558136761189 4.186960622668266 0.4953813552856445 0 0 0
3.845848619937897 21.99534137547016 12.78203461319208 2.125200476497412 0.5393079966306686 19.68133052811027 14.6675252430141 12.89351158216596 1.89358027279377 24.16790175437927 2643.247963838279 36.32376565784216 55.23756963014603 37.43438785523176 0.4273118823766708 0.09454397857189178 93.43327616900206 234.1056193336844 1199.263039790094 12.60603618621826 1.812393143773079 9.139435470104218 9.463916748762131 5.697203613817692 26.15142229199409 4092.030581951141 228.4185162261128 7.12080218270421 46.78425269573927 15.32797048985958 51.57567872852087 12.64522267878056 1.823802635073662 1390.573979057372 2.115796402096748 221.1903438046575 1076.610510341823 1776.555809222162 289.0415506288409 11.23730997741222 0.6875396221876144 16.10233055055141 0.8609320744872093 0 28.79063975811005 0.10868851095438 0.3570718318223953 0 0 0.6803244948387146 0 0.3070455193519592 0 14.03302725404501 0.07653366029262543 82.17926650494337 0 0 0 1.200967721641064 12.39179404079914 17.75462360680103 0 0.6368962526321411 0.1147603243589401 1.007546722888947 1.409067548811436 44.56608077138662 230.9441063404083 222.8397023901343 2.52414420992136 0.0698133111000061 1.544430136680603 42.55927105993032 0 0 0.9372507408261299 0.8695627450942993 1.397267058491707 18.65320853888988 2.508127704262733 0.4359384477138519 0.7152950316667557 0 0.4176464080810547 0.1045823991298676
10.19618832319975 26.06566704064608 119.3155069500208 2.025207616388798 0.423143170773983 15.64900274202228 17.50594648718834 20.77989218384027 1.344181187450886 24.88601506128907 1540.121207557619 28.4547936283052 6.813488453626633 57.99826721847057 0.1116452142596245 0.08268938958644867 3960.525151990354 1199.263039790094 2166.561891913414 12.31578674167395 37.30038554221392 6.519064269959927 222.9348907470703 5.495982360094786 6.351018287241459 6038.698746137321 885.0986858457327 8.163004040718079 78.09040770679712 97.93728490918875 7.295678727328777 8.471816897392273 4.074405424296856 3453.059517629445 2.435629896819592 259.5965577960014 1537.462774425745 2185.014259330928 273.5311286300421 9.083838328719139 1.62409670650959 3.37838551402092 1.257990553975105 0 169.0806628763676 5.054572813212872 0.112399585545063 0 0 1.514346644282341 0 0.3551631420850754 0 2.473177902400494 0.08071638643741608 11.05008525401354 0.2228020280599594 0 0.4045358523726463 25.59832592308521 8.364891640841961 98.18784110993147 0.326667457818985 1.102884754538536 0.1770071238279343 2.40166375041008 2.300043173134327 48.71838101744652 406.5769312232733 648.3508562669158 2.508169896900654 0.4341534078121185 2.996598929166794 7.67991741001606 0 0 5.682720616459846 0.8370736837387085 4.365747697651386 29.27656738460064 9.608768709003925 0.8899228125810623 0.1989935487508774 0 0.6751896142959595 0
0.8608841598033905 0.1218947842717171 1.369870021939278 3733.674067083746 3.400583393871784 383.0326186232269 50.22204185277224 221.0139877013862 248.2897765561938 6349.47666028887 35.76669654622674 7104.370964355767 7.588384415954351 178.433121457696 57.59820655733347 0 0.4429004713892937 12.60603618621826 12.31578674167395 266.9359699301422 0.3863962292671204 0 1.586217120289803 396.9532393068075 0.4727584421634674 16.44232525676489 7.890708047896624 1079.277490064502 276.5696219876409 1.166076794266701 2.277847796678543 38.57350748032331 2.518704146146774 225.8387835025787 29.23319760710001 1107.047490552068 14.30811508744955 325.3625695183873 100.8668073639274 386.5132964402437 10.83839032799006 2.395393677055836 6.121280297636986 0.6080175191164017 0.2671540677547455 3.234171852469444 170.293782800436 0.2791986167430878 14.33768953382969 136.2360999360681 23.21556793153286 19.46179175376892 60.67282266169786 0.3697384372353554 112.4882516041398 0 9.884831964969635 6.533388167619705 0.1912251859903336 0 0.3881282657384872 0.08630013465881348 130.2639204263687 0.7045440524816513 0.3859837651252747 0.9162987247109413 209.5231662988663 0 0.0767192542552948 0.4422639459371567 199.9109925031662 2.382775910198689 19.99626053869724 0 0.1679979264736176 0 3.591459475457668 1.914024755358696 53.64316446334124 0 6.535473242402077 1.294576451182365 124.0316924378276 0.1400830894708633 0.5445128083229065 1.225434422492981
144.1631551682949 8.809976674616337 1495.658431977034 0.3459903746843338 0.06936841458082199 8.285752631723881 538.9843962267041 173.8177100419998 26.40804871916771 6.947161912918091 4.958002638071775 0.8771149665117264 26.35935601592064 396.2429285272956 0 2187.57154263556 743.7699902504683 1.812393143773079 37.30038554221392 0.3863962292671204 9800.536156401038 568.4597618281841 11457.36919801682 323.8133738860488 7.125823900103569 70.00362226366997 1196.58948713541 3504.865143187344 344.5762907266617 13639.09666319191 0.3209709003567696 1.381424881517887 62.95227509737015 2622.198779635131 236.6030733063817 6677.092779248953 914.9730483964086 4023.338188439608 2218.853677354753 439.1701207011938 16.04553294181824 34.6657740175724 105.6455637514591 1.320705078542233 0.9363740459084511 3.134850449860096 0 0 0.7834619358181953 35.09533241391182 4.04772537201643 23.20282732695341 1.776764087378979 0.1419739276170731 0.1043542474508286 0 6.557861030101776 0 567.4705124273896 1.972153842449188 0 0.1055524572730064 0 1030.992160782218 56.34633100032806 116.9713946059346 165.8921605274081 0 1.701170846819878 10.18265286833048 337.1927192285657 2.07455638051033 539.892236970365 0 0 0.09634499251842499 1.295228004455566 128.6014085412025 511.4789674654603 2.283739857375622 5.088067568838596 4.185511335730553 0.862774133682251 0 15.59913975000381 0
0 3341.823387801647 30.15309514850378 0.3644660115242004 2.39742174744606 2.108113043010235 10.52389042824507 0.8795696943998337 3705.983088687062 0.1447875797748566 6.2156031280756 5.479474291205406 140.9919108375907 1.641033589839935 121.4006344005466 4180.040699198842 22.32915403693914 9.139435470104218 6.519064269959927 0 568.4597618281841 1541.649614833295 492.4829982668161 5525.298463493586 1095.442080162466 253.3126072213054 7996.799025639892 223.1455921307206 2.335484325885773 5.673516169190407 45.20221342146397 0.1030118241906166 2.083802409470081 6.644045010209084 0.4911382347345352 15.49976927787066 20.74837125092745 14.81479232758284 1.496603652834892 107.4894177392125 0 4.910107888281345 0.6986196935176849 0.6370454803109169 470.913146853447 128.1999293118715 3.114465713500977 0 0.3332506269216537 19.42417265474796 1.328195661306381 26.80336450785398 0.7097263559699059 0 0 3.307023413479328 1.574792951345444 0 1088.991633445024 3.544958263635635 0.1315013766288757 1.125715866684914 0.1313757598400116 971.5372798144817 94.06953179836273 625.3695358037949 156.1774128377438 44.30797228962183 11.98983635753393 635.6820299774408 178.9808773174882 1.089858338236809 213.8779619634151 0.5309267044067383 0 0.3818949908018112 1.456894867122173 0 16.62535883486271 3.241523131728172 4.263089247047901 0.7596215754747391 0.4240699112415314 0 0 0
219.4753526300192 6.823324762284756 8675.674653559923 0.1902198046445847 0.3276348412036896 5.644776821136475 211.1217613220215 241.039737097919 3.394331231713295 5.451045334339142 11.5366213992238 0.6555311568081379 53.24431549012661 542.7938669994473 0.1509882509708405 3261.98432777822 2063.122117318213 9.463916748762131 222.9348907470703 1.586217120289803 11457.36919801682 492.4829982668161 10820.40135361254 385.449857160449 19.59971304237843 1287.889949537814 7867.097033254802 1716.024460308254 282.9673996716738 7289.184874720871 0.5017353594303131 3.361016217619181 50.24472879618406 3273.145920984447 237.3263391777873 9935.269185677171 5625.610029771924 6884.445568300784 3919.808879517019 996.7759914398193 43.77679464966059 51.81072277575731 174.6584976688027 0.5720974206924438 7.25956553965807 47.35835475474596 0 0 0.1680570244789124 8.130770064890385 1.569565527141094 0.9829201474785805 0.104305200278759 0 0.1365222930908203 0 4.48014098405838 0 958.8933945447206 2.811268635094166 0 0.7500150799751282 0 992.6160902678967 210.3713748529553 940.347478248179 24.58049833029509 0 5.382510997354984 220.1244319826365 49.14393248409033 0.787589006125927 199.5512921586633 0 0 0 4.909865766763687 287.2151270657778 248.8400033414364 6.106034711003304 2.467282831668854 6.388590306043625 0.7748251855373383 0 18.64313560724258 0
23.99124433100224 777.6707282364368 11.64855965226889 3269.670426778495 19.40712247043848 287.8252374082804 2177.173415742815 264.3166947774589 12462.33891300857 1151.568593464792 16.39447126537561 673.6678056269884 15.80658985674381 282.4573578499258 900.2330501303077 2280.718066945672 8.149581827223301 5.697203613817692 5.495982360094786 396.9532393068075 323.8133738860488 5525.298463493586 385.449857160449 14268.77875725925 49.72664460539818 38.1537889353931 3363.49497500807 10658.60132034868 448.7192294746637 603.264223344624 3.40356832370162 15.27975105494261 113.3572800755501 256.6250862255692 35.81289338320494 2219.304420433939 60.50428616255522 396.6209562793374 138.5209633782506 932.3292520716786 21.07330226898193 10.36488174647093 14.35481245070696 13.14564169198275 11.16159451752901 25.57712372392416 613.5878912881017 0.2192962169647217 66.59701810777187 1187.112276181579 121.1389317438006 866.4180546551943 228.6929403617978 3.666256070137024 179.9223071783781 0.1744525581598282 84.57474011927843 18.77740737050772 408.3843575119972 3.840450137853622 2.476810462772846 1.516899570822716 393.8869858384132 627.9612267166376 72.82916370779276 68.84805445373058 3742.209997631609 0 4.462171614170074 31.00785570591688 4027.327185183764 70.48706628382206 726.5959275886416 0.4877885431051254 0.8433200940489769 7.159090280532837 38.55158423632383 8.775510631501675 376.9725321829319 6.082095876336098 46.95958042144775 8.339869976043701 344.6382715404034 4.631614699959755 3.076058149337769 0.7726627141237259
0 1273.171959400177 0.1207681521773338 0.1931437328457832 2.078046426177025 3.403216116130352 0.755760483443737 2.70887216180563 104.9820304661989 0.7437825500965118 1231.685214243829 2.048047237098217 5414.548659682274 1.891649924218655 1.719226360321045 37.35509645193815 5.08913492411375 26.15142229199409 6.351018287241459 0.4727584421634674 7.125823900103569 1095.442080162466 19.59971304237843 49.72664460539818 1202.168406032026 994.2575984746218 4163.235975943506 5.857864588499069 2.59243880212307 3.241126678884029 830.1547298580408 2.688505321741104 0 466.996421046555 3.806619957089424 166.4083687439561 688.5834202095866 838.0574492514133 123.30279751122 18.31953054666519 52.97240447252989 815.5003140643239 7.868566274642944 0 710.8775331005454 0 0 0 0.08341294527053833 1.801111221313477 0 0 0 205.8840114101768 0 917.073427259922 0.2403907105326653 0 0 2.399940475821495 26.96757607907057 46.95603720098734 0.0948314294219017 0.2052465826272964 0 0.2574401795864105 0.4004097580909729 390.1356172785163 686.3995207920671 868.5254485160112 1.413471587002277 0 0.6374675780534744 131.2019709125161 0 0 31.18529028445482 0 61.98011257499456 95.54930732399225 22.4532914608717 2.279087260365486 6.672924518585205 0 136.0614415332675 3.811559915542603
74.1773184761405 2033.61208987236 7938.31753834337 3.272321380674839 1.269427046179771 33.90098947286606 61.84274405613542 174.7159344553947 56.84507812559605 39.78424384817481 2675.959067322314 47.47910363972187 1035.386782869697 350.5728880874813 1.739676378667355 5.718676403164864 6653.868968695402 4092.030581951141 6038.698746137321 16.44232525676489 70.00362226366997 253.3126072213054 1287.889949537814 38.1537889353931 994.2575984746218 33830.47449855506 14363.57053319365 17.93940615653992 367.0647566020489 541.7649833485484 485.0897505804896 18.1232695132494 64.03721639513969 3459.808830581605 18.93776418268681 2628.107300654054 8017.618659198284 6189.926041647792 1082.834652878344 64.78118571639061 5.317497439682484 55.2159493342042 10.35787952691317 0.8288352340459824 1555.560636520386 80.05884025990963 0.1142037212848663 0 0.2963843643665314 2.160772658884525 0.2063741832971573 0.1809629946947098 0.1520265191793442 56.76366007328033 0.08775144070386887 480.0998742282391 1.52991408854723 0 0.9599242135882378 197.3960653245449 82.17344189435244 458.2274677380919 0.168773777782917 5.810999736189842 1.731303527951241 17.82506543397903 2.188035868108273 398.3924453407526 1916.440545886755 3323.45079755038 3.506750173866749 3.275535620748997 17.08807097375393 196.0740040764213 0.1629533022642136 0 29.09759909659624 12.86573305726051 31.87337824702263 277.4464764222503 52.01443295925856 9.618797592818737 0.5823435485363007 0 8.370486691594124 0.2292203009128571
39.6016793102026 8512.738224551082 12477.03029185534 2.107768442481756 0.9404761120676994 14.79817768931389 358.4467020332813 84.17247086763382 488.6771421507001 19.44272830709815 714.2454236671329 15.15335924178362 4084.186265781522 160.9080025851727 19.33398944884539 4998.150913193822 5657.468823835254 228.4185162261128 885.0986858457327 7.890708047896624 1196.58948713541 7996.799025639892 7867.097033254802 3363.49497500807 4163.235975943506 14363.57053319365 30499.10678619146 2553.888158798218 118.7381625622511 358.3174740895629 1047.191007092595 5.257433362305164 21.47489482164383 4566.410343326628 71.73089262098074 6021.79854682833 12129.67725986242 8683.376164376736 1548.560055702925 266.2791243121028 13.6621033474803 109.2857418805361 32.51060128211975 2.593201786279678 4568.075410865247 2562.162951752543 1.32873947173357 0 0.2593900635838509 32.69119397550821 2.877536818385124 7.365612380206585 0.6373421028256416 73.1352976039052 0.1888044327497482 502.509223587811 6.268788009881973 0 925.5280383825302 487.6968073025346 81.74888601899147 728.8492868021131 0.3685487285256386 131.348713375628 1586.2731590271 2942.824311800301 39.23112192004919 556.4602843597531 3123.339246049523 12340.71091859788 49.59322836995125 7.482226148247719 55.432777158916 207.5774428769946 0 1.078838862478733 84.34745389968157 58.27382197976112 140.8984832018614 920.4007826298475 187.6027136519551 51.22733791917562 5.778086349368095 1.066518500447273 39.83313429355621 2.513231188058853
74.37532056868076 13.88365495949984 251.1716957688332 3932.478850193322 1.491703011095524 770.3039291575551 17155.75508813187 633.4249573796988 1372.925513155758 6228.026006512344 18.76407091319561 645.465382874012 24.08013240993023 569.9020627215505 72.57803187519312 1368.730250149965 9.828914038836956 7.12080218270421 8.163004040718079 1079.277490064502 3504.865143187344 223.1455921307206 1716.024460308254 10658.60132034868 5.857864588499069 17.93940615653992 2553.888158798218 24213.52625954896 625.1980175860226 10650.41940576583 1.530480764806271 21.94448322057724 175.6703103259206 433.6531505212188 78.78418754786253 2835.561736427248 138.2621545046568 677.0003234520555 297.8803956359625 326.0289135351777 11.52423737943172 14.45063438266516 20.71582318842411 10.08939795941114 3.026120319962502 16.67940676212311 238.3078802004457 0 24.54853161424398 684.0392092764378 69.31469264626503 290.2670692056417 105.6534751653671 2.315629072487354 61.62372098118067 0 55.71169072389603 4.563701219856739 319.6962158232927 4.198428332805634 0.7941601946949959 1.253044009208679 176.7173746079206 538.8867986127734 27.46262644231319 48.7490716278553 2035.823993571103 0 3.530487537384033 23.37749810516834 2469.012387648225 54.04684094339609 694.1000887900591 0.3131651356816292 0.2955187261104584 4.361623093485832 21.91355237364769 16.95062405616045 359.1592676267028 1.815264843404293 30.74319858103991 6.48272717744112 124.5419673025608 4.036217100918293 8.688795834779739 0.6404699981212616
