2673.468643158674 0.1120802909135818 46.26582626998425 4.265639878809452 0.2610910385847092 11.90214937180281 3168.265648648143 326.2112883552909 2.507924914360046 39.45541597902775 22.81800646334887 8.067164607346058 1.206935852766037 6741.268301673234 0 1.994833618402481 66.30402349680662 4.256631545722485 8.625648818910122 4.613523155450821 35.11097972095013 0.2249770909547806 36.19616272300482 26.81297971308231 0.2365967184305191 33.26048281043768 43.52149533480406 109.4063289836049 6687.414357818663 1568.644000269473 0 8.795060180127621 236.4422343447804 583.8408083170652 9.867453366518021 194.8966431245208 15.13813025504351 252.8080475777388 98.91892049461603 11.27994783222675 4.482722096145153 0.9480786472558975 1.153898142278194 0.2321820110082626 0 2.031501367688179 0 0 0 2.377048522233963 0.8314083069562912 5.126889407634735 1.112052321434021 0 0 0 1.118364721536636 0 2.766240417957306 0.401570700109005 0 0 0 2.900992199778557 1.304738819599152 0.6527329683303833 18.8891231790185 0 0.8864835575222969 7.674085400998592 15.58863858133554 0.9218389987945557 4.325059160590172 0 0 0 0 0.7458767592906952 4.028901666402817 0.1257650554180145 0.6872233897447586 0.7310692667961121 1.027872264385223 0.9295299649238586 0 0
0.1120802909135818 498.7336834445596 41.1629603356123 0.5537309050559998 0 1.03955190628767 21.96635992825031 3.5228541046381 1065.697880350053 1.403025291860104 266.0025548487902 0.8754084333777428 787.5503190681338 3.520619660615921 2.20156554877758 203.9165948033333 87.0694445669651 6.818017788231373 19.38080758601427 0.09409265220165253 10.48119571805 2602.207785375416 29.34036479145288 1155.717609956861 1890.255116067827 452.6526275202632 9576.486536085606 71.34082039445639 4.169374644756317 1.161024652421474 35.61102774739265 1.461167149245739 0.1314256638288498 198.5342171415687 0.6806589514017105 63.42496851831675 77.01615478098392 177.7820522487164 16.06657542288303 1.054408043622971 0.1668866723775864 141.8538042008877 0.1159032359719276 0 426.751503624022 42.12968461215496 0.9202341139316559 0 0 0.8542468473315239 0 6.067286059260368 0.9176904484629631 3.817401558160782 0.1550517529249191 62.29421982169151 0.1357111781835556 0.1982279717922211 9.912604995071888 20.52151170372963 3.255871333181858 27.281733982265 0.8608139902353287 1.422451972961426 42.33004101365805 25.63416501134634 11.30857007205486 120.1534977704287 546.4701457470655 1396.537045925856 3.989513203501701 0 0.4840811938047409 6.727700307965279 0 0 13.63707835972309 0.5917965620756149 23.47580722719431 27.79850868135691 23.41507136076689 9.080408029258251 0.3427892178297043 0 8.86298692971468 0
46.26582626998425 41.1629603356123 9315.428922250867 5.353108502924442 0 6.705856055021286 1575.039544008672 217.6291612833738 2.482116334140301 71.67718032002449 28.33362308144569 1.712635912001133 3.940610639750957 332.7283716276288 0.2208247929811478 9.026817925274372 3376.278970912099 72.31705025583506 206.2530892193317 0.7862982377409935 1237.37163387984 6.219567872583866 13961.82473959774 81.46172916144133 1.624912910163403 14601.93944723159 9396.495604500175 433.44307076931 81.60673399269581 677.6009346544743 3.38080482929945 5.708759434521198 8.98856870085001 688.3551855906844 42.71062376350164 1402.814074397087 1724.721001774073 1579.115640297532 517.6326061338186 59.28527820110321 4.610376514494419 11.98893525451422 5.45880401134491 0.1606752127408981 167.3488690033555 596.7293853163719 0.1328553706407547 0 0.2034141421318054 10.96558129042387 0 7.086632207036018 0.140786200761795 0.5665335655212402 0.1652639508247375 0.665468767285347 1.359283208847046 0.9059872925281525 23.79935329407454 43.02297239005566 0.2998562604188919 7.85474494099617 0.8493544012308121 13.00070510059595 31.49609266966581 346.9615585803986 29.75603055953979 4.87873800098896 500.8301135450602 2224.353952683508 18.12237566709518 0.4439649656414986 3.38885585963726 0.5416253358125687 0 0 23.64105752110481 7.211519084870815 92.12063674628735 32.77673479169607 80.95959106832743 52.68068841844797 2.418927326798439 0.1688097268342972 0 0.2057232707738876
4.265639878809452 0.5537309050559998 5.353108502924442 4368.386800400913 1.599775925278664 130.5108291506767 360.0993011072278 91.15642944723368 655.0003702640533 3772.895423941314 2.193068459630013 6951.103337548673 0.2679676488041878 83.61890868842602 179.58617503196 1.227126099169254 0.9242775365710258 0.6171292588114738 1.085215367376804 4246.232407838106 2.566361591219902 0.429428294301033 3.993487514555454 1946.727421544492 0 1.375600904226303 4.376131311058998 3090.750666871667 91.19226988404989 2.276077389717102 0 5.012816071510315 6.981960155069828 45.79480545222759 7.623880185186863 177.9395412057638 5.119735687971115 64.3203085064888 55.29260720312595 188.7849485427141 8.070725701749325 1.14684771746397 3.073220811784267 0.143378347158432 0 0.2925167828798294 135.958003744483 0 14.5426132529974 141.983584061265 12.01566749066114 102.3869282081723 282.0849046856165 0.2823525071144104 135.101518034935 0.2951026260852814 8.74632466584444 10.81452061235905 0.3674254268407822 0 0 0 166.4311265572906 0.6812424510717392 0.2741054520010948 0.5806405395269394 403.0330846309662 0 0.09735900908708572 0.5834031105041504 214.5531900301576 3.218788914382458 2.545907393097878 0 0.1487616449594498 0 2.540683582425117 1.49661211669445 28.87402806431055 0 7.062608078122139 3.651799097657204 56.99743229150772 0.5368140041828156 0 0
0.2610910385847092 0 0 1.599775925278664 69.71321520209312 311.8258956968784 1.494244791567326 274.9806972146034 34.49827589094639 5.541394218802452 52.09557984024286 31.92356833815575 3.687326706945896 17.42773002386093 915.4962439090014 0 0.8382270038127899 5.064096756279469 4.041918471455574 3.888635076582432 0 0 0.6999487951397896 8.152889713644981 0 3.198618441820145 0.7320706099271774 0.8432672619819641 294.2821505665779 0.1612195298075676 0.2064645513892174 287.6458608955145 0 383.7146535366774 0 25.04788769036531 5.534621588885784 98.66317263245583 52.8900411427021 1577.9549132213 134.7703832089901 10.53077724575996 0.8151266872882843 0 0 0 0 0 0 0 0 0 0 0 0 0 0 0 0 0 0 0 0 0 0 0 0.8042090088129044 0 0 0 0.6582067087292671 0 0 0 0 0 0 0 1.658677898347378 0 0.839967280626297 3.41213858127594 0 0 0.1903165280818939 0
11.90214937180281 1.03955190628767 6.705856055021286 130.5108291506767 311.8258956968784 11210.86526058614 562.3239077478647 12651.67427258193 287.6629850193858 7076.038607433438 112.4776545986533 3408.497974984348 19.81394445896149 894.1770973950624 4056.495325408876 0.7853108868002892 3.811344690620899 22.25518976897001 18.9696818292141 214.4182681441307 3.32199614495039 0.4406302720308304 4.930940344929695 151.9359308332205 2.474709048867226 13.5097576752305 9.027946412563324 455.2828916832805 462.8499372452497 10.70094568282366 2.054833143949509 450.6399888172746 3.23015533387661 614.4308190345764 8.085881143808365 678.1698617637157 26.0909742936492 657.1557273045182 271.5339849069715 4808.444410644472 328.3756682425737 30.67295986413956 11.30701465904713 0.144456222653389 0 0 19.03246106952429 0.6053041815757751 7.967618346214294 26.90190713852644 1.644197426736355 19.1898360773921 41.38035889714956 0.1297875791788101 58.51966640353203 0.1553063243627548 1.316693976521492 12.95474258065224 0.1811781972646713 0 0 0.1008292660117149 29.25857930630445 0.7461071610450745 0 0 63.7926711961627 0.2804108262062073 0.1683322191238403 0.3980512768030167 29.31048502773046 0.2020762413740158 0.1716407984495163 0 0 0 0 1.271346122026443 38.6212163195014 1.209331646561623 6.469698451459408 10.47510600835085 84.72242972254753 0 0.2481959387660027 0.1875153183937073
3168.265648648143 21.96635992825031 1575.039544008672 360.0993011072278 1.494244791567326 562.3239077478647 20182.09790357947 5130.391413301229 303.9354423582554 9252.019690468907 48.7657550573349 56.83394659310579 3.799574509263039 15230.54340577126 13.03465891629457 116.2981480285525 308.257221929729 12.12575110048056 29.60864520817995 151.7952549085021 1205.760075844824 110.0568648949265 1254.26868994534 2281.842577822506 2.103697575628757 265.4547747150064 525.9967052862048 24048.04890806973 2165.066720351577 4079.145234584808 0.5252785012125969 38.61009316891432 252.3048998340964 1180.701713971794 124.5998439490795 2749.645060934126 152.9838753715158 1425.255333408713 1077.463863834739 536.0272681713104 117.0977097377181 7.575483284890652 43.69867044687271 5.152531571686268 4.66799458861351 32.70399475842714 52.9297671765089 0.4628113806247711 23.27172683924437 405.4361441507936 49.11319423466921 222.9985133856535 140.1481969729066 0.9094544500112534 26.56079512834549 0.2843567803502083 40.50069109350443 4.129658460617065 14.12881179898977 1.590849317610264 0.1419364511966705 0.5088554099202156 44.67831268906593 11.89001552760601 12.71753507852554 35.37395963072777 856.1979770213366 0.1017052084207535 6.636239901185036 95.10053992271423 758.7163753509521 19.19894248247147 29.93379279971123 0 1.140302196145058 1.087082460522652 10.74828054010868 11.60166957974434 149.0858330279589 3.887877836823463 57.70151096582413 15.01222779601812 89.71141476929188 2.239719241857529 1.082875207066536 0.7574000209569931
326.2112883552909 3.5228541046381 217.6291612833738 91.15642944723368 274.9806972146034 12651.67427258193 5130.391413301229 15972.54384599626 69.77373095601797 5045.188084170222 277.7449112161994 1237.317444816232 52.74243349581957 7257.88409101963 459.598288230598 2.840655125677586 98.84831960499287 55.96870173513889 49.2385041937232 174.2589953765273 59.35752010345459 1.868344210088253 87.73106954991817 413.1841701641679 7.425609648227692 92.35686111450195 89.12111366540194 398.2771871089935 782.4713910296559 382.0780881121755 4.011335738003254 1675.566262632608 43.71357434988022 964.8031212985516 25.26503125578165 1153.641544409096 78.42116735875607 1193.368837572634 619.3859769999981 2798.423378482461 258.1922959089279 57.78955689072609 9.641924314200878 0.5481821596622467 0.2713130116462708 3.46427758783102 17.85617582499981 2.249020159244537 4.970652274787426 82.83783105760813 7.44984819740057 32.14883629977703 34.48973439633846 0.3131539523601532 7.752078428864479 0.4761623740196228 9.695024266839027 1.553667187690735 2.000296413898468 0.0955950915813446 0 0.1171148791909218 9.397978529334068 3.382262676954269 2.546609252691269 3.371111959218979 160.6889018639922 0 2.110066920518875 12.21365837752819 144.9291973263025 2.952157631516457 2.854439996182919 0.1215871274471283 0 0.4353508651256561 2.643165692687035 2.259169057011604 51.11339323222637 1.254824683070183 17.09699464589357 21.67407435178757 10.24787858873606 0.5339942574501038 1.24824084341526 0
2.507924914360046 1065.697880350053 2.482116334140301 655.0003702640533 34.49827589094639 287.6629850193858 303.9354423582554 69.77373095601797 921.0738974511623 317.5694981217384 33.20165359228849 458.3187548071146 91.37999606132507 40.69093781709671 1432.297112591565 151.7568503543735 1.800923101603985 0.9457685202360153 1.529281742870808 586.2316144406796 40.06059940904379 3214.971842110157 36.21050279587507 12313.17457211018 289.6678699553013 25.10058303922415 894.2510697990656 1199.970480464399 38.17952383309603 21.90391729027033 5.59774175286293 2.448352441191673 7.159309446811676 36.3930107653141 2.93030022829771 103.4125045835972 6.976776957511902 48.84658771008253 18.94037017971277 412.1718934848905 7.01993116736412 12.30823587626219 0.1408671438694 9.908295057713985 2.691251702606678 1.957864694297314 160.37086763978 1.032147541642189 27.63271529972553 217.2374022156 25.95169528573751 94.28179436922073 252.2579392269254 0.9533998891711235 290.5211642980576 3.596206985414028 26.83177275210619 16.87514260411263 202.574700884521 0.7479604110121727 0.4795433953404427 1.255042016506195 214.9781685099006 121.8889536559582 46.00859018415213 85.90860209614038 1732.645949989557 1.348663851618767 6.113199688494205 24.07720138132572 760.7085453644395 22.19233858585358 102.2136651724577 0.6510572135448456 0.5245202928781509 2.528456725180149 8.425094157457352 2.101268529891968 73.3172150105238 3.261549353599548 18.93868418782949 5.587554305791855 52.17710545659065 0.7274613678455353 0.1273398548364639 0.9716740846633911
39.45541597902775 1.403025291860104 71.67718032002449 3772.895423941314 5.541394218802452 7076.038607433438 9252.019690468907 5045.188084170222 317.5694981217384 37224.44649276137 49.02600419521332 4478.803623996675 10.43234679102898 1598.844600610435 213.4885030537844 4.460293412208557 11.02174324542284 12.97643665224314 14.36312178522348 4673.110422790051 21.26018346846104 3.032962203025818 30.42591626942158 1339.501086577773 1.924965105950832 17.14297266304493 26.24730298668146 6975.764928966761 948.4229300022125 38.9155609831214 0.801879994571209 61.71007872372866 27.84688910096884 626.4784264042974 30.81613087654114 1356.589090704918 60.99748296290636 840.6590335145593 408.5148682296276 521.7554945349693 112.5410597473383 8.366083696484566 27.83590165525675 1.094199180603027 0.09095493704080582 0.5552954822778702 163.1205479428172 0.8975877240300179 26.15984913706779 226.6619683355093 18.67293042689562 94.90699487924576 316.8530126735568 0.1038814559578896 180.8953410983086 0.2381424978375435 13.9101147800684 14.64360618591309 0.5472724065184593 0.7116002440452576 0 0.1219479739665985 193.0568606778979 1.437669806182384 1.005355425179005 1.874005019664764 563.4792378768325 0.1441541165113449 0.4581381678581238 3.564979024231434 297.0511891543865 4.122721627354622 2.109335847198963 0 0 0.4428500533103943 3.105709806084633 3.212161213159561 59.5168556496501 0.9821439012885094 12.0703497081995 9.294641703367233 100.6839713230729 0.2488584145903587 0.1108813360333443 0.2507875561714172
22.81800646334887 266.0025548487902 28.33362308144569 2.193068459630013 52.09557984024286 112.4776545986533 48.7657550573349 277.7449112161994 33.20165359228849 49.02600419521332 11370.92211803794 34.14848468452692 2352.71016946435 824.6721270009875 1.088099472224712 0.6362343579530716 1319.354879453778 4433.714032463729 1247.488157853484 5.08999951928854 40.05581291764975 79.91736763715744 203.4049196094275 27.68365620821714 694.5896656662226 3476.996047407389 684.0525514632463 8.952228248119354 388.7625367194414 148.5490962490439 261.8005160242319 621.4857548549771 15.20398223400116 6974.754227027297 6.70792718231678 393.8029379174113 4156.009562276304 3316.658348806202 455.22048112005 53.57864203304052 19.28764548152685 778.8603030219674 6.112106427550316 0 14.13777700066566 0.6467957347631454 0.4031248688697815 0 0 1.974464789032936 0 1.447428002953529 0.3964517265558243 34.37728236615658 0.2163032442331314 581.8531001359224 0.08413070440292358 0 0.3395105004310608 0.9093819707632065 44.6516802534461 23.19132466614246 0.4150698184967041 0 0.5818537846207619 0.4000228047370911 6.300993658602238 210.3150808289647 177.9248478859663 273.3868841528893 2.906790748238564 0.07706210017204285 0.3643802031874657 100.3384581580758 0 0 6.989340595901012 0.630928710103035 19.6018612831831 152.1896342039108 12.51437672972679 14.23456231504679 0.1308485865592957 0 42.21181356906891 0
8.067164607346058 0.8754084333777428 1.712635912001133 6951.103337548673 31.92356833815575 3408.497974984348 56.83394659310579 1237.317444816232 458.3187548071146 4478.803623996675 34.14848468452692 5972.576939664781 6.373738117516041 481.5450713485479 1783.63201995194 0.1247584968805313 1.491432659327984 11.24208867549896 13.1378678008914 4105.750311248004 1.504107475280762 0.7709247320890427 0.3508607298135757 1098.496549040079 1.050563298165798 7.464697204530239 3.142021395266056 330.5542817190289 269.3855883926153 4.194819554686546 0.6057065650820732 68.71559266000986 1.975128650665283 285.8240794539452 48.95529692620039 572.1011096462607 14.35053667426109 390.634801633656 133.1086533740163 1716.552213557065 48.69133257865906 6.140890553593636 6.946403592824936 0.1823595315217972 0.1522883772850037 0.9335492700338364 84.06401022523642 1.733847118914127 42.85644182562828 62.66328416764736 6.747209094464779 82.37524865567684 216.9114086776972 0.1391667872667313 287.0582533255219 0.270578034222126 6.059410564601421 36.50393195450306 0 0 0 0 166.5021043419838 0.1729265451431274 0 0.4558914005756378 222.6013418138027 0 0.2769050523638725 0.5908487215638161 105.2425559014082 2.604427352547646 0.6274850890040398 0 0.1620786190032959 0.5228316187858582 1.188866376876831 7.167905732989311 87.76061236858368 0.3010996431112289 4.984231203794479 2.721483930945396 286.2164174392819 1.242788568139076 0 1.854779362678528
1.206935852766037 787.5503190681338 3.940610639750957 0.2679676488041878 3.687326706945896 19.81394445896149 3.799574509263039 52.74243349581957 91.37999606132507 10.43234679102898 2352.71016946435 6.373738117516041 3286.154608257115 97.82420654594898 0.6948213502764702 3.328126393258572 2.07338123768568 182.8678826540709 7.234089203178883 1.02130588889122 1.010432258248329 208.2113274112344 1.861500829458237 72.80839682370424 4226.308189824224 561.2513566091657 3594.714021772146 5.244469359517097 38.90608461946249 1.166996814310551 1038.423747964203 65.09092533588409 0.1692272052168846 1845.844925820827 4.863318428397179 129.729042135179 3568.620946086943 2223.784087367356 293.2686692625284 13.76731860637665 22.94995886832476 1068.82271515578 4.689622588455677 0 38.88361449539661 0.3280928358435631 0 0 0 0.2243944779038429 0 1.741840228438377 0 81.7443213313818 0.1493326425552368 1661.097462981939 0.2584097906947136 0 0.5676267743110657 2.726319342851639 147.5123099759221 80.5885920599103 0.1220066696405411 0.1968373358249664 1.23079901188612 0.1471937596797943 1.850824914872646 773.5170437321067 715.5505258738995 969.2007106170058 1.07642637938261 0.6309903338551521 0 341.9962705746293 0 0 18.74063993990421 0.573207676410675 14.0760168209672 301.4244775846601 20.74020420759916 5.766594417393208 0.2160801887512207 0.1512336581945419 91.73012816160917 0.7810502648353577
6741.268301673234 3.520619660615921 332.7283716276288 83.61890868842602 17.42773002386093 894.1770973950624 15230.54340577126 7257.88409101963 40.69093781709671 1598.844600610435 824.6721270009875 481.5450713485479 97.82420654594898 14586.29398422688 21.15869165211916 3.748325407505035 267.063862092793 196.7453173995018 268.4176854640245 115.4818565770984 118.1709808781743 2.245347775518894 156.9391075149179 225.6991261914372 11.17876642942429 274.0770423263311 240.5938131064177 509.2641170397401 7876.953625902534 1787.068844638765 10.15616476535797 733.8582256808877 92.86539009958506 3571.029482230544 25.27778843045235 990.1637701541185 136.9673502668738 2009.826452054083 605.9026940092444 416.1517239511013 93.04051069170237 47.37050773948431 9.719796180725098 1.076357141137123 0.9447531253099442 9.136175118386745 6.168922446668148 0 1.965871803462505 52.53366212546825 3.733816400170326 26.29643413424492 14.61986074596643 0 4.104624420404434 0.5015001744031906 8.014567576348782 0 5.88271190226078 0.8148552477359772 0 0.7355854213237762 3.517230726778507 4.11783604323864 1.940102957189083 3.327850759029388 110.6520604863763 0.7959201484918594 6.21834821254015 27.31706230342388 130.4955951720476 2.033011317253113 4.522103860974312 0.3094546049833298 0.1455243825912476 0.2442263960838318 2.059835016727448 4.04426620900631 31.48242893815041 1.958176530897617 12.33800859004259 12.99314123392105 11.02089919149876 1.451119631528854 0.4162000715732574 0.7576512843370438
0 2.20156554877758 0.2208247929811478 179.58617503196 915.4962439090014 4056.495325408876 13.03465891629457 459.598288230598 1432.297112591565 213.4885030537844 1.088099472224712 1783.63201995194 0.6948213502764702 21.15869165211916 573.4196822494268 0.2036182731389999 0.1102576404809952 0.22139872610569 0.1004936769604683 279.6838574931026 1.49725453555584 9.206145852804184 0 1071.837286286056 0.818260096013546 0.319558322429657 3.871905140578747 29.14772312343121 100.0182604342699 1.667350798845291 0 307.284307487309 0 76.9168494194746 0.8750655949115753 163.3778791949153 1.373178958892822 4.914426229894161 3.965086847543716 1847.905526213348 123.2833173573017 0.4472948908805847 0 0 0.4107723832130432 0 3.658526793122292 0 3.284041315317154 1.246405869722366 0 1.396635144948959 6.386009976267815 0 16.38861367106438 0 0 5.12774270772934 0 0 0 0 5.406134828925133 0 0 0.1628555506467819 12.77913367003202 0 0.3697801902890205 0.1401410847902298 4.081360600888729 0 0 0 0 0 0 1.423089265823364 14.88426983356476 0.3263376653194427 0.1132925748825073 0 34.10774949193001 0.1217023134231567 0 0
1.994833618402481 203.9165948033333 9.026817925274372 1.227126099169254 0 0.7853108868002892 116.2981480285525 2.840655125677586 151.7568503543735 4.460293412208557 0.6362343579530716 0.1247584968805313 3.328126393258572 3.748325407505035 0.2036182731389999 4179.031806364655 2.663160033524036 0 0.2527622655034065 1.035461612045765 1193.55277531594 4157.834586299956 4707.127761512995 2396.596593953669 11.34436386823654 2.283868081867695 4816.730486594141 2575.53631786257 12.77696435153484 11.27484352141619 0.3451085984706879 0.2500705495476723 5.407531507313251 31.33784577995539 30.62821761518717 1709.989915132523 331.2950286269188 127.6510514989495 222.4838656559587 49.21408953517675 0.9086227416992188 1.297189213335514 6.837624177336693 10.79533626139164 6.576945200562477 56.99339351058006 0.5851623117923737 0 0.7083306014537811 22.78610216081142 7.017795220017433 55.6646097227931 1.722824990749359 0.1075332388281822 0.2498240768909454 0 17.49077762663364 0 1415.099997833371 1.924249477684498 0 0.3178576678037643 0.2815414518117905 234.3090371116996 1179.252607584 1726.717782825232 352.6559287533164 0.8473966494202614 1.844588845968246 733.7154702693224 275.2827586829662 17.60152237862349 120.834076911211 0 0 0.5123117417097092 5.875901572406292 4.69981974363327 31.9078324586153 1.670855730772018 14.8925082758069 7.435611255466938 8.554450303316116 0 0 0
66.30402349680662 87.0694445669651 3376.278970912099 0.9242775365710258 0.8382270038127899 3.811344690620899 308.257221929729 98.84831960499287 1.800923101603985 11.02174324542284 1319.354879453778 1.491432659327984 2.07338123768568 267.063862092793 0.1102576404809952 2.663160033524036 2773.26172605902 435.2140385583043 5737.071389444172 0.5999660640954971 632.3579336255789 3.889511682093143 5993.315440557897 5.681950509548187 57.36666392534971 5201.852414883673 4919.692431986332 24.65752151608467 143.5558108612895 923.885773986578 1.068339481949806 18.04960516840219 23.35762783139944 3494.185509011149 8.224687978625298 584.4818729534745 1463.368694253266 1289.710299350321 185.93113630265 13.36179931461811 1.564004704356194 15.22033414244652 0.9755585193634033 0.1346043646335602 118.0373707711697 60.01044541597366 0 0 0 2.439836539328098 0.1215770170092583 2.576551288366318 0 1.035121977329254 0.132873147726059 6.074532613158226 0.135326936841011 0.529831126332283 3.850629709661007 86.62662968039513 3.931489765644073 94.26030963659286 0 4.351223707199097 13.01629010587931 35.02906972914934 7.206406116485596 28.04275625944138 790.4125819802284 611.8437597155571 2.256930232048035 0.1894162595272064 1.962779991328716 3.567336186766624 0 0.136687844991684 22.06147236377001 1.113844245672226 41.64975446462631 86.19907156378031 33.33590882271528 10.33825194090605 1.567285746335983 0.1257632225751877 0.6479626893997192 0.09700082987546921
4.256631545722485 6.818017788231373 72.31705025583506 0.6171292588114738 5.064096756279469 22.25518976897001 12.12575110048056 55.96870173513889 0.9457685202360153 12.97643665224314 4433.714032463729 11.24208867549896 182.8678826540709 196.7453173995018 0.22139872610569 0 435.2140385583043 209.0949723720551 1170.030627608299 1.767728880047798 7.256023146212101 1.267922379076481 50.07457730174065 3.545647449791431 48.41198086738586 5624.039270736277 1052.039124496281 4.946414038538933 91.30501002818346 15.13030114769936 166.4328310787678 95.47618072479963 2.311656452715397 1101.741502135992 11.45131792128086 865.6729894429445 2112.107795290649 1758.39030636102 606.2398959472775 20.92384405434132 3.164072170853615 34.96763199567795 1.270948708057404 0 6.111233867704868 0.1152611747384071 0 0 0 0.2955107241868973 0 0.2417953312397003 0 6.042454950511456 0 87.69158498942852 0 0.229979008436203 0 7.724558770656586 27.20895928889513 29.48722648620605 0 0.1067667528986931 0.4561319202184677 0.8906624019145966 1.549901627004147 28.48925941437483 142.8534153401852 133.3386745601892 0.782591849565506 0 0 29.28380911052227 0 0 0.8265585601329803 1.829858586192131 42.58321688324213 74.50380852073431 2.733510076999664 0.7858329862356186 0.6055980548262596 0 1.737234354019165 0.2141569852828979
8.625648818910122 19.38080758601427 206.2530892193317 1.085215367376804 4.041918471455574 18.9696818292141 29.60864520817995 49.2385041937232 1.529281742870808 14.36312178522348 1247.488157853484 13.1378678008914 7.234089203178883 268.4176854640245 0.1004936769604683 0.2527622655034065 5737.071389444172 1170.030627608299 2756.174035385251 1.817542836070061 21.04684320092201 2.008704543113708 235.3319854736328 3.467299424111843 254.8926330208778 4247.761176556349 1100.773010589182 4.133025087416172 133.9450073689222 67.13520513474941 8.523411557078362 97.08031564950943 3.168217837810516 4677.646367900074 11.13246564567089 966.1836907044053 749.1323719471693 2158.469030477107 498.8337954282761 17.49854744970798 1.218197003006935 2.891111396253109 1.416733577847481 0 13.70798137038946 1.887632645666599 0 0 0 1.114419169723988 0 0.9798869043588638 0.09395059198141098 0.4591086879372597 0.3941913843154907 7.867896907031536 0 0 0.2778736799955368 11.31094771623611 6.568413190543652 44.20083823055029 0 0 0.1444074660539627 1.194100514054298 1.051209270954132 13.51354847848415 232.2472337707877 105.4310807660222 1.15902440994978 0 0.3652142435312271 3.566230341792107 0 0 2.725129075348377 3.301415614783764 37.19704958051443 30.81394448876381 8.826614908874035 1.17306661605835 0.3477345630526543 0 0.113385796546936 0
4.613523155450821 0.09409265220165253 0.7862982377409935 4246.232407838106 3.888635076582432 214.4182681441307 151.7952549085021 174.2589953765273 586.2316144406796 4673.110422790051 5.08999951928854 4105.750311248004 1.02130588889122 115.4818565770984 279.6838574931026 1.035461612045765 0.5999660640954971 1.767728880047798 1.817542836070061 639.3341070711613 1.519633486866951 0.1175039410591125 1.669927515089512 1018.372642941773 0.09486914426088333 0.9101395756006241 0.4916985407471657 2168.55607008189 93.16142407804728 2.670651346445084 0.1819078102707863 8.045396573841572 3.929148487746716 70.08390408754349 6.53958597779274 235.452530875802 6.26470560580492 97.61940231919289 60.51878520846367 337.0763913467526 14.86318013817072 1.790196798741817 4.082371041178703 0.9061206728219986 0.5978975892066956 0.2131671011447906 180.3415519967675 1.202720522880554 34.23006258159876 139.2073216289282 15.14548727869987 108.6800577268004 316.6628036350012 0.1764896363019943 255.5998700261116 0 11.83227623254061 17.8005847632885 0 0 0 0 221.1566635742784 0.2062687575817108 0.1190755590796471 0.7966509908437729 445.2320876121521 0.2401343509554863 0 0.3454130440950394 211.9276566281915 3.200339891016483 2.791043847799301 0 0.5380372554063797 0 2.059699922800064 0 39.58453044295311 0.801758736371994 7.40854550153017 2.71429792791605 110.7496853992343 1.030888617038727 0.314918726682663 0
35.11097972095013 10.48119571805 1237.37163387984 2.566361591219902 0 3.32199614495039 1205.760075844824 59.35752010345459 40.06059940904379 21.26018346846104 40.05581291764975 1.504107475280762 1.010432258248329 118.1709808781743 1.49725453555584 1193.55277531594 632.3579336255789 7.256023146212101 21.04684320092201 1.519633486866951 11018.51795147359 97.76983913034201 16068.25395359099 314.3821779042482 1.322059720754623 180.2187603637576 779.8410012423992 6183.824767924845 150.5096081569791 9336.470916256309 0 3.008069276809692 81.5092296525836 3296.307077892125 195.7356071025133 6150.897810027003 615.4834543243051 3758.691934205592 2532.796360760927 150.3735440596938 7.365936152637005 2.715504467487335 31.39392647892237 7.972409687936306 3.645060315728188 43.2758861631155 0.11978580057621 0 0.09141495078802109 18.75695618242025 4.864310413599014 38.58298580348492 0.9095092862844467 0.1237440034747124 0 0 14.75924930721521 0.3861116766929626 185.1607121527195 2.259170033037663 0 0.1213622689247131 0 119.7119082659483 113.1302488818765 159.9898525848985 153.8604075685143 0 7.178008675575256 114.6050322204828 150.6170545592904 16.48926210403442 104.5524920895696 0 0 0.4890068173408508 5.46967625617981 20.7365483045578 36.8523095920682 0.4863741546869278 6.688387617468834 4.323474414646626 3.710419848561287 0 0 0.1459903419017792
0.2249770909547806 2602.207785375416 6.219567872583866 0.429428294301033 0 0.4406302720308304 110.0568648949265 1.868344210088253 3214.971842110157 3.032962203025818 79.91736763715744 0.7709247320890427 208.2113274112344 2.245347775518894 9.206145852804184 4157.834586299956 3.889511682093143 1.267922379076481 2.008704543113708 0.1175039410591125 97.76983913034201 1189.150401644409 502.8119255900383 6536.976068086922 699.6212012991309 53.91513098031282 4643.581114560366 469.7079445272684 4.909228533506393 3.906184755265713 12.07077367603779 0.4813534468412399 1.868761755526066 40.24881131201982 0.2527710199356079 27.4138959646225 15.83404792845249 29.15197445452213 8.112740032374859 2.291244067251682 0.4069042503833771 25.71283157169819 0 0.8747491389513016 17.41993810236454 104.2410060763359 1.894778586924076 0 0.3948037400841713 9.032654583454132 0.7711296677589417 16.01853764802217 2.512426979839802 0.5022145658731461 0.6554112359881401 4.400435052812099 3.852039396762848 0.2098737359046936 1044.101211942732 1.704002760350704 0.6083825528621674 0.3613314256072044 1.6689238473773 80.0635979399085 228.5594430118799 937.1714352816343 114.970304094255 2.582745313644409 10.5038937330246 1594.062691904604 81.20913365483284 2.041041910648346 24.28759150207043 0.6941497549414635 0 0.142899215221405 2.184602223336697 0.9975735396146774 15.11032449454069 3.12625739723444 6.308437012135983 5.594103023409843 2.196033909916878 0 0 0
36.19616272300482 29.34036479145288 13961.82473959774 3.993487514555454 0.6999487951397896 4.930940344929695 1254.26868994534 87.73106954991817 36.21050279587507 30.42591626942158 203.4049196094275 0.3508607298135757 1.861500829458237 156.9391075149179 0 4707.127761512995 5993.315440557897 50.07457730174065 235.3319854736328 1.669927515089512 16068.25395359099 502.8119255900383 18677.69075106084 540.9353631809354 2.749831154942513 1938.029715918005 15170.23460587114 3972.902640603483 94.06997108459473 3291.31611277163 0.8819225654006004 7.264334067702293 27.9358843266964 3823.267453454435 341.3137929663062 11638.34325061738 6123.311665400863 4959.491006873548 4442.234701655805 524.1815437078476 10.86998227238655 15.0321908146143 54.2344645857811 4.092604584991932 17.57013543695211 805.5760040655732 0.6558702737092972 0 0.727160170674324 16.80868746340275 4.420373775064945 15.68875405192375 1.452348969876766 0.2163727134466171 0.3151321709156036 0.3001493960618973 8.460938990116119 0.3900473117828369 1178.30617211014 11.9207062497735 0 5.225850760936737 0.8211306780576706 138.9381415247917 728.5776294544339 2186.648600056767 140.8933917582035 0.5321226790547371 63.40073731541634 2294.732381314039 124.0614660009742 6.556648038327694 55.68292626738548 0 0 2.188560478389263 14.48953753709793 39.17350600659847 95.23022655397654 12.55724091827869 50.87411231547594 47.45510292053223 3.582102745771408 0 0 0
26.81297971308231 1155.717609956861 81.46172916144133 1946.727421544492 8.152889713644981 151.9359308332205 2281.842577822506 413.1841701641679 12313.17457211018 1339.501086577773 27.68365620821714 1098.496549040079 72.80839682370424 225.6991261914372 1071.837286286056 2396.596593953669 5.681950509548187 3.545647449791431 3.467299424111843 1018.372642941773 314.3821779042482 6536.976068086922 540.9353631809354 15119.65685872734 235.7097666114569 22.10988342016935 2939.239325217903 10458.44862706214 315.6840841248631 109.057512037456 4.028541848063469 6.560371950268745 72.2450395077467 222.9796452000737 23.27941993623972 1127.386390037835 63.63322723656893 336.423969604075 247.6008408889174 391.322382606566 35.14130971580744 10.12008398771286 14.17693487554789 25.2410344183445 5.671700812876225 36.37980805337429 271.9579877853394 1.473514564335346 56.93321640044451 832.3755117952824 86.55915275961161 1357.373753719032 570.2893648594618 3.673455111682415 272.4353634789586 2.852480858564377 98.3236528635025 15.33380707353354 206.7568004503846 0.9132888913154602 0.5473289862275124 0.3330017030239105 291.7924225702882 138.417977951467 179.6110113412142 181.4921731129289 3013.377159297466 1.086423084139824 7.460670650005341 204.4680643081665 2186.151094198227 66.67688206583261 141.6207730770111 0.3830946013331413 3.655000932514668 4.89982745051384 27.91738568991423 4.593692466616631 259.6949289813638 5.794906921684742 101.3020956367254 28.29966343939304 169.7239705324173 3.80134953558445 0.9839671924710274 0.6821639239788055
0.2365967184305191 1890.255116067827 1.624912910163403 0 0 2.474709048867226 2.103697575628757 7.425609648227692 289.6678699553013 1.924965105950832 694.5896656662226 1.050563298165798 4226.308189824224 11.17876642942429 0.818260096013546 11.34436386823654 57.36666392534971 48.41198086738586 254.8926330208778 0.09486914426088333 1.322059720754623 699.6212012991309 2.749831154942513 235.7097666114569 1552.411210425198 657.1072767078876 6241.95691037178 12.63471684604883 4.734423451125622 0.988805741071701 251.3013756722212 7.036083169281483 0 1105.682106137276 2.729027584195137 86.30092092603445 570.3574938476086 552.904399715364 82.01770951598883 3.546470947563648 6.385396882891655 928.3039776682854 0.1263396441936493 0 102.6399944350123 1.22649373114109 0 0 0 0.116144672036171 0.1399441212415695 0.286525085568428 0.309520959854126 34.6954149082303 0.132566511631012 700.6171426549554 0.4287549331784248 0 0.2678712904453278 4.048759534955025 26.1199511513114 39.55302324146032 0 0 5.6590646058321 0.6028485298156738 1.930544748902321 200.0300542935729 552.7121691033244 683.0534719079733 0.4809860736131668 0.5826513320207596 0.1313102245330811 57.90839157998562 0.3451297581195831 0 34.65943048894405 0 18.80414042621851 71.2221923917532 30.92572477459908 30.21631008386612 0.5981632620096207 0 64.55662102252245 0
33.26048281043768 452.6526275202632 14601.93944723159 1.375600904226303 3.198618441820145 13.5097576752305 265.4547747150064 92.35686111450195 25.10058303922415 17.14297266304493 3476.996047407389 7.464697204530239 561.2513566091657 274.0770423263311 0.319558322429657 2.283868081867695 5201.852414883673 5624.039270736277 4247.761176556349 0.9101395756006241 180.2187603637576 53.91513098031282 1938.029715918005 22.10988342016935 657.1072767078876 35164.39557945728 13063.74806269258 42.62107215821743 123.1914682686329 261.1887135580182 850.0789327919483 67.40046960115433 8.236762404441833 2446.429317988455 49.21795978397131 4115.511816732585 7255.330981962383 4106.690170437098 914.387927159667 78.82426751405001 8.198482111096382 95.11893527209759 7.031089760363102 0.8857478424906731 802.2633053660393 25.34688854962587 0 0 0 7.029246136546135 0.4489634931087494 2.592252559959888 0.2788112610578537 36.41684946417809 0 452.1695953831077 1.059424251317978 0.2334746271371841 2.883985571563244 484.8652924075723 240.9197434037924 929.6969383135438 0 11.71973206102848 12.15074515342712 37.69312104582787 8.19579654186964 630.1065769940615 5091.3502702564 3540.849072284997 4.638759359717369 0.6284360364079475 7.504932411015034 161.7308003008366 0.1366695314645767 0.2593778446316719 82.91872281581163 8.561552487313747 227.4345627725124 878.9118123278022 143.2529132068157 48.54284369200468 2.824706226587296 0.1226241067051888 17.29573358595371 0.888772115111351
43.52149533480406 9576.486536085606 9396.495604500175 4.376131311058998 0.7320706099271774 9.027946412563324 525.9967052862048 89.12111366540194 894.2510697990656 26.24730298668146 684.0525514632463 3.142021395266056 3594.714021772146 240.5938131064177 3.871905140578747 4816.730486594141 4919.692431986332 1052.039124496281 1100.773010589182 0.4916985407471657 779.8410012423992 4643.581114560366 15170.23460587114 2939.239325217903 6241.95691037178 13063.74806269258 42628.38608969748 2346.583986252546 131.4616503491998 399.4395095184445 1056.414882518351 37.48610062897205 16.99753727018833 2421.44105733186 206.570627078414 8459.939409486949 3499.560668103397 6384.032121352851 2823.577226117253 426.5570501238108 26.62022574990988 98.05209512263536 30.02290175110102 1.146764129400253 4127.945395044982 2708.104048147798 1.382999427616596 0.2921691834926605 0.5592753440141678 61.62123642116785 4.177040964365005 39.91596509516239 4.853477157652378 26.92686115950346 3.970553644001484 355.3807404413819 6.355237014591694 2.762485988438129 669.8258677721024 526.5342147871852 131.8636135831475 681.0967461466789 0.9592963680624962 80.81092235445976 1376.923400655389 2808.921778343618 213.5910525023937 753.0330602452159 6080.457730263472 18766.47008959949 103.8568417578936 4.517768338322639 20.73845885694027 123.8111904487014 0 0.4284194931387901 133.5028493106365 51.26606322079897 498.4318658858538 558.0452477186918 344.1768678575754 224.8542294129729 10.33176641911268 0.7458948045969009 10.42479711771011 2.703259475529194
109.4063289836049 71.34082039445639 433.44307076931 3090.750666871667 0.8432672619819641 455.2828916832805 24048.04890806973 398.2771871089935 1199.970480464399 6975.764928966761 8.952228248119354 330.5542817190289 5.244469359517097 509.2641170397401 29.14772312343121 2575.53631786257 24.65752151608467 4.946414038538933 4.133025087416172 2168.55607008189 6183.824767924845 469.7079445272684 3972.902640603483 10458.44862706214 12.63471684604883 42.62107215821743 2346.583986252546 24454.21606422961 1289.258726552129 6940.718540810049 0.4264349341392517 11.07536689192057 567.5474772527814 1093.247082412243 147.9298195764422 4671.830547876656 210.6253049522638 1410.233862154186 1051.553695134819 358.8148302137852 62.09650672972202 5.724016599357128 39.91351614147425 29.74466070532799 1.239813521504402 47.40645226836205 103.3979060426354 0.2203640043735504 35.98707785457373 705.7370673045516 83.84895993024111 661.3107923641801 242.5644376724958 2.978229753673077 65.04541265964508 0.8669649213552475 112.1771746203303 7.524225682020187 216.5960954278708 2.185233198106289 0.2835969850420952 0.6835501044988632 88.22134368866682 160.3812009319663 124.9134930446744 171.7531513646245 2393.52938939631 0 3.788528017699718 188.7445519417524 1969.098153963685 84.3143552467227 238.5529359281063 0 1.431436836719513 5.754408992826939 25.29205660521984 20.20155258476734 248.1206677630544 4.95396301150322 80.17888599634171 25.6481042355299 136.8261748179793 5.099030338227749 0.3301002085208893 1.037568189203739
