1115.365369468927 0 16.06609292328358 3.181387759745121 0.4347519427537918 10.47497213631868 2065.224773168564 1072.389620736241 0.150897890329361 51.18275717645884 3.782695040106773 5.667956419289112 0 6040.624118573964 0.4776920974254608 0 13.91067733615637 0.8909334614872932 2.636959306895733 2.868223518133163 11.01709416508675 0 11.47443278878927 6.447820089757442 0 19.83658123016357 17.93673248589039 27.55565228313208 3548.578724578023 2426.072282776237 0 29.1438098475337 27.01543383300304 49.08230148255825 0.277158185839653 82.94582362473011 3.439077332615852 61.62842316180468 19.95604808628559 8.461480408906937 5.10820184648037 0 2.086338371038437 0 0.09641803056001663 0.3619074523448944 0.2662705779075623 0 0 0.09853105247020721 0 0.2980939447879791 0 0 0 0 0 0 0.09696923941373825 0 0 0 0 0.4827768579125404 0 0.1185453906655312 0.6208024397492409 0 0.4978415742516518 0.7056408375501633 1.813139796257019 0 0.2974297031760216 0 0 0 0 0 0.8815326690673828 0.1004639193415642 0.09320902079343796 0 0 0.4919500648975372 0 0
0 406.2656655013561 52.19912934303284 0.1949805915355682 0.2417935729026794 0.1511383205652237 24.34358168393373 0.8623819425702095 1236.47247684747 0.6274917423725128 64.70244853198528 27.99436150491238 233.8333987593651 0.5484992265701294 30.81688719987869 909.3291485384107 21.4661331102252 1.60933730751276 9.178302004933357 1.388074822723866 36.2803608328104 3877.493890553713 121.3032019436359 2336.881827652454 3217.83185826242 204.4208306223154 2464.514990612864 120.0485825166106 0.924930140376091 6.165663845837116 20.14032591879368 0 0.708805575966835 16.39344094693661 0.3971067368984222 59.95895610004663 380.1065058335662 65.66561216115952 7.987200886011124 39.94353651255369 0 0.3586795628070831 0.1287234425544739 0 386.1907195448875 57.59990149736404 0.9702811539173126 0 0.09663876891136169 0.6076370254158974 0.2138982713222504 2.161219835281372 0 0.4399958401918411 0.2450944259762764 9.216161005198956 0 0 8.454273819923401 11.06792970746756 2.291595250368118 24.85289040207863 0 1.916669793426991 8.420006759464741 4.76435861736536 4.909004203975201 890.1192117333412 151.7104659155011 1999.981326013803 6.022852063179016 0 0.7018307894468307 0.9020833298563957 0 0 1.036176383495331 0 7.865455090999603 29.82508949935436 12.43678313493729 2.090689450502396 0.1359164714813232 0 19.77990156412125 0.1137184500694275
16.06609292328358 52.19912934303284 10681.5273174122 5.115105614066124 0 5.5897131934762 1382.684863939881 233.4068746641278 3.469392284750938 83.2816000059247 28.4356706738472 0.5533634349703789 1.546683169901371 162.9483321607113 0 12.46106032282114 2881.991668149829 34.76481652259827 239.2184967696667 1.968310318887234 1198.669676400721 36.83715277165174 10354.72380008548 55.63252788037062 0.6531451418995857 11799.79554007947 10269.35601969063 368.4653055891395 72.30993107706308 854.5894976332784 1.38620264083147 4.257076159119606 6.171907491981983 1063.906048484147 34.44773351401091 1751.737071610987 4312.449951969087 2828.457715235651 532.2976952046156 91.51450128853321 5.346396803855896 9.558456405997276 9.361375220119953 0.4361088499426842 345.08827906847 316.0021336227655 0 0 0 2.749900355935097 0.9226612150669098 4.116808272898197 0 0.5988090038299561 0.1312164217233658 3.261730559170246 0.6444465890526772 0.2575510665774345 28.90875346213579 40.87033963948488 0.3663850575685501 30.38312625139952 0 9.834124527871609 132.6715515777469 105.1879111602902 17.38006976991892 19.89116257429123 155.3165943548083 3774.733509249985 15.93430911749601 0.1121953725814819 5.883439369499683 1.065124019980431 0 1.05234694480896 22.58866479247808 15.75153258442879 66.4130660071969 194.1172073185444 92.44079838693142 30.12413673847914 1.233307525515556 0.1752489060163498 0.5142792612314224 0.5937184691429138
3.181387759745121 0.1949805915355682 5.115105614066124 2317.439058169723 2.097651772201061 74.92032836377621 361.1967844814062 56.02203112840652 226.3663538247347 1781.726189255714 3.766127541661263 3725.591017581522 0.1028433963656425 53.98036842048168 21.23046162724495 0.7094272077083588 0.6407746151089668 0.6769214645028114 0.1987698152661324 3469.538382619619 3.750123575329781 0.3610644936561584 6.668413907289505 2160.573000572622 0 1.451977260410786 4.718000538647175 4102.230949901044 79.71557509154081 21.18353542685509 0 10.76359505951405 6.898042164742947 28.22823276370764 4.899849161505699 197.0638467371464 2.575338304042816 154.7304964214563 54.81788755953312 231.3422333374619 32.96437990665436 0 11.25281070172787 0 0 0.1138278096914291 40.24347287416458 0 2.204810477793217 32.77152615785599 2.440276965498924 26.56639498472214 26.11287146806717 0 36.47520358860493 0.162248283624649 1.401420757174492 3.346486046910286 1.67879655957222 0 0 0 10.9035931378603 0.4540229290723801 0.7335391044616699 0.5544280633330345 154.8439639359713 0 0.2051177471876144 0.4572503641247749 152.7878040000796 5.479365192353725 7.303967617452145 0 0 0.5716004371643066 2.77465432882309 0 45.70490687340498 0.4617769569158554 3.988214172422886 2.66770575940609 48.10574726015329 0.2491739168763161 0 0.2233283370733261
0.4347519427537918 0.2417935729026794 0 2.097651772201061 0 57.84806494414806 7.148771345615387 11.07940056920052 23.62293024361134 17.9687303006649 48.14585962891579 31.84339888393879 0.4787938296794891 1.874719247221947 1193.555401563644 0 0.3951583728194237 0.9576762318611145 0.6321725845336914 6.92419308423996 0 0.3729892075061798 0.6818167492747307 6.809408657252789 0.5309427306056023 1.994857527315617 1.460244685411453 3.757561884820461 59.85180009901524 2.25117713958025 0.1103582605719566 21.04792964458466 0.9548935294151306 321.5157818347216 0 19.72701273113489 19.83816905319691 275.2877968475223 56.66863670945168 1741.418378166854 76.94670580327511 7.575497001409531 0.9631268680095673 0 0.4395075142383575 0 0 0 0 0 0 0 0 0 0.3431461080908775 0 0 0 0 0 0 0 0 0 0 0 0.5711109638214111 0 0 0 0 0 0 0 0 0 0 0 1.10074770450592 0 0 0 0 0 0 0
10.47497213631868 0.1511383205652237 5.5897131934762 74.92032836377621 57.84806494414806 11052.37515706569 1606.423929035664 6804.4425361678 85.21916250884533 8836.260507337749 97.07808769494295 6624.967691935599 1.683976620435715 757.5240193009377 1742.190794691443 0 2.484848693013191 8.302237913012505 2.132924251258373 535.8188942298293 2.131632670760155 1.779076099395752 5.250330425798893 33.81187089532614 0.4586745649576187 11.06019239127636 4.519984476268291 385.0687645152211 644.5470873303711 22.82517204806209 0.5276876464486122 838.2007154561579 2.47555086016655 475.2174190580845 10.86764849722385 150.2897117137909 33.0284323990345 523.9148711785674 67.30206693708897 1282.733686596155 78.68222413212061 9.522819504141808 2.352016188204288 0 0 0 3.623022899031639 0 0 0 0 0.3106811940670013 0.8471637666225433 0 13.25902599096298 0 0 0 0 0 0 0 0.3758707195520401 0.3768405020236969 0.5858436524868011 0 14.89699798077345 0.0944674164056778 0.1397137343883514 0.7289901375770569 6.700477242469788 0.2708108723163605 0.5527954399585724 0.1024582982063293 0 0 0 0 14.43302251398563 0 0 0 9.886450126767159 0 0 0
2065.224773168564 24.34358168393373 1382.684863939881 361.1967844814062 7.148771345615387 1606.423929035664 15037.13781353831 6236.435010269284 181.4247859939933 5706.287564247847 38.41991871595383 42.77666284888983 0.2836867421865463 6424.223956547678 10.11116347461939 9.549314402043819 305.9948233887553 10.82323189079762 30.54732010513544 78.3323192819953 416.1874947994947 9.441931314766407 2313.772400058806 1344.020179584622 2.829883731901646 458.5322017632425 435.5039239227772 18496.74526596069 1466.127795167267 6466.565266437829 0.2739927172660828 88.76651194691658 119.0783610641956 415.105689458549 97.71785266697407 1908.31182147935 196.1098058000207 1296.42116099596 689.7494508177042 673.2694324851036 178.3718047142029 2.807141453027725 70.8813010007143 4.201563499867916 1.7561025172472 3.223477117717266 8.958536885678768 0 1.489580616354942 40.22727464139462 2.697201021015644 59.47934672981501 2.176116116344929 0.4951802715659142 7.007946386933327 0.1993121355772018 5.256967261433601 0.9047910794615746 28.61473014950752 0.4537181928753853 0.1085904687643051 0.4797104299068451 5.024405308067799 24.46904146671295 16.28770382702351 8.430938974022865 276.6507077664137 0.5662169381976128 3.887635059654713 48.84460110962391 349.1260784566402 18.40823649615049 70.5677580460906 0.141975998878479 0.3680260479450226 2.687861561775208 8.346375815570354 9.234384149312973 79.78226405382156 3.493679106235504 23.31525418162346 7.474088527262211 46.20424818992615 5.973121888935566 0.1337840259075165 0.5093172192573547
1072.389620736241 0.8623819425702095 233.4068746641278 56.02203112840652 11.07940056920052 6804.4425361678 6236.435010269284 10895.24896879867 17.3209935054183 4665.622671034187 97.47430285066366 1090.266633547843 2.17603911459446 6374.832644872367 1302.607896335423 0.9335894957184792 123.6743909567595 12.27875885367393 21.39220877736807 242.9210773259401 39.79218093305826 0.9940562471747398 140.4343587905169 80.57152207195759 0.6888826414942741 174.8836805000901 134.8249371573329 361.878273896873 2863.45305525139 2092.802873082459 0.1704522594809532 540.7534603476524 47.83814972639084 481.3426657095551 10.74060148000717 306.9197228364646 62.34389343112707 631.4115203768015 130.9131734259427 694.0110069438815 58.32750492542982 10.42318737506866 6.340760037302971 0.2402705252170563 0.5637112781405449 0.858638234436512 1.400033414363861 0 0.1888178437948227 5.580701768398285 0.132120817899704 4.35974945127964 1.02993618696928 0 5.166012324392796 0 0.6512090042233467 0.1318632364273071 3.143788620829582 0 0 0.3367519229650497 0.2660882472991943 3.877652607858181 1.325820609927177 1.594167970120907 24.86922104656696 0.5461942404508591 1.187619134783745 6.816820353269577 39.08616425096989 1.661869131028652 10.11733144521713 0 0 0.3566185235977173 0.7736935690045357 1.494203813374043 11.8129688501358 0.2458037883043289 2.186200030148029 0.4297709167003632 4.422380886971951 0.4435041844844818 0 0
0.150897890329361 1236.47247684747 3.469392284750938 226.3663538247347 23.62293024361134 85.21916250884533 181.4247859939933 17.3209935054183 1122.238643698394 98.06212060153484 3.479799255728722 501.4984560608864 4.386609517037868 8.329228512942791 624.7731649577618 65.89871494472027 0.5567976832389832 0 0 168.4362715929747 40.2380485907197 2668.830031186342 8.728812277317047 8102.242893800139 194.6369706615806 1.93574421107769 19.92229871451855 1110.954170465469 12.56496793776751 49.34768119454384 0.4413961470127106 1.436148904263973 4.398061454296112 15.45158547908068 5.094392761588097 162.911976121366 6.002107933163643 37.24106924235821 18.28601021319628 420.4872204884887 6.979022189974785 0.1645097881555557 7.602531306445599 4.193433932960033 75.60602701455355 3.944496497511864 86.63310889154673 1.27584370970726 9.05105496942997 94.68479274213314 4.782863169908524 81.80158595740795 31.63877254724503 0.7640853002667427 99.65677809715271 0.1953244358301163 5.081976570188999 27.93260788917542 240.3822873830795 1.094832107424736 0.1074391305446625 0.2708379700779915 47.73624369502068 125.1352253332734 186.2083001062274 64.78430566936731 1298.000460147858 14.79029332101345 3.659025363624096 31.30718645453453 750.3499967753887 35.21568020433187 161.7728609368205 0 0.2903289124369621 5.99518159776926 14.57742815464735 1.210213623940945 152.9587500840425 4.719978220760822 24.37623975425959 13.01735951751471 197.434370175004 6.646665491163731 0.5678792297840118 2.034744821488857
51.18275717645884 0.6274917423725128 83.2816000059247 1781.726189255714 17.9687303006649 8836.260507337749 5706.287564247847 4665.622671034187 98.06212060153484 33099.86988700181 91.36759877204895 7064.735489703715 1.122678071260452 1468.454121559858 10.74346938729286 0 22.67285729944706 12.98236045986414 5.188483282923698 4353.346844285727 11.80591128766537 0.9446451663970947 75.29756600409746 911.4846703410149 0.3718169704079628 56.94844188541174 34.02069728448987 8062.995565891266 584.7171572670341 123.3820490762591 0.5202756375074387 252.9628084078431 10.28195693343878 504.3098441585898 10.17126483470201 494.6033164896071 54.31493437290192 1574.566010221839 186.7674985341728 899.9676611721516 333.9713105112314 6.969317972660065 73.76192145049572 0.3607560843229294 0.533014290034771 0.4800738394260406 20.7497340887785 0 1.570126168429852 25.19438821077347 1.673615127801895 28.8296862244606 5.493406027555466 0.1191541850566864 20.31429704278708 0 0.3676419258117676 2.85872458666563 1.524181537330151 0.09457205235958099 0 0 9.524972297251225 0.7675683498382568 0.9289086163043976 0.5465201437473297 155.4661298468709 0 0.3497505336999893 1.976141303777695 170.5692815110087 4.552456580102444 9.659499548375607 0.1190822571516037 0.09212916344404221 0.9582056105136871 3.737870693206787 1.86767803132534 37.86497458070517 0 7.318594269454479 1.871485106647015 31.38228281587362 1.648777335882187 0 0
3.782695040106773 64.70244853198528 28.4356706738472 3.766127541661263 48.14585962891579 97.07808769494295 38.41991871595383 97.47430285066366 3.479799255728722 91.36759877204895 9679.358330480754 46.28380446135998 4607.790866963565 17.81263916194439 1.300411872565746 1.581464424729347 342.9624666273594 2615.035853534937 1332.788389906287 15.7505491450429 12.47639552503824 4.097003683447838 51.32109566777945 12.16260347515345 2797.294205456972 4130.973161779344 2405.155686885118 20.43034256994724 98.29996541887522 42.27053498476744 539.3629231154919 222.9130100384355 7.521026588976383 5914.297860749066 3.867383718490601 730.6350355744362 5307.167703308165 6009.833056412637 1251.700711242855 81.69206466525793 298.3568441197276 3641.278619743884 33.27213216573 0 6.520930677652359 0.1537448167800903 0 0 0 0 0 0.2864505648612976 0 202.1606709882617 0.09029132872819901 863.5064594969153 0 0 0.4137687236070633 0.1794936209917068 5.219767808914185 12.1787967979908 0 0.09209989756345749 0 0 2.070675194263458 101.2353498712182 327.5768384709954 467.5475532785058 4.207853086292744 0 1.264479875564575 270.1501968204975 0 0 1.597052410244942 3.158936366438866 19.22891838103533 840.6080641299486 6.372472010552883 1.528350420296192 2.904456362128258 0 151.2836622074246 0
5.667956419289112 27.99436150491238 0.5533634349703789 3725.591017581522 31.84339888393879 6624.967691935599 42.77666284888983 1090.266633547843 501.4984560608864 7064.735489703715 46.28380446135998 6203.29446183145 0.5794449746608734 294.4289820492268 1035.882803365588 0 0.08302376419305801 2.704884819686413 2.431580513715744 3178.597659438848 0.2494824752211571 70.77038581669331 0.6435992121696472 1487.234167300165 4.825912989675999 5.671433806419373 2.943368911743164 1726.380999393761 99.53463786095381 4.953930467367172 0.185709185898304 150.9619801640511 0.8811430409550667 184.3662528768182 19.00125604867935 588.5429349243641 20.55178321897984 429.0604281798005 32.1783197298646 1698.719723306596 92.22255054116249 3.19550996273756 4.04267506301403 0 1.173821195960045 0 32.81623473763466 0 5.045808598399162 8.031763836741447 0.4907532185316086 5.672870203852654 23.80594626814127 0 58.06679446995258 0 0.4005628600716591 5.393186748027802 3.730141595005989 0.1128179728984833 0 0 20.18213553726673 1.920088343322277 2.501049011945724 1.073517084121704 58.63472872972488 0.3944644033908844 0 0.2560356184840202 40.87270694226027 1.406600378453732 1.092498540878296 0 0.1601068079471588 0.1420603841543198 0.3955950513482094 0 104.7467298731208 0 2.184740766882896 1.076039291918278 87.57249440252781 0.1541867107152939 0.3204560428857803 0
0 233.8333987593651 1.546683169901371 0.1028433963656425 0.4787938296794891 1.683976620435715 0.2836867421865463 2.17603911459446 4.386609517037868 1.122678071260452 4607.790866963565 0.5794449746608734 4478.536374665797 0.2831872254610062 0 5.491893641650677 4.785646788775921 29.40163744240999 12.10501702874899 0.2698020860552788 1.085663422942162 15.55516903102398 4.010600782930851 7.489830516278744 7279.745931953192 614.3897623866796 5049.7353868559 1.384572103619576 1.266869612038136 0.6781021729111671 377.4778567180037 2.146275274455547 0.9674342647194862 320.0552796274424 5.183473199605942 307.2734704092145 1666.261292465031 1314.714988730848 149.7255009487271 11.05036792159081 42.02854808419943 2581.7238830477 12.46532148122787 0 7.831661552190781 0.4924533367156982 0 0 0 0 0 0 0 154.3396508395672 0 488.4600784778595 0 0 0 0.6160224974155426 6.380247548222542 8.488525442779064 0 0.2873597741127014 0 0 0 148.9842262789607 237.0985195785761 330.5249332562089 0 0 0.1120523065328598 200.2987758219242 0 0 0.7481314092874527 6.3343505859375 26.83541893213987 515.8672350123525 6.3284991979599 0.1325880140066147 0.6911306977272034 0 127.7994461506605 0
6040.624118573964 0.5484992265701294 162.9483321607113 53.98036842048168 1.874719247221947 757.5240193009377 6424.223956547678 6374.832644872367 8.329228512942791 1468.454121559858 17.81263916194439 294.4289820492268 0.2831872254610062 10522.18628712371 64.47577378153801 0.2576185390353203 104.9232243821025 8.549774624407291 21.12538469582796 146.3295692205429 42.97098968923092 0.114035576581955 114.4504457041621 66.70569370687008 0.2711656764149666 147.5873963981867 133.3117774501443 317.9436745345592 6272.452512726188 3583.237597793341 0.1934472471475601 248.6910490356386 75.24970235675573 190.8218866065145 9.567922070622444 264.4075333401561 31.08162850886583 242.7650045081973 83.70801365375519 80.5861763805151 13.89474250376225 0.9406872242689133 5.174246907234192 0.3451263606548309 0.4744866713881493 0.2482132911682129 0.262756921350956 0 0 3.138877496123314 0.1343396306037903 2.070319533348083 0.1085702329874039 0 1.612054072320461 0 0.2070267647504807 0.08702421188354492 1.936955869197845 0 0 0.270275853574276 0.1257920563220978 1.635769702494144 1.895414546132088 0.1911765933036804 12.05599078536034 0.4828765764832497 2.217283852398396 6.010166004300117 23.20836564153433 1.28961481153965 3.733525581657887 0 0 0.5867010354995728 0.2541891187429428 0.4144307672977448 3.064388908445835 0.1322120130062103 0.8841884136199951 0.2761848643422127 1.351526260375977 0.1062069311738014 0 0
0.4776920974254608 30.81688719987869 0 21.23046162724495 1193.555401563644 1742.190794691443 10.11116347461939 1302.607896335423 624.7731649577618 10.74346938729286 1.300411872565746 1035.882803365588 0 64.47577378153801 384.8431865870953 0 0 0.09506556391716003 0 82.35151854157448 0.0967608243227005 84.22048227488995 0.166096955537796 633.22359264642 4.670049011707306 0.3446982055902481 0 52.48865894973278 18.14692365378141 1.413180634379387 0 296.8342650905252 0.3146704137325287 26.34147882461548 1.566966891288757 480.8476514667273 0.5769786834716797 9.857802003622055 1.378943264484406 1889.22455149889 54.5422635525465 0.4428356885910034 0 0 2.3767149746418 0.152199313044548 9.004057064652443 0 0.3715438842773438 1.259499832987785 0.9055071175098419 2.930097363889217 3.83592826128006 0 13.69024808704853 0 0.9520807266235352 1.528965711593628 7.710079044103622 0 0 0 5.778106391429901 1.773479357361794 5.824226260185242 2.682110227644444 33.5895591750741 0.2871714532375336 0 1.440884083509445 14.29891704767942 0.4497706890106201 0.5869246870279312 0 0 0 0.1171910017728806 0 65.13117409497499 0 0 0.1984515488147736 38.49879933148623 0 0 0
0 909.3291485384107 12.46106032282114 0.7094272077083588 0 0 9.549314402043819 0.9335894957184792 65.89871494472027 0 1.581464424729347 0 5.491893641650677 0.2576185390353203 0 3479.378206714988 7.18506695330143 0 1.559273466467857 0 2015.108113855124 1987.400172814727 5395.733595386147 3542.412647776306 183.3931201547384 6.319024801254272 6531.420523777604 2471.597506895661 3.201481744647026 15.52933854609728 0 0.1409436911344528 0 27.25834559649229 33.83209919929504 2012.479754149914 916.850574247539 242.1970463618636 454.2914051190019 100.4890875816345 1.955367967486382 0.5181183218955994 14.42075955122709 0.5564222559332848 85.41484674066305 10.79996911436319 0.1273230016231537 0 0.09225192666053772 3.8578035607934 0 26.51227210462093 0 0 1.044751107692719 3.547553330659866 0.2581914663314819 1.619445204734802 2274.388755217195 3.689766466617584 0 1.357635051012039 0 262.2961371764541 840.317505069077 973.9316519200802 197.1519738957286 15.42678044736385 3.019626162946224 1051.862597078085 161.3143771290779 1.933803871273994 43.14842486381531 0 0 0.7535357624292374 2.055195420980453 5.88857451826334 420.9799597710371 30.60809417814016 15.12629138678312 19.62482307851315 9.02013947814703 0.8402204364538193 0.4418855607509613 0.3495994210243225
13.91067733615637 21.4661331102252 2881.991668149829 0.6407746151089668 0.3951583728194237 2.484848693013191 305.9948233887553 123.6743909567595 0.5567976832389832 22.67285729944706 342.9624666273594 0.08302376419305801 4.785646788775921 104.9232243821025 0 7.18506695330143 1621.283919602633 643.5213678479195 5175.537578754127 0.1067105531692505 486.2119862288237 5.963061019778252 6940.931436486542 12.47704304009676 1.918560162186623 6145.075901016593 4543.001652866602 50.49043995141983 136.0853609666228 892.9490430653095 0.8132495507597923 3.095066092908382 13.25356983393431 2290.77543117106 6.593629226088524 544.2797703295946 741.239170178771 3021.186578936875 584.0426861196756 29.10879611968994 5.478418238461018 2.140076860785484 2.380313962697983 0 33.61039239913225 3.339144304394722 0 0 0 0 0.08384609967470169 0.1365937739610672 0 0.138505220413208 0 0.7924232333898544 0 0 0.8534019067883492 1.398856028914452 0.8049648106098175 9.702690087258816 0 0.5113854631781578 2.442440159618855 1.649271972477436 1.004666559398174 18.33869457989931 79.66676362603903 229.8731905594468 0.6637799069285393 0.1254260689020157 0.3255946934223175 0.7335035055875778 0 0 0 3.443521291017532 3.393135316669941 17.33306893706322 1.187851078808308 0.542977049946785 0 0 0.2259986847639084 0
0.8909334614872932 1.60933730751276 34.76481652259827 0.6769214645028114 0.9576762318611145 8.302237913012505 10.82323189079762 12.27875885367393 0 12.98236045986414 2615.035853534937 2.704884819686413 29.40163744240999 8.549774624407291 0.09506556391716003 0 643.5213678479195 442.0263424217701 1814.858444206417 1.706970617175102 11.70042318850756 0.2389423251152039 88.2846622094512 1.422709807753563 5.680836498737335 3575.51451420784 896.6998505294323 3.928165569901466 20.94780176132917 47.53188223391771 10.72720611095428 15.32533859461546 2.039478242397308 907.7586574479938 1.524661511182785 229.8120218291879 657.1483193337917 1565.351895436645 253.6626836434007 10.61664075404406 9.536726370453835 72.52685204893351 1.571071080863476 0 0.9605568200349808 0.09470729529857635 0 0 0 0 0 0 0 1.333828277885914 0 4.895068630576134 0 0 0.1070793569087982 0 0 0.3357436135411263 0 0 0 0 0.3055645301938057 3.823498718440533 4.725478641688824 10.34233476966619 0.5028914660215378 0 0.1410630345344543 3.914973020553589 0 0 0 0.6975488811731339 6.632019773125648 5.608334615826607 0 0 0.997460275888443 0 0 0
2.636959306895733 9.178302004933357 239.2184967696667 0.1987698152661324 0.6321725845336914 2.132924251258373 30.54732010513544 21.39220877736807 0 5.188483282923698 1332.788389906287 2.431580513715744 12.10501702874899 21.12538469582796 0 1.559273466467857 5175.537578754127 1814.858444206417 1430.665778122842 0.3639767840504646 40.17411774396896 0.6621963307261467 448.2230491936207 2.966023154556751 4.34800711274147 4655.691564805806 1904.664437025785 6.513544529676437 39.57518650591373 123.8621514216065 6.40971814095974 3.250649079680443 5.529489517211914 2268.747675992548 4.937822073698044 703.6452020704746 535.2171353250742 2520.746998086572 964.6632144078612 28.09936594963074 8.171538099646568 11.30574779212475 2.531456157565117 0 21.27591172605753 1.179974049329758 0 0 0 0 0 0 0 0.8834649175405502 0 1.873248159885406 0 0 0.2169843316078186 0.4470061957836151 0.7555510476231575 10.76216751337051 0 0 0 0 0.2247616499662399 20.50106407701969 61.79185511916876 151.3106519728899 0.09933827072381973 0 0.1039785295724869 0.9930079877376556 0 0 0.3772973418235779 1.071307152509689 7.262755081057549 3.509553112089634 0.526376448571682 0 0 0 0.2323054671287537 0
2.868223518133163 1.388074822723866 1.968310318887234 3469.538382619619 6.92419308423996 535.8188942298293 78.3323192819953 242.9210773259401 168.4362715929747 4353.346844285727 15.7505491450429 3178.597659438848 0.2698020860552788 146.3295692205429 82.35151854157448 0 0.1067105531692505 1.706970617175102 0.3639767840504646 429.3985570594668 0.4129093289375305 2.340750932693481 2.010459631681442 478.5159072205424 0.3736768737435341 3.375751733779907 1.480454295873642 3058.920520223677 76.20060094445944 5.527855277061462 0 41.44456661492586 1.364390842616558 75.7546628266573 6.564857840538025 179.0695827156305 9.986698567867279 267.587293535471 34.87109658122063 491.7876752987504 61.50224116444588 0.9580386802554131 13.86628250777721 0.4388266205787659 0 0 12.71170398592949 0.1305229067802429 0.1372793763875961 6.031891629099846 0.1158081293106079 5.712470255792141 2.247150547802448 0 20.83816786110401 0.1044664829969406 0.3388431817293167 0.8453668206930161 0.1097190976142883 0 0 0 5.748503878712654 1.298734366893768 0 0.2413420528173447 56.39534324407578 0 0 0 46.1551374271512 1.440701961517334 2.673865161836147 0 0.3625381290912628 0 2.232418924570084 0.3493220210075378 27.7841164842248 0.1532172858715057 0.8782998472452164 0.2375314384698868 32.31250812113285 0 0 0
11.01709416508675 36.2803608328104 1198.669676400721 3.750123575329781 0 2.131632670760155 416.1874947994947 39.79218093305826 40.2380485907197 11.80591128766537 12.47639552503824 0.2494824752211571 1.085663422942162 42.97098968923092 0.0967608243227005 2015.108113855124 486.2119862288237 11.70042318850756 40.17411774396896 0.4129093289375305 7894.128013126552 140.8680882155895 11693.67691852152 919.3429116085172 5.920138463377953 276.951720200479 475.2944441661239 9485.628399215639 247.0373699888587 6073.201665982604 0.4410866498947144 5.200028397142887 28.62670240551233 2523.188824377954 243.4227721840143 7209.230611659586 700.7753430977464 5451.87974653393 4239.497040167451 397.6041880697012 20.12707953900099 3.161102958023548 95.68474835902452 1.203856766223907 4.731756284832954 2.154973708093166 0 0.1412160992622375 0.09133607149124146 1.239300221204758 0 13.99283161759377 0.1985876262187958 0 0 0 0.2129101976752281 0.1186618357896805 432.2715441435575 0.4784417003393173 0 0.7849137559533119 0 201.2247020825744 135.3967178463936 136.6256672665477 113.6369968131185 0.6896127313375473 3.30243019759655 43.92197042703629 134.3506756424904 5.246923193335533 53.80120481550694 0 0 1.053183190524578 1.177471898496151 25.8595434576273 109.4613478183746 3.143645644187927 6.966486550867558 7.535027280449867 7.696528278291225 1.1124212667346 0 0.1959279626607895
0 3877.493890553713 36.83715277165174 0.3610644936561584 0.3729892075061798 1.779076099395752 9.441931314766407 0.9940562471747398 2668.830031186342 0.9446451663970947 4.097003683447838 70.77038581669331 15.55516903102398 0.114035576581955 84.22048227488995 1987.400172814727 5.963061019778252 0.2389423251152039 0.6621963307261467 2.340750932693481 140.8680882155895 1096.819132857025 201.6962243765593 6769.449387937784 601.2608122751117 14.97078239917755 3234.441043257713 344.3113268390298 1.672329090535641 6.254577852785587 0.9274543523788452 0 0.8113017007708549 5.986917465925217 1.024180367588997 29.22420357912779 17.424614995718 22.3070912361145 5.624450340867043 156.2903019636869 0.596937894821167 0 1.757382668554783 0 431.9315006583929 14.36721082031727 3.706430546939373 0 0 1.969242885708809 0.09143994748592377 15.03585657477379 0.1645801216363907 0 1.0557029992342 0 0.1958314031362534 1.516802191734314 745.3679263144732 2.088360503315926 0 1.452477909624577 0 49.51100178062916 270.9429388940334 261.4557829126716 75.50892554968596 41.81629019975662 5.124255023896694 770.2832587957382 37.92177247256041 0.5403955951333046 4.621268779039383 0 0 0.4120469465851784 1.781688816845417 0.2868329137563705 48.73743131011724 14.81154266744852 9.36812537163496 6.243035890161991 5.718655318021774 0 0 0.2881374657154083
11.47443278878927 121.3032019436359 10354.72380008548 6.668413907289505 0.6818167492747307 5.250330425798893 2313.772400058806 140.4343587905169 8.728812277317047 75.29756600409746 51.32109566777945 0.6435992121696472 4.010600782930851 114.4504457041621 0.166096955537796 5395.733595386147 6940.931436486542 88.2846622094512 448.2230491936207 2.010459631681442 11693.67691852152 201.6962243765593 18270.5368045494 1318.467259705067 19.22831415385008 4510.445267304778 11227.35839246958 5583.589817382395 145.6135058254004 4019.798197180033 0.3078031092882156 5.758164957165718 10.68769594281912 3124.03094471246 294.2724433168769 12304.93083692342 5670.154037095606 8486.823532432318 6798.494501955807 610.2203757315874 26.00235990434885 9.710309937596321 103.4524791315198 0.9586184248328209 27.08559667319059 46.83932036906481 0.1968050003051758 0 0 5.969845272600651 0.08534584194421768 7.810589261353016 0 0.3713657408952713 0.8354286700487137 0.595241904258728 0.3701141476631165 0 796.3326827064157 6.279521100223064 0.3692465201020241 4.020732574164867 0 49.47681383788586 291.5072997286916 405.2224292755127 51.09631963819265 4.81717586517334 23.25856630504131 1292.587990470231 41.90097007900476 0.4547665119171143 20.07104481011629 0.7465819120407104 0.1849740594625473 0.3546054661273956 5.374142222106457 47.72205068916082 185.7796099483967 19.78447081893682 27.59881760925055 19.36460129916668 6.444794967770576 0.7636637985706329 1.274291843175888 1.109735637903214
6.447820089757442 2336.881827652454 55.63252788037062 2160.573000572622 6.809408657252789 33.81187089532614 1344.020179584622 80.57152207195759 8102.242893800139 911.4846703410149 12.16260347515345 1487.234167300165 7.489830516278744 66.70569370687008 633.22359264642 3542.412647776306 12.47704304009676 1.422709807753563 2.966023154556751 478.5159072205424 919.3429116085172 6769.449387937784 1318.467259705067 15516.95514530689 415.4906760007143 25.12321922928095 2050.71595877409 10478.77894099057 189.5504107922316 477.5368122160435 0.6619004160165787 16.82836112380028 57.99057731032372 152.2531425580382 68.39530753344297 2105.797602184117 52.89369235932827 517.0785926356912 278.5548037141562 1250.015956073999 101.9902328923345 0.7526328861713409 54.16508561372757 11.45879126340151 131.4732723534107 9.820185519754887 288.1335928961635 1.295967593789101 23.34688480198383 295.9389392286539 25.05255980044603 536.884149722755 108.3134114295244 1.960691601037979 240.4010951668024 0 25.74020134657621 58.05295625329018 771.3675564080477 2.931655712425709 0.3517798557877541 1.228684052824974 119.9814170002937 433.485382065177 378.8568995073438 218.8114701211452 2735.372887432575 32.74281424283981 5.338816955685616 114.5709004327655 2503.235198765993 124.5474036037922 444.5844863131642 0.2822545319795609 1.745514899492264 15.44574359804392 52.66261547803879 9.772547520697117 836.6171814128757 12.53007135540247 90.55147634446621 42.48730216920376 689.0664363652468 21.67112745344639 2.455932803452015 4.7298194617033
0 3217.83185826242 0.6531451418995857 0 0.5309427306056023 0.4586745649576187 2.829883731901646 0.6888826414942741 194.6369706615806 0.3718169704079628 2797.294205456972 4.825912989675999 7279.745931953192 0.2711656764149666 4.670049011707306 183.3931201547384 1.918560162186623 5.680836498737335 4.34800711274147 0.3736768737435341 5.920138463377953 601.2608122751117 19.22831415385008 415.4906760007143 1397.939806506038 1055.298476815224 4792.99841953814 21.61332982033491 0.4970718622207642 0.4772161245346069 615.936506062746 1.168152630329132 0 138.2044449672103 0 13.87357515841722 135.6604225486517 251.6669321581721 27.14839389175177 8.68795083463192 7.11463837325573 227.1826739311218 1.431054711341858 0 29.86796449124813 0 0.2282791882753372 0 0 0.1641763597726822 0.09752103686332703 1.000284217298031 0 278.8172181472182 0 1911.968311451375 0 0 0.9123080372810364 0.1550597101449966 6.245902806520462 20.99199867248535 0 0.2336902096867561 0.2337728440761566 0.2637041360139847 0.4063953086733818 477.7696773707867 406.3091706484556 1036.046893760562 1.050737418234348 0 0 433.5248689129949 0 0 58.67540600895882 0 26.27156939357519 313.501498952508 133.4911869391799 33.81877524405718 0.4968112409114838 12.63157999515533 699.3160294890404 1.481762409210205
19.83658123016357 204.4208306223154 11799.79554007947 1.451977260410786 1.994857527315617 11.06019239127636 458.5322017632425 174.8836805000901 1.93574421107769 56.94844188541174 4130.973161779344 5.671433806419373 614.3897623866796 147.5873963981867 0.3446982055902481 6.319024801254272 6145.075901016593 3575.51451420784 4655.691564805806 3.375751733779907 276.951720200479 14.97078239917755 4510.445267304778 25.12321922928095 1055.298476815224 33107.51732241362 23437.49672732502 81.69583347439766 163.0249816216528 631.0607036501169 555.5476270541549 18.82204741239548 14.539386279881 1569.276843719184 9.383194670081139 2526.896799482405 6281.73216471076 4462.721688456833 823.3734525516629 108.3469411805272 15.34677554666996 185.3601401820779 5.864667952060699 0.185667484998703 657.5001441463828 54.61108437925577 0.15921550989151 0 0 0.4827784597873688 0.1431860625743866 1.133198603987694 0 129.5764403268695 0 546.3740044310689 0.1530829966068268 0 0.4321450516581535 36.42736361175776 41.49701983481646 309.7627479359508 0 1.167904071509838 4.730703078210354 6.247085481882095 2.370461314916611 894.8586836308241 2588.460026182234 6033.910336591303 1.194084584712982 0.210339717566967 3.252078637480736 326.7983355969191 0 0 7.633836254477501 5.432643994688988 37.41598381847143 351.763645619154 37.11128150671721 6.395971082150936 1.603287875652313 0.3259952962398529 18.98100804537535 0.2432144433259964
17.93673248589039 2464.514990612864 10269.35601969063 4.718000538647175 1.460244685411453 4.519984476268291 435.5039239227772 134.8249371573329 19.92229871451855 34.02069728448987 2405.155686885118 2.943368911743164 5049.7353868559 133.3117774501443 0 6531.420523777604 4543.001652866602 896.6998505294323 1904.664437025785 1.480454295873642 475.2944441661239 3234.441043257713 11227.35839246958 2050.71595877409 4792.99841953814 23437.49672732502 49546.39211460948 1423.883585996926 134.089485578239 472.6945899017155 1020.276650711894 9.186717346310616 12.2284966930747 3206.167329721153 95.14810833334923 6810.239575922489 7625.146280378103 9365.997996881604 1936.404572367668 325.3798811510205 12.89933799952269 60.0351170822978 28.06898984313011 0.9949256852269173 3510.256066374481 921.569560021162 0.531089223921299 0 0 13.60621020942926 1.646142363548279 14.31235659867525 0 133.0272263363004 0.2191596478223801 543.524363592267 4.003116086125374 0.1515312492847443 637.6901104003191 164.3682698979974 42.90162089467049 357.0767121911049 0 42.98258352279663 1400.840165749192 599.9541493579745 88.27015800774097 2173.895339876413 2922.5692255795 18881.83626517653 75.03917972743511 1.651703059673309 20.36691814661026 397.00193939358 0.09964884072542191 0.5780156850814819 70.22518682479858 36.29210202395916 270.5016839280725 743.6697141751647 312.7884440869093 86.43482954800129 7.271495990455151 0.7214485108852386 30.67839385569096 1.099349096417427
27.55565228313208 120.0485825166106 368.4653055891395 4102.230949901044 3.757561884820461 385.0687645152211 18496.74526596069 361.878273896873 1110.954170465469 8062.995565891266 20.43034256994724 1726.380999393761 1.384572103619576 317.9436745345592 52.48865894973278 2471.597506895661 50.49043995141983 3.928165569901466 6.513544529676437 3058.920520223677 9485.628399215639 344.3113268390298 5583.589817382395 10478.77894099057 21.61332982033491 81.69583347439766 1423.883585996926 20605.45075101405 525.2407246381044 7673.094604842365 0.2707337215542793 42.349360242486 125.7648834437132 634.6283237785101 167.8047169595957 4064.557106979191 152.2693555951118 1563.300875417888 922.1421997994184 893.5789807140827 172.9965420216322 4.23618246614933 100.9237134084105 9.480632893741131 7.450647726655006 6.586592689156532 73.90835203230381 0 6.717786274850368 168.4699199721217 17.09290006756783 215.0273433849216 28.22307278215885 0 51.33867857605219 0.6651312410831451 22.00428859889507 9.678470067679882 422.2067981511354 0.986541323363781 0.08760169148445129 0.6689064055681229 26.77710532397032 318.8613089248538 162.1974616646767 109.4257309809327 1294.458825595677 0.5789341330528259 2.678076855838299 51.67024579644203 1437.752031460404 79.57479429990053 338.213387273252 0 1.345251731574535 7.608120962977409 39.74199461936951 12.04549907147884 426.2600161582232 8.057583391666412 60.83594416081905 35.85260239988565 220.4745045155287 16.18553194403648 2.285544171929359 3.542780235409737
3548.578724578023 0.924930140376091 72.30993107706308 79.71557509154081 59.85180009901524 644.5470873303711 1466.127795167267 2863.45305525139 12.56496793776751 584.7171572670341 98.29996541887522 99.53463786095381 1.266869612038136 6272.452512726188 18.14692365378141 3.201481744647026 136.0853609666228 20.94780176132917 39.57518650591373 76.20060094445944 247.0373699888587 1.672329090535641 145.6135058254004 189.5504107922316 0.4970718622207642 163.0249816216528 134.089485578239 525.2407246381044 21722.48304045573 7703.543157149106 0.2543668076395988 1482.149285919964 3813.433985978365 2111.155265536159 70.24412271380424 1623.109475336969 81.9431951418519 1720.199352767318 338.4074337817729 198.442474424839 69.86963032186031 6.859833955764771 34.3860274553299 0 1.161934301257133 0.7134181335568428 0.6661791056394577 0 0.08447138220071793 3.226776860654354 0.4094026535749435 3.721380330622196 0.2017831951379776 0 0.9150548428297043 0.7174784243106842 0.1517879217863083 0 8.558211706578732 0 0 0.295938178896904 0 6.237269476056099 3.628918275237083 2.821391180157661 24.76491397619247 0.2221943512558937 3.187621079385281 6.426198430359364 30.04560147225857 0.4437655955553055 9.908417515456676 0.244252622127533 0.1203973889350891 0 0.5008511990308762 11.6886997371912 13.60974304378033 0.4966283291578293 2.548736155033112 0.7617394030094147 3.487504884600639 0 0 0
2426.072282776237 6.165663845837116 854.5894976332784 21.18353542685509 2.25117713958025 22.82517204806209 6466.565266437829 2092.802873082459 49.34768119454384 123.3820490762591 42.27053498476744 4.953930467367172 0.6781021729111671 3583.237597793341 1.413180634379387 15.52933854609728 892.9490430653095 47.53188223391771 123.8621514216065 5.527855277061462 6073.201665982604 6.254577852785587 4019.798197180033 477.5368122160435 0.4772161245346069 631.0607036501169 472.6945899017155 7673.094604842365 7703.543157149106 13848.06527919322 0.8131442740559578 72.25620250403881 1089.164398171008 2667.041972883046 274.6047871932387 4320.309014871716 190.5440229028463 3296.909010328352 1667.43970759958 491.6702720522881 87.86649326980114 5.353748120367527 82.46542716026306 0.6534577906131744 2.359672576189041 1.595344506204128 2.647464655339718 0 0 10.74278981983662 0.3809087872505188 13.79350650310516 0 0 0 1.005960650742054 0.5472229942679405 0 49.30564900487661 0.2267812192440033 0 1.127024352550507 0 48.097701638937 17.26061777025461 16.1408671066165 108.9705477878451 2.189016945660114 7.084783107042313 24.5239649489522 152.2700445428491 8.839278556406498 48.88729065656662 0.09949871897697449 0.327638566493988 1.75018360465765 3.144999779760838 17.32088772207499 72.17895402759314 2.568961270153522 7.644386515021324 3.54733507335186 19.75809005647898 1.804977044463158 0 1.328051924705505
