1760.675447493792 0 170.7667925134301 9.031627409160137 0 24.78865419328213 1719.484893023968 1123.693285763264 2.560158908367157 105.4219425991178 4.305276401340961 5.05407427996397 0.3124527633190155 7288.158075086772 0 0.2275148034095764 203.0188984721899 2.762596629559994 25.82368852198124 3.742674335837364 40.41029015183449 0.94576645642519 139.9332539737225 25.65619803220034 0 106.9670111760497 44.54495863616467 33.2188221141696 3136.244068324566 4062.471508026123 0.08572861552238464 6.450098425149918 120.1621375307441 94.73242511600256 1.671210259199142 36.04379662871361 7.0603301897645 56.33381454646587 9.836903631687164 9.014739565551281 2.544804386794567 0.363130658864975 0.7418349087238312 0 0.3984647691249847 0.1945055648684502 0.264217272400856 0 0 0.1061053350567818 0.3102615177631378 1.522464215755463 0.7753380537033081 0 0 0 0 0 0.200261726975441 0 0 0 0.5512581691145897 0.5064118504524231 0.1117601543664932 0 0.4974153637886047 0.08621396869421005 0.1634093821048737 0.7922153919935226 2.427946887910366 0.1848668903112411 0 0 0 0 0 0.124334916472435 0.6906139925122261 0 0.1133518368005753 0.09560414403676987 0.09846681356430054 0 0 0
0 106.1153329089284 27.51327558606863 0.2870677635073662 0.3282513320446014 0.1907220631837845 4.168338187038898 1.285624139010906 688.3635229021311 0.6113128140568733 49.55274984240532 2.731623470783234 669.3740766122937 1.304208219051361 4.491490982472897 60.59873078018427 30.02745875716209 3.624676510691643 16.39125623553991 0 3.97558718174696 2348.405610114336 5.385202772915363 474.0065420940518 1352.253670789301 173.8309467509389 7522.171386823058 38.22512084245682 3.184880867600441 4.483919098973274 12.69424439966679 0.3223926350474358 0.7027365118265152 15.34078519046307 0 44.34749685972929 63.68776050209999 63.35824167728424 16.69401235878468 17.95098987221718 1.267071858048439 253.962195508182 0.4294809401035309 0 42.18766621500254 50.865084387362 0.4781462997198105 0 0.09684703499078751 2.046770967543125 0.2591948509216309 2.936723649501801 0.09436571598052979 10.21862993389368 0.1680924743413925 38.12471110373735 0.2210037112236023 0 2.773673288524151 11.87974404543638 1.568900287151337 17.69545707851648 0.3426193669438362 0.3834750354290009 13.42109674960375 2.564853712916374 2.344552643597126 64.95784955471754 190.9242799431086 1234.221419878304 3.286325767636299 0 0.4006722494959831 11.15985813736916 0 0 2.449518859386444 0.2708410620689392 9.710486114025116 35.27902282774448 14.41571673750877 2.269347928464413 0 0 6.048886030912399 0
170.7667925134301 27.51327558606863 2975.039299957454 39.5821535885334 0 21.61550828814507 2364.367751322687 715.6337639763951 13.75353515893221 162.1619341447949 13.79755115509033 2.214829228818417 8.906210176646709 821.8522730767727 0 11.23137822747231 3357.056567661464 13.80659832805395 176.4422243013978 1.773492306470871 274.9746979698539 127.2838424667716 6712.786190211773 325.1161036193371 2.233975604176521 16280.88075808436 6549.304158933461 808.6961683630943 213.0743821114302 1260.634023047984 0.5271618962287903 4.902471922338009 26.64914325624704 518.4712461233139 28.6695794314146 1341.548342972994 4473.97410658747 1904.007691390812 573.873203471303 42.34074556082487 5.19254557043314 12.06736109405756 3.351552836596966 0.1910728812217712 99.93729593604803 216.5056187137961 0.2299666926264763 0 0.3586157709360123 14.94127309322357 1.34717233479023 12.49300273507833 1.772084467113018 0 0.2196062803268433 0.7085321843624115 0.3043482452630997 0.4082595109939575 17.0922642275691 23.79713551700115 0.5620407611131668 3.193058334290981 0.8825675994157791 2.748249150812626 194.4064356386662 20.4964562729001 19.59543146938086 0 33.42212826758623 1459.426647506654 34.05000022053719 0.3191027045249939 4.72664301097393 0 0.1614615768194199 0 3.044791541993618 9.037022039294243 24.51445815712214 74.14819824695587 13.73596257716417 3.551211409270763 1.363368555903435 0.2281868904829025 0 0.1721450686454773
9.031627409160137 0.2870677635073662 39.5821535885334 1632.687610238791 0.8597045987844467 124.7384677752852 464.2343709617853 119.3892281875014 402.4450262933969 4205.14517571032 4.218674145638943 4365.29654596746 2.452619917690754 81.20741137117147 59.28744830936193 4.822427444159985 3.114034362137318 1.46067538112402 3.274054944515228 3348.906434603035 3.760652877390385 6.654212176799774 12.97021593153477 2275.425992824137 0 15.35528550297022 16.65689987689257 3191.31078414619 190.8548951372504 7.178459987044334 0 6.225004442036152 27.24793642759323 93.05982031673193 11.6629780754447 385.2490797415376 6.093723185360432 149.373876273632 47.91885660588741 317.8536057844758 21.5994161143899 2.979131117463112 5.214989632368088 0.6993521749973297 2.729373060166836 0 199.4820463061333 0 16.41487591713667 188.2621099874377 25.14700585603714 198.5115240290761 247.8352904617786 0.714542344212532 102.3736451119184 0 10.14533501118422 3.888653010129929 1.148127242922783 0.09792152047157288 0 0 219.183232575655 1.750065952539444 3.386176355183125 1.33874574303627 207.6075667142868 0.2163431122899055 0 5.406098216772079 207.7968626767397 6.628081567585468 7.932549275457859 0 1.939720436930656 0.1018954217433929 3.230528771877289 0.2731625437736511 44.08288664370775 0.7059783563017845 10.66892699897289 1.071191005408764 53.19954130798578 2.563541501760483 0.6433479785919189 0.1853459775447845
0 0.3282513320446014 0 0.8597045987844467 248.8199772834778 514.1606801748276 1.748826466500759 18.24040538817644 26.09355106949806 3.024685442447662 12.87350085377693 76.97427131980658 4.607104241847992 2.879655472934246 640.8123698979616 0 0.1068921610713005 2.190605826675892 2.877038232982159 1.969207897782326 0.1115449592471123 1.131795644760132 0.1012532934546471 6.673907220363617 0 6.804710358381271 1.972190909087658 0.9827280044555664 527.0822486653924 1.106222949922085 0 661.1274255439639 0 76.6631338223815 0.3141954988241196 25.24861366301775 3.980067625641823 103.2902497202158 17.67742477357388 1962.191447749734 167.5111183971167 3.739127621054649 2.831298269331455 0 0 0 0 0 0 0.5176495313644409 0 0 0 0 0 0 0 0 0 0 0 0 0 0 0 0 0.150179535150528 0 0 0 0 0 0 0 0 0 0 0 1.082525417208672 0 0.4696087837219238 0 0 0 0 0
24.78865419328213 0.1907220631837845 21.61550828814507 124.7384677752852 514.1606801748276 12546.91863533854 871.5866560786963 6259.719894684851 26.09073169529438 9150.468078523874 96.51088662445545 3517.005323816091 32.49102603644133 925.3527768850327 2135.12001093477 0.1226275116205215 16.28873736411333 31.33269854635 48.60268323868513 235.1441723033786 1.550872981548309 2.352503798902035 9.83856825530529 42.18547740578651 0.2727813124656677 82.23473913222551 27.01359617710114 197.3409703373909 2131.175243891776 20.81066689640284 1.412663377821445 2202.199855946004 4.813264586031437 258.3657620623708 12.2335197776556 451.8193197324872 30.27016139775515 478.378735512495 94.08606744557619 3616.257359154522 525.0946664363146 22.42833206057549 23.39807906746864 0 0.2167014479637146 0.2121418192982674 3.050291009247303 0 0.5722002536058426 12.84958437085152 2.469153568148613 6.936775997281075 4.928850047290325 0.1694954186677933 1.6014424264431 0.203957624733448 0.8148886933922768 0.7034454941749573 0 0 0 0 5.827194705605507 0 0.1775744408369064 0 11.87782327085733 0.1694682314991951 0.3550318479537964 0.9812167510390282 14.41740421205759 0 2.383125051856041 0 0 0 0 0.4163085222244263 22.58627539128065 2.074109919369221 1.172118037939072 1.635233759880066 3.734751008450985 0 0.2501286268234253 0
1719.484893023968 4.168338187038898 2364.367751322687 464.2343709617853 1.748826466500759 871.5866560786963 17402.92710463703 4332.155324503779 161.8463467881083 9716.013769999146 16.97714824229479 21.40412364900112 4.400224946439266 6279.73453861475 4.539146386086941 14.93869568407536 141.832017429173 5.437899433076382 25.94775726646185 65.70552454143763 728.481074295938 31.2398047670722 1616.378318324685 833.5047395154834 0.1290656626224518 363.668310135603 240.5531402379274 16254.64497909695 1389.062485083938 7136.610951766372 0.5104772225022316 19.88940084725618 242.2445994764566 670.663671605289 91.06081580370665 2039.347114741802 63.60904140025377 1000.497672528028 385.1744548305869 226.9523911476135 101.6679029017687 3.256274022161961 25.91686342656612 0.7101009339094162 1.255448877811432 1.829155005514622 33.25754936784506 0 7.296129152178764 124.226258546114 12.77750477194786 82.18479989469051 66.42180596292019 1.111119017004967 20.65605989843607 0 9.312649942934513 4.414024509489536 6.088112205266953 0.2018233239650726 0.08297481387853622 0.2710434421896935 52.94325254112482 4.492904499173164 6.278887279331684 9.760461829602718 111.1050503775477 0 0.7866363450884819 15.01443506777287 156.5768556073308 4.924419611692429 20.57782968878746 0 0 0.2010050117969513 3.789082452654839 15.37770706415176 65.68489277362823 3.781320922076702 8.450336061418056 0.7648304551839828 17.07560972869396 2.020815394818783 0.1260367035865784 0.347907617688179
1123.693285763264 1.285624139010906 715.6337639763951 119.3892281875014 18.24040538817644 6259.719894684851 4332.155324503779 15750.31512847543 114.6624819561839 3553.463177390397 142.5848094001412 968.6248589903116 40.87920577079058 7465.665141340345 69.53821450471878 0.7969656586647034 401.1985689252615 43.73266377300024 111.7598709613085 219.3636087924242 44.32376793771982 5.839527525007725 307.5369575843215 181.6942164599895 1.077197670936584 555.7171628028154 113.3756161108613 275.1818683668971 1262.915201917291 1075.097884424031 2.403099857270718 551.2592596188188 22.84941473603249 405.8523872643709 16.9362278804183 717.2927967384458 68.29888994246721 647.0975975096226 126.7852983996272 1392.065612770617 194.411434493959 32.44649232178926 19.4632169008255 1.21563795208931 1.402820646762848 0.5862808749079704 24.02801384776831 0 5.760693110525608 102.273330591619 11.172254383564 53.61327835917473 57.01136882603168 0.5698694437742233 23.60206793248653 0.661973349750042 10.00464604049921 3.914893090724945 1.559692978858948 0 0.08575576543807983 0.4218563660979271 43.24073009938002 0.8232333734631538 2.143797971308231 0.5950962007045746 84.34801824390888 0.3129427060484886 0.8532400280237198 6.02155227214098 121.6407178491354 6.748401015996933 19.57560187578201 0 0.2299439832568169 1.065005779266357 2.659921087324619 4.029758684337139 40.48500280082226 2.832354120910168 7.755366086959839 0.9079306870698929 6.664629474282265 0.3430309593677521 0.5329349040985107 0
2.560158908367157 688.3635229021311 13.75353515893221 402.4450262933969 26.09355106949806 26.09073169529438 161.8463467881083 114.6624819561839 611.58938074857 335.5143637508154 3.510684937238693 150.4997595027089 16.47570869326591 54.67303381860256 899.9779040962458 698.6791856735945 9.521084994077682 0.8778452053666115 4.337835736572742 133.5934455543756 398.3266602158546 3393.829577103257 170.4971499890089 9656.919319972396 45.28512138873339 31.30135238915682 1906.301650442183 1543.110960543156 71.92872463166714 155.9030951783061 0.725149542093277 2.254144929349422 11.07264549285173 47.50680220872164 5.508590035140514 286.2342881634831 26.4502771422267 93.62810445576906 20.62332026660442 585.1015993654728 16.31598427146673 2.962131127715111 1.845550335943699 5.206071987748146 16.00965066999197 4.695022746920586 394.2802422642708 0.5387540757656097 26.01049754023552 372.2756890133023 52.21977781504393 192.1379753798246 282.6691727563739 1.628862902522087 207.9203469157219 1.778461039066315 29.87072652578354 15.81049905717373 286.6723784431815 0.8995593562722206 0.7690670266747475 0.8314086273312569 297.2855850532651 315.1607057526708 40.27681694179773 128.9824947789311 922.772726520896 1.811706766486168 4.945840962231159 67.72802692651749 977.2359845414758 18.59306421130896 105.8703248724341 0.4583792835474014 1.022692456841469 1.319300435483456 8.353337064385414 1.769167631864548 52.03183741867542 4.674444511532784 20.04660531133413 2.666054628789425 102.107656493783 4.755101054906845 0.1398162394762039 0.3002291470766068
105.4219425991178 0.6113128140568733 162.1619341447949 4205.14517571032 3.024685442447662 9150.468078523874 9716.013769999146 3553.463177390397 335.5143637508154 27786.21896224469 51.53282772004604 3598.17708209157 10.28699551522732 1806.240874759853 24.32095359265804 3.887183241546154 23.04310935363173 21.73732213675976 45.12801669538021 2490.732554621994 12.83362426608801 6.79409409314394 52.13087771832943 933.1733633652329 0.4491181522607803 105.9140294492245 49.75143814831972 6206.192061670125 1539.852201670408 51.00832730904222 1.08747137337923 62.56165904551744 73.79033113270998 784.7243073731661 76.20697124302387 1546.057093702257 30.98832786083221 1280.999509513378 248.0509295538068 416.1888563334942 155.0684348419309 6.868386693298817 39.27184347808361 0.4055327102541924 4.44343838840723 0.08903009444475174 201.0538367331028 0 24.17577167600393 269.9828859567642 39.01441142708063 249.7855375185609 314.168193295598 1.110124170780182 121.4382397979498 0 17.50380212813616 4.437511198222637 2.311833925545216 0.1057361215353012 0.2006489783525467 0.3496028259396553 273.2273564562201 2.70373797416687 6.316023133695126 2.792742043733597 295.5619238615036 0.3484811410307884 0.09492919594049454 8.452560603618622 299.3643294125795 8.869027212262154 26.39755121618509 0 1.158189810812473 0 8.537519127130508 7.934884533286095 72.16674365848303 5.247995100915432 16.6566514596343 3.495786011219025 55.2520966231823 2.174776591360569 0.8241807818412781 0.5294809937477112
4.305276401340961 49.55274984240532 13.79755115509033 4.218674145638943 12.87350085377693 96.51088662445545 16.97714824229479 142.5848094001412 3.510684937238693 51.53282772004604 10719.1002934128 39.20433807373047 2723.130485750735 177.0121653527021 0.2234746068716049 0 207.667770318687 3719.341493800282 3089.860737688839 8.643041677772999 3.6767787784338 5.161595396697521 15.09371071308851 8.203120842576027 405.773477755487 4746.131791070104 903.7604812085629 8.110988907516003 579.3891436010599 7.316549867391586 662.9046296477318 291.6163985282183 1.115933313965797 5894.387883149087 5.605053603649139 486.6239676252007 4549.167895816267 3552.385207667947 469.6938200294971 91.60957359522581 172.4467651769519 1362.968492344022 4.850393079221249 0 22.84425852447748 0.3341382592916489 0 0 0.8922049105167389 2.344372354447842 0.7168091908097267 1.604904763400555 0.4448781460523605 393.5212805867195 0 928.2904543951154 0.2533562704920769 0.1243257746100426 0 0.2339294031262398 8.563865683972836 1.755821637809277 0.3288491070270538 0 1.875463157892227 0.9801612794399261 1.865791469812393 336.3226162567735 64.563038662076 190.7522672787309 5.760047189891338 0.289461649954319 1.45438963919878 149.591317333281 0.384373351931572 0 10.86419077962637 3.685178160667419 16.27800853550434 428.534414678812 25.16961247473955 6.492282092571259 1.792302884161472 0 127.3013450801373 0
5.05407427996397 2.731623470783234 2.214829228818417 4365.29654596746 76.97427131980658 3517.005323816091 21.40412364900112 968.6248589903116 150.4997595027089 3598.17708209157 39.20433807373047 7086.955538630486 10.12754423171282 384.101434327662 1951.383166708052 0.09849901497364044 5.248408503830433 14.39866466075182 25.94052587449551 4361.244309239089 0.8851277083158493 9.090085610747337 1.579565286636353 900.1035192087293 0.9357212334871292 38.73472175002098 20.39866389334202 386.5452199354768 545.1813479289412 5.130670808255672 0.7260193228721619 45.1524108722806 0.9570085257291794 167.7791257277131 3.832367248833179 625.2520441487432 25.69281590729952 246.1162462830544 18.0034547150135 1960.618737004697 24.54344446212053 9.847750127315521 1.312936261296272 0.6761300563812256 0.149608887732029 0 92.37116173654795 0 3.671037741005421 18.79013011604548 3.399459034204483 65.94078452885151 74.7236699834466 0.9038051962852478 145.705414429307 0 1.755383640527725 0.2041060924530029 1.874675214290619 0 0.07657607644796371 0 150.7911622673273 0 1.53820975124836 0 44.29348339885473 0 0 1.978522822260857 45.07852933555841 0.4034549295902252 2.390288531780243 0 0 0 0.2244353145360947 0.2494398504495621 103.3676722347736 0.9140785932540894 3.484226241707802 2.803339749574661 132.8737137019634 0 0.2863875329494476 0
0.3124527633190155 669.3740766122937 8.906210176646709 2.452619917690754 4.607104241847992 32.49102603644133 4.400224946439266 40.87920577079058 16.47570869326591 10.28699551522732 2723.130485750735 10.12754423171282 4849.914316020906 26.72663535177708 0.396117240190506 1.324651002883911 7.226477384567261 62.2676777690649 47.32987716794014 1.981188088655472 10.50823999196291 67.7912235558033 25.29333650320768 18.15076916664839 3912.210861079395 1093.503825634718 6133.395912483335 9.839420445263386 64.74282027035952 12.96659656614065 2024.928182668984 45.4917254820466 0.3934422209858894 798.651476457715 21.81585831940174 2758.213897898793 5794.097712688148 5519.511436410248 431.0219673961401 125.7854664176702 171.2071336358786 1467.318553045392 2.93130299448967 0.9054614305496216 69.024987436831 0.2879939079284668 0.6728519797325134 0 0 0.5921208783984184 0.5892454907298088 1.481752917170525 0.4154752194881439 452.2857191637158 6.598107039928436 1099.887542955577 0.6185839846730232 0 0 0.3423340916633606 10.70170750468969 3.777435265481472 0 0 1.706669732928276 0.5809403359889984 1.94843503087759 519.6856042668223 123.3753853216767 320.147337846458 10.53573678433895 2.705741122364998 1.320053577423096 200.0714547038078 0.3353337645530701 0 10.67316863685846 50.13017657399178 717.5100058838725 440.9985164701939 116.9088040590286 42.11983321607113 51.8642253279686 2.906130701303482 134.8286039605737 0
7288.158075086772 1.304208219051361 821.8522730767727 81.20741137117147 2.879655472934246 925.3527768850327 6279.73453861475 7465.665141340345 54.67303381860256 1806.240874759853 177.0121653527021 384.101434327662 26.72663535177708 16233.49253338575 3.207016348838806 2.080431587994099 726.4159940704703 58.25431337207556 196.8031745329499 120.2914089635015 87.34371013194323 8.731380671262741 462.01037209481 148.6767939478159 0.9555954113602638 671.0296757668257 192.1964676976204 205.8447500616312 5779.728838481009 3810.666858196259 3.155131004750729 139.1816080287099 52.85274390131235 810.0555793568492 12.06450057029724 395.8191497325897 64.03541704267263 730.949351772666 86.29031380265951 377.7191509157419 102.5106004849076 18.23890593647957 10.73722230643034 1.555457472801208 1.048809207975864 0 6.709267824888229 0 2.517766982316971 53.32727868109941 4.373004153370857 22.60869567096233 14.3320931121707 0.4486444666981697 7.069507859647274 0.3806144669651985 5.752447925508022 2.092720121145248 2.409831017255783 0.1041227653622627 0 0 8.164130322635174 0.5441693291068077 0.6539283990859985 0.5923636853694916 31.25481154024601 0.4135974496603012 1.570574380457401 5.462468057870865 57.59260180592537 2.493871629238129 5.00629910826683 0.08572074770927429 0 0 1.147888980805874 1.640576973557472 25.29400531202555 2.265439815819263 3.648080408573151 0.7037884443998337 2.438602298498154 0.5314009413123131 0 0
0 4.491490982472897 0 59.28744830936193 640.8123698979616 2135.12001093477 4.539146386086941 69.53821450471878 899.9779040962458 24.32095359265804 0.2234746068716049 1951.383166708052 0.396117240190506 3.207016348838806 505.075745433569 0.3887262120842934 0.4590732455253601 0 0.1248210892081261 85.14182084798813 0 32.0079585313797 0.3909102231264114 520.7470307424664 0.1710618734359741 0.6329682804644108 18.3424569517374 27.9823986813426 79.11606758087873 0.123479925096035 0 228.6109549552202 0.4397990554571152 0.6740782558917999 11.78905917704105 15.46175384521484 0.5140055119991302 1.825500227510929 0.4385668337345123 1492.753693848848 21.19165229797363 0.1652924418449402 0.5833065509796143 0 0 0 0 0 0 0.2338567823171616 0 0.6359094977378845 1.937196671962738 0 0 0 0 0 0 0 0 0 1.259833723306656 0 0 0 0.5059975236654282 0 0 0 0.4143567234277725 0 0 0 0 0 0 0 1.56561478972435 0 0.7491913437843323 5.382143616676331 0 0 0 0
0.2275148034095764 60.59873078018427 11.23137822747231 4.822427444159985 0 0.1226275116205215 14.93869568407536 0.7969656586647034 698.6791856735945 3.887183241546154 0 0.09849901497364044 1.324651002883911 2.080431587994099 0.3887262120842934 2427.804768927395 8.804404057562351 0.2021398469805717 1.93114223331213 0.1304699778556824 2740.965027339756 4269.112236231565 1224.137453652918 3473.736432865262 0.7310837060213089 5.863539084792137 4226.509770207107 2418.215212836862 4.184602655470371 4.693722851574421 0 0.5366894826292992 1.135092526674271 30.7413381934166 36.70722521096468 1529.554885469377 673.7188348993659 293.8454023897648 445.2702731415629 23.82455362379551 2.028361685574055 0.7846934050321579 7.389890447258949 1.957959815859795 3.210073933005333 4.057921007275581 0.6518074870109558 0 1.237066738307476 27.70666606724262 4.324876539409161 163.1847799792886 2.697603546082973 1.356108799576759 0.4179053008556366 0 3.856779120862484 0.2289678305387497 1226.652590423822 1.086868517100811 0.08026134967803955 0.5230500474572182 1.20128022134304 276.464278049767 1166.648860692978 1005.68187071383 83.35901767015457 0 0.5369991734623909 426.0062033906579 294.3086377978325 4.596832811832428 46.13688883185387 0 0 0.1230323016643524 0.8601639121770859 8.93507045507431 43.64816500246525 5.197996862232685 4.045389525592327 3.055986404418945 1.024441942572594 0 1.365269541740417 0
203.0188984721899 30.02745875716209 3357.056567661464 3.114034362137318 0.1068921610713005 16.28873736411333 141.832017429173 401.1985689252615 9.521084994077682 23.04310935363173 207.667770318687 5.248408503830433 7.226477384567261 726.4159940704703 0.4590732455253601 8.804404057562351 2772.272895224392 154.1278439164162 5144.144344203174 1.605499818921089 790.3985324278474 48.54378732293844 5232.651108153164 43.28620482236147 1.224199809134007 2756.839436974376 6368.192927755415 41.05533729493618 1038.620370402932 1724.265847213566 0.497376337647438 20.5367863625288 185.194505892694 3671.209672786295 8.632649458944798 249.2337993681431 1360.774552538991 2437.167173668742 452.2502289190888 12.7392859980464 6.375573121011257 8.117113679647446 2.30576803535223 0 33.21672252565622 23.47360288351774 0 0 0 1.259169735014439 0.2845290303230286 1.628759115934372 0 0.3658499494194984 0 0 0.2688752710819244 0 0.813941664993763 6.358231946825981 0.470913365483284 3.748294040560722 0 0.1982469856739044 2.632593996822834 1.172508597373962 1.292265847325325 1.163356140255928 50.05629078298807 233.8249342888594 4.839702017605305 0 0.2892645224928856 0.6584273055195808 0 0 1.180564068257809 1.659406140446663 4.891700766980648 22.83171451836824 4.205152995884418 0.7526443675160408 0.1837985664606094 0 0 0
2.762596629559994 3.624676510691643 13.80659832805395 1.46067538112402 2.190605826675892 31.33269854635 5.437899433076382 43.73266377300024 0.8778452053666115 21.73732213675976 3719.341493800282 14.39866466075182 62.2676777690649 58.25431337207556 0 0.2021398469805717 154.1278439164162 482.9930077269673 2769.943286120892 3.201328054070473 1.564149454236031 1.058787271380424 9.333121247589588 3.022464901208878 9.523783601820469 2613.621295154095 544.6659449636936 2.145657315850258 128.4583213999867 6.749462276697159 27.84606445580721 63.68577624112368 0.9000459760427475 825.3483767732978 2.298422485589981 273.1199514493346 362.2253752574325 1156.78682205826 349.2251523509622 25.87955426424742 19.22988717257977 15.30908304452896 0.9401639774441719 0 1.46170112490654 0.1023510545492172 0 0 0 0.4707834497094154 0 0 0.2407064586877823 1.055047996342182 0 4.747157216072083 0.1405341029167175 0 0 0.2726025879383087 1.071502044796944 0.1402770280838013 0 0 0 0.1068486273288727 1.02640413492918 9.795982345938683 8.867097891867161 29.29381638765335 0.528633214533329 0 0 3.939810357987881 0 0 0.2223959341645241 1.211597338318825 5.156725347042084 1.580066695809364 0.3354439809918404 0.0877889096736908 0 0 0.1255940645933151 0
25.82368852198124 16.39125623553991 176.4422243013978 3.274054944515228 2.877038232982159 48.60268323868513 25.94775726646185 111.7598709613085 4.337835736572742 45.12801669538021 3089.860737688839 25.94052587449551 47.32987716794014 196.8031745329499 0.1248210892081261 1.93114223331213 5144.144344203174 2769.943286120892 5606.562160208821 7.519859742373228 34.9571390375495 8.28958161175251 165.6125116199255 9.884899489581585 14.96859671920538 8338.629463784397 2813.603030569851 9.925556004047394 449.9557630568743 94.72759881615639 15.54076817631721 118.4726241603494 23.54576890170574 3692.698517665267 10.03811240196228 634.4553109630942 1307.10529037565 2862.673914253712 778.2082205712795 39.26771505177021 11.48030579090118 9.601998932659626 1.579709880053997 0 24.47474809736013 2.947254903614521 0.1430517882108688 0.09044024348258972 0 1.340030394494534 0 1.179885774850845 0 1.256400518119335 0 2.072442457079887 0.1605508029460907 0 0.3761519193649292 3.743933521211147 1.033659979701042 5.742305681109428 0.3227522075176239 0.1452282071113586 0.6008585765957832 0.80824314057827 2.504011437296867 10.37921692430973 68.91141498088837 174.6572862267494 2.261130198836327 0.3461853563785553 0.4169205501675606 2.193924441933632 0 0 0.9770363867282867 4.418361306190491 6.131159670650959 8.300892405211926 2.666661813855171 1.883539482951164 0.1174468770623207 0.2147632390260696 0 0
3.742674335837364 0 1.773492306470871 3348.906434603035 1.969207897782326 235.1441723033786 65.70552454143763 219.3636087924242 133.5934455543756 2490.732554621994 8.643041677772999 4361.244309239089 1.981188088655472 120.2914089635015 85.14182084798813 0.1304699778556824 1.605499818921089 3.201328054070473 7.519859742373228 857.3397824838758 0 0.4033017307519913 0.8524392768740654 560.4767568930984 0 9.068691156804562 4.098435141146183 988.473794490099 173.5710017830133 2.044069774448872 0 9.259526811540127 1.157050780951977 74.18242532759905 5.428750574588776 236.7501319423318 3.571899689733982 111.2263576239347 13.1623537838459 426.4067410305142 13.92567725479603 0.8953697606921196 4.003004126250744 0.8905926942825317 0.3669097423553467 0 49.54619507491589 0 4.740893743932247 39.74592959135771 8.923255652189255 65.45927384495735 61.85426891595125 0.4115359410643578 55.80095171928406 0 3.517144098877907 2.313271746039391 0.4910539090633392 0 0 0.1100962683558464 77.03978699445724 0 0.2044664621353149 0.6925588846206665 44.04345189779997 0.07650420069694519 0 0.4366091787815094 53.4608339369297 3.17418334633112 5.964276194572449 0 0 0 1.062805682420731 0.2660226225852966 31.81983637064695 0.2700219303369522 3.194091722369194 0.732652485370636 31.26458645612001 1.817780256271362 0 0
40.41029015183449 3.97558718174696 274.9746979698539 3.760652877390385 0.1115449592471123 1.550872981548309 728.481074295938 44.32376793771982 398.3266602158546 12.83362426608801 3.6767787784338 0.8851277083158493 10.50823999196291 87.34371013194323 0 2740.965027339756 790.3985324278474 1.564149454236031 34.9571390375495 0 10218.0963581875 531.5146919861436 12431.58437760174 766.4072045385838 0 31.32280240952969 1089.818034023046 5461.918247766793 274.2683464810252 13141.39425367117 0 8.967187166213989 70.00764453411102 3021.224295422435 378.8239667341113 5567.61213015765 444.8070509657264 4726.912289880216 3331.066502295434 92.04973566532135 39.22048475593328 4.205065749585629 28.95964114367962 4.059248305857182 1.06606487929821 0.6124013513326645 0.5560695827007294 0 0.5243707746267319 36.28705919533968 7.311324670910835 258.5930581539869 2.001990430057049 0.1937561929225922 0.4440223947167397 0 12.89704144746065 0 269.3940396159887 0.6879762038588524 0.08646026253700256 0 0.5749355182051659 321.4579400345683 212.642086699605 88.78205177932978 158.7882569208741 0 0.6100488230586052 10.36346681416035 507.7183780819178 11.0295586809516 106.4217100888491 0 0 0.7316562011837959 3.040764071047306 74.29404223710299 67.96832437813282 3.652575805783272 6.110044918954372 10.484026953578 3.584195472300053 1.158129245042801 1.580546021461487 0.4229831099510193
0.94576645642519 2348.405610114336 127.2838424667716 6.654212176799774 1.131795644760132 2.352503798902035 31.2398047670722 5.839527525007725 3393.829577103257 6.79409409314394 5.161595396697521 9.090085610747337 67.7912235558033 8.731380671262741 32.0079585313797 4269.112236231565 48.54378732293844 1.058787271380424 8.28958161175251 0.4033017307519913 531.5146919861436 1071.422085978091 639.1909218654037 5755.572312556207 199.6613283231854 54.60115097463131 7171.978602670133 607.9682180434465 28.18635728955269 103.2503121867776 2.135702088475227 0.8818515539169312 13.32077100872993 71.00344518572092 15.75697858631611 785.5025421530008 312.1147825866938 345.4375188648701 272.3581610769033 160.2090384140611 7.139788672327995 13.13515306264162 5.345342501997948 0.3172835856676102 15.33248628675938 88.18527726083994 8.583104573190212 0 0.1638850048184395 21.72170300036669 1.50944771617651 17.35032673180103 2.584173932671547 1.560044303536415 0.8495638370513916 4.486972250044346 0.4565147385001183 0.3433010876178741 1075.790647514164 5.403332218527794 0.4425936415791512 1.869774416089058 2.1501499786973 61.06316542625427 213.0309801697731 857.5290501341224 45.55687943100929 1.260704189538956 9.229005515575409 2026.240234330297 81.71184824407101 0.3220995739102364 4.325111821293831 1.76347167044878 0 0 1.754442170262337 5.936265051364899 24.07642091810703 14.94530379772186 5.36848646402359 2.913687095046043 2.516993246972561 0.1246366128325462 0.2720003575086594 0
139.9332539737225 5.385202772915363 6712.786190211773 12.97021593153477 0.1012532934546471 9.83856825530529 1616.378318324685 307.5369575843215 170.4971499890089 52.13087771832943 15.09371071308851 1.579565286636353 25.29333650320768 462.01037209481 0.3909102231264114 1224.137453652918 5232.651108153164 9.333121247589588 165.6125116199255 0.8524392768740654 12431.58437760174 639.1909218654037 12744.04655467719 696.0071309059858 0.1923028230667114 1158.298215053976 7471.628916233778 4004.817440167069 359.2736886665225 6980.853707037866 0.1645667627453804 12.10093525797129 67.4437610283494 3696.262669108808 392.7596211582422 9386.536594077945 7203.42960614711 7828.66296761483 6303.701130159199 268.6194454431534 49.06106350570917 18.16249421983957 36.23019281774759 0.8778387829661369 6.089210323989391 21.06138357520103 0.9521266147494316 0 0.7524247020483017 36.11251509934664 2.892989352345467 45.37835901230574 2.930104784667492 0.2790811657905579 0.1332506835460663 0 1.613603837788105 0.2922653555870056 602.3658583313227 1.306463778018951 0 0.1592716574668884 1.900428652763367 101.8547190502286 547.6830862984061 503.7661296129227 49.57615910470486 0.0780927762389183 1.195738449692726 555.4639876335859 131.9699243232608 4.500327832996845 24.28269232809544 0 0 0 0.4930932745337486 111.6836816221476 154.9748903438449 8.328375607728958 4.663516663014889 14.26564344763756 2.555675096809864 0.3502313196659088 1.815419852733612 1.709062933921814
25.65619803220034 474.0065420940518 325.1161036193371 2275.425992824137 6.673907220363617 42.18547740578651 833.5047395154834 181.6942164599895 9656.919319972396 933.1733633652329 8.203120842576027 900.1035192087293 18.15076916664839 148.6767939478159 520.7470307424664 3473.736432865262 43.28620482236147 3.022464901208878 9.884899489581585 560.4767568930984 766.4072045385838 5755.572312556207 696.0071309059858 15800.65137781203 21.48757389187813 94.06322373449802 4058.541002988815 8653.981502212584 558.9682743623853 174.5501662790775 0.7510450333356857 7.248065285384655 187.7647842764854 366.7981630340219 96.41684120893478 2395.212355278432 86.67867143452168 637.720526650548 260.5282080620527 1239.655962921679 63.78264258056879 3.170481733977795 27.63226696848869 11.19494830816984 18.66612870246172 7.687332235276699 550.1655183136463 0.1929890811443329 59.87224142998457 858.683158993721 105.7380417436361 1423.584040224552 620.3194596320391 5.756783254444599 297.8440354466438 1.41792518645525 56.45575257390738 21.04560787975788 85.8276097252965 1.993574932217598 0.8296393975615501 1.07908534258604 585.0285317078233 66.81247140467167 68.90312319248915 29.87515823543072 1229.380195200443 2.09011122584343 5.768344961106777 91.4761056676507 1676.789979875088 40.87979460507631 165.6563000008464 0.6349324733018875 2.041942663490772 0.644594706594944 17.62890934944153 13.57216382026672 286.0463542714715 7.685856856405735 47.7698390558362 9.974820338189602 254.4118794724345 9.535005904734135 1.876038640737534 2.069029651582241
0 1352.253670789301 2.233975604176521 0 0 0.2727813124656677 0.1290656626224518 1.077197670936584 45.28512138873339 0.4491181522607803 405.773477755487 0.9357212334871292 3912.210861079395 0.9555954113602638 0.1710618734359741 0.7310837060213089 1.224199809134007 9.523783601820469 14.96859671920538 0 0 199.6613283231854 0.1923028230667114 21.48757389187813 843.6487919390202 386.8824608325958 6151.676936507225 2.052309215068817 2.334205612540245 0.1124091371893883 279.1865265592933 1.393123649060726 0 48.21442445367575 0 69.87113733589649 397.2580771222711 177.4215990453959 17.27757082879543 11.79048005491495 20.33827336132526 891.4834835529327 6.918964147567749 0 120.520430766046 0 0 0 0.1204021349549294 0 0.1926108300685883 0.5196649730205536 0 162.7077323645353 0 610.5861840099096 0.3487232401967049 0 0 0.8592438548803329 15.87872140109539 6.678628988564014 0 0.2574614584445953 1.862972974777222 0.4265754371881485 0.6609325930476189 605.0184350162745 202.739938095212 840.3963377326727 0.3229416012763977 0.2498734891414642 0 119.279138982296 0.1951339244842529 0 4.999260693788528 0.3715155497193336 42.67851492017508 76.22312138229609 16.41163601726294 2.415392972528934 0.2242492288351059 0.9861456155776978 19.50557758659124 0
106.9670111760497 173.8309467509389 16280.88075808436 15.35528550297022 6.804710358381271 82.23473913222551 363.668310135603 555.7171628028154 31.30135238915682 105.9140294492245 4746.131791070104 38.73472175002098 1093.503825634718 671.0296757668257 0.6329682804644108 5.863539084792137 2756.839436974376 2613.621295154095 8338.629463784397 9.068691156804562 31.32280240952969 54.60115097463131 1158.298215053976 94.06322373449802 386.8824608325958 41705.37904846668 15987.05816703662 104.0590963661671 658.0142446868122 299.3021462708712 761.4740679264069 169.3078934028745 46.95628130435944 2133.044342122972 27.64550037682056 3439.275823257864 10780.55753962696 6098.940029658377 2116.086411118507 116.7881901040673 66.49658887833357 371.1338868960738 9.767806708812714 0.1782584190368652 473.6478928700089 40.69544937461615 0.3102460727095604 0 0.1763195767998695 4.128652736544609 0.8652459159493446 5.159484960138798 0.1777657568454742 146.5619914159179 0.155729278922081 732.5557480230927 0.5054984837770462 0 0.3759209811687469 33.23547229915857 93.77517112344503 114.3398188874125 0.7650602012872696 0.7668453976511955 10.54586330801249 3.074641942977905 5.215702682733536 1073.800253614783 1431.391069173813 3848.859329052269 7.28337736427784 0.9856305718421936 2.564816422760487 295.6360887736082 0.5306117385625839 0.1934916079044342 18.86940222233534 12.20540920644999 47.48301193118095 319.1535116583109 81.28961329907179 17.52625527977943 2.896381996572018 0.3474466502666473 12.85926188528538 0.4829127192497253
44.54495863616467 7522.171386823058 6549.304158933461 16.65689987689257 1.972190909087658 27.01359617710114 240.5531402379274 113.3756161108613 1906.301650442183 49.75143814831972 903.7604812085629 20.39866389334202 6133.395912483335 192.1964676976204 18.3424569517374 4226.509770207107 6368.192927755415 544.6659449636936 2813.603030569851 4.098435141146183 1089.818034023046 7171.978602670133 7471.628916233778 4058.541002988815 6151.676936507225 15987.05816703662 40236.57256096601 2312.148368492723 347.1677355691791 321.1304298192263 1447.569407507777 54.08250539749861 56.14659997820854 2634.096388489008 203.8424448892474 8483.268591821194 9296.917662844062 11530.21771837771 4205.498385250568 345.5288947373629 30.14308981597424 235.3706830367446 21.11905217915773 2.431653298437595 3701.211192011833 1051.800984360278 3.459999307990074 0 1.476464778184891 80.28543493896723 6.029772736132145 46.85461904108524 7.251465149223804 173.6330457031727 1.448930636048317 828.6480523049831 4.197802469134331 1.133783683180809 757.553279273212 184.7812234833837 175.2059922963381 305.4553549662232 2.967626348137856 74.67782504856586 1856.277302801609 810.7382202595472 75.83609008789062 1794.411020308733 3687.381587855518 18781.60385873914 150.8734702914953 3.468359492719173 18.55037446320057 536.7762587368488 0.1985476911067963 0.2038355320692062 54.68715836852789 71.60282480716705 195.5371177643538 826.3728303089738 258.1716881617904 65.27425508201122 7.939765803515911 1.348009079694748 17.16463943570852 0.2606811970472336
33.2188221141696 38.22512084245682 808.6961683630943 3191.31078414619 0.9827280044555664 197.3409703373909 16254.64497909695 275.1818683668971 1543.110960543156 6206.192061670125 8.110988907516003 386.5452199354768 9.839420445263386 205.8447500616312 27.9823986813426 2418.215212836862 41.05533729493618 2.145657315850258 9.925556004047394 988.473794490099 5461.918247766793 607.9682180434465 4004.817440167069 8653.981502212584 2.052309215068817 104.0590963661671 2312.148368492723 26171.29734383523 653.1989536806941 3185.656784780324 0.4407553151249886 11.15925069153309 366.7613246589899 779.7992606833577 236.1456203311682 3524.745077259839 213.8891613632441 1334.427124492824 651.7238721549511 271.5534221157432 55.74761859327555 2.25347438454628 34.32638138532639 17.09015848487616 7.932585440576077 5.050288371741772 181.5810740590096 0.4445942416787148 32.86008563637733 627.5570464357734 76.93543756753206 824.1364569142461 282.0114776417613 0.7099210992455482 93.95242403447628 0 66.44617135077715 14.99053334444761 161.6148056983948 1.44927741587162 0.6270666196942329 0.76530721783638 221.6809831187129 167.9368678703904 78.05907127261162 36.71063328534365 922.539854362607 0.6349481418728828 2.159459188580513 54.29425396770239 1657.348975524306 53.59835636615753 263.1902373284101 0.1915389448404312 0.5902305021882057 1.159603551030159 17.28918937593699 42.61522828042507 182.5628832876682 5.918334722518921 40.55599664896727 9.044845379889011 86.76583442091942 6.915532924234867 1.961695492267609 0.1342913657426834
3136.244068324566 3.184880867600441 213.0743821114302 190.8548951372504 527.0822486653924 2131.175243891776 1389.062485083938 1262.915201917291 71.92872463166714 1539.852201670408 579.3891436010599 545.1813479289412 64.74282027035952 5779.728838481009 79.11606758087873 4.184602655470371 1038.620370402932 128.4583213999867 449.9557630568743 173.5710017830133 274.2683464810252 28.18635728955269 359.2736886665225 558.9682743623853 2.334205612540245 658.0142446868122 347.1677355691791 653.1989536806941 26442.58397385105 6778.610979065299 6.995292112231255 1561.682787187397 3586.254935726523 4668.237577140331 36.68086426705122 423.1950024440885 173.6069867312908 2197.436723604798 202.7974936142564 436.1670260205865 383.2571951150894 71.01149389147758 9.54610026627779 1.94120728969574 2.278973400592804 0.8867040351033211 7.178114980459213 0 0.7120793759822845 47.85737300664186 7.671138398349285 29.72756431251764 14.92730631679296 0.08453714847564697 4.788117744028568 0.8154700323939323 2.85814893245697 1.447770833969116 3.96957815438509 0 0.09114754199981689 0 14.03253497928381 5.458321668207645 2.885434798896313 0.6798857599496841 46.67036768049002 0.4789366349577904 2.541164509952068 10.13478451222181 100.3782003298402 2.994224235415459 13.86236251890659 0.6448271796107292 0 0.183723658323288 1.933877818286419 3.377588704228401 25.57756866514683 2.403428323566914 2.476049289107323 0.764199510216713 5.393011331558228 0.2813432514667511 0.06975557655096054 0.2864499390125275
