1741.336265400052 0.1768643707036972 123.2713603675365 3.279776722192764 0 15.53852286189795 1152.37736800313 577.0503646694124 1.043669648468494 60.25995803624392 3.611320577561855 3.562350802123547 0.339179553091526 5854.622860088944 0 0.8116007149219513 268.6399873644114 4.811844147741795 8.647878684103489 4.513422422111034 51.32313117384911 0.1355743259191513 233.3736350759864 56.85155203193426 0.1275643557310104 50.43147739768028 46.60778867453337 68.80819928646088 4028.195099517703 3910.448370665312 0 1.201233044266701 251.6927290782332 227.7535776048899 5.31937138736248 127.068609803915 17.98630133271217 68.96585113555193 25.00188370794058 3.825506702065468 0.4399993866682053 0.1193638741970062 1.131086774170399 0.126859575510025 0.3958599045872688 2.10433503985405 0 0 0 2.259081892669201 0 0.4835237413644791 0 0 0 0 0 0 1.624735146760941 0.1990114524960518 0 0.1609460785984993 0 1.563266955316067 0.672953873872757 2.075303271412849 6.629187308251858 0 0.7653378769755363 4.466820694506168 5.95318491011858 0 1.098920173943043 0 0 0 0 1.134704977273941 0.8103062212467194 0.9822832122445107 0.6080413982272148 0 0 0 1.440989136695862 0
0.1768643707036972 163.1878454014659 117.5018640235066 0.09666867554187775 0.1080833524465561 0.1619501933455467 0.517534963786602 1.194972038269043 836.8870344161987 0.5774293467402458 97.68689612299204 6.536656893789768 454.4935303553939 1.34871444106102 4.082846507430077 187.3347967788577 28.53757946193218 26.52267450094223 9.945478528738022 0.2669593393802643 16.13763727247715 2703.056407541037 25.68214354664087 661.6877534389496 1329.94725048542 632.3500075116754 8414.474884651601 70.05391263961792 2.985426612198353 3.260036014020443 58.17372641712427 0.1945644393563271 0.521340012550354 120.0871935039759 1.217201061546803 47.98256545513868 101.3588596954942 104.2479929849505 21.76222896575928 18.0748331323266 1.94843415170908 166.3943041935563 0.09359714388847351 0 262.408624112606 133.1321314200759 0.1167775094509125 0 0 0.3177085593342781 0 4.298193037509918 0 2.851625427603722 0 8.839391857385635 0.3167692944407463 0 5.38602714240551 33.73036985844374 2.203157611191273 58.33162761479616 0 0.221582904458046 47.69712214171886 9.236292354762554 6.027071967720985 6.997256681323051 263.4363029450178 1358.608222320676 1.211944952607155 0 1.181253418326378 3.152281038463116 0 0 4.625074170529842 0 28.30442885309458 26.53540536761284 19.81383295357227 4.030515521764755 0.5136198848485947 0 0.1835321038961411 0
123.2713603675365 117.5018640235066 10329.00651975721 2.827293492853642 0 137.6630564033985 661.5633844509721 653.6012488529086 4.658860802650452 229.9154650904238 17.92344342917204 2.689532101154327 2.657854668796062 621.4824572652578 0.3243203386664391 10.35100331902504 3433.914400886744 105.9187991991639 79.24118663370609 3.311634548008442 1150.804888539016 5.784861639142036 7651.075764983892 110.9303159490228 0.8639053367078304 6312.305388528854 7635.794976636767 302.9489014223218 145.2895690873265 907.4237403422594 0.2387312948703766 1.013518109917641 5.161983959376812 588.2114150747657 18.79912375658751 1414.591743290424 3312.42018982023 1259.486334986985 327.1067705154419 22.12741995602846 1.407730296254158 21.33921558409929 4.483378447592258 0.6727301478385925 257.6262547820807 1518.745905049145 0.1099721416831017 0 0.09141641855239868 8.580959215760231 1.023307710886002 1.886854402720928 0 1.14981334656477 0 0.9996142983436584 1.588947005569935 0.2117604911327362 32.70534066855907 265.0773868784308 2.340956054627895 36.03081548213959 0.5438245832920074 5.68856392800808 120.5581110492349 459.0599713101983 12.9246092364192 1.680147767066956 412.5289511829615 3342.572823651135 7.176718041300774 1.005542360246181 8.599086843430996 0.5346953943371773 0 0 14.57859486341476 7.628983810544014 148.8585752397776 653.8750608935952 98.4373137652874 11.13176895678043 3.442206852138042 0 0.6656714081764221 0.4491111114621162
3.279776722192764 0.09666867554187775 2.827293492853642 1597.491640932858 1.022344961762428 216.0915877148509 239.8636189624667 62.35368745028973 879.6603556200862 2234.922155857086 3.914129085838795 3739.525405094028 0.6812421381473541 60.05252695083618 89.60529708117247 0.08065493404865265 0.4910944104194641 1.101284027099609 0.3736069723963737 1816.659236118197 3.322083741426468 0 3.438443712890148 1224.875305630267 0.5758177563548088 1.504454992711544 2.007396005094051 3244.150488294661 138.5660661868751 1.987511411309242 0.1825840547680855 3.486595794558525 7.444480709731579 48.91154082864523 2.635403253138065 165.7626278847456 3.008697040379047 61.94496139138937 27.99053315073252 372.693504974246 4.368793837726116 0.2158026844263077 4.446542374789715 0.3740318045020103 0 0.130687952041626 229.0607499778271 0.1804293394088745 6.587294280529022 70.27095508575439 14.08423158526421 224.2253749296069 162.4611474201083 0 219.1550682708621 0.09184526652097702 6.442363820970058 19.92193243652582 0 0.09753848612308502 0 0 189.3293929770589 0.1084058284759521 0.2506572902202606 0.1642617881298065 234.5608401671052 0 0 0.3155501484870911 195.1235985159874 9.643955759704113 4.251796498894691 0 0.4325336515903473 0.6589662060141563 2.361735850572586 0 46.27656529843807 0 8.522248066961765 4.135137937963009 178.1018978208303 0 0.3187572658061981 0.339427649974823
0 0.1080833524465561 0 1.022344961762428 106.1862258911133 820.9326359406114 3.626103989779949 23.63984651863575 80.45379684865475 7.861905321478844 7.950056284666061 129.1381323337555 1.63409049808979 1.648989833891392 2491.171964682639 0 0 0.3668834269046783 0.1050255596637726 2.127112686634064 0 0.6029910743236542 0.3370471447706223 9.248100787401199 0.7667110040783882 0.5739454030990601 0.3026910573244095 2.89829309284687 22.1881807371974 0.549577496945858 0.2800786942243576 536.4655231162906 0 97.13032755255699 0.1696704179048538 73.17002542316914 4.768368162214756 166.6984676495194 181.3190835565329 1765.351547248662 234.8870156034827 16.34422434866428 2.978889986872673 0 0 0 0 0 0 0 0 0.4328281581401825 0 0 0 0 0 0 0 0 0 0 0 0 0 0 1.328066170215607 0 0 0 0.5472992658615112 0.5050453543663025 0 0 0 0 0.4921832084655762 0 0 0.7128478437662125 0 0 0.7541578412055969 0 0 0
15.53852286189795 0.1619501933455467 137.6630564033985 216.0915877148509 820.9326359406114 18827.36099512503 1217.876135326922 6447.346288654953 62.68675623089075 10307.12101573497 41.42644590884447 3878.308793619275 4.011986169964075 846.6963579580188 2427.665255017579 0.4039130657911301 40.76128146797419 6.289225116372108 3.371747553348541 922.3374508582056 73.90075641870499 0.1293103843927383 75.86826691031456 74.1135276183486 1.950848907232285 45.75525365397334 15.76856835559011 117.0900866985321 824.356436047703 137.6604941859841 0.5662091448903084 357.2849423922598 1.841382749378681 326.7096796147525 19.85012773424387 553.0774885043502 30.24465914070606 376.3312999010086 359.9256289303303 3380.99130833894 297.3449805900455 19.33993259817362 17.62709324806929 0.1080614328384399 0.260102167725563 1.939739853143692 15.26574287563562 0 1.043538749217987 23.27716571092606 7.817128010094166 20.2579549998045 10.82479316741228 0 16.3120114132762 0.1127070784568787 3.588902339339256 0.5440807566046715 0.4053687676787376 0.07004688680171967 0 0 9.564742483198643 0 0.1401757448911667 0.4557188451290131 54.99524849653244 0.1290983706712723 0.7902479320764542 2.980647876858711 38.42577698081732 2.644044473767281 3.602014996111393 0 0 0 1.00421330332756 3.252141997218132 11.34129412472248 0.9492318481206894 3.956285953521729 1.293513245880604 23.78098401427269 0 0 0
1152.37736800313 0.517534963786602 661.5633844509721 239.8636189624667 3.626103989779949 1217.876135326922 27842.91400492936 3258.86451684311 175.678246229887 14145.79487212002 30.17554996162653 18.77490568906069 2.595944561064243 8595.658631704748 2.478932127356529 23.45241796970367 57.81200332194567 9.38444122672081 3.866331592202187 93.48901349306107 2860.477163396776 3.499383315443993 789.8141050115228 3324.646666489542 1.864183835685253 115.8344294428825 83.43205913156271 14018.5632924214 1392.571480114013 6441.242176629603 0.7554831728339195 12.48674977570772 154.615017876029 568.802694581449 57.60051066428423 1509.142466343939 70.60801400989294 689.8711765781045 374.5488470718265 56.22146881371737 28.63482467830181 2.88043999671936 15.94180834293365 1.970483772456646 0.9450644999742508 9.003022514283657 58.31146650016308 0 6.423066079616547 97.33186317980289 22.28391917794943 94.67684197425842 39.29455949366093 1.555158585309982 17.79329858720303 0 11.63645176589489 0.7252005860209465 8.567170105874538 2.01820483058691 0.158250629901886 0.3097173124551773 49.64657247066498 1.99223168939352 3.532153606414795 9.788444258272648 286.4361296221614 0.2973182946443558 2.398274309933186 15.26001413911581 249.1220385059714 18.92819972336292 52.02893951535225 0 1.584332257509232 0.5926535800099373 11.8566211014986 5.149777345359325 39.44705145061016 3.073994591832161 18.26881894469261 10.05493368208408 8.009480088949203 0.3268630504608154 5.35884028673172 0.3734248429536819
577.0503646694124 1.194972038269043 653.6012488529086 62.35368745028973 23.63984651863575 6447.346288654953 3258.86451684311 13737.12930561975 13.91947051882744 5837.257177632302 78.52424655109644 697.5672914981842 12.6285053640604 7126.189605776221 168.3295064643025 1.339384160935879 358.6516884118319 19.96640646085143 17.29636800289154 357.2456735447049 238.9857571721077 0.8565655425190926 521.251305591315 139.148840136826 3.936758145689964 201.1409587115049 91.84227195009589 155.6994217336178 2406.810972634703 1603.346614047885 0.6859597787261009 770.6160262450576 3.304998457431793 412.8833753876388 26.56391248852015 1024.82226042822 89.79161639884114 532.1163084059954 486.8560768440366 1282.645370334387 81.59259902313352 35.52971778810024 18.15363333374262 0.2166846394538879 1.69185347110033 7.367285899817944 4.556113742291927 0 1.065102756023407 22.2739983946085 7.723691537976265 16.67734038829803 8.665245160460472 0.1515687555074692 4.451001353561878 0.4340874180197716 7.850469790399075 0 2.681552730500698 1.556673645973206 0 0 4.743658415973186 0.8948976099491119 1.625044994056225 1.512615941464901 68.15441380441189 0 2.316076375544071 13.63186061382294 53.62515886873007 4.001964055001736 6.358683548867702 0 0.3963665887713432 0.3681614026427269 3.417461268603802 4.047377817332745 9.923699073493481 5.548361368477345 5.770658157765865 4.712348647415638 7.838111273944378 0 0.7612758576869965 0
1.043669648468494 836.8870344161987 4.658860802650452 879.6603556200862 80.45379684865475 62.68675623089075 175.678246229887 13.91947051882744 681.4647699967027 384.5742275863886 5.414117567241192 395.0680175721645 10.93950189650059 8.623398654162884 737.3526073247194 22.7763187661767 0.9516276493668556 1.198441565036774 0.5676951482892036 327.5066152513027 22.04524349421263 2376.775186985731 10.90584786236286 8465.062288634479 59.03472819179296 31.73750320076942 675.5758434385061 1392.433589145541 38.81697852909565 28.26595641672611 2.836616992950439 0.3484289944171906 5.020256914198399 21.20530557632446 4.76990732550621 352.5818857550621 9.808903627097607 32.69302119314671 17.42393520474434 773.2385202795267 6.215654380619526 1.492647513747215 2.728884160518646 2.70972154289484 2.086020387709141 0.8109332844614983 160.569376334548 0.1723281592130661 5.740609675645828 153.6876003742218 19.83129942417145 154.2566323205829 78.5152223482728 0.6333963647484779 84.11551303416491 0.5630127266049385 15.92905471473932 13.38250616192818 19.22133848816156 0.6088298037648201 0 0.2828924879431725 119.6912203282118 7.724867768585682 26.51947858929634 3.218577228486538 1343.648996032774 0.8912500590085983 3.943734429776669 3.869239673018456 478.6584798172116 23.26404242962599 32.99677587300539 0.7072326317429543 0.2442653402686119 2.159217789769173 9.150661014020443 1.656584098935127 34.60892302542925 1.47159219533205 19.4448165372014 5.421280197799206 67.48415701836348 0 0 0
60.25995803624392 0.5774293467402458 229.9154650904238 2234.922155857086 7.861905321478844 10307.12101573497 14145.79487212002 5837.257177632302 384.5742275863886 34567.24419162422 105.4458813667297 2144.08075434342 10.84887669980526 2070.14176318422 17.70294524729252 0.5165321975946426 34.283347543329 18.08135658875108 11.17123763263226 4227.300883937627 213.5539191141725 0.8581159040331841 122.0215458795428 579.1471188105643 5.55672163516283 87.36337869241834 26.57247267663479 2413.178356736898 2200.466058980674 153.6758387163281 1.17199245095253 52.12904148176312 44.78375408053398 759.1924432218075 21.71433938294649 1164.53024058044 55.42685902863741 817.3078206405044 312.4081342071295 119.6230094321072 39.1643688455224 8.022390887141228 14.89940558373928 1.950972482562065 0.6687175035476685 3.067262537777424 305.5938253775239 0 23.94724063575268 288.41860101372 56.73056357353926 274.5657705143094 233.3705032840371 1.39683786034584 134.7347778901458 0.2593580707907677 38.73568903654814 9.984112299978733 1.104279167950153 0 0 0.3895789086818695 292.7224090248346 0.09927941858768463 0.7514214813709259 2.099132612347603 618.6816020160913 0.1575795486569405 1.281133316457272 5.051687471568584 570.6866257488728 29.37964548915625 12.24719569087029 0 1.039329245686531 1.016785703599453 19.83334481716156 4.114152818918228 56.57305858284235 2.817437320947647 31.59436934441328 8.779443338513374 58.39699982106686 0.4785261303186417 4.316038176417351 0
3.611320577561855 97.68689612299204 17.92344342917204 3.914129085838795 7.950056284666061 41.42644590884447 30.17554996162653 78.52424655109644 5.414117567241192 105.4458813667297 7595.204668298364 25.42345229536295 3319.639343827963 72.3765072375536 2.069409541785717 1.098902210593224 712.3682763166726 3992.424555920064 2336.605375789106 22.8662581667304 2.963929928839207 16.70536630600691 30.63476083427668 30.2649954482913 1408.21916077286 2829.678507324308 1076.417161989957 31.33645053952932 520.8045060187578 12.79880727827549 336.8202974647284 107.7083028182387 3.093677826225758 5673.282264709473 12.19600088149309 555.5932244807482 5934.335573598742 3722.700735792518 879.6251683160663 49.03505237400532 139.6463446170092 1605.248107790947 18.06552066653967 0 14.44646731764078 0.7049419805407524 0.08917143195867538 0 0.0761854350566864 1.390010669827461 0.4275917112827301 1.831543937325478 1.543901205062866 430.8463214412332 0 1387.003867380321 1.457064785063267 0 0 1.537626944482327 24.05134353786707 5.673458524048328 1.15692201256752 0 2.148565262556076 0 11.52110405266285 199.9281892850995 188.2188735455275 275.9818284809589 9.039628505706787 0.7341954633593559 1.537970244884491 173.6177228689194 0 0.3455163836479187 88.10231311619282 6.292354270815849 40.83642768114805 316.452306933701 17.14885980635881 4.841871075332165 1.183667048811913 0 121.4950520172715 3.993754863739014
3.562350802123547 6.536656893789768 2.689532101154327 3739.525405094028 129.1381323337555 3878.308793619275 18.77490568906069 697.5672914981842 395.0680175721645 2144.08075434342 25.42345229536295 4540.590974539518 3.409106381237507 439.0038145147264 970.8829431161284 0 1.355038054287434 2.835616290569305 1.068181827664375 2968.356958523393 0.3830943554639816 21.00657288730145 1.506430350244045 431.2849845215678 1.953311704099178 6.01022008061409 9.632022149860859 742.9231735691428 635.8673490472138 3.119522273540497 0.2945172116160393 24.03147357702255 1.711005367338657 162.8618839904666 0.9638719260692596 328.1727064028382 6.193710096180439 106.1585758961737 31.15122175961733 1385.29506714642 13.66603055596352 2.040238998830318 1.525511413812637 0 0 0 99.97613063454628 0.7598971426486969 7.659589186310768 25.91338074952364 9.65668410807848 87.65945320576429 74.94787387549877 0.08227798342704773 204.9369139671326 0 2.441239535808563 19.51512914896011 0 0 0 0 98.40053502470255 0 0 0 89.18073737621307 0 0.182763010263443 0.1716841906309128 75.26088079065084 3.226625874638557 0.5809757709503174 0 0 0 2.834071844816208 0 45.21334717422724 0.1312948018312454 1.117342859506607 2.582356005907059 192.9672031849623 0 0 0
0.339179553091526 454.4935303553939 2.657854668796062 0.6812421381473541 1.63409049808979 4.011986169964075 2.595944561064243 12.6285053640604 10.93950189650059 10.84887669980526 3319.639343827963 3.409106381237507 5029.932826891541 9.413775406777859 0.2203935235738754 1.494751378893852 1.179565452039242 71.96829994767904 3.667839676141739 2.343265101313591 0.4579326063394547 51.65334594249725 1.50796040147543 13.88543909043074 6693.090598374605 273.8007930219173 5957.567281201482 4.730187281966209 54.36797003448009 0.6595572680234909 1381.577359244227 15.3531913459301 0.2133141979575157 924.0181670412421 4.751830615103245 127.181780718267 1563.23921610415 1942.271827861667 175.2645466923714 11.42493701726198 86.92404052615166 664.1257556676865 12.24572579562664 0 29.56503853201866 0.2034337520599365 0 0 0 0.1126389279961586 0.07645358890295029 0.5689187794923782 0.08614645898342133 457.8383532389998 0 1564.057704024017 0.1739191561937332 0 0.3352028355002403 1.642092235386372 33.92265853285789 9.015417113900185 0.5483253002166748 0 2.058177009224892 0 1.446773961186409 272.1046552732587 269.8063888922334 385.0200175642967 0.681432694196701 0.2904655411839485 0 212.5572460517287 0.2943613305687904 0 82.71813217550516 10.48051649332047 23.64648696780205 355.7383930012584 21.60769169777632 3.212303683161736 0.3587443679571152 0.3953031897544861 80.37027795612812 1.996098637580872
5854.622860088944 1.34871444106102 621.4824572652578 60.05252695083618 1.648989833891392 846.6963579580188 8595.658631704748 7126.189605776221 8.623398654162884 2070.14176318422 72.3765072375536 439.0038145147264 9.413775406777859 10556.62248641253 32.00930643081665 0.9311664402484894 516.2460769452155 23.10990516468883 22.31132266670465 232.5988563224673 263.2575297802687 0.5611356273293495 645.0230524614453 161.9877470880747 5.273552983999252 187.4159276969731 120.6341491229832 235.0104657784104 4602.727617800236 4099.77232144773 0.6611072272062302 103.4098346456885 21.78161761909723 446.5135231390595 14.77278868108988 564.4673366099596 77.43821701407433 298.4573090113699 177.5634070858359 239.6355815157294 12.51453642547131 11.69930645078421 5.998992763459682 0.4173965156078339 0.9217964634299278 8.807018294930458 6.25151789188385 0 0.3404271304607391 22.58478335291147 6.549492716789246 8.935205221176147 7.171494424343109 0.6275479197502136 3.303549543023109 0.2315247282385826 2.795961983501911 0 2.934659942984581 1.500117495656013 0 0.3149169608950615 6.027283675968647 2.672006256878376 1.788853481411934 3.450517065823078 57.95371284335852 0 2.342886410653591 14.60734578967094 55.32991123199463 5.360020764172077 9.272232577204704 0 0 0 1.518878005445004 4.069472476840019 9.967081181704998 4.39659358561039 4.564569711685181 1.943050280213356 2.56653955578804 0 0 0
0 4.082846507430077 0.3243203386664391 89.60529708117247 2491.171964682639 2427.665255017579 2.478932127356529 168.3295064643025 737.3526073247194 17.70294524729252 2.069409541785717 970.8829431161284 0.2203935235738754 32.00930643081665 298.4193230867386 0.1576059609651566 0.2463065534830093 0.243335910141468 0.1452400684356689 116.527517542243 0.08209735155105591 14.46540609002113 0 180.8313183784485 0.2293040603399277 0.5508855879306793 2.588045284152031 20.07393887639046 47.8175453171134 0.1757309138774872 0 205.9640168473125 0 12.71984551846981 0 194.6760015040636 3.855409741401672 9.137231551110744 2.445086032152176 1115.878161281347 154.7201976776123 0 0 0 0 0 16.33462707698345 0.2078339010477066 1.379450991749763 0.61871337890625 0 8.169046685099602 7.633325234055519 0 28.74150887131691 0 0 3.350654527544975 0 0 0 0 9.577000752091408 0 0 0 10.73782330006361 0 0 0 8.699295252561569 0 0 0 0 0 6.288896456360817 0 15.98290798068047 0 0 0 66.24139258265495 0 0 0
0.8116007149219513 187.3347967788577 10.35100331902504 0.08065493404865265 0 0.4039130657911301 23.45241796970367 1.339384160935879 22.7763187661767 0.5165321975946426 1.098902210593224 0 1.494751378893852 0.9311664402484894 0.1576059609651566 4039.190827578306 6.079942293465137 0.2819106206297874 0.4113036468625069 0 2186.51261460036 2095.083291523159 3248.779503621161 1617.759890310466 9.177999801933765 6.888355828821659 3718.391865283251 1006.941439785063 7.760151244699955 176.5017282068729 0.4702524170279503 0.1249685361981392 1.385073229670525 63.69294387847185 66.02208166569471 2632.908522412181 380.8393631950021 276.6297560557723 407.5710917115211 42.81052074581385 1.745278127491474 1.713070340454578 22.47509506344795 1.99861303716898 0.6735534518957138 32.38515957444906 0 0 0.1800094991922379 38.3683713003993 4.355536699295044 34.47579369693995 0.1161879152059555 0.09018448740243912 0 0 1.882204048335552 0 2536.988817892969 2.832359164953232 0.1719207093119621 0.373061016201973 1.80348014831543 385.7716069892049 801.352569386363 1772.456267386675 558.6109102517366 0.1249346435070038 5.464344941079617 197.8767919540405 201.5610988587141 19.82490122318268 115.3423414975405 0.1085963025689125 0 5.908378772437572 11.12610518187284 10.73681855946779 96.48351275920868 5.472435534000397 17.30487763881683 8.637711979448795 1.970007926225662 0 0 2.112128734588623
268.6399873644114 28.53757946193218 3433.914400886744 0.4910944104194641 0 40.76128146797419 57.81200332194567 358.6516884118319 0.9516276493668556 34.283347543329 712.3682763166726 1.355038054287434 1.179565452039242 516.2460769452155 0.2463065534830093 6.079942293465137 2742.038582257926 667.8568308204412 5125.443423599005 1.036712862551212 592.9658836647868 4.116930522024632 5932.852690592408 7.778216201812029 2.383934378623962 3748.886997543275 5301.500561259687 15.96653682738543 504.2028349637985 1184.275436215103 0.544424794614315 0.6942595168948174 44.94671831279993 2296.315442927182 4.52305381000042 355.2983698621392 2716.425061248243 834.8265860304236 247.3415661901236 2.620026126503944 1.570463739335537 8.505413018167019 1.013386465609074 0 74.35736560076475 105.7726149335504 0 0 0 0.4741886332631111 0.1945179477334023 0.5181145593523979 0 1.109890468418598 0 2.291455090045929 0.1686326265335083 0 3.629210487008095 65.55661826580763 1.764845304191113 42.25650600343943 0 0.6769731342792511 14.69733541458845 11.43995801359415 3.071513384580612 1.310813866555691 220.2320718094707 491.8145530670881 1.455309301614761 0.08190023899078369 0.8185691460967064 0.705964021384716 0 0 2.102878600358963 0 28.69004522264004 211.2267632037401 20.68324822932482 3.145299546420574 1.295963898301125 0 0 0
4.811844147741795 26.52267450094223 105.9187991991639 1.101284027099609 0.3668834269046783 6.289225116372108 9.38444122672081 19.96640646085143 1.198441565036774 18.08135658875108 3992.424555920064 2.835616290569305 71.96829994767904 23.10990516468883 0.243335910141468 0.2819106206297874 667.8568308204412 1326.082739256322 2801.482498638332 3.667276173830032 2.964550919830799 4.066553331911564 66.01424544304609 5.847323097288609 45.321762137115 6516.713237889111 372.209484577179 4.088759563863277 61.62085965275764 15.16090545803308 43.3408637419343 9.124979451298714 1.711381353437901 875.4405943900347 3.241970673203468 503.5601359903812 1344.460834056139 1469.495340488851 521.1815828233957 3.427282571792603 6.756696358323097 43.45388928055763 2.628742501139641 0 12.11616706103086 0.9561025872826576 0 0 0 0.1923918426036835 0 0.335408553481102 0.4287129342556 36.54475653916597 0 142.8841149806976 0 0 0 1.773682400584221 12.5022701099515 7.135401651263237 0 0 0.646289698779583 0.1744939908385277 1.178118266165257 31.13155777752399 146.3583092913032 233.5874207466841 0.5432167202234268 0.1863002628087997 0.4929030239582062 45.63452374190092 0 0 5.536985501646996 1.042116284370422 7.564611196517944 39.8241496309638 2.017587430775166 1.61070291697979 0.1172977238893509 0 4.319084621965885 0
8.647878684103489 9.945478528738022 79.24118663370609 0.3736069723963737 0.1050255596637726 3.371747553348541 3.866331592202187 17.29636800289154 0.5676951482892036 11.17123763263226 2336.605375789106 1.068181827664375 3.667839676141739 22.31132266670465 0.1452400684356689 0.4113036468625069 5125.443423599005 2801.482498638332 3080.023046784103 2.371669448912144 9.932826370000839 0.6277856081724167 210.2863215357065 2.267142876982689 4.66088742762804 4366.726515419781 403.2971998080611 2.280513159930706 47.15076077356935 34.96370472759008 1.762507624924183 4.040796987712383 1.698345899581909 2195.511051908135 3.069457449018955 655.9640387967229 890.7258882969618 1387.620612964034 461.9462049379945 1.78802502155304 3.218499876558781 5.755563519895077 2.527742706239223 0.08955533057451248 19.85594034940004 2.600087098777294 0 0 0 0 0 0.4888524040579796 0 11.80016550421715 0 34.82567970454693 0.1157097741961479 0 0.161592036485672 12.75009695440531 12.19301649928093 62.34731929004192 0 0 1.119473859667778 0.5956848040223122 0.5831816345453262 5.306835696101189 253.5548613741994 255.0900708138943 1.287380278110504 0 0.8071940094232559 15.36235993355513 0 0 8.289433039724827 1.23713093996048 5.259686075150967 69.98549773544073 5.978503309190273 1.195965722203255 0 0 6.581879675388336 0.1541202068328857
4.513422422111034 0.2669593393802643 3.311634548008442 1816.659236118197 2.127112686634064 922.3374508582056 93.48901349306107 357.2456735447049 327.5066152513027 4227.300883937627 22.8662581667304 2968.356958523393 2.343265101313591 232.5988563224673 116.527517542243 0 1.036712862551212 3.667276173830032 2.371669448912144 345.2659528627992 2.797887399792671 0 2.344737127423286 255.2968680337071 1.567884422838688 7.225823502987623 1.672726161777973 1636.492777332664 408.7895458862185 3.298274528235197 0.3903382569551468 11.80584245920181 4.0977423787117 125.2448312044144 2.123653590679169 210.030770868063 9.431269392371178 129.6400230228901 48.91665731370449 321.5679307505488 6.259045511484146 2.827082842588425 1.495641604065895 0 0 0 148.2275961115956 0.3204317986965179 8.640184059739113 80.07525061070919 16.90168108791113 112.4988993853331 92.0845148563385 1.537324227392673 106.7931167855859 0.06764804571866989 9.640312157571316 9.474278204143047 0 0 0 0 113.8653571903706 0 0.2718115672469139 0.8635689616203308 210.9536527618766 0 0.1318386346101761 0.3439250811934471 201.6268105432391 12.25732497125864 6.300098925828934 0 0 0.3594688847661018 4.556804537773132 0.3379588574171066 27.30587071180344 0.106123112142086 8.51000027358532 1.506479650735855 83.28584513068199 0.2555918395519257 0 0
51.32313117384911 16.13763727247715 1150.804888539016 3.322083741426468 0 73.90075641870499 2860.477163396776 238.9857571721077 22.04524349421263 213.5539191141725 2.963929928839207 0.3830943554639816 0.4579326063394547 263.2575297802687 0.08209735155105591 2186.51261460036 592.9658836647868 2.964550919830799 9.932826370000839 2.797887399792671 11209.09356724471 251.2420945540071 14653.00802456588 1055.14851937443 1.887005105614662 66.88017579168081 546.8753001242876 7391.081893347204 85.72290473431349 11459.64853680879 0 1.004430957138538 9.936089769005775 3765.591549225152 270.7420395463705 4492.165820658207 249.2725435942411 3759.953462325037 2689.710971459746 120.435220927 4.753691934049129 3.238072976469994 46.86780855059624 4.264253906905651 0.626828633248806 10.49940527230501 0.5509947538375854 0 0.296954445540905 48.23230716586113 6.029191173613071 22.96895815432072 3.453241847455502 0.08943455666303635 1.072443693876266 0 3.888342536985874 0 320.0704535767436 1.995140723884106 0.2506351917982101 0.6538969054818153 3.095473721623421 172.1560157462955 88.81761181354523 111.2486593127251 376.4211470931768 0 1.58022603392601 16.07318533957005 169.1498971134424 12.68659979104996 108.2606840282679 0 0.3845059052109718 7.012989223003387 7.858978763222694 52.45984077453613 37.03403820097446 4.611918829381466 16.19577384740114 7.773561894893646 2.287065774202347 0 1.909870982170105 0.4477588683366776
0.1355743259191513 2703.056407541037 5.784861639142036 0 0.6029910743236542 0.1293103843927383 3.499383315443993 0.8565655425190926 2376.775186985731 0.8581159040331841 16.70536630600691 21.00657288730145 51.65334594249725 0.5611356273293495 14.46540609002113 2095.083291523159 4.116930522024632 4.066553331911564 0.6277856081724167 0 251.2420945540071 1745.555785432458 233.095726698637 6066.677657879889 283.8248606696725 92.80149859189987 4679.596170440316 563.2639732062817 3.908657073974609 32.21594122052193 12.55917309969664 0.07376068085432053 1.639165155589581 15.62430661171675 1.613012239336967 38.8766126409173 10.15359728038311 18.29098785668612 6.727376617491245 53.24119437485933 0.1267421990633011 11.84916012734175 0.1146352142095566 0.6575260013341904 3.305797509849072 13.74089750647545 0.1779900938272476 0 0 6.427520267665386 0.4121533632278442 46.66241823136806 0 0.7538905665278435 0 2.183767639100552 0.6912374570965767 0 1118.514979496598 1.110030010342598 0.1850367933511734 0.9487088993191719 0.7543332576751709 125.1987021863461 264.5140812620521 614.2263762652874 395.5381727740169 0.51405069231987 7.736363805830479 270.6027336493134 68.47308215498924 2.623844891786575 19.62432838231325 0.5794404670596123 0 1.403390362858772 1.068444736301899 0.5795405730605125 16.20582691580057 4.391006626188755 6.066498503088951 4.788167081773281 1.122867479920387 0 0.1664279401302338 0
233.3736350759864 25.68214354664087 7651.075764983892 3.438443712890148 0.3370471447706223 75.86826691031456 789.8141050115228 521.251305591315 10.90584786236286 122.0215458795428 30.63476083427668 1.506430350244045 1.50796040147543 645.0230524614453 0 3248.779503621161 5932.852690592408 66.01424544304609 210.2863215357065 2.344737127423286 14653.00802456588 233.095726698637 15036.46631990373 565.7564108893275 2.838188074529171 1220.940320178866 7598.6873068735 2506.953533738852 312.1615050323308 5831.054050192237 0.10072872787714 1.57924810051918 43.18058464676142 5496.483309350908 409.1470976322889 12557.74426701665 4804.83850517869 7205.656917110085 5340.752036303282 354.1725706607103 14.65329470485449 16.73392804712057 109.3096407577395 1.874166369438171 11.35368715971708 269.113454900682 0.9511286020278931 0 0.2444277480244637 23.72709040343761 1.107065171003342 9.033506579697132 0.6379875838756561 0 0.7500708103179932 0 2.136593267321587 0 1546.338538788259 20.93141356110573 0.1724910736083984 2.189971163868904 0.6718806028366089 170.8807624578476 299.5136606022716 1684.319634385407 222.7686546966434 0.09684056788682938 22.05663749575615 987.0074966624379 79.19256812334061 7.612951934337616 60.75629064440727 0.1335590183734894 0 5.237503811717033 6.067784942686558 79.96662842482328 112.0821042209864 74.31765346974134 35.07373361289501 21.9004864320159 4.271920070052147 0 3.17706835269928 0.1366488486528397
56.85155203193426 661.6877534389496 110.9303159490228 1224.875305630267 9.248100787401199 74.1135276183486 3324.646666489542 139.148840136826 8465.062288634479 579.1471188105643 30.2649954482913 431.2849845215678 13.88543909043074 161.9877470880747 180.8313183784485 1617.759890310466 7.778216201812029 5.847323097288609 2.267142876982689 255.2968680337071 1055.14851937443 6066.677657879889 565.7564108893275 9823.835353642702 48.38071563094854 49.31918432936072 1471.122599110007 12598.85971599072 1213.756649702787 200.33199454844 1.672049254179001 16.27771324664354 299.0486338883638 855.7817774005234 119.2456429079175 3044.604393579066 91.5334509536624 1057.160924844444 568.0044276341796 379.1257599964738 28.44042356312275 5.241726122796535 30.47332328557968 16.2172449529171 1.344043076038361 7.39248464256525 272.8557547479868 0.4739613085985184 19.9145355373621 452.1390246674418 136.2715122327209 1064.261467143893 198.9987720996141 2.528326243162155 156.6325614750385 0.9019718989729881 90.71561428904533 16.64996041357517 211.3379432186484 3.726710334420204 0.6404475420713425 0.9643232524394989 267.5727112442255 87.68377792090178 159.9030910506845 63.0728380009532 2855.507854938507 0.6842273697257042 3.608962535858154 24.75640492141247 1686.453714959323 103.1098111495376 378.9472441375256 0.08219994604587555 2.237577959895134 7.803682968020439 51.92843546718359 24.49969843775034 222.1355840787292 5.863304600119591 95.84765247255564 40.34134239703417 165.0321190655231 1.990737155079842 6.953791439533234 0.5818244963884354
0.1275643557310104 1329.94725048542 0.8639053367078304 0.5758177563548088 0.7667110040783882 1.950848907232285 1.864183835685253 3.936758145689964 59.03472819179296 5.55672163516283 1408.21916077286 1.953311704099178 6693.090598374605 5.273552983999252 0.2293040603399277 9.177999801933765 2.383934378623962 45.321762137115 4.66088742762804 1.567884422838688 1.887005105614662 283.8248606696725 2.838188074529171 48.38071563094854 950.2616790682077 571.2357014268637 4586.16744672507 6.702832981944084 24.47723249346018 0.09539313614368439 391.949681982398 5.784293793141842 0.2279225140810013 1518.868100993335 0.7914507389068604 79.22298972308636 554.0701903626323 1073.815749846399 153.0730999335647 4.650318764150143 39.59142761677504 1018.863908134401 8.304605551064014 0 58.93278839439154 0.2860872000455856 0 0 0 0.2622003555297852 0 0.6190884709358215 0 163.8846610412002 0 512.3716103285551 0 0 0.1067497730255127 0.9487254321575165 7.865038171410561 25.06905587762594 0.2817131578922272 0 1.340820029377937 0 1.075282081961632 114.9653709605336 218.578626036644 334.7877702638507 0.1840389668941498 0 0 35.61188609153032 0.09153733402490616 0 84.81876007467508 1.34916165471077 47.57914056628942 147.2287382557988 22.13273376226425 7.423495918512344 0 0 165.7622843980789 0
50.43147739768028 632.3500075116754 6312.305388528854 1.504454992711544 0.5739454030990601 45.75525365397334 115.8344294428825 201.1409587115049 31.73750320076942 87.36337869241834 2829.678507324308 6.01022008061409 273.8007930219173 187.4159276969731 0.5508855879306793 6.888355828821659 3748.886997543275 6516.713237889111 4366.726515419781 7.225823502987623 66.88017579168081 92.80149859189987 1220.940320178866 49.31918432936072 571.2357014268637 34885.25039285421 19919.79356376827 42.70175241678953 176.7735992446542 236.5935887917876 555.039121337235 13.9760971814394 7.250520147383213 2409.630051039159 19.39531298726797 3385.186243508011 5155.589057937264 4200.252930574119 1653.330079458654 17.84256682544947 7.990300469100475 171.1365969032049 13.38957591354847 0.3522386848926544 531.4154359698296 99.60132632404566 0 0 0 2.354594230651855 0.3406720608472824 4.847294580191374 0 193.2600782513618 0.09888302534818649 957.3390717878938 0.2664523646235466 0.1443191021680832 4.929718300700188 243.8424677476287 111.3569559380412 558.0809101238847 0 0.6811779737472534 27.53177213668823 4.052708260715008 9.27263281494379 215.5261455848813 2670.827090755105 4131.494380675256 2.439436413347721 1.062475644052029 2.211224779486656 297.5193576142192 0.4069341570138931 0.1417015641927719 48.49353600293398 7.800037555396557 122.6673370450735 985.7639542594552 101.6909357458353 14.42748633027077 2.439051270484924 0 23.95278712362051 1.383874893188477
46.60778867453337 8414.474884651601 7635.794976636767 2.007396005094051 0.3026910573244095 15.76856835559011 83.43205913156271 91.84227195009589 675.5758434385061 26.57247267663479 1076.417161989957 9.632022149860859 5957.567281201482 120.6341491229832 2.588045284152031 3718.391865283251 5301.500561259687 372.209484577179 403.2971998080611 1.672726161777973 546.8753001242876 4679.596170440316 7598.6873068735 1471.122599110007 4586.16744672507 19919.79356376827 40406.01374693215 690.0627210661769 129.0862927772105 237.8452818542719 1620.306404002011 4.268968135118484 7.29816660284996 3183.163946948946 198.0548388063908 9681.242720767856 3025.976497940719 8869.188693702221 2749.415599778295 166.5510898381472 12.04841394722462 106.7948093414307 36.08333627134562 1.239088155329227 2032.893065534532 2103.588241875172 0 0 0.06957369297742844 25.5712868347764 2.697368461638689 10.62433966994286 0.6058269813656807 156.3367386087775 0 547.8929806947708 3.642209693789482 0 1190.111035637558 503.093867212534 114.3583030253649 794.3337331339717 0.2500068545341492 36.85649847239256 1815.105954833329 3427.866542391479 73.99396882206202 241.6315272301435 3875.766955293715 13507.53484246135 40.07884538918734 4.381248727440834 26.66613414138556 215.9516107365489 0.2381995618343353 0 57.23734103143215 35.0355451926589 495.4441232606769 1195.503182850778 271.0946715399623 64.10056509077549 13.84408268332481 0.2361250072717667 15.94044622033834 1.361231096088886
68.80819928646088 70.05391263961792 302.9489014223218 3244.150488294661 2.89829309284687 117.0900866985321 14018.5632924214 155.6994217336178 1392.433589145541 2413.178356736898 31.33645053952932 742.9231735691428 4.730187281966209 235.0104657784104 20.07393887639046 1006.941439785063 15.96653682738543 4.088759563863277 2.280513159930706 1636.492777332664 7391.081893347204 563.2639732062817 2506.953533738852 12598.85971599072 6.702832981944084 42.70175241678953 690.0627210661769 23989.85153793544 1125.645627565682 10007.15743033588 0.5049719959497452 13.47443006932735 274.7030586600304 1227.894414611161 216.9124566763639 4357.70643273741 117.6910026147962 1616.211445435882 847.826413244009 175.6117743253708 42.30274695903063 4.827667951583862 40.50213113427162 16.6438971310854 0.2495072782039642 6.043098457157612 232.6135438755155 0.3439602553844452 26.49748077988625 488.8820274844766 90.36793903261423 533.734669201076 177.5703591033816 3.956750862300396 130.788934327662 1.080208256840706 79.09992145001888 12.94366914778948 159.7495167776942 5.42912619560957 0.77153629809618 0.9293296933174133 219.3413161486387 89.66168347746134 59.15303418040276 53.71098212897778 2113.019547127187 0 1.811759077012539 15.13917420059443 1482.656069800258 96.76330450922251 514.1711627095938 0.1669760644435883 2.214739672839642 8.248570315539837 56.70463961362839 31.53349256515503 182.348789922893 9.20184637606144 85.4958812892437 33.07362374663353 130.490856051445 2.027430206537247 16.49640765786171 2.5798529535532
4028.195099517703 2.985426612198353 145.2895690873265 138.5660661868751 22.1881807371974 824.356436047703 1392.571480114013 2406.810972634703 38.81697852909565 2200.466058980674 520.8045060187578 635.8673490472138 54.36797003448009 4602.727617800236 47.8175453171134 7.760151244699955 504.2028349637985 61.62085965275764 47.15076077356935 408.7895458862185 85.72290473431349 3.908657073974609 312.1615050323308 1213.756649702787 24.47723249346018 176.7735992446542 129.0862927772105 1125.645627565682 20248.04432147369 4224.390013661236 4.545980878174305 1248.954431265593 4631.239158004522 4024.917403273284 41.2796123996377 1173.447113148868 142.2722370699048 1711.921876043081 736.6244954243302 401.6007091552019 246.4141159057617 60.41545294225216 17.67064157128334 0.8144772574305534 1.125768639147282 5.52069117128849 14.24923188239336 0 3.081124700605869 46.54358353465796 22.31602637469769 24.38282095640898 12.17593166977167 1.378833837807178 8.370785675942898 1.565099380910397 12.9986883699894 1.001159578561783 10.12117516994476 1.409551128745079 0 0.4435989558696747 17.53868731856346 7.18887622654438 3.765586286783218 4.550994977355003 172.0629528984427 0.2135340720415115 2.797612726688385 9.994048580527306 131.1130327656865 12.73965459316969 28.76020386815071 0.2736173421144485 0 1.344154879450798 4.661461353302002 3.547403916716576 27.47345856577158 4.025284737348557 12.61336975544691 2.77447434514761 5.181069053709507 1.006971508264542 1.586026877164841 0
