914.7744884565473 0.8885466232895851 271.3191716745496 38.26674626022577 0.3234963417053223 26.81948410719633 1007.250618129969 903.9176922068 7.713294461369514 65.6821303665638 6.50794680416584 1.282658725976944 0.08903791755437851 4770.689044028521 0 3.252514652907848 196.1658787876368 13.04962398856878 58.57668825238943 13.13965974003077 53.72027971595526 0.4127701669931412 41.79076659679413 53.4876291975379 0 36.83991578221321 65.77706398814917 200.0281910151243 2768.171847224236 2298.55640412122 0 10.37821913510561 207.1777760833502 444.4132922589779 10.97120032459497 174.7523703426123 33.43806929141283 173.8867149055004 83.20504409819841 10.88706201314926 11.67148148268461 0.2659539058804512 1.808193735778332 0 0.512618400156498 0.7140748128294945 0.6413459926843643 0 0 4.005925141274929 0.1878784373402596 2.769986189901829 0.7571481764316559 0 0 0 0.5198425054550171 0 6.161278441548347 0.2734411209821701 0.07008296251296997 0.08507472276687622 0.105009451508522 2.710292719304562 0.1491576731204987 0 13.70573765039444 0 1.997239284217358 4.246376134455204 16.84004766494036 2.447145961225033 3.52780157327652 0 0 0.3528102934360504 0.712170735001564 0.7735752165317535 10.43590766936541 0.4887918382883072 0.6614239662885666 0.6721258834004402 3.129074908792973 0.8908204734325409 0.149369865655899 0
0.8885466232895851 260.3551100045443 174.0638363137841 3.777203142642975 0.3543101847171783 0.08343026787042618 3.737031698226929 1.618213407695293 460.0569186732173 0.1397192925214767 40.46479730308056 1.737002551555634 398.9974994212389 1.634845368564129 6.013000153005123 273.8910449966788 60.99615094810724 6.375318996608257 57.04103450477123 0.470298670232296 38.66760248690844 2193.112235732377 51.72978244721889 783.5250717103481 1476.070112168789 705.2486724257469 5360.033382765949 49.931989133358 3.557269692420959 4.526162534952164 39.5026526004076 0.1172120571136475 1.058395355939865 40.80128243565559 0.171623557806015 58.11168302595615 125.7126936465502 70.91435775160789 13.20282546430826 11.15057145804167 0.6468371897935867 94.55078866332769 0 0 134.6276389211416 59.13258877396584 0.3256121277809143 0 0 0.1257507055997849 0.08346320688724518 5.044528052210808 0 3.045975521206856 0.1151167899370193 23.35771927237511 0 0.4239883348345757 2.840810485184193 39.70775867253542 2.584513880312443 24.12321747094393 0 0.8723640292882919 138.7093508541584 3.987284041941166 3.932650320231915 25.62665964663029 363.2782084718347 1125.4167535007 1.152489103376865 0 0.1955141499638557 5.004365816712379 0 0 0.865116149187088 0 18.94414968043566 53.09066037088633 13.99388549476862 3.881345205008984 1.41999064385891 0 2.375234216451645 0.1965640783309937
271.3191716745496 174.0638363137841 3679.870999492705 10.31938543915749 0.1206333711743355 53.35300922766328 603.6890776529908 853.2731140777469 0.7189110666513443 24.70926071703434 22.92375229299068 2.107041507959366 0.769335649907589 686.1608560308814 0.4781943783164024 3.896764203906059 3789.114826396108 138.0292887687683 745.696827955544 4.024638030678034 1215.528026886284 72.04978114366531 3894.983487300575 12.8093825802207 2.158055670559406 4420.553711365908 8142.748846575618 203.5322164744139 201.8098892048001 2121.868927240372 0.3931993767619133 8.496329881250858 16.40740349888802 624.853019990027 10.12160542607307 1087.062463000417 4631.451894186437 1305.164605677128 195.8952696248889 23.96315547078848 5.055476680397987 16.57565135508776 6.035243794322014 0.1828229054808617 213.0148612186313 722.7411434203386 0 0 0 2.740375995635986 0.631372258067131 2.136258728802204 0.1970208436250687 0.6814399361610413 0.07727118581533432 0.8325577601790428 0.6902543008327484 0 25.86721143871546 204.7005782276392 6.212258465588093 64.35170496255159 0 3.720177501440048 123.1651441082358 53.83752752840519 8.216395400464535 1.901803098618984 503.5288108736277 2807.174803808331 6.320638708770275 0.9275264069437981 3.278307154774666 1.354767143726349 0 0 10.91890734434128 4.796973690390587 94.30566112697124 190.0669547840953 61.27715048193932 20.29547560960054 4.079819224774837 0 0 0.4515377283096313
38.26674626022577 3.777203142642975 10.31938543915749 3246.650873489678 0.6872627139091492 113.7019390910864 303.0623700618744 63.99242479354143 1542.283056050539 3117.904802694917 2.838554538786411 860.9222945943475 0.1406418234109879 145.6875610277057 52.11489523202181 6.145055949687958 1.440899059176445 1.264678232371807 2.013166815042496 3796.392027791589 12.89390056580305 28.37068067491055 4.093715324997902 2194.891492597759 0.2072245478630066 5.34666408598423 28.46095065027475 2854.990576833487 243.4426917210221 2.446444563567638 0.1751862689852715 3.48311548307538 9.020065121352673 89.53753557801247 23.0253781080246 542.9177902191877 16.83270981907845 122.814540669322 85.49017986655235 109.2794930785894 30.30230909585953 1.766620509326458 10.14020561426878 0.5417110770940781 0.5712397843599319 1.192066267132759 172.4302946105599 0.9799157455563545 18.54134390503168 65.37184484302998 5.307513162493706 82.84449410438538 125.0610693246126 0.3983151763677597 113.8253794834018 0.077534019947052 4.085720397531986 20.02687523514032 7.9016148224473 0.7561010643839836 0.3397714644670486 0.1659892350435257 100.3451510518789 3.176875464618206 3.740951277315617 7.576983906328678 189.9053066968918 0 1.258103124797344 4.950971089303493 156.5599497631192 6.045603401958942 4.893185295164585 0 0.3502530306577682 0.4996695145964622 1.97344608604908 1.952081397175789 36.24463749676943 0.7336778342723846 5.568202123045921 1.157692447304726 71.9821180254221 1.017653308808804 0 0.1480047851800919
0.3234963417053223 0.3543101847171783 0.1206333711743355 0.6872627139091492 24.94858825206757 66.06862548738718 0 6.082147620618343 66.79446090757847 0.4873043671250343 6.399153158068657 50.87850347906351 0 2.12558488547802 684.7048659920692 0 0 1.04466674476862 0.2328952103853226 1.7620709836483 0 1.650816768407822 0 3.276773542165756 0.09589146077632904 2.327562503516674 0.3037585765123367 1.159618556499481 2.507508933544159 0 0.3228042423725128 69.97484084963799 0 151.9449090734124 0 5.195018365979195 0.119693323969841 61.2266992777586 22.38944016396999 1152.56577976048 16.62036991119385 0.3436749577522278 0.8311771154403687 0 0 0 0.1241928562521935 0 0 0 0 0 0.2472408413887024 0 0.258403867483139 0 0 0 0.132811963558197 0 0 0 0 0 0 0 0.1979179233312607 0 0 0 0.1046584770083427 0 0 0 0 0 0 0 0 0 0 0 0.177750438451767 0 0 0
26.81948410719633 0.08343026787042618 53.35300922766328 113.7019390910864 66.06862548738718 7776.766996189952 2002.166433617473 3038.525625169277 78.34166524559259 6421.6361335814 68.79657484591007 2693.082717455924 1.871353581547737 294.0792028680444 694.9534913375974 0.6290479525923729 9.020649790763855 16.61110221967101 13.16738436743617 529.1960992142558 14.43861179053783 0.4292250573635101 7.57366494089365 189.7663122117519 1.524921894073486 30.8487903252244 16.64311642944813 644.9018116816878 718.0809194743633 21.07810481637716 1.626454703509808 802.7607094533741 1.262042887508869 708.9745684936643 8.725133635103703 507.5221045613289 28.23461901396513 511.9483351260424 170.8362381979823 1570.343707822263 291.160900592804 6.036986097693443 10.13000883162022 0 0 1.166251815855503 12.38408121466637 0.2541159614920616 1.833274953067303 15.64063207060099 1.543407611548901 8.247241586446762 11.008514277637 0.1177476719021797 20.12540891766548 0 0.9491209536790848 4.776171617209911 0.8190319016575813 0 0 0.3831490501761436 9.995224304497242 0 0 0.2915512025356293 25.20983101427555 0 0.5590259656310081 1.79436668753624 21.73559611290693 2.392128258943558 0.51920086145401 0 0.1424545496702194 0 0 0.4983768165111542 32.32031877338886 0.1063078939914703 2.017498686909676 0.3733276799321175 17.9364105835557 0.13874152302742 0.1192807555198669 0
1007.250618129969 3.737031698226929 603.6890776529908 303.0623700618744 0 2002.166433617473 12641.90627759695 4435.930415906012 647.0720221996307 3638.310875251889 14.94893719628453 32.3639397136867 0.223583310842514 6840.375493619591 3.859342113137245 20.30467440932989 55.75695141404867 10.09763944521546 20.9597340747714 47.37632086500525 513.0853464156389 18.327865190804 240.7851625904441 687.0956972762942 0.2272452414035797 75.20903531461954 214.1395823806524 13513.02034896612 922.0757409594953 2859.31326110661 0.2192231714725494 36.58506436273456 34.1979938596487 461.7579835429788 74.41290991008282 2316.711822740734 131.4244008883834 660.0686630606651 402.6596885174513 341.5992641821504 154.6405848041177 5.812040269374847 37.27666690945625 6.201433725655079 1.664120405912399 8.293860599398613 128.990727648139 0 22.99119948595762 415.1225015595555 29.36522332578897 110.7404677271843 96.96163379400969 3.70383894443512 56.49288351088762 0 22.31799498200417 4.026310406625271 37.35548987239599 2.543149001896381 0.8992514684796333 1.230060659348965 64.12280821800232 8.962437883019447 8.743189685046673 17.41150213032961 529.1457169875503 0 5.562559120357037 32.92005512863398 752.2307780310512 53.2876722663641 77.13034860789776 0.5451134145259857 1.371340610086918 2.822348281741142 13.92901933193207 3.283109411597252 377.1576832160354 5.308218508958817 69.41902016103268 20.59685780853033 208.9874062538147 13.95859958231449 0 4.026264749467373
903.9176922068 1.618213407695293 853.2731140777469 63.99242479354143 6.082147620618343 3038.525625169277 4435.930415906012 9568.431288458407 14.56331626325846 2465.447777155787 215.7813598066568 793.8384863585234 3.875325120985508 4484.203500699252 123.7440766617656 0.9509299695491791 231.6748641580343 57.62770804390311 104.4871665164828 436.1560347937047 78.46307804435492 1.62121519446373 63.04304229468107 33.37176741659641 0.82680843770504 149.9846674241126 147.3612453453243 430.3873415961862 868.4806781485677 812.7263895198703 2.95510820299387 287.1003754995763 5.525283083319664 850.1295842006803 15.57815321534872 293.5694134160876 151.5631620697677 669.7772925943136 254.5119442008436 565.9853379800916 73.37878501415253 8.519342914223671 4.904192194342613 0.4072997942566872 1.095112934708595 3.291713789105415 2.374717086553574 0 0.8029323667287827 12.36108474433422 1.207368887960911 1.84366487711668 1.937199056148529 0.08563023060560226 1.612545326352119 0.07190123945474625 0.8021159842610359 0.664460264146328 3.81273590773344 1.94551395624876 0 1.068980850279331 1.103976547718048 0.8933298513293266 0.269073411822319 0.8469975218176842 22.31668782234192 0 5.235369067639112 14.53423497080803 26.86046496033669 2.379742786288261 3.696888573467731 0.09078291058540344 0 0 1.017532631754875 1.030122011899948 17.01302134990692 2.240823142230511 2.281979463994503 1.04827968031168 4.133530713617802 0.7615722864866257 1.13452485203743 0
7.713294461369514 460.0569186732173 0.7189110666513443 1542.283056050539 66.79446090757847 78.34166524559259 647.0720221996307 14.56331626325846 1184.391845740378 141.2247100621462 4.721281014382839 685.7689041346312 25.09156518429518 15.96941908448935 1066.140165746212 10.72984666377306 0.5207412242889404 1.44209199398756 0.7099521905183792 1123.643834806979 14.53543843328953 2628.457090452313 2.454270571470261 6941.163373917341 118.3607247397304 12.08521591871977 85.2078767567873 1306.465681500733 57.09352158755064 94.25844361633062 4.153665237128735 0.9911418333649635 4.596449747681618 21.54900176823139 6.030005373060703 362.5441878139973 28.91198696941137 42.05933751910925 25.51471596956253 552.5146577879786 19.95137748122215 9.189163893461227 2.258722849190235 7.10655527561903 0.5845591574907303 0.5991849824786186 312.4306013584137 7.538596615195274 30.61093723773956 161.8954901397228 15.8272515386343 246.1068845391273 173.6217890307307 1.152378134429455 423.0912586152554 0.6892343536019325 15.37072014808655 97.0816428810358 63.84459640085697 1.873883798718452 0.2598013877868652 0.5344437956809998 232.4248292818666 22.06841657310724 26.51491276919842 4.515793062746525 1127.730839520693 0.7635887116193771 0.7515292912721634 3.637354873120785 642.7085512131453 47.46790991723537 47.49423664808273 0.9354744777083397 0.5787768363952637 3.428842656314373 11.98251348733902 1.342500910162926 66.25838547199965 1.885282076895237 29.58948242664337 10.51840528100729 185.8286096602678 4.890644788742065 0.2581813037395477 1.761494889855385
65.6821303665638 0.1397192925214767 24.70926071703434 3117.904802694917 0.4873043671250343 6421.6361335814 3638.310875251889 2465.447777155787 141.2247100621462 23221.19805930182 37.11488274112344 4984.141551911831 1.743355758488178 598.4115745313466 14.18366903811693 0.8677140474319458 4.060408614575863 11.25456235557795 9.61738321557641 5697.603951342404 11.82557258009911 0.9162948578596115 4.497910991311073 861.5025125816464 0.6162054240703583 24.00113599747419 13.82856484875083 4849.419054735452 740.8241122476757 8.96662151068449 0.7225156128406525 67.19129908829927 4.847883611917496 445.3413334339857 40.61464347690344 1061.321752682328 32.65644724667072 555.1669022962451 199.8673963025212 304.8590584993362 177.1597892343998 8.439807511866093 31.56750351190567 0.5593854486942291 0.06950864940881729 0.3196424171328545 65.04229199141264 0.5739204585552216 11.05408909916878 54.27220866084099 2.604219913482666 26.72738726437092 43.64143349975348 0.308996707201004 47.26013975590467 0 2.792672865092754 6.543692231178284 2.208498112857342 0 0.09647482633590698 0.2282712459564209 42.8382967337966 0.4652708768844604 0.2343685925006866 1.496570572257042 100.7825887650251 0 0.6197783350944519 2.216996103525162 105.0823970660567 4.148156844079494 3.688296899199486 0 0.1235578060150146 0.09104061126708984 0.6393736600875854 0.3952374011278152 54.5674757361412 0.8439358025789261 4.388983972370625 1.735144756734371 33.14792396128178 0.9528431594371796 0.3146881610155106 0.8135642111301422
6.50794680416584 40.46479730308056 22.92375229299068 2.838554538786411 6.399153158068657 68.79657484591007 14.94893719628453 215.7813598066568 4.721281014382839 37.11488274112344 6523.575073070824 50.66104168444872 1257.998117208481 51.2228195220232 1.90062128007412 1.443308524787426 103.6325004845858 1752.283649839461 774.4574736952782 23.8171165138483 3.220232866704464 15.57444839924574 9.748925253748894 8.79936258494854 853.6568220555782 1195.851299189031 750.5658777728677 8.217536188662052 166.9227916300297 7.633337922394276 391.3989807367325 238.7898176163435 3.361642003059387 5622.77815580368 8.897377014160156 521.4831429868937 4544.573750518262 3802.238392747939 667.6588557437062 96.01252357661724 126.6492298096418 725.2311621755362 14.00972552597523 0 9.228259734809399 0.1085961386561394 0 0 0 0.6313964501023293 0.351073756814003 1.668246760964394 0.4270098730921745 430.5591899454594 0.07048484683036804 651.4150093197823 0.2452786043286324 0 0 0.07937251031398773 19.32758466154337 8.499606169760227 0 0 2.988327726721764 0 1.14984405040741 167.2552864998579 105.6191829815507 175.5321421548724 1.865525119006634 0.1089273244142532 0.2181511372327805 247.1923013404012 0.327958419919014 0 44.25296051800251 2.593769103288651 27.17165202647448 344.0857741683722 22.34130991995335 4.26591020822525 0.9142379388213158 0.5847259908914566 143.4895631074905 1.530894875526428
1.282658725976944 1.737002551555634 2.107041507959366 860.9222945943475 50.87850347906351 2693.082717455924 32.3639397136867 793.8384863585234 685.7689041346312 4984.141551911831 50.66104168444872 5982.366624556482 1.738304831087589 150.9299614280462 1149.734554298222 0 1.085991926491261 16.38590343296528 10.83914189785719 4570.476164221764 0.1529440805315971 9.610857844352722 0.9699610471725464 247.6342799663544 0.8881691545248032 24.79977632686496 5.570957660675049 642.9798878729343 446.6998069137335 2.256385579705238 1.15020889043808 128.6958302631974 0.2175959423184395 332.8165752589703 10.38550264388323 1455.479078665376 26.82517967373133 409.9315538853407 72.41875167191029 2136.589820817113 109.0225460156798 5.904262162744999 16.60042228549719 0.4469490796327591 0 0.09652902185916901 83.73795859515667 2.186855025589466 16.575270190835 49.69606424868107 4.358648300170898 60.21850920468569 78.54006294161081 0.3360751867294312 252.5903809219599 0.1074341833591461 2.705817557871342 59.20348165184259 4.017155900597572 0.1368855535984039 0.2740446329116821 0 95.21309662610292 1.634936138987541 0.6046512499451637 0 128.4163233563304 0 0.3002588897943497 0 97.74861016124487 5.572649292647839 3.969599224627018 0.1777780652046204 0.2308179587125778 0.3040770962834358 0.7312799021601677 0.4727990925312042 120.5642735362053 0.4155861139297485 4.223342351615429 1.558597296476364 195.9076446965337 2.450521126389503 0.5607779622077942 0
0.08903791755437851 398.9974994212389 0.769335649907589 0.1406418234109879 0 1.871353581547737 0.223583310842514 3.875325120985508 25.09156518429518 1.743355758488178 1257.998117208481 1.738304831087589 2470.8031636253 0.3677339479327202 0.237897589802742 12.02474453300238 0.1308597475290298 7.570809632539749 3.392051868140697 0.5476636961102486 4.28820014744997 123.4646580517292 4.593127615749836 45.02250339090824 2844.984079606831 358.5974501445889 2258.460026487708 3.168921016156673 3.144023634493351 0.5979141592979431 833.9521258249879 3.822253048419952 0 520.4494843482971 1.679495081305504 138.753986954689 1623.90499868989 1092.07782419771 99.63867225497961 9.232222400605679 50.67088359594345 720.1284324452281 13.44490119814873 0.1063508838415146 9.943755179643631 0 0 0 0 0.3948621302843094 0.1210529431700706 0.4253978282213211 0.1844371780753136 371.4600777551532 0 543.2411857247353 0.3849823474884033 0 0.1032375991344452 0.1116642132401466 9.751497313380241 4.218739733099937 0 0 1.9342046007514 0 0.4656384214758873 250.8364129886031 66.58941056579351 115.3556939065456 0.1988178119063377 0.1203682646155357 0 151.3088747039437 0 0 81.11984440684319 0.7255269885063171 38.23932615667582 433.8999995961785 37.83147084712982 4.237588450312614 0 0.4183962494134903 355.7448178976774 0
4770.689044028521 1.634845368564129 686.1608560308814 145.6875610277057 2.12558488547802 294.0792028680444 6840.375493619591 4484.203500699252 15.96941908448935 598.4115745313466 51.2228195220232 150.9299614280462 0.3677339479327202 5916.525497108698 2.835358291864395 1.507112018764019 270.1342128962278 31.61343193799257 95.49475175514817 201.3011099845171 70.02084991335869 0.395496666431427 52.50695463269949 72.90264236927032 0.480322539806366 93.4936888627708 105.7476351186633 446.0843612402678 3186.714259207249 1570.096197009087 0.8140900135040283 336.5470005497336 11.53615528345108 1090.80234849453 8.900380581617355 163.9480007514358 96.34917081147432 437.8282814696431 82.74896390736103 51.37667187303305 22.29735399782658 0.6611044332385063 3.093168422579765 0.2675004526972771 0.8306675851345062 1.41160698980093 2.942242689430714 0 0.2510494887828827 8.943187035620213 0.4183370694518089 2.992805942893028 0.4969218149781227 0.1621818095445633 0.7070106789469719 0 0.7152947336435318 0.09575878828763962 3.26275797188282 1.164644479751587 0.2056857421994209 0.2532664909958839 0.8660409674048424 1.786809839308262 0.7416513562202454 0.7633426561951637 21.43342200666666 0 4.439675018191338 9.36244161054492 26.69288569688797 1.828350961208344 3.878323286771774 0.08060123026371002 0.1390583366155624 0.6162379309535027 0.499417744576931 0.1844182685017586 10.51357748359442 0.9978357926011086 2.325297832489014 0.5991395562887192 4.901906162500381 0.2432215437293053 0 0
0 6.013000153005123 0.4781943783164024 52.11489523202181 684.7048659920692 694.9534913375974 3.859342113137245 123.7440766617656 1066.140165746212 14.18366903811693 1.90062128007412 1149.734554298222 0.237897589802742 2.835358291864395 606.5072373747826 0 0.2178938686847687 0.3359811082482338 0.1914270669221878 45.9952682480216 0 44.462272554636 0.09547466039657593 201.7082447707653 1.632581047713757 0.9007022306323051 0.6718094274401665 11.76295068114996 10.41145266592503 0.1040204390883446 0.110103003680706 321.0435338914394 0 81.25551176071167 0 146.4894836097956 1.565714277327061 10.29908616840839 3.940877035260201 1014.686652317643 80.75440011173487 0 0 0 0 0 2.416391998529434 0.1803840100765228 0.596245750784874 1.855869196355343 0 4.971840970218182 2.299598634243011 0.09235098958015442 5.938240326941013 0 0 1.533672168850899 1.863407239317894 0 0.08113675564527512 0 2.961570143699646 0.7700552195310593 0.5045588910579681 0 9.351596370339394 0 0 0.1178569570183754 8.044858828186989 0.2128093093633652 1.397650398313999 0 0 0 0 0 12.75587153434753 0 1.110794112086296 0 12.21077017486095 0 0 0
3.252514652907848 273.8910449966788 3.896764203906059 6.145055949687958 0 0.6290479525923729 20.30467440932989 0.9509299695491791 10.72984666377306 0.8677140474319458 1.443308524787426 0 12.02474453300238 1.507112018764019 0 1658.032106876373 4.188493840396404 0.08474523574113846 0.4215897768735886 0.3157668113708496 2174.508355945349 1657.559135347605 3936.502106174827 1118.206980474293 58.3135274797678 6.411034636199474 3417.046757407486 1372.999086357653 13.14590002596378 3.716645151376724 2.588603869080544 0 2.266382500529289 32.94542945176363 9.96403968334198 947.26080532372 397.7101047039032 153.0180858597159 132.9974965006113 21.38446757942438 1.983250148594379 11.93345709890127 5.987820036709309 2.445407845079899 14.99904392659664 31.95017474144697 0.8648601770401001 0 0.1996522769331932 13.64479020982981 1.95574339479208 32.18051197379827 0 0.4647931307554245 0.186516061425209 0 3.889865934848785 0 1616.460428483784 10.17161895334721 0 2.025735720992088 0 345.6861760243773 545.0008393600583 993.1539091467857 157.8217310383916 0.4195675402879715 14.49365881830454 214.8578006476164 204.8062244653702 23.33675798028708 43.37292328476906 0.274563230574131 0 1.86561081558466 7.245520308613777 1.994939513504505 94.11061988770962 10.31518413126469 23.25322557985783 18.17073654383421 4.156000234186649 0.1087153777480125 2.217713594436646 0.1457740217447281
196.1658787876368 60.99615094810724 3789.114826396108 1.440899059176445 0 9.020649790763855 55.75695141404867 231.6748641580343 0.5207412242889404 4.060408614575863 103.6325004845858 1.085991926491261 0.1308597475290298 270.1342128962278 0.2178938686847687 4.188493840396404 802.3440549001098 352.052180737257 3269.38891594857 1.945846244692802 566.2883343398571 2.902546726167202 1819.800760284066 4.844886422157288 4.837639220058918 1854.56637455523 3426.956434056163 12.43997537344694 242.5936227440834 890.8240315616131 0.301151268184185 5.212808787822723 25.01827828586102 2738.16614600271 9.991897113621235 665.192851729691 1019.500372543931 1753.691019527614 227.7861905917525 12.817482188344 2.495978310704231 4.651667453348637 2.045359872281551 0.1222411915659904 22.89747329801321 19.8775746524334 0.3687528446316719 0 0 0.4863608032464981 0 0.21821279078722 0 0.08672644942998886 0 0 0 0 1.257543407380581 8.443245321512222 0.8278264850378036 5.859264306724072 0 0 2.994433984160423 0.3186973929405212 1.476330898702145 1.104728750884533 70.95817899703979 132.4255383163691 1.43147324770689 0.7564370855689049 0.335203617811203 0.5716832876205444 0 0 0.1410199701786041 2.59829193353653 11.8606910854578 22.62295412272215 2.921699538826942 0.560333214700222 0 0 0 0.1837649941444397
13.04962398856878 6.375318996608257 138.0292887687683 1.264678232371807 1.04466674476862 16.61110221967101 10.09763944521546 57.62770804390311 1.44209199398756 11.25456235557795 1752.283649839461 16.38590343296528 7.570809632539749 31.61343193799257 0.3359811082482338 0.08474523574113846 352.052180737257 122.8159987106919 1373.258049465716 6.949783600866795 3.525673530995846 2.02366366237402 27.96249325573444 2.129260845482349 96.70119628310204 1088.846587687731 379.7529543489218 4.687181688845158 63.62423483654857 14.12303129583597 5.679437503218651 48.21026097983122 3.109739243984222 1396.904552102089 2.428832955658436 413.8237144872546 681.0743004456162 945.5907138511539 227.512481033802 11.5214874073863 2.977400705218315 5.524792768061161 2.140217646956444 0 4.735313408076763 0.3759183883666992 0.09517358243465424 0 0 0 0 0.4406381621956825 0 21.91918683052063 0 43.4740995913744 0 0 0 0.2498043105006218 18.92474472522736 11.07685828953981 0 0.07181467860937119 0.2897973954677582 0 0.1770070418715477 28.43715900927782 97.0823624804616 135.2997028306127 0.1417009010910988 0.1048651561141014 0 63.91978689283133 0 0.1018052101135254 0.2864660769701004 0.6785484626889229 8.146627619862556 16.85921918600798 1.447108834981918 0.4350557178258896 0 0.2711514532566071 0.6058622896671295 0
58.57668825238943 57.04103450477123 745.696827955544 2.013166815042496 0.2328952103853226 13.16738436743617 20.9597340747714 104.4871665164828 0.7099521905183792 9.61738321557641 774.4574736952782 10.83914189785719 3.392051868140697 95.49475175514817 0.1914270669221878 0.4215897768735886 3269.38891594857 1373.258049465716 1338.347842790186 5.54975226148963 17.91745425760746 2.219388142228127 165.8386546075344 1.63069424778223 55.7789394557476 2837.859123945236 813.319541066885 4.037908151745796 124.1291288398206 73.62390107661486 2.432768881320953 21.15079775452614 12.34131945669651 3537.917962141335 6.088735871016979 821.3916474580765 974.3102481067181 1790.398184582591 324.7960425913334 15.01411210000515 3.918379850685596 18.07355077564716 1.541016019880772 0 33.01525268703699 0.8426424190402031 0.08954812586307526 0 0 0.4470261260867119 0.1802333891391754 0.3227068036794662 0 1.434557557106018 0 8.738089576363564 0 0 0.274066150188446 1.372682355344296 10.34617342799902 19.08857978880405 0 0.08572111278772354 0 0 0.5166126862168312 17.14676340669394 152.1690627038479 228.7698452994227 0.614906020462513 0 0 12.38240855932236 0 0 0.6008682399988174 4.117210209369659 10.86045405268669 35.65172409266233 1.805810317397118 0.3090865910053253 0.3791614174842834 0 0.2068945616483688 0
13.13965974003077 0.470298670232296 4.024638030678034 3796.392027791589 1.7620709836483 529.1960992142558 47.37632086500525 436.1560347937047 1123.643834806979 5697.603951342404 23.8171165138483 4570.476164221764 0.5476636961102486 201.3011099845171 45.9952682480216 0.3157668113708496 1.945846244692802 6.949783600866795 5.54975226148963 1163.619345732033 2.895940437912941 2.352165997028351 1.961269691586494 1262.127965241671 0.4708301573991776 11.13458399474621 6.011657848954201 1237.798059783876 367.2928746640682 2.262719176709652 0.4584137350320816 39.24802678078413 1.955458737909794 236.2986284568906 15.96581242233515 835.2867095917463 17.21738347411156 291.0203411653638 101.0578478947282 374.265007250011 94.04542588815093 4.251170724630356 21.52742976695299 0.5087956413626671 0 0.09931463748216629 147.9587771445513 1.667971692979336 24.29246643185616 87.36879462003708 5.314144231379032 97.82922940701246 114.1462501063943 0.9521103352308273 169.7482194975019 0 5.448218300938606 30.60055358707905 1.668979585170746 0.1618343740701675 0.08062861859798431 0.0801817923784256 122.3046068027616 0.8225810378789902 0.721500463783741 0.7193934842944145 213.1318043619394 0.1109100133180618 0.2217275202274323 0.737737774848938 172.8032579571009 5.366037532687187 4.398545309901237 0 0.1473786979913712 0.09425884485244751 1.128589227795601 0.1364200264215469 85.02278911322355 0.7642944604158401 6.582494489848614 2.664165839552879 128.1288204267621 1.019277453422546 0.2226746007800102 0.1041398122906685
53.72027971595526 38.66760248690844 1215.528026886284 12.89390056580305 0 14.43861179053783 513.0853464156389 78.46307804435492 14.53543843328953 11.82557258009911 3.220232866704464 0.1529440805315971 4.28820014744997 70.02084991335869 0 2174.508355945349 566.2883343398571 3.525673530995846 17.91745425760746 2.895940437912941 7249.520017243922 211.027092397213 7228.014789186418 685.3758182153106 11.89590761065483 34.16269234567881 767.6277140602469 2645.477022409439 85.66556388884783 6479.452558808029 0.7609694227576256 1.607776544988155 39.32254450768232 2640.452040918171 129.5310777872801 6104.403079472482 557.0187493488193 4575.253142625093 1888.168910242617 204.6978798806667 11.21098185330629 6.687017843127251 36.58837551623583 3.993757091462612 1.260883629322052 8.99336650967598 0.6020890325307846 0 0.1803440973162651 10.25986049324274 4.009873785078526 29.17792123556137 0 0.1344262659549713 0 0 5.488319806754589 0.1131683066487312 460.7033181712031 4.480588525533676 0.3004469871520996 0.7954575195908546 0 260.920741379261 72.0489906296134 89.27938418835402 176.3550080358982 0 3.681196227669716 29.37978254258633 219.0596159398556 22.88103494048119 60.82518803328276 0.09201408177614212 0 4.335393711924553 6.020347848534584 4.525856249034405 92.61349907517433 2.651083916425705 8.979335613548756 7.443045593798161 4.509549856185913 1.13343995064497 0 0.3224541395902634
0.4127701669931412 2193.112235732377 72.04978114366531 28.37068067491055 1.650816768407822 0.4292250573635101 18.327865190804 1.62121519446373 2628.457090452313 0.9162948578596115 15.57444839924574 9.610857844352722 123.4646580517292 0.395496666431427 44.462272554636 1657.559135347605 2.902546726167202 2.02366366237402 2.219388142228127 2.352165997028351 211.027092397213 910.8869416862726 452.4999411031604 4403.868555240333 674.1378749087453 43.52188576757908 2546.330268137157 308.7338104173541 2.194284811615944 18.24484319239855 15.23212698101997 0.2007650285959244 0.3142532333731651 8.438498221337795 1.148421160876751 57.00679466128349 45.66115126758814 26.15408103913069 8.683973707258701 45.7015643119812 0.3471508324146271 32.32537081837654 0.8546981811523438 0.7528040930628777 41.7706436291337 133.0698534548283 0.5099003612995148 0 0.3140100836753845 6.35291975736618 1.765091426670551 27.15298698842525 0.5043146759271622 1.351543106138706 0.1542108058929443 2.123709678649902 1.620678074657917 0.3082251995801926 1031.979054547846 12.83897396177053 0.1976202726364136 2.708961866796017 0.2236401215195656 199.2212823629379 260.8126076385379 582.6943017542362 145.3682645708323 2.519788414239883 21.95094590634108 823.4776107817888 122.6281086504459 10.40314200520515 19.77359744161367 0.8294982761144638 0 0.7253507971763611 5.896957218647003 1.116334915161133 59.21739937365055 23.68219739943743 28.6906126216054 28.25281827896833 3.056763127446175 0 0.4266667068004608 0.8366884887218475
41.79076659679413 51.72978244721889 3894.983487300575 4.093715324997902 0 7.57366494089365 240.7851625904441 63.04304229468107 2.454270571470261 4.497910991311073 9.748925253748894 0.9699610471725464 4.593127615749836 52.50695463269949 0.09547466039657593 3936.502106174827 1819.800760284066 27.96249325573444 165.8386546075344 1.961269691586494 7228.014789186418 452.4999411031604 6620.89793690294 267.0433869361877 13.97258368134499 342.9118535146117 10399.17886380106 1479.854772701859 63.28978931903839 1967.769213832915 0.37992974370718 2.251673176884651 18.13279673457146 2885.154254339635 167.4932978376746 10787.30621664226 6457.265260182321 8290.766197450459 3172.290697194636 324.1782066896558 17.1253170594573 20.29170090705156 49.6526563167572 0.6944229528307915 18.69964427500963 290.4556369781494 0 0 0.2038474231958389 10.19545837491751 1.198701851069927 5.124024391174316 0.2875894978642464 0.08678275346755981 0.2781028151512146 0.2030002921819687 0.9684630855917931 0 1222.859411902726 15.89115869998932 0.2046552076935768 3.074216522276402 0 170.0346218198538 394.5549166575074 846.8556614294648 44.26069185882807 0.2978054285049438 24.83246030658484 1062.732787020504 69.90054475516081 5.090038023889065 11.36852837353945 0.2355576753616333 0 0.6740944534540176 6.848458416759968 21.64402990788221 132.3728970363736 29.21338465064764 43.87084071338177 36.63901378959417 11.25824327766895 0 0.6411270499229431 0.665781170129776
53.4876291975379 783.5250717103481 12.8093825802207 2194.891492597759 3.276773542165756 189.7663122117519 687.0956972762942 33.37176741659641 6941.163373917341 861.5025125816464 8.79936258494854 247.6342799663544 45.02250339090824 72.90264236927032 201.7082447707653 1118.206980474293 4.844886422157288 2.129260845482349 1.63069424778223 1262.127965241671 685.3758182153106 4403.868555240333 267.0433869361877 6149.666102699935 215.1437296196818 22.29944639652967 1037.487137429416 5340.569534733891 235.3036458343267 124.6323391497135 7.048396937549114 4.637449681758881 30.01803660392761 112.6273736134171 32.94969994574785 1334.015420809388 79.57294911891222 189.7143950387836 115.877933897078 345.2711038291454 40.72421082854271 13.00435562431812 12.99671512842178 19.64088398218155 11.87585632503033 12.49516203999519 310.6805559173226 2.47244468331337 50.84498093277216 469.0092765390873 42.08583965152502 432.8106443434954 222.9589732587337 5.624306850135326 272.6396168544888 0.7272329330444336 48.85906004905701 50.75508183240891 389.6205467954278 10.558354139328 1.441336750984192 2.561069317162037 233.7240907177329 185.6569372564554 96.7283124551177 96.18928390741348 1556.525585964322 1.15053566545248 11.41948644071817 65.19335894286633 1497.197283253074 137.8171533346176 210.9514545053244 0.8756399378180504 1.325300291180611 10.90046086907387 27.86254028975964 3.099699519574642 363.1425232291222 9.169250778853893 81.92080178111792 26.15736292302608 280.3199443593621 17.31392832845449 0.3518087416887283 4.750509478151798
0 1476.070112168789 2.158055670559406 0.2072245478630066 0.09589146077632904 1.524921894073486 0.2272452414035797 0.82680843770504 118.3607247397304 0.6162054240703583 853.6568220555782 0.8881691545248032 2844.984079606831 0.480322539806366 1.632581047713757 58.3135274797678 4.837639220058918 96.70119628310204 55.7789394557476 0.4708301573991776 11.89590761065483 674.1378749087453 13.97258368134499 215.1437296196818 1102.877247266471 877.1623780578375 3077.506671406329 12.98135755211115 0.5570545345544815 1.387268297374249 400.3921937271953 1.722282551229 0.09172979742288589 176.8332113102078 1.092629104852676 118.6249118447304 258.8215661272407 449.2113752439618 55.22718849033117 5.064295329153538 24.87174460291862 399.0337359383702 6.002646714448929 0 22.21560695767403 0.7467970624566078 0 0 0.1087148934602737 0 0.3858118206262589 1.663784958422184 0 434.2320276647806 0.1729407161474228 1263.139738678932 0.3359763249754906 0.09819009900093079 0.3189004957675934 0.09436538815498352 27.3862559273839 11.96393851190805 0 0 88.34783432632685 0 0.9037242159247398 253.0819991677999 156.6162325292826 586.7729168534279 0.2007551938295364 0.4935074374079704 0.07550260424613953 282.7899422124028 0.332256555557251 0 62.53868323564529 1.659567177295685 15.62636848539114 74.46417073905468 41.87786975502968 1.386082753539085 0.3252972811460495 4.600562065839767 83.15832471847534 0
36.83991578221321 705.2486724257469 4420.553711365908 5.34666408598423 2.327562503516674 30.8487903252244 75.20903531461954 149.9846674241126 12.08521591871977 24.00113599747419 1195.851299189031 24.79977632686496 358.5974501445889 93.4936888627708 0.9007022306323051 6.411034636199474 1854.56637455523 1088.846587687731 2837.859123945236 11.13458399474621 34.16269234567881 43.52188576757908 342.9118535146117 22.29944639652967 877.1623780578375 14688.00899258256 12368.10514558107 27.32374944537878 124.216825120151 68.43893088400364 230.4783576503396 61.7640221491456 14.80458955466747 1587.945873938501 13.91629604995251 1745.91110227257 5165.205248497427 2441.048929240555 584.9743458367884 38.02208471298218 13.07598563283682 89.22766937315464 4.376067094504833 0.1599152684211731 517.2561280652881 19.56740217655897 0.2770331799983978 0 0 0.7307927086949348 0.4463085979223251 1.745951481163502 0.09200132638216019 188.2198157906532 0 458.5878116711974 0.6697323098778725 0.08803314715623856 0.6486507877707481 53.06580766290426 146.8491284102201 215.5127631276846 0 0.7360419780015945 4.152887478470802 1.654992185533047 2.460445612668991 288.9869833514094 2204.867579206824 3109.863313347101 2.053933009505272 0.3729964718222618 0.9171717837452888 462.3506868332624 0.1338234841823578 0.134727880358696 8.355058297514915 6.376910522580147 47.21638376265764 566.727973036468 28.60260504484177 6.298665821552277 0.7752446681261063 0.1317211091518402 5.414271138608456 0
65.77706398814917 5360.033382765949 8142.748846575618 28.46095065027475 0.3037585765123367 16.64311642944813 214.1395823806524 147.3612453453243 85.2078767567873 13.82856484875083 750.5658777728677 5.570957660675049 2258.460026487708 105.7476351186633 0.6718094274401665 3417.046757407486 3426.956434056163 379.7529543489218 813.319541066885 6.011657848954201 767.6277140602469 2546.330268137157 10399.17886380106 1037.487137429416 3077.506671406329 12368.10514558107 23708.74783162773 869.4649655595422 125.3763588890433 166.4221704155207 1561.343620635569 11.1504656933248 16.30672280490398 1809.287224762142 74.31789420545101 5792.787868700922 4757.931003049016 5420.74724149704 941.8378814011812 155.2696376293898 14.76082023978233 65.83057970553637 27.59460580348969 0.7314335852861404 1834.17000746727 1265.107235908508 0.3621473610401154 0 0.1871177703142166 12.13241083920002 1.83309306204319 6.374625846743584 0.9519134983420372 133.0559803918004 0 329.1387824714184 1.989438623189926 0.1111471578478813 504.1861294358969 321.3447422832251 151.7496665492654 296.127003390342 0.2477032914757729 30.71253552287817 706.4619487300515 496.702352643013 32.53099655359983 612.9097495600581 2987.900395341218 8773.471769951284 34.71499433368444 4.252016551792622 7.443425506353378 416.3630173802376 0.190372921526432 0.4153664410114288 24.29951940476894 23.82590380311012 274.2611173093319 830.2394643649459 160.8515982180834 65.38199568539858 7.739724457263947 0.6719219386577606 4.198885597288609 0.6466696262359619
200.0281910151243 49.931989133358 203.5322164744139 2854.990576833487 1.159618556499481 644.9018116816878 13513.02034896612 430.3873415961862 1306.465681500733 4849.419054735452 8.217536188662052 642.9798878729343 3.168921016156673 446.0843612402678 11.76295068114996 1372.999086357653 12.43997537344694 4.687181688845158 4.037908151745796 1237.798059783876 2645.477022409439 308.7338104173541 1479.854772701859 5340.569534733891 12.98135755211115 27.32374944537878 869.4649655595422 14866.81635183096 973.565926335752 5124.09153804183 1.299651943147182 13.53123895078897 207.7024691775441 586.8987631574273 154.6501169577241 3504.762013696134 186.0550172924995 1076.410575553775 573.9009377211332 295.9057221636176 105.5801162347198 16.33330237865448 32.73011349886656 23.40264584124088 3.726290695369244 10.01631660759449 144.3709256947041 0.5910826548933983 23.54657069593668 386.088689006865 41.63532699644566 185.4171465560794 93.22638331353664 4.179062582552433 74.76804610341787 0.2631594687700272 42.84306545555592 12.12892299890518 250.8031857013702 8.554378494620323 0.6821101233363152 2.674835398793221 90.59238860011101 118.4889974221587 47.22325856238604 64.77262926846743 1095.758541621268 0 6.240412831306458 51.25770292431116 1184.663884632289 133.0760736763477 208.0471487641335 1.072161078453064 0.8092967122793198 13.65860259532928 27.53881813585758 8.400327488780022 313.2746697887778 7.837907835841179 69.74051427841187 26.769316367805 157.1131371632218 10.86632224172354 3.423865869641304 4.903690531849861
