1278.834168948233 0.4795978963375092 11.37208268046379 34.78351044654846 0.2656950205564499 19.75885260850191 2176.047108449042 533.1657427102327 26.68881788849831 169.0664817541838 19.07148183882236 4.62357471883297 1.159785009920597 4294.175539806485 0.2234999388456345 0.9398811385035515 28.63848602771759 6.563880801200867 24.30999886989594 39.39520165324211 26.34493105858564 0.7481502145528793 28.68376053869724 164.5526804476976 0 34.50036936998367 32.47326467186213 437.3700475022197 4730.530862912536 2574.308621421456 0.2335762158036232 5.357106454670429 100.9614676311612 223.9884911254048 1.932849235832691 255.7173581421375 4.327282547950745 247.1268431767821 68.86269728094339 19.73017739877105 10.72727177292109 1.521196566522121 3.431482419371605 2.072133541107178 0.1221336722373962 0.4264343082904816 3.038545422255993 0 2.118646055459976 8.816445261240005 1.507936052978039 8.614312440156937 0.5134703442454338 0.3212060332298279 2.203320689499378 0 2.191390708088875 0.1125269830226898 3.803030118346214 0.9670906215906143 0.1527829170227051 0.5506151616573334 0.7548505291342735 5.27712244540453 0.5629758611321449 0.411919005215168 26.48519217967987 0 2.067674949765205 2.703614763915539 18.87404295802116 1.499277889728546 6.45003867149353 0 0 0.6780448108911514 0.07856786996126175 0 13.41190499067307 0.1391166597604752 4.182445302605629 0.5303549543023109 2.583815678954124 1.319053679704666 0 0.6028757095336914
0.4795978963375092 139.4835568889976 71.26577198505402 0.1733727604150772 0.3289669156074524 0.08682294189929962 1.157032303512096 0.7544751316308975 432.5629499182105 0.07900683581829071 52.74384684860706 3.32948861271143 1341.278283901513 0.4261219874024391 6.853927940130234 98.12314582616091 60.67873151600361 16.53263528645039 191.1376709938049 0.1766592860221863 8.989317260682583 1894.568737410009 9.875585623085499 661.9179347231984 2341.130997985601 670.1227325946093 7229.01253773272 22.10130268335342 3.279058776795864 7.021753288805485 44.41482411324978 0.2906874492764473 0.3225491717457771 42.03945344686508 0.3797056525945663 130.8648454621434 160.4215601608157 129.4302704781294 98.12349174916744 18.6200220361352 0.4980426430702209 339.181641086936 3.612058028578758 0 141.0953289493918 76.30094921588898 0 0 0.1034423336386681 0.1086510047316551 0 0.3527783080935478 0 4.664219185709953 0 21.73143799602985 0 0 1.634464383125305 136.6429746821523 9.613865874707699 93.87390488386154 0 1.560994677245617 225.4048825576901 20.29661718010902 2.615387000143528 20.93990695476532 586.6989032030106 1100.364915907383 0.5327438861131668 0 0.6484818160533905 1.114563211798668 0 0 10.64072799682617 3.090581454336643 65.51161540299654 71.74754982441664 45.1203316822648 32.64461132138968 1.121677115559578 0 10.35142067074776 0.6401901245117188
11.37208268046379 71.26577198505402 7220.577304691076 0 0 1.087446160614491 134.6013664081693 12.62788613885641 0.7299473956227303 0.8938447460532188 35.04705783724785 0.1443643867969513 1.452686883509159 15.989142537117 0 20.44491200149059 9764.213109135628 69.21952544897795 646.0137899667025 0.1498819142580032 301.1959269121289 12.8780892342329 6803.997387036681 22.70185410231352 0.4587699770927429 7532.624592065811 10797.50104036927 135.3208279237151 29.20592302083969 193.2683559432626 1.068373121321201 0.6600941047072411 3.289998769760132 196.2742855548859 6.288466483354568 748.5640331208706 533.8210861384869 786.9587233960629 606.9620202109218 12.43330326676369 2.54677202552557 2.094299972057343 7.330932229757309 0.1026204973459244 161.1697582602501 2198.871562749147 0.3983310237526894 0 0 0.6563475802540779 0.1116185039281845 1.781090252101421 0 3.587095484137535 0 0 0.1108178272843361 0.1118534207344055 28.22468902915716 428.9727402329445 1.841138251125813 23.96770667284727 0 4.718572035431862 607.8155651763082 258.854773260653 9.860098615288734 1.518070936203003 624.9440310373902 3207.736306339502 1.690994828939438 0.1309178918600082 5.000528506934643 0 0 0.1106254011392593 59.20470880717039 3.726259782910347 198.192040219903 176.3171751797199 101.3653496205807 86.26764512062073 8.21949315816164 0 0 1.648197799921036
34.78351044654846 0.1733727604150772 0 6210.950205534697 0.9794057905673981 259.5220253951848 124.7713607400656 353.085028834641 1088.984173737466 6564.469280511141 6.062574990093708 2195.046339124441 0.5675977915525436 131.8600953966379 13.17122440040112 0.2177541702985764 0.9356632456183434 0.7731524333357811 1.332712039351463 7899.456801682711 0.2094789519906044 0 0.813081718981266 6869.319067046046 0 1.674945019185543 1.585601359605789 4744.478863321245 271.4869240894914 15.41691611707211 0.4535724148154259 4.454713888466358 16.10591419786215 78.21590618789196 6.700926601886749 699.0627330467105 5.787287436425686 205.9233070090413 38.47315088659525 205.0384720489383 22.4163152128458 1.612250454723835 7.121221356093884 12.00487816333771 0 0 507.1344516500831 0.2305967211723328 25.93488477170467 235.0922647789121 31.77735067158937 178.2154491841793 131.3015924692154 1.301328986883163 158.6087558940053 0.4018656313419342 40.05188775807619 18.71724477410316 1.097274780273438 0 0 0 172.1829443797469 0.5126698613166809 0 0.1734984517097473 310.7896474152803 0.09061142802238464 0.08771126717329025 0.4504828155040741 186.9392186701298 17.60294261574745 10.27809327840805 0 0 1.362028807401657 10.83685161918402 1.082222476601601 156.6733137816191 1.029108770191669 54.61453340947628 3.809961058199406 186.0577550530434 12.32142264395952 0.2862756103277206 2.719589322805405
0.2656950205564499 0.3289669156074524 0 0.9794057905673981 119.4081768989563 918.7222497314215 1.592412039637566 46.26617588102818 68.74260304123163 2.234298035502434 1.832388013601303 110.6542563661933 1.372584328055382 1.514107912778854 898.5767509266734 0 0.1278673410415649 0.2487372234463692 0.6766567230224609 3.734076157212257 0.08479080349206924 2.373472303152084 0.1013937145471573 2.428353868424892 0 0.4704312607645988 1.178549125790596 2.544369481503963 122.6333103626966 1.481157176196575 0 333.5133500099182 0.2123654633760452 90.10197351127863 0 33.54869443178177 0.4849908128380775 57.82277119159698 25.64549331367016 2101.531729318202 156.5400729477406 6.405403435230255 3.62807023525238 0.1103246957063675 0 0 1.646035477519035 0 0 0.2699461653828621 0.5131909847259521 0.5060908645391464 0.1165445074439049 0 0.2645889520645142 0 0 0 0 0 0 0 0.1318537443876266 0.1208604127168655 0 0 0.5033028870820999 0 0 0 0.9537289887666702 0 0 0 0 0 0 0 0.3195246160030365 0 0 0.4080023467540741 0.4820286631584167 0 0 0
19.75885260850191 0.08682294189929962 1.087446160614491 259.5220253951848 918.7222497314215 12266.05427099392 307.2596812285483 6960.939634881914 49.01696217060089 8496.976065009832 63.02959372103214 5076.636488042772 9.45276265591383 545.2908156141639 1184.450019337237 0.1648609265685081 3.174440763890743 8.512678317725658 12.6632212176919 932.2818902954459 0.8570544645190239 0.08112809062004089 1.415326520800591 112.3774473741651 0.2642605379223824 9.959135286509991 12.6191276088357 443.2296249046922 575.7417412847281 24.56898732110858 1.548411481082439 298.073092572391 2.457796044647694 592.4994247369468 3.464969262480736 772.9539579674602 14.75633408874273 654.8442677333951 126.1934776976705 2571.953543007374 810.1089398935437 33.43307631462812 28.83166411519051 2.874773591756821 0.08634956181049347 0 47.93531281501055 0 4.049813471734524 32.1510863378644 4.207795523107052 17.35814233869314 13.17977275699377 0.07866836339235306 30.45864144712687 0.2131248787045479 4.005535878241062 3.28658027946949 2.542492881417274 0 0.3745085597038269 0.3115330785512924 15.60740840435028 1.932314857840538 0.07665837556123734 0.6159241795539856 40.74844638258219 0 0.9951863065361977 0.8670303225517273 31.88107541203499 3.762140184640884 4.440430611371994 0 0 0.1822702139616013 0.9569673091173172 0 32.80771988630295 0.1305038183927536 8.010117158293724 0.8785673752427101 39.13403103500605 1.194106660783291 0 0.1011012867093086
2176.047108449042 1.157032303512096 134.6013664081693 124.7713607400656 1.592412039637566 307.2596812285483 17764.75698738918 6064.781441587955 238.4340450763702 12575.37990751863 29.57641301304102 27.49754896387458 2.57539789378643 8999.82290859893 8.229136735200882 6.327241227030754 103.3964121304452 10.22606202214956 51.69569565355778 79.35071516409516 90.52623478323221 3.98602507263422 173.8452312834561 1477.422422297299 0.3020496591925621 150.1326371729374 78.5045730099082 16425.71261021122 2047.927539434284 8597.280935205519 0.4346981272101402 14.12211211398244 158.0700114890933 422.3052047453821 15.93581315875053 1627.000914480537 24.551852658391 826.1417772881687 243.1480292156339 133.4982400611043 64.82237933576107 4.811675228178501 22.1013919711113 15.59569264948368 0.4480810314416885 3.119775950908661 46.35688414424658 1.0781170129776 8.027234584093094 112.377945587039 23.51787620037794 62.19263692200184 12.98743595182896 1.58618888258934 16.29199478030205 0 31.97493021935225 0.6194322258234024 13.51366548985243 0.9977745041251183 0.1827997341752052 0.4268817231059074 15.22297472506762 20.80517073720694 1.592485792934895 3.477293141186237 186.8506845422089 0 3.524234384298325 8.790838688611984 144.1798047870398 44.59678815305233 42.21637196838856 0 0.4085828363895416 3.886349834501743 7.487638846039772 2.652957551181316 125.5532322004437 4.0616789534688 41.02089282870293 7.3179632127285 56.4731085896492 11.19465278089046 0.6193786263465881 1.203037038445473
533.1657427102327 0.7544751316308975 12.62788613885641 353.085028834641 46.26617588102818 6960.939634881914 6064.781441587955 16608.02665276453 142.3656967952847 5858.356346901506 113.2839851863682 1176.524511110038 10.65918658301234 7838.664717320353 186.7528739236295 1.43662428855896 26.91944747418165 14.00943041592836 29.31731867417693 1078.105643417686 13.31781596690416 1.403661251068115 19.03091635555029 627.9498614519835 0.5104906186461449 41.14645314961672 35.96130743995309 1029.303900372237 862.4621524810791 855.2537424750626 3.034391328692436 294.9064408168197 40.15562573075294 555.6178904101253 5.109328530728817 673.0237406529486 24.83107364177704 875.762351911515 247.5232521891594 1678.763170082122 459.5042107962072 58.90769356861711 49.65475003421307 17.01794028282166 0.1064801439642906 0.6354563310742378 66.08157930523157 0 11.14609461277723 127.9185286685824 26.14030727744102 51.8248697668314 19.12967705726624 0.7457104846835136 22.59970705211163 0.08884454518556595 31.05787663161755 1.504865884780884 7.78511568158865 0.5658064037561417 0.2317888736724854 0.7508577704429626 20.21076132357121 7.169808857142925 0.3678855374455452 0.6110757291316986 161.7249124273658 0 3.723916873335838 2.704430565237999 119.0522429198027 27.06689608097076 31.21428198367357 0 0 0.9260924831032753 9.059712164103985 1.388145804405212 104.3512538224459 1.564984045922756 30.07924988120794 6.450811691582203 37.36961964517832 8.394889749586582 0.7194141745567322 2.139070957899094
26.68881788849831 432.5629499182105 0.7299473956227303 1088.984173737466 68.74260304123163 49.01696217060089 238.4340450763702 142.3656967952847 1401.598267823458 267.1268083937466 28.75760990381241 221.1369837298989 82.16864304989576 58.08259519934654 650.0069587603211 111.9192526713014 3.631005391478539 4.0464958101511 16.44182330369949 276.4654064550996 60.59316428750753 2987.418512448668 17.06086341291666 9198.829718619585 144.1421883553267 31.05888165533543 631.8589162528515 1431.213963702321 157.7075788788497 118.1561599075794 11.61257637292147 28.19925829768181 17.90727886557579 39.28101226687431 2.127852559089661 231.5620240792632 216.5732341706753 176.5710946172476 40.23745216429234 934.1075324565172 23.37786915153265 7.032531663775444 1.513885773718357 22.77863989025354 2.778556518256664 0.373960480093956 497.1792905256152 0.1174109429121017 23.24792540818453 217.1266330331564 37.19052221626043 119.8382896408439 89.53016208857298 1.931761428713799 68.93470992147923 1.329448133707047 55.7582371532917 13.05674720555544 328.4001282453537 2.090293556451797 1.57968395203352 3.967560812830925 110.3111922219396 119.0780647173524 42.40216217190027 61.61992804706097 823.2259322032332 0.1188418939709663 8.548634596168995 25.93499202281237 366.6178847700357 55.82221473008394 96.25389089435339 0.1745371781289577 0.09067425131797791 4.947922341525555 8.812878839671612 3.816293850541115 160.4043011441827 2.094329968094826 41.71345822513103 10.54002550989389 108.1913420557976 6.549710586667061 0.2800512611865997 2.646703816950321
169.0664817541838 0.07900683581829071 0.8938447460532188 6564.469280511141 2.234298035502434 8496.976065009832 12575.37990751863 5858.356346901506 267.1268083937466 49377.06119093671 39.68982979655266 5183.032411392778 5.178393840789795 1517.486910767853 50.74749023467302 0.1878424808382988 2.366125382483006 6.05980172008276 10.69536074995995 5467.90982542187 2.724655851721764 0.4969810172915459 2.728638492524624 929.9819092303514 0.5850027576088905 9.265659287571907 10.8554763533175 10241.26280855387 1267.484726358205 31.77705976739526 0.9873665347695351 25.99456148967147 15.14814380556345 335.7653028815985 8.752291232347488 1105.836115553975 25.43442648649216 698.9700950309634 83.30685138702393 322.793191164732 103.8186268359423 11.02984895557165 24.87313088029623 20.46551174670458 0.2300718128681183 0 250.3034927099943 0.1512306481599808 15.98948037624359 228.1752009242773 31.93214578181505 90.06941023468971 70.76195438206196 2.323530912399292 168.0028648748994 0.3676910698413849 46.06863573938608 13.28065843880177 0.3115671575069427 0.1869884580373764 0.1606913879513741 0.07037439197301865 86.32866859436035 3.354069545865059 0.08969234675168991 1.257392346858978 250.100148499012 0 0.9124528616666794 0.8189291730523109 157.2396817281842 27.71746937930584 15.25906235724688 0 0.3648184090852737 1.038109168410301 5.569452434778214 0.9277688711881638 130.846652649343 0.9715227782726288 40.24494098871946 7.635280542075634 101.7805745601654 14.33977843821049 0.5627732500433922 3.340294636785984
19.07148183882236 52.74384684860706 35.04705783724785 6.062574990093708 1.832388013601303 63.02959372103214 29.57641301304102 113.2839851863682 28.75760990381241 39.68982979655266 11691.38321169466 33.55200388282537 3106.445468954742 115.3543171584606 0.4272207394242287 1.158378429710865 730.0171850472689 4322.45956491679 2626.901097871363 27.33268708735704 56.68330665677786 16.08842349797487 133.5002225190401 18.96661891788244 585.3387273102999 4587.168771930039 2430.402935832739 28.57705637067556 325.8640866987407 171.8228938952088 912.4480943307281 119.6014802008867 8.252652525901794 5916.83769575879 14.91048514842987 839.0447459891438 5724.661212801933 7109.807577185333 1529.355687625706 31.2112423107028 12.8626386448741 1817.5133619681 20.85834339261055 0 55.31237646192312 0.9680310413241386 0.3375891745090485 0 0.4323510229587555 1.406610772013664 0.297457754611969 3.132024057209492 0.1690619438886642 269.5933331996202 0.1024790704250336 1522.905484631658 0.8656760826706886 0 1.80738291144371 10.74820188432932 206.5094768479466 79.16466692835093 0 1.018640622496605 7.971385523676872 2.111282147467136 5.325440265238285 228.0051406249404 372.1538204401731 506.1215306147933 3.870757944881916 0.5320245623588562 1.549338646233082 182.5743429586291 0 0.2929946184158325 11.20798694342375 2.366485700011253 10.84612800180912 611.5548441633582 31.32085032016039 6.558647431433201 0.7078947126865387 0.2762244641780853 162.5605563893914 0.1430158168077469
4.62357471883297 3.32948861271143 0.1443643867969513 2195.046339124441 110.6542563661933 5076.636488042772 27.49754896387458 1176.524511110038 221.1369837298989 5183.032411392778 33.55200388282537 11537.84150260687 3.155814282596111 290.8379631377757 1225.661507554352 0.3194344788789749 0.8693693727254868 4.678462654352188 4.561759501695633 7505.55852752924 0.2506133839488029 12.08601386100054 0.4078405350446701 1377.577706456184 0.5444940477609634 6.832688428461552 10.66349214315414 363.3837313465774 338.6894868947566 5.268847249448299 1.947116687893867 28.69768265262246 1.088098578155041 163.0331347286701 2.164775192737579 1041.586350105703 10.60435050725937 349.6412278562784 36.24194515496492 1414.738338679075 83.10337987542152 10.62201645970345 10.07706772536039 3.324321135878563 0 0 172.3370504304767 0 44.91840610653162 42.52494587004185 19.36698845028877 85.71883887797594 100.5042425096035 1.543652981519699 650.1502347141504 0.08861497789621353 20.36712201684713 15.19911754131317 0.746735118329525 0 0.4133095964789391 0 274.0928671732545 0.4794303253293037 0 0.2700847089290619 86.8183977752924 0 0.7899771705269814 0.2496075481176376 47.11476873606443 5.33806474506855 2.570739388465881 0 0 0.1332536190748215 3.725412614643574 0.7119702100753784 66.31256488710642 0 22.4799717888236 2.941767685115337 123.0856433063745 2.989908657968044 0 0.4941590204834938
1.159785009920597 1341.278283901513 1.452686883509159 0.5675977915525436 1.372584328055382 9.45276265591383 2.57539789378643 10.65918658301234 82.16864304989576 5.178393840789795 3106.445468954742 3.155814282596111 4823.413458935916 6.276977255940437 1.880487896502018 8.866281017661095 5.240620195865631 118.2491401731968 15.364402808249 3.190167762339115 2.233118407428265 319.0058077350259 5.692780897021294 92.40194632858038 4654.651417806745 491.3659137189388 4526.24183935672 7.52618345618248 21.26210810244083 1.388182625174522 1093.0310087502 8.06228469312191 0.1203861087560654 423.0934538245201 12.79284270852804 1043.014617674053 3906.811667390168 2643.152458757162 607.6601965427399 50.8381175994873 252.7880366295576 1023.531675264239 41.07708221673965 0 221.7894078716636 0.268399715423584 0 0 1.027797542512417 0 0.4518278911709785 2.632106684148312 0.1696716099977493 718.655295945704 0.101515144109726 4955.420122139156 1.611602284014225 0.1721547394990921 0.4399723634123802 1.372075811028481 250.1663550212979 37.74859638512135 0 0.1943504512310028 20.15572915971279 0.1166655123233795 2.67558741569519 1338.254406519234 511.4813382700086 986.729089230299 0.3699841499328613 1.253275714814663 0.1081706658005714 406.4870822653174 0.9489546194672585 0 35.63712646812201 0 53.76512435078621 1077.188984155655 69.07231656461954 6.518218368291855 0.8106455355882645 2.803860083222389 654.5123587399721 0
4294.175539806485 0.4261219874024391 15.989142537117 131.8600953966379 1.514107912778854 545.2908156141639 8999.82290859893 7838.664717320353 58.08259519934654 1517.486910767853 115.3543171584606 290.8379631377757 6.276977255940437 16065.69805244356 6.741260707378387 1.002132445573807 43.95353756844997 19.42546706646681 43.62997233867645 428.8394552432001 23.03951363265514 0.8021541759371758 30.85821626335382 304.3296974487603 0.5147153809666634 66.55738926306367 52.11320623010397 703.553253211081 7516.548465546221 1865.854736097157 3.288083359599113 126.967704795301 60.7439781203866 775.8325791843235 3.778146497905254 457.071073140949 15.65586513280869 770.3933328837156 167.4589910916984 284.1954444944859 140.0798106491566 28.29514982551336 16.56728908419609 4.169569738209248 0.2835924848914146 0.2399278208613396 12.3039228618145 0 1.255236484110355 31.8121352493763 7.074930131435394 21.64617376029491 1.538648292422295 0 3.460053190588951 0.1655475646257401 11.53246730566025 0.2068265825510025 6.477498516440392 1.301541432738304 0 0.7973812520503998 2.936230972409248 8.253600865602493 1.073166139423847 1.355004206299782 69.181729786098 0 2.803839169442654 3.331533297896385 59.63693365454674 14.4073916003108 18.3827747926116 0 0 0.5227946266531944 2.343013539910316 3.111520238220692 44.27174011617899 0.7070011720061302 15.1226446852088 1.93175470083952 15.09864488244057 1.251900382339954 0.3156516849994659 0
0.2234999388456345 6.853927940130234 0 13.17122440040112 898.5767509266734 1184.450019337237 8.229136735200882 186.7528739236295 650.0069587603211 50.74749023467302 0.4272207394242287 1225.661507554352 1.880487896502018 6.741260707378387 263.9961263015866 0 0.07641638815402985 0.09510832279920578 0.6908073723316193 106.2556261718273 0 50.45314520597458 0 98.66960220783949 2.563859507441521 0.7749511078000069 13.93304584175348 28.44276232272387 6.486112795770168 0.5411310344934464 0 216.2111119180918 0.9970398098230362 4.980872891843319 0 638.3124173656106 1.247373580932617 4.279967099428177 0.3752471059560776 1295.09935400635 68.61599411070347 0.131170779466629 0 0.849884033203125 0 0.1495859920978546 45.62222816050053 0 2.155306473374367 14.2051313072443 1.313953228294849 24.34000956267118 9.413507007062435 0 13.74600096046925 0 2.673305623233318 3.400619179010391 3.560754925012589 0 0 0 13.32022947818041 1.660162538290024 2.889512218534946 0.7607485204935074 17.8101104721427 0 0.09386516362428665 0.2394080609083176 11.26419194042683 0.3424676656723022 1.07047039270401 0 0 0 0.6798512786626816 0 22.44624107331038 0 2.71934700012207 0.1151910722255707 42.14391154050827 1.377503484487534 0 0
0.9398811385035515 98.12314582616091 20.44491200149059 0.2177541702985764 0 0.1648609265685081 6.327241227030754 1.43662428855896 111.9192526713014 0.1878424808382988 1.158378429710865 0.3194344788789749 8.866281017661095 1.002132445573807 0 6869.914510890841 25.72485110163689 0.8264372795820236 10.09789460152388 0.4222517311573029 2170.144416704774 4581.459333963692 5206.2425705567 4209.798403851688 20.77119337022305 18.98617053776979 6939.309141516685 2235.215207621455 16.95883542299271 34.25864718109369 1.328771315515041 0 2.912179917097092 17.55160924047232 7.723968036472797 2124.559674568474 1077.323473975062 144.0814865007997 297.5128902345896 26.59676586091518 2.650233753025532 1.810632184147835 9.637200959026814 3.282730787992477 5.968369320034981 101.5039467215538 0.3366740643978119 0 0 12.65138550102711 1.09286867082119 28.53273321688175 0.4323122277855873 0.3789586424827576 0.151585191488266 0.2294052019715309 2.883700840175152 1.404204919934273 2752.630171060562 2.665273867547512 0.2340222746133804 2.211136467754841 0.288823664188385 351.7616778612137 1044.741742603481 1258.118642188609 172.8911914676428 0.303199328482151 7.974471352994442 1116.314839854836 145.113203689456 5.828554540872574 73.02684587985277 0 0 0.3619686514139175 3.164474658668041 1.949367091059685 73.45821834355593 22.13516288250685 9.37083300948143 17.54358261078596 5.009590104222298 1.175319850444794 0.08593698590993881 0.208574652671814
28.63848602771759 60.67873151600361 9764.213109135628 0.9356632456183434 0.1278673410415649 3.174440763890743 103.3964121304452 26.91944747418165 3.631005391478539 2.366125382483006 730.0171850472689 0.8693693727254868 5.240620195865631 43.95353756844997 0.07641638815402985 25.72485110163689 4429.652269616723 206.7335034608841 6481.209036968648 1.903737835586071 1386.340600080788 15.03415628522635 5604.454497843981 25.75734661519527 1.651979029178619 3328.271596573293 9772.501761004329 82.2822058275342 128.1790677979589 1007.483993776143 1.771838322281837 5.896399632096291 11.30840826779604 2665.245706908405 14.2334888651967 1050.267056457698 681.6277475953102 3020.953911714256 1472.408913731575 17.24318362772465 7.34401747584343 14.62772434949875 9.724460735917091 0 62.40981643646955 473.6564387381077 0 0 0 0.9478971660137177 0 0.5157911330461502 0 2.534957513213158 0 0.5878307670354843 0 0 7.045386753976345 208.17928930372 4.672583751380444 70.61014802008867 0 1.665016576647758 90.94838031381369 42.33890228718519 3.319912619888783 2.287217780947685 436.6322148516774 770.8312997743487 1.882329724729061 0.2220402657985687 2.518293872475624 0.1408293098211288 0 0 20.05794826894999 3.75018085539341 80.33361779898405 47.99345877766609 43.44325887411833 28.33986510336399 1.919590994715691 0 0 0.4761070162057877
6.563880801200867 16.53263528645039 69.21952544897795 0.7731524333357811 0.2487372234463692 8.512678317725658 10.22606202214956 14.00943041592836 4.0464958101511 6.05980172008276 4322.45956491679 4.678462654352188 118.2491401731968 19.42546706646681 0.09510832279920578 0.8264372795820236 206.7335034608841 862.0586649850011 1803.629735678434 4.424336075782776 28.39011348038912 4.967235282063484 56.16468258947134 5.303623430430889 108.2602337151766 3757.178376100957 1561.798758432269 7.090814836323261 49.62847121804953 79.33278301358223 222.5126797705889 13.80292660742998 2.084334269165993 641.3349343389273 7.51267122477293 559.9080224633217 815.4867917224765 1275.462557606399 705.0399305745959 12.98101872950792 1.482962056994438 32.5709470435977 4.886758759617805 0.1130649000406265 38.51981204003096 1.374639838933945 0 0 0 0 0.1100144013762474 0.2459273710846901 0.1650470495223999 63.32475590705872 0.08329140394926071 210.0483937785029 0.746958039700985 0 0.4131124466657639 9.731477327644825 213.8947562351823 84.51529877632856 0 0.4307794943451881 1.446605890989304 0.8563756048679352 0.9072079695761204 39.88801372051239 407.787238098681 451.2995713278651 1.086248874664307 0.6011830791831017 0.2149426341056824 76.23978490382433 0 0 4.954646892845631 0.663499042391777 14.39990639686584 137.4158837348223 18.44409546256065 6.731598325073719 0.2634902521967888 0 0.8291265368461609 0
24.30999886989594 191.1376709938049 646.0137899667025 1.332712039351463 0.6766567230224609 12.6632212176919 51.69569565355778 29.31731867417693 16.44182330369949 10.69536074995995 2626.901097871363 4.561759501695633 15.364402808249 43.62997233867645 0.6908073723316193 10.09789460152388 6481.209036968648 1803.629735678434 3833.371646881104 7.296287499368191 393.1166310533881 25.44390073418617 1048.135501652956 26.64908763021231 57.65576196461916 7083.739384546876 5865.046089194715 39.37310004234314 139.9558381289244 565.8381515219808 33.10621625185013 23.19502384960651 7.399300277233124 3203.028691418469 11.79859938472509 1210.109143055975 569.7333759069443 2677.206214360893 1558.004049614072 30.10398834198713 5.141509369015694 5.950476966798306 9.275993898510933 0.2297245413064957 143.5212311968207 23.62713219225407 0 0 0 0.9985644295811653 0.219961866736412 1.124337308108807 0.6567319929599762 23.95887081325054 0 32.00668567419052 0.9209949225187302 0.0913226455450058 2.030189506709576 224.4036286771297 118.0041830390692 444.402721978724 0.08701006323099136 1.025283753871918 18.28159924596548 26.98375022411346 2.734527535736561 16.97751190513372 1145.724407851696 1016.633878841996 0.9165754988789558 0.3081493079662323 2.412583827972412 11.17459504306316 0 0 22.56271950900555 2.105587378144264 79.01286011189222 99.89463791251183 71.10256186127663 38.35627709329128 1.860199242830276 0 0.5347815454006195 0.9502888917922974
39.39520165324211 0.1766592860221863 0.1498819142580032 7899.456801682711 3.734076157212257 932.2818902954459 79.35071516409516 1078.105643417686 276.4654064550996 5467.90982542187 27.33268708735704 7505.55852752924 3.190167762339115 428.8394552432001 106.2556261718273 0.4222517311573029 1.903737835586071 4.424336075782776 7.296287499368191 2194.057308558375 0.7018175944685936 0.3857689723372459 1.227225065231323 1837.529987506568 0.09809333086013794 6.635305374860764 6.509594492614269 1024.770832750946 606.5178216286004 8.913099899888039 0.7347066253423691 15.32567120715976 3.736502654850483 194.8132305555046 6.264594823122025 828.3604143187404 17.16167415678501 425.0895878449082 49.51066134870052 442.2452642172575 72.82804252952337 8.220974273979664 17.89703899621964 7.869771681725979 0.08810259401798248 0 221.4709560722113 0 19.57232268154621 168.5303130596876 27.2900930121541 66.53488893061876 95.32980780303478 1.044837161898613 186.942203424871 0.07831450551748276 31.29062203317881 9.448021188378334 2.398471117019653 0.2379828616976738 0.9406216740608215 0.4662391245365143 129.9341212362051 2.641544960439205 0.09996925294399261 0.3355458155274391 153.4693717733026 0 0.6342665329575539 0.7590812146663666 112.1511742472649 22.30566983669996 12.24442750960588 0 0.3888703435659409 0.3297455608844757 5.990981288254261 0.2165288478136063 121.8559784665704 0.1093421429395676 28.42159005254507 5.667058289051056 95.43869074434042 6.569226436316967 0.9537556767463684 3.152864664793015
26.34493105858564 8.989317260682583 301.1959269121289 0.2094789519906044 0.08479080349206924 0.8570544645190239 90.52623478323221 13.31781596690416 60.59316428750753 2.724655851721764 56.68330665677786 0.2506133839488029 2.233118407428265 23.03951363265514 0 2170.144416704774 1386.340600080788 28.39011348038912 393.1166310533881 0.7018175944685936 13305.70964684337 172.7174872606993 17455.0340282172 438.4050898551941 1.414206884801388 184.8039405345917 951.4391214624047 5964.915077544749 243.5749503448606 8496.709050774574 0.5348102673888206 1.725623346865177 63.28553722798824 2042.737855434418 28.93636234849691 7507.015931010246 515.1774035468698 3567.8466443941 2785.472605265677 72.66529711335897 21.38988147675991 3.200001858174801 38.81509748846292 4.93917191773653 2.736853040754795 9.580089829862118 0.8489869460463524 0 2.837203770875931 6.458209872245789 1.128767713904381 16.07915340363979 0.1690760403871536 0.1627727895975113 1.232921436429024 0 4.952671192586422 0.4226632863283157 376.9006306901574 5.826619938015938 0 3.893254362046719 0.4655503332614899 232.5152075439692 69.12931019067764 102.4162600636482 70.61866099387407 0 12.71197660267353 41.52716962248087 80.49358121305704 5.42364963889122 65.06467071175575 0 0 0.3332928717136383 1.430771946907043 6.387194506824017 42.76179629564285 2.129445023834705 3.790055610239506 3.159044824540615 4.616379506886005 0.294537752866745 0 0.4407681375741959
0.7481502145528793 1894.568737410009 12.8780892342329 0 2.373472303152084 0.08112809062004089 3.98602507263422 1.403661251068115 2987.418512448668 0.4969810172915459 16.08842349797487 12.08601386100054 319.0058077350259 0.8021541759371758 50.45314520597458 4581.459333963692 15.03415628522635 4.967235282063484 25.44390073418617 0.3857689723372459 172.7174872606993 831.8303363099694 439.4247861802578 7477.69851142168 782.6196117475629 64.06762808561325 5061.156136319041 249.291776061058 7.517092406749725 7.731043055653572 19.89260473847389 0 0.7132475674152374 5.650754474103451 0.6329837441444397 49.38810849934816 53.06810317188501 23.31813526898623 15.65742494165897 139.9938526973128 0.09962805360555649 26.1398608982563 1.189973786473274 0.2172911912202835 58.94127731025219 119.4457797184587 0.2777894213795662 0 0 0.6359936892986298 0 4.979263298213482 0 1.116649866104126 0 4.970725491642952 0.229001596570015 0.7268921881914139 680.4945270568132 8.857140883803368 1.244815036654472 7.000431783497334 0.3790903389453888 41.26088099181652 389.5689006671309 239.8126672878861 63.09215240180492 25.71416214108467 30.26778960973024 907.2750782892108 23.6468445584178 0.9703746363520622 3.016118682920933 0.8950317353010178 0 0.207795761525631 0.9263794347643852 0.5980901122093201 23.48470575362444 24.03262129426003 4.026858724653721 7.10635257512331 1.767114877700806 0.0959286168217659 1.095551013946533 0.1371688544750214
28.68376053869724 9.875585623085499 6803.997387036681 0.813081718981266 0.1013937145471573 1.415326520800591 173.8452312834561 19.03091635555029 17.06086341291666 2.728638492524624 133.5002225190401 0.4078405350446701 5.692780897021294 30.85821626335382 0 5206.2425705567 5604.454497843981 56.16468258947134 1048.135501652956 1.227225065231323 17455.0340282172 439.4247861802578 20675.35588574409 839.6977550536394 2.222007632255554 1150.951381094754 13673.49730220437 3894.913758151233 139.8804340437055 2788.870267093182 0.6015970185399055 1.886762194335461 24.76204823702574 2911.184448152781 89.51648808270693 13119.80945193022 3636.714187689126 6553.034967690706 7198.337460719049 197.1994332075119 45.19258300960064 22.6506537348032 89.040437489748 1.093493580818176 5.157274149358273 257.4145945310593 0.3128653168678284 0 0.0898357629776001 4.627982564270496 0.2245708256959915 5.106420777738094 0.09284839779138565 0.1421700567007065 0.1726619303226471 0.2495170682668686 0.4890059307217598 0.3014472275972366 1284.622332215309 8.750034183263779 0.1041323691606522 6.437421508133411 0.4718749523162842 111.5664868429303 394.1508725881577 711.0991543754935 53.35443449765444 0 35.27785758674145 816.1547972112894 41.59304263442755 1.447935871779919 20.73644833266735 0 0 0.111532561480999 2.451277427375317 18.24324311316013 64.36291848123074 19.01448865234852 10.95943146198988 11.98744592815638 0.5753909274935722 0.3111400008201599 0 0.2904021590948105
164.5526804476976 661.9179347231984 22.70185410231352 6869.319067046046 2.428353868424892 112.3774473741651 1477.422422297299 627.9498614519835 9198.829718619585 929.9819092303514 18.96661891788244 1377.577706456184 92.40194632858038 304.3296974487603 98.66960220783949 4209.798403851688 25.75734661519527 5.303623430430889 26.64908763021231 1837.529987506568 438.4050898551941 7477.69851142168 839.6977550536394 17160.79181919247 170.7648051455617 55.22162962704897 2992.517311349511 14420.30989056081 876.9429559856653 1038.069568768144 6.669498294591904 9.17371816188097 137.1682402715087 245.309066914022 14.39436285197735 2120.328269354999 103.8890522345901 684.1586827114224 216.8911030888557 601.616993509233 77.57430192828178 10.67285197228193 24.6261942461133 59.42382407188416 6.274964019656181 21.50699497014284 477.8674101233482 0.2487600520253181 35.55408615618944 414.007382877171 69.89874094724655 585.2278704568744 126.182096414268 4.253091968595982 150.0988205075264 2.395729795098305 90.58893141895533 14.41677614301443 584.2168135493994 2.657723791897297 1.176744736731052 5.039612032473087 153.737325437367 353.4914064854383 196.7160754203796 125.1254750937223 1212.648721836507 0.1217844262719154 16.94513214379549 137.4622996300459 704.8147735074162 109.2796203047037 283.998836748302 0.3382362127304077 0 11.84686999022961 20.12871108204126 6.166497856378555 431.6969715729356 7.530230276286602 116.4133290424943 26.58047145605087 199.8799372911453 24.7422014772892 2.318374678492546 8.374867163598537
0 2341.130997985601 0.4587699770927429 0 0 0.2642605379223824 0.3020496591925621 0.5104906186461449 144.1421883553267 0.5850027576088905 585.3387273102999 0.5444940477609634 4654.651417806745 0.5147153809666634 2.563859507441521 20.77119337022305 1.651979029178619 108.2602337151766 57.65576196461916 0.09809333086013794 1.414206884801388 782.6196117475629 2.222007632255554 170.7648051455617 443.903197593987 298.6423806101084 2363.56873421371 7.839397698640823 1.120369449257851 0.1975536271929741 203.6599714905024 0.4809093326330185 0 67.30416910350323 0.4434147626161575 36.57389956712723 247.4985091164708 223.1506510525942 50.62444865703583 4.451874509453773 1.521375894546509 325.7935393154621 2.348670482635498 0 161.9705045223236 0 0 0 0 0 0 0.6633321195840836 0 80.34407429397106 0 682.1565497294068 0.402648851275444 0 0.2370694279670715 0.9493328034877777 36.94674271345139 16.09040111303329 0 0.0835355669260025 6.813097402453423 0.1134745925664902 0.08074915409088135 157.4420230314136 139.5212858840823 206.2576434314251 0 0.2204505205154419 0 33.17522466927767 0.2194207012653351 0 5.328672900795937 0 2.384697578847408 62.01246412098408 17.92301170527935 2.210033103823662 0 0 40.18362583220005 0
34.50036936998367 670.1227325946093 7532.624592065811 1.674945019185543 0.4704312607645988 9.959135286509991 150.1326371729374 41.14645314961672 31.05888165533543 9.265659287571907 4587.168771930039 6.832688428461552 491.3659137189388 66.55738926306367 0.7749511078000069 18.98617053776979 3328.271596573293 3757.178376100957 7083.739384546876 6.635305374860764 184.8039405345917 64.06762808561325 1150.951381094754 55.22162962704897 298.6423806101084 33979.26790578663 26357.72343876213 70.19937181472778 140.448255687952 360.2471568137407 939.7055701762438 17.69122463464737 13.47105043381453 930.4973128065467 21.78489020466805 2166.117187224329 2393.286492586136 2540.148480527103 1799.569705910981 52.0346023067832 5.468154855072498 67.30312643945217 14.80528835207224 0.3157031759619713 489.1930094212294 77.65389859676361 0.2583365440368652 0 0 1.74872737377882 0.4300639927387238 1.583448126912117 0.5735554099082947 121.2706249207258 0.3222676813602448 402.0543820112944 1.742179103195667 0 3.257905773818493 787.9776249602437 405.0191081017256 1175.369047395885 0.2189853936433792 3.932984359562397 51.62205399572849 85.12395232915878 3.821190468966961 104.3601074814796 3533.838439904153 3255.622957721353 2.243996992707253 0.6425179094076157 6.053190238773823 116.8802084177732 0.2382337003946304 0.1011118441820145 51.98678128421307 5.97474393248558 248.6674779802561 333.8018314763904 206.2914873287082 120.6298475265503 5.330938205122948 0.6899820640683174 2.113899126648903 2.039564728736877
32.47326467186213 7229.01253773272 10797.50104036927 1.585601359605789 1.178549125790596 12.6191276088357 78.5045730099082 35.96130743995309 631.8589162528515 10.8554763533175 2430.402935832739 10.66349214315414 4526.24183935672 52.11320623010397 13.93304584175348 6939.309141516685 9772.501761004329 1561.798758432269 5865.046089194715 6.509594492614269 951.4391214624047 5061.156136319041 13673.49730220437 2992.517311349511 2363.56873421371 26357.72343876213 49223.84105065465 1187.372771501541 155.7141027003527 417.0977812707424 1388.334694907069 17.66667057573795 17.22995898872614 1854.241895146668 143.2279233634472 13390.53335458785 8247.990117385983 8306.41632913053 7925.31529635191 286.1388076469302 29.75383394211531 103.5447728037834 108.939068749547 1.227854236960411 1942.463082835078 2425.629277572036 0.2969826236367226 0.09414642304182053 0.6488572359085083 5.47830767929554 1.749169528484344 6.71288388222456 0.2847933694720268 158.8572380393744 0.7325856909155846 612.3043691292405 2.26410099864006 0.5091766864061356 778.6664220914245 752.3222190067172 692.1354689523578 1266.709566384554 0.1002235114574432 42.45103139430285 2727.482409283519 943.254909016192 69.65383668988943 316.5230766758323 4650.217701286077 10636.72909702361 22.79446087777615 4.260615795850754 16.28482618927956 190.5900177434087 0.7834932059049606 0 97.13694375008345 33.22649546712637 493.6167983859777 586.2307386696339 330.1729388535023 203.7527383938432 13.97194068133831 1.918813362717628 5.606672570109367 4.914911299943924
437.3700475022197 22.10130268335342 135.3208279237151 4744.478863321245 2.544369481503963 443.2296249046922 16425.71261021122 1029.303900372237 1431.213963702321 10241.26280855387 28.57705637067556 363.3837313465774 7.52618345618248 703.553253211081 28.44276232272387 2235.215207621455 82.2822058275342 7.090814836323261 39.37310004234314 1024.770832750946 5964.915077544749 249.291776061058 3894.913758151233 14420.30989056081 7.839397698640823 70.19937181472778 1187.372771501541 26916.73675462976 2412.756340265274 14900.83596495539 1.053942706435919 20.44305117428303 469.5678942576051 740.1517093144357 41.28226973861456 5784.06739525497 143.6994325593114 2094.748003132641 804.9568085893989 486.5140885189176 131.5392633005977 7.748076774179935 58.6807286888361 52.27108672261238 0.8792038261890411 8.137919321656227 236.1728403121233 0.5097114890813828 24.54095082730055 376.8919802010059 75.28890676423907 379.595247387886 54.15823539346457 2.791738413274288 60.74897173047066 0.6149932220578194 118.8674663454294 9.022275894880295 562.123403288424 1.375848047435284 1.066138595342636 0.3028358742594719 62.20233904570341 483.8468973264098 110.5408038049936 95.57836639881134 1091.962082326412 0.5123633146286011 5.003890946507454 49.2538782954216 798.2341779991984 136.5709592401981 398.6135754957795 0.380738228559494 0.7139779478311539 14.92546299099922 27.72139108926058 17.7409616112709 425.9946337267756 5.922060750424862 121.9217639416456 32.96843309700489 115.5979784950614 22.80175286531448 1.005144640803337 4.654525101184845
