2192.327280685306 0.8360071107745171 370.3931597620249 14.90790186077356 0.2459130734205246 7.423935756087303 2914.727037228644 173.5800157412887 36.18216562271118 29.63188272714615 36.0217238292098 12.65185327082872 0.4172807037830353 5040.292552962899 1.254987329244614 3.772478021681309 447.7924136668444 30.73136489093304 142.2249578237534 42.25293065607548 58.96920527517796 6.77079664170742 105.9781526252627 141.8188092038035 0 220.3143427073956 28.37759619951248 126.5857781916857 5155.921272449195 3578.477322131395 0.1957491710782051 9.062065474689007 66.9296917617321 245.9579383209348 0.9183241575956345 16.2661467641592 4.176758475601673 201.3191164731979 20.62553425133228 5.135854616761208 3.991057373583317 0.6295366212725639 0 0.4348161071538925 0.388368546962738 0.2041530311107635 0.2966074496507645 0 0 1.51640772074461 0.7328399568796158 3.746918186545372 0.6629686951637268 0 1.357658684253693 0 0.4413958042860031 0.1650418192148209 6.060937345027924 0 0.1143577620387077 0 1.788032211363316 4.474887415766716 4.704449698328972 0 10.51232648640871 0 2.069014944136143 3.722450934350491 10.51317197829485 1.126033119857311 4.442782841622829 0 0 0 0.9049014374613762 0 5.087248407304287 0.7655308544635773 1.123890027403831 0.8881622776389122 0.3896515965461731 0.4897321611642838 0 0.1279367357492447
0.8360071107745171 157.5808968469501 47.4734907373786 0 1.007816500961781 0.5074125677347183 5.529512666165829 0.7063601985573769 567.0843477845192 0.2319937348365784 188.4381373003125 1.395701237022877 1197.624114900827 2.128599643707275 16.45161497592926 108.6202361211181 22.26700559258461 1.641500294208527 11.2033543586731 0 7.229329966008663 2786.686448410153 9.51647324860096 629.0632849484682 1625.162017777562 279.7344404384494 8946.080214232206 13.85390672832727 2.896897815167904 6.961623437702656 14.88439193367958 0.3357317745685577 0.7923149690032005 13.17021947354078 0.4688826203346252 51.4228660389781 102.8096866458654 134.3714671432972 30.25164062529802 25.23143917322159 0.8034473806619644 375.1870163157582 4.859677985310555 0 69.4562174975872 103.2972520366311 0 0 0.09994027763605118 0.9332074150443077 0.3095180243253708 2.363959059119225 0 4.039202205836773 0 17.45993690937757 2.04610551148653 0 4.929129034280777 17.85665407776833 3.137904837727547 23.31063450872898 0 0.5519677400588989 44.31889283657074 2.715171799063683 6.885512039065361 22.89510627835989 568.5412269681692 2398.889772847295 0.664212591946125 0.1797008812427521 1.440611317753792 6.818554095923901 0 0 3.355772420763969 0 30.82128074765205 30.38019503653049 22.18597691506147 8.868640556931496 0 0 7.4283312484622 0
370.3931597620249 47.4734907373786 5099.621107876301 2.642655268311501 1.265754260122776 95.14089993387461 581.8171750530601 1736.354514911771 4.111568547785282 21.18451905250549 42.67417530715466 2.334857635200024 5.236201144754887 1774.80222851783 0.153424471616745 8.214900217950344 1364.795809879899 48.64390317350626 226.5580517426133 1.954248636960983 2282.654208898544 21.80628536641598 11913.69253069162 19.09315147995949 0.4536551684141159 6931.606552071869 11882.28407582641 157.5304510369897 227.1700907498598 1131.205066509545 10.19193586707115 15.44037625193596 2.077897310256958 246.8645039647818 24.18452955782413 1561.12852782011 3788.104408867657 1301.59659075737 476.5316636040807 41.16518460959196 5.010555632412434 16.97210991382599 8.226545743644238 0.2007611989974976 174.6388604268432 570.2678859606385 0 0 0.2929399907588959 1.934479400515556 0.6706169098615646 4.945493601262569 0 0.1519071608781815 0 0.1304806470870972 1.732071563601494 0.5957339704036713 8.099638089537621 78.3838317245245 2.016640320420265 29.94974560290575 0 2.036708161234856 66.5991792306304 14.80713235586882 12.6533202752471 0.145917221903801 252.2136271074414 1800.994900785387 2.749274089932442 0.4995187819004059 2.322361551225185 0.3860836774110794 0 0 8.794001579284668 2.355598568916321 73.59945611655712 151.9295048043132 49.86282327771187 16.71929869055748 1.587678208947182 0 0 0
14.90790186077356 0 2.642655268311501 5303.677284128964 5.537024460732937 425.548980332911 219.8128620460629 68.31037395447493 1167.647433631122 4776.030947774649 4.927324220538139 1366.662057332695 4.05258908867836 109.3697675317526 137.2816798835993 0.2290970087051392 0.7411701679229736 1.235928148031235 1.967547453939915 8711.679405368865 1.452216990292072 0.3472659885883331 1.296950623393059 2339.703346759081 0 3.986104927957058 2.5769899263978 4683.032293744385 194.2099149078131 1.471693702042103 0.3644946068525314 4.211629137396812 17.98389366269112 30.02640774846077 5.132701903581619 606.7872414514422 10.51354034990072 144.9582378342748 36.9628969207406 641.4110450223088 17.57471059262753 0 12.20477080345154 1.973560221493244 0.5005567520856857 0.6498794704675674 229.2477294877172 1.827356308698654 19.12320803850889 47.2998870164156 7.960053123533726 175.0633458122611 130.5248756408691 2.264901578426361 473.6001411750913 0 21.5845009163022 45.34699333459139 4.348437830805779 0.2225972563028336 0 0 367.0686680600047 0 1.341677665710449 0.7264999151229858 595.5349844396114 0 0.14582759141922 1.390069633722305 462.1653464213014 19.85426676273346 8.119695454835892 0 0.4487023949623108 1.315910190343857 9.637000739574432 0.4343233108520508 253.5063326209784 0.9954138174653053 35.70106614381075 7.859528750181198 251.5287430658937 1.468545518815517 0.6126773357391357 0
0.2459130734205246 1.007816500961781 1.265754260122776 5.537024460732937 1.89545351266861 349.2919863760471 4.097038708627224 75.82511924207211 78.39728453755379 2.542671300470829 18.0577300414443 119.7070089429617 2.670068673789501 7.148856922984123 1105.383744850755 0 0.7839239537715912 1.91228336840868 4.044242091476917 8.844844087958336 0.418813943862915 4.479228638112545 0.4867489784955978 19.09024594724178 1.109405636787415 3.816196903586388 4.880273148417473 5.079994544386864 204.8119948431849 0.8006288260221481 0.7641666755080223 370.1730398535728 0 155.1260193139315 0 57.3663314729929 0.223994717001915 136.7835046797991 2.853335216641426 1299.935011252761 132.0689561590552 0.148723840713501 1.738235875964165 0 0 0 0.5880854427814484 0 0 0.2064765691757202 0 0.2216044068336487 0.1418329477310181 0 0.5547032505273819 0 0.3293344080448151 0.1634022146463394 0.1208145841956139 0 0 0 0.6752252280712128 0 0 0 1.527310252189636 0 0 0 0.2541768252849579 0.5068338513374329 0 0 0 0 0 0 3.559472769498825 0 0 0 0.5209139883518219 0 0 0
7.423935756087303 0.5074125677347183 95.14089993387461 425.548980332911 349.2919863760471 13651.00614640862 3263.476198866963 5947.094559557736 192.6955635100603 3959.079181097448 194.60571949929 5443.153195805848 34.6477398276329 521.577906049788 3009.019983977079 1.329739704728127 31.27845244854689 29.68612698465586 52.43864364176989 822.9576908499002 26.29634647071362 2.025380238890648 10.73314578086138 386.164642393589 3.551718257367611 120.2761628031731 33.6656943038106 2319.875723585486 929.9126474559307 23.94485538452864 10.17791079729795 927.6701563149691 5.868259280920029 489.5555766746402 8.998531252145767 765.4541911557317 20.4875780493021 629.6913854107261 47.24560821056366 3322.067368552089 388.7403834909201 8.156540848314762 31.14093086123466 1.338898777961731 0.3917456716299057 0.2503818869590759 47.05321920663118 0 5.853351794183254 28.10073816031218 13.32108064740896 64.45826520770788 46.97914601117373 0.5889614000916481 67.32650485634804 0.2081098333001137 25.60488805919886 4.387653723359108 4.871993601322174 0.1722503751516342 0.1122380718588829 0.3288451880216599 117.7701223269105 3.167947113513947 0.1991332620382309 0.5337713360786438 202.8499935343862 0 1.074437476694584 2.593529112637043 160.0087297856808 23.76400778442621 13.42583329230547 0 0 4.194751031696796 12.11005491763353 0.4320921301841736 119.0332144424319 0.3537052273750305 51.67226772755384 8.362655207514763 48.39906351268291 2.508946985006332 0.5353672504425049 0.4286823272705078
2914.727037228644 5.529512666165829 581.8171750530601 219.8128620460629 4.097038708627224 3263.476198866963 19493.43042757362 6505.644944317639 669.4485666826367 9812.080849759281 40.01254140585661 47.25145813822746 6.345039620995522 11169.55674230307 43.71535862982273 86.80983082205057 56.15994491428137 12.78890412300825 31.49949206411839 270.3683071658015 757.4079660326242 79.51873055845499 302.0692717805505 7202.379480235279 9.315733499825001 127.4290387257934 206.0459225028753 25085.74919649959 1625.364550925791 4849.668175436556 2.307772316038609 38.12175003439188 67.83033750206232 174.059750162065 9.704845637083054 1114.763897106051 33.84657607227564 595.6314985454082 150.7421240210533 141.9748988077044 69.24565555900335 0.5289732366800308 25.79334437102079 7.352795228362083 0.5980773568153381 4.32132476568222 38.95981202274561 0 7.07685474306345 102.0529221221805 12.16726237535477 157.0379538983107 56.22681791335344 4.270670786499977 42.60273248702288 0.2308008000254631 47.73095647990704 2.858329951763153 66.55814042687416 3.376249939203262 0.4773936867713928 0.1145512387156487 111.6168411746621 27.70951893180609 18.82444473356009 7.732344165444374 416.314673140645 0 1.454705327749252 26.90334584563971 327.0634276121855 62.43689384311438 110.6930331662297 0.187243215739727 1.484921276569366 3.673739343881607 32.09330802410841 0.1889127194881439 388.467966362834 4.382129237055779 105.6018470078707 33.63763962686062 86.48965165019035 11.54382232576609 0 0.09294818341732025
173.5800157412887 0.7063601985573769 1736.354514911771 68.31037395447493 75.82511924207211 5947.094559557736 6505.644944317639 16396.88772922754 299.0338770672679 1399.839466430247 173.2801596596837 658.1406900957227 21.18133074045181 7135.500979371369 148.793381921947 8.124911956489086 570.6499537304044 106.7352084517479 423.675803206861 341.6044389680028 495.3000255525112 14.15220709890127 217.3478417396545 568.3529134169221 4.790792159736156 1019.899211168289 103.5153314322233 764.4755966588855 997.8828257545829 718.3670913055539 7.119327858090401 1549.95738645643 8.650370553135872 362.7102730572224 1.269494086503983 361.5888894870877 28.00075421482325 387.1747338324785 54.06507406383753 551.9476025030017 135.8930913358927 6.597619563341141 12.10857222229242 7.444528095424175 0.8470123484730721 2.816047787666321 34.29643974453211 0 6.248072721064091 63.61258468776941 10.18280555307865 81.68440490216017 59.76546160131693 3.018284469842911 52.74876387417316 0 34.04853348433971 2.264500245451927 18.20908983051777 0.7572063207626343 0.2413448095321655 0.3400708138942719 100.6589845120907 4.452209621667862 7.398862242698669 3.936699733138084 293.0034903660417 0.09555633366107941 5.399431452155113 19.37946300953627 213.4347082227468 47.4169417694211 32.48248082399368 0.09623566269874573 0.6285174116492271 3.934908166527748 21.16853857040405 1.085370659828186 152.0420294106007 0.7143238335847855 68.86138293147087 18.11235015839338 43.33932565152645 4.45576985180378 0.8675965219736099 6.221744254231453
36.18216562271118 567.0843477845192 4.111568547785282 1167.647433631122 78.39728453755379 192.6955635100603 669.4485666826367 299.0338770672679 1033.735364221036 123.7415710315108 39.81052745133638 130.4144501760602 75.16463305056095 148.2095772847533 1090.734944581985 86.91947665065527 4.923959761857986 0.7065995186567307 3.003389425575733 533.7360103726387 23.9469967931509 3566.073067992926 9.742909662425518 9726.273918531835 142.6759571805596 8.033118344843388 940.4656900838017 1095.18310302496 291.3429285660386 257.2805500850081 1.303467936813831 11.95138257741928 58.34949540346861 54.32391775399446 19.9903450012207 911.7466998845339 38.05145552754402 187.3082812651992 112.2274682000279 648.3728683441877 20.63875764608383 9.711308039724827 9.189258217811584 11.93337512761354 2.544304251670837 3.69946525990963 155.1807969436049 1.051671132445335 10.19393395632505 143.393456697464 14.64000338315964 74.58312822133303 83.87760955840349 3.356455989181995 92.90256395936012 4.671948924660683 56.55004774034023 28.75119030475616 323.8780655488372 4.579057864844799 0.1771385967731476 0.8600191250443459 216.4446068331599 157.3519896715879 180.54543825984 52.83697482198477 1121.416154891253 1.642928577959538 9.052656784653664 17.10163516551256 597.6841657161713 82.3988426849246 199.3832459896803 1.507966510951519 0.2825970053672791 10.17138777673244 36.38699281215668 2.601018264889717 387.8668402954936 4.103327929973602 82.96419528871775 34.61988776177168 158.4241533055902 6.712558656930923 0.6560372114181519 2.07926419377327
29.63188272714615 0.2319937348365784 21.18451905250549 4776.030947774649 2.542671300470829 3959.079181097448 9812.080849759281 1399.839466430247 123.7415710315108 31747.0372299552 32.60831712186337 4415.932913765311 6.335982389748096 1251.569102182984 8.727702952921391 1.013485379517078 4.732594527304173 7.235191270709038 12.96130187064409 6799.25690818578 14.84109672158957 0.573873333632946 4.95131478458643 335.1602299958467 2.283592738211155 21.20575744658709 22.89843013137579 9561.56237873435 566.489050976932 3.466545447707176 3.166447013616562 31.26737657934427 20.81406235694885 126.5523092150688 10.89994330704212 969.7950161397457 23.50520069897175 531.2676122933626 66.83852700144053 144.7773691937327 74.33782028406858 2.276773899793625 22.41239292919636 1.191718563437462 0.1278068423271179 0 75.78019936382771 0.228718027472496 5.258017137646675 20.68063119798899 4.392739899456501 40.51812378317118 50.13485530763865 1.95109660923481 97.16892132163048 0 13.98086100816727 5.238160140812397 1.552846029400826 0 0 0.1347326636314392 105.6913524568081 0.1118819192051888 1.028103046119213 0.6984364092350006 165.4828296154737 0.07726788520812988 0.4286038726568222 1.794266223907471 145.3926292806864 14.51262680441141 5.488137952983379 0 0.2882115542888641 1.504741787910461 8.378111407160759 0.1875871121883392 71.06518012285233 0.2932244688272476 24.84233443439007 6.643566034734249 51.71062704175711 0.9427542835474014 0 0
36.0217238292098 188.4381373003125 42.67417530715466 4.927324220538139 18.0577300414443 194.60571949929 40.01254140585661 173.2801596596837 39.81052745133638 32.60831712186337 13664.05213601142 223.2062886431813 2420.17313233763 255.9957178235054 8.642458468675613 4.045811042189598 905.5585781931877 2647.67151439935 1438.008808806539 67.31905560195446 33.72467473894358 92.81590573489666 52.65375995635986 42.67063897103071 776.6006942242384 3216.588859051466 885.0026933699846 25.04281815141439 500.0042392387986 27.03110963851213 376.7443193495274 260.9673270061612 43.01980240643024 6793.684044443071 13.26982164382935 607.6660972610116 3515.155479095876 5960.232670165598 775.860717266798 99.95812577009201 165.6668811142445 1182.26069650054 22.37551581859589 0.1104792729020119 5.108503848314285 1.890794798731804 0.1134529784321785 0 0 1.468637347221375 0 1.300509370863438 0.1612443178892136 402.5843394622207 1.052408166229725 702.0454939976335 0.7029118537902832 0 0.7944741174578667 0 0.9359906762838364 0.4585795849561691 0.115556038916111 2.426326394081116 1.46029119938612 0.1210520416498184 4.146671138703823 84.40982308983803 36.21372409164906 94.6399604678154 2.768243826925755 0.08091527223587036 0.7619661018252373 68.64742887020111 0 0 0.5391674488782883 0.3453136384487152 10.30535978078842 377.4057588577271 21.21300650388002 0.4746764898300171 0.7435651421546936 0.1107905954122543 542.6580538526177 1.905916959047318
12.65185327082872 1.395701237022877 2.334857635200024 1366.662057332695 119.7070089429617 5443.153195805848 47.25145813822746 658.1406900957227 130.4144501760602 4415.932913765311 223.2062886431813 12546.03449833393 46.14218071848154 494.9553933516145 1483.514606751502 0.6235614866018295 11.31556088477373 41.87128505110741 49.77029707282782 7866.996365919709 1.100696578621864 3.895306222140789 2.411894746124744 1419.207785174251 26.62248265743256 91.45314756035805 57.41434576362371 328.9002739489079 989.1977316364646 1.405280970036983 12.44553112238646 212.4148677960038 4.237332180142403 557.2136551812291 7.699184983968735 2627.360997907817 48.88247963041067 1565.353881083429 82.27958307415247 3228.097630620003 292.2767796516418 11.88054756820202 60.04976738244295 1.224649481475353 0.1510541141033173 0.1131635904312134 78.97071508318186 0.8219259232282639 10.32326462864876 16.01725061237812 2.527526624500751 40.84713231027126 79.52610103785992 1.042807817459106 417.2393120378256 0.1849566549062729 12.66616897284985 31.80626195669174 2.432217344641685 0.5208122730255127 0.68582733720541 0 163.2409308254719 3.088588058948517 0.4820370972156525 0.7221288681030273 169.1266595646739 0 0.2533643767237663 1.050881929695606 133.0259632989764 7.9924096763134 6.561314731836319 0 0.1164665892720222 0.7616710811853409 4.684742152690887 0.2240580320358276 252.2768243700266 0.6508084759116173 24.31913144141436 3.098390355706215 203.1864199787378 0.8892727792263031 2.475519895553589 1.261368095874786
0.4172807037830353 1197.624114900827 5.236201144754887 4.05258908867836 2.670068673789501 34.6477398276329 6.345039620995522 21.18133074045181 75.16463305056095 6.335982389748096 2420.17313233763 46.14218071848154 3959.046342514455 20.74766533821821 4.832937464118004 6.643931731581688 7.808028377592564 17.15709589421749 4.567931778728962 13.96587388962507 2.916169248521328 256.741710588336 9.262660697102547 63.19227287173271 5136.965296410024 346.5419732555747 3157.540699779987 3.954736433923244 34.48306690901518 1.906989134848118 612.0574448630214 31.83613841235638 0.6008757948875427 694.1672474741936 30.90950029343367 1424.700864508748 5993.510704480112 2911.633088931441 509.7969267070293 111.5898482650518 137.2802258133888 627.1865236535668 33.63412237912416 0 21.77626381069422 0 0 0 0.4203183948993683 0 0 1.817089930176735 0.1601515561342239 1128.419939465821 0.2085624858736992 2228.665865123272 0.3547453582286835 0 1.73996564000845 0 10.47637536376715 0.6629417538642883 0 0 1.690680474042892 0 2.532490484416485 677.4160239398479 135.4517693892121 449.6963427141309 0 0.2313991338014603 0 326.5388657227159 0.2402389794588089 0 2.560471318662167 3.531550824642181 563.5141906440258 869.8900022879243 116.5739008486271 9.439811646938324 8.912076443433762 8.13488706946373 633.2715504914522 0.362671971321106
5040.292552962899 2.128599643707275 1774.80222851783 109.3697675317526 7.148856922984123 521.577906049788 11169.55674230307 7135.500979371369 148.2095772847533 1251.569102182984 255.9957178235054 494.9553933516145 20.74766533821821 17175.52437932789 21.87789381295443 12.91035411506891 1263.427600741386 143.9621727839112 641.2201192602515 600.94094093889 409.439904242754 20.14961043745279 321.6729026809335 548.4192267283797 2.669036336243153 1128.729543358088 157.2973319813609 834.3650412932038 8240.414598241448 2774.947360448539 8.750253669917583 681.7557884678245 14.01189301908016 723.3938935548067 2.44037838280201 252.0067375972867 27.71764212846756 706.226400397718 38.16148044168949 145.172433488071 49.28741502761841 2.2180140838027 12.61524805426598 0.6973516121506691 0.487360954284668 1.927383624017239 4.802318602800369 0 1.575311876833439 13.9251007437706 0.9277007877826691 22.10723970830441 6.618449114263058 0.6382686272263527 6.657356701791286 0.3000335767865181 7.693146511912346 0.5018806979060173 17.14786741137505 0.6831154823303223 0 0.2302598431706429 8.140431337058544 10.39033822715282 7.936224721372128 4.45645547658205 50.61696539074183 0.1032039374113083 6.606694020330906 20.04514956474304 46.41306441277266 6.760510429739952 18.88181473314762 0.1913200542330742 0.0808403417468071 1.040012396872044 6.370687067508698 1.082151144742966 33.67557407170534 3.465473882853985 14.65340553969145 5.186910919845104 6.784599147737026 0.4730311706662178 0 0.113151915371418
1.254987329244614 16.45161497592926 0.153424471616745 137.2816798835993 1105.383744850755 3009.019983977079 43.71535862982273 148.793381921947 1090.734944581985 8.727702952921391 8.642458468675613 1483.514606751502 4.832937464118004 21.87789381295443 551.9396715909243 0.4382148385047913 0.2884985059499741 0.476828508079052 0.4416772127151489 67.36225850135088 0.1498162150382996 118.7485161721706 0 647.8952266797423 11.48419068008661 2.637893691658974 39.18794877082109 76.7817594781518 285.5095603689551 1.210058182477951 0.4193399995565414 440.156971052289 0.5894447639584541 29.33573958277702 0 293.6904331296682 1.392002269625664 20.27849399298429 3.352917894721031 2354.494350910187 97.50326196104288 0.1133467629551888 1.583101436495781 0 0.2225066125392914 0.409902460873127 18.50278098881245 0.3605712354183197 0.5197679847478867 1.950112715363503 0.2175165861845016 9.750885263085365 6.579327821731567 0 20.92994968593121 0.3662084415555 2.507478341460228 10.29709739983082 3.370980948209763 0.1124299764633179 0 0 25.97147798538208 1.804265134036541 9.278206780552864 0.5278078019618988 39.42409104853868 0.1136154755949974 0.1098593547940254 0.4121079593896866 19.86053889989853 0 0.8881110548973083 0.2478603348135948 0 0 0.1178531348705292 0 77.85703940689564 0 1.71928146481514 0 66.38241437077522 1.124633312225342 0 0
3.772478021681309 108.6202361211181 8.214900217950344 0.2290970087051392 0 1.329739704728127 86.80983082205057 8.124911956489086 86.91947665065527 1.013485379517078 4.045811042189598 0.6235614866018295 6.643931731581688 12.91035411506891 0.4382148385047913 6051.716611862183 30.48195212334394 0.3971493989229202 1.830175846815109 0.533368207514286 6032.224291361868 4332.678042054176 5861.65377086401 1714.809688545763 17.55151998996735 6.754748232662678 3715.0497552827 2065.977601118386 44.16643895208836 472.2915780544281 0.2450083568692207 0.2543547078967094 15.78136589378119 45.85435602068901 41.2593948841095 3710.550878144801 789.287326797843 416.4519236981869 802.6108634620905 120.5833348706365 6.04671248793602 2.065348692238331 21.52595074474812 2.192488722503185 2.987930722534657 42.10081682354212 0 0 0.5747997611761093 22.68690075725317 0.4711120501160622 11.26117460429668 0 0.1571788787841797 0 0.5832806602120399 6.84026362746954 0.3126920163631439 2486.61023209244 21.53170249611139 0.2132975161075592 1.733360312879086 0.835528552532196 620.7684320509434 1333.921496614814 1530.177891105413 142.8470195382833 0.2601077631115913 6.997511155903339 548.5505883768201 104.1516137495637 22.29493980109692 180.4176251068711 0.09044694155454636 0 3.034702964127064 9.876768469810486 3.255744777619839 249.6341116055846 16.98161660134792 46.58416795730591 42.98012743145227 18.87924125790596 1.503935098648071 0.4641072154045105 1.497856818139553
447.7924136668444 22.26700559258461 1364.795809879899 0.7411701679229736 0.7839239537715912 31.27845244854689 56.15994491428137 570.6499537304044 4.923959761857986 4.732594527304173 905.5585781931877 11.31556088477373 7.808028377592564 1263.427600741386 0.2884985059499741 30.48195212334394 1283.779490306973 287.7875764742494 3788.515071801841 6.720484763383865 2067.140817418694 23.56200883537531 2353.596696615219 23.97773464769125 0 1630.917309217155 3690.520946756005 33.97590713948011 1071.505042001605 2915.234637059271 2.827269405126572 15.00709434598684 89.1908893212676 4587.790481485426 7.44660322368145 607.2040118277073 4239.908697865903 3173.444798648357 566.4724540784955 16.19315605610609 6.985462963581085 14.54471351206303 2.465568423271179 0.2563074380159378 71.10499273240566 256.4258408844471 0 0 0 0.3777279853820801 0.6262060701847076 2.237582743167877 0 0 0.1024293676018715 0.179410994052887 0.802920937538147 0.1395831108093262 29.6790654733777 42.52254164218903 0.4162204265594482 19.44371947646141 0.134028434753418 11.05281550437212 51.79733131080866 27.85183059424162 5.293026775121689 0.4526671022176743 176.5544060766697 956.7299123480916 2.965544804930687 0 4.050921536982059 0 0 0 4.64540733397007 1.189180880784988 41.04860207438469 116.8169625848532 38.0957782715559 9.69638878852129 0.1834907531738281 0 0 0.9619235098361969
30.73136489093304 1.641500294208527 48.64390317350626 1.235928148031235 1.91228336840868 29.68612698465586 12.78890412300825 106.7352084517479 0.7065995186567307 7.235191270709038 2647.67151439935 41.87128505110741 17.15709589421749 143.9621727839112 0.476828508079052 0.3971493989229202 287.7875764742494 2562.793026551604 1793.119799770415 14.72672021389008 12.78426783531904 0.3143396452069283 18.0329947322607 2.899373233318329 0.6683512181043625 3006.720825381577 708.6735335066915 10.41786394268274 123.8801587931812 17.09056906402111 51.23545627295971 25.55280546844006 13.44320695102215 849.9127756953239 3.390950098633766 545.2587344869971 726.0311433374882 1606.610244639218 550.557218901813 12.51910977810621 12.86986871808767 15.1968799084425 0.9229638502001762 0 1.340427830815315 0.776841476559639 0 0 0 0 0 0 0 14.25292397290468 0.3860106244683266 62.40396571904421 0 0 0.322459451854229 0 2.729332774877548 0.4606447517871857 0 0.1615128070116043 0 0 0.2599664330482483 7.590577989816666 32.85729025304317 63.71522317826748 0.7684181854128838 0 0.1316867023706436 27.93443437665701 0 0 0.122952401638031 2.197240173816681 1.791572742164135 17.76013752818108 0.908926710486412 0.2200670540332794 0 0 0.4206276535987854 0
142.2249578237534 11.2033543586731 226.5580517426133 1.967547453939915 4.044242091476917 52.43864364176989 31.49949206411839 423.675803206861 3.003389425575733 12.96130187064409 1438.008808806539 49.77029707282782 4.567931778728962 641.2201192602515 0.4416772127151489 1.830175846815109 3788.515071801841 1793.119799770415 5604.1316761747 21.77534580975771 58.38329353183508 2.345763973891735 118.1947941333055 10.12592435628176 1.856028258800507 11173.42121726274 1668.966073006392 17.91323333233595 450.0613689944148 109.9529336094856 9.998646795749664 28.87383454293013 47.40292812883854 3284.608783997595 12.1341714784503 986.6827315911651 864.4058450087905 2727.815039269626 872.3891556411982 18.80765709280968 12.25456865876913 5.659524440765381 1.304492563009262 0 17.03273224085569 14.56976864486933 0 0 0 2.351796351373196 0.1731621921062469 0.1065598204731941 0 1.88612512499094 0.2693723812699318 5.422475934028625 0.1363008320331573 0 0.695246048271656 2.634383909404278 0.6264734268188477 6.911706507205963 0 0.5532145127654076 0.9398813992738724 0.2834322974085808 2.667429246008396 1.17973580211401 157.7916527464986 208.0311177745461 0.9478092715144157 0.2966476082801819 0.3097701370716095 2.996690288186073 0 0 0.6653908044099808 0.5294104218482971 7.126195222139359 97.13534355908632 1.944334581494331 1.53971791267395 0 0 0 0
42.25293065607548 0 1.954248636960983 8711.679405368865 8.844844087958336 822.9576908499002 270.3683071658015 341.6044389680028 533.7360103726387 6799.25690818578 67.31905560195446 7866.996365919709 13.96587388962507 600.94094093889 67.36225850135088 0.533368207514286 6.720484763383865 14.72672021389008 21.77534580975771 1604.089988104999 2.06267111748457 0.843146800994873 2.822931855916977 458.3588113710284 4.745212495326996 36.93967793136835 24.76608606427908 3337.997662656009 912.7488319575787 2.35166734457016 4.482907570898533 66.48630836606026 21.48150192201138 225.0637288019061 17.23999679833651 2311.742208071053 50.07949427515268 1094.452203921974 132.4152719601989 662.1600386798382 185.0288355275989 2.421856433153152 61.69910956174135 1.914343930780888 0.23353361338377 1.120314359664917 221.9520339220762 0.9178803861141205 21.73718494176865 68.06519012153149 13.90966387838125 165.9427608847618 174.3227431550622 2.225328892469406 374.1508223041892 0.2172642946243286 50.15106938034296 32.01042819023132 1.400295630097389 0 1.305045574903488 0.2474661991000175 416.3195118308067 1.662409730255604 1.655523374676704 1.225323982536793 590.1468479186296 0 1.086917832493782 3.188435912132263 480.272857837379 40.12182682752609 12.59673263132572 0 1.400217205286026 3.364426627755165 24.60391584783792 2.078281179070473 281.3600250259042 2.046453803777695 77.177356377244 9.693155124783516 222.4587929546833 3.792032897472382 0.3726136386394501 0.8746611475944519
58.96920527517796 7.229329966008663 2282.654208898544 1.452216990292072 0.418813943862915 26.29634647071362 757.4079660326242 495.3000255525112 23.9469967931509 14.84109672158957 33.72467473894358 1.100696578621864 2.916169248521328 409.439904242754 0.1498162150382996 6032.224291361868 2067.140817418694 12.78426783531904 58.38329353183508 2.06267111748457 20346.88029070199 309.1548087745905 18811.77083175629 128.4961043894291 2.023174829781055 146.28403455019 410.8423812538385 4611.995821848512 258.4622234553099 11592.93525278568 0.836100310087204 3.331861451268196 79.18736539781094 3016.720904417336 170.8070588484406 7937.788296766579 617.23763576895 5872.615375749767 3128.794582627714 218.5879439115524 40.14131181687117 1.687249630689621 99.46903571486473 1.848657310009003 0 6.366948917508125 0 0 0 6.612797029316425 0.6908955276012421 4.811617687344551 0.9103990197181702 0 0 0 2.801816709339619 1.21242943406105 734.0213654562831 7.514054544270039 0 0.5284167379140854 0.6801015138626099 336.8420165851712 281.0678914710879 366.1935887560248 64.61557829380035 0 3.523576252162457 38.22929441928864 73.00129266083241 10.67284734547138 132.5577784925699 0 0 2.985871180891991 6.175420358777046 5.580068126320839 121.4988239333034 3.85664638876915 18.25731627643108 9.969345144927502 5.424999475479126 0 0.8356742709875107 0.6799564212560654
6.77079664170742 2786.686448410153 21.80628536641598 0.3472659885883331 4.479228638112545 2.025380238890648 79.51873055845499 14.15220709890127 3566.073067992926 0.573873333632946 92.81590573489666 3.895306222140789 256.741710588336 20.14961043745279 118.7485161721706 4332.678042054176 23.56200883537531 0.3143396452069283 2.345763973891735 0.843146800994873 309.1548087745905 2363.908939436078 810.2010674476624 7090.700264438987 775.0815511867404 17.5349163338542 6504.281768128276 212.2226124629378 77.94647116214037 561.4025352969766 8.634290799498558 1.851930364966393 18.87604925781488 33.75634891539812 9.489971801638603 932.330490835011 89.76671656966209 180.0540266558528 131.6425057202578 290.704964324832 28.08960465341806 39.38714993745089 6.188357070088387 0.7975433543324471 27.8774748891592 57.60929368436337 0.5733218193054199 0.1136834099888802 0 4.462617054581642 0.09286458045244217 12.37123000621796 0 3.140057288110256 0 6.738321803510189 1.306203052401543 0.1081913188099861 1507.561633959413 15.11781905591488 0.6117982193827629 1.388513624668121 0 204.1003346145153 540.4048110693693 736.8681626170874 74.83234872668982 9.681230537593365 21.59188351780176 1209.221965774894 38.82462326437235 2.829520478844643 35.73354911804199 2.037976294755936 0 0.1394798755645752 4.894079856574535 1.682219803333282 98.1259353607893 16.0242777839303 21.58563238382339 28.31513979285955 3.526509113609791 0 0.7583248391747475 0.364096075296402
105.9781526252627 9.51647324860096 11913.69253069162 1.296950623393059 0.4867489784955978 10.73314578086138 302.0692717805505 217.3478417396545 9.742909662425518 4.95131478458643 52.65375995635986 2.411894746124744 9.262660697102547 321.6729026809335 0 5861.65377086401 2353.596696615219 18.0329947322607 118.1947941333055 2.822931855916977 18811.77083175629 810.2010674476624 22193.42075086385 646.1527015566826 1.044349677860737 1485.275360681117 10618.57311031222 2613.977757506073 217.3220649585128 5392.613254942 3.675853058695793 5.627885773777962 30.95733237266541 2893.883949801326 225.4340165629983 11331.66660886258 4250.111760117114 8396.736144661903 7685.698872774839 390.699050731957 33.56936259567738 17.60711659491062 110.8400801643729 0.4855446740984917 4.074191033840179 139.2752888351679 0 0 0 3.030056789517403 0.2757093608379364 3.010837107896805 0.1246001198887825 0 0 0.1369157582521439 1.381572484970093 0.1163903921842575 1879.500655077398 19.47485183924437 0 1.007781773805618 0 228.502242103219 1070.83470107615 1435.730766713619 45.11163998395205 0 5.237673528492451 1795.308189809322 22.24290572851896 2.240696296095848 32.81145512312651 0 0 0.8750568553805351 8.132187768816948 6.757625237107277 180.8665567487478 32.21713142096996 73.6302670314908 63.74977351725101 3.224200136959553 0.1900227218866348 0.833410307765007 1.144355610013008
141.8188092038035 629.0632849484682 19.09315147995949 2339.703346759081 19.09024594724178 386.164642393589 7202.379480235279 568.3529134169221 9726.273918531835 335.1602299958467 42.67063897103071 1419.207785174251 63.19227287173271 548.4192267283797 647.8952266797423 1714.809688545763 23.97773464769125 2.899373233318329 10.12592435628176 458.3588113710284 128.4961043894291 7090.700264438987 646.1527015566826 11390.95934518427 146.8409507349133 16.01526371389627 2248.879300557077 6746.343380749226 1127.241023734212 1346.997038312256 2.411898858845234 21.81075012683868 289.4178724437952 341.6254554241896 74.9165670350194 4464.430062666535 166.9287967383862 1247.405162617564 583.5404612496495 1412.608141049743 93.76160524785519 12.16361570358276 72.9588418379426 29.12745186686516 4.086426138877869 13.69358436018229 196.0603075996041 1.560915157198906 24.02052946388721 298.9739448353648 37.05692336708307 616.9039828404784 146.011045858264 5.329092256724834 337.5406259298325 3.593653567135334 130.4824060946703 35.56757844984531 711.0008980184793 14.39009950309992 1.814555488526821 2.821190416812897 338.0468621775508 417.8594417572021 391.022763043642 155.0015018284321 1521.94935888797 0.9357955679297447 11.92625831067562 55.00070460140705 1106.467870630324 197.9608323052526 565.9804300442338 1.573118485510349 3.214786365628242 27.74496811628342 84.92739709466696 6.94400717318058 915.3312886878848 10.8593127951026 235.7749600559473 87.22661736607552 299.0269154831767 16.19542635977268 3.892003484070301 9.211603298783302
0 1625.162017777562 0.4536551684141159 0 1.109405636787415 3.551718257367611 9.315733499825001 4.790792159736156 142.6759571805596 2.283592738211155 776.6006942242384 26.62248265743256 5136.965296410024 2.669036336243153 11.48419068008661 17.55151998996735 0 0.6683512181043625 1.856028258800507 4.745212495326996 2.023174829781055 775.0815511867404 1.044349677860737 146.8409507349133 818.824060074985 84.81441406905651 5092.03378239274 8.072232827544212 2.195742465555668 3.565421879291534 198.2424761131406 0.6469713598489761 0.09515251219272614 137.4324120655656 8.779486179351807 965.814772374928 672.0651489421725 525.0332812741399 58.9716474711895 200.7942003682256 83.15420380234718 960.6321297511458 19.49999463558197 0.1158376261591911 22.28002785146236 0.1856698244810104 0 0 0 0.5344918370246887 1.10530748218298 4.095314480364323 0.1528331637382507 413.517685495317 0.122773289680481 729.2014943361282 0.8297824859619141 0 1.549326561391354 0 8.687636040151119 4.206660896539688 2.925329208374023 0.3821261674165726 2.66841397434473 0 1.587787874042988 232.970369681716 172.0720743313432 650.3676908165216 2.587202556431293 0.3579326868057251 0.9215248227119446 76.68053574115038 0 0 1.297834202647209 3.264004111289978 971.8243883401155 203.1446624845266 52.29063623398542 6.632413059473038 59.93284195661545 0.5688129216432571 64.82441554963589 2.403680682182312
220.3143427073956 279.7344404384494 6931.606552071869 3.986104927957058 3.816196903586388 120.2761628031731 127.4290387257934 1019.899211168289 8.033118344843388 21.20575744658709 3216.588859051466 91.45314756035805 346.5419732555747 1128.729543358088 2.637893691658974 6.754748232662678 1630.917309217155 3006.720825381577 11173.42121726274 36.93967793136835 146.28403455019 17.5349163338542 1485.275360681117 16.01526371389627 84.81441406905651 34622.30953878909 15177.37482704967 170.7010708600283 352.5256118476391 361.3372207731009 656.2526729181409 63.53784723579884 17.18667034804821 1759.516861230135 38.68383359909058 3785.325175479054 5224.157030247152 5583.044924192131 2089.969017490745 86.0075768083334 30.59888838976622 55.29641423374414 11.31222630292177 0.6956160217523575 324.5243456661701 118.5253310129046 0 0 0.09739544987678528 1.458587661385536 2.326119646430016 4.259486146271229 0 51.218556240201 0.4926203638315201 420.3308654427528 4.448264189064503 0 1.88115768134594 37.09990148991346 55.16922987252474 125.0880443826318 0.8255385756492615 1.628436118364334 12.08984619379044 1.975819230079651 5.763464532792568 112.883734293282 2464.587421260774 3593.902853116393 2.579512879252434 2.157790526747704 2.805684819817543 214.5211182683706 0 0.3947671055793762 5.444771967828274 2.096607223153114 49.16901329904795 1142.589339934289 61.50269049406052 22.49321204423904 0.4308433905243874 0.2622461318969727 2.88607145100832 0
28.37759619951248 8946.080214232206 11882.28407582641 2.5769899263978 4.880273148417473 33.6656943038106 206.0459225028753 103.5153314322233 940.4656900838017 22.89843013137579 885.0026933699846 57.41434576362371 3157.540699779987 157.2973319813609 39.18794877082109 3715.0497552827 3690.520946756005 708.6735335066915 1668.966073006392 24.76608606427908 410.8423812538385 6504.281768128276 10618.57311031222 2248.879300557077 5092.03378239274 15177.37482704967 43192.76921969652 579.5021355748177 135.2373705655336 161.5372318401933 1894.722008906305 30.46779039502144 19.27880594879389 2285.662804953754 156.8656619414687 8642.711842209101 5227.417911045253 10192.00022209436 4788.019828081131 218.065571859479 19.92566582560539 71.00289317965508 35.2675323933363 2.083996951580048 3260.536259390414 2039.029472619295 0 0 0.1059526056051254 8.418116644024849 5.587338745594025 39.88399469107389 0.2751480489969254 175.1122263222933 0.6354642435908318 1181.879828281701 8.877234883606434 1.218995675444603 588.0625965446234 300.1781195476651 140.3875338733196 241.5541544780135 0 19.5010575056076 2072.58514674753 591.6033506318927 129.8151453062892 954.6029816865921 6265.807622373104 19521.68670651317 12.74805260449648 5.758803799748421 12.41523008793592 615.0855986326933 0.4552563354372978 0.577649362385273 58.97007351368666 7.751902624964714 412.5283489227295 1918.660623796284 366.9285990744829 164.8468182086945 7.512979499995708 0.7849919497966766 9.203998096287251 1.26391513645649
126.5857781916857 13.85390672832727 157.5304510369897 4683.032293744385 5.079994544386864 2319.875723585486 25085.74919649959 764.4755966588855 1095.18310302496 9561.56237873435 25.04281815141439 328.9002739489079 3.954736433923244 834.3650412932038 76.7817594781518 2065.977601118386 33.97590713948011 10.41786394268274 17.91323333233595 3337.997662656009 4611.995821848512 212.2226124629378 2613.977757506073 6746.343380749226 8.072232827544212 170.7010708600283 579.5021355748177 14113.57441202551 1127.343181811273 9229.355335183442 2.019484512507915 19.32876587659121 382.7822877690196 751.8407619595528 100.4954127818346 3966.982136256993 99.53127998113632 2165.466328956187 930.6420614793897 323.2188732400537 68.03785660862923 1.462124593555927 68.70911369472742 15.41034881770611 1.368646875023842 4.076960429549217 142.6545613408089 0.7376395761966705 18.45007231086493 217.2547386437654 22.651890181005 298.7268259599805 123.3005528971553 3.322169862687588 258.9319673031569 0.2914971485733986 98.50335238873959 17.56282568722963 258.6553358584642 8.187825202941895 0.6194803640246391 0.6848089471459389 261.4773333221674 172.8952060937881 99.52893767505884 46.00049033015966 994.8780489489436 0.5687854886054993 2.812404178082943 21.92162315547466 743.73142067343 127.5930308550596 329.7648610249162 0.1063372939825058 1.362474866211414 17.40983855724335 56.65697500854731 4.767001569271088 571.4812540709972 4.870668224990368 167.994246147573 54.55940452963114 166.735191732645 12.91251903027296 1.287810869514942 3.105116479098797
