1479.850199781358 3.182907864451408 86.1747785359621 3.166272200644016 0.2016896903514862 4.106782242655754 1833.326751425862 357.6413721069694 17.01152388006449 10.71905385702848 38.40865777432919 1.307074598968029 0.1162755787372589 4857.062518768013 0.1635712832212448 0.5524267554283142 414.4233488962054 14.05464898794889 66.47920649498701 0.6912404671311378 19.23559490591288 0 62.34814992547035 115.3411631584167 0 40.5676991045475 116.566781245172 93.45828907936811 3851.010309390724 2229.891120173037 0.1070098802447319 2.453527756035328 67.42298106849194 174.9266927093267 0.5047008991241455 47.65884207934141 23.25536397844553 66.72902586311102 17.9670749977231 4.501719698309898 0.8490953892469406 0.3244228810071945 0.838222861289978 1.440322384238243 0 1.816916227340698 0.1314045786857605 0 0 10.71748044341803 0.2223741933703423 2.512089274823666 0.3101103603839874 0 0 0 0.8830695301294327 0 1.736336372792721 0 0 0 1.080101639032364 0.6651903092861176 0.5764569640159607 0.696960836648941 22.2269064411521 0 1.923182882368565 8.11769200116396 17.30631250888109 3.868697471916676 12.41614763438702 0 0 0.5919179692864418 0.4802788943052292 0.6900603175163269 6.867897465825081 0.2623265013098717 2.421529047191143 0.3774737417697906 2.280432522296906 0 0 0
3.182907864451408 124.1418835520744 127.9132664948702 0 1.406815432012081 0.7094172090291977 3.605727650225163 4.719931125640869 451.079895965755 1.514715701341629 7.772126562893391 4.855750598013401 700.1289930120111 11.93906638026237 61.55997447669506 211.7561660408974 57.42019163072109 3.280867911875248 13.27975481748581 0.1273261904716492 3.358885914087296 1363.516318231821 18.97647072374821 618.5657826513052 2052.720659680665 310.3696290850639 3071.859694816172 12.96932333707809 15.42462134361267 5.874909274280071 6.47783238440752 0.1615521907806396 0.5120442807674408 121.2370598390698 1.800988391041756 76.53382225334644 86.13843567669392 105.5865130573511 56.12185541540384 33.05754578113556 0 175.8049936592579 0 0.2999822646379471 34.77064409852028 96.53985308855772 0 0 0.6049593091011047 1.169185921549797 0.2914578020572662 1.191292569041252 0 3.962392717599869 0.3823645710945129 14.78485472500324 0.1506157964468002 0.2825220972299576 29.44715679436922 30.27172923833132 2.349826797842979 11.75114480406046 0 2.482448101043701 17.11196867376566 33.3642450645566 10.96820189803839 89.41270137578249 163.6795321181417 2085.453944422305 7.46652689576149 0.2467615827918053 0.5594116151332855 7.22745855897665 0 0 15.02260123193264 0.3660166561603546 37.67874466627836 29.57154847681522 36.23126178234816 22.06859762966633 3.101427212357521 0 4.182711645960808 0.2193378657102585
86.1747785359621 127.9132664948702 4187.589357785881 3.989785641431808 0.1367475241422653 259.3192532584071 1429.381244398654 677.820783957839 0.7285112738609314 332.9585168138146 5.320876061916351 1.67101889103651 0 710.8466494902968 0.3292621225118637 12.48340483754873 4193.514927983284 8.81025218218565 173.4284482896328 0.2906305864453316 860.0355905890465 87.57975867390633 8513.479856722057 21.02391795814037 0.1723722964525223 2016.03658619523 5998.28592889756 106.4871325567365 71.41014472395182 239.4754962995648 0.09340473264455795 1.092115491628647 3.545559026300907 515.8645761087537 14.69437762349844 1829.101279072464 4165.602195605636 1913.794978633523 957.4244430810213 89.94663229584694 4.878474302589893 13.64634390175343 8.280407041311264 0.6117824018001556 71.7629053145647 910.1941798552871 0.9581785202026367 0 0 10.90962535887957 1.431633502244949 1.3194280564785 0 0 0 1.121451452374458 1.20160623639822 0.1406103670597076 40.86613230407238 170.1050388365984 2.29870168864727 29.15938021242619 0 6.163837410509586 10.54786100238562 306.3410027176142 20.95909170806408 20.62960539758205 290.4234814718366 2664.244797959924 27.99452710151672 1.029834508895874 3.764160864055157 0.6061723381280899 0 0.1446094512939453 87.33908770978451 8.054006144404411 214.8562357798219 94.72520756721497 220.6448020264506 113.9336082041264 7.042598024010658 0 1.012472867965698 1.818158015608788
3.166272200644016 0 3.989785641431808 3034.072703391314 1.610272690653801 85.15612023323774 448.1326053664088 126.1258542686701 883.2392244935036 3259.307637877762 12.99911773949862 3689.696876965463 0.6809662953019142 96.48998502641916 25.4152867347002 0.2420903891324997 0.6542224809527397 4.152003034949303 4.528098464012146 4765.882069155574 0.1928365975618362 0 3.15628819167614 1779.391356103122 0 7.911774285137653 2.283810965716839 3696.690261393785 160.0559975206852 0.2347452715039253 0.5186530277132988 5.196616441011429 10.23051953315735 149.5815336033702 6.012792259454727 964.1841143369675 10.93610299378633 245.0750084370375 119.6194653213024 536.2204229533672 31.66607535630465 0.8136770278215408 8.477422997355461 0.8018072992563248 0 0 457.6485742777586 0 1.186557427048683 60.71243333816528 1.352021515369415 51.19639149308205 151.3257352560759 0 255.0976630598307 0 2.423591256141663 0.6728227436542511 0 0 0 0.1077564358711243 211.3282457515597 0.7435919046401978 0 0.6859226375818253 517.0334618017077 0 0.1187383830547333 0.9000868797302246 339.4790511354804 5.476413756608963 3.373200803995132 0 0 0.2267899811267853 2.195570141077042 1.387454986572266 158.1308048516512 1.109156489372253 9.576755315065384 3.199967086315155 134.1656330525875 2.801891803741455 0 0
0.2016896903514862 1.406815432012081 0.1367475241422653 1.610272690653801 9.060659617185593 183.241618424654 2.937417827546597 43.3835607022047 43.70255327224731 4.348251886665821 5.786078423261642 50.04786992073059 0.1231170818209648 1.71715272963047 696.1793348938227 0.2946528494358063 0.2141654193401337 0.8976820781826973 2.270904660224915 4.622337765991688 0 3.696531355381012 0 5.871478728950024 0.7954913675785065 0.8349169343709946 5.652281068265438 1.370286464691162 172.4392762929201 0 0.1053508296608925 412.5591774135828 0 104.0606653094292 0.6633378565311432 18.50372415781021 2.009702652692795 83.65013551712036 36.13251224160194 1016.746535688639 63.67615975439548 12.55636535584927 10.12732282280922 0.1120054945349693 0 0 0 0 0 0.6527361869812012 0.2003649026155472 0 0 0.1899286806583405 0.6368129104375839 0 0 0 0 0 0 0 0 0.1611094027757645 0 0 0.4446575045585632 0 0.118282325565815 0 0.4300462454557419 0 0 0 0 0 0 0 0.1959894299507141 0.2557805180549622 0.6785605847835541 0.7625331431627274 0 0 1.665357679128647 0
4.106782242655754 0.7094172090291977 259.3192532584071 85.15612023323774 183.241618424654 10603.44141607732 2191.858779281378 5532.873276859522 133.0264336541295 5797.008046105504 53.33134118467569 5118.22403588891 4.138993047177792 854.9636564478278 1570.050493180752 3.791097737848759 97.57247517257929 17.70893447101116 16.52978690713644 400.5540212765336 16.83288181573153 2.133967228233814 108.5732913166285 143.9449680000544 5.433942601084709 92.97179592400789 43.28531375527382 332.6282455474138 576.2466499060392 77.45421649515629 1.655745409429073 340.0676953941584 4.901686258614063 907.8308535516262 11.18508088588715 373.0927019119263 28.44943490624428 474.2064725384116 261.5976062864065 1851.877127669752 957.5505718514323 100.6201689094305 50.99420948326588 0.348223477602005 0 2.212662756443024 17.49354086816311 0 0.7445295751094818 43.19804006069899 2.715228781104088 3.364430032670498 10.69386120140553 2.66992461681366 12.92825432121754 0 0.2816357910633087 0 0.5761253237724304 0 0.1311679929494858 0 5.14467091858387 0.4099995121359825 0 5.59428471326828 101.6993069350719 0 1.00994698703289 11.15456561744213 55.95451051741838 3.468862026929855 9.872815497219563 0 0.4130273684859276 0.4350609928369522 0.1458294242620468 1.101838737726212 20.28541804105043 4.004736602306366 20.82786845415831 10.79207576066256 9.07064725458622 4.367633059620857 20.53967678546906 0
1833.326751425862 3.605727650225163 1429.381244398654 448.1326053664088 2.937417827546597 2191.858779281378 12971.73492453992 2780.219497606158 543.5973997190595 9266.074204519391 35.74554941058159 167.3404355719686 2.657510161399841 7944.854174867272 23.2441019192338 210.8408537507057 426.6949960589409 21.24729606509209 41.90142350643873 81.69966639578342 1018.651135511696 6.570883467793465 2324.69939289242 2229.066204458475 1.745017841458321 461.5749206244946 985.2383759915829 15664.47695855796 2558.467193990946 4696.461527310312 1.54749022424221 17.05893282592297 256.895901016891 825.7471833750606 46.29097099602222 2151.291863672435 139.769160605967 1356.706810735166 771.6607161834836 501.7439778149128 109.8675557747483 3.053049020469189 36.55766946822405 27.78896610438824 1.465526469051838 19.8184312209487 178.5434576496482 0 3.752601966261864 716.856607221067 15.96243105828762 107.9681291729212 73.11308758705854 0.6707625016570091 5.424172572791576 0 34.6251934170723 0.4829439520835876 20.09096120297909 2.844809457659721 0.3852750286459923 3.238709084689617 53.72635400295258 21.24158910661936 5.672892346978188 59.06211289018393 1553.629577502608 0.7804940566420555 9.839622676372528 93.87463258951902 953.7021219134331 124.8482849374413 278.2456189766526 0 0.772773765027523 12.37710275501013 25.16476560384035 7.04159688949585 353.4339571371675 12.58622815459967 105.1129793226719 42.54474902153015 211.7991611212492 10.07721108198166 0.7919840291142464 2.274997606873512
357.6413721069694 4.719931125640869 677.820783957839 126.1258542686701 43.3835607022047 5532.873276859522 2780.219497606158 7136.335706472397 47.73418481647968 3860.124567270279 156.4402980953455 1474.065508052707 5.285177834331989 5246.279943749309 422.6249890401959 3.489708572626114 835.0611921101809 45.98579021543264 115.3157321587205 652.1697646379471 56.7377559915185 1.078738905489445 273.1395516917109 233.1744332835078 2.125080354511738 255.4644499570131 226.2987064942718 332.7952189594507 1192.843790858984 1142.010661736131 2.957352086901665 117.8947382047772 9.803196907043457 1304.725157417357 13.46598011255264 407.2872373685241 60.10826667398214 674.0553083568811 266.721346758306 832.2787071466446 569.6609566956758 104.6440165415406 47.95941590517759 0.856926865875721 0 6.388915069401264 11.04584719240665 0 0.3571130186319351 35.49893163144588 2.811338663101196 5.740732915699482 5.074434123933315 4.34271602332592 10.98515135794878 0 1.952073700726032 0 1.957248359918594 0.9881292283535004 0 0.09119182825088501 2.395884402096272 0.6651132926344872 0.1188106387853622 6.937108181416988 81.0816917642951 0.1341214776039124 3.638582922518253 28.79473499208689 44.97579442709684 9.16933998465538 20.63580315560102 0 0.2075318098068237 0.3167302832007408 1.603397846221924 1.557242065668106 23.60244780033827 5.137134149670601 23.1824754178524 12.1580274105072 7.865078277885914 4.126178756356239 16.33670751750469 0
17.01152388006449 451.079895965755 0.7285112738609314 883.2392244935036 43.70255327224731 133.0264336541295 543.5973997190595 47.73418481647968 478.6965872570872 261.4713842198253 1.787361837923527 385.0067957490683 68.05849902331829 54.71129388362169 1725.587764829397 49.31254447996616 2.541483037173748 1.305074565112591 1.430170029401779 524.2071832865477 36.71040303260088 1845.142823904753 6.099076874554157 8094.846410736442 200.0071688368917 13.55678186565638 958.2258997634053 1522.362647004426 134.943735525012 156.0557228028774 1.513336941599846 7.164331816136837 23.61200571060181 36.4162283539772 8.580833405256271 201.0621696189046 16.98854318261147 54.85954797267914 39.64380872994661 689.0757615566254 3.2023541405797 3.087395660579205 0.8411287367343903 20.03646466135979 2.020624458789825 3.717593006789684 414.1408178731799 0 1.424490049481392 222.1625067666173 12.4024558737874 42.32222059369087 93.09051256626844 0.215682253241539 42.5191979855299 1.083931997418404 28.82376863062382 4.730205997824669 136.3057726994157 1.606537193059921 0.1865758001804352 1.255116023123264 148.4932977557182 73.80931109189987 42.98908284306526 14.14374896883965 1695.07125480473 0.652257964015007 1.869897522032261 21.35167162120342 591.0899309590459 137.2585519254208 292.0541419163346 0.787090852856636 0.4586534276604652 9.20241092145443 18.64309003204107 5.041166484355927 158.7641291469336 10.97648046910763 49.53173324465752 23.41396208107471 41.97490426898003 4.072378411889076 0.4567639380693436 0.7198288813233376
10.71905385702848 1.514715701341629 332.9585168138146 3259.307637877762 4.348251886665821 5797.008046105504 9266.074204519391 3860.124567270279 261.4713842198253 23374.22094586492 121.589199706912 6908.258148021996 6.719029232859612 1469.75544270128 13.09129726886749 15.93923322856426 79.82699877023697 51.91838121414185 45.33304569870234 2412.017654247582 46.24341771006584 0.3474287465214729 268.9811303392053 271.4198855087161 0 171.2189845070243 99.90143527090549 2392.595845445991 1052.197125740349 45.89385467767715 4.899607665836811 49.19911677390337 25.81231174618006 1077.832686431706 17.51955981552601 2030.93480040133 50.64522219449282 1563.386995851994 511.6988770142198 747.5741119533777 186.5826039612293 12.72750875353813 37.5012255012989 1.244843356311321 0.6297295689582825 4.200211852788925 346.6221781298518 0 0.6674817502498627 117.0400598719716 1.869880117475986 39.67983446270227 122.9939639419317 0.7418013513088226 34.23693703114986 0.1527066975831985 1.803342573344707 0.2255012094974518 2.087727159261703 0.3181639313697815 0 0.2262223437428474 150.1055024340749 0.2998454868793488 0.1585659831762314 16.84105633944273 562.4131841510534 0 1.487758509814739 20.49763339757919 352.7976355478168 4.602196015417576 12.11035741120577 0.08499021828174591 0 0.7110094875097275 1.611484214663506 2.143798962235451 143.4935117065907 1.67627065628767 14.74773497134447 3.369160510599613 114.4712772518396 3.721331506967545 2.349391877651215 0
38.40865777432919 7.772126562893391 5.320876061916351 12.99911773949862 5.786078423261642 53.33134118467569 35.74554941058159 156.4402980953455 1.787361837923527 121.589199706912 4663.252669349313 118.382046982646 536.8490472361445 214.0199015587568 4.612623244524002 0.4271750226616859 149.0736051574349 2442.328478850424 1166.107913315296 64.36656574159861 23.13276098668575 2.676063902676105 30.87997528910637 10.71333237737417 156.3873179778457 1078.292481802404 227.825439594686 17.28432527929544 454.9823458343744 75.68110873550177 210.0957774072886 134.4824993610382 17.16378638893366 7091.840736031532 17.55692373216152 773.624731592834 2378.089336685836 5609.753072366118 1321.244843810797 121.1655101254582 34.95744942873716 551.4992811009288 7.654008343815804 0 2.183164171874523 0.3226880580186844 1.028603576123714 0 0 1.044616043567657 0 0 0.3745447099208832 630.9080122932792 1.332694381475449 690.4279968887568 0.2763180732727051 0 0 0 9.044058546423912 2.412160038948059 0.8269803822040558 0.1046519353985786 0 0.2003910839557648 6.190740026533604 18.32970600575209 50.50345939397812 47.85026432573795 1.522727265954018 0.3492425233125687 1.102786630392075 69.37966031581163 0 0.1478612422943115 4.651003062725067 3.02184884250164 21.14792540669441 413.1787252426147 56.68144860863686 7.557329475879669 0.4956000745296478 0.8713197708129883 312.5290668904781 0
1.307074598968029 4.855750598013401 1.67101889103651 3689.696876965463 50.04786992073059 5118.22403588891 167.3404355719686 1474.065508052707 385.0067957490683 6908.258148021996 118.382046982646 8619.919032178819 7.617352813482285 456.0583178550005 1225.473255187273 0.3334356695413589 2.153040669858456 45.20533256977797 31.67171606421471 4768.047356262803 0.3312810510396957 22.03354592621326 2.191813871264458 371.3007841333747 1.388942934572697 36.70803564786911 30.21408684551716 531.1617594137788 411.680764220655 0.812297523021698 4.278348602354527 62.7897327542305 0.6168275028467178 842.1536866426468 1.316550850868225 546.7358072251081 11.98218842595816 646.105738915503 111.084272749722 3307.778472691774 92.22200131416321 14.32538560777903 7.002750657498837 0 0.1746034920215607 0 94.34758497774601 0 6.524785980582237 10.8021102398634 2.855078600347042 9.37239596247673 26.45429469645023 0.5871678292751312 242.5088395476341 0 0.3881707191467285 6.269232288002968 0.2370666861534119 0 0 0.1599055379629135 53.54423399269581 0.1779490411281586 0.6477700769901276 0 73.82762259244919 0.4525789022445679 0.2357868254184723 0.8644161820411682 45.90633807331324 0.6648939698934555 1.391918838024139 0 0 0 1.354461491107941 0 47.77171973884106 0.3148413449525833 5.442151941359043 1.126055605709553 58.28309984505177 0.4914004877209663 1.313311114907265 0.2143637835979462
0.1162755787372589 700.1289930120111 0 0.6809662953019142 0.1231170818209648 4.138993047177792 2.657510161399841 5.285177834331989 68.05849902331829 6.719029232859612 536.8490472361445 7.617352813482285 1330.425262376666 2.648613959550858 10.11045161634684 2.588125169277191 1.831551440060139 69.8198297470808 16.36964575946331 3.232014283537865 0.5238609910011292 169.429169178009 1.668344847857952 57.43459381908178 3294.566683121026 254.6392608880997 6095.902863524854 1.671378090977669 3.12065364420414 0.6095272377133369 138.7768143415451 2.675305217504501 0 1403.025184623897 9.322747439146042 254.7710051834583 2594.023639962077 1895.348725616932 317.9329181537032 19.61201087385416 21.63494718819857 1403.249954245985 8.264598205685616 0 13.42802469432354 1.259091146290302 0 0 0 0.1533497422933578 0.4483208954334259 0.5830549746751785 0.1093990430235863 1184.520269043744 0.142997071146965 1837.530673995614 0.1420800685882568 0 0.2427015826106071 0.1347892880439758 25.32263538986444 4.779334120452404 0 0 1.182432472705841 1.011381097137928 0.633280985057354 186.0561024621129 240.6512250751257 478.8299074694514 0.26535564661026 0 0 351.188239954412 0 0 1.49262435734272 0.7633942812681198 10.41915838420391 649.8657359033823 70.04706546664238 9.040801331400871 0 0 669.4865633621812 0
4857.062518768013 11.93906638026237 710.8466494902968 96.48998502641916 1.71715272963047 854.9636564478278 7944.854174867272 5246.279943749309 54.71129388362169 1469.75544270128 214.0199015587568 456.0583178550005 2.648613959550858 7938.917747855186 17.69883544743061 4.509228155016899 1422.580342829227 83.8924722969532 221.9771323278546 253.0793149918318 88.64216356724501 1.864461928606033 328.1594281941652 370.9887161627412 0.136789858341217 271.8540076464415 417.7524732723832 421.9170074537396 6382.545661903918 3162.85931045562 3.688263900578022 134.6680683419108 30.69735361635685 1239.731104053557 1.462710976600647 154.1999298706651 82.79553105682135 465.4253730475903 68.5020270422101 238.9088499993086 42.56258813291788 6.835722371935844 4.795716233551502 1.892752826213837 0.9533248618245125 9.85947809368372 4.671976760029793 0 0.3060184121131897 30.97337752580643 1.247733607888222 7.481198079884052 2.428955122828484 0.7760095745325089 5.005970604717731 0.396907851099968 2.624161444604397 0.2014758437871933 2.265550680458546 1.336407370865345 0.1118667796254158 0.4808697253465652 0.7182208597660065 3.512221701443195 0.6269871741533279 7.445833705365658 82.23231247067451 0 11.01343955844641 38.19848997145891 50.28954283893108 13.2221549525857 26.85405892878771 0.1980794370174408 0 1.474415957927704 2.187428429722786 0 30.20163006335497 1.632664605975151 12.39046278595924 5.442160032689571 6.818958595395088 1.341311752796173 1.58631594479084 0.2599155902862549
0.1635712832212448 61.55997447669506 0.3292621225118637 25.4152867347002 696.1793348938227 1570.050493180752 23.2441019192338 422.6249890401959 1725.587764829397 13.09129726886749 4.612623244524002 1225.473255187273 10.11045161634684 17.69883544743061 331.9775538295507 7.905095562338829 0.1079919934272766 0.9815158173441887 0.4544048681855202 96.44883842766285 0.1691424250602722 227.7030437067151 0.5407911539077759 736.1360071524978 35.94792849570513 5.116599611938 240.5344551354647 54.29709514975548 16.30318579822779 0 0.4292028695344925 659.9725575000048 0 47.76649107038975 0 78.80565495789051 2.209907576441765 14.00283811241388 5.77582111954689 1301.060350090265 65.51993454992771 1.94316578656435 0.5805856287479401 0 0.9512800127267838 0.4273480698466301 1.200525015592575 0 0 0.5920168161392212 0 1.819729119539261 0.964930385351181 0 4.438643738627434 0 0 0 3.375974267721176 0.4920312911272049 0 0 1.673238068819046 1.332116737961769 1.663371756672859 0.4854187220335007 8.937032967805862 0.1473359614610672 0.14748315513134 4.691592387855053 2.482855692505836 1.398889616131783 4.751355469226837 0 0 0.4397628903388977 0.5231635123491287 0 2.224947735667229 0.6594302654266357 1.208266548812389 0.4942397773265839 9.30263876914978 0.1892987042665482 1.309544011950493 0
0.5524267554283142 211.7561660408974 12.48340483754873 0.2420903891324997 0.2946528494358063 3.791097737848759 210.8408537507057 3.489708572626114 49.31254447996616 15.93923322856426 0.4271750226616859 0.3334356695413589 2.588125169277191 4.509228155016899 7.905095562338829 4119.867358796299 11.69091102480888 0.5037230253219604 0.8892581164836884 0 3978.372648768127 1704.435354337096 4102.341142959893 3516.745699830353 12.97272268682718 8.160841427743435 2598.129507824779 1766.512022361159 15.08721517771482 340.1327864304185 0 0 3.810889631509781 82.81735967099667 16.65671644359827 2331.661431767046 757.4284108951688 497.2334456592798 696.2734868600965 108.8661102801561 2.380596056580544 4.753012597560883 13.80492483824492 2.336743630468845 2.355208203196526 22.29981455206871 0 0 0.128002405166626 17.40670525282621 1.998322002589703 3.935895532369614 0 1.215507499873638 0 0 3.69182463735342 0.2584968879818916 4171.748329497874 6.221522860229015 0.3387719690799713 3.922252811491489 0 1222.354297153652 480.541932195425 2569.665932737291 153.9800930321217 0.1257249712944031 9.978908382356167 627.6419348940253 100.8221240565181 30.80996377021074 195.0433197692037 0.2665133327245712 0.08293634653091431 2.475361399352551 23.27324663847685 7.732531651854515 318.4690752625465 33.74421747773886 96.73952930420637 66.98546563833952 15.08074925839901 0.4789164066314697 1.639469146728516 1.494453132152557
414.4233488962054 57.42019163072109 4193.514927983284 0.6542224809527397 0.2141654193401337 97.57247517257929 426.6949960589409 835.0611921101809 2.541483037173748 79.82699877023697 149.0736051574349 2.153040669858456 1.831551440060139 1422.580342829227 0.1079919934272766 11.69091102480888 1274.951888434589 100.0159031674266 2316.471502356231 1.558432511985302 542.4975664541125 3.857167214155197 5907.249799974263 31.93683829158545 0.7059858813881874 1332.235049709678 4366.318672135472 73.98932623118162 786.5918206498027 1537.547820337117 0.3588587865233421 4.016084663569927 30.03587904572487 1958.768847629428 6.168668821454048 783.2082045674324 4633.689127095044 2400.469614937901 693.5657777041197 29.81633681058884 2.524873964488506 20.32620212435722 2.617455080151558 0.7835718765854836 13.379260212183 88.05610872805119 0 0 0 2.117585256695747 0 1.797191776335239 0.1374839693307877 0.4300223290920258 0 0.1910864561796188 0.221998319029808 0.4748718738555908 8.827878765761852 31.39937979727983 0.4058849737048149 15.19783512502909 0 4.922960534691811 2.380196630954742 19.37324444204569 10.73778969049454 2.687806822359562 148.9066727161407 451.0251793563366 7.635564140975475 1.584410227835178 4.00655671954155 0.2454780861735344 0 0.221161387860775 9.194200947880745 2.377286374568939 35.10907329618931 17.61956701427698 37.91947642713785 13.92497749626637 1.971948608756065 0.4572995603084564 0 0.852542519569397
14.05464898794889 3.280867911875248 8.81025218218565 4.152003034949303 0.8976820781826973 17.70893447101116 21.24729606509209 45.98579021543264 1.305074565112591 51.91838121414185 2442.328478850424 45.20533256977797 69.8198297470808 83.8924722969532 0.9815158173441887 0.5037230253219604 100.0159031674266 589.8204149454832 615.5213075429201 25.37110255658627 5.957864284515381 1.150647267699242 16.23545949906111 4.04453582316637 6.604867160320282 5330.578794293106 1182.634629048407 6.78109035640955 122.3893509656191 21.05438401550055 68.12960686534643 40.06311991065741 4.40052854269743 1152.711724638939 3.440754264593124 441.8158389627934 730.79570684582 1277.329191461205 506.2016448155046 34.15060536563396 1.704624839127064 14.52223243564367 1.82292915135622 0 0.3869204670190811 0 0.1371666491031647 0 0 0.4313198924064636 0 0.0974825844168663 0 9.503504678606987 0.2769885361194611 18.9796889424324 0 0 0.1482826471328735 0 5.546816565096378 3.655660539865494 0 0 0.1369516849517822 0.1291552782058716 2.253101274371147 5.742697447538376 47.98872786015272 51.40507816523314 0.596391424536705 0 0.1749580726027489 13.5746748521924 0 0 0.4636499136686325 0.1662255525588989 7.891048587858677 7.247201338410378 1.502625674009323 2.303452461957932 0.1460841298103333 0 0 0
66.47920649498701 13.27975481748581 173.4284482896328 4.528098464012146 2.270904660224915 16.52978690713644 41.90142350643873 115.3157321587205 1.430170029401779 45.33304569870234 1166.107913315296 31.67171606421471 16.36964575946331 221.9771323278546 0.4544048681855202 0.8892581164836884 2316.471502356231 615.5213075429201 1771.605551332235 19.7597933486104 34.21173306554556 1.871111512184143 242.5014430508018 8.732159428298473 4.556602798402309 3897.193345725536 1934.861844345927 10.59351011365652 373.1530578732491 122.4999393075705 3.136764355003834 32.5291925445199 17.2198763936758 3688.039553448558 9.178191490471363 1296.537748999894 1775.908859886229 3277.492170676589 1289.542780928314 44.03161622583866 2.325964197516441 24.41944658011198 4.02893590182066 0.2752223908901215 7.501410946249962 4.251533567905426 0 0 0 0.176877960562706 0 0.4908491000533104 0 2.389823280274868 0.7446981444954872 6.744708552956581 0 0 1.836820937693119 5.908100910484791 9.468403160572052 29.70607541501522 0 0.1598160415887833 1.785634979605675 1.619534641504288 4.586831085383892 11.1685643941164 267.0001094192266 439.3188312649727 1.964975193142891 0.1076123863458633 0.8144595772027969 10.64875127375126 0 0 0.6864444613456726 0.6234320551156998 18.11943523585796 8.380779974162579 6.566783979535103 5.867573633790016 0.34071284532547 0 0 0
0.6912404671311378 0.1273261904716492 0.2906305864453316 4765.882069155574 4.622337765991688 400.5540212765336 81.69966639578342 652.1697646379471 524.2071832865477 2412.017654247582 64.36656574159861 4768.047356262803 3.232014283537865 253.0793149918318 96.44883842766285 0 1.558432511985302 25.37110255658627 19.7597933486104 1106.297005362809 0.4879601001739502 0 0.2836057841777802 537.3241788968444 2.504309415817261 22.05529735982418 8.390025176107883 1503.565368145704 328.3909676373005 0.6197439283132553 3.705300405621529 27.51470088213682 3.347710303962231 491.3543220981956 4.343212127685547 1004.040805339813 9.852430135011673 613.7384480163455 163.6439623981714 1474.777523361146 68.05959845334291 5.707078769803047 10.25675647705793 0.3603123426437378 0 0 308.0045990943909 0.6937711238861084 0.8417706787586212 53.06741510331631 1.64602954685688 29.38020299375057 115.423558101058 0 95.97703827172518 2.153174161911011 0.7711579501628876 0.5477039217948914 1.492329120635986 0 0 0.4828381240367889 157.7568253725767 0 0 1.00898751616478 371.5967365428805 0 0.3217888623476028 0.3034960404038429 245.91066917032 2.447690069675446 2.475344151258469 0 0 0.1145803928375244 0.4971072673797607 1.844726860523224 134.3369220942259 0.6539904922246933 7.351834632456303 1.208262421190739 132.2723823338747 1.985229544341564 0.5013363882899284 0
19.23559490591288 3.358885914087296 860.0355905890465 0.1928365975618362 0 16.83288181573153 1018.651135511696 56.7377559915185 36.71040303260088 46.24341771006584 23.13276098668575 0.3312810510396957 0.5238609910011292 88.64216356724501 0.1691424250602722 3978.372648768127 542.4975664541125 5.957864284515381 34.21173306554556 0.4879601001739502 14777.77605898678 251.7873192280531 12377.33554600924 551.8638872131705 0.8321418538689613 115.2000795155764 822.7914768531919 3516.021934330463 114.1560309976339 13337.89031608403 0.1925573572516441 0.2200653254985809 39.69043338298798 3836.839736253023 90.18548503518105 8242.730795256793 1390.948067545891 6592.559917323291 3545.387769527733 450.3799214884639 8.61025969684124 9.812886491417885 65.87279246747494 5.754246458411217 1.37094958126545 6.987278699874878 0.3953979909420013 0 0 14.56497924774885 0.6872984915971756 7.106306031346321 0 1.339613854885101 0.1931542456150055 0 3.665092967450619 1.377664752304554 767.8816424757242 5.605871558189392 0.6241559311747551 3.868181087076664 0 860.6036963313818 118.0517775565386 244.512973472476 156.499106682837 0.1493464261293411 4.082324400544167 54.43928587436676 122.6354267671704 51.35028021782637 272.7018657326698 0 0.1240294873714447 4.994907632470131 25.67159120738506 13.86876907944679 307.1665828078985 15.51191011816263 47.41162402182817 23.10530189424753 22.19199473410845 0.3887865543365479 0 1.396421492099762
0 1363.516318231821 87.57975867390633 0 3.696531355381012 2.133967228233814 6.570883467793465 1.078738905489445 1845.142823904753 0.3474287465214729 2.676063902676105 22.03354592621326 169.429169178009 1.864461928606033 227.7030437067151 1704.435354337096 3.857167214155197 1.150647267699242 1.871111512184143 0 251.7873192280531 777.905836135149 216.4317379072309 6500.323856078088 668.6775515750051 26.24209573119879 2522.911973714828 116.9051438868046 6.184758998453617 55.33628258854151 2.768960237503052 0.5839395970106125 0.5650289058685303 29.43441739678383 2.428907185792923 201.2192609906197 53.88452539592981 63.55081193894148 33.07514680922031 131.0692718923092 0.3614659905433655 16.01880149543285 1.48464822769165 0.9615973606705666 16.01261322200298 107.6068911552429 0 0 0 5.596302188932896 0.287718690931797 4.345122084021568 0 0.8565865084528923 0.1530167758464813 1.677928008139133 1.082192093133926 0.1564122587442398 1208.664410099387 3.126830138266087 0.1250021606683731 0.7224152609705925 0 107.2106636837125 143.2197149321437 384.3641527146101 82.92043257504702 3.010523915290833 10.25546523928642 1665.994180716574 38.91184015572071 7.752970203757286 34.74416120350361 1.257584616541862 0 0.8226965963840485 18.69489941745996 0.1452787816524506 81.52484705299139 14.17371549457312 44.52287751436234 37.53850059956312 1.61268737912178 0.2194965481758118 1.396390527486801 0.1391987055540085
62.34814992547035 18.97647072374821 8513.479856722057 3.15628819167614 0 108.5732913166285 2324.69939289242 273.1395516917109 6.099076874554157 268.9811303392053 30.87997528910637 2.191813871264458 1.668344847857952 328.1594281941652 0.5407911539077759 4102.341142959893 5907.249799974263 16.23545949906111 242.5014430508018 0.2836057841777802 12377.33554600924 216.4317379072309 22683.47003226727 738.7275101989508 0.1122971996665001 981.1083828061819 15603.86359604448 3078.454014055431 130.2923467978835 4037.571661762893 0.4920235574245453 3.168080277740955 11.50760494917631 2732.894866295159 115.3164469152689 12614.17351046205 7833.345475010574 10400.44262307137 9448.261817090213 1218.236237540841 20.24027518182993 32.1481236666441 121.6545714065433 0.1177121996879578 10.42168442159891 397.0584277510643 0.8094488531351089 0 0.3519813120365143 24.51209139823914 0.8858468532562256 1.234212949872017 0.1789087802171707 0.7795101404190063 0.1588426679372787 0.1532673686742783 2.706350609660149 0.1392277181148529 2439.710795029998 11.14239872992039 0.6482625678181648 2.478617392480373 0 469.979610055685 151.4521886408329 3971.437457047403 30.13325822353363 0.5470755323767662 23.52155105769634 1942.07464838773 48.59800804406404 5.056697510182858 44.41614999622107 0.2213763818144798 0 0.8230827450752258 53.7256940677762 30.21233177185059 338.3501136377454 36.11306113004684 217.3704932630062 141.5341317802668 8.014439068734646 0.5943422317504883 2.140957787632942 0.3641790747642517
115.3411631584167 618.5657826513052 21.02391795814037 1779.391356103122 5.871478728950024 143.9449680000544 2229.066204458475 233.1744332835078 8094.846410736442 271.4198855087161 10.71333237737417 371.3007841333747 57.43459381908178 370.9887161627412 736.1360071524978 3516.745699830353 31.93683829158545 4.04453582316637 8.732159428298473 537.3241788968444 551.8638872131705 6500.323856078088 738.7275101989508 6975.824434198439 223.3284250274301 56.50093756616116 3708.599977813661 6764.229543142021 1145.773703321815 1342.39376334101 1.894054710865021 2.576330982148647 231.3159175813198 412.0492762625217 59.96343949437141 2223.681646838784 97.40827791392803 715.8433081433177 497.8422046750784 687.745947688818 38.83393844217062 4.374014720320702 25.41236091405153 62.57107825577259 12.58684971183538 23.35729564726353 536.3188387155533 0.1078315004706383 2.274434022605419 676.1733744591475 29.94363992661238 403.6841971054673 181.1064007654786 1.819432161748409 93.5834633409977 0.3743342757225037 85.38671432435513 5.021706365048885 342.7229685485363 6.020317733287811 2.043773882091045 5.636929735541344 220.4857662692666 309.2463956922293 200.2751043587923 93.93891237676144 3027.23017256707 3.284376561641693 10.56036653369665 161.3894625008106 1511.81296762079 371.0124583616853 936.6780613213778 0.6236503422260284 1.682560801506042 31.63491441309452 63.77145931124687 14.90606416016817 593.5031588301063 28.41431672871113 173.2764940783381 63.22640915215015 164.10631044209 14.15225981920958 0.5722952261567116 6.178651466965675
0 2052.720659680665 0.1723722964525223 0 0.7954913675785065 5.433942601084709 1.745017841458321 2.125080354511738 200.0071688368917 0 156.3873179778457 1.388942934572697 3294.566683121026 0.136789858341217 35.94792849570513 12.97272268682718 0.7059858813881874 6.604867160320282 4.556602798402309 2.504309415817261 0.8321418538689613 668.6775515750051 0.1122971996665001 223.3284250274301 483.45868884027 123.4966842383146 3140.335601232946 4.216010481119156 0.1279629915952682 1.723779052495956 220.4845355600119 0.3332064300775528 0 302.125873491168 9.927395939826965 885.4248982742429 326.1334883198142 429.6980074644089 64.45512521266937 55.23922275006771 59.45649546384811 239.7951613366604 11.21163773536682 0.1295865029096603 86.19673433899879 1.440837554633617 0 0 0.5451274216175079 0.1490626335144043 0.4139392226934433 3.226821064949036 0 420.4381948560476 0.3888331353664398 1629.690137133002 0.1580032259225845 0 2.630972392857075 1.736036837100983 10.9751248434186 10.57908833026886 0 0 11.85239137709141 1.387455254793167 1.220899492502213 158.0330074876547 194.0505679249763 848.7905492633581 0.2922795712947845 0.1820084750652313 2.194019734859467 177.6056189909577 0 0 1.351690486073494 0 248.4550386145711 68.14579053968191 58.88751789182425 4.330698847770691 26.29406602680683 0 89.10293018817902 0
40.5676991045475 310.3696290850639 2016.03658619523 7.911774285137653 0.8349169343709946 92.97179592400789 461.5749206244946 255.4644499570131 13.55678186565638 171.2189845070243 1078.292481802404 36.70803564786911 254.6392608880997 271.8540076464415 5.116599611938 8.160841427743435 1332.235049709678 5330.578794293106 3897.193345725536 22.05529735982418 115.2000795155764 26.24209573119879 981.1083828061819 56.50093756616116 123.4966842383146 22698.29284731299 16434.99942329526 59.46460397541523 139.1562245860696 42.57146643847227 42.18181567639112 32.3057711198926 6.290060177445412 807.1096210256219 13.25140492618084 1821.690293699503 5646.171667724848 2615.906348906457 1386.913068786263 57.11199489980936 3.610318005084991 58.30318653583527 8.744515135884285 1.111782796680927 182.5403237193823 115.7553806751966 0.2025463879108429 0 0.8469511568546295 6.648044399917126 2.930234417319298 9.456201136112213 0.7372866794466972 301.9059800356627 1.817001789808273 889.388888053596 4.444997608661652 3.307804197072983 24.51252122968435 175.1702459901571 271.0531446635723 415.6756425052881 1.614977441728115 3.896239548921585 27.22851856052876 24.97968905419111 29.54934760183096 230.7254377454519 3692.188041865826 5977.341989561915 8.656298942863941 1.589258410036564 3.834295690059662 589.8559138998389 0.6175727546215057 0 51.35811796784401 4.249294988811016 155.887179620564 255.6071223989129 164.1388639956713 58.47251532971859 8.385066404938698 0 0.8124034404754639 0.6086186617612839
116.566781245172 3071.859694816172 5998.28592889756 2.283810965716839 5.652281068265438 43.28531375527382 985.2383759915829 226.2987064942718 958.2258997634053 99.90143527090549 227.825439594686 30.21408684551716 6095.902863524854 417.7524732723832 240.5344551354647 2598.129507824779 4366.318672135472 1182.634629048407 1934.861844345927 8.390025176107883 822.7914768531919 2522.911973714828 15603.86359604448 3708.599977813661 3140.335601232946 16434.99942329526 23501.61785922199 1281.83638228476 257.7763700783253 307.4416120201349 171.1170686781406 16.92594758421183 14.89526487141848 2620.276869788766 87.97332962602377 8677.197565741837 4878.515963286161 8605.270231708884 5557.010406471789 743.032651886344 32.63212415575981 42.04995705187321 81.17523212730885 1.629647761583328 1650.100897148252 2925.28616592288 0.469758041203022 0.2336726933717728 1.218455106019974 59.2750678062439 13.52190234512091 15.68319096416235 0.2918577343225479 270.8251211792231 0.9120999649167061 1029.892052285373 12.99303296208382 3.220611818134785 2136.522042877972 454.693718329072 238.4236889183521 411.7716330587864 0.1882370561361313 164.5574919134378 624.7864985987544 4397.639070563018 142.017820738256 830.1971555575728 4549.294305242598 25635.87484052032 132.57555218786 5.445893473923206 18.02095215022564 781.8081387802958 0.4144277423620224 0.105206660926342 261.7493948936462 28.45679523795843 909.5854564011097 447.875463232398 935.3610640615225 501.9094381779432 28.38014926016331 5.705214157700539 6.084983691573143 3.089655950665474
93.45828907936811 12.96932333707809 106.4871325567365 3696.690261393785 1.370286464691162 332.6282455474138 15664.47695855796 332.7952189594507 1522.362647004426 2392.595845445991 17.28432527929544 531.1617594137788 1.671378090977669 421.9170074537396 54.29709514975548 1766.512022361159 73.98932623118162 6.78109035640955 10.59351011365652 1503.565368145704 3516.021934330463 116.9051438868046 3078.454014055431 6764.229543142021 4.216010481119156 59.46460397541523 1281.83638228476 15773.91671876609 1453.263720035553 12153.00988435745 0.8032525777816772 7.761052295565605 394.7198544666171 809.5350299477577 69.32752498984337 3477.413758806884 185.2266641706228 1357.715449601412 811.8758544176817 533.9131632819772 72.1715489923954 4.766505688428879 42.50581496953964 51.69213834404945 1.581258654594421 9.462457932531834 431.2062918618321 0.458856999874115 3.627554602921009 584.9327079504728 24.4244210422039 190.9037538766861 154.772295281291 1.17788215726614 64.5214813426137 0 60.81353438645601 3.443613305687904 162.8894803673029 3.425676845014095 0.7744846120476723 2.840279996395111 170.8443654477596 216.5364711731672 57.12531607598066 46.7303184568882 1953.668556578457 0.1360154002904892 5.00528522580862 30.06748655438423 1186.242954559624 296.7289616763592 778.0547871515155 0.1213057935237885 1.085465803742409 25.95502302795649 43.16607692092657 9.239514470100403 512.632593408227 21.08058927953243 119.0846564546227 49.16581566631794 182.7086334303021 9.177726000547409 0.6200632154941559 2.51521535217762
