2141.846271149814 3.153201267123222 125.2111206650734 1.476345330476761 7.018876351416111 81.8949034512043 3608.173991970718 1228.775216460228 8.836561471223831 50.96999152749777 31.51614479720592 34.90984672307968 5.481798455119133 7027.198071919382 0.2291857004165649 0.2850827127695084 152.2543729096651 62.10570865124464 66.59072708338499 14.79412912577391 13.10988233238459 2.868716910481453 108.0962927043438 55.7033773586154 0.2555397674441338 170.8001385033131 218.8539109602571 118.4181784689426 3306.200002238154 2706.392574422061 1.763859793543816 41.43284544348717 145.8557602539659 239.1786780580878 3.078670799732208 97.11052954941988 42.75665010511875 308.3594994619489 34.63660134375095 5.857004657387733 7.577095352113247 1.094160869717598 4.872590988874435 0.3539643883705139 0.5943807363510132 4.094674423336983 0.4743620455265045 0 1.14060240983963 3.161445423960686 0.2588355541229248 5.819130018353462 2.021874755620956 0 2.053331822156906 1.556328058242798 1.613392628729343 0 1.116648465394974 2.950676366686821 0 0.6221116781234741 0.7686690464615822 1.011856980621815 0 1.32781021296978 15.79074111580849 0 5.902461655437946 16.13318414986134 13.64245533943176 2.525796867907047 2.859450675547123 0.1286053359508514 0 1.161528095602989 1.312255784869194 0 12.23642955720425 0.4178256094455719 4.889348790049553 2.186205558478832 2.835369318723679 1.114125698804855 0.1758747696876526 0
3.153201267123222 159.6624392345548 261.0287191942334 0 1.321607835590839 1.907393641769886 26.09268283098936 5.860955536365509 651.8154762163758 2.80786070227623 108.7327256500721 3.815767392516136 1549.631551772356 12.36281996965408 20.4308158904314 417.6700248271227 261.8871885985136 6.970493361353874 37.95944517850876 0.1370679885149002 27.88792085647583 2488.091504871845 75.22746439278126 903.924024656415 1726.86299944669 774.9591180309653 7720.380074329674 65.36407646536827 6.745334379374981 14.13770423084497 51.30766952782869 1.120520509779453 0.8605367094278336 105.543805770576 8.387692630290985 281.1299200057983 116.8047081157565 335.985772125423 59.77329688519239 15.04646433144808 0.313218355178833 99.06604348123074 1.639886222779751 0.2429095506668091 16.38264505565166 230.2366337627172 0.1873398721218109 0.1158616617321968 0 2.546000719070435 0.7960069552063942 1.922204822301865 0.6660823673009872 7.447753347456455 0 18.22595632076263 1.599526792764664 0 8.131194308400154 206.3795386180282 3.541904851794243 58.74603129178286 0 1.627253852784634 9.329107478260994 42.14696331322193 8.895754456520081 7.460378758609295 417.7868965342641 1372.171518288553 1.921102374792099 1.581511445343494 2.080655045807362 8.730816595256329 0 0.1385025382041931 34.70675390958786 0.3354756236076355 112.5793581753969 34.06170234084129 73.59835851937532 30.10317285358906 3.325867936015129 0 0.69499871134758 0
125.2111206650734 261.0287191942334 4610.9774165079 1.247562229633331 0.6617356613278389 39.66504205018282 1206.968873299658 175.1499304696918 2.57577870041132 26.58405663073063 13.78331755101681 5.047053679823875 3.224739901721478 324.1725868731737 0 31.2346805781126 2866.932062588632 178.5515935048461 196.975271217525 0.8524556681513786 1249.948783367872 123.3168070390821 12398.44127647579 70.27447067946196 1.667253278195858 12868.42867811024 6109.953348308802 1281.682931266725 105.125441417098 1004.436175897717 11.06345096230507 0.7735714316368103 13.8693168759346 300.2729446440935 24.69993032515049 1136.179360747337 1959.268327511847 1000.18584253639 485.2728263288736 56.5790593251586 5.749462381005287 3.768062025308609 9.909625932574272 0.3529240787029266 91.64453998953104 689.17700740695 0 0 0.6698553115129471 17.91930728405714 2.666515298187733 0.7625645250082016 1.364416882395744 5.693245083093643 0.3544421792030334 3.50004668533802 4.66752540320158 0 12.16188733279705 472.5045874863863 4.760823704302311 64.47162146121264 0 8.947897024452686 27.66334456205368 184.6451011374593 15.70901018381119 1.143999211490154 711.9629243910313 1809.500675611198 17.34855961799622 4.404235817492008 8.058202348649502 2.924467973411083 0.5581750199198723 0.1208188831806183 75.13404271006584 4.798504292964935 278.1969486251473 71.77650683373213 177.9069941341877 69.23031534999609 4.392484694719315 0 0.1743503510951996 0.7655422687530518
1.476345330476761 0 1.247562229633331 4132.311999201775 4.939376495778561 10.1732140481472 132.2794345617294 7.419829145073891 1556.651615783572 1777.735147319734 0.1891167834401131 581.127722799778 0.2214924395084381 12.71337283402681 78.42158895730972 0.3717784285545349 0.380577027797699 0.4471527189016342 0 5866.393841125071 0.3243696764111519 1.280954033136368 0.8310819417238235 2565.763056665659 0 1.021818079054356 2.995436571538448 10186.29459199309 58.96556281298399 0.5490124374628067 0 1.343173861503601 17.31936296820641 15.98229222744703 2.473663479089737 142.5545042455196 2.804427541792393 72.91167844086885 36.19573023915291 100.6806455031037 4.641537584364414 6.071198478341103 5.105643570423126 0.7071914821863174 0.1556186974048615 0.1267218142747879 344.8174255937338 0 21.57111466675997 12.87749757617712 30.16529204696417 79.26512679457664 222.3917695060372 1.093063950538635 258.5143193602562 17.96616804599762 21.92275837063789 16.14970320463181 0 0 0 0 502.8178326934576 0.7548658847808838 1.356248691678047 0.1333336234092712 395.5673944950104 0 0.2691368162631989 1.672023884952068 375.3025446236134 6.527356870472431 6.303906917572021 0 0.8009428307414055 0.8538433238863945 3.589145362377167 0 26.28120940923691 1.507675215601921 17.04541259258986 4.922319702804089 263.3305684179068 0.4899691194295883 0 0
7.018876351416111 1.321607835590839 0.6617356613278389 4.939376495778561 1.807140275835991 451.7354454696178 5.559497468173504 379.7022013440728 122.4195381253958 9.548850186169147 6.554031781852245 69.63382806628942 2.162446714937687 41.23135107755661 1154.230810016394 0.1347605735063553 0.3367840573191643 1.125003673136234 0.6544062346220016 7.813842363655567 0.1168253868818283 3.017384387552738 0.1878002434968948 48.14476497471333 0.1823127120733261 1.124166764318943 2.069667682051659 13.64836099743843 5.933085478842258 3.783839970827103 0.2093019783496857 315.2351053506136 0.1030814275145531 36.01086324453354 0 117.7765232548118 3.815704256296158 73.10443570464849 28.82411523163319 1680.574587270617 60.16463136672974 2.575432017445564 17.46857057511806 0 0 0 2.065876722335815 0 0 0.8515508472919464 0 0 1.564611315727234 0 0 0 0 0 0.2447116672992706 0 0 0 0 0 0 0 2.095001518726349 0 0 0 0 1.270570635795593 0 0 0 0 0 2.159110307693481 0.2581475675106049 0.1807462871074677 0.9757652580738068 1.437872126698494 0 0 0.8453813493251801 0
81.8949034512043 1.907393641769886 39.66504205018282 10.1732140481472 451.7354454696178 12222.8166833818 3055.623315781355 8636.639513120055 110.8660728484392 3499.676000237465 96.20742672681808 9040.746500708163 55.81217889487743 660.7032792493701 1543.306498378515 2.269020907580853 9.643097706139088 31.33222392946482 5.826137155294418 147.2698634639382 7.636261492967606 3.67278041690588 27.39633420109749 175.0704685077071 2.067366994917393 66.86306425184011 39.38762232661247 860.3612487986684 493.4899699762464 60.01854119449854 4.113506063818932 1633.321848064661 42.67147394269705 347.8620444759727 9.500678434967995 788.2626644596457 55.04319988191128 905.6933635920286 296.6552091538906 3603.638188719749 338.809409506619 24.85716370493174 58.21921867877245 1.585399866104126 0 0.9814219102263451 16.65864293277264 0 9.205016434192657 12.88973072171211 24.34037655591965 20.40009592473507 30.4332314953208 1.435610927641392 12.41953087598085 1.115626581013203 24.90748333930969 0.1018605008721352 1.607869751751423 0.2139178588986397 0 1.19686421751976 42.92073159664869 0.5978894382715225 0.9208528101444244 2.886633731424809 160.6976356655359 0 0.4571304097771645 7.853648476302624 96.21360743045807 7.298303306102753 5.074413806200027 0.1425163000822067 0.3722319900989532 1.127834431827068 3.97066730260849 0 14.4468465000391 2.231100842356682 25.73807536810637 14.35646068304777 17.49426798522472 1.960219070315361 6.082606926560402 0
3608.173991970718 26.09268283098936 1206.968873299658 132.2794345617294 5.559497468173504 3055.623315781355 17708.42709236592 2880.246588684618 275.006034642458 17048.16772016138 20.21332813799381 280.8928899914026 6.853100284934044 6004.874096654356 14.67614981532097 26.69841725379229 221.108251132071 82.26681096851826 56.78044177591801 206.7796309888363 301.9590864256024 34.82605820149183 1331.753162175417 797.419911518693 1.526476338505745 742.3312269747257 658.7120334208012 25016.20615914464 1421.818168312311 9167.320310279727 2.785908415913582 20.63027032464743 253.902005776763 351.0260904431343 39.53346036374569 1073.22717615962 252.6002108380198 1095.303389750421 403.118815138936 42.9704482331872 48.63668210804462 6.440523631870747 33.33562327176332 5.514308966696262 2.448481634259224 38.92928290367126 27.19634704291821 0.4689176231622696 19.22604571282864 71.49223057180643 73.58610917627811 122.991349004209 56.70955007523298 0.9346695095300674 21.39148136973381 3.976013779640198 74.41890627890825 0.4722371697425842 27.32549861818552 8.798781089484692 0.1230037286877632 2.51930794864893 65.81991582363844 18.70980685949326 9.665392808616161 45.90469522029161 515.1913703531027 0 17.01409175992012 124.6386975944042 330.1105892583728 39.09161526709795 28.44657978415489 0 1.511410355567932 7.876225903630257 21.57132415473461 2.19043992459774 113.885019376874 3.815415248274803 94.02756376564503 22.72451239079237 77.43862418085337 0.5721109732985497 6.029760360717773 0.1480158120393753
1228.775216460228 5.860955536365509 175.1499304696918 7.419829145073891 379.7022013440728 8636.639513120055 2880.246588684618 8385.021851539612 60.85137782990932 1737.435981072485 217.0763312354684 2274.624029025435 83.94543486088514 6925.030877113342 250.4707870036364 2.731482356786728 160.2403584644198 86.73700384795666 79.60999712347984 278.7905389815569 24.41940646618605 5.541736885905266 133.1964122205973 331.1567251980305 2.795357331633568 224.0798826739192 231.2412252575159 687.1691768988967 1687.125404462218 773.3825976848602 7.700241588056087 1114.734132297337 58.96162364631891 536.4802937060595 8.911665372550488 676.0147322565317 118.3297936543822 1025.909498885274 314.2178326174617 1474.553762331605 231.9798692017794 37.06014831364155 44.33488938957453 1.79256235063076 1.252009533345699 7.068294271826744 15.52683670073748 0 8.181334301829338 40.77009725570679 31.59402425587177 40.39241991192102 22.04208657890558 0.2568549513816833 10.32584846019745 2.179090261459351 27.22286228835583 0.3710149824619293 3.384000480175018 4.399913854897022 0.7869475483894348 5.156950399279594 36.69837813079357 1.780287191271782 0.8687442243099213 2.430379025638103 235.9089972525835 0.9075373858213425 8.453845739364624 22.36398487538099 109.16326212883 16.51123536378145 11.12674795091152 0 0 2.78650177270174 4.242975801229477 0 36.5228623598814 3.144759781658649 27.30178218334913 12.16176196187735 16.04251843690872 1.844267100095749 4.895483985543251 0.2372094839811325
8.836561471223831 651.8154762163758 2.57577870041132 1556.651615783572 122.4195381253958 110.8660728484392 275.006034642458 60.85137782990932 1364.732541389763 199.7426447793841 3.956148616969585 2425.541486598551 66.50546837598085 49.51631248742342 1471.082978032529 92.62020838260651 1.81345921009779 1.046389125287533 0.5730325356125832 1044.111577183008 31.11459201574326 2518.573548674583 10.22430545091629 8309.323709122837 199.5803955793381 32.95131603628397 543.9932234361768 1543.385267488658 60.58865101635456 77.28079625219107 4.290476366877556 9.16763961315155 15.5460062623024 20.62436459213495 3.084774881601334 239.3241608142853 10.57434983551502 93.48922216147184 30.41281718015671 370.3428402915597 13.10312608629465 2.765781424939632 6.760425209999084 31.7929404899478 2.230087384581566 2.335145235061646 138.1179932802916 0.3760025799274445 27.5307184830308 156.4818807244301 73.17589295655489 117.7645838111639 98.04557380825281 3.635932296514511 85.99412717670202 1.283218950033188 104.8292700201273 12.89481025934219 84.05054303258657 0.9587617814540863 1.347649827599525 0.9368896037340164 186.9961054995656 77.36364419013262 21.83349788933992 7.728211037814617 1710.277275018394 1.826049149036407 4.966342888772488 10.39318384975195 523.8458365872502 123.7312711253762 138.2793302312493 0.345983549952507 0.3527852967381477 18.59610118716955 21.14754191040993 0.9267515540122986 161.8565114438534 2.974311977624893 104.4366309940815 37.2478890568018 158.9885844737291 8.666149169206619 0.1247109696269035 0.9480271935462952
50.96999152749777 2.80786070227623 26.58405663073063 1777.735147319734 9.548850186169147 3499.676000237465 17048.16772016138 1737.435981072485 199.7426447793841 28972.66084116697 37.28843666613102 6439.841787979007 13.98059284687042 489.498601987958 26.24792383611202 2.908714279532433 5.186040736734867 15.77277775108814 4.965765863656998 4463.675627194345 6.506115958094597 4.051609702408314 16.01111809164286 376.8869799375534 0.5854048356413841 42.52380602806807 21.85959170013666 9569.224829025567 763.0783595815301 29.74780415743589 2.031106494367123 36.75295303761959 90.70417726784945 236.0025015994906 20.94685547053814 1089.233502298594 33.57442270219326 972.8821189031005 243.5839977413416 82.18217355012894 66.32955001294613 7.535150855779648 33.19851169735193 2.408071875572205 0 1.410962879657745 120.9482003301382 0.1035990118980408 26.53563527017832 38.70605626702309 58.22531499713659 53.48112667351961 156.994865424931 0.8095895648002625 63.42046102881432 5.909929171204567 52.44034408777952 2.11159972846508 2.039300352334976 0.4133358597755432 0 0.3099263086915016 287.702066116035 1.791840262711048 1.310965873301029 2.868074953556061 359.2111188992858 0 0.8097390308976173 5.902217775583267 330.3077456280589 12.86287354677916 12.30299410969019 0.285576343536377 0 4.270226813852787 6.08450723439455 1.781007751822472 28.04992959648371 0.749878354370594 32.92651665955782 8.598833695054054 50.26735831052065 0 3.341735072433949 0
31.51614479720592 108.7327256500721 13.78331755101681 0.1891167834401131 6.554031781852245 96.20742672681808 20.21332813799381 217.0763312354684 3.956148616969585 37.28843666613102 11853.46233041584 158.682450927794 3387.033919356763 511.2063331156969 0.1017713472247124 1.224424123764038 394.8393234014511 3880.907710321248 494.7620577812195 22.53347264975309 53.76643655449152 15.24255532026291 34.52095419168472 24.65492058545351 487.5407010167837 1867.320401437581 166.9947156831622 24.56840110570192 1051.784601300955 97.13217851519585 120.424211576581 432.6431059464812 12.42522646486759 8335.719205923378 5.255018964409828 578.887487873435 2753.513084448874 4039.476969793439 849.0683583244681 35.74644659459591 15.7864313647151 1576.122627943754 11.92275490611792 0 16.38620069622993 0.9114256799221039 0 0 0.2421392500400543 0.960747703909874 1.101424545049667 1.256768360733986 1.601146101951599 196.4158821031451 0.5719595551490784 755.3318292051554 1.135719239711761 0 0.7988837286829948 1.062204338610172 108.4844224452972 20.10458724200726 2.476839363574982 0.387363538146019 2.951165892183781 0.1183552667498589 11.96982393413782 153.0636829212308 181.871630474925 131.7412879616022 7.507487222552299 1.332638472318649 3.698921874165535 139.7095644250512 0.1609003245830536 0 4.343425072729588 2.266488015651703 15.27892031520605 214.6410125494003 26.52972827106714 29.06591732800007 8.541585750877857 1.017904222011566 82.04752433300018 0
34.90984672307968 3.815767392516136 5.047053679823875 581.127722799778 69.63382806628942 9040.746500708163 280.8928899914026 2274.624029025435 2425.541486598551 6439.841787979007 158.682450927794 14109.34139876068 64.89270711690187 805.2605842798948 1535.17398622632 0.614908829331398 1.946126982569695 56.93777077645063 6.988733261823654 8048.413494981825 2.646896965801716 9.946565091609955 3.833588354289532 378.9876885637641 1.147131346166134 81.13427778333426 27.84159930050373 1007.297378771007 957.7400491535664 10.69994394481182 9.994893744587898 180.8275662660599 11.8700018748641 384.7637643367052 4.59196512401104 1066.769822649658 52.67849397659302 1443.675931125879 174.9990359321237 2685.765837647021 82.65224964171648 21.06214818358421 34.4386919438839 0.4576617628335953 0.4503760784864426 0.631972461938858 165.2104836180806 0 10.93566343188286 17.17163699865341 18.00525906682014 40.55688415467739 97.19047506898642 0.128662109375 200.385236479342 12.40569218993187 27.49517481029034 22.03436905145645 0.5961238965392113 0.1213716641068459 0 0 285.1557947173715 1.361191689968109 0.3970935046672821 0.3723542988300323 217.961946643889 4.744790211319923 1.985900811851025 2.315519578754902 189.920746318996 4.617917262017727 2.732294335961342 0 0.1626432538032532 1.068223431706429 1.679292544722557 1.118111729621887 18.45768501609564 2.01657672226429 11.40059222280979 6.743918694555759 351.7120184227824 0.7841094210743904 4.875792145729065 0
5.481798455119133 1549.631551772356 3.224739901721478 0.2214924395084381 2.162446714937687 55.81217889487743 6.853100284934044 83.94543486088514 66.50546837598085 13.98059284687042 3387.033919356763 64.89270711690187 3729.253916576505 111.2316471859813 2.040866456925869 4.364413715898991 3.442399717867374 110.0684397891164 3.386583738029003 16.21529624611139 6.705458253622055 306.6180180460215 11.40701039880514 62.75901532918215 6787.395783253014 78.13115975260735 2249.0471444875 13.82295760512352 195.4434114843607 4.200810611248016 125.7146186754107 147.8373841419816 0.71980120241642 1603.737298078835 13.78280498087406 502.827210098505 4984.623382896185 3351.552842214704 421.6745336800814 29.86984948068857 32.96888616681099 2042.761541545391 19.17518277466297 0 136.1115422174335 3.442759916186333 0.1222130060195923 0 0 1.493329122662544 0.1740675568580627 3.651176236569881 0.4488371610641479 882.3006248250604 0.3039585202932358 3169.859134875238 0.7940091490745544 0.3857927024364471 1.104995675384998 7.353666447103024 254.0093327462673 73.20361949503422 0.08532135188579559 1.719366997480392 7.142237134277821 1.989191114902496 7.492896184325218 1338.445706307888 529.4998444914818 517.3650196716189 1.572532534599304 0.8286359086632729 4.731002897024155 475.740025408566 0.4403000473976135 0 8.287503316998482 3.174355268478394 30.66099628061056 857.5113881453872 63.3764247149229 53.6008760407567 2.662005700170994 8.803300589323044 286.4956487044692 3.83838939666748
7027.198071919382 12.36281996965408 324.1725868731737 12.71337283402681 41.23135107755661 660.7032792493701 6004.874096654356 6925.030877113342 49.51631248742342 489.498601987958 511.2063331156969 805.2605842798948 111.2316471859813 11009.65848679096 5.989504352211952 1.066284492611885 384.7849794700742 275.9875242710114 187.5257341936231 174.3835378214717 41.54606845229864 4.564206421375275 254.8737922757864 307.3927038833499 2.382614314556122 562.734655931592 602.6544504165649 606.2873723730445 7608.899276651442 3262.536773629487 21.61903186142445 410.840154543519 79.46722008287907 1088.433390565217 3.572838708758354 446.5953536406159 166.0879585593939 1688.050094999373 184.2156199291348 192.659128986299 120.3690765798092 25.74992424994707 22.55299250036478 0.9377411082386971 3.838374450802803 14.22614765167236 7.428029999136925 0 3.593346752226353 22.83178421854973 13.10859820246696 25.56126713752747 11.40969258546829 1.5560073107481 2.630277588963509 3.604724526405334 18.19400874525309 0 4.23239478468895 6.024588152766228 0.6953327804803848 1.737737685441971 11.53065416961908 5.281731158494949 0.5578647330403328 5.600855119526386 133.933153770864 0.4837620854377747 15.61711266636848 37.58974577486515 88.14998664706945 13.75435441732407 11.66594334691763 0 0 1.487730450928211 5.860067881643772 1.635164365172386 37.11145343631506 1.548151656985283 30.36253373324871 9.614068150520325 19.26616160571575 1.298042625188828 1.147163778543472 0
0.2291857004165649 20.4308158904314 0 78.42158895730972 1154.230810016394 1543.306498378515 14.67614981532097 250.4707870036364 1471.082978032529 26.24792383611202 0.1017713472247124 1535.17398622632 2.040866456925869 5.989504352211952 182.1184466183186 1.331801757216454 0 0.1912394464015961 0 73.38811031728983 0 41.23714975267649 0.1305673718452454 953.3881675377488 4.039588905870914 0.8119498714804649 16.82929582893848 131.6584111154079 3.726415902376175 0.2833783328533173 0.2216458320617676 672.4133327305317 0.6584474667906761 4.713160522282124 0.4559700191020966 3.534723825752735 0.2461691275238991 9.564910896122456 1.140169084072113 1104.567320674658 167.703475356102 0 0 0 0 0 0.1532165855169296 0 0.3250782191753387 0 0 0.3545704483985901 0.3111190795898438 0 1.100034400820732 0 0 0 0.1076446995139122 0 0 0 0 0.2166791781783104 0.2867475152015686 0 1.306957922875881 0 0.1767497062683105 0.1139562726020813 0.5402248948812485 0 0 0 0 0 0 0 0.2904124930500984 0 0.2485757023096085 0 0.2136270999908447 0 0 0
0.2850827127695084 417.6700248271227 31.2346805781126 0.3717784285545349 0.1347605735063553 2.269020907580853 26.69841725379229 2.731482356786728 92.62020838260651 2.908714279532433 1.224424123764038 0.614908829331398 4.364413715898991 1.066284492611885 1.331801757216454 3662.255519703031 13.85064176470041 1.473054699599743 2.600585632026196 0.7583534121513367 1742.835357412696 6365.303696647286 2511.401759147644 2547.407483249903 9.294048301875591 46.02471984177828 2488.461150303483 2258.473631672561 8.094200052320957 244.2395097985864 1.494519166648388 0.1236436143517494 6.028222225606441 63.67675410956144 22.51357305049896 2414.896690145135 1372.311542987823 689.1852194219828 907.7398532480001 110.750195465982 2.91072753816843 2.319258600473404 11.43708332628012 4.358507461845875 4.406868889927864 32.77960415184498 2.237541496753693 0 0.8638491705060005 26.75379153341055 2.471966676414013 61.28359922766685 2.467151381075382 0.8712844848632812 1.042840458452702 4.593269065022469 6.671215936541557 1.739295445382595 3097.285512037575 5.018764920532703 0.1107710972428322 2.353720054030418 0.5709989070892334 1357.897656746209 793.0726901367307 2552.77571220696 495.6841195076704 0.1354725509881973 8.436537355184555 473.9018609449267 311.9452906548977 25.17764028906822 215.3292813375592 0 0 6.573242351412773 9.249336279928684 3.689338147640228 130.5881795585155 24.66573904454708 42.70520447194576 32.13057666271925 11.11367803066969 0.1944516599178314 1.754026263952255 0.5104447603225708
152.2543729096651 261.8871885985136 2866.932062588632 0.380577027797699 0.3367840573191643 9.643097706139088 221.108251132071 160.2403584644198 1.81345921009779 5.186040736734867 394.8393234014511 1.946126982569695 3.442399717867374 384.7849794700742 0 13.85064176470041 1285.87900506705 787.9248262047768 5091.994953207672 1.314425602555275 1581.725475169718 44.91682223975658 2794.722434416413 24.26049516350031 4.29353778809309 1637.723649978638 4715.34907297045 140.2214105725288 599.4484446421266 4537.657479465008 5.600871294736862 4.464435830712318 28.02818333357573 1633.616759717464 3.079713582992554 129.0040273070335 2517.040286041796 328.8227483406663 66.57198999077082 4.64376350492239 0.2972784340381622 1.824450269341469 0.6783654242753983 0.3451873883605003 94.45060633122921 140.2424016818404 0 0 0 6.492876499891281 1.689783625304699 0.269710585474968 0.3107039704918861 1.884332366287708 0 2.455475062131882 2.066206708550453 0 4.854578576982021 297.306333348155 7.934013739228249 170.4970885142684 0 4.361502282321453 9.645405247807503 35.03132943063974 7.818067476153374 2.562222242355347 1166.547778524458 767.065899387002 8.138041421771049 2.083245880901814 2.783493541181087 7.948713719844818 0.5036903023719788 0.1019203290343285 37.16542568802834 0.7555131167173386 157.9365847185254 49.54543969035149 89.01534163206816 41.68099558353424 2.785786293447018 0 0 0.2161247283220291
62.10570865124464 6.970493361353874 178.5515935048461 0.4471527189016342 1.125003673136234 31.33222392946482 82.26681096851826 86.73700384795666 1.046389125287533 15.77277775108814 3880.907710321248 56.93777077645063 110.0684397891164 275.9875242710114 0.1912394464015961 1.473054699599743 787.9248262047768 768.7276533767581 2841.77377422899 9.252930477261543 61.63936102390289 1.306794971227646 241.0630927011371 8.970668524503708 31.87691639363766 4008.082869917154 137.9233588948846 40.81814406067133 431.6598927229643 324.7750531956553 63.33060658723116 66.98254618793726 17.65218210220337 2678.850417144597 9.705143235623837 663.6625463217497 1143.696404963732 2372.46686141938 661.0255156159401 12.71259148418903 2.491612121462822 27.0404811874032 3.503466755151749 0 6.02255841344595 2.725621499121189 0 0 0 2.324179358780384 0.1302739381790161 1.102824047207832 0.2581209540367126 74.98988892138004 0.1229144707322121 297.1718344762921 0.5313404500484467 0 0.5302111282944679 6.80743183195591 226.7060713469982 199.1208315938711 0.6462838053703308 0.9540145024657249 2.371253550052643 1.984234176576138 4.007318831980228 35.954146027565 853.3648924231529 564.5282599925995 2.340236432850361 0.1145696565508842 0.3535837680101395 220.7898718416691 0 0.774703249335289 1.822712436318398 0.6994538605213165 21.1548820361495 49.40943046659231 13.95110638439655 5.193923957645893 0 0.3576619178056717 0.9397308975458145 0
66.59072708338499 37.95944517850876 196.975271217525 0 0.6544062346220016 5.826137155294418 56.78044177591801 79.60999712347984 0.5730325356125832 4.965765863656998 494.7620577812195 6.988733261823654 3.386583738029003 187.5257341936231 0 2.600585632026196 5091.994953207672 2841.77377422899 3004.044171586633 2.106951847672462 73.21340059489012 1.684572860598564 297.3061717152596 3.188552349805832 0.6547524183988571 1512.040984086692 608.9085637181997 17.91798057407141 291.0391630679369 573.8519540429115 11.99634412676096 5.746984921395779 20.31866288930178 1971.627451732755 1.750148758292198 139.7629601284862 443.9493898972869 861.7378090694547 84.51735503226519 1.711087554693222 0.4128046184778214 0.6699293404817581 0.2867549061775208 0.1273960024118423 24.37673139572144 7.503695897758007 0 0 0 2.707259185612202 0.1561516374349594 0.2436854168772697 0.2075519263744354 3.844846494495869 0.1207286566495895 15.15393063426018 2.130513660609722 0 1.332438752055168 70.04610120505095 42.23149643093348 228.4073949307203 0.6288508772850037 1.906037457287312 1.583800718188286 5.108856372535229 1.593603864312172 3.253976404666901 1077.543009452522 403.0395563021302 1.578817926347256 0.7194500789046288 1.598762154579163 36.2858918979764 0.4228793978691101 0.08719326555728912 16.83992130309343 0.651317298412323 68.22703269124031 34.12655387818813 42.45364402979612 12.51658850163221 1.20078980922699 0 0.2008679509162903 0
14.79412912577391 0.1370679885149002 0.8524556681513786 5866.393841125071 7.813842363655567 147.2698634639382 206.7796309888363 278.7905389815569 1044.111577183008 4463.675627194345 22.53347264975309 8048.413494981825 16.21529624611139 174.3835378214717 73.38811031728983 0.7583534121513367 1.314425602555275 9.252930477261543 2.106951847672462 2563.12780020386 1.07369776815176 0.8940072804689407 2.33849073946476 1412.443620920181 0.3222485184669495 16.75149957090616 7.066530324518681 13551.8808093369 397.0841377079487 5.062854252755642 2.59909800440073 27.2295988202095 54.27567875385284 138.361365288496 18.17920819669962 903.5542096719146 19.48574619740248 598.6535469591618 178.6200265213847 247.6733533218503 45.51218216121197 30.01985851675272 27.94011697918177 2.375009953975677 0 1.90008769929409 534.3730663508177 0.5712359696626663 64.72104655951262 79.9222786128521 100.1282865256071 122.7056891173124 447.0806938260794 1.755080111324787 291.3318371996284 30.19750264286995 115.1085154265165 24.51195123046637 0.7297657653689384 0 0.9915270805358887 0 924.8792894110084 4.425198137760162 0.634140744805336 2.321214504539967 873.0232075825334 2.06721043586731 2.194833651185036 0.7505730837583542 851.2600599452853 23.87259349226952 19.69379027932882 0.355403944849968 1.720372758805752 6.29330138117075 12.82146850973368 2.319864988327026 60.52685651928186 0.5433693677186966 38.4249879270792 13.16491218656301 316.6976379305124 1.708663761615753 10.1991818100214 0
13.10988233238459 27.88792085647583 1249.948783367872 0.3243696764111519 0.1168253868818283 7.636261492967606 301.9590864256024 24.41940646618605 31.11459201574326 6.506115958094597 53.76643655449152 2.646896965801716 6.705458253622055 41.54606845229864 0 1742.835357412696 1581.725475169718 61.63936102390289 73.21340059489012 1.07369776815176 16949.76975832134 300.3628783151507 20503.72038415819 427.8370707258582 1.455376416444778 340.8300122320652 1687.580699428916 10443.95903257281 119.2550147920847 10812.92734368145 2.302097208797932 2.941243156790733 145.5377398729324 5623.389579571784 81.89888405054808 7033.622926853597 1196.007496297359 7068.468782223761 3784.591308876872 265.2729055285454 12.85993441194296 10.19785057008266 75.9763865545392 10.31035419553518 5.106745257973671 40.29878763109446 3.670869559049606 0.1132135093212128 0.7293481975793839 43.01081293076277 3.389447383582592 42.20648916065693 2.09512735158205 0.3259537741541862 0.2778608500957489 5.116485774517059 11.41399526596069 1.241033516824245 640.285934753716 11.13594935834408 0.5091064125299454 3.561309017241001 8.8150894343853 773.5618080124259 129.5475432500243 328.6723159104586 452.7429505512118 0.1915568336844444 16.43823003023863 189.1264424920082 382.1199017167091 49.91235549002886 316.8963259235024 0.1982055455446243 0.1179120466113091 8.459798373281956 9.38814602792263 4.678918570280075 92.02505996078253 11.73661881685257 46.30699275434017 18.73570583760738 18.25383941829205 0.4072147607803345 5.124314978718758 0.4099488407373428
2.868716910481453 2488.091504871845 123.3168070390821 1.280954033136368 3.017384387552738 3.67278041690588 34.82605820149183 5.541736885905266 2518.573548674583 4.051609702408314 15.24255532026291 9.946565091609955 306.6180180460215 4.564206421375275 41.23714975267649 6365.303696647286 44.91682223975658 1.306794971227646 1.684572860598564 0.8940072804689407 300.3628783151507 1016.858832150698 945.0215202718973 5802.831782333553 905.8168392032385 87.03240337222815 5178.125457629561 451.6527226418257 10.22672341018915 75.20627947151661 15.49974085390568 0.2836201712489128 1.404452443122864 46.29583530128002 4.432991877198219 301.8131724670529 64.18979050219059 211.8034588843584 118.1338273361325 35.31842684745789 1.095671266317368 8.656710430979729 1.42237052321434 1.861458793282509 9.607500240206718 159.150725454092 0.2749103903770447 0 0.8389236778020859 16.29432369023561 2.713406756520271 30.95892530679703 1.71913056075573 2.356880970299244 0.3445017039775848 1.537728101015091 5.293392740190029 1.663218975067139 1641.736589178443 6.405060172080994 0.3531173393130302 1.90263956785202 1.21172146499157 297.8763673827052 132.0936423242092 965.0486700981855 274.155491694808 2.401963248848915 7.856641136109829 1162.740396872163 88.69690660387278 12.50418340414762 49.21571269631386 1.078165113925934 0 2.627467565238476 8.026323720812798 1.288174271583557 110.8025226071477 28.86532688140869 44.80823505669832 37.8233145326376 12.70290103554726 0.6366754174232483 0.3565267324447632 0
108.0962927043438 75.22746439278126 12398.44127647579 0.8310819417238235 0.1878002434968948 27.39633420109749 1331.753162175417 133.1964122205973 10.22430545091629 16.01111809164286 34.52095419168472 3.833588354289532 11.40701039880514 254.8737922757864 0.1305673718452454 2511.401759147644 2794.722434416413 241.0630927011371 297.3061717152596 2.33849073946476 20503.72038415819 945.0215202718973 26733.9152976349 308.8389003276825 1.249951876699924 4400.864172749221 13854.17126894742 4435.955972336233 133.1535302996635 8396.328659459949 4.821779027581215 2.70008523017168 20.96183186769485 2727.588763892651 90.6137703359127 8075.434494905174 4611.382899664342 6314.326133184135 5739.096367590129 457.1723435223103 14.42363268882036 21.3744655251503 82.70376195013523 0.5612269788980484 46.64426758885384 429.4033574312925 0 0 1.09173895418644 35.89201337099075 2.797120861709118 7.848290055990219 2.519213229417801 1.406367056071758 1.410271644592285 4.925905510783195 4.878448598086834 0.2312621176242828 1762.455075673759 43.62196086347103 2.188297189772129 11.92364761978388 3.35198487341404 473.2835803031921 421.1700118407607 2661.611524678767 161.2223907932639 0.556598924100399 76.57681407779455 1885.214835219085 137.417583681643 6.869686007499695 57.7954423353076 0.5577755868434906 0 1.006808750331402 17.11306992918253 9.718720808625221 275.2133114933968 63.35600157082081 119.76855070889 98.44065728783607 5.913653962314129 0 5.284204661846161 1.304054632782936
55.7033773586154 903.924024656415 70.27447067946196 2565.763056665659 48.14476497471333 175.0704685077071 797.419911518693 331.1567251980305 8309.323709122837 376.8869799375534 24.65492058545351 378.9876885637641 62.75901532918215 307.3927038833499 953.3881675377488 2547.407483249903 24.26049516350031 8.970668524503708 3.188552349805832 1412.443620920181 427.8370707258582 5802.831782333553 308.8389003276825 8724.274496160448 178.985259257257 119.5894523411989 1794.915790215135 6673.787056513131 760.6840452551842 941.5319869592786 7.589572377502918 20.54213401675224 342.4923056587577 332.451636351645 73.44575314968824 3311.983678281307 269.8705193176866 1250.988305002451 657.3336366266012 710.5569327175617 65.84974741190672 16.28659937530756 68.30568502098322 50.16958264261484 8.021463297307491 36.7854415178299 363.991948440671 1.840440504252911 67.67847120016813 327.5396404117346 191.0767799690366 861.5987408980727 340.7456208020449 8.126114703714848 204.9800607562065 15.33149665594101 270.178839661181 10.46160823106766 341.7785215228796 7.605726294219494 1.570330418646336 2.583428502082825 574.2465976327658 426.1577090844512 179.3962271809578 153.8166274949908 3220.841616079211 0.9975315779447556 20.77575445175171 179.2349040135741 1860.702846869826 253.6958931684494 422.5869249850512 2.621696799993515 3.690705083310604 43.3490871116519 67.36792135238647 8.312057994306087 446.7466393336654 9.506214313209057 293.0663065835834 104.2137355357409 462.0369182899594 3.140644460916519 7.439947180449963 2.301538437604904
0.2555397674441338 1726.86299944669 1.667253278195858 0 0.1823127120733261 2.067366994917393 1.526476338505745 2.795357331633568 199.5803955793381 0.5854048356413841 487.5407010167837 1.147131346166134 6787.395783253014 2.382614314556122 4.039588905870914 9.294048301875591 4.29353778809309 31.87691639363766 0.6547524183988571 0.3222485184669495 1.455376416444778 905.8168392032385 1.249951876699924 178.985259257257 534.9973670095205 889.077439583838 3482.712138622999 3.754475772380829 4.903599485754967 0.8613811358809471 564.1635787412524 5.103647381067276 0 172.3688146024942 0.6202241182327271 194.0793915167451 454.5986726731062 945.5359096080065 107.5190807878971 5.890850253403187 7.19772781431675 659.8114811703563 2.948162205517292 0 68.51909750699997 2.763829752802849 0 0 0 0.7164977416396141 0.5204359740018845 0.6781308650970459 0.5003082156181335 101.8275468423963 0 740.2581586539745 0.7938508838415146 0 0.4483896344900131 6.728178977966309 16.3229543864727 31.33222722262144 0 0.408161535859108 1.274434611201286 2.264162108302116 2.386329330503941 97.1750365793705 353.6607247442007 676.6493045762181 0.4852256327867508 0.08650178462266922 0.2564990222454071 115.4742262735963 0 0.1077860072255135 5.6236607208848 0 32.07225147634745 93.67971829324961 25.7623433098197 6.56793549656868 0.42143414914608 1.132493734359741 10.08682085573673 0.1254108548164368
170.8001385033131 774.9591180309653 12868.42867811024 1.021818079054356 1.124166764318943 66.86306425184011 742.3312269747257 224.0798826739192 32.95131603628397 42.52380602806807 1867.320401437581 81.13427778333426 78.13115975260735 562.734655931592 0.8119498714804649 46.02471984177828 1637.723649978638 4008.082869917154 1512.040984086692 16.75149957090616 340.8300122320652 87.03240337222815 4400.864172749221 119.5894523411989 889.077439583838 20968.40730667859 14739.51478087157 430.6855089887977 525.7222985848784 1066.048884898424 294.4306609407067 67.57913392782211 23.16525841504335 2246.013769298792 31.08690267056227 2636.074854955077 4275.4241624102 5081.439985774457 1397.673424869776 29.86645443737507 3.532613046467304 13.07622113078833 14.66241801530123 1.589559651911259 314.8899981975555 97.15935995429754 0 0 0.5049877688288689 20.33994682133198 1.871072679758072 3.935602657496929 0.3513536006212234 103.265395052731 0.8791156336665154 749.7030421197414 8.095394656062126 0 7.061280712485313 517.1844903230667 275.7570290714502 799.922889046371 2.364421904087067 7.894126787781715 16.47809515893459 41.13005131483078 16.584566578269 260.4003575071692 5315.176127202809 3148.754246294498 13.04104793071747 5.585770383477211 7.82245510071516 480.5703785046935 0.6849491596221924 1.176260247826576 100.7967702746391 4.763843506574631 388.3529513776302 189.246223770082 250.5306077450514 90.62330447882414 9.25314923375845 0.2381527498364449 1.00973579287529 0.5283811092376709
218.8539109602571 7720.380074329674 6109.953348308802 2.995436571538448 2.069667682051659 39.38762232661247 658.7120334208012 231.2412252575159 543.9932234361768 21.85959170013666 166.9947156831622 27.84159930050373 2249.0471444875 602.6544504165649 16.82929582893848 2488.461150303483 4715.34907297045 137.9233588948846 608.9085637181997 7.066530324518681 1687.580699428916 5178.125457629561 13854.17126894742 1794.915790215135 3482.712138622999 14739.51478087157 31144.13378537446 1695.274604797363 447.9119310900569 837.5389476716518 705.1136951372027 20.71665855497122 32.14283444732428 3173.733812324703 147.0601658150554 8049.91329151392 6560.464579507709 8120.270414166152 3295.265091307461 308.7674389705062 15.52000272274017 26.88431359827518 77.89306750893593 3.034979343414307 1468.933284170926 2322.540223456919 0.3344130665063858 0.193953350186348 3.81524096429348 92.54519902914762 12.03756971657276 4.04908137768507 8.807273790240288 106.1953999847174 1.17926424741745 619.4205942675471 29.82763749361038 0.1129646524786949 708.9420493543148 1227.298394292593 217.2015947178006 657.4256267249584 1.766809068620205 67.67759655416012 755.6836309283972 1989.546991221607 108.4086723327637 321.311883173883 5284.03152436018 11344.81292403489 108.5692163556814 7.952361710369587 21.82297682017088 450.5674722641706 0.8694870546460152 0.6395297273993492 265.0640965029597 24.49949967116117 1146.465048909187 359.7293139472604 729.6131969019771 349.9240791723132 25.39956839382648 0.1287080347537994 6.016879387199879 4.96645937114954
