435.3576931059361 0.6752458438277245 28.74159064143896 5.28485307097435 0.4181801378726959 22.97596730291843 1592.606932796538 380.1662542521954 1.4127242192626 97.4923433214426 7.168808087706566 8.63636339455843 1.140984512865543 5880.829786084592 0 0 275.0440718755126 4.605988815426826 25.78222361207008 27.4364762082696 51.68078261613846 0.09323060512542725 78.00311064720154 35.34002753347158 0.543114461004734 20.88844314962626 32.51893126219511 53.45851562172174 3980.335964813828 1694.615363843739 0.4996382147073746 40.74918835610151 27.62302082031965 114.2236857190728 1.104369014501572 14.52950045466423 13.65722389519215 108.4256497994065 13.04171913862228 1.442009530961514 3.329248666763306 0.1065326407551765 0.1300280094146729 0.3731974065303802 0 0.2842845320701599 0 0 0.8356096148490906 0.7386608123779297 0.3609056174755096 0.8131781220436096 0 0 0 0 0.9363665580749512 0 1.597676172852516 0.8162456825375557 0 0.4664696678519249 0 0.5682038962841034 0.2043188810348511 0.6951487362384796 2.691689401865005 0 1.238668709993362 2.724953219294548 2.128274135291576 0.5227676033973694 2.89088362455368 0 0 0 0 0.7392684817314148 2.336340799927711 0.1342228651046753 0.2100154906511307 0 2.399110376834869 0 0 0
0.6752458438277245 220.1624551191926 121.3171329647303 0 0 2.475587867200375 1.908684432506561 4.648217178881168 609.9055626168847 1.313359379768372 174.4436598345637 1.212848663330078 1114.768649294972 2.070009097456932 7.591979995369911 39.11680035293102 145.859191082418 16.73931859433651 51.16801219433546 0.2680649980902672 7.585288390517235 3238.805228054523 7.769099362194538 652.2792143374681 1618.616417221725 478.5094976201653 11236.86201730371 11.48655020445585 5.181746609508991 3.273677684366703 26.72551323473454 2.373507775366306 2.373324647545815 108.3829612359405 1.576060757040977 142.1293423473835 221.5828632414341 281.795703522861 74.64118757843971 12.0868603438139 0.3657155334949493 112.7360618859529 0 0.1637824922800064 91.77698415517807 165.5969872772694 0 0 0 4.510294869542122 0.8504460379481316 1.02451678365469 0.3109555318951607 3.506320141255856 0.4839745387434959 12.30577611923218 0.5192925557494164 0 7.783790327608585 79.29457900673151 2.247535407543182 49.40469946712255 0.3260892108082771 0.7048258706927299 26.94965878874063 6.83679236471653 4.345535360276699 17.58332646638155 235.9589198678732 1432.130018740892 1.828765109181404 0.2317999452352524 1.335419982671738 3.933735519647598 0.4328926205635071 0 5.761727586388588 1.815119549632072 57.56604251265526 26.05757613480091 66.19864796847105 20.21250306069851 1.541366696357727 0 0.7546108812093735 0.2383532822132111
28.74159064143896 121.3171329647303 4602.468697488308 0.1207744777202606 0.09056004136800766 128.6848230734468 1471.062595292926 430.6845810040832 20.35910587757826 78.34208905696869 11.89850820600986 1.641116514801979 8.817848853766918 239.3404474705458 0.7779617458581924 13.1642210111022 11797.81863494217 26.76681193709373 208.8832829594612 0.7007534801959991 1005.002789504826 137.1682894527912 9325.089324869215 106.7273141443729 4.060101211071014 6427.199704632163 4322.785842992365 254.4340299889445 71.43660169839859 824.8419302627444 0.9610936492681503 6.428465686738491 7.562906846404076 812.9841796830297 14.169642329216 2156.40749361366 2395.230827137828 2636.035024248064 1779.418056890368 32.26209904998541 4.134562321007252 6.14484890550375 4.19266314804554 0.755429744720459 123.7776571586728 596.6852618530393 0.1314724832773209 0 0.1535593718290329 15.29715558886528 3.072401978075504 3.862453535199165 0.4478246346116066 0.6744488775730133 0.1881535649299622 0 5.449012093245983 0.1356809437274933 53.40477758646011 158.9505824223161 0.8801778256893158 9.632917977869511 0 12.34954228997231 104.4364560693502 313.1634048596025 34.47208765894175 0 139.419330008328 2341.826638676226 26.3593078032136 4.809828139841557 25.55790465325117 0 0.2007243484258652 0.3318259865045547 12.10775598138571 4.870408236980438 154.7274223044515 51.58215150237083 129.1471950113773 60.46856202185154 6.386244550347328 0 0.6607280969619751 0.4763878285884857
5.28485307097435 0 0.1207744777202606 2549.269886434078 1.44418554008007 71.88776926696301 204.8961172997952 37.7718483954668 969.7555065751076 3741.041004307568 0.7490866407752037 1125.44202889502 2.836260445415974 47.94221317768097 73.8092764467001 0 0.546405091881752 0.1820888817310333 0.534358449280262 4770.191580854356 0.8476230502128601 0 1.774496763944626 2524.039500288665 0 1.043838120996952 4.814280018210411 4669.929410926998 98.553093098104 2.492907799780369 0 3.613357558846474 5.904186822474003 21.80812924355268 9.624584943056107 575.0931239277124 7.158785507082939 108.3353526294231 68.39974950999022 63.97800656408072 24.08510685712099 1.015947729349136 6.593170121312141 1.418094769120216 0 0 163.8851925060153 0.7667918801307678 26.17198999226093 170.8975384384394 27.22218695282936 114.124871686101 84.42460834980011 1.458214282989502 126.3122015595436 1.115043453872204 13.54894257336855 11.4128662198782 0.8922511339187622 0 0.07465671002864838 0.4281540587544441 219.6687438562512 0 0.3343398869037628 0.3517859280109406 288.2087334990501 0.08683191984891891 0.118749625980854 0.305906817317009 299.1815963983536 5.977817974984646 18.27197580039501 0.08483338356018066 0.2042367830872536 0.1523440033197403 3.579583562910557 1.057248920202255 106.541526928544 0.7839045524597168 23.38625445216894 4.65647591650486 186.5144785642624 2.115997344255447 0 0
0.4181801378726959 0 0.09056004136800766 1.44418554008007 11.62666767835617 119.1430702731013 2.924542792141438 40.8708468824625 52.13041483610868 5.701049864292145 7.322800874710083 81.91801159083843 10.06103321164846 6.441424645483494 856.3573313429952 0 0.4915838986635208 0.5647404119372368 0.1544276177883148 3.72902000695467 0 1.445729643106461 0.284244067966938 9.708018191158772 0.4124730378389359 1.443403042852879 1.420695796608925 2.258513942360878 11.75200872123241 0.4962564557790756 0.1273403465747833 17.70678846538067 0 59.22765106707811 0 37.665995426476 3.171754002571106 64.9468919634819 29.18893279135227 2483.466551430523 74.15404974669218 3.610808104276657 0.6585062742233276 0 0 0 0.2835772633552551 0 0 0.5867994427680969 0 0 0.4349498450756073 0 1.042279243469238 0 0 0 0 0 0 0 0.5492945313453674 0 0 0 1.148404151201248 0 0.1276659667491913 0 1.33440212905407 0 0 0.1081412509083748 0 0 0 0 0.2039350122213364 0.1842519342899323 0.2901494055986404 0 0.7210226058959961 0.2588402032852173 0.2560827732086182 0
22.97596730291843 2.475587867200375 128.6848230734468 71.88776926696301 119.1430702731013 18055.31937406957 2103.505491524935 5996.840930461884 159.7566625997424 6523.125583935529 103.0946065336466 6545.406632892787 91.19158088415861 504.8518425747752 1842.815016448498 0 286.020592443645 25.5848069190979 29.40689096599817 600.0120367184281 12.07043617963791 1.211936786770821 96.66236415505409 203.0322158411145 7.016568712890148 74.89151867479086 57.66116822510958 458.3659505918622 394.9794948324561 191.4202383235097 5.625264577567577 748.6610570028424 5.32569532096386 411.9079889133573 7.638315379619598 742.7444012835622 47.97254862636328 698.9517644718289 160.9354402571917 2746.390960551798 489.0397969186306 40.31811225414276 13.35982687026262 1.316164031624794 0.09886026382446289 1.304438136518002 19.1789636015892 0.2672174274921417 3.605223402380943 72.03182810544968 10.45257206261158 31.30832522362471 15.46858171373606 0.08543512970209122 19.03097753226757 0.3699795678257942 5.634277656674385 1.107570424675941 5.180320508778095 0.07511720061302185 0 0.09981030970811844 27.04883468151093 0.2545268833637238 0.8954487070441246 1.025363065302372 104.399020716548 0.1375673115253448 1.551546417176723 5.996615804731846 93.25771854072809 4.693860530853271 29.37721994519234 0.1109486743807793 0 0.5804800689220428 2.870797231793404 0.5088924169540405 34.97539106011391 2.944623030722141 11.79390515387058 1.819841861724854 29.01357610523701 0.9662308692932129 3.401383101940155 0.1321036666631699
1592.606932796538 1.908684432506561 1471.062595292926 204.8961172997952 2.924542792141438 2103.505491524935 12310.48623137176 4706.743270561099 354.5995186269283 15678.79683273286 21.53671693056822 166.8302723392844 13.54733098298311 7580.316060908139 9.020902268588543 18.61833946406841 808.1977159008384 10.51477325707674 28.44849494099617 301.5502428933978 253.0137764140964 11.38116868585348 1670.130689278245 1287.542842768133 3.014644637703896 264.729954496026 454.5880526155233 22674.54280667752 1115.646070443094 8285.317199230194 2.174829825758934 49.81156355887651 33.95297928154469 191.7742907032371 20.09821508824825 744.4155686870217 69.77906005829573 640.2156976982951 298.5359738469124 38.69986547529697 53.05419223755598 6.39437261223793 9.244130067527294 5.127546787261963 2.771975070238113 5.611729152500629 35.98316559940577 0.7008382081985474 13.11381223797798 166.3109339401126 33.76246034353971 95.26860934495926 36.67780344933271 0.5012041479349136 30.23379036784172 0 21.61750529706478 1.1721121519804 22.13055671751499 2.76710119843483 0.3097686916589737 0.9576835110783577 57.84055222570896 4.59832975268364 9.789363257586956 11.3688427656889 285.958474509418 0 3.713130094110966 30.58154901862144 242.1789697855711 16.69126845151186 72.19432817399502 0.1670059114694595 0.7568484097719193 0.120146133005619 7.386259883642197 3.177192836999893 115.8009909242392 3.148685544729233 41.75604282319546 7.373086228966713 65.94870540499687 2.9311144053936 2.825376033782959 0.6831409186124802
380.1662542521954 4.648217178881168 430.6845810040832 37.7718483954668 40.8708468824625 5996.840930461884 4706.743270561099 13578.66279369593 81.64651026576757 1331.242819942534 174.8892629891634 367.0926403775811 108.8518640846014 6465.570465698838 42.630584821105 0.4961235746741295 1264.794362284243 37.50585861504078 102.8154893442988 150.9075620174408 56.21579541265965 3.106392093002796 405.715865381062 464.4080711901188 9.396696411073208 176.5255682505667 177.6777066141367 275.5869453474879 467.0479139313102 1423.230014286935 7.544441029429436 1727.246044576168 2.527942724525928 582.2084310203791 3.272415071725845 333.1317273378372 97.6600183993578 633.083237580955 113.1126216650009 296.2451434135437 220.4518876671791 34.88860496133566 5.737956017255783 2.550355367362499 0.9766234755516052 2.445882931351662 6.626280516386032 0 2.210223644971848 53.40572910755873 7.436490692198277 30.71625351160765 5.097538083791733 0.3536707013845444 12.48016060888767 0.2937249466776848 11.44011989980936 0 2.854023523628712 1.832050167024136 0.2459411174058914 1.099389240145683 7.58061483502388 1.367021292448044 5.94004313647747 2.219965249300003 101.9628730416298 0 6.887465536594391 18.17137067019939 79.67388736456633 5.542723797261715 37.31198915094137 0 0.2550659775733948 0 0.6288894265890121 2.563847154378891 37.24951574206352 3.415630578994751 18.72275010496378 5.468463219702244 26.1341373026371 2.297095835208893 1.599622741341591 0.3117663860321045
1.4127242192626 609.9055626168847 20.35910587757826 969.7555065751076 52.13041483610868 159.7566625997424 354.5995186269283 81.64651026576757 3472.22189874202 364.5194971933961 17.5451847538352 880.6660285592079 68.34918460994959 29.22998357564211 938.2117564529181 149.8838691562414 5.557924501597881 1.941238567233086 3.599702462553978 722.2624788880348 103.4325283393264 2252.550051480532 44.38553372770548 10884.04647158086 213.9748443290591 40.16868821531534 1008.653693668544 1005.022324047983 16.90698224306107 186.9762376770377 5.425723902881145 6.302274964749813 1.759749889373779 21.40177119523287 2.798834204673767 171.5155211761594 17.60225797444582 55.6180300489068 16.13496136665344 442.184685267508 4.099081493914127 4.651422537863255 0.2783371210098267 18.65880281478167 4.920985877513885 1.954684153199196 243.8737566843629 0.9942035228013992 28.12383821606636 326.8047295734286 46.67232472449541 152.3143762871623 104.5065335482359 1.365273736417294 120.4970299899578 1.355591721832752 45.72935870289803 8.080696269869804 293.2513918504119 1.949033163487911 1.246542200446129 3.238599330186844 246.9146981239319 108.3496915027499 100.0988469496369 45.11582962423563 1311.520370647311 1.249102689325809 6.748531565070152 19.15553307533264 701.4900088235736 56.7921506613493 200.0799701437354 0.7110313177108765 0.7278154864907265 2.2461873665452 14.89318450540304 7.249052464962006 155.634822756052 4.916014350950718 53.11088941991329 15.35170683264732 89.9443529471755 4.003542736172676 0.9007586911320686 1.449901834130287
97.4923433214426 1.313359379768372 78.34208905696869 3741.041004307568 5.701049864292145 6523.125583935529 15678.79683273286 1331.242819942534 364.5194971933961 41788.20194625854 73.55511862039566 5382.649493604898 36.81970994919538 1971.12861931324 41.09484396129847 3.19681853801012 71.57660324126482 29.33274532109499 25.57379018515348 7666.392278082669 13.39566345512867 2.512775436043739 55.67796925455332 770.4990701153874 7.46713150292635 74.58931441605091 75.57866088300943 7844.179966963828 1530.891818270087 66.07922095060349 5.920538283884525 161.7744837701321 28.86919070780277 489.88923420012 25.93279552459717 2209.974019095302 58.44004761427641 1661.723752379417 391.2362265959382 184.956370562315 235.7016599476337 17.84133858978748 48.60117346793413 5.716159656643867 1.095090486109257 0.4186564013361931 140.8125482425094 0.4120280370116234 21.45336041599512 306.8359874859452 36.59832685440779 105.8347480148077 87.6841616332531 0.8990419954061508 174.764489851892 0 26.78927620500326 7.127953559160233 1.807852372527122 0.4966272786259651 0.2254985868930817 0.40523711591959 186.098591350019 0.5405942425131798 1.89272765815258 1.351325556635857 429.7872571721673 0.1052118241786957 1.556442186236382 4.78188069164753 373.7236829474568 15.46179287135601 50.57724148780107 0 0.2096384838223457 0.1426179111003876 6.729920208454132 9.661832869052887 117.6118182018399 2.148009285330772 29.56646022945642 7.05694518238306 106.8714800998569 3.859348729252815 1.800827674567699 0
7.168808087706566 174.4436598345637 11.89850820600986 0.7490866407752037 7.322800874710083 103.0946065336466 21.53671693056822 174.8892629891634 17.5451847538352 73.55511862039566 18408.13451793045 83.88743766397238 4391.011654615402 168.3545664697886 6.814048022031784 0.3581929802894592 455.2585072442889 5922.604847326875 3855.420910388231 19.80665650963783 10.22643662244081 52.2361965328455 54.95228391140699 28.49642779678106 1326.406090840697 2880.254851795733 967.7316910549998 12.53493564575911 482.2229195162654 26.62769730389118 815.4138842076063 312.3254125118256 7.135230481624603 5577.836419299245 4.145953662693501 344.5315725207329 3747.139067739248 2888.1431305632 385.1866938024759 19.10495468229055 25.60191261023283 676.6194577887654 1.335549563169479 0 31.78702054172754 0.4509898498654366 0 0 0.3794638067483902 2.048696175217628 1.852935299277306 5.485784366726875 0.8331648856401443 122.7174368649721 0.3678967952728271 865.706317640841 2.292780727148056 0 0.3116511404514313 1.342777818441391 26.74089025706053 11.66828712821007 1.147072672843933 0.3487651348114014 5.703856080770493 0.4592367932200432 6.536981523036957 205.5254532247782 181.8317541331053 337.614224024117 3.294879533350468 2.216624669730663 5.163024485111237 310.6105671897531 1.098193354904652 0 20.70850083231926 0.8202844113111496 16.57230376452208 123.9532496631145 24.43868799507618 1.485006809234619 0.2673129439353943 0 78.0842694118619 0
8.63636339455843 1.212848663330078 1.641116514801979 1125.44202889502 81.91801159083843 6545.406632892787 166.8302723392844 367.0926403775811 880.6660285592079 5382.649493604898 83.88743766397238 9238.957231551409 47.31944158673286 312.7412389069796 1748.112777404487 0 4.585162147879601 19.9227064922452 13.81479648500681 6081.614073678851 1.028557516634464 8.988282859325409 2.46398639306426 1283.576132670045 7.716055229306221 45.26500163972378 25.6218478679657 538.3087277635932 504.7522438392043 5.846226923167706 5.703252650797367 193.8307185769081 2.920594319701195 321.3170542418957 8.247150078415871 2248.360113665462 33.75406777858734 1122.435870744288 193.1470269933343 1674.798255167902 221.3578196838498 19.99041494727135 30.46170249581337 0.7264189720153809 0.3163187205791473 0 67.43786787241697 0.1953553408384323 18.55609065294266 74.56193774938583 19.35880420356989 69.96507431566715 52.8989020138979 1.393164202570915 142.3970933780074 0.1031485423445702 9.694743759930134 8.048816815018654 0.4421646147966385 0.1938302665948868 0.5366979986429214 0.2368592470884323 123.6458037123084 0.7905027121305466 1.772693023085594 0.1361406147480011 152.8768361881375 0.08325690776109695 0.5079055204987526 1.043860785663128 128.0396490693092 5.693274274468422 16.83049836754799 0 0.1110300496220589 0.3028241991996765 6.695526786148548 2.142642050981522 124.1639051362872 4.07055477052927 23.16822111606598 2.443098045885563 194.8586923778057 3.217202343046665 1.585177816450596 0.2767693400382996
1.140984512865543 1114.768649294972 8.817848853766918 2.836260445415974 10.06103321164846 91.19158088415861 13.54733098298311 108.8518640846014 68.34918460994959 36.81970994919538 4391.011654615402 47.31944158673286 4577.51149597764 46.17016081511974 3.010529674589634 17.07707169651985 12.21503396332264 75.58686584979296 15.74021638929844 12.23940782248974 12.89746501296759 244.311068341136 15.65045622736216 66.70229226350784 6606.656869962811 263.2648658156395 5384.033041357994 16.35019625723362 90.18638114631176 18.31147192418575 1051.0435353145 127.4635528847575 0.07632707804441452 1052.084413714707 8.854438632726669 1547.384872429073 5399.587224088609 4717.752181231976 436.4837005510926 96.21507384628057 154.0070710852742 1671.625263974071 6.118717342615128 0.1010054424405098 129.6474858298898 0.4501468539237976 0.08841226994991302 0 0.408682718873024 2.946724824607372 1.451280564069748 3.708135098218918 1.638757921755314 212.2324939742684 3.827493436634541 1777.064316131175 3.889067001640797 0 2.834241181612015 0.9597014933824539 42.15016287565231 18.94084776937962 0.4020145311951637 5.294867396354675 5.21179673075676 0.1239315345883369 6.020213976502419 896.9692069962621 403.1389691159129 639.229435428977 10.48159176111221 5.963980294764042 5.520473092794418 612.1757650896907 0.9845160245895386 0 71.81746599823236 1.076954305171967 220.2456590980291 398.4527121037245 105.0970147624612 15.02640160918236 38.10562860965729 8.302653580904007 360.9395814836025 0.4170901775360107
5880.829786084592 2.070009097456932 239.3404474705458 47.94221317768097 6.441424645483494 504.8518425747752 7580.316060908139 6465.570465698838 29.22998357564211 1971.12861931324 168.3545664697886 312.7412389069796 46.17016081511974 14664.94770903885 14.34186760336161 1.264499165117741 1351.810939520597 45.56056143343449 120.9817873984575 314.4945446774364 115.5005371943116 4.177347086369991 391.3185456320643 203.0897925794125 4.303941257297993 142.4858501330018 166.681296557188 199.5744659602642 6466.377855338156 3604.057191520929 8.046294264495373 1131.799001224339 23.18092773109674 661.9613429456949 2.545326918363571 157.0323059633374 74.26898968964815 599.8618050888181 73.76071806252003 52.19902518391609 48.54839739948511 12.98358450829983 1.341165907680988 0.4788934737443924 1.444509901106358 3.723703183233738 1.498585060238838 0 0.8718502223491669 13.87205855548382 3.045964106917381 13.11336969584227 2.404146373271942 0 2.81838121265173 0.8734055459499359 3.334194369614124 0 2.393599629402161 2.153333641588688 0.1367682814598083 1.860918052494526 2.65439810603857 3.026114068925381 3.939123399555683 0.491911493241787 38.42235324531794 0.2452322021126747 5.368609838187695 15.30736873298883 36.36238992959261 4.139131903648376 19.86382073163986 0.1181706115603447 0 0.3767985999584198 0.7589703947305679 0.3828543126583099 16.1850696131587 1.841457530856133 6.817910470068455 1.165210694074631 12.48209650069475 0 0.3194121271371841 0
0 7.591979995369911 0.7779617458581924 73.8092764467001 856.3573313429952 1842.815016448498 9.020902268588543 42.630584821105 938.2117564529181 41.09484396129847 6.814048022031784 1748.112777404487 3.010529674589634 14.34186760336161 435.932463273406 0 0.5170598477125168 0.8309777900576591 0.8332177028059959 133.5415971651673 0.1604762524366379 56.36548641324043 0.100916363298893 616.7591427564621 4.106042824685574 2.926539234817028 31.80635097622871 37.63253094255924 18.38523365557194 1.959094196557999 0.1176787316799164 215.9817658960819 0 15.3112059533596 0 478.3889239281416 20.76855739951134 33.6626189276576 2.908435426652431 1259.928548954427 29.57520528882742 18.87017628550529 0.3492327630519867 0 0.2055380046367645 0.2341600805521011 13.22211211919785 0 0.573178768157959 9.102258294820786 1.32518307864666 13.72262533009052 4.407391965389252 0.3523282110691071 6.304840356111526 0 1.552868254482746 0.9880607277154922 1.574680209159851 0 1.069568634033203 0 16.68446175009012 1.046975985169411 2.187333256006241 0.2094113677740097 14.47687862813473 0 0.7009916305541992 0.4432008117437363 18.85584452748299 0.2237974852323532 5.457413196563721 0 0 0 1.237561374902725 0 28.31714877486229 3.618829153478146 4.803521737456322 0.3159048184752464 46.64312735199928 0 1.575060494244099 0
0 39.11680035293102 13.1642210111022 0 0 0 18.61833946406841 0.4961235746741295 149.8838691562414 3.19681853801012 0.3581929802894592 0 17.07707169651985 1.264499165117741 0 4778.085140630603 11.2045758664608 0.5580331683158875 1.492899060249329 0.5967458337545395 2074.053870067 4438.304346553981 5183.259255103767 2357.983625501394 31.59034579992294 3.956494390964508 4763.580477461219 1577.085861757398 8.532670341432095 28.21832758188248 0.3513080105185509 0.1535528302192688 1.31100107729435 42.60978271812201 26.42855857312679 1467.156663924456 396.2411981076002 424.5218744426966 562.3397170081735 33.86440857499838 2.33453594148159 6.516805574297905 2.145173452794552 6.546096548438072 2.848512656986713 13.3091971129179 1.11023485660553 0 0 14.73947462439537 4.373830012977123 28.61424891650677 2.489713162183762 1.316934853792191 2.641970552504063 0.4743622541427612 12.08272457867861 2.410514824092388 2559.411454513669 4.653687000274658 0.28570356965065 2.902359932661057 2.621819406747818 381.023888386786 775.5392163023353 1480.795230820775 155.2927017882466 0 8.056204229593277 710.35096693784 134.6601854786277 40.31490077078342 173.9362007007003 0 0 6.498288474977016 19.12216337770224 1.880171239376068 160.0124979093671 5.788921616971493 49.32025276869535 44.53199214488268 39.55597966164351 3.671413436532021 4.78911155462265 0.5563210844993591
275.0440718755126 145.859191082418 11797.81863494217 0.546405091881752 0.4915838986635208 286.020592443645 808.1977159008384 1264.794362284243 5.557924501597881 71.57660324126482 455.2585072442889 4.585162147879601 12.21503396332264 1351.810939520597 0.5170598477125168 11.2045758664608 2827.5302355811 585.719539962709 6350.157358705997 1.889665447175503 628.9367101565003 26.53304547816515 5768.688616663218 51.28546108305454 5.381334379315376 3748.569844841957 7146.794608429074 125.9685509875417 1098.271367870271 2099.626736395061 1.476310290396214 32.50728168711066 93.49596320837736 3941.763774208724 7.850444942712784 666.3314543515444 2443.403401352465 1447.660531364381 523.6426777914166 8.846180938184261 5.360601261258125 17.74656418710947 1.368299849331379 1.5593141913414 49.8631282672286 160.9736322015524 0 0 0 5.287303194403648 1.293434515595436 1.237852290272713 0.1741712540388107 1.17914254963398 0 0.668980173766613 0.9213663265109062 0 7.020721964538097 150.3257026970387 5.835041299462318 76.75754961371422 0 3.919379405677319 7.843686498701572 19.9774254783988 9.959628626704216 1.482929483056068 316.1824660301208 651.9474822431803 7.264250442385674 1.995968118309975 8.54554072022438 2.620235741138458 0 0.2755179107189178 8.988649345934391 1.55517253279686 76.7492361292243 50.88829196989536 74.76775948703289 23.49748228490353 3.213109187781811 0.3552983999252319 0.6003590747714043 0.3505489230155945
4.605988815426826 16.73931859433651 26.76681193709373 0.1820888817310333 0.5647404119372368 25.5848069190979 10.51477325707674 37.50585861504078 1.941238567233086 29.33274532109499 5922.604847326875 19.9227064922452 75.58686584979296 45.56056143343449 0.8309777900576591 0.5580331683158875 585.719539962709 719.0445112362504 4302.220222406089 9.001497492194176 5.942675746977329 5.055117562413216 28.24963223934174 6.28684639185667 83.26568251103163 3398.4050264135 870.1295890957117 5.636375918984413 111.3327004313469 14.67891360074282 137.804773196578 53.92304559797049 2.566384591162205 1506.244770556688 3.309092208743095 494.95445099473 764.8275434300303 1305.639295212924 444.4268961250782 8.337360866367817 2.719968751072884 26.40826100111008 0.422436885535717 0 39.15015790611506 1.799795337021351 0 0 0.1041377037763596 0.7715322971343994 0 0.5697027370333672 0 8.144150726497173 0 52.96102467179298 0 0 0.3221874535083771 3.156960718333721 26.9181622415781 47.95953618735075 0 0 0.8024230748414993 0.3586541712284088 1.337807156145573 42.10414350777864 228.2106725051999 380.1331557109952 0.9944270178675652 0.5143571943044662 0.6239607632160187 97.12434392422438 0.08550044149160385 0 0.3603477999567986 0.4270074963569641 12.17304275929928 23.69168189167976 4.951389461755753 1.653160348534584 0.3521582782268524 0 0.5783032774925232 0.3331596255302429
25.78222361207008 51.16801219433546 208.8832829594612 0.534358449280262 0.1544276177883148 29.40689096599817 28.44849494099617 102.8154893442988 3.599702462553978 25.57379018515348 3855.420910388231 13.81479648500681 15.74021638929844 120.9817873984575 0.8332177028059959 1.492899060249329 6350.157358705997 4302.220222406089 3612.935119658709 6.098112866282463 44.55835542082787 7.782474182546139 265.7811037972569 7.600223042070866 36.90802351385355 5911.196678973734 2046.668623253703 8.77765578776598 197.9775422662497 122.6331283077598 18.37926209717989 33.16345236450434 19.32876750081778 5165.410051211715 8.059246346354485 672.5031329244375 1623.802035421133 1780.449536807835 441.36301612854 7.139232881367207 1.206502698361874 25.19500693678856 2.085598506033421 0 71.1274866387248 15.55875298380852 0 0 0 4.679673872888088 0.6779908686876297 0.2312224060297012 0 2.656984731554985 0 14.10649994760752 0.6611678749322891 0 0.8611774295568466 62.11790258437395 32.10181734710932 218.6963204666972 0.5325165390968323 0.2570463865995407 1.537758395075798 2.661023333668709 1.584590159356594 28.15548744052649 574.3348129540682 946.3397678807378 1.189185708761215 0.3296615928411484 1.442451119422913 23.4176879003644 0 0 5.623598620295525 0.5458794236183167 51.41737518459558 53.54250148683786 52.28473108261824 12.41242585331202 0.8616874366998672 0 0.3646134734153748 0
27.4364762082696 0.2680649980902672 0.7007534801959991 4770.191580854356 3.72902000695467 600.0120367184281 301.5502428933978 150.9075620174408 722.2624788880348 7666.392278082669 19.80665650963783 6081.614073678851 12.23940782248974 314.4945446774364 133.5415971651673 0.5967458337545395 1.889665447175503 9.001497492194176 6.098112866282463 1905.077433757484 1.900172404944897 0.1896615773439407 2.664466805756092 877.0464837104082 4.127144612371922 11.40451411902905 10.2206255197525 2813.48782941699 436.2469933331013 4.306973323225975 1.737999849021435 41.09460289031267 7.696479894220829 163.182227820158 13.32155844569206 1550.892193473876 23.093171402812 718.9464087486267 214.1704062670469 303.2971621230245 151.7430102303624 7.181650929152966 33.83329383283854 5.355138689279556 0 0.3144586756825447 192.5716542303562 0.2775209248065948 22.87497053295374 290.0072044208646 41.10075072944164 122.7030025869608 104.4058073610067 2.821720540523529 144.113259986043 0 25.48563710600138 15.65848977863789 2.767254412174225 0.3405633568763733 1.478605851531029 0 250.2473860010505 0.7948226630687714 1.343611896038055 0 449.161283120513 0 0.3150114864110947 0.2841300070285797 410.4078732281923 13.02409009635448 52.15513767302036 0.1329091936349869 0 0 7.224772624671459 7.129382833838463 154.5152740851045 1.34175880253315 36.44575782120228 8.376644313335419 238.6392512843013 5.181585118174553 1.125906951725483 1.386665731668472
51.68078261613846 7.585288390517235 1005.002789504826 0.8476230502128601 0 12.07043617963791 253.0137764140964 56.21579541265965 103.4325283393264 13.39566345512867 10.22643662244081 1.028557516634464 12.89746501296759 115.5005371943116 0.1604762524366379 2074.053870067 628.9367101565003 5.942675746977329 44.55835542082787 1.900172404944897 10341.1817574203 314.4746961891651 16647.36132704467 741.5374883040786 20.58180335909128 82.4715084284544 586.3060564175248 4096.45867087692 535.0306927487254 11085.03948108852 0.1205350533127785 5.923288956284523 128.9877483099699 3967.576853230596 161.5294438153505 7627.526834726334 1257.359367571771 6003.108311541378 2780.491010636091 165.7531567290425 10.63668678700924 7.107727408409119 29.28480982780457 9.181937627494335 0.6506781727075577 4.540001891553402 1.470150679349899 0.4560700356960297 0.7643932551145554 18.71059343963861 6.980508506298065 30.59430633485317 1.240504212677479 1.469543561339378 3.132767736911774 0.6153323501348495 13.95220106095076 2.713139496743679 437.520007699728 2.091534078121185 0.5977767109870911 0.8180257454514503 0.8387373089790344 285.4462477192283 154.0664766728878 123.7000335752964 163.5632233321667 1.198109745979309 4.805135287344456 29.517429292202 134.3091519996524 55.05248056352139 192.4897849112749 0.1035717576742172 0.1688272058963776 3.153637006878853 18.97836282104254 14.82787598669529 159.1356157138944 6.579762361943722 40.24077597260475 15.68685635924339 42.73523627221584 2.865966580808163 3.40439048409462 1.104271411895752
0.09323060512542725 3238.805228054523 137.1682894527912 0 1.445729643106461 1.211936786770821 11.38116868585348 3.106392093002796 2252.550051480532 2.512775436043739 52.2361965328455 8.988282859325409 244.311068341136 4.177347086369991 56.36548641324043 4438.304346553981 26.53304547816515 5.055117562413216 7.782474182546139 0.1896615773439407 314.4746961891651 1740.348149888217 1003.230906382203 6128.357778191566 906.8109967634082 83.18656933307648 9945.255234248936 172.0456024706364 3.648615419864655 16.31483109295368 10.40522813051939 1.369958110153675 0 55.45671587437391 4.967832192778587 188.3629572018981 153.130846850574 225.1664482057095 133.1348132491112 91.4144027531147 0.4678097739815712 18.47531735152006 0 0.7994963824748993 21.3667055144906 41.42825461924076 1.072600200772285 0.2054407447576523 0 5.633468940854073 0.447009414434433 28.98219662159681 1.214845106005669 2.271121807396412 4.252476304769516 4.582852028310299 0.9124358519911766 0.1543397605419159 1724.339628890157 9.073877386748791 0.6653904244303703 3.610378287732601 0.4309951364994049 102.9351722300053 279.9104968830943 629.4873600080609 160.3029750287533 3.198430463671684 19.69502452015877 2344.675590276718 33.10708042234182 7.120184682309628 42.03645943850279 1.477615170180798 0 0.2715525180101395 4.680871173739433 0.3275995850563049 56.5910784304142 11.90910984575748 19.77271255105734 17.69539328664541 2.999817453324795 0.5029206573963165 0.6532158851623535 0.4222615659236908
78.00311064720154 7.769099362194538 9325.089324869215 1.774496763944626 0.284244067966938 96.66236415505409 1670.130689278245 405.715865381062 44.38553372770548 55.67796925455332 54.95228391140699 2.46398639306426 15.65045622736216 391.3185456320643 0.100916363298893 5183.259255103767 5768.688616663218 28.24963223934174 265.7811037972569 2.664466805756092 16647.36132704467 1003.230906382203 24192.85301364213 1301.132715947926 15.84083440899849 961.0275932773948 10379.99408889562 2377.577643640339 335.6677307039499 5511.872972406447 1.048540093004704 10.52243616431952 42.97610194981098 4023.59164468199 154.107052475214 10113.92112329602 6807.759064696729 10029.98763614893 9022.046214640141 227.1569602116942 18.62805939465761 20.3306352570653 31.08460970968008 2.361396133899689 5.81032370775938 124.8984649553895 0.7953973114490509 0.2898827493190765 0 15.62817052006721 5.042904518544674 16.93174904584885 0.4897786229848862 1.397468134760857 1.734068512916565 0.1507289111614227 11.36608912050724 1.300400972366333 2622.214955337346 17.21088710427284 1.728097513318062 5.814332522451878 1.046043992042542 262.5753113478422 561.645894125104 2200.103217370808 103.9626328423619 0.2683366388082504 18.28327792882919 2057.245347313583 85.36638548970222 25.2987208366394 114.5224439129233 2.03083860874176 0 4.200050823390484 18.24979957193136 11.45399357378483 200.9819328859448 23.71065147221088 75.44990262389183 74.14508988708258 17.77074901014566 4.499244958162308 4.762016862630844 0.7931581735610962
35.34002753347158 652.2792143374681 106.7273141443729 2524.039500288665 9.708018191158772 203.0322158411145 1287.542842768133 464.4080711901188 10884.04647158086 770.4990701153874 28.49642779678106 1283.576132670045 66.70229226350784 203.0897925794125 616.7591427564621 2357.983625501394 51.28546108305454 6.28684639185667 7.600223042070866 877.0464837104082 741.5374883040786 6128.357778191566 1301.132715947926 17400.22097200155 184.4922236204147 69.40042371302843 3227.081518158317 6976.846652671695 657.3110876977444 811.580999866128 4.825176618993282 44.61841452121735 110.5349103361368 291.4141771942377 92.59631685912609 4499.377884447575 236.7886281013489 1265.153707109392 666.5462838932872 594.2400340586901 123.1764832362533 16.31720010191202 35.20870064944029 55.39128687977791 9.073696449398994 8.954207971692085 256.8238166794181 0.7018468007445335 54.76586624979973 687.7953971028328 158.0737804546952 847.9716814681888 160.4412501379848 5.552157133817673 165.3402195721865 2.398790396749973 164.1997083351016 19.44737564027309 727.6058620885015 8.263822756707668 2.607428267598152 6.273035265505314 340.8184431418777 300.419231146574 542.679161220789 201.5149483904243 2139.732188716531 1.87374260276556 14.067368067801 92.85044974833727 1399.277765452862 187.7184822410345 703.9006872549653 1.074353449046612 1.458380132913589 9.621609151363373 69.47280514985323 20.72984893620014 663.2023909687996 15.05221761763096 223.609894298017 59.06298527866602 429.8956737443805 17.37874902784824 5.072807729244232 3.009604386985302
0.543114461004734 1618.616417221725 4.060101211071014 0 0.4124730378389359 7.016568712890148 3.014644637703896 9.396696411073208 213.9748443290591 7.46713150292635 1326.406090840697 7.716055229306221 6606.656869962811 4.303941257297993 4.106042824685574 31.59034579992294 5.381334379315376 83.26568251103163 36.90802351385355 4.127144612371922 20.58180335909128 906.8109967634082 15.84083440899849 184.4922236204147 944.024486169219 871.3063137680292 5828.494068004191 22.89322551339865 13.30087891221046 24.6505850404501 475.2923219799995 16.35845687240362 0 460.8254200145602 3.193257749080658 1101.828236304224 924.8451856970787 898.1415531337261 100.6563537418842 72.61980678141117 23.91349638998508 618.5156307965517 0.6406769156455994 2.354015350341797 190.5804219245911 0.7445248812437057 2.198134362697601 0 0.2789854407310486 10.47797113656998 1.183600977063179 2.323379836976528 3.005087718367577 137.4030394330621 1.633203692734241 1515.885855324566 3.850124374032021 3.212023973464966 12.42080694437027 2.082238748669624 21.65872764587402 37.18006426841021 1.394272208213806 7.346848711371422 8.79479943215847 2.586787849664688 5.601331330835819 415.5633151754737 238.7652742341161 561.0136659070849 4.129964828491211 11.50679543614388 14.78227132558823 252.2466042414308 1.481878161430359 0 67.90918807685375 0 451.9014200344682 236.8829178959131 90.68806170672178 2.914461389183998 124.6269395202398 1.340610891580582 142.4939810335636 0
20.88844314962626 478.5094976201653 6427.199704632163 1.043838120996952 1.443403042852879 74.89151867479086 264.729954496026 176.5255682505667 40.16868821531534 74.58931441605091 2880.254851795733 45.26500163972378 263.2648658156395 142.4858501330018 2.926539234817028 3.956494390964508 3748.569844841957 3398.4050264135 5911.196678973734 11.40451411902905 82.4715084284544 83.18656933307648 961.0275932773948 69.40042371302843 871.3063137680292 29571.61119666696 20611.15932708234 61.32665557414293 248.5321782678366 125.6982891783118 483.3381586298347 88.90820986032486 13.52470546215773 2454.86549397558 20.63694326579571 2592.363413706422 5605.180490024388 4362.738245643675 1574.419680468738 33.01680445671082 6.609557025134563 148.6519255414605 5.243696071207523 0.6721291616559029 758.6961169242859 305.2334874197841 0 0 0.1129140630364418 18.33034458011389 1.524464637041092 3.168034568428993 0.627314493060112 58.01524252444506 0.1979280412197113 449.2999984696507 4.557324551045895 0.2606537714600563 12.25663541257381 448.0406288281083 177.8322392627597 691.9288833662868 0 3.461730971932411 17.53399246931076 19.83005989342928 17.33153789490461 287.5152261257172 2409.259384952486 4823.30529242754 9.719528533518314 3.71941988915205 10.17132493108511 532.5450210645795 0 0.2746410816907883 37.02847264707088 2.120799675583839 278.4976084977388 234.5197180435061 241.1614222675562 74.89405194669962 3.727531455457211 0.5485129952430725 3.846093237400055 0.8194051384925842
32.51893126219511 11236.86201730371 4322.785842992365 4.814280018210411 1.420695796608925 57.66116822510958 454.5880526155233 177.6777066141367 1008.653693668544 75.57866088300943 967.7316910549998 25.6218478679657 5384.033041357994 166.681296557188 31.80635097622871 4763.580477461219 7146.794608429074 870.1295890957117 2046.668623253703 10.2206255197525 586.3060564175248 9945.255234248936 10379.99408889562 3227.081518158317 5828.494068004191 20611.15932708234 35725.08270997554 614.1980477422476 273.7651534825563 260.9649915471673 1828.501133523881 51.46435876190662 27.09716433286667 3339.016140677035 84.30331959575415 7020.931394696236 5628.496790647507 9479.958146892488 5638.126183494925 121.1857656538486 9.910246908664703 104.6240594312549 18.55506560951471 2.934454739093781 3183.225460477173 2540.042739011347 0.209744818508625 0 1.753166064620018 79.53233613073826 7.52752698212862 8.95589953660965 1.542278595268726 49.59110169112682 2.850907400250435 355.252961717546 15.96860604733229 0.1501482576131821 952.620771586895 1235.06847858429 167.4237484484911 1055.463570632041 0.3193789944052696 39.33706368505955 1051.484438456595 1800.183813452721 93.32043073326349 371.8570905327797 4329.9436866045 19725.10828085989 51.75732514262199 7.475583106279373 27.19043470174074 466.2651698440313 1.401510894298553 0.3072162270545959 95.8660655990243 15.62609452009201 995.1219454705715 494.1135075241327 967.53863158077 355.0041651204228 15.8323120623827 2.04625640809536 6.509879529476166 4.211127132177353
