390.9975821748376 0.265986904501915 5.350568845868111 8.183097146451473 0.1606772989034653 10.47439889609814 1056.237149223685 571.0146026909351 7.871415339410305 31.22953426092863 85.67692273110151 2.0585832670331 2.089258559048176 5512.788413785398 0.5471930578351021 0 146.2305252626538 27.33831387013197 88.16126038879156 4.347885705530643 23.52940540760756 0.700816810131073 8.75135675817728 78.8636716902256 0.1181023865938187 39.70958153903484 20.53360689431429 105.0332674831152 3402.188414774835 962.4983709305525 1.427746176719666 36.31107562035322 50.26388464868069 579.2807705998421 0 48.48061749339104 9.001123771071434 320.9775453656912 35.64969374239445 4.162054367363453 7.115611329674721 0.77933070063591 0.1781498789787292 0 0 0.1151450723409653 0 0 0 0 0 2.813645511865616 0 0 0 0 0.1188048496842384 0 1.205574318766594 0 0.09083767235279083 0 0 1.218675211071968 0 0 6.824889190495014 0 0.2852311506867409 0.8793208971619606 5.617775112390518 0.1096206456422806 0 0 0 0 0.3521097302436829 0 2.896444030106068 0.2010731622576714 0 0 0 0 0 0
0.265986904501915 549.1396006792784 28.42911809682846 0 0 0 0.4209249541163445 0.1879271492362022 580.3588094040751 0 82.09090655297041 1.15076656639576 929.871085844934 0.4056593626737595 1.099284067749977 111.9912943392992 37.2692531645298 3.951032690703869 11.6931428834796 0.2663572728633881 6.69873621314764 2925.60159663856 15.87605173885822 1443.723386898637 3189.635618157685 414.5958974510431 12180.59408888966 12.31340838968754 0.5018065571784973 1.32716803252697 40.13054317981005 0 0.1160398423671722 25.9670098349452 1.225968539714813 56.16967747360468 122.4354325830936 71.03660805523396 17.15470014512539 2.320102989673615 0 164.5682023018599 0.3624935448169708 0 168.6213729158044 71.77147032320499 0 0 0 0.88234031945467 0.2290460914373398 0.868306502699852 0 2.975417569279671 0 41.24407910555601 0.2604731619358063 0 5.487629882991314 31.86794259399176 3.037196822464466 19.35712743550539 0.1240820437669754 2.907796286046505 16.1910745203495 4.614075884222984 7.505378574132919 80.23425044119358 257.199882119894 1355.969891905785 3.666405715048313 0.2352550998330116 0.4667415469884872 5.613818377256393 0 0 6.458236336708069 0 46.07942926883698 55.23679479211569 40.52653378993273 16.86998027563095 1.019127406179905 0 2.054566293954849 0
5.350568845868111 28.42911809682846 9701.219293393195 4.900553449988365 0 19.51530921459198 421.5246028006077 47.75420793890953 3.261860653758049 71.14738944172859 10.44705887138844 0.4448919147253036 4.280068725347519 31.1163270175457 0.4594432637095451 11.7104354351759 4886.442610219121 11.40635846555233 153.5991541221738 0.865921176970005 1200.121679149568 6.184021063148975 16061.5032049194 171.1209506615996 1.14736171066761 14150.45212753862 8372.384220048785 1075.276052594185 29.71924848854542 421.330549120903 5.822135880589485 0.9545865431427956 2.193821460008621 316.5564714446664 13.29166728258133 2505.493412218988 5814.463827632368 1839.552876114845 891.6981620192528 43.45414114743471 6.76889756321907 5.731088280677795 16.77532234787941 0 172.5855304449797 608.3029355108738 0.2554109916090965 0 0.3061918169260025 2.54168576002121 0.6091054677963257 0.5973482951521873 0 0.5148751065135002 0 0.119669571518898 0.2128308564424515 0.1737069934606552 34.82709632068872 21.26868367195129 1.304238364100456 6.485944412648678 0.3389509320259094 8.997485376894474 67.95350896567106 51.24638612568378 11.0014722943306 2.14732088893652 152.788545049727 2396.419443331659 14.92059195041656 0.171917200088501 1.350478500127792 0.7485793083906174 0 0 2.777042731642723 2.687780320644379 60.61633457988501 526.5433820486069 16.41156623512506 6.551131062209606 0.2383991032838821 0 0 0
8.183097146451473 0 4.900553449988365 3176.420239180326 4.451616533100605 185.0601075142622 109.0571218281984 64.18954971432686 1489.20255548507 2942.16964327544 18.59674259275198 3504.254653379321 1.522390648722649 37.69592266529799 63.0150935575366 0 6.934295505285263 3.692056506872177 4.108494192361832 5681.471274554729 7.137349843978882 0.6725590825080872 2.10481982678175 3605.918344527483 0.09594990313053131 11.15144149959087 3.973666928708553 1410.161206811666 235.8076076805592 9.476294793188572 0.0858161598443985 13.39210245013237 24.44479875266552 80.25601602345705 1.174461483955383 780.8798525556922 12.61039716750383 278.8875253945589 89.55854864418507 503.4938209056854 45.87563597410917 1.163252145051956 10.51157607883215 0.1156042218208313 0.131553441286087 0.8233330845832825 81.81303213536739 0.8883184194564819 1.532762601971626 9.600122094154358 6.899982333183289 56.7583291977644 54.2087542489171 0.8864709585905075 49.96565808355808 0 1.797445893287659 5.104881957173347 0.6460068076848984 0 0 0 59.95606676489115 1.706282436847687 0.1374689638614655 0 258.505021572113 0 0.1122062504291534 0.4240320473909378 249.5844570919871 3.113822191953659 4.341194570064545 0 1.713345050811768 0 4.98986541479826 0 159.8324605002999 0.4547780156135559 11.12836284190416 1.281275272369385 112.6633338332176 1.318106904625893 0.4476847052574158 0.1366846859455109
0.1606772989034653 0 0 4.451616533100605 85.90227119624615 485.1445554643869 1.584914654493332 98.11037047207355 87.83787001669407 6.470274351537228 1.621861040592194 121.0270036607981 0 11.43016368150711 1290.309004299343 0 0 0.2232939675450325 0 5.609519757330418 0 0.7402146905660629 0 12.79237393289804 0.18796157091856 0.094793401658535 0 1.688622437417507 4.573901869356632 0.4811022877693176 0 595.4887704327703 0 11.10475129634142 0 36.44911306351423 0 12.25975942611694 1.679675728082657 2184.327751874924 12.32970610260963 0.1914607435464859 1.503854036331177 0 0 0 0 0 0 0 0 0 0.6095293164253235 0 0.2879994809627533 0 0 0.1499774754047394 0.1256257891654968 0 0 0 0.1000805720686913 0 0 0 1.009081467986107 0 0 0 0.09346666932106018 0 0 0 0 0 0 0 0.6300833076238632 0 0 0 0.2047493606805801 0 0 0
10.47439889609814 0 19.51530921459198 185.0601075142622 485.1445554643869 11489.34886527807 784.7831827402115 3320.012959502637 102.6807267814875 15600.23096311092 204.6567436233163 5557.142110832036 25.13851265609264 400.3932922035456 2182.405541710556 0 52.56101996451616 22.43055398017168 25.61241897195578 730.3172957897186 6.379061222076416 0 9.419949531555176 121.0544795691967 0.5386670082807541 45.25894998759031 13.85964366793633 930.5469470024109 484.7590101510286 48.13865444809198 2.60053063929081 2239.563105590641 9.372742235660553 446.5409896746278 1.641390264034271 382.5250386372209 16.72010037302971 355.6879554912448 115.7389074265957 2467.530075110495 174.0469036400318 34.79135809838772 12.61086457967758 0 0 0.1790167838335037 4.763129688799381 0 0 1.518210060894489 0.4125817716121674 3.342909917235374 0.7886194139719009 0.1493645012378693 18.30067992210388 0.1230485066771507 1.764411509037018 2.405561923980713 1.602881446480751 0 0 0 2.406077548861504 1.133837498724461 0.4369774460792542 0.8586104959249496 21.38606311380863 0 0.1240213736891747 0.7991724833846092 17.5051599368453 1.264886230230331 1.201760038733482 0 0 0 0.4370585381984711 0 13.03627111762762 0.30340576171875 0.8403404504060745 0.3562886416912079 9.727100297808647 0 0 0
1056.237149223685 0.4209249541163445 421.5246028006077 109.0571218281984 1.584914654493332 784.7831827402115 13849.34883996099 5686.82301453501 514.728848144412 5865.745485328138 138.9168089330196 28.59311754256487 8.504550620913506 8699.778514817357 13.79796442389488 0.1088333949446678 1528.005331560969 50.50626491755247 308.005728572607 19.09570227563381 429.4557764679193 2.051309481263161 414.7107893228531 1835.19018766284 0.1176048293709755 639.8808652088046 215.6287653595209 20757.78899252415 1933.789830558002 6918.981518350542 1.746114894747734 121.5983682572842 181.3007293492556 719.9518761485815 2.937055602669716 2570.770419299603 202.6406097635627 1629.544642224908 525.9851016253233 315.2337246984243 145.8615732267499 6.162704229354858 35.83682299405336 0.935662068426609 0.6065742373466492 4.253299124538898 55.58974074572325 0.8848253935575485 5.747193776071072 30.46141524612904 19.55950871855021 79.04901815205812 46.67259356379509 3.492648154497147 8.904047518968582 0.1032069697976112 11.2323944196105 0.9676275476813316 16.18211303651333 0.1072791889309883 0.9927461594343185 0.08544409275054932 50.73717399686575 25.12679447978735 4.902511298656464 4.976214066147804 681.2397232502699 0.09468346834182739 2.964642398059368 16.08967330306768 661.4991141036153 20.33611983805895 25.53765322268009 0.2301747426390648 5.467771053314209 1.496101729571819 17.27593066543341 0.7304430305957794 250.8244530856609 2.265922836959362 48.70032184571028 14.4028150588274 104.7620198577642 5.408675327897072 1.995423197746277 0.1104190498590469
571.0146026909351 0.1879271492362022 47.75420793890953 64.18954971432686 98.11037047207355 3320.012959502637 5686.82301453501 9646.954500406981 48.41338815540075 5977.5938346982 317.4001806974411 567.9425005316734 19.95845942944288 6005.574586331844 556.9781621471047 1.701617375016212 448.9726968333125 55.47625516355038 248.3619063869119 274.3341718092561 24.19413692504168 1.746291413903236 27.47666521370411 258.0593532621861 0.6052813082933426 189.7712921723723 68.09127362072468 483.2539295479655 905.8173609003425 835.0403279066086 3.466048374772072 1542.321864828467 15.76419171690941 1012.06461533159 0 454.6944055855274 32.34316072613001 740.3565593510866 202.3033995553851 782.1070497632027 199.0513126179576 37.68840067833662 18.19980588555336 0 0.09134649485349655 0.5095607042312622 1.073611430823803 0 0 2.779290601611137 1.110112704336643 6.671777725219727 2.91601924598217 0.266917809844017 3.136379644274712 0.6908313781023026 0.2157222628593445 0.6830796003341675 4.175474241375923 0 0 0.2282192930579185 1.56135867536068 5.827294275164604 1.660506129264832 0.2137530893087387 47.91678148508072 0.2461687028408051 0.9609692469239235 3.929601229727268 53.65732537955046 2.031150780618191 3.548159942030907 0.2903964072465897 0 0 1.337534561753273 0 17.2412092089653 1.499924354255199 1.429517097771168 0.9292576014995575 8.064995855093002 0 0.198287308216095 0.1647463589906693
7.871415339410305 580.3588094040751 3.261860653758049 1489.20255548507 87.83787001669407 102.6807267814875 514.728848144412 48.41338815540075 1317.837229982018 353.8144111633301 9.387888379395008 504.8819536268711 79.0133014395833 25.21800328791142 707.3200438544154 107.1650685593486 3.987319216132164 2.273452140390873 2.320103012025356 989.7184149622917 54.43938247859478 2721.692586623132 33.15228412300348 12531.53879365325 195.1960792317986 37.98286389559507 1023.129984602332 1244.610602848232 62.26671483367682 77.95376563072205 9.945388920605183 14.35258208960295 12.78477515280247 20.42003538459539 0.8392013907432556 297.5112399458885 33.93049615621567 80.05304390192032 23.79927856475115 284.6553515121341 13.54640685021877 7.078613251447678 2.88972319662571 1.010745964944363 1.118229866027832 1.064080603420734 67.45523158460855 0.5999142676591873 5.220565535128117 28.6052380874753 27.00010954588652 84.60649581998587 54.43326632678509 5.308892026543617 19.16476462781429 2.715265855193138 17.03525277227163 8.592374779284 497.9110006317496 1.119438804686069 0.4915120378136635 0.3438244611024857 51.19417509436607 161.4014897048473 76.84958633780479 129.0033970028162 1087.415751755238 1.095896601676941 3.31154327839613 32.36562555283308 516.2036868110299 26.22153514623642 60.64865768700838 0.807297557592392 5.085041172802448 0.7856853827834129 10.7289229631424 0 113.4462561234832 3.882588095963001 47.41124395281076 10.49065748602152 97.569580540061 5.39226059615612 5.457199305295944 1.042841672897339
31.22953426092863 0 71.14738944172859 2942.16964327544 6.470274351537228 15600.23096311092 5865.745485328138 5977.5938346982 353.8144111633301 39205.73425028473 436.9203973561525 3022.437003083527 23.63580333441496 1734.361358091235 100.6828815191984 0 197.8697965815663 81.02699114382267 78.64625035226345 4134.250754594803 30.01408796012402 0.140320897102356 40.76196628808975 661.9262320622802 0.5119118914008141 165.073662057519 48.84537543356419 7060.79244363308 1665.826182760298 143.9322937354445 7.727064520120621 265.9096990376711 46.44016274064779 1028.300662852824 5.55811982601881 2188.550629250705 88.12471217662096 2070.639069199562 443.3096067011356 772.7339772880077 356.201950982213 24.10023422539234 50.96342531591654 0 0 0.7725456953048706 55.00675024837255 0.2006704956293106 2.787634283304214 11.37955399602652 4.84211627393961 43.18293185532093 35.16668623685837 1.071059986948967 26.52652171254158 0.4052566513419151 3.828945256769657 0.8992139101028442 3.348677687346935 0 0 0 37.4549890384078 2.849916912615299 0.3952598124742508 0.1185828670859337 223.0165953785181 0.2291316539049149 1.098940342664719 2.36775679141283 225.9218054041266 1.807722136378288 2.620880335569382 0.3271293044090271 0.6643912792205811 0.09038553386926651 4.439603164792061 0.3386982083320618 115.2955474108458 1.327803328633308 8.696689933538437 1.502661749720573 70.27102583646774 1.083218574523926 1.613237053155899 0.1297847479581833
85.67692273110151 82.09090655297041 10.44705887138844 18.59674259275198 1.621861040592194 204.6567436233163 138.9168089330196 317.4001806974411 9.387888379395008 436.9203973561525 9303.924551419914 226.7545438855886 2276.813979774714 412.4991613104939 9.106872215867043 1.432029448449612 194.6749992221594 4010.674502380192 719.8423856347799 97.97727722674608 59.59131227433681 18.9342642724514 41.76824758201838 47.93340787291527 666.6878006383777 1195.295384965837 358.0337702035904 76.4961461648345 709.4970136806369 62.28514266014099 393.2318698316813 261.4335518404841 17.27247935533524 10564.03327026963 16.31891113519669 531.4868165403605 5380.51547857374 8846.316760316491 1399.546785600483 67.6264565512538 8.900746054947376 1668.872543498874 6.021082207560539 0 9.741848856210709 0.8087969422340393 0.4443581104278564 0 0 0.4730411469936371 0 2.232800729572773 0 148.4930429980159 0.9520412534475327 763.5316324159503 0 0 0.4711013734340668 0 48.36176313459873 1.386727258563042 0.3589752912521362 0.4804084822535515 0.7446403056383133 0.09561611711978912 9.484394192695618 341.8944176733494 164.8495316654444 203.739395827055 8.688289523124695 0.1178597137331963 1.03104555606842 143.6934614405036 0 0 3.529800355434418 1.432031333446503 13.66253763437271 262.1302897334099 5.763422511518002 1.526071950793266 0 0 33.73362892866135 0
2.0585832670331 1.15076656639576 0.4448919147253036 3504.254653379321 121.0270036607981 5557.142110832036 28.59311754256487 567.9425005316734 504.8819536268711 3022.437003083527 226.7545438855886 11140.87777715176 13.01948971301317 123.2376216128469 1427.585421875119 0 2.032259866595268 33.14331959187984 6.769096590578556 8185.31944385916 0.349881187081337 2.292770698666573 0 314.6163797229528 0.2564485520124435 10.4427659958601 7.461098432540894 877.9521295726299 327.5899050831795 1.494111329317093 3.150985017418861 206.0836039707065 0.7016223520040512 418.2184812426567 15.08586412668228 946.0398595258594 9.31920425593853 491.2391076311469 63.73022300750017 1822.40420755744 147.153585024178 13.39435821771622 8.164893433451653 0 0 0.3061797022819519 31.22969146072865 0 0.4564739465713501 4.872376695275307 1.19065322726965 13.30860581994057 15.07407081872225 0.09578805416822433 503.9624506086111 0.3592494800686836 0.8727868273854256 2.990678161382675 0.7389051765203476 0 0.08426845073699951 0 17.03260428458452 1.85404945909977 0 0.3254365772008896 45.2460058927536 0.1413565278053284 0 0.1744869351387024 43.05282422155142 1.524255447089672 0 0 0.1040046587586403 0 1.338650286197662 0 69.07597999274731 0 4.812498681247234 0.7052024900913239 50.49923086166382 0.4297497496008873 0.158079132437706 0
2.089258559048176 929.871085844934 4.280068725347519 1.522390648722649 0 25.13851265609264 8.504550620913506 19.95845942944288 79.0133014395833 23.63580333441496 2276.813979774714 13.01948971301317 4145.466141179204 10.23763234168291 1.202997513115406 12.53539659827948 4.393593445420265 79.856738679111 22.25534845143557 6.411977954208851 8.893857911229134 273.0528794005513 14.0190761461854 170.6389123946428 7027.651361480355 526.9622442871332 4302.669233202934 12.19281093031168 16.09285462647676 3.649652607738972 982.2594494894147 30.71501861512661 0.4809841439127922 1106.477883063257 70.6280170083046 2449.003883108497 5998.038221463561 4455.318411514163 1054.831007741392 99.63232123851776 217.6736950799823 2613.646333120763 20.76956611871719 0 38.46795376390219 0 0 0 1.068330161273479 0.2025583311915398 0.1150802597403526 0.7160956338047981 0.1277176886796951 388.0799180865288 0 2366.476325005293 0 0 0.8495258465409279 0.3156443759799004 78.5959390848875 6.348972357809544 0.1250223517417908 1.240130290389061 2.364703550934792 0.5960703939199448 2.370225615799427 1177.696308061481 337.8212040066719 579.5836087018251 0.4492967799305916 0.1409895271062851 0 305.9071279317141 0.3793897330760956 0 5.998817712068558 8.291644364595413 246.592780418694 785.0414711683989 28.63073153048754 4.015706956386566 8.205173917114735 1.179345332086086 210.2490996345878 0
5512.788413785398 0.4056593626737595 31.1163270175457 37.69592266529799 11.43016368150711 400.3932922035456 8699.778514817357 6005.574586331844 25.21800328791142 1734.361358091235 412.4991613104939 123.2376216128469 10.23763234168291 15625.03818523884 12.06922708451748 3.535250544548035 544.6940989792347 84.53264783322811 303.0669861882925 61.5953116863966 43.93301399052143 4.725586473941803 19.12218023836613 261.5632881447673 0.5977480560541153 169.7887228801847 72.02991899847984 324.5742841660976 6396.374567426741 1878.856680721045 4.236446224153042 1667.996191620827 15.29826268553734 1486.249044746161 0.165015310049057 319.2519526556134 27.24944303929806 725.916489161551 118.7134733349085 91.16014782339334 46.07978927344084 8.531718164682388 4.577816724777222 0.2456607669591904 0.3488042429089546 0.1011052057147026 1.336341917514801 0 0 0 0.6577315703034401 5.307293877005577 0.5547341704368591 0 0.685579739511013 0.8042781725525856 0.7349389046430588 0 8.60786235332489 0 0.1073899567127228 0 0.4417707920074463 9.693148195743561 1.756994992494583 1.447152823209763 27.41161200404167 0.1955328434705734 1.227694310247898 2.47574009001255 20.36328940838575 0.4413726478815079 3.417432591319084 0.2926966696977615 0 0 0 0 11.47652050852776 1.729682892560959 1.043892949819565 0.5440998077392578 2.287812724709511 0 0.5592594221234322 0.1692632436752319
0.5471930578351021 1.099284067749977 0.4594432637095451 63.0150935575366 1290.309004299343 2182.405541710556 13.79796442389488 556.9781621471047 707.3200438544154 100.6828815191984 9.106872215867043 1427.585421875119 1.202997513115406 12.06922708451748 257.3986633419991 0 0.4558963775634766 1.236294306814671 0.2276477143168449 129.7276945561171 0 4.234434068202972 0 279.0257816240191 0.234688013792038 1.209332250058651 2.889945477247238 31.85297177731991 21.78578953444958 0.2241884171962738 0 867.3598165214062 0 22.68245930969715 1.08426570892334 711.4117798954248 0.4004095122218132 15.4031787738204 2.781901963055134 1723.886420711875 42.58390238881111 0.575473889708519 0.2706808596849442 0 0 0.1576285511255264 4.561829820275307 0 0.3138892948627472 0.1529118120670319 0.2438070774078369 2.131622210144997 2.28955389559269 0.3065131306648254 5.999274499714375 0 0.5478295683860779 0.737668365240097 0.8766940161585808 0 0 0 3.49348683655262 0.2178655341267586 0.186885878443718 0.8028014600276947 3.275731667876244 0.2946944087743759 0 0 7.70118360221386 0 0 0 0 0 1.001320198178291 0 20.44749771058559 0 0.5989578068256378 0.137632742524147 16.69157798588276 0 0 0
0 111.9912943392992 11.7104354351759 0 0 0 0.1088333949446678 1.701617375016212 107.1650685593486 0 1.432029448449612 0 12.53539659827948 3.535250544548035 0 5705.107145518064 10.60567522794008 0.1549147814512253 1.475939311087132 0 6955.764725759625 2731.701873905957 4326.62603136152 1907.65657030791 20.12612702697515 21.04158996045589 6777.314376711845 1138.00616402179 3.424063958227634 12.61648958176374 1.079833664000034 0 0.1498546898365021 16.81361409276724 4.249105900526047 1938.474546961486 809.6864460259676 234.3618865087628 223.0216072946787 22.98225884139538 5.046790517866611 6.793937295675278 12.67443156987429 0.5677528902888298 4.97070600092411 44.3868957310915 0 0 0 2.70077957212925 4.917067669332027 7.346971742808819 0.2167633920907974 0.4043643176555634 0.09024949371814728 0 2.567576617002487 0.1096899807453156 3232.659214220941 1.985714018344879 0.1482207030057907 0.4567660540342331 0 159.6707186251879 575.5839355587959 1559.473927676678 106.9446220546961 0.1537941545248032 4.47020898014307 1997.933463521302 45.15985908359289 2.702724494040012 39.28221681714058 0.164760023355484 0.3872895389795303 0 3.310840792953968 1.18401426076889 706.575233541429 10.26438696682453 7.629394106566906 4.410348787903786 3.445563271641731 0 7.860623955726624 1.094971537590027
146.2305252626538 37.2692531645298 4886.442610219121 6.934295505285263 0 52.56101996451616 1528.005331560969 448.9726968333125 3.987319216132164 197.8697965815663 194.6749992221594 2.032259866595268 4.393593445420265 544.6940989792347 0.4558963775634766 10.60567522794008 3466.261423565447 117.3844044730067 3766.306284613907 1.070952415466309 1998.946206428111 12.05066870898008 5321.721556566656 61.80357564985752 2.050872027873993 2092.22035817802 8941.958120599389 539.6941866949201 582.895074531436 3845.588208295405 2.438038796186447 12.63608301430941 20.064626917243 2212.459857352078 1.346371784806252 1080.275672316551 3493.738322027028 1080.084872916341 318.3801156356931 11.93160499632359 8.168314136564732 7.511510066688061 5.195655129849911 0 74.57981888204813 70.38658253103495 0 0 0 1.695187918841839 0.3129666969180107 0.7026428580284119 0 0.09220018982887268 0 4.369430400431156 0.2233514189720154 0 3.147070296108723 23.87398690730333 4.267388224601746 18.07832133769989 0 2.864182732999325 4.449203014373779 3.136357858777046 3.868588007986546 2.803302399814129 273.4368908330798 570.0239687412977 2.516719080507755 0 0.3104791045188904 1.623961612582207 0 0 1.381319679319859 0.3040522336959839 28.62080068141222 357.8822124004364 28.20118551701307 5.943669721484184 0.6616513580083847 0.1730141639709473 0.3634858131408691 0.4957005530595779
27.33831387013197 3.951032690703869 11.40635846555233 3.692056506872177 0.2232939675450325 22.43055398017168 50.50626491755247 55.47625516355038 2.273452140390873 81.02699114382267 4010.674502380192 33.14331959187984 79.856738679111 84.53264783322811 1.236294306814671 0.1549147814512253 117.3844044730067 1236.191940464079 864.3636466413736 15.20349842309952 46.76694282144308 1.457047022879124 33.28599744290113 6.932040818035603 68.21741646528244 2988.745677314699 486.6084345057607 21.18670465797186 121.694486528635 43.37382238358259 276.3976271301508 11.78086747229099 6.488583497703075 1951.795022830367 2.156902678310871 630.9143391102552 1851.058610111475 2909.666310846806 858.7779326587915 10.77462565153837 3.751142062246799 25.35362444072962 5.883972465991974 0 1.286810152232647 0.2052387595176697 0 0 0 0.09652923792600632 0 0 0 66.34765580296516 0.3924836218357086 196.0432593971491 0 0 0.173023134469986 0.2493116781115532 45.80225560814142 4.267342679202557 0 0 0.4064546823501587 0 2.797885127365589 135.9891208559275 202.8936287537217 240.2127274796367 0.6711610704660416 0.1175042986869812 0.4017403125762939 99.16156490147114 0 0 1.61644621938467 0.2268891930580139 9.567505948245525 50.29658949375153 4.980844095349312 1.133649945259094 0.2073518931865692 0 2.365228533744812 0
88.16126038879156 11.6931428834796 153.5991541221738 4.108494192361832 0 25.61241897195578 308.005728572607 248.3619063869119 2.320103012025356 78.64625035226345 719.8423856347799 6.769096590578556 22.25534845143557 303.0669861882925 0.2276477143168449 1.475939311087132 3766.306284613907 864.3636466413736 3615.368441641331 3.616301998496056 290.5121982544661 1.035447090864182 311.2112666070461 12.43069925904274 12.54924213141203 3641.583054192364 1090.05740750581 94.67961847037077 420.2574128136039 383.3916607946157 18.13014333695173 9.261901251971722 26.6448602899909 4201.516927756369 4.489550389349461 1421.994680546224 2951.786049984396 3151.590872548521 756.8224887400866 11.56880666315556 5.577477321028709 8.491549864411354 5.399491608142853 0 16.46010119467974 5.653937108814716 0 0 0 0.8044219687581062 0.2093257531523705 0.42661302536726 0 20.69066637009382 0 56.89312122762203 0 0 0.3865458965301514 3.960457690060139 37.35632878541946 35.44879756122828 0 0.2518470957875252 1.57838673889637 0.7347795069217682 1.180286400020123 18.45930550992489 492.0636783838272 566.0260720327497 0.8513977825641632 0 0.2204097807407379 44.0038491114974 0 0 1.223938196897507 1.049949288368225 13.9809430539608 231.1831295564771 17.83302060514688 5.11658126860857 0.4605309367179871 0 0.5127398073673248 0
4.347885705530643 0.2663572728633881 0.865921176970005 5681.471274554729 5.609519757330418 730.3172957897186 19.09570227563381 274.3341718092561 989.7184149622917 4134.250754594803 97.97727722674608 8185.31944385916 6.411977954208851 61.5953116863966 129.7276945561171 0 1.070952415466309 15.20349842309952 3.616301998496056 1198.87556297332 0.6565079092979431 0.1463500708341599 0.1542094498872757 977.3208438232541 0.1224053502082825 5.475075483322144 2.264079041779041 1197.194705672562 261.3346956297755 1.418550901114941 1.357415273785591 61.25334202498198 5.769900463521481 230.8863906934857 2.611081808805466 1086.461297258735 10.8365072235465 483.5385392531753 85.20850593596697 845.6823953837156 111.5064968392253 6.331280790269375 20.52184917777777 0 0.2278551459312439 0 71.94833108782768 0.329372376203537 1.563002467155457 5.361934021115303 6.273135162889957 49.43185618519783 46.68437013030052 0.6301552057266235 102.9601432085037 0 3.370697513222694 4.511446326971054 0.7288383841514587 0 0.3763197660446167 0 44.89246027171612 2.545983545482159 0.1172173619270325 1.011212557554245 208.5815418809652 0 0.1098116785287857 0.2294288948178291 205.0848229452968 4.303948648273945 1.104880809783936 0 0 0 4.866120040416718 0 171.3441356644034 0 5.158759534358978 1.070804387331009 108.1704979166389 0.2052251696586609 0.2573432251811028 0
23.52940540760756 6.69873621314764 1200.121679149568 7.137349843978882 0 6.379061222076416 429.4557764679193 24.19413692504168 54.43938247859478 30.01408796012402 59.59131227433681 0.349881187081337 8.893857911229134 43.93301399052143 0 6955.764725759625 1998.946206428111 46.76694282144308 290.5121982544661 0.6565079092979431 18554.5059664771 162.0064121708274 21826.71279108524 1438.383098915219 2.413624346256256 702.8710689246655 1826.712112650275 8863.04181355983 130.9738281071186 15147.26357681304 1.19534457474947 1.429735101759434 67.73897920548916 2645.356323868036 17.87728655338287 10328.56424059719 939.6919307783246 6264.336666308343 2372.318942539394 157.8465543985367 25.09546457976103 9.876513630151749 57.73583057522774 1.036988914012909 1.538013659417629 6.431198872625828 0 0 0.1141961142420769 7.870005249977112 10.62674639374018 15.59687430411577 1.353438630700111 0.9035228416323662 0 1.399963423609734 6.176229231059551 0.861088752746582 769.3780651986599 0.2868589460849762 0 0.3148185387253761 0 210.8799334987998 72.48526848107576 216.6963329687715 142.3771391510963 0 2.4629792496562 93.18196071684361 86.64446856826544 6.912365257740021 79.03603987395763 0.152212381362915 0.2131309360265732 0 0.8124390915036201 1.472905665636063 113.7672329097986 6.406740844249725 2.704072095453739 0.4123952835798264 3.798598289489746 0.1654718071222305 4.345902785658836 1.675366759300232
0.700816810131073 2925.60159663856 6.184021063148975 0.6725590825080872 0.7402146905660629 0 2.051309481263161 1.746291413903236 2721.692586623132 0.140320897102356 18.9342642724514 2.292770698666573 273.0528794005513 4.725586473941803 4.234434068202972 2731.701873905957 12.05066870898008 1.457047022879124 1.035447090864182 0.1463500708341599 162.0064121708274 1794.922300174832 494.0973958447576 8606.707524187863 1060.40589800477 42.50084860622883 7649.323025681078 114.6894902661443 4.91789985448122 5.009388864040375 22.50241769850254 0.5230587422847748 0.1061323508620262 4.964945994317532 0 43.6983911767602 35.03806358575821 20.93698497116566 6.648332647979259 8.870798483490944 1.750794634222984 19.75128309428692 0.1019079610705376 0 10.09069473296404 39.69916963577271 0.1201310753822327 0 0 2.217592969536781 0.9771445542573929 17.19575809687376 0.3067166805267334 1.76516280323267 0 4.623863361775875 1.283803552389145 0.5313771516084671 1036.914889454842 3.263094544410706 0.71812604367733 1.577584564685822 0.4880114197731018 59.27098394185305 109.6521350592375 356.210898257792 86.00707811117172 1.941522218286991 16.90512339770794 1163.87036986649 32.73108408600092 0.9054338932037354 13.66022980958223 0.7742167413234711 0 0 1.438726626336575 0 48.32443456351757 11.46612048894167 5.322169363498688 2.807832099497318 2.964873693883419 0 0.389749601483345 0
8.75135675817728 15.87605173885822 16061.5032049194 2.10481982678175 0 9.419949531555176 414.7107893228531 27.47666521370411 33.15228412300348 40.76196628808975 41.76824758201838 0 14.0190761461854 19.12218023836613 0 4326.62603136152 5321.721556566656 33.28599744290113 311.2112666070461 0.1542094498872757 21826.71279108524 494.0973958447576 19324.48098996282 748.0657033920288 5.435667708516121 2979.240957319736 16862.23199250549 2806.89358241111 40.13154823333025 5135.585676886141 3.553241454064846 1.14016342908144 10.56374005973339 2132.928550742567 56.87176764011383 21034.34697924554 11511.14223171026 6544.09189081192 4913.577239662409 371.9330792427063 20.14204939454794 20.37530376762152 126.9314885884523 0.2514172196388245 9.012547507882118 123.1937934830785 0.1803893893957138 0 0 1.018220476806164 2.472376272082329 2.432320192456245 0.4046343564987183 0 0 0.2253925204277039 1.196671456098557 0 2060.052635408938 1.780271150171757 0 0.516973689198494 0 53.76341174542904 261.7931246608496 1063.005081348121 45.92425241321325 0.3155017271637917 12.93223740160465 1629.129619114101 22.84249113500118 1.992230132222176 12.32415990531445 0 0.1093903481960297 0 0.4780790507793427 16.31812919676304 578.710645981133 38.71276678144932 5.071220546960831 3.901818498969078 1.315651506185532 0 6.468645930290222 0
78.8636716902256 1443.723386898637 171.1209506615996 3605.918344527483 12.79237393289804 121.0544795691967 1835.19018766284 258.0593532621861 12531.53879365325 661.9262320622802 47.93340787291527 314.6163797229528 170.6389123946428 261.5632881447673 279.0257816240191 1907.65657030791 61.80357564985752 6.932040818035603 12.43069925904274 977.3208438232541 1438.383098915219 8606.707524187863 748.0657033920288 15226.11255200952 443.4834635853767 146.2705022543669 6214.863302089274 9669.739841684699 911.2118969112635 477.345336727798 19.71322314441204 22.63609021902084 217.7357700541615 217.6106563806534 9.677219048142433 4231.845005959272 238.4848822802305 1323.676491558552 492.2823288813233 1035.668927490711 123.5572765916586 17.52739564329386 50.28009925782681 9.431512594223022 9.127468936145306 26.40782520920038 203.4826675876975 1.330513522028923 19.77174334973097 112.137069657445 112.1393092051148 678.3587337806821 167.697143279016 19.41308958828449 34.15666269510984 3.323162838816643 75.16154627501965 11.70377514511347 1310.200140096247 4.17206334322691 2.416888363659382 2.006575457751751 151.1699691936374 688.5496784821153 270.3296144008636 375.0184133723378 3863.738427720964 2.078417502343655 18.46082470566034 273.4559673666954 2765.664096526802 110.7861893996596 342.3484408780932 0.597104623913765 12.58853439986706 6.326953984797001 62.66336558759212 2.161870151758194 872.674938082695 10.86882817000151 189.5968459025025 55.93084409087896 395.0537952855229 29.68651304394007 9.417179755866528 5.104268714785576
0.1181023865938187 3189.635618157685 1.14736171066761 0.09594990313053131 0.18796157091856 0.5386670082807541 0.1176048293709755 0.6052813082933426 195.1960792317986 0.5119118914008141 666.6878006383777 0.2564485520124435 7027.651361480355 0.5977480560541153 0.234688013792038 20.12612702697515 2.050872027873993 68.21741646528244 12.54924213141203 0.1224053502082825 2.413624346256256 1060.40589800477 5.435667708516121 443.4834635853767 595.3431845083833 281.8923313990235 4868.212341293693 5.79080593585968 0.5191522985696793 0.3840546309947968 394.8582015782595 0.423886314034462 0 274.8681687265635 9.521576210856438 1112.29133502394 708.7999921888113 874.4359327927232 156.0930554047227 25.36965132504702 33.39657735824585 1422.880143418908 11.2064106464386 0.09813718497753143 46.25986061990261 0.5332137197256088 0 0 0 0.115281417965889 0 1.24793016910553 0 111.8347242325544 0.101426400244236 1101.435488887131 0 0 2.092890121042728 0.1455994844436646 41.91448175907135 6.156286597251892 0 1.362807959318161 2.294117011129856 2.898933745920658 2.699499949812889 380.1331809684634 339.1090126037598 939.315318338573 1.504618361592293 0.8614578247070312 0 123.3654819428921 0 0 6.93977352976799 0 279.3130886629224 152.2125706896186 18.96511532366276 5.19978404790163 11.53019993752241 0 68.91569621860981 0
39.70958153903484 414.5958974510431 14150.45212753862 11.15144149959087 0.094793401658535 45.25894998759031 639.8808652088046 189.7712921723723 37.98286389559507 165.073662057519 1195.295384965837 10.4427659958601 526.9622442871332 169.7887228801847 1.209332250058651 21.04158996045589 2092.22035817802 2988.745677314699 3641.583054192364 5.475075483322144 702.8710689246655 42.50084860622883 2979.240957319736 146.2705022543669 281.8923313990235 32582.60896844417 16887.30588589609 605.7615490332246 190.0733179003 453.3957005143166 2357.76220690459 8.025790601968765 12.00487776845694 1198.077715083957 9.831660881638527 3637.867282234132 10766.1998340711 3972.258776575327 1409.857555516064 33.85360024124384 9.673202224075794 36.69342444837093 11.9017064422369 1.500458776950836 754.6160454154015 151.3927089720964 0 0 0.6502333581447601 13.41546017676592 2.360907129943371 3.466269992291927 0.7128695771098137 165.6336655020714 0.5333017408847809 706.1337838619947 2.471718356013298 0.09968216717243195 7.370313540101051 213.7304116785526 279.7866393625736 380.161859460175 0.3450002893805504 7.675918355584145 18.7144908234477 10.29360768944025 14.04794263839722 475.2188529744744 4906.109937056899 7387.008033946157 9.005208291113377 0.8852225318551064 4.45760041475296 359.1920491531491 0.1208027452230453 0.2930207401514053 26.86832662671804 3.987046733498573 284.4520416557789 2650.550270035863 313.8230235874653 86.29146185517311 4.012866079807281 0 4.195585310459137 1.600515976548195
20.53360689431429 12180.59408888966 8372.384220048785 3.973666928708553 0 13.85964366793633 215.6287653595209 68.09127362072468 1023.129984602332 48.84537543356419 358.0337702035904 7.461098432540894 4302.669233202934 72.02991899847984 2.889945477247238 6777.314376711845 8941.958120599389 486.6084345057607 1090.05740750581 2.264079041779041 1826.712112650275 7649.323025681078 16862.23199250549 6214.863302089274 4868.212341293693 16887.30588589609 54363.61137213558 2701.190559610724 96.2590886130929 262.7591332346201 2418.015361189842 2.936887688934803 10.90152794867754 2265.702482990921 81.93809745460749 14564.87094720453 7871.498877421021 11214.73218269646 5306.878367461264 395.8312198519707 27.23264299333096 59.97125210613012 81.26747517287731 1.09191469848156 2772.939802020788 2406.660446994007 0.2108995467424393 0 0.3945301845669746 18.05667281150818 2.580787464976311 9.2707429677248 0.1071098670363426 196.7805401235819 0 1026.655724175274 2.402206242084503 0.128296971321106 1046.767270125449 233.9675875753164 299.2132372483611 300.868379317224 0.1842345595359802 49.99515481293201 1197.521067783237 883.8050047755241 88.84139337390661 1162.979206971824 4794.670123524964 23940.74301571399 51.60980319231749 1.780550554394722 5.735192351043224 467.6997010782361 0.428451344370842 0.4751100838184357 37.32507054507732 26.32597612589598 740.350122384727 2279.796245604753 389.044755384326 117.8247045055032 8.666260451078415 0.8457754254341125 9.62299919128418 2.764346048235893
105.0332674831152 12.31340838968754 1075.276052594185 1410.161206811666 1.688622437417507 930.5469470024109 20757.78899252415 483.2539295479655 1244.610602848232 7060.79244363308 76.4961461648345 877.9521295726299 12.19281093031168 324.5742841660976 31.85297177731991 1138.00616402179 539.6941866949201 21.18670465797186 94.67961847037077 1197.194705672562 8863.04181355983 114.6894902661443 2806.89358241111 9669.739841684699 5.79080593585968 605.7615490332246 2701.190559610724 20794.56233134866 2108.423537537456 11144.02191541344 3.199429407715797 53.65449615567923 701.3145490810275 620.9437001347542 19.802160769701 6217.984172903001 431.4534462019801 3392.865768104792 1175.85173496604 680.4614810273051 230.7988106682897 9.775427967309952 91.1872091665864 5.75861582159996 2.556673146784306 15.95461119711399 101.8271335884929 0.5486312732100487 7.668440967798233 48.53680054098368 47.14481937140226 197.1973527148366 77.65110360831022 10.05845928192139 23.71671257913113 0.1656898260116577 39.25296070426702 5.531376220285892 330.5254042372108 1.916247293353081 1.101232342422009 0 88.17909267544746 221.367327965796 60.90737360715866 98.44293018430471 1529.109198905528 0.1046749874949455 5.072659954428673 148.1784139126539 1217.312261857092 57.18624995648861 157.5236911922693 0.1033194586634636 6.727183550596237 2.366953976452351 26.41434886306524 1.801639974117279 425.9303557649255 7.253773778676987 72.16814167797565 20.68077277392149 194.659237191081 15.69980027526617 2.940252035856247 2.19404773414135
3402.188414774835 0.5018065571784973 29.71924848854542 235.8076076805592 4.573901869356632 484.7590101510286 1933.789830558002 905.8173609003425 62.26671483367682 1665.826182760298 709.4970136806369 327.5899050831795 16.09285462647676 6396.374567426741 21.78578953444958 3.424063958227634 582.895074531436 121.694486528635 420.2574128136039 261.3346956297755 130.9738281071186 4.91789985448122 40.13154823333025 911.2118969112635 0.5191522985696793 190.0733179003 96.2590886130929 2108.423537537456 29613.31362441927 4478.028429530561 3.9801971539855 714.2863375619054 2122.082071326673 5775.471868693829 0 442.7518369629979 59.46782895922661 4032.940282002091 276.5033932030201 256.8357795849442 573.7407416328788 15.53239206969738 13.04795482754707 1.184499695897102 0.7778849750757217 0.2603930607438087 2.704756960272789 0 0.8993510901927948 2.267046347260475 1.159458465874195 18.30339261889458 4.03991873562336 0 1.165368221700191 0.2936223447322845 1.557273775339127 0 10.71335633099079 0 0 0.5929789170622826 1.433089658617973 13.93634608387947 3.179739609360695 1.501857310533524 87.55199151486158 0.9384756237268448 2.468931838870049 5.061778895556927 63.11282448470592 1.764722846448421 3.648729018867016 0.1028857454657555 0 0.1492177993059158 2.17894458770752 0 13.55351174622774 2.249227315187454 3.092750169336796 1.098419137299061 8.66527209430933 0.6324880421161652 0 0
