836.9935356080532 0.2804680839180946 303.9179099276662 2.825868122279644 0.2642203867435455 21.33360067009926 2319.973256506026 696.5232221856713 0.5490900725126266 49.86689296364784 10.39474902302027 3.910714648663998 0.5179897919297218 5078.659703224897 0.9598892703652382 0 229.9726515710354 9.991259224712849 66.34737813100219 4.136324025690556 23.36215157061815 6.05059914290905 67.46447168290615 34.66943293809891 0 443.3259029462934 52.28789548575878 39.51680775731802 3503.51632822305 3806.954537779093 0.07723768055438995 5.797560758888721 48.8305014744401 218.3871396407485 0.3891571089625359 31.95289296656847 18.69077236950397 74.30289284139872 14.79250472784042 6.442244306206703 4.913479156792164 0.6183793321251869 0 0 0.2611030414700508 0 0 0 0 2.137387931346893 0.4795379340648651 1.653087593615055 0 0 1.473894953727722 0 0 0.1132505685091019 0.5893254801630974 0.3779179304838181 0 0.5109485164284706 0 0.338240846991539 0 0 8.939302146434784 0 0.5519225895404816 0.9588499665260315 8.24471041560173 0.1493284553289413 7.807377010583878 0 0 0 0.4656514823436737 0 0.9522624760866165 0 0 0 0.5266342163085938 0 0 0
0.2804680839180946 93.90693187713623 7.7002929225564 0.5141143053770065 0 0.5447390750050545 13.26212073862553 0.1855502873659134 242.3040166944265 1.209889397025108 27.11318857222795 0 604.3340011239052 0.4701972231268883 1.09664373844862 239.553322955966 2.311487406492233 0.4286653250455856 1.065452963113785 0 13.07688494026661 1309.419379211962 9.47087486833334 792.8596635758877 1317.665574379265 51.0329425483942 4961.380209006369 53.16201449930668 5.158039465546608 3.879762940108776 20.83091086894274 0 0 2.328237414360046 2.333576112985611 7.951592028141022 13.85239069908857 7.778124921023846 2.765874832868576 3.417648032307625 0 16.21094426512718 0 0 35.86104436963797 22.3773939460516 0 0 0.2183333486318588 0.3244907706975937 0 0.6508657038211823 0.6407627910375595 1.107678085565567 0 2.788937926292419 0.1166875883936882 0 5.860216185450554 6.614022009074688 1.284362405538559 2.249591052532196 0 0 17.16525752097368 8.35938860476017 3.04508064687252 5.361387595534325 21.39873763918877 635.8053334727883 0.8950329497456551 0 1.007288917899132 0.4804028570652008 0 0 2.048799157142639 0 5.71449276804924 6.17296139895916 11.47274862974882 1.205219924449921 0 0 0 0.1310463398694992
303.9179099276662 7.7002929225564 5945.925402715802 15.87106492370367 0 47.12082875519991 1817.620140895247 305.245024882257 0.2821691930294037 40.36918523162603 4.018136329948902 0.7047156542539597 2.313642635941505 665.4604869708419 0.7840586304664612 1.381855815649033 2426.506128497422 3.836447678506374 40.01715104281902 1.296258188784122 948.4067519232631 2.833791628479958 7943.480790741742 24.42526838183403 0.3126357793807983 8303.706108585 4542.083650432527 411.9896054714918 157.6330106034875 1311.861776553094 0.5754932910203934 1.329777538776398 6.294384159147739 490.1028538942337 42.12810105830431 1038.071991801262 4127.146849744022 1430.965838640928 327.2491035833955 32.65695106238127 2.17572483420372 1.881932482123375 4.137672856450081 0 82.45037794858217 160.9323726370931 0 0 0 3.983931124210358 1.236513704061508 1.329087346792221 0 0 0 0.6985467225313187 0.8590956777334213 0 3.274107106029987 8.839787125587463 0.2058656215667725 0.7022975832223892 0 1.098447203636169 5.538724303245544 58.43172986805439 4.076715923845768 0.7767457216978073 17.26807612925768 1118.463546551764 3.416493020951748 0 4.132303811609745 0.121158130466938 0 0 4.469912953674793 9.623579397797585 18.63905442506075 24.70413439720869 15.8704504147172 4.154978737235069 0.9351227581501007 0 0 0
2.825868122279644 0.5141143053770065 15.87106492370367 4266.635663084686 2.456769391894341 181.7240651100874 171.5198314413428 76.72030215710402 1004.084100373089 3651.431964427233 2.944381661713123 1215.327569901943 0.8249658346176147 40.38309560716152 330.7762160897255 6.901369668543339 2.363044090569019 1.179878883063793 1.684614546597004 6862.174350760877 1.004116594791412 1.375737354159355 4.349349938333035 1648.827511914074 0 22.76863969117403 38.65051597356796 3919.940899893641 68.30922094732523 2.279148764908314 0.1889725774526596 2.108912594616413 5.217396132647991 62.59511663019657 16.6023722589016 328.2301065772772 13.96809385716915 104.1006080061197 50.17943755537271 485.09741242975 15.4112264290452 0 3.397889740765095 0 0.2595503628253937 0.9220228791236877 176.4162372425199 0.1386130452156067 36.43837337940931 323.1993504166603 5.887944862246513 117.9291352331638 629.2572692483664 0.09523601830005646 123.6536554917693 0.1052723750472069 6.987409621477127 14.03508837521076 1.722163081169128 0 0 0.1100404411554337 163.1102149486542 1.219351507723331 0.9689833372831345 2.97197200357914 444.8301619961858 0 0.1054985597729683 2.496037684381008 355.7542262226343 6.064975626766682 6.899179860949516 0 0.1109183505177498 0.2564038783311844 15.22557746618986 0.2597485482692719 51.31773107498884 0.4080671444535255 5.396640710532665 1.610396131873131 62.69753531366587 1.598522394895554 0.1196727380156517 0
0.2642203867435455 0 0 2.456769391894341 1.153075337409973 66.95475243777037 0.6529701352119446 4.11217288672924 5.208931788802147 1.687912181019783 0.817707322537899 18.94195155054331 0.3806569874286652 0.4453278332948685 683.5207587331533 0 0 0 0.1939885094761848 2.577158249914646 0 0 0 9.044213965535164 0 0.2652458176016808 0.1193063035607338 0.1658640652894974 27.55277660489082 0 0.1168589219450951 292.7287532389164 0 41.52781403809786 61.65578756481409 2.799289911985397 1.531174808740616 10.56787095963955 13.36754740774632 1422.17586235702 4.590503141283989 0 0 0 0 0 0 0 0 0 0 0 0 0 0.1591957211494446 0 0 0 0 0 0 0 0 0 0 0 0.3598566949367523 0 0 0 0 0 0 0 0 0 0 5.732253022491932 0 0 0 0.2161937952041626 0 0 0 0
21.33360067009926 0.5447390750050545 47.12082875519991 181.7240651100874 66.95475243777037 12294.94649405777 2963.133293449879 6887.379176989198 80.06038174033165 7505.319525025785 64.15173728018999 2978.356521338224 8.021096773445606 1141.498857975006 3670.86908660084 1.546970099210739 20.49035857617855 20.62301626801491 20.5554910376668 709.0226517394185 3.413057804107666 0.5746289640665054 4.866252854466438 371.2730022370815 0.7393307089805603 108.5260510891676 24.46068178117275 576.3117722049356 711.2530482262373 43.33882797509432 0.8717973679304123 581.3298505619168 3.637264281511307 695.5597386732697 13.09322384744883 397.784379273653 22.9875270947814 374.2276384457946 221.5429886206985 3641.914014413953 159.6009047925472 33.07926873117685 7.379072405397892 0 0 1.033491224050522 16.38479600101709 0 9.267842493951321 92.45009761303663 0.5352573543787003 18.00568071007729 98.69722331315279 0.621600866317749 30.95810583233833 0.09385914355516434 2.826735585927963 11.73849608004093 0.2400312796235085 0 0.1189408674836159 0 17.1043051853776 0 0 1.104681357741356 71.66295178234577 0 0 0.4806462302803993 65.90395051240921 1.312219515442848 10.98162613064051 0 0 0 2.365993358194828 0.2873942852020264 29.74773181974888 1.028979018330574 2.235001489520073 2.477476716041565 40.96748214960098 1.053544580936432 1.049005150794983 0
2319.973256506026 13.26212073862553 1817.620140895247 171.5198314413428 0.6529701352119446 2963.133293449879 15229.82518604398 3483.901142828166 118.6049467548728 7781.596356779337 41.98201944679022 36.89096200466156 2.126394703984261 5464.063316695392 29.27759199589491 172.0042500123382 143.8812951296568 21.99957839399576 75.8261045217514 68.15473423153162 719.61036824435 56.19086854159832 1029.165387995541 1721.424719467759 0.4485827833414078 1388.882882922888 1445.591784261167 11419.70448296517 1412.94505507499 4304.647238612175 0.7206157818436623 37.72278287261724 94.0163738578558 1132.733001373708 172.296346321702 2631.102545849979 240.4561491459608 1463.591006450355 567.5337851345539 594.5011031404138 147.1077563390136 5.815609432756901 33.92401424795389 0.8130453377962112 3.572680167853832 4.944469846785069 11.68310352414846 0 11.18812789767981 366.054934039712 4.078973203897476 75.16573350131512 91.79251745343208 0.8850424662232399 5.583633869886398 0 5.235662437975407 3.946997418999672 8.938698440790176 1.700769774615765 0.1241998896002769 1.920721359550953 10.55187136679888 6.537960566580296 6.783261738717556 15.85452271997929 366.3697070926428 0.5169695541262627 1.688705451786518 59.36933317035437 318.2041110768914 11.2737777531147 115.3164353892207 0 0.7456938773393631 0.4260315597057343 17.51528972387314 1.391336470842361 72.81562490016222 1.802314892411232 12.78761902451515 5.635098069906235 47.46936804801226 3.175533585250378 0.6633417755365372 0.348534107208252
696.5232221856713 0.1855502873659134 305.245024882257 76.72030215710402 4.11217288672924 6887.379176989198 3483.901142828166 13426.88909941167 23.92018024623394 2309.372366584837 58.73659590631723 379.0711387693882 5.350787706673145 9325.650298133492 207.3101096972823 1.175901651382446 363.9050281196833 31.53084443509579 140.016108840704 259.7192739397287 19.36729708313942 7.887572303414345 46.49509740620852 815.1959645450115 0.2171123176813126 754.8133558146656 98.11111357808113 453.0189109444618 1137.888767041266 1096.805841721594 1.441986732184887 407.7224785238504 7.264251433312893 594.5058360695839 8.977392010390759 328.5864081382751 45.69167696684599 313.2242622673512 147.8959240689874 603.4983692839742 116.4796810820699 19.05740539729595 5.174705252051353 0 0.6292645484209061 0.1683904379606247 3.1898393034935 0 0.7849766463041306 98.04728588461876 3.128297716379166 18.94980151206255 27.03444930911064 0 0.2295592129230499 0 0.9781157970428467 0.230728417634964 1.831163719296455 0.3666541576385498 0 0.2843668982386589 3.148399069905281 4.535037763416767 0 0.6549422293901443 129.1101123467088 0.1529248654842377 0.3512981086969376 0.7975200936198235 89.91926074028015 3.612764716148376 60.02334782481194 0 0.6837824583053589 0 1.749567002058029 0 15.01650477945805 0.9079426825046539 4.438339710235596 1.20970906317234 9.577190905809402 1.7391646951437 0.7321263551712036 0.25021031498909
0.5490900725126266 242.3040166944265 0.2821691930294037 1004.084100373089 5.208931788802147 80.06038174033165 118.6049467548728 23.92018024623394 901.9742249846458 193.1064883619547 4.684931106865406 274.5596912875772 54.61160265654325 13.1734434440732 359.5758575946093 152.5267554670572 0.2404520064592361 0.2030417621135712 0.1287262290716171 478.9650325030088 53.83147139102221 2425.498203761876 22.44110685586929 6330.203013762832 78.27030148357153 6.613109111785889 250.0199647992849 725.898934468627 9.424179673194885 36.59394630044699 3.798860937356949 0.2354962527751923 0.4816571772098541 7.815391503274441 1.032550096511841 19.91463953256607 2.465540446341038 6.723219022154808 2.885239697992802 116.3972264230251 2.551210254430771 1.012765921652317 0 0.4089753329753876 7.786815576255322 2.372131079435349 97.08747866749763 0 23.18638554960489 269.1727605983615 3.909630328416824 182.5397329702973 460.7767017707229 0.6836096197366714 74.76388079673052 1.252575427293777 2.919137924909592 16.09015034139156 423.3890685215592 3.613361492753029 0.2885359302163124 0.8161115944385529 87.89436130225658 190.7070905640721 33.01930618286133 53.40440251678228 1591.582325488329 1.178400091826916 1.284687332808971 12.21356295049191 801.8165179416537 6.786084115505219 196.7709403187037 0 0 0.297532893717289 7.349764823913574 0 29.83763470500708 1.015400134027004 6.70784692466259 0.9686831682920456 30.2556843534112 1.374879710376263 0.3776900768280029 0.9189237654209137
49.86689296364784 1.209889397025108 40.36918523162603 3651.431964427233 1.687912181019783 7505.319525025785 7781.596356779337 2309.372366584837 193.1064883619547 20585.53055407852 51.21811590343714 2449.482449069619 5.814159028232098 1644.444330655038 143.0756403580308 11.73732453584671 8.04286602884531 20.39455263316631 18.59750430285931 5576.578253433108 3.846624299883842 3.677391745150089 15.25717736780643 609.6146692931652 0.1349341571331024 81.76820887625217 77.89585879445076 5682.94819073379 721.7859132140875 22.54618611186743 1.401976644992828 42.13185550272465 12.29445015639067 757.6208744049072 59.92807649821043 1559.59545506537 56.22229222208261 831.3713994473219 344.3821723163128 570.9243135154247 113.0464707911015 9.182881057262421 29.07191430032253 0.546686053276062 0.40970528870821 0.834026962518692 90.67609356343746 0 39.90551918745041 466.3560237437487 8.313721098005772 79.91213396936655 615.6596316322684 0.6254978030920029 73.07001975178719 0.2679116278886795 11.43219716101885 21.80962556600571 1.770796254277229 0.6349871158599854 0 0 93.55001051723957 2.313315033912659 0.5450926274061203 4.265202350914478 446.7479922920465 0 0.08493524044752121 4.631773486733437 354.7423659190536 7.801766380667686 10.98205464333296 0 0 0 12.54060911387205 0.4533253014087677 78.67457488924265 1.711329996585846 8.182167001068592 4.272711880505085 62.98543535917997 1.974412456154823 1.448043547570705 0
10.39474902302027 27.11318857222795 4.018136329948902 2.944381661713123 0.817707322537899 64.15173728018999 41.98201944679022 58.73659590631723 4.684931106865406 51.21811590343714 7172.052323646843 16.44297277182341 2384.369008302689 73.45521277934313 8.409443140029907 1.355837985873222 198.4173430502415 1325.701754204929 1940.21671269834 18.81806994974613 13.26740934699774 12.5607552677393 16.4604643881321 24.58130140602589 726.0694623216987 1384.793257199228 1056.866838075221 12.26399081945419 172.8664018288255 28.48868256062269 820.6104722619057 88.01228844374418 4.287053912878036 5821.581149235368 26.12556184828281 530.0249203070998 3606.602796271443 3820.493333466351 666.8830730393529 53.18858309835196 40.95839234441519 1514.960100919008 8.532921202480793 0 18.93400767445564 0 0.1961826980113983 0 0.2098834216594696 3.50039005279541 0.2383679747581482 1.583054512739182 1.104473918676376 680.0019214525819 0.3328134119510651 1352.878085829318 0.09881138801574707 0.1512071788311005 0.1239448562264442 0 69.80259979516268 4.481063470244408 0 0.1435283720493317 1.629246577620506 0 4.729338608682156 170.2504309117794 25.36064150929451 114.289847612381 3.098259247839451 0 1.072853982448578 183.5240791141987 0 0 9.899190880358219 9.076389402151108 14.45271845906973 171.5001991167665 5.025326482951641 0.6747043132781982 0.845360279083252 0.5353937745094299 91.56990996003151 0
3.910714648663998 0 0.7047156542539597 1215.327569901943 18.94195155054331 2978.356521338224 36.89096200466156 379.0711387693882 274.5596912875772 2449.482449069619 16.44297277182341 7417.40012743324 3.882344037294388 134.7139703556895 1212.071083344519 0 1.076760768890381 6.665467411279678 4.892271220684052 3293.402364574373 0 1.393699049949646 0.3321995288133621 238.9068922773004 0.2554129287600517 5.526320360600948 1.647262193262577 203.7520918175578 154.166283249855 2.599531278014183 0.1815171241760254 42.82947116345167 0.2359905540943146 208.4916354417801 1.537253230810165 182.4860321804881 3.62764884531498 81.21621765941381 27.24952625483274 1114.965759366751 30.66654523462057 6.544562198221684 0.3485517650842667 0 0.1430682837963104 0 69.54203439503908 0.3594934046268463 54.12328328937292 31.66639842092991 2.456294469535351 36.85615962743759 280.049060754478 0 170.6450170204043 0 1.523609980940819 34.34079543501139 0 0 0 0 66.67499816417694 0.2804871201515198 0 0.7115394100546837 88.19278204441071 0 0 0.4935419857501984 71.76501727104187 1.053928844630718 0.7601258754730225 0 0.1892139166593552 0 1.672031216323376 0 53.12981881201267 0.7938449680805206 2.040030136704445 0.5650527626276016 86.11472572386265 0.4563455879688263 0 0
0.5179897919297218 604.3340011239052 2.313642635941505 0.8249658346176147 0.3806569874286652 8.021096773445606 2.126394703984261 5.350787706673145 54.61160265654325 5.814159028232098 2384.369008302689 3.882344037294388 4164.912576213479 2.369513921439648 9.959544785320759 17.54317595809698 2.320171803236008 35.18134944140911 4.102226726710796 5.149223290383816 2.293645367026329 225.2702927589417 4.977737277746201 124.4822915941477 2944.515347644687 283.956320784986 3154.508296623826 6.240709215402603 2.589494839310646 1.259711630642414 1599.855777189136 9.256248988211155 0.08524699509143829 331.7234771326184 64.98491555452347 1883.519260421395 4917.203130207956 1654.032518155873 177.3023959547281 102.3112079128623 120.9719921797514 553.3290630802512 6.738546907901764 0 27.41195021569729 0.7967163920402527 0 0 0.1203738451004028 2.056293964385986 0.294510044157505 0.2139915078878403 0 717.6226245388389 2.901425361633301 1145.219050049782 0 0 0 1.902699679136276 53.39793975651264 3.984870091080666 0 0 2.08115091919899 0.1129898875951767 3.466788582503796 167.6404782533646 14.99856922030449 100.2052316442132 2.247997522354126 0 0.2125296145677567 124.675819568336 0 0 21.93461558967829 9.031401321291924 283.7730887979269 212.2105153426528 29.25634022802114 17.10875752568245 6.654981389641762 15.3121620118618 124.6607630550861 1.180004298686981
5078.659703224897 0.4701972231268883 665.4604869708419 40.38309560716152 0.4453278332948685 1141.498857975006 5464.063316695392 9325.650298133492 13.1734434440732 1644.444330655038 73.45521277934313 134.7139703556895 2.369513921439648 13004.49487887323 57.08643063902855 3.491485387086868 705.5741533376276 42.80862773582339 238.6163286864758 150.8869094401598 37.4992667734623 18.92525006830692 130.1509274318814 353.7138907536864 0 1254.275177620351 185.3072365485132 312.2766373902559 7635.168251805007 3884.998180039227 1.661455437541008 112.1391094774008 17.40252754092216 920.9277811273932 8.904679030179977 357.4210745021701 56.15466196835041 324.7503801696002 100.1373076289892 393.5784631893039 45.19979975372553 5.533064804971218 4.960305616259575 0.3675771057605743 0.6452687308192253 0 3.905654162168503 0 0.5251133441925049 42.35879509150982 0.4655393958091736 11.69466337561607 7.362264983355999 0.09153120219707489 0.1438834220170975 0 0.3271862789988518 0 1.995913587510586 0.2791941463947296 0.1161612793803215 0.6290547698736191 1.808984346687794 2.489533893764019 0.9565221816301346 1.39622463285923 61.25902426242828 0.1712733209133148 1.373074613511562 3.541092820465565 59.6155469417572 1.378557696938515 44.52573370933533 0 0 0 2.245822682976723 0 13.55684623867273 1.952918276190758 2.889295034110546 1.915496021509171 9.56871984899044 0.9276969134807587 0.1369045823812485 0
0.9598892703652382 1.09664373844862 0.7840586304664612 330.7762160897255 683.5207587331533 3670.86908660084 29.27759199589491 207.3101096972823 359.5758575946093 143.0756403580308 8.409443140029907 1212.071083344519 9.959544785320759 57.08643063902855 541.885899938643 0 0 2.448829934000969 1.034821458160877 482.8412909582257 0 7.385330654680729 0 1314.570372901857 1.000817522406578 2.232261203229427 3.374509133398533 57.75908482819796 41.67053114622831 0.8340902179479599 0.2958958223462105 739.8056045547128 0 92.30392300337553 9.434197783470154 171.8028765842319 1.373412549495697 34.53247620910406 17.8637567833066 3119.18961648643 57.71533924341202 1.217684283852577 0.3063914477825165 0 0 0 2.768588036298752 0 3.754562616348267 6.316281124949455 0 5.821594595909119 46.01298150420189 0 13.87370838224888 0 0 15.69041153788567 0.2724721729755402 0 0 0 4.928595066070557 0 0 0 41.08314349502325 0 0.1791261732578278 0.8237714171409607 4.156109102070332 0.31490159034729 0.1919790804386139 0 0 0 1.238481119275093 0 52.91120707988739 0 0 0 20.95499840378761 0.3733394145965576 0.183384895324707 0
0 239.553322955966 1.381855815649033 6.901369668543339 0 1.546970099210739 172.0042500123382 1.175901651382446 152.5267554670572 11.73732453584671 1.355837985873222 0 17.54317595809698 3.491485387086868 0 3264.507992073894 2.134470328688622 0.09478329867124557 1.221427030861378 0.2956156134605408 4260.5762353912 3413.210240960121 4538.814595282078 2647.682282559574 26.4434671625495 7.25362416356802 3764.379898257554 1352.520640529692 4.063025578856468 19.558977663517 1.511907897889614 0.09695249050855637 1.739987328648567 165.9206994026899 195.9911499544978 2257.565348811448 564.1580956280231 729.117793187499 595.5256766751409 126.3333608955145 1.642746426165104 2.560946427285671 11.6619862690568 0 13.82531494647264 4.397999107837677 0 0 0 2.311070591211319 0.34283047914505 2.620077058672905 0.9892704784870148 0 0 0.1198165193200111 0 0.2575007081031799 2454.735009789467 5.62735740095377 0.5132540985941887 0.5364949852228165 0.1325030624866486 337.7516090795398 771.3012592643499 1397.0424984321 102.6164516434073 1.852876901626587 4.040227375924587 1270.715712569654 294.7972994148731 0 52.47991478443146 0.1064779609441757 0 0 1.655402146279812 2.669087901711464 38.65846526622772 6.750116109848022 9.339743286371231 5.403581082820892 0.3082871288061142 0 0 0
229.9726515710354 2.311487406492233 2426.506128497422 2.363044090569019 0 20.49035857617855 143.8812951296568 363.9050281196833 0.2404520064592361 8.04286602884531 198.4173430502415 1.076760768890381 2.320171803236008 705.5741533376276 0 2.134470328688622 3561.745678201318 58.58662629127502 1265.285061322153 0.6409829407930374 700.8432582840323 1.785510011017323 3065.672087460756 12.27991186827421 0.2949172556400299 3970.3556830585 5238.025653995574 35.96778474748135 602.0548236146569 2138.175074145198 4.798216104507446 2.679860346019268 25.48161433637142 2827.676626399159 9.859455786645412 685.4027390480042 816.3920388743281 1286.633251644671 117.097909539938 13.48397916555405 2.532288148999214 2.055085122585297 2.145217351615429 0 12.2148324623704 4.418386481702328 0 0 0 0.4339058250188828 0 0.5619862899184227 0 0 0 0.7788548767566681 0 0 0.4897457882761955 1.718527816236019 0.2924558743834496 4.72261568158865 0 1.221323058009148 0 0.4571058750152588 1.771201148629189 1.469611868262291 13.36327047646046 54.80654668807983 1.529181219637394 0 1.19123799353838 0.5110868066549301 0 0 0.3719607293605804 0.8762772679328918 9.10970800369978 3.616980865597725 2.267839781939983 0.4910185933113098 0.7299728989601135 0 0 0
9.991259224712849 0.4286653250455856 3.836447678506374 1.179878883063793 0 20.62301626801491 21.99957839399576 31.53084443509579 0.2030417621135712 20.39455263316631 1325.701754204929 6.665467411279678 35.18134944140911 42.80862773582339 2.448829934000969 0.09478329867124557 58.58662629127502 25.39319846779108 408.0320785790682 6.840511977672577 4.886757127940655 0.2168285399675369 10.92249151319265 4.555722966790199 5.068424858152866 2630.749454446137 252.4754951000214 3.390573933720589 57.77607677876949 15.65361903607845 115.4987025409937 19.5740427672863 1.687561757862568 931.1426717415452 4.950334511697292 382.6129735708237 1174.317724615335 1221.764236107469 414.9421845525503 17.94280610978603 4.494964763522148 57.08697552233934 3.217009492218494 0 2.139274813234806 0 0 0 0 1.414044752717018 0 0 0 7.775293186306953 0 24.3065569549799 0 0 0 0 13.733652099967 4.07097078114748 0 0.1195509657263756 0 0.1373104751110077 0.4412242397665977 2.612435817718506 7.685892015695572 35.29957123100758 0.6321094855666161 0 1.178980499505997 6.5279526039958 0 0 1.082576602697372 1.154706671833992 5.177683040499687 1.783622950315475 0.4788211360573769 0.563994862139225 0.1221726536750793 0 1.481934428215027 0
66.34737813100219 1.065452963113785 40.01715104281902 1.684614546597004 0.1939885094761848 20.5554910376668 75.8261045217514 140.016108840704 0.1287262290716171 18.59750430285931 1940.21671269834 4.892271220684052 4.102226726710796 238.6163286864758 1.034821458160877 1.221427030861378 1265.285061322153 408.0320785790682 3339.35518027842 4.554770648479462 42.48941167443991 0.8633137345314026 111.3369861096144 6.665487565100193 0.4131317883729935 5303.53491358459 996.5764599367976 10.01701862365007 251.7223013304174 142.4864322468638 8.595791071653366 8.202456578612328 17.14843007922173 5740.8099049218 14.83527836203575 1052.582034021616 1402.894504465163 2545.240232072771 532.5920619368553 18.60274552553892 2.835040479898453 7.417152412235737 2.56890395283699 0 17.99564287811518 1.187672048807144 0 0 0 1.329533100128174 0.4280913174152374 0.1163956075906754 0.1116693392395973 0.5319718420505524 0 3.021860495209694 0.2151215374469757 0 0 1.941132411360741 4.120268225669861 24.02969015389681 0 0.4759195148944855 0 2.673167705535889 1.472433678805828 6.71121820807457 54.08382737636566 111.6791539937258 0.5793163403868675 0 0.4873707294464111 1.102433100342751 0 0 2.532307609915733 2.727540217339993 23.5750485882163 10.465640373528 12.99920825660229 1.837163954973221 0.2292335331439972 0 1.347509190440178 0
4.136324025690556 0 1.296258188784122 6862.174350760877 2.577158249914646 709.0226517394185 68.15473423153162 259.7192739397287 478.9650325030088 5576.578253433108 18.81806994974613 3293.402364574373 5.149223290383816 150.8869094401598 482.8412909582257 0.2956156134605408 0.6409829407930374 6.840511977672577 4.554770648479462 549.3632675036788 0 0.1542316824197769 0.4986930415034294 332.8202693238854 0.1140990927815437 7.811332024633884 1.727796010673046 3277.256716564298 197.2392988577485 2.952630944550037 0.4878022000193596 21.8757654055953 0.8562234193086624 209.3586002513766 3.123174078762531 402.2365669608116 12.93537817895412 190.2887437418103 72.83507561683655 949.0454516857862 27.37487760186195 4.557245209813118 6.236246779561043 0 0.7323729693889618 1.015333577990532 78.37603348493576 0.8359424024820328 28.0521177649498 231.5520920157433 3.022689044475555 60.13345815241337 600.6910158544779 0 112.4364732950926 0 4.97072222083807 25.911516726017 0.9973562508821487 0.1973917037248611 0 0.5107276514172554 89.00408583134413 0.3457241877913475 0.2308285236358643 1.941343933343887 279.9259705916047 0 0.6115991324186325 1.269680596888065 229.7567636072636 2.966070652008057 5.232847847044468 0.1046392098069191 0.795089453458786 0 8.375175938010216 0 80.65351786464453 0.5865533053874969 7.503376036882401 1.251706495881081 87.51594183593988 3.081484027206898 0 0
23.36215157061815 13.07688494026661 948.4067519232631 1.004116594791412 0 3.413057804107666 719.61036824435 19.36729708313942 53.83147139102221 3.846624299883842 13.26740934699774 0 2.293645367026329 37.4992667734623 0 4260.5762353912 700.8432582840323 4.886757127940655 42.48941167443991 0 9793.151798121631 233.8009160608053 11738.02918928117 346.2793521881104 2.764967024326324 102.6793981865048 587.4329037889838 3748.051643408835 43.97052854299545 8952.877200320363 0 0.09861607849597931 11.28274934738874 3895.747142106295 407.9717902317643 3760.043759331107 999.3199261277914 4005.844994217157 1795.329006873071 249.0048990920186 5.986436285078526 0.9120261818170547 17.66364380717278 0 0.2806018739938736 0.9184621125459671 0 0 0 1.4040337651968 0 1.668532259762287 0 0 0 0 0.1530187875032425 0 342.7466317638755 2.733363717794418 0.0797981321811676 0.7255218252539635 0 185.4029638320208 43.24965932965279 78.87428370118141 60.60575830936432 0 0.833623006939888 16.63727609068155 174.8882854506373 0.1401428878307343 38.68370082229376 0 0 0 1.31425916403532 3.962895132601261 19.03517759591341 0.7778645604848862 1.882864415645599 1.129761479794979 0.4853915721178055 0 0 0
6.05059914290905 1309.419379211962 2.833791628479958 1.375737354159355 0 0.5746289640665054 56.19086854159832 7.887572303414345 2425.498203761876 3.677391745150089 12.5607552677393 1.393699049949646 225.2702927589417 18.92525006830692 7.385330654680729 3413.210240960121 1.785510011017323 0.2168285399675369 0.8633137345314026 0.1542316824197769 233.8009160608053 1295.24204094708 191.7758125811815 7128.256884463131 532.592109054327 24.03439056128263 2806.878005206585 405.866271443665 36.40679689496756 123.0748382434249 15.82346507161856 0 4.24434494972229 8.309616051614285 3.791041642427444 39.0298655629158 10.35168917477131 17.72715867310762 7.484702117741108 31.8188017308712 0.5406923815608025 2.79351282119751 0 0 37.27057022601366 25.49584163725376 0.2372502982616425 0 0 2.674969308078289 0.203560933470726 6.155229933559895 1.482660084962845 0.6267582848668098 0.1062223538756371 2.506250098347664 0 0 1122.844224579632 3.395379416644573 0.9840006828308105 0.8140001222491264 0.1418031305074692 85.25713132321835 101.34859842062 631.1096042394638 76.33892171829939 20.40363295376301 3.865590363740921 1726.53911934793 113.9077175781131 0.2388346344232559 12.618736974895 0.9651488214731216 0 0 1.523221552371979 0.195839062333107 11.21791300922632 4.327723041176796 6.592365801334381 2.955222718417645 0.6873141154646873 0 0.4318991452455521 0
67.46447168290615 9.47087486833334 7943.480790741742 4.349349938333035 0 4.866252854466438 1029.165387995541 46.49509740620852 22.44110685586929 15.25717736780643 16.4604643881321 0.3321995288133621 4.977737277746201 130.1509274318814 0 4538.814595282078 3065.672087460756 10.92249151319265 111.3369861096144 0.4986930415034294 11738.02918928117 191.7758125811815 15502.47772138566 567.157989487052 1.44084332883358 1886.658751912415 10434.0822506696 4272.720483720303 96.6888258010149 4594.31935672462 0.08841937035322189 1.189648024737835 10.01682221889496 4341.074681021273 900.005913130939 7321.161819428205 3931.365933969617 8415.273825019598 4364.210070192814 576.9160510450602 22.17289853841066 8.090759351849556 52.38732448965311 0 13.98679456114769 18.09727835655212 0 0 0 3.850214205682278 0 2.983799062669277 0 0 0 0 0 1.548526167869568 578.7549855560064 1.57808718085289 0.1426428705453873 0.8288230746984482 0 57.99228037893772 195.4388938844204 415.770565085113 34.29057589918375 0.3712542355060577 2.253069564700127 873.6629333794117 63.02054695039988 0 11.05851868540049 0.1712147146463394 0 0 0.8133000135421753 28.37178441882133 30.82451639324427 3.525278270244598 4.795908220112324 3.671419061720371 0 0 0.3031100034713745 0
34.66943293809891 792.8596635758877 24.42526838183403 1648.827511914074 9.044213965535164 371.2730022370815 1721.424719467759 815.1959645450115 6330.203013762832 609.6146692931652 24.58130140602589 238.9068922773004 124.4822915941477 353.7138907536864 1314.570372901857 2647.682282559574 12.27991186827421 4.555722966790199 6.665487565100193 332.8202693238854 346.2793521881104 7128.256884463131 567.157989487052 13284.53612914681 190.2662589624524 45.37580772489309 2962.621986575425 6752.848450131714 419.246754154563 796.9693226739764 9.845489375293255 19.65055277943611 54.09572770446539 374.32908783108 100.8788238987327 1213.669657349586 106.6947195231915 478.9259686544538 224.6219815537333 704.8727484419942 38.69009245932102 2.674271479249001 9.812820941209793 3.592518396675587 4.430830605328083 7.361686728894711 137.5259267911315 0 55.77816440910101 1295.495511226356 18.1799334064126 958.2756329029799 750.0316628217697 1.8900066614151 64.94782505184412 2.679061882197857 20.94887910783291 17.08755508065224 458.1389623060822 13.1711640432477 1.880833208560944 2.4615109115839 125.6493059322238 319.2363112047315 112.1005501747131 130.6770244687796 2834.33478449285 0.7986941486597061 6.360040679574013 71.43726560473442 2204.367462284863 51.10705181211233 847.7409688830376 1.0977513641119 2.322205349802971 2.024786554276943 54.18407469242811 2.98329196870327 188.7642994076014 4.499549604952335 58.15644929558039 20.59430578351021 176.6863491088152 19.95122399181128 6.018542893230915 2.376569412648678
0 1317.665574379265 0.3126357793807983 0 0 0.7393307089805603 0.4485827833414078 0.2171123176813126 78.27030148357153 0.1349341571331024 726.0694623216987 0.2554129287600517 2944.515347644687 0 1.000817522406578 26.4434671625495 0.2949172556400299 5.068424858152866 0.4131317883729935 0.1140990927815437 2.764967024326324 532.592109054327 1.44084332883358 190.2662589624524 414.8130023181438 406.5831580162048 3292.06612432003 5.692410014569759 0.1039120554924011 0.1131969913840294 729.3443900346756 0.8487308770418167 0 28.00501625239849 2.040745705366135 29.15748862922192 112.8707917779684 175.0352447628975 20.76907498389482 2.850217744708061 7.716822862625122 99.88717778027058 0 0 171.4795939773321 0.1712644398212433 0 0 0 0.2900390028953552 0.1257538348436356 0.1142335087060928 0.2762047722935677 68.37613194435835 0 234.9073370471597 0.2331581115722656 0 0.1145370304584503 0.6314898207783699 61.98517552018166 25.30080446600914 0.1055934578180313 0.4361837953329086 25.42167526483536 0.5285471975803375 0 43.30836941301823 58.04234607517719 531.8173251748085 0 0 0.6544898226857185 30.89477737247944 0 0 7.596883490681648 0.1434026062488556 6.536316081881523 12.75521163642406 7.612139716744423 2.487974397838116 0 0.1278968900442123 6.589557290077209 0
443.3259029462934 51.0329425483942 8303.706108585 22.76863969117403 0.2652458176016808 108.5260510891676 1388.882882922888 754.8133558146656 6.613109111785889 81.76820887625217 1384.793257199228 5.526320360600948 283.956320784986 1254.275177620351 2.232261203229427 7.25362416356802 3970.3556830585 2630.749454446137 5303.53491358459 7.811332024633884 102.6793981865048 24.03439056128263 1886.658751912415 45.37580772489309 406.5831580162048 29014.3134582676 13260.05598788708 133.9934664741158 438.278229996562 581.651972822845 362.4726100564003 17.9193712323904 18.14583396911621 1778.409080404788 57.11150709539652 3369.493813022971 9513.164382532239 3897.65151167661 895.6074511706829 59.81753915548325 13.82923851907253 310.6852964162827 10.87559662014246 1.195833757519722 516.9648281186819 235.7417344525456 0.299005925655365 0.44394850730896 0 15.16726104170084 1.558994300663471 3.252375885844231 0.4297614544630051 255.6254848241806 0 1025.874311491847 5.287317305803299 0.2636410593986511 2.032771289348602 98.75131771713495 620.441074423492 290.5957662686706 0.3511561453342438 3.679990470409393 5.639975920319557 22.06393531709909 8.219288021326065 307.2237549200654 939.9621994122863 3674.877583406866 3.684564188122749 2.307294189929962 8.224508352577686 319.6900376304984 0 0 78.52775567770004 9.466823950409889 218.1445643156767 220.7286510765553 218.1227167695761 40.3649680763483 2.833239883184433 0.3133376836776733 43.03364387154579 0.8837479799985886
52.28789548575878 4961.380209006369 4542.083650432527 38.65051597356796 0.1193063035607338 24.46068178117275 1445.591784261167 98.11111357808113 250.0199647992849 77.89585879445076 1056.866838075221 1.647262193262577 3154.508296623826 185.3072365485132 3.374509133398533 3764.379898257554 5238.025653995574 252.4754951000214 996.5764599367976 1.727796010673046 587.4329037889838 2806.878005206585 10434.0822506696 2962.621986575425 3292.06612432003 13260.05598788708 30009.04524063319 1810.362571932375 166.0942480377853 267.5538910031319 1124.421766109765 2.17611762881279 13.46999374777079 2359.879581138492 294.2362752854824 5698.007890686393 4553.685764603317 6829.556284114718 1551.199581563473 247.663835555315 13.93735442310572 78.77785252034664 31.72692473232746 2.415276363492012 4294.532194443047 1381.668382160366 0.8577868193387985 0 0.5105331763625145 60.91834747046232 7.100603230297565 6.874776288866997 2.785107627511024 174.3245858550072 0 919.0971179902554 15.50530008971691 0.2213574647903442 609.3663558959961 292.993738733232 499.1548839360476 565.4794621914625 0.1031913906335831 21.17016556859016 762.8380665257573 1277.479010805488 92.97832240909338 883.4004512950778 2382.978804565966 19606.90487397462 63.22628025710583 3.730564653873444 39.41958578675985 260.7452690079808 0 0.2618980631232262 212.3560869172215 33.19930116832256 628.505268484354 452.3466590419412 682.9476306736469 123.4793209210038 6.000049337744713 0.4230622351169586 21.8400966078043 3.92135925590992
39.51680775731802 53.16201449930668 411.9896054714918 3919.940899893641 0.1658640652894974 576.3117722049356 11419.70448296517 453.0189109444618 725.898934468627 5682.94819073379 12.26399081945419 203.7520918175578 6.240709215402603 312.2766373902559 57.75908482819796 1352.520640529692 35.96778474748135 3.390573933720589 10.01701862365007 3277.256716564298 3748.051643408835 405.866271443665 4272.720483720303 6752.848450131714 5.692410014569759 133.9934664741158 1810.362571932375 16101.24130023271 595.5470239147544 6325.13698849082 0.8414745181798935 7.876221396028996 99.43087414652109 533.0469370111823 200.3750612586737 2527.716588273644 217.1627453640103 953.7772898525 476.799587957561 344.140795096755 49.05809999257326 3.281115487217903 22.43325732648373 1.810409374535084 1.88377957046032 4.2602903470397 61.8315062224865 0 27.80090036988258 634.8616151362658 11.45378994196653 272.5818038210273 364.5524341911077 1.377465412020683 29.51345211267471 0.1194037869572639 13.91027805954218 6.603249669075012 253.7292778268456 8.095112003386021 0.7546333745121956 2.579380139708519 53.05148262530565 255.9121379479766 44.10111778229475 66.08988364040852 1411.491262167692 0.1145770996809006 3.909571707248688 57.36084001511335 1272.213420778513 33.02238968759775 681.4637454971671 0.2630002498626709 1.40530714392662 1.56896073371172 33.81657595932484 1.758834332227707 135.347284540534 4.042616546154022 30.73563696444035 11.37178925424814 101.653461009264 11.5561761111021 0.1906195878982544 0.447420135140419
3503.51632822305 5.158039465546608 157.6330106034875 68.30922094732523 27.55277660489082 711.2530482262373 1412.94505507499 1137.888767041266 9.424179673194885 721.7859132140875 172.8664018288255 154.166283249855 2.589494839310646 7635.168251805007 41.67053114622831 4.063025578856468 602.0548236146569 57.77607677876949 251.7223013304174 197.2392988577485 43.97052854299545 36.40679689496756 96.6888258010149 419.246754154563 0.1039120554924011 438.278229996562 166.0942480377853 595.5470239147544 14224.39329912513 3415.435703061521 2.176414184272289 1610.775837190449 1877.960458941758 3801.484906110913 20.38224290311337 206.3179350569844 128.8828238248825 829.2188937813044 121.4758932590485 118.5307294204831 31.48504984378815 6.362320587038994 2.804440297186375 0 0.2047076672315598 0.2339094951748848 0.7409761250019073 0 0.249195784330368 40.10929149389267 0.5997637808322906 8.615596190094948 6.081385985016823 0 0.8664867728948593 0.1201654970645905 1.304158739745617 0 6.078477278351784 0.3224542737007141 0.1882762312889099 0.2424434646964073 1.953590504825115 8.941337831318378 0.7668606638908386 2.298755146563053 74.94879294931889 0 0.6127958074212074 1.279505990445614 66.31027556955814 1.713250733911991 45.9419030547142 0.09180839359760284 0 0 2.235843978822231 0 10.42053496092558 0.1168782785534859 1.649121955037117 0.4694982469081879 3.425897739827633 1.246782347559929 0.3088165670633316 0.2628248333930969
3806.954537779093 3.879762940108776 1311.861776553094 2.279148764908314 0 43.33882797509432 4304.647238612175 1096.805841721594 36.59394630044699 22.54618611186743 28.48868256062269 2.599531278014183 1.259711630642414 3884.998180039227 0.8340902179479599 19.558977663517 2138.175074145198 15.65361903607845 142.4864322468638 2.952630944550037 8952.877200320363 123.0748382434249 4594.31935672462 796.9693226739764 0.1131969913840294 581.651972822845 267.5538910031319 6325.13698849082 3415.435703061521 9398.128380738199 0.8611244931817055 8.57728960365057 526.3754381760955 4738.889869071543 540.4424219727516 4458.48765796423 466.7201834246516 3758.845597907901 1517.932752110064 451.4152709618211 52.17532324045897 1.661477953195572 36.96850820630789 1.825814723968506 0.6927525550127029 1.241885870695114 0.8652504682540894 0 2.103243470191956 69.25036507099867 1.698163717985153 29.30882588773966 12.24938897788525 0 0.1095714569091797 0 0.9644118398427963 0.161912128329277 107.1892201378942 3.389269016683102 0.4119232520461082 1.756590574979782 0 97.99235642701387 13.4167652130127 39.45421266555786 291.9903260096908 0.1653307229280472 1.494114488363266 5.489253357052803 328.8822033926845 9.306883051991463 247.403282776475 0 0 0.2372053414583206 4.44150447845459 2.396514974534512 61.54106906056404 1.907879546284676 7.579876311123371 1.94991796463728 22.95016947388649 2.094702735543251 0.2513791024684906 0
