495.4922703206539 0.09843321144580841 56.52249702811241 12.01604105532169 0 55.46662440896034 2501.0248288773 602.0646137446165 22.79590444266796 70.96254609525204 13.17297573387623 6.124477244913578 1.569739654660225 4208.515923798084 0.2551851719617844 0.3505627512931824 252.4199255928397 4.354358568787575 46.84318075329065 8.857181459665298 110.3979421705008 0.1306570768356323 217.9259810820222 174.0913059413433 0.08128033578395844 88.00730915367603 23.84052811563015 183.1321132034063 2879.274222791195 1488.93072437495 0.07652507722377777 7.783759295940399 144.6958376318216 352.5304074659944 8.743856750428677 179.3269040137529 20.47080429643393 262.2124754190445 75.10488477349281 5.129655934870243 9.146342992782593 1.063221976161003 4.854504361748695 0.7561530619859695 0.2982057631015778 0.7675064280629158 2.162259869277477 0 0.09884928911924362 25.27137147635221 1.204783402383327 5.332328252494335 3.477498605847359 0.09223898500204086 4.007967576384544 0 4.600695677101612 0 0.4780429005622864 0.2779005467891693 0 0.2383422031998634 2.103643767535686 0.8524169400334358 0 0.6865505650639534 53.79704929888248 0 1.430534020066261 1.412921436131001 39.21171234548092 3.030193693935871 3.587536670267582 0 0 0.3478574752807617 1.850687943398952 1.212884128093719 9.981399580836296 1.067544303834438 3.394391924142838 1.094536177814007 7.186537399888039 0.3990059345960617 0 0
0.09843321144580841 43.36181642115116 36.39721401035786 0.1254685074090958 0.1136251613497734 0.2912710905075073 0.7876833900809288 0.2467021197080612 987.4615572243929 0.1410588324069977 158.8694717809558 2.108122684061527 625.4505789652467 0.3102793246507645 10.18753764033318 110.5666103735566 6.500420317053795 4.146663457155228 4.397764772176743 0.1674227714538574 12.18934261053801 1865.41262152791 4.704723179340363 717.1610766276717 1086.401482924819 268.6353724747896 3568.317553550005 14.07266203314066 0.4712388440966606 1.116416312754154 31.38019726425409 0.3362835198640823 0 40.00182554870844 0.3904293179512024 16.19395519047976 139.4331336542964 44.34228656440973 5.374895468354225 16.60583712905645 0.1681462675333023 101.760538816452 0 0.1700679808855057 21.78380388021469 17.87096992135048 0 0 0 0 0 0.1188886761665344 0 1.201960034668446 0 1.698933020234108 0.09324938803911209 0 0.8141913712024689 3.634935729205608 1.467346601188183 12.69314021617174 0 0.1055356413125992 9.85482494533062 1.194443412125111 2.363389581441879 8.7674880027771 83.36772920936346 400.7878364622593 0.5504032075405121 0.1833566427230835 0.2249894663691521 2.213849768042564 0 0 2.039963603019714 0 1.579231470823288 5.854706734418869 2.853201493620872 1.14688865095377 0 0 0 0
56.52249702811241 36.39721401035786 4511.043053157628 0.8305389732122421 0 8.186835698783398 417.1650229096413 48.11813082545996 5.320942185819149 4.307966396212578 22.58379935473204 0.6420147344470024 3.207730069756508 63.08738210052252 0.1516783684492111 33.27112629264593 6229.019175626338 19.83520606905222 295.2484572678804 0.3014451190829277 1086.232407040894 18.28754962235689 9434.268587067723 64.59690520167351 1.563966333866119 6143.506931610405 4200.685457013547 125.2495944872499 29.17746742069721 237.7104904353619 0.09461577981710434 0.08296483755111694 2.911921769380569 562.9489763826132 33.18281996250153 840.7845449000597 3451.551997192204 1403.023862883449 507.9901553094387 19.31400541961193 2.639265827834606 6.479753747582436 3.823530785739422 1.039366215467453 149.3116413876414 692.0861612781882 0 0 0 6.914666056632996 0.7595457285642624 0.7458846047520638 0 0.2375358119606972 0 0.3826866447925568 1.476703464984894 0 93.42349196225405 75.75782241672277 0.1091860234737396 12.67213106900454 0 6.440390639007092 125.0274625793099 375.1471665203571 25.79061324894428 4.544628195464611 163.4423243701458 2974.994119502604 11.89698159694672 0.5745716392993927 3.381023168563843 0 0 0 8.239551618695259 9.971634700894356 23.18807606399059 479.5739049687982 25.48935185372829 13.4203360080719 0.5122292637825012 0.1829699277877808 0 0.1148352101445198
12.01604105532169 0.1254685074090958 0.8305389732122421 847.2310128584504 2.918199107050896 351.7959245741367 535.8124622628093 84.16489046066999 629.7813247516751 5241.095046944916 9.710803918540478 2772.646739836782 2.12835593149066 52.89015135169029 84.38500970602036 0.3298093676567078 0.8525348380208015 1.933825049549341 3.265564598143101 2885.483298681676 2.979722738265991 0 2.241914935410023 1551.178790137172 2.250233009457588 5.605894729495049 9.848452493548393 1653.374475970864 108.8182457983494 6.622724503278732 0.2021116241812706 9.628570381551981 5.771552510559559 67.44157292693853 4.613637179136276 273.2262074649334 2.770556509494781 101.0016178786755 27.49586168676615 243.915801666677 8.743526220321655 2.827132321894169 6.300839260220528 1.146902970969677 0 0 107.8755527064204 0.2412384450435638 7.069095693528652 45.83575753867626 9.194563910365105 43.95383316278458 62.24682556837797 1.77730230987072 143.6993402764201 0.09689908474683762 4.438710458576679 3.622489176690578 0 0.1175131872296333 0.1014022007584572 0 92.5278352573514 0 0 0 179.1173079237342 0 0.2916772961616516 0.1771772652864456 130.4065073803067 2.830283969640732 1.417620606720448 0 0.277117095887661 0.3433817327022552 3.196922533214092 0 11.59319107979536 0.5016458034515381 7.01672325283289 0.1341211199760437 60.26973150670528 0.1269285380840302 0.1107207611203194 0
0 0.1136251613497734 0 2.918199107050896 0.40951207280159 109.4265043884516 1.143146008253098 2.680796839296818 66.70303645730019 0.7629010006785393 0.2029616385698318 106.3156056776643 0.1715049743652344 0.147973507642746 620.1107525527477 0 0.08944918215274811 0 0 34.02868174761534 0 0.383818656206131 0 8.220425143837929 0 0 0 1.205345787107944 2.587470084428787 0.1283091455698013 0 127.2188255339861 0 8.62670560926199 0 14.83615158498287 0.7652143239974976 5.889347121119499 2.542942255735397 617.3099034130573 4.399696320295334 0.5268916487693787 2.095730692148209 0 0 0 0.1224843189120293 0 0 0 0 0.1596254706382751 0.2434169203042984 0 0.1721585392951965 0 0 0 0 0 0 0 0.6100165992975235 0 0 0 0.4325291141867638 0 0 0 0.2700978368520737 0 0 0 0 0 0 0 0.190733328461647 0 0.1084592267870903 0 0.1886191815137863 0 0 0
55.46662440896034 0.2912710905075073 8.186835698783398 351.7959245741367 109.4265043884516 6813.100213047117 2498.042203687131 3021.792569290847 105.7309656664729 7832.940748937428 116.9779757037759 2469.581882219762 27.20493311434984 805.8833746053278 1409.576108410954 0.06533767282962799 25.41623868048191 15.58627516031265 21.47625228017569 692.4302518032491 10.54395063966513 0.165344700217247 14.8553658425808 199.3722090646625 4.180526815354824 41.05413840338588 15.33114967122674 586.1260598264635 324.7060169503093 86.97304029762745 2.459999643266201 627.6235598251224 2.864788636565208 622.883423756808 3.099866233766079 479.5020806491375 29.10575625300407 425.2431942895055 66.53351398557425 1853.976234659553 186.7501974031329 10.27480614185333 6.223534658551216 0.1157803311944008 0.09154759347438812 0.2045380026102066 11.24815330654383 0 1.085652589797974 38.55062199383974 3.112393379211426 5.78756707906723 10.16804440319538 0.3948319107294083 11.77269094437361 0.3851316496729851 3.379861205816269 2.483540326356888 0.9533188045024872 0.2899514436721802 0.4440368860960007 0.08814727514982224 13.91745547950268 0.1188374236226082 0 0.2500909492373466 71.47132208198309 0 0.6355866119265556 0.2325916811823845 55.33313734084368 2.39579563587904 1.490980476140976 0 0.689562976360321 0.9198934733867645 2.849086437374353 0.5889544486999512 10.38234584778547 0.5862172991037369 3.735828407108784 0.6030956655740738 10.93286506086588 0 0 0
2501.0248288773 0.7876833900809288 417.1650229096413 535.8124622628093 1.143146008253098 2498.042203687131 7743.485575817525 2956.124181043357 482.2092434838414 4045.373206909746 72.49647505581379 25.81870306655765 8.659871030598879 3809.020367324352 9.194055460393429 2.03419404476881 376.9231802821159 31.51423101499677 92.63065917789936 93.95003885403275 1243.427863545716 0.9615406543016434 602.8154609501362 2420.833766687661 4.308897979557514 278.0609347783029 162.9674188680947 12643.30708641559 2172.21183616668 3103.368769615889 1.40314556658268 31.81859265640378 132.1731522381306 534.723008826375 61.82171693444252 1737.665091618896 67.51798378676176 930.6409664452076 403.2989669069648 88.32949705421925 48.87292362749577 3.06574946641922 34.54498302936554 7.728122405707836 0.1470039188861847 3.115818180143833 44.26213166862726 0 5.405851662158966 238.1631714254618 22.82724568247795 61.41126003116369 52.80900481343269 2.408779069781303 26.10464463382959 0 31.67317208647728 1.866679713129997 3.454473786056042 2.164623364806175 0.8067732900381088 1.621608272194862 71.07213141769171 0.5275626182556152 1.083892941474915 4.605657309293747 575.1259879246354 0 5.433902092278004 12.79230359941721 415.8227039575577 27.61326435953379 10.69307781755924 0 2.344742462038994 0.7160670310258865 15.9911607503891 13.93473461270332 32.46775303781033 2.875367157161236 26.24290870130062 8.633691862225533 48.86190845072269 2.357051372528076 0.1235751658678055 0.4913972914218903
602.0646137446165 0.2467021197080612 48.11813082545996 84.16489046066999 2.680796839296818 3021.792569290847 2956.124181043357 4873.795856535435 91.23239932209253 1445.639649320394 150.1615389212966 771.6562501378357 32.54538926482201 4355.172016374767 268.1908748596907 0.3237065672874451 152.0713456869125 24.51607598364353 56.30337630957365 284.4870809577405 55.17221768200397 0.2847445905208588 103.5756379142404 334.3748396933079 4.122275181114674 115.1128982156515 36.88535098731518 294.4911717921495 1144.37396049872 628.0979391932487 3.358679763972759 259.2575743496418 8.829739347100258 617.675067845732 5.604241944849491 407.0795427262783 44.33849819749594 439.5011950060725 62.74314650893211 440.1268702447414 57.94327165931463 9.310992695391178 3.887825138866901 2.84009225666523 0 1.372322678565979 16.84832135215402 0 0.8937695100903511 88.21125534176826 5.089492402970791 14.11332977563143 16.996288202703 1.266480952501297 11.81454676389694 0.1874035596847534 10.61837381124496 2.136829510331154 1.019531473517418 0.5177619159221649 0.4854796528816223 0.9517591446638107 26.54260111600161 0.1180777549743652 0.5608974471688271 1.102983862161636 145.8796577230096 0.4609143882989883 1.951432228088379 2.305686384439468 132.5707785189152 7.336983688175678 3.448964104056358 0 0.572331003844738 1.242016725242138 3.379484914243221 2.006291255354881 12.64236588776112 1.84404394775629 5.9301518201828 2.443832881748676 17.74267901480198 0.1311457604169846 0.1111963838338852 0
22.79590444266796 987.4615572243929 5.320942185819149 629.7813247516751 66.70303645730019 105.7309656664729 482.2092434838414 91.23239932209253 363.9524839818478 459.4198564179242 10.38767727464437 445.6157583892345 16.76524559408426 121.2137476280332 743.5968414694071 20.20545267313719 4.363198898732662 0.8184608817100525 2.311177216470242 525.1045847460628 23.42383223772049 1384.849329426885 10.28788347542286 4985.260060682893 79.2855648547411 25.96659152209759 854.6845583617687 1300.857236512005 57.24810052663088 281.2668696716428 2.537185750901699 18.18285711854696 3.382251769304276 39.27955587953329 3.921672604978085 178.5085971727967 23.27080660313368 99.44732107967138 35.00473940372467 635.1918678954244 11.5292396992445 2.788718305528164 1.564869962632656 10.04064565896988 4.227567546069622 2.83061894774437 117.9661351442337 0.3841641545295715 6.570503041148186 186.1437480375171 17.23277353495359 90.1037800386548 96.88975062966347 2.060575999319553 218.1045559495687 0.07892193645238876 28.79374028742313 19.62970672547817 101.4183792099357 1.615156084299088 0.6897977218031883 0.875947467982769 192.7905074208975 54.83458983153105 50.60356519371271 25.94312319159508 1933.629158467054 2.006991192698479 9.042477652430534 17.26787132024765 714.7361180782318 43.38071990013123 54.07153864204884 0 0.4239288493990898 2.275072447955608 10.74350111186504 2.488731004297733 43.62893287092447 4.818630926311016 21.04262245446444 11.12538490444422 109.3477762266994 4.125366941094398 0.2916909158229828 0.6014467179775238
70.96254609525204 0.1410588324069977 4.307966396212578 5241.095046944916 0.7629010006785393 7832.940748937428 4045.373206909746 1445.639649320394 459.4198564179242 18477.541309122 67.52521419897676 1843.784420151263 13.11759297549725 782.8498665243387 11.83796959370375 0.1015999242663383 4.315047591924667 12.22808483242989 19.61581349000335 3563.986426424235 4.380724921822548 0.08649051934480667 4.399474963545799 1301.889082245529 4.598208606243134 33.98995953425765 13.91820564866066 6615.061704766005 824.4143372476101 11.80347569286823 2.122420135885477 49.57209964469075 12.54020309448242 404.6918739639223 18.51140771061182 699.4328664541245 29.09780979901552 774.9724251143634 199.5880699455738 88.13998062163591 51.77442098408937 5.751192152500153 16.89791170507669 2.256294175982475 0.1270966380834579 0.1589701473712921 98.32756812125444 0 3.543673560023308 75.92430001497269 12.55741140246391 50.63873443752527 94.16610109806061 1.129991099238396 134.0579833388329 1.004418849945068 13.96866209059954 6.470363385975361 0 0.1096234396100044 0.7637833580374718 0.1720695495605469 137.7332098707557 0.2003757059574127 0 0.1152792125940323 284.2890806794167 0 0.9057358056306839 0.9500835537910461 183.734425060451 5.264209650456905 1.342740312218666 0 0.2395814508199692 0 5.481685943901539 1.337718069553375 16.28444407135248 2.885305553674698 11.1317398622632 1.114177145063877 74.46923813968897 0.1858129650354385 2.473330408334732 0
13.17297573387623 158.8694717809558 22.58379935473204 9.710803918540478 0.2029616385698318 116.9779757037759 72.49647505581379 150.1615389212966 10.38767727464437 67.52521419897676 8627.296326853335 90.43106856942177 8242.858874872327 108.9724904894829 2.843143008649349 3.152853928506374 887.0523388087749 3013.144694745541 998.9076947197318 44.93344101309776 20.13605629652739 51.72210387885571 73.88727430999279 32.92446060478687 981.6447035446763 2685.287883810699 2080.900425851345 25.38411366194487 335.2635276913643 24.41023940593004 1155.551231831312 111.6655067950487 1.283767856657505 4653.722040615976 78.86732786893845 1313.656676508486 4381.691417552531 4333.120762959123 578.2337652742863 114.7542567849159 22.28356397151947 623.4673447906971 10.03144556283951 4.675716876983643 12.35696548968554 1.525229297578335 1.337281063199043 0 0 9.835982449352741 0.5966698601841927 2.726087890565395 1.91336078196764 298.619580924511 1.410955026745796 369.4602132067084 0.9192439392209053 0 0 2.308621898293495 90.80191592127085 30.1358797699213 4.131119452416897 0.1506158113479614 4.243200771510601 0.8092379122972488 16.55264908075333 298.6823875233531 299.1956739798188 280.6822751685977 15.71861320734024 0.6906516402959824 0.9745252951979637 112.1726621612906 0.1907490715384483 0 10.33592385798693 13.85005050897598 67.74961706250906 331.4857764318585 43.30075945705175 27.43447326123714 2.870520144701004 3.896806955337524 41.50442815572023 5.976729989051819
6.124477244913578 2.108122684061527 0.6420147344470024 2772.646739836782 106.3156056776643 2469.581882219762 25.81870306655765 771.6562501378357 445.6157583892345 1843.784420151263 90.43106856942177 6345.181439422071 22.48185465857387 272.151903886348 1749.603656277061 0 2.084253072738647 14.92740320041776 17.40324545651674 3122.375759012997 0.1987051069736481 2.443999730050564 1.460364311933517 331.2039636597037 7.507474012672901 37.46824704483151 17.35414957255125 300.4885802343488 309.0096026808023 4.004066437482834 1.891009751707315 89.67450708150864 1.461688466370106 400.157592330128 5.555477678775787 727.1666039675474 20.63758508116007 549.7386294044554 63.53098978847265 1595.403830841184 49.28699362277985 6.104593336582184 6.207647264003754 0 0.2917645424604416 0.06048499792814255 46.47620782256126 0.168046772480011 1.850022584199905 45.14330534636974 2.632250472903252 32.2583172544837 67.91587708890438 1.271485276520252 203.4397319257259 2.612297676503658 7.72229465842247 11.38200351595879 0.2165678143501282 0 0.07785630971193314 0.08272331207990646 107.2746757566929 0.5110840201377869 0 0.1390664726495743 133.2554053738713 0.1871297806501389 0.805927574634552 0.2013847753405571 90.73401868343353 2.734970577061176 1.30551053583622 0 0.8523725569248199 0 1.558239690959454 1.303967863321304 21.67687997967005 0.9962901100516319 6.978778392076492 1.234166651964188 177.3929945230484 0 1.90871449559927 0.1461938917636871
1.569739654660225 625.4505789652467 3.207730069756508 2.12835593149066 0.1715049743652344 27.20493311434984 8.659871030598879 32.54538926482201 16.76524559408426 13.11759297549725 8242.858874872327 22.48185465857387 1174.028166413307 18.50737085938454 0.9080262035131454 3.381899312138557 4.172444239258766 278.2435214072466 29.63985660672188 9.303817253559828 1.043975353240967 119.0813790336251 8.74540338665247 25.48596455156803 3393.427766636014 268.7258967086673 2098.108003780246 9.97335522249341 49.64926515519619 2.42447742074728 338.8686074763536 25.86560449749231 0.1520782709121704 2681.727101422846 65.59831691533327 1054.615262597799 3277.950425371528 2594.82570271194 161.0530799478292 102.7333006560802 19.19301122426987 1170.131431981921 0.2539615482091904 4.543456077575684 34.49096051603556 0.2448112964630127 0.5987709909677505 0 0 2.468541264533997 1.236154995858669 4.40670819580555 0.2411059960722923 702.3762028291821 0.372929148375988 895.3806603103876 1.229026228189468 0 0.449490487575531 0.9507740437984467 133.8209790512919 20.90971979498863 0.2282317206263542 0.2579717934131622 12.93373111635447 0.5514142885804176 8.384715832769871 1111.43856702745 537.3893785178661 463.0046439394355 8.48733676224947 0.6705625802278519 0.233061395585537 222.915535159409 1.739996865391731 0 11.89584841579199 13.622189193964 91.84959857165813 595.8386766240001 31.2563014253974 5.814972497522831 12.40631446242332 0 96.94330921769142 0
4208.515923798084 0.3102793246507645 63.08738210052252 52.89015135169029 0.147973507642746 805.8833746053278 3809.020367324352 4355.172016374767 121.2137476280332 782.8498665243387 108.9724904894829 272.151903886348 18.50737085938454 7680.956601917744 6.919163145124912 0.1053429991006851 277.7888564914465 18.87026909738779 78.11218625307083 246.1067918762565 84.4032991155982 0.2855421006679535 186.1459912806749 374.9567495137453 3.141684427857399 136.2289837896824 39.8764521703124 370.2065394371748 4924.763758033514 1510.803242057562 2.664123594760895 218.9142740145326 38.23837076127529 696.4167526289821 4.599460542201996 288.2085777074099 31.91258347034454 484.5807382166386 94.16590698808432 41.11843924224377 18.782316185534 3.735261596739292 4.252730406820774 1.399951688945293 0 0.6463644355535507 10.11721792817116 0 3.174740292131901 72.31720795482397 7.239070780575275 12.14771611988544 17.04620712250471 1.122614108026028 10.83035070449114 1.372153282165527 9.343848578631878 0.9418921619653702 1.725053213536739 0.4278105795383453 0.2713551819324493 0.5670914053916931 21.32083836197853 0.8549241349101067 0 0.5004950687289238 137.0797723904252 0 2.319890826940536 3.510119654238224 119.4886493980885 6.624559722840786 4.506639301776886 0 0.7993735894560814 0.2324291095137596 5.124572098255157 2.218089997768402 13.09336940944195 1.330809444189072 4.925969421863556 1.407087028026581 17.04739487171173 2.264177292585373 1.43336546421051 0
0.2551851719617844 10.18753764033318 0.1516783684492111 84.38500970602036 620.1107525527477 1409.576108410954 9.194055460393429 268.1908748596907 743.5968414694071 11.83796959370375 2.843143008649349 1749.603656277061 0.9080262035131454 6.919163145124912 305.7425438016653 0.300683856010437 0.1000340580940247 0.363992266356945 0.7239839881658554 161.0893880426884 0 35.1483302116394 0.1454205214977264 684.6214661225677 4.267972156405449 0.8059439584612846 17.59437118470669 22.87780240923166 11.10365158319473 2.51852498203516 0 980.8481902033091 0 99.27707701176405 0 124.9130844697356 1.990140572190285 10.93424215167761 0.422027513384819 1050.458213940263 59.00186739861965 1.153570294380188 0.13877072930336 0 0 0 2.447312876582146 0 0 6.533109791576862 0.2775556147098541 2.330146566033363 5.244093403220177 0 14.34444984793663 0 0.5544294863939285 1.458868697285652 0.6908912360668182 0 0 0 8.604035072028637 0.4094033464789391 1.341010510921478 0 11.61443005502224 0 0 0.2249665930867195 9.128322422504425 0.6363930106163025 0 0 0 0 0 0 6.403382390737534 0 1.296725749969482 0 23.13475328683853 0 0 0
0.3505627512931824 110.5666103735566 33.27112629264593 0.3298093676567078 0 0.06533767282962799 2.03419404476881 0.3237065672874451 20.20545267313719 0.1015999242663383 3.152853928506374 0 3.381899312138557 0.1053429991006851 0.300683856010437 1566.187494568527 25.66724731773138 0.4932126700878143 1.317059025168419 0 800.4013549238443 1729.996232919395 2586.331093400717 1017.546679213643 6.619132913649082 8.865089029073715 3331.565777808428 991.0950990989804 1.923023857176304 13.29140520840883 0.3796654641628265 0 0.3461648523807526 95.45465139299631 47.60643000155687 2601.45795853436 983.0316952168941 697.2650754749775 759.8238622620702 68.24554355442524 2.465898349881172 2.387508541345596 30.85672464221716 3.47580561041832 7.03709814697504 40.08193925023079 0 0.1351393610239029 0.1112116202712059 9.151754595339298 0.8167501389980316 36.02165623754263 0.6047564670443535 0.4681684002280235 0 0 4.755435071885586 0.4140172079205513 2451.927055880427 2.538945704698563 0.1305402368307114 0.8216105177998543 0 311.3701769858599 946.0137432441115 2064.75176923722 374.9599222540855 0.6636345982551575 6.676668517291546 575.3480560481548 296.5608054175973 25.95918951183558 84.95393569767475 0 0 0.1412131637334824 3.590987652540207 20.35591207444668 21.50821739435196 33.26146405935287 7.138237290084362 10.03697776049376 1.044317856431007 0.6205536723136902 1.182740449905396 0
252.4199255928397 6.500420317053795 6229.019175626338 0.8525348380208015 0.08944918215274811 25.41623868048191 376.9231802821159 152.0713456869125 4.363198898732662 4.315047591924667 887.0523388087749 2.084253072738647 4.172444239258766 277.7888564914465 0.1000340580940247 25.66724731773138 1272.605156138539 360.5721409395337 3244.998194113374 2.066340893507004 449.1326986923814 5.52680828422308 3559.644908636808 55.86109554022551 4.973132774233818 2149.973924435675 5191.059536725283 72.69307259470224 236.3798579610884 1123.24878950417 1.877398051321507 1.631288401782513 19.18116530776024 1600.531149655581 12.93181511759758 865.6540085747838 2887.387356795371 1023.168079413474 357.5055588111281 27.55093505233526 1.389332577586174 8.645905762910843 3.490275599062443 1.012748204171658 34.59239917248487 110.3864494636655 0 0 0.1387102454900742 5.072830654680729 0.4793846309185028 1.086290247738361 0.5294178053736687 0.8422098606824875 0.3668068796396255 0.207215279340744 1.489734083414078 0.6026249527931213 2.267188914120197 47.49718028306961 0.5132918059825897 27.39629831165075 0.4868537113070488 0.6469526141881943 2.36608674377203 6.72569340467453 7.301626764237881 1.353129185736179 219.1053170114756 523.6411335319281 7.857304431498051 0.8812687620520592 2.73801189661026 0.2231529206037521 0 0 5.352552279829979 9.377646073698997 20.55056043714285 163.6799997538328 14.37837869673967 5.061051540076733 0.5596930831670761 0 0 0.3513674363493919
4.354358568787575 4.146663457155228 19.83520606905222 1.933825049549341 0 15.58627516031265 31.51423101499677 24.51607598364353 0.8184608817100525 12.22808483242989 3013.144694745541 14.92740320041776 278.2435214072466 18.87026909738779 0.363992266356945 0.4932126700878143 360.5721409395337 410.6404581591487 875.4970412403345 8.218986611813307 4.426254995167255 0.8452424556016922 18.10966379195452 5.556347884237766 25.72144025564194 2447.701946109533 564.7832302004099 3.641461841762066 43.86112717539072 7.284602619707584 252.7754286974669 8.700606182217598 0.5295996218919754 741.8043554201722 5.111786976456642 237.1077145338058 392.9066982716322 933.3468991518021 213.7581468299031 9.211498238146305 0.6999214589595795 16.36661416292191 0.5893629416823387 0 0.8958308771252632 0.7131714224815369 0.4442815780639648 0 0 2.174524165689945 0.08149314671754837 0.4472900331020355 0.4364375174045563 12.20379896461964 0 10.20235951244831 0.6506204754114151 0 0 1.932888522744179 19.36427070945501 16.68560568243265 0.480439767241478 0 0.1456681489944458 0.2310849726200104 1.341351702809334 3.566753752529621 99.91350394487381 74.41758918762207 2.09118790179491 0.169880136847496 0 5.116431459784508 0 0 1.711285293102264 0.7480154037475586 11.00218168646097 17.44527005404234 3.788791432976723 0 0.9090360999107361 0 0 0
46.84318075329065 4.397764772176743 295.2484572678804 3.265564598143101 0 21.47625228017569 92.63065917789936 56.30337630957365 2.311177216470242 19.61581349000335 998.9076947197318 17.40324545651674 29.63985660672188 78.11218625307083 0.7239839881658554 1.317059025168419 3244.998194113374 875.4970412403345 1943.95842653513 11.0268731340766 48.61787400394678 2.75631982833147 210.2597435414791 10.08819457143545 9.796526096761227 3354.225492142141 976.0344176143408 12.21600744873285 101.2519132718444 91.37063027173281 31.85424807667732 7.478514909744263 4.612216159701347 1607.887308843434 6.941210709512234 548.2193354740739 1461.797828480601 1529.724245391786 504.529553078115 20.26548910886049 0.5644137114286423 18.1088465899229 2.198517888784409 0.2045779079198837 6.191453367471695 14.98992237448692 0.3954632505774498 0 0 2.784185625612736 1.000773563981056 0.7957936748862267 0.3025147542357445 8.460397519171238 0.4467110261321068 5.05839192122221 0.6858688369393349 0 0.2640516981482506 18.51106349378824 15.29054553061724 66.1292250752449 0.7438992708921432 0.5427626594901085 0.4947755858302116 0.8287244215607643 3.574041426181793 1.526360012590885 275.7233702167869 287.0189227238297 3.759239554405212 1.237648196518421 1.812003649771214 5.327883027493954 0.09857965260744095 0 6.876882500946522 1.38227616250515 23.63948661834002 68.64562876522541 10.89319729059935 4.285450100898743 0.6327638179063797 0 0.2393907755613327 0
8.857181459665298 0.1674227714538574 0.3014451190829277 2885.483298681676 34.02868174761534 692.4302518032491 93.95003885403275 284.4870809577405 525.1045847460628 3563.986426424235 44.93344101309776 3122.375759012997 9.303817253559828 246.1067918762565 161.0893880426884 0 2.066340893507004 8.218986611813307 11.0268731340766 694.1675718724728 0.6459363251924515 0.2146209254860878 0.4372809827327728 1045.465579427779 0.9985333383083344 19.13001554831862 9.601345274597406 2524.250916473567 368.7387496754527 3.80766436457634 1.445030447095633 36.27942321449518 3.417852461338043 222.8959815651178 8.549755908548832 573.9442261233926 16.46257971972227 455.9093397110701 113.9861235916615 417.3970206901431 40.73247080296278 5.501961976289749 11.4909560084343 3.196805387735367 0.1099628582596779 0 137.3574123159051 0 4.893918804824352 62.90112248808146 6.267289377748966 51.81226170063019 70.59508346766233 0.5185347646474838 141.0456142127514 0 8.186789400875568 6.034672401845455 0 0 0.1299998164176941 0.1841678805649281 121.1734232529998 0 0.5122285708785057 0.3126083314418793 215.5119726061821 0 1.4866893440485 0.438532117754221 152.8955470025539 4.331133671104908 2.281043015420437 0 0.7318394258618355 0 3.677081190049648 1.781143017113209 13.65081223100424 0.7579295188188553 5.735163196921349 0.9158707112073898 87.3059790879488 0.6932740211486816 1.535786628723145 0
110.3979421705008 12.18934261053801 1086.232407040894 2.979722738265991 0 10.54395063966513 1243.427863545716 55.17221768200397 23.42383223772049 4.380724921822548 20.13605629652739 0.1987051069736481 1.043975353240967 84.4032991155982 0 800.4013549238443 449.1326986923814 4.426254995167255 48.61787400394678 0.6459363251924515 10400.46571016312 136.7941392660141 10362.1548159197 365.4611697793007 0.939901627600193 143.3959685564041 467.7586268633604 3730.573778174818 531.4151066765189 8052.638884246349 0 0.9822335913777351 217.2772488519549 2252.599323093891 96.38991370797157 3610.516119010746 703.1551884412766 3646.836420014501 1725.204569987953 64.44042242318392 8.774942629039288 3.423424541950226 47.15771438926458 3.469677865505219 1.373877629637718 6.727338768541813 0 0 0.3322123289108276 27.93513720482588 4.745198406279087 20.97242666035891 0.5981512069702148 0.1237261593341827 0.1140730381011963 0 8.415450915694237 0.5686342865228653 105.8564311340451 1.107033990323544 0 0.08976439386606216 0.5541811808943748 98.68626534193754 52.63921278715134 29.76566553115845 239.0816359817982 0 1.556391954421997 28.02617683261633 201.8251544162631 23.91631346940994 64.57352267950773 0 0.09673548489809036 1.046668216586113 2.812156058847904 41.2572296410799 23.16617678105831 4.453009575605392 7.913239605724812 6.796721994876862 8.814631938934326 0 0.2057093530893326 0.7970606684684753
0.1306570768356323 1865.41262152791 18.28754962235689 0 0.383818656206131 0.165344700217247 0.9615406543016434 0.2847445905208588 1384.849329426885 0.08649051934480667 51.72210387885571 2.443999730050564 119.0813790336251 0.2855421006679535 35.1483302116394 1729.996232919395 5.52680828422308 0.8452424556016922 2.75631982833147 0.2146209254860878 136.7941392660141 726.6841167882085 161.2160183042288 2865.349280484021 485.6183228567243 68.06303510069847 2117.517332211137 145.9468675628304 0.6467440351843834 3.509527742862701 9.320554867386818 0.2735824882984161 0 14.77765139937401 0 21.11856255680323 49.89822249114513 24.97879362851381 3.195955716073513 44.72470517456532 0 15.4794233366847 0 2.543769806623459 3.338049747049809 24.30961766839027 0.2410443872213364 0 0 5.55812680721283 1.375730380415916 21.48882028460503 0 0.1245052441954613 0.3901034891605377 0.2182359173893929 3.771647155284882 0.5630142539739609 589.4529808983207 0.3600794672966003 0.727030836045742 0.7282966375350952 0 128.1731473505497 99.4135712608695 302.3027927577496 215.7177199646831 1.214458003640175 9.831083729863167 335.813129119575 127.5101239234209 11.48655992746353 28.34146983921528 0.2858758494257927 0 0.3996850699186325 1.140256978571415 0 4.443430177867413 5.022365316748619 1.491931900382042 0.6148875057697296 1.214290328323841 1.012775897979736 0 0.1402657777070999
217.9259810820222 4.704723179340363 9434.268587067723 2.241914935410023 0 14.8553658425808 602.8154609501362 103.5756379142404 10.28788347542286 4.399474963545799 73.88727430999279 1.460364311933517 8.74540338665247 186.1459912806749 0.1454205214977264 2586.331093400717 3559.644908636808 18.10966379195452 210.2597435414791 0.4372809827327728 10362.1548159197 161.2160183042288 10251.7254139185 487.5412601009011 2.61956387758255 960.6248330771923 9140.259069919586 2098.185665987432 229.1144608035684 3673.802103348076 0.2456128671765327 0.9893062859773636 34.76122160255909 2686.476240500808 249.2399662658572 9374.750803314149 4137.374553851783 7367.938259474933 5052.485281899571 315.1563585847616 20.47107169777155 23.09219020605087 102.7991540953517 3.029524810612202 3.257060371339321 79.41963047534227 0.2556327283382416 0 0.08863122761249542 5.720163904130459 0.6494907215237617 5.014109641313553 0.4439242333173752 0 0.1358587145805359 0 0.9887232407927513 0.507085919380188 1214.935698628426 2.302204594016075 0.1354953944683075 1.83261401206255 0.4521906971931458 77.26062557846308 282.3241300731897 1231.82571964711 132.2961947545409 0.3920606076717377 8.269109234213829 753.6014690026641 78.91966346651316 3.964488506317139 11.82530300319195 0 0 0 1.946860313415527 142.3729862719774 27.91266622394323 43.77480166405439 11.68416694551706 21.64189922064543 2.662854231894016 0 2.704791069030762 1.223960280418396
174.0913059413433 717.1610766276717 64.59690520167351 1551.178790137172 8.220425143837929 199.3722090646625 2420.833766687661 334.3748396933079 4985.260060682893 1301.889082245529 32.92446060478687 331.2039636597037 25.48596455156803 374.9567495137453 684.6214661225677 1017.546679213643 55.86109554022551 5.556347884237766 10.08819457143545 1045.465579427779 365.4611697793007 2865.349280484021 487.5412601009011 7082.678412973881 60.53932109475136 32.67191956192255 3077.380583256483 8154.804675906897 500.1839855536819 899.9270417615771 2.394802510738373 24.06763196736574 74.69572502374649 309.1675338298082 56.62502978742123 1746.70078689605 127.5371175631881 740.6544708386064 371.6521943882108 483.5130102336407 56.07951439172029 23.58296502381563 29.26199256628752 49.59129469096661 6.076258406043053 41.03585005551577 156.5170320644975 0.119444340467453 18.91995397955179 742.0597190782428 77.43423470854759 587.8786523193121 189.8658877462149 11.70059241354465 209.770095422864 4.361616924405098 114.7742230221629 20.61391200870275 274.0951486900449 11.36506040394306 3.340046390891075 5.676989942789078 272.6310410946608 218.6435057446361 128.3907956853509 103.526447661221 3242.596536502242 0.9652307331562042 18.2961688414216 216.8195367455482 2005.785318173468 176.1807256117463 246.9332939237356 0 6.536468453705311 8.951978221535683 55.69378025829792 14.3666699975729 195.7822036370635 28.04945458471775 101.2985535487533 45.2853227853775 296.8073503375053 13.1462679579854 11.7502621114254 2.765935897827148
0.08128033578395844 1086.401482924819 1.563966333866119 2.250233009457588 0 4.180526815354824 4.308897979557514 4.122275181114674 79.2855648547411 4.598208606243134 981.6447035446763 7.507474012672901 3393.427766636014 3.141684427857399 4.267972156405449 6.619132913649082 4.973132774233818 25.72144025564194 9.796526096761227 0.9985333383083344 0.939901627600193 485.6183228567243 2.61956387758255 60.53932109475136 82.10100974142551 1015.483111537993 3087.627347745001 12.07081337273121 2.35651008784771 0.181237056851387 562.3069263398647 4.637359753251076 0.1337568461894989 342.6688703298569 14.5865194350481 578.653439976275 757.487678155303 698.2124695330858 114.8053546473384 126.469896055758 32.10708668828011 303.7068164497614 0 0 65.12241384387016 1.230111695826054 0 0 0.223736584186554 2.99169234931469 0.5789409726858139 1.468850895762444 0.8606923818588257 198.217567153275 4.206054046750069 391.3546185567975 1.170769989490509 0.3839336037635803 0.2880413010716438 1.632541283965111 91.08104145526886 39.33787911385298 0.1240482404828072 0.1051096022129059 10.29141400754452 0.1044738665223122 3.659841768443584 83.49132109433413 536.9625946581364 1413.591156691313 1.039025537669659 0.3359002247452736 0.4527148827910423 95.02270036935806 0.2452447190880775 0 9.078707866370678 0 96.66120572388172 76.23579504340887 33.47195705771446 8.00369942933321 36.63418212532997 0.1516110002994537 8.507559105753899 0
88.00730915367603 268.6353724747896 6143.506931610405 5.605894729495049 0 41.05413840338588 278.0609347783029 115.1128982156515 25.96659152209759 33.98995953425765 2685.287883810699 37.46824704483151 268.7258967086673 136.2289837896824 0.8059439584612846 8.865089029073715 2149.973924435675 2447.701946109533 3354.225492142141 19.13001554831862 143.3959685564041 68.06303510069847 960.6248330771923 32.67191956192255 1015.483111537993 17205.75756954402 11747.29695088416 29.86074444651604 152.5044087395072 173.2518788799644 626.5764015242457 15.33092278242111 7.164550319314003 2673.40880227834 25.24303463101387 1966.90549531579 4506.619214087725 4660.647993389517 1448.002988427877 67.24014914780855 3.128243163228035 163.3880233243108 8.159352324903011 2.582476921379566 221.2009422555566 246.2968632727861 0.7459162920713425 0.09953795373439789 0.5032408609986305 15.57641980797052 4.656523801386356 1.091949842870235 2.832647852599621 197.6628553047776 1.26854619383812 190.9517240002751 6.188436485826969 0.08758402615785599 2.104019299149513 200.473867893219 373.6412055268884 826.0773197934031 0.6471132412552834 4.019559606909752 2.887692861258984 8.035496160387993 10.82032197713852 118.6186346337199 4004.328651927412 4681.473671883345 9.544028505682945 5.708721309900284 18.30754511058331 111.988590374589 0.8394992873072624 0.208103708922863 75.51471568644047 5.220387369394302 123.7926504090428 834.9951589256525 142.3907032757998 37.80484412610531 2.529837876558304 0.607783630490303 2.875675857067108 0.142061859369278
23.84052811563015 3568.317553550005 4200.685457013547 9.848452493548393 0 15.33114967122674 162.9674188680947 36.88535098731518 854.6845583617687 13.91820564866066 2080.900425851345 17.35414957255125 2098.108003780246 39.8764521703124 17.59437118470669 3331.565777808428 5191.059536725283 564.7832302004099 976.0344176143408 9.601345274597406 467.7586268633604 2117.517332211137 9140.259069919586 3077.380583256483 3087.627347745001 11747.29695088416 26389.34113656729 1655.666691362858 58.09809187054634 69.07928792387247 1169.193916805089 7.045769207179546 4.33328914642334 2903.021142885089 124.6140526309609 5336.158182159066 4263.071781411767 7406.51946388185 2853.328349776566 185.1013507694006 8.332992181181908 128.122424826026 21.03735107928514 3.316025592386723 1386.867319986224 1409.937687672675 0.4436590075492859 0 0.948132798075676 14.3445186689496 5.618295520544052 3.938361965119839 2.800855908542871 140.0653978213668 1.363828957080841 170.2713559344411 7.419191166758537 0 943.8177480325103 272.0822055786848 233.8747250810266 665.076288215816 1.093077600002289 29.86670255661011 856.9991262406111 1418.185767509043 110.1175018250942 222.84601239115 4172.511737652123 13046.76729546487 43.90639711916447 6.120782941579819 20.19423028081656 88.85073136538267 1.313962519168854 0.1244565695524216 71.51682934165001 60.57137667387724 153.2450793907046 1245.595379404724 168.9349269717932 63.21265395730734 1.562198296189308 0 4.856292560696602 0.5106615275144577
183.1321132034063 14.07266203314066 125.2495944872499 1653.374475970864 1.205345787107944 586.1260598264635 12643.30708641559 294.4911717921495 1300.857236512005 6615.061704766005 25.38411366194487 300.4885802343488 9.97335522249341 370.2065394371748 22.87780240923166 991.0950990989804 72.69307259470224 3.641461841762066 12.21600744873285 2524.250916473567 3730.573778174818 145.9468675628304 2098.185665987432 8154.804675906897 12.07081337273121 29.86074444651604 1655.666691362858 9385.984020896256 1147.783063415438 3827.897568039596 0.4710240289568901 16.70039013773203 263.2503731995821 1114.978703700006 142.6228977888823 4139.484451383352 294.1162977293134 1868.658246986568 1136.670400939882 200.7262483984232 49.50493366271257 10.90477337688208 55.63922248780727 38.58546516299248 2.944058381021023 18.01688704639673 90.92171659320593 0.1588644534349442 13.95254412293434 558.8322897404432 55.95934275537729 200.3123341351748 94.88640854507685 7.341463856399059 94.62356666475534 1.070170044898987 92.41057650744915 8.847713604569435 131.7801371589303 6.830543890595436 3.83502547070384 3.290792316198349 123.5894026905298 119.3346047773957 50.1062648370862 66.70197929441929 1942.732628636062 0.3342866897583008 7.199795208871365 109.1581349074841 1351.827794834971 125.441075950861 196.9935612753034 0 3.922671563923359 5.311832934617996 36.72702146321535 44.42555125802755 137.4194509387016 12.08992478996515 80.30877858400345 36.73375134170055 131.551720097661 9.656295724213123 0.6934964954853058 2.719367682933807
