698.5988003313541 0.384849913418293 37.54948361963034 5.196608930826187 0 25.23703285306692 3930.363191530108 353.5400042831898 5.576511733233929 84.94516027718782 28.21587619930506 5.592989332973957 4.556918732821941 6050.525880925357 0.1836116015911102 1.295863971114159 347.1999533101916 12.48333662003279 90.69243457168341 14.30762345343828 57.3161698654294 0.9707962349057198 102.630618609488 38.96940986812115 0.2105395123362541 24.34478662908077 45.20468469709158 49.69671726971865 4704.594505287707 2454.391525238752 0.6964692175388336 5.50834483653307 58.42081297188997 229.0880683362484 0.9749943763017654 127.3065443262458 26.21348061412573 134.0070435069501 15.85653913766146 3.165796019136906 2.150331735610962 0.1288680732250214 0.7102411016821861 0.0879695788025856 0.8308610543608665 0.4527733847498894 0 0 0 1.428321450948715 0.3622958585619926 3.750236958265305 0 0 0.17087522149086 0 1.045145332813263 0 7.45641366392374 0.2260754257440567 0.1247386559844017 0.7061507329344749 0 4.154596969485283 0.6663794666528702 1.272247098386288 19.17062921822071 0.1205554157495499 3.341137766838074 7.861817687749863 6.485913313925266 2.697558432817459 6.981188118457794 0.4241599440574646 0 0 0.1835482716560364 0 10.7463583946228 0.3308963477611542 3.727861076593399 0.5225114226341248 0.7343947291374207 0 0 0
0.384849913418293 222.3975050002337 51.64652624726295 0.1514369696378708 0.1435747146606445 0.908305712044239 4.194895334541798 3.324279308319092 470.0949575901031 1.85978040099144 157.0460553839803 1.169317603111267 620.7524929642677 1.721419870853424 5.416269712150097 78.28648339956999 102.060775898397 36.34563439339399 54.13820002228022 0 10.29803524911404 2651.040802322328 11.36204005032778 779.5050193667412 1207.020635038614 330.5662948191166 10500.70482989401 18.02972254157066 5.602640300989151 3.659416630864143 85.61586682498455 1.998325489461422 0.342515230178833 43.44887742400169 0.2145338505506516 91.40120168030262 164.4402825161815 158.9041156321764 41.40758685022593 7.211801797151566 1.234987549483776 84.01949422061443 1.111602939665318 0.5269723981618881 83.13344851881266 51.01732129603624 0 0 0.1311534643173218 0.865719385445118 0.0919746458530426 1.045177973806858 0 2.80555684864521 0 15.41250378638506 0.5331110656261444 0 11.69738132506609 23.82051282376051 2.026329159736633 20.35137210041285 0.159720703959465 1.317253217101097 5.999005295336246 4.318497136235237 12.91478663682938 13.77391575276852 115.9863444492221 603.687871158123 2.473891891539097 0.6489373594522476 1.909801073372364 5.931925266981125 0 0.1101319938898087 2.615572579205036 0 28.814233481884 14.27592635154724 26.73121497035027 13.52450573444366 0.2629076838493347 0.3007209897041321 1.429547742009163 0.1326285600662231
37.54948361963034 51.64652624726295 8534.816437475383 0.2546309232711792 0.5585650205612183 74.80896021425724 1451.021825812757 348.4764008000493 2.264814123511314 117.2875846251845 15.8703215867281 2.94688243418932 4.233269073069096 256.3165401816368 0.3831612169742584 19.05659597367048 10471.0881998539 26.29715253412724 420.0927075818181 1.206455491483212 2091.176815412939 166.0951705574989 12806.51478116959 25.68086190521717 1.617156900465488 7827.931196905673 7542.763425566256 754.3599319756031 76.88910695165396 1060.670405857265 0.5623748451471329 8.022645652294159 2.345175728201866 618.0380590930581 28.46443957835436 2741.194035202265 2729.762717396021 3106.605730257928 1177.037248782814 31.8093584254384 5.973234973847866 3.223034530878067 12.66726073622704 0.1991667896509171 91.08885449916124 568.4339490830898 0 0 0.1367572396993637 12.00042524933815 0.7394669204950333 0.9915756955742836 0.5664362758398056 4.868980459868908 0.07213111966848373 2.716588258743286 1.405287191271782 0 64.3404893130064 121.8918085545301 2.057473555207253 25.52802954614162 0 11.7781621068716 43.32652150094509 165.9269802644849 30.43921968340874 0.6320696920156479 208.78361453861 2283.871039792895 14.99783492088318 2.846489660441875 12.59030739963055 0.1051159575581551 0 0.3839367479085922 15.13895548135042 2.170199364423752 100.1820631921291 43.55736848711967 97.69123373180628 53.42441085726023 2.773970440030098 0 0.6716357618570328 0.1671844124794006
5.196608930826187 0.1514369696378708 0.2546309232711792 5225.35747872293 0.6321200057864189 123.1293666809797 216.8471656739712 18.45233842730522 1104.80877648294 5236.894934825599 1.89004360884428 1485.567747548223 2.301571987569332 29.35467083007097 28.43320982903242 0.1348183453083038 0.5611052885651588 0.6833274066448212 1.020694553852081 6427.961222872138 1.316184729337692 1.294310614466667 1.00741059333086 2760.836308375001 0.2324636355042458 1.098644517362118 2.189214006066322 5635.79826080054 66.13719817250967 2.682024382054806 0.3571982681751251 1.498342379927635 3.144805751740932 21.29306099563837 6.245368033647537 632.092074945569 3.641869954764843 81.16593637317419 32.87899905443192 157.7809421792626 10.51108849793673 1.349388718605042 4.448765695095062 0.3973790034651756 0 0.1250323057174683 113.46443862468 0 10.84275817871094 111.0007068067789 7.269368171691895 24.2284559533 79.98372799158096 4.774594694375992 76.9982952401042 1.605149388313293 11.6766804754734 6.402276277542114 2.072733715176582 0.1552517712116241 0 0.2164560556411743 129.9330776557326 0.8682681769132614 0.1441600620746613 0.0977691113948822 298.9453142806888 0 0.1686476916074753 0.1139609515666962 288.825820453465 7.849476478993893 18.28430449962616 0 0.331855483353138 1.096420288085938 3.918609954416752 0 141.4322269707918 0.2329504638910294 17.74176303297281 2.480604097247124 137.2513047903776 2.516204595565796 3.313279390335083 0
0 0.1435747146606445 0.5585650205612183 0.6321200057864189 0.1327993422746658 283.2442140951753 3.029210984706879 20.27707298099995 91.27233871072531 17.42037059366703 13.33206358551979 134.9592183530331 11.73132292181253 0.984733834862709 1447.030688159168 0 0.6285113170742989 1.21867548674345 0.3263300210237503 5.598016045987606 0 3.721454955637455 0.4873791411519051 13.67374074459076 0.180476188659668 0.9714100584387779 1.120354659855366 4.86648978292942 25.01031813025475 0.4977338686585426 0.1330095082521439 20.68955323845148 0 46.18633168935776 0 27.03971531242132 2.182841956615448 53.82026103138924 10.99339299649 1314.276440136135 27.86504764854908 0.7571762725710869 0.4009499847888947 0 0 0 0.5291573256254196 0 0 0.2383694723248482 0 0 0 0 0 0 0.623261034488678 0.2185847610235214 0.4774572551250458 0 0 0.1051053628325462 0.2627796530723572 0.09417535364627838 0.3020351380109787 0.116887204349041 0.9356735125184059 0 0 0.6187614798545837 1.699213355779648 0 0.8516965210437775 0.138030543923378 0 0 0 0 0.4713746309280396 0 0.1681016087532043 0.1020336896181107 0.6717422604560852 0 0.1271501332521439 0
25.23703285306692 0.908305712044239 74.80896021425724 123.1293666809797 283.2442140951753 19158.97328399867 1814.113385982811 7417.551136888564 132.2470758035779 13326.87105628103 218.691729478538 8521.224915020168 112.6304260864854 784.1997255310416 1875.057394325733 1.92519374191761 171.5436757840216 43.74818866327405 72.3970160074532 782.6996581032872 7.012852862477303 2.623573437333107 53.21221182495356 274.6499290168285 2.078060202300549 65.93877462297678 71.66460576653481 595.2264714986086 628.6469942256808 87.93399531394243 7.523697882890701 356.1936339139938 4.039749197661877 607.7668875306845 8.486717872321606 1100.97702023387 71.85502696782351 992.6307181790471 144.3294196277857 2719.929436929524 430.1278948187828 15.46320620179176 13.93023004382849 0 0.7394522801041603 1.009938471019268 12.35212079435587 0 0.7530327141284943 43.84729743003845 0.8161978051066399 3.754804417490959 7.753532290458679 2.784666992723942 15.28783717006445 1.197872817516327 2.222968526184559 1.318942725658417 5.535988412797451 0.4221658036112785 0 0.6279293373227119 13.87176159769297 4.001084707677364 1.345807522535324 0 112.3579576388001 0.1236693561077118 1.778118640184402 9.882743820548058 74.50174737721682 4.333987765014172 22.90605041384697 0 0 0 0.9019613042473793 0 50.56341029703617 1.590911097824574 11.60329505801201 3.720231592655182 25.0499736815691 0.1395297795534134 1.44537416100502 0
3930.363191530108 4.194895334541798 1451.021825812757 216.8471656739712 3.029210984706879 1814.113385982811 17983.55652345717 3694.191757030785 178.4087875410914 16580.24527169019 51.44941745698452 235.8538086041808 26.8224975168705 9402.090000241995 6.426281936466694 32.07922400534153 1016.744787059724 21.63887038081884 132.3587490990758 245.1983773335814 432.2079707533121 21.69860512763262 1221.833195395768 2028.586674295366 1.330372512340546 344.6125096976757 622.8790335506201 26570.34424379468 2449.532268218696 7783.810697518289 2.924278825521469 27.57281961292028 109.9381437897682 442.9716091901064 86.69727871567011 2653.098828397691 189.3127544000745 1281.857003301382 559.0726779028773 100.4164630398154 101.7786388248205 3.624607592821121 52.31431966274977 2.022478200495243 3.024864919483662 11.25059795379639 21.98576812446117 0.1613974124193192 3.040078043937683 129.2248872518539 6.948665149509907 24.30654159188271 26.0296081751585 15.37050278484821 15.98208664357662 1.564221382141113 11.00060557574034 1.24303925037384 57.74672622233629 4.073431998491287 0.1768429577350616 1.516235962510109 30.81601095199585 24.71268102526665 8.069495789706707 26.49462866038084 406.7358793243766 0 9.943398781120777 79.11021650582552 259.4951800778508 18.91924352943897 75.21203500777483 0 0.6389958113431931 1.623544104397297 8.925878420472145 1.383631989359856 164.5316858738661 5.107397094368935 45.55375178903341 11.94209554046392 58.94904177635908 5.557769730687141 11.97459276020527 0.2763794660568237
353.5400042831898 3.324279308319092 348.4764008000493 18.45233842730522 20.27707298099995 7417.551136888564 3694.191757030785 19626.1037646085 177.5450807213783 2003.358988314867 225.3288772031665 369.4304851442575 68.8811416476965 8366.405095413327 106.3082034364343 2.790303528308868 1113.273028779775 68.29292437434196 253.1213527917862 99.08073008805513 63.99077542871237 6.688092142343521 384.7041930668056 463.8987609446049 2.911258220672607 142.3005481138825 214.416311558336 233.1849405616522 1090.518473099917 1174.800900109112 7.47191297262907 365.7173336148262 4.643445760011673 548.3687922805548 6.140426032245159 526.5374634414911 93.65269204974174 691.7982148975134 84.16769124567509 558.0024720579386 119.1428300067782 10.00847398489714 9.820660002529621 0.856808602809906 2.105631604790688 6.315075635910034 4.286650978028774 0 0.2631424963474274 49.27173590660095 2.946612395346165 20.39757125079632 2.579260766506195 3.661229677498341 2.875188492238522 2.482505120337009 7.190554581582546 0 24.21717561781406 1.186224959790707 0.3301132544875145 1.555372774600983 5.432339020073414 14.06025122106075 2.076734401285648 2.626989632844925 272.6602539420128 0.7023426070809364 11.29332069307566 35.50845830142498 142.2220175862312 12.98519058525562 60.2167838588357 0.3074779734015465 0 1.633340068161488 4.547617763280869 0.682703971862793 71.2106067687273 6.194064937531948 18.56724991649389 8.00572507828474 16.77274529635906 0.7842205166816711 6.592778198421001 0.2094737738370895
5.576511733233929 470.0949575901031 2.264814123511314 1104.80877648294 91.27233871072531 132.2470758035779 178.4087875410914 177.5450807213783 1919.025607980788 473.8820592239499 28.48194297403097 605.9446310028434 63.57308223843575 39.7635383605957 773.8410365432501 144.3183669000864 2.717153251171112 9.067520849406719 6.022530347108841 850.1114808544517 34.88789397478104 2995.259875886142 48.47217644751072 10325.31780140102 204.0081585720181 50.33487068861723 578.4243416935205 1388.587386742234 35.68447597324848 88.67889718711376 21.11934909969568 7.222443386912346 1.680531114339828 12.82085572183132 4.583457261323929 290.6840028241277 18.36102445423603 55.11691181361675 21.88989245891571 461.9180676937103 13.84036643058062 6.501184351742268 1.170026235282421 4.441380381584167 3.175109550356865 2.28450184315443 196.0092114880681 0.4124793410301208 8.625194810330868 185.6507094949484 12.71955287456512 108.265399210155 95.30089303851128 3.292233318090439 57.78106396645308 2.65308640152216 21.85890690982342 7.775736808776855 402.7601369991899 2.726809605956078 0.3359687328338623 0.9835068136453629 144.6817417815328 121.7166729792953 87.30259285867214 66.43092868477106 1599.654770031571 2.697744987905025 6.843525417149067 51.37885680794716 579.1678492873907 33.93776839226484 125.4215561449528 1.043745964765549 0.1654159426689148 3.701839044690132 12.61432407051325 2.610560581088066 84.46843684464693 4.15147640556097 43.91222497820854 14.12024252861738 96.5676693469286 0.1889940798282623 0.08705216646194458 1.018670283257961
84.94516027718782 1.85978040099144 117.2875846251845 5236.894934825599 17.42037059366703 13326.87105628103 16580.24527169019 2003.358988314867 473.8820592239499 44386.54964502156 125.7818696722388 8424.751499712467 40.40755157917738 1940.808619622141 63.22974465042353 5.802661076188087 130.0899033099413 42.93373578041792 80.20521052926779 10186.21024647355 19.28787286579609 9.313089072704315 69.38543493300676 1471.211103528738 2.418698228895664 83.39605563506484 101.315070040524 8869.839267373085 1518.118702098727 94.88456596061587 5.403777278959751 106.8816128149629 17.45450849831104 683.4005322419107 35.3928712233901 3380.061816029251 101.9074101895094 1941.04360473156 389.8078529685736 327.1507929563522 241.1639178842306 12.03291830420494 76.32561148703098 2.070663847029209 0.819592572748661 1.467988476157188 111.8004227727652 0.5503058582544327 7.775294706225395 276.0170452296734 9.327418975532055 22.57007037103176 77.01669785380363 5.524751655757427 79.67788780480623 1.456445209681988 17.17193862050772 8.49051733314991 9.568811312317848 0.9545017704367638 0.9770916700363159 1.242186509072781 115.3704801499844 7.358235366642475 2.048327080905437 3.674945876002312 602.3718878701329 0.1548610478639603 2.887111328542233 12.13417311012745 469.253470249474 15.50371398031712 74.25099052488804 0 0.1544583588838577 1.198368780314922 7.194418862462044 2.046402603387833 251.92848200351 4.373568721115589 39.25453966856003 9.142089083790779 140.4861516952515 3.191097915172577 3.501519426703453 0.1375095993280411
28.21587619930506 157.0460553839803 15.8703215867281 1.89004360884428 13.33206358551979 218.691729478538 51.44941745698452 225.3288772031665 28.48194297403097 125.7818696722388 16523.06061458588 78.74950757622719 2700.786170355976 163.6206823922694 5.311229139566422 2.754199251532555 569.1046150550246 5247.25276453793 3432.113585829735 20.54227233678102 19.86779794842005 74.67939455807209 35.09046752750874 48.50431265681982 953.3033870607615 2900.88975533098 1059.760389760137 17.69841986894608 628.2339103966951 45.38971996307373 792.874544262886 510.3392090126872 8.740706287324429 6327.668409198523 3.342428117990494 323.2131215929985 3848.441816955805 3580.605788081884 429.9770709499717 24.82378802448511 51.1291913613677 800.237767636776 5.132244467735291 0.1451819688081741 29.10492398589849 1.116497009992599 0 0 0 1.336740046739578 0.8254874646663666 1.635354094207287 0 166.6690935045481 0 783.7737543955445 0.3675926923751831 0 1.381349228322506 1.549204751849174 42.02775632590055 8.980095714330673 0 1.159454040229321 4.429260365664959 0.4055170714855194 9.924457147717476 500.2550023049116 385.9835585206747 422.3153318613768 4.07089826464653 1.133679747581482 2.461436189711094 213.54260674119 0 0.3854650110006332 2.132774747908115 0 10.13898892700672 146.7579995319247 7.616263821721077 4.145449593663216 0.1052104830741882 0.1206722930073738 72.85025389492512 0
5.592989332973957 1.169317603111267 2.94688243418932 1485.567747548223 134.9592183530331 8521.224915020168 235.8538086041808 369.4304851442575 605.9446310028434 8424.751499712467 78.74950757622719 13566.81085179001 30.82634178549051 250.4414057135582 1275.762367628515 0.3851204067468643 6.421009950339794 21.51049932837486 24.40753120183945 8181.859619155526 1.067747198045254 3.456814803183079 3.002651482820511 1156.552577644587 1.282831348478794 32.38425293564796 28.13448287546635 426.0957916155457 341.050334058702 7.579167574644089 4.429321922361851 98.38225558400154 0.4997595027089119 243.058309584856 5.177392095327377 1987.940583921969 38.42372367531061 764.1340885013342 100.6617314741015 1893.252891525626 111.4208305031061 3.57387063652277 27.90445317327976 0.3317698389291763 0.09258853644132614 0.6040929555892944 21.22234392166138 0 6.074631970375776 57.99764436483383 3.27280118316412 7.711317405104637 29.6909102126956 0.8845240399241447 58.46297228336334 0.4897622987627983 5.781842663884163 5.561767503619194 1.950158551335335 0.1141507551074028 0 0.1152078062295914 37.59452894330025 2.222035996615887 0.8419354557991028 0.267978310585022 139.4547988623381 0.08316797018051147 1.535931140184402 0.9464868828654289 131.428755030036 3.636748358607292 17.43165121972561 0.1648722738027573 0 0.1029713675379753 5.939290747046471 0 119.2219245880842 0.8313774019479752 14.10706555098295 2.622892796993256 78.51906177401543 0.1286609768867493 0.7892083898186684 0.2183022201061249
4.556918732821941 620.7524929642677 4.233269073069096 2.301571987569332 11.73132292181253 112.6304260864854 26.8224975168705 68.8811416476965 63.57308223843575 40.40755157917738 2700.786170355976 30.82634178549051 4262.091865025461 21.08342657983303 1.942571461200714 19.08161454647779 13.69552148878574 172.1807854995131 25.40778828412294 10.30269706994295 26.51668195426464 208.1821015402675 23.53454807400703 133.3597842678428 5548.233760856092 363.993625395 4952.15281291306 48.41489857435226 54.11415654420853 51.61927414685488 1609.98120958358 121.81883046031 2.954300738871098 405.0528833717108 219.6899825334549 1712.31622941792 5803.254608184099 4629.962184756994 748.89824359864 166.1534903943539 431.3003331720829 1944.646074287593 46.30031939595938 0 69.09715519845486 1.209008142352104 0 0.5046859979629517 0.8502074778079987 0.4994534999132156 0.6403902620077133 2.068172596395016 0.07520612329244614 426.2927583456039 0.3293048888444901 1767.044078618288 2.987663097679615 2.621588110923767 4.27201185375452 1.004774041473866 67.07651893794537 18.1123956143856 0.1007647663354874 1.507923074066639 6.873110070824623 1.093862392008305 6.630440920591354 1335.519191205502 874.4093047305942 814.2346499934793 3.702272579073906 3.153797768056393 4.441875547170639 548.2394454032183 1.015370190143585 0 16.54386065155268 5.935165584087372 180.4095439389348 419.6256486028433 72.58968631178141 52.34354881942272 22.03715209662914 3.898942515254021 155.8667006418109 1.004471302032471
6050.525880925357 1.721419870853424 256.3165401816368 29.35467083007097 0.984733834862709 784.1997255310416 9402.090000241995 8366.405095413327 39.7635383605957 1940.808619622141 163.6206823922694 250.4414057135582 21.08342657983303 18745.41664016992 8.885496489703655 2.646120525896549 1315.553863119334 63.60529281198978 300.1403905749321 127.3585301265121 133.1303062811494 5.319159545004368 437.7112972140312 185.8203078657389 2.059906125068665 121.366635620594 213.8046102151275 219.1571971848607 7705.510579526424 3392.921985514462 5.629887975752354 193.5575601607561 25.21906276792288 704.1171047762036 4.07626947760582 396.4326030313969 99.67967191338539 523.1688485667109 52.60328928381205 78.34873455017805 34.54386027902365 1.483289934694767 5.600268989801407 0.2953976020216942 2.695429347455502 3.83202687650919 1.937844380736351 0 0 18.84338378161192 0 9.443290248513222 0.6235909163951874 1.272678412497044 2.704694584012032 0.8267885968089104 1.889134973287582 0 19.7416929602623 1.624375879764557 0 2.518554352223873 2.317292973399162 18.55447994172573 2.69287484139204 3.099661946296692 92.30304917693138 0.5283453464508057 10.90210920572281 34.57129346579313 44.82849618792534 8.09980683773756 34.53768613189459 0 0 1.753870539367199 2.042217202484608 0 22.34848970919847 1.300796948373318 12.15330649167299 2.844914749264717 5.187478810548782 0 0.311621755361557 0.5186823457479477
0.1836116015911102 5.416269712150097 0.3831612169742584 28.43320982903242 1447.030688159168 1875.057394325733 6.426281936466694 106.3082034364343 773.8410365432501 63.22974465042353 5.311229139566422 1275.762367628515 1.942571461200714 8.885496489703655 476.7592941522598 0 0.349761463701725 0.5340868532657623 1.415635712444782 112.3854863867164 0 50.30375868827105 0.1621532812714577 372.936668895185 3.441760286688805 2.566542193293571 12.21018987149 43.86556530743837 20.028420381248 2.71988970041275 0.3294246196746826 651.682303763926 0 11.01628693938255 0 216.0354332998395 1.941681422293186 22.81942950934172 2.628259718418121 1489.884593851864 184.4298617765307 0.2926699221134186 0 0 0.4082572460174561 0 4.239855527877808 0 0.6931380107998848 1.239078387618065 0 2.315929248929024 0.3304337859153748 0.09812399744987488 0.9590447768568993 0.1136741787195206 0.7677846029400826 0.1797444671392441 5.792038977146149 0 0 0 3.770314872264862 3.529862746596336 4.095041826367378 1.429492563009262 16.83209811151028 0 0.4424193501472473 0.9391648694872856 10.5188814252615 0.1278800815343857 2.132182434201241 0 0 0 0.3323020040988922 0 12.03378733992577 0 1.293488919734955 0.3045992031693459 13.9226520806551 0.3331512808799744 0 0
1.295863971114159 78.28648339956999 19.05659597367048 0.1348183453083038 0 1.92519374191761 32.07922400534153 2.790303528308868 144.3183669000864 5.802661076188087 2.754199251532555 0.3851204067468643 19.08161454647779 2.646120525896549 0 5978.941893495619 17.65504173189402 1.486167445778847 5.155902445316315 0.4558917135000229 4183.076534032822 3534.121752023697 6292.423699386418 2835.949564486742 21.44782987236977 24.86545367538929 6853.457538895309 1948.398120820522 16.79565113782883 31.13553471118212 2.640174068510532 0.500883437693119 1.537421375513077 38.94010405242443 26.04039103537798 2194.808710724115 471.1911412775517 535.8760363683105 476.8870973214507 23.44030654430389 6.159450590610504 1.655427768826485 11.47632835060358 0.1044248342514038 20.01295214146376 33.41797482222319 0 0 0 2.351944647729397 0.09916351735591888 4.915106639266014 0 2.858708836138248 0 7.375826321542263 2.166157908737659 0 2781.914898000658 13.01557924598455 0.1703901439905167 4.881759859621525 0 483.0597230643034 673.9440190792084 1434.277471095324 80.74866855889559 0.5138815343379974 27.74389600008726 1244.971192970872 50.2785272076726 10.06398545950651 90.49063835293055 1.336583107709885 0 3.090001344680786 4.956425495445728 2.662174493074417 44.07376746088266 9.081761039793491 32.13677375018597 17.77752841264009 7.376631245017052 0 6.025543540716171 0.3020928725600243
347.1999533101916 102.060775898397 10471.0881998539 0.5611052885651588 0.6285113170742989 171.5436757840216 1016.744787059724 1113.273028779775 2.717153251171112 130.0899033099413 569.1046150550246 6.421009950339794 13.69552148878574 1315.553863119334 0.349761463701725 17.65504173189402 3629.232500642538 473.1782839670777 5985.229223757982 2.549408223479986 530.4382927343249 33.61096499115229 8121.876283966005 32.76772081106901 3.621684491634369 4802.660752974451 6649.583983711898 244.7120745629072 1054.81717729196 2055.901527680457 4.333336867392063 20.65998258441687 62.31956586241722 3547.4252236709 7.209717534482479 727.4063497930765 2960.015415854752 1746.495681997389 398.0229915380478 6.754833370447159 5.724550202488899 17.42843885719776 2.787156477570534 0.8577494397759438 125.4827574640512 190.9378507137299 0 0 0 5.199453070759773 0.9207758009433746 2.9152866974473 0.1970148161053658 4.227475136518478 0 2.569709770381451 3.419261798262596 0 12.38592812418938 154.1466199308634 5.253516599535942 117.3691104874015 0 4.021212682127953 10.89799022674561 18.07158292084932 12.57781224697828 1.385424479842186 451.5108951032162 1228.164916679263 6.191679008305073 2.870159044861794 6.949941255152225 0.8903183788061142 0 0.3767796754837036 12.08047986030579 0.6399560272693634 89.4511531740427 78.2034103795886 115.430110193789 52.19410195201635 1.354634836316109 0.1092482060194016 0.1458818465471268 0.7865646183490753
12.48333662003279 36.34563439339399 26.29715253412724 0.6833274066448212 1.21867548674345 43.74818866327405 21.63887038081884 68.29292437434196 9.067520849406719 42.93373578041792 5247.25276453793 21.51049932837486 172.1807854995131 63.60529281198978 0.5340868532657623 1.486167445778847 473.1782839670777 309.3603327050805 4157.981868132949 6.502667427062988 8.066272012889385 22.79817281663418 21.89959723502398 15.73432990163565 188.1338592916727 2800.182474352419 1319.754632309079 7.308642610907555 198.1935181133449 21.51763126254082 447.9140561297536 87.83366060256958 3.774702519178391 1493.646554991603 4.624523378908634 543.8787038102746 1211.8444750458 1621.734978407621 414.5378094986081 8.810554221272469 1.695055082440376 6.315538078546524 1.198835998773575 0.2737650200724602 37.03363107889891 1.16891036182642 0 0 0 0.9615756869316101 0 0.536846399307251 0 22.41708675771952 0.1069664731621742 109.3511468321085 0.9301253482699394 0 0.6589198112487793 1.493193499743938 54.08276323229074 23.70270001143217 0.1047759205102921 0.1058861315250397 2.127091631293297 0.3875911235809326 3.093454398214817 41.52397340536118 526.0416236743331 541.6178516447544 0.7987497076392174 0.1960059925913811 0.2684869766235352 100.5609485507011 0.1001498773694038 0 0.9238495975732803 0.417970672249794 9.83888878673315 35.95479209721088 12.50657922029495 1.784988552331924 0.1633901596069336 0 1.288059063255787 0.1290897130966187
90.69243457168341 54.13820002228022 420.0927075818181 1.020694553852081 0.3263300210237503 72.3970160074532 132.3587490990758 253.1213527917862 6.022530347108841 80.20521052926779 3432.113585829735 24.40753120183945 25.40778828412294 300.1403905749321 1.415635712444782 5.155902445316315 5985.229223757982 4157.981868132949 4435.194349177182 6.547325007617474 70.59486316889524 17.60453527420759 267.1994308680296 17.11936607211828 42.0655198469758 8509.066054709256 2577.518761776388 22.13794620335102 551.671104170382 189.1327265053988 30.49045734852552 82.26197970658541 25.23529075086117 6069.682840153575 7.128915943205357 1049.347236290574 1678.583448037505 2428.089184660465 516.6572943106294 11.57921483367682 1.159188449382782 8.055952169001102 2.673234991729259 0.4748422130942345 110.2729677408934 20.0759072676301 0 0 0.07681386172771454 2.25491950660944 0.1165983974933624 2.201842099428177 0 4.41766194999218 0.1384373754262924 22.36253556609154 1.49829863011837 0.09296625852584839 3.437614977359772 35.03722956776619 31.16508916020393 109.691172324121 0 1.005619183182716 1.774610742926598 1.873794913291931 4.194199159741402 16.50305304676294 758.0590366721153 1051.468287423253 1.728404104709625 1.741941392421722 2.033399879932404 21.54119343310595 0.1145524904131889 0.1699865162372589 6.618885084986687 1.117565661668777 57.11454848945141 46.86990886181593 48.48454189300537 23.7938841804862 0.914678156375885 0 0.31475780159235 0
14.30762345343828 0 1.206455491483212 6427.961222872138 5.598016045987606 782.6996581032872 245.1983773335814 99.08073008805513 850.1114808544517 10186.21024647355 20.54227233678102 8181.859619155526 10.30269706994295 127.3585301265121 112.3854863867164 0.4558917135000229 2.549408223479986 6.502667427062988 6.547325007617474 2270.689093157649 2.749900840222836 1.725014381110668 1.85235819965601 1324.032718293369 0.3135336264967918 6.942473612725735 8.227553240954876 3111.582867957652 196.1492748484015 3.814460083842278 0.9450428858399391 17.84181767702103 1.619690291583538 98.03040927648544 9.936859346926212 1272.466143853962 25.20829317718744 320.2311326339841 83.17412156611681 364.880994476378 53.1290450245142 0.9401109293103218 17.22462377697229 2.01566531509161 0 0 123.0793542563915 0.413285031914711 5.958075001835823 222.9959618225694 9.127351559698582 26.50973994284868 73.11798430979252 0.7209718078374863 61.6460213214159 0.2542200013995171 10.20386873185635 11.94716015458107 2.038385972380638 0 0 0.2043632864952087 111.5802792012691 3.478326663374901 0.3566472828388214 0.835157722234726 437.4673766046762 0.0984540730714798 0.1080286353826523 0.8999317139387131 395.3522571325302 10.6370587348938 53.06792879849672 0 0.2863443717360497 0.4746686592698097 3.127049192786217 0 217.0835625901818 0.3731935769319534 24.34394714981318 3.939591757953167 195.5306490808725 2.917466774582863 7.220911845564842 0.3615792244672775
57.3161698654294 10.29803524911404 2091.176815412939 1.316184729337692 0 7.012852862477303 432.2079707533121 63.99077542871237 34.88789397478104 19.28787286579609 19.86779794842005 1.067747198045254 26.51668195426464 133.1303062811494 0 4183.076534032822 530.4382927343249 8.066272012889385 70.59486316889524 2.749900840222836 16387.27171654999 186.9677366614342 22013.35085245222 566.7912424206734 2.861350856721401 228.0859934017062 1638.413422115147 3333.239426121116 473.4804184734821 12673.78265790641 0.9173898920416832 3.722588740289211 100.9664289355278 2758.93836954236 153.5133190453053 10126.77210972458 1486.606278091669 5364.340501837432 2754.521723002195 101.5325729176402 8.357246860861778 5.596957936882973 59.13630685210228 1.954003721475601 2.988378070294857 14.45803819596767 0 0 0 5.532258220016956 0.1204777508974075 6.823173433542252 0 12.74464680999517 0 10.50144971162081 3.666899882256985 0 504.3262061029673 5.918679274618626 0 1.635374248027802 0.0897168442606926 300.5600484311581 84.92428313195705 147.6738667711616 93.69389887154102 0 8.146483093500137 131.8361650556326 57.81564543396235 17.9350238442421 182.0811912640929 0 0 4.915174044668674 8.920383036136627 5.43353083729744 78.29994893819094 6.123524136841297 19.07810129970312 6.991563610732555 13.16800399124622 0.2241014689207077 5.642438359558582 0.4620029181241989
0.9707962349057198 2651.040802322328 166.0951705574989 1.294310614466667 3.721454955637455 2.623573437333107 21.69860512763262 6.688092142343521 2995.259875886142 9.313089072704315 74.67939455807209 3.456814803183079 208.1821015402675 5.319159545004368 50.30375868827105 3534.121752023697 33.61096499115229 22.79817281663418 17.60453527420759 1.725014381110668 186.9677366614342 2206.27884478122 695.3585016205907 7188.180878207088 660.3206915035844 111.8724791035056 8867.193440340459 259.8318709656596 8.681545786559582 23.16051830351353 54.59806852042675 1.176761232316494 0.4187043011188507 46.34570947289467 2.37328052520752 263.5683623403311 129.0839525386691 239.8042735606432 111.2811593264341 86.33107910305262 0.250284381210804 23.50682163983583 0.657235249876976 0.5835222154855728 73.31102977693081 32.88112549483776 0.8804657384753227 0.2881206423044205 0.1172984838485718 3.92090430855751 0.1779474839568138 17.24146722257137 0.6684730648994446 1.73180203139782 0.1138937026262283 10.66971167176962 1.674701727926731 0 930.0197905376554 12.37317841500044 0.4127373620867729 7.246773302555084 0 163.1011223420501 185.2342691197991 276.4007030799985 161.8765843361616 11.66578231751919 38.36842974275351 1271.23936855793 40.10707357525826 6.325490556657314 43.48381039500237 1.512894324958324 0 1.051371537148952 4.627274297177792 1.02703021466732 27.75098124146461 8.068695157766342 23.44856775552034 8.840051852166653 3.330404430627823 0.5294934213161469 1.673587493598461 0
102.630618609488 11.36204005032778 12806.51478116959 1.00741059333086 0.4873791411519051 53.21221182495356 1221.833195395768 384.7041930668056 48.47217644751072 69.38543493300676 35.09046752750874 3.002651482820511 23.53454807400703 437.7112972140312 0.1621532812714577 6292.423699386418 8121.876283966005 21.89959723502398 267.1994308680296 1.85235819965601 22013.35085245222 695.3585016205907 32996.78063710779 712.096932798624 1.111395724117756 898.2703856006265 13064.99685642868 3741.792872995138 287.5138814710081 6353.034347288311 1.000087447464466 6.590296238660812 28.76325492560863 3465.031557947397 160.8626690730453 10259.15121292323 7467.984353892505 8080.015263386071 5288.255792602897 122.0561364665627 9.206227339804173 8.701066642999649 53.80788776278496 1.117068894207478 27.77745546400547 297.0683374851942 0 0 0 10.97445267438889 0.7525092214345932 1.958305217325687 0.4978496879339218 3.274191066622734 0.1692826300859451 0.5185878425836563 2.300659485161304 0 1938.495928481221 31.88288471102715 0.1231353208422661 8.131680600345135 0 220.5214737579226 354.6363378688693 1526.966675817966 53.58195412158966 0 43.10932344198227 2859.102837376297 44.42734134197235 4.735442623496056 39.33044216781855 0.498807281255722 0.1458659470081329 1.082988560199738 5.585609048604965 4.296700015664101 101.2905898988247 24.38061621785164 46.96367478370667 27.69747579842806 3.370758980512619 0 2.723923027515411 0.6604818180203438
38.96940986812115 779.5050193667412 25.68086190521717 2760.836308375001 13.67374074459076 274.6499290168285 2028.586674295366 463.8987609446049 10325.31780140102 1471.211103528738 48.50431265681982 1156.552577644587 133.3597842678428 185.8203078657389 372.936668895185 2835.949564486742 32.76772081106901 15.73432990163565 17.11936607211828 1324.032718293369 566.7912424206734 7188.180878207088 712.096932798624 18994.89493249357 272.5238751396537 91.13209463655949 2755.478527419269 9260.258781932294 532.7527368441224 829.6577768102288 33.43461202830076 15.67818231135607 55.77489037066698 192.3090138882399 80.13607501238585 4760.601181775331 283.3523511439562 918.237749285996 415.1410510987043 834.2528638839722 59.93353130668402 20.54828593879938 43.66685818135738 24.12730097770691 15.32232732325792 18.8755194991827 204.2294252738357 0.3330775871872902 15.44449683278799 563.4286806434393 35.21822663396597 474.9619392454624 130.3106591179967 35.6116803959012 89.46070364117622 15.94442416727543 81.04227437824011 14.73402855545282 1466.328926935792 16.20153930783272 1.996367573738098 6.891513839364052 186.2010465711355 698.7568878158927 371.6500548645854 311.1732289046049 3391.148748502135 2.815838418900967 26.52720192074776 247.6073041111231 1470.204489514232 202.1276812180877 904.561806038022 2.057284951210022 1.297558084130287 24.35406091809273 67.15849530696869 7.070700943470001 566.7727071791887 21.82978642731905 212.5638469010592 58.82866919785738 255.2032869830728 8.986291952431202 22.05323275923729 2.200483590364456
0.2105395123362541 1207.020635038614 1.617156900465488 0.2324636355042458 0.180476188659668 2.078060202300549 1.330372512340546 2.911258220672607 204.0081585720181 2.418698228895664 953.3033870607615 1.282831348478794 5548.233760856092 2.059906125068665 3.441760286688805 21.44782987236977 3.621684491634369 188.1338592916727 42.0655198469758 0.3135336264967918 2.861350856721401 660.3206915035844 1.111395724117756 272.5238751396537 826.7501671761274 552.9718178063631 6937.794670134783 9.175355285406113 6.264591909945011 0.8023058995604515 535.2716336026788 4.456724025309086 0.135455921292305 66.17162765562534 5.027945160865784 188.6057056486607 680.1105355247855 226.9738583266735 65.80499739944935 4.618272699415684 24.66053774952888 778.6453852504492 20.19741553068161 0 38.44729420542717 0.7529877722263336 0 0 0 0.1232078522443771 0 0.9765477702021599 0.06715527921915054 80.59412575513124 0.1375351548194885 597.2902891784906 0 0 1.400253787636757 1.445246547460556 8.994191244244576 6.124716460704803 0 0.7726860269904137 1.881105326116085 0.1787934005260468 3.528213024139404 244.1604950353503 185.4670426398516 296.2562648132443 0.1663892045617104 0 0.177948385477066 122.9751056805253 0 0.1905582323670387 1.475326605141163 0 14.0774759426713 53.01898282766342 4.870825760066509 1.178352400660515 0.09754005819559097 0 25.33196023851633 0
24.34478662908077 330.5662948191166 7827.931196905673 1.098644517362118 0.9714100584387779 65.93877462297678 344.6125096976757 142.3005481138825 50.33487068861723 83.39605563506484 2900.88975533098 32.38425293564796 363.993625395 121.366635620594 2.566542193293571 24.86545367538929 4802.660752974451 2800.182474352419 8509.066054709256 6.942473612725735 228.0859934017062 111.8724791035056 898.2703856006265 91.13209463655949 552.9718178063631 40278.61821386218 26266.70309361815 128.6964983418584 260.4164771437645 156.6575795635581 1718.072103925049 95.46711228787899 3.055937513709068 1441.915973454714 14.0170424208045 2324.577627658844 4771.657381802797 4233.741694942117 1120.388871908188 20.14072600007057 5.698868684470654 28.84697259962559 6.677151948213577 2.984255321323872 624.704040184617 162.6945786401629 0 0 0.1090812981128693 13.12105593830347 2.539581336081028 6.14831280708313 0.3170972242951393 75.13459511101246 0.5945259034633636 450.4953689575195 9.542502783238888 0.2211480513215065 14.63508371263742 234.0794960856438 179.856368497014 443.4129134118557 0 5.021701440215111 22.91088722646236 16.02188032120466 17.69500151276588 144.4704797118902 3056.330950275064 4864.738775119185 7.025590144097805 6.813921794295311 11.9429510012269 239.2641400694847 0.585318885743618 0.1666004359722137 32.98669149726629 1.984198808670044 259.5170993059874 254.3045248761773 250.3633653894067 112.7665989249945 1.036540202796459 0 5.723155356943607 0.3253422975540161
45.20468469709158 10500.70482989401 7542.763425566256 2.189214006066322 1.120354659855366 71.66460576653481 622.8790335506201 214.416311558336 578.4243416935205 101.315070040524 1059.760389760137 28.13448287546635 4952.15281291306 213.8046102151275 12.21018987149 6853.457538895309 6649.583983711898 1319.754632309079 2577.518761776388 8.227553240954876 1638.413422115147 8867.193440340459 13064.99685642868 2755.478527419269 6937.794670134783 26266.70309361815 53310.84488013387 1216.856511741877 331.8356009796262 317.7540778815746 1226.417214870453 82.46184320747852 12.94523115456104 2827.239980354905 99.1158908829093 7902.687058866024 7677.870097711682 10795.92990173399 3830.299880765378 83.94575775414705 12.92829295247793 55.03836468607187 31.07630545645952 3.963121742010117 2940.819901540875 2209.985358349979 0.4860675260424614 0 0.2403471693396568 47.43402083218098 4.676270335912704 22.33721419423819 1.433296844363213 108.4468371123075 0.546245351433754 489.6041261032224 17.93255131691694 0.3883121609687805 1028.113321200013 836.3892805427313 159.093063339591 619.4209538549185 0.3945447206497192 89.83035642653704 983.0993320196867 1270.402780905366 150.7706917375326 320.6288715079427 4576.496675550938 20174.95581334829 81.68271265923977 10.55877795815468 43.47496281564236 290.334793806076 1.039312444627285 0.9524824470281601 84.90850659459829 6.485187277197838 756.4428174048662 507.00886246562 748.0942759439349 378.1769636645913 10.93566309660673 0.2925823926925659 7.415712095797062 2.592023551464081
