481.7831363230944 0.131204679608345 20.23723671585321 9.583710819482803 1.181956708431244 19.73055283725262 3085.692078001797 660.9680706039071 19.4050265699625 141.7007925063372 13.14290478825569 16.91800056397915 0.2478255033493042 6548.646102398634 0 1.812128208577633 251.7169952690601 5.171465516090393 40.59830755740404 94.14349203556776 76.91423183679581 1.335002794861794 58.91694915294647 119.3516954481602 0 14.99976322054863 21.32496207952499 98.34583975374699 3068.038228400052 2296.403047040105 0.1674935072660446 14.7133913487196 28.07848319411278 190.2482415139675 2.658597305417061 55.85127594321966 15.60504030436277 159.2726415917277 20.86406377702951 2.785432703793049 3.61387412250042 0.5371111482381821 1.436124384403229 0.3836435675621033 0.2752655148506165 0 0.7450095862150192 0 0.1221984475851059 7.885142773389816 2.255559884011745 6.449447691440582 0.2822366952896118 0.8044445216655731 0.5711756348609924 0 0.6901382654905319 0 3.453434728085995 0.3871267735958099 0 0.2216681092977524 0.3693288564682007 4.814985163509846 0 0.8014929443597794 24.87373846024275 0 0.6590647250413895 1.429306261241436 17.88172496110201 1.467571645975113 16.65142191946507 0 0 0 1.552664384245872 0 18.89456955343485 1.065194442868233 4.064023301005363 1.019542902708054 6.577884346246719 0 0.6292656064033508 0
0.131204679608345 109.5474660843611 33.19921273738146 0.1225200518965721 0.2722997069358826 0.3874145597219467 0.68885537981987 0.7421592250466347 577.943721935153 0.6598080396652222 197.7198933437467 1.675646975636482 732.9017160832882 0.4209633618593216 8.254229582846165 57.67550744861364 42.56811580061913 9.077441722154617 21.19023796916008 0 6.309580206871033 2440.733449622989 5.784222044050694 726.4633959829807 1796.111920133233 387.8733174428344 11294.20591087639 11.56637434661388 1.022828571498394 0.1107950285077095 37.58772882074118 0.8683915287256241 0 34.95386143028736 0.1723140925168991 33.25065498054028 76.93389207869768 89.50903394818306 17.72821757942438 12.96323485672474 0.1296716034412384 266.11955550313 0 0 46.36702904105186 108.1965439319611 0 0 0 0.7180291935801506 0 3.063359834253788 0.1982641816139221 1.056362390518188 0 10.37846814095974 0.3875788748264313 0 13.63440280407667 31.52378868311644 4.739831157028675 24.66886789351702 0 1.08757408708334 23.61317031830549 13.11231059581041 9.476119205355644 18.05978848040104 137.1227040290833 1340.574332810938 2.128552600741386 0 0.1351128369569778 7.456521444022655 0 0 5.253502942621708 0 51.84417144954205 29.20014215260744 34.34368690103292 18.35563367605209 0.1821051090955734 0 0.4164272546768188 0
20.23723671585321 33.19921273738146 6845.202027231455 3.15024770796299 0.2412394881248474 119.6333718001842 1470.292806126177 374.2538486197591 4.915820345282555 93.85860695689917 14.92102571576834 1.409371107816696 0.8564719185233116 148.355689227581 1.304339349269867 10.20635882765055 12196.18867091835 15.25089138001204 227.8307640478015 0.7271100059151649 940.0019068568945 26.72186577320099 10229.82678895444 152.9903879910707 0.335142582654953 6461.803443953395 6283.331839695573 591.8214705511928 73.23119468986988 1123.458085253835 0 2.868998885154724 2.60438621789217 677.0089754760265 43.67258688807487 2489.412897177041 3204.554322399199 2694.277990244329 1864.937110617757 43.57987666130066 3.281189009547234 7.150113590061665 10.15667264908552 0.3290853425860405 67.50049750506878 534.5624122023582 0 0 0 14.28383737802505 1.551328539848328 3.378686830401421 1.251444771885872 2.234087839722633 0 1.131449520587921 3.434060446918011 0.1189024597406387 58.15883932262659 132.6546495631337 0.9400688260793686 9.617854446172714 0 18.9584931358695 37.14770305156708 240.3738535791636 33.68337576836348 0.1485022008419037 131.0970160961151 2048.465460814536 15.64528029412031 3.009307995438576 19.40075737982988 0 0 0.128826841711998 21.11071335524321 1.142854332923889 134.2313291057944 49.59191888570786 100.1249329149723 51.61919916421175 3.343089707195759 1.106109797954559 0 0.4730527102947235
9.583710819482803 0.1225200518965721 3.15024770796299 4107.121233046055 1.059711068868637 94.78224056214094 196.9316719248891 25.97791676223278 791.9967120885849 3410.08107842505 2.16684602946043 1314.88534296304 1.269401751458645 32.12123706936836 40.79658064991236 0.6646649688482285 1.179136596620083 0.6168289929628372 1.212520524859428 6546.579395219684 1.748342618346214 1.589224770665169 7.046193048357964 3186.654189810157 0 2.580243624746799 5.795950755476952 4625.536117658019 69.61697219312191 8.564328461885452 0.1051802858710289 2.034607768058777 1.055061027407646 19.40047430247068 6.792194917798042 439.1680247485638 10.59266804903746 98.21459166705608 22.7917538434267 125.3678770661354 15.28950686752796 0 11.54087346792221 1.516784057021141 0.3025286197662354 0.1349118053913116 130.5375734940171 0.2999312579631805 14.4589084610343 146.757877536118 12.79624955356121 45.27515938878059 65.08906599879265 0.7316188737750053 78.96841882169247 0 9.598140709102154 8.002821899950504 0.9482317864894867 0 0.09524139016866684 0 100.2565058618784 0.1249029114842415 0.4887377321720123 0.5240170210599899 208.3176271542907 0.2251690924167633 0.3616755753755569 0 289.2584602311254 5.205684721469879 14.64028342813253 0 0 0.1359320133924484 6.114175245165825 1.403266504406929 75.65888911485672 0.7742094099521637 19.36397210508585 2.421128064393997 96.15121883153915 1.103477112948895 2.41477108001709 0
1.181956708431244 0.2722997069358826 0.2412394881248474 1.059711068868637 1.270825028419495 89.06680192798376 6.835106663405895 24.882743306458 85.28110690414906 13.37064591050148 66.07898927479982 97.5171946361661 6.459243439137936 25.50671806931496 1042.28676494211 0 1.83072604238987 9.421580292284489 9.031108170747757 8.659742102026939 0.2141829803586006 3.910189352929592 1.074356161057949 21.86786042898893 0.4331128373742104 17.5990908369422 9.334391206502914 5.897988557815552 49.5736691057682 2.145473912358284 0.4195239320397377 77.49620684236288 0.1604127436876297 327.661595992744 2.346455842256546 46.07240626960993 4.283412054181099 220.0925157144666 18.49771493673325 1411.715692847967 73.53654816001654 4.199540436267853 3.894961327314377 0 0 0 0.3296841382980347 0 0 0.1383592337369919 0 1.135828942060471 0 0 0.6830391958355904 0 0 0 0.1437588930130005 0 0 0 0 0 0.5811841487884521 0 0.6290011405944824 0 0 0 1.112497389316559 0.7574493885040283 2.470186322927475 0 0 0 0 0 1.114613145589828 0 0 0 1.726349294185638 0 0.2924047410488129 0
19.73055283725262 0.3874145597219467 119.6333718001842 94.78224056214094 89.06680192798376 17596.93634329736 3153.413956865668 7076.59725227952 73.6352209597826 11866.49810675532 125.5791551172733 5332.592989183962 49.0295329913497 736.3557906374335 2320.453445777297 0 251.6495694518089 32.17884838581085 61.732636064291 1167.636796623468 12.30562283843756 1.322918862104416 75.75210942327976 182.2511012628675 0.643193855881691 77.94073537737131 48.64464002847672 440.2670826166868 578.7947726994753 176.3268950283527 1.118480958044529 281.5989078357816 0.5124855488538742 577.1701522395015 7.267167404294014 602.9207733646035 48.07026825845242 753.9451681375504 100.1319820359349 3076.399638019502 344.3311042934656 25.93758890032768 14.59079928696156 0.5402224957942963 0 0.1940487027168274 6.326218158006668 0 1.125063002109528 31.0656496733427 2.738169558346272 5.118782415986061 3.720477119088173 1.017274558544159 4.307638347148895 0.2089715749025345 2.870404504239559 2.439863577485085 0.8595951050519943 0.5443174317479134 0 0 4.83981928229332 1.280654683709145 0.4153927713632584 0.4840094298124313 44.23698874562979 0 1.015764221549034 3.747431546449661 29.39157696813345 2.322842642664909 20.26944065093994 0 0.214558333158493 0.2474808096885681 0.2547395080327988 2.461563289165497 21.48854496330023 1.43606461584568 4.597453713417053 1.506735697388649 10.67123526334763 0.9605746269226074 0 1.324792623519897
3085.692078001797 0.68885537981987 1470.292806126177 196.9316719248891 6.835106663405895 3153.413956865668 14076.80203130096 5330.001280382276 1000.064296014607 18285.36241544038 36.4065457880497 316.4467802420259 5.632368482649326 6709.287238739431 37.6409559994936 10.26997502148151 659.3266390487552 13.11825527250767 44.40175300091505 370.0800488591194 177.8204237297177 6.748332686722279 1414.557472497225 1922.50307520479 1.016271181404591 323.6109955608845 307.4306102618575 24785.16472104192 1515.912643864751 8473.180344767869 0.6780189573764801 46.41106179356575 42.12354908138514 322.0482086762786 68.63661786913872 1786.764582432806 151.3265291377902 1080.239004313946 280.755278237164 121.0824465304613 90.2296047732234 3.076577141880989 45.25368493795395 12.18915744870901 1.174869410693645 6.374088354408741 80.36881843954325 1.146233007311821 20.53636360168457 444.3918528333306 34.23072275519371 170.8053507506847 81.39614509046078 1.674907676875591 38.39045970886946 0.1180859729647636 41.50800513476133 2.982588425278664 20.55051430314779 1.345597855746746 0.3475765883922577 0.5665652006864548 88.668406650424 7.608273051679134 3.612130872905254 8.097681425511837 759.0058646127582 0 2.700802318751812 31.1881133839488 618.8912210837007 31.724948592484 177.1591793224216 0.1167156025767326 0 2.39934253692627 16.17758824676275 9.813388302922249 182.2610725909472 2.263897642493248 60.95052944868803 11.97850862890482 58.68092102557421 5.038090914487839 4.093406051397324 2.306896805763245
660.9680706039071 0.7421592250466347 374.2538486197591 25.97791676223278 24.882743306458 7076.59725227952 5330.001280382276 15042.29669813067 37.38111344724894 1561.76121430099 226.0928129255772 338.3016232326627 54.45362728834152 6739.678628079593 188.4573081508279 0.4789173901081085 1357.564317651093 52.39001353085041 179.7405010014772 217.5637371838093 123.549658305943 1.079172857105732 403.2204665243626 296.6453354209661 1.56914709508419 149.2681942731142 135.2468390092254 234.4311247095466 457.6391366496682 1990.43585883081 1.314909063279629 305.2540426552296 4.708772115409374 872.1283148750663 9.251299515366554 636.4851783439517 134.0982467830181 826.7440441250801 130.2835802137852 366.5809903144836 137.2867132723331 33.52589368075132 16.48599938303232 3.192953877151012 0.4016657471656799 1.165552861988544 2.852852813899517 0 0.1249890774488449 44.81774705648422 5.13853132724762 22.61679222434759 3.553843520581722 0.2250515669584274 1.016704246401787 0 5.046136423945427 0.2759714350104332 7.789301715791225 0.4603158086538315 0 0.5019104033708572 2.195139028131962 4.917941711843014 1.579261094331741 0.775088295340538 90.6133027523756 0 1.702844113111496 11.05097619444132 51.287243694067 6.947846911847591 58.18326932936907 0 0 0.4955082982778549 1.996946439146996 0.6781929731369019 35.96807853877544 5.635959632694721 14.00074407458305 2.386185355484486 10.42834112048149 1.262927055358887 0.278778001666069 1.664583384990692
19.4050265699625 577.943721935153 4.915820345282555 791.9967120885849 85.28110690414906 73.6352209597826 1000.064296014607 37.38111344724894 2507.87476336211 442.6036555841565 31.18706023693085 616.4302241206169 91.47120422124863 14.94387374073267 843.917566254735 6.245251722633839 3.337987005710602 0.7893360108137131 3.503585547208786 742.0269874036312 3.920169442892075 2384.361639738083 6.111478224396706 10496.08113636076 258.3873063996434 64.16117979586124 960.7590297907591 1692.704611264169 24.86184907704592 68.54142885655165 10.40953703969717 7.490884594619274 0.3835456594824791 12.07186608016491 0.3151070773601532 104.8339684456587 15.74613299965858 54.33332935720682 8.088413774967194 450.6486190408468 3.612237110733986 17.91665452718735 0.7126797437667847 8.523375026881695 7.282217405736446 0.2697451263666153 317.4738289192319 0.1159338504076004 37.88692203909159 283.4376650154591 29.58924556523561 106.5853631570935 146.9530298784375 2.758169054985046 93.70842254161835 1.391545854508877 37.26482331007719 21.53873213380575 46.70891480892897 0.6716132834553719 0.8026667609810829 0.8767255842685699 262.7489355131984 23.04264940321445 55.50882463157177 5.229977987706661 1328.729953616858 1.015194922685623 7.464201129972935 17.06200434267521 986.2311970815063 36.95964378118515 156.6389243528247 1.517134673893452 1.541080638766289 2.955264128744602 13.22761947661638 1.514325141906738 117.5006826817989 2.104361690580845 39.34694150835276 6.591956920921803 150.7903873771429 5.944825276732445 0.2500355690717697 0.3146574050188065
141.7007925063372 0.6598080396652222 93.85860695689917 3410.08107842505 13.37064591050148 11866.49810675532 18285.36241544038 1561.76121430099 442.6036555841565 33752.83408906311 85.18142127245665 5688.870927758515 11.2163058668375 1634.169350542128 63.42643027752638 0.2702648639678955 87.03051729500294 30.52037219703197 53.65783698856831 7365.978300347924 5.076028540730476 0.1713104993104935 38.43327249586582 1001.491946861148 0.8896413370966911 82.0986186414957 48.6905909255147 6355.815250664949 1540.411033421755 86.88857223838568 2.017573215067387 105.8131386563182 7.766491636633873 570.5582873523235 66.13493502885103 2499.410457208753 75.09324502199888 1777.997080266476 179.8239979892969 384.3681184276938 267.0668433532119 8.685627050697803 77.65418345481157 3.775477141141891 0 0.554608553647995 95.82541780173779 0 16.44863990694284 319.3631942793727 21.39617701619864 61.15853290259838 72.23590343445539 0.1317148655653 41.46228935569525 0 16.22643872350454 5.31559856235981 2.208462722599506 0.1085813045501709 0.1844913065433502 0.4712489619851112 91.92547629773617 1.061782255768776 0.3761998265981674 0.3047681152820587 359.4113641232252 0 0.4511483460664749 3.684171736240387 453.5233149006963 14.33237048238516 73.55802538990974 0.1066207513213158 0.297827273607254 0.8197469487786293 6.998054400086403 7.246127933263779 125.5319893211126 3.095762990415096 28.27490997314453 4.519942320883274 86.93330882489681 3.306655012071133 1.836300432682037 2.342951208353043
13.14290478825569 197.7198933437467 14.92102571576834 2.16684602946043 66.07898927479982 125.5791551172733 36.4065457880497 226.0928129255772 31.18706023693085 85.18142127245665 18692.75770207494 49.53630395233631 2177.387159764767 99.7154506444931 7.368424542248249 5.306641682982445 468.3703555315733 6321.629754051566 2723.844960838556 25.32904373109341 39.62220449000597 67.31868201494217 81.43075023591518 42.63759220391512 1159.195904888213 4330.694399803877 853.3776613622904 17.2245976999402 357.934506572783 24.16837827116251 308.7800133749843 273.9344351142645 3.643633753061295 7587.078685574234 4.167234793305397 598.8042818084359 4013.173700064421 4767.223893880844 785.3141996562481 11.47003131359816 45.97004903107882 1196.972215026617 2.84125067293644 0.9766964912414551 26.37390760332346 0.7203206866979599 0 0 0 1.930462308228016 0.6648958474397659 2.966770425438881 0 78.53426041454077 0 396.0787583217025 0.8843694180250168 0 0.446774810552597 0.8581232726573944 39.56896709650755 8.169331103563309 0 0.2152244746685028 3.56185457855463 0.1866403669118881 5.580702088773251 101.9815569669008 145.1847745478153 281.0306424945593 1.933157585561275 0.1514429152011871 2.497568793594837 163.8231721371412 0 0 0.6707586646080017 0.4425259530544281 48.96024853736162 187.0295668169856 8.94804235547781 1.40658163279295 1.542774178087711 0 52.15431021153927 0
16.91800056397915 1.675646975636482 1.409371107816696 1314.88534296304 97.5171946361661 5332.592989183962 316.4467802420259 338.3016232326627 616.4302241206169 5688.870927758515 49.53630395233631 10557.86192057282 10.22080301493406 208.2475898563862 1583.313503146172 0 3.744787022471428 15.68733970075846 21.44791588187218 7846.634805187583 1.483185946941376 8.551403760910034 1.336597226560116 1364.232974633574 0.9743964523077011 37.20207118242979 19.69640529900789 743.0818142220378 348.3552895560861 3.385918326675892 0.9101864323019981 90.30486805737019 0.4045679718255997 238.505126722157 15.73324070125818 1747.575775302947 17.17032182961702 709.5012354627252 52.42753417044878 1708.73170710355 126.7639568820596 6.410912454128265 28.48394861072302 0.9546867161989212 0.2786723747849464 0 67.76416781544685 0.3007001280784607 18.40236665308475 100.3641872182488 10.39891471713781 46.76510936021805 59.50366126745939 5.083420738577843 82.17349518835545 1.8329256772995 6.020918190479279 8.975846737623215 1.087021932005882 0 0.532286524772644 0.3961931765079498 64.24390114843845 1.746579602360725 1.434540539979935 0.2372620552778244 143.4855063632131 0 0.2517294585704803 0.790358878672123 180.9025017395616 3.364311374723911 31.45648085325956 0 0.1099186614155769 0.1804473549127579 3.288575522601604 1.619745969772339 136.8286695107818 1.306808575987816 20.65665855258703 2.033852137625217 154.5990091636777 1.663425743579865 9.073058485984802 3.689965635538101
0.2478255033493042 732.9017160832882 0.8564719185233116 1.269401751458645 6.459243439137936 49.0295329913497 5.632368482649326 54.45362728834152 91.47120422124863 11.2163058668375 2177.387159764767 10.22080301493406 5411.006015501916 10.77352944016457 3.638925202190876 5.343200370669365 11.98269133269787 37.84986320137978 22.28108347207308 4.541920959949493 5.386123694479465 204.2183778956532 6.441357597708702 97.78257482498884 8368.093351572752 424.6427059173584 8745.953323818743 5.479679524898529 27.34648370742798 3.013635583221912 2461.373689860106 43.94826679676771 0.366874597966671 494.7495983913541 14.15697278082371 387.8892300724983 5288.394521206617 3310.256293296814 226.3254943192005 19.17878272384405 45.39239001274109 1957.627878084779 4.286684557795525 0.5875736773014069 90.31459860503674 0.2589107304811478 0 0 0.1693193465471268 0.2507555931806564 0.1254588663578033 1.178785234689713 0 129.9242635071278 0.0943734273314476 592.9265426173806 0.5732575058937073 0 0.6398327052593231 0.6716841459274292 56.38434607535601 9.894852206110954 0.1584031879901886 0.1188832893967628 4.654800720512867 0.3074085637927055 3.699209280312061 298.7409838363528 209.6428127884865 495.0394719615579 0.1151920408010483 0.7943317890167236 1.114590048789978 240.4735847935081 0 0 2.872218616306782 0 50.37153820693493 246.7915905639529 17.7225689291954 1.47579187899828 0 0 112.1672374308109 0
6548.646102398634 0.4209633618593216 148.355689227581 32.12123706936836 25.50671806931496 736.3557906374335 6709.287238739431 6739.678628079593 14.94387374073267 1634.169350542128 99.7154506444931 208.2475898563862 10.77352944016457 15453.95652042329 16.25881672650576 2.548319183290005 894.898808605969 33.13206293433905 124.4755916893482 305.4913764670491 129.7761361300945 6.664780750870705 246.6620914265513 245.450290620327 0.7034858390688896 91.22695595026016 96.2065029963851 240.8671910688281 6226.429401151836 3104.659525364637 1.665604993700981 587.931081674993 9.555107280611992 572.3060973361135 3.555787958204746 219.510263569653 61.81247211247683 558.6743109673262 56.12637905031443 43.20918174088001 21.7033473700285 4.163782253861427 2.980072222650051 0.437841571867466 0.5439261123538017 0.7542417570948601 1.279118739068508 0 0.9203348904848099 24.28253329545259 5.123569563031197 15.59827502071857 4.561464309692383 0.3774901926517487 0.5291867554187775 0.1305390894412994 4.983625091612339 0 8.176615409553051 0.2581762671470642 0 0.1095676347613335 0.7221884727478027 4.125245176255703 1.340284660458565 2.251467615365982 67.49318359792233 0 1.233904093503952 7.238303393125534 45.70768988132477 7.159935422241688 34.06412751972675 0 0 0.484942801296711 2.825663447380066 0.6822275519371033 34.84190101921558 0.7055046185851097 6.386532709002495 1.944751746952534 11.60276278853416 1.261810302734375 2.160961747169495 0.7866582572460175
0 8.254229582846165 1.304339349269867 40.79658064991236 1042.28676494211 2320.453445777297 37.6409559994936 188.4573081508279 843.917566254735 63.42643027752638 7.368424542248249 1583.313503146172 3.638925202190876 16.25881672650576 635.7669927477837 0 2.529457859694958 1.265541613101959 2.079206950962543 176.1284293606877 0.432449072599411 76.2084559649229 0.2622335031628609 503.2822670042515 4.068598784506321 3.952954240143299 26.13065875321627 56.94870890676975 29.39257266372442 3.427927657961845 0.3633336201310158 345.7059897407889 0 28.92722565680742 0 389.836257211864 0.5708765834569931 50.02529774606228 2.778330639004707 1681.027705520391 34.91051964461803 0.5269525051116943 0 0.7135131359100342 0.1786638349294662 0 10.1624580770731 0 0.3210275024175644 8.29660327732563 0.3363050818443298 6.911556139588356 5.148851200938225 3.580874800682068 4.107879608869553 0 0.6522675603628159 1.530683100223541 2.911003254354 0 0 0.2523258700966835 9.008545458316803 2.812204249203205 2.554397419095039 0.8033938854932785 16.93556191027164 0 0 0.7876160815358162 20.54848594218493 0.2495976909995079 4.186575032770634 0 0 0 0.245732918381691 0 27.53291398286819 0 3.519929245114326 0.4567102789878845 38.61310781538486 0 4.391794979572296 0
1.812128208577633 57.67550744861364 10.20635882765055 0.6646649688482285 0 0 10.26997502148151 0.4789173901081085 6.245251722633839 0.2702648639678955 5.306641682982445 0 5.343200370669365 2.548319183290005 0 6620.469777189195 18.7433640062809 0.2345399111509323 11.70837301760912 0 3023.671289257705 4153.669950336218 5116.293997429311 2350.675449490547 12.75194550305605 14.15342533588409 6461.496542036533 1130.086892530322 22.2036726474762 106.6749057769775 0.7979033812880516 0 2.706952467560768 41.56871647387743 16.45453088730574 1683.248710274696 976.8568816035986 444.360005736351 495.3836117088795 38.01411794871092 3.634389072656631 4.369315974414349 15.88422787189484 2.962158419191837 9.290725879371166 10.47213058918715 0.1230001896619797 0 0.4320789203047752 8.968616753816605 2.463947094976902 23.20947431772947 0.2451795861124992 5.884065836668015 0.4027096182107925 0.9047229439020157 4.282198131084442 1.368749044835567 3355.838870711625 6.039208307862282 0.8431559428572655 2.496875047683716 0 341.5153062790632 1101.83787997812 1619.053691796958 164.6738874539733 0.6978793069720268 9.773845873773098 934.6989451125264 89.53186868876219 15.001056432724 101.1585567519069 0.1179887056350708 0 3.215093865990639 6.78216265887022 1.912608996033669 110.5204294398427 5.631230935454369 41.92591584473848 21.67706855386496 12.60846336185932 3.61015684902668 19.63021668791771 6.144361808896065
251.7169952690601 42.56811580061913 12196.18867091835 1.179136596620083 1.83072604238987 251.6495694518089 659.3266390487552 1357.564317651093 3.337987005710602 87.03051729500294 468.3703555315733 3.744787022471428 11.98269133269787 894.898808605969 2.529457859694958 18.7433640062809 1960.74454292655 416.2127511575818 4020.684192851186 2.714947424829006 496.9296541661024 10.47637797892094 7173.607063151896 66.50223902612925 4.985048457980156 4387.879176430404 8055.247778944671 245.4549996554852 943.9674027487636 1504.985209785402 1.556900873780251 12.0502025410533 54.13781952857971 2522.33945863694 9.007555544376373 596.4161796942353 3157.575964771211 2246.862107165158 442.1488977372646 12.6076170578599 9.343793839216232 61.23391015827656 4.468215681612492 0.6390901356935501 61.17114725708961 90.77971637994051 0 0 0.2671901881694794 3.787528015673161 0.6448176503181458 1.084677062928677 0.4457218647003174 1.442399069666862 0 1.227580726146698 1.294557377696037 0.1346484273672104 9.746398963034153 92.04985471814871 5.846486821770668 98.31312211602926 0 6.590756349265575 4.506864957511425 8.498755976557732 7.412549711763859 1.609300911426544 367.3886953964829 644.925748936832 6.902979515492916 1.797596409916878 16.15435376763344 0.6087433695793152 0 0.2473849579691887 10.26858998835087 0 74.37953145802021 45.74481308460236 61.37958338111639 30.5338426977396 0.7717692106962204 0.1849243193864822 0.1969077289104462 0.3454908132553101
5.171465516090393 9.077441722154617 15.25089138001204 0.6168289929628372 9.421580292284489 32.17884838581085 13.11825527250767 52.39001353085041 0.7893360108137131 30.52037219703197 6321.629754051566 15.68733970075846 37.84986320137978 33.13206293433905 1.265541613101959 0.2345399111509323 416.2127511575818 215.6660814508796 3368.73826225847 9.094124130904675 4.11271058768034 2.616961725056171 9.696136020123959 5.131593197584152 27.6521625071764 2561.550306245685 1091.918191328645 4.60569667071104 93.87624169141054 4.222689546644688 23.79822632670403 54.59686814248562 0.8250180408358574 1443.145097792149 3.059284180402756 584.6351331397891 1305.713464215398 1589.622261978686 430.8719368651509 6.074927762150764 4.370345547795296 21.69857297837734 3.79848625510931 0 16.2415064945817 0.1277658641338348 0 0 0 0.9759557098150253 0 1.065573982894421 0 6.288233175873756 0 42.13872526586056 0.3271578252315521 0 0.3108471110463142 1.670657724142075 22.85795374959707 24.10677111148834 0 0.1378419995307922 0.5165435001254082 0 0.9926573783159256 12.56999459117651 115.9298596307635 308.8849028348923 1.633009910583496 0.5454476177692413 0.3985406160354614 27.57383926212788 0.1883859932422638 0 0.8115729689598083 0.5198312401771545 4.990233533084393 61.88989669829607 9.324514232575893 1.545493870973587 0.5506826937198639 0 0 0
40.59830755740404 21.19023796916008 227.8307640478015 1.212520524859428 9.031108170747757 61.732636064291 44.40175300091505 179.7405010014772 3.503585547208786 53.65783698856831 2723.844960838556 21.44791588187218 22.28108347207308 124.4755916893482 2.079206950962543 11.70837301760912 4020.684192851186 3368.73826225847 3112.045105583966 12.64755009114742 86.6828405559063 10.46615625917912 162.3923873528838 13.7903291657567 21.19334873557091 9155.585342563689 2308.994938828051 14.99793117493391 251.2149240151048 65.90928338468075 5.946830317378044 49.46878652274609 9.492048628628254 6981.851721070707 3.866364687681198 688.9541656002402 1378.938621625304 3344.570757068694 422.1721810102463 6.452082812786102 3.104668013751507 49.61754819005728 1.364483505487442 0.1511012017726898 95.05398837476969 8.830021634697914 0 0 0 2.575784333050251 0.8588290587067604 1.207319997251034 0 7.923942700028419 0 25.02133645117283 1.160923205316067 0 1.524724178016186 32.35732339322567 36.11545404046774 247.8179552778602 0.4546868503093719 1.218808189034462 3.208152212202549 3.412455655634403 2.436617188155651 13.31450768560171 681.9632312133908 1288.361145652831 2.305196210741997 0.2734421268105507 2.344973586499691 21.64350592344999 0 0 10.21797979623079 0 60.28040643781424 92.33259426802397 63.13571954518557 19.92668394744396 1.148810818791389 0.2042041122913361 0.5081603676080704 0
94.14349203556776 0 0.7271100059151649 6546.579395219684 8.659742102026939 1167.636796623468 370.0800488591194 217.5637371838093 742.0269874036312 7365.978300347924 25.32904373109341 7846.634805187583 4.541920959949493 305.4913764670491 176.1284293606877 0 2.714947424829006 9.094124130904675 12.64755009114742 1915.797485269606 1.138402983546257 1.288293421268463 4.950081571936607 1127.353203296661 0.2198907881975174 17.33103594183922 9.846589617431164 3733.385988160968 395.2201400101185 12.75519231706858 0.2893971428275108 33.3784446567297 1.673609346151352 157.3977446258068 38.24143147468567 1641.740930989385 27.94904766231775 663.9794320687652 61.97912588715553 504.8945778757334 135.6658678278327 2.607305280864239 60.09650856256485 3.341635808348656 0 0.1585420519113541 109.9633526802063 0.1744102090597153 16.44483331590891 211.9585414677858 18.55707997828722 50.54606527090073 57.67873174697161 1.891344383358955 31.76898011565208 0 17.13900110125542 4.002368316054344 1.817571878433228 0.3780152499675751 0.1912564933300018 0.1882641315460205 82.89729891717434 1.248284965753555 0.1323380917310715 0.130477637052536 270.0741374269128 0 0.5486013889312744 0.5717706307768822 342.8747281730175 11.77147199213505 41.86902268975973 0 0.3583300113677979 0.1424850225448608 8.814145877957344 1.739399909973145 148.3738909140229 1.195103600621223 16.67268531024456 3.986979529261589 137.1823828443885 5.791971944272518 5.686511218547821 1.738388538360596
76.91423183679581 6.309580206871033 940.0019068568945 1.748342618346214 0.2141829803586006 12.30562283843756 177.8204237297177 123.549658305943 3.920169442892075 5.076028540730476 39.62220449000597 1.483185946941376 5.386123694479465 129.7761361300945 0.432449072599411 3023.671289257705 496.9296541661024 4.11271058768034 86.6828405559063 1.138402983546257 13302.1628035605 281.7268927618861 16742.64959291369 859.0513342022896 5.928452737629414 58.10725174844265 827.0224942117929 4739.761934347451 518.8159236609936 10273.6496841982 0.2926855832338333 2.224585331976414 113.2340489551425 2726.063813753426 146.29065926373 9196.628227263689 2236.383908845484 6243.207664348185 2614.218505643308 253.3623718768358 23.77240265160799 4.74086082726717 64.52061971276999 4.064029850065708 0.5214160159230232 3.077767811715603 0 0.1259609013795853 0.07980815321207047 9.917980171740055 3.052535153925419 16.5948701351881 0.1448590308427811 5.366974174976349 0.5194980353116989 0 6.378730915486813 0.5684387311339378 503.0116176307201 1.765678606927395 0 0.5039049461483955 0 279.2471892610192 164.2479893118143 146.7919782176614 131.7702023908496 0 1.323455259203911 28.33304823935032 81.12784117460251 23.80319008231163 144.4028124809265 0 0.4688539206981659 2.892676264047623 10.17689627408981 14.639305382967 213.4559735134244 6.32002367079258 35.62771470099688 9.302888907492161 12.10298239439726 3.752305261790752 17.36311674118042 5.055483058094978
1.335002794861794 2440.733449622989 26.72186577320099 1.589224770665169 3.910189352929592 1.322918862104416 6.748332686722279 1.079172857105732 2384.361639738083 0.1713104993104935 67.31868201494217 8.551403760910034 204.2183778956532 6.664780750870705 76.2084559649229 4153.669950336218 10.47637797892094 2.616961725056171 10.46615625917912 1.288293421268463 281.7268927618861 2515.702292494476 578.5145548731089 8296.45834313333 670.7772303670645 93.51053918153048 9115.735258035362 193.947805121541 14.09907069057226 42.06875535845757 15.84748339653015 0.342547670006752 0.2770001292228699 15.27738609164953 2.619983643293381 45.70168617367744 40.32975677400827 41.53814577311277 18.45300428569317 105.9487525448203 2.055883646011353 45.36846686154604 1.968166559934616 5.362550601363182 27.14364878833294 24.2515682131052 0.5040734708309174 0 1.659104660153389 12.667570784688 4.793447993695736 53.12034617364407 0.7035203352570534 0.586944006383419 0.788318432867527 2.514466315507889 8.641944572329521 5.304203674197197 2100.713549666107 8.742121316492558 1.144895650446415 9.197190836071968 0.4139036983251572 233.3011894151568 353.8436532318592 469.0756610259414 335.0754573568702 6.256058275699615 27.44903913885355 1832.782764807343 90.94114021956921 25.50052305310965 134.2000999599695 0.5902210175991058 0 4.824739545583725 5.723896950483322 1.409222722053528 69.7067414149642 12.62114025652409 38.73723772913218 15.42724988609552 24.59424863755703 1.797001741826534 1.451217889785767 0
58.91694915294647 5.784222044050694 10229.82678895444 7.046193048357964 1.074356161057949 75.75210942327976 1414.557472497225 403.2204665243626 6.111478224396706 38.43327249586582 81.43075023591518 1.336597226560116 6.441357597708702 246.6620914265513 0.2622335031628609 5116.293997429311 7173.607063151896 9.696136020123959 162.3923873528838 4.950081571936607 16742.64959291369 578.5145548731089 23321.73587083817 1409.825483866036 2.25678513944149 805.3611079007387 11953.21321921796 3033.044409960508 259.8556700497866 5193.670069858432 0.3322268575429916 4.199703671038151 35.44010575860739 3178.452408388257 160.3937097191811 12046.91092886031 9312.122576281428 9282.477723240852 7816.642507381737 340.2499160990119 41.75538741052151 19.91240926086903 89.1235918328166 2.661626726388931 11.73089373856783 147.9883319884539 0.1814673393964767 0 0.2538982480764389 19.01285083591938 0.9918116629123688 14.04828514158726 0.391527071595192 0.4721824079751968 1.421410009264946 0.3044684231281281 5.239843010902405 0.2290105596184731 2917.012954942882 16.96114087104797 0.2716452330350876 2.889617808163166 0.6472653746604919 180.3154295086861 530.1729681938887 2098.295469760895 118.796705506742 0.7454146295785904 11.88580261170864 2516.929700680077 59.63697024434805 10.36503503471613 55.67592254281044 0.540104866027832 0 0.1575787663459778 7.418618991971016 17.07483252882957 129.5116630867124 21.53287013620138 66.55914524942636 46.35215652734041 13.33845825493336 2.186015516519547 10.13592460751534 1.577365696430206
119.3516954481602 726.4633959829807 152.9903879910707 3186.654189810157 21.86786042898893 182.2511012628675 1922.50307520479 296.6453354209661 10496.08113636076 1001.491946861148 42.63759220391512 1364.232974633574 97.78257482498884 245.450290620327 503.2822670042515 2350.675449490547 66.50223902612925 5.131593197584152 13.7903291657567 1127.353203296661 859.0513342022896 8296.45834313333 1409.825483866036 18119.10156914592 254.8338406085968 127.1707433760166 4294.308854110539 9986.794324852526 896.4483541622758 1318.98478846252 9.882209241390228 35.72510720044374 72.35850162804127 282.0103932023048 110.9514210894704 4536.735686764121 428.8463767170906 1235.763407818973 348.5475821793079 600.7200214788318 128.144876934588 16.87133477628231 56.26795610040426 48.55404424667358 12.78139840811491 7.242389433085918 195.7671010643244 1.399148881435394 38.22216733545065 695.5270886421204 83.35492421686649 763.0094268918037 134.3530169799924 16.42265922576189 85.18874580413103 1.243434853851795 127.7936084195971 16.43726400285959 932.1432925015688 6.595311045646667 2.548345349729061 7.890033200383186 173.9681691899896 492.3192509561777 475.4211996644735 226.3325757831335 2263.280876107514 1.007932431995869 22.39283766597509 129.2401776015759 1441.0573650226 217.6042006909847 1041.883346565068 1.32636121660471 1.807578198611736 23.74099481105804 71.2488391622901 16.19114784896374 742.15159098804 12.06286878883839 202.2000048533082 46.21790744364262 291.8303576409817 19.06396850198507 19.12353288382292 7.199196949601173
0 1796.111920133233 0.335142582654953 0 0.4331128373742104 0.643193855881691 1.016271181404591 1.56914709508419 258.3873063996434 0.8896413370966911 1159.195904888213 0.9743964523077011 8368.093351572752 0.7034858390688896 4.068598784506321 12.75194550305605 4.985048457980156 27.6521625071764 21.19334873557091 0.2198907881975174 5.928452737629414 670.7772303670645 2.25678513944149 254.8338406085968 869.3670653626323 842.6789680197835 8840.417261980474 3.930719710886478 1.880029305815697 0.391083762049675 428.7208850309253 0.6860013529658318 0.1918972432613373 111.0186987295747 0 50.44462237507105 321.3514621332288 326.534071482718 12.58648965507746 7.042817167937756 14.17937962710857 1116.754171803594 0.4016490280628204 0 122.2928736507893 1.027138158679008 0 0 0 0.2566950917243958 0.2279116362333298 0.982526607811451 0 92.18369469791651 0 612.5351834967732 0 0.3477305769920349 0.3078704476356506 0.9303871989250183 15.64896173030138 19.82579468935728 0.1423829793930054 0.08417071402072906 3.830542653799057 0.5889755338430405 0.2698146253824234 87.13897251337767 126.1482115760446 555.1427827179432 0 0 0.2363323420286179 73.0925682336092 0 0 0.6877822950482368 0 6.650021940469742 70.85156930983067 46.24872779101133 4.789187952876091 0 0 14.37681556493044 0
14.99976322054863 387.8733174428344 6461.803443953395 2.580243624746799 17.5990908369422 77.94073537737131 323.6109955608845 149.2681942731142 64.16117979586124 82.0986186414957 4330.694399803877 37.20207118242979 424.6427059173584 91.22695595026016 3.952954240143299 14.15342533588409 4387.879176430404 2561.550306245685 9155.585342563689 17.33103594183922 58.10725174844265 93.51053918153048 805.3611079007387 127.1707433760166 842.6789680197835 35860.52984446287 21903.28757565469 113.9727314859629 191.3357722535729 115.2914365977049 474.6143104806542 100.967957995832 1.4942681863904 2310.954376660287 22.61605537682772 3377.45523994416 7090.943887963891 6903.013802923262 1825.85499625653 22.43030818551779 9.268292099237442 142.1785053014755 13.93206619471312 0.4767110571265221 702.1468698307872 212.2312196344137 0 0 0.3340315967798233 11.42248552292585 1.621625691652298 5.169040970504284 0.2905801758170128 104.6275193095207 0.3192603886127472 711.6233615428209 3.82533011585474 0.1020543873310089 10.01045724004507 314.5583395138383 306.2574994936585 592.1498649269342 0 5.157613418996334 15.04529240727425 12.7186379507184 13.3052404075861 344.1624824851751 2557.927588172257 5833.869753986597 5.688755311071873 2.043834872543812 9.148819498717785 455.8427520915866 0.2756381332874298 0 51.34187441319227 1.946330383419991 296.4401506781578 627.7513878196478 290.2486861720681 82.3466931283474 5.421398341655731 0 6.062156014144421 0.5657186955213547
21.32496207952499 11294.20591087639 6283.331839695573 5.795950755476952 9.334391206502914 48.64464002847672 307.4306102618575 135.2468390092254 960.7590297907591 48.6905909255147 853.3776613622904 19.69640529900789 8745.953323818743 96.2065029963851 26.13065875321627 6461.496542036533 8055.247778944671 1091.918191328645 2308.994938828051 9.846589617431164 827.0224942117929 9115.735258035362 11953.21321921796 4294.308854110539 8840.417261980474 21903.28757565469 39145.57519505173 775.5154226496816 137.037640415132 159.9838670343161 3084.535224467516 40.02702558785677 5.64804969727993 2491.248520515859 122.0682267174125 8056.839131966233 7143.149401821196 10167.40757316351 5265.458611406386 146.6423360928893 10.86661352962255 139.8755321204662 34.94149177521467 4.89783152192831 3403.329671174288 2727.096626229584 1.48583722114563 0.1256322860717773 1.11721283197403 72.1767238304019 6.131250165402889 9.462020434439182 0.7970357909798622 93.93891641497612 0.7553674057126045 547.4885512366891 14.84243960678577 0.2764925062656403 1062.625217169523 1059.182493120432 250.7617999389768 1031.404662117362 0.1404477506875992 56.69176977872849 808.1478317752481 1619.176405638456 180.8979390189052 496.3010576814413 4451.036519035697 23978.31814111769 58.25198558717966 5.814114890992641 25.10028669983149 374.7263274714351 0 0.6983226016163826 156.7455804869533 11.48348784446716 1092.536759376526 851.3930787816644 1031.494233168662 408.0313585996628 23.36933264136314 1.990349873900414 7.555290788412094 5.109900042414665
98.34583975374699 11.56637434661388 591.8214705511928 4625.536117658019 5.897988557815552 440.2670826166868 24785.16472104192 234.4311247095466 1692.704611264169 6355.815250664949 17.2245976999402 743.0818142220378 5.479679524898529 240.8671910688281 56.94870890676975 1130.086892530322 245.4549996554852 4.60569667071104 14.99793117493391 3733.385988160968 4739.761934347451 193.947805121541 3033.044409960508 9986.794324852526 3.930719710886478 113.9727314859629 775.5154226496816 23082.1774366498 1482.276073865592 15893.41450143605 0.3190085291862488 19.08780552446842 181.4174415394664 493.768009506166 245.001252502203 7289.013232119381 618.7884185984731 2431.453816741705 791.381839223206 275.7487341910601 127.9267871379852 6.298169434070587 91.92448227852583 28.29050586372614 1.282826066017151 4.218743979930878 174.8934435844421 0.8187417089939117 34.38015910238028 577.7119600772858 56.15408156067133 235.2177834734321 140.4139369279146 6.227885819971561 67.09636294096708 1.289437472820282 71.41659315675497 8.072309002280235 288.9453392997384 1.316211618483067 0.8502704799175262 3.446907103061676 158.1293094158173 194.1720442175865 96.25337787717581 47.40369211882353 1144.43887976557 0 2.254991322755814 31.32169380784035 963.8966479375958 107.9679566174746 569.5951445177197 0.09745796024799347 1.084036976099014 10.0560617595911 34.63619999587536 26.43271303921938 402.7094773128629 9.837957717478275 99.23359573632479 17.29036842286587 189.6594620868564 13.36493645608425 13.31788479536772 7.358365826308727
