2830.680914014578 0.6576717793941498 252.1081998795271 2.226714842021465 14.30444830656052 156.0771079361439 2661.426078520715 1573.775316052139 15.35517349839211 66.19636879116297 49.36832381039858 6.730752654373646 5.772926017642021 6210.48456286639 0.8804492652416229 0.9325643181800842 100.4555362015963 6.750802375376225 18.60547176003456 5.093163855373859 25.41354293376207 1.632987454533577 233.6914947256446 58.19727371633053 0.615987092256546 57.05453205108643 67.66147281229496 109.5706446543336 4810.095919944346 3014.570915997028 1.320200473070145 52.06785266846418 37.74404821544886 314.5364876762033 8.496646098792553 114.2423703074455 66.57695935666561 251.9609241336584 49.80392465740442 19.89197006821632 35.33555336296558 1.049071431159973 0.6298121213912964 0.3751221895217896 0.3394809812307358 1.686448104679585 1.174943685531616 0 0 17.1144727319479 0.5670491755008698 3.09829705953598 1.28297832608223 0.4390077888965607 0 0.2126160711050034 1.180147893726826 0 2.13795118778944 0.1181665435433388 0 0 0.3931128978729248 4.603964358568192 0.5630834102630615 3.277933329343796 10.08477663248777 0 0.948552280664444 10.30768115818501 35.75544936209917 1.299152635037899 6.337222836911678 0 0.185391291975975 0.5063123106956482 1.294210158288479 0.9987743496894836 4.335415035486221 0 3.049242049455643 1.409931898117065 0.9058265089988708 0.350486733019352 0.7543327063322067 0
0.6576717793941498 552.643430441618 31.15153810381889 4.782156318426132 0 9.4571732878685 125.3193429410458 4.474722720682621 287.7034108117223 23.00167691707611 21.3800395950675 3.295304872095585 218.8649124950171 4.798570647835732 7.837351970374584 826.4621605873108 74.9837965592742 0 1.0189049243927 0.5279145613312721 59.25505959242582 3197.91588331759 330.2036650776863 882.8657932057977 1728.852551743388 15.71527629345655 5982.878827251494 129.2886710092425 0.7551135718822479 5.890386797487736 2.65601772069931 0.2076016589999199 0 49.62557518482208 3.066565133631229 98.41073796153069 329.988570638001 132.4267283305526 52.52826953679323 19.22327436506748 0.5953803062438965 43.16933317482471 0.3198556005954742 0 1048.254724025726 435.0285681039095 0.3157132863998413 0 0.1869364231824875 2.794835589826107 0 2.311345405876637 1.1156005859375 28.42899664491415 0 105.2387388646603 0.08503645658493042 0 11.34144954383373 6.946935743093491 0.3465635478496552 1.90978442132473 0 4.340429745614529 48.49875914305449 23.62361808121204 4.362173274159431 450.9283939152956 232.3452902659774 3568.373131044209 5.578398734331131 0 0.525779515504837 9.161870114505291 0 0 4.396587297320366 0 18.46098420023918 99.61851244419813 18.53810019046068 2.610159672796726 0.2948358282446861 0 128.9923906028271 0.1568813323974609
252.1081998795271 31.15153810381889 4044.552008546889 0.2844168841838837 4.203802026808262 140.5285772979259 220.8986577540636 414.2502886727452 5.607055209577084 18.53359544277191 96.4420468583703 2.722623832523823 8.640389911830425 565.7709959745407 0.6999636217951775 4.402861885726452 6375.395723983645 9.856075406074524 46.4529123082757 1.190676905214787 344.9513585269451 61.095693141222 6014.795196011662 20.02746769040823 4.137293070554733 4833.056488834321 15829.46915922314 121.3710833117366 273.4612175226212 1250.211603485048 2.121492460370064 10.75107306987047 12.7609653994441 544.9862874746323 80.97810086607933 1495.766634441912 7037.288786821067 1620.863611139357 789.7971213534474 54.10136547684669 17.28205732256174 4.08396927267313 10.51555892080069 0.3039282038807869 327.5085032060742 1079.849645122886 0 0 0.40244260430336 25.2138918414712 1.486689075827599 4.675173781812191 1.616031348705292 1.482905544340611 1.928864657878876 4.427402563393116 0.5671099871397018 0 7.299491494894028 18.43262957781553 0 3.781328894197941 0.2882825434207916 1.579103067517281 83.83441661298275 88.89035124331713 14.72683485597372 58.16670440137386 268.2791105657816 3531.563294522464 20.94045549631119 1.44290866702795 7.794987723231316 0.3830146044492722 0 0 3.45700266212225 5.556352838873863 38.51796548068523 130.7418668717146 20.30895075201988 13.39876106381416 1.747364163398743 1.158636137843132 3.219811797142029 0.2701440453529358
2.226714842021465 4.782156318426132 0.2844168841838837 4753.355558097363 3.263703286647797 78.67787171155214 135.7975118309259 8.54742107540369 1491.525450125337 3299.643409982324 1.533024124801159 988.8188851028681 0.1057717576622963 10.2654424905777 170.5796293839812 5.899071365594864 0.1459901928901672 0.1684770807623863 0.5167266726493835 6538.111832745373 1.621595129370689 13.40958984196186 6.967041403055191 2486.570178478956 0.2281251773238182 0.526535727083683 10.88782968372107 6149.349025867879 32.5867158472538 1.655963249504566 0.1464314162731171 1.149125091731548 4.882986404001713 12.70743186026812 9.080054722726345 332.4468717798591 4.374146051704884 30.43717918545008 23.73802016675472 211.5976238548756 7.482896313071251 0 5.655887275934219 0.6025730222463608 1.820982970297337 0.6874475106596947 230.0066157951951 0.9439254701137543 14.88062999397516 146.8786826133728 4.779975436627865 158.0766028314829 279.1649955064058 0.4072797000408173 152.0848319754004 0 2.620774976909161 26.52036944776773 1.735111095011234 0.3222992941737175 0.2484181374311447 0 176.0154544264078 3.180562302470207 2.603463813662529 2.56944015622139 370.8950320184231 0.1188251227140427 0.2392406836152077 2.910408407449722 262.3509652465582 4.082714341580868 6.664186336100101 0.1409368067979813 0 0.1331294327974319 2.09490043669939 0 90.10926330834627 0 12.47573854029179 0.6863558888435364 181.1221981793642 0.3252903968095779 0 0
14.30444830656052 0 4.203802026808262 3.263703286647797 64.81600894778967 700.7133024632931 17.94106624275446 64.6349214464426 14.52754728496075 28.66646910458803 222.2829247415066 109.9701390862465 110.6040367856622 122.4235595017672 717.6311380490661 0 2.659855291247368 11.27984870970249 5.020032867789268 17.63842641562223 0.1476041078567505 2.038595601916313 2.30134528875351 25.87840020656586 2.027933791279793 31.23082169145346 7.632643222808838 14.96577530354261 466.2810997217894 9.632965095341206 4.495567627251148 98.91533045470715 0.8042166382074356 1233.563947685063 1.205568820238113 247.518374748528 38.93084898591042 263.7366334050894 115.9355975389481 1628.246135480702 270.334494009614 29.17652748525143 9.049396649003029 0 0 0 0.6607928276062012 0 0 4.110935643315315 0.7901960611343384 0.8482111543416977 1.51129461824894 2.860397174954414 0.2058185115456581 1.455699943006039 0.8094697147607803 0 0.3980570361018181 0 0 0 0 0 0.3626704663038254 0.1345567852258682 1.673863470554352 0.3667050302028656 0.734236553311348 0.2174146175384521 5.885784633457661 1.278799399733543 0.4414241388440132 0.4266743510961533 0.5124078020453453 0 0.2214312255382538 0.6969752907752991 1.364691063761711 2.461132392287254 7.272538706660271 4.01414692401886 0.7670285105705261 1.316436037421227 13.57959753274918 1.464204728603363
156.0771079361439 9.4571732878685 140.5285772979259 78.67787171155214 700.7133024632931 15643.91971424222 3558.407526448369 9008.676862388849 47.74430064857006 5346.022850945592 341.5405229255557 5845.754161328077 90.94149602949619 1983.736551433802 2038.609686039388 5.213768690824509 44.4384490698576 25.53596576303244 21.83054069429636 566.2743278890848 15.00792089104652 7.095385156571865 128.678952716291 431.0075415372849 4.286874979734421 118.8759396001697 67.42646400630474 543.3878112882376 693.4683516100049 295.3354534581304 11.28714833408594 466.5502065345645 9.161427199840546 875.3877381309867 26.03574033081532 815.4709416553378 141.9702867269516 912.4347341135144 268.6130595803261 3179.404359266162 468.484148658812 25.65891712903976 25.1807264983654 0 0.8325294032692909 1.478659935295582 19.03608168661594 0 2.534272968769073 93.99765153974295 2.600167348980904 24.86133424192667 42.17035507410765 5.085417665541172 19.87941160053015 3.337507590651512 2.283951207995415 2.307451277971268 3.956274285912514 0.2742273509502411 0 0 20.35971538722515 5.139777064323425 2.750843890011311 7.821475155651569 58.1913947686553 0.09599215537309647 2.435979545116425 20.9436651468277 81.49555909633636 6.31315229088068 11.7244857698679 0.6732460632920265 0.5635504350066185 0.5866824984550476 2.199120745062828 0.2675784230232239 22.55935828387737 3.898505039513111 16.56381015479565 6.162355460226536 11.05162820219994 2.449693880975246 14.41545522212982 1.433001577854156
2661.426078520715 125.3193429410458 220.8986577540636 135.7975118309259 17.94106624275446 3558.407526448369 22999.74135771394 2451.164636157453 177.6625936999917 10927.75270048529 33.91322796046734 162.8781656995416 3.222723878920078 6609.473810210824 37.02980612963438 130.459610261023 30.84066612273455 3.635647997260094 5.354520134627819 313.0695394277573 548.1572864055634 121.8349032476544 917.0599800422788 2075.685883328319 9.638273164629936 58.097017981112 556.1788987889886 19233.24286975712 862.5030070394278 4947.201385274529 0.5985126420855522 30.24952324479818 33.68513886630535 275.6406683325768 89.43397296220064 1392.286553345621 202.8953440561891 571.4409984126687 339.2931911796331 282.163142554462 110.1443286836147 1.892770476639271 28.72292307019234 9.91689695417881 6.664284557104111 13.14948267489672 37.8448666036129 0.4046609103679657 13.37675274163485 699.5272809788585 18.19206758588552 91.9961970821023 150.8016229048371 1.865068100392818 37.42728482186794 0.6851007416844368 21.60879319161177 2.470402553677559 40.689672537148 2.051652729511261 0.2630495429039001 1.484143659472466 79.18748045712709 29.80639945715666 34.17206308990717 70.90656363219023 296.6283020079136 1.003063008189201 6.273522041738033 122.9010569900274 656.7403955310583 38.41383610665798 111.4368244037032 0.1818724274635315 2.937715336680412 0.8701893910765648 13.51959880441427 4.743189066648483 121.8977396637201 2.824209243059158 63.05655356496572 11.21824921667576 83.89661751687527 18.98132239282131 1.104321636259556 0.1704493016004562
1573.775316052139 4.474722720682621 414.2502886727452 8.54742107540369 64.6349214464426 9008.676862388849 2451.164636157453 15586.2388253212 19.84348700195551 1063.090945094824 223.885840088129 992.6408064290881 33.55157221108675 10482.00091550499 110.1053378582001 3.429073996841908 168.6715262830257 20.55030726641417 32.24553129822016 233.7189649194479 38.93995251506567 4.219730742275715 349.8626520112157 91.49997202306986 0.9515218958258629 140.2526590265334 133.017670802772 201.6445185467601 1764.776924200356 1209.259458318353 5.951333716511726 495.3864822015166 6.582136429846287 504.3275505527854 4.984434649348259 393.8802192881703 138.1113191023469 329.5808549970388 125.6001258343458 638.9787129536271 116.1107358187437 10.42072233557701 4.01783475279808 0.6212678030133247 0.9376938492059708 1.951057448983192 3.212303996086121 0 0.3831560686230659 47.26101172715425 1.619472458958626 6.274670571088791 7.778122290968895 1.665463715791702 2.304378837347031 1.523777954280376 1.260480679571629 0 5.114132978022099 0 0 0 2.463884919881821 2.08637623488903 3.557209089398384 12.5498104467988 22.6666266694665 0.3295730873942375 2.232654891908169 18.57336960732937 49.81710381805897 1.970256589353085 9.83488892018795 0.5575399026274681 0 0.1505260020494461 2.197219178080559 0.6326743364334106 12.78799161314964 1.743364743888378 6.563544936478138 2.683771505951881 3.15246894210577 1.644186869263649 5.681429989635944 0.8306393325328827
15.35517349839211 287.7034108117223 5.607055209577084 1491.525450125337 14.52754728496075 47.74430064857006 177.6625936999917 19.84348700195551 614.6983212530613 322.3162691891193 2.990363910794258 509.1359599381685 4.341540604829788 26.47718621045351 622.168451949954 127.8577966019511 0.8509956300258636 0.4462458863854408 1.595140516757965 928.8339306265116 173.8714386373758 2592.206392660737 65.2033603489399 8215.368712708354 49.8905046209693 2.579701378941536 57.42125838249922 1787.073669992387 36.24093238264322 124.028590887785 0.1145517602562904 3.14507532119751 2.323586881160736 17.53318253159523 5.067619018256664 185.5392976179719 33.7000637575984 42.36489414423704 13.85624776035547 482.9203914776444 10.22710723429918 1.067191176116467 4.038166955113411 6.009554341435432 29.2072139903903 12.57635578513145 229.4348698034883 0.8970772325992584 12.07714726030827 233.0170632600784 8.009673617780209 98.97928500175476 181.2552058845758 1.115372315049171 182.1348436400294 2.012318834662437 10.81175146251917 58.91445119678974 182.7981011345983 0.6732028648257256 0.1720612794160843 0.11128319054842 137.1355179920793 129.79107183218 126.8962558433414 117.0211432352662 1154.907555930316 2.075125388801098 2.939596675336361 138.4205020815134 1033.100288547575 26.3620200753212 62.72093853354454 0.3449665680527687 0.08902044594287872 0.6404104083776474 4.811361528933048 0.4564863443374634 49.20341395586729 2.55525491386652 13.4334781318903 4.484816893935204 257.7939305305481 2.888236701488495 0.9250890016555786 2.73944091796875
66.19636879116297 23.00167691707611 18.53359544277191 3299.643409982324 28.66646910458803 5346.022850945592 10927.75270048529 1063.090945094824 322.3162691891193 35723.54010953754 53.89219603687525 5057.483909860253 8.567945905029774 2958.989616632462 59.07526855170727 19.07274089753628 3.612963005900383 6.721041232347488 9.390650607645512 8462.700685150921 16.17905995249748 22.57971496880054 51.8113241866231 1014.261264264584 1.178231947124004 23.91627034544945 62.65115949511528 4861.303697049618 481.5803539976478 23.95432469248772 1.959035284817219 47.63411374390125 13.75449883192778 365.2236397191882 132.3077677860856 1763.673720777035 52.0425086915493 749.8327752053738 425.9486551582813 419.0835890471935 223.8225399404764 3.608062654733658 78.05346022546291 1.39191372692585 2.194089025259018 1.66693589091301 208.0292441770434 0.1603550016880035 19.46135370433331 436.0032192543149 4.711493119597435 151.8766286447644 368.1128079369664 1.579133197665215 145.0715584903955 0.1870094239711761 9.114213600754738 14.71087358146906 6.330637522041798 0.6310857385396957 0.4852880835533142 0 190.9981959238648 6.852545887231827 4.803556114435196 11.46475949883461 485.4953531697392 0 1.959360212087631 16.40225370973349 426.1455643698573 7.153180152177811 29.63084244728088 0 0 1.168651133775711 7.803133778274059 1.218522265553474 54.68503983318806 1.350156910717487 20.07517732679844 3.074521794915199 100.7323852628469 1.720311105251312 1.593514367938042 1.928092017769814
49.36832381039858 21.3800395950675 96.4420468583703 1.533024124801159 222.2829247415066 341.5405229255557 33.91322796046734 223.885840088129 2.990363910794258 53.89219603687525 14803.29503228515 138.5103052183986 5452.820932351053 383.4483989477158 1.714474812150002 2.142343491315842 227.4238298088312 5127.809069976211 1379.703697144985 25.0101312994957 6.450244799256325 6.634061418473721 41.38663340359926 18.97766096889973 567.463491871953 6642.998554930091 1500.163358777761 20.15795129537582 324.5878814458847 58.0143036916852 1250.798834167421 599.0036463737488 5.883077166974545 6208.038629360497 5.489196509122849 337.7867355123162 3607.381998471916 4172.813550814986 403.8518857881427 42.69626779854298 66.59665355086327 538.2656373754144 2.320186264812946 0 10.34411872923374 0.9496662020683289 1.347373589873314 0.1832149475812912 0.5473577454686165 15.83568595349789 0.7509745955467224 0.5656773895025253 1.338943645358086 686.1098981723189 0.4219406247138977 2580.230079039931 0.1221028044819832 0 0 0.1027379855513573 6.780653312802315 0.1860986053943634 0.4422303438186646 0.1284549683332443 0 0.2019370272755623 4.608668603003025 364.0638374090195 465.8770780190825 356.5200834572315 6.520321749150753 1.822488971054554 2.298843637108803 362.8131285831332 1.099177718162537 0 17.7185742110014 0.6474480628967285 5.309684842824936 297.6465179622173 30.79412735998631 2.061928503215313 1.656061142683029 1.34934937953949 340.200835518539 0
6.730752654373646 3.295304872095585 2.722623832523823 988.8188851028681 109.9701390862465 5845.754161328077 162.8781656995416 992.6408064290881 509.1359599381685 5057.483909860253 138.5103052183986 8624.678510069847 24.78350074589252 282.1225547045469 2629.459860950708 0.3341045677661896 1.786083959043026 12.03033361583948 15.3458493500948 5766.616592280567 0.9455496370792389 28.01480649411678 6.256055042147636 1329.702400587499 4.703433386981487 55.95825031399727 10.2711698487401 264.4545112326741 97.67846195399761 6.5301478728652 4.521922633051872 94.18050598353148 0.9788803607225418 456.1870036199689 13.02750988304615 1181.241868235171 34.02640298008919 779.0669476091862 111.4183910489082 2943.348062649369 263.8871358707547 3.385554529726505 26.71226941794157 1.651583552360535 0.4066177755594254 1.092337742447853 92.81874645501375 0.2794312238693237 11.81172221899033 164.1753327399492 7.659431666135788 33.00319953262806 189.7542021274567 1.601201631128788 160.0315791964531 0.6129722148180008 3.142684817314148 25.3120696246624 2.151470102369785 0 0 0 117.5012810006738 1.474094152450562 1.614078313112259 2.18093004822731 129.8326478004456 0 0.3818103447556496 4.088682554662228 143.7026462852955 2.087525367736816 5.763624370098114 0.3462322428822517 0.859017439186573 0.1071345582604408 5.783003523945808 0.4036949872970581 178.6044789329171 0.7429830282926559 8.775887072086334 3.510319747030735 192.8316838741302 0.4770593643188477 2.519128456711769 1.113840408623219
5.772926017642021 218.8649124950171 8.640389911830425 0.1057717576622963 110.6040367856622 90.94149602949619 3.222723878920078 33.55157221108675 4.341540604829788 8.567945905029774 5452.820932351053 24.78350074589252 4069.456446997821 25.7640782892704 0.3150601908564568 13.63736205548048 11.47699658572674 16.93006978183985 12.49425913393497 5.020572699606419 2.976208969950676 35.43619931489229 15.66737703233957 16.04180959612131 4194.252725020051 879.5689277425408 5872.820500418544 8.628445640206337 13.38225850462914 4.271686784923077 1146.335737042129 65.33216163516045 0.78064925968647 543.0831692740321 18.83274081349373 1822.550949960947 5907.498041518033 2084.289016358554 179.5722903981805 98.97968325018883 57.72153794020414 920.5715647637844 6.157231748104095 0.185088187456131 34.70478293299675 0.3415912985801697 1.475165218114853 2.458494693040848 2.50133541226387 2.394466228783131 5.95561595261097 0 6.637420177459717 1295.344753526151 5.577796451747417 5080.913165852427 3.319900080561638 0.2226867526769638 0.5794129371643066 0.6142333522439003 5.334189556539059 1.328458964824677 2.283934988081455 0 0.155550941824913 0.1387417167425156 1.150640025734901 1655.988987021148 789.6859426721931 797.8150853812695 1.851622737944126 5.886038236320019 0.2387208044528961 769.7553517594934 3.364528894424438 0 60.45120622217655 2.804770588874817 570.5227979421616 594.9822124615312 130.701211720705 37.12070935219526 13.9818100631237 20.31536096334457 676.1226098835468 11.89053244888783
6210.48456286639 4.798570647835732 565.7709959745407 10.2654424905777 122.4235595017672 1983.736551433802 6609.473810210824 10482.00091550499 26.47718621045351 2958.989616632462 383.4483989477158 282.1225547045469 25.7640782892704 14752.98665839434 25.12533006072044 1.910697720944881 252.1285312026739 31.70034224539995 77.69742374122143 147.1102915480733 51.68608708679676 10.85809733718634 447.5497666224837 122.8476433306932 1.173443116247654 218.281376644969 205.1729686483741 331.0771330296993 11069.63919851929 2353.82389254123 8.539962075650692 857.7389623150229 31.79241066426039 1266.324436455965 12.23252773284912 396.6050397083163 213.3652202785015 563.1029726192355 109.6956230551004 111.5746573209763 181.8507912307978 4.130130775272846 6.927420727908611 1.510966151952744 0.2062769755721092 5.42145187407732 3.400417774915695 0 1.076189607381821 43.53542703390121 1.028307691216469 5.985101372003555 8.893998086452484 0.8495632037520409 3.375520311295986 1.63901424407959 1.72406729310751 0.1153591796755791 4.872016295790672 0.2182185724377632 0 0 1.815013363957405 3.634346596896648 4.369217492640018 11.4305215254426 27.52262742817402 0.1157404035329819 1.038538351655006 24.71407489478588 69.07435397803783 5.365567713975906 16.47060327976942 0.4492134377360344 0 0 1.986572228372097 0.2571647465229034 12.03332509100437 1.47877099364996 4.357406675815582 1.670743234455585 3.064928144216537 1.072584003210068 1.234637998044491 0
0.8804492652416229 7.837351970374584 0.6999636217951775 170.5796293839812 717.6311380490661 2038.609686039388 37.02980612963438 110.1053378582001 622.168451949954 59.07526855170727 1.714474812150002 2629.459860950708 0.3150601908564568 25.12533006072044 676.2102320194244 0.8264247551560402 0.280383788049221 0.1055775806307793 0.1257151812314987 310.7843952029943 0.1087233126163483 74.52807361632586 2.858398772776127 1113.800923988223 1.866681903600693 1.272257164120674 3.838392786681652 158.4725215211511 2.744986914098263 3.422516867518425 0.1065188124775887 227.527981325984 0 13.82675690203905 0.1222946420311928 260.9919471442699 0.9108520895242691 14.02064698934555 2.691097050905228 1963.329812832177 31.37768551707268 0 0 0 0.6935079842805862 0.3644246160984039 5.77563289552927 0 1.119084790349007 5.39653741568327 0 3.890680462121964 13.14864978194237 0 13.24220721423626 0 0 4.338957548141479 4.070177353918552 0 0 0 7.915828794240952 4.344893202185631 2.931101001799107 4.925930254161358 9.133179694414139 0.1350333988666534 0 6.167528331279755 15.31487382948399 0.3126449584960938 1.67256523668766 0 0 0 0 0 27.24642345309258 0 0 0.3098842203617096 17.13769124448299 0 0 0
0.9325643181800842 826.4621605873108 4.402861885726452 5.899071365594864 0 5.213768690824509 130.459610261023 3.429073996841908 127.8577966019511 19.07274089753628 2.142343491315842 0.3341045677661896 13.63736205548048 1.910697720944881 0.8264247551560402 5765.128825560212 2.764564841985703 0.1565428674221039 1.064720585942268 0.4725198000669479 4150.283355139196 5810.280799210072 3741.37895578146 1964.681910119951 121.2560894563794 0.8918292969465256 2771.403798617423 2205.785229660571 1.572786554694176 13.69760544598103 0.6098071336746216 0.1362463980913162 0.2243064939975739 32.10570036619902 31.23419935256243 1019.610459066927 286.0869279354811 334.0408782139421 426.0539292767644 49.22019708156586 5.992088884115219 3.289551421999931 8.144201517105103 0.4107020795345306 74.7348894700408 20.64699596911669 0 0 0.941708579659462 21.50297080725431 3.396126233041286 22.29510821402073 0.3422502875328064 1.393558472394943 0.1768978536128998 3.771488025784492 1.496852837502956 0.5761813074350357 1667.231672860682 1.948924742639065 0 0.1309612393379211 0 576.1681667417288 659.2378774657845 2025.241272859275 199.3854410126805 6.373894236981869 8.137273021042347 657.1380758136511 284.6985280811787 7.682965859770775 54.81305606663227 1.592694759368896 0 1.440075717866421 1.630561016499996 2.293784126639366 97.94902493804693 21.58393548429012 17.13504324108362 36.53381106257439 3.24398260563612 0 0.7743949294090271 0.9183105677366257
100.4555362015963 74.9837965592742 6375.395723983645 0.1459901928901672 2.659855291247368 44.4384490698576 30.84066612273455 168.6715262830257 0.8509956300258636 3.612963005900383 227.4238298088312 1.786083959043026 11.47699658572674 252.1285312026739 0.280383788049221 2.764564841985703 2780.08648583293 310.6838263049722 3579.12943571806 0.9296903982758522 809.918233461678 25.90790853649378 6027.209223859012 7.826006650924683 4.033259123563766 6513.374878764153 7288.838009700179 38.44644768536091 378.0314286053181 1868.259729221463 2.136564411222935 7.674427501857281 58.33091955631971 3159.545072466135 34.24387636780739 682.4624624475837 1941.878203704953 3554.058062694967 672.1284180954099 24.66208947449923 7.715571701526642 8.006131008267403 5.375393889844418 0.2559782564640045 22.21481684595346 28.7753190100193 0 0 0 2.20396201312542 0.09592311084270477 0.5057776123285294 0 0.3310078084468842 0 2.788633689284325 0.5160427466034889 0 0.3565941154956818 1.517213016748428 0 0 0.557867705821991 0.5312501192092896 11.2745044901967 3.939821541309357 1.27385089546442 7.797590993344784 125.8013155907393 409.3059430718422 4.08873312920332 0 1.618871092796326 1.753294438123703 0 0 0.6043784096837044 0.5895213484764099 5.714041195809841 8.93558132648468 1.507094033062458 2.532685346901417 0.9601748883724213 1.028155446052551 0.3228364735841751 0
6.750802375376225 0 9.856075406074524 0.1684770807623863 11.27984870970249 25.53596576303244 3.635647997260094 20.55030726641417 0.4462458863854408 6.721041232347488 5127.809069976211 12.03033361583948 16.93006978183985 31.70034224539995 0.1055775806307793 0.1565428674221039 310.6838263049722 172.1086428388953 1880.451738841832 3.237053126096725 1.336131386458874 0 14.94020073860884 1.166033290326595 1.502050206065178 5517.351060673594 153.6504601240158 2.773711137473583 35.28460697829723 21.01276727765799 18.83237881213427 31.43683861196041 1.048067599534988 506.4619003683329 5.860202938318253 280.4022496491671 840.1775275617838 1096.016546435654 224.9973999261856 9.331718415021896 3.549507230520248 6.265167511999607 1.77156450599432 0 0.6385855227708817 0 0 0 0 0.8897878602147102 0 0.1750860959291458 0.2249005138874054 6.852922700345516 0 13.84698507189751 0 0 0.08312775939702988 0 0.3949061036109924 0 0 0 0 0 0.7196222841739655 1.441068887710571 32.76609626412392 35.13925471901894 1.186372950673103 0 0 10.51756387203932 0 0 0 1.182447373867035 1.29895307123661 0 0 0.8235624432563782 0 0 0.2324429303407669 0
18.60547176003456 1.0189049243927 46.4529123082757 0.5167266726493835 5.020032867789268 21.83054069429636 5.354520134627819 32.24553129822016 1.595140516757965 9.390650607645512 1379.703697144985 15.3458493500948 12.49425913393497 77.69742374122143 0.1257151812314987 1.064720585942268 3579.12943571806 1880.451738841832 4278.007967151701 4.841590382158756 16.68333631008863 0.5715518593788147 85.37487700581551 1.856290124356747 1.30340364575386 6415.357551895082 509.0519003719091 6.200060792267323 106.4120129197836 103.1085244640708 4.052765130996704 27.16491142660379 12.62003650516272 4677.280414193869 21.15007476508617 1078.361199259758 1185.457590967417 4840.637958794832 835.4093579500914 30.50863332301378 3.123719573020935 4.067117869853973 7.036229901015759 0 10.91546957194805 1.58142626285553 0 0 0 0.927786149084568 0 0 0 1.511571250855923 0 14.19755591452122 0 0 0 0.38519087433815 2.759315297007561 2.375263184309006 0.1674966812133789 0.1313397288322449 0.2265851050615311 0.2812917083501816 0.9766471609473228 4.344963192939758 277.3561003357172 394.7566859871149 1.278695702552795 0 0.4158504158258438 19.29797495901585 0 0 0.7159369885921478 2.49154195189476 4.707146435976028 4.516028322279453 1.073572494089603 3.371977016329765 0 0.2446064352989197 0 0
5.093163855373859 0.5279145613312721 1.190676905214787 6538.111832745373 17.63842641562223 566.2743278890848 313.0695394277573 233.7189649194479 928.8339306265116 8462.700685150921 25.0101312994957 5766.616592280567 5.020572699606419 147.1102915480733 310.7843952029943 0.4725198000669479 0.9296903982758522 3.237053126096725 4.841590382158756 2098.890611052513 0.1125063076615334 0.8506307899951935 2.128071039915085 907.8787125349045 0.4331960380077362 11.72027821838856 3.825308710336685 4520.014270938933 98.3632068708539 3.182826206088066 0.7787495404481888 20.48559236526489 1.530893102288246 139.9804767668247 45.51477912068367 982.6256462857127 10.63559675961733 304.8388224989176 123.9184613674879 682.1864624321461 99.90227167308331 0.7837923541665077 27.16659989953041 0 0.5864701494574547 0.3174564242362976 314.0705183818936 0.2133010178804398 36.3970887362957 500.0410316586494 14.07450445741415 175.371175840497 549.1036575734615 0.3591610789299011 234.2153691798449 0.3168788254261017 9.951509170234203 34.28430954366922 0.1793210953474045 0.141148716211319 0 0.1783657819032669 313.1846103444695 2.573065623641014 0.7809866517782211 1.383649282157421 580.1013650000095 0 0.8473512381315231 2.403458259999752 513.7193257063627 8.065367326140404 22.86778344213963 0 0.423213005065918 1.255871012806892 7.626788824796677 0 167.4388282299042 1.458537116646767 24.01071395725012 3.001193523406982 221.3325692787766 3.927349954843521 0.6780102849006653 0.4657681286334991
25.41354293376207 59.25505959242582 344.9513585269451 1.621595129370689 0.1476041078567505 15.00792089104652 548.1572864055634 38.93995251506567 173.8714386373758 16.17905995249748 6.450244799256325 0.9455496370792389 2.976208969950676 51.68608708679676 0.1087233126163483 4150.283355139196 809.918233461678 1.336131386458874 16.68333631008863 0.1125063076615334 16024.58826674521 769.4127491042018 12880.78572303057 464.2546708956361 14.95665911585093 27.66256269067526 720.342116676271 7755.365205511451 87.61786004155874 7994.811866052449 0 0.2668558582663536 136.5382687970996 2519.836376197636 211.0859364122152 8016.043226964772 1901.791133277118 5277.209329351783 4556.91046346724 261.1075968071818 42.55132157355547 2.196048066020012 56.6104646474123 4.635533332824707 7.706490859389305 6.65583112090826 0.7076950073242188 0 1.208296783268452 23.68232809007168 5.189637206494808 46.69941751658916 2.860034212470055 0.3071264401078224 1.023494258522987 0.4926176518201828 8.376876033842564 1.365121997892857 631.2266560569406 2.517168700695038 0 0 1.637519717216492 1238.750439576805 202.5246578007936 462.1736392974854 400.2206271514297 0.2789285182952881 3.346133150160313 60.11100080609322 625.74787530303 28.22740742564201 177.1843754053116 0.2356183156371117 0 4.808061935007572 3.487815834581852 4.100353464484215 114.8731135651469 3.674158819019794 8.064124397933483 12.54709653556347 4.249750092625618 0.2810595482587814 0.5573704689741135 0.1892976313829422
1.632987454533577 3197.91588331759 61.095693141222 13.40958984196186 2.038595601916313 7.095385156571865 121.8349032476544 4.219730742275715 2592.206392660737 22.57971496880054 6.634061418473721 28.01480649411678 35.43619931489229 10.85809733718634 74.52807361632586 5810.280799210072 25.90790853649378 0 0.5715518593788147 0.8506307899951935 769.4127491042018 2383.077946729958 1110.80092548579 8550.039306811988 490.4856596142054 2.511040784418583 5075.551946394145 654.7732284739614 3.103351473808289 41.79728350043297 0.400222584605217 0.2460128962993622 0 40.24071773886681 5.682782560586929 259.2608889713883 176.0943891480565 243.05063380301 118.3293864354491 165.3945820480585 2.499991118907928 6.474570147693157 1.782752618193626 0.85025804489851 361.4356065988541 179.5663583129644 0.5546402931213379 0 0.7849962338805199 19.12744351476431 2.106074526906013 47.15295109152794 1.239960104227066 5.399518437683582 0.1602807641029358 16.8330532759428 1.076054826378822 1.500074326992035 1207.800875306129 3.084061942994595 0 0.2699250280857086 0.2458893582224846 393.7068377509713 795.5197915732861 1058.335242681205 254.0223433896899 40.44032179564238 44.7553987801075 2814.861645109951 252.8028533533216 5.996369265019894 25.08785703778267 5.692459993064404 0 0.7230963557958603 3.49725541472435 0.7274670004844666 73.75612891465425 20.82906604558229 14.09887874871492 28.40223854780197 5.052167445421219 0.1777039468288422 4.093187630176544 0
233.6914947256446 330.2036650776863 6014.795196011662 6.967041403055191 2.30134528875351 128.678952716291 917.0599800422788 349.8626520112157 65.2033603489399 51.8113241866231 41.38663340359926 6.256055042147636 15.66737703233957 447.5497666224837 2.858398772776127 3741.37895578146 6027.209223859012 14.94020073860884 85.37487700581551 2.128071039915085 12880.78572303057 1110.80092548579 12421.80074359477 772.6551444530487 108.3290817141533 1144.716098949313 15794.33298449218 2939.162683010101 211.3401335030794 6918.876693949103 0.7159017696976662 6.712610885500908 87.53784363716841 2846.504875093699 310.6771887391806 8447.454687662423 6984.901909068227 7379.570857867599 6102.660268127918 429.9886295571923 52.25593291223049 8.096123121678829 65.58128926157951 0.409259244799614 67.05805020779371 183.0035228952765 1.873993486166 0 0.9816972836852074 65.6270769238472 6.039483271539211 20.11182568967342 2.886142700910568 1.05173234641552 1.052705377340317 3.323605440557003 3.426488883793354 0.134144589304924 1578.470474809408 3.402526319026947 0.3881510198116302 0.249662309885025 1.402121394872665 626.0378771796823 511.0276573970914 2278.647631973028 180.3160989880562 7.107030108571053 35.83015070110559 1715.333057627082 210.088738232851 6.701502077281475 39.83458369225264 1.12792381644249 0.1342008411884308 0.3004385083913803 3.034642659127712 13.2913872897625 153.6797227412462 24.85750705003738 30.4621155783534 40.39627123624086 6.526995398104191 0.7532838582992554 0.4438733905553818 0.4613430500030518
58.19727371633053 882.8657932057977 20.02746769040823 2486.570178478956 25.87840020656586 431.0075415372849 2075.685883328319 91.49997202306986 8215.368712708354 1014.261264264584 18.97766096889973 1329.702400587499 16.04180959612131 122.8476433306932 1113.800923988223 1964.681910119951 7.826006650924683 1.166033290326595 1.856290124356747 907.8787125349045 464.2546708956361 8550.039306811988 772.6551444530487 14673.88740055263 126.4520067647099 10.16784937679768 1058.167653724551 7367.416285917163 263.3283259272575 404.6117826029658 0.7282979488372803 19.66239801794291 26.51139480620623 157.7780229821801 60.32914074510336 2160.804924331605 109.9729760140181 432.1293204650283 230.5168789774179 1301.791671566665 88.6325466632843 2.254867941141129 18.65382921695709 17.63734648376703 63.11598664522171 22.40362029522657 170.0576204806566 1.294656008481979 25.49087923020124 909.0505994409323 40.67852236330509 585.8696568608284 292.604287199676 5.494934163987637 139.0494472980499 7.507943093776703 55.28234728425741 24.97002201527357 353.6080988645554 4.784550346434116 0.5045784637331963 1.23119293898344 160.7719816714525 478.4246589690447 332.3090660274029 246.7181018143892 1529.863647334278 6.308260753750801 13.43948153406382 230.5119455605745 2458.59333319962 109.1773484498262 380.0052670761943 1.145377561450005 1.269081674516201 5.674351342022419 19.86416225880384 2.971488915383816 236.152940146625 8.439297579228878 61.44094690680504 16.74666418135166 206.6969141438603 9.602453991770744 2.190274178981781 1.81965609639883
0.615987092256546 1728.852551743388 4.137293070554733 0.2281251773238182 2.027933791279793 4.286874979734421 9.638273164629936 0.9515218958258629 49.8905046209693 1.178231947124004 567.463491871953 4.703433386981487 4194.252725020051 1.173443116247654 1.866681903600693 121.2560894563794 4.033259123563766 1.502050206065178 1.30340364575386 0.4331960380077362 14.95665911585093 490.4856596142054 108.3290817141533 126.4520067647099 955.4141816049814 63.24953455477953 3134.799597218633 11.83167923986912 0.6974819824099541 2.607436835765839 96.42849455028772 1.660275012254715 0 70.00177631527185 0.8821648955345154 538.5391521975398 184.6249824017286 225.7287222370505 17.73543414473534 24.2130433395505 15.53534055501223 297.9617611169815 0 0 279.5911235958338 0.3719493746757507 0 0 0.3136343955993652 4.334241844713688 0 0.2429968416690826 2.574994303286076 330.4974286109209 1.247569680213928 1138.736740328372 0.1465352028608322 0 1.069044157862663 0.7736504375934601 5.362884119153023 2.566068351268768 2.318653345108032 0.5775622576475143 0.6217482089996338 0.4523803219199181 1.733638137578964 600.6875755488873 604.0288410037756 1198.972345679998 1.927582688629627 1.282896235585213 0 146.6433027014136 0.7455873638391495 0 16.23197847604752 0 396.110275670886 232.5445755645633 42.76337313652039 3.33726229518652 20.3937212228775 0.1796554774045944 409.7344487681985 4.544551312923431
57.05453205108643 15.71527629345655 4833.056488834321 0.526535727083683 31.23082169145346 118.8759396001697 58.097017981112 140.2526590265334 2.579701378941536 23.91627034544945 6642.998554930091 55.95825031399727 879.5689277425408 218.281376644969 1.272257164120674 0.8918292969465256 6513.374878764153 5517.351060673594 6415.357551895082 11.72027821838856 27.66256269067526 2.511040784418583 1144.716098949313 10.16784937679768 63.24953455477953 36838.77072750777 13683.06034582853 15.68558856099844 178.1077120825648 214.8805213421583 620.8695116713643 109.141617693007 8.314558476209641 1299.019652351737 58.2582723647356 2789.737253434956 5868.012055382133 4059.853905394673 1277.103926360607 101.1426088511944 13.38586560636759 71.70648760348558 12.61703805625439 0.3016060218214989 129.9602945074439 37.38596376776695 0 0 0 5.671557798981667 0.9492844566702843 0.3114878982305527 0.5872643887996674 84.98908112198114 0 745.3922681733966 1.184786260128021 0 0.3186511769890785 2.24538154900074 13.82975627481937 11.53730526566505 0.5470925569534302 0.5023358464241028 2.511973202228546 1.244666174054146 2.71336292475462 334.0267569124699 1558.21727219224 3145.181445114315 3.310413002967834 0.2634699642658234 1.893632985651493 438.6328873708844 0.132096141576767 0 4.860519029200077 5.087650611996651 24.4985529333353 34.00764925032854 16.16169540584087 8.944086574018002 0.6128376126289368 0 3.948366597294807 0.2969778478145599
67.66147281229496 5982.878827251494 15829.46915922314 10.88782968372107 7.632643222808838 67.42646400630474 556.1788987889886 133.017670802772 57.42125838249922 62.65115949511528 1500.163358777761 10.2711698487401 5872.820500418544 205.1729686483741 3.838392786681652 2771.403798617423 7288.838009700179 153.6504601240158 509.0519003719091 3.825308710336685 720.342116676271 5075.551946394145 15794.33298449218 1058.167653724551 3134.799597218633 13683.06034582853 40602.93631450087 1005.347489207983 193.3370432406664 301.0337222963572 876.2735677957535 17.22519550472498 20.88488126546144 2056.265991270542 372.9345122426748 6859.936517357826 8575.674772411585 8507.156701304018 3836.045059464872 267.8476111218333 25.98747532069683 66.25146722048521 59.04125242680311 0.3972053453326225 5336.252365112305 2322.774363145232 0.1572785973548889 0 2.940569400787354 70.58476742357016 9.06224700063467 18.8238668218255 1.910176575183868 165.4551607891917 0.5891259983181953 1173.156020566821 3.714770741760731 0.2350133061408997 854.1577818244696 59.46133538335562 40.61213444173336 53.37671819329262 0.2836963832378387 50.52896782010794 1552.806979827583 1843.273296996951 70.41124542802572 2872.616390667856 5581.34583966434 26355.75064278394 108.6503909379244 3.734710924327374 25.68271663784981 688.886709138751 0.5704516246914864 0.3971923291683197 29.07034675776958 22.51899276673794 290.5763953030109 393.0183022990823 145.2868417873979 101.9986170828342 3.833295099437237 1.448928669095039 23.37713864445686 0.6763974204659462
