525.2666044533253 8.741939723491669 38.44792127609253 4.425277106463909 0.7670522704720497 9.434939526021481 1298.58512198925 274.7427780851722 4.371819674968719 33.58116886019707 6.912892550230026 0.8812759965658188 0.5254847705364227 3405.420817352831 0 0.4710566401481628 156.6588613465428 4.867503926157951 24.74395883828402 2.804716147482395 16.41980903595686 2.504658162593842 21.44310414046049 56.88136298954487 0.1019312366843224 78.61885757744312 22.76405443251133 171.0928176790476 3306.928750142455 1983.680245123804 0 3.162885047495365 186.3356241434813 408.5958304479718 5.696858733892441 133.6661221757531 7.213286943733692 177.1869202926755 39.72033995389938 8.134978383779526 7.384215854108334 0.1735689491033554 1.277676023542881 0 1.218867853283882 0 0.1141428127884865 0 0.100018598139286 2.063795670866966 0 1.358777523040771 0 0 0 0 0.1123916134238243 0 1.75330201536417 0 0 0 0 0.8786967396736145 0.8205247968435287 0 8.081998266279697 0 0.7633086144924164 3.293854452669621 11.51584605872631 0.148218646645546 0.2829996049404144 0 0 0 0.3222421407699585 0.8572224378585815 3.117442615330219 0.9062363877892494 0.4036979079246521 0.1083776652812958 2.80830979347229 0 0 0.2557865679264069
8.741939723491669 631.8430880457163 69.8392019495368 0.2524889782071114 0.2226454615592957 0 1.790672093629837 2.050560250878334 562.7095156386495 0.5700804889202118 247.6052365526557 5.557198777794838 853.5480180978775 5.305468454957008 8.449398532509804 1127.81952303648 22.67903193086386 10.86326913535595 3.20709639787674 0.4862876161932945 78.19325798749924 2960.354576483369 128.9300052672625 1302.304357409477 1854.400065809488 621.1410488858819 13800.0540266186 111.138861335814 51.45233835279942 3.565568655729294 45.52426443994045 0.6483284309506416 11.28249837458134 37.44433703273535 0.8952928185462952 130.164254359901 150.5202200785279 77.98655569553375 39.16449473798275 12.39147574454546 0.9066134691238403 94.10307098925114 0.7718450427055359 0 21.37463446706533 43.60984405130148 5.491642281413078 0 0 0.4895494803786278 0 0.2336296662688255 0 2.799578964710236 0 2.93207735568285 0 0 9.649304829537868 1.011596858501434 1.185081273317337 4.702126204967499 0 1.237815119326115 14.36631601303816 14.76759961247444 9.658837959170341 4.387591063976288 68.42403890192509 606.2900776639581 2.39217995852232 0.07164748013019562 0.5287899896502495 1.700747057795525 0 0 0.8631017506122589 0 5.348887301981449 17.70089305192232 5.768748857080936 0.7855275496840477 0.2077327370643616 0.1044553741812706 0.7021453380584717 0
38.44792127609253 69.8392019495368 8594.172888509929 4.315958455204964 0.8231046199798584 10.14050379768014 542.4515941515565 92.40975075960159 0.727929599583149 21.43203745782375 43.935516230762 0.9152120351791382 13.64838796108961 143.5754899382591 0.1191052123904228 15.51845152676105 3709.641707375646 34.51941200345755 154.3542777970433 0.4540272727608681 616.7590899392962 34.560362868011 9142.103089280427 72.18853895366192 1.282033979892731 8080.611087933183 5242.616820335388 1118.426561363041 89.17059098929167 376.1531145274639 3.770359024405479 0.7260326966643333 10.67764958739281 1327.879974685609 51.71017906069756 4066.634550988674 2550.88168015331 2121.746491067111 1174.610819846392 167.2297670692205 5.371295571327209 7.12091825902462 9.491089373826981 0 99.37176986038685 413.2530475482345 0 0 0 3.027028478682041 0.1223675534129143 0.2375270202755928 0 0.9562796056270599 0 0.448795810341835 0.5616196915507317 0 39.86713559180498 12.81855019927025 0.2862733155488968 2.597274996340275 0 3.421106725931168 30.04168902337551 188.063665010035 5.052364207804203 0.6968998834490776 109.1039584502578 1815.028900749981 9.000392697751522 0.09126128256320953 1.420199915766716 0.09879786521196365 0 0 6.981637664139271 17.78047075122595 97.56561899930239 88.32236126810312 27.08676144480705 17.85943672806025 1.016195937991142 2.185630306601524 3.569054499268532 2.875746339559555
4.425277106463909 0.2524889782071114 4.315958455204964 2026.80326204747 1.055026307702065 39.04169600456953 49.19694541394711 25.97893063724041 417.9718562737107 1499.669428117573 2.279747493565083 3429.28190843761 1.433890171349049 33.10219644010067 37.22457922250032 0 1.216408960521221 1.172639191150665 0.8766726925969124 3183.97535173595 0.8610360249876976 1.408847346901894 2.862031228840351 1320.164377816021 0.1302749961614609 3.19177658110857 0.7914346978068352 3450.286319062114 80.36444912105799 1.424334391951561 0.2122204676270485 4.530695572495461 2.559600085020065 37.63544511049986 7.448817923665047 192.2160249277949 1.00170785933733 74.77163410931826 23.29385218769312 229.4525656402111 16.94128741323948 0 3.826675422489643 0.3843237981200218 0 0 78.21546780318022 0.7440812289714813 1.417471863329411 56.96665503829718 1.192067503929138 21.99000062793493 48.41036542505026 0.08241190016269684 14.94534562528133 0 3.091693602502346 2.50931791216135 2.056703820824623 0 0.1145123764872551 0 43.75786467641592 1.03799307346344 1.794846266508102 2.178792782127857 175.0997770354152 0 0.08680598437786102 0 192.2182898074389 4.907920226454735 1.289414674043655 0 0.2583128809928894 0.1946769133210182 1.549696631729603 0.3324213027954102 61.87668688595295 0.1310030668973923 6.050745017826557 1.355946503579617 53.99307415634394 0.502198651432991 0 0
0.7670522704720497 0.2226454615592957 0.8231046199798584 1.055026307702065 9.605890929698944 243.9770157113671 8.173853725194931 12.15575980395079 27.08835318684578 16.46869601309299 144.8546595871449 91.85368040204048 47.98537626862526 5.855706945061684 1224.120595276356 0 0.9705438911914825 25.81779608875513 13.14034348726273 6.568324416875839 0.2219205126166344 0.2890685945749283 0.2323144897818565 12.84830404073 2.785690143704414 29.00822146236897 4.327069900929928 9.098723769187927 31.80734913051128 0.7956635653972626 0.8172567188739777 74.18735912442207 0.4868990480899811 982.7712176442146 4.507679969072342 54.84046192467213 13.93957643210888 306.5240305587649 138.5606873780489 1331.043027713895 135.5657147243619 2.184497743844986 10.268151730299 0 0 0 1.268760815262794 0.2114117443561554 0 0 0 0.3681248724460602 0.7835298180580139 0.2388581857085228 0 0.2238289788365364 0 0 0 0 0 0 0.5002321600914001 0 0 0 0.6929907500743866 0 0.1260242313146591 0.140128880739212 1.472495138645172 0 0 0 0 0 0 0 1.525910422205925 0.3875883743166924 0 0 0 0 0 0
9.434939526021481 0 10.14050379768014 39.04169600456953 243.9770157113671 11909.54887917638 3175.171566106379 5253.557795003057 14.76535439491272 9476.815412223339 108.4114306122065 2273.768103264272 55.35656617581844 1713.086804561317 1483.459926880896 0 11.28393962234259 45.04981369525194 39.38794102519751 606.073787458241 1.127096220850945 0.08872103691101074 7.866052895784378 23.94580533355474 1.745312370359898 67.22662708908319 11.40726962685585 452.2351510003209 706.8386074230075 15.52597475796938 2.361683577299118 492.5497945472598 2.851502865552902 332.4586289972067 9.497691050171852 296.0165691748261 17.24898878484964 531.4740477949381 170.5579420030117 1731.388607777655 296.3561451658607 2.398934595286846 16.08703849464655 0 0 0.1095503866672516 8.795166596770287 0 0.323543980717659 4.656875193119049 1.143415972590446 1.381320498883724 7.205149360001087 0 24.91051891446114 0.438136488199234 1.704187005758286 0.9506952166557312 2.245773509144783 0 0 0 5.640225753188133 0 0.3505673408508301 0.8596956431865692 15.37918788939714 0 0.5850420594215393 0.5284213200211525 22.15497811883688 0.3812450915575027 0 0.2985313087701797 0 0 0 2.335337668657303 21.37859667092562 1.156074330210686 0.3229457139968872 0.6572111845016479 10.2142071351409 0.2833968102931976 2.325388193130493 0
1298.58512198925 1.790672093629837 542.4515941515565 49.19694541394711 8.173853725194931 3175.171566106379 22062.18438770622 2972.46460724622 65.05389557778835 7986.17194776237 29.01517495512962 28.05097774416208 6.676175259053707 6882.399162620306 9.131938509643078 2.106294617056847 460.5240529254079 13.08746691048145 51.94897819310427 101.8570606410503 334.4823719784617 2.282964892685413 515.6610008254647 808.2495939657092 0.8926907852292061 344.8145960792899 86.07671449333429 13780.02619948983 2587.856832295656 3706.902638956904 1.108258761465549 26.43531133234501 237.3839842677116 912.2317013852298 153.8582845404744 2876.722982279956 52.45989137142897 1408.955155156553 528.3394272215664 425.2759445905685 166.1937164738774 3.401000961661339 56.69153718650341 0.07724430412054062 0.5634993612766266 1.452650211751461 17.93724698573351 0 0.4584374576807022 55.39899399131536 3.213978663086891 36.08088002353907 11.45539303123951 0.2926217615604401 4.577798560261726 0.0884283259510994 3.153130635619164 0.8587094098329544 5.263885177671909 0.1657978147268295 0.3931171298027039 0.08299447596073151 9.257291041314602 2.102537713944912 4.016698949038982 1.548225127160549 203.5306278988719 0.1405426412820816 1.766127459704876 6.696528315544128 265.4382472634315 6.894896410405636 6.779555380344391 0 0 0.1312603205442429 3.049269124865532 15.32207651436329 45.1554813683033 1.171255894005299 10.2843819335103 5.577391423285007 22.69530690461397 0.3753483667969704 1.387981295585632 0
274.7427780851722 2.050560250878334 92.40975075960159 25.97893063724041 12.15575980395079 5253.557795003057 2972.46460724622 7224.228470876813 5.225222237408161 2961.930993236601 212.0072237327695 438.7071620374918 71.87471960484982 8104.186168707907 192.7192271202803 0.4055377319455147 180.6474493816495 75.25725977867842 83.29050241410732 269.3559601604939 14.45323701947927 2.165437236428261 46.24717580527067 78.51749949157238 3.041689917445183 208.0431853309274 45.73505216836929 389.7031968161464 1768.333387635648 789.9438556879759 3.887518100440502 529.7133999317884 24.11380095779896 730.7095817923546 20.96396665275097 588.1237688064575 37.60831934213638 659.1886730119586 221.3161559924483 580.5170328691602 199.0380549952388 3.80843461304903 21.39876557141542 0 0.2406992763280869 0.1213704273104668 0.8676337972283363 0 0 2.630763009190559 0 2.05904133617878 0.8886351585388184 0.382816806435585 6.219233691692352 0.2609634175896645 0.2676254585385323 0 1.051677167415619 0 0 0 0 1.731455609202385 0.2412483394145966 0.9932076930999756 9.299468941986561 0 0.5416205227375031 3.575285457074642 13.80946736037731 0.897941067814827 1.488013356924057 0.3093459084630013 0 0 0 1.255052298307419 11.87395837157965 1.871846273541451 1.092053778469563 0.5671223402023315 1.810784675180912 0 0.5960655212402344 0
4.371819674968719 562.7095156386495 0.727929599583149 417.9718562737107 27.08835318684578 14.76535439491272 65.05389557778835 5.225222237408161 527.5173367634416 419.0764605849981 24.42072466015816 256.1366717889905 55.93835410475731 6.629644460976124 839.8199446350336 26.92187413573265 0 1.189829483628273 0.1908874362707138 625.0766565054655 10.92651258409023 1286.147672727704 4.437191031873226 9200.245308920741 137.1339536234736 16.79945980012417 182.3955220133066 1288.77433590591 12.77614541351795 2.338088825345039 6.329356610774994 0.1969212964177132 0.314034067094326 5.207406379282475 0 86.9837859198451 10.47608172148466 10.44618589431047 3.09627340734005 441.734166353941 7.939482249319553 1.622649669647217 1.868848249316216 6.538670837879181 4.467416360974312 1.092083260416985 358.2033642455935 3.22171625494957 7.025271989405155 105.4786580651999 5.220402054488659 179.0319462865591 154.8078621551394 0.2890744432806969 77.52069952338934 0.1250254064798355 7.244058087468147 23.18822878599167 362.3876217603683 0.773132249712944 0.136158674955368 0.09308928251266479 155.1139025911689 75.79681457579136 71.33359702676535 80.94422207027674 1190.527140766382 0 1.756346881389618 13.37490168958902 801.1126247867942 28.95987785607576 49.02031552046537 0.09138947725296021 0.3832909688353539 1.473051100969315 4.716893061995506 0.9752796590328217 120.125008739531 1.863050691783428 17.69161716848612 4.187644705176353 165.9442188665271 1.379730798304081 0 0.7980637475848198
33.58116886019707 0.5700804889202118 21.43203745782375 1499.669428117573 16.46869601309299 9476.815412223339 7986.17194776237 2961.930993236601 419.0764605849981 34414.95963460207 79.40370149165392 2763.816054686904 22.26640502363443 1671.196330435574 40.94533886760473 0 19.94236563146114 40.10681162029505 47.63684359937906 3280.38555868715 3.622837752103806 1.936999574303627 10.46687769144773 486.8223626986146 1.140474617481232 88.91804666817188 17.00372233986855 5270.663268908858 1505.408181481063 30.82134469598532 1.874597787857056 73.75373595952988 14.1969196498394 598.9297758340836 22.10043796896935 804.5178823843598 22.06590374559164 1216.262602776289 191.4107584804296 693.8797891512513 204.7263010591269 2.123571328818798 21.11708298325539 1.274566628038883 0 0.1453907787799835 203.795654438436 0.6851077303290367 8.571521922945976 120.8980769217014 6.072981148958206 30.36899118870497 124.5597088709474 0.6887226179242134 180.1965407803655 0 8.948515474796295 12.13261398673058 3.910271115601063 0.2486747205257416 0.1597123146057129 0.545285776257515 106.5219057053328 1.062363423407078 3.948885232210159 0.5547130554914474 358.8361749872565 0.1059754565358162 0.3809216693043709 2.254471480846405 405.8305328115821 12.32592984288931 9.074749156832695 0.08455042541027069 0.5991776213049889 0.4213875457644463 3.023391120135784 5.085646390914917 145.414903588593 1.048330627381802 12.65033431351185 4.449898593127728 122.6511806845665 1.087875694036484 2.329483635723591 0
6.912892550230026 247.6052365526557 43.935516230762 2.279747493565083 144.8546595871449 108.4114306122065 29.01517495512962 212.0072237327695 24.42072466015816 79.40370149165392 10301.17232286185 32.6053374260664 3470.905062764883 158.4459266811609 4.862128488719463 12.68321383744478 394.625354282558 5961.540602117777 1021.53294031322 22.65455465763807 27.33348874002695 89.2694498077035 62.85123120248318 57.80439100414515 1883.719691850245 3908.437181726098 470.4276036098599 21.62317588180304 344.789870724082 21.0715514048934 469.2195275202394 339.0324634611607 8.519948326051235 5524.693730846047 26.63103763014078 397.3549753427505 2107.161465421319 2983.307382546365 714.9164743050933 60.04154819250107 106.9202902242541 1068.805069506168 4.501922741532326 0 1.066552691161633 0.7248410582542419 0.4089917540550232 0.1978280693292618 0 0.3348720967769623 0.0972471758723259 0 0 241.3980389088392 0.4715697392821312 427.3790389150381 0.1207571178674698 0 0.8367527648806572 0 19.9796073064208 3.683872751891613 0 0.5364144444465637 0.1184518337249756 0 1.386919908225536 13.44776602834463 52.95667294412851 146.2604243382812 1.28488951921463 0 0 81.94490179419518 0 0 3.02990946918726 15.97294771671295 22.25508177280426 643.0804612785578 43.33410660922527 5.17704826593399 1.608883008360863 0.1060099601745605 142.7873988896608 0.6384704262018204
0.8812759965658188 5.557198777794838 0.9152120351791382 3429.28190843761 91.85368040204048 2273.768103264272 28.05097774416208 438.7071620374918 256.1366717889905 2763.816054686904 32.6053374260664 6155.503830328584 11.95321305841208 298.9741460010409 1718.568547509611 0.1038114503026009 1.708323359489441 18.01983363926411 17.67677488923073 4447.740291424096 0 24.73962652683258 1.216960221529007 592.2319015860558 2.395221590995789 31.32539169490337 7.831532821059227 2489.975994631648 220.2170053049922 2.77050918340683 1.131226271390915 31.28300605714321 0.1856976449489594 138.5060844048858 1.059201389551163 493.9951091110706 8.666751086711884 216.0766674652696 22.37111864984035 1850.374254181981 59.93542064726353 0.1046037673950195 1.261637412011623 0 0 0.2363286763429642 64.1771836951375 0.465385764837265 6.421306900680065 23.60687859356403 0.8152627944946289 14.06749567389488 44.29529769718647 0 63.92791876941919 0 0.2981244176626205 8.398238383233547 2.998212262988091 0 0 0 48.97473943978548 0.9170090928673744 1.802372604608536 0.652050107717514 81.19871967285872 0 0.2111507505178452 0.09140869230031967 90.63476283103228 1.792695753276348 2.706512823700905 0 0.4767275005578995 0.09963404387235641 0.5341055914759636 0 131.6612753272057 2.387200824916363 4.12039352953434 0.5498778223991394 91.95139287412167 0 0 0.1504030525684357
0.5254847705364227 853.5480180978775 13.64838796108961 1.433890171349049 47.98537626862526 55.35656617581844 6.676175259053707 71.87471960484982 55.93835410475731 22.26640502363443 3470.905062764883 11.95321305841208 5088.721163108945 30.59055802971125 3.422586522996426 49.48888628929853 5.649010412395 276.7401821762323 25.49169950187206 7.346060879528522 13.49267801642418 238.5370967537165 27.20154252648354 133.6089321896434 6476.684978663921 1445.434157185256 4591.997004672885 20.44862570613623 52.71456959843636 2.224063262343407 1936.697398416698 79.70319131016731 1.294287420809269 725.4752070382237 125.4485001266003 1178.94135017693 5735.665327243507 4422.774667665362 695.9289627596736 96.24715589731932 97.49793806672096 868.2739557549357 7.06444476544857 0 22.37496560066938 2.703123450279236 0.6958987414836884 0 0 0.4520368054509163 0.4214067235589027 0.09861309826374054 0.7756915986537933 449.3137947171926 0.566761702299118 464.1775368899107 1.203665181994438 0 4.047336161136627 0 50.20533011108637 3.170991346240044 0.6189623698592186 2.645207107067108 0.8732831329107285 4.019707083702087 1.381796911358833 55.80961436778307 116.7991492152214 222.1377294585109 0.8853961005806923 1.718990370631218 0.2031479477882385 128.6366072669625 0.3143980205059052 0 26.62416097521782 66.16993343830109 166.3218401223421 1029.484454639256 129.3997314125299 90.07032449543476 3.525069549679756 7.715109884738922 319.9130521714687 3.269933313131332
3405.420817352831 5.305468454957008 143.5754899382591 33.10219644010067 5.855706945061684 1713.086804561317 6882.399162620306 8104.186168707907 6.629644460976124 1671.196330435574 158.4459266811609 298.9741460010409 30.59055802971125 10540.90958146006 45.46560814976692 0.4218728393316269 328.7498615458608 82.8874373883009 123.6597530096769 224.9058354273438 23.17594241350889 13.27890990674496 75.2250058427453 173.3233947753906 2.734578736126423 298.026962697506 68.68299944698811 660.6204248294234 6303.206654787064 2381.375263184309 4.060413084924221 487.9340787157416 45.89919246733189 1305.777377791703 31.36161153763533 830.5457318946719 51.01364144682884 785.9688377007842 171.5486029461026 350.4904113039374 87.40369307994843 2.94394139945507 14.91285748779774 0.1350602507591248 0.1251180320978165 0.4696910977363586 2.928125359117985 0 0 4.529608450829983 0.1915706843137741 3.380947582423687 1.985421769320965 0.6013675481081009 4.274144373834133 0 0.5336398631334305 0.2554899156093597 6.958767019212246 0 0 0 0.5286761969327927 2.27382530272007 2.087002977728844 0.9740130007266998 22.6330938115716 0 1.239004217088223 4.23066570609808 21.26116529852152 0.6989243105053902 3.644516289234161 0 0 0.1058652475476265 0.2192454189062119 2.977685004472733 25.75416849553585 2.482762865722179 1.232384696602821 0.948489636182785 1.853653229773045 0 0 0
0 8.449398532509804 0.1191052123904228 37.22457922250032 1224.120595276356 1483.459926880896 9.131938509643078 192.7192271202803 839.8199446350336 40.94533886760473 4.862128488719463 1718.568547509611 3.422586522996426 45.46560814976692 395.0661515593529 0 0.2066454738378525 1.076538354158401 0.52671118080616 206.3751678988338 0.2160426676273346 31.61514081805944 0.4088138192892075 1013.096384093165 4.279696486890316 3.00471119582653 5.379725150763988 41.54012463241816 56.46491071581841 0.12513667345047 0.2362460643053055 510.4300838410854 0 12.12048870325089 0 98.96141222864389 2.892893135547638 22.05493354797363 6.847861588001251 1247.306373022497 109.7971855551004 1.223237037658691 0.3639315366744995 0.2294609621167183 0 0 9.082578897476196 0 0 5.582046784460545 0.5353027582168579 12.37362140417099 2.284444540739059 0 3.250323191285133 0 1.031768292188644 0 6.126650333404541 0 0 0 5.516612410545349 0.4399614185094833 2.840718694031239 1.435196727514267 31.18779198825359 0 0 0.3331514298915863 27.48690395057201 0.1388484835624695 0.6177040338516235 0 0 0 0 0 23.8522417396307 0.1312896311283112 0.3737206161022186 0.09458349645137787 15.40268893539906 0.3105734884738922 0 0
0.4710566401481628 1127.81952303648 15.51845152676105 0 0 0 2.106294617056847 0.4055377319455147 26.92187413573265 0 12.68321383744478 0.1038114503026009 49.48888628929853 0.4218728393316269 0 4085.828090511262 1.109363846480846 0.3178136348724365 1.007038213312626 0 4696.287500858307 3821.702837526798 3636.386623099446 1734.886658065021 102.9504539892077 13.55900959670544 4103.771638564765 1870.949524015188 2.719101563096046 2.865598991513252 3.286241993308067 0 1.197048902511597 70.0964245647192 30.22268810868263 1797.778454855084 617.9387784153223 292.4503546655178 244.8839817494154 71.76008053123951 5.452814608812332 17.24568220227957 4.404452107846737 5.977029800415039 5.543610632419586 130.412034638226 0.8776409924030304 0 0.08583193272352219 9.767490610480309 1.227406963706017 21.56397691369057 0.09239839762449265 1.375458940863609 0 0.149904876947403 5.057110860943794 0 2013.402990289032 3.783186063170433 0.09634611010551453 0.9888451918959618 0 171.1453818976879 381.198641769588 1760.935630552471 190.1812027171254 0 4.54912843555212 1052.721573874354 242.4472395777702 24.68310099095106 56.30748853832483 0 0 0.501076377928257 5.145197823643684 5.763460122048855 134.8221260234714 29.0449128523469 16.3992572426796 14.8200509250164 4.17665034532547 0.5279373079538345 26.8647677898407 2.625698693096638
156.6588613465428 22.67903193086386 3709.641707375646 1.216408960521221 0.9705438911914825 11.28393962234259 460.5240529254079 180.6474493816495 0 19.94236563146114 394.625354282558 1.708323359489441 5.649010412395 328.7498615458608 0.2066454738378525 1.109363846480846 2167.555472649634 398.6021550893784 5706.306583799422 2.290695428848267 1767.350211046636 4.866429813206196 6853.330251038074 8.542138837277889 1.579640597105026 5101.679408527911 1377.524179257452 199.501341201365 432.6709776222706 1491.417909897864 2.08570571243763 3.655061043798923 87.11923547834158 3939.552490785718 9.939225777983665 833.7000720351934 1416.514250807464 1376.353090524673 365.8944156169891 20.76075599342585 3.251931741833687 2.620618656277657 3.561491206288338 0.1455223560333252 23.02746050059795 41.60832766443491 0.2047825157642365 0 0 1.046235375106335 0 0.1225286349654198 0 0.3850890398025513 0 0.303792417049408 0 0 0 1.406761139631271 0.3176546543836594 1.210782334208488 0 0.1279571205377579 2.468846291303635 0.6642142236232758 2.052706748247147 0.3307951614260674 96.89589930325747 299.3591070100665 1.08111372590065 0 0 0.3389836326241493 0 0 1.755109645426273 3.449210345745087 15.58627317845821 24.92927172034979 2.796911038458347 1.262931808829308 0 1.018974140286446 0 0
4.867503926157951 10.86326913535595 34.51941200345755 1.172639191150665 25.81779608875513 45.04981369525194 13.08746691048145 75.25725977867842 1.189829483628273 40.10681162029505 5961.540602117777 18.01983363926411 276.7401821762323 82.8874373883009 1.076538354158401 0.3178136348724365 398.6021550893784 631.9749718159437 3112.967819668353 11.28796245902777 13.4958131685853 3.36745497584343 35.86218007653952 4.305651463568211 256.6079070344567 4949.022629208863 153.9501908048987 10.43943427503109 122.8317626789212 12.54049057513475 93.25475772470236 82.47477236390114 4.495557300746441 1871.085881054401 3.801184706389904 560.3872696086764 876.7137905061245 1621.011942513287 575.1041933521628 26.50032367184758 20.72075092047453 49.65946248173714 3.668092206120491 0 0.2162252813577652 0.29328403621912 0 0 0 0.1872415095567703 0.1087087616324425 0 0 11.76521058380604 0.3287195116281509 18.10742889344692 0.2764038592576981 0 0 0 3.997322127223015 1.329096734523773 0.1586413979530334 0 0 0 0.9815957173705101 1.53970929980278 18.70215735584497 33.98072519898415 0.8873239830136299 0 0 6.650782220065594 0 0 0.5028936117887497 4.875460207462311 18.06228280067444 31.63222625851631 0.9903157949447632 0.8415139093995094 0 0 2.677614003419876 0.1584566384553909
24.74395883828402 3.20709639787674 154.3542777970433 0.8766726925969124 13.14034348726273 39.38794102519751 51.94897819310427 83.29050241410732 0.1908874362707138 47.63684359937906 1021.53294031322 17.67677488923073 25.49169950187206 123.6597530096769 0.52671118080616 1.007038213312626 5706.306583799422 3112.967819668353 3577.605381198227 14.26021275669336 124.1349260136485 3.725073620676994 424.0614901632071 3.133842930197716 6.310248129069805 9030.02871517837 254.8499637320638 25.13492787629366 187.8502303436399 138.2350490391254 6.305398851633072 54.49329769611359 17.13846811652184 3870.410772003233 6.122277975082397 988.3975396752357 1879.496792368591 2094.78238222003 651.6019654273987 32.70315869897604 22.58520786464214 15.72295486927032 4.763851806521416 0 6.947761110961437 5.194881558418274 0.163716122508049 0 0 0.2444616854190826 0 0.1397339701652527 0.07542280107736588 0.7175764068961143 0.1918701678514481 2.5733632594347 0.1060770452022552 0 0.7861039042472839 0.5663852989673615 1.388384073972702 3.584634810686111 0 0.09675952792167664 0.3100151568651199 0.1249859035015106 0.2795567587018013 3.770683094859123 105.5426476821303 202.4933446273208 0.1770475506782532 0 0.1067632585763931 3.904130756855011 0 0 0.7127389907836914 3.788640439510345 26.2200979590416 32.40833590179682 4.577057957649231 0.4235289841890335 0.414372980594635 0 0.3261299133300781 0.3397794961929321
2.804716147482395 0.4862876161932945 0.4540272727608681 3183.97535173595 6.568324416875839 606.073787458241 101.8570606410503 269.3559601604939 625.0766565054655 3280.38555868715 22.65455465763807 4447.740291424096 7.346060879528522 224.9058354273438 206.3751678988338 0 2.290695428848267 11.28796245902777 14.26021275669336 780.9491469040513 0.07985861599445343 1.400721907615662 0.2796667218208313 685.224571056664 0.4354999884963036 24.10408334434032 3.517768815159798 2777.612305648625 258.9096403047442 1.714646399021149 0.6584148705005646 19.08402705937624 0.3179941624403 118.3944498747587 2.344900280237198 347.3112864941359 7.52310736477375 242.4586298838258 34.25496834516525 890.3678386881948 44.33121908456087 2.130139969289303 5.224468715488911 0.5310728475451469 0.09722623229026794 0 144.4199207723141 0.3111076056957245 3.423204503953457 70.87217298895121 4.092314638197422 21.03583599627018 104.6952374875546 0.1458030045032501 50.77375116199255 0 2.589755930006504 11.79116380214691 2.144892118871212 0.09005752950906754 0 0 92.71053048968315 0 0.2724075615406036 0.5839162915945053 233.9462448582053 0.1519913673400879 0.1015417128801346 0.2474126517772675 248.790939219296 5.46260592341423 3.004127182066441 0 0.6285442560911179 0.938167467713356 3.274463757872581 0.8195003792643547 174.617239497602 0.3729266300797462 5.579403884708881 0.897651694715023 125.6285983398557 0.5508603602647781 3.088670238852501 0.1485859006643295
16.41980903595686 78.19325798749924 616.7590899392962 0.8610360249876976 0.2219205126166344 1.127096220850945 334.4823719784617 14.45323701947927 10.92651258409023 3.622837752103806 27.33348874002695 0 13.49267801642418 23.17594241350889 0.2160426676273346 4696.287500858307 1767.350211046636 13.4958131685853 124.1349260136485 0.07985861599445343 10278.25071112812 189.2505726218224 12958.73897985369 323.9914896041155 9.731253318488598 240.6907535269856 541.3673860505223 6538.062110684812 96.4969073459506 10472.41735256463 0.3547876104712486 1.190478719770908 24.01870898157358 4499.166833549738 225.0771772265434 7422.262656375766 432.1701971814036 4172.448718033731 1685.551680184901 265.8912032470107 16.40946011245251 10.35934083163738 23.76328454911709 6.763184815645218 2.006840065121651 11.30733588337898 0.9836792051792145 0 0 14.55219310522079 0.9086945280432701 20.50695510953665 0.1409677565097809 0.5971439257264137 0 0 7.301113434135914 0 426.6102983504534 1.789009548723698 0.09604151546955109 0.4182316437363625 0 120.041245251894 111.3975631892681 118.5317484885454 195.9416922405362 0.127938836812973 3.554231509566307 50.97272685915232 226.6081899628043 30.21703159809113 62.77591031044722 0 0 2.072250992059708 3.387523658573627 25.23790021240711 70.28152486681938 6.006887964904308 10.641889937222 6.503770761191845 6.129866480827332 5.778023980557919 20.82082903385162 1.880089774727821
2.504658162593842 2960.354576483369 34.560362868011 1.408847346901894 0.2890685945749283 0.08872103691101074 2.282964892685413 2.165437236428261 1286.147672727704 1.936999574303627 89.2694498077035 24.73962652683258 238.5370967537165 13.27890990674496 31.61514081805944 3821.702837526798 4.866429813206196 3.36745497584343 3.725073620676994 1.400721907615662 189.2505726218224 1512.888489931822 378.6056430712342 6330.769251823425 592.9310853555799 230.7044353112578 3783.534488067031 333.7343515306711 15.19109860807657 6.40851641446352 20.43218944966793 0 3.623363986611366 8.589451409876347 1.260857775807381 42.64145745337009 18.05329359322786 12.46157487481833 4.108535900712013 38.84852513670921 1.9398193359375 22.82870216667652 0 3.804430536925793 18.58375999331474 42.59162943065166 18.13333248347044 0 0 5.054727956652641 0.2337208017706871 20.57956241071224 0.4027301669120789 2.813909590244293 0 7.906455688178539 1.807113088667393 0 763.9879394471645 2.439955100417137 3.26199746131897 6.153723426163197 0 84.51085967570543 142.7804204523563 412.506392724812 141.9993282929063 14.01207441836596 123.1526640728116 1086.84874664247 138.4732703864574 10.5372553691268 19.90511679649353 7.822145573794842 0.09702929854393005 0.7254911810159683 4.391180612146854 0.206129401922226 27.25568521767855 20.42768753319979 10.5671069920063 3.225756540894508 1.871094733476639 0 1.961225561797619 0
21.44310414046049 128.9300052672625 9142.103089280427 2.862031228840351 0.2323144897818565 7.866052895784378 515.6610008254647 46.24717580527067 4.437191031873226 10.46687769144773 62.85123120248318 1.216960221529007 27.20154252648354 75.2250058427453 0.4088138192892075 3636.386623099446 6853.330251038074 35.86218007653952 424.0614901632071 0.2796667218208313 12958.73897985369 378.6056430712342 14880.45631811023 735.179173566401 9.263670049607754 1730.977524593472 6937.363202579319 5614.178912550211 63.93096722662449 1766.627293013036 1.375587925314903 1.551923602819443 13.48144950717688 4552.661695562303 291.577452622354 13200.66156217456 3830.138803437352 6585.849664181471 4444.168706841767 637.6033579409122 15.46422638744116 24.28960234671831 37.65939540416002 1.169085495173931 5.515576645731926 126.8583073318005 0.4982304871082306 0 0 4.430311679840088 0.4239829406142235 3.952825143933296 0.3391093313694 2.852174445986748 0 0.1718630939722061 1.656554684042931 0.1150552332401276 1124.927961595356 2.94833804666996 0.1514260768890381 0.641832247376442 1.025713801383972 58.38274789601564 147.2076576277614 1262.003133065999 48.40237304568291 0.1079485490918159 9.567854374647141 892.8834839984775 77.72431420534849 5.744956538081169 16.41424618661404 0.07934553176164627 0 0.1224251911044121 2.227232947945595 67.77769930660725 212.0934163630009 27.09502176940441 21.16374000906944 28.12026131898165 1.790020897984505 5.603547438979149 13.78888991475105 4.510460272431374
56.88136298954487 1302.304357409477 72.18853895366192 1320.164377816021 12.84830404073 23.94580533355474 808.2495939657092 78.51749949157238 9200.245308920741 486.8223626986146 57.80439100414515 592.2319015860558 133.6089321896434 173.3233947753906 1013.096384093165 1734.886658065021 8.542138837277889 4.305651463568211 3.133842930197716 685.224571056664 323.9914896041155 6330.769251823425 735.179173566401 11619.42839992791 316.2779194414616 58.06830401718616 1646.007722102106 10119.16018608212 367.1530565917492 73.46846071630716 13.94825288653374 9.052163049578667 32.23400797694921 198.2754041850567 46.88748943060637 1929.087523430586 98.37238921970129 471.6963971406221 152.2038214206696 794.7635043933988 85.52876099944115 9.832455925643444 27.7138262912631 28.86771871894598 9.74510496109724 44.30697533488274 377.4977979212999 0.4409242570400238 9.558466427028179 633.4451713338494 24.99652867019176 1239.510750360787 123.0592199712992 3.21642380207777 39.10685240477324 1.20627100020647 54.58566810935736 10.27615563571453 731.3223128989339 5.380997844040394 1.521389544010162 1.232996895909309 112.987231887877 200.2898913398385 322.0681794434786 239.5002901554108 3996.884701520205 0.8337944149971008 9.370407953858376 199.1558448970318 3796.169840037823 136.9650614336133 232.8765830844641 0.8374892324209213 2.40852302312851 8.777370139956474 43.36127845197916 22.93317218869925 359.9239291250706 13.56220579892397 143.8316185325384 35.67508801817894 249.0387519448996 11.90160112828016 12.43013144284487 7.966293185949326
0.1019312366843224 1854.400065809488 1.282033979892731 0.1302749961614609 2.785690143704414 1.745312370359898 0.8926907852292061 3.041689917445183 137.1339536234736 1.140474617481232 1883.719691850245 2.395221590995789 6476.684978663921 2.734578736126423 4.279696486890316 102.9504539892077 1.579640597105026 256.6079070344567 6.310248129069805 0.4354999884963036 9.731253318488598 592.9310853555799 9.263670049607754 316.2779194414616 665.305173099041 925.7040587440133 8794.161044195294 16.87339237332344 4.369407124817371 0.2369552925229073 420.2726988792419 4.709542356431484 0 129.96237590909 0.4463206380605698 23.71428877860308 182.8746954649687 226.2361902743578 46.93569790571928 3.703277885913849 7.965529464185238 303.3283483460546 2.65449832379818 0 13.07955170422792 0.1141729801893234 1.340961143374443 0 0 0 0 0.1181586384773254 0.0921253114938736 70.70636384189129 0 79.232975281775 0.1078834235668182 0 0.4596055895090103 0.2598316892981529 4.664471834897995 1.013125464320183 0 0.4398669898509979 0.1318664848804474 0.3803163096308708 2.167947806417942 5.81711645424366 37.33046425879002 92.5130078047514 0.3174767196178436 0 0.1037652790546417 14.95329696685076 0 0 1.393232688307762 0 4.356448784470558 154.1559561043978 30.01772601157427 3.09628976136446 0.1877705007791519 0 46.41535721719265 0
78.61885757744312 621.1410488858819 8080.611087933183 3.19177658110857 29.00822146236897 67.22662708908319 344.8145960792899 208.0431853309274 16.79945980012417 88.91804666817188 3908.437181726098 31.32539169490337 1445.434157185256 298.026962697506 3.00471119582653 13.55900959670544 5101.679408527911 4949.022629208863 9030.02871517837 24.10408334434032 240.6907535269856 230.7044353112578 1730.977524593472 58.06830401718616 925.7040587440133 25523.63810105249 7281.341449104249 235.8641777411103 378.8166168630123 341.1113092675805 1289.793812714517 89.43659718334675 39.31557650119066 3640.262289777398 38.01845310628414 5206.089825749397 9470.96526478976 6795.994699634612 2612.99905218184 115.6435251496732 58.41684097796679 195.8553696125746 17.83455045521259 0.4200033992528915 300.4470590278506 138.9326768815517 0.3318389430642128 0 0.2324624434113503 2.454715773463249 0.8331686183810234 2.4957095682621 0.2117742449045181 159.3230459913611 1.019299127161503 437.0778857767582 1.23796609044075 0 2.414573349058628 19.74563910067081 97.17019236832857 82.74774201214314 0.09013598412275314 1.161960117518902 11.6783189997077 3.230959564447403 5.723958261311054 115.7110353633761 1623.082317918539 4683.018017314374 3.311778463423252 1.369724124670029 2.389351472258568 212.04717733711 0.4299178123474121 0 22.86509220302105 17.58757446706295 162.088964112103 535.3195835649967 72.09116200357676 16.12596925348043 3.099662698805332 1.685644403100014 15.96372619271278 0.6109139919281006
22.76405443251133 13800.0540266186 5242.616820335388 0.7914346978068352 4.327069900929928 11.40726962685585 86.07671449333429 45.73505216836929 182.3955220133066 17.00372233986855 470.4276036098599 7.831532821059227 4591.997004672885 68.68299944698811 5.379725150763988 4103.771638564765 1377.524179257452 153.9501908048987 254.8499637320638 3.517768815159798 541.3673860505223 3783.534488067031 6937.363202579319 1646.007722102106 8794.161044195294 7281.341449104249 38357.31651602685 1497.455151118338 115.3977575823665 120.6392756402493 1394.420903101563 18.97809963673353 16.5983654037118 1619.320496767759 75.18288867920637 6309.168277151883 7481.629523456097 3618.892210260034 1951.025664910674 255.058174572885 18.22359784692526 78.26569312810898 14.4316071793437 0.1051307767629623 2029.455484189093 2252.454877540469 1.975693292915821 0 0.0722634568810463 12.98254063725471 0.8743487671017647 5.180183045566082 0.8879932165145874 147.3287055641413 0.6482703611254692 351.3841988369823 3.214069522917271 0.3617411330342293 571.3364997953176 89.69612846523523 121.1371483504772 112.7379325404763 0.2184092178940773 24.01627890020609 481.6447011083364 1477.070358812809 38.97689840942621 342.9078287854791 3279.043901056051 19439.14690103382 62.41822818666697 3.327161692082882 7.506284594535828 249.2564814835787 0.6938911601901054 0.247671440243721 66.91329143941402 36.03324860334396 391.2562782168388 1089.948474988341 239.1132069826126 96.79702334105968 5.686033688485622 3.4207524061203 16.36235944926739 3.747243836522102
171.0928176790476 111.138861335814 1118.426561363041 3450.286319062114 9.098723769187927 452.2351510003209 13780.02619948983 389.7031968161464 1288.77433590591 5270.663268908858 21.62317588180304 2489.975994631648 20.44862570613623 660.6204248294234 41.54012463241816 1870.949524015188 199.501341201365 10.43943427503109 25.13492787629366 2777.612305648625 6538.062110684812 333.7343515306711 5614.178912550211 10119.16018608212 16.87339237332344 235.8641777411103 1497.455151118338 24367.38371539116 1586.225117303431 3767.226108767092 1.602565862238407 28.5998854637146 228.9224568456411 1148.494437679648 289.5777509436011 7257.331824749708 341.2448278367519 1973.663209080696 853.9476901143789 902.5491981059313 188.8576434478164 13.31973362714052 82.39028510451317 23.23906587064266 4.294516175985336 35.71527670323849 230.8085507228971 1.476722732186317 9.970466420054436 498.4281522855163 18.82597170770168 418.7944013476372 150.9968577995896 5.506511978805065 38.26678203046322 1.171720311045647 45.14827737957239 13.96819255501032 446.9979392886162 5.737570613622665 0.3496745824813843 1.593701355159283 135.9033890515566 152.2168993875384 164.585307456553 168.6216585040092 2183.502274021506 0 4.921033881604671 162.9405076429248 2443.405300289392 119.7497428357601 236.993653267622 0.4478211104869843 0.988934114575386 5.478375352919102 33.06613074988127 34.08649679273367 373.3476025238633 14.70325925201178 94.74275760352612 25.98670695722103 219.7062059044838 10.15373239666224 25.61586308479309 7.373477779328823
