2191.420340523124 0 166.8183289766312 5.914308115839958 3.785362012684345 81.67128790915012 2015.155423521996 1779.273853488266 2.438060998916626 36.45492615550756 4.690189816057682 6.777660951018333 1.284230701625347 6315.883472725749 1.178560942411423 0.1885482668876648 50.34753995388746 2.417272239923477 3.690203085541725 9.474872723221779 59.70968873053789 0.2288393750786781 222.7335421666503 53.4196463227272 0 19.40672022104263 33.80020274966955 129.7081230208278 4482.664860062301 2686.102260261774 0 13.41819316893816 14.57663730531931 153.1914960294962 2.219876267015934 75.43637747317553 13.92696058005095 90.55462603271008 22.10807154327631 10.61470816284418 6.818071886897087 0.239783301949501 1.582657516002655 0.443329706788063 0 0.4726077392697334 0 0 0 13.77866782993078 0.27456234395504 0.54105144739151 0.6784434020519257 0 0.4517349898815155 0 0.5162622183561325 0 2.824350573122501 0.2436480224132538 0 0 0.4556939452886581 0.5560882687568665 0.1821174770593643 0.3209449201822281 10.428601577878 0 0.386926956474781 1.397367246448994 26.5170638486743 1.172928564250469 6.820984415709972 0 0 0 0.2040062695741653 0 4.011449225246906 0 0.672882042825222 0.6492877006530762 3.995811700820923 0 0.09850547462701797 0
0 124.5421391278505 207.4754219055176 0.3031764924526215 0.1061679422855377 0.09009479731321335 6.645630493760109 1.341958284378052 568.9411977007985 0 244.9604731202126 7.760759405791759 650.9095309227705 0.08795344829559326 10.05127135664225 118.7082737386227 748.483519487083 1.638098083436489 13.71928807348013 0 6.093082129955292 2523.015959501266 22.12564418464899 509.9304602220654 1564.703800030053 79.4445593431592 3894.392108760774 23.0639262124896 3.48552044481039 2.54655022919178 12.03237493336201 0.14739128947258 0.4008241891860962 130.6051626428962 3.362964853644371 480.3569690287113 81.01925253123045 492.3213189393282 78.60112401843071 40.67112339287996 0 134.2924022600055 1.498740673065186 0 325.7771760225296 134.6221634075046 0 0 0 1.31352623552084 0.130564883351326 0.7454091906547546 0.09984303265810013 4.687088191509247 0.1149160712957382 32.27578084915876 0.645176388323307 0 6.267546758055687 6.145783118903637 0.3846107125282288 4.282291084527969 0 2.356522500514984 59.22525707632303 16.14777579903603 3.835134096443653 25.32650922238827 99.67525884509087 1775.276182986796 2.391482546925545 0.1405015140771866 0.7087189331650734 3.981115020811558 0 0.09614128619432449 1.145675770938396 0.4517488479614258 14.19768213480711 32.51402957737446 7.179462045431137 2.867545396089554 0.4320397526025772 0 2.094239220023155 0
166.8183289766312 207.4754219055176 4928.585567824543 9.888098433613777 2.284979179501534 129.8730728402734 246.051402322948 654.3104424253106 1.547813110053539 16.74954261630774 22.67598819732666 3.16631705313921 7.984312064945698 516.2571066766977 1.009541787207127 13.7847114354372 6397.25754006952 23.54300109297037 107.7863026857376 2.490707658231258 298.5554767996073 5.530834555625916 6564.004470437765 44.74653969705105 0.4713796377182007 5448.388950623572 12442.73097024858 233.3720002621412 578.5191567540169 507.0475063323975 0.8606488704681396 7.938333489000797 17.70522599667311 621.4942964687943 12.34178866446018 1465.357243523002 7671.425063058734 1813.2840789482 299.2718091309071 54.91792587935925 12.13295877724886 29.15077109634876 7.589527823030949 0.4908888563513756 199.7211123555899 772.5061571747065 0 0 0.3659983202815056 16.79294037818909 3.937338389456272 2.012786559760571 2.59491702914238 0 0.2584083080291748 0.2855982929468155 2.404654741287231 0 17.83332532644272 13.48849008977413 0.4690253734588623 1.747948065400124 0.6988407671451569 3.75309581309557 95.82231578230858 143.2978997528553 14.48343705385923 4.886115945875645 99.95142579078674 2615.428826838732 25.18790440261364 3.633529104292393 12.32872443646193 0.4289158135652542 0 0.8816876709461212 3.50223346799612 4.68038122355938 54.39591453969479 264.8959361240268 26.76945839077234 17.64909983426332 3.092359110713005 0 1.106605276465416 0.1294045746326447
5.914308115839958 0.3031764924526215 9.888098433613777 4944.083258420229 1.619302250444889 203.2992923259735 144.0408606752753 17.08924162387848 1981.164024733007 2313.000973567367 0.4088732376694679 703.1360689103603 2.869826555252075 21.37861151993275 98.80129993706942 4.823277980089188 1.045214332640171 0.08217958360910416 0 6431.230679772794 6.760561041533947 1.452827006578445 14.4417145177722 3312.296684607863 2.559855222702026 1.186387725174427 32.46012495458126 5868.01399833709 120.5396268367767 5.046370841562748 0 1.53396887332201 5.538403354585171 44.60642433166504 7.026783794164658 482.0534950271249 9.007380709052086 68.69967632740736 54.88777346909046 153.067446641624 14.69727705419064 0 7.811008170247078 0.1554427742958069 0.5384741276502609 0.6316244900226593 220.7501321956515 0.2242006808519363 9.099164746701717 151.6553096547723 1.185137838125229 97.66308103501797 327.342548109591 0.2062922418117523 147.8273410797119 0 3.727657295763493 30.17220436036587 1.136534832417965 0 0 0 158.572427496314 0.9272238612174988 1.350606888532639 0.8552922755479813 294.7996621578932 0 0.4552287682890892 0.9147452116012573 260.6088101416826 1.062973573803902 4.721734039485455 0.2062941044569016 0.1570727378129959 0.1287052929401398 0.5768504589796066 2.514164417982101 30.85897669196129 0.4062758684158325 6.039833799004555 2.051015183329582 79.12673607468605 1.289948582649231 0 0.4484756886959076
3.785362012684345 0.1061679422855377 2.284979179501534 1.619302250444889 4.353173732757568 580.0785213261843 14.02550391107798 34.20344322919846 8.569615915417671 16.40035934746265 171.9813001528382 71.58830223977566 48.07566534727812 176.7842676565051 518.1785137951374 0 1.558567188680172 20.41762489825487 13.49161597341299 14.05956669896841 0.6851551830768585 0 2.323871575295925 15.67774406075478 0.7763623595237732 40.08690597862005 4.161705896258354 8.890642955899239 327.610130161047 7.984773345291615 1.783476330339909 73.44969169050455 1.777035892009735 854.3367311805487 0.1739874184131622 131.0051932260394 79.34418348222971 595.3062149807811 211.3616799116135 1336.315402776003 194.0339709073305 17.39444030076265 15.79583140462637 0 0 0 0 0 0 2.502209827303886 0.196857824921608 0 0.4434366226196289 0.1620221138000488 0 0.1964390575885773 0 0.5725993514060974 0 0 0 0 0.2828996777534485 0 0 0 1.140419714152813 0 0.09090141952037811 0.2284355983138084 2.508377693593502 0 0.7238348200917244 0.1281897276639938 0.3108880817890167 0 0.7662119269371033 0 3.524209335446358 0.2601014077663422 1.161851614713669 2.415445297956467 0.9208446890115738 0.176199346780777 1.530752301216125 0
81.67128790915012 0.09009479731321335 129.8730728402734 203.2992923259735 580.0785213261843 12840.07273581624 2980.812266342342 5927.752548195422 92.25897605717182 5574.67503901571 102.1924820020795 5112.036882609129 34.11098321527243 1059.850065216422 1814.161232888699 0.4410910829901695 15.72024953365326 20.81615687906742 21.72330000251532 1036.547328159213 61.28415615856647 1.404155135154724 138.1996012330055 382.8992494568229 0.8630754873156548 64.40731017291546 62.07917677611113 548.20435346663 498.8688489571214 248.5326100885868 3.705863483250141 127.2351272553205 3.525352738797665 570.0258084237576 6.04230535030365 794.2444661408663 85.61441679298878 929.2624957188964 400.3931723833084 3004.15565110743 183.302356466651 15.66583005338907 26.15282515436411 1.332510992884636 0.277852788567543 2.277901999652386 17.0535843372345 0 2.665327951312065 154.6057216078043 2.537329003214836 24.93291962146759 56.497175373137 0.5573154985904694 36.21063251793385 3.090832903981209 0.9063525795936584 7.437855578958988 1.109858363866806 0.6027740240097046 0.169736310839653 0.1229316294193268 42.1587997302413 1.78985670208931 0.800994485616684 2.700767450034618 94.38724485784769 0 0.6094598174095154 5.844657480716705 118.5117581933737 5.594660468399525 12.98917773365974 0.2168816179037094 0 0.1598345339298248 0 0 52.1795400083065 1.164110854268074 8.456692449748516 2.08594337105751 48.95541851222515 0.7270824313163757 2.41981765627861 0
2015.155423521996 6.645630493760109 246.051402322948 144.0408606752753 14.02550391107798 2980.812266342342 25493.58379145712 3573.830931872129 258.2951610311866 10203.28652478009 12.66961511224508 169.4772991910577 5.641806960105896 5829.413771763444 37.10114363580942 21.2717594280839 16.83848007768393 3.733029186725616 4.666150063276291 507.2334620431066 603.1993881687522 2.614578567445278 586.518930748105 1274.568411812186 0.1783540621399879 20.20933187007904 555.095205783844 15943.92797625065 1758.810588307679 5594.600635744631 0.262786939740181 28.10829056799412 61.15344472229481 557.3242707997561 80.31354290246964 2708.301241420209 115.7356774136424 879.6666648387909 502.5400641039014 503.9448706880212 141.1657508537173 1.698239006102085 54.18536644428968 4.704684168100357 1.068286493420601 6.322173602879047 34.44615090638399 0.5226338803768158 6.153474397957325 383.7605937570333 10.58739341050386 51.16246771812439 118.9716752842069 0.2865206301212311 49.58440747112036 5.522418938577175 4.694950394332409 6.130948156118393 14.11122017353773 0.113213874399662 0.3191967904567719 0.1225601583719254 57.84748242050409 3.15168908983469 4.815478123724461 14.69280925393105 252.8137805238366 0.1164882555603981 1.712156571447849 21.23883902281523 427.4644909128547 16.04379346966743 78.1387892588973 0 0.4791897237300873 1.011550858616829 6.212773725390434 8.26854182779789 105.6976094767451 2.566382348537445 37.09001907706261 13.37706096470356 67.23042163252831 6.943492725491524 3.041058719158173 1.258124008774757
1779.273853488266 1.341958284378052 654.3104424253106 17.08924162387848 34.20344322919846 5927.752548195422 3573.830931872129 13160.23738435656 19.20400020480156 1350.676990993321 128.4569184854627 758.2299836799502 37.78955078870058 7962.727075658739 69.70672227442265 1.599170282483101 112.9512644261122 32.58799616247416 29.10269363224506 283.8857982382178 200.7837277427316 1.258747197687626 734.6324305534363 146.1048552244902 1.277352772653103 125.5022201985121 182.1249607056379 340.9297588020563 1649.807741366327 1638.653102040291 2.461916103959084 216.0129851326346 4.810182385146618 493.0751591622829 9.404484815895557 680.7607100754976 139.0542634129524 707.9917250946164 428.1347586214542 864.929665312171 107.9982232153416 18.11623736470938 28.34162431955338 0.2760447785258293 0.9192713424563408 3.217892862856388 4.860856413841248 0 1.792785495519638 57.47056290507317 1.515247449278831 5.454873085021973 6.650936357676983 1.142073914408684 4.052541732788086 0.8689573779702187 0.2206284403800964 1.385208055377007 2.442970499396324 0.4125853776931763 0 0.1475071460008621 3.406447395682335 0.2741178199648857 1.613952919840813 4.04003518819809 37.43203164637089 0 1.442759953439236 11.94682213664055 65.40116327255964 3.636443004012108 12.59525571763515 0.2014342844486237 0 0.5212233066558838 0.3303844630718231 0.2326799035072327 16.58058059960604 1.282273061573505 7.495788969099522 3.28198316693306 9.696915403008461 0.1959079653024673 1.163793221116066 0.3477383553981781
2.438060998916626 568.9411977007985 1.547813110053539 1981.164024733007 8.569615915417671 92.25897605717182 258.2951610311866 19.20400020480156 477.3824403360486 220.6266085207462 18.22181481122971 367.7700360193849 41.94322832673788 5.677728481590748 794.8588573634624 122.4763915166259 0.08425697684288025 0.3308174759149551 0.2816835343837738 1068.792943842709 45.70923824608326 2975.684562876821 33.24573784321547 7125.310078188777 140.8156516626477 2.39562676101923 577.3797523826361 1259.351023569703 9.910959631204605 15.04400943219662 2.723554663360119 0.9012014046311378 0.2533278465270996 7.369964323937893 0.8874204158782959 58.23956448584795 3.516168430447578 20.32738749682903 6.77089985460043 762.9046188518405 6.063391476869583 2.882774382829666 0 8.854601003229618 6.49292416870594 3.665511146187782 164.3847935274243 0 8.537588953971863 420.2964995205402 5.183721765875816 102.3652097731829 281.2381412163377 1.22184956073761 140.5454142838717 6.441948905587196 8.680148310959339 33.47412916272879 532.7464832961559 0.3612699508666992 0.08045942336320877 0.2098784148693085 165.2334104478359 207.1398529410362 76.11910817027092 58.26913851499557 1446.975583136082 0.8247729018330574 3.332705795764923 17.7607604265213 1207.563944816589 27.26478049904108 121.4375335499644 0.7448605000972748 1.636817261576653 1.282452687621117 3.396585084497929 1.770048089325428 67.14640352129936 2.100071467459202 20.62903683632612 7.808804482221603 61.91575277596712 1.005077451467514 0 0.4098723232746124
36.45492615550756 0 16.74954261630774 2313.000973567367 16.40035934746265 5574.67503901571 10203.28652478009 1350.676990993321 220.6266085207462 30466.68381682783 13.45359214395285 2385.430254369974 7.066231586039066 1623.660595670342 31.37777046859264 0.4937904626131058 1.335770644247532 5.848139904439449 5.240637518465519 9462.390175513923 22.87906298786402 0.6253461092710495 30.20165432244539 506.1896963790059 0.1132061704993248 11.91907824575901 35.13262485712767 4485.18497299403 805.9880667552352 18.82342249900103 0.7294401675462723 37.26302704960108 11.62986562401056 404.5555040389299 20.52497708797455 1247.393777146935 29.03948391973972 775.9997595772147 334.9058256670833 452.7303005307913 163.3826960846782 1.879722587764263 66.55369881540537 0.2107125520706177 0.5408985018730164 0.1274369955062866 85.16484254598618 0 7.505909718573093 233.4400505721569 1.794626593589783 57.21915136277676 189.2450532838702 0.2700510174036026 85.54724792391062 0.09605274349451065 3.348772585391998 23.00448901951313 0.4332044422626495 0 0 0 112.9764701128006 1.550849892199039 0.7644125372171402 1.778632938861847 230.2848595380783 0 0.2557807564735413 1.936519235372543 272.2615451067686 3.377145275473595 10.33965042978525 0 0 0.1114198118448257 1.000660926103592 3.104611694812775 36.02209886908531 0 9.978858731687069 2.650558970868587 55.73998913913965 0.7143628001213074 0 0
4.690189816057682 244.9604731202126 22.67598819732666 0.4088732376694679 171.9813001528382 102.1924820020795 12.66961511224508 128.4569184854627 18.22181481122971 13.45359214395285 11076.06582997739 41.23064123094082 4805.699160553515 83.73094023764133 3.642833791673183 0.6266016438603401 464.5829197242856 2612.694460779428 2482.685815654695 11.11994206905365 8.458220228552818 78.40187851339579 16.24491089582443 11.77589190751314 945.484753087163 3827.77312450856 696.8252873122692 8.153513923287392 143.9200832769275 13.37336014956236 950.6013803482056 453.0538677796721 0.8725113421678543 4974.812361784279 1.98069041967392 405.7987271547318 3434.545754499733 2484.220349781215 655.79107812047 41.87405364960432 152.7461720779538 955.5003496333957 2.409559227526188 0 6.610828667879105 0.9286346659064293 0 0.1281988322734833 0.3079610019922256 3.401368379592896 1.727115482091904 0 0.8168617486953735 377.4827774912119 0.2522876262664795 2234.960214458406 0.9803238287568092 0 0.1517752259969711 1.470556400716305 2.538948461413383 2.221674025058746 0 0.118650920689106 0 0.9161075428128242 1.226150147616863 71.41549170017242 232.6018538102508 317.7986220046878 2.940104819834232 0.7681830897927284 0.4744508042931557 225.6772620752454 2.083982244133949 0.08877872675657272 27.06611336767673 4.583407536149025 13.62952484935522 593.6747616231441 38.18976952880621 4.208608888089657 0.2570386677980423 3.186525963246822 385.8885608613491 0
6.777660951018333 7.760759405791759 3.16631705313921 703.1360689103603 71.58830223977566 5112.036882609129 169.4772991910577 758.2299836799502 367.7700360193849 2385.430254369974 41.23064123094082 8418.045202292502 15.78348615765572 236.6765393167734 2192.067026734352 0.3085487633943558 1.084835797548294 12.88224766403437 11.254494830966 6110.494747392833 1.36871986836195 44.43922252953053 5.280497878789902 1288.144811011851 1.36311512440443 30.89744038879871 14.66424697637558 187.9845883399248 302.7434310615063 5.608069345355034 2.049935385584831 72.03732192516327 0.2507270276546478 403.3058212324977 2.462264284491539 987.2300566136837 36.0995758920908 717.8769045844674 129.1609784960747 2166.706124819815 116.7620825991035 8.293487034738064 17.5463707447052 1.035606324672699 0.3720250278711319 0.6164218783378601 67.09920099377632 0 10.16586816310883 155.9785856679082 2.467829428613186 32.41476936638355 218.2946519330144 0 137.048817127943 1.135675519704819 0.9872613698244095 47.5415982156992 0.3965868726372719 0 0 0 107.1673071235418 0.5429831594228745 1.424306660890579 0.8020478039979935 164.162786796689 0 0.2330732792615891 0.4200721234083176 153.4762959703803 1.133356586098671 7.592399030923843 0 0 0 2.04342257976532 1.811492383480072 97.02187339961529 0.2232040390372276 9.308504350483418 3.189735695719719 153.0765393823385 1.729633703827858 2.392618715763092 0
1.284230701625347 650.9095309227705 7.984312064945698 2.869826555252075 48.07566534727812 34.11098321527243 5.641806960105896 37.78955078870058 41.94322832673788 7.066231586039066 4805.699160553515 15.78348615765572 5144.515967421234 16.7744287699461 24.16938824206591 19.77981667220592 3.771219484508038 15.54139665514231 15.58196496218443 11.3168726041913 14.11317064613104 167.9083786979318 13.62324381619692 33.58266288042068 4608.209623642266 545.5386590361595 5471.088760212064 23.7776542827487 12.60323460400105 14.38669581711292 1921.348644733429 64.81960572302341 0 457.677376486361 3.343359470367432 1733.710838794708 4359.722724929452 2160.332331091166 263.0612140148878 172.6837431788445 204.1233525425196 504.6964775472879 2.820702254772186 0 63.26351076364517 0.9891896322369576 0 1.100452810525894 0.5911950021982193 0.350727342069149 2.329478725790977 0.4656747430562973 1.008889481425285 728.8178191334009 3.005649328231812 4563.913676001132 1.999208860099316 0 0.1681751161813736 1.961021892726421 3.431331977248192 10.45710717886686 0 0 0.4605159014463425 0.2086821049451828 0 291.9437808841467 421.0988811179996 719.0359882265329 4.131965026259422 1.266762837767601 1.21820068359375 333.4194841012359 2.873014405369759 1.190653681755066 45.13006512075663 4.409299850463867 337.5113137960434 1022.498702220619 117.1719962656498 65.34451122581959 12.09084698557854 9.573757812380791 780.7754400297999 0
6315.883472725749 0.08795344829559326 516.2571066766977 21.37861151993275 176.7842676565051 1059.850065216422 5829.413771763444 7962.727075658739 5.677728481590748 1623.660595670342 83.73094023764133 236.6765393167734 16.7744287699461 12746.79658657312 5.398930780589581 0.1142676845192909 123.9389304146171 18.77644465118647 22.24229851365089 173.7822070866823 167.3927877768874 0.2669491320848465 651.3746561184525 93.41311018168926 0.790207177400589 85.93046046793461 109.9064603149891 381.1262095198035 9233.395811147988 2389.796664059162 2.541111752390862 637.1327538862824 7.64732651412487 611.0436648875475 5.151980929076672 200.4686450585723 78.26151744276285 377.3282587304711 134.5780038610101 89.76642425358295 45.65678595751524 6.667418949306011 4.835932143032551 0.1279563158750534 0.1213160306215286 0.9400392174720764 1.165652960538864 0 0.5021345615386963 28.61945690959692 0.7175616398453712 2.071053676307201 5.180093623697758 0.3160335719585419 1.497569695115089 0.1222697868943214 0.7058269679546356 1.030520677566528 2.49383919686079 0.7588950395584106 0 0 1.274112910032272 0.9189139157533646 0.8337500244379044 0.9894268289208412 22.14777230471373 0 1.050328828394413 7.791350364685059 39.61660267412663 3.093160025775433 13.06235109269619 0.07911646366119385 0 0 0.5618233680725098 0 9.345167137682438 0.6784714460372925 3.962957017123699 1.758313089609146 4.580246657133102 0 0.4483272880315781 0
1.178560942411423 10.05127135664225 1.009541787207127 98.80129993706942 518.1785137951374 1814.161232888699 37.10114363580942 69.70672227442265 794.8588573634624 31.37777046859264 3.642833791673183 2192.067026734352 24.16938824206591 5.398930780589581 459.34605653584 1.20542873442173 0.1010617837309837 0.6338237524032593 0 193.9839774668217 0 64.56335298717022 1.678906947374344 1027.436282664537 3.021249957382679 0.4341957792639732 9.892608672380447 69.72135804593563 8.838510997593403 2.636781737208366 0.1126152947545052 115.4742590636015 2.001136779785156 8.425611533224583 1.38813841342926 357.3056214898825 15.13322813808918 43.47099460661411 9.935460351407528 2148.682589665055 5.769827947020531 9.938802257180214 1.407895863056183 0 0 0 6.652098670601845 0 0 15.96045477688313 0.1137282401323318 2.077618613839149 17.16846977174282 0 19.69063781201839 0 0 9.333928972482681 0.2358212769031525 0 0 0 13.84822617471218 0.4389196261763573 0.4049918353557587 0 14.79759166389704 0 0 0.08427681028842926 18.17043251544237 0.1100216209888458 2.057180427014828 0 0 0 0 0 32.78130768239498 0.09367719292640686 0.9159327149391174 4.318591892719269 38.64206697046757 0 5.190714150667191 0
0.1885482668876648 118.7082737386227 13.7847114354372 4.823277980089188 0 0.4410910829901695 21.2717594280839 1.599170282483101 122.4763915166259 0.4937904626131058 0.6266016438603401 0.3085487633943558 19.77981667220592 0.1142676845192909 1.20542873442173 3963.008937269449 17.70930090546608 0.4767152369022369 1.547071367502213 0.6144586056470871 2373.157105274498 2175.076403267682 3242.963387943804 2462.510950773954 6.490281440317631 3.567812830209732 2851.067863620818 2119.719165824354 2.282892227172852 38.38061319291592 0.3018061369657516 0 0.3832732439041138 123.0668042898178 20.05454304814339 1494.934809140861 647.7291034683585 450.896227940917 372.6312316656113 89.09997452050447 3.277117140591145 8.565245017409325 14.05460172891617 5.107674643397331 4.948524206876755 8.970896936953068 0 0.3419110178947449 0.8536238148808479 36.32656592875719 7.400691658258438 34.29138997197151 1.623499237000942 1.78767778724432 0.70250204205513 1.150464817881584 3.958312980830669 0 3293.642351150513 1.154767155647278 0.1973848938941956 0.5166439414024353 0 1094.406221166253 813.7191617563367 1724.101548030972 230.4619231894612 0 1.011319637298584 583.0156679302454 557.6521520093083 17.37365518510342 242.0824863687158 0.07276158034801483 0.08564185351133347 2.411081790924072 2.559452958405018 5.085241198539734 233.7544612213969 10.27889738976955 16.64066236466169 19.03090832382441 13.99581477791071 0.4633772075176239 7.684919357299805 1.020409464836121
50.34753995388746 748.483519487083 6397.25754006952 1.045214332640171 1.558567188680172 15.72024953365326 16.83848007768393 112.9512644261122 0.08425697684288025 1.335770644247532 464.5829197242856 1.084835797548294 3.771219484508038 123.9389304146171 0.1010617837309837 17.70930090546608 2022.630205526948 278.5563175901771 4911.192733637989 0.4639232829213142 873.0853360667825 3.394163988530636 5083.099228344858 14.4307998418808 0.4205046445131302 3537.406328566372 6160.143000289798 31.48649547994137 473.679412856698 1546.034867674112 1.252783469855785 4.599706970155239 85.59200938791037 3250.803966134787 4.037418358027935 276.4981396272779 1352.939595773816 1604.581773512065 369.4078539460897 9.953536063432693 4.350577391684055 5.453424200415611 1.426533579826355 0 42.36985622346401 72.0425783097744 0 0 0.2690559774637222 3.463805809617043 0.5480150133371353 0.1988779306411743 0 0 0.212946817278862 0.8519795313477516 0.08109857887029648 0 1.075962990522385 4.938060246407986 0.3186346292495728 6.831684753298759 0 0.8235071450471878 5.327392101287842 5.283544525504112 1.127835661172867 3.449549868702888 87.14621410518885 328.2217722833157 3.303798899054527 0.1341731995344162 3.463960066437721 0.9767882376909256 0 0 1.278256736695766 3.152874276041985 11.33218445628881 30.42540310323238 6.044015757739544 2.485736057162285 0 0 0 0
2.417272239923477 1.638098083436489 23.54300109297037 0.08217958360910416 20.41762489825487 20.81615687906742 3.733029186725616 32.58799616247416 0.3308174759149551 5.848139904439449 2612.694460779428 12.88224766403437 15.54139665514231 18.77644465118647 0.6338237524032593 0.4767152369022369 278.5563175901771 776.0048271417618 2239.306363254786 3.683140657842159 8.771475352346897 0.4451371654868126 18.28653606772423 1.080339439213276 1.076047234237194 8918.34407979995 238.0900870114565 1.759050406515598 21.96493159979582 9.929612018167973 26.96039088070393 54.18384056538343 1.471573285758495 1080.783212423325 2.371351920068264 480.1201714798808 678.8971338644624 1203.505972310901 482.4642909541726 11.76181109249592 10.62835371494293 12.90056529641151 1.010328352451324 0 6.531309269368649 0.5464906468987465 0 0 0 0.5823178961873055 0 0 0 1.755062073469162 0 15.38283112645149 0 0 0 0.2195906117558479 0.404232993721962 3.68399752676487 0 0.3950444832444191 0 0 0.1470960453152657 1.604132667183876 33.23981162905693 62.43316071480513 0.4793513715267181 0 0 8.607192866504192 0 0 0.3672132641077042 1.103244841098785 8.948064647614956 1.082947738468647 0.6100492030382156 0.321842722594738 0 0 0 0
3.690203085541725 13.71928807348013 107.7863026857376 0 13.49161597341299 21.72330000251532 4.666150063276291 29.10269363224506 0.2816835343837738 5.240637518465519 2482.685815654695 11.254494830966 15.58196496218443 22.24229851365089 0 1.547071367502213 4911.192733637989 2239.306363254786 4346.35762694478 4.061903320252895 33.76249384880066 0.8293910697102547 74.60732942819595 2.053630836308002 2.963303700089455 5085.198144949973 795.898111499846 4.766160875558853 42.21969080716372 35.06512696295977 8.670659340918064 43.68190417438745 7.937972217798233 3892.728625766933 4.680915169417858 694.5243574753404 541.4644936546683 2631.959180019796 837.925432048738 12.71071423590183 9.913609944283962 4.618164300918579 2.199778832495213 0 44.28149826079607 2.745218232274055 0 0 0 1.491694122552872 0.09813625365495682 0 0.2786447703838348 1.454952791333199 0 5.769821509718895 0 0 0.1143785715103149 16.14206886291504 1.301113992929459 26.91551104187965 0 0 0 0.1382541060447693 0.3707379847764969 10.55884049832821 264.3487273678184 378.7453924044967 0.885547362267971 0 0 5.802321575582027 0 0 0.5015475302934647 2.739859744906425 19.16292163729668 19.13737952709198 8.836530886590481 3.541496098041534 0.3717207014560699 0 0.1720448732376099 0
9.474872723221779 0 2.490707658231258 6431.230679772794 14.05956669896841 1036.547328159213 507.2334620431066 283.8857982382178 1068.792943842709 9462.390175513923 11.11994206905365 6110.494747392833 11.3168726041913 173.7822070866823 193.9839774668217 0.6144586056470871 0.4639232829213142 3.683140657842159 4.061903320252895 2614.914270266891 1.506716787815094 0.1988737732172012 3.662931524217129 1370.046010285616 0 9.697489894926548 4.617620952427387 4448.193138003349 311.1598025709391 6.46629810333252 0.166926734149456 23.80010537058115 4.30579674243927 210.0960952416062 9.88524441421032 1131.335555307567 15.27020880579948 398.5497432723641 182.6032970324159 641.6208475083113 95.39079597592354 3.232924267649651 47.68987473845482 1.303711071610451 1.005803465843201 1.560750015079975 299.4519573152065 0 23.82328413426876 500.6369218677282 3.148525826632977 139.9412246197462 540.0861037671566 1.136270567774773 322.4128950983286 0.9715852737426758 4.709269881248474 92.00060939788818 1.15738333761692 0.1287087798118591 0 0 304.7520654425025 2.460844717919827 2.006185337901115 0.7074011266231537 538.5274778828025 0 0.49589454382658 0.8806899785995483 532.0193021893501 8.461658738553524 23.50974001735449 0 0 0.1225879564881325 2.487927973270416 4.210772901773453 165.4984541088343 1.349435538053513 19.59678208827972 3.210894078016281 284.8403018414974 4.773734390735626 4.861240968108177 0.6494903564453125
59.70968873053789 6.093082129955292 298.5554767996073 6.760561041533947 0.6851551830768585 61.28415615856647 603.1993881687522 200.7837277427316 45.70923824608326 22.87906298786402 8.458220228552818 1.36871986836195 14.11317064613104 167.3927877768874 0 2373.157105274498 873.0853360667825 8.771475352346897 33.76249384880066 1.506716787815094 17210.86992127448 99.57288457453251 12383.09087119251 279.1646798476577 4.4981534704566 41.19711454212666 355.7923508509994 5528.24155125767 128.1497168242931 8139.897181227803 0 1.558887213468552 17.37895245105028 4075.369702041149 161.8712927475572 7834.026276893914 1362.099452488124 4656.936636507511 2783.453043565154 477.2250611558557 25.00859225541353 15.82918598502874 68.59492659568787 6.85610519349575 1.883375450968742 5.340522304177284 0.4856468439102173 0 0.8066114410758018 34.55400279164314 4.355771631002426 38.79347076267004 3.403576612472534 3.926265001296997 1.161922305822372 3.336067162454128 4.471375502645969 0.1266594231128693 590.3697172179818 0.3944689333438873 0 0 0.5816308856010437 587.2488099709153 208.3206881433725 88.73522294312716 200.3572416007519 0 1.638465121388435 8.726577468216419 506.2689254656434 17.88410841673613 235.5411774516106 0 0 4.297500088810921 1.596816882491112 22.22119307518005 316.0320689529181 6.760717630386353 13.09576819837093 9.06439982354641 10.43284320831299 0.4671871066093445 3.73444128036499 1.611562460660934
0.2288393750786781 2523.015959501266 5.530834555625916 1.452827006578445 0 1.404155135154724 2.614578567445278 1.258747197687626 2975.684562876821 0.6253461092710495 78.40187851339579 44.43922252953053 167.9083786979318 0.2669491320848465 64.56335298717022 2175.076403267682 3.394163988530636 0.4451371654868126 0.8293910697102547 0.1988737732172012 99.57288457453251 2318.422206386924 216.2776698619127 7374.954979419708 613.0212120041251 6.719204068183899 3112.454073667526 158.0251270607114 1.216674871742725 2.457975931465626 4.517188429832458 0.08470655232667923 0 13.50601273030043 2.842692404985428 285.9664184376597 59.88768888264894 97.14767596870661 47.02610579878092 213.3539843261242 0.675046980381012 11.84051217883825 1.402107819914818 0.434939980506897 13.47460962831974 21.20256795734167 0 0 0.2997868657112122 11.36871595680714 3.404778115451336 12.76902832835913 0 4.007495418190956 1.512604877352715 18.99790842831135 0.6751353293657303 0 1091.029586493969 1.48376339673996 0.5244357138872147 0.1205169931054115 0 197.9622251167893 362.2300046160817 448.6799845322967 66.55575326085091 3.231589868664742 7.215035811066628 1127.067868441343 128.4602110013366 1.684718929231167 33.89980857819319 1.881047271192074 0 0 1.137808449566364 0.2337114810943604 40.76119238138199 11.51508584618568 6.08014577627182 5.951179571449757 2.083613902330399 0.3001796305179596 0.2788653671741486 0.5994623303413391
222.7335421666503 22.12564418464899 6564.004470437765 14.4417145177722 2.323871575295925 138.1996012330055 586.518930748105 734.6324305534363 33.24573784321547 30.20165432244539 16.24491089582443 5.280497878789902 13.62324381619692 651.3746561184525 1.678906947374344 3242.963387943804 5083.099228344858 18.28653606772423 74.60732942819595 3.662931524217129 12383.09087119251 216.2776698619127 14300.26061911136 713.1674225702882 0.1129629462957382 1104.136444836855 16024.94036650658 2717.789739444852 559.3526392281055 4349.687480866909 0 7.787254683673382 31.58067189157009 3082.21676979214 135.1456837952137 8345.362844914198 6311.369438506663 6105.504643023014 3519.826592288911 604.8369133174419 40.48724329471588 19.18682172894478 69.48311378061771 0.6690286695957184 10.97581884264946 41.58602172881365 0.8151665329933167 0 0.5230851173400879 31.02596607804298 1.00303316116333 10.87420469522476 2.047386258840561 1.240958243608475 1.39864045381546 1.417699947953224 1.646962717175484 0 1441.515880078077 0.5900027602910995 0.103681892156601 0.3424462974071503 1.369828298687935 425.1710875704885 244.7019536197186 838.1284754574299 62.64105266332626 0.6436727046966553 13.34895507246256 481.5805401057005 154.9066001474857 7.26159456372261 65.981156244874 0 0.2448744475841522 1.518709130585194 2.855352841317654 42.85990840941668 293.5164150670171 19.15341806411743 11.03197798132896 10.62185518443584 12.79874972999096 1.405434265732765 0.1357319504022598 0
53.4196463227272 509.9304602220654 44.74653969705105 3312.296684607863 15.67774406075478 382.8992494568229 1274.568411812186 146.1048552244902 7125.310078188777 506.1896963790059 11.77589190751314 1288.144811011851 33.58266288042068 93.41311018168926 1027.436282664537 2462.510950773954 14.4307998418808 1.080339439213276 2.053630836308002 1370.046010285616 279.1646798476577 7374.954979419708 713.1674225702882 14227.9016424194 83.65967641025782 8.421886593103409 2063.238904096186 7817.314884997904 497.9978645369411 266.1290432810783 1.150640420615673 8.832266069948673 55.11090362817049 208.9745501503348 42.04450036585331 1933.221285827458 86.48634653538465 364.2756143063307 220.9658646509051 1095.143421247602 48.71356149762869 13.9477112814784 22.34286260604858 25.05320909619331 6.718212768435478 17.2118085026741 195.9255810901523 0.9216383174061775 20.7440404817462 1085.660785108805 37.70434056967497 378.7612702995539 339.7063593640924 3.05461885035038 240.1406325027347 7.189506590366364 26.90905425697565 66.49889654666185 403.8049200326204 3.59306263923645 0.380678117275238 1.920721754431725 179.7447703406215 232.8501538559794 228.6674964055419 58.32237359136343 1958.680264413357 1.006301678717136 9.42189048230648 83.93092980235815 2829.380469545722 97.36295145004988 657.6599784567952 0.5055433735251427 1.503601543605328 9.058052256703377 14.49775170534849 12.89019887894392 344.1220913827419 8.51123383641243 98.19635286182165 30.72541195899248 246.451133094728 14.44382263720036 7.840687185525894 2.907332517206669
0 1564.703800030053 0.4713796377182007 2.559855222702026 0.7763623595237732 0.8630754873156548 0.1783540621399879 1.277352772653103 140.8156516626477 0.1132061704993248 945.484753087163 1.36311512440443 4608.209623642266 0.790207177400589 3.021249957382679 6.490281440317631 0.4205046445131302 1.076047234237194 2.963303700089455 0 4.4981534704566 613.0212120041251 0.1129629462957382 83.65967641025782 642.1497642248869 114.4725875630975 3393.300051011145 12.32006555050611 1.520727545022964 3.373977184295654 306.5358003675938 1.720674693584442 0 131.0434752628207 6.407029181718826 220.5477253198624 70.30470311641693 200.2417085915804 19.01882667094469 36.40437486767769 9.198430374264717 408.1412181556225 0.9007260501384735 0 386.3483593091369 1.856020361185074 0 0.270004004240036 0 0.1154995709657669 0.2785298675298691 0.08990582823753357 0 123.2838844060898 0.09476430714130402 606.941493280232 0.6589628607034683 0 0.1353359967470169 1.345509886741638 1.794142030179501 8.545074239373207 0 0.08707215636968613 0.5883482694625854 3.031926095485687 0.1773429960012436 132.6411119252443 208.6290347352624 705.5208829268813 0.1946492344141006 0.2125979885458946 0.3809282258152962 25.38837838172913 0.2500086724758148 0 7.688075885176659 0 25.88268373161554 55.55497588217258 23.86712028086185 5.473991170525551 4.120159149169922 1.066870868206024 56.36569628119469 0
19.40672022104263 79.4445593431592 5448.388950623572 1.186387725174427 40.08690597862005 64.40731017291546 20.20933187007904 125.5022201985121 2.39562676101923 11.91907824575901 3827.77312450856 30.89744038879871 545.5386590361595 85.93046046793461 0.4341957792639732 3.567812830209732 3537.406328566372 8918.34407979995 5085.198144949973 9.697489894926548 41.19711454212666 6.719204068183899 1104.136444836855 8.421886593103409 114.4725875630975 33397.86680041254 9817.715508140624 15.77364929020405 188.3322943598032 85.01170169562101 495.9460247904062 124.7001340985298 16.95881305634975 2452.276053659618 26.34371499717236 3824.824972599745 7035.678889639676 4987.455271199346 2098.296801634133 93.77377095073462 34.61386632919312 157.0300873070955 11.22416881471872 0.4144447594881058 274.5966766476631 110.3044231757522 0 0.3601681590080261 0.122047446668148 3.272094048559666 2.073477149009705 0.7075311467051506 0 80.42929890006781 0.7071967273950577 1175.220405712724 2.669826827943325 0 0.4561934322118759 54.23971607536077 17.14502881467342 191.9363373816013 0.4881404489278793 0.9774472042918205 3.701593451201916 6.408605948090553 2.687574841082096 194.4381038993597 2233.781542100012 4557.570735730231 3.671296276152134 1.249980255961418 2.808842606842518 444.4355387166142 1.453294411301613 0 13.6291081905365 9.738884687423706 95.66473539173603 150.3505311608315 63.99774457514286 17.86684788018465 1.591863207519054 0.597059965133667 5.946094907820225 0
33.80020274966955 3894.392108760774 12442.73097024858 32.46012495458126 4.161705896258354 62.07917677611113 555.095205783844 182.1249607056379 577.3797523826361 35.13262485712767 696.8252873122692 14.66424697637558 5471.088760212064 109.9064603149891 9.892608672380447 2851.067863620818 6160.143000289798 238.0900870114565 795.898111499846 4.617620952427387 355.7923508509994 3112.454073667526 16024.94036650658 2063.238904096186 3393.300051011145 9817.715508140624 33769.40750099719 1287.094401873648 198.9140676185489 253.3719027265906 721.1597559303045 15.57985572516918 15.56779530644417 2246.298124685884 77.51538946479559 6741.977363824844 5810.732993505895 7752.211485520005 1878.934435777366 302.4955343306065 21.25149294734001 53.42632769048214 38.41954609751701 3.059835404157639 4521.107315540314 2425.592322148383 1.067879520356655 0.6731142848730087 2.778835713863373 53.28765439987183 29.63790419697762 11.09305942058563 4.058649443089962 75.14713422209024 1.305369488894939 802.900502987206 14.6942802965641 0.6657957136631012 932.8351921737194 264.5511427372694 26.62883445620537 395.004204288125 0.5475653856992722 84.81137741357088 1520.847271412611 1584.351908549666 53.82342463731766 1144.198144495487 5168.951815582812 25710.21342369169 80.26337753981352 7.474464759230614 48.26110026240349 302.4327100068331 1.384008795022964 0.4390893056988716 38.9946711435914 28.91657638549805 422.0371771976352 894.0267512798309 263.672548994422 132.3440403416753 16.1534478738904 1.310125268995762 8.203599959611893 1.268555872142315
129.7081230208278 23.0639262124896 233.3720002621412 5868.01399833709 8.890642955899239 548.20435346663 15943.92797625065 340.9297588020563 1259.351023569703 4485.18497299403 8.153513923287392 187.9845883399248 23.7776542827487 381.1262095198035 69.72135804593563 2119.719165824354 31.48649547994137 1.759050406515598 4.766160875558853 4448.193138003349 5528.24155125767 158.0251270607114 2717.789739444852 7817.314884997904 12.32006555050611 15.77364929020405 1287.094401873648 27136.08821491152 1251.335534192622 5300.488757714629 0.1764478087425232 14.94179613888264 172.5005218610168 763.488894701004 115.2219053059816 4858.874333530664 235.0719660818577 1049.190254591405 699.5453976914287 607.1392050683498 86.10546818375587 12.83231811970472 69.20264563709497 32.37521543353796 3.075824230909348 11.68603405356407 94.24952406436205 0.4537210091948509 16.56244231760502 1008.453286357224 45.01779167354107 202.9642968997359 276.9690127596259 8.535392537713051 134.8049160912633 3.364874586462975 30.98765981942415 24.59345714002848 264.5027938038111 3.456592857837677 0.7530373185873032 2.306900501251221 142.9858547672629 199.8343697935343 117.0367318838835 34.03924941271544 1401.895181514323 0.3125324845314026 6.120625197887421 33.5522370710969 2482.533715583384 109.4326232150197 786.57849791646 0 2.252332277595997 7.423598006367683 14.92967871576548 22.56029623746872 399.6194713562727 5.217244870960712 99.63012120872736 31.91238297522068 165.3374498412013 9.845969222486019 10.91177394241095 2.580656200647354
