379.1496259495616 0.7536419928073883 19.28979279100895 2.943351916968822 0.693277470767498 11.23859833925962 2557.492819681764 567.8193383812904 20.82298175990582 8.317300878465176 9.938800998032093 0.6662967726588249 0.3524025529623032 3268.731422916055 0.6236867606639862 0 51.77117305994034 5.660162657499313 20.24371419847012 0.9812331944704056 2.098079435527325 2.119422242045403 7.882485948503017 110.9416913613677 0.1617329344153404 36.99202261120081 22.22716899961233 32.37356299161911 2982.08369499445 2844.861986622214 0.1431969925761223 6.892073281109333 87.72722652554512 134.49982380867 2.138358578085899 10.54244296997786 2.63670989125967 126.0265909358859 20.36549887061119 3.126298509538174 4.779701441526413 0.2464509010314941 0.4209491685032845 1.913025662302971 0.2402516975998878 0.2857068181037903 0.2712591737508774 0 0.3385074138641357 9.359063103795052 2.051446840167046 7.904201455414295 1.661554776132107 0.293846607208252 0.2020596116781235 0.08582483232021332 3.907011218369007 0.2927381992340088 1.462203443050385 0 0 0.1222282201051712 2.005368411540985 0.9581707343459129 1.325142815709114 0.2174014151096344 17.92479027807713 0 1.891992650926113 2.005816392600536 11.0875990986824 3.728886239230633 7.01381491869688 0 0.3852643072605133 0.8316566571593285 1.743048131465912 1.020465686917305 19.03486420214176 0.5815862119197845 10.47663433849812 5.100285373628139 3.748678095638752 1.958933621644974 0 0
0.7536419928073883 153.0533088371158 969.0026582404971 0 0 0.1327092349529266 3.377098418772221 1.037287712097168 313.9675494804978 0.1888882219791412 64.026193395257 0.5357821881771088 570.4193641245365 0.8872390165925026 5.24802703410387 112.8731192573905 97.67989663779736 1.858459636569023 5.273387715220451 0 7.311423927545547 1314.087197065353 91.74629710614681 393.8988217785954 1210.500036768615 106.9194440469146 4263.255050972104 17.55659653246403 2.538402676582336 9.23920726031065 17.18424664437771 0 0.2643241137266159 67.91723515093327 3.253332331776619 317.6540943831205 575.0424416586757 207.3758542537689 63.66511511057615 4.898785300552845 0.4542191848158836 147.1884489506483 0.774066150188446 0 55.02142944931984 333.6025681495667 0 0 0 1.820904955267906 0.07951243221759796 2.284326769411564 0 10.21225597709417 0.1444642692804337 59.30386134237051 0 0 11.53844494372606 3.863587692379951 0.536163792014122 9.691027119755745 0 0.3184615895152092 22.37267556041479 0.8668114095926285 2.554927229881287 19.71168344467878 134.5815555155277 364.3554660752416 1.439517736434937 0 0.6933855190873146 2.317101560533047 0 0 1.687193892896175 1.080420970916748 8.504651419818401 6.671172998845577 3.29182230681181 0.437064528465271 0 0 3.302899800240993 0
19.28979279100895 969.0026582404971 4047.209461994469 0.6660931259393692 0 6.23438174277544 739.8759075179696 69.92684959620237 2.463380955159664 3.937373697757721 2.80000825971365 0.4103962853550911 0.7929690703749657 68.53293454647064 0 15.0694772452116 5043.388101868331 14.58797412365675 59.68787128478289 0.3491710051894188 1557.262636326253 182.0231795683503 12623.1353116259 174.3166804239154 0.4429050832986832 6844.791651792824 6804.002242013812 668.1902091279626 128.6204625368118 1045.272826768458 0 0.8411250486969948 15.74155899137259 692.9679435864091 29.67409201711416 778.0862997472286 133.067377269268 1126.334110468626 266.920252494514 9.721627458930016 2.491041250526905 0.4717838615179062 3.098300904035568 1.177654817700386 263.230458393693 2295.068959698081 0 0 0.09321579337120056 25.18939214199781 3.580061167478561 1.023475393652916 0.2270119413733482 0.824999138712883 0 0.3402471840381622 5.386274591088295 0 5.06534369289875 108.4966473802924 0.927895799279213 65.86271227896214 1.183952808380127 1.40274803340435 120.759474016726 36.03594034910202 2.950403913855553 1.216386437416077 1071.375632248819 2119.905572757125 4.708160229027271 1.772604808211327 14.42040558159351 0.8284365609288216 0.07390200346708298 0.1210240423679352 14.26179392635822 8.057192027568817 93.46289619803429 13.31366179138422 59.10672049224377 16.46950835734606 0.3050253391265869 0.903157614171505 0.1279396712779999 0.2387805283069611
2.943351916968822 0 0.6660931259393692 1662.446342170238 0.1929362863302231 115.7314901277423 363.028202034533 54.69213724136353 626.201226465404 3842.328647002578 2.372180193662643 4027.027841679752 0.830902561545372 35.84048826247454 80.10644613206387 0.1094536781311035 0.1974862366914749 0.373876266181469 0.8856782764196396 5408.122607842088 0.823090024292469 0 0.5558406859636307 1578.522145397961 0.08099240064620972 1.299381136894226 0.7080478593707085 2784.063496164978 74.09071401506662 3.575555421411991 0.09521323442459106 2.001954846084118 8.403279975056648 40.05661938339472 8.318600833415985 262.0826154127717 5.652133017778397 118.0899700000882 56.66433537751436 65.308817923069 19.77991286665201 1.262925535440445 3.592519313097 1.667951978743076 0.8497002869844437 0.1371865421533585 233.1117602288723 0.303651750087738 14.30829592049122 57.82834602147341 38.59495335072279 228.3703139945865 148.526928499341 1.927421607077122 273.3411424309015 0 4.742579855024815 28.37589376419783 0 0 0 0.09238850325345993 202.4318299219012 0 3.07997240126133 0 511.2992610260844 0 0.1743825748562813 0.1037652418017387 490.3011471629143 6.421845123171806 1.947517834603786 0 0.3885287046432495 0.4886257871985435 4.450758785009384 4.1135368719697 35.11935845762491 0.4530165791511536 33.34986272454262 13.85225692391396 54.4113991111517 4.196422971785069 0 0.2018359303474426
0.693277470767498 0 0 0.1929362863302231 129.5580995082855 486.1706663966179 2.209398172795773 21.81459624320269 26.83607318997383 3.3482376486063 19.91342936456203 16.58294217288494 2.787354953587055 3.850444830954075 637.245007917285 0 0.2067733854055405 2.946576192975044 2.15290267765522 0.9279481321573257 0.09677525609731674 0 0.2527946159243584 3.715507544577122 0 4.836190767586231 1.552399910986423 0.61567372828722 3.917469166219234 0.3396630585193634 0.3946112915873528 488.6882088035345 0.1694023758172989 279.2622478827834 0 24.84393818676472 6.025954902172089 207.1782331764698 25.27725031971931 873.5161004960537 104.876849591732 4.376532837748528 0 0 0 0.1386855691671371 0 0.1951497346162796 0 1.048052787780762 0 0.5329465866088867 0 0 0 0 0 0.3538321852684021 0 0 0 0 0 0 0 0 0.9030836820602417 0 0 0 0 0 0.1054621189832687 0 0 0 0.3695553839206696 0 0 0 0.7428766489028931 0 0 0 0 0
11.23859833925962 0.1327092349529266 6.23438174277544 115.7314901277423 486.1706663966179 9516.019455425441 1272.17296615988 5556.707913115621 444.5914361551404 6868.280282467604 84.38135699927807 5589.904530324042 18.60933738946915 721.6890356130898 1405.525077290833 0.1549222022294998 5.223611310124397 14.97143232822418 12.85806501656771 910.5814547240734 2.089850008487701 0.1660847961902618 2.46563033759594 148.7224566340446 0.2888213247060776 34.68769480288029 6.851120099425316 258.0650142803788 325.5395522676408 20.36976344883442 1.300287976861 959.4792494773865 5.385346688330173 706.3068061619997 7.654493577778339 276.1002045199275 27.22442522644997 822.0163004025817 196.9699587896466 1420.212943591177 402.4996789172292 33.26686430722475 4.885609485208988 3.851674892008305 0.1151249930262566 0.2563255056738853 48.84568725526333 0 3.236811056733131 68.17764344066381 24.59576582163572 68.74413654953241 35.34591847658157 3.502541415393353 86.53688865154982 0 16.49226851761341 20.65111857652664 0.08078203350305557 0 0.469767726957798 0 66.43094585090876 0 0.6545710936188698 0 56.9158720895648 0 0 0 91.80988535284996 10.54429254680872 0.8889281526207924 0 0.3185630142688751 0.3448133170604706 5.225919328629971 0.8266652822494507 32.00737886875868 0.6803053766489029 23.68625939637423 8.399622887372971 46.67318243533373 13.10479544848204 0.2740402221679688 0
2557.492819681764 3.377098418772221 739.8759075179696 363.028202034533 2.209398172795773 1272.17296615988 14472.94176854938 4347.538882818073 359.5716948583722 3652.93108856678 24.53429441899061 26.60645681619644 4.08277265354991 3827.678083244711 8.894340097904205 2.624074459075928 162.4676190987229 12.57005456462502 30.60790073126554 70.35300303995609 287.7548653036356 14.15729239583015 310.5444760844111 3943.43048465997 0.3204004466533661 343.5258745774627 186.7009473368526 15781.17401599139 1426.380263157189 4650.86002753675 0.6664397269487381 27.09512096643448 123.2881494760513 340.7336497306824 38.44238915294409 698.624353736639 29.29956343024969 797.149082865566 286.8156335353851 122.6488163992763 96.99385647475719 3.582081317901611 14.35141997784376 4.386187687516212 2.667490042746067 36.3829310759902 121.2666586786509 0 20.75679908692837 219.1726653575897 76.83575585484505 217.5876173451543 92.04971867799759 4.61703247576952 97.38355805724859 0.5177033245563507 43.58847663551569 1.330482423305511 3.047940716147423 0.5019579082727432 1.454195059835911 0.6481866165995598 144.1963858380914 0.2795969694852829 14.07541239261627 7.763959176838398 236.3366391435266 0.2527103647589684 6.537659324705601 19.02511668205261 336.7607155069709 36.86216965317726 20.24387741088867 0.1085752174258232 0.9518025442957878 6.251493506133556 22.90426964312792 9.137991681694984 121.3337995558977 3.997106239199638 99.17353808879852 40.62990269809961 35.10422521829605 20.38973055034876 0.6081859022378922 0.7093123942613602
567.8193383812904 1.037287712097168 69.92684959620237 54.69213724136353 21.81459624320269 5556.707913115621 4347.538882818073 8450.279931083322 181.0530226528645 3824.610856182873 88.86994886398315 519.7474181056023 13.02841798588634 9672.510467674583 133.49836871773 0.9714019820094109 95.08222314715385 21.85464666411281 39.8202082850039 221.7454470619559 8.243617743253708 1.821099482476711 14.43976671993732 456.097771499306 0.221390888094902 108.915396746248 43.63393923640251 207.0081321671605 1534.408116288483 690.1772765368223 1.759781010448933 397.5569752380252 14.74313734471798 597.99970446527 8.503281109035015 259.6252906993032 21.56423695385456 754.234992004931 154.2832432389259 264.318538248539 296.4190203100443 24.80455146729946 3.49683516472578 5.855084076523781 0.9306970909237862 1.662098839879036 33.7320941016078 0 7.788214586675167 137.1751256808639 58.69944961369038 130.418620698154 51.87448621541262 3.883659996092319 53.39878914505243 0.4890078902244568 35.11030972003937 0.8998727947473526 0.5436853766441345 0.1214821338653564 0.4371098577976227 0.7345595508813858 58.09971138089895 0.3946161493659019 2.06443764269352 0.1623521447181702 106.8201168403029 0 3.11457484960556 4.232065171003342 95.93983571231365 34.29432005435228 23.62448234111071 0 2.474206753075123 4.841494508087635 10.29838337749243 4.704128414392471 121.0298459380865 0.4040391445159912 65.9611541852355 26.66377966105938 31.70225042104721 13.39692866802216 0.2370248585939407 1.021392464637756
20.82298175990582 313.9675494804978 2.463380955159664 626.201226465404 26.83607318997383 444.5914361551404 359.5716948583722 181.0530226528645 970.2649314627051 153.068893365562 18.32654548436403 784.5967720746994 68.39786544442177 95.32741738110781 1527.572261333466 191.0873752459884 3.797538116574287 2.138085789978504 3.768224991858006 530.9033951386809 60.91286895424128 2375.288554497063 19.82936538755894 6120.223058272153 169.5481538325548 45.16514099389315 604.7622035071254 548.43989726156 178.5500101670623 273.359439343214 6.996854737401009 5.153765097260475 37.76772935688496 61.92733214050531 35.0210200920701 766.5091344639659 20.5994271337986 181.358938023448 118.0908098891377 391.7840395793319 42.37743080407381 11.74637501686811 8.715806178748608 30.34847816824913 8.305271126329899 3.453300803899765 117.0823794901371 1.325646623969078 30.87897125631571 394.1572202071548 115.6983648538589 578.217730268836 67.69474255293608 5.898912191390991 331.9114999473095 9.726356856524944 82.54625342786312 107.3129667192698 404.2529592812061 1.347264274954796 0.9553292877972126 0.9203509017825127 98.8675602003932 275.2340062186122 99.07441514730453 57.79024964570999 1026.576458029449 4.26863481849432 5.331128604710102 25.03071251511574 758.8064032867551 104.5959134027362 333.6954468786716 0.7039743587374687 2.098536089062691 19.29529070109129 37.30258823186159 12.00617871433496 270.9031411930919 11.8360238224268 100.3304702863097 59.05129466205835 209.3143660873175 13.37988223135471 1.148921191692352 1.241348966956139
8.317300878465176 0.1888882219791412 3.937373697757721 3842.328647002578 3.3482376486063 6868.280282467604 3652.93108856678 3824.610856182873 153.068893365562 27015.03696335852 34.55314719676971 4622.290283538401 5.146378040313721 861.9352154955268 14.95411197841167 0.2367781549692154 2.716717191040516 10.49959632009268 11.51663428544998 4572.247129753232 1.341890536248684 0 3.331040151417255 519.6273979172111 0.5494835376739502 24.10471481084824 9.427292943000793 2828.90524802357 672.9000189825892 4.422504059970379 0.7499137371778488 40.70923305302858 22.46690332889557 312.7663968503475 20.56424830853939 734.7068450599909 27.52064617723227 929.1956127509475 207.0631060525775 248.9774714112282 192.9691263511777 7.768063239753246 16.1784927919507 3.894009403884411 0.1435002684593201 0.8009058237075806 175.819178648293 0 24.91825974732637 140.9704436510801 67.92132475227118 132.8001227006316 128.4477859809995 1.889279507100582 168.9096428900957 0 29.25445522367954 9.920414373278618 0.1711126714944839 0 0.1788171082735062 0.2198561280965805 192.0714041814208 0.1401848047971725 3.478047057986259 0 283.2997248023748 0.2372820451855659 0.8967218473553658 0.8199668154120445 370.664278998971 21.62850718200207 3.234964840114117 0.07714144140481949 2.522851705551147 2.576014898717403 11.48627398908138 4.81857343018055 61.1597366258502 0 59.39946349710226 19.01383826136589 45.8753120303154 14.78517509251833 0.2334292382001877 0.3171057999134064
9.938800998032093 64.026193395257 2.80000825971365 2.372180193662643 19.91342936456203 84.38135699927807 24.53429441899061 88.86994886398315 18.32654548436403 34.55314719676971 7321.670641049743 37.05179440975189 2067.601567417383 75.52898830920458 1.1044532507658 0.8685905858874321 172.6299588978291 2587.203685872257 849.541511207819 11.14761377871037 6.603409066796303 43.13926218450069 11.58308544009924 17.77996142581105 310.291564181447 2962.628292880952 417.4868646115065 7.484112478792667 118.9205280691385 30.41897207126021 425.0039296001196 115.3714111447334 3.823980905115604 4915.96374476701 7.90583460777998 540.3677179515362 3237.708194822073 4141.842713743448 794.346657782793 12.21624644845724 43.17350172996521 1628.273504912853 2.443942919373512 0.07441475987434387 10.71959910541773 0.2350180894136429 0.4923772215843201 0 0 1.681087777018547 4.091751173138618 5.487764716148376 0.1610488146543503 230.5883708894253 0 1141.223564498127 0.9254769906401634 0 0 0 5.497039653360844 0.764613188803196 0.2522570043802261 0.1109728440642357 3.509334482252598 0 4.46802943572402 133.7753117382526 45.81725995987654 122.2025887519121 3.939246535301208 0.1525772958993912 0.8701933100819588 68.06947368383408 0.2470714822411537 0 5.115862213075161 4.572172462940216 27.44484747201204 366.0599013566971 12.93821037560701 3.333979249000549 0.6806151270866394 2.156855329871178 235.6536996662617 0
0.6662967726588249 0.5357821881771088 0.4103962853550911 4027.027841679752 16.58294217288494 5589.904530324042 26.60645681619644 519.7474181056023 784.5967720746994 4622.290283538401 37.05179440975189 7727.728173017502 3.243313618004322 415.2022773176432 832.0613983720541 0 0.3443021699786186 10.76159014552832 9.319601528346539 4729.779077082872 0.3972233757376671 10.61521390080452 0.278993621468544 553.5204072967172 0.9143092334270477 17.69914585351944 6.789479903876781 907.9596497118473 360.114475980401 1.266713097691536 0.8582898303866386 53.19068963080645 0.5175586119294167 193.284314699471 14.99456541240215 97.54583641886711 7.633277237415314 401.1501107662916 42.70977380126715 405.7396658435464 68.44487360864878 8.857447348535061 3.721764765679836 0 0.1449902653694153 0 264.9908763840795 0.3219478726387024 12.21768826246262 9.468512773513794 7.333751231431961 205.8053903952241 40.03015287965536 1.198336981236935 376.0534708201885 0 0.9340862184762955 58.63461634516716 0 0 0 0 59.94577519595623 0 0.9105151295661926 0 120.0737369954586 0 0 0.2432570233941078 94.07395946979523 0.5088407397270203 0.1107274889945984 0 0.109668992459774 0 0.1904794126749039 0.5340903550386429 3.063278213143349 0.154476210474968 2.494864925742149 0.2642172873020172 159.9591864645481 4.595353439450264 0 0
0.3524025529623032 570.4193641245365 0.7929690703749657 0.830902561545372 2.787354953587055 18.60933738946915 4.08277265354991 13.02841798588634 68.39786544442177 5.146378040313721 2067.601567417383 3.243313618004322 4742.68689148128 6.847297616302967 1.121434971690178 3.411519795656204 2.125075370073318 47.64511931687593 5.717878267168999 1.245734959840775 2.373971082270145 225.7926900163293 6.739183001220226 58.9357223957777 3192.850684963167 800.3912495151162 4047.304129354656 4.085594184696674 9.660480000078678 2.28315569460392 871.8307037428021 18.15505637228489 0.9773776978254318 406.6542765200138 11.07864887267351 1361.621732495725 2903.89544993639 2810.126451477408 437.7936608046293 149.6869139298797 152.0228884443641 1230.427282162011 4.004676885902882 0 27.28841815143824 0.07697933912277222 0.1636030077934265 0 0.2041776925325394 0.8015622496604919 1.514593452215195 3.079246148467064 0.06466682255268097 336.536365263164 0.1517724543809891 1682.34441049397 3.249791324138641 0.1064972132444382 0.1062165051698685 0 6.142476946115494 0.9398506209254265 2.706781096756458 0 2.135922230780125 0.5362988412380219 1.090900257229805 262.1227765083313 58.15867167338729 145.6507523357868 2.477584600448608 1.679224327206612 0.5019392222166061 97.17892813682556 0.3614327386021614 0 11.42982646822929 9.273896455764771 129.9892698377371 536.9185144677758 27.26753441989422 8.604423865675926 2.942403078079224 3.418711930513382 423.6787306815386 1.872081518173218
3268.731422916055 0.8872390165925026 68.53293454647064 35.84048826247454 3.850444830954075 721.6890356130898 3827.678083244711 9672.510467674583 95.32741738110781 861.9352154955268 75.52898830920458 415.2022773176432 6.847297616302967 9324.60586727038 25.89767471700907 0.674423061311245 121.4061283767223 28.2736382484436 52.31901649385691 140.9829780012369 9.113847926259041 4.780212141573429 21.55552087724209 351.1937283203006 0.4010177701711655 127.7015989944339 58.32762601226568 158.3236161284149 7373.840304940939 2797.066720645875 1.564926043152809 111.1932233646512 178.7222630418837 533.3072668761015 4.062176294624805 207.516588665545 20.36765660345554 561.2679370976985 88.69720637053251 84.71403131633997 92.05356004089117 9.839643336832523 2.785413585603237 5.882755793631077 0.20729611068964 1.494131423532963 10.65584152936935 0 3.721281573176384 41.74150606989861 25.31055775284767 50.51550269126892 11.64875972270966 2.020289413630962 16.29814284294844 0 15.22220089286566 0.708584688603878 0.7878735810518265 0 0.1675008237361908 0.321082204580307 18.04302699863911 0.5940681621432304 1.176853239536285 0.2798002362251282 57.01305851712823 0.08491206914186478 2.701480910181999 2.93510390818119 53.23831697553396 20.49735705927014 18.58044751733541 0 0.4830214977264404 4.182293385267258 7.652694433927536 3.323111362755299 81.73884906619787 0.6284859776496887 38.72878487408161 16.65129031985998 16.80362198501825 7.022065877914429 0.1534282118082047 0
0.6236867606639862 5.24802703410387 0 80.10644613206387 637.245007917285 1405.525077290833 8.894340097904205 133.49836871773 1527.572261333466 14.95411197841167 1.1044532507658 832.0613983720541 1.121434971690178 25.89767471700907 932.3785267621279 0 0 0.8882085755467415 0.1742713302373886 108.6175152733922 0.09833192825317383 30.45342876017094 0 857.982077665627 1.998469524085522 2.52473633736372 9.698085770010948 28.19884186983109 17.4294553771615 0.7480568960309029 0.08270885795354843 478.1263679042459 0.4279259890317917 5.938664570450783 0.3779142200946808 64.09934134781361 0.5268546342849731 11.5277009755373 4.153546348214149 1555.288305148482 23.51010651886463 0.477691538631916 0.2989656031131744 0 0 0 4.453143268823624 0 4.174711257219315 0 0 50.06196027994156 1.244221553206444 0 67.67475840449333 0.2986801043152809 0 21.01453582942486 0 0 0 0 6.110690623521805 0 0.1443137973546982 0 4.69429412484169 0 0.1228519007563591 0.1588765382766724 5.362946480512619 0.3298752307891846 0.142960712313652 0 0.1975492984056473 0 0 0 2.797325849533081 0.1213730722665787 0.3418129682540894 0 60.2025859951973 0 0 0
0 112.8731192573905 15.0694772452116 0.1094536781311035 0 0.1549222022294998 2.624074459075928 0.9714019820094109 191.0873752459884 0.2367781549692154 0.8685905858874321 0 3.411519795656204 0.674423061311245 0 5061.62726136297 4.996898502111435 0.1613187044858932 0.8249027580022812 0.1629781126976013 3313.591683074832 4502.009386464953 3496.488792337477 2511.4159309268 9.822358131408691 5.545646719634533 2835.599451042712 1599.715955607593 5.445316985249519 654.9548647999763 0.6028052642941475 0.3840808793902397 1.150590650737286 52.66398782283068 90.74346033483744 2409.224910959601 700.5961632356048 432.7615250200033 880.0267079919577 74.41895544528961 3.8383509516716 1.51618193089962 18.13504557311535 4.055405758321285 1.784853778779507 85.90394292026758 0 0 0.1596922501921654 11.45408777147532 4.684205144643784 4.684233210980892 0 0.3679139912128448 0 0.6338061317801476 7.375915110111237 0 1031.041490472853 1.035457089543343 0 0.07158342748880386 0 247.4416168928146 759.2653371617198 662.9964450970292 68.26942839473486 0.2016276568174362 1.037549160420895 230.828830987215 124.5131652951241 10.15503989160061 143.1487742736936 0.260390616953373 0 1.649047330021858 2.326866656541824 15.72662580013275 75.02715991437435 3.717613309621811 10.56363759189844 10.77503435313702 1.172185182571411 0.1049119830131531 0 0.6617014110088348
51.77117305994034 97.67989663779736 5043.388101868331 0.1974862366914749 0.2067733854055405 5.223611310124397 162.4676190987229 95.08222314715385 3.797538116574287 2.716717191040516 172.6299588978291 0.3443021699786186 2.125075370073318 121.4061283767223 0 4.996898502111435 1600.799753606319 355.2751422002912 2548.70702277869 0.07765118032693863 1120.888563610613 14.11440499871969 4749.063932813704 34.12513498216867 2.41258466988802 3827.985339559615 6687.368299238384 133.8800156638026 456.6948930136859 2092.674201101065 0.4838398173451424 1.129657238721848 38.74169278889894 1699.944470472634 3.56885676831007 150.8755560368299 83.51256965100765 383.4514159150422 85.35044173896313 1.006736740469933 1.945642322301865 0.6899454072117805 0.5751199573278427 0.5311651900410652 78.06873861700296 96.61712086200714 0 0 0 0.7998227998614311 0.09593787044286728 0.6852303966879845 0 0.2135366797447205 0 2.595472596585751 1.176038973033428 0 0.4387969896197319 20.05784898251295 1.544434554874897 28.82940214127302 0 1.082646392285824 5.309618562459946 4.897977232933044 2.557380050420761 2.456100836396217 531.0695385709405 725.5727980211377 3.182857446372509 0.6257083490490913 5.229014024138451 0.9916095286607742 0 0.1686586141586304 3.90628694742918 0.8703107237815857 17.43406754732132 6.020475588738918 11.96435286849737 2.686240807175636 0.1055163964629173 0 0 0.3896163031458855
5.660162657499313 1.858459636569023 14.58797412365675 0.373876266181469 2.946576192975044 14.97143232822418 12.57005456462502 21.85464666411281 2.138085789978504 10.49959632009268 2587.203685872257 10.76159014552832 47.64511931687593 28.2736382484436 0.8882085755467415 0.1613187044858932 355.2751422002912 1069.513583011925 3175.690590497106 3.312653414905071 8.975752100348473 1.63278578966856 26.02409246563911 5.019161850214005 1.270941227674484 2264.796687021852 505.6184243708849 4.618941821157932 51.65582349523902 54.88665304332972 22.0583111345768 22.0973221808672 4.66139031201601 1429.313765719533 6.779242038726807 369.2612794116139 498.4475850909948 1156.493204519153 361.5023743659258 2.284845516085625 2.37597893178463 24.81875590980053 1.46267157047987 0.08919075131416321 0.957473985850811 0.5140382498502731 0 0 0 0.9065010026097298 0 0.1514689773321152 0 6.470591738820076 0.1676935702562332 53.57199145108461 0 0 0 0 3.703170239925385 0.7712306678295135 0 0 0.1040722355246544 0.09506568312644958 0.4350284114480019 6.600384816527367 63.29623917490244 78.83734183758497 0.0958448052406311 0.4554033577442169 0.07015576213598251 27.34853180497885 0 0 0.1972903907299042 0 7.24436079710722 4.499855071306229 0 0.6105274558067322 0.8828776478767395 0.7374494671821594 0 0
20.24371419847012 5.273387715220451 59.68787128478289 0.8856782764196396 2.15290267765522 12.85806501656771 30.60790073126554 39.8202082850039 3.768224991858006 11.51663428544998 849.541511207819 9.319601528346539 5.717878267168999 52.31901649385691 0.1742713302373886 0.8249027580022812 2548.70702277869 3175.690590497106 2141.053509064019 4.137392498552799 53.06619098782539 3.799156911671162 166.6342086941004 10.46624090522528 2.317208789288998 3216.020661778748 1287.297894619405 14.43972183018923 184.6082959137857 279.09113355726 3.87396214902401 13.06849025189877 23.38508934527636 4279.316744416952 4.979972675442696 452.4449819028378 251.5560239925981 1574.689034547657 454.7279854156077 4.012245856225491 2.81404447555542 2.875136159360409 1.979532167315483 0 4.060966894030571 3.112451046705246 0 0 0 0.970122329890728 0.4722409844398499 0.6653001457452774 0 0.618353471159935 0 8.741202294826508 0 0 0 0 1.175983853638172 3.707926332950592 0 0 0.1288739442825317 0 0.9572182446718216 3.01095237582922 79.77781741321087 92.51980839669704 0.2631658464670181 0.3179215490818024 0.1519406363368034 6.592728517949581 0 0 0 0 7.568147949874401 1.44232939183712 0.3089707046747208 0.7999624460935593 0.4486249983310699 0.1912541091442108 0 0.1015466079115868
0.9812331944704056 0 0.3491710051894188 5408.122607842088 0.9279481321573257 910.5814547240734 70.35300303995609 221.7454470619559 530.9033951386809 4572.247129753232 11.14761377871037 4729.779077082872 1.245734959840775 140.9829780012369 108.6175152733922 0.1629781126976013 0.07765118032693863 3.312653414905071 4.137392498552799 583.8399765789509 0.236859604716301 0 0.1666901931166649 348.4123488739133 0 7.170751124620438 1.480081975460052 1839.999430887401 160.0540492758155 0.7292697727680206 0.07864010334014893 13.67739013582468 1.825047716498375 76.92513660341501 3.698231860995293 88.61826003342867 6.487319715321064 203.6672556549311 28.02849270403385 67.30981520563364 32.740553162992 1.645467154681683 2.110410988330841 0.09532508254051208 0.4924897104501724 0 89.62761709839106 0 10.31255786120892 22.69450340420008 8.05545524507761 136.9618978202343 33.58079732209444 0.8726997673511505 162.2067559957504 0.09302306920289993 2.508723095059395 25.3737735003233 0 0 0.1017236784100533 0 63.69485994428396 0 0.1657524704933167 0 187.0706131756306 0 0.1087504625320435 0.3837282434105873 178.7640742361546 4.802741467952728 0.204486608505249 0 0 0.5363913327455521 2.015845492482185 1.720820426940918 10.34191749989986 0.6418758183717728 12.31546329706907 6.498621501028538 63.68827992677689 3.892525635659695 0 0
2.098079435527325 7.311423927545547 1557.262636326253 0.823090024292469 0.09677525609731674 2.089850008487701 287.7548653036356 8.243617743253708 60.91286895424128 1.341890536248684 6.603409066796303 0.3972233757376671 2.373971082270145 9.113847926259041 0.09833192825317383 3313.591683074832 1120.888563610613 8.975752100348473 53.06619098782539 0.236859604716301 14220.68121760339 252.7367628961802 15854.67301397771 510.518654294312 1.384794391691685 209.1397751197219 502.608920969069 3957.107628405094 42.83981373161077 7385.917994022369 0.1009184345602989 1.095531739294529 24.42743285745382 1908.24887676537 178.3577546775341 2918.802822366357 252.6639672294259 3373.984598450363 2220.545629501343 110.4223789945245 22.31615347415209 1.574263505637646 20.24569587409496 4.282078579068184 1.203217417001724 27.32505007833242 0.1462786495685577 0 0 4.949502006173134 3.21729239076376 1.231073014438152 0.1842528879642487 0 0 0.1069419831037521 4.916104584932327 0 183.9154181927443 0.5162337422370911 0.2563848793506622 0.1019804552197456 0 131.8698534294963 124.335746191442 60.74220381677151 43.78778447210789 0 5.604113779962063 26.65249931812286 88.97920405119658 10.18934801965952 99.78891802579165 0 0 1.18750087171793 1.804194740951061 36.81216411292553 34.60353139787912 1.609003514051437 5.53761862963438 7.826873309910297 0.5358514785766602 0.0750972256064415 0 0
2.119422242045403 1314.087197065353 182.0231795683503 0 0 0.1660847961902618 14.15729239583015 1.821099482476711 2375.288554497063 0 43.13926218450069 10.61521390080452 225.7926900163293 4.780212141573429 30.45342876017094 4502.009386464953 14.11440499871969 1.63278578966856 3.799156911671162 0 252.7367628961802 1210.36666751653 1023.694047093391 6433.065324947238 693.3770073801279 68.70812375843525 6057.978201270103 407.2421925291419 19.94386449083686 97.54270760715008 9.362912081182003 0.08831213414669037 4.22421957552433 24.5747824460268 8.939085960388184 294.6213748008013 77.53027328103781 96.8905433639884 61.03943974524736 9.943497367203236 1.438419751822948 54.96873082965612 0.5280274003744125 2.481557168066502 8.828620962798595 510.1119222044945 0.6865132302045822 0 0.1032937467098236 12.91035628318787 2.05692183971405 10.22155136615038 1.142727240920067 3.662990763783455 0 35.71240451186895 5.330554783344269 0 1137.061122521758 1.153925016522408 0.08169879764318466 0.2326645627617836 0.574040412902832 166.7829861789942 64.85305775702 798.4703697934747 63.73494628816843 6.400999620556831 9.809160739183426 873.0699730366468 83.84416107833385 8.026964962482452 111.2729288563132 1.972741931676865 0 0.8921632841229439 2.123585976660252 0.5463394373655319 44.02308566868305 11.72564002126455 8.658569969236851 7.963234782218933 2.612712636590004 0.1072853580117226 2.144097864627838 0.3069778382778168
7.882485948503017 91.74629710614681 12623.1353116259 0.5558406859636307 0.2527946159243584 2.46563033759594 310.5444760844111 14.43976671993732 19.82936538755894 3.331040151417255 11.58308544009924 0.278993621468544 6.739183001220226 21.55552087724209 0 3496.488792337477 4749.063932813704 26.02409246563911 166.6342086941004 0.1666901931166649 15854.67301397771 1023.694047093391 15962.79011578113 351.9763130918145 0.1653212681412697 1186.889074042439 10406.56238274276 2968.177779257298 102.6572929620743 5213.203843146563 0.1319472044706345 2.657092832028866 21.70886179059744 1729.412008702755 335.9502921551466 5741.1527454108 1189.897458337247 5935.323111750185 5857.981812700629 264.1112746298313 36.90054785460234 7.334263473749161 38.01702544093132 1.350317262113094 11.87920391559601 1158.899682998657 0 0 0.09589224308729172 17.81398013234138 2.417725697159767 0.8885705098509789 0 0 0 0 1.405209667980671 0 675.4821049869061 2.716306693851948 0.1185142397880554 1.346362978219986 0.1977199912071228 46.15858004242182 671.5509839653969 922.7621988430619 18.16762404888868 0.6904662325978279 23.9420829564333 778.1939540356398 19.29417596012354 1.275142006576061 20.37964368611574 0.131973996758461 0 0 2.157094739377499 96.25548340380192 120.9686926156282 7.76815340667963 19.13247826695442 18.66256041824818 1.148316457867622 0 0 0.2316001057624817
110.9416913613677 393.8988217785954 174.3166804239154 1578.522145397961 3.715507544577122 148.7224566340446 3943.43048465997 456.097771499306 6120.223058272153 519.6273979172111 17.77996142581105 553.5204072967172 58.9357223957777 351.1937283203006 857.982077665627 2511.4159309268 34.12513498216867 5.019161850214005 10.46624090522528 348.4123488739133 510.518654294312 6433.065324947238 351.9763130918145 12629.37129798532 159.1034384816885 60.69531158357859 2455.058258630335 8410.479160688818 874.6776669882238 2476.890600219369 5.614860475063324 7.674342811107635 373.7446997538209 334.8155009113252 158.0675579681993 2971.479705825448 54.91713444143534 919.5868687741458 667.7869608290493 296.74303727597 85.21653164178133 12.21085159480572 39.55630447715521 30.08218059688807 5.417745508253574 23.60382834821939 203.2876349538565 0.2197949439287186 14.62945467978716 166.3596641719341 47.16896899789572 603.9094515517354 114.7104854509234 5.223865300416946 185.5343077629805 7.727468214929104 53.94619365781546 28.50336968153715 175.9501936137676 0.519349992275238 0.4835187047719955 1.115325924009085 145.103582918644 105.1291336715221 235.3514891043305 64.15747745335102 1031.026350677013 2.485686860978603 6.078136093914509 50.02758683264256 860.7151621207595 101.6976724825799 244.3165061175823 0.4951797053217888 1.010751217603683 19.48363310098648 29.65905873477459 23.41612558066845 310.4926983118057 4.438648663461208 88.09625728428364 48.38027748838067 79.09668768197298 15.39499165117741 1.231145039200783 3.17036397755146
0.1617329344153404 1210.500036768615 0.4429050832986832 0.08099240064620972 0 0.2888213247060776 0.3204004466533661 0.221390888094902 169.5481538325548 0.5494835376739502 310.291564181447 0.9143092334270477 3192.850684963167 0.4010177701711655 1.998469524085522 9.822358131408691 2.41258466988802 1.270941227674484 2.317208789288998 0 1.384794391691685 693.3770073801279 0.1653212681412697 159.1034384816885 507.9488939493895 195.4995375871658 2811.236649356782 5.507257342338562 1.078091457486153 2.401129111647606 188.8176647350192 0 0.4736643061041832 39.3333038315177 0.2624311745166779 319.9031084403396 468.3588392585516 132.85111322999 36.39121263474226 28.45010762661695 14.19497849792242 404.8756256699562 0.1415823101997375 0 119.816882789135 1.473382592201233 0.1021327078342438 0 0 0.1240768134593964 0 0.5488935634493828 0 66.99636322259903 0 315.6238455325365 0 0 0.1541505306959152 0 6.463201075792313 12.45344147086143 0 0 17.23756682127714 0.121599018573761 0 76.99198946356773 291.0973453074694 354.3847763091326 0 0 0.2037079781293869 21.73787914216518 0 0.09553224593400955 5.457737028598785 3.946615695953369 2.950789138674736 39.53160765022039 9.653108403086662 0.2350809723138809 0 0 20.01548421382904 0
36.99202261120081 106.9194440469146 6844.791651792824 1.299381136894226 4.836190767586231 34.68769480288029 343.5258745774627 108.915396746248 45.16514099389315 24.10471481084824 2962.628292880952 17.69914585351944 800.3912495151162 127.7015989944339 2.52473633736372 5.545646719634533 3827.985339559615 2264.796687021852 3216.020661778748 7.170751124620438 209.1397751197219 68.70812375843525 1186.889074042439 60.69531158357859 195.4995375871658 19360.64737794548 9724.393937386572 104.228687658906 271.5624227561057 749.1642545647919 386.2703116685152 39.54740410298109 22.27343518286943 2097.076991178095 43.62562496960163 3332.534677296877 4409.223994500935 3995.138067014515 1427.302687928081 24.26697142422199 9.537604622542858 196.7727485746145 8.337924018502235 0.8828247264027596 265.0609927922487 44.95392230153084 0 0 0 1.930814050137997 1.001959566026926 3.841835372149944 0.1461284980177879 115.301882699132 0.5339095965027809 1504.664471998811 3.117795668542385 0 1.917659565806389 36.47591563314199 96.07855814695358 220.3877351135015 0.203719824552536 0.6069429814815521 7.826837569475174 7.874610908329487 4.881472036242485 390.9030407592654 4022.872425116599 5649.125754140317 1.218932367861271 1.093869842588902 8.10077228397131 522.6280981302261 0.655623085796833 0.199133463203907 16.33210536837578 8.933794595301151 110.8131972141564 105.2774626389146 46.30706825107336 12.20044425874949 0.3999631702899933 1.351837672293186 7.469351209700108 0.7205400392413139
22.22716899961233 4263.255050972104 6804.002242013812 0.7080478593707085 1.552399910986423 6.851120099425316 186.7009473368526 43.63393923640251 604.7622035071254 9.427292943000793 417.4868646115065 6.789479903876781 4047.304129354656 58.32762601226568 9.698085770010948 2835.599451042712 6687.368299238384 505.6184243708849 1287.297894619405 1.480081975460052 502.608920969069 6057.978201270103 10406.56238274276 2455.058258630335 2811.236649356782 9724.393937386572 29513.56161487103 963.6727131903172 196.6550716869533 574.6186785846949 1071.95843911916 7.189997762441635 31.33936841785908 2926.275720603764 194.2125200182199 8150.128765657544 4039.045272871852 7418.438946373761 2592.757877476513 120.0813155770302 20.26910777390003 155.0878362208605 28.12423280626535 1.14928911626339 2048.197114363313 3440.554095610976 0.5034207105636597 0 0.3193854764103889 25.16188487410545 3.264495722949505 4.55444910377264 0.07107643783092499 98.45161975175142 0.6416010335087776 1176.341133669019 4.894625715911388 0 158.852495983243 99.06223444640636 59.54864172637463 221.8270588442683 0 13.72697124630213 1124.815653972328 331.2300932109356 15.79072130471468 493.0093159303069 3962.312562964857 9068.677644960582 14.7451988235116 3.508147031068802 23.82852619886398 381.4434770643711 0.08353623747825623 0.08506084978580475 25.14771196991205 55.13693118095398 256.3403698280454 115.2603596895933 100.3587537333369 40.74031843990088 1.365260690450668 0.2573824226856232 8.393097393214703 0.2439635694026947
32.37356299161911 17.55659653246403 668.1902091279626 2784.063496164978 0.61567372828722 258.0650142803788 15781.17401599139 207.0081321671605 548.43989726156 2828.90524802357 7.484112478792667 907.9596497118473 4.085594184696674 158.3236161284149 28.19884186983109 1599.715955607593 133.8800156638026 4.618941821157932 14.43972183018923 1839.999430887401 3957.107628405094 407.2421925291419 2968.177779257298 8410.479160688818 5.507257342338562 104.228687658906 963.6727131903172 18538.3853325285 501.0120624378324 9710.451164077967 0 4.712351694703102 267.1760117486119 392.1433538198471 155.073707215488 2781.485303916037 54.66989716142416 1031.467789746821 797.0778204202652 201.6399092003703 77.01673094183207 4.414318531751633 27.30136379599571 28.79846038669348 1.81797306984663 25.41821101307869 206.0259531438351 0.2478239685297012 24.63657270371914 175.0277328342199 67.75446469336748 271.8983085528016 129.1049401536584 3.399392694234848 166.9292584806681 0.1912780404090881 50.73060608655214 17.63953309506178 153.5503940433264 0.4150922149419785 1.259174130856991 0.5267802476882935 204.915415994823 125.036025300622 124.1622024551034 28.43583604693413 707.6811782866716 0.4684671461582184 2.697184827178717 30.78455473482609 816.5907137840986 100.6971116326749 271.1593133658171 0.3612192384898663 1.661533191800117 16.81625417619944 27.42149944975972 27.86097473651171 267.2046541497111 4.775141231715679 102.6626327782869 55.76880706846714 52.10787378251553 12.13368252664804 0.2223652899265289 2.024962730705738
