2205.240369044244 2.323109991848469 44.10365053266287 2.78566936403513 0 9.636873841285706 1036.630070485175 1034.487903639674 22.08662226051092 40.73764052242041 24.22009713202715 8.060001857578754 1.4825758934021 7303.958097212017 0.1458808332681656 47.75063142180443 174.4964261427522 10.48852406442165 57.98466638475657 3.380852684378624 55.34278901666403 15.54418440163136 212.2022467032075 167.4122574403882 1.051449067890644 33.99091345816851 59.54597888886929 318.5194607898593 4399.859318003058 3160.560218080878 0.661973275244236 1.676882825791836 138.6354707032442 467.6563268974423 2.118331000208855 148.6322812587023 35.92744331806898 182.5725743323565 80.31342180818319 8.826509833335876 5.900640331208706 1.251085788011551 1.773399882018566 0.9636958464980125 0.9097833335399628 1.003784187138081 0.4353836849331856 0 0.9972411245107651 7.116331599652767 0.8375812917947769 14.48004449158907 0.8415433913469315 0.0915202870965004 0.8348443359136581 0 2.73989387601614 0.1709155589342117 10.53831671178341 0 0 0.2466944009065628 1.017795652151108 2.105125397443771 1.843519434332848 1.788548573851585 51.69374276697636 0.2535935491323471 0.9639095515012741 7.552425399422646 30.19204144179821 2.691067218780518 2.935056805610657 0.2645144760608673 0 1.165052376687527 0.8240065574645996 0 21.40700241923332 0.5475438982248306 4.363305613398552 1.154197089374065 2.125926069915295 0.7964165136218071 0.3911595344543457 0.2080886960029602
2.323109991848469 145.4574157819152 16.71333365142345 0 0 0.4561939835548401 29.2585543692112 6.11490461230278 513.059194304049 0.795078732073307 75.33547506481409 2.347461648285389 996.5800524577498 6.517348594963551 4.047531202435493 338.4751212447882 5.033427380025387 9.807812340557575 9.785344518721104 0.3316328078508377 15.20686373859644 2126.313798710704 37.27624514698982 1016.793042503297 2065.306603901088 75.5380282998085 6979.998563587666 59.86676470190287 7.547704353928566 32.63677955418825 38.92266053706408 1.192588910460472 1.574139915406704 13.89319083094597 1.540312975645065 26.06019428372383 118.9134766384959 86.43116103857756 16.62964729219675 2.337404355406761 1.236279055476189 303.0279931873083 0.3442402705550194 0.2643727362155914 56.95226915925741 10.18934959173203 0 0 0 1.608442105352879 0.08121100813150406 2.915712505578995 0.1066923961043358 3.776969365775585 0.08846981078386307 19.6055458560586 0.7698711603879929 0 2.582992367446423 5.083633057773113 2.299177221953869 16.03668789565563 0.1661587953567505 0.1252481490373611 31.1502690166235 3.128921031951904 6.979226991534233 51.60219375789165 204.1177596822381 1261.941795669496 4.224538668990135 0.415070652961731 0.5158895328640938 13.75169258564711 0 0.1923017725348473 3.039122350513935 0 4.341575250029564 35.20006024837494 7.530310973525047 2.036114744842052 0.1964238882064819 0.1014688834547997 4.38596898317337 0.2583855092525482
44.10365053266287 16.71333365142345 2570.993856571615 0.7448296546936035 0 4.201110281050205 504.769837461412 158.0860654935241 1.137156255543232 23.94138991832733 56.09868999570608 2.870802514255047 0.6697536408901215 207.2698343172669 0.08072592318058014 6.335360445082188 11038.92185906321 53.76213513314724 644.8107456713915 0.9414557293057442 1430.489056348801 26.73959863930941 11464.68177973479 6.208287164568901 0.3890929445624352 4114.492202863097 10627.769280985 226.4221843853593 50.12638807296753 1641.765333525836 0.2921963334083557 0.8215221539139748 7.352329507470131 1381.23878531903 42.42760794609785 2261.179786927998 2535.588578060269 2891.710503302515 990.592155918479 34.07903351634741 9.136983543634415 18.79419602453709 11.94176439940929 1.263005271553993 67.2964036911726 279.4089341014624 0 0 0.09460990875959396 2.364794656634331 0.7791907042264938 2.750116609036922 0.2652783095836639 0.6926371306180954 0 0.3857650011777878 1.67624044418335 0 9.782026134431362 34.33656987547874 0.3124429136514664 4.668393030762672 0 3.21382774412632 178.0789846852422 97.76353882998228 8.551207281649113 2.002597630023956 71.80878969281912 1991.030713655055 4.474861554801464 1.567273870110512 3.435081407427788 0.2384109944105148 0 0 11.93966060876846 5.627886414527893 84.98792390525341 177.5867316052318 43.16010263562202 30.47100718319416 1.566880613565445 0.9397692680358887 0.6743623614311218 0.5052812099456787
2.78566936403513 0 0.7448296546936035 1955.609905801713 0.6151131317019463 68.55337578803301 647.1479153558612 83.0976867005229 351.2866337448359 4882.186578571796 8.660095185041428 1936.180621709675 1.00920270383358 45.20236606523395 16.88623657822609 1.535455472767353 0.6050652042031288 2.031068183481693 1.370314002037048 2451.255165725946 0.7258154079318047 0.2583911567926407 0.5751131474971771 2523.593633405864 0.135828047990799 4.562116429209709 1.374304667115211 3477.405915178359 36.98820687457919 1.905273966491222 0.4102489575743675 0.7003345265984535 0.5073331966996193 16.64082743227482 0.6269436702132225 145.4133909866214 4.137923397123814 53.33141213655472 11.8861683383584 61.35563612729311 6.940765284001827 1.448970139026642 1.613201037049294 3.837406814098358 0 0 42.22055044770241 0.1846628338098526 8.759382776916027 60.90978876501322 15.66688886284828 87.56785671412945 90.99817434698343 1.55273899435997 65.06368092447519 0 22.93987194448709 7.872518144547939 1.252648308873177 0 0.4335853680968285 0 60.2208421304822 0.3739386200904846 0.1226310953497887 0 150.4881611466408 0 0.4717960953712463 0.478372760117054 64.03086496144533 8.958481460809708 4.240337319672108 0 0.2087723761796951 0 2.134873300790787 0.4314720630645752 76.0069197639823 0.6795957684516907 7.758700050413609 0.9318746700882912 65.90659980475903 0.4449644014239311 0.3826103135943413 0
0 0 0 0.6151131317019463 50.62701690196991 618.3719806373119 1.317753180861473 64.32944111526012 102.9881231039762 3.135256342589855 0.1339962184429169 102.3762461617589 0.3202138245105743 0.5882767140865326 577.729552924633 0 0 0 0 2.393825858831406 0 0.4659716039896011 0 11.4438261911273 0 0 0.1326895505189896 0.2362586930394173 31.73578751087189 0 0 47.52595908939838 0 9.394706398248672 0 11.70873285830021 0 0.2909953743219376 0.2246653735637665 1019.330581650138 59.61351005733013 0 0 0 0 0 0.2517109736800194 0 0.152118593454361 0 0 0.6233264654874802 0.4789683371782303 0 0.2118749469518661 0 0 0 0 0 0 0 0.6491266191005707 0 0 0 0.6379635781049728 0 0 0 0 0 0 0 0 0 0 0 4.79671835899353 0 0 0.1396230012178421 3.189822241663933 0 0 0
9.636873841285706 0.4561939835548401 4.201110281050205 68.55337578803301 618.3719806373119 8063.224751785398 2544.213323589414 11734.97190972418 262.5877209752798 7236.048111520708 136.0990755707026 2625.620487675071 51.89728007465601 701.4019133672118 1649.402097567916 2.485882923007011 4.079696290194988 26.35313402861357 19.17405066639185 110.0581209436059 1.395171754062176 1.237674117088318 3.747301757335663 273.8659175559878 1.363218545913696 39.86344113945961 16.2981935814023 1090.299838926643 204.9292774274945 8.486847199499607 4.096658661961555 351.4027419760823 0.5020629093050957 194.3860309869051 0.4212860316038132 257.0660873949528 18.35961934924126 300.5363963842392 44.6299599558115 1975.446892350912 695.4103405848145 26.74770735949278 5.241057261824608 0.6796512305736542 0.2051136419177055 0.1682885587215424 4.409150011837482 0.1904957890510559 1.526097141206264 15.16214146465063 4.009864404797554 12.42243380844593 4.874280855059624 0.1989593282341957 7.835146851837635 0.1796822473406792 4.090716287493706 0.3208569139242172 0.2114001661539078 0 0.124320924282074 0 6.201718755066395 0.09241582453250885 0.2138506546616554 0 28.77182595431805 0.09977828711271286 0.5596536248922348 2.145983137190342 12.4662524536252 1.633399672806263 0.6597670465707779 0.0895226001739502 0.157060831785202 0 0.9602004960179329 0.08987167477607727 13.95982240885496 1.531923890113831 7.461707040667534 1.543000511825085 13.92077109217644 0.1605351120233536 0.9682983681559563 1.060200572013855
1036.630070485175 29.2585543692112 504.769837461412 647.1479153558612 1.317753180861473 2544.213323589414 17024.53289089724 6108.893839899451 771.8152525573969 9881.193498715758 122.5331144779921 90.93195399269462 17.92333102226257 8334.438620280474 24.59948841482401 270.9895173460245 121.7152822613716 32.30669016391039 41.37341104447842 665.1209658123553 551.2906099408865 222.7963853254914 669.2115919068456 2646.492008578032 9.960619114339352 95.55944208055735 591.5591604858637 21260.9417966865 1225.358084104955 4997.952290289104 4.351205557584763 18.19259114563465 35.73822667449713 528.1594307795167 9.539077758789062 2349.681798994541 122.1881071925163 1218.933303914964 455.1278594508767 360.0339628085494 138.5473857074976 8.392805457115173 48.81339307874441 17.93157078325748 1.69134896248579 3.080130279064178 64.17126995325089 0 9.594883896410465 303.1794852018356 80.41015639156103 311.4130964651704 100.5608500987291 9.381596103310585 49.15687119960785 0.8354147970676422 109.4071332290769 8.705708265304565 33.25165348500013 0.2911244332790375 2.015649549663067 1.480550572276115 90.8525548055768 9.640217952430248 7.994872592389584 7.554815195500851 669.9587037265301 0 4.373819604516029 29.63506158441305 332.1959210038185 42.47807370871305 39.65319310128689 0.1516228765249252 0.5206526145339012 1.559410706162453 17.36820841580629 3.737716801464558 220.129508793354 2.404294066131115 53.89069704711437 9.604661874473095 80.77803628891706 4.289201878011227 2.173307850956917 2.367728941142559
1034.487903639674 6.11490461230278 158.0860654935241 83.0976867005229 64.32944111526012 11734.97190972418 6108.893839899451 20162.96406972781 118.6603642776608 4155.91375233978 495.12926261127 1423.176766090095 205.7883434481919 9474.317471515387 290.8635789677501 34.69028559327126 157.430021122098 72.00006705522537 92.06749476864934 176.5307497084141 55.56881346553564 25.37742507457733 193.4138556756079 425.1374201290309 8.487679585814476 123.8952362649143 138.131965637207 872.3908871784806 972.8838631436229 1260.695879019797 11.46853257343173 179.909928701818 10.94988474994898 608.0639490745962 8.095926895737648 1440.17707644403 123.0083388872445 1032.511963814497 263.2590570375323 1438.976956099272 660.16612239182 141.734221033752 24.81419987976551 2.405158773064613 0.4877485781908035 1.312988497316837 6.918337114155293 0.1368076056241989 2.835400462150574 56.1765331402421 11.35861943662167 50.72378948330879 10.2295558527112 1.908631220459938 6.138850226998329 1.117275387048721 25.47255503386259 1.36568071693182 10.64600556343794 0.3105397894978523 0.2382428497076035 0.6110156401991844 12.57525842636824 3.771848872303963 2.403259232640266 1.44968431442976 147.8087178394198 0.573345385491848 3.249055445194244 17.00862895697355 76.1695873066783 9.072809226810932 8.003550238907337 0.2512352541089058 0.5889198482036591 0.2269573882222176 3.047171890735626 0 76.68532449007034 5.542408280074596 37.19668863713741 9.710104495286942 11.91613653302193 3.951775044202805 4.38568639010191 1.38772539794445
22.08662226051092 513.059194304049 1.137156255543232 351.2866337448359 102.9881231039762 262.5877209752798 771.8152525573969 118.6603642776608 1374.793594732881 307.1422272473574 12.74798428267241 1780.215753234923 27.53089351207018 93.89186576008797 1393.124513342977 99.12065344303846 0.5549827739596367 2.474848888814449 2.708527229726315 388.7329420894384 25.07530209422112 2151.137891769409 23.23633429408073 10625.95552635938 241.7039350643754 6.071657098829746 379.2105913236737 1398.840973600745 92.41513109207153 166.5011001899838 3.002917550504208 1.73779371380806 4.31119591742754 32.87938286364079 2.961183145642281 238.5918549373746 21.7509228810668 78.6399974450469 32.90042921155691 667.7275531217456 16.32770957797766 5.928921945393085 3.597579970955849 15.20234527438879 3.874152079224586 1.224257215857506 90.15913796424866 1.214902564883232 38.88339201360941 285.6719983965158 57.31661535054445 111.1815301924944 104.613016679883 6.640972539782524 181.5581369996071 0.3988234773278236 84.04941285401583 39.66787705570459 488.6424208879471 0.2562458887696266 0.6300132572650909 0.6814462393522263 129.8056584596634 53.37579410523176 37.35062169283628 78.8595307096839 1913.624235637486 0.7940475344657898 5.181887678802013 28.77782756835222 593.5159882009029 41.49521894007921 52.32649168372154 0.2266306132078171 0.6375192925333977 5.96763526648283 15.11500076949596 5.176031693816185 176.874396212399 4.177893295884132 51.38875442743301 14.38639338314533 251.0830896422267 2.496985509991646 0 1.252211354672909
40.73764052242041 0.795078732073307 23.94138991832733 4882.186578571796 3.135256342589855 7236.048111520708 9881.193498715758 4155.91375233978 307.1422272473574 33913.06844352558 193.2001399807632 3120.766213778406 28.15657922625542 923.6608602441847 41.23534715175629 6.09049604088068 13.22115112841129 43.88719049096107 38.31915219128132 5036.038903772831 11.629395224154 4.593450680375099 17.55002310872078 2293.322471641004 1.970139607787132 78.58761854097247 48.95355417579412 5257.847570031881 473.3330204896629 62.62813533097506 6.87183441221714 19.27768114209175 2.96501187980175 317.5441822297871 2.302579209208488 775.0701443329453 37.36462052538991 714.5750152058899 78.29233098775148 204.206430234015 84.45899917930365 8.58955042809248 16.33355647325516 1.773567840456963 0.1015630885958672 0.2965311259031296 38.51452153921127 0.1953480690717697 9.130377657711506 87.9353705868125 22.96233054995537 103.1501413285732 44.11664362996817 2.416944041848183 52.16550023853779 0.7013649195432663 30.94789749383926 10.62422911822796 1.483698263764381 0.09006789326667786 0.2266288325190544 0.1453392952680588 59.99231961369514 1.372910268604755 1.291805863380432 0.5439920276403427 183.7692571878433 0.2014331966638565 2.690708301961422 6.568385191261768 78.81775502860546 11.19459842145443 8.685959577560425 0.2845069020986557 0.1063261106610298 0.1923347190022469 6.322467997670174 0.7606836557388306 108.8361043334007 1.29523928463459 11.10431538522243 2.845256812870502 81.87664149701595 0.5652801543474197 1.187561988830566 2.078376658260822
24.22009713202715 75.33547506481409 56.09868999570608 8.660095185041428 0.1339962184429169 136.0990755707026 122.5331144779921 495.12926261127 12.74798428267241 193.2001399807632 12222.44246826321 130.631559483707 3803.39061281085 578.1768052726984 2.460014030337334 1.565749883651733 437.2551324889064 4226.075765565038 1627.775231465697 19.58976101130247 23.79610913991928 20.13032214343548 73.24572789669037 32.64198479801416 619.1676211431623 2291.815951757133 1864.576544776559 54.88840745016932 1289.066660072654 63.72012897580862 932.484072573483 447.2601713612676 13.90220487862825 5350.830616056919 13.07655196636915 803.8179748505354 7819.833357602358 5766.191164195538 951.6970037259161 27.67908006906509 22.90484046190977 1516.752929240465 9.062267608940601 0.08592898398637772 12.76307640224695 0.8438328579068184 0.3690357133746147 0.1599060148000717 0.8855252712965012 5.544633090496063 1.622257828712463 3.206499852240086 1.791807003319263 83.87347973883152 1.356214918196201 308.0939043834805 3.435052938759327 0 0.1218485757708549 0.5856340378522873 32.63816194981337 7.048769101500511 2.047759279608727 0.1400670558214188 0.9773004725575447 0.4263814240694046 15.60509654134512 161.8524250611663 236.8728266656399 327.22461219877 7.60235146433115 3.213431272655725 0.159647136926651 211.9889563694596 1.294143326580524 0.345501184463501 6.804709061980247 4.380864679813385 30.54313498735428 285.5556926578283 39.81505296379328 3.421687304973602 2.761578179895878 0.6712372303009033 26.96525046974421 0.1059579029679298
8.060001857578754 2.347461648285389 2.870802514255047 1936.180621709675 102.3762461617589 2625.620487675071 90.93195399269462 1423.176766090095 1780.215753234923 3120.766213778406 130.631559483707 7349.400871098042 24.28680869936943 455.1885812394321 1513.910793490708 0.4814287275075912 3.906681790947914 27.21357578784227 20.18233246356249 3667.787783741951 1.000795029103756 11.41506719589233 2.810504958033562 1493.690779745579 2.73821172118187 40.41883963346481 18.2493250221014 327.4048573300242 233.7969274148345 6.870522141456604 4.049536518752575 19.80952743440866 0.953612208366394 148.3674047142267 2.38086311519146 452.9297093376517 13.73612806200981 310.4429524093866 23.14124885201454 1403.001338377595 21.18445010483265 8.85394924134016 3.200053311884403 0.1229270920157433 0.1125976517796516 0.1013067290186882 34.79550414532423 0.3994880020618439 27.0882498845458 29.11370884627104 6.266207702457905 110.2196049690247 49.62619026750326 1.507351242005825 121.639969855547 0.3121964782476425 8.408117562532425 22.59394027292728 0.1625611782073975 0.09064275026321411 0.3249156773090363 0 69.74437243491411 0 0 0 153.8131573200226 0.1672663912177086 1.413576327264309 2.700133197009563 38.6908055767417 3.711032845079899 2.885038390755653 0.261221207678318 0 0 2.934548877179623 0 221.0184013471007 1.10862647742033 6.57221444696188 0.7926352471113205 332.3607414662838 3.453917011618614 0.1491135358810425 0.2642369270324707
1.4825758934021 996.5800524577498 0.6697536408901215 1.00920270383358 0.3202138245105743 51.89728007465601 17.92333102226257 205.7883434481919 27.53089351207018 28.15657922625542 3803.39061281085 24.28680869936943 4415.767154544592 204.0652176514268 0.5866725668311119 7.14487998187542 1.795210741460323 105.3283696621656 14.2694361358881 4.204151041805744 2.46457677334547 161.0763373672962 6.870870038866997 48.71870420500636 3988.530254893005 250.0923552140594 4438.681623831391 13.67299791425467 332.4230679124594 4.63775946944952 1112.27654632926 229.7076624706388 0.3477807268500328 1033.863844424486 1.429408743977547 410.4722521975636 5792.434092141688 2814.509588092566 149.7944990694523 7.221186012029648 19.06755059957504 2682.088576287031 1.379177734255791 0 35.51442664116621 0.4870571196079254 0.5908093005418777 0 1.135828502476215 2.243745617568493 3.179049357771873 1.803426831960678 1.065076045691967 214.3736661970615 0.5338147804141045 604.0929449945688 4.266571156680584 0.1176674291491508 0.5131641030311584 1.242499470710754 25.25304687768221 7.976807117462158 0.08418414741754532 0.2036569640040398 2.127805151045322 0.17130496352911 2.574852660298347 552.3207496479154 285.7956330031157 468.4917012825608 1.720717415213585 2.241236217319965 0.3369228467345238 312.2489791363478 1.913912765681744 0 14.09812572598457 3.566824771463871 74.24791934341192 648.5730663612485 112.2673630490899 10.47035375237465 4.490997888147831 10.24212750792503 94.50798530131578 5.524123460054398
7303.958097212017 6.517348594963551 207.2698343172669 45.20236606523395 0.5882767140865326 701.4019133672118 8334.438620280474 9474.317471515387 93.89186576008797 923.6608602441847 578.1768052726984 455.1885812394321 204.0652176514268 12959.87361447141 15.22764351218939 60.71118381619453 300.528876952827 80.88748063892126 132.0375600084662 85.4189078360796 75.95951614528894 35.09362619370222 361.9330569133162 467.1034948788583 13.50888302177191 153.9411322362721 189.1883293315768 955.4854834228754 4960.917178567499 2877.557872369885 12.36570717394352 8.935372356325388 48.37833222746849 929.6477671787143 11.92564710974693 1334.943188335747 151.6356701254845 1097.633610170335 251.5020115785301 330.6718297153711 196.771925881505 130.1583003178239 16.33408547192812 5.931835502386093 1.194381333887577 2.303815484046936 5.066092431545258 0 0.9318242222070694 50.95275999605656 15.38416054099798 40.46915072202682 6.095414817333221 1.817988984286785 2.772256582975388 0.7586311772465706 19.37308146804571 0.8336254358291626 11.75990727543831 0.2047256380319595 0 0.7317739352583885 4.91038965433836 4.784959763288498 3.388768307864666 3.094367608428001 157.6933498010039 0.1587411165237427 5.135159201920033 25.1320861056447 83.70564679056406 8.238082595169544 13.03768072277308 0.6506557315587997 0.5989143177866936 0.3116555958986282 5.20398522913456 0.5857621282339096 71.81619866192341 6.094235144555569 38.85775972157717 10.82480105012655 15.2889569401741 3.149796552956104 3.702503368258476 2.818865835666656
0.1458808332681656 4.047531202435493 0.08072592318058014 16.88623657822609 577.729552924633 1649.402097567916 24.59948841482401 290.8635789677501 1393.124513342977 41.23534715175629 2.460014030337334 1513.910793490708 0.5866725668311119 15.22764351218939 219.8749089837074 0.2128837406635284 0 0.4828559756278992 0.284847229719162 66.61750312149525 0.09122974425554276 23.32688360661268 0 812.3598647341132 1.098186910152435 0.3130689710378647 4.10161204636097 20.72537563741207 4.050677500665188 0 0 116.2566698342562 0 1.346799001097679 0.966896653175354 242.4331570118666 1.443731501698494 5.312204517424107 0.3776147589087486 1107.58730879426 101.3958410993218 0.2392065078020096 0 0 0 0 6.437372274696827 0.2121336311101913 3.889454171061516 2.696876883506775 2.165975891053677 21.08529627323151 8.556989371776581 0 19.9279457628727 0.1481770277023315 0.8127862960100174 5.183969840407372 0.2716142535209656 0 0.09533612430095673 0 11.93238013237715 0.1409407556056976 0 0.2713987529277802 27.15143979340792 0 0 0.1086686849594116 5.50036346167326 0.4374737441539764 0 0 0 0 0.1441305577754974 29.95960955321789 73.03498400002718 0 0.6701187714934349 0 71.71122443675995 0 0 0
47.75063142180443 338.4751212447882 6.335360445082188 1.535455472767353 0 2.485882923007011 270.9895173460245 34.69028559327126 99.12065344303846 6.09049604088068 1.565749883651733 0.4814287275075912 7.14487998187542 60.71118381619453 0.2128837406635284 1367.482938475907 6.093126051127911 1.672313764691353 1.492668122053146 0.3781492859125137 1088.425211057067 2256.829538039863 4656.467609874904 2476.399792857468 41.74467702209949 4.547719471156597 3485.342929273844 2813.811485789716 171.8073974698782 692.483488433063 0.4180264621973038 0.2310192957520485 28.5346539914608 130.2394741922617 50.26847878843546 2474.968213625252 532.7825805917382 499.4679563045502 601.2607380971313 63.86620232462883 6.217111691832542 3.419258370995522 25.44858372211456 4.505761414766312 1.573408856987953 11.80453176051378 1.396225802600384 0 0.4017023369669914 9.408285424113274 3.069353848695755 90.61806978285313 2.145353920757771 0.161045715212822 0.581134170293808 0.4207412376999855 6.734807074069977 0.6711956113576889 1927.177677728236 0.3063561916351318 0.2562067806720734 0.2723658084869385 1.2694391310215 83.11229617893696 938.3413982763886 767.8395727276802 339.1642981246114 0 3.789234384894371 399.3787691816688 139.3282115906477 9.015615612268448 38.35298961400986 0.2240359485149384 0 2.77759051322937 11.42031561583281 7.400437831878662 1170.42872042954 23.82673932611942 22.24091137945652 20.78279631584883 32.37673575431108 1.845819473266602 0 0.2798407971858978
174.4964261427522 5.033427380025387 11038.92185906321 0.6050652042031288 0 4.079696290194988 121.7152822613716 157.430021122098 0.5549827739596367 13.22115112841129 437.2551324889064 3.906681790947914 1.795210741460323 300.528876952827 0 6.093126051127911 2414.719392254949 467.0355847552419 6989.352385014296 0.9411546513438225 462.051986373961 2.405131854116917 2646.684011563659 4.789618700742722 0.9506578668951988 7342.714928723872 5706.881858058274 38.89614832401276 261.15400595963 2155.774070054293 1.452937230467796 1.460955426096916 35.60560443252325 2186.527280062437 9.940622389316559 353.5998867601156 925.9061252698302 1502.393850505352 602.463068716228 7.483830690383911 4.155597120523453 21.33567375689745 3.804378636181355 0 14.98248568922281 33.4597697108984 0 0 0 1.111653707921505 0 1.080568231642246 0 0.7013002783060074 0 0.9922389388084412 0.1065952479839325 0 1.369846507906914 17.85070349276066 2.291846014559269 17.47435367852449 0 0.3855919614434242 7.607486814260483 5.707667842507362 2.812094859778881 1.490422919392586 183.1155348196626 568.3215042427182 1.029839113354683 0.3838579207658768 1.075062111020088 1.468816019594669 0 0 5.165117397904396 0.8890159726142883 10.64758352935314 155.5360872894526 11.30371288955212 4.493782207369804 0 0 0 0
10.48852406442165 9.807812340557575 53.76213513314724 2.031068183481693 0 26.35313402861357 32.30669016391039 72.00006705522537 2.474848888814449 43.88719049096107 4226.075765565038 27.21357578784227 105.3283696621656 80.88748063892126 0.4828559756278992 1.672313764691353 467.0355847552419 518.5849072933197 3351.320975035429 4.898837268352509 4.881635472178459 1.276397354900837 32.09944301843643 7.899117816239595 85.3767411634326 3854.563665904105 927.2087995260954 12.52539333701134 124.3533767387271 36.24190830439329 165.798664405942 19.68421301990747 5.248494297266006 1227.926702320576 9.042904853820801 552.7366824522614 2273.165348999202 1820.75647995621 462.3728694468737 11.22730213403702 5.997764334082603 109.9024317413568 5.723777182400227 0.1097645238041878 9.973339058458805 1.385456323623657 0 0 0.1932224631309509 0.7156187519431114 0.3930456042289734 1.148799516260624 0.5100345835089684 21.17440401762724 0.6240674778819084 88.5825406908989 0.6870730668306351 0 0.1954358518123627 1.789565116167068 35.37300658226013 21.96580889821053 0.1269848346710205 0.08548545837402344 0.800734668970108 0.1469676047563553 2.031928770244122 46.07598181813955 341.188827753067 407.2948371395469 2.131689921021461 0.8592003434896469 0.8354740366339684 88.97761818766594 0.09029387682676315 0 4.284915581345558 2.007978521287441 11.25874111056328 63.27878360450268 14.7484445720911 2.047128200531006 0.4088795855641365 0 3.292950928211212 0
57.98466638475657 9.785344518721104 644.8107456713915 1.370314002037048 0 19.17405066639185 41.37341104447842 92.06749476864934 2.708527229726315 38.31915219128132 1627.775231465697 20.18233246356249 14.2694361358881 132.0375600084662 0.284847229719162 1.492668122053146 6989.352385014296 3351.320975035429 3385.182735092938 3.841878518462181 37.88115104287863 2.114802002906799 252.0709408670664 6.61264806240797 4.764863587915897 7186.183926925063 1521.979227378964 16.0461123213172 183.7075103446841 320.2507144808769 9.620620273053646 6.945427969098091 24.45346181839705 5250.80250017345 3.911817565560341 308.0020167455077 1459.368469141424 1404.829273700714 357.9098154976964 6.076272420585155 4.043912537395954 39.64869236946106 1.422075755894184 0 17.8084939494729 6.393212646245956 0 0 0.08382469415664673 2.239283457398415 0 0.9629959389567375 0.1829921305179596 5.73593844473362 0 10.9405647739768 0.09845779091119766 0 0.4331727549433708 24.88454499840736 17.84545397758484 81.13343700021505 0 0.5248442217707634 1.05788940936327 1.213071145117283 3.789240874350071 8.293908134102821 484.2723543718457 593.8897977098823 0.5754362717270851 0.2028028592467308 0.6841253191232681 15.71924456954002 0 0 8.952331498265266 0.2333796620368958 11.12610147893429 69.15186974406242 10.86770358681679 3.16368655860424 0 0.1893870979547501 0.4923721626400948 0
3.380852684378624 0.3316328078508377 0.9414557293057442 2451.255165725946 2.393825858831406 110.0581209436059 665.1209658123553 176.5307497084141 388.7329420894384 5036.038903772831 19.58976101130247 3667.787783741951 4.204151041805744 85.4189078360796 66.61750312149525 0.3781492859125137 0.9411546513438225 4.898837268352509 3.841878518462181 914.6714418679476 1.120457395911217 0.5442673414945602 0.8266217336058617 1214.01091389358 0.06918447464704514 7.821194551885128 3.807171933352947 1321.245142906904 52.63649433106184 2.729034744203091 0.8911026865243912 1.083544701337814 0.1062909811735153 27.26215355098248 1.86982037127018 168.4463752284646 6.843341760337353 75.88980852067471 8.694425396621227 149.0668327361345 7.742621921002865 0.7603270709514618 1.150110498070717 0.4983529448509216 0.07885579019784927 0.08126692473888397 34.15358527749777 0.1185697317123413 8.587852224707603 34.67365685105324 12.29964530467987 51.57898431271315 30.24817647784948 1.654985293745995 38.67939183115959 0 13.56365394592285 5.080837473273277 0.164436548948288 0.1375146955251694 0.372418224811554 0.3009649217128754 38.7399400100112 0 0 0.24587182700634 101.5179673135281 0 0.2013700976967812 0.5684524178504944 39.37427891045809 4.915988102555275 4.893077962100506 0.08297654986381531 0.09701459109783173 0 1.952279269695282 0.2942467927932739 66.58737698197365 0.1772139742970467 5.404226951301098 0.6266633123159409 66.20494686812162 0.1820813119411469 0 0.1457661837339401
55.34278901666403 15.20686373859644 1430.489056348801 0.7258154079318047 0 1.395171754062176 551.2906099408865 55.56881346553564 25.07530209422112 11.629395224154 23.79610913991928 1.000795029103756 2.46457677334547 75.95951614528894 0.09122974425554276 1088.425211057067 462.051986373961 4.881635472178459 37.88115104287863 1.120457395911217 9345.268871195614 85.01255197823048 15404.44681867957 116.5409963354468 4.010436095297337 53.91766513139009 1054.316457144916 2010.284985691309 242.7280015051365 10214.14475414157 0 0.5557739734649658 170.5151579231024 4010.333650387824 104.5487242788076 3801.015699930489 390.7421837896109 4198.105282366276 2467.447040751576 89.52501109987497 16.43644599616528 4.100998386740685 44.1216903552413 1.545439071953297 0.7003367841243744 3.573986791074276 0.1949083805084229 0 0 3.856816843152046 0.7137881070375443 43.18054808676243 0.4133695885539055 0.4130751416087151 0.1463937163352966 0 2.35834439098835 0 180.5149381309748 0.1581438034772873 0.1808598339557648 0 0.8386862501502037 28.48766081035137 48.67182388901711 32.05766222625971 165.9004844948649 0.1254423707723618 1.526821963489056 49.08267471939325 71.84876202791929 6.58201952278614 17.09428623318672 0 0 1.438605010509491 4.406982205808163 9.854024901986122 115.7569186463952 2.847480803728104 6.452982909977436 4.510664381086826 9.158472374081612 0 0 0.4930834174156189
15.54418440163136 2126.313798710704 26.73959863930941 0.2583911567926407 0.4659716039896011 1.237674117088318 222.7963853254914 25.37742507457733 2151.137891769409 4.593450680375099 20.13032214343548 11.41506719589233 161.0763373672962 35.09362619370222 23.32688360661268 2256.829538039863 2.405131854116917 1.276397354900837 2.114802002906799 0.5442673414945602 85.01255197823048 2204.735955551267 351.9163789525628 7184.025011435151 1328.246028974652 17.15712603926659 3746.391473598778 426.9152888059616 44.88612315803766 202.4489432424307 9.323840074241161 0.6772013083100319 4.921977318823338 23.44288972765207 1.104499414563179 99.79173991084099 31.05879334360361 51.37070430070162 22.47096160054207 9.856392450630665 1.160901017487049 46.01932192593813 1.381098680198193 2.470755368471146 20.92975169420242 26.55444979667664 0.251123882830143 0 0.112256184220314 10.48044565320015 2.380098275840282 40.02682666480541 0.8637315630912781 0.9906875342130661 0 1.7013134136796 5.292048707604408 0 1398.512738570571 1.51908877491951 0.4799980819225311 2.635723948478699 1.268093585968018 20.67753566801548 432.5856533423066 605.3914629742503 129.1684075221419 3.344642087817192 15.55025012046099 718.0075369700789 49.35547834634781 5.781559266149998 8.698773689568043 1.163508854806423 0 0.2254299446940422 4.757343530654907 0.4019268602132797 209.8973566889763 17.93635756522417 12.09963599592447 11.62315532565117 8.983017809689045 0.4907183945178986 0.3467527329921722 0
212.2022467032075 37.27624514698982 11464.68177973479 0.5751131474971771 0 3.747301757335663 669.2115919068456 193.4138556756079 23.23633429408073 17.55002310872078 73.24572789669037 2.810504958033562 6.870870038866997 361.9330569133162 0 4656.467609874904 2646.684011563659 32.09944301843643 252.0709408670664 0.8266217336058617 15404.44681867957 351.9163789525628 16987.65813349932 284.448612973094 5.857983604073524 424.7456489726901 12108.47697348893 3191.682815246284 382.5288602262735 7297.943551264703 0.9216281175613403 1.009892351925373 102.6771152541041 4595.186039969325 335.2885712236166 11114.86134372652 7249.66587484628 9833.555037617683 6417.982786163688 296.331107519567 42.47708744555712 15.42177641391754 120.7730213403702 1.961500398814678 6.958476155996323 189.1833068802953 0.1585174649953842 0 0.254526674747467 6.759098947048187 1.816720619797707 23.25145608186722 0.9513738602399826 0.7063721418380737 0.1559759974479675 0 3.908584520220757 0 899.1899275332689 5.698635794222355 0 1.44299627840519 0.08873371034860611 22.37141555547714 591.682705283165 695.1835605949163 88.8374637439847 0.6634040921926498 11.48037281632423 1408.205229587853 35.21077993512154 3.217735536396503 11.48059831559658 0.2278031632304192 0 0.2620086371898651 8.583672240376472 30.97204074263573 519.6342680230737 67.64129351079464 43.29217892885208 48.53407445549965 13.93500258028507 1.257549732923508 0.4750318676233292 0.5850197970867157
167.4122574403882 1016.793042503297 6.208287164568901 2523.593633405864 11.4438261911273 273.8659175559878 2646.492008578032 425.1374201290309 10625.95552635938 2293.322471641004 32.64198479801416 1493.690779745579 48.71870420500636 467.1034948788583 812.3598647341132 2476.399792857468 4.789618700742722 7.899117816239595 6.61264806240797 1214.01091389358 116.5409963354468 7184.025011435151 284.448612973094 11653.1083201915 352.263327665627 18.71844456344843 1330.33923470974 11059.41383198649 518.4418796896935 1109.563258644193 2.94419814646244 3.689604669809341 45.81019771844149 197.8389910310507 11.47070115804672 1324.413603402674 87.11457311362028 444.2636057138443 285.4327715262771 236.0477187484503 38.54192296415567 12.10265573859215 20.0522123798728 65.39252279698849 7.240805141627789 2.352835550904274 169.2039441391826 1.236565038561821 55.07775712758303 651.0602974817157 160.5939930304885 1735.699098564684 237.793954141438 21.03494541347027 238.1354198530316 2.211575098335743 269.4025426805019 39.83804150670767 293.4358132854104 1.804168440401554 3.492136880755424 1.36379686743021 275.47914737463 60.20969054102898 76.47849018126726 48.65421653538942 2814.283761076629 0.5328915491700172 14.86374635994434 38.77221964299679 1301.76377928257 134.7663289308548 151.607870362699 1.029361911118031 1.455570295453072 13.47457381337881 57.37622218579054 9.805164001882076 785.506909571588 8.616274103522301 180.5800251886249 43.10762483626604 497.6350744217634 11.20164704322815 1.729046955704689 4.477362170815468
1.051449067890644 2065.306603901088 0.3890929445624352 0.135828047990799 0 1.363218545913696 9.960619114339352 8.487679585814476 241.7039350643754 1.970139607787132 619.1676211431623 2.73821172118187 3988.530254893005 13.50888302177191 1.098186910152435 41.74467702209949 0.9506578668951988 85.3767411634326 4.764863587915897 0.06918447464704514 4.010436095297337 1328.246028974652 5.857983604073524 352.263327665627 1241.132626287639 348.0845444947481 6220.299536697567 18.8335568010807 25.33565794676542 7.916789062321186 618.4855288416147 9.616038881242275 0 166.7030846178532 0.3034769147634506 25.12794095277786 387.2070534825325 534.8899697735906 25.60609675943851 0.8596978038549423 6.315444499254227 1384.237310215831 0 0 99.97159224003553 0.1466343253850937 0 0 0.3367335349321365 0.4597989246249199 0.4605025872588158 0.4940918609499931 0.1735714599490166 41.07695785909891 0 275.8991997763515 0.7573386952280998 0 0.2693485021591187 1.681366294622421 9.559094123542309 6.011329956352711 0.1195646226406097 0.1160364598035812 1.992496371269226 0.1563640981912613 2.104765094816685 163.5559761747718 186.4393358081579 610.4202576205134 2.585144273936749 0.5535588264465332 0.252082422375679 106.7053990885615 0 0 1.978925101459026 0 4.201817400753498 125.4488946646452 13.18210592865944 1.336739152669907 0 0 25.51351691037416 0
33.99091345816851 75.5380282998085 4114.492202863097 4.562116429209709 0 39.86344113945961 95.55944208055735 123.8952362649143 6.071657098829746 78.58761854097247 2291.815951757133 40.41883963346481 250.0923552140594 153.9411322362721 0.3130689710378647 4.547719471156597 7342.714928723872 3854.563665904105 7186.183926925063 7.821194551885128 53.91766513139009 17.15712603926659 424.7456489726901 18.71844456344843 348.0845444947481 34351.26158345491 12664.74645934999 31.8855065703392 169.9444534778595 252.8159541115165 937.6234697550535 23.45558726787567 13.17992483079433 2619.0888479352 31.66998367011547 2275.172249406576 5431.924467973411 5719.046803236008 1811.548490677029 31.29721777886152 15.87971825897694 188.0557559579611 17.28722113370895 0.8704270347952843 104.4101366326213 29.55826447159052 0 0.08655538409948349 0.5018809884786606 4.177651531994343 1.639723233878613 2.830592341721058 1.373724259436131 96.32566171884537 0.7890006005764008 376.0541935488582 3.042521007359028 0 1.128546096384525 77.92287822812796 137.5927378684282 286.3809147328138 0.3971622139215469 1.383157461881638 7.931398630142212 4.270097576081753 7.524387009441853 214.9319907352328 2079.966763235629 3108.480951815844 4.620242662727833 3.024332493543625 5.985009834170341 351.8900159820914 1.131057299673557 0 31.4120872169733 6.925541765987873 49.5085089802742 472.8948258981109 82.78755955398083 14.69580885767937 1.093159645795822 0 9.587177395820618 0
59.54597888886929 6979.998563587666 10627.769280985 1.374304667115211 0.1326895505189896 16.2981935814023 591.5591604858637 138.131965637207 379.2105913236737 48.95355417579412 1864.576544776559 18.2493250221014 4438.681623831391 189.1883293315768 4.10161204636097 3485.342929273844 5706.881858058274 927.2087995260954 1521.979227378964 3.807171933352947 1054.316457144916 3746.391473598778 12108.47697348893 1330.33923470974 6220.299536697567 12664.74645934999 30885.84242344648 1048.95558231324 181.0268150120974 955.957185305655 1624.335312843323 7.946986593306065 29.07619906961918 3705.527947831899 240.2984924465418 8724.90727866441 8821.174156844616 10150.1552336812 4122.278875678778 182.1359996423125 32.82670298963785 280.8015412986279 64.71463057398796 3.220759063959122 2316.033181242645 1268.310738638043 0.823829397559166 0 1.161523252725601 12.48072498291731 4.2441096752882 30.4627223238349 2.614761658012867 119.9359573945403 0.619715578854084 527.9835864752531 10.7476394250989 0.1259707510471344 868.0575543940067 330.7005743682384 192.8603340014815 581.4977467209101 0.8435186594724655 24.94763439148664 2269.888194151223 1274.169190175831 61.66478479653597 755.1762984320521 5710.202841103077 23776.64429517835 25.46078975498676 9.176156491041183 27.94730817526579 480.3817999884486 1.139971293509007 0.9969602003693581 123.3275726363063 48.33455716818571 740.4828218892217 1748.614600546658 364.2919486090541 201.1231669560075 11.07663154602051 0.09505756944417953 24.98213725537062 5.657914370298386
318.5194607898593 59.86676470190287 226.4221843853593 3477.405915178359 0.2362586930394173 1090.299838926643 21260.9417966865 872.3908871784806 1398.840973600745 5257.847570031881 54.88840745016932 327.4048573300242 13.67299791425467 955.4854834228754 20.72537563741207 2813.811485789716 38.89614832401276 12.52539333701134 16.0461123213172 1321.245142906904 2010.284985691309 426.9152888059616 3191.682815246284 11059.41383198649 18.8335568010807 31.8855065703392 1048.95558231324 15584.02204503119 1095.96880421415 10424.5281098038 1.495577447116375 7.713041476905346 178.4640191271901 1001.336587712169 47.23344395309687 2686.430777698755 162.7071383297443 1529.141378764063 1120.083541736007 201.1426065266132 66.44059054553509 6.859186269342899 43.71277000755072 31.61172790825367 0.9591413959860802 1.651209726929665 78.50345420837402 0.6558685004711151 13.85597100108862 357.4442306831479 88.97346076369286 471.3784281983972 106.1774617508054 8.881125718355179 67.04787536710501 0.1945622712373734 153.128035992384 7.096037670969963 156.2579789683223 0 2.270934760570526 0.6056855246424675 101.9888255894184 40.52082234621048 34.03805711865425 27.50921703130007 1289.657624356449 0 3.735614009201527 23.7698507681489 630.5601543337107 69.92151432484388 90.93611992150545 0.1258790791034698 0.5968330577015877 5.208216138184071 25.32872598618269 6.687644824385643 408.674050360918 4.416880309581757 88.12173862755299 23.97049812227488 135.9772015437484 6.361126653850079 0 3.141686119139194
