909.9174924045801 0 82.9929373934865 12.98896916210651 0.2111366391181946 19.34987493604422 1113.165592137724 375.6849814355373 19.65650326013565 44.62835717573762 4.349580772221088 1.980659551918507 0.1690745204687119 4269.34785425663 0.2888533174991608 4.301748290657997 113.6700165197253 3.244314670562744 30.49118208140135 4.143475219607353 38.91591201722622 2.49019218981266 77.60769505798817 141.5364648327231 0 58.42275681719184 57.94044097140431 92.6643453463912 4032.173359416425 2450.851381540298 0.08180505037307739 0.3408524915575981 32.18076476454735 95.21074265241623 0.6403814256191254 26.45751353353262 4.071087151765823 53.51522612571716 14.42917939275503 1.963547304272652 0.9401547089219093 0 0.126215323805809 0.09071578085422516 0 1.686634987592697 1.486236125230789 0 0 3.647665821015835 0.8673289641737938 4.491273075342178 0.1125498116016388 0 0 0 0.2564534246921539 0.1549740135669708 7.470782369375229 0.07175546139478683 0 0 0.708623468875885 18.34652850031853 3.455368191003799 1.324676468968391 25.56338439136744 0 0.2228262722492218 2.37035296112299 28.85328409075737 1.76699098944664 3.629470899701118 0 0 0 0.3626358434557915 1.017962872982025 7.877745471894741 0.2505271434783936 4.543537139892578 1.203239552676678 1.472046218812466 1.580788344144821 0 0
0 51.09162552654743 173.5605698749423 0.4738921523094177 0.1102259159088135 0.4456543400883675 10.58057281374931 0.3959009274840355 357.7107912972569 0.2701923325657845 70.60803978890181 1.175789266824722 828.6840699538589 1.781360976397991 1.366303443908691 250.2357447519898 182.9132571592927 10.89267238974571 118.3606413602829 0.08227258175611496 10.80261000990868 1051.149509899318 42.8938050121069 259.4898107498884 1243.425818301737 777.9637822657824 5715.755239397287 31.2530659660697 2.952825881540775 3.514416381716728 28.2327531799674 0.2691875994205475 0 83.32836122810841 4.699796468019485 177.770264916122 88.81803514063358 225.8681714609265 55.34344861656427 2.720981433987617 0.3150227218866348 227.8758281245828 1.187996029853821 0 27.38225975632668 64.26512847095728 0 0 0 0.3522335290908813 0.1001147478818893 4.866771802306175 0 9.948537267744541 0 16.84546513110399 0.1070736795663834 0 6.629803083837032 10.53236918896437 1.269713528454304 17.41810195893049 0 0.733004242181778 58.53320837020874 4.033222667872906 6.866932317614555 14.22213446348906 134.7765906006098 941.3744102716446 0.8201863765716553 0.2344687432050705 0.4210628569126129 6.113208413124084 0 0 5.954890251159668 1.999768316745758 10.19910605251789 19.10234327614307 12.97584126144648 1.512421153485775 0.1922564953565598 0 3.563769213855267 0
82.9929373934865 173.5605698749423 5029.30580214411 12.88745476305485 0.1668944805860519 117.2745482325554 1462.03465154022 266.05790296942 9.102375350892544 50.98522904515266 7.129334427416325 0.8945227414369583 6.62645048648119 605.9855595827103 0.1167227402329445 14.74907068163157 2619.561483338475 23.72844160348177 159.4393585547805 2.320800356566906 432.1660870835185 13.1095659211278 6530.738720104098 99.42025908827782 5.403392910957336 4784.35616960004 7211.942824468017 266.4241118952632 193.8028606846929 1244.066756084561 0.8751378580927849 1.187153816223145 7.976586014032364 820.8371270149946 36.32092580199242 1485.326970607042 780.1787893548608 1726.977600112557 462.7997407764196 41.43062519282103 4.14361733943224 4.951057955622673 10.34326942265034 0 137.9849488511682 874.8844707235694 0.2779692113399506 0 0.3015404865145683 4.145696669816971 2.277923308312893 4.003224410116673 0.5483269095420837 0.1436123698949814 0 0.3689388483762741 1.649370893836021 0 11.06116460263729 54.24645756185055 0.9757383614778519 9.955703444778919 0.2371520102024078 7.195322677493095 75.45790509134531 46.31886237859726 7.234320558607578 1.090595781803131 169.2316331788898 1840.806037582457 6.989884726703167 0.8648559972643852 2.536770343780518 0.1021494120359421 0 0.1351980566978455 37.78811188042164 17.02676995098591 79.72458635270596 27.73027198016644 100.6601141244173 20.17571686208248 2.266744963824749 0.2878902852535248 0 0
12.98896916210651 0.4738921523094177 12.88745476305485 954.4902428761125 0.4300568550825119 63.76102849841118 417.6896201446652 50.87151899933815 1460.067454263568 2266.538612283766 1.34941079467535 2362.942794084549 1.695133380591869 82.42439621686935 22.13506028056145 0.6971089020371437 1.786519944667816 0.4912472516298294 0.5351328253746033 1750.759131662548 5.803348541259766 1.599615253508091 8.823774345219135 989.8027469590306 0 4.101722203195095 4.086264461278915 2944.124622412026 92.23054176568985 11.64816564321518 0 1.809630535542965 4.789809986948967 21.04728595912457 4.326922081410885 133.6660813242197 2.926233187317848 57.20174964517355 25.922936193645 52.05256003886461 4.463176503777504 0 3.007023870944977 0.9286961704492569 0.2426979541778564 0.4143799319863319 259.5955028608441 0 12.13975823670626 148.6374683380127 5.530081443488598 265.990529447794 103.2431797608733 0.1809700578451157 103.1555217504501 0 4.346663661301136 15.40221770107746 1.080253399908543 0 0.08885165303945541 0.1496312916278839 204.8433916643262 0.0896308571100235 0.1256904602050781 0.3770445734262466 233.3285575732589 0 0 0.8357629030942917 220.0414818748832 6.82309352606535 1.067084237933159 0 0 0.761858344078064 1.628571040928364 0.4001024961471558 44.32901450246572 0.7715655863285065 10.26495613157749 2.70176787674427 93.12263695895672 0.9851337969303131 0 0
0.2111366391181946 0.1102259159088135 0.1668944805860519 0.4300568550825119 2.437771618366241 395.7345299869776 3.908733122050762 15.77102909982204 20.89473767578602 6.198649629950523 42.49080171436071 6.845527924597263 16.62500150501728 9.359634160995483 815.256559215486 0 0.3181680738925934 3.401695899665356 3.827523246407509 1.48709113150835 0.2227849364280701 0 0.4276783689856529 3.498116545379162 0.5614899098873138 6.003284901380539 1.555108807981014 1.960970595479012 17.3477403447032 1.006220571696758 0.1839391514658928 56.68374200165272 0 479.1864582747221 4.123643770813942 56.29327575862408 8.801651947200298 292.6223753839731 201.359462544322 866.4347245171666 313.0284273326397 5.224121153354645 1.478887408971786 0 0 0 0 0 0 0.1350400000810623 0 0.6641501784324646 0 0.2957558333873749 0 0 0 0 0 0 0 0 0 0.4865881204605103 0 0 0.7351806908845901 0 0.09175259619951248 0.1134238615632057 0.5347229987382889 0 0 0 0 0 0 2.023624420166016 0.1721714735031128 0.1819819509983063 0.522035114467144 0 0 0 0 0
19.34987493604422 0.4456543400883675 117.2745482325554 63.76102849841118 395.7345299869776 9633.188569843769 3917.293180666864 9524.346582442522 597.8337143957615 6308.136480405927 76.9224741756916 6630.155345477164 92.61510343104601 2718.791999034584 679.3119777590036 1.895850710570812 12.43199896067381 16.04373125731945 17.52853931486607 679.5889996141195 43.58056929707527 1.735865198075771 85.90268582105637 78.12533878535032 0.6811147779226303 45.23896012455225 23.92714191228151 161.2234338894486 684.9552483633161 136.0309300050139 1.521032072603703 1086.622133143246 6.678659871220589 302.5597568452358 39.15710932761431 1588.335450910032 73.5168569535017 583.8415083140135 489.6978286281228 1433.7778115049 189.539828941226 37.66479720175266 19.87245471030474 0.1663869470357895 0 1.492180772125721 13.2177831158042 0 0.8851363062858582 12.83495020121336 1.283234804868698 13.72204124927521 3.823387511074543 0 23.83078964799643 0.1848683059215546 0.8866510316729546 9.204432547092438 2.459099560976028 0 0.07804188132286072 0.2052264809608459 13.41686682403088 1.476054631173611 0.7816359326243401 0.2965103685855865 39.58636096864939 0 1.412254020571709 3.380967371165752 44.32577964663506 1.42372664809227 6.10490246117115 0.1230932474136353 0 1.659125111997128 0.823901392519474 3.077761925756931 35.20859844982624 1.811586454510689 8.051563441753387 2.623965010046959 23.47152353078127 0.4787732362747192 1.435914322733879 0
1113.165592137724 10.58057281374931 1462.03465154022 417.6896201446652 3.908733122050762 3917.293180666864 20121.07697801664 2044.012227840722 563.0321103110909 11458.01361025125 17.00247044861317 127.9252075329423 22.19708669185638 8814.264695350081 16.22917547821999 85.10557679086924 98.80775909870863 9.577880807220936 19.02836748212576 139.9275977835059 1231.205507308245 49.7922710031271 1517.837306194007 3523.714470528066 5.33148006349802 356.023169644177 342.6821175292134 15645.8804602176 1332.965382415801 6102.426926419139 0.3951309099793434 10.78018502891064 100.0861287415028 303.8774283304811 79.35398877412081 1606.290550202131 53.58468151092529 724.7476924657822 301.579411379993 211.1869680657983 55.65741627663374 7.947084672749043 25.49855096638203 5.079394854605198 1.213230788707733 20.56398272514343 112.6129218265414 0 5.229922965168953 370.7865024060011 13.43512707203627 220.904701538384 72.88148808479309 1.233325868844986 31.47209797054529 0.5023909956216812 30.8801805973053 6.935123480856419 10.14422695338726 0.2662173137068748 0.3475888818502426 0.08273754268884659 152.76062515378 17.15062058717012 17.9726283326745 5.890115216374397 543.1494434550405 0 2.691882513463497 52.92647518217564 657.7621817216277 43.16655594110489 30.36767295747995 0.1205887123942375 0 4.928278282284737 16.58392801880836 14.69402702152729 158.8276874423027 0.6101869568228722 91.31184558570385 16.34230761229992 71.78503903746605 7.293532863259315 0 1.224181234836578
375.6849814355373 0.3959009274840355 266.05790296942 50.87151899933815 15.77102909982204 9524.346582442522 2044.012227840722 11606.54784137383 27.71863995492458 2483.277239397168 74.79743440449238 964.0805321410298 42.95830914378166 10116.77452223003 52.42535128444433 2.36494879424572 119.6671743132174 16.99901287257671 37.41606019064784 320.4040672853589 99.93062804639339 1.855551518499851 211.7573898807168 115.6546400077641 0.7187432795763016 114.946171939373 78.73532842844725 159.649868555367 731.3362229764462 1123.822197090834 1.064223200082779 209.1509190127254 5.568421170115471 358.5208822563291 24.06277996301651 375.2065901234746 29.46214450895786 462.9170380756259 351.1019872203469 462.5671098232269 194.8446370363235 18.55970671027899 6.324667423963547 0.4428464770317078 0.5233700200915337 1.492555662989616 4.04344104975462 0 0.1306003928184509 18.60094246268272 1.451285876333714 9.717692539095879 3.208627119660378 0 2.945721201598644 0 1.389075867831707 0.231070950627327 5.04535736143589 0 0.09654096513986588 0 6.659375391900539 8.201228275895119 2.544953145086765 0.6370026171207428 43.20010807365179 0 0.9876229092478752 5.235564336180687 47.23599326238036 4.789375722408295 2.858869783580303 0 0 1.144237570464611 1.500714935362339 1.026852369308472 10.30244099348783 0.9777603298425674 5.243910752236843 4.061176910996437 1.847906641662121 0.1930771768093109 0.5446711480617523 0.8786145448684692
19.65650326013565 357.7107912972569 9.102375350892544 1460.067454263568 20.89473767578602 597.8337143957615 563.0321103110909 27.71863995492458 1213.35171263665 362.6682090386748 6.74079555273056 1177.193021208048 34.49724872410297 59.99087404459715 659.6130395010114 65.44540205597878 7.507005207240582 0.8577647693455219 6.020996883511543 873.065528973937 31.23716581612825 2535.549516744912 13.79972987622023 8602.131791122258 68.42535899579525 30.22130250930786 520.2371208891273 1628.479605853558 144.8915590271354 72.31629144400358 1.032821081578732 0.7289606705307961 15.94698973745108 45.21510275453329 14.14747387170792 408.1597772538662 37.81083735078573 96.8827914968133 49.70645708590746 213.7698421701789 6.611903287470341 8.272131994366646 3.24757693707943 3.127872914075851 4.361043527722359 1.030531108379364 238.3477057740092 0.7506413459777832 11.19101902097464 137.9681759625673 7.775854356586933 148.4349959045649 51.53336419165134 1.9307456985116 204.1903927698731 1.982232384383678 14.07248717546463 95.48815029859543 23.21250002086163 0.1203397363424301 0.1484698206186295 0 231.618564426899 20.17114252597094 19.88353855162859 3.814500823616982 676.4495520740747 0.3711484372615814 1.723037697374821 8.791936315596104 375.6536436490715 22.60208012163639 23.16487947851419 1.034168943762779 0 1.950866773724556 6.732497699558735 4.379701636731625 149.7836487144232 5.002938330173492 30.69106931984425 5.230487801134586 267.7768652066588 1.459565460681915 0.2854860052466393 1.289642512798309
44.62835717573762 0.2701923325657845 50.98522904515266 2266.538612283766 6.198649629950523 6308.136480405927 11458.01361025125 2483.277239397168 362.6682090386748 29681.95735625178 33.61916778609157 6131.583875328302 10.52633031457663 1808.594328660518 18.08140491694212 3.069990232586861 6.656203459948301 11.93482033535838 14.44045781344175 2978.704224601388 23.96384515613317 2.763480424880981 40.73470928519964 390.139899328351 0.6735367849469185 26.88564939051867 17.47416109591722 2241.020064413548 805.7062595710158 40.61431413516402 0.4939167089760303 22.88283777981997 15.72446031868458 270.451618373394 55.35113718360662 1012.546821899712 42.12792461365461 721.0903552100062 240.1287061423063 233.0669704079628 81.90441112220287 3.992063038051128 22.90123186260462 0.8071999251842499 0 1.061935015022755 137.6005967780948 0 1.748700715601444 113.8272408917546 2.20640005916357 146.7960920110345 104.9282632470131 0.6062313988804817 115.4485378563404 0 5.832597628235817 10.29274319857359 0.8720707073807716 0 0 0.3264033049345016 116.3894533440471 1.161848492920399 0.9547639936208725 0.6652263104915619 165.5313081629574 0 0.2963094487786293 2.565876424312592 142.842507943511 5.565011203289032 1.222599916160107 0 0 0.7055086195468903 1.469739027321339 3.222840785980225 30.88952665776014 0 10.5292851254344 1.087914817035198 29.84360217303038 1.026386097073555 0 0
4.349580772221088 70.60803978890181 7.129334427416325 1.34941079467535 42.49080171436071 76.9224741756916 17.00247044861317 74.79743440449238 6.74079555273056 33.61916778609157 11554.91474521905 28.12168458849192 2969.233794890344 131.388189829886 0.3555623739957809 0.9311580285429955 149.1714828312397 2894.981252007186 924.1329236030579 11.16140119731426 11.47323045879602 17.63329316675663 45.79916678369045 9.620863869786263 970.522324077785 2328.526544608176 1093.449961394072 6.727271974086761 418.9962160103023 16.82019510865211 943.8898546174169 134.9217196330428 11.04178506880999 3863.374305777252 11.84862633794546 341.1964847669005 3712.153272137046 3516.202834710479 609.8735962659121 8.711692824959755 145.8316407203674 1194.951101720333 10.22427551448345 0 9.592844754457474 0.285088412463665 0 0 0 0.323540024459362 0 0.9484033510088921 0.3895625248551369 394.2999473363161 0.5480580031871796 683.0062506273389 0.5969943478703499 0 0 0 22.43177347630262 5.302676975727081 0.634435273706913 0.219900831580162 1.4222212433815 0.1220139488577843 1.983381219208241 211.6725006327033 140.1971363201737 354.7879287749529 1.260261550545692 0.6280439123511314 0 129.5681483149529 0.1248706951737404 0 10.17604900896549 1.844521962106228 5.820719592273235 452.7660399377346 36.32675112783909 1.299337781965733 0.1643872559070587 0.484389454126358 283.3711286112666 0
1.980659551918507 1.175789266824722 0.8945227414369583 2362.942794084549 6.845527924597263 6630.155345477164 127.9252075329423 964.0805321410298 1177.193021208048 6131.583875328302 28.12168458849192 6239.139643736184 8.609756156802177 376.7793530151248 323.0696155205369 0 0.8498098626732826 7.733598165214062 9.942382477223873 3357.527120895684 0.4558907523751259 2.894763946533203 1.063386537134647 94.48186004161835 0.2302747592329979 9.18344683945179 4.226287536323071 373.5345890149474 270.8701830133796 1.962839648127556 0.6064500883221626 27.627516284585 0.5039027631282806 127.791668087244 53.3448633775115 326.8474333286285 9.843287445604801 268.0011195540428 88.51194177567959 421.1881044358015 33.87837830930948 3.15820649266243 2.803602300584316 0 0 0 44.37160619348288 0 6.687846079468727 8.067162550985813 3.173570476472378 46.19013540446758 38.56851258128881 0.08317503333091736 191.1347895339131 0.09599430114030838 1.190324403345585 25.17555536329746 0 0 0.08517730981111526 0 57.011294901371 0 0 0 31.67271874845028 0 0.2706100791692734 0.527715839445591 23.36547517776489 1.250038467347622 0 0 0.0972127690911293 0 0.3125888630747795 0 43.00186413526535 0.5866912752389908 1.884593963623047 0.1258074641227722 83.32496817409992 0.4924502521753311 0.1622814983129501 0
0.1690745204687119 828.6840699538589 6.62645048648119 1.695133380591869 16.62500150501728 92.61510343104601 22.19708669185638 42.95830914378166 34.49724872410297 10.52633031457663 2969.233794890344 8.609756156802177 3523.625295117497 38.02566976845264 6.163705691695213 5.824833102524281 4.065793789923191 73.20394733548164 13.92445962876081 1.682360716164112 4.719031915068626 146.1882385388017 10.50439552217722 44.50579679012299 5667.932845748961 531.9107245281339 2837.696738503873 32.35335007309914 45.93675966560841 13.66851031035185 1613.58389480412 40.43887560069561 1.542305611073971 278.2491408213973 72.5747951939702 1788.368568725884 2803.114983841777 3048.114798948169 418.3217572122812 202.2864977568388 161.9333667159081 1521.203875824809 28.2440122961998 0.1067886203527451 30.82873392850161 0.9049215912818909 0.15206578373909 0 1.829228028655052 2.095491088926792 5.559221893548965 0.6798509955406189 0.5272641032934189 551.0937354564667 6.21100340038538 740.8861961737275 5.982410475611687 0 0.09914146363735199 0.161142036318779 16.17480610311031 6.310734711587429 0 1.099444389343262 2.317024901509285 2.018631592392921 2.256965540349483 254.1230762824416 116.421740591526 269.3582057729363 5.626727789640427 2.483389668166637 0 115.1392477676272 1.256669163703918 0 20.21299826353788 32.25824928283691 628.3234450444579 619.2360082566738 319.682156264782 129.3813489601016 133.0028244405985 117.3420143276453 614.4500494673848 1.565684020519257
4269.34785425663 1.781360976397991 605.9855595827103 82.42439621686935 9.359634160995483 2718.791999034584 8814.264695350081 10116.77452223003 59.99087404459715 1808.594328660518 131.388189829886 376.7793530151248 38.02566976845264 10763.02517757937 12.8589439317584 7.295839250087738 300.3236062452197 40.76409950107336 105.4423717074096 184.622232452035 250.2713141702116 4.052833572030067 513.1646848805249 331.4934863112867 2.107001721858978 275.3853030204773 208.8030611276627 323.7372706569731 6666.714502383024 5017.059496965259 2.406454131007195 38.65110231935978 20.23331279307604 733.1633231565356 21.43088351935148 458.7265678718686 44.88733130693436 775.4210314750671 299.1541823148727 186.1383011713624 119.804045945406 12.50651423633099 6.290865153074265 0.9071381241083145 0.4116841033101082 5.335042357444763 10.30353161692619 0.1900348365306854 0.2006163150072098 36.54183545708656 1.211812794208527 23.08362095057964 5.065024100244045 0.07874053716659546 4.266564041376114 0.3996914550662041 2.812545403838158 0.4192546606063843 10.99935122579336 0 0 0.0969030037522316 9.047231189906597 18.53379662334919 5.587408199906349 2.732126250863075 74.79170241951942 0.1208882257342339 1.63773836940527 13.43247789144516 91.0153976380825 6.935596875846386 6.262021899223328 0 0.07193262875080109 0.9945523291826248 2.546806417405605 3.775312252342701 23.55625595897436 0.8694303706288338 11.29232835024595 2.85302672535181 5.04219277203083 0.9069523960351944 0.7334182485938072 0.1197670623660088
0.2888533174991608 1.366303443908691 0.1167227402329445 22.13506028056145 815.256559215486 679.3119777590036 16.22917547821999 52.42535128444433 659.6130395010114 18.08140491694212 0.3555623739957809 323.0696155205369 6.163705691695213 12.8589439317584 241.8895808458328 0 0.1040929108858109 0 0.2100365459918976 33.28239475935698 0 20.14007852971554 0.1317959874868393 109.4627636522055 0.8537044078111649 0.2632186487317085 3.006946012377739 13.00304850935936 6.520022578537464 0.144801452755928 0 54.98469562828541 0.1219219639897346 11.33548071980476 3.668580695986748 292.1509359925985 4.311432301998138 16.72351306676865 20.24156260490417 997.1146410405636 109.0466739535332 1.098856031894684 2.184704288840294 0 0 0 0.7396567761898041 0 0 0 0 0.5955003499984741 0 0 11.84950883686543 0 0 0 0 0 0 0 0.9411462545394897 0 0 0.1913099139928818 0.7940833568572998 0 0 0 0.3348883390426636 0 0 0 0 0 0 0.1949630826711655 7.469867140054703 0 0 0.2116863876581192 13.97655463218689 0 0 0
4.301748290657997 250.2357447519898 14.74907068163157 0.6971089020371437 0 1.895850710570812 85.10557679086924 2.36494879424572 65.44540205597878 3.069990232586861 0.9311580285429955 0 5.824833102524281 7.295839250087738 0 1804.620291732252 14.7405709400773 0.3838480263948441 2.198014207184315 0 1143.227604962885 2685.887839570642 2206.220954060555 2923.077899694443 13.62399089336395 7.023857094347477 2248.469664640725 1783.099066868424 37.66625809669495 298.5761847570539 0.1048056408762932 0 7.185626074671745 79.49157905578613 67.57926948368549 1537.67653439939 552.9830705672503 424.8993663191795 377.0814004465938 59.71225366741419 1.729409143328667 3.85916556417942 11.77995245158672 0.8354751691222191 6.209847390651703 82.37176087498665 0.3521844819188118 0 0.09439008682966232 7.209680162370205 1.058587089180946 14.63553833216429 0.2914677485823631 0.2288814783096313 0.2565450072288513 0.1318860650062561 0.9114159196615219 0.1233998537063599 1584.168971940875 3.155712947249413 0.2520129233598709 1.221730627119541 0.1309818774461746 375.0959764420986 1176.432165071368 784.6635857820511 151.7032352909446 0.1189303174614906 8.34645177423954 815.5318414345384 190.8514663800597 9.032312877476215 19.32291676849127 0 0 1.490716025233269 2.485601671040058 12.32631212472916 45.78857243806124 2.224957697093487 15.3182038590312 7.009256884455681 3.973650239408016 0.7840247228741646 0 0
113.6700165197253 182.9132571592927 2619.561483338475 1.786519944667816 0.3181680738925934 12.43199896067381 98.80775909870863 119.6671743132174 7.507005207240582 6.656203459948301 149.1714828312397 0.8498098626732826 4.065793789923191 300.3236062452197 0.1040929108858109 14.7405709400773 1066.167479880154 128.4628630578518 1393.323190465569 0.2145868837833405 287.4821369871497 10.43607692420483 3660.877993963659 19.91272184252739 13.10863710194826 2288.303322389722 4948.458364747465 20.31438650935888 497.7185141593218 745.8189967647195 1.575999595224857 2.591391980648041 77.05355368554592 2077.585430182517 9.558885812759399 192.9522105306387 42.78679651767015 899.7425981163979 165.9741836562753 7.525217965245247 1.981731660664082 2.974185325205326 1.373950093984604 0 35.88142855465412 82.24671169370413 0.08036992698907852 0 0.125079333782196 0.1711387485265732 0.6590818762779236 1.233640410006046 0 0.7000119909644127 0 0.2133693993091583 0.09657558798789978 0 1.930988237261772 15.7371396496892 0.8841914981603622 7.670313149690628 0.07609516382217407 2.335281223058701 9.209487743675709 6.130713112652302 1.515332385897636 0.5673974901437759 110.7880279421806 396.9879759550095 2.433941848576069 0.09219107031822205 0.4287393391132355 0.2547729015350342 0 0 3.91485258936882 3.074245885014534 11.49314294755459 3.5033895149827 16.86752891540527 0.6892724856734276 0.08866819739341736 0 0 0
3.244314670562744 10.89267238974571 23.72844160348177 0.4912472516298294 3.401695899665356 16.04373125731945 9.577880807220936 16.99901287257671 0.8577647693455219 11.93482033535838 2894.981252007186 7.733598165214062 73.20394733548164 40.76409950107336 0 0.3838480263948441 128.4628630578518 441.9252860993147 820.4659378007054 4.041364014148712 5.581824947148561 1.988062754273415 43.33837790414691 3.113088816404343 70.02055095136166 1663.145869888365 573.1566664204001 1.727994300425053 114.9393202289939 14.30518140643835 44.53305374085903 25.42469780147076 1.840042751282454 839.6719686761498 6.60801924020052 411.1230320706964 946.3007723763585 1393.230335429311 476.4842410981655 5.405850373208523 18.7407013848424 28.14739379286766 3.7560680732131 0 9.740893796086311 1.025985419750214 0 0 0.08252497762441635 0.0696759894490242 0 0.5777234882116318 0 26.13922394812107 0.06843414157629013 59.85214924812317 0.2949629947543144 0 0.1894022524356842 1.868881039321423 11.05325819551945 15.47765386104584 0 0.2195552960038185 0.556797131896019 0.1725121140480042 0.6719557791948318 38.94243466109037 67.08635552972555 225.2562146931887 1.164221569895744 0.09639173001050949 0.1736911684274673 22.94894114881754 0 0 1.73072174936533 1.77569193392992 6.544590912759304 57.43056227266788 3.207290887832642 0.4739982634782791 0 0 2.681936129927635 0
30.49118208140135 118.3606413602829 159.4393585547805 0.5351328253746033 3.827523246407509 17.52853931486607 19.02836748212576 37.41606019064784 6.020996883511543 14.44045781344175 924.1329236030579 9.942382477223873 13.92445962876081 105.4423717074096 0.2100365459918976 2.198014207184315 1393.323190465569 820.4659378007054 1578.644896946847 3.544069118797779 64.57630616426468 9.064547173678875 444.5567196309566 9.713839709758759 49.10048304498196 1725.769873715937 3261.076135285199 6.104668144136667 314.1186928749084 124.5686194114387 6.389462992548943 25.36190579086542 45.54283230006695 5167.962224982679 11.09965156763792 466.6851272284985 435.7604273110628 1712.781489335001 463.2004026323557 5.140323922038078 12.52465214580297 4.789260275661945 1.767163090407848 0.1249312832951546 52.59467994421721 16.51904751360416 0.2492118626832962 0.07924025505781174 0 0.2190600410103798 0 0.1833498701453209 0 3.368422485888004 0 5.528468176722527 0.5213783532381058 0 1.829420745372772 12.73666393756866 6.625396907329559 115.7510988637805 0 0.09416665881872177 2.320078834891319 0.5517762452363968 1.534640967845917 4.984941177070141 247.2742484211922 603.9445145875216 2.173563532531261 0.3686455190181732 0 3.156560949981213 0 0 2.29984213411808 1.823307029902935 10.71978798508644 7.964656241238117 7.790353402495384 1.557786531746387 0.2270352318882942 0 0.5623832270503044 0
4.143475219607353 0.08227258175611496 2.320800356566906 1750.759131662548 1.48709113150835 679.5889996141195 139.9275977835059 320.4040672853589 873.065528973937 2978.704224601388 11.16140119731426 3357.527120895684 1.682360716164112 184.622232452035 33.28239475935698 0 0.2145868837833405 4.041364014148712 3.544069118797779 464.548204831779 1.20795526355505 0.3315071985125542 1.796898726373911 160.2687881588936 0.1070904061198235 4.259393401443958 3.017158806324005 1708.474723830819 150.3472165167332 2.437052883207798 0 7.818170517683029 1.263053454458714 61.05066445469856 5.411021180450916 194.7759627997875 6.630008116364479 152.0477319359779 48.85900323092937 114.8584234416485 18.33665353059769 0.4317588433623314 4.719027474522591 0.1118415296077728 0 0 93.51725225895643 0 1.8511962890625 53.81128025054932 1.404307439923286 98.96415527909994 23.06248236447573 0 80.1422303467989 0 2.579170115292072 11.12567588686943 0 0 0 0.08477253466844559 112.5917823910713 0.09378133714199066 0 0 88.90422210842371 0 0 0.2784449905157089 76.7567690834403 1.321457639336586 0 0 0 0.4191549569368362 0.1702873706817627 0.9982500970363617 27.42894929647446 0.08572275191545486 4.477330394089222 0.4466420710086823 45.30568027496338 0 0 0
38.91591201722622 10.80261000990868 432.1660870835185 5.803348541259766 0.2227849364280701 43.58056929707527 1231.205507308245 99.93062804639339 31.23716581612825 23.96384515613317 11.47323045879602 0.4558907523751259 4.719031915068626 250.2713141702116 0 1143.227604962885 287.4821369871497 5.581824947148561 64.57630616426468 1.20795526355505 8924.077024526894 230.6317013204098 8176.480060353875 1399.291538082063 1.457621082663536 45.41542851924896 955.5908357128501 4433.216160669923 183.8566170483828 10504.8908188343 0 0.08962415158748627 24.13099731504917 2537.328661650419 260.116157092154 4468.278176240623 829.192323051393 3594.82703859359 2037.05170301348 167.2641611173749 10.66571561992168 4.1838049441576 36.19698765873909 1.468201406300068 0.5917711034417152 23.61632453650236 0 0 0.1128683090209961 4.387963972985744 0.6669130250811577 14.88869727402925 0.2345715165138245 0.2914436757564545 0 0.1359446495771408 1.345056734979153 0 519.646248601377 1.774133577942848 0 0 0.2624023482203484 314.15599925071 217.5643534585834 161.6038009822369 110.74611672014 0 4.294729240238667 39.11453353613615 152.2543344050646 6.566848173737526 16.80906637758017 0 0 0.6769045814871788 3.231804035604 43.63681437820196 49.66354692727327 2.4025644287467 11.67639070749283 8.42135413736105 4.677210509777069 0.1469935178756714 0.1480670422315598 0
2.49019218981266 1051.149509899318 13.1095659211278 1.599615253508091 0 1.735865198075771 49.7922710031271 1.855551518499851 2535.549516744912 2.763480424880981 17.63329316675663 2.894763946533203 146.1882385388017 4.052833572030067 20.14007852971554 2685.887839570642 10.43607692420483 1.988062754273415 9.064547173678875 0.3315071985125542 230.6317013204098 1263.400369621813 357.8408295214176 4644.712339505553 272.2329698204994 57.01300505548716 3203.466516889632 481.1486961096525 13.56294782459736 53.47944884002209 6.949066989123821 0.1163972243666649 4.462886817753315 21.65310283005238 3.250995673239231 112.7742895558476 45.35820285975933 46.67408633977175 23.79932942986488 7.661228366196156 1.114881351590157 35.74146544933319 1.034892857074738 0.3667587488889694 27.44505751132965 57.45249574631453 0.8945214971899986 0 0 2.418812349438667 1.155164301395416 16.21275164932013 0.1802394837141037 3.412384979426861 0.1742948442697525 3.479827359318733 0.7915448844432831 0 599.149213090539 1.27356906235218 0.2727744281291962 0.6556791067123413 0.3098442256450653 130.0065829381347 207.658055536449 252.3153333365917 73.39362828433514 1.305480450391769 5.875201441347599 519.9545024931431 85.22992725670338 3.070017874240875 3.598790571093559 1.08875522762537 0 0.4531213715672493 2.13015128672123 1.216950975358486 13.17444049566984 7.075818531215191 6.790365897119045 1.884917497634888 1.132121950387955 0.8951511085033417 0.7112128362059593 0
77.60769505798817 42.8938050121069 6530.738720104098 8.823774345219135 0.4276783689856529 85.90268582105637 1517.837306194007 211.7573898807168 13.79972987622023 40.73470928519964 45.79916678369045 1.063386537134647 10.50439552217722 513.1646848805249 0.1317959874868393 2206.220954060555 3660.877993963659 43.33837790414691 444.5567196309566 1.796898726373911 8176.480060353875 357.8408295214176 11166.61047981679 469.992222353816 2.411606095731258 1717.547968268394 7920.818082548678 2191.976403668523 248.8567817397416 4368.194679245353 0.7505399659276009 1.643524065613747 30.89700921624899 2855.320948258042 418.959575869143 7119.65956453234 2284.445330262184 5966.150233864784 4055.404867708683 556.8195046633482 21.36910317838192 13.31393541395664 79.42618831247091 0.5405097827315331 26.73364619910717 385.0314105153084 0.4322640523314476 0 0.2174141556024551 4.696452148258686 0.4463373050093651 4.735795684158802 0.4712834656238556 0.346993662416935 0.1104111671447754 0.9352653920650482 0.7136813923716545 0 937.0427973121405 3.636542230844498 0 1.277622416615486 0 127.1774250790477 661.5294321030378 526.1856817826629 55.78896456956863 0.261022612452507 7.109069176018238 1473.937002182007 66.27519641071558 2.554856732487679 7.390408515930176 0 0 0.3805330097675323 5.057042419910431 131.0823657810688 70.56902782618999 11.54832927137613 26.97132889926434 17.0159634873271 4.866489715874195 1.788490369915962 0.3755022808909416 2.420883297920227
141.5364648327231 259.4898107498884 99.42025908827782 989.8027469590306 3.498116545379162 78.12533878535032 3523.714470528066 115.6546400077641 8602.131791122258 390.139899328351 9.620863869786263 94.48186004161835 44.50579679012299 331.4934863112867 109.4627636522055 2923.077899694443 19.91272184252739 3.113088816404343 9.713839709758759 160.2687881588936 1399.291538082063 4644.712339505553 469.992222353816 8000.716370522976 38.68664344400167 52.11991987377405 1533.668241932988 8023.528118439019 997.8392844945192 393.9053480550647 1.220179431140423 6.779616244137287 131.8694491833448 313.7886214964092 106.7673864886165 2326.517224766314 105.3665677085519 645.7099668867886 348.28260756284 196.6090914905071 33.04929353296757 7.891005858778954 21.4893561527133 13.75164338201284 2.007288038730621 20.43943458795547 183.2346125468612 0.6665662527084351 8.109013736248016 445.636391967535 26.58080682903528 807.0233864113688 93.71807757019997 2.449186615645885 51.16550137847662 1.89764691144228 49.91716422140598 28.84486031532288 201.5885449126363 1.557448528707027 0.5240998044610023 0.08569945394992828 198.6214477047324 221.398316398263 272.3748273327947 52.06250347197056 1578.904296085238 0 3.39016304910183 72.43270259350538 1583.880215637386 110.8667283244431 105.5318398997188 0.533104196190834 0.6365526914596558 13.37969652563334 33.69819571822882 24.41572340577841 315.7462188974023 7.928185202181339 177.6558215394616 40.29707249999046 123.5939149037004 9.049481369554996 0.2450565993785858 3.140446119010448
0 1243.425818301737 5.403392910957336 0 0.5614899098873138 0.6811147779226303 5.33148006349802 0.7187432795763016 68.42535899579525 0.6735367849469185 970.522324077785 0.2302747592329979 5667.932845748961 2.107001721858978 0.8537044078111649 13.62399089336395 13.10863710194826 70.02055095136166 49.10048304498196 0.1070904061198235 1.457621082663536 272.2329698204994 2.411606095731258 38.68664344400167 463.6725275740027 1381.231012456119 4689.373104922473 8.34290461987257 6.399419315159321 1.462135344743729 460.05742328614 2.612249203026295 0 56.40259824693203 2.054146468639374 96.38372404128313 220.8931278288364 279.5904175490141 110.6847267001867 9.377537362277508 45.91698384284973 924.0960580632091 18.89459006488323 0 57.88485742360353 2.771159157156944 0.09730426222085953 0 0.09883485734462738 0 0 0.1324590742588043 0 289.6300427243114 0 719.048279851675 0.327460765838623 0 0.3631060719490051 0 12.95311369001865 11.47146426141262 0 0.455609917640686 3.603660196065903 0.1143457815051079 0.1378170549869537 144.0919064134359 100.4435633048415 443.2958078831434 0.201986663043499 0.180846132338047 0 76.5183245614171 0 0 8.047104686498642 6.268143951892853 47.38388684391975 65.64756406098604 25.90405146032572 1.197736687958241 8.399459183216095 2.395892351865768 51.34966040402651 0
58.42275681719184 777.9637822657824 4784.35616960004 4.101722203195095 6.003284901380539 45.23896012455225 356.023169644177 114.946171939373 30.22130250930786 26.88564939051867 2328.526544608176 9.18344683945179 531.9107245281339 275.3853030204773 0.2632186487317085 7.023857094347477 2288.303322389722 1663.145869888365 1725.769873715937 4.259393401443958 45.41542851924896 57.01300505548716 1717.547968268394 52.11991987377405 1381.231012456119 25410.20468010381 14543.8687745668 48.81963041052222 290.503617092967 314.3606205396354 580.2218374162912 29.03428491204977 23.48283875733614 1121.404538579285 29.83489422500134 1544.902732975781 2641.501172542572 2850.780955299735 948.6251942589879 15.93384968489408 21.89145845919847 119.1256408691406 8.608127452433109 0.5113093703985214 295.2551872879267 247.7115042805672 0.1875602453947067 0 0.3666588813066483 1.078499332070351 1.581897430121899 3.436219997704029 0.100682444870472 127.9485664665699 0.2240006774663925 289.6133670881391 3.379117697477341 0 8.486863739788532 75.39049150794744 108.0545801818371 318.3914737999439 0.111258253455162 1.838879831135273 15.85395346581936 6.083737730979919 6.028078682720661 464.2124838605523 1617.96388336271 4321.345698066056 4.969092480838299 1.965001113712788 0.8971263989806175 123.4657481834292 0 0 26.39022118598223 13.92667146027088 52.55342973023653 230.7287787571549 65.72829324007034 10.83781738579273 1.852373413741589 0.2521680071949959 11.86463198810816 0.1902365684509277
57.94044097140431 5715.755239397287 7211.942824468017 4.086264461278915 1.555108807981014 23.92714191228151 342.6821175292134 78.73532842844725 520.2371208891273 17.47416109591722 1093.449961394072 4.226287536323071 2837.696738503873 208.8030611276627 3.006946012377739 2248.469664640725 4948.458364747465 573.1566664204001 3261.076135285199 3.017158806324005 955.5908357128501 3203.466516889632 7920.818082548678 1533.668241932988 4689.373104922473 14543.8687745668 20332.10558766872 1199.596985287964 269.6044790968299 348.1022235378623 903.8110205307603 10.43568744510412 20.49101150780916 3559.108584277332 223.3704695031047 7056.272365063429 2559.365295171738 7244.201373800635 2534.793406642973 229.4142679125071 18.5457403883338 129.1758558228612 51.00322504341602 0.7900184541940689 1350.472424894571 2064.313976205885 0.2552857846021652 0 0.5054150149226189 6.547361515462399 4.196307331323624 10.41552046686411 0.7371073886752129 94.75958117097616 0.3072081878781319 191.4457615613937 4.331323340535164 0 456.1667977496982 134.2732210531831 77.72008081525564 331.2323702573776 0.1476708203554153 73.01635682582855 1472.062569767237 414.9488283023238 48.10392399132252 339.0572795718908 1570.353950537741 9766.071316711605 48.18753228336573 4.527993716299534 7.144238732755184 102.8340806663036 0 1.112116664648056 68.11806294322014 82.44077131897211 234.7545573711395 206.862378269434 215.3230864033103 70.20622008293867 6.746482357382774 0.7723418027162552 11.14440865069628 0.7766551226377487
92.6643453463912 31.2530659660697 266.4241118952632 2944.124622412026 1.960970595479012 161.2234338894486 15645.8804602176 159.649868555367 1628.479605853558 2241.020064413548 6.727271974086761 373.5345890149474 32.35335007309914 323.7372706569731 13.00304850935936 1783.099066868424 20.31438650935888 1.727994300425053 6.104668144136667 1708.474723830819 4433.216160669923 481.1486961096525 2191.976403668523 8023.528118439019 8.34290461987257 48.81963041052222 1199.596985287964 12278.25470837206 747.552598182112 7650.491171732545 0.3330751433968544 3.591676212847233 129.74184615165 619.1444921940565 176.4627351015806 3019.868545278907 149.6846150457859 1103.108378596604 552.1586594581604 171.0849714130163 35.72654193639755 5.171386763453484 30.54774604737759 12.96444228291512 2.220923878252506 14.59176470339298 234.459190428257 0 7.239518567919731 455.8763752803206 29.47943437099457 530.248209901154 102.2810330614448 2.43913421779871 88.912244156003 0 51.67264846712351 17.0308768376708 150.5397082790732 0.6600870415568352 0.4151080399751663 0.5714731141924858 226.3071906268597 219.1579691916704 123.5329100936651 37.81386302411556 1395.102137558162 1.139729380607605 2.824642896652222 39.00697410851717 1473.894037626684 115.8377525657415 153.7961541861296 0 0 13.6956969499588 32.40637132525444 29.18457913398743 335.9459572732449 6.205744937062263 158.7696364596486 37.00384555011988 140.9115777164698 11.28008285909891 5.331506550312042 7.491464085876942
