1213.220236517489 0 108.3412035107613 6.694045580923557 0.2323164045810699 16.74762916564941 2363.361901797354 242.2895400375128 0.6115617454051971 73.52973762154579 7.187090218067169 2.989008150994778 0.2695717588067055 2540.842696517706 0.08117805421352386 0 116.1135547086596 7.679967522621155 48.56943010538816 8.699825577437878 83.24286970496178 0 89.02330514788628 30.92546613514423 0.1694367229938507 92.87274304777384 9.814758263528347 188.013540327549 2942.763077273965 1146.38044757396 1.959552191197872 1.299174748361111 30.60209333896637 67.81806304305792 0.6135058254003525 6.472927331924438 4.413482256233692 29.13394524157047 3.802708201110363 4.312243409454823 0.6741096079349518 0 0.1263707131147385 0 0.09861742705106735 0.5037439689040184 0.5502929091453552 0 0 1.036172837018967 0 0.9617019444704056 0.09550198912620544 0 0 0 0.1136224418878555 0 1.138100028038025 0 0 0 0 1.409949213266373 0.1109918653964996 0 5.686349347233772 0.1427290737628937 0.4039706513285637 1.055469430983067 5.647416763007641 0.08749039471149445 0.2466462701559067 0 0 0 0 0.2336522936820984 0.8966725915670395 0 0 0 0 0 0 0
0 110.4070023596287 102.6707221269608 0.2498382329940796 0.2666473910212517 0.2190294712781906 0.2491131946444511 0.5144927129149437 581.6942536383867 0 91.39621666073799 2.247566059231758 525.3762533143163 0.824891097843647 7.728706941008568 5.590568266808987 46.15265051275492 11.13436904549599 41.01327393203974 0.2762394621968269 1.145875297486782 2532.044991858304 14.76556931436062 546.9104955345392 1507.999723002315 236.3777257502079 4802.399919502437 1.633158169686794 0.220201164484024 1.557607002556324 24.92475536465645 0.7997520267963409 0 199.0231228172779 0.4949587285518646 36.59924267232418 86.80165646970272 93.14187455177307 12.22007622569799 8.187375903129578 0.7585917338728905 455.5024582594633 0.3252787888050079 0.132453665137291 66.34365096688271 153.2228100150824 0 0 0 0.4127646088600159 0.1775165647268295 1.253871597349644 0.2606233358383179 1.568583600223064 0 16.79368107765913 0.1154643967747688 0.1500531584024429 1.80777882784605 30.73601498454809 1.571577720344067 15.52321924269199 0 0 13.9590679705143 7.269862338900566 5.644347779452801 17.12399895489216 493.8869475498796 1645.611184552312 0.6503834798932076 0 0.2763336002826691 4.753845416009426 0 0.1402693390846252 3.184020832180977 0.6276085078716278 13.09950849413872 6.433071203529835 20.14862457662821 7.765068620443344 0.4776387214660645 0 3.162939727306366 0
108.3412035107613 102.6707221269608 4445.615044020116 6.468386821448803 0 59.01229694485664 1570.647253192961 500.4948625639081 1.264917269349098 108.7003723457456 7.398482777178288 1.556614369153976 0.6097555384039879 706.4233556240797 0 10.74068658053875 786.4836940020323 63.4202626645565 471.0253104418516 5.535643011331558 386.7006289660931 26.34301303327084 8087.766721196473 50.73090736567974 6.172589145600796 3405.956536464393 10410.73939292878 218.4762764722109 209.1711139380932 493.2747073248029 32.04043862223625 2.292010404169559 3.236069485545158 406.2508071362972 46.46501585841179 1059.579140424728 1503.221378169954 908.7076462432742 365.22392950207 69.3994372934103 0.9247381389141083 3.232459887862206 6.079561114311218 0.2939173728227615 275.7910894006491 1282.13839288801 0.1212079450488091 0 0.11390620470047 1.707751207053661 0.885036513209343 1.191413626074791 0 0.660872608423233 0.08648856729269028 0 0.5200451090931892 0.4057545959949493 16.15266647934914 167.3975855633616 0.3657020181417465 12.82242420315742 0 5.810876078903675 158.6207851245999 172.0416800007224 9.770396508276463 0.1456915587186813 224.9230891391635 2185.351249523461 3.594217367470264 0.0979250967502594 0.4128482490777969 0.8152799904346466 0 0 20.65356344729662 1.001763999462128 106.6107140630484 33.89998314529657 100.8076282739639 56.88520333170891 2.73350901901722 0.2986763715744019 0 0.5990136563777924
6.694045580923557 0.2498382329940796 6.468386821448803 2750.518901284784 2.874938167631626 35.50201532244682 239.3226120695472 45.23919461667538 508.3806197941303 4645.372304111719 1.19748318195343 1041.093630999327 0.2447273656725883 43.17202569544315 76.43617159128189 0.1540092527866364 0.5045696347951889 0.7375776320695877 1.418047860264778 4420.523459687829 5.577025316655636 0.3063545525074005 2.871773302555084 1483.036790065467 0.07687839865684509 2.391521982848644 7.470353215932846 4276.976157456636 138.4044651687145 0.9124122783541679 0.5680781304836273 3.592365883290768 7.665876366198063 33.71311614662409 7.522854119539261 278.6033718213439 3.777385145425797 81.78776536136866 34.40675545483828 114.233723603189 9.169290192425251 2.521063640713692 2.456605277955532 1.660410240292549 0.3463095724582672 0.2694333493709564 236.1511663943529 0.9867473840713501 10.82225275784731 45.48681549727917 4.446428373456001 93.19116745889187 87.96090336889029 0.1552625447511673 200.516279488802 0 4.496002845466137 13.8583912551403 1.416141733527184 0 0 0 115.6967012733221 0.5171065330505371 0.3455756902694702 0.2146594375371933 667.1418829262257 4.545730113983154 0.4927766025066376 0.5441985577344894 336.3478474095464 7.69217985868454 3.214459478855133 0.09079182893037796 0.1001889929175377 0.4001781195402145 1.321539141237736 0.7616076618432999 27.79835133999586 0 13.19314508885145 1.939367741346359 123.8820118159056 1.290616631507874 2.637877702713013 0.5391799211502075
0.2323164045810699 0.2666473910212517 0 2.874938167631626 144.8774228096008 195.769182600081 1.18979986011982 113.5721280872822 94.24124400317669 3.628609679639339 4.448472626507282 51.51928282529116 2.817665718495846 0.2459738403558731 873.0793426036835 0 0 0.1371243596076965 0 3.991495065391064 0.09235341101884842 0.6544303894042969 0.1638244390487671 39.78520124405622 0 1.098958760499954 2.097801029682159 3.539417311549187 1.218817427754402 0 1.351363405585289 84.25483863055706 0 152.2523650228977 0 46.39624628424644 1.572322368621826 199.6467169672251 62.91353622078896 1812.139842100441 115.2326671332121 1.453322261571884 0.1749351322650909 0 0.2321452051401138 0 0.1440937221050262 0 0 0 0 0.1714731603860855 1.913959860801697 0 0.7189853489398956 0 0 0.5621791481971741 0 0 0 0 0 0 0 0 3.618556872010231 0 0 0 1.185510076582432 0 0 0 0 0 0 0 0.8383318781852722 0 0 0 1.207806676626205 0 0 0
16.74762916564941 0.2190294712781906 59.01229694485664 35.50201532244682 195.769182600081 12420.11490724981 2647.488954607397 6164.674436450005 97.0050999969244 6418.439317766577 78.27582389116287 3538.448824904859 20.04452179372311 822.2070565521717 1002.418815813959 0.2252056896686554 8.498226389288902 18.78827118128538 22.37065894901752 253.5490544438362 39.65423008054495 0.1038410663604736 16.31537937372923 55.70408373326063 2.251585833728313 37.74472362548113 20.16594596207142 269.173822119832 210.0375569276512 6.445719555020332 9.607083573937416 954.3174142837524 8.345279030501842 245.8306226581335 6.413062244653702 337.3238938748837 20.76881775259972 460.1477111130953 199.990705832839 1364.298706822097 136.7390887290239 5.280505135655403 8.736182101070881 0 0 0.3507986590266228 8.131215259432793 0 0 5.626425556838512 0 3.401600755751133 10.17696726322174 0 7.671751223504543 0.1430667638778687 0.3046317398548126 0 0.1988292634487152 0.1001804247498512 0 0.0956781730055809 4.017323032021523 0 0.09018814563751221 0.3374726846814156 39.57140389084816 0.153976634144783 0.6866941154003143 0.8975920453667641 21.32136166095734 0.9664291888475418 0.1018345355987549 0 0 0 0.1090863570570946 1.23670569062233 5.380849987268448 0.3236597701907158 1.704842366278172 0.2226670831441879 7.031224250793457 0 0.4852661043405533 0
2363.361901797354 0.2491131946444511 1570.647253192961 239.3226120695472 1.18979986011982 2647.488954607397 11598.73336231709 3396.150075577199 42.97897353768349 8201.133544255048 31.69081638008356 94.2658608071506 5.965516142547131 6744.855790734291 25.07367117702961 23.61110316962004 124.9699906297028 30.41872260719538 128.6012893691659 116.983231306076 2312.993922971189 3.436852276325226 996.6400908604264 944.7230034768581 2.431108862161636 367.4207601174712 624.7363274917006 17471.67310394347 3552.782749664038 6501.341398008168 18.95101604610682 47.60091745853424 470.7071577757597 800.3974003940821 162.6032844781876 1637.574057616293 45.0870566368103 1221.558537274599 494.2756228223443 161.6508057191968 52.77985133975744 3.285487793385983 26.00450260192156 0.8780651614069939 0.3831091374158859 7.275703832507133 34.88648160547018 0 3.71472941339016 65.42803865671158 2.243563652038574 33.42209961265326 15.30526345223188 0 13.02333468943834 0.07677111774682999 4.517971158027649 0.3758501559495926 25.8846605271101 0.1718380376696587 0 0 15.7077841386199 9.800614811480045 8.020556204020977 19.77223998308182 261.0296718031168 0.09883325546979904 0.772458128631115 41.88208515197039 189.5288231894374 13.67257637530565 7.000115983188152 0 0 1.647779874503613 3.597494542598724 6.73305045068264 38.17750681936741 2.376088947057724 13.68236093968153 5.673292078077793 3.932202607393265 1.172149136662483 0.3476739823818207 0.6422308087348938
242.2895400375128 0.5144927129149437 500.4948625639081 45.23919461667538 113.5721280872822 6164.674436450005 3396.150075577199 8168.968517281115 4.350134685635567 1702.812344193459 148.5430819094181 480.5997309535742 18.3432043120265 5522.48503363505 306.5216602981091 0.6632866486907005 338.0946540087461 55.7691498324275 208.6916577294469 226.1482250615954 270.7419772520661 0.09315966069698334 227.4865087792277 115.4943932667375 3.00949814170599 375.9402606189251 42.20181616395712 344.7272569015622 923.8139784000814 429.6762746423483 20.03956393152475 805.8472539260983 6.666006594896317 515.0664187371731 6.351373597979546 243.3079728856683 26.76958250254393 524.4875820949674 182.7315909042954 925.8322111219168 186.3171536326408 6.312090292572975 13.35998672246933 0 0 0.9579132795333862 2.438506044447422 0 0.1165327802300453 4.225966557860374 0.297258235514164 6.050317086279392 1.277578353881836 0 1.332497000694275 0 2.084649741649628 0 3.719457201659679 0.1276696026325226 0 0 0 1.586977206170559 0 0.3852263912558556 33.47271855920553 0.3356838971376419 1.377294898033142 3.760395675897598 22.3101137727499 3.143916323781013 1.563273400068283 0 0 0 1.324891746044159 1.157253384590149 6.202593341469765 0.6537730842828751 1.138467878103256 1.523879773914814 1.911158591508865 0.103024810552597 0.3282758593559265 0
0.6115617454051971 581.6942536383867 1.264917269349098 508.3806197941303 94.24124400317669 97.0050999969244 42.97897353768349 4.350134685635567 340.8914773315191 92.06711786985397 6.362268008291721 469.3447336405516 39.3625645339489 3.152362890541553 1144.261619903147 5.767657831311226 1.688472621142864 3.129452481865883 4.963903844356537 320.2777570262551 2.842140585184097 1329.326357640326 4.761333130300045 6167.059632308781 135.8448852822185 14.52328397333622 1237.756138965487 546.0543539896607 15.02926141768694 1.973186403512955 5.874771423637867 0.8094799742102623 4.777423486113548 13.20413699001074 4.046537935733795 308.2513673380017 43.31732270866632 17.0318853110075 7.78611309081316 232.0844565480947 10.01287245750427 13.07997418195009 0.1301825344562531 6.041572235524654 4.747094206511974 1.807719096541405 119.4281353577971 0 1.897390238940716 148.9265796691179 5.322216935455799 42.15406748652458 31.24250534176826 0.7297370433807373 46.01700221002102 0.6572514548897743 12.86869547516108 9.403852432966232 50.60485209524632 0.4747895076870918 0.0914795994758606 0.577187180519104 57.74511583149433 15.03122916817665 18.46276639401913 1.522418990731239 1190.95954272151 0.3623064681887627 8.473998218774796 14.06139025837183 383.5293473750353 38.66940197348595 32.23067057132721 0.2523498237133026 0.1138660535216331 4.373644150793552 9.264958813786507 0.6011223644018173 76.40741696208715 4.272230044007301 35.06539787352085 7.585051506757736 38.90859885513783 2.727841675281525 0.2444233596324921 0.175847977399826
73.52973762154579 0 108.7003723457456 4645.372304111719 3.628609679639339 6418.439317766577 8201.133544255048 1702.812344193459 92.06711786985397 24651.82858662307 79.3934760838747 5620.748065836728 13.56326076388359 1255.118376597762 96.93669845163822 0.3082910031080246 18.67993507534266 28.60662932693958 47.89887423813343 4769.617773912847 80.76118794083595 0.2199402004480362 40.29251866787672 468.2994739189744 2.176186539232731 69.44398915022612 30.21420995891094 3419.091859281063 871.9510311223567 18.82085994631052 14.3721524104476 104.7035384103656 15.66933070123196 360.9636756032705 23.05709329992533 704.6615402549505 29.17756589502096 805.6904613822699 154.6635392233729 304.8419181630015 48.4413304105401 3.782563388347626 11.24353897571564 0.3937782868742943 0 0.14642633497715 112.6878255084157 0.4708670675754547 1.75880691409111 34.78503153473139 1.378143347799778 42.74795250594616 42.31998186558485 0 192.9760044887662 0.1911647170782089 3.312851302325726 7.42129473388195 0.1105667650699615 0.1129508018493652 0 0.1014530584216118 52.86383671313524 0.09692998230457306 0.1412120312452316 0.6516216844320297 374.9247274771333 0.4810774177312851 0.7895081788301468 1.341819196939468 201.9157080054283 7.394090853631496 3.966263800859451 0 0 0.09296732395887375 0.6110454797744751 0.5736454576253891 22.79107219725847 0.5731992125511169 9.319793298840523 1.779152572154999 52.10959383845329 0.3087116330862045 0.1086187362670898 1.634251952171326
7.187090218067169 91.39621666073799 7.398482777178288 1.19748318195343 4.448472626507282 78.27582389116287 31.69081638008356 148.5430819094181 6.362268008291721 79.3934760838747 12764.41109743714 73.45920074731112 2048.622315056622 284.519548624754 13.44547556340694 0.1594886034727097 423.3249822929502 2290.707800701261 1037.602730982006 21.24936711788177 15.58559353649616 28.48035979270935 34.63180380314589 14.73876948654652 499.4892105385661 1636.22374920547 378.4291224479675 13.30356878042221 310.6173556745052 63.42841427028179 540.5886088460684 182.9228777214885 3.001979224383831 7385.333861712366 6.599583700299263 371.7852701991796 2267.104087263346 2105.528204284608 508.9090749025345 167.7978748828173 34.06554498523474 546.2875565811992 5.704106353223324 0 8.385287553071976 1.394542917609215 0 0 0.1570551693439484 0.1722058206796646 0.0894957035779953 0.6686215400695801 0 237.8257428556681 0 697.1887411698699 0.08485285192728043 0 0 0.3712108209729195 21.01173206418753 16.1848601847887 0 0 2.161336630582809 0.1099135801196098 1.02403312921524 541.5906704589725 194.5305204689503 263.2710912302136 1.932581849396229 0 0 140.3469908088446 0 0 12.33849972486496 2.749081820249557 5.55309683829546 532.4923603534698 13.74694622308016 1.11899583786726 0.7695796191692352 0 381.9964968115091 0
2.989008150994778 2.247566059231758 1.556614369153976 1041.093630999327 51.51928282529116 3538.448824904859 94.2658608071506 480.5997309535742 469.3447336405516 5620.748065836728 73.45920074731112 7202.705612003803 13.07497800886631 255.0385841056705 1023.369201876223 0.09833107888698578 8.15693274885416 26.58829931169748 29.88051943480968 5148.592309936881 1.626650393009186 11.3358461484313 1.086145341396332 631.6298752650619 1.28946079313755 31.00413652509451 31.34655414521694 469.9509078860283 236.3009943291545 4.509131088852882 11.10710569471121 105.9776233434677 0.2476516738533974 201.0275636836886 1.505154624581337 931.349423147738 12.37194529920816 517.6486485823989 65.23091208189726 1202.414701394737 26.31819228827953 2.31337084621191 3.750013306736946 0 0.107843816280365 0.1467794179916382 58.39476251602173 0 0.9889009296894073 0.3919569700956345 0.3211265951395035 11.4818876683712 8.618801414966583 0 135.299847908318 0 0.3173099681735039 14.78868791460991 0 0 0 0 29.10458368062973 0 0 0 111.955018222332 0.105853445827961 0.1046562790870667 0.4409684762358665 23.04447446763515 0.8066354990005493 0.4037890732288361 0 0 0 0.2801890894770622 0 22.93487899005413 0.1279999166727066 1.919024094939232 0.1674392819404602 125.0163433849812 0.1586854159832001 0.3542403429746628 0
0.2695717588067055 525.3762533143163 0.6097555384039879 0.2447273656725883 2.817665718495846 20.04452179372311 5.965516142547131 18.3432043120265 39.3625645339489 13.56326076388359 2048.622315056622 13.07497800886631 2917.235440544784 23.2074084430933 4.205886192619801 0.1209548935294151 0.5203518271446228 194.848119020462 10.17223209887743 4.03505877405405 0.5658933147788048 181.0868780910969 0.516444705426693 31.28510911017656 3025.63068408519 269.3695925027132 1371.255462154746 1.982626028358936 20.14628641307354 0.3905132785439491 643.7353200167418 36.14443502575159 0 1621.020831547678 15.60578121244907 328.5042189285159 1626.831771723926 867.487340323627 141.0198873132467 30.57856165617704 43.93378326296806 577.6321396827698 20.6167504414916 0 5.935770139098167 0.2595779895782471 0 0 0 0.1297469586133957 0.5457837730646133 0.9194531440734863 0 321.3823267444968 0 1221.065989777446 0.08812078088521957 0.1685658246278763 0 0 54.50489516556263 37.89094460755587 0 0 1.445871204137802 0 0.9017544537782669 745.6331299245358 463.5870759040117 629.9762514829636 0 0.2180689051747322 0 426.3462585285306 0.08963692933320999 0 2.741179063916206 1.354805707931519 7.643660575151443 570.2552268281579 9.806364119052887 2.62784456461668 0 0 251.6174431592226 3.308106899261475
2540.842696517706 0.824891097843647 706.4233556240797 43.17202569544315 0.2459738403558731 822.2070565521717 6744.855790734291 5522.48503363505 3.152362890541553 1255.118376597762 284.519548624754 255.0385841056705 23.2074084430933 6509.187513194978 9.936502940952778 0.6350940987467766 617.0798606649041 102.0444783195853 406.6663095206022 165.8371601775289 421.1385519653559 0 370.396684885025 185.7846640720963 4.427927456796169 579.3707884997129 80.73040414601564 580.2630798071623 8920.155017215759 1459.288823537529 37.07433719187975 870.820677138865 38.02948356419802 1274.909615263343 7.466771245002747 334.0937998443842 29.80087667703629 756.6580639854074 76.91051740199327 201.8116149827838 18.58156043291092 4.071905240416527 8.637361645698547 0.3893078565597534 0.3094337582588196 2.607232190668583 0.9092130959033966 0 0.3186262995004654 14.48688760399818 0.4321769177913666 4.644775085151196 1.209489740431309 0.2241713404655457 1.633192308247089 0 1.122332111001015 0 4.192339643836021 0.5467650219798088 0.3311791643500328 0.1957585513591766 1.555223047733307 2.419137760996819 3.191424235701561 1.078849256038666 41.05767329782248 0.3042277172207832 1.416070319712162 6.195761948823929 30.40031781792641 2.481381043791771 2.265660405158997 0 0 0.3538348898291588 0.5685470700263977 0 6.359652392566204 0.3040350675582886 5.610843472182751 0.3026855438947678 0 0 0 0
0.08117805421352386 7.728706941008568 0 76.43617159128189 873.0793426036835 1002.418815813959 25.07367117702961 306.5216602981091 1144.261619903147 96.93669845163822 13.44547556340694 1023.369201876223 4.205886192619801 9.936502940952778 313.5142960399389 0 0.5190988481044769 1.557518415153027 1.355601400136948 122.1030955463648 0.3511489182710648 30.21224644780159 1.008263237774372 1244.917360424995 16.74961295723915 3.428522579371929 63.53450407832861 79.3304226398468 5.747477568686008 0.2695287093520164 2.007098436355591 226.8037913218141 0 42.45646437257528 3.491687953472137 725.5866585150361 118.609655469656 87.42985606193542 23.54909359663725 1182.559379331768 122.2143992781639 14.79264362156391 1.801117166876793 0 0.8120293915271759 0 18.41398443281651 0.9189169406890869 1.221922397613525 0.1592085212469101 0 3.106278896331787 0.4462323188781738 0 20.57676732540131 0.8361919522285461 0 4.224711939692497 0.1318714320659637 0.127808466553688 0 0.2039150074124336 7.657756596803665 0.7562051638960838 0.3255635648965836 0 41.97591012716293 0 0.6298898309469223 0.4552023857831955 11.81092761456966 0 0 0 0 0 0.2515950798988342 3.509780049324036 10.13163365423679 6.324904382228851 2.164300426840782 2.394727617502213 63.61888098716736 0 1.710279226303101 0.2402747273445129
0 5.590568266808987 10.74068658053875 0.1540092527866364 0 0.2252056896686554 23.61110316962004 0.6632866486907005 5.767657831311226 0.3082910031080246 0.1594886034727097 0.09833107888698578 0.1209548935294151 0.6350940987467766 0 2616.713057994843 2.144017867743969 0.1155321300029755 0.2944807112216949 0 3997.143137514591 2234.990919910371 4334.173463605344 1463.219355709851 0.1302590370178223 1.858525969088078 2983.382712051272 945.0864357501268 2.884028121829033 5.002222947776318 0 0 2.026677325367928 37.85948047786951 64.96382206678391 1263.80969119072 404.9437450096011 182.5057910606265 250.51977802068 49.54175911843777 1.099650114774704 0.6181215047836304 15.19934795051813 1.554955214262009 1.430537402629852 14.64174885302782 0 0 0 6.270891457796097 1.050892055034637 8.923599407076836 0 0 0 0 2.026460409164429 0 2587.047049447894 4.693618893623352 0 0.0921277180314064 0 411.43917825073 677.9596750065684 1156.055584162474 197.8217558935285 0.323598325252533 0.2608853355050087 314.3370899483562 163.548949688673 20.19056059420109 50.91080267727375 0 0 4.209253966808319 5.343055568635464 8.437918439507484 91.15806061029434 4.020462810993195 18.34562435746193 19.99097017943859 3.450479216873646 1.174823969602585 0 1.132620558142662
116.1135547086596 46.15265051275492 786.4836940020323 0.5045696347951889 0 8.498226389288902 124.9699906297028 338.0946540087461 1.688472621142864 18.67993507534266 423.3249822929502 8.15693274885416 0.5203518271446228 617.0798606649041 0.5190988481044769 2.144017867743969 1534.179475843906 117.9431497082114 2289.888740591705 4.133509308099747 578.7051988169551 7.020708777010441 1746.329842925072 5.702570155262947 21.02190069854259 293.0401772931218 2794.697879612446 35.44810254126787 596.3849218264222 1170.785082153976 1.61307068169117 2.627518128603697 9.089911296963692 3975.546771593392 25.17621812224388 1029.960328370333 2682.366830810905 2462.203365921974 465.0227289497852 35.2268989533186 2.688546314835548 6.418789327144623 3.64175608754158 0.1293470561504364 126.7777154147625 413.7888849526644 0 0 0.1175293400883675 1.809193506836891 0.4871914014220238 1.699501402676105 0 0.1245354488492012 0 0 0.5693278983235359 0.1273474097251892 2.974157333374023 137.8062108978629 0.5726746246218681 34.18765091896057 0 0.3417529612779617 23.14971483498812 27.01722403615713 5.588860079646111 0.9485038816928864 386.163633055985 844.1332002654672 0.4823651388287544 0.8234087824821472 0.7959092259407043 1.041069529950619 0 0 13.19708482921124 4.189257010817528 38.28002405911684 38.07627991586924 55.84716209769249 28.38474620878696 0.6901884526014328 0 0.1414576470851898 0.1605767905712128
7.679967522621155 11.13436904549599 63.4202626645565 0.7375776320695877 0.1371243596076965 18.78827118128538 30.41872260719538 55.7691498324275 3.129452481865883 28.60662932693958 2290.707800701261 26.58829931169748 194.848119020462 102.0444783195853 1.557518415153027 0.1155321300029755 117.9431497082114 1412.062891729176 1306.355633333325 9.544843152165413 6.145445935428143 3.560138963162899 18.61276721954346 4.865036219358444 230.6845969110727 2770.998518653214 771.2450335547328 6.515962436795235 93.34999937564135 31.13869513571262 813.768993422389 23.91738420724869 0.5115271210670471 1134.094963312149 8.286040462553501 637.1010427176952 978.6880467534065 1343.491927728057 536.8490830734372 40.88076386600733 1.994420424103737 7.215478017926216 1.977263420820236 0 7.092147022485733 2.384146817028522 0 0 0 0 0.0716891810297966 0 0 9.411012001335621 0 57.21188947558403 0 0 0 0.8453161865472794 16.59414350986481 34.53627216815948 0 0 0.2118278741836548 0 0.273074559867382 86.4759878963232 369.8552159592509 350.4758817777038 0.9059180989861488 0.3012634813785553 0 63.72863740473986 0 0 0.2040211111307144 1.086963668465614 3.823848851025105 47.97345069795847 3.855566143989563 1.739700064063072 0 0 0 0
48.56943010538816 41.01327393203974 471.0253104418516 1.418047860264778 0 22.37065894901752 128.6012893691659 208.6916577294469 4.963903844356537 47.89887423813343 1037.602730982006 29.88051943480968 10.17223209887743 406.6663095206022 1.355601400136948 0.2944807112216949 2289.888740591705 1306.355633333325 2588.071271903813 11.22983713448048 47.40080680698156 8.361510507762432 197.2939090505242 9.277262724936008 870.0629512891173 4288.106243334711 2278.426689147949 19.87814488261938 383.1339366771281 382.6213626489043 70.59132692962885 17.94564976543188 8.810063652694225 3786.440671868622 18.44954818487167 1187.750503830612 792.7760968878865 2811.702447399497 838.0416830331087 49.78045882284641 2.123415991663933 6.952318340539932 2.251214571297169 0.07559850811958313 44.74661239981651 26.17019584029913 0 0 0 0.7053680941462517 0 0.861200787127018 0.09940753877162933 3.55673710256815 0 15.70690639317036 0.1160744950175285 0 0.2815240696072578 19.13063391298056 10.7668529972434 47.72873720526695 0 0 2.087634705007076 1.405614145100117 1.928218357264996 76.57348135113716 676.3182034865022 602.0429773852229 0.3781454563140869 0 0.3049905896186829 19.38025380671024 0 0 2.374163404107094 1.764902293682098 13.52877603471279 19.31081110984087 6.852456539869308 2.44658762216568 0 0.1317195892333984 0.438006117939949 0
8.699825577437878 0.2762394621968269 5.535643011331558 4420.523459687829 3.991495065391064 253.5490544438362 116.983231306076 226.1482250615954 320.2777570262551 4769.617773912847 21.24936711788177 5148.592309936881 4.03505877405405 165.8371601775289 122.1030955463648 0 4.133509308099747 9.544843152165413 11.22983713448048 574.8909132480621 1.905469618737698 0.9529379159212112 1.090362042188644 478.1983691826463 0.21849075704813 11.19939229637384 7.456672616302967 2661.002008624375 270.6997010558844 2.492671839892864 3.634098865091801 23.40702714025974 2.775004766881466 139.8954714611173 12.40248192101717 591.4213139638305 12.54086162894964 348.6823293045163 79.96746588498354 317.4410895928741 21.45439754426479 0.5017178803682327 7.035784259438515 0 0 0 142.4698777571321 0.5707114934921265 2.48282690346241 26.9157686829567 0.9211941063404083 48.40507172048092 41.41952763497829 0 79.54285358637571 0 0 11.6280699968338 0.7047873735427856 0 0 0 59.77000311762094 0 0.588388204574585 0 424.579005099833 0.1073704212903976 0.08319775760173798 0.3229059502482414 181.6282842084765 2.651279009878635 0.6477459073066711 0 0 0.1965885162353516 0 0.6178084015846252 22.13055470585823 0 8.264412894845009 0.1178601384162903 88.79424472153187 0 0 0
83.24286970496178 1.145875297486782 386.7006289660931 5.577025316655636 0.09235341101884842 39.65423008054495 2312.993922971189 270.7419772520661 2.842140585184097 80.76118794083595 15.58559353649616 1.626650393009186 0.5658933147788048 421.1385519653559 0.3511489182710648 3997.143137514591 578.7051988169551 6.145445935428143 47.40080680698156 1.905469618737698 13742.92824465036 371.6133676692843 11677.79605213553 588.6222553700209 0.8754791766405106 55.90601816773415 1139.094019941986 4614.541051059961 465.8574015721679 9940.552233524621 0.3243089765310287 1.958528868854046 35.99527065455914 4218.650243960321 492.7212812080979 4931.650943294168 597.4497520625591 4966.209307327867 2299.894519992173 288.2557538226247 5.838284432888031 2.016594372689724 82.61992372572422 2.411287121474743 1.311335980892181 12.98311289399862 0 0 0.07084592431783676 1.197495117783546 0.6658503413200378 6.57218037545681 1.130696102976799 0 0.2150058820843697 0 2.088050834834576 0 573.6643201932311 4.221300952136517 0 0.3529723659157753 0 294.8026681542397 129.3595219105482 86.20660357177258 146.4199291691184 0.413035660982132 0.8664399534463882 37.69971945881844 136.910275824368 20.45215511322021 56.92174525558949 0 0 4.253631934523582 3.455435544252396 20.50578092038631 103.1862697005272 1.306201756000519 11.67155233025551 11.31630793958902 0.7365307360887527 0.1184787079691887 0.5050762146711349 0.258388489484787
0 2532.044991858304 26.34301303327084 0.3063545525074005 0.6544303894042969 0.1038410663604736 3.436852276325226 0.09315966069698334 1329.326357640326 0.2199402004480362 28.48035979270935 11.3358461484313 181.0868780910969 0 30.21224644780159 2234.990919910371 7.020708777010441 3.560138963162899 8.361510507762432 0.9529379159212112 371.6133676692843 701.9967108368874 477.1410672143102 3640.558590397239 674.9612000212073 36.35059580951929 4812.689005851746 132.2644267007709 0.391388438642025 1.121320948004723 14.93020371347666 0.2347205206751823 0 46.75522077828646 0.7422440052032471 29.84448523819447 29.44698406755924 27.78257226198912 5.619388543069363 42.68031859397888 0.5257960259914398 74.77439795434475 0.8122140765190125 0.7506089508533478 19.19266197085381 89.2365406230092 0.2026116549968719 0 0 1.539152607321739 0 7.346693627536297 0 0.9015549123287201 0 3.659445337951183 1.69618646800518 0 2120.403935313225 4.06976006925106 0.4797465726733208 0.9968938753008842 0 309.5630414634943 83.2893777564168 557.2416347935796 167.7000785693526 2.098463736474514 17.3204927816987 785.3210287243128 90.70301344245672 9.126200340688229 32.98738343268633 1.768908724188805 0 1.95399272441864 4.281567923724651 0.9134024903178215 33.51370076090097 3.470633253455162 11.88252710551023 12.28350361436605 2.310227915644646 0 1.160225093364716 0
89.02330514788628 14.76556931436062 8087.766721196473 2.871773302555084 0.1638244390487671 16.31537937372923 996.6400908604264 227.4865087792277 4.761333130300045 40.29251866787672 34.63180380314589 1.086145341396332 0.516444705426693 370.396684885025 1.008263237774372 4334.173463605344 1746.329842925072 18.61276721954346 197.2939090505242 1.090362042188644 11677.79605213553 477.1410672143102 15105.47677662969 449.9750527068973 3.946035586297512 1312.905181474984 10602.88402812183 1539.480601780117 234.9679036065936 2617.67037537694 6.137069188058376 2.30948843061924 6.553746849298477 2939.667714975774 743.259810693562 8344.329756386578 4871.289613805711 6745.915346249938 4565.510362692177 642.2768626660109 9.482376247644424 8.390067011117935 147.0773582905531 0.1376573890447617 31.44758209586143 876.833689942956 0 0 0 1.583911418914795 0.2073163688182831 2.076420269906521 0.1533517092466354 0 0 0 1.394066922366619 0 2478.04119271785 30.11759087443352 0.890193872153759 0.5873411819338799 0 135.5722416043282 529.3886098712683 2026.078534059227 84.52812097966671 0.1507179141044617 11.07260056585073 2917.067278653383 48.35157383978367 2.79075438529253 11.75458434224129 0 0 0.1437695324420929 9.268828354775906 38.23649799078703 341.7459174767137 22.6886323839426 70.09690174460411 132.0604426935315 4.802830323576927 1.567736484110355 2.651156723499298 1.594110578298569
30.92546613514423 546.9104955345392 50.73090736567974 1483.036790065467 39.78520124405622 55.70408373326063 944.7230034768581 115.4943932667375 6167.059632308781 468.2994739189744 14.73876948654652 631.6298752650619 31.28510911017656 185.7846640720963 1244.917360424995 1463.219355709851 5.702570155262947 4.865036219358444 9.277262724936008 478.1983691826463 588.6222553700209 3640.558590397239 449.9750527068973 11828.03914399445 109.0965176820755 29.02186437696218 4752.919176593423 5344.179068163037 902.8208634927869 62.03925300389528 4.987475968897343 11.80998798459768 240.8947450146079 432.3411729112267 155.6028819829226 2521.343257039785 94.98216961324215 812.5910608246922 391.0275626406074 789.90005838871 54.90188585221767 11.06711336970329 27.89707588404417 31.10801103711128 6.706686437129974 7.293703250586987 369.0522202700377 0.1635362207889557 21.58349667489529 847.7961352616549 21.5107426866889 1100.979594476521 183.0088163092732 0.8949282765388489 90.18435783684254 0.9811014458537102 80.31729357689619 12.77664278447628 760.6726396903396 5.13990792632103 1.871851146221161 1.269059106707573 159.0881705656648 392.3122013285756 409.2525367215276 106.5973293408751 4477.188832506537 0.5052358657121658 11.10446037352085 53.75769908726215 2662.564693592489 250.4559883549809 210.9343253746629 0.6978469491004944 0.6262866631150246 22.94484364241362 52.33321913331747 14.97913011163473 464.9676120132208 14.6036489456892 246.5099395960569 46.4926335439086 200.398692175746 15.32911455631256 0.82021314650774 3.74228972941637
0.1694367229938507 1507.999723002315 6.172589145600796 0.07687839865684509 0 2.251585833728313 2.431108862161636 3.00949814170599 135.8448852822185 2.176186539232731 499.4892105385661 1.28946079313755 3025.63068408519 4.427927456796169 16.74961295723915 0.1302590370178223 21.02190069854259 230.6845969110727 870.0629512891173 0.21849075704813 0.8754791766405106 674.9612000212073 3.946035586297512 109.0965176820755 555.7828530967236 1412.026783578098 3434.767089173198 0.2073333635926247 4.200398370623589 1.121630854904652 356.5202391371131 3.601788468658924 0 923.5880128890276 10.05264630913734 483.4861890897155 582.0128411725163 871.2165787369013 169.4722648262978 28.63529344648123 41.51681131124496 1453.838879972696 9.747191861271858 0 68.39761047065258 0.1252211779356003 0 0 0 0 0 0.1310964971780777 0 67.32170886546373 0 308.1357943788171 0 0 0 0.6149501502513885 7.510909840464592 13.55974387377501 0 0 1.407989174127579 0 1.172140851616859 62.31579177081585 278.1002966910601 511.0418350100517 0.4993259981274605 0.2595634981989861 0 110.268726542592 0.156575009226799 0 12.72942292690277 5.951462626457214 41.96080951392651 52.56959684938192 12.32292560487986 2.904257714748383 0 0 48.21220418810844 0
92.87274304777384 236.3777257502079 3405.956536464393 2.391521982848644 1.098958760499954 37.74472362548113 367.4207601174712 375.9402606189251 14.52328397333622 69.44398915022612 1636.22374920547 31.00413652509451 269.3695925027132 579.3707884997129 3.428522579371929 1.858525969088078 293.0401772931218 2770.998518653214 4288.106243334711 11.19939229637384 55.90601816773415 36.35059580951929 1312.905181474984 29.02186437696218 1412.026783578098 13353.95709689707 23999.04015001655 48.74208484590054 336.809490904212 384.82195520401 1573.34654956311 42.9172155931592 4.153734967112541 1100.391806416214 66.94790904223919 2388.118412710726 3908.38784930855 2712.483656831086 1105.856988176703 109.3669854849577 10.42087717354298 54.47182891517878 15.53026080876589 0 556.2818538025022 241.7095083966851 0 0 0.1154242306947708 3.729902781546116 0.5068913102149963 6.747995235025883 0.09852047264575958 42.38686782866716 0 249.6795967593789 1.414807170629501 0.3212703168392181 3.438699565827847 268.156259380281 68.61047078669071 314.051223821938 0 1.627814941108227 20.64137025922537 4.511830486357212 16.61974858492613 396.8489785119891 4353.329649209976 4037.629535645247 2.184145048260689 0.9325692132115364 1.75646185874939 230.3655942231417 0 0 22.89608182013035 9.386088475584984 62.52495170384645 273.014740601182 80.32343413680792 24.81350765377283 0.9757387638092041 1.097549438476562 4.714940130710602 1.389307871460915
9.814758263528347 4802.399919502437 10410.73939292878 7.470353215932846 2.097801029682159 20.16594596207142 624.7363274917006 42.20181616395712 1237.756138965487 30.21420995891094 378.4291224479675 31.34655414521694 1371.255462154746 80.73040414601564 63.53450407832861 2983.382712051272 2794.697879612446 771.2450335547328 2278.426689147949 7.456672616302967 1139.094019941986 4812.689005851746 10602.88402812183 4752.919176593423 3434.767089173198 23999.04015001655 17191.428599298 1170.038591362536 76.62953575700521 110.4185789898038 870.3959381729364 13.45160216093063 3.290208779275417 1876.662703409791 282.0541449040174 6997.43335749954 3798.658377163112 6089.271871246397 2568.109635807574 481.3743637874722 10.75535201281309 49.94999532401562 40.04255969822407 0.5787123143672943 2725.501587316394 2167.917599864304 1.24789047986269 0 0 13.40358198434114 1.242168299853802 13.96313292533159 1.16498875617981 34.65831274539232 0 219.5568939447403 2.671325720846653 0.787637285888195 747.2073006629944 372.7970360741019 61.62870752066374 337.5164012461901 0 25.15114595741034 1104.874120108783 1033.084660567343 89.28345637023449 694.8437942191958 5747.966494522989 10938.59888873994 32.3035472035408 4.488350830972195 10.3240677639842 214.059740871191 0.2978879511356354 0.8531342595815659 49.5176935121417 39.59584834426641 297.045078240335 243.0577203854918 223.597738519311 172.3326515629888 5.409864604473114 0.9202278554439545 4.856229059398174 1.348786987364292
188.013540327549 1.633158169686794 218.4762764722109 4276.976157456636 3.539417311549187 269.173822119832 17471.67310394347 344.7272569015622 546.0543539896607 3419.091859281063 13.30356878042221 469.9509078860283 1.982626028358936 580.2630798071623 79.3304226398468 945.0864357501268 35.44810254126787 6.515962436795235 19.87814488261938 2661.002008624375 4614.541051059961 132.2644267007709 1539.480601780117 5344.179068163037 0.2073333635926247 48.74208484590054 1170.038591362536 12652.06860657036 2162.518156994134 8068.25518579036 2.192914687097073 15.51272571086884 703.4068592265248 1544.441965848207 360.4200055673718 4220.433145828545 132.9731715843081 2061.398885674775 838.1825060471892 265.6935994401574 54.94205221533775 3.617391996085644 48.72822469472885 15.26636464893818 0.6701139956712723 5.402614384889603 338.9847587123513 0.1508758962154388 14.26204074919224 486.8962836489081 17.22983808815479 323.2058460116386 139.8562440350652 0.1173738092184067 114.1985375732183 0 39.38944830000401 12.98083076626062 285.0826762393117 2.429166212677956 0.4279567077755928 0.2609709277749062 128.0346829593182 153.3011352941394 79.39468923211098 28.48433440923691 2329.644037090242 0 0.5042468383908272 27.00409860163927 1366.070858620107 125.6762028560042 108.4003109708428 0 0 10.17218060791492 23.62346664816141 14.57247561216354 243.3052919283509 7.090563789010048 102.9440677464008 22.11329670995474 93.79194144904613 5.727947749197483 1.473370656371117 1.697207242250443
2942.763077273965 0.220201164484024 209.1711139380932 138.4044651687145 1.218817427754402 210.0375569276512 3552.782749664038 923.8139784000814 15.02926141768694 871.9510311223567 310.6173556745052 236.3009943291545 20.14628641307354 8920.155017215759 5.747477568686008 2.884028121829033 596.3849218264222 93.34999937564135 383.1339366771281 270.6997010558844 465.8574015721679 0.391388438642025 234.9679036065936 902.8208634927869 4.200398370623589 336.809490904212 76.62953575700521 2162.518156994134 13248.94863352925 4219.10638128221 30.76586162298918 505.8894787617028 2084.344024881721 2615.078268069774 6.331953465938568 332.7671116292477 82.70027740299702 1083.783921279013 72.75680989027023 171.6151174679399 13.47115942835808 0.9278990030288696 8.994965352118015 1.658890701830387 1.032491378486156 2.355266541242599 4.061764314770699 0 1.169863700866699 38.32587307691574 0.629656620323658 21.44208081811666 4.335591293871403 0 2.400190725922585 0 3.915945045650005 0 17.07413528114557 0.2351788282394409 0 0 0.5034007579088211 7.572698079049587 4.598840333521366 0.909654438495636 155.3302906602621 0.2316119372844696 3.509008541703224 4.338306687772274 114.8977421671152 12.49320749938488 5.276010431349277 0.2425541579723358 0 0.2538203001022339 2.516821227967739 0.2944284677505493 31.75987610220909 0 17.8799909055233 4.115532070398331 3.992330484092236 2.28241740167141 0 0
