1032.994424313307 0 73.76356546580791 4.927217394113541 0 14.31837064027786 2490.084820225835 379.1052191779017 1.009220324456692 50.44642033427954 10.6998458057642 7.606590695679188 0.4379676878452301 4135.399186775088 0.1037173941731453 0.7301759272813797 138.6514253504574 9.315083157271147 38.14997861534357 8.779451824724674 66.48173186928034 0 83.53976476937532 36.80894121527672 0.1049018800258636 75.40108552575111 10.19504033029079 234.7635757476091 2568.391054540873 984.4032113552094 0.5943796783685684 9.524201408028603 17.65450913459063 107.4488637074828 0.7662487924098969 9.448297597467899 4.61789695173502 57.05789116770029 6.90376391261816 1.456422805786133 0.332327663898468 0 0.22646314650774 0 0.2844547554850578 0.4372859448194504 0 0 0 0.2526515200734138 0 0.2310228496789932 0 0 0 0 0 0 0.1338113099336624 0.2043091356754303 0 0 0 0 0.1382635980844498 0.2656707167625427 5.379868298768997 0.2093741148710251 0.1306923478841782 2.333367094397545 4.372009210288525 0.06876794248819351 2.059021443128586 0 0 0 0 0 0.111458957195282 0.1021446064114571 0.08989531546831131 0.2027580142021179 0 0 0 0
0 163.0415318161249 156.6985643059015 0.1354435533285141 0.2462841123342514 0.2679963633418083 1.846308007836342 0.5839311853051186 550.310501024127 0.9739666283130646 92.09863211214542 3.220644146203995 574.9399531036615 1.951162464916706 13.45218869298697 39.34310788661242 121.5819579809904 8.752654172480106 60.77099003642797 0.5961809903383255 3.432661026716232 2779.028549931943 12.45768455415964 642.3388426974416 1240.99991735816 444.8949953690171 4591.975456520915 7.292017064988613 1.387400224804878 1.662421263754368 81.15028637647629 0.1501435041427612 0 42.34784533828497 1.381215572357178 57.93576867878437 91.61077842116356 81.2692504376173 20.85179713368416 10.85780686885118 0.284350574016571 73.30683097243309 0.7881118357181549 0 135.912464812398 131.2879855185747 0 0 0 0.3374457210302353 0.1231641098856926 2.397514693439007 0 6.150628410279751 0 16.80187726020813 0.2865192517638206 0 3.011058807373047 48.07485631853342 4.028329409658909 26.16833727806807 0.336261123418808 0.7345874607563019 114.0204876884818 13.27915613353252 7.238805212080479 38.67919976264238 410.6640490368009 1686.223883226514 1.033132888376713 0.2349947392940521 0.7666489705443382 2.493726201355457 0.08644294738769531 0 3.01585678756237 1.387807741761208 20.81326469033957 20.72752355784178 51.3596768528223 7.976377204060555 0 0 0.6864063143730164 0
73.76356546580791 156.6985643059015 3063.107661917806 4.596955575048923 0 62.04009338840842 1315.771829307079 491.3808058276772 3.296470932662487 98.0214332267642 4.037962004542351 4.372210383415222 0.9698664098978043 534.1846634112298 0.100209929049015 38.10181206464767 617.8646415621042 17.38365790247917 81.09909365326166 7.841821677982807 208.4361875355244 27.38082833588123 7940.62311039865 35.97833345830441 0.3385108858346939 3812.524058304727 10310.56680347025 301.4796053543687 149.4679783433676 588.4858739040792 1.610419899225235 4.042276877909899 1.603589653968811 325.8979958221316 36.95250399410725 1400.800033092499 2437.565422795713 1188.068617619574 514.9676401242614 38.6452634036541 1.780134879052639 4.470651894807816 3.825218684971333 0.28593660145998 278.5627779737115 750.5582344904542 0 0 0 3.54542151093483 0.7008643820881844 1.737194120883942 0.2099098861217499 0.2880187630653381 0.7966322302818298 0.2912653088569641 0.4690096974372864 0 53.8846756964922 161.8067940101027 0.563534714281559 8.853658266365528 0.2006204426288605 4.149749234318733 202.7050525695086 211.1292500123382 6.577195435762405 0.3017250299453735 114.1210635975003 1583.818791665137 5.025388143956661 0 1.489251084625721 0.3060422539710999 0 0.1374824792146683 14.34261388331652 3.11085844039917 118.8828007727861 68.15845802426338 145.7715219408274 28.35299742221832 1.006357699632645 0.1924287080764771 0 0
4.927217394113541 0.1354435533285141 4.596955575048923 1881.790756389499 2.107139773666859 44.22688729315996 639.3164164572954 63.82802753895521 1071.595327556133 5368.655729614198 3.137508019804955 1014.762709274888 0.6901911720633507 45.46907585859299 61.58386612683535 1.613406300544739 0.5637073889374733 0.5129913315176964 0.4022676721215248 4732.965814046562 3.337011821568012 0.5429050475358963 1.285280093550682 1127.565112374723 0 1.451798662543297 5.376198261976242 4813.953393228352 81.74593272060156 1.528605081140995 0.4493003785610199 2.755671583116055 3.566685155034065 25.05260033160448 6.516112096607685 201.0654980838299 1.573939047753811 77.74178512394428 47.98281440138817 119.0312098935246 11.20701731741428 0 3.50581282377243 0.3219273313879967 0.3689800873398781 0 192.9970075264573 0.7109492719173431 8.523244142532349 30.39278897643089 1.348214156925678 55.96829701215029 68.19133487343788 0.9333405420184135 254.8333000987768 0 4.166916988790035 72.54295014590025 0.5849296152591705 0.2308545857667923 0.275473341345787 0.2168121039867401 157.339421838522 0 0 0.6832749843597412 817.3618082329631 0 0.1122971326112747 0.4728741496801376 256.5467935800552 3.975410208106041 0 0 0 0 1.60727084428072 0 14.34297975897789 0 4.155953526496887 1.440499521791935 188.9135920330882 1.67307087033987 0 0
0 0.2462841123342514 0 2.107139773666859 39.52810108661652 181.4094821587205 5.866589538753033 62.83004920184612 67.98748949170113 6.964300639927387 14.22623900324106 46.70187774300575 8.321178242564201 9.97706600278616 941.935479298234 0 0.4297502338886261 1.279709130525589 0.9201900660991669 5.83139044046402 0.0813240110874176 1.285547576844692 0.09270121157169342 23.76863775402308 0.1092514991760254 2.242203548550606 2.018321678042412 4.319403178989887 7.375043049454689 0.1480013728141785 0.6954248398542404 57.48796743899584 0 166.1475226134062 0.7440624237060547 31.61846262216568 2.282210446894169 235.9959472641349 115.228408254683 1213.914144411683 43.73792820423841 2.534526586532593 0 0 0 0 0 0 0.2858372926712036 0 0 0 0 0 0.7258105129003525 0 0.1162805259227753 0.2168966829776764 0 0 0 0 0 0 0 0 0.4982950016856194 0 0 0 0.2236121743917465 0 0 0 0 0 0 0.5961607098579407 0.1316733807325363 0 0 0 0.6888918280601501 0 0 0
14.31837064027786 0.2679963633418083 62.04009338840842 44.22688729315996 181.4094821587205 10771.09467671812 3600.085740059614 5262.126607842743 167.0254124104977 5403.023013919592 71.55118322372437 3509.236373633146 27.28309287130833 391.3765307441354 868.4329807758331 0.3723607063293457 25.37648582458496 14.12625882774591 16.03450139611959 436.9662636965513 35.76029907912016 0.2298527956008911 30.60955088958144 62.56923196837306 1.012022450566292 50.50485171750188 25.80128657817841 405.9771336093545 196.9609422422945 15.96957285702229 6.367243446409702 893.9894730523229 2.390421986579895 227.4216539785266 3.184059575200081 181.611132979393 11.89805332571268 342.9198003336787 137.3497577011585 1183.723346799612 63.68259961903095 7.286171145737171 1.269996948540211 0 0 0 4.891503229737282 0 0.7185679972171783 3.211503878235817 0 1.102066099643707 0.8816806226968765 0 21.02752437442541 0 0.2156760990619659 3.271621197462082 0 0.1501776278018951 0 0.1203592568635941 3.248497739434242 0 0.478220134973526 0.4710478782653809 24.88133749365807 0.3019210249185562 0.5512857213616371 1.059179618954659 10.23012041300535 0.8713176995515823 0 0 0 0 0.1039113700389862 0 2.989987730979919 0.6061651259660721 0 0 18.82341475784779 0 0 0
2490.084820225835 1.846308007836342 1315.771829307079 639.3164164572954 5.866589538753033 3600.085740059614 14435.82348611206 4922.536973178387 61.04093188792467 10324.87245729566 39.19842658564448 132.7040383517742 8.616539940237999 6779.335210040212 47.96339581906796 21.97910937666893 169.210851740092 28.28638846799731 70.83223003894091 132.2497479766607 1643.567896485329 3.205757364630699 892.091210976243 934.7734653316438 1.120792679488659 384.8749641142786 598.3459249958396 19626.47727152705 2924.343562893569 4980.851978946477 3.254615157842636 61.10901002585888 134.3426956757903 434.6826314330101 127.244972422719 1252.801653392613 36.45177875459194 1047.630747839808 787.1387701630592 146.4759183228016 58.94484366476536 3.044430278241634 16.38130401074886 0.7635521590709686 0.9453224167227745 5.464010760188103 20.94595214724541 0 0.8254022002220154 35.5276702940464 1.858546808362007 13.62737403810024 6.041965968906879 0.1811520308256149 5.596599191427231 0.09534961730241776 4.64614962041378 1.192294031381607 23.83771321922541 0.1396172791719437 0 0.3863247260451317 10.20763766020536 4.203423708677292 6.837789088487625 16.87593010812998 247.4652644991875 0 1.986739568412304 25.40988485515118 134.7180653959513 10.59853661805391 7.925349585711956 0 0 1.080021917819977 1.765401475131512 3.17863442748785 30.15189755707979 1.388388440012932 4.659974090754986 4.546304978430271 7.942090526223183 2.169351413846016 0.1033037006855011 1.122752904891968
379.1052191779017 0.5839311853051186 491.3808058276772 63.82802753895521 62.83004920184612 5262.126607842743 4922.536973178387 7425.967056542635 22.64294005185366 1855.578994229436 265.2728134393692 958.4187067523599 30.03783100098372 4497.98877774924 187.6099556162953 2.739145703613758 506.5313839316368 73.97125396877527 185.9082897603512 449.3818284198642 255.4761438891292 0.3619424030184746 309.1316104158759 252.9515978172421 2.593516819179058 444.6641957089305 72.85131229832768 653.2994998134673 967.4437882490456 498.8002623617649 9.754733938723803 1145.631828702986 5.924134120345116 779.2029333859682 7.411887601017952 181.8626221343875 32.66613691300154 540.8769825771451 149.5486748591065 494.6690352335572 69.45392390340567 4.454893000423908 2.599746190011501 0 0.9415050521492958 0.5387456119060516 2.999025367200375 0 0.280284970998764 7.656619355082512 0.1900277882814407 3.918978735804558 4.567854195833206 0.1599791347980499 8.241886459290981 0.4854349344968796 0.7551730200648308 0 2.376403659582138 0.1290310174226761 0.1223085075616837 0.509521409869194 2.544891759753227 0.4721776396036148 0.4313645511865616 0.7795593589544296 53.94666167348623 0.3449879884719849 3.274936467409134 6.936295807361603 23.79765931516886 2.240390792489052 1.965600699186325 0 0 0 1.429267354309559 0.3105218112468719 5.964311361312866 0.7544203102588654 3.167184628546238 0.2870344668626785 0.8671697974205017 1.03926557302475 0 0
1.009220324456692 550.310501024127 3.296470932662487 1071.595327556133 67.98748949170113 167.0254124104977 61.04093188792467 22.64294005185366 587.4350703284144 112.9135197773576 7.460077382624149 742.481442913413 91.34860273450613 7.89709759503603 1024.618593744934 249.3402239829302 3.964527271687984 0.7990033328533173 1.787630826234818 611.1024615392089 56.64049720019102 2054.139846488833 84.70276597887278 8158.597684152424 225.0459589660168 10.49549739062786 515.4197323843837 889.0682696849108 22.95683705806732 0.8033541738986969 18.86426375806332 6.327248580753803 2.228801868855953 10.87113843113184 3.363348558545113 113.3631235361099 9.893822386860847 22.64162362366915 15.02653717249632 377.8256073370576 4.724516704678535 3.060220912098885 0.1064236462116241 8.01870135217905 3.121959760785103 0.6650391891598701 134.2463481649756 1.279850229620934 4.380486242473125 128.212781958282 6.956105172634125 72.00445742160082 47.44351214915514 1.379450805485249 150.5870164558291 1.989300660789013 12.98281703144312 38.7602820545435 790.522651642561 2.312930710613728 0.7514074295759201 0.1737508550286293 110.6418163254857 139.1885008886456 49.05431432276964 172.7012255340815 2245.819151468575 2.073149278759956 5.529563657939434 21.98105487972498 490.2647697627544 55.57605296373367 54.79920924454927 1.036000467836857 0 3.771430477499962 7.950318962335587 2.291807241737843 85.95826291292906 3.003631800413132 29.74982242286205 10.59499693661928 66.11625409126282 7.097211442887783 0.3566865772008896 2.709695093333721
50.44642033427954 0.9739666283130646 98.0214332267642 5368.655729614198 6.964300639927387 5403.023013919592 10324.87245729566 1855.578994229436 112.9135197773576 23665.35314955562 63.77346432954073 5173.386234119534 9.595229744911194 681.6260588690639 68.39879943430424 1.25029231607914 15.69896648079157 17.11282222718 20.87761547416449 6034.731396108866 76.72671681642532 0.5166763588786125 42.2260804399848 322.2046473771334 0.6614712327718735 51.17468374967575 39.42698544636369 4078.066193953156 497.8840465396643 20.1700280085206 6.707007974386215 89.11848681420088 5.022675067186356 221.4295271709561 30.92507285624743 325.8576205447316 15.71547929942608 694.0869633331895 263.3293334133923 212.0790355876088 59.19345504790545 2.637193284928799 8.439567588269711 0.461964026093483 0.154026597738266 0 56.38611774146557 1.089473605155945 2.329749815165997 21.86395953595638 1.535064995288849 12.41628643125296 16.5869195535779 0.07919265329837799 118.2567436769605 0 1.602406293153763 11.93021540343761 0.5177738815546036 0 0 0 38.69800240546465 0 0.1710695177316666 0.8948448151350021 318.8005945384502 0.1041421964764595 0.1850151941180229 1.022211387753487 114.5351796373725 1.447047874331474 0.09078603237867355 0 0 0 0.312167301774025 3.868938408792019 14.09480317682028 0.5178078189492226 1.604155085980892 0.390212707221508 42.11341568827629 1.975113496184349 0 0
10.6998458057642 92.09863211214542 4.037962004542351 3.137508019804955 14.22623900324106 71.55118322372437 39.19842658564448 265.2728134393692 7.460077382624149 63.77346432954073 10365.38379501551 83.95598844438791 1657.359297513962 569.3789572864771 7.69046151638031 0.1442095041275024 221.6038047224283 2994.062219947577 961.0016237646341 34.24534727632999 6.860282607376575 22.49642033874989 14.92281158268452 16.77915427833796 725.647239394486 2404.822132222354 635.5193622633815 20.26203170418739 428.4670863859355 24.52650420367718 416.2868241146207 292.6517279371619 3.601901859045029 5866.000716626644 22.12669127434492 828.0348849222064 2576.873427130282 4096.283780910075 1056.938784196973 105.2728187888861 15.56999399513006 554.3019329532981 7.158992081880569 0 2.926686853170395 0.783262699842453 0 0 0 0.09284023195505142 0.08103598654270172 0.1000595465302467 0.3422544598579407 238.7736216634512 0.4309911578893661 361.0705988034606 0.176783375442028 0 0.1486111134290695 0.6664905175566673 63.4020916596055 27.12873128056526 0 0 0.8182551637291908 0 1.098258279263973 373.8327382132411 253.5027799159288 331.6417877972126 0.8221049308776855 0.4999420121312141 0 96.3045651614666 0 0 1.361130401492119 2.886181637644768 6.654545187950134 294.2822735458612 5.258494019508362 5.855527803301811 0 0.7905982732772827 72.74642646312714 0
7.606590695679188 3.220644146203995 4.372210383415222 1014.762709274888 46.70187774300575 3509.236373633146 132.7040383517742 958.4187067523599 742.481442913413 5173.386234119534 83.95598844438791 6896.186156332493 14.99764864891768 406.0555200874805 738.7841234952211 0 5.076395764946938 18.09805013984442 17.97184767574072 6070.555371552706 1.982370987534523 11.08305624872446 1.774333752691746 396.829344086349 3.018255673348904 37.98742949217558 20.98657865077257 451.217979632318 244.7969045415521 3.62144048511982 7.936910174787045 170.2706900537014 0.3514561355113983 200.7627589926124 7.254996180534363 803.3245735540986 11.04862269759178 583.5873048529029 131.9599011614919 1365.704658560455 46.69677159190178 2.888349175453186 1.819736458361149 0 0 0 60.62145891785622 0.4477588012814522 9.487543597817421 3.19231453537941 2.625036135315895 18.14848741889 24.6310848146677 0.08730881661176682 656.5698742493987 0.09615927189588547 1.584351181983948 52.9817056953907 0.1083545684814453 0 0.1711535304784775 0.09386161714792252 63.70268546789885 0.1621295064687729 0 0 112.2897754609585 0.1774884462356567 0.2648591697216034 1.094532288610935 32.65522600710392 1.655781604349613 0 0 0 0 0.802017517387867 0 13.7410633713007 0.2014142423868179 1.130008302628994 0 233.1551220864058 0 0 0
0.4379676878452301 574.9399531036615 0.9698664098978043 0.6901911720633507 8.321178242564201 27.28309287130833 8.616539940237999 30.03783100098372 91.34860273450613 9.595229744911194 1657.359297513962 14.99764864891768 2087.7559376508 27.47160361707211 5.882441624999046 2.73304757475853 1.372272126376629 36.03450399637222 11.37918600440025 7.07748668640852 5.656391203403473 253.9289694055915 12.99791841953993 104.0845195800066 4603.187172412872 159.7315004616976 2263.785304404795 4.334842145442963 17.82207530736923 2.505587302148342 925.8966359570622 57.50827807933092 0 1129.527365118265 77.28267238289118 1991.018159836531 3219.892596594989 1868.297102406621 330.2041841298342 121.4959512799978 39.14214615523815 898.4761083498597 12.80227460712194 0 2.564132690429688 0 0.1386055201292038 0 0 0 0 0.4637448936700821 0.6043101102113724 231.439471565187 0 399.8695188984275 0.08346617966890335 0 0.1498392820358276 0 71.51639049500227 28.28878747671843 0.2697950303554535 0 2.032675996422768 0 1.536928527057171 699.5900517553091 333.6306266114116 437.2647749260068 0.3402848243713379 0.3633013963699341 0.09380557388067245 102.7708817198873 0.1210252940654755 0 4.506919607520103 37.65364111959934 83.9343139231205 316.2561561614275 19.97074113041162 39.08065557479858 0.1259379088878632 1.372192144393921 175.0174156203866 0
4135.399186775088 1.951162464916706 534.1846634112298 45.46907585859299 9.97706600278616 391.3765307441354 6779.335210040212 4497.98877774924 7.89709759503603 681.6260588690639 569.3789572864771 406.0555200874805 27.47160361707211 8044.788076646626 12.9788233935833 1.382140830159187 745.95422777161 148.2027620449662 335.6374448016286 245.0354110598564 328.4317823126912 1.419209912419319 423.4840849488974 211.4188640192151 1.933227747678757 648.0052963197231 132.8617263510823 693.0344509929419 5311.738655172288 1477.350769661367 31.65891740471125 656.7223406620324 7.725281767547131 1599.760135613382 6.712511494755745 350.7303726300597 52.02008431404829 1131.883409246802 88.92479562014341 235.9100488573313 19.7755224481225 1.070871956646442 2.35922434926033 0.2784452438354492 0.8091489523649216 1.683181047439575 0.6774261593818665 0 0.5513999164104462 4.693497478961945 0.5141837000846863 2.659135907888412 1.052120834589005 0.1946059912443161 1.957797296345234 1.015813164412975 1.79591116309166 0 1.766790844500065 0.9992040172219276 0.2558467984199524 0.5377277433872223 0.8765638470649719 0 0.3159055262804031 1.493494123220444 32.88634394109249 1.454621411859989 6.757237873971462 11.36993012577295 18.93011364340782 1.827758274972439 2.474949434399605 0.3924502059817314 0 0.1046160161495209 0.8195729479193687 0.2249325513839722 6.128497116267681 0.2290345132350922 1.92682196199894 1.260059341788292 1.057111874222755 0.8839745670557022 0 0
0.1037173941731453 13.45218869298697 0.100209929049015 61.58386612683535 941.935479298234 868.4329807758331 47.96339581906796 187.6099556162953 1024.618593744934 68.39879943430424 7.69046151638031 738.7841234952211 5.882441624999046 12.9788233935833 420.5568425357342 0 0.5084483101963997 1.487949885427952 0.6501200795173645 78.62616968154907 0 39.59180708229542 0 723.0181561261415 5.292447999119759 2.58238323032856 17.31717149913311 108.5229264125228 15.18117212504148 0 0.7890412211418152 426.6567465364933 0.3613618612289429 30.68639256805182 0 470.8328470811248 1.521146051585674 42.05427309125662 16.1081420108676 1350.653758279979 104.6062640696764 0.693248838186264 0 0 0 0 13.63937212526798 0 1.567909896373749 0 0 2.554147496819496 0.4146661758422852 0.2155686318874359 23.22641696035862 0 0 8.043083608150482 0.2710361778736115 0.1049567833542824 0 0 7.03009557723999 0 0.7764380425214767 0 17.80449672788382 0 0.389305554330349 0.1248592063784599 6.385443456470966 0 0 0.09974109381437302 0 0.2273215055465698 0.2140060663223267 0 9.787328839302063 0.1674446910619736 0.1191722378134727 0 69.82961581647396 0 0 0
0.7301759272813797 39.34310788661242 38.10181206464767 1.613406300544739 0 0.3723607063293457 21.97910937666893 2.739145703613758 249.3402239829302 1.25029231607914 0.1442095041275024 0 2.73304757475853 1.382140830159187 0 3916.894482798874 7.043235592544079 0.7397399395704269 2.226012118160725 0 4396.48028896004 2107.607595466077 4076.000252366066 1272.133289754391 5.091166958212852 10.75803774595261 4277.424400508404 900.5001095607877 17.21607871353626 10.86124870181084 0.2212852388620377 0.08128692954778671 2.937641963362694 46.29467551410198 68.13419637829065 1539.292286142707 334.587601929903 306.8508468344808 482.3947283998132 25.35142953693867 1.41501384973526 2.931040421128273 9.60445636510849 1.601482190191746 4.960709251463413 41.27503250539303 0 0 0 2.795535936951637 0.2854569256305695 5.281438067555428 0.4537812918424606 0.1565568000078201 0.1107262596487999 0.08542846143245697 2.869688630104065 0.2752757370471954 3007.476590275764 5.318604096770287 0.1439214050769806 0.4098023474216461 0 462.6012996286154 932.4794576391578 1278.704282902181 303.3576570600271 0.0989840105175972 2.097663953900337 372.9737611338496 172.9043455347419 26.8469000980258 78.59586320817471 0 0 2.661080054938793 10.02886456996202 3.67520821839571 62.60858963429928 12.18130895495415 15.26153626292944 21.14515767991543 0.7716755867004395 0.3842414170503616 0 1.341296628117561
138.6514253504574 121.5819579809904 617.8646415621042 0.5637073889374733 0.4297502338886261 25.37648582458496 169.210851740092 506.5313839316368 3.964527271687984 15.69896648079157 221.6038047224283 5.076395764946938 1.372272126376629 745.95422777161 0.5084483101963997 7.043235592544079 1589.522219900042 52.32869567349553 1311.479245185852 3.061957709491253 450.9376903064549 12.33466964960098 2030.098073206842 16.84437203407288 1.345686927437782 468.3527751602232 3366.566298093647 51.50776182115078 904.3995880447328 1476.853815130889 0.6084053590893745 6.953984215855598 46.08780377358198 2890.500605214387 13.3840100467205 633.3286462277174 2711.292378038168 3047.698184225708 281.6612862199545 22.07326830923557 1.33894470334053 20.43113148957491 2.096293739974499 0.3773946017026901 150.305381461978 365.3879552036524 0 0 0 1.866223715245724 0.5770991668105125 2.432131297886372 0.6039138287305832 0 0 0.164492130279541 0.5550761446356773 0 3.3006282299757 133.3862261176109 0.7156487628817558 25.97453154623508 0 0.4698102176189423 17.96430325508118 24.49386921525002 6.074601262807846 0.9647564813494682 320.7469044178724 800.2530310675502 0.5470467284321785 1.068491354584694 1.559135712683201 0.1504905521869659 0 0.3396414518356323 6.76234320551157 0.84586201608181 59.47114489227533 63.67145026475191 102.9789157360792 16.64443416893482 0.9002247080206871 0.1312861144542694 0 0.185221791267395
9.315083157271147 8.752654172480106 17.38365790247917 0.5129913315176964 1.279709130525589 14.12625882774591 28.28638846799731 73.97125396877527 0.7990033328533173 17.11282222718 2994.062219947577 18.09805013984442 36.03450399637222 148.2027620449662 1.487949885427952 0.7397399395704269 52.32869567349553 1440.184190377593 2526.35726827383 10.65778619796038 3.321475386619568 3.580589905381203 14.00036051124334 5.247495368123055 85.39601345360279 3614.224588185549 1015.537907861173 7.431940041482449 104.0780006572604 25.46622886508703 291.4555823802948 25.20256517082453 1.761048503220081 829.785674251616 9.747776858508587 487.4042603373528 619.6932332515717 1124.822642356157 310.8474296703935 28.58102541416883 2.001954555511475 4.34179276227951 0.6987084820866585 0 12.69971636682749 2.144235327839851 0 0 0 0 0.3672020435333252 0.2901189774274826 0.100177563726902 1.541642442345619 0.2489738687872887 23.23792389035225 0 0 0.2223940342664719 0.9110145419836044 12.71330692619085 30.2282454892993 0 0 0 0.5834416523575783 0.5597254931926727 50.03733639419079 258.4604713842273 338.0726990997791 0.2770878374576569 0.1222479641437531 0.1881270930171013 8.0987229347229 0 0 0.1332420855760574 1.693978913128376 4.662002563476562 12.50603271275759 4.156213946640491 2.723955988883972 0 0 0 0
38.14997861534357 60.77099003642797 81.09909365326166 0.4022676721215248 0.9201900660991669 16.03450139611959 70.83223003894091 185.9082897603512 1.787630826234818 20.87761547416449 961.0016237646341 17.97184767574072 11.37918600440025 335.6374448016286 0.6501200795173645 2.226012118160725 1311.479245185852 2526.35726827383 2268.419124767184 8.695280969142914 20.76734980195761 2.994004838168621 75.77408466488123 7.921007186174393 172.1249369084835 5007.421950526536 2201.654626607895 13.85116481035948 308.3130418844521 168.2912753224373 17.28942137956619 19.4472141712904 7.661355502903461 3165.366169400513 23.72463347017765 1261.615464165807 1142.326212964952 4076.895918577909 553.7791666015983 50.77731178700924 3.326473385095596 5.096855327486992 3.126411080360413 0 58.75924765318632 14.29219490289688 0 0 0 0.2323301210999489 0.5075162425637245 0.1949678435921669 0.8679299652576447 1.918710798025131 0.1841289699077606 12.44978001713753 0.5617784187197685 0 2.623899631202221 8.259895190596581 10.33552364259958 71.15284400433302 0 0.4613673761487007 2.433842457830906 1.3873570561409 2.120369255542755 52.65116137266159 867.266644321382 941.3122579306364 0.5183647572994232 0.1776160448789597 0.3755816742777824 2.601427897810936 0.1784988269209862 0 2.16740407794714 5.854186341166496 14.07621447741985 20.3618850633502 9.943633742630482 5.152226448059082 0 0 0.8174861222505569 0.1035618036985397
8.779451824724674 0.5961809903383255 7.841821677982807 4732.965814046562 5.83139044046402 436.9662636965513 132.2497479766607 449.3818284198642 611.1024615392089 6034.731396108866 34.24534727632999 6070.555371552706 7.07748668640852 245.0354110598564 78.62616968154907 0 3.061957709491253 10.65778619796038 8.695280969142914 695.9016722813249 4.731030829250813 2.39110454171896 2.666037730872631 318.7767622098327 0.8878777623176575 16.96922378987074 8.271699227392673 3278.211584322155 231.8537952154875 4.445800811052322 3.400290235877037 48.099379517138 0.4636464864015579 133.3514766767621 16.62020801007748 563.1346487402916 9.71189720928669 480.7581136524677 215.0674296244979 345.8711702600121 53.35502552986145 1.581584557890892 3.943438641726971 1.09715448319912 0 0 190.4184796214104 0.8928133845329285 9.456682354211807 20.33558857440948 0.9388767033815384 27.11857439577579 42.31987890601158 0.5520567893981934 280.4709540456533 0 1.876628920435905 52.74038305133581 0 0 0.174809068441391 0.1324265003204346 104.0892920717597 0 0 0 652.2841768711805 0 0.0955217257142067 0.1837133020162582 191.9253212660551 1.712072432041168 1.193403303623199 0 0.7737473919987679 1.202726483345032 0.2703644633293152 0.4317432045936584 26.28694178164005 0 2.70359555631876 0.3223754614591599 211.4376878142357 0 0 0
66.48173186928034 3.432661026716232 208.4361875355244 3.337011821568012 0.0813240110874176 35.76029907912016 1643.567896485329 255.4761438891292 56.64049720019102 76.72671681642532 6.860282607376575 1.982370987534523 5.656391203403473 328.4317823126912 0 4396.48028896004 450.9376903064549 3.321475386619568 20.76734980195761 4.731030829250813 14801.58358808234 125.572146423161 9699.54939135164 584.5047993436456 0.5490090176463127 55.15244727954268 1099.826625883579 4555.302619360387 255.6987371519208 10783.77357193083 0.6986821666359901 2.217988006770611 15.29224582016468 3687.223364524543 274.3356809690595 3838.363592281938 520.3037851452827 5027.970585234463 2567.62797588855 86.90090986341238 10.12705751508474 5.782994367182255 40.04749800264835 1.646641284227371 1.760725378990173 10.16736548393965 0 0 0 0.3449805974960327 0.5151313543319702 1.667355448007584 0 0.4967683404684067 0 0 2.789009183645248 0 499.6303621158004 2.991567738354206 0.2437988817691803 0.3861281499266624 0 194.2234472110868 151.5720812305808 78.02420581877232 145.0210686400533 0.09060874581336975 0.6649972349405289 36.0502036511898 84.39474471658468 11.38695589452982 47.43505155295134 0 0 1.514303267002106 1.766627445816994 14.55469870567322 17.48413465172052 0.4742507338523865 7.458823263645172 3.943486496806145 0.5057163834571838 0.5510307252407074 0 0.7827705144882202
0 2779.028549931943 27.38082833588123 0.5429050475358963 1.285547576844692 0.2298527956008911 3.205757364630699 0.3619424030184746 2054.139846488833 0.5166763588786125 22.49642033874989 11.08305624872446 253.9289694055915 1.419209912419319 39.59180708229542 2107.607595466077 12.33466964960098 3.580589905381203 2.994004838168621 2.39110454171896 125.572146423161 1093.546401277184 533.0913847908378 3171.290903806686 651.1816674247384 31.51900400221348 4158.656841903925 53.40808466076851 1.522773377597332 0.2805729359388351 49.75455695390701 0.200712576508522 0.297167181968689 11.29907824099064 0.3572962880134583 36.0667742267251 63.82514188438654 27.91980612277985 16.1635684221983 39.66185114532709 0.2153699994087219 12.60305082052946 0 0.5225884467363358 16.08633024990559 94.20656704902649 0.5216208696365356 0 0 1.532797679305077 0.271954208612442 8.664619982242584 0 3.212829254567623 0 5.735065586864948 0.4430135563015938 0 1365.926927171648 4.236665561795235 0.7812383025884628 0.7012343183159828 0 107.0859175100923 172.4561074972153 542.4676002338529 99.12955877184868 8.853035368025303 14.20793002098799 923.1307045593858 39.8906476944685 5.309755280613899 15.92092219740152 1.806431919336319 0 0.821487620472908 2.036393441259861 0.6455190032720566 30.15810249745846 13.62024787813425 12.03334845602512 12.31855022907257 0.2995636165142059 0.2123980671167374 0.3263786137104034 0
83.53976476937532 12.45768455415964 7940.62311039865 1.285280093550682 0.09270121157169342 30.60955088958144 892.091210976243 309.1316104158759 84.70276597887278 42.2260804399848 14.92281158268452 1.774333752691746 12.99791841953993 423.4840849488974 0 4076.000252366066 2030.098073206842 14.00036051124334 75.77408466488123 2.666037730872631 9699.54939135164 533.0913847908378 16860.94355484843 436.6427996009588 0.334004819393158 1453.388900272548 9592.238137587905 1725.832637391984 211.1205511167645 2578.730172134936 2.142948001623154 3.726101242005825 9.029204200953245 2908.247239686549 421.1383524164557 8331.526100806892 4777.487998589873 7095.754990160465 5337.106879703701 202.2440965026617 13.60022177547216 13.70910801738501 52.62148732692003 0.1307058781385422 40.2385775372386 516.1223560348153 0 0 0 1.54936059564352 0.170621395111084 0.9116899967193604 0.4844291508197784 0.4475148320198059 0 0.08917368203401566 0.7352667897939682 0.09741019457578659 1914.212834231555 31.408362403512 0 1.158223226666451 0 102.6528826281428 465.7221146672964 1446.624430045485 48.30289239436388 0.2232934832572937 13.59512845426798 1889.047895304859 22.13957487791777 3.651031643152237 12.70350788533688 0 0 0 3.918484695255756 31.82861457020044 150.8761209622025 36.95839349925518 63.81246329843998 45.05706487596035 4.315529182553291 0 0 0
36.80894121527672 642.3388426974416 35.97833345830441 1127.565112374723 23.76863775402308 62.56923196837306 934.7734653316438 252.9515978172421 8158.597684152424 322.2046473771334 16.77915427833796 396.829344086349 104.0845195800066 211.4188640192151 723.0181561261415 1272.133289754391 16.84437203407288 5.247495368123055 7.921007186174393 318.7767622098327 584.5047993436456 3171.290903806686 436.6427996009588 8973.288009159267 241.6779080703855 30.46455331891775 3868.086025245488 6263.889603801072 721.8034278526902 53.32148095220327 22.01058483868837 13.83416910469532 91.05733167380095 228.7638505846262 137.9294565841556 1572.944523081183 74.86764865368605 695.5428495183587 606.8727319985628 656.832116432488 52.34047699719667 4.616942271590233 19.71939633786678 34.18136378377676 6.558959566056728 11.91214121133089 324.9791724830866 0.1606200784444809 12.49371241033077 558.0224303603172 34.61296353489161 662.8380501717329 108.1299844682217 3.870056070387363 155.6539433076978 1.658152557909489 66.28799650073051 42.14498963207006 679.4787217751145 7.731569521129131 1.457214497029781 2.977786876261234 174.5924225226045 228.0948639735579 463.5132573321462 49.28206963837147 4990.144799113274 2.876674488186836 13.06421756744385 68.24130606651306 2108.43132764101 254.2864202782512 267.8369678258896 0.4353168681263924 0.2400760352611542 21.69163189828396 52.36588315665722 10.62271504849195 412.9474498778582 6.652435347437859 155.1204416677356 65.71601436287165 184.3254248723388 28.8379465341568 1.060235649347305 7.659993216395378
0.1049018800258636 1240.99991735816 0.3385108858346939 0 0.1092514991760254 1.012022450566292 1.120792679488659 2.593516819179058 225.0459589660168 0.6614712327718735 725.647239394486 3.018255673348904 4603.187172412872 1.933227747678757 5.292447999119759 5.091166958212852 1.345686927437782 85.39601345360279 172.1249369084835 0.8878777623176575 0.5490090176463127 651.1816674247384 0.334004819393158 241.6779080703855 635.3641841486096 654.1916046887636 2950.509930349886 2.292069084942341 1.956988148391247 0.4055312052369118 828.2245369553566 2.867130443453789 0 400.9385784268379 3.520192086696625 93.54483444988728 282.5066318809986 463.3260742202401 76.02805178612471 12.32413551956415 31.11111986637115 408.1094582229853 13.71642898768187 0 27.88663813471794 1.183995380997658 0 0 0 0 0 0.8862372264266014 0 174.5912215933204 0 435.5061338916421 0.1456077545881271 0 0 0.7067962735891342 31.18373354524374 12.88389421999454 0 0 4.326501861214638 0 1.238646730780602 124.1668088138103 245.882985457778 613.560148999095 0.1982947513461113 0.08635087311267853 0 82.58021756261587 0 0 0 2.102203577756882 9.964418195188046 66.8884716629982 9.901432946324348 4.527772784233093 0 0.8667608648538589 27.06697174906731 0.6439602971076965
75.40108552575111 444.8949953690171 3812.524058304727 1.451798662543297 2.242203548550606 50.50485171750188 384.8749641142786 444.6641957089305 10.49549739062786 51.17468374967575 2404.822132222354 37.98742949217558 159.7315004616976 648.0052963197231 2.58238323032856 10.75803774595261 468.3527751602232 3614.224588185549 5007.421950526536 16.96922378987074 55.15244727954268 31.51900400221348 1453.388900272548 30.46455331891775 654.1916046887636 20199.87637390569 25257.04951744527 106.2139579467475 307.4610273204744 401.5225511416793 1292.826238580048 62.06081304699183 4.058751221746206 912.546041149646 30.79107584059238 1743.291661642492 4030.025703459978 2458.607132826 696.4011937975883 80.02690521627665 5.084041245281696 44.62048440426588 3.941420011222363 0.5271974951028824 519.582293190062 317.5908356308937 0 0 0.1321111023426056 2.56177981197834 1.900175385177135 4.066642828285694 0.9786927998065948 56.5444131270051 0.1100337728857994 226.930798009038 2.595576047897339 0.2064193338155746 8.058023996651173 164.0007977262139 79.75101684033871 302.5467711985111 0 1.677472315728664 22.89418762177229 15.9395916685462 11.42782963067293 286.3313425481319 3406.262811772525 4050.838965572417 1.850121647119522 4.231590643525124 3.943013526499271 63.91396939754486 0.400401383638382 0.1929943114519119 9.529486246407032 7.956027776002884 86.98420943319798 297.2415381148458 161.9722583442926 25.57840789854527 0.3532520905137062 0.3929834961891174 1.668432928621769 0.2626737356185913
10.19504033029079 4591.975456520915 10310.56680347025 5.376198261976242 2.018321678042412 25.80128657817841 598.3459249958396 72.85131229832768 515.4197323843837 39.42698544636369 635.5193622633815 20.98657865077257 2263.785304404795 132.8617263510823 17.31717149913311 4277.424400508404 3366.566298093647 1015.537907861173 2201.654626607895 8.271699227392673 1099.826625883579 4158.656841903925 9592.238137587905 3868.086025245488 2950.509930349886 25257.04951744527 21621.49972628057 1170.110195726156 106.6395653784275 121.350117482245 1049.747558504343 18.53753238171339 11.43009538203478 1432.219543166459 196.432524189353 6513.280496478081 5679.433815844357 5933.004402644932 2244.636227630079 185.1377935409546 8.380497239530087 87.42814089357853 20.68479315191507 1.21024926006794 1957.31180408597 1732.003489293158 0.2531728148460388 0 0.095515176653862 9.85208235681057 2.266954474151134 10.18805927783251 2.30018100887537 43.92986804246902 0.3088529258966446 325.1209059208632 4.14440530538559 0.3929864764213562 726.9428426921368 398.228483594954 109.8805160671473 439.8373326212168 0.254016138613224 32.70747821033001 778.532170727849 983.5625532269478 74.75911123305559 701.6168871447444 4895.481216073036 10813.15967462957 31.48300165683031 7.521136462688446 15.3994078040123 87.43915552645922 0.3639867082238197 0.601023256778717 29.08251618593931 25.36324153840542 343.5578572973609 408.8851218000054 394.6669611632824 105.4360130727291 2.954897999763489 0.3522568047046661 1.481481075286865 1.044540137052536
234.7635757476091 7.292017064988613 301.4796053543687 4813.953393228352 4.319403178989887 405.9771336093545 19626.47727152705 653.2994998134673 889.0682696849108 4078.066193953156 20.26203170418739 451.217979632318 4.334842145442963 693.0344509929419 108.5229264125228 900.5001095607877 51.50776182115078 7.431940041482449 13.85116481035948 3278.211584322155 4555.302619360387 53.40808466076851 1725.832637391984 6263.889603801072 2.292069084942341 106.2139579467475 1170.110195726156 13715.50592175871 2592.604148201644 6537.372475966811 1.937454663217068 23.02465822547674 488.5427099168301 1001.333444230258 321.7573691755533 2995.024025462568 92.09929809719324 1981.699701484293 1625.889082677662 234.9752616360784 88.49681011587381 3.471666902303696 42.8901606425643 17.82479618489742 2.662524715065956 4.824435278773308 225.602397762239 0.7354422509670258 11.3083378225565 363.6960641294718 18.76888851076365 167.9359397143126 74.76542124152184 1.667413242161274 109.0350891426206 0 37.94376528263092 24.00466824322939 301.6264173686504 2.960640043020248 0.5313720926642418 2.064145013689995 123.1009559780359 103.2302246168256 95.12239185720682 26.60939956456423 2657.226584270597 0.1129205971956253 2.948368310928345 25.08270268887281 1168.973949298263 144.6321555152535 132.5010493248701 0 0.1940561234951019 8.937394581735134 25.86423305422068 15.82011833786964 192.7565039619803 2.313871912658215 73.62587530165911 38.86823221296072 127.08363032341 19.41826550662518 0.6206786334514618 2.649526923894882
2568.391054540873 1.387400224804878 149.4679783433676 81.74593272060156 7.375043049454689 196.9609422422945 2924.343562893569 967.4437882490456 22.95683705806732 497.8840465396643 428.4670863859355 244.7969045415521 17.82207530736923 5311.738655172288 15.18117212504148 17.21607871353626 904.3995880447328 104.0780006572604 308.3130418844521 231.8537952154875 255.6987371519208 1.522773377597332 211.1205511167645 721.8034278526902 1.956988148391247 307.4610273204744 106.6395653784275 2592.604148201644 15753.41273142025 4988.043495912105 19.29941659420729 709.7958209775388 1887.877002030611 2801.312840227038 22.78628077358007 459.606567889452 82.55304126441479 1637.318474970758 194.3430182486773 178.2740090861917 22.75071708112955 1.094841495156288 5.726592026650906 1.280879512429237 1.095294654369354 2.124852523207664 1.012238830327988 0 0.09594300389289856 12.32341224700212 1.083620116114616 7.385270819067955 0.6849026829004288 0.2617833390831947 1.606765255331993 0.3605858087539673 2.936065554618835 0.1039476543664932 14.30845380574465 0.891575500369072 0.1254851967096329 0.5054624229669571 1.437757976353168 4.891486041247845 2.658272415399551 0.4924154356122017 101.9769442528486 0.8313844949007034 4.075508639216423 11.59396533668041 60.92629085481167 3.794584006071091 5.37511582672596 0 0 0.231558732688427 1.90311935544014 1.529087364673615 13.05841512978077 1.552390202879906 5.669838704168797 4.184275783598423 1.775158956646919 0.1923516765236855 0 0.8325927257537842
