1926.816443420947 0 71.56757785007358 18.42696835100651 0 56.32868248969316 5264.522218015045 1270.105978824198 0.7520896568894386 188.3099227547646 3.071152150630951 4.573131255805492 0.08601518720388412 4448.875955946743 0 0.4600218087434769 146.7836194187403 1.792992457747459 11.02453968673944 10.47536411136389 36.82929698377848 0.2173494696617126 107.0378721803427 44.94797737151384 0.1216877698898315 30.99904861301184 21.75374749302864 82.79918333142996 6832.958273276687 4070.794210851192 0 7.478311166167259 175.0918992906809 145.956373333931 1.581386081874371 67.99567022919655 13.99505653977394 104.7597151324153 28.13865159451962 4.616506561636925 1.79031990468502 0 0.5514204800128937 0 0 0.1421851515769958 0 0 0 0.5242332145571709 0 0.9498200342059135 0.4795831441879272 0 0 0 0 0 0.4871211051940918 0 0 0 0 0 0 0 3.275156192481518 0 0 0.3962097391486168 2.376594506204128 0.1145081669092178 0.2320230752229691 0 0 0 0 0 0.6388197243213654 0 0.1181005984544754 0.07981180399656296 0 0 0 0
0 398.6855423524976 7.752196609973907 0.4993313401937485 0 4.846580505371094 11.28504326194525 8.620550230145454 682.888453476131 1.89602892100811 112.8758291453123 1.882492780685425 978.578037686646 1.51722327619791 0.6495846807956696 174.4469581916928 4.280179411172867 2.609452292323112 2.424504391849041 0.3181519508361816 3.159580998122692 2861.594032905996 8.93102204054594 914.9122716337442 2782.316181942821 111.1181495413184 5470.115027688444 83.33438786119223 2.58747909963131 4.856030412018299 45.66254682093859 0.5390350073575974 0.2938787266612053 7.09160078316927 0 21.77999040484428 39.10250854492188 38.8900788500905 6.872601635754108 4.698344700038433 0.2949509769678116 145.2711102217436 0 0 505.1122367978096 32.22258866578341 0.1201233938336372 0 0 1.385991655290127 0.1487977057695389 20.22275874763727 1.041264243423939 7.129455365240574 0 66.23369659483433 0.09913138300180435 0 5.649005018174648 7.357747346162796 0.8885427117347717 32.20079720020294 0.3140824064612389 0.5887448266148567 53.0329398214817 1.917653039097786 12.83191706240177 291.350825175643 262.8683007359505 2101.545302070677 5.174495853483677 0.09738702327013016 0.1062939614057541 6.399717718362808 0 0 2.396695017814636 0 7.674317970871925 40.82863084971905 15.06747415661812 3.541545659303665 0.267100602388382 0 4.417752638459206 0
71.56757785007358 7.752196609973907 8768.20095076412 11.00194292515516 0.1310188472270966 7.661599397659302 1054.68227340281 122.2132874056697 3.475172057747841 60.51517305523157 24.87157465517521 0.182779535651207 9.85191710293293 152.174127727747 0.3614751249551773 40.1138551980257 7783.716560393572 38.30122839286923 219.0858837962151 1.323797464370728 1702.966978892684 12.98540563881397 13818.10508400947 84.93381898850203 1.18548034876585 8370.628814570606 9836.736529916525 316.9080545306206 132.1921481490135 723.432980440557 0.9580690115690231 2.741221010684967 22.14107816293836 1306.886176366359 94.73447772860527 2333.200165964663 3026.349783420563 2604.847043715417 710.6280781030655 28.97128321230412 13.26916499435902 9.387489981949329 6.792739264667034 0 50.36723756790161 145.4956029355526 0 0 0 3.274684183299541 0 2.310176052153111 0.2146503329277039 0.2797684669494629 0 0.7405283600091934 0.1553906500339508 0 33.28679028153419 2.586729183793068 0 3.891009420156479 0 3.780879452824593 29.12922634184361 16.25397378206253 22.62051189690828 0 58.62585148960352 910.6368745341897 30.73187156021595 0.3872232288122177 1.844235926866531 0 0 0 0.9297832176089287 9.369916915893555 14.13355049490929 148.7542805373669 6.72236379981041 2.461504459381104 0.1698763221502304 0 0 0.3967547118663788
18.42696835100651 0.4993313401937485 11.00194292515516 445.3702919334173 0.532617561519146 125.2337774336338 256.2587655745447 59.75930193811655 163.3282374963164 1231.40470918268 0.6369432508945465 58.23594446480274 0.5442911237478256 45.43505134433508 23.08047303557396 1.116405509412289 5.643693439662457 0.2762541025876999 0.832646831870079 692.5129279270768 13.4121246188879 1.219720110297203 5.52242661267519 1487.970621630549 0.1028259992599487 4.220390424132347 3.963107064366341 2922.681268572807 146.2810804583132 8.909758381545544 0 2.670281633734703 31.38213142007589 48.34307350218296 0.9205700531601906 180.3522797301412 5.651476047933102 136.2855702936649 32.07324559241533 161.6642224341631 9.068633839488029 0 1.866419360041618 0.118148609995842 0 0 14.51011878997087 0 12.78225134313107 47.2271718904376 7.960530519485474 16.30431523919106 126.2225605845451 0 31.25629062950611 0 4.234858579933643 1.143830373883247 2.162991046905518 0 0 0 22.26776290684938 0.1446484923362732 0.1541837453842163 0 123.8634951114655 0 0.5525647103786469 0.2269069701433182 125.7162543460727 3.359473370015621 1.214260689914227 0 0 0.1226076856255531 2.51661429554224 0.2345473319292068 8.731225974857807 0 11.69742356240749 2.668837025761604 4.685532614588737 0.7900327742099762 0 0
0 0 0.1310188472270966 0.532617561519146 2.419310837984085 41.06073179095984 4.665157109498978 18.55818293243647 31.41968156397343 6.435566142201424 47.81024339050055 63.74626672267914 28.04797301441431 33.86631080508232 1001.641207158566 0.2067823261022568 0.4083306342363358 5.742146581411362 6.682923592627048 4.697241857647896 1.196595467627048 0 1.557728379964828 10.8175765350461 0.7122906297445297 10.41798493266106 2.192808695137501 2.752769529819489 565.6495180055499 1.510529175400734 0.6470488980412483 86.94187209010124 0.2854755073785782 273.4859239906073 0.3884388208389282 35.32890753448009 6.214395292103291 528.8470243290067 273.7132278084755 1449.340082347393 255.9167328774929 2.136784493923187 0.5933349430561066 0 0 0 0 0 0 0 0 0 0 0 0 0 0 0 0.1837653964757919 0 0 0 0 0 0 0 0.9312523901462555 0 0 0.1334588825702667 0 0 0 0.1084750592708588 0 0 0 0 0.1540143638849258 0 0 0 0 0 0 0
56.32868248969316 4.846580505371094 7.661599397659302 125.2337774336338 41.06073179095984 11226.49413803965 3032.92303096503 9188.959731824696 69.82166481763124 7884.788200989366 132.5125435814261 6877.206479609013 88.71041292697191 690.0564466267824 1561.981995716691 2.148228839039803 7.47549582272768 20.73342618346214 15.4957045763731 727.8451350033283 12.582754150033 19.99276386201382 10.88957327604294 174.6483538970351 1.182227596640587 44.89014974981546 16.77117989957333 896.9047285467386 897.0581754669547 69.66204738616943 3.220826141536236 448.5908433198929 16.46080700308084 448.2074468359351 0.8185404017567635 571.1514938846231 29.62734073400497 1376.978802621365 730.3148413151503 2064.554158680141 219.9902739226818 5.374014794826508 11.72207614779472 0.482748344540596 0 0.6968947201967239 1.391649916768074 0 6.338133782148361 46.09687127172947 11.83154916763306 21.47043772041798 29.39964611083269 0.3216299414634705 0.7721040397882462 0.4950261041522026 5.449198707938194 0.5187661647796631 1.596159249544144 0.6213253140449524 0 0 5.665355160832405 0.1656965315341949 1.412523910403252 0 143.3010569140315 0 0.1338209062814713 2.510377772152424 112.887260787189 7.353488847613335 0.7364737391471863 0 0 0.1278012841939926 5.051151432096958 0.3453266322612762 15.23668870329857 0.3606020510196686 14.01688873767853 0.4797327816486359 2.6886245906353 1.042750045657158 0 0.2585804760456085
5264.522218015045 11.28504326194525 1054.68227340281 256.2587655745447 4.665157109498978 3032.92303096503 22888.07934434712 5230.378471039236 183.4880069643259 9541.109736207873 29.35863426327705 554.2287129238248 11.01744899153709 4516.384821861982 61.69645854085684 68.33246263116598 374.635150257498 6.840826421976089 26.80895595997572 396.2749458923936 2384.913733739406 37.22440794110298 867.7465196587145 2561.688871957362 1.088505037128925 247.5117911025882 230.2968279793859 15425.08076930046 2358.663583658636 6126.765440247953 0.2942071929574013 50.43773030489683 572.4513830840588 748.9289694540203 26.86287471652031 2170.188679918647 146.4407295137644 1974.708512656391 529.1668707877398 207.4309543520212 89.49136542528868 1.414102487266064 18.57692769914865 1.558408088982105 1.369132451713085 5.692428968846798 8.061474308371544 0 22.58903059363365 209.3030785545707 41.71829418838024 90.69988170266151 135.0075352713466 3.139859229326248 6.188900515437126 0.1157867386937141 24.52530042082071 3.035129114985466 21.97322580963373 0.08733386546373367 0.3918285518884659 0.3181586191058159 12.62875675410032 7.126162737607956 5.189133189618587 4.247459724545479 584.0436423271894 0 2.222807891666889 20.64036083221436 498.0892178341746 27.51085533946753 7.928399510681629 0 0.3243954032659531 0.9649175927042961 8.684410780668259 1.937485195696354 61.53325184434652 3.029976017773151 49.84073606133461 10.44706847518682 22.77053371816874 2.59692856669426 0.2639176100492477 0.6057241261005402
1270.105978824198 8.620550230145454 122.2132874056697 59.75930193811655 18.55818293243647 9188.959731824696 5230.378471039236 14634.5969029814 61.27106854319572 1751.559932392091 164.5889267921448 694.2401572093368 60.39377689361572 6255.721715524793 422.0053468123078 1.548272103071213 185.1879486478865 33.56295147538185 48.86665328592062 292.9903392121196 99.96170531213284 24.41560070216656 153.0128491520882 293.941277474165 3.711412668228149 113.3206373676658 55.14517885446548 420.5193569362164 2823.840281415731 1346.363375030458 2.57848010212183 530.8518997579813 63.90043984353542 803.1365473121405 5.49684115499258 609.7157201468945 38.91038852930069 1514.08665048331 404.5727317631245 881.2580757588148 96.54985259473324 5.294184982776642 4.210869714617729 0.2772503346204758 0.1486536711454391 0.4864131510257721 1.115767896175385 0.1249529421329498 7.02515134960413 65.646539516747 14.2518664598465 18.65958367288113 17.90580656379461 0.12681645154953 0.6563147902488708 0.1244503706693649 7.951451875269413 0.8921336531639099 4.509641133248806 0 0 0 2.286485955119133 0 1.620265975594521 1.23207226395607 207.8027821406722 0.1452164500951767 0.3182023987174034 3.002478443086147 176.0319168195128 10.48023141175508 4.003718197345734 0.09041287750005722 0 0.8130273371934891 4.890802681446075 0.3094662055373192 14.48008834570646 0.4587937518954277 16.83510231971741 5.686436481773853 5.856417864561081 0.6509485989809036 0 0.1533199399709702
0.7520896568894386 682.888453476131 3.475172057747841 163.3282374963164 31.41968156397343 69.82166481763124 183.4880069643259 61.27106854319572 2298.723746098578 276.968323789537 1.129878170788288 188.625986173749 8.995906509459019 17.99367827922106 452.3370908647776 31.02144679427147 1.556517742574215 0 0.1215066388249397 688.0709257051349 16.33074928075075 3942.210427038372 4.982955530285835 13254.59894448519 17.04133746027946 5.480527102947235 268.2451394796371 645.5275614857674 22.77679903805256 8.087601542472839 0.9583253711462021 1.970974147319794 5.339302323758602 13.58956348896027 1.54798935353756 223.4056902453303 4.494417861104012 46.74190084636211 12.98446597158909 223.1486072316766 2.778406195342541 1.01288279145956 0.2413158863782883 1.822304926812649 1.306297481060028 10.7846183180809 50.63150224834681 0 15.14422982186079 95.82601422816515 17.47729027271271 100.5954267159104 340.8905585110188 1.080483131110668 150.8990534320474 0.2102217376232147 12.97031386196613 15.82183623313904 251.0227395296097 0.7546360045671463 0.2414738163352013 0.7866319715976715 117.2927082777023 39.32822957634926 49.41564052551985 9.764954678714275 2729.155127152801 0 5.811813414096832 34.26511410623789 793.7857195734978 22.50029713660479 13.54472972452641 0.2519480511546135 0.522175244987011 3.351868130266666 10.29888098686934 0.5856494158506393 46.63152787089348 2.395048096776009 30.22858916223049 12.16393031179905 26.99020430445671 2.608271420001984 0 0.4317796677350998
188.3099227547646 1.89602892100811 60.51517305523157 1231.40470918268 6.435566142201424 7884.788200989366 9541.109736207873 1751.559932392091 276.968323789537 8109.238780111074 21.61975071579218 1809.435766428709 7.933263421058655 950.5529918447137 97.72496552765369 1.365899004042149 25.22170675545931 5.21827332675457 9.315286442637444 2435.916886091232 86.2436892837286 4.36270647495985 47.84267941117287 1253.876584775746 0.1522019803524017 25.70441165938973 16.14900283887982 5241.01863001287 1135.140217807144 97.60699011385441 0.4029688909649849 39.73519009724259 104.2181113958359 312.7622081115842 6.32369589060545 1107.912124402821 32.89647493511438 1045.774146541953 172.1149206236005 288.7767098993063 75.51114310324192 0.7704184427857399 8.722990222275257 1.082829892635345 0 1.041718438267708 29.2194697111845 0.2133883386850357 12.38744878023863 228.8035142868757 31.72786873579025 67.85507495701313 356.8086044192314 0.2385947406291962 30.36392515897751 0 19.72908893227577 6.034475415945053 1.92352256923914 0 0.1850864291191101 0.2535154521465302 57.37738177925348 0.9838795438408852 1.401278182864189 1.371665298938751 546.3812622800469 0 0.2053099572658539 3.755959048867226 489.4738361909986 18.37679541110992 1.100236266851425 0.1471931934356689 0 0.7183629274368286 10.75702007859945 0 32.88496001064777 0.8273263871669769 33.09637540578842 8.155446767807007 19.63011855632067 2.360884875059128 2.913861989974976 0.2377976179122925
3.071152150630951 112.8758291453123 24.87157465517521 0.6369432508945465 47.81024339050055 132.5125435814261 29.35863426327705 164.5889267921448 1.129878170788288 21.61975071579218 12685.12025109679 7.853634178638458 3311.597538150847 49.92282563447952 19.96899415552616 1.04241181910038 277.5760500878096 4833.307465784252 2477.390524357557 2.83513867855072 10.8199282810092 21.26134394854307 36.57535532861948 7.863157041370869 1047.062557540834 4322.748883329332 802.740423515439 8.896308936178684 100.2443041801453 15.17010417580605 402.3475465402007 179.1735433414578 3.850347921252251 3319.931660421193 20.26727348566055 467.9614398851991 4568.505946077406 5466.826955206692 883.3384202122688 25.24414698034525 288.109342880547 875.7833216413856 10.20410311967134 0 13.99627824872732 0 0.09019055962562561 0.2077455073595047 0.09767251461744308 0.6525938138365746 0.5321019068360329 1.325385630130768 0.2432340607047081 233.2075893729925 0 1467.202509425581 0.368331179022789 0 0 0.1267688423395157 13.52978633344173 2.876173824071884 0 0.1387703567743301 0.8869144320487976 0.08135291188955307 4.139276176691055 246.8966192677617 518.8043987676501 525.8480268344283 2.984750971198082 0.451510027050972 0.07429168373346329 221.3001786395907 0.09400749206542969 0 5.558784738183022 5.023299098014832 19.17457437515259 321.2761126458645 22.71564915031195 1.981303296983242 0.8001227527856827 0.4474389478564262 128.0913382768631 0.09669588506221771
4.573131255805492 1.882492780685425 0.182779535651207 58.23594446480274 63.74626672267914 6877.206479609013 554.2287129238248 694.2401572093368 188.625986173749 1809.435766428709 7.853634178638458 2953.139091745019 1.865687549114227 92.93728604912758 2506.219339177012 0 0.4714104011654854 1.473509594798088 0.9729947149753571 1095.914722397923 0 5.14346893876791 0.7273115888237953 431.8169055506587 0.1578005999326706 2.255352020263672 1.685168504714966 107.4492455944419 113.6216813474894 5.320415861904621 0.238619476556778 17.61369653791189 4.96054895222187 48.49558235704899 0 201.8165027499199 2.090389236807823 186.9037547931075 22.73101934790611 1476.048939958215 14.22962322831154 0 0.1158914566040039 0.7234747111797333 0 0.3082524538040161 4.666777841746807 0 4.703850492835045 23.7893628552556 3.082403920590878 10.69612622261047 44.97712346166372 0.7422509491443634 42.26970659941435 0 2.700706616044044 1.916399300098419 0.2709397971630096 0 0 0 21.96402801573277 0 0 0 63.13284046202898 0 0 0 59.55011722445488 1.751139253377914 0 0 0 0 2.005433060228825 0 3.878258444368839 0 2.401292316615582 1.14761483669281 4.034149572253227 0 0 0.6050634384155273
0.08601518720388412 978.578037686646 9.85191710293293 0.5442911237478256 28.04797301441431 88.71041292697191 11.01744899153709 60.39377689361572 8.995906509459019 7.933263421058655 3311.597538150847 1.865687549114227 4731.985172212124 9.685011431574821 6.666700445115566 17.72764254361391 4.11538951843977 36.99227963387966 12.68241041153669 5.690998822450638 17.75791696459055 136.7644607275724 35.38538721948862 27.50289306044579 4301.349934019148 1270.514352858067 3735.123992040753 19.76351741701365 14.23703850060701 9.673804432153702 3147.891205109656 59.08800232410431 2.314208686351776 488.3786052241921 277.6226719617844 2245.930192314088 4830.67618227005 3315.938595704734 446.2954330742359 106.1542520672083 227.0005632042885 799.5288698300719 9.406592532992363 0 23.55425649136305 0.2735794484615326 0 0.1454757750034332 1.583030477166176 0.2090379968285561 0.08908946067094803 0.8273864388465881 3.098775625228882 350.5884855762124 0 2440.829094834626 0.2015717625617981 0 0.2424586489796638 0 1.552275955677032 1.913923352956772 0 0 1.211309738457203 0.5661599040031433 2.102930702269077 595.1438109055161 173.0321257561445 229.4074836671352 1.226026713848114 1.011491850018501 0.07754571735858917 217.915117636323 0 0 2.923172973096371 44.55375304818153 282.8434337675571 524.6925514340401 27.07009173184633 6.328543521463871 2.191484153270721 1.434142172336578 578.4648757651448 0.8390585109591484
4448.875955946743 1.51722327619791 152.174127727747 45.43505134433508 33.86631080508232 690.0564466267824 4516.384821861982 6255.721715524793 17.99367827922106 950.5529918447137 49.92282563447952 92.93728604912758 9.685011431574821 9903.391856916249 24.07960633188486 0.5590923130512238 290.6312036961317 11.52480632066727 33.72858816385269 86.21289379894733 100.8074921742082 8.219889253377914 190.8516342565417 108.4895642027259 0.2625146359205246 84.90418166294694 50.07030655443668 212.7554666697979 5246.478688627481 2407.197315514088 0.8447232991456985 261.580983787775 93.33448801189661 507.7744842916727 3.126761674880981 314.3971580453217 26.02135845273733 694.6988848820329 121.9396822676063 108.0846265181899 26.38394827395678 0.8802260756492615 1.887913510203362 0 0 0.6687321364879608 0.209539070725441 0.08750759810209274 2.233800888061523 17.35609801113605 6.246139414608479 6.321243569254875 7.326435893774033 0 0.9020545184612274 0.1034920364618301 1.938523858785629 0.5392824411392212 1.371735207736492 0 0 0.1207692474126816 0.3961384296417236 0 0 0 66.89434932917356 0 0 1.018385596573353 54.52093214541674 1.576761513948441 0 0 0 0 0.9980172291398048 0 6.223886512219906 0.1121222823858261 4.553589954972267 0.8422705009579659 1.978060357272625 1.049335479736328 0 0
0 0.6495846807956696 0.3614751249551773 23.08047303557396 1001.641207158566 1561.981995716691 61.69645854085684 422.0053468123078 452.3370908647776 97.72496552765369 19.96899415552616 2506.219339177012 6.666700445115566 24.07960633188486 586.4733188599348 0 0.9341912791132927 0.7965390086174011 0.5063157677650452 293.0534840300679 0.2227107360959053 4.811716847121716 0.5160816311836243 599.8472177237272 0 1.49712085723877 1.379892788827419 38.78762644529343 31.37626203894615 9.378208614885807 0.5101664811372757 99.15610659122467 1.196471452713013 16.01425541192293 0 35.97664827108383 7.394541054964066 85.90133964270353 14.10424442589283 1477.472726300359 33.56959527730942 1.801317900419235 0.4502928853034973 0 0 0 0 0 1.930503070354462 7.123651534318924 1.028571575880051 2.827701479196548 1.470954105257988 0 0.1711937636137009 0 0.2950937747955322 0 0.1343565881252289 0 0 0 0 0.467757374048233 0 0 22.29455048590899 0 0 0.4796503186225891 22.24516516923904 0.5379186794161797 0.4195128083229065 0 0 0 0 0 2.358405888080597 0 0.958931565284729 0.1774815618991852 1.473807170987129 0 0 0
0.4600218087434769 174.4469581916928 40.1138551980257 1.116405509412289 0.2067823261022568 2.148228839039803 68.33246263116598 1.548272103071213 31.02144679427147 1.365899004042149 1.04241181910038 0 17.72764254361391 0.5590923130512238 0 2855.33185274899 21.5135567933321 0.8660079315304756 1.676723003387451 0.8475212827324867 2076.23579145968 1846.729988224804 4668.840669043362 4073.96688914299 12.91040974110365 16.65307600796223 4009.160383060575 1834.031361967325 2.212064601480961 38.30478312075138 0.3254105672240257 0.100220650434494 3.064297445118427 52.38895590603352 84.25399824231863 2157.538783825934 1414.085588775575 498.3618568256497 405.2746355310082 15.35759822279215 10.12596822530031 5.793681755661964 15.74578697234392 0.2735311090946198 38.97971069812775 17.87721066176891 0 0 1.458767741918564 8.815068930387497 0.5561652332544327 13.89332685619593 1.075560323894024 0.2475305497646332 0 0.3965774700045586 0.5408692508935928 0 3481.342505507171 1.622944742441177 0 1.813238270580769 0 137.3938118368387 696.2960679829121 805.3664420098066 305.3210145756602 1.537685938179493 21.57484880834818 657.4013028517365 373.7830072715878 1.800575397908688 11.32782899588346 0.326419860124588 0 0.3776718825101852 2.332194969058037 5.124852158129215 74.74625791609287 14.69190833717585 10.2337763980031 6.815322421491146 1.621828004717827 0.8633539229631424 2.582559138536453 0
146.7836194187403 4.280179411172867 7783.716560393572 5.643693439662457 0.4083306342363358 7.47549582272768 374.635150257498 185.1879486478865 1.556517742574215 25.22170675545931 277.5760500878096 0.4714104011654854 4.11538951843977 290.6312036961317 0.9341912791132927 21.5135567933321 5165.19810802862 340.4721088781953 4269.625918649137 0.7450686320662498 1164.585664518178 14.37449504435062 4859.79583863169 67.57036580890417 0 8210.399450391531 5519.199957326055 103.2049138098955 564.7157887257636 1918.058648787439 1.999389000236988 3.961235955357552 94.97293175756931 2513.980031721294 26.39898744225502 942.6288717612624 1321.919708795846 2755.836922094226 670.1900867857039 13.2048849388957 8.040881402790546 2.001431554555893 1.970377929508686 0 6.050537422299385 16.48731940984726 0 0 0 0.7796738743782043 0 0.6110388413071632 0.09445729851722717 0 0 0.6513809636235237 0 0 5.293805800378323 0.6588494777679443 0 0.6106284409761429 0 0.6995252892374992 2.45516648888588 1.250259973108768 4.523757427930832 0.7553995549678802 12.58149050921202 109.4840325117111 4.548111222684383 0 0 0.3036079406738281 0 0 0 1.902745589613914 8.666078820824623 14.38895018398762 1.561650715768337 0.7718582674860954 0 0 0 0
1.792992457747459 2.609452292323112 38.30122839286923 0.2762541025876999 5.742146581411362 20.73342618346214 6.840826421976089 33.56295147538185 0 5.21827332675457 4833.307465784252 1.473509594798088 36.99227963387966 11.52480632066727 0.7965390086174011 0.8660079315304756 340.4721088781953 415.913083344698 2572.429872296751 0.8432668969035149 2.91510471701622 0.3566536754369736 15.05762951076031 2.070873849093914 6.759682841598988 3746.193089976907 843.6188868358731 2.442612841725349 21.25188466161489 6.302832052111626 103.303694665432 33.84833899140358 1.251710176467896 573.6206642687321 14.22991128265858 298.1804760172963 644.5636569038033 1243.21755695343 441.2927581295371 4.326433159410954 19.68194833397865 8.489618204534054 1.612382523715496 0 3.748422279953957 0 0 0 0 0 0 0 0 8.002020791172981 0 35.80715030431747 0 0 0.1183274686336517 0 4.224637560546398 0.2445768043398857 0 0 0.327535904943943 0 0.8513481542468071 28.17222414165735 123.3604998216033 131.5984631702304 0.984763965010643 0 0 18.32167455554008 0 0 0.8526318073272705 2.294299878180027 7.410579681396484 23.84693373739719 2.827975384891033 0.3657860085368156 0.2525615319609642 0 0.5305330902338028 0
11.02453968673944 2.424504391849041 219.0858837962151 0.832646831870079 6.682923592627048 15.4957045763731 26.80895595997572 48.86665328592062 0.1215066388249397 9.315286442637444 2477.390524357557 0.9729947149753571 12.68241041153669 33.72858816385269 0.5063157677650452 1.676723003387451 4269.625918649137 2572.429872296751 2594.93738605082 1.445757381618023 31.70613852143288 1.223273612558842 201.2053773030639 6.184453196823597 2.55583094805479 8420.372371889651 1652.475953921676 10.45799787342548 80.34918576478958 82.62358262389898 23.8637889623642 41.93441417068243 9.363621927797794 2825.298667378724 19.27898254990578 987.1176920086145 960.6977937743068 2746.468228757381 794.472568154335 11.38274071365595 18.96072447299957 3.269001424312592 2.646728560328484 0 5.411766581237316 1.883919067680836 0 0 0.09703826904296875 0.2228302955627441 0 0.1135217323899269 0 3.796860843896866 0 11.67588414996862 0 0 0.2762780636548996 0 3.65121828019619 0.3232796862721443 0 0 0.5359096676111221 0 0.6170153766870499 20.58716719597578 62.01597765833139 84.14783770591021 0.9360518008470535 0.1434594541788101 0 6.84625269472599 0 0 0.09358483552932739 3.493179269134998 14.037811152637 10.49301978945732 1.281513974070549 0.2736032903194427 0.4126809239387512 0 1.17607656121254 0
10.47536411136389 0.3181519508361816 1.323797464370728 692.5129279270768 4.697241857647896 727.8451350033283 396.2749458923936 292.9903392121196 688.0709257051349 2435.916886091232 2.83513867855072 1095.914722397923 5.690998822450638 86.21289379894733 293.0534840300679 0.8475212827324867 0.7450686320662498 0.8432668969035149 1.445757381618023 914.8585143238306 1.861941650509834 3.968902677297592 1.348690174520016 688.9985631108284 0 2.478918172419071 1.494275018572807 1281.827766466886 140.8407329842448 5.66618350893259 0 7.845242477953434 11.68199245631695 43.3754061460495 2.067489795386791 328.3407892212272 5.06004998087883 176.8245868980885 30.97794710844755 899.9627447649837 12.60990401357412 0.4854725003242493 1.715950362384319 1.18257737159729 0 0.2329161837697029 42.82594353705645 0 13.22988918423653 183.4795122072101 34.94184289872646 79.12335757911205 446.679822139442 3.409311912953854 75.66038262099028 0 19.44096279144287 4.090559884905815 2.234016075730324 0 0.5577472597360611 0 95.25786034762859 0.2531684339046478 1.430928006768227 0 457.6590505540371 0 1.129490286111832 1.913255721330643 439.5993962287903 19.14543306082487 0.4113579392433167 0.1855450570583344 0 0 10.61857288330793 0.5354966521263123 20.7950384169817 0.2492868602275848 25.78835927695036 5.856859512627125 19.78689660876989 0.9902737438678741 0.9601825028657913 0
36.82929698377848 3.159580998122692 1702.966978892684 13.4121246188879 1.196595467627048 12.582754150033 2384.913733739406 99.96170531213284 16.33074928075075 86.2436892837286 10.8199282810092 0 17.75791696459055 100.8074921742082 0.2227107360959053 2076.23579145968 1164.585664518178 2.91510471701622 31.70613852143288 1.861941650509834 15063.35400007665 41.36998388171196 16786.45948579907 613.3680318593979 0.6502306461334229 84.36333081871271 435.6296403706074 5061.938421379775 109.1045176759362 10864.41196770966 0.3931003212928772 6.471033066511154 25.22229048609734 2532.428231723607 285.0163080021739 5417.624806120992 786.7288662865758 4568.995850451291 2305.655926160514 42.39052649587393 57.28021523356438 4.868186354637146 35.56816583126783 0.2431574910879135 0.6764316037297249 7.465769611299038 0 0 0 8.676353178918362 0.5012645870447159 9.08565915375948 0.7273178771138191 0 0 0 0.6770741418004036 0 459.8474039584398 0.4837321788072586 0 0.09299049526453018 0 69.88126914203167 57.79212075471878 21.31531833857298 146.6324518918991 0.1483198404312134 3.019177459180355 29.05761766433716 243.2926831394434 1.692815490067005 12.87843767553568 0 0 0.29745814204216 2.720977313816547 9.009563975036144 50.54855773597956 2.120636478066444 5.6971370652318 4.919522494077682 3.366030365228653 0.5712664127349854 2.934884667396545 0
0.2173494696617126 2861.594032905996 12.98540563881397 1.219720110297203 0 19.99276386201382 37.22440794110298 24.41560070216656 3942.210427038372 4.36270647495985 21.26134394854307 5.14346893876791 136.7644607275724 8.219889253377914 4.811716847121716 1846.729988224804 14.37449504435062 0.3566536754369736 1.223273612558842 3.968902677297592 41.36998388171196 1547.080875858665 197.3193074315786 8796.559069901705 362.6187626197934 43.48486195504665 4514.833839192986 370.4773750454187 7.558599911630154 18.88396497815847 7.2053082883358 1.240721471607685 0.7275249436497688 12.96909385919571 1.007953643798828 61.13827626407146 24.49445021152496 43.51508260518312 9.61548225581646 26.2263313755393 0.6897671073675156 12.93985533714294 0.8397633507847786 0.1031603068113327 203.8337315246463 83.33219966292381 0.6290788501501083 0 0.5047388151288033 7.862208180129528 0.4372958019375801 474.1493273451924 3.650399953126907 2.252587288618088 1.008090808987617 7.759851858019829 0.9114946573972702 0.6442843973636627 1582.096287675202 3.29450686275959 0 3.323856122791767 1.370285741984844 31.82436884194613 575.5140302479267 395.8256807774305 265.2388721033931 42.91117286682129 36.92693473398685 1962.545366965234 123.47291790694 0.8216776996850967 2.132277131080627 1.412433244287968 0 0 1.450131475925446 0.471508264541626 10.55251409858465 14.99542681872845 9.273140378296375 1.878125868737698 1.631399840116501 0 2.224801063537598 0
107.0378721803427 8.93102204054594 13818.10508400947 5.52242661267519 1.557728379964828 10.88957327604294 867.7465196587145 153.0128491520882 4.982955530285835 47.84267941117287 36.57535532861948 0.7273115888237953 35.38538721948862 190.8516342565417 0.5160816311836243 4668.840669043362 4859.79583863169 15.05762951076031 201.2053773030639 1.348690174520016 16786.45948579907 197.3193074315786 19236.7508963719 1268.773493260145 2.807479903101921 1050.899258069694 11802.96643714607 3278.611362531781 254.8187912218273 4150.979827895761 0.4677746072411537 10.41495219618082 43.55960735678673 3021.926135808229 601.8779473006725 10504.14550253749 5518.827715925872 8300.497513189912 4497.858706854284 99.96211192756891 64.41262266784906 9.095469877123833 79.31132996082306 0 5.315920121967793 9.738362051546574 0 0 0.616015799343586 3.459799326956272 0 3.741012372076511 0.4839807376265526 0 0 0 0.6468061059713364 0.4224302470684052 738.1655468940735 0.7426910474896431 0 1.822235643863678 0 21.8478844165802 120.1051517426968 231.4291322380304 71.3121287599206 0.7469094395637512 3.220103293657303 260.0002011358738 76.24688912183046 0.1054305881261826 1.286877349019051 0 0 0 0.7951759621500969 35.87622201442719 57.71853546798229 8.14522397518158 2.434681512415409 5.034152403473854 0.9259712696075439 0 0.5163485407829285 0
44.94797737151384 914.9122716337442 84.93381898850203 1487.970621630549 10.8175765350461 174.6483538970351 2561.688871957362 293.941277474165 13254.59894448519 1253.876584775746 7.863157041370869 431.8169055506587 27.50289306044579 108.4895642027259 599.8472177237272 4073.96688914299 67.57036580890417 2.070873849093914 6.184453196823597 688.9985631108284 613.3680318593979 8796.559069901705 1268.773493260145 14872.08976645768 20.36664865165949 81.85916046798229 2550.95799010247 13073.47756937146 402.6945426501334 80.07808618992567 1.264015205204487 12.1263657361269 196.3920844867826 310.7516677454114 35.25850033760071 2074.609223056585 151.9829140156507 920.4137837514281 304.7837812751532 1213.346532039344 42.88769172132015 8.054845802485943 9.92397803068161 6.356498397886753 6.261426009237766 63.57498463988304 182.1387345194817 0.8669861331582069 84.44590273499489 893.7573327869177 139.9199731275439 1145.623433887959 1544.947725117207 3.97959428280592 284.4197466745973 0.4590247198939323 96.76330403983593 27.73641153424978 787.4660843387246 4.323605641722679 1.805942066013813 4.608801826834679 329.7874308526516 172.7462208196521 165.1005699187517 62.91603875905275 6055.784501545131 0.6549312248826027 33.42438223212957 170.6633138433099 3755.264466620982 107.8464100658894 68.63259796798229 0.2953445389866829 1.302286639809608 7.365339897572994 55.17546758055687 2.941007271409035 272.3801275864244 13.24311159551144 213.7882601097226 64.40245964378119 105.0419468358159 13.76786222308874 2.972632437944412 3.711563244462013
0.1216877698898315 2782.316181942821 1.18548034876585 0.1028259992599487 0.7122906297445297 1.182227596640587 1.088505037128925 3.711412668228149 17.04133746027946 0.1522019803524017 1047.062557540834 0.1578005999326706 4301.349934019148 0.2625146359205246 0 12.91040974110365 0 6.759682841598988 2.55583094805479 0 0.6502306461334229 362.6187626197934 2.807479903101921 20.36664865165949 831.3773652687669 686.8926237970591 4891.893379084766 5.321321435272694 0.2133647799491882 0.3122754842042923 960.0626273229718 0.8325844407081604 0 47.58433355391026 14.33445805311203 272.4514103010297 214.686772800982 292.4687491953373 36.16709107160568 4.082345262169838 18.25004129111767 341.8605727255344 0.3014764487743378 0 149.0806681588292 0.257382869720459 0.7807587385177612 0 0.2270110994577408 0.1130107194185257 0.2950813993811607 0.8606610000133514 2.130278415977955 80.85609002411366 0 818.3158815056086 0.2022359520196915 0 0 0 16.00231064110994 3.994263976812363 0 0 3.952198624610901 0 2.265184715390205 572.9097233712673 472.2098063528538 1060.577993199229 0.3122143670916557 0.3768853843212128 0.09742923825979233 78.68955853581429 0.1041962578892708 0 3.771003484725952 2.152291417121887 23.15258734673262 59.29212306439877 15.19465672969818 0.21955556422472 0.1006337255239487 0.112422339618206 29.27742913365364 0
30.99904861301184 111.1181495413184 8370.628814570606 4.220390424132347 10.41798493266106 44.89014974981546 247.5117911025882 113.3206373676658 5.480527102947235 25.70441165938973 4322.748883329332 2.255352020263672 1270.514352858067 84.90418166294694 1.49712085723877 16.65307600796223 8210.399450391531 3746.193089976907 8420.372371889651 2.478918172419071 84.36333081871271 43.48486195504665 1050.899258069694 81.85916046798229 686.8926237970591 43860.00606852025 18637.45400173962 104.3358048014343 152.6282877586782 206.2968522533774 1239.404554486275 76.43765766918659 19.59760091453791 2200.673331007361 73.60615197569132 3308.158257715404 9328.190369136631 5597.549511238933 1826.40963242203 28.45563250780106 44.89274616539478 187.1106871441007 9.34091442078352 0 422.9154783636332 77.68510138988495 0 0.2196588963270187 0.3761270716786385 2.194046914577484 0.493913859128952 3.732532612979412 0.2219254747033119 160.7525079697371 0 1031.241594225168 0.521071769297123 0 5.725713990628719 26.38793444633484 31.22830547392368 59.33340901136398 0 0.7946494072675705 15.87947407364845 1.383367493748665 8.889673657715321 686.2266269102693 1212.167982630432 2994.939846180379 7.564300484955311 1.492366068065166 0.3690302520990372 254.3674430474639 0 0.112626738846302 10.59230845421553 12.35245610028505 64.40922239422798 328.8352995365858 44.43488094955683 6.94030500203371 0.8681754767894745 0.2414671704173088 22.50124721974134 0
21.75374749302864 5470.115027688444 9836.736529916525 3.963107064366341 2.192808695137501 16.77117989957333 230.2968279793859 55.14517885446548 268.2451394796371 16.14900283887982 802.740423515439 1.685168504714966 3735.123992040753 50.07030655443668 1.379892788827419 4009.160383060575 5519.199957326055 843.6188868358731 1652.475953921676 1.494275018572807 435.6296403706074 4514.833839192986 11802.96643714607 2550.95799010247 4891.893379084766 18637.45400173962 34091.08394040167 967.9126349538565 85.92283629998565 148.6853764802217 2512.946664467454 18.35501883924007 14.85394502431154 3207.83222477138 282.5178427174687 6845.367567270994 8284.6957603544 7203.665440157056 2257.805144399405 80.99593557417393 37.29985062032938 48.35795088857412 19.64236128330231 0 3170.233530849218 1368.895928777754 0.1051331460475922 0.1632536649703979 1.032375074923038 16.37443993985653 2.580428451299667 38.54357272386551 1.272150821983814 159.9701083153486 0 1095.041656538844 2.888817436993122 0.3946406170725822 1260.504330299795 167.2830266058445 54.72967510670424 429.6922935545444 0.2200148552656174 27.21181511133909 1185.168998882174 1074.988993920386 113.1099638491869 1926.126184716821 4161.970788702369 22546.05265495181 94.06294220685959 3.115320608019829 4.889904469251633 345.4755941927433 0.9658763334155083 0 40.41720352321863 30.28348185867071 186.5793429166079 1118.419647537172 198.5909062027931 43.34509491920471 3.534564785659313 0.9365127459168434 17.96173890680075 0.6676018014550209
82.79918333142996 83.33438786119223 316.9080545306206 2922.681268572807 2.752769529819489 896.9047285467386 15425.08076930046 420.5193569362164 645.5275614857674 5241.01863001287 8.896308936178684 107.4492455944419 19.76351741701365 212.7554666697979 38.78762644529343 1834.031361967325 103.2049138098955 2.442612841725349 10.45799787342548 1281.827766466886 5061.938421379775 370.4773750454187 3278.611362531781 13073.47756937146 5.321321435272694 104.3358048014343 967.9126349538565 23059.58313513547 728.46903347224 7165.426843389869 0.4934476464986801 14.40835951268673 316.8964676260948 607.5075039863586 75.28901685029268 3296.439681895077 246.2630868330598 1591.25772909075 585.2985334470868 132.8449789136648 68.09292764216661 4.105874165892601 22.9444150403142 2.492277696728706 2.367247149348259 38.02427113801241 29.39018795639277 0.5226285383105278 39.21440159529448 378.6361589282751 67.99443722516298 235.6253608390689 256.6014949679375 2.432950392365456 14.04485040903091 0.3401341438293457 43.13588567823172 8.895010590553284 436.6859373897314 2.077789291739464 0.3884834423661232 2.891328915953636 34.22330974787474 104.7012763693929 65.45980210602283 35.24888391792774 2076.205667622387 0.129716083407402 18.16901770979166 95.56810356676579 1556.743104666471 52.84086080640554 56.23407762497663 0.1067458093166351 0.3959845006465912 3.486144177615643 30.74655784666538 2.629594802856445 187.2871455103159 7.753628633916378 108.4352819770575 33.02431587874889 52.97403482347727 6.763267703354359 2.704773172736168 1.654920101165771
6832.958273276687 2.58747909963131 132.1921481490135 146.2810804583132 565.6495180055499 897.0581754669547 2358.663583658636 2823.840281415731 22.77679903805256 1135.140217807144 100.2443041801453 113.6216813474894 14.23703850060701 5246.478688627481 31.37626203894615 2.212064601480961 564.7157887257636 21.25188466161489 80.34918576478958 140.8407329842448 109.1045176759362 7.558599911630154 254.8187912218273 402.6945426501334 0.2133647799491882 152.6282877586782 85.92283629998565 728.46903347224 17972.41215445101 9122.696357440203 2.020200937986374 2047.018304564059 4089.504126880318 3082.111916776747 9.62979631125927 700.8391662463546 102.9846812039614 2343.098985631019 573.4628445506096 164.2694151178002 83.51187938451767 1.148166812956333 5.480504915118217 0 0.1374716907739639 0.2333673238754272 0.3539929762482643 0 1.545783877372742 15.4838609546423 4.629791676998138 6.700444869697094 9.283343702554703 0.09187670052051544 0.4784984067082405 0.104340948164463 5.276372186839581 1.154227823019028 2.265061423182487 0 0 0 0.6499272957444191 0.3953993245959282 0.4616887718439102 0 68.50389987230301 0 0.4110973626375198 2.131873473525047 59.02368063479662 3.680849313735962 0.2617154270410538 0 0 0.1798768043518066 1.568333968520164 0.3017668724060059 13.08935884386301 0.1899065673351288 8.250928729772568 1.55356477200985 3.490435354411602 0.2927842736244202 0 0
