1736.842132218182 0 111.8091542422771 6.730125360190868 0 10.69758952409029 3251.779250331223 691.9797388985753 2.295624688267708 46.75200881808996 10.74368516355753 8.788257151842117 1.119301989674568 3717.179554060102 0 0 282.6856255158782 13.52584506571293 41.39092771708965 15.25844739377499 48.74107858538628 0 196.3594678863883 17.53657098859549 0 113.8175674378872 39.10710219293833 47.78676365315914 3455.862196028233 3366.995435036719 0.09108907729387283 4.706920951604843 52.90720324218273 214.4491627067327 1.29772212356329 31.15775591880083 8.233840025961399 179.2673724144697 20.89187882840633 9.803452476859093 2.057689152657986 0.4588434845209122 0.4558500871062279 0 0 1.580848723649979 0 0 0 1.193212635815144 0 0.8438437283039093 0 0 0 0 0.259145975112915 0 0 0 0 0 0 0.4857793003320694 0.3069120347499847 0 3.903347343206406 0 0.7915747761726379 2.596657231450081 4.157409176230431 0.3173477351665497 0.7117482125759125 0 0 0 0 0.2577484250068665 0.2992004752159119 0.1468420624732971 0.7988539338111877 0 0 0 0.2852663397789001 0
0 234.7001005709171 11.8447158113122 0 0 0.0956256315112114 3.567718327045441 0.1713443696498871 449.1899868026376 0 185.8886773735285 1.827245630323887 655.4207169115543 1.696526825428009 5.4754733517766 21.24808942526579 18.14488442242146 4.425886034965515 11.97176782041788 0 2.095114044845104 2603.804331883788 7.693253368139267 1231.790297329426 1295.563772581518 171.2016295641661 5442.321182146668 18.14281620830297 2.361081004142761 1.71229276061058 53.46976391971111 0.1480017602443695 0.5775053054094315 14.21466359496117 0.5017941296100616 30.16917935013771 52.4935105741024 72.26495604962111 10.36683621257544 4.114583201706409 0 221.045124322176 0.7207209467887878 0.270176075398922 141.8461456000805 80.43114750087261 0 0 0.124749943614006 0.7083052918314934 0.1028834506869316 1.291789658367634 0 10.75695486366749 0 58.09656000137329 0.4694086983799934 0 3.258296214044094 30.99323080480099 4.609423041343689 12.51250248402357 0 0.6717232763767242 46.49282745271921 12.05584836006165 4.458023421466351 89.51735772192478 142.1045965477824 1579.455502033234 2.643017053604126 0.3120087310671806 0.8436374962329865 7.216491237282753 0 0 5.38800548017025 0.8327569663524628 27.76755201816559 26.94802862405777 23.20889236778021 12.10584232211113 0 0 2.375240609049797 0.123618446290493
111.8091542422771 11.8447158113122 4253.749108418822 10.14766129106283 0.08441553264856339 44.07757555693388 2677.25811149925 444.3702956959605 3.726749047636986 79.7797274813056 9.716437250375748 2.454298987984657 3.134985253214836 699.6298989802599 0 28.98811586946249 4207.056615777314 24.63756436109543 230.7258245125413 3.701342895627022 339.3586919158697 31.56199280172586 11743.98271356523 31.38290316611528 0.2872605994343758 6327.450684383512 11606.98826467991 1118.507148705423 243.7076499015093 440.1474145054817 0.9372069388628006 0.719551756978035 16.46231149882078 969.6374876946211 27.79225920885801 2013.141249284148 3871.986591652036 2184.337022587657 730.4060147404671 63.05079007148743 8.548280544579029 4.257644280791283 4.111233413219452 3.084327660501003 244.6190826147795 1276.115689724684 0.2530486583709717 0.1218221709132195 0.482196256518364 24.68101644515991 1.956579767167568 4.405323095619678 0.7295694947242737 0.8938001245260239 0 1.324398376047611 10.01663874089718 0.1066986694931984 34.41162963211536 83.55165459960699 4.233462706208229 13.57948287576437 0.1630468666553497 7.071937136352062 320.2417778298259 290.7721635177732 25.22055935114622 3.245222724974155 131.4814406484365 2477.768248721957 31.05040705949068 3.647186063230038 19.2128604054451 2.301466837525368 0 0.1098272129893303 26.2081141397357 8.442981034517288 120.82006983459 65.16280810534954 80.73974552750587 71.11066135019064 2.648515611886978 0.4036497473716736 0.2210223227739334 0
6.730125360190868 0 10.14766129106283 2410.905868947506 0.09832638502120972 200.8304156810045 103.357312195003 44.33957690000534 420.540334045887 3864.588816344738 0.9160872846841812 5396.456625424325 0 39.51330121606588 22.20240463316441 0.5578960776329041 1.705720961093903 0.3927289471030235 0.9740945398807526 2692.954736478627 0.1726106256246567 0 1.831447847187519 1242.518836818635 0 3.666391238570213 3.842797324061394 5175.1934331581 130.0756599009037 2.844765454530716 0 0.9707461521029472 15.31506487727165 24.21598169207573 5.80065830051899 258.4032314047217 3.382191114127636 100.543024264276 39.21587341278791 58.88423819839954 8.450363293290138 0.09930460900068283 3.398353859782219 0 0.4712132662534714 0.3203195929527283 102.0928247794509 1.517245769500732 12.82222859561443 73.30248909443617 3.473968118429184 152.1910323351622 120.8629032149911 0 124.9934420436621 0 3.308242671191692 27.03356419503689 0.7685571908950806 0 0 0.9099128246307373 40.64434948563576 0.1346749514341354 1.854272156953812 0 563.257329583168 0.3377903997898102 0 2.108535714447498 217.2763245850801 1.784957870841026 0.9032748937606812 0 0 0 1.300798192620277 0.3865168690681458 98.28576443344355 0 4.453930519521236 0.4875281900167465 67.67015342414379 0 0.4555822461843491 0
0 0 0.08441553264856339 0.09832638502120972 98.29075241088867 474.0984581187367 2.210640765726566 51.64576417952776 85.33861747384071 3.31128141283989 4.179623879492283 136.2457604408264 0.8725205361843109 1.315071903169155 956.7608159780502 0 0 1.338984593749046 0.6524427831172943 4.109455019235611 0 0.6469699144363403 0 9.352353669703007 0.1165060326457024 0.5527316629886627 0.6651982814073563 2.058412596583366 10.94177544116974 0.2204597741365433 0 170.6830390840769 0 38.97736100852489 0 14.54749040305614 0.3698056042194366 11.99616503715515 2.92770579457283 2585.423656620085 14.27598026394844 0 0 0 0 0 0.176176130771637 0 0 0 0 0.1957729011774063 0 0 3.01821069419384 0 0 2.335679545998573 0 0 0 0 0 0 0 0 1.551465377211571 0 0 0 0.6320320963859558 0 0 0 0 0 0 0 3.146515622735023 0 0 0.1981577724218369 3.098570361733437 0 0 0
10.69758952409029 0.0956256315112114 44.07757555693388 200.8304156810045 474.0984581187367 7275.502538859844 1591.217732839286 6579.574045263231 60.25051966309547 7122.977389954031 55.14928879588842 5360.259265437722 55.09308668971062 739.6874684840441 1538.022276803851 0.3885570168495178 18.14604037255049 17.27584138512611 12.15499009937048 295.6222366094589 1.919422060251236 0.8165729641914368 14.03902024775743 232.6430519297719 0 28.8486098498106 10.1708976328373 1397.476835228503 284.7904453501105 30.04621564596891 0 436.2860248312354 8.444773554801941 429.1998868510127 6.521169044077396 350.2000174224377 9.336636573076248 364.2380673214793 100.5420986190438 2583.31480640918 348.6837250813842 5.026149615645409 6.548610530793667 0 0.203073650598526 0.09824522584676743 1.146631643176079 0.1433996111154556 1.863424994051456 11.16555527597666 1.163930281996727 5.746378883719444 5.437232568860054 0 9.977315858006477 0 0.510999396443367 3.403455331921577 0.2419880330562592 0 0 0 1.268551230430603 0 0.3889628648757935 0 56.98298735171556 0 0.08415569365024567 0.6273278146982193 29.23761919885874 0.4934766739606857 0.1169508770108223 0 0.1526016145944595 0 0 0.3987756669521332 40.69801672548056 0.4724960029125214 7.379828006029129 6.584567412734032 28.4774032086134 1.426202774047852 1.274369463324547 0
3251.779250331223 3.567718327045441 2677.25811149925 103.357312195003 2.210640765726566 1591.217732839286 17576.52792135626 3555.130869038403 110.3074265271425 5643.30693121627 22.03614331781864 32.58327781409025 4.798972927033901 11663.47506157309 8.130269341170788 81.96309250593185 267.7193948924541 15.30035527795553 34.99351757019758 67.11068191379309 373.9345021098852 17.81204082816839 1249.27144164592 1080.470356710255 0.1363667994737625 394.4168144538999 481.0068257972598 20274.2513333559 2623.756681337953 4927.776764370501 0.3080053776502609 8.916380055248737 310.7481819987297 453.7261658534408 99.8480746075511 2960.889014743268 93.72326213121414 1580.229953959584 610.9180296510458 257.8390103057027 107.4977088794112 1.096797958016396 15.58577174693346 1.442662589251995 1.640057891607285 9.491917632520199 17.2879361435771 0.1796330809593201 10.83686115592718 112.588309109211 7.785945788025856 78.27131418883801 26.21614979952574 0.5493536293506622 8.416654452681541 0.2307262271642685 11.14638318121433 5.454352110624313 16.8456314355135 0.8661378771066666 0.09771322458982468 0.09657332301139832 10.17130044102669 3.377178430557251 6.572955928742886 15.70279590040445 558.9627246558666 0.1295734345912933 1.187087923288345 25.11851838976145 456.893304862082 8.8644909709692 32.2263395935297 0 0 0.09881023317575455 5.927861712872982 2.897367462515831 136.9746341407299 1.983564108610153 21.39482673257589 6.745122961699963 37.23913314938545 2.610805302858353 0.238050639629364 0
691.9797388985753 0.1713443696498871 444.3702956959605 44.33957690000534 51.64576417952776 6579.574045263231 3555.130869038403 11268.11852469295 22.24782353639603 2441.931102067232 262.919970177114 1217.579899705946 205.283777743578 8909.58113270998 192.5680259764194 0.6461127921938896 311.0771990567446 85.30772382766008 93.72145088762045 197.2097576484084 31.12384077906609 2.779052667319775 208.3578722253442 211.1533984020352 0.2355094403028488 252.6991783604026 95.14510315656662 365.8560664057732 700.4001510962844 776.9501338526607 1.192705608904362 614.0449869856238 14.95617976039648 1178.243468955159 7.280703850090504 490.2797286361456 45.71181324124336 1204.420362308621 271.401077516377 2027.182375572622 436.4792606383562 23.87868522107601 27.1058133020997 0.6520779132843018 0.6874728426337242 3.523357778787613 2.68443363904953 0.1505842506885529 1.316939227283001 30.93462133407593 3.990839160978794 11.11248908936977 4.769846148788929 1.923889696598053 0.8928771615028381 0 4.875273302197456 1.56378972530365 1.226221360266209 0 0.0931960716843605 0 2.490292638540268 0.486144945025444 0.1087514907121658 0.5861634388566017 154.8005962744355 0.3817395865917206 1.284093357622623 8.266266532242298 105.1487876772881 1.957332506775856 3.339971914887428 0 1.460311993956566 0 0.7883186340332031 0 25.26596047729254 0.9248540103435516 29.45999451726675 19.33450946956873 5.086316287517548 5.817012459039688 6.238961786031723 0
2.295624688267708 449.1899868026376 3.726749047636986 420.540334045887 85.33861747384071 60.25051966309547 110.3074265271425 22.24782353639603 635.9637780413032 156.3642919585109 5.592375092208385 967.080790951848 25.83023044466972 8.940871216356754 1558.504778638482 363.2364917695522 3.309380985796452 0.5226165652275085 1.705487340688705 582.6223954334855 125.3188568800688 2962.606486305594 55.31353461742401 11826.40650681406 63.13846898823977 24.51716277003288 832.5243942588568 1506.407635509968 42.62800445407629 33.3373449742794 6.013887941837311 1.48656353354454 4.611666411161423 15.56331811845303 0.8990480303764343 92.22404198348522 10.80550463497639 45.64758601784706 13.05084482580423 460.1601752787828 4.573694631457329 2.894642651081085 0 10.38366218656301 3.786301910877228 5.354436069726944 76.96148657053709 2.084943316876888 13.60936602205038 121.8953835144639 10.97682981193066 70.65047722309828 56.91335546225309 1.779645308852196 230.4500027000904 3.755357757210732 19.83662260323763 48.92956360429525 556.0631055012345 1.329806938767433 0.6686876490712166 0.9950984716415405 55.75760291516781 338.0810141786933 64.08361539244652 121.1646413952112 2271.335983917117 3.491776749491692 5.014429517090321 47.64530268311501 695.6305777803063 28.49274732917547 173.8670598417521 1.089822947978973 0.4150217771530151 5.383953705430031 8.982144124805927 0.8267031610012054 52.98917128890753 6.045487947762012 26.11785867065191 6.383515730500221 107.8455518111587 1.488397598266602 0.3599190264940262 0.1514284163713455
46.75200881808996 0 79.7797274813056 3864.588816344738 3.31128141283989 7122.977389954031 5643.30693121627 2441.931102067232 156.3642919585109 47011.82485834509 25.31105425953865 5549.449714615941 5.409109674394131 1411.834213390946 29.05818322300911 5.102807506918907 12.01672872900963 13.94105058163404 10.49798741936684 4367.058724038303 2.470927141606808 1.85780656337738 21.48480080068111 1105.403697855771 0 37.82837138324976 24.85299765318632 11182.49165483564 1012.58708242327 22.10357920080423 0.5415313690900803 10.7967476323247 59.57990396022797 283.1346129328012 20.24795537441969 917.587771743536 24.0610740929842 863.6352351605892 172.0416540056467 237.8152548670769 84.9410647302866 1.664928697049618 15.78419175744057 0.4295600950717926 0.7861460074782372 0 33.02963311970234 2.144497647881508 6.767015025019646 55.59178673475981 5.55038321018219 81.55422224104404 290.805080011487 0.5708791017532349 45.4821477457881 0 1.832188464701176 12.03733704984188 1.177885323762894 0 0 0 19.63080881536007 0 0.7150648012757301 0.1354395151138306 418.0402981340885 0 0.1581370234489441 2.367611363530159 179.9874637499452 3.314162746071815 0.5087857246398926 0.2075910419225693 0.1451800763607025 0 0.6087809950113297 1.567871898412704 94.06234014034271 0.2629930973052979 4.755332745611668 1.096755810081959 42.49497394263744 0.8420855551958084 0.3557563349604607 0
10.74368516355753 185.8886773735285 9.716437250375748 0.9160872846841812 4.179623879492283 55.14928879588842 22.03614331781864 262.919970177114 5.592375092208385 25.31105425953865 9703.07577573508 104.063754953444 2091.009874686599 162.9310756772757 0.1222213953733444 0.9971928521990776 105.2013186514378 2843.975981377065 828.6247260048985 13.2275053486228 6.842817150056362 26.48239556699991 14.349026478827 14.3209887817502 709.1566694378853 2266.35358145833 367.9292524531484 9.671171575784683 471.5465702489018 18.24351627379656 136.1532210335135 97.97668696939945 0.9330433309078217 6475.886228658259 7.213393524289131 379.3671560883522 3801.271940916777 4111.065541900694 592.3838798180223 108.1633020341396 22.22033721208572 1032.383027471602 2.111110202968121 0.1216669604182243 23.91652965545654 0.8905351981520653 0.2242778241634369 0 0 0 0.2036167308688164 0.2558748126029968 0.2118474990129471 272.577418088913 0 1009.301427736878 0.4001656472682953 0 0 0.7119647413492203 1.89529199898243 1.573282830417156 0 0 3.255199827253819 0.6818550825119019 3.954959861934185 161.0166060179472 31.86954028904438 156.0412344783545 4.299747914075851 0.1973092555999756 0.7940076738595963 93.90017980337143 0 0 3.4765809699893 1.139704748988152 24.55635409802198 359.9167196452618 34.72618860006332 2.563993856310844 0.107410155236721 0 333.4677055478096 0
8.788257151842117 1.827245630323887 2.454298987984657 5396.456625424325 136.2457604408264 5360.259265437722 32.58327781409025 1217.579899705946 967.080790951848 5549.449714615941 104.063754953444 6126.179597690701 37.85738949477673 812.6301125138998 1671.700094804168 0 3.730968840420246 45.71983050554991 34.73596176505089 4275.825715638697 0.6613395214080811 5.254604451358318 3.141397513449192 1401.178366854787 0.3640462160110474 51.48984738439322 17.08374882489443 615.5273312181234 794.661980137229 8.025709822773933 0.3553502708673477 44.81113389134407 3.324842877686024 403.4029114916921 4.272646501660347 978.0881420895457 17.91570422798395 1078.10132663697 118.7221951335669 3001.922714173794 59.36785063147545 4.784420095384121 8.292706161737442 0.1236507073044777 0.3660585433244705 0.2010540366172791 43.42997695505619 5.278255671262741 14.72330701351166 22.40855959057808 2.436242572963238 301.63703199476 113.5134823545814 0.5823225006461143 434.149279974401 0 2.120917417109013 147.3922829926014 0.2785713076591492 0 0 0 62.74318893998861 0 1.803618833422661 0.662239283323288 476.543839469552 0.3287513256072998 0.1978315487504005 1.740519762039185 84.56358930468559 2.312227062880993 0.5172795653343201 0 0.7235364317893982 0 0.752026379108429 0 337.9592368155718 0.4263464659452438 6.834158658981323 3.431427277624607 515.3915313184261 1.845174163579941 0.1904978603124619 0
1.119301989674568 655.4207169115543 3.134985253214836 0 0.8725205361843109 55.09308668971062 4.798972927033901 205.283777743578 25.83023044466972 5.409109674394131 2091.009874686599 37.85738949477673 2805.847825154662 50.35218883305788 9.879577346146107 1.718233473598957 9.118653155863285 199.8203701972961 16.80722072720528 5.742749087512493 5.464760884642601 126.0926630571485 15.69335440546274 52.76807856559753 3242.912755891681 620.0587774068117 2170.384350709617 16.69775965064764 45.69438418745995 14.65237839519978 979.8924655914307 41.45989988744259 0 261.3389812707901 5.904921874403954 1476.481473580003 6566.488798245788 3368.884884744883 325.7084057703614 384.5677342638373 173.0772826522589 1080.223942033947 9.506954774260521 0.1732411906123161 59.43126103281975 1.156039468944073 0 0.166511058807373 3.410623461008072 0.5419946014881134 7.506878942251205 2.476971812546253 0.3829129859805107 568.2616905644536 1.445975944399834 1899.617979541421 4.137163542211056 0.5245208591222763 1.562768876552582 0.6088456362485886 7.398002251982689 3.128136441111565 0.253507137298584 15.02055887132883 4.204392142593861 2.826044008135796 5.192464917898178 475.610704280436 102.3390182778239 416.0644800588489 2.055630020797253 2.264847800135612 10.27680450677872 167.1140723824501 4.944818921387196 0 7.007082909345627 0 723.0420919805765 597.5215874686837 178.0416751876473 55.64261999726295 22.76788555085659 20.75681875646114 649.0480050072074 0
3717.179554060102 1.696526825428009 699.6298989802599 39.51330121606588 1.315071903169155 739.6874684840441 11663.47506157309 8909.58113270998 8.940871216356754 1411.834213390946 162.9310756772757 812.6301125138998 50.35218883305788 10001.93226285279 7.31327985227108 1.131661430001259 657.4181879460812 77.79427009820938 152.3776408731937 207.2304373830557 73.59896481782198 2.8854805752635 488.3031981065869 138.3567668199539 0.3217205405235291 411.4168995171785 142.2978314757347 246.5947945564985 5797.725895822048 3015.658582799137 0.9896314069628716 33.16234920918941 17.22905779629946 696.4898383542895 3.271222352981567 406.7644557207823 41.33727978914976 879.1652808189392 116.6918767020106 678.692671045661 63.87301930040121 7.308515526354313 9.307993970811367 0.3328589200973511 0.9611563459038734 3.974080093204975 2.309164047241211 0 1.076868824660778 12.15504714846611 4.045070745050907 7.617549002170563 1.893342077732086 1.558614373207092 1.159561142325401 0.2390923798084259 2.527851454913616 0 0.368801586329937 0.5741652473807335 0 0.3484242036938667 0 0.9662577509880066 1.162366539239883 0.740528367459774 71.43250090628862 0 2.441578753292561 12.92057605832815 56.59557781368494 1.468308046460152 3.464057371020317 0.3003223687410355 0.2020448297262192 0 0.8852537721395493 0.2483596205711365 19.55754021555185 0.780982606112957 11.36981811374426 3.530304297804832 6.754030659794807 0.7806290984153748 2.870613396167755 0
0 5.4754733517766 0 22.20240463316441 956.7608159780502 1538.022276803851 8.130269341170788 192.5680259764194 1558.504778638482 29.05818322300911 0.1222213953733444 1671.700094804168 9.879577346146107 7.31327985227108 443.3624544888735 0 0 0 0 70.96756365895271 0 35.12065210938454 0 728.8833282291889 1.719575189054012 0.3304140046238899 16.48229274898767 62.79698131978512 3.417105861008167 0 0 336.7150707840919 0.105341836810112 1.661959558725357 0 415.1548854038119 0.8833556175231934 1.386999174952507 0.3291996866464615 1623.255509108305 28.16492427885532 2.449968487024307 1.409884333610535 0 0.4592124223709106 0 4.22668682038784 0.3289082497358322 3.960164427757263 2.042922645807266 0.135603055357933 54.70053043961525 4.167572319507599 0 74.09547336399555 0 0 26.07720082998276 0 0 0 0 7.788698092103004 0 0.2727057337760925 0 59.10597477853298 0 0.1396264284849167 0.3555005788803101 12.19460862129927 0 1.816440224647522 0 0 0 0 0 104.6182651370764 0 0.577846497297287 0.1443158686161041 129.5960594564676 0 0 0
0 21.24808942526579 28.98811586946249 0.5578960776329041 0 0.3885570168495178 81.96309250593185 0.6461127921938896 363.2364917695522 5.102807506918907 0.9971928521990776 0 1.718233473598957 1.131661430001259 0 5035.705447867513 31.1246262639761 0.6113858819007874 1.35616011172533 0.9403718709945679 5270.089538455009 1222.08716275543 5115.3500822559 1821.782518804073 1.48472423106432 11.72833996266127 3626.813358776271 3877.163802087307 4.280767701566219 49.63970842212439 0.3226172775030136 0 1.022043108940125 91.10059451311827 63.60538899153471 1572.869568891823 607.8979981839657 600.2474457100034 377.4232701808214 74.24808673560619 2.502357393503189 0.7253849878907204 5.81797768175602 4.37329425662756 2.424651801586151 14.74996192008257 0.4266370087862015 0 0.8135774880647659 19.90810351073742 3.334286563098431 22.36657463014126 1.776060655713081 0.4354477673768997 0 0 5.666084945201874 0 2269.265938237309 2.226177513599396 0.1026808395981789 0.373430110514164 0.1575697809457779 602.0819374099374 559.0277197062969 1594.206021167338 165.7917016893625 0.1351149678230286 0.8187233656644821 389.3648463264108 107.5299902558327 13.73968204110861 154.3818471357226 0 0.1043474152684212 4.297849401831627 6.899586446583271 4.841428965330124 213.589528568089 15.49833887815475 25.71230875700712 36.71156671643257 9.227918110787868 0.6263512820005417 0 0
282.6856255158782 18.14488442242146 4207.056615777314 1.705720961093903 0 18.14604037255049 267.7193948924541 311.0771990567446 3.309380985796452 12.01672872900963 105.2013186514378 3.730968840420246 9.118653155863285 657.4181879460812 0 31.1246262639761 2192.031266257167 245.9074522256851 4069.142899803817 1.38185165822506 319.9584902375937 14.8083555623889 3798.142770126462 24.11102509498596 0.3442194387316704 3221.715963840485 4867.378810934722 115.2327438369393 666.575307905674 1382.397324934602 1.010281302034855 2.707525193691254 35.87434536218643 2423.420930840075 12.7881540954113 854.6290579587221 1607.535430841148 1668.922565095127 419.0421992465854 24.62365757673979 4.342178337275982 7.757431879639626 4.023696184158325 0.6393573805689812 53.71248949319124 295.5411090701818 0 0 0 3.321559339761734 0.2958599999547005 0.9306308552622795 0.1276183277368546 1.006198331713676 0.4099908918142319 7.10849379748106 0.4367038011550903 0 9.693435430526733 73.46046058833599 4.681599102914333 18.60072121024132 0 2.366999804973602 16.46448005735874 34.4802843183279 3.092409066855907 5.726781606674194 229.3242410868406 911.6661914512515 2.74927681684494 0.6438495516777039 2.002355933189392 7.252051368355751 0 0 9.555422149598598 2.160154476761818 50.41313494741917 187.7405634596944 32.76177042722702 18.01142351329327 1.710994929075241 0.1256806701421738 0 0
13.52584506571293 4.425886034965515 24.63756436109543 0.3927289471030235 1.338984593749046 17.27584138512611 15.30035527795553 85.30772382766008 0.5226165652275085 13.94105058163404 2843.975981377065 45.71983050554991 199.8203701972961 77.79427009820938 0 0.6113858819007874 245.9074522256851 416.6712353527546 1556.645884983242 5.926930963993073 6.177769593894482 2.853702954947948 17.06755682080984 5.799072064459324 9.042789570987225 4748.822174288332 1068.205662854016 6.615405462682247 187.1564723849297 29.1399108543992 97.30102621018887 29.8038562759757 1.353871516883373 1570.144638337195 10.20857647806406 686.1949944421649 1183.573395855725 2290.441499575973 375.0736221969128 41.4891754835844 5.16576611995697 90.54362305253744 2.206662155687809 0.2266364395618439 5.442507959902287 3.513642527163029 0 0 0 0.1082023456692696 0 0.09179908037185669 0.1580074355006218 11.48743066936731 0 87.08001774549484 0.1050657778978348 0 0.1796664148569107 2.074346549808979 5.101870656013489 1.624931029975414 0 0.1394550651311874 0.2317748814821243 0.2716240584850311 1.981759704649448 9.587921217083931 49.46408564597368 111.7556173950434 1.556292079389095 0.1908896863460541 0 30.37206976860762 0 0 0.3373240232467651 3.084957718849182 26.29329735040665 45.4297536984086 1.654004260897636 0.6145298779010773 0 0.137733057141304 2.010988019406796 0
41.39092771708965 11.97176782041788 230.7258245125413 0.9740945398807526 0.6524427831172943 12.15499009937048 34.99351757019758 93.72145088762045 1.705487340688705 10.49798741936684 828.6247260048985 34.73596176505089 16.80722072720528 152.3776408731937 0 1.35616011172533 4069.142899803817 1556.645884983242 2335.697317540646 6.443482801318169 21.83949394524097 4.208675064146519 110.0888857021928 6.826102159917355 8.7817263007164 5124.824413791299 1107.690791197121 12.15524647384882 289.3159104958177 126.945337459445 12.1467162296176 23.36636601388454 3.329065419733524 3614.237602330744 7.802580244839191 1217.753603093326 1100.132589176297 2864.806303523481 686.88962546736 32.41880819201469 7.796380467712879 16.97483407706022 1.493871755897999 0 24.76474171131849 23.9796916693449 0 0 0 0.9743494912981987 0.1994426548480988 0 0 3.466464206576347 0 15.96495309472084 0 0 0.4601709023118019 23.71561645716429 13.60837810486555 17.2466489225626 0 0 1.133167825639248 0.7168378010392189 2.344544820487499 20.67155461758375 232.1945522800088 485.2750952392817 1.074291810393333 0 0.6453060060739517 14.10188912600279 0 0 1.621882162988186 2.874284207820892 21.50822698324919 63.81606502830982 11.71768672764301 3.765509821474552 0.2229826897382736 0 0.09296629577875137 0
15.25844739377499 0 3.701342895627022 2692.954736478627 4.109455019235611 295.6222366094589 67.11068191379309 197.2097576484084 582.6223954334855 4367.058724038303 13.2275053486228 4275.825715638697 5.742749087512493 207.2304373830557 70.96756365895271 0.9403718709945679 1.38185165822506 5.926930963993073 6.443482801318169 410.9606478959322 0.4877608120441437 0.5579276084899902 2.190367206931114 896.3233797773719 0 9.181554034352303 3.620283164083958 2473.408952564001 463.9437739178538 8.770312935113907 0.09778858721256256 5.328031353652477 22.68167984485626 168.3178837671876 14.39079737663269 912.5810969173908 13.38543283194304 584.3060850724578 126.3011192083359 367.2694120556116 67.63625078648329 2.91009945422411 14.9367446154356 0.2185042500495911 0.8196940571069717 0 63.69809973239899 0.159444585442543 11.48362119495869 88.56969558447599 1.836938485503197 172.5436898320913 41.10582526773214 0.2771660685539246 128.138042666018 0 3.546957492828369 34.92291988432407 0.513788640499115 0 0 0 37.96305786073208 0.3079470843076706 0.6161482781171799 0 659.726944565773 0 0.1335607916116714 3.44278872013092 238.8314032405615 1.801569953560829 0.4062155932188034 0 0 0 0.8672226071357727 0.8153918385505676 170.9128631874919 0 2.617973573505878 0.657728910446167 123.8660088405013 0.9389501512050629 0.480818584561348 0
48.74107858538628 2.095114044845104 339.3586919158697 0.1726106256246567 0 1.919422060251236 373.9345021098852 31.12384077906609 125.3188568800688 2.470927141606808 6.842817150056362 0.6613395214080811 5.464760884642601 73.59896481782198 0 5270.089538455009 319.9584902375937 6.177769593894482 21.83949394524097 0.4877608120441437 15543.02661091089 226.6353565528989 14333.8455151096 104.0491616651416 0.2299715131521225 57.03602138161659 1091.142415776849 5630.377945400774 236.1143320724368 12561.96112823486 0.1379744559526443 0.2443430349230766 24.36914617568254 2715.547704696655 282.2667151913047 5952.123127415776 1824.483013272285 6078.362025164068 2090.91274753958 306.1607959643006 14.87409794330597 2.526279672980309 28.29445996135473 8.802849553525448 0.2492947056889534 6.418689675629139 0 0 1.427667625248432 23.72425950318575 9.137098141014576 33.5274178981781 0.8058795556426048 0.07114201784133911 0 0 10.75001715123653 0.3056277111172676 425.2438128590584 0.5595335364341736 0 0.5167756006121635 0 396.7771802470088 154.2036905512214 172.4656739532948 233.2502482160926 0 0.8289044946432114 51.38105407357216 176.7271206229925 27.71643728017807 200.0606058239937 0 0 6.608537763357162 5.444678232073784 12.12983309477568 185.8963923379779 8.962966859340668 14.74431984871626 11.30964076519012 16.30291752517223 0 0 0
0 2603.804331883788 31.56199280172586 0 0.6469699144363403 0.8165729641914368 17.81204082816839 2.779052667319775 2962.606486305594 1.85780656337738 26.48239556699991 5.254604451358318 126.0926630571485 2.8854805752635 35.12065210938454 1222.08716275543 14.8083555623889 2.853702954947948 4.208675064146519 0.5579276084899902 226.6353565528989 1114.361121997237 254.7577287778258 7063.608276695013 384.1058753952384 59.50504090636969 4446.406971819699 293.9268520027399 21.2023808658123 70.08888874948025 14.77344296872616 0 4.31966033577919 174.8536710962653 9.152558788657188 286.3949951305985 107.8481666296721 178.3710273504257 99.76969373971224 48.31514985859394 1.269281268119812 22.12645889818668 0 1.327746100723743 20.77878244966269 42.29580103605986 0.1927784830331802 0 0.3673717975616455 11.34004072099924 1.377476796507835 9.613934010267258 1.083958528935909 3.464475311338902 0 12.26180273294449 1.197091355919838 0 1435.432525552809 2.444016121327877 1.037472873926163 0.7986263185739517 0 121.2845975831151 473.2805664241314 857.086387373507 50.34550902992487 2.604092471301556 17.10608860105276 1151.549173206091 37.1892704218626 2.640741355717182 25.82181650400162 2.023848935961723 0 1.357070840895176 11.14203787595034 2.69821098446846 109.9169422388077 23.8798026740551 39.60755906254053 56.0080378651619 2.949386566877365 0.1969732344150543 1.266274735331535 0.2824172675609589
196.3594678863883 7.693253368139267 11743.98271356523 1.831447847187519 0 14.03902024775743 1249.27144164592 208.3578722253442 55.31353461742401 21.48480080068111 14.349026478827 3.141397513449192 15.69335440546274 488.3031981065869 0 5115.3500822559 3798.142770126462 17.06755682080984 110.0888857021928 2.190367206931114 14333.8455151096 254.7577287778258 19079.04497203231 187.6126915961504 0.135096475481987 1412.505303770304 14768.24061060697 4681.348646074533 353.7457835748792 6258.291916817427 0.621961809694767 0.8719555959105492 25.60963056981564 3055.940846510231 357.4496205300093 8088.883819587529 6346.798386633396 8311.161167673767 4204.069809623063 449.7602474093437 15.40022641420364 16.24694064259529 48.91030763089657 3.383853614330292 16.76994769275188 339.7616589665413 0.4764449149370193 0 0.6090774685144424 27.5579067543149 2.471922397613525 5.16090190410614 2.003172092139721 1.298861064016819 0 0.3582962304353714 6.222659483551979 0.6110219359397888 1268.279399171472 9.443658351898193 0.3212546855211258 1.654579170048237 0 247.1112345382571 354.356442950666 1552.782795168459 61.08950845897198 0.618573822081089 16.19256196916103 1883.208006650209 59.70450020581484 6.04820578545332 58.4199234098196 0.4922736138105392 0 0.6509807482361794 18.95058140158653 32.34053984284401 219.2778977304697 28.22397336363792 74.70072718709707 102.5481545552611 2.888848699629307 0.5041764974594116 0.1488948166370392 0
17.53657098859549 1231.790297329426 31.38290316611528 1242.518836818635 9.352353669703007 232.6430519297719 1080.470356710255 211.1533984020352 11826.40650681406 1105.403697855771 14.3209887817502 1401.178366854787 52.76807856559753 138.3567668199539 728.8833282291889 1821.782518804073 24.11102509498596 5.799072064459324 6.826102159917355 896.3233797773719 104.0491616651416 7063.608276695013 187.6126915961504 14820.38919017464 127.1651272401214 73.91609212756157 4426.780217304826 7377.03033066541 432.9288150370121 312.7532430738211 7.976405553519726 1.614720165729523 82.26284359395504 192.0141821280122 57.07848750799894 1613.959127314389 102.5658857002854 638.8444779142737 279.6699329614639 571.5326966941357 55.97651775926352 8.378454253077507 9.814259618520737 41.04140996932983 12.16141472756863 16.53420962393284 160.2386193424463 5.486390173435211 48.84629888832569 618.1556936427951 68.04108057171106 1788.177388906479 155.3225650638342 8.859542272984982 229.7955404892564 4.676001965999603 100.5882076472044 68.72282341122627 413.1173841878772 2.83125002682209 1.666413702070713 2.719662092626095 107.6563318669796 345.0567000955343 198.5694912150502 147.9739926457405 5446.249847911298 2.792339161038399 15.47590646147728 127.3001637533307 2960.660265423357 131.9659349322319 506.437271617353 1.156438611447811 1.396207727491856 9.994125455617905 32.24041763693094 9.302842378616333 535.4121915102005 9.998431943356991 113.2560436949134 27.65197779983282 290.2042062357068 12.27407028526068 1.592946402728558 0.9763997718691826
0 1295.563772581518 0.2872605994343758 0 0.1165060326457024 0 0.1363667994737625 0.2355094403028488 63.13846898823977 0 709.1566694378853 0.3640462160110474 3242.912755891681 0.3217205405235291 1.719575189054012 1.48472423106432 0.3442194387316704 9.042789570987225 8.7817263007164 0 0.2299715131521225 384.1058753952384 0.135096475481987 127.1651272401214 820.6346236392856 338.971515968442 4509.010366648436 2.014383338391781 1.452987529337406 0.219465583562851 324.8624685555696 0.2483213990926743 0 16.9747292175889 0 10.94273265451193 256.1626007482409 184.4285129755735 24.65293305367231 0.4080220758914948 1.03780472278595 738.884233802557 0 0 143.3000236973166 3.439186960458755 0 0 0 0 0.2147388309240341 1.559025608003139 0 180.657214589417 0 866.2870648801327 0.2129640057682991 0 0.3262410163879395 2.054664894938469 9.212424054741859 8.644473917782307 0 0 1.945138067007065 0.5409377962350845 2.91802816092968 282.3466428667307 144.5922958031297 773.7152389809489 0.09078386425971985 0 0 81.3936401233077 0.1248850524425507 0 5.43276821821928 0 6.534787572920322 63.67230138927698 40.22064381092787 6.304736591875553 0.2848735153675079 0 124.8372965976596 0
113.8175674378872 171.2016295641661 6327.450684383512 3.666391238570213 0.5527316629886627 28.8486098498106 394.4168144538999 252.6991783604026 24.51716277003288 37.82837138324976 2266.35358145833 51.48984738439322 620.0587774068117 411.4168995171785 0.3304140046238899 11.72833996266127 3221.715963840485 4748.822174288332 5124.824413791299 9.181554034352303 57.03602138161659 59.50504090636969 1412.505303770304 73.91609212756157 338.971515968442 23464.00074654818 14105.49875070155 97.68113138526678 432.1777155920863 226.0765703842044 624.4207279980183 32.42538598924875 14.35244000703096 2021.798854485154 41.64922223240137 4348.324313268065 6718.619293399155 5291.85363239795 1417.713906593621 99.26709897071123 14.23231638967991 219.1444128677249 7.159360505640507 0.9490427374839783 388.9495707154274 307.2765410989523 0 0 0.3488486707210541 4.902224481105804 1.890023402869701 4.757248595356941 0.102517381310463 186.943306222558 0.20900609344244 1731.970587722957 2.682378068566322 0 4.296006135642529 268.8131947815418 261.0431077182293 179.9613506570458 0 1.927476160228252 15.10503707081079 24.11455608159304 12.08502852916718 495.0633081495762 2571.172260023654 6214.554383136332 5.07950209826231 0.8055582195520401 4.372009813785553 618.5287219509482 0.5969425514340401 0 28.49983701854944 12.84840548038483 181.739600263536 935.5950859636068 121.8549908027053 42.11359447985888 0.9752791821956635 0.2351253852248192 16.31685500591993 0.1935732662677765
39.10710219293833 5442.321182146668 11606.98826467991 3.842797324061394 0.6651982814073563 10.1708976328373 481.0068257972598 95.14510315656662 832.5243942588568 24.85299765318632 367.9292524531484 17.08374882489443 2170.384350709617 142.2978314757347 16.48229274898767 3626.813358776271 4867.378810934722 1068.205662854016 1107.690791197121 3.620283164083958 1091.142415776849 4446.406971819699 14768.24061060697 4426.780217304826 4509.010366648436 14105.49875070155 29641.16737472266 3082.752682849765 190.2886231467128 84.06752636283636 1427.190662451088 8.184172242879868 9.842972375452518 2616.588632784784 160.1823622435331 7431.32049471885 4844.983590640128 7392.438571192324 2818.067814432085 260.7383104264736 15.59728903323412 68.66855974495411 19.94905698299408 11.81457772105932 2543.57964502275 2977.928390987217 0.7091639265418053 0.1330325305461884 1.759664356708527 86.5642077177763 10.36636508256197 14.21061470359564 3.302971370518208 96.03957930207253 0.1913961991667747 833.6595901474357 14.75214823335409 0.7425106391310692 1449.464145384729 657.3240557387471 252.3764429986477 265.162428855896 0.3209891617298126 104.1455854922533 1891.935432687402 2464.580466784537 87.3335632532835 778.624983549118 3561.943287014961 20006.15630996972 76.98732783645391 7.501648023724556 44.21330237388611 397.4769649356604 0.5351317450404167 1.135702863335609 135.9697921946645 27.04955263435841 752.0421732142568 737.2782791852951 497.1913533657789 361.832145921886 10.10292478650808 1.869116440415382 14.93341737240553 1.271530672907829
47.78676365315914 18.14281620830297 1118.507148705423 5175.1934331581 2.058412596583366 1397.476835228503 20274.2513333559 365.8560664057732 1506.407635509968 11182.49165483564 9.671171575784683 615.5273312181234 16.69775965064764 246.5947945564985 62.79698131978512 3877.163802087307 115.2327438369393 6.615405462682247 12.15524647384882 2473.408952564001 5630.377945400774 293.9268520027399 4681.348646074533 7377.03033066541 2.014383338391781 97.68113138526678 3082.752682849765 19459.75090490282 1030.594931781292 8360.547244161367 0.1035004407167435 3.554449379444122 253.4955623820424 595.0401831865311 197.8788923621178 4362.743994228542 232.9098010510206 1892.016077801585 970.5313400924206 424.8984884545207 85.03449650108814 2.227086246013641 19.52356930822134 69.75487814098597 5.059047870337963 12.28880631178617 108.792422041297 2.259542927145958 37.46779330819845 548.8720786869526 68.83317799866199 627.4728168025613 101.3860555440187 7.092982076108456 97.39761099219322 0.1101652234792709 117.214071713388 35.40092443674803 387.9000016376376 2.058382347226143 2.449784480035305 1.143399842083454 65.11118359863758 431.3820381462574 160.5637620761991 126.5181621834636 3714.665107250214 0.8572924137115479 3.961423873901367 69.12304800748825 2595.911344841123 207.4659034609795 775.4550174027681 0.1380112171173096 0.4101041182875633 22.13957408070564 41.84111291915178 15.32955987006426 592.6029198840261 9.004477508366108 120.6423262581229 30.60845435410738 166.2780453339219 9.102273777127266 1.441123366355896 1.776852563023567
3455.862196028233 2.361081004142761 243.7076499015093 130.0756599009037 10.94177544116974 284.7904453501105 2623.756681337953 700.4001510962844 42.62800445407629 1012.58708242327 471.5465702489018 794.661980137229 45.69438418745995 5797.725895822048 3.417105861008167 4.280767701566219 666.575307905674 187.1564723849297 289.3159104958177 463.9437739178538 236.1143320724368 21.2023808658123 353.7457835748792 432.9288150370121 1.452987529337406 432.1777155920863 190.2886231467128 1030.594931781292 20202.1096252948 6901.18468748033 2.065577514469624 433.2379823550582 2372.577661454678 3996.710760556161 9.912873864173889 439.3087956756353 61.49824962764978 2731.068419329822 230.6326138302684 428.3169614076614 142.9193125590682 5.830725863575935 10.37562234699726 1.944362789392471 0.8250676542520523 4.398008823394775 0.27156001329422 0 1.926478080451488 19.0189977362752 1.398410029709339 21.0910277068615 2.453957118093967 0.4045867621898651 0.5684013515710831 0.7356158345937729 4.211261369287968 0.8351901471614838 4.374493435025215 0.4616010412573814 0.08844668418169022 0.2821095734834671 1.478896781802177 5.894556164741516 2.000223398208618 1.690591298043728 102.3490996360779 0 2.443960934877396 11.3314938172698 92.59835882484913 6.823873974382877 26.39125395566225 0.1101052910089493 0.3666609972715378 0.4699086993932724 3.336069196462631 0 25.88395181298256 2.127277016639709 9.487343706190586 5.853607922792435 4.601640418171883 1.688978344202042 0.9717911630868912 0
