581.0336424410343 1.348296850919724 23.13648723810911 3.770752683281898 0.6164658442139626 10.26374634355307 1110.312856554985 570.8915496394038 2.829484052956104 12.74916699528694 2.606046289205551 0.4151430204510689 1.184843473136425 3668.205882370472 0 1.130289793014526 51.4918469414115 0.938305675983429 0.9177042469382286 5.623560704290867 82.85981342941523 1.916509680449963 135.9496800974011 40.82049381732941 0 7.081761345267296 12.70630241185427 151.661866158247 1094.818754062057 1946.23859167099 0 5.446867078542709 11.21595597267151 107.8081772774458 0.9392688870429993 11.92258917540312 1.060629047453403 111.8860992193222 22.72788415104151 1.131944663822651 0.1041068881750107 0.08597057312726974 0.3468713164329529 0 0 0.2963553369045258 0 0 0 1.279584884643555 0.4470400214195251 0.3024296462535858 0 0 0 0 0 0 2.604350090026855 0 0 0 1.058683753013611 0 0.3445074856281281 0.1687599569559097 3.998973697423935 0 0 1.988428100943565 3.783148288726807 0 0 0 0 0 0.5297797322273254 0.2110063880681992 0.8426676392555237 0.4796465635299683 0.6892892718315125 1.557345449924469 1.151775240898132 0 0 0
1.348296850919724 65.29697684943676 17.36747078597546 2.920961029827595 1.049742639064789 2.594206646084785 44.8476140126586 18.4313740208745 775.328711271286 2.961755521595478 60.69561135023832 41.29051373153925 308.3261658027768 8.019135594367981 38.1691946387291 376.2222367674112 12.76627709716558 14.82979034632444 13.77323777973652 0.07220754027366638 18.83040639013052 1793.218396864831 63.37774714827538 570.6128067076206 2106.003932014108 283.102427251637 3138.588751904666 96.78671830892563 10.02194734662771 10.50038730353117 5.291252888739109 1.176718294620514 2.964567512273788 32.07403326779604 5.058349788188934 191.351129502058 107.7501576915383 113.8924915418029 49.59332206100225 32.56474462896585 0.8230025097727776 214.0784562677145 1.40747345238924 0.1104186773300171 77.71567392349243 0.390859417617321 1.227628156542778 0 0 0 0.1244680136442184 4.321755453944206 0 0.8071610927581787 0.3711774945259094 9.093126133084297 0.5401559770107269 0 13.33936071395874 7.482920661568642 1.374402597546577 44.22296070307493 0.2187793552875519 0 49.58650992810726 1.507783815264702 9.960785381495953 136.5407111495733 134.065737105906 1869.19313044101 0 1.056777931749821 0 1.553498432040215 0 0.1700529605150223 14.87068999558687 1.503873705863953 86.34964548051357 103.3978613093495 129.0756626576185 17.36088912189007 0 0 47.94654059410095 0.6142172366380692
23.13648723810911 17.36747078597546 3324.40386749804 1.237217381596565 0.558721587061882 3.634007416665554 79.77704318612814 53.64060037583113 0 0.7462098449468613 4.665621891617775 0.105388343334198 11.25215157866478 64.65838798135519 0 17.46067979931831 1633.630317121744 15.35221343487501 66.29558935761452 0.1716248244047165 213.9580849558115 0.3620345443487167 12345.28199759871 49.53978982567787 1.142752885818481 2726.113090455532 1913.624335847795 154.176298648119 33.92587246000767 377.4067955240607 0.1260451078414917 1.195867389440536 4.601899571716785 554.4373484700918 17.65697982907295 354.9664275571704 98.69392081350088 1071.227561198175 377.7138569653034 11.20641255378723 1.49508298188448 0.2191654443740845 1.106620378792286 0 14.28418043255806 0.600482165813446 0.2692131102085114 0 0 0 0 0.3626287654042244 0 0.3185000717639923 0 0 0.1848686933517456 0 0 15.4705686122179 0.4054805040359497 46.82741120457649 0 0 4.0296511054039 0 0.3880370557308197 2.765400886535645 104.1213866919279 737.881335042417 0 0 0 0.09853015094995499 0 0 4.125575482845306 0.6365251094102859 68.70517984777689 48.48766961693764 94.77321447432041 11.06041237711906 0 0.5945170521736145 0 0.9428538382053375
3.770752683281898 2.920961029827595 1.237217381596565 1979.078790426254 3.562753729522228 83.56590401381254 198.6702099815011 83.45714115351439 605.0739594101906 2882.657292507589 1.616798222064972 182.5586622059345 1.901312001049519 31.66760773956776 5.264010161161423 9.108386009931564 0 0.09825100004673004 0.2215680330991745 2586.370029196143 0.8621888160705566 10.65391413867474 3.876643761992455 1634.167141482234 1.09952837228775 0.9354719743132591 11.54125192016363 3093.637964449823 51.27834971994162 1.072808250784874 0 1.223447442054749 18.96596775949001 41.79647192358971 4.360291019082069 138.6391066759825 1.918489880859852 78.61846421658993 42.88290100544691 106.8098618835211 2.869009763002396 0.1826955527067184 16.68755446374416 0 0 0 42.50781200826168 0 3.978335991501808 2.837493970990181 35.12155410647392 108.0721538811922 40.77776332944632 0 5.451498009264469 0 8.743503570556641 1.049564123153687 5.748802065849304 0 0 0 36.84214009344578 0 8.709134161472321 0 164.5438781529665 0 0 1.790039002895355 120.4547473341227 4.784358561038971 0 0 0 0 7.545883849263191 0.8807171881198883 13.71639233827591 0 6.662617951631546 7.186010494828224 19.32175958156586 0.1313674002885818 0 0
0.6164658442139626 1.049742639064789 0.558721587061882 3.562753729522228 89.52480541169643 484.1795848086476 1.956401593983173 80.26390954107046 10.37318963557482 27.01914867758751 178.1540171131492 30.28387625515461 125.2697890475392 15.38834703713655 1085.514006316662 0 1.399888969957829 7.903254315257072 1.130479872226715 8.481534197926521 0.397260956466198 0 0.795622393488884 4.085262432694435 8.016951307654381 18.43153803050518 8.982706941664219 4.620826900005341 61.62502834200859 3.068825341761112 0.839485764503479 547.2325839549303 0 415.2048022896051 0.2847111821174622 243.6916998773813 22.69203677773476 485.5445064380765 166.6392017900944 1691.645564131439 30.52499298751354 25.7788479924202 5.020904615521431 0 0 0 0.2256603986024857 0 0 0 0 0 0 0.4454345405101776 0 0 0 0 0 0 0 0 0 0 0 0 0.8418822288513184 0.1510956734418869 0 0 0 0 0 0.2915108203887939 0 0 0 0 0 0 0 0 0 0 0 0
10.26374634355307 2.594206646084785 3.634007416665554 83.56590401381254 484.1795848086476 4713.960274666548 135.8854479491711 7319.611539043486 143.7560424879193 4218.84217698127 345.7278314456344 4083.177156314254 89.88026409596205 434.0461898073554 749.9702252149582 1.010711252689362 10.40744587033987 47.96464561671019 22.61398389190435 282.2960992231965 5.512557573616505 4.069040596485138 4.505984306335449 150.3079800829291 3.355931110680103 128.2424305379391 114.088849067688 330.4166321381927 175.1619781926274 22.90203157067299 4.472179055213928 274.3884350657463 3.120660796761513 396.744997613132 69.49200356006622 372.1001376062632 30.83449168503284 436.0705322250724 50.37006206810474 2283.88193140924 73.01870600134134 5.102455258369446 3.446924537420273 0 0 0 6.151515997946262 0 0 0 4.783904612064362 11.98976853489876 0 0.08052229881286621 2.662318252027035 0.5158977583050728 1.336541920900345 0 1.733641058206558 0 0 0 1.174020886421204 0 0.6498832106590271 0 24.74804785847664 0.3101981282234192 0.1029106080532074 5.795302152633667 38.09892877936363 1.117214977741241 0 0.09030898660421371 0.1932053416967392 0 1.161750257015228 0 6.176363423466682 0.1782495081424713 3.039917163550854 0.08669082075357437 1.138850331306458 0 0 0
1110.312856554985 44.8476140126586 79.77704318612814 198.6702099815011 1.956401593983173 135.8854479491711 6105.648711614311 1467.163127839565 220.5365754216909 2169.895986512303 4.286750286817551 3.961901143193245 4.866044238209724 2303.417218305171 4.661453828215599 49.45461802184582 32.62974255532026 1.342918515205383 1.170039683580399 47.87823984026909 245.7716480866075 102.1753707677126 230.5490851178765 1706.83176650852 9.966182224452496 11.09978505223989 155.2289829701185 11775.2704347223 958.4892768785357 3264.799102254212 0.0839524120092392 4.336754813790321 118.772522598505 149.325625166297 11.10728085041046 304.228457249701 8.195839792490005 261.3581382855773 138.3149193152785 101.5766621306539 3.605846993625164 1.420555412769318 13.20751901715994 0.4402891993522644 2.772824853658676 0 6.957171566784382 0 0 2.532786905765533 5.545766294002533 12.63080766797066 4.117559432983398 0 0 0 3.814678847789764 0 105.5071275830269 0.3344374150037766 0 0 3.951074123382568 5.642077684402466 7.267283260822296 6.512473315000534 111.2802697047591 0 2.027965664863586 105.5999553352594 63.95377433300018 4.011162251234055 0 0 0 0 7.419925943017006 1.330001592636108 53.3901918977499 6.263115212321281 17.12999737262726 10.48158684372902 2.602735996246338 0 1.579110741615295 0
570.8915496394038 18.4313740208745 53.64060037583113 83.45714115351439 80.26390954107046 7319.611539043486 1467.163127839565 9399.2009152174 208.2409737557173 1667.066189028323 634.7106954753399 1322.863102093339 170.9772721603513 6081.519033387303 89.36747206747532 17.81190840154886 96.27195325493813 192.6835037916899 131.1455100663006 286.037631906569 131.2236158922315 28.70640193670988 117.6120340153575 669.9348193928599 15.38742452859879 415.2594050392509 602.9334822446108 1040.379963554442 1671.901036389172 683.4214223772287 10.94747570157051 504.4459460005164 16.12996288388968 1215.893471423537 17.06137792021036 212.955481864512 40.58956218510866 2054.209702551365 97.53628522157669 1284.224450685084 16.61023262143135 9.033944047987461 7.250442408025265 0 1.687363803386688 0 7.539564833045006 0 4.400444492697716 8.314744710922241 11.9206086397171 14.62511443346739 19.05823907256126 1.902737833559513 6.74503019452095 1.005741745233536 4.495517075061798 0 35.41759938001633 1.100607663393021 0 0.9216408655047417 4.835872232913971 1.726454257965088 6.832324616611004 1.957504242658615 215.2145164310932 2.069484315812588 4.34461610019207 46.71141926199198 204.0004315525293 6.95842969417572 0.2496163100004196 0.3681943044066429 0.1642070412635803 0.836234986782074 9.710096269845963 0.1321647167205811 74.82893632352352 5.908657468855381 39.2327786386013 9.853716008365154 5.106112480163574 3.613274693489075 0 0
2.829484052956104 775.328711271286 0 605.0739594101906 10.37318963557482 143.7560424879193 220.5365754216909 208.2409737557173 794.3743884861469 274.6721294745803 3.731673419475555 315.7516126334667 15.14363922178745 77.99723240733147 705.5650875270367 18.17573964595795 0.427175909280777 0.8162163943052292 0.3227017372846603 984.6292322576046 2.551356717944145 2120.647880397737 5.070358864963055 3434.107057251036 90.00537735968828 6.223262183368206 151.6687378063798 539.5805970877409 113.1467436179519 15.07785338163376 0 2.205535508692265 46.59319987893105 55.14082631468773 10.04764148592949 571.2117458358407 11.06899152696133 125.5322820618749 69.24002309143543 442.4636133611202 1.038199797272682 4.224846243858337 22.18879595398903 0 23.81445099413395 1.765323042869568 7.638862781226635 0 0 0 3.580509841442108 56.03193382918835 7.084909677505493 0 7.581962257623672 0.6046988964080811 0.5555618405342102 0 382.992865100503 1.110748782753944 0 2.625506937503815 10.53971622884274 6.472865700721741 91.00001564621925 10.01384404301643 49.40292865037918 7.680356413125992 3.532804667949677 193.382946498692 21.58397547900677 0.8436118364334106 0 0 0 0 2.759035021066666 0 6.943296253681183 9.892521560192108 6.464829623699188 6.321173846721649 8.435269832611084 2.507433176040649 0 0
12.74916699528694 2.961755521595478 0.7462098449468613 2882.657292507589 27.01914867758751 4218.84217698127 2169.895986512303 1667.066189028323 274.6721294745803 17054.36247030646 48.49606633931398 2176.077600814402 25.14994555711746 958.7564215362072 43.4153924882412 5.025697812438011 1.773061916232109 7.781301327049732 3.605543814599514 2385.729420490563 2.609670266509056 4.800743579864502 4.379539467394352 1133.29870788008 2.930125765502453 26.14000815153122 38.65040066838264 6233.47176091373 338.2696126699448 5.348216757178307 0.9526046738028526 49.2659727036953 37.92384270578623 310.3331917077303 48.74687226116657 389.7770448848605 17.86931656301022 960.4911144375801 218.5569707378745 513.4989638775587 32.58639892190695 3.784292660653591 42.55306340754032 1.264607787132263 0.6067619323730469 0 66.47876311838627 0 4.141038030385971 21.67468738555908 29.25650058686733 72.18127003312111 35.85346114635468 0.5410908237099648 4.582758963108063 0 16.09420865774155 2.533626556396484 6.236932694911957 0.1080848500132561 0 0 35.20620977878571 0.17071333527565 6.694069862365723 0.2897682189941406 219.6574595496058 0.1837481334805489 0.0909455418586731 6.366571187973022 216.8569364100695 6.433243453502655 0 0.08141719549894333 1.129353642463684 0 9.859336286783218 0 40.22405292093754 1.35060703754425 24.99226953089237 10.63833989202976 14.32103073596954 0 0 0.5640450119972229
2.606046289205551 60.69561135023832 4.665621891617775 1.616798222064972 178.1540171131492 345.7278314456344 4.286750286817551 634.7106954753399 3.731673419475555 48.49606633931398 7661.75724004209 81.18515010550618 2490.527388848364 111.2333251237869 1.2720862403512 2.325800411403179 204.992588467896 3081.405006222427 333.9856288358569 15.2493560090661 6.231759786605835 9.20718827098608 18.55931933224201 9.911073535680771 539.4121999517083 4645.409218549728 954.2830389142036 9.432947732508183 45.7131407931447 16.83660952746868 128.2842502444983 429.2236090227962 0.08980622142553329 3477.562668539584 0.5952102765440941 329.9344466850162 766.2472592890263 2687.259152069688 443.2057484015822 51.84572201967239 144.1679432019591 652.7297383025289 23.50770803540945 0 0 0 0 0 0.1533181369304657 0 0.3001621589064598 0 0 168.4840805009007 0.3030781522393227 521.1948819905519 0 0 0 0 10.11498707532883 0.3598647862672806 0.07818268239498138 0 0 0 0.3490989804267883 40.7430539354682 39.08806168287992 91.37459450215101 0.3583811819553375 0.1835093796253204 0 46.49426210671663 0 0 0.775272972881794 0 3.657170116901398 85.66829006373882 7.480440802872181 0.5437127649784088 0 0 2.6354770809412 0
0.4151430204510689 41.29051373153925 0.105388343334198 182.5586622059345 30.28387625515461 4083.177156314254 3.961901143193245 1322.863102093339 315.7516126334667 2176.077600814402 81.18515010550618 8276.093764223158 32.45048470795155 196.3644443377852 92.65896481275558 0.6701094806194305 2.752733759582043 8.966284949332476 5.093619525432587 3505.344214566052 0.6398946046829224 104.7611869871616 0.1300792843103409 475.5399082005024 6.215635620057583 41.01941149309278 56.73704686015844 166.4882206991315 166.5335831940174 1.109825156629086 1.465838015079498 79.42708332836628 2.860785350203514 196.816898740828 929.4867348819971 138.9810326099396 10.74749203771353 836.3840385489166 105.084176287055 568.425552688539 19.96420020610094 3.742964595556259 23.64996531605721 0.1325158923864365 2.326983690261841 0 91.09628260135651 0 15.90729197859764 0.1176808103919029 10.26752363145351 0.5101023316383362 62.07927291095257 0 62.36351782083511 0.1865523606538773 9.214310631155968 0 27.49368065595627 0 0 0 53.74588300287724 5.029216170310974 10.76320326328278 1.754363417625427 1.43530435860157 0 0.4155426546931267 13.59161108732224 12.2597262263298 5.389069885015488 0 0 0.1347933411598206 0 3.990012444555759 1.6047183573246 1.377014055848122 1.312767848372459 5.668794721364975 0.5015809088945389 0 0 0 0
1.184843473136425 308.3261658027768 11.25215157866478 1.901312001049519 125.2697890475392 89.88026409596205 4.866044238209724 170.9772721603513 15.14363922178745 25.14994555711746 2490.527388848364 32.45048470795155 3237.469065897167 18.31170745193958 0.8596799969673157 13.82011519372463 5.116655103862286 51.25727715343237 11.24779903888702 9.643061779439449 10.87834168970585 33.93676025420427 22.0863225273788 17.16720309108496 3739.26971822232 1818.233715876937 2359.464243322611 10.40597803890705 19.28504178673029 9.889636717736721 144.5760145187378 79.4381730183959 0.2682123333215714 678.4858781844378 4.174585163593292 872.8281068727374 2894.643220469356 4048.151542909443 595.71797593683 128.799471154809 61.93314845860004 979.7717792391777 10.86463230848312 0 3.09817810356617 0.8214491009712219 0.5597824454307556 0 0.2434932738542557 0 0.7422306388616562 1.761159151792526 0 996.965471252799 0 3105.873342901468 0.3460007905960083 0 0 0 91.93774648755789 0.4851222038269043 0.07266374677419662 0 1.39709834754467 0 0 908.0999643430114 364.1233299598098 761.0714960470796 0 1.181292988359928 0 435.4956320971251 0.8277292847633362 0 27.8096010684967 28.0464745759964 66.14727589488029 391.9394772201777 103.8726061657071 49.8177779391408 2.372729130089283 22.32831256836653 13.63854283094406 16.94034291058779
3668.205882370472 8.019135594367981 64.65838798135519 31.66760773956776 15.38834703713655 434.0461898073554 2303.417218305171 6081.519033387303 77.99723240733147 958.7564215362072 111.2333251237869 196.3644443377852 18.31170745193958 6856.900124758482 4.207995876669884 12.93714293837547 126.7110683731735 44.23475703597069 41.77218208462 118.8154903873801 171.0082220435143 22.71496281772852 247.5162291228771 414.0104316920042 2.370265975594521 106.8459035083652 198.7995515577495 676.2958880588412 6134.211340874434 1808.742028899491 1.579025574028492 227.5940219163895 22.07643087208271 850.0602377951145 1.160057239234447 87.05886216461658 11.27243090420961 888.5093199759722 85.29443135112524 73.83669801801443 6.843723684549332 4.09739875793457 3.793466083705425 0 0 0.4948302507400513 5.509960651397705 0 0 5.08679062128067 4.43465131521225 6.517997413873672 1.164246618747711 0 0 0.4566808864474297 1.684377461671829 0 19.76638999581337 0 0.0932883694767952 0.1439922600984573 2.574034571647644 4.137470006942749 3.192108139395714 0.3342695236206055 50.79478049278259 0.12962307035923 0.9100765064358711 24.35737640410662 56.40231344103813 0 0 0.1041054651141167 0 0 2.847343854606152 1.260565042495728 29.64339724928141 0.9197631552815437 13.87247310578823 6.108209423720837 4.180777847766876 0.5268194675445557 0 0
0 38.1691946387291 0 5.264010161161423 1085.514006316662 749.9702252149582 4.661453828215599 89.36747206747532 705.5650875270367 43.4153924882412 1.2720862403512 92.65896481275558 0.8596799969673157 4.207995876669884 935.0467655658722 0.5758263766765594 0.1396319717168808 0.4806110262870789 0 12.09761518239975 0.472406730055809 84.15717040002346 0 9.685961589217186 1.892305791378021 0.2559052333235741 4.699585780501366 3.782154977321625 5.134876906871796 0.8412226289510727 0 116.3126383125782 0.5165484547615051 1.074927225708961 0.4594466686248779 47.17918844521046 1.099383592605591 8.906038656830788 0.5750346779823303 1057.722747251391 8.819259285926819 0 0 0 1.061564326286316 0 0 2.776379376649857 0 0 0.2529631555080414 0 0 0 2.509138822555542 0 0 10.56378126144409 14.13858124613762 0 0 0.4020965993404388 0 0 2.978021621704102 0 4.1592056453228 0 0 25.38811782002449 0 0 0 0 0 0 0.3685912191867828 0.2452305257320404 6.38766610622406 0.395878404378891 0.4845900982618332 0 25.76263245940208 0 0 0
1.130289793014526 376.2222367674112 17.46067979931831 9.108386009931564 0 1.010711252689362 49.45461802184582 17.81190840154886 18.17573964595795 5.025697812438011 2.325800411403179 0.6701094806194305 13.82011519372463 12.93714293837547 0.5758263766765594 1286.04972743988 32.91609095782042 1.911043368279934 2.147048518061638 0.7368339970707893 847.5821609869599 718.2699907049537 2051.204437099397 2126.166879028082 116.5999246314168 47.42990484088659 5937.709414377809 823.4190004467964 6.965515680611134 19.62844092398882 0.2915687263011932 0.2626692876219749 4.852587416768074 127.1575057283044 48.91458031535149 3974.280556447804 796.177064910531 416.3415778577328 577.8645270392299 87.95943786203861 0.496872790157795 3.290839664638042 10.51826018840075 0 6.090693950653076 7.465858370065689 0.5508149191737175 0 0 0 1.94338458776474 3.451108902692795 0 0 0 0.3949550688266754 0 0 336.1440187692642 3.170682787895203 0 3.535656109452248 0 19.14187943935394 21.16462567448616 18.51389247179031 5.383993417024612 0 8.714018657803535 729.0509205162525 9.912972450256348 0.8663954436779022 0 0 0.1402724832296371 0 1.417884163558483 3.379097893834114 43.83921581506729 47.45726205408573 18.66696690768003 13.20728555321693 0 0 0 0
51.4918469414115 12.76627709716558 1633.630317121744 0 1.399888969957829 10.40744587033987 32.62974255532026 96.27195325493813 0.427175909280777 1.773061916232109 204.992588467896 2.752733759582043 5.116655103862286 126.7110683731735 0.1396319717168808 32.91609095782042 117.5753695443273 420.4219779074192 317.5987727940083 0.5381103083491325 1820.771608002484 2.825304612517357 1955.971209410578 4.164282895624638 5.43727358430624 3485.303252644837 6269.006885845214 127.6838715672493 240.8994496427476 1829.574119456112 1.089703477919102 25.88849618285894 27.48493101447821 1580.674335367978 6.73845462501049 195.0486489459872 55.65166814252734 466.160178270191 295.060867741704 6.992342963814735 0.3920649588108063 1.323768325150013 1.453205466270447 0 6.008242309093475 1.020004153251648 0 0 0 0.1177310049533844 0 0 0 0.3269435167312622 0 0.08218717575073242 0.1786381304264069 0 0 3.383066698908806 0.8265788331627846 10.62846645712852 0 0.08085773140192032 1.4891537129879 0.4212875217199326 0.4406377375125885 0.4942813739180565 39.74876143038273 200.1277099624276 0 0.4995448067784309 0 0 0 0 2.230137683451176 1.363912686705589 35.91779877990484 28.40291144698858 36.04539819806814 4.824386321008205 0 0 0 0.2685335129499435
0.938305675983429 14.82979034632444 15.35221343487501 0.09825100004673004 7.903254315257072 47.96464561671019 1.342918515205383 192.6835037916899 0.8162163943052292 7.781301327049732 3081.405006222427 8.966284949332476 51.25727715343237 44.23475703597069 0.4806110262870789 1.911043368279934 420.4219779074192 122.6927258521318 658.3250810652971 2.503931328654289 6.55525042116642 7.285920396447182 20.38051437586546 2.593858927488327 3.319372206926346 5609.146101847291 2035.481044508517 2.037658631801605 9.919014185667038 8.038879811763763 55.01487999409437 83.64162012934685 0.3636438772082329 1327.77342363447 0.9364545792341232 128.3863832131028 17.05127401649952 832.838926486671 336.8367873504758 5.616665698587894 0.3484180867671967 1.627768293023109 0.1663054376840591 0 0.8516612648963928 0 0 0 0 0 0 0 0 0.2695632353425026 0 2.215602725744247 0 0 0 0 0 2.299964718520641 0 0 0.6585017889738083 0 0.2143956571817398 3.103137083351612 10.34982670098543 41.06958486139774 0 0 0 1.016449682414532 0.1207827106118202 0 0.2502106577157974 0 4.041971445083618 3.556445516645908 3.8606116771698 0.9794752299785614 0 0 0 0
0.9177042469382286 13.77323777973652 66.29558935761452 0.2215680330991745 1.130479872226715 22.61398389190435 1.170039683580399 131.1455100663006 0.3227017372846603 3.605543814599514 333.9856288358569 5.093619525432587 11.24779903888702 41.77218208462 0 2.147048518061638 317.5987727940083 658.3250810652971 121.6959278583527 0.6544820219278336 79.51070595532656 3.970163829624653 133.0922788381577 0.9371791407465935 1.064987704157829 1689.43060503155 1361.036262430251 2.2391656935215 14.16122528910637 47.01273546367884 2.64905671030283 63.80421049147844 0.3764717355370522 1198.533111348748 0.9837406948208809 64.31873525679111 11.98333921283484 511.3938192948699 156.3593187183142 2.345010101795197 0 0.1488201469182968 0.2335876971483231 0 1.455270864069462 0 0 0 0 0 0 0 0 0 0.1445760577917099 0.1986234039068222 0.1342584937810898 0 0 0 0 0.3352854922413826 0 0 0.2327264100313187 0.1429413110017776 0 2.129888668656349 10.14414896070957 86.25272139161825 0 0.104490153491497 0 0 0 0 0.833129033446312 0.6164740920066833 6.655451096594334 17.78094775974751 11.3666682317853 1.234543308615685 0 0 0 0
5.623560704290867 0.07220754027366638 0.1716248244047165 2586.370029196143 8.481534197926521 282.2960992231965 47.87823984026909 286.037631906569 984.6292322576046 2385.729420490563 15.2493560090661 3505.344214566052 9.643061779439449 118.8154903873801 12.09761518239975 0.7368339970707893 0.5381103083491325 2.503931328654289 0.6544820219278336 908.9474737942219 0.9319183081388474 0.5147380232810974 0.6466755121946335 1206.328015737236 0.7700837180018425 7.978965118527412 10.75764847546816 2446.442136026919 150.9919396340847 0.9478783160448074 0 19.11738166213036 24.67070556432009 141.5525213256478 396.630953669548 274.6505440995097 7.754994221031666 426.6732892394066 127.258715197444 257.1546144634485 19.62044041603804 1.61410741508007 29.15338680148125 0 0 0 55.88553583621979 0 2.30412483215332 6.503662645816803 31.95618891716003 108.8392512202263 29.19496408104897 0 3.821077883243561 0 6.893701016902924 0 4.401860475540161 0 0 0.6698323488235474 29.51170489192009 0 8.380437254905701 0 155.1508939266205 0 0 0.2266668602824211 118.5337577164173 5.258061826229095 0 0 0 1.292852282524109 4.568558871746063 0.4269683361053467 16.0442111492157 0 14.8179834485054 2.329811349511147 16.65451431274414 2.660883784294128 0 0
82.85981342941523 18.83040639013052 213.9580849558115 0.8621888160705566 0.397260956466198 5.512557573616505 245.7716480866075 131.2236158922315 2.551356717944145 2.609670266509056 6.231759786605835 0.6398946046829224 10.87834168970585 171.0082220435143 0.472406730055809 847.5821609869599 1820.771608002484 6.55525042116642 79.51070595532656 0.9319183081388474 8416.899834908545 58.24252370744944 11604.97469892353 592.5774744898081 3.675626821815968 54.78152924776077 333.1502046659589 4264.055850371718 104.3130406811833 6884.813330955803 0 0.4078558012843132 18.64561478793621 2182.089856676757 98.43040290474892 3424.35334058851 24.94367142021656 2491.330873280764 1590.289914697409 105.5239383652806 3.449268579483032 1.242053672671318 22.1936371549964 0 0 0 0 0 0 0 0 0 0 0 0 0 0 0 51.36378049850464 0 0 0 0 0 1.493902444839478 1.681777834892273 1.780897080898285 0.1020811498165131 0.283818393945694 10.98279675841331 0.8495839834213257 0 0 0 0 0 0 2.75771102309227 7.897844769060612 0.6445413529872894 0.5577713847160339 0.2809572517871857 0 0 0.2519773840904236 0.2479327470064163
1.916509680449963 1793.218396864831 0.3620345443487167 10.65391413867474 0 4.069040596485138 102.1753707677126 28.70640193670988 2120.647880397737 4.800743579864502 9.20718827098608 104.7611869871616 33.93676025420427 22.71496281772852 84.15717040002346 718.2699907049537 2.825304612517357 7.285920396447182 3.970163829624653 0.5147380232810974 58.24252370744944 651.9471371099353 53.01122956722975 3820.481516622007 455.9652637168765 54.89088487625122 3495.429343692958 206.8892930150032 12.62132193148136 10.67997202277184 1.349008567631245 0.8850137889385223 12.4736837297678 25.7797651514411 10.3636000752449 513.9409893751144 34.29801477491856 65.78062113374472 66.13828728348017 69.60030110180378 0.3164094835519791 8.960514642298222 3.392834678292274 0 19.3076485991478 0.1778693944215775 10.80727554112673 0 0 0 0.7859396040439606 22.80359071493149 1.501721024513245 0 0.224464625120163 0 0 0 193.6491439044476 0.8252652287483215 0 3.632731445133686 0 3.998483896255493 18.91790807247162 15.72989003360271 15.4434652030468 13.62886327505112 10.24627955257893 263.6457318663597 6.33229723572731 0 0 0 0 0 4.681549072265625 0 22.20837241411209 16.92239373922348 12.82278000563383 6.11744400113821 2.530608415603638 0 0 0
135.9496800974011 63.37774714827538 12345.28199759871 3.876643761992455 0.795622393488884 4.505984306335449 230.5490851178765 117.6120340153575 5.070358864963055 4.379539467394352 18.55931933224201 0.1300792843103409 22.0863225273788 247.5162291228771 0 2051.204437099397 1955.971209410578 20.38051437586546 133.0922788381577 0.6466755121946335 11604.97469892353 53.01122956722975 8000.807820804417 941.4560194462538 23.24922600388527 961.6469335108995 8371.059929452837 2118.358267903328 235.2042006030679 3864.049943313003 0 2.052756540477276 18.16514749825001 1900.145258687437 113.6534191519022 5635.300930045545 962.6106238588691 3483.10522288084 2560.61326841265 152.1154377311468 6.553082264959812 4.407463304698467 22.44615004956722 0 1.497061908245087 6.549703359603882 0.1169776692986488 0 0 0 0 0.2821397483348846 1.128393173217773 0 0 0 0.1320000141859055 0 48.97863510251045 6.490039959549904 0 3.025290697813034 0 1.802289962768555 9.191481620073318 6.892432734370232 4.033684492111206 0.5193700194358826 3.165256761014462 440.5131269842386 0.1336037814617157 0 0 0 0 0 1.313807375729084 10.89922109246254 58.82908625155687 44.81729895621538 17.50965664535761 10.4359562844038 0 0 1.271566987037659 0.1845734268426895
40.82049381732941 570.6128067076206 49.53978982567787 1634.167141482234 4.085262432694435 150.3079800829291 1706.83176650852 669.9348193928599 3434.107057251036 1133.29870788008 9.911073535680771 475.5399082005024 17.16720309108496 414.0104316920042 9.685961589217186 2126.166879028082 4.164282895624638 2.593858927488327 0.9371791407465935 1206.328015737236 592.5774744898081 3820.481516622007 941.4560194462538 8275.087844878435 96.48640352487564 16.04784223809838 1280.482079975307 4819.207191705704 635.3951221182942 314.9092897996306 0.7444498464465141 7.432457987219095 351.6504738926888 387.4157463908195 363.6328697279096 4047.318406403065 73.06474792957306 819.8036417514086 739.7564806640148 534.0221381038427 9.394936442375183 6.717946454882622 84.47904222458601 4.212206304073334 7.224437326192856 0.6915552616119385 95.46895774453878 0 9.526969224214554 28.91525307297707 78.07315372675657 197.3300305902958 64.99509608745575 1.127070620656013 0.2338979542255402 0.0991528183221817 17.14464873075485 2.287109136581421 461.21448969841 1.278302639722824 0 1.497691571712494 45.88824218511581 10.22892063856125 56.12723099440336 8.689031049609184 332.4315419346094 0 5.406630128622055 218.2267858535051 257.1953240782022 14.43545964360237 0 0 0 0.5127747058868408 16.01353646069765 2.533523455262184 65.34619680792093 13.21321792900562 47.53290589153767 14.05055344849825 12.90871292352676 3.242364823818207 1.17552387714386 1.28909695148468
0 2106.003932014108 1.142752885818481 1.09952837228775 8.016951307654381 3.355931110680103 9.966182224452496 15.38742452859879 90.00537735968828 2.930125765502453 539.4121999517083 6.215635620057583 3739.26971822232 2.370265975594521 1.892305791378021 116.5999246314168 5.43727358430624 3.319372206926346 1.064987704157829 0.7700837180018425 3.675626821815968 455.9652637168765 23.24922600388527 96.48640352487564 417.2076391428709 415.5391111150384 3732.796947233379 22.27488672733307 2.265001930296421 3.319952726364136 47.885278172791 4.270199060440063 0.7774975970387459 133.1329163014889 1.079992949962616 186.5087363794446 118.5828715711832 777.7923016548157 165.1569477692246 14.73530001193285 21.50058414041996 555.6509088128805 4.235263288021088 0 9.75769679248333 0 0.4295968264341354 0.09310875087976456 0 0.09094873815774918 0.4278548881411552 0 0.07574097812175751 174.7171198353171 0.09090474992990494 838.092401586473 0 0 0.7201939225196838 0 3.363312885165215 0.180296003818512 0 0 0.4518897384405136 0 0 133.9896312654018 94.8675801679492 551.851849399507 0 0.07857155054807663 0 56.7105669900775 0.08187349885702133 0 47.05277036875486 0 26.03774707764387 70.96160455048084 40.03079967945814 13.27337972074747 0 9.146711349487305 364.8235180079937 7.450227349996567
7.081761345267296 283.102427251637 2726.113090455532 0.9354719743132591 18.43153803050518 128.2424305379391 11.09978505223989 415.2594050392509 6.223262183368206 26.14000815153122 4645.409218549728 41.01941149309278 1818.233715876937 106.8459035083652 0.2559052333235741 47.42990484088659 3485.303252644837 5609.146101847291 1689.43060503155 7.978965118527412 54.78152924776077 54.89088487625122 961.6469335108995 16.04784223809838 415.5391111150384 15812.05963323265 8722.378309108317 28.4875561222434 30.21014562249184 66.49031600356102 684.1936861202121 183.9482595473528 1.027956552803516 1633.675416603684 14.88155478984118 812.0301187559962 908.3884235695004 2630.607284598053 940.8971651867032 26.06268694996834 3.49574089795351 57.19646575301886 2.979950167238712 0 18.94254259765148 0.1394557803869247 0 0 0 0 0 1.848247870802879 0 58.44404768198729 0.3393453508615494 321.17422349751 0.134749561548233 0 0 0.1884400844573975 24.05781694501638 15.07241427898407 0 0 2.248878061771393 0 1.189134746789932 379.6355528309941 357.5763356760144 1487.27555411309 2.612120032310486 0.2974838092923164 0 94.98879856616259 0.2343876138329506 0 9.627842910587788 2.476058512926102 85.29828209429979 214.5440605208278 110.4472985714674 14.61387367546558 1.110784649848938 0 4.321825504302979 0.4035533368587494
12.70630241185427 3138.588751904666 1913.624335847795 11.54125192016363 8.982706941664219 114.088849067688 155.2289829701185 602.9334822446108 151.6687378063798 38.65040066838264 954.2830389142036 56.73704686015844 2359.464243322611 198.7995515577495 4.699585780501366 5937.709414377809 6269.006885845214 2035.481044508517 1361.036262430251 10.75764847546816 333.1502046659589 3495.429343692958 8371.059929452837 1280.482079975307 3732.796947233379 8722.378309108317 12633.40662787855 1282.93848265335 59.81804315000772 124.0054997205734 518.3027406334877 242.8834450095892 9.36934532225132 4031.251946888864 213.0750901252031 10206.41457104683 5871.970203734934 10922.55004361272 5584.61579246819 272.0056861191988 10.41133308410645 95.97074101865292 38.48956995457411 0 212.0223227739334 53.78250709921122 1.585737250745296 0 0.3376004993915558 0.4501457959413528 0.9118757918477058 8.902474969625473 0.2229598760604858 99.39976566284895 0.06927993148565292 720.4967291727662 1.780441477894783 0 149.559000171721 109.2336342409253 45.5834444463253 233.1387904435396 0 1.116923451423645 58.44939158111811 41.13136176764965 11.49634873867035 1113.400824151933 1352.070410534739 8691.591427527368 4.327341884374619 1.352114856243134 0.4326215982437134 212.5918942689896 0.420222133398056 0 61.07383681833744 42.39789134263992 680.7821114957333 977.8865847960114 765.6022940054536 130.6665563955903 0.445462703704834 0.1702063679695129 26.81234739720821 6.15531899034977
151.661866158247 96.78671830892563 154.176298648119 3093.637964449823 4.620826900005341 330.4166321381927 11775.2704347223 1040.379963554442 539.5805970877409 6233.47176091373 9.432947732508183 166.4882206991315 10.40597803890705 676.2958880588412 3.782154977321625 823.4190004467964 127.6838715672493 2.037658631801605 2.2391656935215 2446.442136026919 4264.055850371718 206.8892930150032 2118.358267903328 4819.207191705704 22.27488672733307 28.4875561222434 1282.93848265335 15456.37438523769 458.2266613841057 7671.269821994007 0.2406743839383125 8.49830025434494 214.2949694618583 704.1700604483485 93.51175399124622 2610.505894012749 54.4575078561902 1014.03646029532 731.9527898058295 297.9399145245552 9.86972589045763 4.921011470258236 47.1318017616868 0 0.4040047526359558 0 49.56644830107689 0 2.543561220169067 7.607242345809937 26.44098910689354 83.13042423129082 38.59795388579369 0 0 0 4.425105318427086 0 149.248783737421 0 0 0.3312342762947083 28.19348043203354 2.259402334690094 28.78869943320751 6.438139319419861 168.7482494711876 0 0.2698508948087692 136.0848015993834 134.3319737315178 6.365334063768387 0 0 0 2.684618413448334 5.141485080122948 2.781364753842354 37.64085419476032 13.58974452316761 19.03823639452457 5.759861171245575 9.801495492458344 0.9736584424972534 0 0
1094.818754062057 10.02194734662771 33.92587246000767 51.27834971994162 61.62502834200859 175.1619781926274 958.4892768785357 1671.901036389172 113.1467436179519 338.2696126699448 45.7131407931447 166.5335831940174 19.28504178673029 6134.211340874434 5.134876906871796 6.965515680611134 240.8994496427476 9.919014185667038 14.16122528910637 150.9919396340847 104.3130406811833 12.62132193148136 235.2042006030679 635.3951221182942 2.265001930296421 30.21014562249184 59.81804315000772 458.2266613841057 11975.06731203943 7354.036810569465 0.2056876868009567 1076.700761593878 1665.638459995389 1748.895631283522 2.908328264951706 75.86905547231436 3.9745152592659 871.3922950252891 115.6063033416867 36.11519355326891 83.54437457025051 0.1247578561306 1.994009733200073 0 2.95520544052124 0 2.397012710571289 0 0.8271876573562622 4.533016204833984 5.833697885274887 16.38863927125931 7.839916110038757 0 0.8853285908699036 0 1.965129017829895 0 36.87138950824738 0 0 0.1094078198075294 0.6571343541145325 0 9.771801009774208 2.793447703123093 91.11413908749819 0 0.2311526089906693 15.65979897230864 108.4786485284567 2.074628084897995 0 0 0.6831173300743103 0 14.26739675551653 0 47.33899781852961 0.725889578461647 9.122932851314545 6.758719563484192 0 1.024824261665344 0 0
1946.23859167099 10.50038730353117 377.4067955240607 1.072808250784874 3.068825341761112 22.90203157067299 3264.799102254212 683.4214223772287 15.07785338163376 5.348216757178307 16.83660952746868 1.109825156629086 9.889636717736721 1808.742028899491 0.8412226289510727 19.62844092398882 1829.574119456112 8.038879811763763 47.01273546367884 0.9478783160448074 6884.813330955803 10.67997202277184 3864.049943313003 314.9092897996306 3.319952726364136 66.49031600356102 124.0054997205734 7671.269821994007 7354.036810569465 12165.2797771506 0.2164110839366913 8.294389322400093 1275.997516043484 2587.363768331707 37.79304178804159 502.5446767061949 12.13286449760199 2000.863371536136 698.831812530756 96.52578287571669 6.448240078985691 3.370163895189762 12.43078980594873 0 0 0 0.670587420463562 0 0 0 0.4580139517784119 0 0 0.08798258751630783 0 0 0 0 13.54605475068092 0 0 0.09622400999069214 1.372159242630005 0 0.1529176235198975 0.7035362124443054 3.831152468919754 0 0.1306709498167038 31.25827134400606 2.572231292724609 0 0 0 0 0 0 1.012149274349213 8.784693337976933 5.488946184515953 2.716869786381721 1.996265217661858 0 0 0 0
0 5.291252888739109 0.1260451078414917 0 0.839485764503479 4.472179055213928 0.0839524120092392 10.94747570157051 0 0.9526046738028526 128.2842502444983 1.465838015079498 144.5760145187378 1.579025574028492 0 0.2915687263011932 1.089703477919102 55.01487999409437 2.64905671030283 0 0 1.349008567631245 0 0.7444498464465141 47.885278172791 684.1936861202121 518.3027406334877 0.2406743839383125 0.2056876868009567 0.2164110839366913 1.325941324234009 4.389803022146225 0 28.20771988481283 0.4828247576951981 25.03371900320053 62.09358569979668 82.80599706619978 37.6418077647686 0.3614269644021988 0 3.989330820739269 0.2756594642996788 0 1.011829644441605 0 0.08781537413597107 0 0.1096662878990173 0.1480543911457062 0.1865579411387444 0 0.08943004161119461 24.69175519049168 0 61.60361003130674 0.1703924611210823 0 0 0.1063941121101379 5.365971893072128 0.1584594249725342 0 0 0 0 0 25.14364793151617 21.67486246675253 88.17659696191549 0 1.224404871463776 0 25.63910511881113 0.1747385561466217 0 3.744022808969021 0 2.755440160632133 23.32005218416452 16.17337420582771 1.916011437773705 0 0 1.021297186613083 0
5.446867078542709 1.176718294620514 1.195867389440536 1.223447442054749 547.2325839549303 274.3884350657463 4.336754813790321 504.4459460005164 2.205535508692265 49.2659727036953 429.2236090227962 79.42708332836628 79.4381730183959 227.5940219163895 116.3126383125782 0.2626692876219749 25.88849618285894 83.64162012934685 63.80421049147844 19.11738166213036 0.4078558012843132 0.8850137889385223 2.052756540477276 7.432457987219095 4.270199060440063 183.9482595473528 242.8834450095892 8.49830025434494 1076.700761593878 8.294389322400093 4.389803022146225 0.07782649993896484 0.5707931518554688 3432.538074247539 0.8943656980991364 192.1738250032067 18.69940146058798 376.6662985160947 56.07432921230793 234.5923893675208 568.2775463685393 6.002023428678513 1.440280586481094 0 0.3228926956653595 0 0.09237893670797348 0 0 0 0 0 0 0.1387431472539902 0 1.458099395036697 0 0 0 0.1236496046185493 0 0.1293704062700272 0 0 0 0 2.889232352375984 0.3012786656618118 2.645573891699314 8.70218913257122 0 0 0 0 0 0 0.0893942266702652 0 1.076864160597324 2.568758249282837 1.220391869544983 0 0 0 0 0
