292.6868652030826 0 20.53576601296663 1.255593374371529 0.7649543657898903 26.33267936110497 1008.430164732039 1263.841902077198 1.913983948528767 3.94268910586834 1.994669426232576 0.314354695379734 1.804652832448483 4479.526929542422 0 0.2953110933303833 28.51170570403337 0.6422180458903313 2.801990747451782 0.111439622938633 82.2059468999505 0.0762048065662384 181.6466598436236 25.10329775512218 0 5.484183788299561 9.719155348837376 133.7270689234138 1143.531655602157 1680.915677338839 0.3190499767661095 4.384199224412441 39.72174468636513 84.71338988095522 2.345288798213005 33.2158387824893 0.5890139415860176 101.2772147133946 19.98886976391077 2.670411199331284 7.092039301991463 0 0.3503460735082626 0 0 0 0.1370890736579895 0 0 0 0.6899099349975586 0 0 0 0 0 0 0 0 0 0 0 0 0 0 0 2.349539250135422 0 0 0.4343560039997101 0.2964924424886703 0 0 0 0 0 0.1392974704504013 0 0.1181062385439873 0 0 0 0 0 0 0
0 117.7023147195578 2.049898341298103 5.350037932395935 1.003685720264912 4.957639440894127 0.1808288097381592 6.729066170752048 1271.633028537035 0.7999194487929344 32.00664326548576 3.521057851612568 333.0484185740352 0.9247510954737663 246.8918969854712 26.04565977305174 28.24585827440023 33.11633127182722 48.94268543273211 0.4908740371465683 2.404636293649673 1456.252281263471 8.515822499990463 179.577195443213 1444.974380560219 269.5427704975009 6108.024526499212 11.86899401247501 0.5138856321573257 0.2086386531591415 30.06936794519424 2.212271317839622 0 26.35927176475525 2.056620582938194 99.10902555286884 212.6168935447931 122.7648941650987 38.03372251987457 13.89938957989216 0.5357207953929901 452.0993821099401 0.4560334086418152 0 44.57550254464149 3.722147926688194 3.03508386015892 0 0.2002661526203156 0.6123990193009377 0.6037217453122139 94.4378319978714 1.592279501259327 3.181138247251511 1.552784383296967 21.54907580465078 1.149045273661613 0 19.79961621761322 23.49640040099621 3.053454346954823 71.77697502821684 0.4783678650856018 0 293.0457951128483 0 89.48619571328163 167.8700399696827 255.3651843294501 2113.450509339571 3.181600533425808 0.1284891813993454 0.42698585242033 2.624459870159626 0.2751425206661224 0 10.53569626808167 0.882279098033905 53.36045423895121 109.360320314765 82.05813191086054 46.25097309798002 0.279672235250473 0 4.643429353833199 0.3001879453659058
20.53576601296663 2.049898341298103 3683.375861935318 0 0.5747744366526604 12.66577132791281 107.7772984877229 110.9461805224419 0.6243999823927879 2.181262172758579 16.75544609874487 0.9500935077667236 4.778528809547424 129.858347453177 0 3.73902639746666 3412.192115291953 77.11320248246193 146.0019391253591 0.07522250711917877 200.2347857430577 0.3595628961920738 14110.29925942421 19.69506172835827 0 5138.880133666098 3377.00257319957 160.9966992288828 43.84259982407093 187.5676528066397 0.07446004450321198 3.131715402007103 3.451929405331612 456.8657663762569 9.085068576037884 245.6224715486169 164.5117044150829 941.8851606175303 250.7024450600147 3.79108339548111 0.9537265971302986 0.2148772925138474 3.229661405086517 0 1.700067281723022 1.606253892183304 0 0 0 0.1318947821855545 0 0 0.3732083141803741 0 0.5147586464881897 0 0 0 0.5929791331291199 5.746129214763641 0 3.922354474663734 0 1.406071782112122 1.297947525978088 0 2.036225393414497 0 11.16308074444532 193.9195382148027 0.1141452267765999 0 0 0 0 0 0.3090158104896545 1.392791748046875 5.048020675778389 15.06505846977234 8.973405785858631 2.937583670020103 0.1638794094324112 0 0 0
1.255593374371529 5.350037932395935 0 1699.864874348044 3.131169684231281 42.34010852873325 47.14284315705299 113.4612839668989 788.9334622174501 2352.476722799242 0.4580111876130104 1574.340625971556 2.55675034224987 47.35321638733149 125.7232385128736 31.84380199015141 0.1036045923829079 0 0.3655534833669662 4007.327378556132 2.977551162242889 6.868830963969231 3.858360007405281 1607.52461258322 0 1.577450901269913 26.8412254601717 1763.77874751389 51.54228960722685 3.009525798261166 0.2030515447258949 2.331115633249283 1.912237241864204 32.65942248702049 49.57905008643866 187.7544583082199 4.262212760746479 84.05149314552546 31.73431690782309 144.0813345238566 25.61535630375147 0 2.990774780511856 0.1587197184562683 0 0 48.8188933134079 0 2.865615844726562 9.808446764945984 22.85909786075354 4.568714052438736 61.47453001141548 0.3868332505226135 14.48679803311825 0.1493394076824188 6.198824048042297 0 5.364400953054428 0 0 0.08834710717201233 19.51120543479919 0.2259711921215057 5.328152656555176 1.415291786193848 169.7154724299908 0 0.1778686419129372 5.0545384734869 69.73755025863647 3.192073792219162 0 0 1.170147106051445 0.5443846359848976 6.011476069688797 2.072302997112274 11.24326584488153 0.7202333211898804 15.80916988104582 7.220493197441101 4.756720706820488 0.4460853040218353 0 0.3257118761539459
0.7649543657898903 1.003685720264912 0.5747744366526604 3.131169684231281 294.2013495117426 572.2455623298883 15.90232487022877 76.03789951652288 9.715264782309532 75.38931214436889 262.4543305039406 57.22175550460815 69.27947179228067 6.727065443992615 1633.240985453129 0.09533125162124634 7.007215522229671 35.66945987939835 40.98433122038841 9.548444494605064 0.880124144256115 0.4836509749293327 2.781852468848228 11.20669119805098 2.719372697174549 187.5983348041773 82.6720237955451 31.50094433128834 102.5650039687753 3.196862064301968 11.4982847571373 30.21175447106361 0.1223068907856941 816.434450045228 0.8628961369395256 400.1884555518627 28.9083045348525 589.616026610136 57.95823097229004 2999.572033688426 171.4630503579974 4.229289576411247 2.215729758143425 0 0 0 0 0 0 0 0 0 0 0.09657326340675354 0 0.4308025315403938 0 0 0.8335900902748108 0 0.1156082898378372 0.2617217302322388 0 0 0 0 2.310660868883133 0.3318190202116966 1.483639679849148 3.439714506268501 0.7846852540969849 0 0 0.5357613861560822 0 0 0.09546923637390137 0 2.359577625989914 0.8736244440078735 0.3057879582047462 0 0 0 0 0
26.33267936110497 4.957639440894127 12.66577132791281 42.34010852873325 572.2455623298883 4447.400218710303 317.0923603735864 7436.731672737747 34.83784585446119 7221.310371082276 327.5480809919536 2532.543445263058 73.26739300787449 486.7242239378393 475.788446739316 1.171595029532909 30.12616490200162 78.36308109760284 136.8404431417584 103.8029535710812 14.22240892797709 0.8134244084358215 37.77493690699339 88.1552407592535 4.519665762782097 445.3085261099041 262.6569512635469 465.8497958444059 195.4148843325675 23.64683812484145 21.39605080336332 186.2182200625539 1.105054877698421 677.2987637594342 92.49045404046774 522.966106005013 57.42693464457989 723.4352162443101 28.99321463704109 1567.670914851129 49.75978882983327 5.601633302867413 1.721226066350937 0.1237708181142807 1.541839577257633 0 1.394595764577389 0 0.2891932129859924 0.3291696161031723 3.502615138888359 0.791958749294281 1.589650124311447 0.171033151447773 1.713592372834682 0.5437423959374428 0.74882473051548 0 1.016837581992149 0.2755020558834076 0 0.715273030102253 8.61091473698616 0.09395090490579605 0.9751617684960365 0.4759745299816132 69.05890786647797 0.7241153791546822 5.931521408259869 23.53307951241732 23.90684997290373 2.863535270094872 0 0.5106588751077652 0 0.1753311902284622 1.53637982904911 0.6030224412679672 11.54843754321337 1.843276858329773 9.24523714184761 2.056751936674118 0 1.10249736905098 0.1758151352405548 0
1008.430164732039 0.1808288097381592 107.7772984877229 47.14284315705299 15.90232487022877 317.0923603735864 3535.895350426435 2848.527123551816 87.39961864054203 2526.191846363246 11.91623751446605 7.111122407019138 9.286430388689041 5007.703754350543 7.546827785670757 34.04705705493689 25.62270072847605 3.528769247233868 4.011261485517025 9.774190679192543 340.8461126610637 3.691016145050526 571.7778783068061 1575.465671557933 0.1723466217517853 25.09736306592822 160.3771476782858 11816.23822822422 898.6111497357488 4822.642666094005 0.9088880643248558 21.66407985240221 34.83819194883108 289.8605603426695 58.25014002621174 775.2640485987067 18.51715872436762 658.6608442626894 236.3247481957078 62.9699901714921 98.26638003438711 2.28386190533638 17.52194591611624 0.2262137234210968 0 0 2.633589804172516 0 0 6.054822117090225 5.35254243016243 4.523232623934746 7.591356977820396 0 0 0.9064740091562271 5.899922996759415 0 17.04383778572083 0 0 0 4.7327591329813 1.060019850730896 4.045190550386906 0.9787086844444275 134.2719111591578 0 0.5405277758836746 14.55518811196089 16.85172775387764 3.221711903810501 0 0 0 0 2.701342947781086 2.426149874925613 23.97340872883797 0.7644151300191879 6.644967302680016 7.400115065276623 1.793168976902962 0.3490780889987946 0 0.6608285903930664
1263.841902077198 6.729066170752048 110.9461805224419 113.4612839668989 76.03789951652288 7436.731672737747 2848.527123551816 10528.03901695088 90.25745176523924 2789.302505258471 272.744778431952 943.9558173529804 55.01703022792935 6464.123827304691 108.1636695638299 8.356929406523705 126.58423974365 86.16092088073492 189.7394719310105 121.366787776351 256.4378943070769 6.263805724680424 575.6364356577396 582.9914090074599 3.825283110141754 504.6526517905295 418.1501545682549 1651.570609163493 1338.106842648238 573.3076472729445 18.4041398987174 355.4852902665734 10.70149560272694 1406.025538798422 48.09010951966047 361.1601915508509 54.53221648186445 1442.796348471195 98.43479006737471 631.9982845969498 39.44597149640322 5.64319109916687 3.518376663327217 0.1107619479298592 1.118738539516926 0 3.811930276453495 0 1.530552491545677 3.951137945055962 4.8772342056036 6.394124791026115 4.078306041657925 0.4486540704965591 1.399948455393314 0.9951855763792992 1.832421332597733 0 4.640297174453735 0.3205703645944595 0.5127854943275452 1.742542125284672 2.268698483705521 0 7.600133180618286 1.183959692716599 220.8679266273975 1.079246237874031 11.44511411339045 31.80160382390022 31.91451393067837 4.289853863418102 0 0.5305133312940598 0 0.8900383040308952 3.245563134551048 2.545341223478317 17.26978140324354 5.690972350537777 12.30921698361635 4.759598068892956 0.3302206993103027 0.6873741149902344 0 0
1.913983948528767 1271.633028537035 0.6243999823927879 788.9334622174501 9.715264782309532 34.83784585446119 87.39961864054203 90.25745176523924 1376.36468218267 343.820442840457 3.529464051127434 241.0831966772676 14.87204063683748 39.84463731944561 387.35452952981 116.7400807663798 5.199924789369106 9.881460830569267 11.00606875866652 408.6915296465158 2.523989148437977 2142.577702261508 3.699309602379799 5371.737719386816 86.56267687678337 91.06624195724726 2079.791073821485 1248.257958762348 42.86358735710382 5.943349160254002 4.131114766001701 1.594879314303398 5.385560758411884 23.8841866850853 21.72764880210161 292.9933072626591 34.09360900521278 81.25627273321152 49.25803143531084 534.9072591885924 12.45052717626095 11.02281991392374 3.676743119955063 0.4969815090298653 7.125315129756927 0.8266144394874573 24.14742201566696 0 2.571755468845367 6.009208470582962 9.927646584808826 116.3844749629498 24.18153677880764 0.5771906152367592 3.26263402402401 0.1318234354257584 3.172626473009586 0 380.7173892855644 0.7717816680669785 0.0975642129778862 1.147038988769054 34.9859162569046 13.13572606444359 106.6877888962626 0.8628084063529968 673.9598813354969 1.518597528338432 5.198535621166229 59.89869316667318 80.70142581313848 4.796527668833733 0 0.2045211717486382 0.2036513686180115 1.241278454661369 6.41157129406929 1.767708867788315 44.09870190918446 3.119289115071297 17.50820042192936 7.189555875957012 9.090532049536705 0.5917614698410034 0.6382333636283875 2.1015445291996
3.94268910586834 0.7999194487929344 2.181262172758579 2352.476722799242 75.38931214436889 7221.310371082276 2526.191846363246 2789.302505258471 343.820442840457 15095.00229260325 62.47089009732008 3040.816394485533 42.12280302867293 727.5183493159711 77.25299444049597 8.926334112882614 2.339110661298037 9.366744212806225 7.739642187952995 2705.66255030036 3.274021819233894 0.7114028483629227 5.586715504527092 942.0752804577351 1.317449770867825 101.144037373364 76.59137844666839 7682.396083518863 861.2665252313018 8.222232587635517 6.026548229157925 113.5300353094935 5.640242375433445 561.9429134763777 69.09587457031012 1248.87954992801 22.87678765505552 1710.164109691978 345.8279661238194 231.2990203127265 271.2712342068553 4.047764673829079 38.79223067313433 1.010516956448555 0.144686833024025 0.1062099039554596 35.19881942868233 0 5.19140562415123 14.58874749392271 40.36865271627903 9.359356075525284 27.62873396277428 1.565843887627125 19.93324694037437 0 13.89397350698709 0 1.294600769877434 0 0 0.2485796213150024 28.44510640203953 0 25.41389745473862 0.9936116933822632 555.1457558125257 0.182077668607235 1.474915601313114 6.718419246375561 131.5768293812871 15.40196926891804 1.078783318400383 0.2996459528803825 0.2587276250123978 0.6319115087389946 15.13274296373129 7.540251761674881 64.33685576915741 1.96406988799572 32.69823367893696 14.02726778388023 7.329354852437973 2.36552819609642 0 0.1654531955718994
1.994669426232576 32.00664326548576 16.75544609874487 0.4580111876130104 262.4543305039406 327.5480809919536 11.91623751446605 272.744778431952 3.529464051127434 62.47089009732008 8365.727314986289 81.33127694576979 3132.003285177052 28.95092374458909 2.538032829761505 0.8763818442821503 499.4225525520742 2600.787301033735 834.5257190726697 5.527256485074759 34.81504411250353 5.955446347594261 32.33907912671566 4.16669825091958 304.6698573902249 3884.596917144954 878.6247016415 17.92408825829625 26.34094303101301 18.10639173164964 216.141304589808 162.7994315549731 2.871114008128643 3819.011772826314 7.383094534277916 452.698932044208 1799.984474867582 2200.854283548892 493.7847370132804 23.41758091002703 56.43433881551027 579.1437695473433 13.35181464999914 0 1.490134581923485 0 0 0 0.3132245242595673 0 1.121431395411491 0.1299756765365601 0 86.78777351230383 0.0791451707482338 571.9636654034257 2.160888709127903 0 1.105741500854492 0.09647424519062042 11.34840206801891 2.478253826498985 0.1520721018314362 0 0.7625659704208374 0 2.305498749017715 20.91103507578373 201.9567059800029 242.0076555758715 0 0.8803305998444557 0 106.0081813707948 1.521246321499348 0 1.462706714868546 2.729588538408279 9.442968867719173 69.47647004574537 16.50344440340996 8.295867383480072 0.7639416456222534 0 18.52087412774563 0
0.314354695379734 3.521057851612568 0.9500935077667236 1574.340625971556 57.22175550460815 2532.543445263058 7.111122407019138 943.9558173529804 241.0831966772676 3040.816394485533 81.33127694576979 9156.386002011597 39.811772685498 167.112728074193 182.8713001012802 1.059681281447411 2.083083905279636 11.10324775055051 13.10323129594326 4752.485188990831 0.8563051372766495 9.384258985519409 1.731854259967804 496.4640491753817 2.210840061306953 120.3074370585382 72.37031489610672 372.6393591463566 356.7087534591556 0.5322856083512306 7.79895182326436 92.22478295117617 0 381.4098901934922 333.4160879999399 165.3715364784002 15.06877774745226 1070.420937694609 100.6266609206796 911.0635443627834 120.0631924793124 1.169964395463467 6.510699942708015 0 0.1107785776257515 0 47.03667294979095 0.2368285953998566 3.371643245220184 0.08961102366447449 7.474462278187275 3.613780230283737 6.557205863296986 0.5560689494013786 172.5233505666256 0.5904751792550087 5.856819577515125 0 0.3713029026985168 0.09514147043228149 0.07516270875930786 0.2025648504495621 61.90316495299339 0 0.567182183265686 0 20.56932830810547 0.1794912368059158 1.16591364890337 2.299938187003136 1.231609314680099 3.337592117488384 0 0.7139489054679871 0.6251338645815849 0 1.872733995318413 0.207839235663414 1.647622585296631 0.9049745947122574 10.27117142081261 1.75211051851511 2.79317681491375 0.7680012434720993 0 0
1.804652832448483 333.0484185740352 4.778528809547424 2.55675034224987 69.27947179228067 73.26739300787449 9.286430388689041 55.01703022792935 14.87204063683748 42.12280302867293 3132.003285177052 39.811772685498 4130.933009140193 5.520666114985943 6.907426543533802 2.843501068651676 2.271069124341011 43.44641266018152 1.501808159053326 5.352335378527641 16.92845266312361 28.85223113745451 32.24471089243889 15.17480123788118 4253.345683611929 2257.511525593698 2945.215770088136 28.71080014109612 3.543652068823576 5.301118962466717 1329.969155184925 23.5702074021101 0.0812661200761795 550.1931374669075 22.60329992324114 2063.78960454464 5126.458331204951 3410.663750730455 739.137256719172 24.8582166954875 75.98467235267162 1097.651489362121 46.02490517497063 0.3378860279917717 4.757197245955467 0 0 0.6586548462510109 1.16020704805851 0 2.181263215839863 1.169433549046516 0.1782349497079849 917.6292122751474 0.240337148308754 3840.397186897695 4.764457009732723 0 0 0.4589182958006859 32.21456012129784 3.695069551467896 0 0 2.360851585865021 0.1159055829048157 2.881639145314693 128.6771806031466 504.2639000117779 523.2802962809801 0.267190258949995 2.00950762629509 0 573.987575545907 2.765623182058334 0 7.4111318141222 17.72601564228535 77.65653123706579 507.0086331516504 80.98650001734495 44.62686392664909 0 0.9481339752674103 404.3066095486283 6.838114738464355
4479.526929542422 0.9247510954737663 129.858347453177 47.35321638733149 6.727065443992615 486.7242239378393 5007.703754350543 6464.123827304691 39.84463731944561 727.5183493159711 28.95092374458909 167.112728074193 5.520666114985943 7463.209795244038 5.117889359593391 11.16892114281654 173.0486828424037 10.80744794756174 31.63834008574486 60.14530511945486 320.6009820662439 2.235353499650955 946.6654240973294 607.6697458773851 0.3775607720017433 65.79425071924925 119.9526838771999 1565.3536118716 6767.32342082262 2083.727520927787 2.341939978301525 133.4604029431939 24.26578715443611 1492.842170324177 13.87921966612339 179.2459719404578 11.75472060590982 1060.737866159528 104.1767060384154 25.81809850782156 13.77115168422461 0.3450755774974823 3.830781944096088 0.1714621037244797 0 0 4.624912679195404 0 0.7349522709846497 1.000675931572914 4.244165383279324 5.081583574414253 4.724512100219727 0 0.629024513065815 0.1560842841863632 0.5500424653291702 0 6.242232531309128 0.09763642400503159 0 0.1970588266849518 1.59721913933754 0 3.387299865484238 0.9799401685595512 94.29433336108923 0.110289491713047 1.782825812697411 7.676927484571934 17.93555457144976 1.976726479828358 0 0.07568754255771637 0 0.09581758081912994 3.25173107534647 0.1603311002254486 9.497783593833447 0.106170617043972 7.636930383741856 1.693083927035332 0 0 0 0
0 246.8918969854712 0 125.7232385128736 1633.240985453129 475.788446739316 7.546827785670757 108.1636695638299 387.35452952981 77.25299444049597 2.538032829761505 182.8713001012802 6.907426543533802 5.117889359593391 991.5542850643396 3.338134817779064 0.7132199704647064 1.689296506345272 2.23936402797699 49.92389331758022 3.93053325265646 188.5144498199224 1.398154973983765 390.2606547474861 9.727957256138325 21.55906377732754 355.7216496020555 296.9299027845263 3.882694616913795 2.404338821768761 0.9888922348618507 5.860969923436642 0.1429387032985687 38.78019735962152 3.257144100964069 12.82514949887991 4.899174176156521 21.00402693450451 17.33585749566555 2384.146520107985 99.94728556275368 1.36537778377533 1.345867820084095 0 1.196237683296204 0.1670020222663879 22.0696984231472 0 0.1755306124687195 4.900469601154327 4.049276381731033 8.17928409576416 18.40055119991302 0.7582719326019287 3.973697662353516 0.09970786422491074 2.536374688148499 0 9.380585581064224 0 0 0 27.08893811702728 0.493994802236557 33.19363656640053 0 70.49992305040359 1.254444599151611 1.292973175644875 12.68240574002266 20.73110122978687 0.5009307563304901 0 0 0 0 0.7060650140047073 0 1.282131262123585 0 1.1483269110322 0.3600829839706421 0 0 0 0
0.2953110933303833 26.04565977305174 3.73902639746666 31.84380199015141 0.09533125162124634 1.171595029532909 34.04705705493689 8.356929406523705 116.7400807663798 8.926334112882614 0.8763818442821503 1.059681281447411 2.843501068651676 11.16892114281654 3.338134817779064 2488.394898086786 6.16202138364315 0.2511842176318169 1.133301094174385 12.97002674639225 2053.828242734075 1421.49379465729 2129.327135838568 3951.784158483148 2.996258638799191 7.905120633542538 4423.816639430821 1223.616224579513 5.883314900100231 37.32324094325304 0 0.1105755195021629 1.165218666195869 53.34483110159636 140.6486229225993 3489.954053856432 1984.242708712816 430.4271476566792 697.1231271550059 15.24677792191505 2.591778427362442 0.9823669791221619 29.78711944818497 0 1.682295799255371 2.725726574659348 0.2478117793798447 0 0.1562297493219376 0 0.2417463958263397 53.69485107064247 1.85535541176796 0 0.8711572289466858 0 1.21393883228302 0 1642.179973959923 1.613720327615738 0 0.5676355957984924 0.5008974075317383 0 251.9294289946556 33.87214180827141 56.29469259083271 0 2.848245516419411 734.4869138747454 6.647407449781895 0.5268897339701653 0 0 0 0 1.079464927315712 6.307890199124813 100.5356123000383 45.11666883528233 13.58006449788809 56.2680901736021 2.732306361198425 1.590647280216217 0 0
28.51170570403337 28.24585827440023 3412.192115291953 0.1036045923829079 7.007215522229671 30.12616490200162 25.62270072847605 126.58423974365 5.199924789369106 2.339110661298037 499.4225525520742 2.083083905279636 2.271069124341011 173.0486828424037 0.7132199704647064 6.16202138364315 662.4342644847929 646.3390012234449 1109.090031001717 0.4661277532577515 664.2686388492584 5.453746825456619 4464.017166875303 11.77500031143427 2.396874912083149 2940.661637760699 7408.864319592714 81.29345174506307 246.2736612297595 568.8887218534946 0.6412674747407436 12.92199203372002 16.78057239204645 1148.012326285243 10.61906065046787 338.2167418971658 114.961688414216 931.2432169020176 412.2955299913883 4.002273052930832 3.681373871862888 0.08953585475683212 2.630003616213799 0 5.840007454156876 1.290383949875832 0 0 0 0 0.0870790034532547 1.111443638801575 0 1.005619406700134 0 0.4982870221138 0 0 0 8.266842223703861 0.4370715916156769 34.20790345221758 0 0.08724775165319443 0.6196999400854111 0.1652415692806244 0.5159424990415573 6.271999754011631 100.2625465989113 334.4305145144463 0 0.1029488891363144 0 0.176151841878891 0 0 3.98908968269825 3.672683589160442 29.7640972211957 51.51549507677555 38.59375301003456 20.68355029821396 0 0 0.4652776569128036 0
0.6422180458903313 33.11633127182722 77.11320248246193 0 35.66945987939835 78.36308109760284 3.528769247233868 86.16092088073492 9.881460830569267 9.366744212806225 2600.787301033735 11.10324775055051 43.44641266018152 10.80744794756174 1.689296506345272 0.2511842176318169 646.3390012234449 227.9087867289782 942.7123691961169 0.7581358924508095 10.46542597562075 11.44992881268263 48.50507547706366 2.924093246459961 44.60449627786875 5782.31737986207 2045.483752921224 2.716051004827023 10.94334675371647 5.625413671135902 34.91654426604509 44.96741154789925 0.1860794052481651 1114.04927008599 1.401815183460712 60.04029811173677 14.17642937600613 429.734420068562 108.0289849936962 1.200760819017887 0.152147650718689 1.43155899643898 0.09068050980567932 0 4.630963183939457 0 0 0 0 0 0.2438224628567696 0 0 3.448861092329025 0 37.26564691215754 0.17418222874403 0 0 1.951931446790695 2.806159317493439 9.344829484820366 0 0 0.3097187280654907 0 1.029577061533928 33.91130790114403 215.539559289813 310.1752900853753 0 0 0 18.63664469122887 0 0 1.618311740458012 0 9.454092562198639 49.40889648348093 20.59992678463459 10.31682869046926 0 0 0.4086264073848724 0
2.801990747451782 48.94268543273211 146.0019391253591 0.3655534833669662 40.98433122038841 136.8404431417584 4.011261485517025 189.7394719310105 11.00606875866652 7.739642187952995 834.5257190726697 13.10323129594326 1.501808159053326 31.63834008574486 2.23936402797699 1.133301094174385 1109.090031001717 942.7123691961169 1145.959008712322 0.6750213652849197 44.14011390507221 12.29296908527613 307.6068162694573 4.259763285517693 11.37700908631086 1565.580121777952 1827.188922535628 10.78484670072794 41.13229147717357 38.16605022549629 1.308532781898975 86.53127889335155 2.022992260754108 1828.508291706443 1.005107708275318 95.52923338860273 23.72131232172251 655.3886825889349 118.2698931992054 2.280107215046883 0.3169024735689163 0.1562760919332504 1.362685225903988 0 7.635544069111347 0.2414112910628319 0 0 0 0 0.2665242776274681 0.1991941928863525 0 0.6051092818379402 0.2025677114725113 1.216270595788956 0.5511872842907906 0 0 2.442878931760788 1.030211716890335 21.15564297884703 0 0.08976325392723083 0.83359095454216 0.2159578800201416 0.7152022123336792 15.08715220540762 140.5198247805238 281.4578471109271 0 0 0.2210282683372498 0.940503366291523 0 0 4.215785264968872 0.6326359212398529 21.59799971431494 56.82413455098867 37.10477970540524 17.3251735419035 0 0 0 0.2666767537593842
0.111439622938633 0.4908740371465683 0.07522250711917877 4007.327378556132 9.548444494605064 103.8029535710812 9.774190679192543 121.366787776351 408.6915296465158 2705.66255030036 5.527256485074759 4752.485188990831 5.352335378527641 60.14530511945486 49.92389331758022 12.97002674639225 0.4661277532577515 0.7581358924508095 0.6750213652849197 832.7001225799322 0.6351690366864204 1.344894707202911 1.067578256130219 490.7553176954389 0 11.52523953840137 15.54482650756836 1921.248359136283 87.61584124714136 1.247322119772434 0.7141932547092438 14.43935035169125 0.3514319658279419 67.5466792434454 202.7990022078156 193.8588016852736 2.747332192957401 209.4388824179769 51.8849166855216 85.64685319364071 30.67321045696735 0 2.487204641103745 0 0 0 15.95971046388149 0 1.976647853851318 1.371042490005493 8.08033461868763 4.03908759355545 8.286366283893585 0 37.04080553352833 0.1076516136527061 3.312395051121712 0 2.115193262696266 0 0 0 6.587469637393951 0 1.839008986949921 0 72.87720562517643 0 0 2.171612948179245 34.82076576352119 3.486486926674843 0 0 0.2221695333719254 0 2.62394668161869 0.9179146140813828 10.77993454784155 0.1868886053562164 9.626290239393711 2.286120757460594 0.9917615801095963 1.037549391388893 0.1011186689138412 0
82.2059468999505 2.404636293649673 200.2347857430577 2.977551162242889 0.880124144256115 14.22240892797709 340.8461126610637 256.4378943070769 2.523989148437977 3.274021819233894 34.81504411250353 0.8563051372766495 16.92845266312361 320.6009820662439 3.93053325265646 2053.828242734075 664.2686388492584 10.46542597562075 44.14011390507221 0.6351690366864204 9745.033077694476 127.8175452575088 18114.58285181969 678.5938438698649 0.2032145038247108 15.04028856754303 1193.941373214126 3420.780034214258 271.790669284761 4962.497680917382 0.07189647108316422 1.900670379400253 35.76018188893795 2510.446847014129 320.5295697823167 3186.148835174739 107.2294228896499 3766.831192076206 1802.122961521149 28.95571256428957 12.8287647664547 2.027447275817394 45.77611472457647 0 0 0 0 0 0 0 0 3.128976404666901 0 0 0 0 0 0 9.021387755870819 0.7164614051580429 0 0.5639585554599762 0 0 0 1.651544004678726 4.792554572224617 0 0.2653413936495781 7.542446695268154 0.7223598808050156 0 0 0 0 0 0.4935872256755829 16.17853689938784 10.70628392696381 0.1039232611656189 0.7925643622875214 0.7267602831125259 0 0 0 0
0.0762048065662384 1456.252281263471 0.3595628961920738 6.868830963969231 0.4836509749293327 0.8134244084358215 3.691016145050526 6.263805724680424 2142.577702261508 0.7114028483629227 5.955446347594261 9.384258985519409 28.85223113745451 2.235353499650955 188.5144498199224 1421.49379465729 5.453746825456619 11.44992881268263 12.29296908527613 1.344894707202911 127.8175452575088 1236.542640015483 28.95235215872526 2994.864092558622 245.0933389812708 78.75449375808239 4266.85435564816 133.0292381122708 5.428368277847767 2.062853440642357 8.319859884679317 0.4130350947380066 1.200302563607693 9.706663250923157 5.220572531223297 171.7205541059375 47.33473136276007 49.19779620319605 22.52505420893431 16.9276405274868 1.64144304394722 35.20976939797401 0.4780608117580414 0 3.948550343513489 2.917249441146851 1.345802843570709 0 0 2.292489945888519 0.4384371414780617 56.48860450088978 2.538701981306076 0.1064999774098396 1.947053283452988 2.92341448366642 0.6128529161214828 0 423.4057131111622 0.6086523607373238 0 2.147770129144192 4.436876177787781 2.944756507873535 103.0538732558489 11.74430045485497 131.6550213620067 0.1308992505073547 7.517241150140762 351.2712170854211 6.540005832910538 2.14118529856205 0 0.4370159357786179 0 0.1461224108934402 0.3722262680530548 0.6766780018806458 26.3701147288084 17.46708784252405 11.50094237178564 9.87299894541502 1.391417518258095 0 0 0
181.6466598436236 8.515822499990463 14110.29925942421 3.858360007405281 2.781852468848228 37.77493690699339 571.7778783068061 575.6364356577396 3.699309602379799 5.586715504527092 32.33907912671566 1.731854259967804 32.24471089243889 946.6654240973294 1.398154973983765 2129.327135838568 4464.017166875303 48.50507547706366 307.6068162694573 1.067578256130219 18114.58285181969 28.95235215872526 12590.67071295157 575.92475881055 0.1808381527662277 1468.582749698311 10739.59697834775 3344.975728169084 868.238684091717 4713.305511809886 0.5294205248355865 8.514096103608608 50.04343822598457 2311.969455450773 360.6917282119393 4360.442914135754 1893.133490137756 5251.641877409071 4023.866077594459 61.22858507931232 18.38701521605253 4.757462404668331 55.24179475754499 0 0.2919183969497681 1.985104918479919 0.1689820140600204 0 0 0 0.4489234089851379 3.5822674036026 0 0 0 0 0.2841257750988007 0 40.59921677410603 7.680024847388268 0 1.315624080598354 1.276906073093414 4.76091855764389 4.29188859462738 33.28519868850708 9.061567060649395 2.294934302568436 4.18538461625576 316.1444488838315 0.9667268544435501 0.4091706722974777 0 0 0 0 0.8777362108230591 15.11863661557436 47.2725272923708 26.02077725529671 10.82900631427765 19.25684058666229 0.1220414638519287 0.7251296043395996 0 1.232337117195129
25.10329775512218 179.577195443213 19.69506172835827 1607.52461258322 11.20669119805098 88.1552407592535 1575.465671557933 582.9914090074599 5371.737719386816 942.0752804577351 4.16669825091958 496.4640491753817 15.17480123788118 607.6697458773851 390.2606547474861 3951.784158483148 11.77500031143427 2.924093246459961 4.259763285517693 490.7553176954389 678.5938438698649 2994.864092558622 575.92475881055 6493.868640817702 17.85090978443623 30.4528399258852 2894.825521551073 4186.084579743445 560.0628151744604 301.712794855237 0.9115761294960976 11.20048926770687 76.45565667748451 304.0475313402712 252.7199392467737 3801.05265365541 169.7011740282178 951.1486026197672 622.2159157767892 422.0120515152812 147.4261003956199 5.103768087923527 59.92392805963755 7.286606594920158 9.626100473105907 1.166804403066635 153.419729501009 0 15.14218036830425 68.12347988784313 132.353791244328 179.7133036777377 128.0858259499073 2.741759821772575 26.93673546612263 1.129144050180912 46.22165618091822 0.7000957876443863 739.8449395596981 1.208553284406662 0.1654195934534073 0.7642361596226692 144.9388191699982 16.97026012837887 146.0020578801632 10.7156919464469 2462.805083267391 7.323381178081036 3.983706660568714 176.4594222605228 463.3255020156503 60.88527865707874 0.6231285110116005 0.1097766533493996 1.512767463922501 8.18466941267252 51.32764491438866 21.25818876177073 299.3068532273173 13.19067358970642 153.5802943333983 67.98501441627741 29.64569102227688 9.09582182019949 0 5.161386489868164
0 1444.974380560219 0 0 2.719372697174549 4.519665762782097 0.1723466217517853 3.825283110141754 86.56267687678337 1.317449770867825 304.6698573902249 2.210840061306953 4253.345683611929 0.3775607720017433 9.727957256138325 2.996258638799191 2.396874912083149 44.60449627786875 11.37700908631086 0 0.2032145038247108 245.0933389812708 0.1808381527662277 17.85090978443623 466.4206307455897 500.5471999645233 6384.930198989809 0.5713085383176804 0.1136727780103683 0.09836358577013016 762.2893490493298 1.86814308911562 0 95.11840837448835 2.574309647083282 596.3765490204096 211.087161205709 553.7558787241578 129.4429026171565 4.788447238504887 15.70911717414856 1015.602977767587 9.252688392996788 0 5.998381316661835 0.09840583801269531 0 0 0.1551540344953537 0.07574222981929779 1.266778215765953 0.1252605468034744 0.1887473240494728 119.9178159609437 0.2033761665225029 970.8330532982945 0.9615117162466049 0 1.163154721260071 0 7.217924356460571 1.03160148859024 0 0 4.370745420455933 0 4.100708715617657 88.95972190052271 289.7689151987433 911.3331564664841 0.1872682049870491 0.7246085777878761 0 116.6438146457076 0.5872282981872559 0 3.240619905292988 3.843897104263306 42.37221259623766 62.00114034861326 26.504060305655 4.974971823394299 0.2646382451057434 0 39.42924481630325 0
5.484183788299561 269.5427704975009 5138.880133666098 1.577450901269913 187.5983348041773 445.3085261099041 25.09736306592822 504.6526517905295 91.06624195724726 101.144037373364 3884.596917144954 120.3074370585382 2257.511525593698 65.79425071924925 21.55906377732754 7.905120633542538 2940.661637760699 5782.31737986207 1565.580121777952 11.52523953840137 15.04028856754303 78.75449375808239 1468.582749698311 30.4528399258852 500.5471999645233 22391.89038015902 13579.65009349212 31.77900544553995 46.94760556519032 21.06315457075834 704.790179617703 205.0172657184303 0.4245058596134186 1909.083748724312 25.60545249283314 1828.845057621598 1435.852603949606 4027.230195771903 1519.857435651124 26.8903731405735 14.78683129698038 31.55676627904177 16.85679042339325 0.2917864546179771 37.24678768217564 0.2212448418140411 0.08635680377483368 0 0.4436603263020515 0.3835615664720535 0.8413206785917282 0.7301301509141922 0.1751240193843842 53.7738433778286 0.3061679825186729 499.4870192781091 2.708994850516319 0 0.8787944912910461 7.595343731343746 31.53569047898054 89.49575258046389 0.1696123108267784 0.08524411171674728 2.013873264193535 0 3.659488521516323 159.1522499248385 1314.841305181384 1995.614455386996 0.3321883529424667 1.912035644054413 0.1091727241873741 211.3430598005652 1.808829851448536 0 12.7326642498374 11.67875236272812 87.63053231686354 348.1096368655562 161.7950567901134 61.68127246946096 0 0.1100136637687683 6.254230722784996 0.6860422492027283
9.719155348837376 6108.024526499212 3377.00257319957 26.8412254601717 82.6720237955451 262.6569512635469 160.3771476782858 418.1501545682549 2079.791073821485 76.59137844666839 878.6247016415 72.37031489610672 2945.215770088136 119.9526838771999 355.7216496020555 4423.816639430821 7408.864319592714 2045.483752921224 1827.188922535628 15.54482650756836 1193.941373214126 4266.85435564816 10739.59697834775 2894.825521551073 6384.930198989809 13579.65009349212 19855.15296090767 2268.956557631493 76.74425798654556 107.7212872132659 423.0062149167061 109.9631755426526 7.289263419806957 3112.593894861639 310.5086769089103 9352.942579586059 9630.076961986721 12008.19840414077 5111.888474665582 98.0973939076066 18.96976131945848 69.93518869578838 62.10148633271456 0.1864584237337112 278.2303703129292 83.43870771676302 3.555449426174164 0 1.049010507762432 2.284510217607021 4.421255551278591 29.33502471446991 2.200278431177139 58.1210749745369 0.9059976115822792 517.7615002244711 5.470554806292057 0 180.2334315478802 269.9282680824399 32.8045656606555 399.118626087904 5.03616651147604 6.534665420651436 82.15008088201284 146.4536115080118 49.60723537951708 549.8177298009396 2434.124496839941 11456.71642157435 9.216651670634747 2.81241499632597 1.220683887600899 220.9721299484372 2.049728117883205 0 63.34458328783512 41.55480264127254 621.6420114189386 1004.931519046426 609.7135332077742 419.4531021788716 2.063233524560928 1.64353621006012 6.654311046004295 3.575145125389099
133.7270689234138 11.86899401247501 160.9966992288828 1763.77874751389 31.50094433128834 465.8497958444059 11816.23822822422 1651.570609163493 1248.257958762348 7682.396083518863 17.92408825829625 372.6393591463566 28.71080014109612 1565.3536118716 296.9299027845263 1223.616224579513 81.29345174506307 2.716051004827023 10.78484670072794 1921.248359136283 3420.780034214258 133.0292381122708 3344.975728169084 4186.084579743445 0.5713085383176804 31.77900544553995 2268.956557631493 13339.83147650957 1464.829750668257 12437.65373063087 2.014854732900858 33.89032756537199 208.6261908784509 1085.101468790323 439.7453261911869 5279.992387667298 137.1487423181534 2620.291056275368 1335.240848280489 407.892072789371 275.8847514018416 4.762419745326042 100.3269783854485 3.659747593104839 1.780391827225685 0 110.192692682147 0 14.90842086076736 38.2318397462368 101.4961359575391 35.44722436368465 115.3430868238211 1.587557911872864 16.73604691028595 0.5767677575349808 24.99167661368847 0 68.76756218075752 0.2492674887180328 0 0.09344010800123215 109.1360235959291 0.5651395320892334 27.2078248411417 3.230425618588924 1001.001360312104 0.952462762594223 2.585608936846256 70.05973179638386 307.1937934681773 29.93993701040745 0.1205039322376251 0 2.342800945043564 4.122466012835503 23.71178722381592 23.59317921102047 122.8780477941036 3.244945712387562 71.93964678049088 22.44194953143597 13.1175495237112 4.846606358885765 0.09254179894924164 1.13909213244915
1143.531655602157 0.5138856321573257 43.84259982407093 51.54228960722685 102.5650039687753 195.4148843325675 898.6111497357488 1338.106842648238 42.86358735710382 861.2665252313018 26.34094303101301 356.7087534591556 3.543652068823576 6767.32342082262 3.882694616913795 5.883314900100231 246.2736612297595 10.94334675371647 41.13229147717357 87.61584124714136 271.790669284761 5.428368277847767 868.238684091717 560.0628151744604 0.1136727780103683 46.94760556519032 76.74425798654556 1464.829750668257 16383.0107139349 7521.1129970029 1.1878896728158 679.0646261945367 1980.310978464782 2099.183808729053 13.23378153890371 197.6299649104476 10.882129304111 676.3176158331335 103.7498722597957 23.41122777014971 3.42208207398653 0.3162570893764496 1.677736066281796 0 0 0.5291949510574341 0.8089444637298584 0 0 1.461430639028549 1.734076216816902 5.288691326975822 1.883381009101868 0 2.179980933666229 0 0.4767631813883781 0 15.27492685616016 0 0 0.5073021501302719 2.24261000752449 0 1.902704633772373 1.014107823371887 93.24945499002934 0 0.8570399507880211 9.914716877043247 15.40268296003342 1.824084885418415 0.2121957018971443 0 0.3656134381890297 0.09133487194776535 1.229209959506989 0.2927726805210114 10.17565979808569 0.5295118242502213 4.847666971385479 3.239327266812325 1.105355829000473 0.1331699341535568 0 0
1680.915677338839 0.2086386531591415 187.5676528066397 3.009525798261166 3.196862064301968 23.64683812484145 4822.642666094005 573.3076472729445 5.943349160254002 8.222232587635517 18.10639173164964 0.5322856083512306 5.301118962466717 2083.727520927787 2.404338821768761 37.32324094325304 568.8887218534946 5.625413671135902 38.16605022549629 1.247322119772434 4962.497680917382 2.062853440642357 4713.305511809886 301.712794855237 0.09836358577013016 21.06315457075834 107.7212872132659 12437.65373063087 7521.1129970029 12905.51835359633 0.4591805711388588 11.65720696002245 736.5095406621695 1488.529572054744 65.95235633850098 282.2204282358289 7.184242270886898 1369.288004875183 374.7604130282998 19.32454784959555 21.50585430115461 0.2293788269162178 9.437680885195732 0 0 0 0 0 0 0.3389911651611328 0 0.4730956852436066 0 0 0 0 0 0 4.701961815357208 0 0 0 0 0 2.672849550843239 0.4624241292476654 14.00821197032928 0 0.3254055827856064 9.022978566586971 1.554275915026665 0.1836913526058197 0 0 0 0 0.09177450835704803 2.779089704155922 3.402384728193283 0.5247208774089813 0.9325709566473961 0.1162996888160706 0.2936068847775459 0 0 0
