1805.528104655445 0 142.0719601884484 4.840228393673897 0.497067928314209 11.12228342890739 5420.720191791654 462.3848844096065 2.595994390547276 29.69900885224342 11.34845941513777 2.174742512404919 0.3442925810813904 4784.260440930724 0.144877165555954 0 204.2465845122933 1.650530271232128 28.14372545480728 2.558184251189232 47.36846844851971 0.5176993906497955 38.78730407357216 43.49896418303251 0 79.19130177795887 15.69657143950462 42.60190329700708 6396.589512906969 4293.394601210952 0 3.986945606768131 14.40511560440063 59.41653122007847 0.5346435755491257 12.14364671707153 3.021394170820713 24.02267615497112 1.763496570289135 0.1025951579213142 0 0 0.2072344720363617 0 0 0.6024447232484818 0 0 0 0.3194337338209152 0 0.7543007656931877 0 0 0 0 0 0 4.176131099462509 0.1626017540693283 0 0 0.1469328254461288 1.652814336121082 1.042069539427757 0 6.407311648130417 0 0.9265105873346329 1.708088353276253 8.512450531125069 1.852453209459782 1.398875825107098 0.1315495520830154 0 0 0.1622787117958069 0 0.428063690662384 0 0.3665006011724472 0 0.9148799180984497 0 0 0
0 308.4131813496351 16.39906729757786 0.1546297669410706 2.772766299545765 1.600256346166134 4.440391674637794 1.004632607102394 827.4642445147038 0.3248234689235687 222.9024942666292 5.663669280707836 1093.580645009875 0.6018672212958336 40.1766471862793 272.0141001269221 20.10406872630119 10.43264017254114 11.4184275791049 0.2122104838490486 3.068703792989254 4021.131564207375 7.589767195284367 831.1134116724133 797.3886234685779 118.3476478531957 6966.605738542974 9.30559092015028 0.9910289645195007 1.727828279137611 14.67604573071003 1.406196095049381 0 38.40062585473061 0.4209362268447876 29.11261066794395 319.0802086740732 31.46569450944662 5.530357778072357 27.63753125071526 0.3564720302820206 31.42125545442104 0.4354190826416016 0 113.4679575562477 57.75485080480576 0 0 0 0.4161216840147972 0.1273442655801773 0.7743350192904472 0 4.890483267605305 0.7631521224975586 32.76823607832193 1.086973778903484 0 12.28023024648428 29.43917221575975 3.984132811427116 14.87718959152699 0.301729828119278 2.233210280537605 43.30950050055981 20.58363042771816 8.527257643640041 22.73964858055115 187.0189348086715 989.7401477843523 4.690583594143391 0.3080887496471405 0.1719930619001389 8.958494067192078 0 0 3.109437614679337 1.351623028516769 33.65123603492975 15.09837409853935 24.08155811578035 9.357515349984169 0.2304727882146835 0.1805503964424133 3.327803328633308 0
142.0719601884484 16.39906729757786 12382.54781523347 3.81641761213541 1.354696579277515 112.1700682044029 1039.698884248734 1209.307102233171 4.665978610515594 148.0525064617395 22.83770185709 1.314085476100445 1.06329919397831 848.6982309147716 1.500359758734703 8.751062460243702 3869.935939982533 28.84779359400272 239.8006075322628 1.70729772746563 1350.716815583408 12.06168055534363 13727.69144275039 131.2693385928869 0.1145749092102051 7492.006508171558 7565.408262439072 414.5836669653654 351.0328297019005 2267.980864323676 0.6078495010733604 13.28229062259197 35.60419940203428 1053.276900053024 72.13655112683773 2493.703646987677 2822.150701217353 3200.399034626782 911.5128106102347 105.9967627748847 17.01707617938519 6.104816600680351 18.0213293582201 0.8142212331295013 317.7914830893278 1163.397055536509 0 0 0.1411532908678055 10.07773826271296 7.559498205780983 7.783080905675888 0 1.633057549595833 0 2.895879440009594 10.3601837977767 0.7902110815048218 62.6576427295804 314.3880048468709 1.560078173875809 45.47760894149542 0 25.06241302192211 47.80345538258553 277.4914060086012 45.99192471057177 0.7514133006334305 527.3029855564237 2866.608113743365 45.5247570425272 5.49459981918335 21.43623042851686 2.503104344010353 0 0 16.97082141041756 27.65025950968266 213.6609393954277 93.5683409422636 118.9399136677384 57.45834083110094 6.337802812457085 0.9176626056432724 0.7095287889242172 0
4.840228393673897 0.1546297669410706 3.81641761213541 2320.037122279406 7.59426112473011 26.19640305638313 142.9691461697221 33.05399534106255 919.740536019206 2884.710740543902 5.802398458123207 2482.196015484631 0.3103397265076637 34.06278573721647 201.7066192850471 0 1.567788675427437 1.125992596149445 2.242547199130058 4461.707164719701 5.60958805680275 0.2579315602779388 1.067100048065186 1934.256666868925 2.028432130813599 4.512553386390209 5.098915293812752 3915.349055983126 196.5989100113511 2.025689601898193 0.08335729688405991 5.558416560292244 17.88220713287592 32.632463991642 12.88805869221687 315.4632611498237 18.74543104320765 163.6400549635291 49.33770552277565 101.1137097254395 12.77736622095108 0.3996317088603973 5.904379114508629 0.2753377258777618 0.1566214263439178 0.3146091997623444 252.8839598819613 0 7.578778877854347 79.23483762145042 30.4592003300786 108.7088924199343 191.7920751273632 2.513649135828018 241.2674547359347 6.723517745733261 10.95967942476273 15.29106090962887 0.2887368425726891 0.6624114215373993 0.7703956887125969 0 311.8337914273143 0.6542119830846786 1.961231634020805 0.5173160433769226 642.3546151295304 0.1433194577693939 0.5967917963862419 1.2812290340662 877.96119286865 13.00344545394182 3.920720994472504 0 0.4115961194038391 0.1603433638811111 4.656558394432068 0.2009085118770599 148.8083430081606 0.3499071896076202 28.32833952456713 8.977827176451683 207.2426468580961 7.988307252526283 1.608791321516037 0.3571660816669464
0.497067928314209 2.772766299545765 1.354696579277515 7.59426112473011 178.2910248041153 947.3009258285165 5.547387778759003 57.4888311624527 197.2292919903994 19.18987926840782 96.7571459710598 151.9729152619839 5.52412323653698 4.275562725961208 1991.229042395949 0 4.262310095131397 9.579315930604935 6.345099665224552 15.89084848761559 0.6369614526629448 8.470091588795185 4.213905707001686 32.59504152089357 0.3159774839878082 11.31945453584194 9.559588700532913 9.467989578843117 1400.422140270472 4.344260089099407 2.075502164661884 307.2210460752249 0.6843001395463943 570.6215132400393 2.704227447509766 38.26773878186941 7.14095364511013 479.9691272005439 53.68501490354538 2613.809212237597 101.2484845817089 3.832587525248528 0.9670953750610352 0 0.162047952413559 0 0.4577295780181885 0 0 0 0 0 0.6702822968363762 0.1454632729291916 1.340598568320274 0.6085860282182693 0 0 0 0 0 0 0 0 0 0 2.151308745145798 0.2547933831810951 0 0.6364516913890839 2.568343318998814 0 0.593055248260498 0 0 0 0 0 0.8087429404258728 0.2640107870101929 0 0 0.4059344381093979 0 0 0
11.12228342890739 1.600256346166134 112.1700682044029 26.19640305638313 947.3009258285165 15998.09768194705 3336.992406703532 4520.208732590079 70.10779844969511 7435.383398883045 118.158681795001 2666.524865441024 13.25220680236816 452.2570008188486 2574.49813336879 1.975120581686497 18.47092273831367 28.98250992596149 29.61825332790613 213.9711581468582 132.5578372403979 0.8011059015989304 26.75598946213722 82.4122001901269 2.901043690741062 70.08340884745121 35.60730796307325 448.9291483685374 753.9156843498349 49.82825944572687 5.003923743963242 817.4288416430354 21.01029156893492 440.6790270879865 14.85636898875237 432.6158593371511 32.50638435781002 563.902429677546 154.8819094374776 5415.818385310471 240.9215437248349 17.70324014872313 6.669862411916256 0 0.3244556039571762 1.883854612708092 10.14670717716217 1.204096674919128 1.088343754410744 9.473845854401588 3.281428694725037 8.329753205180168 12.98550080507994 4.898678928613663 48.2451356202364 3.897266186773777 1.724831603467464 6.657988965511322 2.613922856748104 0.2256302684545517 0.1082834228873253 0.2329802811145782 25.72966842353344 0.3245680183172226 0.5471280366182327 2.99691154807806 51.76673977822065 0.3218815177679062 0.990398608148098 8.474400475621223 56.44836134463549 3.344861671328545 2.124406814575195 0.3837777674198151 0 0 0.7440904974937439 0.5667181611061096 70.73188449442387 0.3365860283374786 3.029778525233269 1.564872398972511 68.72200185060501 1.66784855723381 2.191971272230148 0
5420.720191791654 4.440391674637794 1039.698884248734 142.9691461697221 5.547387778759003 3336.992406703532 23409.71971634775 5841.288236282766 406.6102073937654 8859.042125932872 36.5810629427433 48.42351192235947 4.249609865248203 10450.56325341016 20.52452459186316 40.75071889162064 78.45925273746252 10.38782215863466 21.49145144969225 17.59712465852499 2453.061148658395 12.40539356321096 582.9444620162249 3163.185853265226 4.617346540093422 176.2382059916854 328.6954105347395 21543.50130850077 2405.70102468133 5898.966314010322 0.8328654915094376 46.07516852021217 101.6802590638399 209.6863209232688 69.85248966515064 826.1754390969872 57.45303681492805 719.0151096507907 225.425779774785 151.5719551369548 36.76539782434702 13.66230469197035 18.69608698785305 1.471781209111214 1.863887622952461 13.38440172374249 13.27112577110529 0.4335490763187408 5.30727357417345 130.5447523295879 39.35329073667526 138.3297205790877 18.15213870257139 12.65158776938915 12.67437624931335 5.657637074589729 22.6419145911932 0.447980098426342 43.59591805189848 4.170729398727417 1.104079946875572 1.460548937320709 23.32840610295534 18.8665506914258 11.12357290834188 28.69926564395428 736.8683819770813 0 6.621302247047424 68.10153894126415 577.3306518569589 54.90133237093687 59.64950101822615 0.9244315773248672 1.548162050545216 2.52814107388258 10.36803654581308 4.602434873580933 179.9994568601251 3.260858930647373 47.1348327845335 22.98229993879795 159.1812612265348 8.217447757720947 1.66343355178833 2.154775261878967
462.3848844096065 1.004632607102394 1209.307102233171 33.05399534106255 57.4888311624527 4520.208732590079 5841.288236282766 5282.922426991165 8.762312352657318 4953.875149585307 282.7264009267092 1307.516656778753 40.5489968881011 7325.96564733237 184.1932222694159 2.974418327212334 585.5229381844401 59.30904183536768 135.6802075132728 249.7810790017247 659.0562497377396 0.4672717750072479 218.359474144876 112.0319215133786 5.371288426220417 661.5117610618472 120.2083347290754 285.9688893556595 747.3865143507719 2917.797168724239 11.25926380604506 348.87521571666 18.86039415001869 840.8295353353024 34.0341874808073 585.5924144536257 102.7825974002481 1225.232441611588 389.8563228622079 1408.404234848917 223.530055321753 40.35279481112957 16.58133725821972 0 2.222271956503391 6.275163494050503 0.4121059328317642 0 0.1248390302062035 8.66738698631525 0.692557118833065 3.781253360211849 1.297418870031834 4.142188981175423 1.807630248367786 3.58459197729826 0.9466770142316818 0.8257928490638733 6.435821272432804 1.731776513159275 0.3455467373132706 1.368293941020966 5.010254897177219 3.12990266084671 3.64506708830595 5.74076747149229 46.26269863545895 0 8.326755449175835 28.49380360543728 31.56477458775043 4.063450656831264 6.567666836082935 1.335036486387253 0 0 0.5172619372606277 3.28698942065239 13.38176803290844 1.58130519837141 2.402473792433739 5.322173587977886 7.879205822944641 0.7041794285178185 1.465426117181778 0
2.595994390547276 827.4642445147038 4.665978610515594 919.740536019206 197.2292919903994 70.10779844969511 406.6102073937654 8.762312352657318 1284.666684396565 139.15425670892 42.29017972946167 1026.496504247189 122.9143771901727 10.73266035318375 2019.115710958838 40.95198806375265 5.164486035704613 5.595142602920532 3.226823039352894 488.4953995496035 17.92819062620401 2519.775500096381 4.837846130132675 8382.73126731813 134.1993153169751 37.09762259572744 927.1733007952571 1258.253198504448 115.5893717557192 69.79771672189236 3.388543784618378 4.412600480020046 26.15842972695827 28.42425148189068 21.43796870112419 273.7491718456149 47.26862654834986 108.6823489144444 41.30398037284613 562.5271762311459 8.864749252796173 3.86158587038517 4.966810047626495 1.886305078864098 3.232934810221195 2.779764614999294 181.7352943643928 0.5028365552425385 4.828379757702351 67.46320569515228 23.63746692985296 155.8027973547578 102.995703369379 2.295928649604321 248.0997769385576 4.406642489135265 18.89971817284822 13.64609660208225 197.8130261972547 1.621128089725971 0.4244241639971733 1.712157554924488 227.3655841052532 61.01264484971762 60.88581477105618 8.035993583500385 1610.620304480195 0.6144401729106903 9.243388503789902 21.62962526082993 770.0770155489445 77.00565806776285 91.10820946097374 1.439174048602581 0.6575753539800644 6.068827852606773 6.842130370438099 1.193689092993736 83.72989298403263 5.50898639112711 26.90797665715218 8.753344140946865 110.0688319057226 2.671477109193802 0.2426619753241539 0.2257641553878784
29.69900885224342 0.3248234689235687 148.0525064617395 2884.710740543902 19.18987926840782 7435.383398883045 8859.042125932872 4953.875149585307 139.15425670892 43397.22178708762 185.9182005524635 5413.58445224911 11.78640697151423 1237.102566607296 44.84350922703743 4.66594336181879 26.72819735109806 42.12172953039408 68.96651073545218 5570.958649821579 174.556812286377 1.548304982483387 36.93397223949432 1186.202918499708 1.391612276434898 100.0632198899984 70.92416687309742 8546.512025184929 2501.469603590667 48.24681110680103 6.295378230512142 163.1140671893954 102.5378828793764 482.1278203129768 57.03784358501434 1410.751855768263 92.37066526710987 1691.37311142683 353.7400395199656 370.3588073328137 159.0503982752562 8.512373514473438 54.17998146265745 0.179348886013031 0.6872061192989349 1.428793907165527 100.413767427206 0 14.33951654285192 100.1313689500093 29.9985591545701 68.21199122816324 69.07241370528936 5.108601555228233 91.65201681107283 4.947515144944191 17.71534888446331 4.343393936753273 3.744497671723366 0.429530143737793 0.1180579289793968 1.160508118569851 111.4767383188009 0.6076732575893402 1.082215011119843 3.928385905921459 498.4281168431044 0.381107933819294 2.677758000791073 12.35593820363283 536.412805326283 22.85107989609241 4.014171034097672 1.082549065351486 0.3386468961834908 0.1230377852916718 6.147296532988548 2.927293062210083 78.88709300756454 1.394188798964024 33.69810530543327 11.2787259966135 98.77201069891453 4.787007659673691 0.209373950958252 0.9865993857383728
11.34845941513777 222.9024942666292 22.83770185709 5.802398458123207 96.7571459710598 118.158681795001 36.5810629427433 282.7264009267092 42.29017972946167 185.9182005524635 11526.6163482964 114.5146868154407 1859.835307270288 203.9270652085543 2.334369517862797 2.442494884133339 424.5557200238109 2057.883852079511 1460.346954002976 38.46859484910965 18.48841213434935 91.75382520258427 30.07784914970398 61.76160222291946 801.7812655046582 3746.360629111528 1534.895045876503 39.13146715611219 257.57036010921 66.17398559302092 361.5053497552872 463.5122184529901 9.962683774530888 6332.439467191696 8.252846859395504 758.0864215865731 2770.537985287607 2580.149250410497 735.2508123070002 68.02061355859041 74.12963782250881 1103.368202142417 8.209256261587143 0 9.127853773534298 0.9282928854227066 0.1061511933803558 0 0 2.73948061466217 0.4257020950317383 2.188088968396187 0.1105588153004646 296.7381422147155 0.4526999294757843 1852.557149216533 0.6415852159261703 0 1.329318434000015 1.939438737928867 55.08344148099422 11.79740463197231 0.2116058021783829 1.145664848387241 2.643883928656578 0.7479174509644508 15.56072232872248 158.6952686756849 280.8320579454303 399.4130232781172 13.42951790988445 2.951599448919296 2.821945294737816 288.434540733695 0.1497210264205933 0 5.877637587487698 1.684922739863396 6.58606194704771 151.7389715537429 25.01677925884724 4.129450872540474 1.50384509563446 0.2829509377479553 90.44167437404394 0
2.174742512404919 5.663669280707836 1.314085476100445 2482.196015484631 151.9729152619839 2666.524865441024 48.42351192235947 1307.516656778753 1026.496504247189 5413.58445224911 114.5146868154407 9447.541470140219 11.18276506662369 492.0965586975217 1853.535709954798 0 2.333480894565582 24.26448410749435 31.99731638282537 5738.541673205793 0.5601902231574059 18.37683796882629 0.7529255375266075 538.3118877187371 2.038946233689785 42.97550468146801 24.50994301587343 589.9197772964835 642.2346137836576 4.930648654699326 3.931753918528557 107.8379785940051 2.929604098200798 279.3114276602864 8.556664645671844 639.4260709136724 20.59772054105997 527.3775265663862 81.2923419252038 2278.126518137753 62.5563944876194 9.676494121551514 8.924701452255249 0 0.2665963917970657 0 155.0108721479774 0.6809965670108795 5.683274149894714 15.60590513050556 5.086519420146942 40.44679017364979 128.1149251610041 1.75219002366066 397.856798671186 3.698215208947659 2.375592783093452 29.19961673021317 1.973363220691681 0 0.09980029612779617 0 198.8905583322048 0 0.7274132519960403 0.2159663885831833 201.0374472811818 0.4160745665431023 0.5352406576275826 1.501248136162758 244.8099660277367 3.005884602665901 1.737610846757889 0.2549705430865288 0 0 2.775405213236809 0 116.8772121667862 0.5041719675064087 5.260793261229992 5.235557831823826 281.8820585459471 0.6360267251729965 1.592033430933952 0.8830913901329041
0.3442925810813904 1093.580645009875 1.06329919397831 0.3103397265076637 5.52412323653698 13.25220680236816 4.249609865248203 40.5489968881011 122.9143771901727 11.78640697151423 1859.835307270288 11.18276506662369 2525.826937116683 17.44329458475113 5.756698101758957 3.476990483701229 2.454450778663158 89.74762539565563 23.09079625457525 2.68582721054554 0.8904697820544243 403.0338081046939 0.9895258471369743 91.83629310876131 3914.100948318839 513.2218537256122 7149.598937764764 6.124909482896328 15.16241723299026 2.218114219605923 661.7783369645476 41.52658450603485 0.1349359899759293 1135.863621294498 11.05741491913795 285.0162747427821 2296.158435121179 984.343659080565 107.9992319718003 34.58196402341127 53.89699870347977 1224.809896096587 18.46766331791878 0 11.55973616242409 0.5018767416477203 0 0 0.3825726434588432 0.466196596622467 0.1689866185188293 0.2851461917161942 0 473.6179081872106 0 3032.993240997195 0.2000897973775864 0 0.5019293650984764 0.3057288825511932 59.42914512008429 17.7331952676177 0 0 1.456379160284996 0 2.860461190342903 615.5309687033296 389.3570098653436 538.4767087996006 1.082677714526653 0.764262467622757 0.2923361659049988 401.4447808638215 0.1244899034500122 0 16.60696856677532 7.202793121337891 26.28113039582968 256.1174904629588 48.30222658813 14.73384328186512 6.616681098937988 0.6640920042991638 342.072913326323 0
4784.260440930724 0.6018672212958336 848.6982309147716 34.06278573721647 4.275562725961208 452.2570008188486 10450.56325341016 7325.96564733237 10.73266035318375 1237.102566607296 203.9270652085543 492.0965586975217 17.44329458475113 9865.327532328665 5.181900255382061 1.396059647202492 646.9188780337572 30.69570445269346 112.059099689126 167.541192561388 339.9742926433682 0.7469980716705322 192.6584230959415 139.0434390977025 0.8355702981352806 461.6130535751581 71.60312064737082 274.3815591558814 4364.923198528588 5045.422547481954 5.37130980938673 1331.801778919995 16.11506727337837 573.4031671136618 6.033039569854736 203.6036955937743 33.21061254292727 710.4999167621136 91.33059524744749 150.2931273877621 13.89056350290775 4.681034237146378 2.362352587282658 0.3194634616374969 1.161958605051041 3.592340923845768 1.229228876531124 0 0.3513099998235703 7.731598228216171 2.344512075185776 5.230938002467155 0.3506793826818466 0.4421013742685318 1.912384197115898 1.576991632580757 0.7452053427696228 0 6.915806613862514 1.212707571685314 0.1272349208593369 1.010014340281487 0.1020583510398865 3.116556867957115 0.5803515464067459 2.044574767351151 39.92751112580299 0.6452499181032181 6.740248307585716 12.36769818514585 31.36177855730057 5.22503799200058 5.930866941809654 0.138567328453064 0 0.4412660747766495 1.189494386315346 1.834241330623627 6.449918001890182 1.748222649097443 1.580665230751038 2.044092461466789 7.026947870850563 0 0 0
0.144877165555954 40.1766471862793 1.500359758734703 201.7066192850471 1991.229042395949 2574.49813336879 20.52452459186316 184.1932222694159 2019.115710958838 44.84350922703743 2.334369517862797 1853.535709954798 5.756698101758957 5.181900255382061 547.5616666078568 1.15308940410614 0.1757337749004364 0.2090944051742554 0.7148779034614563 172.3980221003294 5.381446875631809 151.0632938295603 2.877517625689507 806.892393425107 13.69249054789543 3.210981272161007 57.73575064539909 150.8897347003222 9.494576811790466 10.62954734265804 0 252.5531603321433 1.023212179541588 8.666384361684322 17.33262006938457 226.7006781622767 1.381645560264587 12.12472684681416 7.060452006757259 1521.375499293208 131.8041550070047 0.3076788410544395 1.286134600639343 0 0 0 7.067640118300915 0 1.349804759025574 1.880712524056435 0.6614788174629211 1.570386737585068 6.901982054114342 3.962095737457275 41.09158493578434 4.06962513923645 0 3.022705763578415 0.6406463235616684 0 0 0.2540861517190933 19.77218072116375 0.1240651309490204 1.464342087507248 0 16.71786185353994 0.2641202211380005 0.1701213270425797 1.038299784064293 17.99999177455902 0 0.1528200656175613 0 0 0 0 0.7231614291667938 42.3837570771575 0.1641205698251724 0.1299729645252228 0.3454409241676331 51.40293614566326 0 0 0
0 272.0141001269221 8.751062460243702 0 0 1.975120581686497 40.75071889162064 2.974418327212334 40.95198806375265 4.66594336181879 2.442494884133339 0 3.476990483701229 1.396059647202492 1.15308940410614 2952.048132829368 8.347567372024059 0.5938059464097023 2.179881222546101 0 4608.484727673233 3149.504330344498 4394.445586398244 2455.732210464776 4.410426706075668 8.590401791036129 7369.046726457775 1374.241717882454 4.993733137845993 103.1544581130147 0 0.2423295229673386 0 73.05654217302799 66.61873960494995 1870.694519340992 885.2685488909483 362.8093679994345 337.2326095849276 112.5033470988274 1.23479487746954 2.585630133748055 18.48323429375887 0.657283328473568 4.516968630254269 10.0123705714941 0 0 0.7839435860514641 19.24906922131777 4.568660296499729 6.900815784931183 0 3.312962785363197 0.1210006773471832 3.640347205102444 9.396163053810596 0.1579547971487045 4820.339916273952 5.06239028275013 0.107587918639183 1.477218493819237 0 1090.385476432741 1171.605880267918 2805.342838950455 294.6538428962231 0.3421465009450912 5.876289375126362 903.432604663074 562.4207273051143 62.09783814847469 130.4844643995166 0 0.1114760041236877 10.34185643494129 12.73740474134684 9.073301777243614 151.5949920192361 9.927383437752724 37.64023727178574 34.64553841948509 25.22862453758717 0.3976231217384338 1.747057840228081 0.9435127377510071
204.2465845122933 20.10406872630119 3869.935939982533 1.567788675427437 4.262310095131397 18.47092273831367 78.45925273746252 585.5229381844401 5.164486035704613 26.72819735109806 424.5557200238109 2.333480894565582 2.454450778663158 646.9188780337572 0.1757337749004364 8.347567372024059 1329.036940760911 75.73909918218851 1824.083975374699 1.700094245374203 1364.155493222177 8.65043118596077 3094.197882428765 106.8134167343378 1.212468259036541 1117.3710719347 4369.340464599431 122.1296394765377 1047.894795529544 3046.85368809104 0.4714333713054657 13.27603673189878 92.47508335113525 3863.998308800161 45.83376993238926 2148.854354411364 3159.744956791401 3539.215702734888 357.702087379992 43.43609596788883 6.599391378462315 5.731360584497452 8.824255421757698 0.302136704325676 116.7391044199467 206.0383351519704 0 0 0 2.207206659018993 1.366935819387436 0.6126473397016525 0 0.9987480491399765 0 2.027125529944897 2.844655230641365 0 16.78414838016033 93.08843292295933 2.363541699945927 44.39150915294886 0 9.564636282622814 15.78394525498152 18.16228047758341 20.49638549983501 1.202025264501572 540.1144596785307 807.1436409130692 15.96120668947697 1.611368760466576 7.111838482320309 3.738160237669945 0 0 7.704103335738182 16.13028851151466 57.13709656894207 24.65653164684772 48.81828045099974 16.30007934570312 2.597308650612831 0 0.3205892145633698 0.1353504806756973
1.650530271232128 10.43264017254114 28.84779359400272 1.125992596149445 9.579315930604935 28.98250992596149 10.38782215863466 59.30904183536768 5.595142602920532 42.12172953039408 2057.883852079511 24.26448410749435 89.74762539565563 30.69570445269346 0.2090944051742554 0.5938059464097023 75.73909918218851 993.2188599556684 757.1979792863131 7.246807917952538 2.039192795753479 5.42329927533865 8.5935298204422 8.926365874707699 37.99183447659016 3743.220322564244 1121.434954605997 9.68962623924017 36.82158827781677 13.59270013868809 72.93819107860327 62.4619799181819 1.533103063702583 592.0244353339076 7.160955034196377 607.132138364017 1198.87093231827 833.4665767997503 241.4586920663714 21.58952815085649 20.91057618707418 187.9007739946246 2.727642625570297 0 3.868529960513115 0.3416234999895096 0 0 0 0.3815418407320976 0 0.2663228809833527 0 18.38078567385674 0.1041995957493782 117.0482412427664 0.1766878813505173 0 0.5146757811307907 1.043597564101219 44.75999446958303 22.11329657584429 0 0.1700242906808853 0.1126685664057732 0 3.93093716353178 27.08007528632879 276.7684058174491 186.9459247887135 1.600594848394394 0.242470920085907 0.5242920890450478 74.13457784801722 0 0 0.1712325364351273 2.305692836642265 5.846434496343136 4.38380990177393 2.590386927127838 0.8022342920303345 0.9441819936037064 0.1960231959819794 1.744541004300117 0
28.14372545480728 11.4184275791049 239.8006075322628 2.242547199130058 6.345099665224552 29.61825332790613 21.49145144969225 135.6802075132728 3.226823039352894 68.96651073545218 1460.346954002976 31.99731638282537 23.09079625457525 112.059099689126 0.7148779034614563 2.179881222546101 1824.083975374699 757.1979792863131 2685.281682223082 13.60214757919312 33.1760813370347 4.95406723767519 110.9479240179062 27.86906660348177 6.844535231590271 5863.113377168775 2632.269396595657 26.45492974668741 185.5616572648287 138.8004227057099 9.296459905803204 46.94376527518034 17.80757930874825 3718.038020633161 40.29077659547329 2912.786754369736 1754.315271750093 3904.60911963135 742.5910358130932 56.00685654580593 9.293556675314903 6.637660630047321 4.589370056986809 0.5942436680197716 15.44427917897701 8.07466246932745 0 0 0 1.178359724581242 0.301471583545208 1.070406578481197 0 1.546004891395569 0.3111420869827271 9.42929632216692 0 0 1.704507648944855 7.582500420510769 12.81183672696352 55.34788984805346 0 0.4532552883028984 1.875879228115082 0.3641185015439987 5.281547226011753 6.490477561950684 362.7925389036536 265.62876162678 4.85283649712801 0.6133502125740051 0.2935695350170135 7.630471162497997 0 0 2.121305353939533 20.70572957396507 19.11914831399918 6.714014582335949 6.936632417142391 2.125175781548023 0.8136052042245865 0 0.5023257732391357 0
2.558184251189232 0.2122104838490486 1.70729772746563 4461.707164719701 15.89084848761559 213.9711581468582 17.59712465852499 249.7810790017247 488.4953995496035 5570.958649821579 38.46859484910965 5738.541673205793 2.68582721054554 167.541192561388 172.3980221003294 0 1.700094245374203 7.246807917952538 13.60214757919312 823.5691072493792 1.527582846581936 0.3340317010879517 0.3769033253192902 670.8756013512611 5.75760842114687 12.09875196218491 7.666466668248177 2915.904442757368 375.1743987798691 1.63944673538208 1.160781189799309 33.77294047921896 13.11558472365141 101.4943872690201 11.78390987217426 419.2906634658575 16.16569669544697 329.9599414914846 74.26738265156746 500.1186680197716 38.44247103482485 2.066027484834194 12.76863177865744 0 0.1873469799757004 0 103.086992315948 0 6.157554149627686 52.94139548391104 18.76952324062586 47.14339878410101 91.27218476682901 2.701274119317532 200.3866836130619 0.5256652235984802 5.54154671728611 15.21836024522781 0.3207886517047882 0 0.8198443353176117 0 156.9360103681684 0.1103427335619926 0.2744903266429901 0 282.6240769699216 0.1244872808456421 0.3885377943515778 0.7478050142526627 457.9518521204591 10.42960150539875 2.830164611339569 0 1.356902435421944 0.2594182267785072 1.553805857896805 1.987002208828926 103.8114833012223 0.3813768029212952 18.71915141493082 5.695021584630013 185.1478700339794 2.414596199989319 0.3939221799373627 0.742320328950882
47.36846844851971 3.068703792989254 1350.716815583408 5.60958805680275 0.6369614526629448 132.5578372403979 2453.061148658395 659.0562497377396 17.92819062620401 174.556812286377 18.48841213434935 0.5601902231574059 0.8904697820544243 339.9742926433682 5.381446875631809 4608.484727673233 1364.155493222177 2.039192795753479 33.1760813370347 1.527582846581936 11495.38347899914 131.3420482724905 11125.07380902022 531.5576464384794 1.05637514591217 67.37491191923618 776.7528854832053 4424.605185993016 147.9281007125974 10696.43999966234 0.5387433990836143 7.698900759220123 14.45150711387396 3487.306176297367 388.0734547972679 6713.118362486362 874.0313398614526 8141.613223232329 2674.875659041107 542.4571472257376 12.26514982432127 3.699601963162422 98.28268410265446 0.1628380417823792 1.43768122792244 8.402494318783283 0 0 0.585860975086689 12.39386797696352 2.076975092291832 1.765887647867203 0 1.095808207988739 0 0.1182339042425156 5.35692747682333 0.1052273958921432 846.0983763933182 1.660427920520306 0 0.6678877845406532 0 598.6161057427526 134.8040708452463 262.3561173900962 140.7479541823268 0 2.230190306901932 56.31712491065264 319.5421692505479 36.80430553108454 102.4660678580403 0 0 6.95514652878046 9.499759763479233 30.87513628602028 75.53229022026062 1.644160389900208 18.10091865062714 8.037684872746468 19.75739885121584 0 1.419694781303406 0.7742761671543121
0.5176993906497955 4021.131564207375 12.06168055534363 0.2579315602779388 8.470091588795185 0.8011059015989304 12.40539356321096 0.4672717750072479 2519.775500096381 1.548304982483387 91.75382520258427 18.37683796882629 403.0338081046939 0.7469980716705322 151.0632938295603 3149.504330344498 8.65043118596077 5.42329927533865 4.95406723767519 0.3340317010879517 131.3420482724905 1551.292096860707 159.9647946879268 5947.305161006749 520.354737572372 61.25539435446262 5297.7332418859 96.4106589704752 8.44787560403347 27.36711692065001 8.004161328077316 0.3171743154525757 0.8380172476172447 20.45459525287151 0.6847575306892395 39.11789990216494 73.92728105932474 23.77185060828924 9.004072055220604 87.50671884417534 0.4884544610977173 7.253597915172577 0 0.1602548360824585 33.19893009960651 37.38526899367571 0.1389950811862946 0 0 2.996386662125587 1.897916331887245 2.773394301533699 0 1.924588479101658 0.2704531848430634 10.87547506392002 1.107614681124687 0.1370989680290222 1522.045349471271 9.301427096128464 1.430394195020199 3.223708435893059 0.4526771903038025 126.3116771876812 254.0217825248837 507.9710705652833 85.28680646419525 3.342094823718071 23.84424851089716 1295.291487976909 79.73336532711983 7.077141992747784 16.35680864751339 2.934896819293499 0 1.277367696166039 5.229969397187233 1.457182943820953 44.17262538522482 12.73021788150072 14.54776690900326 14.93113880604506 0.128022313117981 0 0.4120416939258575 0.4396017342805862
38.78730407357216 7.589767195284367 13727.69144275039 1.067100048065186 4.213905707001686 26.75598946213722 582.9444620162249 218.359474144876 4.837846130132675 36.93397223949432 30.07784914970398 0.7529255375266075 0.9895258471369743 192.6584230959415 2.877517625689507 4394.445586398244 3094.197882428765 8.5935298204422 110.9479240179062 0.3769033253192902 11125.07380902022 159.9647946879268 17555.00782118738 281.0712688565254 0.2697886005043983 816.7943742573261 15029.16668734699 3151.023020744324 164.8157896250486 4338.307619094849 0.3663881868124008 8.307350233197212 15.4296397715807 3553.245860911906 730.0219314545393 14362.56076275557 7378.305736467242 12825.12436901033 7277.642122320831 1263.996082387865 27.72795534133911 20.61952698230743 230.8975457474589 0.7517692521214485 50.21992412954569 409.3838356211782 0 0 0.1273950636386871 9.125024162232876 7.287014231085777 1.768589608371258 0.1286574155092239 1.585075736045837 0 0.1258317083120346 6.090612597763538 0 2106.069956026971 43.1937640607357 0.2817489206790924 2.35140085965395 0 253.9121911078691 323.50356657058 2157.075319841504 61.67109534144402 0.2196521237492561 28.86663527786732 2694.421935424209 88.0122035741806 7.84145587682724 20.85231395810843 0.3907033205032349 0 1.022943578660488 9.503786146640778 113.0794795304537 203.739391759038 54.86417308449745 71.78333034366369 82.49852450191975 4.151779592037201 0.6200480461120605 0.9372509717941284 1.173011660575867
43.49896418303251 831.1134116724133 131.2693385928869 1934.256666868925 32.59504152089357 82.4122001901269 3163.185853265226 112.0319215133786 8382.73126731813 1186.202918499708 61.76160222291946 538.3118877187371 91.83629310876131 139.0434390977025 806.892393425107 2455.732210464776 106.8134167343378 8.926365874707699 27.86906660348177 670.8756013512611 531.5576464384794 5947.305161006749 281.0712688565254 9941.199328295887 115.2757122293115 76.22306493669748 3726.934622325003 7027.394205339253 1554.20577185601 895.4241365715861 2.768126644194126 39.67561002075672 371.6466024965048 558.6179167479277 335.0199271887541 3664.409687228501 241.4387427642941 1900.885700978339 733.2396676912904 683.1411300078034 114.8413835540414 9.96367059648037 59.69598145782948 7.961756438016891 6.802200555801392 13.9209488928318 315.7195375785232 3.068315148353577 44.80974037945271 536.2866396158934 156.6725494787097 1023.861558310688 290.017079718411 19.88037029653788 384.8364620432258 12.32372064888477 103.0951619893312 18.44797263294458 693.473126873374 11.82077666372061 3.45870204269886 3.274924397468567 475.3296599537134 317.4526111185551 272.6977877244353 145.3412034139037 4355.934514537454 1.690582580864429 16.08287651836872 116.9000628516078 3368.392357334495 310.7675843536854 330.9416807740927 5.385647013783455 8.21496744453907 15.99217104166746 45.21116145700216 29.86344294250011 601.7711222320795 12.37395853549242 188.8676135390997 73.54783223569393 490.693914912641 26.44859594106674 3.395454600453377 4.145036354660988
0 797.3886234685779 0.1145749092102051 2.028432130813599 0.3159774839878082 2.901043690741062 4.617346540093422 5.371288426220417 134.1993153169751 1.391612276434898 801.7812655046582 2.038946233689785 3914.100948318839 0.8355702981352806 13.69249054789543 4.410426706075668 1.212468259036541 37.99183447659016 6.844535231590271 5.75760842114687 1.05637514591217 520.354737572372 0.2697886005043983 115.2757122293115 504.565432086587 257.1696622595191 3471.407230742276 2.986340507864952 1.088547386229038 2.129910849034786 270.5131128877401 4.708811022341251 0 526.7034989073873 0.8875595927238464 186.2271925732493 107.2162762135267 351.1360886022449 57.4915277287364 61.80718451738358 15.17453879117966 194.8014295399189 1.024272680282593 0 14.29621563851833 0.6394840404391289 0 0 0 2.027678489685059 3.010196998715401 0.116575300693512 0 73.43377680331469 0 499.9622319117188 0 0 0.1073754131793976 1.827735513448715 18.4993818551302 25.38752304762602 0 1.258300065994263 2.07266141474247 0.2191032469272614 4.523393921554089 57.13997083902359 226.1056918874383 718.3204688578844 5.762379705905914 0.1382288187742233 0 64.65120133757591 0 0 1.611394748091698 3.035875558853149 151.0494317337871 18.12824141979218 35.54245656728745 4.628787815570831 22.32660269737244 0 14.10761189460754 0
79.19130177795887 118.3476478531957 7492.006508171558 4.512553386390209 11.31945453584194 70.08340884745121 176.2382059916854 661.5117610618472 37.09762259572744 100.0632198899984 3746.360629111528 42.97550468146801 513.2218537256122 461.6130535751581 3.210981272161007 8.590401791036129 1117.3710719347 3743.220322564244 5863.113377168775 12.09875196218491 67.37491191923618 61.25539435446262 816.7943742573261 76.22306493669748 257.1696622595191 24864.37747181952 19296.05378213525 81.31820476800203 367.3203981667757 398.758881919086 375.150366127491 97.83375092595816 31.16060328483582 1112.058821216226 44.21863712370396 2999.483414970338 4148.721857741475 3100.590103119612 469.8962439447641 81.80696509033442 30.01013685762882 329.7699909880757 9.798212759196758 0.5669637322425842 452.0202839896083 159.7101678848267 0 0 0 4.429497599601746 1.627443507313728 9.323033146560192 0.3314804434776306 85.81752306222916 0.2733303606510162 714.5967705845833 3.305395074188709 0.8884586468338966 12.79950512200594 168.5281171426177 280.5403309389949 786.717584297061 0 6.541810505092144 35.57926259934902 7.506982393562794 26.63376952707767 371.3971177563071 6550.462459437549 5732.003558114171 15.07930321991444 3.05085976421833 10.02746223658323 351.7097529396415 0.1103912517428398 0 31.54346965253353 16.77046526968479 160.6794726997614 111.5584962740541 161.4410836026073 48.42816021293402 2.101063631474972 0 3.763241626322269 0.8292518556118011
15.69657143950462 6966.605738542974 7565.408262439072 5.098915293812752 9.559588700532913 35.60730796307325 328.6954105347395 120.2083347290754 927.1733007952571 70.92416687309742 1534.895045876503 24.50994301587343 7149.598937764764 71.60312064737082 57.73575064539909 7369.046726457775 4369.340464599431 1121.434954605997 2632.269396595657 7.666466668248177 776.7528854832053 5297.7332418859 15029.16668734699 3726.934622325003 3471.407230742276 19296.05378213525 30249.24798191339 1859.098039627075 120.2258724868298 253.4719531387091 1059.082947328687 35.77859560400248 10.19200869649649 1926.085492029786 210.5492797344923 8333.613605365157 4376.140235513449 6817.229321710765 2382.48286190629 430.7510759755969 30.88863009959459 95.75403765588999 52.14897362887859 3.352312847971916 4179.277171254158 2606.147086754441 0.156393438577652 0 1.307413384318352 33.38363292813301 18.80384378880262 20.34513490647078 0.5052837356925011 111.6607453897595 1.228872127830982 852.965915992856 24.64341457188129 1.369860872626305 1527.216075971723 693.5463109910488 266.1039654687047 894.7532201334834 0.1270617991685867 133.1037979796529 1218.20868743211 2336.161224558949 200.4101659357548 1256.49151596427 7259.739440187812 22619.31075749546 177.1783850565553 20.36764139682055 55.66513030976057 402.7331551164389 0.6342116221785545 1.763248629868031 97.54898008704185 93.00230364501476 989.6355792433023 365.037083722651 549.1548712402582 326.5813331007957 13.92247632145882 0.7782812044024467 8.111806340515614 4.361666724085808
42.60190329700708 9.30559092015028 414.5836669653654 3915.349055983126 9.467989578843117 448.9291483685374 21543.50130850077 285.9688893556595 1258.253198504448 8546.512025184929 39.13146715611219 589.9197772964835 6.124909482896328 274.3815591558814 150.8897347003222 1374.241717882454 122.1296394765377 9.68962623924017 26.45492974668741 2915.904442757368 4424.605185993016 96.4106589704752 3151.023020744324 7027.394205339253 2.986340507864952 81.31820476800203 1859.098039627075 20195.76930543035 1497.773795254529 8921.287564992905 1.444624610245228 42.51148694008589 276.6654490679502 550.3162946626544 219.69799028337 2632.081919893622 165.893204562366 1896.479293555021 620.3159823417664 475.5841545984149 114.5645932555199 5.62785305082798 45.1601863950491 5.400506123900414 2.691245600581169 11.1047614812851 224.2472176104784 0.5275138318538666 29.64099684357643 373.4845279306173 123.5318688228726 357.4066506624222 214.7939782813191 16.04361929744482 197.0048307850957 7.07602222263813 64.97319263219833 12.58057241141796 340.4323596507311 6.833432577550411 1.035493083298206 1.682286120951176 330.3904912173748 189.6173850819468 72.60619472712278 56.88847327232361 2114.342946119606 0.4195531755685806 7.815302684903145 87.48190608620644 2126.41490508616 174.2656635269523 211.7847484871745 1.058017693459988 3.082789495587349 10.93357861787081 28.35877206176519 15.69344158470631 431.8711206540465 10.03934443742037 121.3042154163122 47.88741011172533 363.7135186940432 16.9908134713769 9.390254482626915 1.594165481626987
