954.748121663928 0 47.0784842222929 3.221835553646088 0.4028238207101822 9.097075074911118 1296.058983854949 388.081461712718 0.5342190638184547 28.96043119579554 0.4492394179105759 0.3646362349390984 0.1129846200346947 5303.511926360428 0 0.08457444608211517 54.84765028953552 1.946505852043629 7.061883538961411 4.789681926369667 54.96455684304237 0 142.0185570120811 4.938809037208557 0 16.1754929125309 14.56740242987871 32.45186339318752 3295.323830202222 2166.318473219872 0.1473050862550735 7.840379178524017 22.62056418508291 32.70782467722893 0 14.62625528872013 1.430309176445007 15.34974794089794 8.743343770503998 0 0 0 0 0 0 0 0.2240611836314201 0 0 0 0 0 0 0 0.1497687846422195 0 0 0 0.2870872616767883 0 0 0 0 0.4667261689901352 0 0 1.738945864140987 0 0 0.1919142007827759 1.606737978756428 0 0.1144887879490852 0 0 0 0.5184962451457977 0 1.401250064373016 0 0 0.1209842190146446 0.1938466578722 0 0 0
0 151.7191604077816 34.64260426163673 0.2824732735753059 0.1834559291601181 0.6424426734447479 0.6789965480566025 0.5393665209412575 477.3525903075933 0.6815419942140579 76.43030935525894 1.34567929059267 245.6695941984653 0.3307705298066139 10.70019021630287 129.1815851554275 11.83862420916557 1.286090642213821 6.759357191622257 0 10.44306083768606 2027.260424718261 9.401668883860111 569.5719352513552 1343.176786564291 219.785371504724 8098.864918515086 21.82138801366091 0.448147177696228 0 32.16143795847893 0.3683137148618698 0 22.3710715547204 0 14.34527294337749 69.57869210839272 34.85173933953047 8.299251571297646 5.111873924732208 0 23.00913429260254 0 0 92.95461481064558 26.34956520050764 0 0 0 1.11146441847086 0.1309210360050201 0.4248347282409668 0.3138957619667053 7.744265042245388 0 11.76727928966284 0 0 4.221027322113514 11.12155959755182 5.491517335176468 6.081516548991203 0 0.570673018693924 16.33788450062275 5.629070021212101 7.525327995419502 42.81870950758457 150.487667478621 1381.913211427629 2.097062088549137 0 0.2385902255773544 2.159708209335804 0 0 1.530795395374298 0 5.664288312196732 19.876291051507 8.139883048832417 2.675217643380165 0 0 3.218153059482574 0
47.0784842222929 34.64260426163673 2592.246943578124 5.835258819162846 0.6162221878767014 75.81186555325985 891.8349424377084 906.9058904200792 3.013707384467125 147.5047606602311 7.584363386034966 0.9665003195405006 2.610379956662655 635.4930724427104 0.1633991003036499 1.219666659832001 3096.280265681446 87.56292853504419 130.5581209659576 0.9190187305212021 571.7248908504844 2.934854917228222 6169.072811596096 10.62744706124067 0 3969.835031241179 8513.193025864661 109.8635630235076 199.6383552327752 220.0316048040986 0.7787990272045135 11.96544221788645 5.745767280459404 163.8517555966973 5.046947374939919 512.9423322826624 3234.954544499516 689.7270188480616 142.6922023817897 12.76909649372101 0.7799763977527618 1.03153134137392 1.681090608239174 0.2792122364044189 156.6804108321667 233.354961656034 0.3756696581840515 0 0.1639098972082138 2.474825419485569 0.1220490261912346 0.6865286082029343 0.2898391634225845 3.40248554199934 0 1.279534496366978 0.8451392501592636 0 7.214785143733025 158.6806612983346 3.317395523190498 29.62183570116758 0.1921530663967133 2.987221822142601 31.97593975067139 68.58200460672379 16.03757282346487 2.147057130932808 504.8868698328733 2288.674556463957 12.45439196377993 0.3547182679176331 2.468406446278095 0 0.1127791106700897 0 27.29537446796894 0.7823448777198792 65.62187491357327 269.9050640761852 81.90380951762199 24.97947062551975 4.784934006631374 0 0.4809872508049011 0
3.221835553646088 0.2824732735753059 5.835258819162846 2900.658077791333 2.717825643718243 194.9342507943511 303.3524177744985 219.7302068546414 795.6164326667786 3998.063552670181 8.053734794259071 4631.865033991635 2.548895105719566 186.4517134428024 49.1014813631773 2.943575829267502 2.146214470267296 2.406445428729057 6.852589689195156 6674.467413365841 2.215706311166286 6.196727067232132 8.546565599739552 1302.767552383244 0.2780169770121574 4.186285980045795 47.67410957813263 3494.744043543935 255.5621534213424 10.88925819844007 0.1174551770091057 23.40733107179403 6.350694879889488 103.5654262974858 21.33787840604782 514.5932132005692 8.005985349416733 172.5374573916197 122.349294796586 115.4750907048583 31.85609075427055 1.075317919254303 8.820067495107651 0.1329297721385956 4.318064831197262 1.49361664056778 313.5119826942682 0.3870221599936485 12.1442434117198 47.09849953651428 7.306800693273544 136.989199988544 184.9387827664614 0.3839267790317535 259.8590666279197 0.9827612861990929 8.552999816834927 15.05387140065432 3.006027147173882 0.1734857112169266 0 0 358.2249122932553 0.9898488372564316 17.12498893588781 1.391320608556271 331.1845771223307 0.4812290221452713 0.5171509757637978 9.701006047427654 314.099525898695 8.458517752587795 1.218656554818153 0 0 1.085022300481796 4.552766002714634 1.847138017416 205.4435296878219 0.3839670792222023 14.81818040460348 4.873991020023823 225.749684266746 0.7814710587263107 2.192809760570526 0.8175078779459
0.4028238207101822 0.1834559291601181 0.6162221878767014 2.717825643718243 24.88397162407637 682.9981036707759 6.454442504793406 96.84984317421913 28.5805379152298 21.44303667545319 34.18996070325375 71.98716875910759 13.93622405081987 13.34526523947716 1616.889768205583 0 2.421140655875206 2.941844321787357 5.813603937625885 10.09038554131985 0.07701350003480911 0.5325319916009903 1.250541731715202 13.16181224584579 1.091174259781837 2.279225297272205 2.510720871388912 7.807311818003654 63.23710788041353 2.877537541091442 0.1620826721191406 58.07911597192287 0 230.0222495123744 3.972865968942642 46.43875208497047 4.051680937409401 162.607400432229 143.5213610008359 1280.294928923249 117.7975563779473 7.576618410646915 0.5211738497018814 0 0 0 0 0 0 0 0 0 0.1440940499305725 0 0 0 0.184508353471756 0 0 0 0 0 0 0 0 0 0.808030478656292 0 0 0 0.5518334209918976 0 0 0 0 0 0 1.605571389198303 0.6165901869535446 0 0 0.9498703628778458 0.466465026140213 0 0.109443686902523 0
9.097075074911118 0.6424426734447479 75.81186555325985 194.9342507943511 682.9981036707759 12748.81261239946 1938.625794775784 6828.795275263488 22.58181525021791 7912.373991470784 71.46752110123634 5683.717603519559 51.85878531634808 515.3195223212242 941.3729919344187 2.589548327028751 26.87127555906773 17.80740320682526 30.25181073695421 562.2300086170435 13.63584643602371 1.747235514223576 79.66228912770748 83.11043668538332 3.234227478504181 36.18767430633307 72.29470078647137 1017.956337168813 480.2249152287841 165.025724619627 0.4874190241098404 1430.513688571751 4.653741747140884 476.7430908605456 71.38683625310659 1003.158887200058 40.80882678180933 513.1183459088206 427.3801082670689 1090.633477948606 259.8600505813956 20.64210765063763 11.6711580529809 0 0.1040668785572052 0.1088743880391121 9.370744213461876 0 0.3484352082014084 6.380376823246479 0.7051201015710831 7.474125891923904 1.736010156571865 0.642532080411911 5.195824295282364 2.697979278862476 1.740214735269547 0.9140108376741409 0.4268263876438141 0 0 0 8.604622274637222 1.03763173520565 0.5050791576504707 1.749995276331902 36.89782723039389 0.2232307642698288 0.4302046447992325 1.144087128341198 46.14075981080532 3.671844646334648 2.784514628350735 0.110195130109787 0 0.6252374947071075 2.811175733804703 2.452009648084641 31.6064270734787 0.9900462254881859 4.276156611740589 0.8102224469184875 13.91140272468328 0.6047540754079819 0.3874875605106354 0
1296.058983854949 0.6789965480566025 891.8349424377084 303.3524177744985 6.454442504793406 1938.625794775784 18725.56099075824 4548.843269526958 73.68667282164097 10318.33705629408 18.09867539256811 19.50106155127287 8.341681800782681 6955.589291650802 12.64014129340649 56.22767146676779 130.8019245266914 24.28390754759312 31.75992350280285 95.77493979036808 642.8803846463561 8.965637005865574 1859.055773958564 256.2966049835086 1.048915505409241 306.5337260365486 1040.652749061584 16350.65090964735 1957.863188147545 7396.408247381449 0.2871561869978905 71.39641908556223 113.1470727771521 400.4900454357266 113.7875271365047 2262.221383877099 81.22790067642927 773.1013312414289 593.630841165781 96.02995777875185 69.17276991158724 6.014542408287525 19.19077238440514 1.823836125433445 1.109858565032482 2.387870378792286 55.93196890503168 0 6.605698347091675 65.92503507435322 8.12933024764061 52.74637895077467 24.24878372997046 1.25046095252037 37.30189178884029 0.9701612368226051 13.41939324140549 4.476197183132172 10.37587571144104 0.7249483019113541 0.5255090594291687 0.5983028188347816 82.54088892042637 6.029428601264954 8.39265500754118 8.737316526472569 249.9178435355425 0.3375438451766968 2.733211107552052 30.9918792322278 282.425032787025 18.18422086536884 10.39574354141951 0 0.09400723874568939 0.9096525460481644 9.21611849963665 7.785221517086029 88.36477112770081 1.61189528554678 30.36733858287334 7.984231069684029 49.46991582214832 4.127036347985268 0.2777301371097565 1.551894456148148
388.081461712718 0.5393665209412575 906.9058904200792 219.7302068546414 96.84984317421913 6828.795275263488 4548.843269526958 11431.72581721097 8.751728266477585 3426.216428417712 78.46260975301266 1477.077915377915 67.72108197957277 7111.925529628992 231.5823184773326 2.657489776611328 622.0220537856221 43.07578989863396 112.0781115368009 723.6199540942907 247.6692114770412 0.5989113748073578 1355.088806003332 60.78488713502884 4.872430577874184 406.5657358914614 202.1344119906425 640.2828265950084 451.9758213236928 1994.419290907681 1.350879997014999 557.2952764518559 5.742974191904068 409.9121897369623 41.35049387812614 595.9444641619921 49.93544961512089 738.0694128274918 677.7548588439822 617.1295966431499 535.1051744744182 43.37573420256376 7.163521625101566 0 0.6002955660223961 0.6732107847929001 4.642169483006001 0.3109325170516968 0.3857178241014481 5.111469805240631 0.7988209128379822 6.980254635214806 1.449392527341843 1.101137049496174 0.7665383443236351 0.9554070830345154 1.765693038702011 0 1.01752108335495 0 0 0 4.824756696820259 0.665643684566021 0.2361130118370056 1.149608299136162 36.23454362154007 0 0.8845690190792084 4.637971669435501 47.6695716381073 3.56100794672966 1.789320386946201 0 0.3612894713878632 0.1332504451274872 1.050520330667496 3.485026776790619 16.92147648334503 5.076183475553989 4.356768876314163 1.72775062918663 5.565391428768635 0.7129305005073547 3.639584742486477 0
0.5342190638184547 477.3525903075933 3.013707384467125 795.6164326667786 28.5805379152298 22.58181525021791 73.68667282164097 8.751728266477585 1276.183065071702 115.1175544559956 24.79543475806713 525.1422799453139 45.71640571951866 8.876226201653481 634.5674699991941 54.94445303082466 2.35744159668684 0.4158523827791214 4.949631154537201 764.5892790108919 44.34597367793322 4861.365049444139 23.18431378901005 10312.30869970471 433.1950697675347 78.57252418249846 828.2784099578857 1668.902118369937 31.92638629674911 43.32430130988359 9.054809249937534 2.21455006301403 1.968479223549366 15.97786557674408 5.000974714756012 170.7951327264309 14.645229190588 36.91876991093159 16.47583069652319 264.3572899624705 2.287843331694603 2.659790396690369 0.655868336558342 2.006965190172195 6.383359678089619 1.296561382710934 162.8766078203917 1.20381985604763 8.340835459530354 43.13836421817541 6.956726633012295 251.2212164998055 45.1864123120904 3.683929823338985 131.9122385084629 1.135844863951206 14.47334562242031 18.97062976658344 74.38191748410463 0.7900560796260834 0.6000479981303215 0.2047906592488289 188.2002848088741 79.68865088373423 31.41351988166571 13.87401328235865 1257.10019095242 1.674024470150471 6.62597131729126 29.16302544623613 596.1117537915707 32.40946327894926 49.20372871309519 0.2686554566025734 0.09284377843141556 9.534936964511871 18.53298365324736 0.5916327387094498 84.09865715354681 4.433143198490143 23.84744243323803 10.69207637757063 125.7931207716465 1.201767206192017 0.1376120746135712 1.143507823348045
28.96043119579554 0.6815419942140579 147.5047606602311 3998.063552670181 21.44303667545319 7912.373991470784 10318.33705629408 3426.216428417712 115.1175544559956 42594.29431211203 41.98791618645191 3180.825929276645 13.26942259073257 1197.561779692769 11.57134299725294 11.79176927357912 34.17990194261074 16.03750414401293 39.48624221980572 6082.399283774197 28.68435007333755 7.097702123224735 172.1056239083409 295.0698453038931 2.382466919720173 64.92819544672966 216.2468324005604 7861.22280177474 820.6454539000988 164.8523289114237 0.918383426964283 188.1368303820491 10.93083089590073 319.3892660290003 31.14447820186615 731.7051850259304 32.14610912650824 544.3352605774999 223.6448347643018 104.4009125754237 70.6699537858367 5.040486805140972 10.1444181650877 0.2672749757766724 0.6879926696419716 1.192802667617798 62.75733606517315 0 2.952533237636089 14.33553888648748 1.369655586779118 19.40607354044914 16.36536581814289 0.1511777639389038 37.6990170404315 1.011341385543346 2.311260655522346 5.424649253487587 2.000844150781631 0.4939038753509521 0.1653188318014145 0 63.13138338923454 2.078080512583256 1.000459298491478 1.57553543150425 65.56448864191771 0.16048763692379 0.5097093060612679 6.41123341023922 81.39201172441244 4.366877228021622 1.306125983595848 0 0 0.1229290291666985 1.948846131563187 3.696243464946747 58.99350500106812 1.606014512479305 4.316082052886486 3.327245742082596 58.31578392535448 0.3075777590274811 0.7522370740771294 0.3641251027584076
0.4492394179105759 76.43030935525894 7.584363386034966 8.053734794259071 34.18996070325375 71.46752110123634 18.09867539256811 78.46260975301266 24.79543475806713 41.98791618645191 10346.27237644047 50.54261589050293 3177.828274473548 65.16969436407089 21.12487083673477 2.459657482802868 569.0279482603073 3850.43615526706 3234.393820516765 23.5789530724287 5.748610094189644 45.92067320644855 31.80105435848236 27.42592739313841 1027.42402023077 1524.971671365201 764.9555372446775 25.9329752177 347.8554076999426 12.35608014464378 271.0127310007811 144.1746533438563 5.67562048882246 5244.764319397509 3.339264750480652 282.1220041289926 4867.810186490417 3956.712345346808 658.6290436312556 43.82813484221697 31.77611022442579 1595.667698688805 9.985458597540855 0 21.29263554513454 0.1480654627084732 0 0 0.220283716917038 0.9745720103383064 1.553668826818466 1.54323947429657 0.2187995165586472 908.9728933572769 0.6781102940440178 1125.226556919515 2.229853741824627 0 0 0.1222688481211662 34.89225135743618 1.686343766748905 0 0 2.549382515251637 0 3.727931566536427 727.427936501801 202.6138382703066 245.7113481909037 7.008138477802277 0.913410447537899 1.2724369764328 122.1721859499812 0.9580631256103516 0.2959547340869904 78.31877782940865 2.672138080000877 6.739624038338661 671.7344035804272 35.32086784392595 5.698076136410236 1.683578416705132 4.737002313137054 379.5423837080598 0
0.3646362349390984 1.34567929059267 0.9665003195405006 4631.865033991635 71.98716875910759 5683.717603519559 19.50106155127287 1477.077915377915 525.1422799453139 3180.825929276645 50.54261589050293 6294.599129229784 15.69519954919815 634.861754335463 1024.30976319313 0.08906552195549011 4.128007404506207 12.4097348600626 27.20450112968683 5097.001013986766 0.635691300034523 27.12191664427519 1.513581961393356 404.5686150640249 5.678841814398766 10.26159960776567 14.52129952609539 1343.12584605068 377.6854825466871 5.568844951689243 0.3124757558107376 270.8529269769788 0.4737009108066559 270.6455224901438 25.58678465336561 558.826069355011 12.7366054058075 368.9798012152314 100.2913680970669 1628.193729534745 41.60372057557106 2.115164071321487 2.340495184063911 0 0 0.141641303896904 91.76917293667793 0 12.45096070319414 8.125683501362801 2.059445157647133 18.75051785260439 48.1876730248332 0.2549419403076172 117.146039031446 1.657869458198547 3.157243430614471 5.050346478819847 0 0 0 0 103.1598115339875 0.3719200193881989 0.2610006928443909 1.141369849443436 51.94856037199497 0.2497120127081871 0.4096355885267258 1.10124534368515 63.52121786773205 2.720183238387108 1.711570218205452 0 0 0 0.3800984472036362 0 174.0318693593144 1.095672160387039 4.466719157993793 0 150.3845987021923 1.354222893714905 0 0
0.1129846200346947 245.6695941984653 2.610379956662655 2.548895105719566 13.93622405081987 51.85878531634808 8.341681800782681 67.72108197957277 45.71640571951866 13.26942259073257 3177.828274473548 15.69519954919815 5978.387525707483 13.05964884907007 3.486939370632172 13.19089438766241 3.160839296877384 97.57594156265259 44.85895181447268 6.357498578727245 12.68893086910248 108.0734173506498 8.331033043563366 57.30730050057173 4797.428374022245 902.6562311053276 4677.843078054488 28.24782826006413 52.52979363501072 8.931831747293472 1136.678115904331 43.44930400699377 0 840.6222545281053 12.5471193343401 1107.279489859939 5195.632342368364 2076.985609017313 568.9726006761193 130.5901478901505 90.39872711896896 970.0137179717422 15.29309342056513 0 88.319011695683 2.949321776628494 0.5490301847457886 0.9928849935531616 1.172837749123573 1.100653618574142 0.2539644911885262 0.6488050222396851 0.09168897569179535 724.1012277603149 0.5351047441363335 783.4346017688513 0.8010132312774658 0 4.626458078622818 0 30.14745313674212 3.511380232870579 0.7502032518386841 1.904802143573761 1.306266568601131 10.50989478826523 1.185493282973766 793.6544892713428 219.5949373394251 350.9579356983304 4.691689535975456 2.210206538438797 2.99616527557373 84.92658261954784 0.427939772605896 0 56.75466573238373 23.29773858189583 148.2306507304311 513.4497320204973 59.77281556278467 24.51480455696583 18.02201689779758 0 328.2519970983267 6.383979201316833
5303.511926360428 0.3307705298066139 635.4930724427104 186.4517134428024 13.34526523947716 515.3195223212242 6955.589291650802 7111.925529628992 8.876226201653481 1197.561779692769 65.16969436407089 634.861754335463 13.05964884907007 13929.68285594136 45.02905257791281 1.773437529802322 586.8244201540947 30.70318955183029 103.954074151814 443.0302075669169 393.4737675562501 0.8538461402058601 1250.422320984304 109.1170942336321 1.656722381711006 260.9861185103655 144.1549082621932 702.9292053058743 5792.544494073838 4353.118190854788 0.7368231415748596 506.7814052030444 15.63464577496052 462.5882178246975 16.36645021289587 600.0860176607966 43.1634631305933 384.1683270558715 202.4925185292959 176.2244419679046 42.2057224214077 12.26165682822466 6.652653336524963 0 0 1.066935062408447 4.432026609778404 0 0.5963400527834892 7.37105755507946 1.525848381221294 8.116396971046925 3.381462350487709 0.3524976968765259 2.323616452515125 0.3914761170744896 1.409909680485725 0.5077476352453232 1.09248398244381 0.7073717415332794 0 0 3.21815486997366 1.76746142655611 0.6439344957470894 0.5117844864726067 43.4484948143363 0 0.6084611713886261 3.123166039586067 64.37240763753653 2.940560951828957 1.519598081707954 0 0 0.8215070739388466 1.543325372040272 0.6003855466842651 19.13058190047741 1.290464371442795 2.646049849689007 1.148993790149689 6.277743592858315 0 1.576890751719475 0
0 10.70019021630287 0.1633991003036499 49.1014813631773 1616.889768205583 941.3729919344187 12.64014129340649 231.5823184773326 634.5674699991941 11.57134299725294 21.12487083673477 1024.30976319313 3.486939370632172 45.02905257791281 181.5256880670786 0 0.6160848736763 1.315695859491825 3.954005613923073 139.7875404208899 0.4883132427930832 82.55546697974205 0.9642606377601624 641.3355094343424 10.16248029470444 4.55402547121048 29.60000225901604 125.8333109617233 48.67452081292868 10.55437642335892 0.3811610788106918 224.4765379801393 0 55.04453505575657 0.7395225465297699 40.17890572547913 4.336996227502823 56.77126429229975 29.15972645580769 1260.063977658749 227.0986500531435 0.4719468355178833 0.6977604627609253 0 0 0 0.5945756882429123 0 0 0 0 0.8883685022592545 0.4099706411361694 0 0.7878079116344452 0.222165659070015 0 0 1.694167450070381 0 0 0 0.6156787946820259 0 0.7909245491027832 0.3068207502365112 3.660153657197952 0.689246192574501 0.6053030341863632 0.4198153242468834 6.726429730653763 0 0.294871911406517 0 0 0 0.5824247598648071 0 7.30249434709549 0 0 0 4.704721435904503 0 0 0
0.08457444608211517 129.1815851554275 1.219666659832001 2.943575829267502 0 2.589548327028751 56.22767146676779 2.657489776611328 54.94445303082466 11.79176927357912 2.459657482802868 0.08906552195549011 13.19089438766241 1.773437529802322 0 2186.31871303916 9.591665670275688 0.1487119942903519 1.559638731181622 0 2563.107271149755 3314.697281658649 3550.730310492218 2741.367938481271 47.98923186957836 16.67364045232534 2848.503649435937 1839.448660008609 6.823675483465195 48.88066108524799 0.8590151220560074 0.1067907810211182 1.45151324570179 31.98034987598658 23.79705916345119 1116.657645210624 247.9396742284298 168.1345496103168 257.910983607173 40.69630634784698 0.3137052953243256 2.821686312556267 4.390035361051559 1.594710223376751 10.76257748156786 29.58571696281433 0.2160637974739075 0 1.420553058385849 15.97699242085218 4.838514983654022 9.581760950386524 1.36793190985918 0.7096608877182007 0.4736337810754776 2.360986202955246 8.790014237165451 0.4577533155679703 1959.482129596174 2.669707648456097 0.1143896728754044 1.250072278082371 1.265858590602875 368.4059170857072 840.3129223957658 1294.068091489375 378.1982704773545 0.8771719336509705 6.961908370256424 876.6229757219553 251.3349194079638 20.08457653969526 99.68915681540966 0.1014910414814949 0.1726808771491051 9.449592664837837 13.76810305565596 4.914711512625217 447.4747629165649 12.21879661828279 30.56863748282194 28.99754039943218 31.92735276371241 0.807570144534111 0 1.276477068662643
54.84765028953552 11.83862420916557 3096.280265681446 2.146214470267296 2.421140655875206 26.87127555906773 130.8019245266914 622.0220537856221 2.35744159668684 34.17990194261074 569.0279482603073 4.128007404506207 3.160839296877384 586.8244201540947 0.6160848736763 9.591665670275688 1989.212448976934 262.5846665352583 4044.337591610849 2.413055524230003 237.8488669246435 3.902497507631779 6061.244739644229 14.91343315690756 0.5511159151792526 2139.544561088085 6375.469381697476 47.60403588414192 654.6971708014607 458.8025180026889 1.267214462161064 16.4893544241786 84.09376790374517 3003.5813613832 6.620781630277634 1199.157461732626 1338.975437022746 2674.039208799601 870.3474079743028 21.7701169475913 1.668537244200706 0.8712034597992897 2.059845089912415 0 12.3692330494523 6.129083082079887 0.231192909181118 0 0 0.271413542330265 0.1947886943817139 0.4144984930753708 0.1208118349313736 0.2887759804725647 0.3140694797039032 0.3599834591150284 0.4084195196628571 0 2.297252617776394 9.297291249036789 1.644789919257164 5.538554169237614 0 0.7694948837161064 2.913652516901493 1.72213676571846 5.331365041434765 1.715895742177963 84.30621020495892 205.1785909831524 4.341264873743057 1.24775156378746 0.2616314291954041 0.6248127147555351 0 0.4311601221561432 0.6003528237342834 1.366019919514656 15.87201851606369 21.93664333969355 5.862910494208336 1.279722154140472 0.4461003541946411 0 0 0
1.946505852043629 1.286090642213821 87.56292853504419 2.406445428729057 2.941844321787357 17.80740320682526 24.28390754759312 43.07578989863396 0.4158523827791214 16.03750414401293 3850.43615526706 12.4097348600626 97.57594156265259 30.70318955183029 1.315695859491825 0.1487119942903519 262.5846665352583 130.9045395627618 1158.376417681575 6.535732097923756 16.1942657455802 1.15906198322773 90.04653998464346 2.07840670645237 28.03001558035612 1456.863255515695 713.0109085962176 12.7524534240365 71.35264280438423 6.341509833931923 30.48337187618017 18.09145264327526 1.792625553905964 774.7893717736006 3.73977967351675 246.9931236729026 1280.00004350394 1493.801262125373 347.2125977277756 11.4399496242404 5.844076193869114 82.03883999586105 2.443040452897549 0 4.939628005027771 0.5888643860816956 0.2985622584819794 0 0 0.5067320764064789 0 0 0.1911798417568207 77.78474459797144 0 162.7307599931955 0 0 0 0.6340248286724091 26.48761808127165 2.787229105830193 0.1941003650426865 0.3271091282367706 0.2564406543970108 0 1.008993029594421 68.09062232077122 142.3774538040161 139.3916845470667 1.016038596630096 0.3351207077503204 0.1583090424537659 40.63273779302835 0 0.1135623902082443 1.330181948840618 3.234665721654892 6.641594111919403 18.04956711083651 0.7084916159510612 0.3527470901608467 0.2785191833972931 0 0.1554544866085052 0
7.061883538961411 6.759357191622257 130.5581209659576 6.852589689195156 5.813603937625885 30.25181073695421 31.75992350280285 112.0781115368009 4.949631154537201 39.48624221980572 3234.393820516765 27.20450112968683 44.85895181447268 103.954074151814 3.954005613923073 1.559638731181622 4044.337591610849 1158.376417681575 1563.310325406492 19.70948464423418 38.43127046525478 5.621013477444649 317.913364931941 11.2570109590888 12.05220032483339 4097.011787764728 1993.846501022577 24.60867975652218 204.1879040934145 50.42792224884033 11.7112353593111 38.17308289557695 13.24559967964888 4656.635672047734 12.5201153382659 1300.955142103136 1900.771184898913 3655.334628179669 1567.713664464653 25.02055125683546 12.75225603580475 17.21473532170057 7.268738783895969 0 15.9529005587101 0.3904971703886986 0.5650376528501511 0 0 0.4727092608809471 0.08185742050409317 0.5003318637609482 0 17.66199380904436 0.7953630983829498 38.1581663787365 0 0 0.1202472150325775 1.22528612613678 21.49410773813725 8.517076030373573 0.26411372423172 0.09814043343067169 0.7990139946341515 0.6474908515810966 2.994469732046127 11.01884044706821 201.9291870743036 283.5956971794367 1.691662028431892 0 0.5641829967498779 20.31974145770073 0 0 0.4925835803151131 5.658150002360344 39.9891405031085 12.28534187376499 2.212430730462074 0 1.431181088089943 0 1.166753083467484 0
4.789681926369667 0 0.9190187305212021 6674.467413365841 10.09038554131985 562.2300086170435 95.77493979036808 723.6199540942907 764.5892790108919 6082.399283774197 23.5789530724287 5097.001013986766 6.357498578727245 443.0302075669169 139.7875404208899 0 2.413055524230003 6.535732097923756 19.70948464423418 879.6746304556727 0.8426081016659737 0.6083162724971771 2.072077728807926 343.5090872272849 1.227218180894852 5.259228698909283 6.323419906198978 2524.715453103185 360.1889248490334 5.546157471835613 0.7092062160372734 79.27974562346935 3.164880707859993 163.69699190557 21.33894222229719 464.409714743495 12.80141118913889 301.9204264953732 106.4116004258394 455.2484539151192 38.73901544511318 2.102466255426407 5.535097263753414 0.1716285347938538 0.2394314780831337 0 84.03554215282202 0.5029510632157326 7.545367300510406 16.12885621190071 2.290969744324684 35.1918171569705 33.49343544244766 0.9790823459625244 117.420825727284 0 3.098580792546272 7.389076553285122 0.2547790333628654 0 0.1696320474147797 0 152.8866857513785 0.1980874240398407 0.2487118989229202 0 97.38604598492384 0.1111489906907082 0 1.408165842294693 85.92197524756193 3.295168854296207 0.3236947357654572 0 0.3015445172786713 0 3.098026379942894 1.62783944606781 142.6462489664555 0.2903708145022392 5.606966599822044 2.648143336176872 169.9312628358603 0 0 0.2687589228153229
54.96455684304237 10.44306083768606 571.7248908504844 2.215706311166286 0.07701350003480911 13.63584643602371 642.8803846463561 247.6692114770412 44.34597367793322 28.68435007333755 5.748610094189644 0.635691300034523 12.68893086910248 393.4737675562501 0.4883132427930832 2563.107271149755 237.8488669246435 16.1942657455802 38.43127046525478 0.8426081016659737 14772.21504548192 192.3769425973296 13852.1423253119 347.2248502373695 4.133878879249096 247.6908013224602 1161.915197715163 7324.225146062672 363.2693633288145 8618.63366997987 0.1316936612129211 5.367549873888493 109.4161108955741 4056.56335695833 284.5458248481154 10748.08243174106 725.4475477263331 5228.548366457224 4193.480224072933 242.7106701508164 6.664421774446964 11.86733296513557 61.05077048391104 2.486467473208904 0.7738862261176109 2.154138691723347 0 0.2095469012856483 1.538324408233166 12.09846344590187 1.236878477036953 16.55612041056156 1.321518093347549 4.14302235096693 2.227467149496078 5.839632377028465 7.177177526056767 0.563699372112751 400.2886489927769 2.899066045880318 0 0.3082159906625748 0.8574600219726562 434.6067928448319 135.4042853266001 101.5179048553109 524.183098115027 0 3.25120335817337 33.98946500569582 471.8622947186232 46.28023551404476 185.9066124856472 0 0 21.62915529310703 25.78418117016554 22.86602888256311 321.4967047348619 8.881498508155346 30.90056335180998 28.55227036774158 63.95276265591383 2.257005900144577 3.348628729581833 2.182965964078903
0 2027.260424718261 2.934854917228222 6.196727067232132 0.5325319916009903 1.747235514223576 8.965637005865574 0.5989113748073578 4861.365049444139 7.097702123224735 45.92067320644855 27.12191664427519 108.0734173506498 0.8538461402058601 82.55546697974205 3314.697281658649 3.902497507631779 1.15906198322773 5.621013477444649 0.6083162724971771 192.3769425973296 1984.608058802783 658.2524632140994 8049.198601655662 1102.045604944229 95.93351937830448 5008.691336333752 252.7064988464117 2.275458447635174 3.971041291952133 15.33638002723455 0.3415911123156548 0 12.43898712098598 0.5194665193557739 12.40742138773203 25.90088613331318 16.97093145549297 6.84739788621664 37.55238397419453 0.1523019820451736 10.18263418972492 0 0 82.43843125551939 25.28716113418341 0.629779115319252 0 0.6168737933039665 9.263327591121197 2.578058637678623 14.29817113280296 1.749515600502491 3.309153489768505 0 4.246409639716148 3.848626054823399 0.1551608890295029 1459.103217899799 4.741970933973789 1.523852944374084 1.637072212994099 0 140.1168955415487 303.6691736131907 664.4007011428475 277.1427098736167 36.56624993681908 23.44369459152222 992.3151498734951 85.58386997133493 6.007687635719776 27.15428382158279 0.3905755281448364 0 5.722688727080822 7.578729130327702 0 31.35236150026321 16.78429815173149 11.61590720713139 7.869392432272434 1.777138710021973 0.118928499519825 0.5237631797790527 0
142.0185570120811 9.401668883860111 6169.072811596096 8.546565599739552 1.250541731715202 79.66228912770748 1859.055773958564 1355.088806003332 23.18431378901005 172.1056239083409 31.80105435848236 1.513581961393356 8.331033043563366 1250.422320984304 0.9642606377601624 3550.730310492218 6061.244739644229 90.04653998464346 317.913364931941 2.072077728807926 13852.1423253119 658.2524632140994 19199.84364262968 769.754996843636 3.129208326339722 1183.520499192178 15966.10485977679 2779.930693127215 593.9527041316032 2227.397537268698 0.1320369392633438 15.05881267786026 62.96359203010798 3572.695372216403 336.4399114325643 13493.07883585989 6021.552033267915 8701.515248179436 6815.367124371231 788.4917557090521 16.21060694754124 8.562341339886189 84.35246486216784 3.247937478125095 7.565680786967278 89.57148416340351 1.421075686812401 0 0.6621135175228119 19.32088690251112 5.658219113945961 10.25960868597031 2.196983493864536 0.3226318657398224 1.875378407537937 0.3932656943798065 9.395150229334831 0.9773671850562096 1697.532423630357 9.583108514547348 0.5964140668511391 1.578963950276375 1.756263710558414 216.2838866710663 572.7992849051952 1256.24298709631 219.8952801898122 1.02040833234787 14.61274041235447 1266.026725791395 154.5278784260154 21.02588690072298 62.55910675227642 0 0.4401037395000458 6.10700412094593 16.89655528217554 55.25266537070274 447.2565526068211 64.50692908465862 60.07762629538774 54.25766718387604 26.57990518212318 0.404837355017662 0 1.523516654968262
4.938809037208557 569.5719352513552 10.62744706124067 1302.767552383244 13.16181224584579 83.11043668538332 256.2966049835086 60.78488713502884 10312.30869970471 295.0698453038931 27.42592739313841 404.5686150640249 57.30730050057173 109.1170942336321 641.3355094343424 2741.367938481271 14.91343315690756 2.07840670645237 11.2570109590888 343.5090872272849 347.2248502373695 8049.198601655662 769.754996843636 9843.369069688022 312.4658495187759 81.23341406136751 4069.353930518031 6137.247084841132 332.3066222071648 335.5498692840338 8.185225896537304 12.60768180340528 34.05626279115677 136.6937893107533 49.91392874717712 1339.545149177313 46.40050896257162 276.0751319080591 225.0932145118713 344.1055671870708 25.46370758116245 4.988337963819504 11.23567913472652 8.428701423108578 11.91197203099728 12.31069032102823 536.661788508296 2.145457826554775 49.36157033592463 372.7388629838824 49.03003427386284 1055.407478235662 221.1536169946194 10.93723022192717 409.6124642342329 13.15759219229221 100.0339809209108 40.89031637459993 326.9285736978054 3.854765601456165 3.290703341364861 2.140616044402122 773.5377730131149 280.5855707228184 197.4037480428815 114.2524213865399 3140.358725182712 1.673429705202579 16.64107646048069 124.9578833803535 3142.022643454373 175.597578920424 189.2816307991743 1.589286535978317 3.800808049738407 20.92205502837896 94.07376384735107 14.78149884194136 713.7927763238549 11.40676496177912 225.8211271837354 88.04095563292503 604.9627423137426 17.89428239315748 1.283540859818459 6.263209588825703
0 1343.176786564291 0 0.2780169770121574 1.091174259781837 3.234227478504181 1.048915505409241 4.872430577874184 433.1950697675347 2.382466919720173 1027.42402023077 5.678841814398766 4797.428374022245 1.656722381711006 10.16248029470444 47.98923186957836 0.5511159151792526 28.03001558035612 12.05220032483339 1.227218180894852 4.133878879249096 1102.045604944229 3.129208326339722 312.4658495187759 500.3335706889629 735.819784194231 5683.892027050257 10.36840163916349 8.988965146243572 0.4578518271446228 333.0968528166413 4.826398402452469 0 340.7363832145929 0.1672957390546799 40.3667973279953 412.6975147277117 441.5703793242574 75.85277129709721 7.129823103547096 12.95421394705772 542.3297964632511 0.6562889218330383 0 171.2343483492732 0.3796378672122955 0 0 0 0 0.1090632826089859 0 0 322.1186161413789 0 421.8229171261191 0 0 0 0.7060848772525787 13.4826951622963 2.942524366080761 0.73858642578125 0 0.2488099038600922 0.4221899807453156 2.091343604028225 222.0703305602074 192.37124466151 400.8060793355107 0.55288465321064 0.1262254118919373 0 41.4738797172904 0.1148104071617126 0 22.25679688155651 0.1988320499658585 0 129.8935319706798 12.06068684160709 0 0 3.915859460830688 79.62660883367062 0
16.1754929125309 219.785371504724 3969.835031241179 4.186285980045795 2.279225297272205 36.18767430633307 306.5337260365486 406.5657358914614 78.57252418249846 64.92819544672966 1524.971671365201 10.26159960776567 902.6562311053276 260.9861185103655 4.55402547121048 16.67364045232534 2139.544561088085 1456.863255515695 4097.011787764728 5.259228698909283 247.6908013224602 95.93351937830448 1183.520499192178 81.23341406136751 735.819784194231 19276.13263715804 16741.25859464705 57.80031211674213 188.4346746355295 65.72481492161751 631.4580920562148 20.33562874794006 8.560466833412647 624.2369032427669 10.25070936977863 1316.076047845185 4671.700107082725 2027.766071215272 889.5456712692976 18.75851333141327 5.90909232199192 78.97178166359663 6.063410840928555 0.112140454351902 440.3288515806198 32.45399048179388 0.1144588515162468 0 0 0.970843642950058 0.08661312609910965 1.798356786370277 0.7873024493455887 271.5700681135058 0.1995106562972069 709.9510863050818 0.5055167824029922 0.5380857661366463 3.09443586319685 53.62680346518755 332.9418869018555 132.1747855842113 0.7285431176424026 1.178428836166859 8.632720112800598 6.984832338988781 8.444664418697357 528.5989788174629 3274.234060965478 5092.864043407142 4.548447713255882 1.201646082103252 0.6453755423426628 274.8864530399442 0.1689837574958801 0 14.77629223465919 4.900561213493347 47.6013360619545 241.1601106226444 25.22278801351786 5.869348302483559 0.3744561746716499 0 7.981979511678219 0
14.56740242987871 8098.864918515086 8513.193025864661 47.67410957813263 2.510720871388912 72.29470078647137 1040.652749061584 202.1344119906425 828.2784099578857 216.2468324005604 764.9555372446775 14.52129952609539 4677.843078054488 144.1549082621932 29.60000225901604 2848.503649435937 6375.469381697476 713.0109085962176 1993.846501022577 6.323419906198978 1161.915197715163 5008.691336333752 15966.10485977679 4069.353930518031 5683.892027050257 16741.25859464705 31983.45632648468 2199.190469935536 163.7399964630604 169.6004774793983 916.9294898286462 11.66850958019495 18.04799712449312 2655.802135892212 169.6585047096014 9882.868307895958 6776.363746985793 8880.342746123672 3333.529767550528 339.4150905385613 8.682228907942772 44.53495988994837 39.44150634855032 3.883765012025833 2841.379603378475 843.0136450976133 2.431857213377953 0 3.530296787619591 46.51869183033705 15.29236754775047 16.23596883565187 6.550392225384712 225.5759040787816 2.026945061981678 409.8975924775004 33.15580100566149 0.0964498296380043 743.9180882200599 355.7710005789995 228.4573596566916 211.4750400707126 2.591427959501743 56.29994136095047 1664.013816222548 988.8603511974216 288.3504307046533 810.9024129882455 4690.604625925422 18460.70574367046 119.2749951928854 15.45572665333748 32.91868260502815 163.1887547895312 0.4219775423407555 1.112499810755253 72.96996227651834 54.05807719379663 394.8663086593151 946.1875773444772 247.6699226647615 131.1933680325747 23.63930933177471 2.425338104367256 22.45482093840837 1.238177627325058
32.45186339318752 21.82138801366091 109.8635630235076 3494.744043543935 7.807311818003654 1017.956337168813 16350.65090964735 640.2828265950084 1668.902118369937 7861.22280177474 25.9329752177 1343.12584605068 28.24782826006413 702.9292053058743 125.8333109617233 1839.448660008609 47.60403588414192 12.7524534240365 24.60867975652218 2524.715453103185 7324.225146062672 252.7064988464117 2779.930693127215 6137.247084841132 10.36840163916349 57.80031211674213 2199.190469935536 17183.02885316312 1785.340210087597 9429.270937211812 0.8092085644602776 69.55048544704914 198.1037404537201 759.398060746491 242.889318831265 5239.904983133078 98.61863849312067 1420.978346191347 1082.175633519888 274.7713365629315 121.4207526370883 16.73752973228693 46.57289849966764 8.568800956010818 3.252184651792049 8.553357377648354 459.0661247968674 2.736974902451038 46.07000339031219 389.21586740762 50.78022509068251 573.8190694004297 180.7563370168209 15.83641215413809 303.1741171479225 14.4229292422533 103.2926927655935 30.19189393520355 145.8741493821144 3.271548017859459 3.519863329827785 0.9583907425403595 611.5546517148614 236.4719435274601 65.60324670374393 55.43677233159542 2261.515110097826 0.09813501685857773 4.554241567850113 73.06777482479811 2571.574116438627 172.2310248166323 198.4020573049784 0.5316461771726608 2.884425573050976 19.15475231409073 83.89806079864502 21.8171670883894 704.8909219130874 12.63804865628481 203.028003141284 79.84023659676313 528.7023934870958 21.11218396574259 4.715442001819611 4.023550972342491
