1591.851356945932 2.148626230657101 513.1206043511629 0.4406412839889526 0.1217790842056274 21.29164900630713 2617.460203312337 768.3173161149025 17.77702514082193 74.33015049993992 5.673936687409878 3.473186045885086 0.4161149486899376 4749.015040226281 0 7.980910636484623 684.2383804395795 5.292964607477188 44.41700936853886 7.407162219285965 435.2912888452411 5.53553944081068 592.1180809810758 50.88160292804241 0.128435954451561 304.3369636759162 101.0194374918938 38.11952948570251 4945.499850720167 4810.691060222685 0.2848122492432594 13.49664616584778 82.35000517219305 108.1340378150344 1.468598790466785 50.89139241725206 16.65595656633377 84.16950424015522 23.03919015824795 2.075503274798393 3.713675580918789 0.6474949866533279 0.7518991827964783 0.08749263733625412 0.5691900253295898 2.173990786075592 0.2717251777648926 0 0 15.39658709615469 0.1437855660915375 0.9351379200816154 0.5180421471595764 0 0 0 0.5970925986766815 0 8.539547853171825 0.8364035040140152 0 0.5512616783380508 0 8.508458934724331 3.371268033981323 0.7861070483922958 4.3830162063241 0 4.09633731096983 10.40529855340719 7.119112201035023 3.254902355372906 10.40685565024614 0 0 0.3178873062133789 0 0 5.987548567354679 0.2260712236166 0.5366178527474403 0.6733649000525475 0 0.3961322903633118 0 0
2.148626230657101 216.4863690957427 40.33183945715427 0.2729254364967346 0.3522956147789955 1.401204667985439 22.20310849696398 5.564034029841423 726.6089233607054 1.724453441798687 38.94766239076853 3.461690530180931 855.4902924224734 8.275309927761555 21.72185333073139 612.9625411108136 28.0630576685071 2.649566695094109 4.828018017113209 0 11.15534489601851 2751.486949786544 37.98342714458704 922.0036728009582 1580.349002964795 240.2921613231301 8438.568330198526 20.95908696204424 3.56683138012886 60.26132205873728 139.245295189321 0.08245964348316193 0.7390111684799194 19.93728432059288 1.877521142363548 51.00354224443436 53.72248388081789 99.00269155949354 30.47869294136763 25.99142261594534 0.9260120168328285 128.0327424257994 1.016805842518806 0.2188807651400566 378.9897768571973 100.56144079566 0 0 0 2.200986377894878 0.882973849773407 2.724749937653542 0.5175871700048447 4.889523349702358 0 32.27192205190659 1.533097848296165 0 12.1161045357585 37.2582022100687 1.617583334445953 76.21774469316006 0 2.046581201255322 73.4370327219367 4.367375500500202 3.849966704845428 32.46351347863674 449.6207035630941 2688.905340559781 2.290955916047096 0.7176584154367447 0.9281584471464157 7.378206007182598 0 0 10.08139096200466 0.3165920972824097 52.31446497887373 15.50707028061152 36.72809386998415 13.78290927410126 0.2948989868164062 0.3388438522815704 0.8565585762262344 0
513.1206043511629 40.33183945715427 10982.21476431191 2.22241885215044 0.2492105886340141 27.4324259608984 2571.070840716362 245.6836234182119 7.770546637475491 137.6307854428887 4.818489886820316 0.5315449461340904 15.71694725006819 1080.268465958536 0 60.58539082854986 2438.433783143759 10.76334265619516 71.93296757340431 9.348696075379848 3156.129416324198 22.12237595766783 15179.00385256112 110.35642118752 1.354860723018646 6341.129303559661 16528.78156046569 660.734835870564 132.8662749603391 1337.161763556302 1.239338889718056 4.235412180423737 11.13373582065105 862.0482897162437 120.9181424081326 3238.010117948055 2993.004759944975 4477.114175364375 3976.282463334501 203.5935660079122 22.59507718682289 12.1496214568615 36.12512831389904 0.5613944306969643 169.7842427864671 720.3381610438228 0 0 0.346585601568222 19.26803965866566 5.129181049764156 1.635812476277351 0.975912794470787 0.4691347777843475 0.1116893067955971 0.2876554578542709 7.660066768527031 0 62.83792132884264 143.929897159338 0.665611132979393 9.571418523788452 0 18.44612915068865 114.064930818975 39.04046078026295 8.629588328301907 0.561181902885437 178.2954863980412 2242.162888482213 12.40872889012098 4.556755684316158 6.956014782190323 0.1527298986911774 0 0.5714457705616951 14.29682619124651 8.558264032006264 132.654240116477 15.69115817546844 142.8036296442151 125.0389464721084 2.268848657608032 0.3487452864646912 0.5413249284029007 0
0.4406412839889526 0.2729254364967346 2.22241885215044 4733.484747484326 1.123738765716553 30.13058446347713 180.4201711416245 43.61436788737774 731.2581558600068 5226.774278014898 2.661902405321598 1104.050640001893 1.960489369928837 39.59850497543812 40.73887407034636 0.5027293562889099 2.7373116761446 1.373614266514778 0.09883832931518555 8687.249801427126 0.9730320498347282 0.3115690946578979 0.7536775767803192 2456.314846128225 0.1856039389967918 7.054149888455868 3.529308304190636 3692.136302866042 71.19229600578547 0.3086171448230743 0 5.006542362272739 7.021524615585804 52.96564973890781 1.607272088527679 252.3609269708395 1.320706158876419 166.6186870709062 31.51165279000998 67.13065010309219 28.9000533670187 0.3753054440021515 3.61287647485733 0.1091407164931297 0.3727311789989471 0 118.3549597337842 0 8.501572892069817 102.480319134891 5.04044821113348 96.83320309966803 121.0042640864849 1.431102395057678 106.23505782336 0 3.181442126631737 1.355480916798115 0.5306310951709747 0.1799993366003036 0 0 80.26100041717291 1.043193869292736 1.759873613715172 0.3752282857894897 345.2311457321048 0 0.3397132158279419 0.7291337102651596 380.2877145409584 5.197726882994175 4.434697479009628 0 0 1.879851683974266 3.379983179271221 0 25.23401138931513 0 10.9155317991972 2.223489984869957 12.90399611741304 0.1229104995727539 1.720536708831787 0.3397165834903717
0.1217790842056274 0.3522956147789955 0.2492105886340141 1.123738765716553 78.56066733598709 878.3519628718495 4.095003627240658 70.47228974103928 64.72740668803453 15.14455632120371 23.79963190108538 59.0279807895422 32.67777691036463 13.54992851614952 2034.074932597578 0.1000178381800652 1.107087165117264 5.290378056466579 1.344128958880901 8.606018975377083 0.259215421974659 3.107024624943733 0 15.58143888413906 0.4424677342176437 4.60008255392313 2.167199052870274 3.579427659511566 12.3000552803278 0 0.1524358093738556 129.6577250808477 0.158521369099617 500.1761570721865 0.5848091244697571 56.21036501973867 3.492671504616737 272.0810161978006 73.43815868347883 1442.209393300116 88.5320842936635 4.678784713149071 0.203131839632988 0 0 0 0.1368002146482468 0 0 0.9214351549744606 0 0.9932096302509308 0.5876542329788208 0 0.4986738711595535 0.2461094856262207 0.1315048784017563 0 0 0 0 0 0 0 0 0 0.8888206258416176 0 0.2883820831775665 0.1283853054046631 0.1662317663431168 0 0.758219301700592 0 0 0 0 0 0.3431517481803894 0 0.7364495098590851 0.23764269053936 0 0 0 0
21.29164900630713 1.401204667985439 27.4324259608984 30.13058446347713 878.3519628718495 16033.25205980241 1573.460347414017 8557.610124647617 239.0024119019508 12650.67463961244 133.3142703771591 3662.784608662128 142.9195888713002 1238.504283078015 1837.116769134998 0.4694131761789322 17.52185206860304 47.34126575291157 6.943462900817394 787.865194901824 6.620430454611778 0.9187799692153931 6.158120207488537 49.5385769456625 1.479193978011608 76.55058772861958 19.1196596249938 73.91533575952053 574.7782622501254 7.050015665590763 2.576151289045811 1184.474519476295 13.44947120547295 1203.561793290079 6.286662697792053 452.3865663930774 29.80535387247801 926.8741467520595 257.1467471122742 3248.228196136653 393.6348370164633 41.36398349702358 5.111827120184898 0.1154177486896515 0 0.6379460841417313 8.088032796978951 0.3195286989212036 1.761237464845181 28.36824583262205 0.3744515776634216 29.60765934735537 9.660546734929085 0.7646466642618179 23.67234405130148 0 1.560354210436344 0.6031710505485535 2.145739406347275 0 0 0 5.387570157647133 1.171317972242832 0.3628408461809158 0.1011907756328583 49.66633206605911 0 0.8237048014998436 2.198166564106941 39.80558010935783 1.095433123409748 3.326503932476044 0 0 0.4957186952233315 0.2732477933168411 0 13.66048540920019 0.1045643761754036 3.41489352285862 3.394234113395214 8.843101963400841 0.1201411560177803 3.275808990001678 0.3682743012905121
2617.460203312337 22.20310849696398 2571.070840716362 180.4201711416245 4.095003627240658 1573.460347414017 12646.48451655358 3071.648295924067 253.4525071308017 9544.187140159309 11.49535716325045 63.50705067813396 20.19192136824131 7686.440813794732 15.18745832145214 65.17237864434719 283.6966114044189 6.517671503126621 13.53655079007149 46.47165010869503 2241.661190062761 64.90474954992533 390.2565224990249 1648.409956462681 7.972011029720306 1410.691236622632 1155.735863961279 21090.94574427605 1557.6388284266 6678.361855886877 1.018127851188183 22.59384106844664 732.5946969911456 509.8717237785459 100.8022738322616 2490.779971376061 125.9025566726923 1425.326824553311 797.4315762296319 76.14927345514297 105.4015309810638 9.686222203075886 23.02470022439957 2.60254729539156 13.37332341820002 34.30673739314079 21.10858333110809 0.1043673604726791 3.292514987289906 202.4262847527862 6.644641488790512 48.32491245120764 22.05993831157684 0.2295087575912476 3.36672779917717 0.2051839157938957 12.59944812208414 0.5517064332962036 26.18128019571304 12.02976806461811 0.1766435652971268 1.857585676014423 7.93152079731226 19.78118665516376 19.41497512161732 11.49538712948561 228.6768694147468 0 19.33349818736315 135.528408639133 209.1929362863302 17.70019599795341 33.32364724576473 0 0.1343162804841995 4.41572305560112 8.438402570784092 4.091502249240875 89.33018074184656 1.035106629133224 40.90036534518003 14.94116524606943 9.472853772342205 2.080382019281387 2.984937220811844 0.1044949740171432
768.3173161149025 5.564034029841423 245.6836234182119 43.61436788737774 70.47228974103928 8557.610124647617 3071.648295924067 14468.96053495258 218.1311655193567 2779.27302569896 195.6709816008806 443.3650104776025 110.7244215607643 9803.598024308681 114.305504783988 16.49581250548363 687.9320567324758 69.67456018179655 65.37429350614548 445.4734651595354 207.2848548293114 33.31356408447027 311.343102440238 401.1145739927888 3.929357700049877 349.9040069803596 146.1851948872209 276.9283208474517 4547.794421330094 331.3131507188082 3.53875432908535 2022.731477126479 40.41996797919273 1181.920217633247 11.13473965227604 424.4778236597776 55.07329462468624 848.7978654503822 186.8455793485045 651.7610305100679 123.9121366292238 29.9160630479455 2.71540954709053 3.065237790346146 2.214402928948402 3.064726747572422 5.63204038143158 0 1.711870312690735 192.005163602531 4.140171617269516 24.80072293430567 4.804275706410408 0.1058432459831238 4.351237177848816 0.7395786568522453 11.96732095628977 1.588857531547546 25.56759353727102 0.838629461824894 0 0.9388754740357399 2.112460732460022 30.15169190615416 7.712878257036209 3.977876514196396 119.7214170619845 0 5.168868437409401 17.53283972293139 101.1736607253551 15.37527193874121 46.97055024653673 0 0 3.218001566827297 4.847866952419281 0 43.69870551675558 0.9372483491897583 16.02592881768942 6.488223649561405 1.941359028220177 0 6.083230495452881 0.5081404447555542
17.77702514082193 726.6089233607054 7.770546637475491 731.2581558600068 64.72740668803453 239.0024119019508 253.4525071308017 218.1311655193567 657.9168160632253 561.1466233208776 6.117081493139267 1006.260635368526 32.69710458815098 199.2356723845005 874.6205530166626 627.6288502588868 5.918573476374149 0.375642716884613 0.5912686884403229 442.7231712415814 172.924965210259 3902.307254120708 56.91324374079704 10532.6927972436 99.16847761720419 24.88410452753305 802.8265352621675 1732.974907934666 80.31092920154333 450.6404807791114 15.89106188714504 5.121233589947224 13.29560382664204 23.2950394526124 5.905678167939186 385.1411654353142 15.46429690718651 113.8958448022604 48.44929884374142 582.2997098863125 21.53466737270355 3.774820722639561 2.554894492030144 20.83087611943483 7.810586899518967 6.477302193641663 155.6716468408704 0.8266985714435577 13.81700532138348 607.704882517457 24.81460452079773 145.1111766248941 98.0413788408041 0.4387451335787773 247.9579046592116 3.3210569024086 65.59463011473417 15.77740474045277 449.5195628032088 1.672289282083511 1.020910568535328 5.259263403713703 86.40613421052694 244.4237529635429 62.51133870333433 116.5408984646201 1406.20603338629 1.192940734326839 10.98820298910141 53.46980202943087 753.6558373197913 132.6207647323608 230.5243702828884 0.9950178936123848 1.413242548704147 15.14926289021969 22.49873678386211 3.013293564319611 196.8147100582719 5.229888156056404 75.31568039208651 23.75037275999784 90.19537688791752 3.381555519998074 0.564889669418335 0.1199878454208374
74.33015049993992 1.724453441798687 137.6307854428887 5226.774278014898 15.14455632120371 12650.67463961244 9544.187140159309 2779.27302569896 561.1466233208776 34506.24498478323 55.96052718162537 3173.179136097431 38.14093464612961 1797.22870247066 63.75347789376974 1.789136201143265 77.43477317690849 25.94344950467348 8.71638860553503 8455.411888726056 37.74082893133163 1.168853126466274 24.0498223900795 772.3657696247101 1.222741104662418 214.2939024046063 74.37421531230211 3281.998683996499 1258.706738136709 29.72754134237766 1.524155378341675 107.0629187002778 119.7426414191723 650.4047529622912 60.64251309633255 1696.809531264007 48.9885581433773 1674.100506514311 325.2981009483337 326.0305909886956 187.2801418751478 13.96054382622242 26.25017867237329 2.114187963306904 1.652972780168056 2.973149582743645 192.9916240647435 0 7.577983260154724 364.6507193297148 12.75058823078871 165.3087469786406 116.9432427212596 0.9687899053096771 75.65156915783882 0 16.59826737642288 2.866618856787682 3.519617788493633 0.8552282080054283 0 0.3837994039058685 70.18340764194727 5.405597992241383 0.4414631947875023 0.4383850619196892 691.004432991147 0.1629803627729416 2.662427023053169 10.31636559963226 702.7225926145911 16.29268006980419 19.99379339814186 0.3954645991325378 0 4.302470110356808 7.180839501321316 1.784404560923576 80.33098087459803 0.6185469925403595 30.67149928957224 11.13197958469391 32.50673319399357 1.448464244604111 8.693585135042667 0.2615998089313507
5.673936687409878 38.94766239076853 4.818489886820316 2.661902405321598 23.79963190108538 133.3142703771591 11.49535716325045 195.6709816008806 6.117081493139267 55.96052718162537 13081.77140718699 57.44356578588486 2615.874785237014 110.3596640378237 2.883031211793423 0.7585791125893593 390.6378316581249 7841.729463413358 250.466757312417 42.58806173503399 6.212692655622959 8.165404140949249 14.13376243412495 6.806856617331505 544.0537254810333 2113.435036443174 410.5652020871639 2.515967734158039 172.7349143251777 1.606218181550503 636.6754720583558 164.7190675809979 2.308594264090061 8000.823985591531 6.447556011378765 262.2274602875113 3697.634006991982 4014.496582508087 525.3455250412226 50.00176312029362 35.13435393571854 1773.503327131271 1.845910876989365 0 6.645981714129448 0 0.1087099090218544 0 0 4.893222488462925 0 1.26228703558445 0.421080693602562 278.8425223752856 0.2888278514146805 1309.057469561696 1.076035931706429 0 0.814672939479351 0 8.934827826917171 1.728217914700508 0 0.7973585203289986 1.438941478729248 0 1.142608359456062 264.5120136961341 55.42839376628399 151.5759560093284 2.756288647651672 2.993308596313 0.8707974553108215 109.788263939321 0.4400857612490654 0 14.50382310152054 0.4921726286411285 6.66718166321516 219.8016523718834 49.69803483784199 7.589462772011757 0.1165984570980072 0.3385590761899948 300.5966667160392 0
3.473186045885086 3.461690530180931 0.5315449461340904 1104.050640001893 59.0279807895422 3662.784608662128 63.50705067813396 443.3650104776025 1006.260635368526 3173.179136097431 57.44356578588486 13774.44145710766 33.26112061738968 430.111418299377 1137.045228943229 0 2.615383759140968 23.56064821779728 3.411394238471985 7663.471426382661 0.4259145185351372 8.652396157383919 0.8277464285492897 351.0121140182018 12.49979764223099 20.26783405989408 10.079808562994 335.0493492260575 310.2170027047396 0.5107504576444626 2.019704580307007 107.2921881079674 1.133339621126652 291.9412028864026 2.665351234376431 281.2237147316337 10.6224208176136 553.0358542501926 41.9349702745676 2129.46927908808 68.2797958701849 31.89724075049162 3.825998470187187 0 0 0.2440871819853783 108.6456390693784 0 12.20502731949091 28.66639271378517 3.873883172869682 169.5763880759478 74.04811376333237 0.2876177951693535 272.3534962832928 0.2207004278898239 2.535566233098507 6.867925897240639 0.8663463592529297 0.1476427167654037 0 0 47.63063314557076 0 0 0.2161224260926247 178.9216492623091 0.2038088142871857 0.6874353140592575 0.4826674461364746 168.6926040351391 2.043051064014435 0 0.09845013171434402 0.2570320665836334 0.1309151202440262 0.3372956439852715 0 8.50674744695425 0 3.626699976623058 0.8004289567470551 124.7194994166493 0 11.86097891628742 0.1574807912111282
0.4161149486899376 855.4902924224734 15.71694725006819 1.960489369928837 32.67777691036463 142.9195888713002 20.19192136824131 110.7244215607643 32.69710458815098 38.14093464612961 2615.874785237014 33.26112061738968 5381.908562004566 33.6212153583765 4.322429805994034 16.68593642115593 14.62064022570848 125.6035352870822 5.337904326617718 25.89892853796482 7.261292591691017 144.4022172093391 18.72859027981758 50.63286310434341 6011.458355776966 861.511723138392 3260.493391022086 17.23287776857615 40.22305452823639 5.675629384815693 1522.571109220386 95.29342819750309 0.9419257044792175 1182.578679986298 99.36004798859358 3627.763645470142 6842.164431340992 7149.281959272921 1256.489321231842 248.2191423103213 272.1400624141097 2111.159966498613 26.74635311961174 0.1219228804111481 41.32783765345812 0.190592497587204 0.9246782064437866 0 0.704533688724041 8.159286119043827 2.285177759826183 2.944852888584137 0.4460248649120331 577.683802716434 3.842754520475864 3623.79601161927 3.950809873640537 0 1.571838706731796 0.1937040537595749 37.84038653969765 7.465664461255074 0.4863470494747162 0.4000624567270279 5.340598277747631 1.021128013730049 1.606205485761166 809.0363538116217 313.1821241229773 599.4529463872313 1.495561294257641 3.823823250830173 0.6258743554353714 460.7549303844571 2.099663101136684 0 27.73809569329023 22.38009172677994 423.6116242557764 535.1554005593061 125.9573383405805 60.98175645619631 18.16407063603401 2.749202877283096 324.0225114151835 0.4075202643871307
4749.015040226281 8.275309927761555 1080.268465958536 39.59850497543812 13.54992851614952 1238.504283078015 7686.440813794732 9803.598024308681 199.2356723845005 1797.22870247066 110.3596640378237 430.111418299377 33.6212153583765 9246.086149014533 19.53168185800314 40.46567057818174 1809.234890632331 48.59313073009253 147.5487832948565 564.3890597522259 731.5180100649595 41.26415850967169 1033.756244495511 413.9825589433312 3.371301099658012 1033.916093707085 339.9405538365245 345.3138842433691 7438.718383975327 3035.570806182921 2.939870573580265 741.0732126757503 89.93873528391123 1244.668832525611 18.90180074423552 557.6279479637742 79.73063778877258 875.6910121142864 177.4438511058688 142.2608696371317 72.60072582960129 7.685621276497841 8.6946120262146 2.599003799259663 2.949672684073448 5.975776754319668 0.9846024885773659 0 1.437358267605305 195.1154890656471 4.249727681279182 28.05688348412514 3.343164548277855 0.1185848489403725 3.201987192034721 0.1210759431123734 8.180943019688129 0.2373250275850296 44.31780654191971 2.7754290625453 0.8313021212816238 2.084987983107567 1.402412906289101 47.87525883316994 14.43074321001768 9.189829505980015 113.6410572901368 0 14.27952178567648 42.91089084744453 106.6868776679039 20.36101595312357 54.95870480686426 0.2418368607759476 0.3841183483600616 3.423788942396641 4.414856016635895 0 54.96441073715687 0.9325237646698952 21.50318076461554 5.214536495506763 2.871034249663353 0.4115907251834869 1.292354047298431 0
0 21.72185333073139 0 40.73887407034636 2034.074932597578 1837.116769134998 15.18745832145214 114.305504783988 874.6205530166626 63.75347789376974 2.883031211793423 1137.045228943229 4.322429805994034 19.53168185800314 288.906774148345 0.1053056865930557 0.3730660751461983 1.242196068167686 0.09643290191888809 67.1913364008069 0.2384622693061829 82.28576821833849 0 827.8272418454289 11.07443004846573 2.09201967716217 24.66013666242361 78.77142305672169 11.52830006927252 0.3223436772823334 0.2679166868329048 253.1891543418169 0.5975546538829803 66.6140354424715 0.6141841411590576 79.98304475843906 0.9360465481877327 23.74204279482365 8.366329304873943 773.5520074367523 65.88576769828796 0.4834963083267212 0 0 0.1081216484308243 0 13.62288837879896 0 0 4.410346448421478 0 61.52472122013569 11.37121976912022 0 65.41345915198326 0 0 3.804145574569702 0.2861529290676117 0 0 0 7.299759328365326 0 0.5056147277355194 0.1951161548495293 33.17043149471283 0 0.2363999634981155 0.301461324095726 34.97988667339087 0 0.131110668182373 0 0 0 0 0 4.738389998674393 0 0.2562019824981689 0 21.80211192369461 0 14.83498334884644 0
7.980910636484623 612.9625411108136 60.58539082854986 0.5027293562889099 0.1000178381800652 0.4694131761789322 65.17237864434719 16.49581250548363 627.6288502588868 1.789136201143265 0.7585791125893593 0 16.68593642115593 40.46567057818174 0.1053056865930557 1345.993505291641 45.04315733909607 0.7487442865967751 3.02378935366869 0 2561.004146538675 3508.682035595179 2072.340333633125 2236.344990462065 43.79129337519407 19.3158066868782 7016.674008727074 1387.185205750167 88.83812287449837 443.5171804055572 5.793754614889622 0.1368263810873032 17.46949125081301 258.1377932503819 56.0445833876729 1188.967763781548 128.5287756845355 459.285355463624 366.042767368257 53.56911545991898 6.154812291264534 2.046629779040813 10.17523898929358 13.19128069281578 19.32979233562946 31.27181102335453 0.6777392625808716 0.1292215436697006 0.1145219877362251 125.9679949879646 5.136880688369274 19.86481384932995 1.244506753981113 0.7266385182738304 0.1750462129712105 0.5540169775485992 25.83519271761179 0 1009.204973213375 11.18081475794315 0.4282386228442192 5.499331563711166 0.716848723590374 624.2562923282385 531.1636250242591 553.0272437855601 141.4181484058499 0 18.64779289066792 302.447132602334 146.7513641417027 101.0744525119662 254.9923627302051 0.3823370486497879 0.6943539977073669 10.13855376839638 25.0323017090559 5.552674368023872 149.5435638949275 8.155318602919579 58.30217432975769 23.16456197202206 2.381445780396461 1.265180148184299 0 0
684.2383804395795 28.0630576685071 2438.433783143759 2.7373116761446 1.107087165117264 17.52185206860304 283.6966114044189 687.9320567324758 5.918573476374149 77.43477317690849 390.6378316581249 2.615383759140968 14.62064022570848 1809.234890632331 0.3730660751461983 45.04315733909607 5377.849712014198 384.4094426333904 4916.701880320907 10.63718145340681 638.8934482634068 7.275602459907532 4397.360549494624 44.04512191563845 1.952073067426682 5841.3502497226 8135.534810252488 57.27674008905888 1665.944402210414 593.8105845451355 4.481033764779568 10.45937947183847 226.9178794324398 4498.87905280292 11.17598578333855 658.0202078744769 2109.632067799568 2050.447456911206 732.3267306908965 16.72958547621965 7.689486406743526 19.12831375002861 3.709506846964359 0.3390267640352249 73.11712240427732 63.17378818243742 0 0 0 4.802318036556244 0.6589285433292389 0.5004252195358276 0 0 0 0.6514383628964424 1.408173240721226 0 8.298597574234009 39.34021451324224 1.451319620013237 126.5271658822894 0 4.980328962206841 6.602843694388866 5.253890059888363 1.429724015295506 4.34863793104887 440.4168144613504 764.1751096248627 1.163007386028767 0.07632089406251907 2.863489910960197 1.813342981040478 0 0 7.984864771366119 0 44.70029681921005 24.52561593055725 33.84067688137293 14.38671004027128 0.2099271416664124 0 0 0
5.292964607477188 2.649566695094109 10.76334265619516 1.373614266514778 5.290378056466579 47.34126575291157 6.517671503126621 69.67456018179655 0.375642716884613 25.94344950467348 7841.729463413358 23.56064821779728 125.6035352870822 48.59313073009253 1.242196068167686 0.7487442865967751 384.4094426333904 483.320417098701 882.3042543828487 19.37333350628614 7.093541070818901 1.100047461688519 29.11031924188137 2.273045934736729 11.9803883805871 4777.517978824675 119.1888651922345 1.97162964195013 68.56631746143103 4.132776029407978 44.68540761619806 44.89161082357168 5.210163235664368 2767.973783276975 4.7224176004529 678.5299202725291 1715.548557452857 1946.342666000128 497.971683293581 22.92414973676205 2.307823464274406 67.67903739959002 1.105805613100529 0 7.68768822401762 0.2569842040538788 0 0 0 1.244445219635963 0.1111079975962639 0.6702562049031258 0 11.3613103479147 0.1069894358515739 83.28356724977493 0 0 1.079924292862415 0 25.0765944570303 15.56171886622906 0 0 0.2744269892573357 0.1103730797767639 0.9365831390023232 28.11438016593456 301.974230453372 188.4805761575699 0.7355703115463257 0.1312998384237289 0.3910161703824997 49.97564888000488 0 0 0.710271492600441 0 3.853583514690399 21.45474430918694 4.32062229514122 0.483164444565773 0.2552894949913025 0 4.787208214402199 0
44.41700936853886 4.828018017113209 71.93296757340431 0.09883832931518555 1.344128958880901 6.943462900817394 13.53655079007149 65.37429350614548 0.5912686884403229 8.71638860553503 250.466757312417 3.411394238471985 5.337904326617718 147.5487832948565 0.09643290191888809 3.02378935366869 4916.701880320907 882.3042543828487 3222.555757291615 3.626806125044823 43.31769874691963 1.039813555777073 373.1329986080527 3.670511491596699 10.21999994665384 8854.55968683213 1362.510749109089 2.779119022190571 217.5489788129926 40.42107018083334 3.529280357062817 8.204803764820099 42.52367641031742 3478.082090586424 5.201353579759598 681.3152113109827 842.4865435734391 1199.221218019724 372.723032951355 10.8559392914176 3.652876049280167 10.12702134251595 0.8945937007665634 0.08066921681165695 21.23052445799112 2.846843853592873 0 0 0 0.7796980142593384 0.1210192888975143 0.6436423808336258 0 2.801860988140106 0 20.08820115029812 0.2930406033992767 0 0.9317320361733437 5.074038527905941 18.81881655752659 60.34900112450123 0 0.3780409172177315 0.8619912415742874 0.4771819412708282 0.4961359426379204 14.00102952122688 580.5412705987692 351.4505853429437 0.07999959588050842 0.4916845411062241 0.267391175031662 24.27441473305225 0 0 1.930686220526695 0.8815069198608398 8.280558854341507 8.735729217529297 7.166701011359692 3.100451283156872 0 0 3.229438498616219 0
7.407162219285965 0 9.348696075379848 8687.249801427126 8.606018975377083 787.865194901824 46.47165010869503 445.4734651595354 442.7231712415814 8455.411888726056 42.58806173503399 7663.471426382661 25.89892853796482 564.3890597522259 67.1913364008069 0 10.63718145340681 19.37333350628614 3.626806125044823 3597.553974241018 0.9979501292109489 0.3882268965244293 2.886464200913906 522.5006826594472 2.806140460073948 33.06967164576054 8.776135064661503 6710.322727903724 551.145439222455 3.422209389507771 1.085215792059898 73.62516590952873 13.39540105313063 390.7704522609711 15.70477756112814 694.5032277628779 18.17158450186253 1084.584128051996 134.5668691471219 439.2422839999199 145.3939340412617 11.58147770166397 10.54406140744686 0.49772809445858 0 0 98.66633458435535 0 1.15328212082386 100.1088239476085 3.962403953075409 71.11553949117661 54.26725278794765 0.09816905856132507 65.61900641769171 0.3415254577994347 3.237956084311008 1.712690949440002 0.8430981189012527 0 0 0 26.45951887220144 1.305743813514709 0.1838201135396957 0 210.0690587311983 0 0.8305243253707886 0.3245566636323929 234.1008969992399 4.534464426338673 5.037820532917976 0 0.3314590454101562 1.312917046248913 4.251041047275066 0 23.34997890144587 0.2917946875095367 7.536200657486916 2.711465261876583 13.63963010162115 1.112716346979141 2.170248746871948 0
435.2912888452411 11.15534489601851 3156.129416324198 0.9730320498347282 0.259215421974659 6.620430454611778 2241.661190062761 207.2848548293114 172.924965210259 37.74082893133163 6.212692655622959 0.4259145185351372 7.261292591691017 731.5180100649595 0.2384622693061829 2561.004146538675 638.8934482634068 7.093541070818901 43.31769874691963 0.9979501292109489 15817.49321882427 324.6127171069384 19762.73266362771 1054.289539717138 1.138317085802555 236.3130288571119 3164.327150471509 7653.08508002013 1820.243473216891 8336.791073493659 0 1.588331028819084 300.4981344714761 3748.436971969903 116.0586966499686 2602.84375295788 321.0998795703053 3462.344451725483 1222.212335124612 103.0800506323576 8.44299577921629 5.162161879241467 22.48476056754589 13.40023701637983 3.554176561534405 18.38837935775518 1.557455807924271 0 0.1338379085063934 157.280571334064 7.441445372998714 17.14737063646317 0.8603526577353477 0.509587824344635 0.0989401713013649 0.2789087817072868 25.1366880312562 0 1074.742418378592 9.005421474575996 0.3547005951404572 2.954192787408829 0.2977473512291908 781.8550324961543 404.889886982739 630.4960541278124 135.5440035164356 0.09120836108922958 9.083798974752426 146.5540675520897 155.6151018217206 120.368032336235 330.1020078659058 0.07564628124237061 0.4561523273587227 17.38017529994249 36.59752112627029 9.636455565690994 173.237449362874 7.583441883325577 63.03800882399082 27.41578165441751 2.832798309624195 1.2896498888731 0.3110401332378387 1.431936487555504
5.53553944081068 2751.486949786544 22.12237595766783 0.3115690946578979 3.107024624943733 0.9187799692153931 64.90474954992533 33.31356408447027 3902.307254120708 1.168853126466274 8.165404140949249 8.652396157383919 144.4022172093391 41.26415850967169 82.28576821833849 3508.682035595179 7.275602459907532 1.100047461688519 1.039813555777073 0.3882268965244293 324.6127171069384 1202.314286269248 427.3954414576292 5402.436056293547 427.0567793548107 56.49259378015995 5146.236023426056 123.9416377991438 66.73937032371759 252.4158377796412 44.13812790811062 0.4436816573143005 6.610100604593754 38.46983467787504 4.200697161257267 163.9458321258426 32.04924187809229 46.657848700881 27.11843965947628 81.34629918634892 5.015271477401257 10.52491788566113 1.024399042129517 2.238402545452118 157.8127018213272 234.4647535905242 0.1194944828748703 0.09335318207740784 0 28.2926103323698 2.307502917945385 26.98403356969357 0.6099670231342316 0.8604804500937462 0.3819349706172943 5.38669615238905 6.271504037082195 0 677.8693845868111 32.26466877758503 0.1194977387785912 4.266453079879284 0.4110860452055931 219.3811910375953 286.3216662555933 408.6791727691889 67.6228846758604 6.054028026759624 34.82046050578356 2267.637039370835 39.84703402221203 22.13727459311485 73.70836248993874 2.581729121506214 0 3.998615652322769 16.80247236788273 2.02653294801712 101.4042357653379 13.6220431253314 56.43535038083792 48.70580469816923 3.657201744616032 0 1.247332632541656 0
592.1180809810758 37.98342714458704 15179.00385256112 0.7536775767803192 0 6.158120207488537 390.2565224990249 311.343102440238 56.91324374079704 24.0498223900795 14.13376243412495 0.8277464285492897 18.72859027981758 1033.756244495511 0 2072.340333633125 4397.360549494624 29.11031924188137 373.1329986080527 2.886464200913906 19762.73266362771 427.3954414576292 26494.66204424948 114.0002631247044 2.389378041028976 582.6851912736893 16917.77325939387 549.8436464443803 1121.43241161108 1992.729983910918 1.23198514431715 3.433070041239262 93.80268487334251 4525.608697608113 268.6676104590297 5667.002220578492 1432.487675063312 7204.580623984337 4192.684733875096 281.2573313713074 29.53081180155277 14.90112704783678 47.85114620625973 2.596789725124836 37.82029641419649 97.08509260416031 0 0.08296580612659454 0 15.80825383216143 0.9056917950510979 3.961178630590439 0.2313944175839424 0.1173416748642921 0 0 3.651631630957127 0 612.2458874508739 29.7093725502491 0.8447428941726685 3.923266738653183 0.5254602432250977 229.8892312496901 316.2096112519503 539.0316427946091 24.70110479742289 0.8908842727541924 46.46425621211529 754.561099819839 20.16268705576658 14.56173814833164 55.52270679175854 0.5051958858966827 0 1.391181342303753 19.50604880601168 12.74658243358135 98.369963131845 11.69287117570639 55.12780075520277 25.61354256421328 1.911834143102169 0 0 0.287843182682991
50.88160292804241 922.0036728009582 110.35642118752 2456.314846128225 15.58143888413906 49.5385769456625 1648.409956462681 401.1145739927888 10532.6927972436 772.3657696247101 6.806856617331505 351.0121140182018 50.63286310434341 413.9825589433312 827.8272418454289 2236.344990462065 44.04512191563845 2.273045934736729 3.670511491596699 522.5006826594472 1054.289539717138 5402.436056293547 114.0002631247044 6177.107226230204 115.0378968864679 63.98361901193857 2303.323878645897 7474.503204770386 430.8238876909018 1274.402448616922 14.00113055109978 9.143643587827682 251.5518667027354 220.1753591373563 105.9803711995482 2815.81868314743 135.701215326786 831.2341350540519 662.1242785006762 613.4682726711035 61.81643503904343 18.00543401390314 18.36993302404881 23.9384767562151 18.26515646278858 18.87545742839575 227.6959463134408 0 18.93039201200008 1333.553249001503 51.64149968326092 688.0079055577517 197.1338667571545 2.717227838933468 119.600854948163 2.067063204944134 80.79718562215567 4.184608526527882 295.8234673067927 4.520966053009033 0.8696273043751717 4.062214553356171 102.1227651312947 237.5159631147981 144.4191475212574 76.31388631463051 1994.071644797921 1.25325520336628 18.27426191419363 108.9024986997247 1643.859914906323 160.9407876133919 299.7092783674598 1.078880898654461 1.175260283052921 31.83347947150469 45.66147908568382 2.74679508805275 454.7822586447001 3.437627069652081 183.0630077943206 61.22361616045237 58.16020462661982 8.226509563624859 9.706746451556683 1.835214875638485
0.128435954451561 1580.349002964795 1.354860723018646 0.1856039389967918 0.4424677342176437 1.479193978011608 7.972011029720306 3.929357700049877 99.16847761720419 1.222741104662418 544.0537254810333 12.49979764223099 6011.458355776966 3.371301099658012 11.07443004846573 43.79129337519407 1.952073067426682 11.9803883805871 10.21999994665384 2.806140460073948 1.138317085802555 427.0567793548107 2.389378041028976 115.0378968864679 851.5227505341172 288.4394936785102 4607.739732280374 9.215374737977982 1.854006126523018 6.158237189054489 490.7207919284701 1.253774434328079 0 147.4708740785718 16.3407579511404 571.8707131594419 662.1884238421917 604.0500266999006 133.2511493191123 68.23274556547403 66.35796523094177 996.3851506561041 24.92291831970215 0 36.39719049632549 0.2584803849458694 0 0 0 2.292979426681995 0.3137436658143997 1.700033374130726 0 114.7839745283127 0.09426940232515335 1369.013918213546 1.719198010861874 0 0.5196822732686996 0.46654212474823 24.29533851146698 11.22320008277893 1.441676020622253 1.341229028999805 1.957880824804306 1.385226503014565 1.641132473945618 205.1987971067429 397.0453062355518 695.4048600047827 0.07376276701688766 0.7392287477850914 0.2408662587404251 161.8939789384604 0 0 10.60478948801756 6.788794413208961 238.5608460456133 100.6458333879709 42.30745716392994 10.14698041975498 24.66994231939316 10.16778659820557 75.74950012564659 0
304.3369636759162 240.2921613231301 6341.129303559661 7.054149888455868 4.60008255392313 76.55058772861958 1410.691236622632 349.9040069803596 24.88410452753305 214.2939024046063 2113.435036443174 20.26783405989408 861.511723138392 1033.916093707085 2.09201967716217 19.3158066868782 5841.3502497226 4777.517978824675 8854.55968683213 33.06967164576054 236.3130288571119 56.49259378015995 582.6851912736893 63.98361901193857 288.4394936785102 35034.67843997478 18820.56468400359 195.593268468976 155.3558531552553 469.7640889659524 348.2938791587949 41.63856806606054 21.15497128665447 1994.110198415816 38.31605130434036 4043.033429794014 8420.084588676691 4597.671636372805 2113.274153023958 70.87885246425867 11.64550809562206 126.9131123498082 15.88593469560146 1.198917791247368 430.5891013890505 98.53704781830311 0 0 0.4839977473020554 7.384502857923508 1.641446180641651 8.123638711869717 0.2251518368721008 99.02934198826551 0.1575668305158615 1077.325400747359 9.723305016756058 0.2207920700311661 13.21327347308397 89.08674871176481 361.9322512820363 888.4475043788552 0 3.179467096924782 22.58359083533287 2.654591389000416 8.896883092820644 424.0829317122698 4869.863446362317 5435.30195581913 4.236038036644459 2.68074232339859 5.373100064694881 401.8418785482645 0.2531599402427673 0.4222526475787163 38.18650276213884 2.342102468013763 233.8121147155762 242.0299011990428 176.4743795245886 59.62616737931967 2.195015609264374 0 27.01706467568874 2.00987733900547
101.0194374918938 8438.568330198526 16528.78156046569 3.529308304190636 2.167199052870274 19.1196596249938 1155.735863961279 146.1851948872209 802.8265352621675 74.37421531230211 410.5652020871639 10.079808562994 3260.493391022086 339.9405538365245 24.66013666242361 7016.674008727074 8135.534810252488 119.1888651922345 1362.510749109089 8.776135064661503 3164.327150471509 5146.236023426056 16917.77325939387 2303.323878645897 4607.739732280374 18820.56468400359 54174.27257755399 1339.911175638437 155.8424410000443 297.9103790670633 2047.441057704389 14.32983835041523 23.70771758258343 2589.555350467563 336.2250195816159 10705.32543613017 3437.852361828089 10902.49657581002 9028.84630599618 456.0842747837305 79.73979659378529 84.64959124475718 72.74945523589849 4.994811400771141 3666.076429642737 2851.057768836617 0.3934741914272308 0 3.293512180447578 66.96647378802299 24.41507808119059 16.47476547211409 4.352448962628841 63.27497112751007 0.1046485379338264 735.803978048265 45.76791576296091 0.2639408856630325 957.6144052892923 638.2498452067375 236.3327465355396 1016.08758404851 0.2762690931558609 166.3676974624395 1500.559803910553 756.2311578541994 44.9563701748848 673.8392903059721 7237.205701738596 22953.68703141809 44.88528923690319 10.67720263451338 26.12660113722086 315.0748979970813 0.6295105367898941 0.6266133338212967 144.4021341949701 31.74998851120472 871.8148782029748 290.3130888938904 727.6415935382247 535.0234843119979 12.46288243681192 1.188102439045906 15.1920480504632 4.449613451957703
38.11952948570251 20.95908696204424 660.734835870564 3692.136302866042 3.579427659511566 73.91533575952053 21090.94574427605 276.9283208474517 1732.974907934666 3281.998683996499 2.515967734158039 335.0493492260575 17.23287776857615 345.3138842433691 78.77142305672169 1387.185205750167 57.27674008905888 1.97162964195013 2.779119022190571 6710.322727903724 7653.08508002013 123.9416377991438 549.8436464443803 7474.503204770386 9.215374737977982 195.593268468976 1339.911175638437 11761.58623342961 603.1451095938683 5718.831729523838 0.6522193178534508 6.050199367105961 481.677877061069 377.2822100147605 138.4276003688574 3261.339045874774 112.6828934028745 1292.789343573153 908.3171766325831 140.9844774007797 88.74903579056263 14.72267331182957 23.24262716621161 10.11257985234261 8.141154438257217 12.96731918305159 246.5702553912997 0 13.73448865860701 909.603442043066 39.16635834425688 330.3932096213102 190.7348403781652 1.102022089064121 81.25650043785572 0.9487392902374268 43.46277686953545 2.823025897145271 148.2617685198784 3.720715552568436 0.5315906926989555 2.323228649795055 89.90038196742535 134.906184874475 51.17588209360838 36.68596264719963 1423.785788454115 0.4441634491086006 8.559354074299335 60.40032914280891 1411.874443672597 83.47976864874363 148.1480025425553 0 0.7469753921031952 15.87325540184975 18.91684654355049 9.507172957062721 255.1202794015408 2.542427577078342 100.8044479936361 38.53054202347994 45.41515518724918 5.795134104788303 14.74530038237572 1.291816487908363
