1231.066487729549 2.720858126878738 61.1008492410183 3.879681266844273 0.1774990558624268 8.197342090308666 1479.649372532964 478.2526757121086 29.14346013963223 16.05652970075607 17.69622859358788 1.361095800995827 0.381327398121357 6488.029078327119 1.020330265164375 0.7827691435813904 162.9312964603305 35.7617494687438 67.27850560098886 6.66806261241436 14.60083688050508 1.064042240381241 22.45589704066515 190.2866373360157 0 82.97521660476923 53.61426004767418 401.1167815774679 4002.491058461368 1658.555421605706 0 14.04512044787407 31.50134291499853 186.687425263226 1.741268441081047 60.70943477749825 40.90724559873343 102.1733763366938 11.52139582484961 4.490928664803505 1.741432771086693 1.872515201568604 0.9112489446997643 3.538896828889847 1.426934987306595 0.4868066385388374 0.4248039871454239 0 0 26.21319881826639 1.0818260461092 5.582004256546497 0.909259557723999 0 0.5240213721990585 0 5.548107042908669 0 5.288193233311176 0.6338658258318901 0 0.5177114903926849 1.423176765441895 4.402907028794289 0.143743708729744 1.042809702455997 63.84817542880774 0 1.149869374930859 2.257039196789265 64.46680232137442 22.25268183648586 22.17551774531603 0 0.635080486536026 1.739748418331146 4.579938538372517 0 21.83769011497498 0.6901449114084244 13.04117746651173 4.04022266715765 1.632180936634541 0.5306202620267868 0 0
2.720858126878738 150.1245756596327 135.5840773805976 0 1.446582056581974 0 12.59566607326269 2.793872460722923 604.8210541680455 0.2696457877755165 12.40580956637859 1.098556540906429 645.6425670236349 2.001333929598331 14.84466917067766 189.7312068045139 65.09297396987677 7.297525569796562 98.48396649211645 0.298155888915062 7.430536434054375 2846.434263892472 22.74528595805168 1336.972345210612 3678.325032554567 1166.512930169702 8599.118042178452 89.12350474298 5.337058775126934 2.325504273176193 51.50334528833628 0.1794307827949524 0 84.79766795039177 0.3479620218276978 105.0843257308006 292.2833772674203 169.1992649137974 19.7149857878685 9.674867615103722 0.1106146946549416 446.3316546529531 0.3010353446006775 0.2382252812385559 42.16779723763466 103.6462091058493 0.8096058368682861 0 0 1.396101668477058 0 0.6254015117883682 0 0.6145094633102417 0.1184092685580254 20.9412659779191 0.4407673105597496 0 8.427475273609161 94.07037368416786 7.770345784723759 56.93624705076218 0 1.799092203378677 18.55322602391243 21.77831619977951 11.52165004611015 39.28885418176651 395.3354809880257 1551.720564670861 4.293458893895149 0.5671231523156166 1.510156318545341 22.18906006217003 0.1130829527974129 0 16.23522792756557 0 79.98828896135092 27.59313026070595 60.4515755623579 15.84392791986465 0 0 0.9334826171398163 0.2556813657283783
61.1008492410183 135.5840773805976 3788.318477042019 4.764852732419968 0 154.6261045336723 2829.91428758204 1272.363713435829 3.871576890349388 496.0960663706064 18.37677221745253 0.5556883439421654 18.15792541205883 1161.58227455616 0 20.59882076084614 5322.081658534706 118.026167832315 372.9164380803704 3.960750803351402 2532.86460365355 176.807128764689 10449.04014308751 50.8546157926321 1.045400343835354 10898.72056862712 12633.68278355151 896.1452284157276 175.3197812214494 1599.065070770681 24.00498335063457 9.823504112660885 1.219161577522755 744.5443666353822 8.218065336346626 1631.1642094329 2881.025644540787 1479.719944916666 274.2025134935975 37.76194573938847 2.045844174921513 3.257095649838448 5.681891910731792 0.3365762531757355 321.8769282475114 910.81817753613 0 0 0 9.482872232794762 1.363822773098946 1.566761955618858 0.8179013431072235 1.821545779705048 0 3.333007618784904 4.816239394247532 0 14.30331845581532 179.0862081572413 2.523339450359344 12.86573724448681 0 5.568798817694187 221.2401314526796 593.3110305592418 22.74316273629665 0 43.85432867705822 2310.247559212148 14.35681937634945 4.887190394103527 5.352178148925304 2.429602071642876 0 0 29.5280728712678 1.958067804574966 217.8600823059678 631.5754982382059 106.9719926118851 72.39227587729692 5.473024427890778 0.6977818012237549 0 1.548027008771896
3.879681266844273 0 4.764852732419968 7372.571350991726 21.06265743821859 19.2615133523941 269.241938456893 62.46509083360434 1732.753187276423 6322.381099201739 2.946389138698578 1131.922804586589 1.041579619050026 60.06303788721561 146.5991379097104 0 1.088497377932072 1.707592763006687 0 6925.937650516629 0.3866845667362213 0.2775328159332275 0 3140.428302206099 0 3.653421647846699 1.463630922138691 5841.790299743414 64.9551615267992 0.7334648743271828 0.1828113496303558 7.929723739624023 0 32.70769273489714 2.589189320802689 342.7501219511032 4.137855336070061 97.2322631329298 22.28981498628855 327.3287862166762 14.22217260301113 2.007287204265594 3.659875810146332 7.178193010389805 0 0 315.3819603696465 0.2729905843734741 29.40112791210413 219.6099095642567 7.203461118042469 186.6137082129717 167.189204312861 2.40861177444458 143.8337409123778 0 35.45658161491156 26.2424848601222 1.459362395107746 0 0.1267902553081512 0.2925040125846863 122.8695147410035 1.521707534790039 0.8589162528514862 1.289986602962017 755.2052540034056 0 0.1499140709638596 5.084111362695694 452.3513692170382 31.32523988932371 9.166640557348728 0 1.280132479965687 0.1215062588453293 11.88228853791952 0.1721363961696625 87.14918602257967 1.246950827538967 50.3247753828764 6.527580514550209 223.8641607612371 1.243454501032829 1.549065589904785 0
0.1774990558624268 1.446582056581974 0 21.06265743821859 29.56132065504789 676.7150763422251 5.584554046392441 249.6732604429126 117.1994066238403 9.640300750732422 2.550698935985565 355.2413212731481 1.594336807727814 8.489486284554005 1445.906357720494 0 0 0.4242995232343674 0.109972856938839 31.28700446337461 0 9.125297017395496 0 106.8718969747424 2.038001164793968 0.6035768166184425 3.959663227200508 17.96352721750736 46.30909911543131 0.3145134299993515 0.09280680865049362 184.5980028361082 0 29.24847339838743 0.3027686774730682 49.44669725745916 0.4349592328071594 16.47018567472696 8.930993296205997 1866.501557908952 64.99777121841908 2.21920183300972 3.753316223621368 0 0 0 1.713730372488499 0 0.1604386270046234 1.542901575565338 0 0.7533633410930634 0.7833036705851555 0 2.447993956506252 0 0.1021621599793434 0.1840127557516098 0.3378077074885368 0 0 0 0.263167716562748 0 0.136107936501503 0.1037192046642303 4.062323585152626 0 0 0.2565747275948524 2.202045179903507 0 0.4853837043046951 0 0 0 0 0 2.069640085101128 0 0.5405880585312843 0 5.630866132676601 0 0 0
8.197342090308666 0 154.6261045336723 19.2615133523941 676.7150763422251 14112.02486857772 2086.144011229277 5013.348665341735 30.57985029369593 12499.76001935452 98.5200040563941 5171.664587117732 20.2220881357789 314.7134526669979 1131.054003052413 0.4842402637004852 59.46270372718573 32.30617353320122 17.4907191619277 355.5582083985209 7.582018785178661 0 12.39915783703327 107.9404957294464 1.110967956483364 116.6049578413367 36.15435495227575 164.9432589411736 180.2698074579239 53.93306953459978 1.138222515583038 1309.50107370317 0.2814883291721344 217.0480812415481 4.838671982288361 303.9273507148027 13.89858208596706 348.6355346292257 47.51588793843985 1355.318224065006 241.3799523562193 11.88152802735567 8.085221529006958 1.519295074045658 0.6827755272388458 0.859096348285675 4.457287199795246 0 1.581307962536812 24.66301313787699 0.8299448490142822 3.020974516868591 2.754665344953537 0 7.528203926980495 0 4.175165124237537 0.6023738980293274 0.2333986386656761 0.1949882209300995 0 0.1085655018687248 1.151602774858475 0.6514385789632797 0 0.8395996913313866 34.91796583682299 0 0.09816118329763412 1.308344438672066 27.53843124210835 8.340883672237396 3.855605587363243 0 0 0.6608604341745377 0.8309504687786102 0 12.7791311442852 1.811203435063362 5.200870200991631 1.147589005529881 6.795641660690308 0 0.9822297394275665 0
1479.649372532964 12.59566607326269 2829.91428758204 269.241938456893 5.584554046392441 2086.144011229277 17528.13600473106 4616.789688318968 327.2443508654833 13932.08145850897 36.33846382051706 44.49154298007488 7.947142794728279 12831.07950440794 17.72435506433249 31.32416716217995 360.0266785919666 38.03207535296679 65.80323602259159 223.5506393536925 880.6145134568214 17.09311822801828 648.1654299274087 2000.4398939237 2.60732401907444 957.4878520816565 1205.893754310906 21678.7526954338 1696.302625857294 3322.446772843599 9.275860793888569 91.73553320765495 19.02628938108683 616.3449022397399 49.60881272703409 3485.687781400979 143.1990131363273 1512.725714690983 385.8542744368315 742.0786108002067 143.8502191528678 8.429301880300045 47.40472969412804 50.92186456918716 13.1033116132021 17.359460324049 26.74560259282589 0 5.674267061054707 512.0507963821292 7.55670940130949 117.3562304377556 38.65637249499559 6.613596171140671 3.949299171566963 0.1267572492361069 116.0950611159205 0.1331487745046616 65.78902351856232 5.878346979618073 2.048597417771816 1.429117076098919 8.837023556232452 36.09699708968401 12.98456825315952 32.41299735754728 822.9888949170709 2.310678407549858 3.853227168321609 79.72667442262173 701.2104465141892 227.7332790493965 154.502158164978 0 2.694781742990017 9.693985097110271 65.82765248417854 2.448260232806206 330.2134859412909 14.12520772963762 212.0531649664044 37.91631688922644 22.47380142658949 13.51617246121168 0.3041279911994934 1.519757926464081
478.2526757121086 2.793872460722923 1272.363713435829 62.46509083360434 249.6732604429126 5013.348665341735 4616.789688318968 10898.96925149858 76.1212934628129 3688.061281122267 152.5794550403953 917.5791602507234 39.25424045324326 8244.313583098352 192.2291333973408 1.439524076879025 842.7132099121809 129.4706038460135 224.8309990093112 428.5523669719696 98.9577359110117 3.124120078980923 148.6976782977581 463.8398065716028 0.4492215663194656 775.0101061984897 271.1478019058704 981.3975615501404 718.8906726241112 1278.536763198674 2.131385505199432 840.7846703752875 5.266162186861038 627.9805609583855 3.606717526912689 332.5114851146936 67.65107773989439 368.2430328503251 65.2317800745368 718.704139277339 153.8356533497572 18.27889414131641 11.09501133859158 8.889568738639355 1.751863688230515 6.411592714488506 8.071751914918423 0 1.202018946409225 92.36778625100851 3.24614854902029 21.74783645570278 5.383099548518658 0.3034906685352325 2.588763616979122 0 20.96710334718227 0 5.528566181659698 2.624469801783562 0 0.8841927051544189 2.285518288612366 4.80211191624403 4.101641215384007 6.228882499039173 139.4373280405998 0 4.874434746801853 19.27728061378002 110.0508748590946 42.85677231103182 27.68012943118811 0 0.5335018634796143 2.047410868108273 8.290894523262978 0 46.44161021709442 5.590305976569653 37.04750322550535 10.47417104244232 8.549120277166367 0.1165395602583885 2.631728246808052 1.15883906185627
29.14346013963223 604.8210541680455 3.871576890349388 1732.753187276423 117.1994066238403 30.57985029369593 327.2443508654833 76.1212934628129 2498.209255449474 111.0335994809866 2.462341316044331 574.5899576991796 73.08012269437313 72.26780231297016 584.055045209825 89.38139825314283 1.482478335499763 2.6285495236516 1.611785411834717 745.6851502284408 15.94374510645866 3824.694485545158 43.50855053961277 12140.12851645052 369.4239084422588 50.50936759263277 467.2925421521068 1745.043864838779 99.34451138973236 45.10418207943439 9.346711628139019 8.946150973439217 0.6671755015850067 27.92559143900871 2.289004310965538 121.5995151698589 16.44263964891434 71.74146679788828 14.21741733700037 641.7965898215771 9.452046237885952 4.523744821548462 1.768668703734875 48.86491639912128 9.017062611877918 0.6597353518009186 277.7431567162275 0.247240275144577 17.99195978790522 313.9243834167719 11.36661447584629 51.88909605890512 135.6319684907794 3.588343612849712 90.07928510010242 7.003979705274105 93.68901122361422 10.43124065548182 714.3561234101653 1.531706042587757 0.8933858498930931 1.40701637417078 83.73953421413898 163.5197114944458 43.08613038808107 39.32699794322252 2792.599083639681 8.212686881422997 11.09567085653543 35.4089663028717 969.6247607693076 204.7029503136873 102.1241647303104 2.184026591479778 0.8520643785595894 13.14162100106478 39.99051128327847 2.226216524839401 138.5463156402111 6.158941522240639 113.9188483133912 27.96314027160406 68.8566090464592 2.831482842564583 0 0.7279774099588394
16.05652970075607 0.2696457877755165 496.0960663706064 6322.381099201739 9.640300750732422 12499.76001935452 13932.08145850897 3688.061281122267 111.0335994809866 32884.04062068462 75.66029860079288 6896.429670326412 14.27178435772657 1257.207540914416 29.47542225569487 0.4688022136688232 87.67099345475435 33.85378881543875 15.62376408278942 8938.692049272358 58.84676223993301 0.5100216567516327 58.75083344429731 672.3191471248865 0.7000400796532631 249.3931008204818 84.54584587365389 9450.569554716349 605.7093606889248 44.93101406097412 3.409267358481884 202.4529225900769 0.2643196582794189 375.9563883766532 10.36614011973143 1252.191726006567 37.93522613495588 1097.009941071272 144.5780896320939 430.1577976346016 133.0468883961439 10.37629192322493 35.98139207065105 12.60888958722353 0.621091291308403 3.306178614497185 73.2354881465435 0 7.713428974151611 250.0667436122894 3.682840123772621 40.63385855406523 56.11390311270952 2.676738277077675 29.2525827139616 0 40.02531769126654 3.364522770047188 5.417253106832504 1.670328348875046 0.8926593363285065 0.1235635951161385 23.04846731573343 0.8657917678356171 1.065928444266319 2.277169570326805 360.9923687502742 0.327849417924881 0.5811735615134239 9.042867928743362 233.2727661207318 36.57037377357483 12.44316368550062 0 0.7095218822360039 1.027029678225517 15.4631787315011 1.64924168586731 112.1787307187915 4.920578896999359 50.53853061795235 6.070842482149601 38.26200281083584 0.1971588581800461 0.3405419141054153 1.415679067373276
17.69622859358788 12.40580956637859 18.37677221745253 2.946389138698578 2.550698935985565 98.5200040563941 36.33846382051706 152.5794550403953 2.462341316044331 75.66029860079288 6547.269441612065 118.7512188181281 1930.561703659594 194.6298117488623 10.15417537093163 0.9155041128396988 863.0713395476341 2410.122818805277 916.2165868580341 43.5587856695056 44.33954260498285 1.584819465875626 63.3972460180521 18.5858886167407 408.1771739721298 1271.369093924761 258.2926509976387 25.19911237061024 307.6485250070691 84.74050189554691 94.50051158666611 259.8655422776937 1.228969074785709 10127.30878611654 1.496317490935326 652.1874303221703 4643.5990286991 6936.307002879679 1476.697342686355 64.50283269584179 15.24331137537956 988.6778947710991 5.009250521659851 0 10.40680343657732 0.3322865664958954 0.6910568177700043 0 0 5.851355448365211 0.4130074083805084 0.5277822613716125 0.2197199612855911 31.9702672213316 0.5263114422559738 400.3993499726057 0.8421443030238152 0 0.3903281390666962 0.2593378201127052 21.68082907795906 3.481954656541348 0.1520212292671204 0 0.4795580059289932 0.1725677251815796 6.629035346210003 79.17300355434418 104.5545115619898 141.4169382750988 6.250115364789963 1.696871109306812 1.375247173011303 107.430206514895 0 0 1.04553185403347 0.9327371120452881 16.36666446179152 169.5768945962191 7.230355739593506 1.442284382879734 0 0 80.32419703900814 0.7093513011932373
1.361095800995827 1.098556540906429 0.5556883439421654 1131.922804586589 355.2413212731481 5171.664587117732 44.49154298007488 917.5791602507234 574.5899576991796 6896.429670326412 118.7512188181281 9927.083540871739 17.68383668363094 573.8247731998563 1707.777321085334 0 0.8336188346147537 41.69998391717672 4.954411074519157 5098.378541216254 0.1205189079046249 4.936186112463474 0.6500806882977486 641.5279970765114 2.742203541100025 29.15253470093012 7.034777283668518 573.2348092868924 347.7745174989104 2.484872721135616 1.442638762295246 398.8984913527966 0 285.9321086034179 4.72339029610157 1057.602749437094 13.51926336437464 791.760668091476 42.54088928550482 2966.618443153799 45.52445424348116 7.741000898182392 10.92645206302404 2.608718395233154 0 0 153.1058274954557 0 10.3326356112957 48.18231561779976 2.411370068788528 27.44438795000315 159.5314651802182 0.1994874328374863 207.2159043774009 0.272415965795517 9.152489215135574 15.55259649455547 0.4649097621440887 0 0.1803118288516998 0 59.01751796156168 0.1207218170166016 0.1657795459032059 0.2380841076374054 151.1315904334188 0 0.120930440723896 0.2338047549128532 88.31223552674055 4.735435642302036 3.12108251452446 0 0.6447865292429924 0 2.755668580532074 0 36.13945629447699 0.3867470622062683 8.080828756093979 2.946644857525826 207.8085336610675 0.4557082653045654 0.7537550181150436 0
0.381327398121357 645.6425670236349 18.15792541205883 1.041579619050026 1.594336807727814 20.2220881357789 7.947142794728279 39.25424045324326 73.08012269437313 14.27178435772657 1930.561703659594 17.68383668363094 3106.2434726879 31.56190542131662 3.45456912368536 13.09348604083061 11.91000830382109 445.1535609215498 7.675801053643227 21.12866431474686 10.88816598057747 184.6539271101356 16.95067474991083 148.9003676995635 6349.985197141767 391.121634863317 4745.111890897155 32.5136915743351 35.69697246700525 8.006146259605885 323.6737713217735 155.6672838330269 0 986.3935518413782 68.47506764531136 3401.058868527412 10367.0354392156 6237.490809559822 1019.665445111692 179.8294008523226 283.2595075592399 2347.222398042679 19.93453414738178 0 77.55354712158442 1.151315234601498 0.2636818587779999 0 0 0 0 1.404895216226578 0 391.915538623929 0.2022572755813599 3231.027608275414 0.3094266057014465 0 0.9215058609843254 0.2633696049451828 86.27319002896547 12.15657252073288 0 0.1382953077554703 8.849268786609173 0 6.079378508031368 1199.46490136534 565.7238273844123 842.6373724862933 3.24261549860239 0.8877284601330757 0 770.9579380005598 1.666755676269531 0 1.876438595354557 12.79454705119133 342.5751218944788 1843.222810477018 70.2427344173193 23.45575897395611 0 1.099629789590836 662.7072436586022 2.477534085512161
6488.029078327119 2.001333929598331 1161.58227455616 60.06303788721561 8.489486284554005 314.7134526669979 12831.07950440794 8244.313583098352 72.26780231297016 1257.207540914416 194.6298117488623 573.8247731998563 31.56190542131662 13535.00485195965 37.75429949164391 2.032356470823288 965.6479902639985 187.0051817893982 284.2485169321299 384.5651189684868 140.7853434979916 3.412176124751568 198.7461155280471 504.397395208478 1.952862769365311 644.1904646009207 290.1206393912435 1177.17146948725 3253.144740171731 3685.32266484201 3.949208177626133 87.20176927745342 8.284559652209282 823.9570814967155 8.398410424590111 652.5156946629286 90.27295459806919 1073.730917081237 89.60154855251312 346.9931281432509 62.66902107000351 14.93489398807287 22.07601507008076 10.09153365343809 2.260277137160301 3.777841784060001 2.517751231789589 0 1.469969868659973 77.12041813135147 3.408120088279247 15.82563574612141 4.160034760832787 0.4649931788444519 1.333793953061104 0 16.47647751867771 0 6.891936466097832 1.692504085600376 0 0.5779104307293892 2.971760451793671 3.741225317120552 2.804494887590408 7.502053238451481 170.0955503806472 0.325058251619339 5.045718722045422 19.46764355152845 141.0800848677754 45.67100642621517 27.24071346223354 0.1088074818253517 0.2843521013855934 3.49477581679821 10.48420325666666 1.033814549446106 54.27660696208477 5.818555474281311 33.42208182066679 7.41388776153326 3.196978494524956 0.5305549278855324 0.6299468874931335 0.5072568655014038
1.020330265164375 14.84466917067766 0 146.5991379097104 1445.906357720494 1131.054003052413 17.72435506433249 192.2291333973408 584.055045209825 29.47542225569487 10.15417537093163 1707.777321085334 3.45456912368536 37.75429949164391 505.4427156299353 0.6169649809598923 0.1220173388719559 2.190339654684067 1.016260996460915 120.7390511780977 0 63.7326824516058 0.3380917459726334 965.0330662950873 14.02903665602207 4.139361083507538 23.11638105660677 103.9324872866273 32.98468337953091 0.248248964548111 0.8131129965186119 353.457706168294 0 40.50111855566502 2.06793013215065 129.2755303829908 1.360472783446312 50.34106924384832 4.320751793682575 1166.240285843611 37.21723531186581 2.078959666192532 1.270234107971191 0.1381134986877441 0 0 3.301354929804802 0 0.711395300924778 2.506518706679344 0 3.375669024884701 4.46575915813446 0 3.856527388095856 0 0.5976304560899734 3.924987286329269 2.289149530231953 0 0 0 3.350977182388306 0.538779154419899 0.6913517490029335 0.1412567645311356 7.181050382554531 0 0 0.2678930312395096 5.853617243468761 0.6625032126903534 0.7185994312167168 0 0.1032124161720276 0 0 0 5.429242447018623 0 1.654522955417633 0.1425941586494446 20.08869426697493 0 0.3199555426836014 0
0.7827691435813904 189.7312068045139 20.59882076084614 0 0 0.4842402637004852 31.32416716217995 1.439524076879025 89.38139825314283 0.4688022136688232 0.9155041128396988 0 13.09348604083061 2.032356470823288 0.6169649809598923 4867.089415550232 16.45522880554199 0.4056286662817001 4.066689521074295 0.7324041277170181 936.6536474823952 2202.086860142648 6477.75658005476 1846.025603547692 44.88426951318979 38.08556013554335 5244.701264582574 1509.857179276645 9.04876022785902 45.83184817433357 3.929839476943016 0 0.3049456626176834 57.14959950745106 10.39115220308304 1240.189716443419 119.3752605468035 224.1984308958054 174.3913442492485 32.05394549667835 0.1772049963474274 1.511779427528381 12.78697487711906 2.632724650204182 16.56163346767426 13.3287111967802 0 0 0 3.489847205579281 0 1.195446819067001 0 0 0.1075079888105392 0.2712796926498413 2.862236090004444 0.1471467465162277 2856.941933296621 5.116187632083893 0.4841362610459328 3.059797890484333 0 390.8304394856095 845.8380217403173 1009.681334890425 110.7546408176422 0.38975989818573 11.89074105024338 763.7470907494426 217.6030892580748 23.77961415797472 66.64805149286985 0.8153288662433624 0 2.928324267268181 5.55662652105093 0.305163562297821 305.9083160534501 19.76103679835796 10.15382044017315 4.209275960922241 0.5281337946653366 0.1377930343151093 0 0.1377472877502441
162.9312964603305 65.09297396987677 5322.081658534706 1.088497377932072 0 59.46270372718573 360.0266785919666 842.7132099121809 1.482478335499763 87.67099345475435 863.0713395476341 0.8336188346147537 11.91000830382109 965.6479902639985 0.1220173388719559 16.45522880554199 766.0230350494385 601.1056271716952 4281.126844599843 0.946303516626358 858.2528720498085 25.76417850703001 3493.707281529903 27.1343440413475 4.109269231557846 3270.922518499196 6848.474677294493 66.31850337982178 656.7151844725013 3240.508540824056 3.74677612632513 8.888839386403561 13.04637736082077 2275.896023593843 2.764935255050659 1113.30472215265 3631.443605713546 755.0060919374228 201.6432882547379 17.19510456174612 1.223132841289043 14.9782500565052 6.911215178668499 0.3542761728167534 87.92008986324072 153.1700595766306 0 0 0 1.048254579305649 0 0.2433687895536423 0 0.8663092255592346 0 0.6136472374200821 0.09704776853322983 0 3.8095358684659 92.84365423768759 2.298503950238228 37.50875157117844 0 1.47358676046133 12.58139858394861 34.59621890634298 6.224887728691101 1.496448665857315 113.9272239431739 543.5117280334234 4.484907150268555 0.3669813871383667 1.71051337569952 1.346685037016869 0 0 12.04009591042995 0.3423419892787933 50.74388574063778 370.8413244709373 37.8062531799078 15.53360303491354 1.603387072682381 0 0.265051044523716 0.1911525130271912
35.7617494687438 7.297525569796562 118.026167832315 1.707592763006687 0.4242995232343674 32.30617353320122 38.03207535296679 129.4706038460135 2.6285495236516 33.85378881543875 2410.122818805277 41.69998391717672 445.1535609215498 187.0051817893982 2.190339654684067 0.4056286662817001 601.1056271716952 78.73923386633396 2230.997093424201 15.73445626348257 43.12687380611897 2.604456178843975 119.9143689274788 7.511578254401684 48.69775280356407 2626.967592336237 723.3063733130693 15.91529728472233 207.0442594960332 201.6164798587561 274.8787287771702 50.35615652054548 1.675787962973118 2390.162070013583 2.88579548895359 1019.027778103948 1867.416275344789 2789.790951132774 567.088279440999 28.33102163672447 4.543330788612366 33.51168566942215 2.483215883374214 0 10.51106979697943 1.187381640076637 0 0 0 1.135886631906033 0.0954466387629509 0.3810669481754303 0.1671980023384094 10.85394407808781 0 62.81157419085503 0 0 0.9804950132966042 1.898794256150723 26.76540887355804 10.04215084761381 0 0 0.8767964467406273 0.4234290271997452 3.541112817823887 21.52358992397785 206.1907293871045 247.1529511362314 0.7465562969446182 0.2050454765558243 0 64.51299655437469 0 0 0.5998149588704109 0.1819452047348022 10.07261952757835 31.00358597189188 4.638530798256397 0.5421822071075439 0 0 3.107485383749008 0
67.27850560098886 98.48396649211645 372.9164380803704 0 0.109972856938839 17.4907191619277 65.80323602259159 224.8309990093112 1.611785411834717 15.62376408278942 916.2165868580341 4.954411074519157 7.675801053643227 284.2485169321299 1.016260996460915 4.066689521074295 4281.126844599843 2230.997093424201 3508.351660639048 2.482589043676853 133.9760941788554 4.402368023991585 787.6414372995496 10.62376061826944 4.071181043982506 6521.089243508875 1413.800625443459 16.14470256119967 295.9252566993237 768.9052593559027 12.77401968836784 8.692050978541374 4.321176685392857 2686.163035988808 0.8687739372253418 429.813140399754 1162.50636523962 1159.08010007441 134.4445706903934 9.026775054633617 1.335244372487068 4.054490357637405 1.379721909761429 0 37.88966779410839 39.43335693329573 0 0 0 0.1509110927581787 0.356315404176712 0.3912818878889084 0 0.9282533377408981 0 2.602999068796635 0.3779936730861664 0 0.3608531653881073 44.51802612096071 2.589741453528404 69.78646110743284 0.5773353576660156 0.8795686960220337 1.483637362718582 2.454755634069443 1.515078611671925 2.030721247196198 289.9888953641057 314.6200486049056 2.526388019323349 0 0.1757248118519783 4.907471559941769 0 0 3.954739533364773 0.194360226392746 33.61685578525066 223.0276587307453 24.19548505544662 3.743449240922928 0 0 0 0.2408212870359421
6.66806261241436 0.298155888915062 3.960750803351402 6925.937650516629 31.28700446337461 355.5582083985209 223.5506393536925 428.5523669719696 745.6851502284408 8938.692049272358 43.5587856695056 5098.378541216254 21.12866431474686 384.5651189684868 120.7390511780977 0.7324041277170181 0.946303516626358 15.73445626348257 2.482589043676853 1207.234301246703 0.4373016357421875 0 0.6209835410118103 730.7451286166906 1.392290115356445 12.7250959277153 3.962137289345264 2162.432893551886 334.4028323367238 2.143066853284836 0.621415302157402 101.6302880868316 0.2862970232963562 212.8747895732522 8.385777294635773 1440.421695917845 22.57085753977299 655.6278477460146 87.30730230361223 886.2247983813286 80.28714430332184 6.995170392096043 27.04947689920664 17.24931787699461 0 1.1888188123703 364.9737975522876 0.3867001831531525 43.36205171048641 666.682661049068 16.99695116281509 160.4194632694125 229.2718462795019 3.859197080135345 146.1745596751571 0.9268823564052582 90.60132835805416 24.85632354021072 2.928675934672356 1.792204082012177 0.9072531163692474 0.3746596574783325 123.2684741020203 3.196511745452881 0.9450831711292267 2.602715194225311 1131.07327863574 0 1.592801600694656 3.345500260591507 698.5592004880309 97.75106214731932 55.44875169545412 0 2.23806768655777 4.775770492851734 34.47981879115105 1.390528470277786 207.3802873939276 2.149427682161331 117.8578162267804 20.81171675026417 314.310219168663 0.5172933787107468 0.353808656334877 1.715534299612045
14.60083688050508 7.430536434054375 2532.86460365355 0.3866845667362213 0 7.582018785178661 880.6145134568214 98.9577359110117 15.94374510645866 58.84676223993301 44.33954260498285 0.1205189079046249 10.88816598057747 140.7853434979916 0 936.6536474823952 858.2528720498085 43.12687380611897 133.9760941788554 0.4373016357421875 9123.449845209718 33.74164569377899 15580.1933459416 173.2437706887722 9.954821489751339 125.0137800425291 1510.786944493651 3792.299730144441 159.9162437319756 9544.697284735739 0.8944868817925453 1.462631955742836 24.50556901097298 4073.384903341532 91.46321063488722 10362.6341060102 1390.61174531281 6414.181339338422 2891.358399257064 359.3442964106798 7.63404868543148 4.681531146168709 133.8594046831131 7.355869352817535 2.109138756990433 3.61653033643961 0 0 0 5.81431732326746 2.104476727545261 1.615601003170013 0.7310247719287872 0 0 1.965621538460255 8.013593532145023 0 834.9645881876349 4.984548307955265 0.2855775505304337 0.5854727327823639 0 495.4681538641453 90.39888317883015 149.1377552673221 136.0250163599849 0.2942744195461273 2.70452056825161 70.40966549515724 354.1945199742913 52.21619982272387 147.7164730206132 0 0 6.17466052621603 6.310622148215771 2.73354896903038 118.93952139467 7.93168006837368 8.171331398189068 4.823303580284119 0.4875828325748444 0.2517227530479431 0 0.9663339853286743
1.064042240381241 2846.434263892472 176.807128764689 0.2775328159332275 9.125297017395496 0 17.09311822801828 3.124120078980923 3824.694485545158 0.5100216567516327 1.584819465875626 4.936186112463474 184.6539271101356 3.412176124751568 63.7326824516058 2202.086860142648 25.76417850703001 2.604456178843975 4.402368023991585 0 33.74164569377899 1800.50657261163 470.452130317688 6765.298704698682 1242.154813617468 145.9059475883842 5575.806681990623 467.1869752630591 3.296955667436123 4.227611757814884 23.44801737368107 0 0 24.69959653913975 0 47.37048253417015 50.66992999613285 42.21206948906183 9.302670493721962 51.52368848770857 0.2607258856296539 25.04804308712482 0.1576665043830872 0.7340018153190613 31.59736360609531 172.8297491371632 1.357033416628838 0 0.1130390986800194 3.063349105417728 0.1513771861791611 7.561905279755592 0.1370835900306702 0.318566307425499 0.886854499578476 8.372600860893726 2.464476346969604 0 1135.325353637338 31.25067353248596 1.841811172664165 6.626876533031464 0 84.94010079652071 153.4894906133413 530.1479033976793 105.2013892754912 4.040053069591522 45.05307044833899 1947.295203961432 109.8181816488504 6.175220482051373 18.57363256812096 5.023934029042721 0.2009470015764236 0.216462641954422 5.098546743392944 0.1750562936067581 70.33536233752966 25.27354934811592 23.17888709902763 15.14553788304329 1.184138536453247 0.1274687498807907 0 0.1808284819126129
22.45589704066515 22.74528595805168 10449.04014308751 0 0 12.39915783703327 648.1654299274087 148.6976782977581 43.50855053961277 58.75083344429731 63.3972460180521 0.6500806882977486 16.95067474991083 198.7461155280471 0.3380917459726334 6477.75658005476 3493.707281529903 119.9143689274788 787.6414372995496 0.6209835410118103 15580.1933459416 470.452130317688 16793.26247314364 1587.297034993768 6.128624320030212 1309.335181206465 11582.9626326859 2121.358025118709 137.5120705664158 6496.226239711046 5.044523373246193 1.71633955091238 8.496807120740414 3982.335823044181 129.9171417579055 13681.60232613236 7343.558793105185 9604.520897939801 5933.94175067544 715.5393620803952 9.818965256214142 8.208131209015846 151.7075390890241 0.1843209117650986 12.30335848033428 220.81242082268 0 0 0 2.143222242593765 0.2570440173149109 0.1177527084946632 1.90083235502243 0.2793028056621552 0 0 0.7693180441856384 0 3314.251449458301 16.51294193416834 0.3443237394094467 1.976431272923946 0 218.5136598348618 859.3248382210732 1802.888160564005 79.89130514115095 0.2191311866044998 10.47622054815292 2325.592043757439 89.85401666909456 7.34313165396452 23.34200368076563 0.3139025270938873 0 1.975736357271671 3.945497453212738 5.238679647445679 585.8427736461163 56.96761678159237 27.9089892655611 35.24773468077183 6.511677533388138 0 0 1.128662928938866
190.2866373360157 1336.972345210612 50.8546157926321 3140.428302206099 106.8718969747424 107.9404957294464 2000.4398939237 463.8398065716028 12140.12851645052 672.3191471248865 18.5858886167407 641.5279970765114 148.9003676995635 504.397395208478 965.0330662950873 1846.025603547692 27.1343440413475 7.511578254401684 10.62376061826944 730.7451286166906 173.2437706887722 6765.298704698682 1587.297034993768 13445.06632042676 787.3472781255841 168.2787762135267 3905.294621184468 9640.68224670738 842.2700822651386 578.0308360755444 31.32196713984013 42.06616275012493 20.60167682915926 236.297863714397 16.6950640976429 1519.084463007748 72.74202433228493 563.3384030535817 146.8593485057354 1170.403978407383 54.58670308440924 21.7717809304595 21.02029316872358 128.9381765276194 30.86656736582518 14.96402611583471 308.3633301332593 0.1345081478357315 26.92572117596865 864.8459554091096 22.72168181836605 1013.584597028792 166.7271680235863 10.42057888954878 96.71259334683418 4.077459096908569 231.2309197112918 17.44230951368809 1523.020019337535 14.74570394307375 4.259821265935898 8.511067844927311 88.75149422883987 680.9439124837518 512.4454932659864 217.8030431345105 4185.880910739303 5.080310367047787 27.76483882218599 113.338068947196 2814.978621914983 698.7248372286558 592.6970024853945 3.428922839462757 3.911229096353054 52.93245814740658 146.5886629149318 4.268533028662205 631.8136888444424 23.83226226270199 376.5993543788791 93.49651170521975 170.0065930038691 13.37853340804577 0.5562853962182999 4.116409040987492
0 3678.325032554567 1.045400343835354 0 2.038001164793968 1.110967956483364 2.60732401907444 0.4492215663194656 369.4239084422588 0.7000400796532631 408.1771739721298 2.742203541100025 6349.985197141767 1.952862769365311 14.02903665602207 44.88426951318979 4.109269231557846 48.69775280356407 4.071181043982506 1.392290115356445 9.954821489751339 1242.154813617468 6.128624320030212 787.3472781255841 1025.658785201609 498.0646994486451 4868.947755485773 61.82906996458769 5.511603221297264 5.893484562635422 372.034644022584 3.698660925030708 0 104.5301563739777 1.100878119468689 566.174458950758 882.3277153372765 1400.92919164896 143.0898711979389 75.14406505227089 13.1690067127347 1570.835429757833 1.70790684223175 0.09720993041992188 165.5494556576014 0.6689106523990631 0.7879730761051178 0 0 0.4542580991983414 0 2.15591761469841 0 46.93764269351959 0 552.1046387851238 0.2270901203155518 0 1.822586752474308 0.5789365172386169 52.29219584912062 9.630897015333176 0 0.3651688024401665 6.097727611660957 0.1297588646411896 8.242775335907936 285.3453153371811 519.3032256141305 971.6255605518818 2.404991820454597 0 0.5240511372685432 248.2380052655935 0 0 3.023253500461578 0 160.5438498258591 198.4828873053193 9.266167759895325 1.982383131980896 0.2307020127773285 0 121.4111626148224 6.393576145172119
82.97521660476923 1166.512930169702 10898.72056862712 3.653421647846699 0.6035768166184425 116.6049578413367 957.4878520816565 775.0101061984897 50.50936759263277 249.3931008204818 1271.369093924761 29.15253470093012 391.121634863317 644.1904646009207 4.139361083507538 38.08556013554335 3270.922518499196 2626.967592336237 6521.089243508875 12.7250959277153 125.0137800425291 145.9059475883842 1309.335181206465 168.2787762135267 498.0646994486451 22444.15693281591 17031.88118461519 171.2922655045986 323.5953391566873 493.4883129298687 711.4404607564211 43.74136409908533 5.042045295238495 3446.367813050747 16.46299187093973 5230.039695858955 8667.299546465278 6462.165814861655 988.4981255531311 114.214671574533 5.676222622394562 48.01219096034765 8.227702632546425 0.3370542302727699 1043.89311568439 331.1537620425224 0.1276227384805679 0 0.2196336910128593 3.929595492780209 1.382232010364532 3.87602686136961 0.4814042448997498 44.8089841157198 0 587.3249913826585 2.344461224973202 0.6478646099567413 6.746467389166355 346.6691487580538 232.7332643643022 661.8609671071172 0 1.534988351166248 29.16386034339666 16.86091239750385 43.85401353985071 358.4619601070881 4963.384783014655 7029.7766854316 7.352533563971519 2.531748108565807 4.154959738254547 448.4786512479186 0 0 48.36174526810646 1.436030097305775 284.2389364466071 1466.334807738662 207.5352512747049 49.16014778614044 1.223697572946548 0.5186852961778641 8.189629398286343 0.8873237669467926
53.61426004767418 8599.118042178452 12633.68278355151 1.463630922138691 3.959663227200508 36.15435495227575 1205.893754310906 271.1478019058704 467.2925421521068 84.54584587365389 258.2926509976387 7.034777283668518 4745.111890897155 290.1206393912435 23.11638105660677 5244.701264582574 6848.474677294493 723.3063733130693 1413.800625443459 3.962137289345264 1510.786944493651 5575.806681990623 11582.9626326859 3905.294621184468 4868.947755485773 17031.88118461519 43625.83909766376 2712.944245159626 256.7019759938121 389.5272013545036 3198.402486056089 10.56849502027035 8.437294520437717 4617.924427226186 73.32822121679783 10022.81709046662 4414.06749715656 9631.513200812042 2160.278661295772 344.0861933678389 16.29485929757357 55.68015825748444 38.00140158832073 2.670754171907902 3082.4823634848 1969.181472934783 1.509555995464325 0 0.1903077661991119 28.51323513686657 3.113517485558987 5.752927534282207 2.133214205503464 40.70322106778622 0.2112481743097305 530.3425680547953 8.086251653730869 0 902.5631485506892 572.5617001280189 217.0774250030518 471.3800839930773 0 20.9211308658123 1551.658062778413 2243.088477291167 103.902512408793 401.7194420173764 4279.570957303047 14829.86609387398 63.3324911147356 11.53628082573414 14.43917702883482 549.5973114073277 0 0.4016038849949837 115.2929718792439 4.284615352749825 794.1654181703925 1662.372376687825 384.4267703667283 191.9953205659986 21.28610356897116 1.064201004803181 11.42066590487957 1.908357933163643
401.1167815774679 89.12350474298 896.1452284157276 5841.790299743414 17.96352721750736 164.9432589411736 21678.7526954338 981.3975615501404 1745.043864838779 9450.569554716349 25.19911237061024 573.2348092868924 32.5136915743351 1177.17146948725 103.9324872866273 1509.857179276645 66.31850337982178 15.91529728472233 16.14470256119967 2162.432893551886 3792.299730144441 467.1869752630591 2121.358025118709 9640.68224670738 61.82906996458769 171.2922655045986 2712.944245159626 24758.96440766752 2428.027543596923 10657.60849421471 2.901396043598652 106.3682924732566 213.6532031670213 821.2297518253326 68.24597029387951 5133.614271558821 223.4707036688924 1842.341965779662 622.0278959423304 529.7447188198566 108.049599468708 34.39308069646358 74.58432913571596 138.4553574025631 13.55764893442392 10.40171109139919 242.0337126031518 0.3961842358112335 29.97515207529068 1184.046897798777 30.81174435466528 386.2302414923906 170.2635882645845 14.17226578295231 54.38524320721626 3.477142907679081 285.1189212575555 5.893165305256844 864.5150870457292 14.02213042229414 4.083569265902042 6.317546531558037 71.47387408465147 543.2144324108958 159.4161429181695 150.958830177784 3045.336267620325 3.990413382649422 8.871097952127457 109.8731270879507 2629.456328287721 779.1982234194875 742.6090921163559 1.145170994102955 5.835106611251831 64.99098624289036 144.866707675159 7.227909497916698 728.1689474433661 27.14481122791767 446.9152897521853 93.15901308506727 118.2550957277417 13.65042310208082 4.834149658679962 11.81039597839117
