2314.548718728125 4.040975354611874 110.5132234692574 1.057651340961456 0 29.44331564754248 3506.876040115952 1244.008619837463 8.0231664031744 24.98511674255133 141.2179627865553 4.070039823651314 9.310217313468456 9825.202279619873 0.1322121322154999 0.5513116493821144 81.6055276170373 38.5761524066329 92.73764955997467 2.006281785666943 24.43555018305779 9.865286752581596 175.9473288953304 56.60046089440584 1.451591692864895 91.59343409538269 93.82653158158064 120.6262678727508 6334.276388347149 4568.120221115649 0.991966187953949 43.62420810759068 291.7847167775035 350.6445009484887 1.246869489550591 42.83209314197302 24.28853367269039 573.1421090438962 28.80786001682281 2.889352768659592 13.18533250689507 1.579277187585831 0.2451595515012741 0 0.9280795007944107 0.8642723858356476 0 0 0 4.616914868354797 0.169850081205368 1.200961112976074 0 0 0 0.4828613698482513 0 0 13.70188018679619 0 0 0 0 7.209999464452267 1.062439143657684 3.505231328308582 8.928139999508858 0.6523214802145958 5.262313053011894 8.887711241841316 8.119093686342239 1.446813374757767 3.449602603912354 0.1131573468446732 0 0 0 0 6.462473571300507 0.5355839133262634 0.8710604906082153 2.119606614112854 0.7441897988319397 0 0.1623250246047974 0
4.040975354611874 476.3131300508976 14.72023773193359 0.1337459087371826 1.806567259132862 8.247912049293518 30.22391881048679 18.18285607546568 735.1088338047266 9.341630861163139 263.0177611112595 29.97593944519758 376.5290600806475 27.95670103281736 39.59136579185724 220.1888867467642 86.6484115421772 14.85856299102306 159.776092633605 0.5053531527519226 31.31912163645029 2821.491792559624 20.01520603895187 1305.293132171035 2648.395596191287 243.4723848998547 6683.697402387857 86.9628913551569 35.11596987396479 25.08654595911503 9.759590908885002 5.22474118322134 3.495036765933037 162.9646618813276 1.530531518161297 172.2856662273407 152.5868044123054 282.087044633925 49.49574771523476 17.40695298463106 4.484749466180801 150.4395437836647 0 0.4158768504858017 275.8023961931467 9.562004089355469 0.1574096828699112 0 0 1.445444568991661 0.2082542032003403 4.597034379839897 0.3890227526426315 14.03315207362175 0 125.8482423275709 1.063732475042343 0 5.995849885046482 0.8104496002197266 1.905676811933517 14.42756022512913 0 0.6350364685058594 6.293110832571983 0.7150288745760918 7.159492015838623 86.2857628762722 494.0749306976795 2415.701057590544 4.784202083945274 0.5148849934339523 0.8881855234503746 26.25906148552895 0 0 1.632308930158615 0.1840213388204575 33.51236378401518 38.13725537061691 32.03625486791134 1.826674222946167 0 0 8.945325136184692 0
110.5132234692574 14.72023773193359 5423.232648789883 0 0 340.1681763529778 1471.717853337526 432.2221131771803 0.9924387186765671 176.348745405674 63.133570574224 6.577488668262959 6.241066701710224 649.8975233882666 0 2.288619875907898 6588.566298872232 77.95268474519253 298.6139516234398 0.1200934424996376 1029.62049728632 13.08691492676735 6073.948844507337 7.488168485462666 4.484698794782162 7137.324852518737 9015.821971736848 259.6012915149331 80.1368819475174 1265.005748562515 0.6335252970457077 8.640617907047272 13.08211921155453 1060.862707592547 45.13948580622673 2616.942393101752 3416.926417849958 3399.052398979664 698.1801705658436 58.5044619590044 12.76412524282932 4.261924371123314 6.330553472042084 3.325074605643749 268.0106502324343 416.8186126053333 0 0.1334706246852875 0.09104534238576889 10.34594916552305 3.610120110213757 8.828992262482643 0.6743049472570419 0.3539721071720123 0.4940174967050552 1.13038344681263 15.73887059092522 0.4527734220027924 43.55162650346756 15.11369232833385 2.204712852835655 40.56332728266716 0 32.50096809864044 14.86472435295582 33.03687100857496 8.475295782089233 3.131959155201912 1360.73252928257 2901.361628569663 5.550554528832436 9.996805004775524 15.01197812706232 0.6219385266304016 0 0.4587532877922058 16.64280739426613 0 90.06520095467567 273.3889362514019 61.77672873437405 19.73534214496613 2.587396591901779 0 0.1169448867440224 0.4954856038093567
1.057651340961456 0.1337459087371826 0 2517.96863040328 2.599881961941719 60.04505626112223 95.86089758574963 31.96923276782036 1435.680752456188 2980.544463589787 3.656880870461464 4246.537403672934 3.055373176932335 19.19722746312618 80.91438116133213 0.367598369717598 0.3605214953422546 0.4186126515269279 0.1115352883934975 5783.106567509472 0 1.728723004460335 0.09719270467758179 3991.056707248092 0 0.4295491352677345 1.26380866765976 7538.267718277872 28.92122443765402 2.153427340090275 0 3.924470514059067 1.909699738025665 11.49574139714241 9.888776622712612 226.34264665097 1.5051534101367 90.0697110965848 30.90825892984867 44.8272976577282 23.62128043919802 0.3097877204418182 4.092764779925346 1.716604501008987 0 0.5286955237388611 288.329398021102 2.230176836252213 65.88181681185961 301.8698961287737 47.95759227126837 192.7524271160364 370.3161429166794 2.585223086178303 287.0718692541122 0.3579124212265015 27.74798965454102 17.91056190431118 2.705299846827984 0 0 0.1049916222691536 147.8225684165955 2.257734194397926 0 1.716381072998047 596.8420711457729 0 0.170471653342247 0.783367708325386 918.6956032142043 13.4297603815794 0.608961820602417 0 0.8610391616821289 1.636124283075333 3.595640525221825 0 21.10851459950209 0 31.27875056117773 4.431857101619244 112.6175065785646 0.4429649114608765 0 0
0 1.806567259132862 0 2.599881961941719 0 110.2530326098204 0.315466620028019 18.97200687974691 151.6963790282607 1.332285366952419 0 97.10643939673901 0.1145634427666664 0.7761129885911942 996.8967031389475 0 0 0 0 3.233885020017624 0 5.783901944756508 0 27.40105623751879 0.2456227168440819 0 0.6327877193689346 3.475257195532322 6.79338014125824 0 0 19.87801299244165 0 14.90803196281195 0 11.35288931429386 0 11.1387927159667 3.413900628685951 1414.680743947625 16.59024041891098 1.473252892494202 0.7227421998977661 0 0 0 0 0 0 0 0 1.542164176702499 0 0 1.563588589429855 0 0 0 0 0 0 0 1.811544984579086 0 0 0 0.9360233843326569 0 0 0 0.6969230249524117 0 0 0 0 0 0 0 0.3831233531236649 0 0.1194929927587509 0 2.61510381102562 0 0 0
29.44331564754248 8.247912049293518 340.1681763529778 60.04505626112223 110.2530326098204 17389.96675644815 3210.691111274064 10780.6473570317 858.6490338072181 8680.554723247886 106.3240513727069 6879.057675801218 31.55795958638191 1953.016763262451 1832.551546700299 11.16665701568127 49.74195279181004 16.48952270299196 38.54379541426897 320.4234833270311 55.12680226564407 58.95697452872992 203.0681531429291 282.5667698606849 3.871752791106701 59.51468302309513 144.0104000046849 459.00291480124 320.07425378263 329.5989220589399 1.130643650889397 946.4644773975015 4.660979963839054 334.5900384485722 92.85156627744436 453.9796601757407 65.1947051808238 746.3700738176703 142.192071326077 3054.254497945309 618.6573803275824 19.84907356649637 3.599466398358345 0.5005634278059006 2.3561647310853 2.298901915550232 40.4019787684083 6.359884083271027 80.44047980010509 50.52988544851542 9.600535191595554 114.1239987686276 38.00011695176363 1.927998788654804 222.9809930622578 1.949524685740471 7.735209494829178 43.24909533560276 32.43296620994806 0 0 0.1508090943098068 35.43729871511459 14.98185482621193 5.765605181455612 8.564277522265911 87.26977295428514 0.2837548553943634 3.602807119488716 12.01849129796028 113.2884889394045 8.947283402085304 9.589986398816109 0 0.1061001867055893 0.7858753353357315 1.024635061621666 0 33.86790956556797 1.616657562553883 9.757340088486671 4.010552555322647 299.3008309155703 0.9111042022705078 2.666394144296646 0.8003766536712646
3506.876040115952 30.22391881048679 1471.717853337526 95.86089758574963 0.315466620028019 3210.691111274064 26762.69012622535 2694.893826514482 579.4975490868092 15216.74658120424 71.97314078360796 64.64807712286711 32.43306288123131 7804.816675588489 15.0114379748702 184.3550578132272 239.112822547555 26.45732454955578 65.02961381524801 34.90209026634693 622.7863016650081 262.3490150496364 1407.318747386336 1345.087507270277 9.631376162171364 171.292512357235 1405.826106958091 24287.89904481173 1660.693847991526 9615.585020340979 0.9467532262206078 54.34604349732399 69.73788409680128 352.4093057066202 117.5138357505202 1961.165334962308 163.9668400287628 1664.906709119678 477.905693076551 123.235844284296 182.1599062457681 45.68028966337442 27.50538077950478 10.62208823114634 2.555384375154972 18.57971623539925 33.92858015745878 0.9297759234905243 23.70755991339684 1089.810139641166 137.5961503386497 240.6652379184961 99.93670701980591 69.73039872199297 24.36751566082239 14.460434705019 146.2024071291089 0.8958795368671417 384.727563470602 1.249353662133217 1.352638572454453 2.837272644042969 45.28485617786646 98.43895877897739 56.33734343200922 22.73970756679773 1328.082757495344 0.4991941154003143 28.266875192523 77.57577611505985 1812.534365080297 137.4012984707952 99.45776280015707 0.5465661883354187 3.038130342960358 18.15198308974504 41.16222923249006 4.394822090864182 521.0136411190033 10.88717275112867 405.247117690742 97.39746041595936 151.7317254841328 27.42616279423237 10.4754926264286 0.9449879378080368
1244.008619837463 18.18285607546568 432.2221131771803 31.96923276782036 18.97200687974691 10780.6473570317 2694.893826514482 9974.377652801573 190.1970331594348 1818.756005346775 289.7063011229038 2501.734382323921 38.48759910464287 11733.81604675949 398.4247554913163 4.465212143957615 152.2117373943329 83.62332616001368 211.2811269909143 420.8136957809329 55.79490201175213 80.82366064935923 414.7196325138211 342.9557260796428 3.921615220606327 213.9090275242925 251.9800175726414 588.6710701435804 1388.56305526197 2009.8420195207 2.330612026154995 717.4005515500903 11.77362276613712 479.2692375257611 26.10668548196554 366.6015104055405 91.24396078288555 648.9396005943418 154.6849746108055 996.3670249208808 296.8275008350611 25.6684979647398 0.9449983686208725 0 2.778173469007015 2.081965208053589 4.462795346975327 1.683392077684402 11.12077502906322 119.6428866460919 11.22579443454742 34.48600659519434 15.11985699832439 2.929597824811935 31.33258612453938 5.736947618424892 14.75750001519918 10.36649376899004 103.7058701589704 0.1712963432073593 0 1.017314791679382 4.984211087226868 30.454490929842 11.61246646940708 8.894026786088943 161.6749811992049 0.759144201874733 12.82579639554024 24.18680115044117 170.3682838976383 27.09032042324543 36.34809245169163 0 0 3.127213656902313 3.475665807723999 0 52.81191346049309 1.76532182097435 35.46744915097952 16.08942834287882 48.23408868908882 2.494812488555908 6.41426532715559 1.769438862800598
8.0231664031744 735.1088338047266 0.9924387186765671 1435.680752456188 151.6963790282607 858.6490338072181 579.4975490868092 190.1970331594348 2595.379582107067 268.6126587465405 33.23707318305969 2305.082488834858 30.14863034337759 110.5583363324404 1528.903190225363 13.11209136247635 0.408209539949894 1.555897824466228 0.5113257244229317 935.5403962731361 2.043214842677116 3612.321550942957 4.681760355830193 13358.04530502856 186.5513586327434 3.760415524244308 231.3032807856798 2197.516723237932 121.1698755994439 94.2317770421505 0.2560354322195053 27.09935872256756 21.36844664812088 45.58212415874004 28.60388116538525 418.0310827791691 15.18315689265728 195.9863037541509 82.76702828705311 560.0262432023883 36.88656217604876 6.496933422982693 3.00554858148098 3.268289044499397 1.958928927779198 1.389020353555679 257.3404472246766 4.210899695754051 66.66485663503408 254.068860001862 34.29788259416819 143.1580226123333 234.6238761544228 6.230725668370724 263.0068940669298 10.34333457052708 39.31581772118807 31.81845949590206 548.2855995967984 1.663728341460228 0.6614578813314438 0.5704874992370605 109.2296796888113 70.10420428961515 87.53275833278894 12.33588176965714 2324.77116651088 2.821411743760109 2.749025665223598 11.16502374410629 1206.5409116745 41.15696033835411 37.33866114914417 1.83505529910326 1.625643208622932 7.027580425143242 9.589984372258186 1.236162424087524 114.050297640264 0.3299511671066284 66.48525833338499 15.50017477571964 138.380533143878 2.300187766551971 0 0
24.98511674255133 9.341630861163139 176.348745405674 2980.544463589787 1.332285366952419 8680.554723247886 15216.74658120424 1818.756005346775 268.6126587465405 32637.12499248236 117.0735644176602 7514.821104601026 30.86703456193209 950.4340088367462 30.75914357602596 23.77678320556879 26.36789713054895 14.31553141772747 11.07592428475618 6864.079139083624 36.00322535634041 84.56818121671677 85.89311799407005 873.3247539103031 2.444243937730789 42.45455832034349 174.4974170774221 5917.705524094403 569.797045789659 74.43684152513742 1.641726277768612 106.5194485187531 9.224294297397137 342.7608072832227 142.0514078736305 1919.978694431484 60.22373992204666 2225.133549518883 413.0456824526191 132.9952952489257 480.2022538334131 15.60365867614746 34.37907516211271 1.981793880462646 0.5386786460876465 3.112029612064362 132.6396249458194 2.962471127510071 43.28834123164415 533.9607874527574 73.14620728045702 91.6977680772543 236.5550815016031 4.989112377166748 105.5949297696352 0.4905980452895164 48.37564973533154 7.324634194374084 37.61302100121975 0.1866148859262466 0 0 86.16826875507832 12.13246451318264 18.03057938814163 7.315984971821308 577.1770312637091 0 3.17968112975359 9.445458330214024 929.737016633153 37.48257811367512 4.436318770051003 0 0.3084278553724289 3.359640255570412 9.078421100974083 1.284174017608166 63.19699931889772 1.356071017682552 64.93347962200642 17.55799821764231 64.5053127259016 0 3.964657336473465 0
141.2179627865553 263.0177611112595 63.133570574224 3.656880870461464 0 106.3240513727069 71.97314078360796 289.7063011229038 33.23707318305969 117.0735644176602 9835.80519104749 152.0618156641722 1599.83649276942 512.8133660703897 4.923040561378002 5.346183471381664 1118.395688995719 4075.960150182247 1903.403071388602 38.70340581983328 92.04499027878046 63.0248296931386 235.2981383949518 54.60251092910767 1015.317324280739 2361.787817589939 1163.067185334861 46.51019787043333 615.4315876141191 231.2278997674584 137.7737782150507 296.5255675539374 36.73959048092365 7606.579835996032 6.211908869445324 537.469668507576 4354.253853961825 4221.11789200455 586.2179758399725 19.28210800886154 27.26334292441607 755.9134956300259 10.60726602375507 0 18.90117041766644 1.451609060168266 0.2512395679950714 0 0.6394034624099731 8.370413690805435 0.4583190083503723 2.748490065336227 0 108.2087443619967 1.693203322589397 1031.240614920855 1.753077298402786 0 7.852635867893696 0 64.24975584447384 2.905919753015041 0 2.878335371613503 0.8223354369401932 0.9328794032335281 12.98916458338499 139.9435762539506 562.3230245485902 286.0699490234256 10.04295614361763 0.8306786268949509 0 462.1417372897267 0 0 0 0.2173041552305222 25.63519246131182 230.71632463485 6.466372832655907 1.864684663712978 0.7550788372755051 0.7880125045776367 60.75907982885838 0
4.070039823651314 29.97593944519758 6.577488668262959 4246.537403672934 97.10643939673901 6879.057675801218 64.64807712286711 2501.734382323921 2305.082488834858 7514.821104601026 152.0618156641722 10787.73668335378 43.26751064509153 709.4990661293268 1323.793317183852 0 1.338369846343994 15.05238443613052 8.005115859210491 8800.233256958425 0.2959343791007996 99.23007944971323 3.174106612801552 2681.451484076679 9.810282111167908 38.34509690850973 27.62708260864019 711.8528066277504 421.1582621857524 8.85825988650322 2.834938779473305 356.4806262031198 0.1951070129871368 492.289723739028 14.08140732347965 412.0702673941851 33.09156058728695 1341.301240839064 152.9631451815367 895.3453701063991 422.8202079832554 20.13194946199656 10.09064345061779 0 0.3537599146366119 0 155.8820559903979 11.82656575739384 123.2552409172058 156.4403190463781 30.45345768332481 453.1877090930939 162.1271487474442 2.711027607321739 625.8139671385288 1.708863511681557 15.15725762397051 69.21163021028042 3.681708164513111 0 0.6394187361001968 0 150.8474732488394 0.8686055988073349 0.8062753677368164 1.56832566857338 305.2543916031718 0.4131525605916977 2.162385150790215 2.049922995269299 396.6906540617347 11.12445215880871 0 0.5560746490955353 0.1865022927522659 1.965301439166069 1.963309794664383 1.629851102828979 38.78647138923407 0.3854541406035423 19.53613744676113 9.323941834270954 446.4977610260248 1.57824695110321 2.048537820577621 0
9.310217313468456 376.5290600806475 6.241066701710224 3.055373176932335 0.1145634427666664 31.55795958638191 32.43306288123131 38.48759910464287 30.14863034337759 30.86703456193209 1599.83649276942 43.26751064509153 3047.878108859062 30.25525863468647 11.06221634149551 4.928192466497421 4.615304790437222 21.20454700291157 5.419822342693806 6.370990678668022 14.68259849399328 64.41205067187548 25.60977122187614 49.38631993532181 2547.361182078719 240.5718761906028 4238.423320449889 32.33892957866192 29.87642403692007 22.29583349823952 736.535149499774 90.82875225692987 1.014080330729485 1376.87141521275 17.93058848381042 2158.245776034892 8162.694175116718 2658.968413084745 527.4946307986975 151.9230339899659 149.5257502347231 1837.124616898596 17.9873108714819 0 65.44799906015396 0 0 0 0.1657449901103973 11.51216769218445 0.4175444543361664 2.769000872969627 1.97086738049984 406.3467966988683 0.5875429138541222 6039.998251497746 0.1766629815101624 0 4.658707611262798 0 48.09577054530382 1.914302214980125 0 1.517650797963142 8.979284793138504 0 4.666352070868015 1448.683540582657 674.0676584243774 739.0980264171958 17.07660336792469 0.6433456391096115 0.3935558497905731 1391.638509042561 0.6177022010087967 0 0.5899005979299545 0.8551649749279022 389.7061802521348 1071.146787978709 82.68204053491354 20.74613639712334 4.173189997673035 0.98428013920784 300.2754573523998 0
9825.202279619873 27.95670103281736 649.8975233882666 19.19722746312618 0.7761129885911942 1953.016763262451 7804.816675588489 11733.81604675949 110.5583363324404 950.4340088367462 512.8133660703897 709.4990661293268 30.25525863468647 11020.03335762024 38.60411683470011 6.908960394561291 274.1999289244413 148.0235936716199 359.6723604053259 168.6971653550863 111.4351307302713 106.8522287756205 702.5551823601127 379.3380990028381 6.586605563759804 350.4030835032463 419.9954064786434 659.6886630654335 12654.20697075129 5598.997044891119 3.4834069237113 755.7118978649378 30.73143253475428 987.5310968607664 16.10542063415051 364.5873560383916 127.0798051506281 1218.802513942122 152.3289314880967 255.8414432257414 116.7630283907056 14.39258737117052 3.093567460775375 1.361609220504761 5.714124716818333 2.714966058731079 1.163135312497616 0.1633565872907639 3.23170393705368 57.60950816422701 7.984895400702953 23.3166548460722 3.365542158484459 4.914090029895306 7.264256589114666 1.346717111766338 10.60975420475006 2.543403297662735 126.9392216354609 0 0 0.4050068557262421 0.321653813123703 33.65436523407698 12.68961025029421 13.65417959541082 138.1596240028739 0.4727126210927963 18.31688085198402 34.06398569792509 173.4262681305408 18.87776632606983 22.2784164249897 0.7406156584620476 0 3.338284403085709 5.54790735244751 0.6982927322387695 65.85916121304035 1.511938817799091 25.20493010431528 9.458340629935265 24.198511749506 1.487050414085388 2.804728172719479 0
0.1322121322154999 39.59136579185724 0 80.91438116133213 996.8967031389475 1832.551546700299 15.0114379748702 398.4247554913163 1528.903190225363 30.75914357602596 4.923040561378002 1323.793317183852 11.06221634149551 38.60411683470011 516.4611901640892 0 0 0.153667613863945 0 85.23789282143116 0.3036867380142212 137.3342101052403 0.5653122812509537 682.1658147722483 8.618985079228878 1.437624551355839 16.34276209771633 81.21901284903288 15.11531082540751 2.305558905005455 0 424.7582260370255 0.559609591960907 21.75526367127895 328.0728747993708 289.6271733343601 0.5738882273435593 21.38072916865349 5.583957731723785 1450.248715534806 52.9478043243289 8.834736295044422 1.146118640899658 0 0 0 8.009961754083633 1.892208993434906 30.11950387060642 4.835451111197472 2.378617614507675 38.33020378649235 14.61977426707745 0.209882453083992 52.60034535825253 2.503184080123901 0.947053849697113 14.77972829341888 2.842770710587502 0 0 0 8.919213905930519 0.3681904524564743 0 0 25.93437380343676 0 0.2641074061393738 0.2848709523677826 31.58546201884747 0.5888293832540512 3.755985379219055 0 0 0 0 80.16304810345173 30.03481611609459 0 10.94496388733387 21.39981660246849 173.7871233820915 0 0 0
0.5513116493821144 220.1888867467642 2.288619875907898 0.367598369717598 0 11.16665701568127 184.3550578132272 4.465212143957615 13.11209136247635 23.77678320556879 5.346183471381664 0 4.928192466497421 6.908960394561291 0 1945.883273303509 6.079339027404785 0.7040316015481949 0.9913843125104904 0 4827.902222447097 3428.230086095631 6231.277763955295 2716.004279062152 38.28675755113363 1.74984847009182 3218.913494959474 2210.483345232904 22.18787091970444 314.0957030877471 0 0 12.93258982151747 68.06503867357969 26.78218282014132 1614.963515333831 289.2174723446369 279.6734733507037 286.2742127031088 33.15637710690498 1.059787794947624 2.371582016348839 5.954700276255608 0.3408694267272949 41.52686025202274 586.7115752771497 0 0 0.2317240983247757 12.51506299525499 0.9987278282642365 3.416348226368427 0.2440202534198761 0.744483508169651 0.4162537604570389 1.454783871769905 0.968017041683197 0 678.6547039076686 24.60270920395851 0 5.236447378993034 0 240.2372873350978 1333.551925942302 958.0889008492231 32.87524066865444 0.6303722262382507 36.27858045697212 6525.538820542395 29.84617434442043 10.77473430335522 61.86205864697695 0.2600652128458023 0.4323537647724152 2.986021749675274 22.80274517089128 3.311793431639671 157.1618836298585 45.11397071182728 62.40003847330809 36.77566193044186 3.271823212504387 0.2198248505592346 0 1.087215080857277
81.6055276170373 86.6484115421772 6588.566298872232 0.3605214953422546 0 49.74195279181004 239.112822547555 152.2117373943329 0.408209539949894 26.36789713054895 1118.395688995719 1.338369846343994 4.615304790437222 274.1999289244413 0 6.079339027404785 1738.792819269001 861.3974276706576 6256.049137681723 0.1343005448579788 3322.314686007798 9.339394718408585 5166.963516630232 10.8419708237052 1.94857632368803 7099.822116665542 11135.8137422055 55.68774046748877 181.1324699893594 3026.795590244234 2.122156962752342 3.40476980060339 42.35088992863894 1970.52082310617 4.63592766225338 303.2534344121814 1101.863300129771 1011.387877263129 129.3583107888699 4.951381146907806 3.047165513038635 1.535750411450863 0.1883533447980881 0.5729922354221344 115.3717332258821 27.47152947634459 0 0.1687077134847641 0 0.7459397912025452 0.5482152253389359 3.522436320781708 0 0 0 1.218231670558453 0.4092857539653778 0 4.833624139428139 2.248913452029228 0.5402162820100784 5.906789988279343 0 2.396962009370327 6.265542522072792 1.332784324884415 1.465472765266895 2.985588818788528 434.8094066157937 816.1137583479285 0.6628072485327721 0.09397123754024506 0.9695234298706055 2.650513768196106 0 0 2.007435142993927 0 7.355327695608139 44.84478901326656 4.619287751615047 1.798764646053314 0 0 0 0
38.5761524066329 14.85856299102306 77.95268474519253 0.4186126515269279 0 16.48952270299196 26.45732454955578 83.62332616001368 1.555897824466228 14.31553141772747 4075.960150182247 15.05238443613052 21.20454700291157 148.0235936716199 0.153667613863945 0.7040316015481949 861.3974276706576 478.6058175042272 4294.849954523146 3.684144645929337 41.87063235044479 3.03303936123848 192.9023808538914 3.28691503405571 40.27499032020569 3088.310045972466 644.16016600281 11.01594760268927 107.3972491249442 168.2410796433687 73.74144744873047 26.05569982528687 12.7607484459877 1137.190836168826 6.01139660179615 739.4671915471554 1689.057264246047 1306.906593181193 354.8660344108939 5.387130387127399 1.632756158709526 28.80515243858099 0.2757135331630707 0 13.83356775343418 1.117667272686958 0 0 0 0.3508904576301575 0 0.5089106112718582 0 15.91077579557896 0.2945009842514992 358.611457541585 0 0 1.191880472004414 0 171.8229530155659 10.11281277984381 0 0.7873918190598488 0.130696713924408 0.1147552281618118 1.265775606036186 43.17313703894615 2036.991599842906 841.2252501398325 0.7893361896276474 1.041078567504883 0.4746564626693726 503.4012916833162 0 0 0 0 20.1502915173769 22.85054723918438 10.10151236504316 1.706659257411957 0 0 0 0
92.73764955997467 159.776092633605 298.6139516234398 0.1115352883934975 0 38.54379541426897 65.02961381524801 211.2811269909143 0.5113257244229317 11.07592428475618 1903.403071388602 8.005115859210491 5.419822342693806 359.6723604053259 0 0.9913843125104904 6256.049137681723 4294.849954523146 931.1037975475192 0.3810906633734703 239.7189086377621 2.54344829916954 866.7216836363077 8.633227445185184 3.704431638121605 7344.852166108787 2483.525704681873 25.30811374634504 181.5587688535452 592.9095347449183 3.008281506597996 10.4731255620718 28.3895457983017 3080.556566104293 3.686752989888191 287.6110769733787 637.4636899158359 704.960064932704 101.1515517160296 2.501443445682526 1.852988325059414 0.3581235706806183 0.1698965728282928 0.1078237071633339 104.7478761821985 1.530968755483627 0.1195477694272995 0 0 0 0 1.072547793388367 0 1.724059239029884 0 10.69152241945267 0 0 0.5342144370079041 0.6268640458583832 33.12684108316898 19.31055203825235 0 0.5961931347846985 0.9424351453781128 0.8564744293689728 1.767212584614754 8.808472245931625 1381.28981333226 838.2743452861905 0.7071660310029984 0.08760856837034225 0.5247710943222046 30.53718914836645 0 0 0.4069714248180389 0 17.72192886471748 19.71746353805065 15.72663730382919 3.851835988461971 0 0 0.1686268895864487 0
2.006281785666943 0.5053531527519226 0.1200934424996376 5783.106567509472 3.233885020017624 320.4234833270311 34.90209026634693 420.8136957809329 935.5403962731361 6864.079139083624 38.70340581983328 8800.233256958425 6.370990678668022 168.6971653550863 85.23789282143116 0 0.1343005448579788 3.684144645929337 0.3810906633734703 1237.690194055438 0 2.100565508008003 0.6256802976131439 1189.486434802413 0.6745971068739891 7.179521255195141 4.976909011602402 4341.816484101117 124.2836648151278 1.275313921272755 0.7469466999173164 43.38146928697824 0.5814461261034012 99.68040979653597 21.23803141713142 441.6101186797023 9.371167629957199 591.4881786108017 94.06151935458183 101.3195591419935 169.1017707362771 12.35781117528677 11.28602360188961 2.585057564079762 0 0 231.8033339306712 5.129852548241615 60.68817962706089 391.3870066851377 58.35913065820932 188.8767502605915 266.4914842545986 4.616059236228466 291.0173742473125 0.8545134216547012 31.42217833548784 27.73422248661518 2.594021841883659 0 0 0 111.2123170793056 2.465608730912209 0 1.275726012885571 479.7250213548541 0.1110858619213104 0.4932631626725197 1.386971987783909 804.9101012945175 17.90529824793339 1.180308103561401 0 0 2.560413584113121 4.983937822282314 0.7685072422027588 46.84250228852034 0.1486651301383972 39.70837576687336 11.00375898182392 151.2057384252548 4.465309426188469 0.91012854129076 0
24.43555018305779 31.31912163645029 1029.62049728632 0 0 55.12680226564407 622.7863016650081 55.79490201175213 2.043214842677116 36.00322535634041 92.04499027878046 0.2959343791007996 14.68259849399328 111.4351307302713 0.3036867380142212 4827.902222447097 3322.314686007798 41.87063235044479 239.7189086377621 0 15403.21284071356 326.7871044427156 27131.07714308798 346.665200933814 8.018633350729942 120.1452543511987 1842.239450134337 3746.429647028446 171.3103706240654 11921.80659820884 0.8169789761304855 3.333002366125584 93.55827061831951 5267.221533022821 113.2874553576112 8027.890249848366 1895.194605402648 7945.387336492538 3086.832389429212 146.9104016721249 8.636927358806133 8.781885482370853 21.51142500340939 0.5110233128070831 4.96680349111557 89.29733503609896 0 0 0 1.85637915879488 0 0.687695175409317 0.5280463397502899 0.1510318219661713 0 0.280989795923233 2.912406355142593 0 709.7282222136855 16.25669119507074 0.6085592210292816 2.980760827660561 0 429.5478857830167 243.9724095910788 1137.348704583943 29.56821797788143 0.7301648408174515 11.22628692537546 1488.35622035712 24.71002012491226 20.19211038202047 103.1887819245458 0.5724772587418556 0 4.162414222955704 38.29437278211117 1.16240830719471 139.2092091813684 10.30050525814295 29.62183705717325 13.46989773958921 4.478944540023804 0 0.3362529575824738 0.3334088027477264
9.865286752581596 2821.491792559624 13.08691492676735 1.728723004460335 5.783901944756508 58.95697452872992 262.3490150496364 80.82366064935923 3612.321550942957 84.56818121671677 63.0248296931386 99.23007944971323 64.41205067187548 106.8522287756205 137.3342101052403 3428.230086095631 9.339394718408585 3.03303936123848 2.54344829916954 2.100565508008003 326.7871044427156 2249.692717380822 367.8528311401606 9523.93316847831 619.3609853312373 10.22917260229588 7271.186388835311 673.94322334975 118.7646099254489 144.076256595552 2.086260847747326 8.393564932048321 11.49802451580763 38.95119132846594 4.164191991090775 257.4121471494436 37.44281943887472 119.4750424548984 33.80446045100689 85.23271854966879 9.241609327495098 12.44427099823952 0.3843100070953369 1.150107316672802 255.3881733119488 109.897264033556 0 0 0.3776161074638367 8.140685483813286 1.119540706276894 13.40517322719097 0.5043692588806152 2.419043973088264 0.6998248696327209 22.54834949225187 2.473210617899895 0 539.0359860435128 19.59038934111595 0.7222144305706024 6.970206812024117 0 77.78468578308821 296.9248719736934 267.8126038983464 55.53364083915949 10.27191804349422 45.18788947165012 3773.112145468593 31.78041486442089 6.069337464869022 13.84008517861366 4.828248739242554 0.1474641114473343 3.196960613131523 8.467336565256119 1.177043378353119 101.0300698429346 21.20420114696026 40.13194479048252 19.25599774718285 2.629162192344666 1.029245257377625 0.1878125667572021 0.8486155271530151
175.9473288953304 20.01520603895187 6073.948844507337 0.09719270467758179 0 203.0681531429291 1407.318747386336 414.7196325138211 4.681760355830193 85.89311799407005 235.2981383949518 3.174106612801552 25.60977122187614 702.5551823601127 0.5653122812509537 6231.277763955295 5166.963516630232 192.9023808538914 866.7216836363077 0.6256802976131439 27131.07714308798 367.8528311401606 18775.13480208069 340.2241366133094 3.292388454079628 1375.260814778507 10728.09551990032 2208.869446836412 366.8356685265899 8354.973326720297 0.9149361625313759 6.524175651371479 104.0117169395089 2927.962690085173 277.8485613763332 13733.45488665998 5916.102822728455 11907.49231458455 6384.867520481348 467.6579820364714 27.63108509033918 25.20819672197104 58.74496877193451 2.946081005036831 177.0925086960196 1470.937735944986 0 0 0.1084425747394562 9.555804371833801 2.197970889508724 1.941699653863907 0.659679651260376 0.9031719416379929 0 0.5282895863056183 8.141411043703556 0.2308636605739594 178.7169811800122 75.73974665254354 1.317176267504692 17.50976463407278 0 83.48172021657228 409.9469242617488 283.8204343169928 21.06348502635956 2.79311503469944 477.2599963918328 6198.692042469978 18.63018091022968 11.92556571960449 24.67150853574276 0.1928896307945251 0 0 28.46582318842411 5.671314805746078 281.8248171955347 75.46196895837784 136.7843840420246 75.04478186368942 5.454719305038452 1.836645722389221 0.9483181685209274 1.297632142901421
56.60046089440584 1305.293132171035 7.488168485462666 3991.056707248092 27.40105623751879 282.5667698606849 1345.087507270277 342.9557260796428 13358.04530502856 873.3247539103031 54.60251092910767 2681.451484076679 49.38631993532181 379.3380990028381 682.1658147722483 2716.004279062152 10.8419708237052 3.28691503405571 8.633227445185184 1189.486434802413 346.665200933814 9523.93316847831 340.2241366133094 12557.40493226796 267.7008032724261 10.16536369174719 1843.105990983546 8891.383467890322 971.97727573663 433.6041621416807 1.879743821918964 41.75667628645897 206.7441237568855 258.8935639709234 186.2546406313777 2394.025142289698 78.81949808448553 1257.066667951643 618.5227204710245 285.9810570776463 152.4932930916548 30.24351521581411 27.95749890804291 29.94808673858643 2.790747120976448 67.97648037225008 348.5175481885672 4.551954567432404 71.34990730136633 1458.475710466504 218.7029228881001 1190.196606487036 473.0370898023248 56.88824834674597 265.9942699447274 18.29824351519346 205.6137940883636 21.71945106983185 3002.181638345122 7.005552478134632 3.983995646238327 3.616300404071808 175.1030776649714 824.6487386897206 1199.50662317872 610.3919153511524 3745.293303795159 4.750374391674995 16.77419655025005 226.3084439486265 3585.594886444509 347.1878523677588 384.0425279140472 4.597265914082527 1.324076406657696 63.31834733486176 91.19174061715603 10.96090346574783 844.8463944420218 15.28368686884642 472.94401178509 129.1778123006225 269.3717256784439 22.81741663813591 5.116846941411495 1.102037280797958
1.451591692864895 2648.395596191287 4.484698794782162 0 0.2456227168440819 3.871752791106701 9.631376162171364 3.921615220606327 186.5513586327434 2.444243937730789 1015.317324280739 9.810282111167908 2547.361182078719 6.586605563759804 8.618985079228878 38.28675755113363 1.94857632368803 40.27499032020569 3.704431638121605 0.6745971068739891 8.018633350729942 619.3609853312373 3.292388454079628 267.7008032724261 419.454686820507 47.44791098684072 3388.018691472709 19.93098268657923 7.842657506465912 6.589385874569416 83.3805096000433 3.893894717097282 0.5786303281784058 756.9511050209403 2.502080053091049 130.8509954586625 664.9468200653791 816.4894000440836 114.6254001185298 12.39897583425045 48.97056071460247 1365.95874658227 8.396146655082703 0.3433199822902679 65.31208804249763 0 0 0 0 0.4952004104852676 0 0 0 79.49482806026936 0 907.383752644062 0.4963306188583374 0 0.3468911871314049 0 19.80307893455029 6.348031498491764 0 1.24572217464447 1.762700751423836 0 1.453119993209839 331.5087669640779 643.7313790768385 924.0105486884713 1.568525843322277 0.1377296596765518 0 167.4560904949903 0.1664253175258636 0 1.206342101097107 0.2102617025375366 32.0074325799942 82.79123789072037 12.66350308060646 3.555144906044006 0.3255501091480255 0 68.09160876274109 0
91.59343409538269 243.4723848998547 7137.324852518737 0.4295491352677345 0 59.51468302309513 171.292512357235 213.9090275242925 3.760415524244308 42.45455832034349 2361.787817589939 38.34509690850973 240.5718761906028 350.4030835032463 1.437624551355839 1.74984847009182 7099.822116665542 3088.310045972466 7344.852166108787 7.179521255195141 120.1452543511987 10.22917260229588 1375.260814778507 10.16536369174719 47.44791098684072 45507.11531283706 13515.00853221864 43.6212402433157 175.8776242509484 308.2162683606148 1346.717692822218 46.79234594851732 17.07470905780792 1687.430818043649 15.1733184158802 1931.222698502243 7715.809385195374 4268.723602175713 683.8232582286 10.83157024532557 5.775759071111679 107.9384052753448 2.019250959157944 0.2246106415987015 376.731627702713 18.26011255383492 0 0 0 2.594546630978584 1.082627505064011 9.08018784224987 0.1466411352157593 16.16271485388279 0.1356139034032822 357.0368916541338 0.9386596977710724 0.13951076567173 8.365379244089127 0.1378837078809738 128.6608255580068 55.93136727809906 0 1.916150487959385 12.16098396480083 1.405063644051552 9.34697612375021 154.1035041064024 5009.24058368057 5017.483882531524 3.869467385113239 1.063020348548889 0.7964050024747849 282.1592704579234 0 0 4.229947566986084 4.097031950950623 63.95115873217583 242.4392934292555 33.97789421677589 11.77343374490738 1.577062010765076 0 3.014117583632469 0
93.82653158158064 6683.697402387857 9015.821971736848 1.26380866765976 0.6327877193689346 144.0104000046849 1405.826106958091 251.9800175726414 231.3032807856798 174.4974170774221 1163.067185334861 27.62708260864019 4238.423320449889 419.9954064786434 16.34276209771633 3218.913494959474 11135.8137422055 644.16016600281 2483.525704681873 4.976909011602402 1842.239450134337 7271.186388835311 10728.09551990032 1843.105990983546 3388.018691472709 13515.00853221864 33972.05050894618 2263.408772744238 252.2417503222823 536.8740283921361 1892.972985833883 27.1481983140111 41.43596226722002 3940.18027305603 183.3740833699703 10076.84729834646 5129.379652917385 12003.78520192206 2406.054848045111 210.1984880641103 24.1755411028862 81.51891478896141 28.32052450627089 22.54407798498869 5553.603679575026 2899.622961044312 0 0.1397864669561386 0.5844722092151642 43.41725976765156 18.03243426978588 33.92654495686293 3.043766647577286 49.50014737248421 0 1144.468217514455 58.69497491419315 1.059484422206879 150.115201599896 204.8338549137115 289.7357544377446 217.5576708987355 0 35.65197150409222 971.3041920885444 86.84933802485466 60.74597957730293 1199.065226495266 11298.67868170142 31259.44388779253 40.07498075813055 30.90443526208401 23.36255414783955 862.3251291513443 0.2652585208415985 2.307374909520149 74.96676222234964 18.10704693943262 869.7559155672789 660.64443423599 496.4190110713243 212.0628516227007 21.49273942410946 1.188634887337685 3.602064073085785 5.690114349126816
120.6262678727508 86.9628913551569 259.6012915149331 7538.267718277872 3.475257195532322 459.00291480124 24287.89904481173 588.6710701435804 2197.516723237932 5917.705524094403 46.51019787043333 711.8528066277504 32.33892957866192 659.6886630654335 81.21901284903288 2210.483345232904 55.68774046748877 11.01594760268927 25.30811374634504 4341.816484101117 3746.429647028446 673.94322334975 2208.869446836412 8891.383467890322 19.93098268657923 43.6212402433157 2263.408772744238 23611.42204137146 1683.18426541239 13026.66140406579 0.65392005443573 39.42396702617407 663.7289141267538 913.8939846307039 383.8105953931808 5829.691123388708 283.8009817227721 3111.97616481781 1577.380580551922 200.9912709370255 225.4094013944268 36.02571818977594 45.05857466906309 35.22376271337271 4.65021987259388 81.05757112801075 303.0986212342978 3.691784709692001 78.43354681134224 1441.970414400101 194.7371243834496 556.8826735317707 410.4761466011405 66.26872693747282 170.0652554258704 18.21455565094948 248.2131229490042 10.34114299714565 2588.154778689146 8.556673154234886 3.128015354275703 6.036846645176411 133.7086486965418 1006.951511763036 429.4583266153932 805.9782797843218 2882.873980425298 0.3818635791540146 16.28148952126503 275.2938504964113 3095.594788663089 449.0069562718272 607.0831958428025 0.8954611346125603 4.902819059789181 83.87896079570055 121.626246586442 5.346642956137657 920.6103370338678 10.67981947958469 535.814781434834 159.8176067396998 297.8339482322335 31.24381731450558 10.46813144534826 2.960671246051788
