670.5537929907441 1.875124074518681 420.5366471111774 1.514161750674248 0.4160588383674622 7.635551810264587 2780.282748095691 376.3224929645658 18.20215012133121 24.22546623647213 3.270699627697468 1.617153003811836 0.6724091470241547 2755.166215099394 0 5.694926284253597 1076.493929252028 10.66329605132341 111.2641063183546 3.840030036866665 164.3737871572375 7.696454100310802 131.0051820352674 24.19503565132618 1.194540493190289 503.6824874579906 141.8943397030234 24.80010859668255 3979.632470533252 4608.392303071916 0.3126624450087547 10.17731845378876 102.9633165150881 143.8039858192205 1.114393636584282 41.41618519276381 13.09026633948088 95.49236944317818 27.13186903297901 2.469307705760002 3.645974308252335 0 0.6566359996795654 0.1895119622349739 1.411768719553947 0.6241294294595718 0 0 0 5.835511803627014 0.2935364618897438 2.793031737208366 0.2783240079879761 0 0 0.4366326332092285 0 0 9.185239978134632 1.012932702898979 0.2506695687770844 1.65405011177063 0.6384795308113098 6.625248812139034 1.37126125395298 4.857079707086086 5.189434334635735 0 7.304818160831928 15.60837631672621 9.02381969243288 1.071071647107601 3.906943418085575 0 0 0 0.3728005588054657 0 6.29723809659481 0.429958313703537 2.490826144814491 0.8093836009502411 0 0 0 0
1.875124074518681 492.3477816656232 23.29009307175875 0.1041273400187492 0.1553315222263336 0.9232325255870819 27.38612691313028 8.266370713710785 900.2610438838601 1.416618697345257 98.33365111798048 2.428373128175735 1217.443752355874 11.86362853646278 11.41246511042118 701.6422189101577 97.34040416032076 5.108407184481621 18.8550813794136 0.5270279943943024 30.02284614741802 2473.572184234858 43.90038694441319 1056.372558169067 2349.075513318181 239.2349717915058 11128.0119073689 32.16944072395563 19.95950201898813 85.35977609455585 208.30342515558 0.7975490763783455 1.422337852418423 187.1275858655572 0.7815438061952591 79.59023606032133 91.31868614256382 105.2304349467158 36.88046403974295 11.87634874880314 2.784444436430931 146.6158671081066 0.1739779263734818 0 387.8306204527617 63.43699996173382 0.5095278024673462 0 0 3.514695942401886 1.238059312105179 3.289795354008675 0 8.92175230383873 0 54.21343445777893 0.9618358910083771 0 6.452707000076771 22.17675490677357 8.116741590201855 55.73697258532047 0 1.711124569177628 47.69622400403023 4.143483087420464 2.907621011137962 24.88836292922497 336.743266671896 2065.246506400406 2.350920870900154 0.5870558694005013 0.6627623736858368 8.042871855199337 0 0 9.232082724571228 0.9455341100692749 50.41868993639946 24.64766204357147 32.96716641634703 20.92843808233738 0.747395932674408 0 2.335316807031631 1.200115546584129
420.5366471111774 23.29009307175875 8279.082021407783 2.723302617669106 0.8384260535240173 19.74989915639162 1911.481504037976 182.7634801864624 9.018516443669796 90.12329924851656 9.519401960074902 1.381397679448128 2.693105548620224 800.5040608868003 0.1323828548192978 50.18422266840935 4791.649739950895 15.91653332859278 147.4184418320656 7.143469259142876 3954.479678630829 28.4415530115366 13290.04177772254 121.2375163808465 1.018447071313858 5957.892767973244 17608.69672060758 688.9636090919375 121.0355596244335 1426.109537497163 4.597327850759029 3.99985957890749 7.228737875819206 843.3814292028546 89.38543067127466 3288.564325548708 1488.009132288396 4240.435518316925 2869.781022898853 174.6252092123032 6.383509553968906 5.905670195817947 10.2266396433115 1.190945573151112 140.6275905072689 974.4178210645914 0 0 0.5220234990119934 49.31830719858408 5.693937353789806 0.5075418651103973 2.057522729039192 1.260574221611023 0 0.3773440718650818 10.26578916609287 0 53.79396811127663 154.284248046577 0.4606348723173141 11.98601894825697 0.2848389148712158 31.77867223322392 159.0784540176392 49.79233777523041 11.47960825264454 0.2626052349805832 158.7261399775743 2505.715662650764 16.92563074827194 3.70731658488512 13.30810349434614 0 0.1045192703604698 0.5906928926706314 13.51623582839966 1.677841976284981 150.320156365633 12.79705193638802 147.887012206018 127.6922106668353 4.869830347597599 0 1.668622985482216 2.753797650337219
1.514161750674248 0.1041273400187492 2.723302617669106 5461.337705627084 0.1485024690628052 21.12297585606575 45.56221344321966 41.89352543652058 667.8495662361383 3126.560040101409 3.957551255822182 832.3773592859507 0.2319275587797165 34.0736011043191 44.01500626653433 0 1.528113134205341 1.316697843372822 0.6503775045275688 8639.822880387306 1.260309100151062 0.1158995404839516 0.4208597764372826 1616.965030573308 0.1036543548107147 6.135952353477478 3.779279723763466 4475.796195887029 77.58781687170267 2.027902185916901 0.1531471610069275 4.488590396940708 2.379495143890381 58.74935641884804 1.599439293146133 198.016254760325 1.476829960942268 145.8559896275401 52.95319539308548 79.33153745532036 20.91618481278419 0 3.092092245817184 0 0 0.3524742722511292 160.7876594662666 0 2.036992445588112 174.7437926083803 7.664464838802814 280.186434417963 113.4416127130389 0 93.60539932549 0 5.182121008634567 1.537736654281616 2.688015319406986 0 0.1026165187358856 0 107.7678993716836 1.642047986388206 0.8955250978469849 0 377.0003783106804 0 0.2022824287414551 1.470907628536224 439.8737216219306 5.610127829015255 11.80239997804165 0 0 1.013423353433609 4.828087538480759 0.388612687587738 30.37063106149435 0.1417924016714096 18.57364896684885 9.842094644904137 47.09531423449516 0 0 0
0.4160588383674622 0.1553315222263336 0.8384260535240173 0.1485024690628052 23.07894317060709 913.9687886983156 2.570843137800694 51.73456453531981 26.7960195094347 5.245420098304749 102.0491464287043 54.57681571692228 1.287052035331726 26.08719330281019 3233.710575431585 0 3.619329214096069 18.99634782969952 2.806702882051468 4.255228519439697 0.6169798299670219 0 0.9759792238473892 4.211583957076073 0.6514139920473099 5.82307293266058 5.98257765173912 1.082008168101311 48.63096725940704 0.1341422349214554 0.4287241697311401 137.0063815116882 0 905.6835226267576 0.9832445681095123 19.22548185288906 2.936500489711761 484.3418696001172 25.55163957923651 1176.766190849245 44.72501480579376 4.424129277467728 0.2154426723718643 0 0 0 0.6089134216308594 0 0 1.090256199240685 0.1850205659866333 0.96856889128685 0 0 0 0 0 0 0 0 0 0 0 0.4341466724872589 0 0 0.3792900443077087 0 0 0 0.4077793657779694 0 0 0 0 0 0 8.929396778345108 0 0 0 0 0 0 0 0
7.635551810264587 0.9232325255870819 19.74989915639162 21.12297585606575 913.9687886983156 17026.30629831553 2242.141171902418 9228.035581931472 433.5354123711586 8210.000208817422 173.0831153094769 4135.104573957622 8.297511041164398 711.6914056316018 1312.775347642601 0.1144218146800995 16.61406043171883 60.16538009047508 7.636784985661507 464.8793196156621 11.70120958983898 2.308764889836311 2.781605273485184 51.13857591152191 2.856022626161575 58.68918984383345 24.65090125799179 145.6556919068098 1139.865981556475 5.661117702722549 2.907886035740376 2871.994297303259 6.699374251067638 761.9865317121148 3.538984477519989 263.4924490302801 17.28312500566244 961.4327676594257 208.3499279022217 1985.428100630641 321.1621399000287 25.26616992801428 8.138047859072685 0 0.1269519031047821 1.573453739285469 6.41220186650753 0 0.2082820981740952 31.82607387751341 0.2618763372302055 17.63360957801342 3.852243632078171 0.1803592592477798 4.188020572066307 0.1718758046627045 0.353646032512188 0 2.691824495792389 0.2771172821521759 0 0.2746140584349632 3.999095380306244 1.113666832447052 0.3140422105789185 0.2741560190916061 37.06655186414719 0 0.2673097774386406 1.928597413003445 38.10953351855278 1.262646317481995 2.734307609498501 0 0.2841370701789856 0.1210249364376068 0.6814008951187134 0 11.89416003972292 0 4.958308339118958 3.916424825787544 7.522094830870628 1.64187516272068 0.5474684238433838 0
2780.282748095691 27.38612691313028 1911.481504037976 45.56221344321966 2.570843137800694 2242.141171902418 11821.23379354924 3987.72775541991 526.458576656878 11121.76552010328 22.03729298710823 47.40133076161146 2.23713806271553 7889.163822680712 13.7470491155982 59.29139545559883 327.9211200103164 12.91558868438005 38.06744273006916 28.95225275307894 2858.921384863555 49.5064797475934 394.3079556375742 1996.234822399914 3.824248611927032 1456.444976486266 1168.009686559439 18553.45794161409 1333.0068436414 5646.836552977562 2.978660456836224 38.16134840250015 324.241970308125 584.2208363190293 58.58215044438839 2380.309809327126 122.578395396471 1469.111907556653 784.9644391909242 128.5082522258162 82.12449494749308 7.376590892672539 25.97623500227928 2.974883407354355 17.81324644386768 28.96083292365074 25.49135915189981 0 0.5711067616939545 388.8787406235933 6.937110878527164 106.4568729102612 21.71747899055481 0.1748106777667999 3.054300472140312 0.4802568107843399 8.823917604982853 1.118629693984985 81.62267442047596 9.664193071424961 0.4782151654362679 3.562437437474728 16.30440970510244 55.32772556692362 16.8971718326211 8.677654936909676 349.6366075202823 0 23.25642876327038 149.4360014200211 327.2010715678334 22.72224574536085 96.43739235401154 0 0.1083960831165314 2.526681303977966 13.27797506004572 2.19526432454586 141.981155321002 1.669201076030731 60.01948673278093 18.24522035568953 12.37955291569233 1.063904762268066 3.927488803863525 0.2470125555992126
376.3224929645658 8.266370713710785 182.7634801864624 41.89352543652058 51.73456453531981 9228.035581931472 3987.72775541991 15949.03037890792 209.2572980970144 2806.171441845596 480.6709512248635 533.6695515364408 15.58825236558914 8877.864024162292 65.93844796717167 6.011017821729183 959.9787226617336 119.1604930534959 193.9310227707028 364.4629315435886 127.7816836461425 22.78113244473934 61.20818320661783 180.8027007803321 8.26910824328661 435.345867305994 183.9943732023239 277.1956773325801 2894.260206922889 432.7899841815233 6.140507429838181 2751.718741945922 33.97496625036001 1490.163707345724 4.406026057898998 491.8197717219591 57.23767545819283 1471.749727919698 384.7422888204455 410.8828349485993 416.6672092601657 64.4765108153224 7.805884435772896 1.29882787913084 1.271257825195789 1.204992279410362 2.697705484926701 0 2.250241965055466 171.626038223505 1.76627404242754 38.77571283280849 1.973479211330414 1.020997911691666 1.208160996437073 0 4.54509498924017 0 41.0944878757 0.7821172699332237 0 2.272736899554729 2.571989193558693 29.70374755561352 3.579956784844398 4.726427987217903 122.3453381508589 0 9.474969819188118 21.79210499674082 127.6760285720229 10.97786118090153 57.34923806041479 0 0.3006206154823303 2.420780822634697 2.582284703850746 0.421977311372757 45.29269380867481 0.6111724674701691 14.09047674387693 9.376162566244602 2.503080204129219 1.625759586691856 3.562705054879189 0
18.20215012133121 900.2610438838601 9.018516443669796 667.8495662361383 26.7960195094347 433.5354123711586 526.458576656878 209.2572980970144 1026.243393741548 390.4849449247122 17.54286257177591 1792.831048227847 161.9741147384048 136.4046607688069 855.2296865433455 452.49980314821 11.48816759139299 2.026351049542427 0.8072811663150787 577.4981546029449 183.4810455143452 3984.934976808727 24.63025400787592 8117.80364177376 215.8725466951728 35.00122772157192 433.822307728231 1462.166226550937 140.2694941759109 474.0551947802305 72.8272302672267 12.0813186019659 17.86373955756426 64.96852816641331 8.119941025972366 525.1931618228555 35.74200624972582 192.9796121492982 90.65469339489937 780.9953188672662 24.02731044590473 15.66437340527773 3.248592704534531 10.74915920197964 0.8115978613495827 2.021030239760876 231.9721435382962 0 2.148096270859241 337.1126945093274 11.90872384607792 108.7700476497412 91.88277597725391 1.934213869273663 109.7917860597372 5.498212575912476 18.16040588915348 4.338546574115753 220.5411282852292 1.36946864426136 0.9588407054543495 0.6811232566833496 130.3840475380421 73.16145186126232 20.98495554924011 25.94487650692463 1072.318158894777 2.001584902405739 4.766389839351177 21.5851484015584 599.286368213594 53.89802425354719 103.7342979237437 0.5350020453333855 0.6740724444389343 4.900049410760403 7.814338624477386 1.524497270584106 101.6583110392094 1.158531315624714 29.27215974032879 16.40381421893835 45.07481111586094 1.411605358123779 0.6760488748550415 0.318735808134079
24.22546623647213 1.416618697345257 90.12329924851656 3126.560040101409 5.245420098304749 8210.000208817422 11121.76552010328 2806.171441845596 390.4849449247122 30727.24160575122 88.9955745190382 3132.742226935923 3.712276473641396 1397.84053324908 54.73376338928938 1.695523791015148 57.26233445852995 36.96256860345602 15.31874080747366 8277.66960490495 69.68741863965988 1.863949343562126 15.79403196275234 531.7961969226599 1.673186779022217 166.2654922828078 100.2334305346012 3274.285348795354 1124.699846826494 18.72398858517408 1.973849281668663 92.20626926422119 54.79497158527374 606.5235678851604 13.57112533599138 1478.607107453048 36.41998995095491 1576.014549016953 415.4135483503342 274.338578812778 124.527653247118 6.460214279592037 29.19825726002455 1.69764643907547 1.254346467554569 2.637314260005951 225.3671825826168 0 6.730584532022476 437.3560148403049 11.60524632781744 223.7843379750848 143.9703457430005 1.000428706407547 100.3963743373752 0 7.834220446646214 6.546066470444202 12.15229656547308 0.3185090720653534 0 0.3464371636509895 142.2383427172899 7.410830304026604 1.60286320745945 0.9305403009057045 652.6613031476736 0 2.467374302446842 12.8442696928978 760.5521000027657 10.50295117497444 48.34844728559256 0 1.140973716974258 2.406482733786106 5.812168955802917 1.83494246006012 75.70399132370949 0.581208661198616 34.3446463868022 18.41331290453672 52.79550888389349 4.00491227209568 0.5820759236812592 0.8347216248512268
3.270699627697468 98.33365111798048 9.519401960074902 3.957551255822182 102.0491464287043 173.0831153094769 22.03729298710823 480.6709512248635 17.54286257177591 88.9955745190382 12803.76736239344 116.5554402992129 1157.02609846741 67.77366043627262 5.253737777471542 4.630048707127571 357.2133282721043 6786.747186608613 268.788472250104 49.10061889141798 7.556488424539566 23.04872503876686 21.58925899118185 17.69625338166952 502.3117575198412 1784.680013686419 416.5279667899013 9.808764189481735 547.6879643425345 7.21376771479845 665.6059922426939 378.0332976207137 4.935816667973995 8721.76684500277 7.395063616335392 463.0440095663071 5732.409411206841 5188.613314010203 633.4288775548339 90.08342805504799 25.74484594911337 790.3067483007908 4.833892174065113 0 11.19901143759489 0.1220404356718063 0 0 0.1224938556551933 3.67335107922554 0.3736172690987587 2.926502406597137 0.1876184493303299 280.2022467777133 0.3117615878582001 1518.650013685226 0.4952622801065445 0 1.934997461736202 0.3218798637390137 15.97092198580503 6.980789139866829 0 3.165835238993168 4.653286509215832 0.3461692184209824 3.186351865530014 212.5198411419988 182.0447722002864 326.6808327063918 5.039993837475777 2.101335309445858 2.656223960220814 282.8362054675817 1.522301435470581 0 4.778515040874481 0 5.338962383568287 322.8007149845362 15.34398860484362 2.068095609545708 0.380443274974823 0 102.6894897073507 0
1.617153003811836 2.428373128175735 1.381397679448128 832.3773592859507 54.57681571692228 4135.104573957622 47.40133076161146 533.6695515364408 1792.831048227847 3132.742226935923 116.5554402992129 11058.07863557339 4.219692647457123 313.0162048265338 1456.446504667401 0 3.929369926452637 43.91221582144499 6.242197155952454 7293.755028836429 0.4454405009746552 3.043395794928074 0.7760611101984978 248.0486833229661 1.984659194946289 23.09800113737583 8.408003471791744 148.412283860147 564.6549233272672 2.025689534842968 2.864559486508369 179.7861973494291 0.1197160333395004 408.4303483888507 0.1465366780757904 88.48611895740032 9.92473416775465 665.9920800626278 82.9420273900032 2131.698754742742 42.67448273301125 5.882867835462093 1.500991143286228 0.2663668394088745 0 0 55.08984612673521 0 6.827551171183586 14.77413205057383 3.731886133551598 283.3234211802483 67.80719136446714 1.199271351099014 194.6129147484899 0.3268598094582558 4.191613458096981 8.541416198015213 0.6495845317840576 0 0.6321840509772301 0 106.8691476285458 0 0.8479754328727722 0.1981559693813324 77.17288234829903 0 0.6302621811628342 0.6971634179353714 77.89722038805485 5.330757513642311 1.158535458147526 0 0.4098212569952011 0.2342747896909714 4.296005584299564 0 6.098757296800613 0 11.57955569028854 1.661525003612041 64.73570280522108 0 0 0.1885533183813095
0.6724091470241547 1217.443752355874 2.693105548620224 0.2319275587797165 1.287052035331726 8.297511041164398 2.23713806271553 15.58825236558914 161.9741147384048 3.712276473641396 1157.02609846741 4.219692647457123 2835.232215896249 3.729520216584206 2.468617618083954 40.82391798496246 2.575964078307152 56.52783505618572 3.431087911128998 2.577078402042389 2.967843778431416 223.4697045832872 3.364353843033314 117.1821761876345 4998.016312137246 488.4748092070222 3604.311708390713 2.506602473556995 12.14685571938753 10.16274911165237 1103.962709844112 8.263260073959827 0 1924.475637294352 4.683949574828148 105.5742756798863 4342.038643047214 1326.890325583518 286.1881862357259 8.942777208983898 41.93464916944504 2139.927817717195 5.532397747039795 0 62.97748896479607 0 0 0 0.2952106446027756 0 1.051419779658318 4.582803145051003 0.3415291085839272 776.6958426907659 0.3636385425925255 3816.667546108365 1.3631901293993 0 1.438511557877064 0.5964086502790451 32.87064082920551 8.912443496286869 0.329931266605854 0.185395285487175 10.60094051808119 0.1388861238956451 1.709444783627987 1203.643074721098 439.0001641139388 655.7904358953238 0.4631015658378601 2.392419785261154 0.1027520895004272 512.1819539442658 4.668298207223415 0 21.44844082742929 0 5.052246510982513 846.0086060315371 42.52662131935358 3.691210485994816 0.1163917183876038 0.9450168460607529 384.4755783081055 0
2755.166215099394 11.86362853646278 800.5040608868003 34.0736011043191 26.08719330281019 711.6914056316018 7889.163822680712 8877.864024162292 136.4046607688069 1397.84053324908 67.77366043627262 313.0162048265338 3.729520216584206 6623.983858622611 3.988970644772053 20.25231697410345 2765.012247823179 69.67131949961185 432.2388750836253 306.2589673995972 376.1934428960085 25.96927569806576 226.1862968206406 142.7911047041416 3.453256048262119 1214.06575781852 464.7599985972047 243.1311466321349 7857.659590609372 3843.68585345149 2.676071383059025 844.1668149754405 64.72353951632977 948.8523602485657 9.176561042666435 499.430881857872 58.97268179804087 747.5966331735253 161.1790189370513 67.53166341781616 29.3921309709549 3.207655400037766 4.82614429295063 1.488507077097893 3.245723448693752 5.222501501441002 3.993527218699455 0 0 116.2006933987141 1.264368832111359 22.32348155230284 5.243113040924072 0.1861999779939651 0.12564817070961 0 4.90853177011013 0 50.14350234717131 3.090188167989254 0.8371578380465508 2.279295086860657 1.901029825210571 36.25400642305613 15.03449736535549 11.22774896025658 84.0923113822937 0.1717869192361832 23.43177309632301 49.42269765585661 91.685123026371 11.87703370302916 44.13123803585768 0 0 0.855954222381115 2.136516533792019 1.037499874830246 36.64938385784626 1.220532104372978 13.80980329215527 8.029681093990803 1.18458379805088 0 0 0
0 11.41246511042118 0.1323828548192978 44.01500626653433 3233.710575431585 1312.775347642601 13.7470491155982 65.93844796717167 855.2296865433455 54.73376338928938 5.253737777471542 1456.446504667401 2.468617618083954 3.988970644772053 661.3330098390579 0 0 0.9018408358097076 0.09990713745355606 92.36334419250488 0.7850382328033447 28.30230315774679 0 574.0331147760153 4.720147237181664 0.9405330941081047 11.83551054447889 52.6181255877018 19.6389801427722 0.2330501675605774 1.268746666610241 871.0419881269336 0.1935379803180695 10.47881995141506 1.241363301873207 29.40281210839748 0.6537770628929138 13.81850861757994 8.682497672736645 1737.372605547309 370.5152850300074 0.1152521595358849 6.089050769805908 0 0 0 8.172967955470085 0 0 0.3125062584877014 0.5767979025840759 49.59445083141327 2.79614581912756 0 16.70952935516834 0.1398481875658035 0 0 0 0 0 0 5.480631485581398 0 0.1462867558002472 0 12.89138315618038 0.2155139893293381 0 0 13.03339760005474 0 1.643982768058777 0 0 0 0 6.603670611977577 0 0 0 0 12.1217759847641 0 0 0
5.694926284253597 701.6422189101577 50.18422266840935 0 0 0.1144218146800995 59.29139545559883 6.011017821729183 452.49980314821 1.695523791015148 4.630048707127571 0 40.82391798496246 20.25231697410345 0 716.7150359600782 39.74565401673317 0.8477225005626678 3.882981926202774 0.1004975214600563 1878.687773801386 2997.366325967014 808.920405253768 2602.259083203971 69.04171659052372 18.25963877141476 7899.522145606577 927.4605650231242 46.0041127204895 366.3115196675062 17.18589528650045 0.9118129760026932 4.89372194558382 97.07820259034634 31.66605295240879 1004.506660558283 110.0308333709836 327.127490863204 273.6449313983321 55.40495893359184 1.96320217102766 6.853418253362179 11.82178995013237 11.38672513514757 15.03928323090076 29.27206688374281 0 0 0 85.5952398404479 5.00900837033987 18.68458490073681 0.9037499204277992 2.47871970385313 0.1079146042466164 1.710343316197395 22.48130568861961 0.1296287328004837 896.6883068680763 11.53085260093212 0.3901611864566803 6.112016640603542 0.09968703985214233 531.7654228582978 385.3015554100275 491.119432374835 145.9275011867285 0.1987470686435699 18.88582295179367 308.645383156836 128.1044952496886 85.83325256407261 238.6226283237338 1.218642547726631 0.1859725266695023 8.424068458378315 16.64924088865519 0.7453075721859932 110.7134184986353 5.68600694835186 53.99495471268892 31.0869918987155 3.940744116902351 1.554705277085304 0.2394079566001892 0.3880675882101059
1076.493929252028 97.34040416032076 4791.649739950895 1.528113134205341 3.619329214096069 16.61406043171883 327.9211200103164 959.9787226617336 11.48816759139299 57.26233445852995 357.2133282721043 3.929369926452637 2.575964078307152 2765.012247823179 0 39.74565401673317 5045.078998304904 679.7599666789174 5277.875127002597 7.438226848840714 2385.83805859834 24.23265644907951 3402.542331285775 52.91761289536953 3.157448269426823 7750.810461960733 9952.475651025772 88.49302207678556 2148.574638582766 1635.865146897733 12.71087704598904 17.56946147233248 107.1687450110912 4223.668111518025 48.34362536668777 1481.097700968385 1746.652725204825 3461.805201105773 1360.596531763673 46.94977513700724 4.005393393337727 7.435692936182022 3.833171673119068 0.3338209912180901 135.0325767546892 53.92104183882475 0 0 0.08776765316724777 9.34112410992384 1.44053316116333 1.238090731203556 0.4730111956596375 1.229488700628281 0 1.699928373098373 2.137518770992756 0 36.11714044958353 40.7759620770812 5.294091962277889 215.1335203796625 0 18.25866018235683 20.99080109596252 24.94361885637045 7.694126926362514 0.8661900758743286 740.1804069057107 1351.787618726492 8.525617860257626 1.982547223567963 11.1333286985755 1.547463521361351 0 0.1939163729548454 11.91569259017706 0.4094107896089554 97.37493313848972 21.85284168273211 50.00145924091339 24.01078145205975 2.791192904114723 0 0.6148479729890823 1.925393760204315
10.66329605132341 5.108407184481621 15.91653332859278 1.316697843372822 18.99634782969952 60.16538009047508 12.91558868438005 119.1604930534959 2.026351049542427 36.96256860345602 6786.747186608613 43.91221582144499 56.52783505618572 69.67131949961185 0.9018408358097076 0.8477225005626678 679.7599666789174 990.9258378744125 1532.844899989665 22.52349193394184 4.461169086396694 0.5783335939049721 23.16045021265745 3.826101824641228 4.780497848987579 2767.482012227178 126.7582596614957 4.61020252853632 138.5580947101116 12.37445017695427 67.7840022072196 54.04089484363794 6.802746430039406 2896.732981659472 7.774074785411358 667.654348552227 1820.792486771941 2819.688248299062 661.5260876491666 27.3408045321703 1.451211370527744 74.09507264941931 3.15728447586298 0 2.511036172509193 0 0 0 0 1.162737652659416 0 0.1081246510148048 0 24.67591926455498 0.1567361503839493 91.49257499724627 0 0 0.7479328140616417 0 6.528079733252525 4.02601258456707 0 0.1667268648743629 0.2905138283967972 0.1720881685614586 0.9860683754086494 9.477973222732544 115.2340285256505 81.14866714924574 1.429819025099277 0 0.1393977254629135 51.16151235997677 0 0 0.1697145104408264 0 3.399178862571716 14.24155975878239 1.152126684784889 0.2705973982810974 0 0 0.5998566150665283 0
111.2641063183546 18.8550813794136 147.4184418320656 0.6503775045275688 2.806702882051468 7.636784985661507 38.06744273006916 193.9310227707028 0.8072811663150787 15.31874080747366 268.788472250104 6.242197155952454 3.431087911128998 432.2388750836253 0.09990713745355606 3.882981926202774 5277.875127002597 1532.844899989665 3322.884649209678 4.856013849377632 51.07448402792215 0.7634959891438484 140.8768370077014 2.909237094223499 49.0025382861495 8143.574809834361 1301.730542555451 6.971490740776062 429.2509819865227 149.3343952819705 28.47305124253035 9.375611886382103 33.83537250757217 2816.663080640137 4.978369288146496 550.9091353937984 686.4740208461881 1299.34271004051 323.7941203415394 4.221010714769363 0.5491853952407837 1.170775204896927 1.756424121558666 0.1188362240791321 41.88192258775234 0.3108474463224411 0 0 0 0.8333053439855576 0 0.1962155103683472 0 4.213190779089928 0 8.957515448331833 0.2870919182896614 0 3.020332269370556 1.669748306274414 22.75771644711494 145.5090716332197 0 1.638628676533699 3.19601771235466 1.355601772665977 1.144542276859283 7.029301866889 791.0571475997567 541.5117865428329 1.186150476336479 1.046413518488407 0.9477082565426826 7.709609843790531 0 0.09858269244432449 3.283313229680061 0 20.67066584527493 9.044316217303276 14.54635497927666 4.62616129219532 0 0 0 0.1757644861936569
3.840030036866665 0.5270279943943024 7.143469259142876 8639.822880387306 4.255228519439697 464.8793196156621 28.95225275307894 364.4629315435886 577.4981546029449 8277.66960490495 49.10061889141798 7293.755028836429 2.577078402042389 306.2589673995972 92.36334419250488 0.1004975214600563 7.438226848840714 22.52349193394184 4.856013849377632 3487.749139547348 1.600144542753696 0.2672870010137558 1.847401037812233 388.2247796207666 0.5754875242710114 20.26554469019175 9.74748220294714 4969.738391444087 504.3426574319601 1.940438590943813 0.7467397972941399 42.95048463344574 6.140319533646107 304.1687099039555 6.714231908321381 503.8843385875225 11.81503380835056 816.9450917169452 164.1389266550541 303.7195935919881 78.17127516120672 4.390732906758785 8.98743799328804 2.04071569442749 0 0.1529253870248795 151.4607314020395 0 1.631121024489403 201.3318189010024 8.586386993527412 205.3499983623624 80.82156226783991 0 100.5341657549143 0.2710593044757843 8.146167203783989 1.484447449445724 5.11609111726284 0 0 0.1747495830059052 79.69630940258503 2.775199547410011 0.7254448533058167 0.2184594571590424 337.1068850159645 0 0.1988693550229073 0.76627317070961 389.7223357781768 7.414023205637932 21.03040470182896 0 0 0.666512668132782 2.148895680904388 0 41.6310069039464 0 13.48064406961203 6.182634294033051 44.1788188368082 0 0 0.3969941735267639
164.3737871572375 30.02284614741802 3954.479678630829 1.260309100151062 0.6169798299670219 11.70120958983898 2858.921384863555 127.7816836461425 183.4810455143452 69.68741863965988 7.556488424539566 0.4454405009746552 2.967843778431416 376.1934428960085 0.7850382328033447 1878.687773801386 2385.83805859834 4.461169086396694 51.07448402792215 1.600144542753696 12914.65863624215 638.240419305861 15206.23361010849 1128.913223206997 6.191689319908619 402.037143856287 3363.190109603107 6559.631888620555 786.0743977501988 7140.455499328673 2.915837585926056 3.452220901846886 228.6620768457651 3540.357885986567 101.5666655376554 2729.960825480521 306.1603274643421 3202.843095906079 1129.887197293341 147.0719344243407 11.54522674530745 5.902510039508343 22.60885307192802 16.36538032442331 4.633707419037819 29.43146249651909 0.4673712998628616 0 0.5021189451217651 137.08801112324 8.221550427377224 14.67337524145842 0.5690198466181755 2.930822797119617 0.2506827265024185 0.3489576205611229 26.88893726468086 0 1206.658239126205 17.43391529470682 0.6633677631616592 2.412785448133945 1.390209294855595 843.2561705335975 438.7966891229153 852.7230438813567 179.8563351482153 0.2609105482697487 18.48331896960735 458.1843368560076 175.6339104995131 116.8057987056673 372.9935054704547 0 0.09029103815555573 12.26598795503378 36.12348441034555 2.364941954612732 175.0905084609985 9.812068551778793 104.1718828454614 39.45245869457722 3.97398117184639 0 2.934753149747849 0.6515588313341141
7.696454100310802 2473.572184234858 28.4415530115366 0.1158995404839516 0 2.308764889836311 49.5064797475934 22.78113244473934 3984.934976808727 1.863949343562126 23.04872503876686 3.043395794928074 223.4697045832872 25.96927569806576 28.30230315774679 2997.366325967014 24.23265644907951 0.5783335939049721 0.7634959891438484 0.2672870010137558 638.240419305861 1837.292730018497 489.1920435726643 8516.128207109869 454.2457929179072 32.58878974616528 3667.649529211223 117.2173234000802 78.68477856367826 381.1183494701982 72.09598848223686 1.50931728631258 4.284805037081242 47.38753185421228 7.404534608125687 234.2628241106868 48.72457855939865 52.66269693523645 36.17293262481689 32.66669897735119 2.53282119333744 19.82895792275667 1.429303839802742 4.019988141953945 18.71019335091114 170.8355975747108 0.1379684805870056 0 0 30.86384052783251 2.21112847328186 25.66465824097395 0.9682389050722122 3.055082015693188 0.1483149528503418 6.623819284141064 5.921603158116341 0 387.2991020381451 13.03986635059118 0.09671109914779663 1.771311894059181 0 169.5314148068428 124.9469087421894 228.3794274181128 54.31520015746355 1.287716716527939 9.804543472826481 1412.113091520965 42.58355734497309 20.30394523590803 69.89908526837826 1.023558296263218 0 2.424906581640244 11.90556403249502 0 64.15639366954565 9.321924097836018 32.21804980933666 35.01478876173496 1.851579464972019 0 0 0
131.0051820352674 43.90038694441319 13290.04177772254 0.4208597764372826 0.9759792238473892 2.781605273485184 394.3079556375742 61.20818320661783 24.63025400787592 15.79403196275234 21.58925899118185 0.7760611101984978 3.364353843033314 226.1862968206406 0 808.920405253768 3402.542331285775 23.16045021265745 140.8768370077014 1.847401037812233 15206.23361010849 489.1920435726643 21653.23715282232 125.661849938333 4.63330414891243 315.1819381713867 10797.80730738491 332.1894123628736 254.8699405565858 1997.446453943849 2.732694841921329 2.7711251527071 26.34599041193724 3572.506918504834 188.9192574992776 5223.450859032571 834.7263455018401 7028.978787831962 3417.352343790233 353.264442935586 11.91801244020462 8.696478217840195 45.69653425365686 1.70689333230257 10.54156585037708 85.69738978147507 0 0 0 11.96725405007601 0.9307729601860046 2.518098875880241 0.2088925689458847 1.875554397702217 0 0.4758155643939972 3.822380043566227 0 450.2102961242199 13.33948445320129 0 2.233021751046181 0 233.4346976056695 260.5988283082843 466.2728229090571 24.7691333219409 0.2643353044986725 14.03355208039284 897.2558628469706 20.61301732808352 13.00270862877369 59.63300678879023 0 0.07667127996683121 1.877644456923008 17.48273905366659 3.049851834774017 78.17637770622969 10.04857411235571 52.30378593504429 29.68006861209869 1.658928751945496 0 0 0.1329476982355118
24.19503565132618 1056.372558169067 121.2375163808465 1616.965030573308 4.211583957076073 51.13857591152191 1996.234822399914 180.8027007803321 8117.80364177376 531.7961969226599 17.69625338166952 248.0486833229661 117.1821761876345 142.7911047041416 574.0331147760153 2602.259083203971 52.91761289536953 3.826101824641228 2.909237094223499 388.2247796207666 1128.913223206997 8516.128207109869 125.661849938333 6886.632563240826 189.9256297498941 54.80316103994846 1917.732317999005 5725.034906663001 299.7912694737315 1321.744880184531 48.95571018755436 4.242741256952286 139.5261847600341 259.4695349261165 73.94791985303164 2569.727893896401 134.1282246857882 770.8358871862292 578.4602388888597 498.7267005890608 27.71100963652134 13.341333322227 20.71928273886442 11.41769336909056 9.415028266608715 15.18738938122988 326.8698616474867 0.1158313676714897 3.666327364742756 1118.608498379588 33.13329230248928 892.2474874705076 195.7443304732442 4.167358472943306 128.4865828678012 5.024626880884171 49.44436659663916 8.211122170090675 368.213308185339 5.780893251299858 0.7541204243898392 3.457571268081665 193.0521430522203 218.6416710168123 109.7129961922765 83.80530535429716 1814.827227026224 1.53715705126524 16.21375697106123 87.36863492429256 1525.942354589701 109.7620459571481 282.4669116958976 1.074754558503628 1.083201013505459 13.62245748192072 28.96739587187767 3.736436009407043 331.9485390856862 3.787347018718719 135.6128941997886 67.08436574041843 92.72609022259712 4.056128472089767 3.888080686330795 1.887331075966358
1.194540493190289 2349.075513318181 1.018447071313858 0.1036543548107147 0.6514139920473099 2.856022626161575 3.824248611927032 8.26910824328661 215.8725466951728 1.673186779022217 502.3117575198412 1.984659194946289 4998.016312137246 3.453256048262119 4.720147237181664 69.04171659052372 3.157448269426823 4.780497848987579 49.0025382861495 0.5754875242710114 6.191689319908619 454.2457929179072 4.63330414891243 189.9256297498941 1043.094069808722 278.567106038332 4570.47891073674 3.170563720166683 7.727979399263859 17.05043563991785 595.5427164435387 3.816484294831753 0.2681021615862846 966.2531343698502 7.363935932517052 98.33820284157991 702.1598653122783 1081.496507629752 155.2468422651291 4.092814423143864 12.649339646101 663.0440123081207 3.219327211380005 0 44.17519295215607 1.209427177906036 0 0 0 0.3474217280745506 0.292228177189827 3.873244151473045 0.2562938779592514 130.0425269156694 0.1982789263129234 919.5674901530147 0.5650052577257156 0 1.492054678499699 0.5211929976940155 9.311791837215424 19.60541124641895 0 0.2877447232604027 3.460002705454826 0.1210981458425522 1.047508306801319 255.8850123286247 255.3646742999554 470.6625287905335 0.7312344685196877 0.7433778718113899 0.4441421926021576 107.7972471490502 0.8474619537591934 0 7.679461985826492 0 5.590082302689552 59.78818418085575 26.40670384466648 5.194172717630863 0.136490598320961 0.1632539182901382 49.17717193067074 0
503.6824874579906 239.2349717915058 5957.892767973244 6.135952353477478 5.82307293266058 58.68918984383345 1456.444976486266 435.345867305994 35.00122772157192 166.2654922828078 1784.680013686419 23.09800113737583 488.4748092070222 1214.06575781852 0.9405330941081047 18.25963877141476 7750.810461960733 2767.482012227178 8143.574809834361 20.26554469019175 402.037143856287 32.58878974616528 315.1819381713867 54.80316103994846 278.567106038332 31028.32276814431 19990.00755459815 175.2736106067896 255.1770971789956 564.4135545417666 1081.28850248456 25.97375896573067 11.14557290077209 2002.77522238344 37.04582401365042 5357.414166979492 6843.352060526609 5178.622233502567 1874.450116343796 45.16575223952532 7.521279513835907 27.77689053118229 11.89513829350471 1.154318436980247 422.3685795143247 34.78358921408653 0 0 0 14.38316898047924 2.765062049031258 8.213861726224422 0.5564951002597809 101.6702152490616 0 620.62177888304 7.181103378534317 0.3277621269226074 33.06297012418509 66.79215969890356 157.9895448312163 1056.669416569173 0.1395166665315628 7.456524431705475 35.17618222534657 6.296324633061886 11.49587205052376 235.7397180125117 4547.016485251486 5092.085345640779 6.38854393362999 2.59144850820303 9.927357837557793 324.3363192155957 0.4419068098068237 0.116988904774189 40.63184481114149 0.9197679907083511 230.2635065019131 114.6621905490756 138.9748300388455 59.72344866394997 3.686786152422428 0 2.518142446875572 0.8293057233095169
141.8943397030234 11128.0119073689 17608.69672060758 3.779279723763466 5.98257765173912 24.65090125799179 1168.009686559439 183.9943732023239 433.822307728231 100.2334305346012 416.5279667899013 8.408003471791744 3604.311708390713 464.7599985972047 11.83551054447889 7899.522145606577 9952.475651025772 126.7582596614957 1301.730542555451 9.74748220294714 3363.190109603107 3667.649529211223 10797.80730738491 1917.732317999005 4570.47891073674 19990.00755459815 49532.22270941734 1493.368360064924 185.1649968549609 363.2689662203193 2676.455605633557 8.763578943908215 15.77698735147715 2519.928064770997 286.6213268637657 13580.02557829022 3176.454562947154 11006.84484766424 7468.515484653413 506.0506197437644 22.95097556710243 50.02113888412714 42.92202066630125 3.996259592473507 3138.353246539831 2937.67789658159 0.4287622198462486 0 1.699859544634819 149.7990779876709 20.58869872242212 18.78306642919779 12.6642002388835 79.37032613903284 0.4919605180621147 484.0251394435763 41.15524837374687 0.1548982262611389 619.3613664954901 638.9933690950274 142.5907284095883 1179.369027130306 0 190.1136191412807 1979.476535722613 602.9161222502589 53.50851231068373 369.543904364109 5634.967307299376 22576.79404974729 48.79954112321138 12.71824238449335 54.12166503816843 210.006527736783 0.2445323467254639 0.3467793464660645 113.6263598427176 9.168129496276379 936.9181574061513 215.250865675509 658.9906607717276 522.0580890253186 20.20690155029297 2.659738183021545 6.242761366069317 8.313372775912285
24.80010859668255 32.16944072395563 688.9636090919375 4475.796195887029 1.082008168101311 145.6556919068098 18553.45794161409 277.1956773325801 1462.166226550937 3274.285348795354 9.808764189481735 148.412283860147 2.506602473556995 243.1311466321349 52.6181255877018 927.4605650231242 88.49302207678556 4.61020252853632 6.971490740776062 4969.738391444087 6559.631888620555 117.2173234000802 332.1894123628736 5725.034906663001 3.170563720166683 175.2736106067896 1493.368360064924 13750.13446504623 492.4013959243894 4254.122346192598 2.081462949514389 13.56527753174305 276.3314098864794 458.1391248703003 89.12343266606331 3067.787289567292 116.6607018113136 1367.761628635228 863.6328864246607 185.8717113360763 56.55993360280991 8.665906980633736 32.2242152094841 7.66406737267971 7.805364571511745 15.23133382201195 356.8207765519619 0.4080193266272545 4.722464039921761 944.509572006762 33.11718744784594 450.9256072640419 205.8783085718751 1.023567609488964 114.2273434102535 0 30.80212208628654 9.164366781711578 170.5945506170392 4.610112607479095 0.3005058467388153 1.680129930377007 201.5341209471226 120.1528321355581 36.84680640697479 37.42776695638895 1344.224922455847 0.1581884473562241 11.23451265692711 81.55639636516571 1374.611356832087 60.02456848323345 171.1899686157703 0 0.3335486203432083 7.280703067779541 19.32169841974974 0.7409858852624893 219.7259676456451 3.151210285723209 87.76213704794645 41.59379421919584 64.10017488896847 3.514375381171703 0.1197833940386772 0.9085495844483376
