483.2713157460093 0 49.42445742338896 88.44767287373543 0 14.81542775034904 2388.840310245752 518.2284012660384 1.159533083438873 131.3142318949103 5.518248327076435 3.768112771213055 0 4546.962498910725 0 0 273.6178998351097 3.40766666084528 36.68323535472155 31.01288018375635 94.74252928048372 0 132.7800047025084 158.1915321424603 0 29.97605787962675 13.76872707903385 173.211283326149 2417.818266622722 1616.017059445381 0 0.7378723695874214 25.48583836108446 65.12394924461842 0 18.22496429085732 5.792778059840202 41.03570120036602 11.90810466557741 0.5266884043812752 0.9405913800001144 0 0.1129644587635994 0 0 0.9399674981832504 0.1941712945699692 0 0 3.233660757541656 1.209872722625732 0.7400925755500793 0 0 0.1021298095583916 0 0.807037353515625 0 1.003312677145004 0 0 0 0 3.285464316606522 0 1.873783573508263 15.07701835036278 0 0.2585902512073517 1.671569362282753 20.66324225068092 0 0.584719717502594 0 0 0 1.131817102432251 0.3266617059707642 5.594660803675652 0.1560189872980118 1.589540138840675 0.2613304257392883 0.6038318276405334 0 0 0
0 410.094877704978 14.22139193862677 0.2603980824351311 1.428914442658424 0.3069978356361389 0.373448058962822 0.6069455742835999 732.7103005424142 0.2048527896404266 113.923943258822 1.606665566563606 574.0142336562276 0.6102287769317627 1.978847652673721 293.7879789993167 7.889769159257412 3.625923581421375 7.736927293241024 0.4937540665268898 42.97447840869427 2691.831140056252 20.53515107929707 1292.167321637273 2724.966794319451 391.7911079451442 5372.728002019227 21.51653314381838 0.4477346390485764 1.907224729657173 113.9655630886555 0 0 11.99690205603838 0.185627743601799 29.64385974407196 86.33818569034338 41.74415627866983 13.80462569743395 6.222985342144966 0.4865155518054962 139.0782230943441 0.1286622881889343 0.1530266851186752 52.70000320672989 106.5891842916608 0 0 0 0.7196210920810699 0 12.76001714915037 0.1718875169754028 4.104554392397404 1.055218681693077 9.972301043570042 0.1540820896625519 0 28.99026892334223 25.46705712378025 1.069841206073761 5.382235184311867 0 3.062215760350227 15.37214781343937 8.381110623478889 31.41995490342379 40.32902801036835 140.0656487196684 1959.742178589106 3.181440383195877 0 0.92711541056633 2.857461780309677 0 0 1.443035051226616 1.207916967570782 11.94571766257286 28.56647937744856 5.195934563875198 1.550310276448727 0.1525788754224777 0 0.2412497401237488 0
49.42445742338896 14.22139193862677 5470.449166089296 0.297436311841011 0 3.514849297702312 627.5919896513224 147.6972082927823 1.208461329340935 8.701177857816219 32.34777603298426 0.4939652010798454 2.263691574335098 150.0192315429449 0 9.27007482200861 11847.44228576124 75.21786613017321 521.4031849950552 1.108497768640518 1568.258568942547 172.8881949931383 11394.61164960265 182.7843837961555 0.4980874061584473 6691.246443331242 9339.835935741663 519.94543697685 163.8050278425217 249.2277134507895 1.909396454691887 1.52632312476635 18.45431745052338 690.9287666901946 29.49934333562851 1485.702623873949 4729.298073656857 3025.22909154743 993.4342719167471 22.41671071946621 7.206751987338066 9.362008392810822 9.152796030044556 0.1249013766646385 30.25328273326159 1543.940420590341 0 0 0.2539234459400177 10.89845162630081 1.867507085204124 11.98671974241734 1.362422287464142 0 0 0.2573286294937134 0.6290473863482475 0 173.1128914505243 67.64005740731955 1.114429660141468 2.390890158712864 0 31.82085636258125 56.53389278799295 372.6815216168761 84.66655257344246 0.8468877822160721 76.05861987918615 3431.413449428976 40.71685457229614 1.744237422943115 8.686234280467033 0.1385658830404282 0 0 4.349658094346523 7.918788895010948 84.59271400421858 378.2873285934329 44.84244141727686 21.00363977998495 2.092637494206429 0.2098864912986755 4.014294624328613 0.1525323092937469
88.44767287373543 0.2603980824351311 0.297436311841011 2222.319733373821 23.87757997214794 207.3505830764771 544.2961583957076 477.0681397244334 1000.153143778443 2804.703468561172 19.48726118355989 3075.28161193803 4.152489639818668 415.2761268764734 100.8731648996472 0.366878978908062 1.434327147901058 10.91568198800087 8.36464074626565 6827.702461946756 0.5727331638336182 2.368667930364609 1.053787589073181 4081.802565738559 4.259926378726959 7.168865457177162 3.62305823713541 3460.542493239045 808.1418736726046 4.798409305512905 0 7.883070230484009 45.56327617913485 196.8351784273982 17.31915627419949 782.2275358512998 13.13240049779415 396.9559614136815 91.21380929648876 519.843527905643 34.69060695171356 3.750804610550404 7.984091013669968 0 0.9560583829879761 0 166.8325646445155 0.2156486362218857 10.23084535449743 83.13328565657139 20.91729516535997 140.0243994370103 246.151831112802 2.412624016404152 136.2875844910741 2.990825176239014 8.572801172733307 3.069148391485214 1.887767061591148 0 0.2247802168130875 0 277.3319844901562 1.225006222724915 2.762556657195091 6.320610873401165 765.6345942690969 0 0 4.38154149800539 491.9179048314691 5.768355190753937 3.476760163903236 0 1.303948014974594 0 11.35658913850784 0.954328328371048 232.942568898201 0.9202098697423935 37.78559473156929 7.750220224261284 152.771739795804 4.64360523968935 2.662721037864685 0.2210272550582886
0 1.428914442658424 0 23.87757997214794 40.55401086807251 438.7158599719405 1.493979655206203 165.5483523830771 364.391222499311 12.35459219664335 154.2722487300634 460.9474739655852 34.44312607496977 6.0803052932024 1610.043375566602 0 0.6718819290399551 12.73145757615566 3.771626017987728 47.01616041362286 0.3750624358654022 2.034291371703148 0 247.9995558932424 2.238665282726288 4.237165659666061 2.623365320265293 10.39422024786472 4.851772852241993 0.3747535943984985 0.2823114171624184 77.73299890756607 0 893.0176980495453 5.341604843735695 138.2788307666779 16.79670493304729 449.094381287694 136.5673613548279 4051.264834009111 280.3769463598728 26.78959792852402 5.274228557944298 0 0 0 0.5182051807641983 0 0 0.8643630594015121 0 0.3137475252151489 0.1178769022226334 0 0.8917563706636429 0 0 0 0 0 0 0 0.1560184061527252 0 0 0 1.50798511505127 0 0.3208062350749969 0.3972273916006088 1.047189682722092 0 0 0 0 0 0.2983811497688293 0.3319730162620544 3.085721969604492 0.1726329326629639 0.766481414437294 0.6596391499042511 1.539160221815109 0.1721399277448654 0 0
14.81542775034904 0.3069978356361389 3.514849297702312 207.3505830764771 438.7158599719405 9350.065963789821 1070.290806204081 5275.455989897251 223.3878698647022 12688.03851791471 94.16615087538958 6687.158265270293 32.61323001235723 590.9337768033147 3277.387918621302 0 11.29844444990158 22.33547235280275 12.96399365365505 1009.726815924048 8.911460369825363 0.8212763071060181 4.886612169444561 737.4224645197392 3.062237001955509 7.957944542169571 5.610984288156033 453.314575523138 184.5749456807971 19.24597007036209 0.6015448123216629 756.0374104306102 2.674115367233753 123.0751751437783 8.397278875112534 304.0798432454467 12.93711730837822 380.1811265274882 123.3613427951932 4848.931132912636 60.9643431827426 26.60020979493856 7.677951335906982 0 0 1.192848056554794 17.22584872692823 0 6.077402740716934 23.34041067957878 6.795399129390717 7.385683625936508 13.90864762663841 0.368807852268219 30.00920218974352 0 3.395493596792221 0 0.1940452307462692 0 0 0 10.74182417988777 2.649546384811401 0.2433954775333405 2.815670296549797 81.49680562317371 0 0 0.1108007207512856 106.3742911964655 1.780778259038925 1.276174664497375 0.1521709859371185 0.8598787784576416 0 1.552581757307053 0.2185359597206116 44.14432089030743 0.4303182810544968 9.578771352767944 7.457993999123573 20.35498458147049 1.971042439341545 0.7521040737628937 0
2388.840310245752 0.373448058962822 627.5919896513224 544.2961583957076 1.493979655206203 1070.290806204081 13535.30811867863 7326.136885233223 108.5391527786851 13303.15407309681 27.09867003560066 80.27586863189936 3.697435066103935 8404.287812836468 11.53914783895016 1.38761006295681 782.4740197584033 14.91112887859344 72.28536976128817 133.1845916956663 1948.56367239356 3.511225894093513 850.7777744159102 3235.502560347319 0.2615228518843651 135.0073895081878 141.1932967379689 24353.49364261329 3341.816628880799 5308.593889340758 0.2799623385071754 10.79718960821629 389.202538587153 442.7677334547043 48.44409804046154 1032.229594156146 69.97162329405546 866.4830130115151 336.2996463850141 54.25945726782084 46.11330603808165 3.509726539254189 14.72383517026901 1.603467255830765 0.6263849437236786 10.37580510228872 11.1501292437315 0.2837785482406616 11.46674659103155 119.3803876116872 19.12312585115433 44.08740515261889 47.65706170350313 0.5170354247093201 9.28460168838501 0.6847394108772278 15.77462761104107 0.7172554135322571 11.69621181488037 0.3658447042107582 0.8459660410881042 0.4656694680452347 20.22095561772585 3.712652496993542 2.050626285374165 17.09015112370253 408.0679747313261 0 1.32443992048502 31.83202607929707 357.8325978964567 8.822013400495052 5.952043116092682 0.2282503247261047 2.978444933891296 0 6.69210296869278 6.361736714839935 80.08098867535591 2.696158036589622 30.05316529422998 8.358265042304993 26.29592446982861 7.167163759469986 1.316432565450668 0
518.2284012660384 0.6069455742835999 147.6972082927823 477.0681397244334 165.5483523830771 5275.455989897251 7326.136885233223 12835.52722509205 2.145832516252995 3794.417562201619 278.2854601666331 809.9550340771675 60.39387810975313 7550.621606729925 129.7782713025808 0.1743490844964981 598.092388048768 44.25655173510313 91.33259127289057 1012.588645912707 246.5887573584914 1.634413704276085 305.9733346477151 391.9699248448014 5.301729843020439 102.1152585893869 43.01345511525869 681.2705962732434 554.6122717373073 1108.448866471648 1.29808259755373 1235.940425351262 16.75730037689209 399.1988190859556 12.31787280738354 443.6935743615031 43.75172777473927 776.3386321291327 218.8819323480129 1294.649603098631 87.92289162427187 53.04497598111629 13.62563028931618 0 0.1027189493179321 3.459474816918373 7.444799095392227 0 0 10.87653666734695 2.251949660480022 5.54598930478096 2.831754267215729 0.4799855053424835 17.4456070959568 2.569790422916412 2.962662786245346 0 1.59514756500721 0.363787941634655 0 0.4532293975353241 2.709218040108681 1.256580710411072 0.5799770355224609 3.14863882958889 52.09122055023909 0.2107785195112228 1.06387634575367 9.338721744716167 45.2312591150403 1.807921931147575 1.053463250398636 0 0.1244663894176483 0 3.103368267416954 2.877356603741646 19.73599927127361 2.102040559053421 9.933838173747063 6.072807565331459 4.791701555252075 0.5114353895187378 0.57927405834198 0.2051008194684982
1.159533083438873 732.7103005424142 1.208461329340935 1000.153143778443 364.391222499311 223.3878698647022 108.5391527786851 2.145832516252995 828.024349540472 117.0613945573568 2.623183622956276 320.3357297256589 16.24429650604725 6.618741907179356 727.1705027297139 34.93461391329765 3.306293517351151 0.2867126017808914 0.2639941498637199 562.8877792432904 20.76376837491989 2666.234353467822 5.554864667356014 13903.77466106415 121.9970514625311 23.5732027888298 743.8788754045963 600.7739637419581 15.16254041343927 30.28115399181843 3.986864775419235 1.984626993536949 2.506554841995239 3.278000593185425 1.462571397423744 178.7292395755649 10.05397049337626 19.06078335642815 4.603166215121746 1024.481980994344 12.97860045731068 1.438259981572628 0.7929652780294418 1.850725680589676 5.505507700145245 5.180314213037491 27.51672033965588 1.210324168205261 16.55449876189232 101.7850301861763 35.07893706858158 197.621211849153 70.3050270602107 3.402302980422974 112.7140000015497 0 36.32919273525476 9.683405384421349 29.80718746036291 0.4780053347349167 1.287688627839088 0.4486778378486633 68.55347070097923 13.34402567893267 21.91877067089081 20.78555709123611 1410.947631038725 0.5773383975028992 7.295711345970631 36.25266269594431 718.8512909933925 17.25962825119495 5.262378692626953 0.4693650156259537 7.526084795594215 0.1522095501422882 12.87922374904156 6.123730093240738 195.7340538278222 9.504446730017662 76.28337825834751 9.376498974859715 47.12603314220905 13.44707758724689 3.206698030233383 4.596942767500877
131.3142318949103 0.2048527896404266 8.701177857816219 2804.703468561172 12.35459219664335 12688.03851791471 13303.15407309681 3794.417562201619 117.0613945573568 23790.33544868976 107.3471074812114 7913.481627333909 9.409902043640614 1761.568768560886 187.6828009486198 0 9.794888280332088 50.01935308426619 41.13006132096052 2292.023103255779 17.19771186262369 0.2267587184906006 7.863640710711479 1073.535095885396 1.078191444277763 25.90514748543501 16.80384027212858 8604.961000367999 1205.381600506604 12.15856695175171 0.7201892137527466 31.43389394879341 23.92857438325882 325.0086393356323 15.05072396993637 619.0995479077101 18.79113113135099 631.1822999641299 88.78770174086094 372.7973904982209 36.97079359740019 8.206361919641495 7.998491749167442 0.441161721944809 0.1076955199241638 0.3170042932033539 31.16885038465261 0 1.48434492200613 21.75979922711849 3.223580837249756 22.41575818508863 45.08726481348276 0.669951856136322 50.3680984005332 1.863405019044876 7.132843136787415 0.8252160102128983 1.142789885401726 0 0 0 33.54194924980402 0.9544716998934746 0 2.969844251871109 160.9249497279525 0 0.6250607967376709 2.458935052156448 127.0486638620496 3.797224655747414 0.9540820121765137 0 0.3682529628276825 0 2.17465104162693 0.5699457973241806 64.20697016268969 0.1333776712417603 15.47508790344 3.413714647293091 27.33171191811562 0.4988817274570465 0 0.9125036299228668
5.518248327076435 113.923943258822 32.34777603298426 19.48726118355989 154.2722487300634 94.16615087538958 27.09867003560066 278.2854601666331 2.623183622956276 107.3471074812114 5781.989265345037 74.83373761177063 2051.286410942674 709.9625537618995 0.6825054287910461 1.797509171068668 221.7333085164428 3597.957769967616 1405.372102536261 92.20768027380109 40.99115227907896 11.77740225940943 51.08769442886114 62.74679081141949 1403.674217231572 1243.576046340168 896.7570748329163 22.9252881705761 1248.468466714025 27.32268089056015 177.3410332500935 1016.583720713854 0.6205200329422951 7097.229342162609 8.541404083371162 380.5572228208184 5930.203956946731 7165.089238971472 658.3389867991209 42.56068603694439 170.9351048544049 1574.031170241535 5.930361464619637 0 9.610342808067799 2.372785218060017 0.431540459394455 0 0.1227927878499031 2.701620578765869 0.1107665374875069 0.8871787339448929 0 320.6593408435583 2.670350722968578 1239.638508118689 0.5945980697870255 0 0.6849678754806519 1.055293701589108 12.27634231001139 4.324167348444462 0.310333326458931 0.4265143126249313 2.477717451751232 1.764660656452179 9.667374588549137 292.5939347296953 240.6166291609406 729.6219025328755 10.61293387413025 0.09542028605937958 0.8231660127639771 324.2673087641597 0.2427035346627235 0 24.36429516971111 3.551547348499298 24.27873370796442 310.3682102188468 13.01141481101513 8.060147203505039 1.207409620285034 0.1582499146461487 99.99903637170792 0
3.768112771213055 1.606665566563606 0.4939652010798454 3075.28161193803 460.9474739655852 6687.158265270293 80.27586863189936 809.9550340771675 320.3357297256589 7913.481627333909 74.83373761177063 10217.89796746895 7.871614538133144 622.9887596219778 1608.637081898749 0.130475640296936 2.627847597002983 34.90871910005808 27.31361653655767 6149.75560856238 0.4462676718831062 10.93706099689007 1.086628124117851 673.8925914019346 0.3087227940559387 17.15549508482218 12.30446529388428 374.7626216858625 543.6144115030766 2.98006609082222 0.5626567974686623 28.66385789960623 1.43314278870821 189.560661688447 3.942442201077938 602.2976879775524 10.87649381160736 355.1049523279071 41.82599367201328 1941.25071965158 28.96612107008696 6.631463162600994 3.114022932946682 0 0 0 121.0264839753509 0 13.49397145211697 6.831145986914635 7.6275594830513 49.33100771903992 94.5278392881155 0.3558808416128159 439.9422942176461 0.09714028984308243 5.09693455696106 5.346453443169594 0 0 0 0 102.0755641758442 0.4258671700954437 0.3603931218385696 0 94.35189224779606 0 0.2160547971725464 0.1798412874341011 68.27095035463572 1.68064907938242 0.1486538052558899 0 0.1347051560878754 0 0.9563437476754189 0.4043243676424026 47.10966537892818 0.3258845955133438 6.903818815946579 3.538069076836109 26.27959679067135 1.478368625044823 0.3870211020112038 1.758516654372215
0 574.0142336562276 2.263691574335098 4.152489639818668 34.44312607496977 32.61323001235723 3.697435066103935 60.39387810975313 16.24429650604725 9.409902043640614 2051.286410942674 7.871614538133144 3354.028480485082 53.07471761852503 23.37899691611528 6.06088749319315 7.398496747016907 42.53920201957226 6.318021327257156 9.900038123130798 10.01443029940128 71.2129981815815 20.09067920595407 49.49347966909409 6206.852465391159 385.3757129311562 4373.581055633724 9.732016824185848 55.2353174239397 7.055773958563805 705.0754544809461 91.51425366103649 0 551.6920863091946 60.22462627291679 1619.521493412554 4422.219948165119 3951.593805089593 711.3111393600702 87.13942976295948 297.3679306060076 1276.262308828533 7.104307934641838 2.106165885925293 26.66450978815556 4.631896823644638 0 0.1363355219364166 0 2.243975639343262 0.5606703385710716 1.131631314754486 0 706.0726579874754 0.170638419687748 2202.718539968133 0.9436935111880302 0 1.098711386322975 1.284605160355568 26.22104669362307 12.38064647465944 0.4088704586029053 1.851656585931778 2.230259507894516 2.568627819418907 5.874907836318016 649.1511670351028 603.8998217508197 1787.330738261342 5.230970427393913 0.635678805410862 2.758502408862114 947.6631937846541 0.168142095208168 0.2438670545816422 22.92825977504253 42.76556299626827 390.7383206635714 630.2574280202389 34.52386862039566 13.19324404001236 20.21284309029579 0.5886008590459824 206.0026839673519 0
4546.962498910725 0.6102287769317627 150.0192315429449 415.2761268764734 6.0803052932024 590.9337768033147 8404.287812836468 7550.621606729925 6.618741907179356 1761.568768560886 709.9625537618995 622.9887596219778 53.07471761852503 13780.82740367949 15.04884799569845 0 907.2735564261675 186.987781599164 249.8425370827317 930.1089006513357 270.613365188241 0.7122746407985687 443.9191389754415 531.8679007068276 4.899111613631248 191.3428594022989 90.74496784806252 531.7650870755315 8516.065902680159 2571.034709632397 3.963773295283318 416.6236213296652 43.35216590762138 1409.098841071129 8.485246792435646 389.0173177793622 60.90135099738836 1436.299509085715 139.1512665823102 433.1311845853925 48.84219229221344 27.72457835823298 9.961189024150372 0 0 3.172429658472538 5.373888544738293 0.1457387655973434 0 15.12316517531872 2.405238822102547 5.457938462495804 4.112617701292038 0.1976122856140137 14.1952463015914 0.8197563141584396 4.960383407771587 0.3583760559558868 2.471064031124115 0.4905167147517204 0 0.1206347569823265 2.303836286067963 2.683221772313118 0 2.460810020565987 69.86816943436861 0.9047071263194084 1.716942951083183 8.227113209664822 70.07827667146921 1.266989946365356 2.799852877855301 0 0.2356008440256119 0 2.256672739982605 2.403596192598343 30.78396621346474 2.116901844739914 6.133419997990131 5.262440398335457 6.362137198448181 1.724217727780342 0.2822459787130356 0
0 1.978847652673721 0 100.8731648996472 1610.043375566602 3277.387918621302 11.53914783895016 129.7782713025808 727.1705027297139 187.6828009486198 0.6825054287910461 1608.637081898749 23.37899691611528 15.04884799569845 183.5126126930118 0 0 0.2693048343062401 0 444.2579064741731 0.5184597969055176 10.93345078825951 0.1409702450037003 667.5305949002504 0.7950879335403442 0.2674903720617294 3.461615398526192 25.72257518768311 3.184300415217876 1.10711482167244 0 179.9757791608572 0 1.708526074886322 16.04195490479469 271.3932887464762 8.801696702837944 44.99842788279057 22.55067467689514 781.9112618640065 116.4874649047852 24.28881239891052 8.953243926167488 0 0 0 1.326166391372681 0.1713555455207825 0 2.237279415130615 0.5886075496673584 1.620032086968422 3.377137497067451 0 10.37833896279335 0 0 0 0 0 0 0 3.470523655414581 0 0.1580104529857635 0 6.335335165262222 0.4424220323562622 0 0.1354478597640991 4.689671903848648 0.715648353099823 0 0 0 0 0.6397234052419662 1.882783651351929 7.127708956599236 0.7091773450374603 0.5948932021856308 1.786972388625145 8.854291796684265 0.1673242896795273 0 0.389929324388504
0 293.7879789993167 9.27007482200861 0.366878978908062 0 0 1.38761006295681 0.1743490844964981 34.93461391329765 0 1.797509171068668 0.130475640296936 6.06088749319315 0 0 3333.473951101303 22.46205987781286 0.60622338950634 6.257971130311489 0.1046225428581238 7121.098662950099 2157.643646761775 7148.522016778588 2316.245997197926 35.73588701337576 11.63021289557219 9008.356326073408 284.5213796570897 5.357043102383614 52.67402944713831 1.588980704545975 0.1736839413642883 1.691358774900436 55.67126536369324 32.83180545270443 2171.586660578847 843.391336902976 324.1908655613661 537.9752307161689 20.48809184134007 1.982322826981544 1.996107205748558 15.98985048383474 0.7260624170303345 5.210907235741615 15.68868884444237 0 0 1.602479957044125 7.99984785169363 0.7151158303022385 144.5661432147026 5.319331511855125 0 0.5736271888017654 5.471103772521019 0.9470037966966629 2.677509665489197 3038.642921477556 2.253353290259838 0.2475955784320831 0.3218646943569183 0.4444848597049713 410.0630567520857 453.9028047993779 1616.775279901922 533.5899473428726 0.6240662112832069 3.739327616989613 341.2257808819413 216.6737874671817 4.582453034818172 85.08190302550793 0 0 0.533998504281044 7.652794472873211 7.078446671366692 102.2370707243681 11.83452859520912 20.2025430649519 10.69878290593624 8.69110281765461 0 3.913206815719604 1.285315856337547
273.6178998351097 7.889769159257412 11847.44228576124 1.434327147901058 0.6718819290399551 11.29844444990158 782.4740197584033 598.092388048768 3.306293517351151 9.794888280332088 221.7333085164428 2.627847597002983 7.398496747016907 907.2735564261675 0 22.46205987781286 4659.133591257036 247.1063638105989 3771.979834079742 4.039522737264633 3609.913154780865 29.60531953722239 5020.671033039689 84.71901870518923 1.456660471856594 5967.286483280361 12312.78176826984 567.4855367615819 2043.484158471227 2554.197771690786 2.378274008631706 7.654695942997932 57.88278056681156 4291.950557343662 9.90813959389925 518.5668032690883 4241.405907794833 1953.909430786967 373.390424080193 4.908359818160534 1.934186682105064 9.730430170893669 1.353596061468124 0 12.45758002996445 486.0249073058367 0 0 0 4.842133514583111 0.2608295455574989 5.294980436563492 0.3113762885332108 0.4963399991393089 0 1.134828388690948 1.783386766910553 0 41.92625021189451 55.31323930621147 1.354181729257107 6.663997955620289 0 15.85687275230885 12.20447260886431 77.21120236814022 33.83642826974392 1.190665036439896 126.7807408943772 1002.946341231465 21.24316923320293 0.2163643687963486 7.818965196609497 0.1252123713493347 0 0 1.240545853972435 1.984572812914848 36.1139712780714 261.6095134988427 19.49807903170586 3.353024296462536 0.7980179637670517 0 1.027129530906677 0
3.40766666084528 3.625923581421375 75.21786613017321 10.91568198800087 12.73145757615566 22.33547235280275 14.91112887859344 44.25655173510313 0.2867126017808914 50.01935308426619 3597.957769967616 34.90871910005808 42.53920201957226 186.987781599164 0.2693048343062401 0.60622338950634 247.1063638105989 447.6146955415606 3053.977459900081 49.25062166899443 28.35162252932787 0.5271712020039558 47.44271236658096 25.49110105633736 279.5221520289779 2302.89679325372 867.8813138082623 13.68871518969536 315.6079394221306 20.31619546562433 34.73256980627775 127.2471208721399 0.7266647294163704 1764.344835072756 13.52660635858774 672.3720488920808 1806.722355559468 2908.098863936961 639.3671621233225 13.14960812777281 5.620310738682747 47.22412194311619 4.17433013767004 0 1.236753329634666 4.155534259974957 0.4716099500656128 0 0.6832728385925293 0.2125435024499893 0 0.3966095298528671 0 10.15694506466389 0.7619815915822983 33.4606071934104 0 0 1.013401076197624 0.6270135343074799 6.877504333853722 6.277612783014774 0 0.155685618519783 0.6424500793218613 0.358144998550415 2.75373899936676 7.653995558619499 107.7135895490646 234.8041688203812 3.48139400780201 0 0.5679907202720642 30.58507988601923 0 0 0.1265552192926407 5.363000124692917 18.26098576188087 47.60856156796217 2.667952686548233 1.552756741642952 0.4393354654312134 0.4472400546073914 2.104453608393669 0
36.68323535472155 7.736927293241024 521.4031849950552 8.36464074626565 3.771626017987728 12.96399365365505 72.28536976128817 91.33259127289057 0.2639941498637199 41.13006132096052 1405.372102536261 27.31361653655767 6.318021327257156 249.8425370827317 0 6.257971130311489 3771.979834079742 3053.977459900081 2286.215374834836 38.02590188384056 311.8609647974372 5.354944683611393 424.9158416837454 27.40878466516733 11.8803726285696 7737.430372282863 2756.058198191226 59.81476003676653 544.7137048840523 272.905689522624 4.666345000267029 62.69066071510315 12.98584823310375 5931.504836603999 15.18143584579229 1280.788340084255 2355.498411595821 3402.300187967718 765.461527325213 9.374986201524734 2.175191253423691 4.188253238797188 5.249827064573765 0.1004387438297272 9.205891832709312 61.55708786100149 0.2079093903303146 0 0 1.162271350622177 0 0.6799910962581635 0 1.764332219958305 0.726062498986721 3.001583725214005 0.1606590151786804 0 5.415375947952271 30.48734744638205 5.844472415745258 16.9349425509572 0 2.417302392423153 1.812396079301834 7.568952672183514 5.320200592279434 4.611452303826809 268.3111801669002 430.3930970877409 3.653414197266102 0.3066818192601204 1.028959818184376 5.550207518041134 0 0 0.8199760690331459 4.63084802031517 18.79394775629044 131.0040855705738 7.559807389974594 1.445022329688072 0.557587742805481 0 0.3279309570789337 0.1841665804386139
31.01288018375635 0.4937540665268898 1.108497768640518 6827.702461946756 47.01616041362286 1009.726815924048 133.1845916956663 1012.588645912707 562.8877792432904 2292.023103255779 92.20768027380109 6149.75560856238 9.900038123130798 930.1089006513357 444.2579064741731 0.1046225428581238 4.039522737264633 49.25062166899443 38.02590188384056 655.0506562143564 1.240733914077282 2.796590201556683 1.846390850841999 1096.436238721013 0.5953217819333076 22.51856557652354 13.19471292942762 2790.055252060294 1039.627221427858 3.904385253787041 0.9774393290281296 28.67891030013561 8.411610469222069 320.6450732722878 12.67305249720812 841.4175675287843 19.42167285084724 608.6653527542949 75.39086537063122 962.2145475000143 39.82130693644285 10.60587509721518 10.30682859569788 1.056881427764893 0 0.1143561378121376 75.88554156571627 0.1615446656942368 4.916013181209564 50.80136616528034 11.72745977342129 57.26715938746929 100.1751442626119 0 70.07784824073315 0.4062995612621307 8.020372427999973 0.6694636940956116 2.287353247404099 0 0 0 89.88546136021614 0.4390013664960861 1.73497998714447 7.105413526296616 371.7045887708664 0 0.9647964090108871 3.948001399636269 252.0886857286096 2.655128568410873 0.2297107726335526 0 1.255537182092667 0 4.221351116895676 1.574150368571281 132.310959033668 0 20.01755674183369 3.683613903820515 76.01297751069069 4.315468832850456 0.3749930858612061 0
94.74252928048372 42.97447840869427 1568.258568942547 0.5727331638336182 0.3750624358654022 8.911460369825363 1948.56367239356 246.5887573584914 20.76376837491989 17.19771186262369 40.99115227907896 0.4462676718831062 10.01443029940128 270.613365188241 0.5184597969055176 7121.098662950099 3609.913154780865 28.35162252932787 311.8609647974372 1.240733914077282 18928.47469463944 374.0262162685394 23759.19291697443 1048.672572888434 9.051645755767822 198.1975036635995 937.4839344322681 12551.87167198211 527.0555345267057 14947.18699456006 0.6124884188175201 2.549035027623177 65.14849620312452 4896.924800463021 181.6238750517368 7343.403935596347 1015.729751706123 6266.656828902662 3150.172466099262 36.38259871304035 15.40901596844196 7.775247514247894 58.61622409522533 2.216017164289951 2.098498195409775 23.96466314047575 0 0.164769247174263 2.430131115019321 16.91610331833363 5.601535394787788 174.703293196857 8.68384126573801 0.2201067507266998 0.1578121781349182 8.596879839897156 8.116867035627365 2.284118235111237 914.474856287241 2.034923367202282 0.7093741595745087 0.9807450175285339 0.4841031432151794 544.0680930316448 111.8908131346107 343.3224649354815 837.155482493341 0.2986307144165039 3.492719903588295 101.1169661879539 470.6240857988596 8.364951774477959 186.1420754939318 0 1.237086087465286 0.5797163546085358 8.413382738828659 13.50668770074844 222.0299500599504 10.7138986736536 33.17705857753754 12.42849307507277 16.69394990056753 1.283964052796364 8.794836953282356 0.7317775636911392
0 2691.831140056252 172.8881949931383 2.368667930364609 2.034291371703148 0.8212763071060181 3.511225894093513 1.634413704276085 2666.234353467822 0.2267587184906006 11.77740225940943 10.93706099689007 71.2129981815815 0.7122746407985687 10.93345078825951 2157.643646761775 29.60531953722239 0.5271712020039558 5.354944683611393 2.796590201556683 374.0262162685394 2361.054321199656 848.2661861106753 5721.906087100506 579.6886799111962 91.83162676542997 7095.162666402757 137.8143170699477 3.478034861385822 27.01634594798088 22.42703840881586 0.2716165110468864 0.7326686382293701 24.08850598335266 0.7605296969413757 205.7748594507575 337.3800791501999 204.7988106235862 104.3268802165985 50.14497694373131 1.462099552154541 7.487088687717915 5.327585346996784 0 28.75127873569727 127.7036450058222 0.1478236615657806 0.1979278773069382 0.7790347784757614 4.842599861323833 1.216741748154163 185.2171111702919 4.879716992378235 0.7897435128688812 5.201827846467495 4.558757595717907 2.250296078622341 6.229043304920197 1662.342026770115 5.770578645169735 0.2176813781261444 2.29027796536684 0.6087839305400848 88.05633042007685 223.6115741729736 556.8212102726102 620.3896033242345 1.314201727509499 28.44940902292728 1891.623262003064 128.6164192557335 2.451768547296524 12.39093258976936 0.6932399049401283 0.2821979522705078 0 1.123022876679897 2.506852671504021 35.45852687954903 18.48511739820242 13.0990744009614 6.014427468180656 5.35631200671196 0.1579504013061523 0 0.5530334115028381
132.7800047025084 20.53515107929707 11394.61164960265 1.053787589073181 0 4.886612169444561 850.7777744159102 305.9733346477151 5.554864667356014 7.863640710711479 51.08769442886114 1.086628124117851 20.09067920595407 443.9191389754415 0.1409702450037003 7148.522016778588 5020.671033039689 47.44271236658096 424.9158416837454 1.846390850841999 23759.19291697443 848.2661861106753 27467.11356531084 2023.119682624936 4.103487208485603 796.5336590707302 10968.16471297294 5007.503929190338 1112.713753275573 4266.380727343261 0.5391207411885262 3.601106613874435 62.29759052395821 4578.182001806796 306.3552895262837 13345.17778369784 6490.885710470378 9041.778279840946 8418.466880373657 275.9815001636744 37.84837619960308 24.17988910526037 110.2632123231888 0.1363729536533356 3.911592558026314 181.1975601315498 0 0 1.430222079157829 5.648861311376095 1.148938648402691 66.79950124025345 3.325043901801109 0 0 2.130444526672363 0.4115650653839111 1.79442073404789 3582.566107705235 4.614469774067402 0 0.3291768878698349 0 358.1848438680172 337.6446577385068 2646.773048862815 344.6579023599625 0.6464809030294418 7.338787272572517 1366.443886771798 127.9197085425258 3.1168043166399 80.1865656748414 0 0.9872031807899475 0 1.477622620761395 29.33078481256962 227.9021331518888 35.70766574144363 32.95839826017618 32.92251239717007 10.68501379340887 0.9517465829849243 3.769190698862076 3.664894297719002
158.1915321424603 1292.167321637273 182.7843837961555 4081.802565738559 247.9995558932424 737.4224645197392 3235.502560347319 391.9699248448014 13903.77466106415 1073.535095885396 62.74679081141949 673.8925914019346 49.49347966909409 531.8679007068276 667.5305949002504 2316.245997197926 84.71901870518923 25.49110105633736 27.40878466516733 1096.436238721013 1048.672572888434 5721.906087100506 2023.119682624936 12478.06654879451 196.7373005822301 73.89265157282352 7505.305787205696 11899.09871557355 3302.192089520395 1238.586650930345 7.398164860904217 27.80624214559793 967.5715241730213 1381.072015285492 187.5948292091489 6403.949320808053 288.1459344103932 2673.697776049376 986.3724913746119 2144.481560446322 138.1011090427637 19.43820528686047 58.1633236259222 10.2356086820364 15.17926575243473 51.61942543834448 244.4879879206419 5.296675756573677 81.26937741786242 597.578951716423 154.4239081293344 1277.336027018726 667.5802544876933 21.79164528101683 283.0163494497538 39.33175806701183 169.9965551570058 20.97469218820333 538.9904837757349 5.911236591637135 4.236633613705635 2.538651570677757 503.743619762361 363.2326673567295 143.6507760435343 362.2491997927427 6084.332831189036 2.699825651943684 15.87608155608177 272.9679063484073 3622.844155587256 93.93021866679192 223.5422125384212 1.7433170825243 21.33035138249397 2.038146071135998 80.02497211843729 38.69906321913004 1045.376748904586 29.01582133024931 341.263722717762 81.31598728150129 395.1772687882185 52.04284478724003 18.58442078530788 17.12235336005688
0 2724.966794319451 0.4980874061584473 4.259926378726959 2.238665282726288 3.062237001955509 0.2615228518843651 5.301729843020439 121.9970514625311 1.078191444277763 1403.674217231572 0.3087227940559387 6206.852465391159 4.899111613631248 0.7950879335403442 35.73588701337576 1.456660471856594 279.5221520289779 11.8803726285696 0.5953217819333076 9.051645755767822 579.6886799111962 4.103487208485603 196.7373005822301 1957.415408618748 366.5776704996824 5026.156066641212 7.079500667750835 7.56468440592289 0 426.4242982938886 8.370979838073254 0 287.5197262689471 0.8611171543598175 279.1229766458273 701.244895644486 953.427737288177 100.7713175266981 32.44103799760342 31.41838616132736 1341.199768036604 0 0 95.11977492272854 6.675847575068474 0 0 0 0 0 1.063366189599037 0.218330591917038 114.7203232273459 0.2978412210941315 424.9686328023672 0 0 1.474822491407394 2.393801152706146 3.341037407517433 4.450345829129219 0 0.8049116134643555 2.23822720348835 0.5709726810455322 4.299976095557213 435.685435667634 153.5327049568295 924.3061970323324 3.700880274176598 0 0 80.69860262423754 0 0 10.49414324760437 3.558103621006012 132.3220228105783 121.2521330714226 11.14553114771843 6.160453394055367 14.11058607697487 0.786015510559082 46.47423380613327 0
29.97605787962675 391.7911079451442 6691.246443331242 7.168865457177162 4.237165659666061 7.957944542169571 135.0073895081878 102.1152585893869 23.5732027888298 25.90514748543501 1243.576046340168 17.15549508482218 385.3757129311562 191.3428594022989 0.2674903720617294 11.63021289557219 5967.286483280361 2302.89679325372 7737.430372282863 22.51856557652354 198.1975036635995 91.83162676542997 796.5336590707302 73.89265157282352 366.5776704996824 31985.41318795085 17173.92289574444 58.27781192213297 326.6341187059879 94.06773023307323 312.2794730812311 49.59459757059813 6.063098132610321 1540.641244754195 34.0632409453392 2855.307371504605 10307.02793774009 4327.893439993262 1074.454072222114 15.24429299682379 5.054655633866787 68.13643111288548 9.401398234069347 0.6846461221575737 321.8729632720351 1029.907492637634 0 0 0 12.67234120517969 1.12551598995924 4.495775297284126 0 80.23960611224174 0.547025628387928 354.8316748067737 1.416616961359978 0 26.25070889294147 478.0739086568356 74.64362753927708 236.9730041399598 0 13.64715261012316 22.69461438059807 47.9191645309329 26.08308131992817 499.577607691288 4146.207044564188 9917.240992076695 9.816968806087971 1.429206766188145 16.33009548485279 317.4367072582245 0.2339858710765839 0 20.43680262565613 9.45051309466362 116.5312801972032 1790.838081292808 110.4814428836107 20.14613071084023 0.2714022397994995 0.1522731631994247 22.3306245431304 1.182570248842239
13.76872707903385 5372.728002019227 9339.835935741663 3.62305823713541 2.623365320265293 5.610984288156033 141.1932967379689 43.01345511525869 743.8788754045963 16.80384027212858 896.7570748329163 12.30446529388428 4373.581055633724 90.74496784806252 3.461615398526192 9008.356326073408 12312.78176826984 867.8813138082623 2756.058198191226 13.19471292942762 937.4839344322681 7095.162666402757 10968.16471297294 7505.305787205696 5026.156066641212 17173.92289574444 39721.53091321141 1701.4069487378 190.011110432446 131.5091073960066 2184.550351768732 27.59720747172832 10.82316590845585 3641.264321751893 190.2438944801688 10008.87289953232 8027.705697841942 12851.9482133016 5043.180777028203 200.233615912497 25.31078562140465 66.04277370870113 47.98396150767803 1.380477085709572 2357.531912945211 4177.256525166333 0.233531653881073 0 1.704420372843742 35.71453194320202 4.048083767294884 62.81785140931606 3.037532113492489 66.24908349663019 2.206572398543358 254.7655641511083 3.086648933589458 1.164352253079414 2438.722161658108 726.6782987341285 67.40742459893227 232.8779408857226 0.1540314704179764 118.8853158205748 1115.764853663743 2105.258264385164 350.0728959664702 971.1442678868771 5111.826760925353 29003.29374527931 84.86311157047749 2.820048049092293 31.47297050058842 254.3129328489304 0.1518014818429947 0.1319112181663513 24.57480933517218 40.25963472574949 372.0349491760135 1468.832810737193 243.6066997647285 85.41165102273226 3.308677598834038 1.108279496431351 7.518972873687744 2.87928956001997
173.211283326149 21.51653314381838 519.94543697685 3460.542493239045 10.39422024786472 453.314575523138 24353.49364261329 681.2705962732434 600.7739637419581 8604.961000367999 22.9252881705761 374.7626216858625 9.732016824185848 531.7650870755315 25.72257518768311 284.5213796570897 567.4855367615819 13.68871518969536 59.81476003676653 2790.055252060294 12551.87167198211 137.8143170699477 5007.503929190338 11899.09871557355 7.079500667750835 58.27781192213297 1701.4069487378 29325.87185207754 2582.150952860713 13882.12085404992 0.3742175623774529 11.52124953269958 865.0937246978283 1536.585709579289 105.1436041966081 2660.669209584594 143.9112749546766 1737.215956650674 688.4992692172527 150.3068890348077 61.60846579819918 10.98458184301853 33.00041697919369 4.150747627019882 0.858652725815773 14.75318840891123 70.51669245958328 1.014447301626205 15.58419229835272 109.5970828831196 31.0935083925724 219.5102396532893 135.1616211608052 3.949143454432487 51.22062064707279 6.800601840019226 39.44883425533772 5.980436891317368 165.0757579281926 2.250731356441975 1.618860617280006 0.1149939820170403 84.07323175668716 131.4206442013383 20.63052476942539 87.34676746279001 1432.039158128202 0.1981394812464714 2.245671793818474 69.70962249487638 820.4271075055003 29.05214546620846 90.55909616500139 0 5.835078120231628 0.8681350201368332 18.82671522349119 8.963842459022999 233.0719087943435 3.412736549973488 74.58772686868906 14.28279552608728 79.43319298326969 10.76886603981256 2.9812251329422 2.029904738068581
