790.2695079669356 0.09347540140151978 76.01340015977621 8.562941923737526 2.836139053106308 13.12030121311545 1525.081395827234 270.7023721039295 7.715228423476219 127.8734943717718 5.201727539300919 10.7499991953373 0.3503589853644371 3997.045576535165 0.5055190771818161 0.4041719138622284 152.7228940427303 2.491173781454563 12.22256325185299 11.29088417440653 47.28291793912649 1.35534044355154 242.9632513970137 83.76927548646927 0 27.3828612267971 31.07736626267433 108.1618923395872 3575.214779369533 2068.122175104916 0 4.928018853068352 11.84770274162292 142.4015411771834 0.3173934817314148 61.73908174037933 6.87787826359272 51.15597385168076 20.23787993192673 5.74155767261982 0.5164285898208618 0.253652460873127 0.8616641461849213 0.5510535836219788 0.1212171986699104 1.213816493749619 1.56750825047493 0 1.389365643262863 8.534124314785004 1.597944088280201 6.429761439561844 1.515253238379955 0 0 0 1.508018724620342 0.4861761033535004 3.097647562623024 0 0 0.08146937191486359 0 0.9711310565471649 0.3322779461741447 0.5696913376450539 31.21883060783148 0 0.2579157799482346 4.110288299620152 20.18985135108232 2.395737573504448 3.484958797693253 0 0.2567433416843414 0.3324601054191589 0.5650234296917915 0 3.002841949462891 0.5962972566485405 2.397933639585972 1.081845685839653 3.349956557154655 0 0.3262649774551392 0
0.09347540140151978 209.0495880097151 23.9180164784193 0 0.6134829968214035 0.1627859622240067 0.7061260864138603 0.2414627447724342 705.553424410522 0 57.89291381835938 0.9604187980294228 1368.699058733881 0.9139092415571213 6.161456391215324 149.7525135055184 7.863115817308426 12.73766051977873 6.342851519584656 0 4.592643596231937 3493.618445210159 5.228106953203678 914.3714177832007 1747.565327778459 376.7042127028108 7566.956240728498 33.33263596147299 4.375539653003216 1.197155445814133 5.12532789260149 0.1221869587898254 0 9.545040987432003 0 18.25892370939255 177.304238088429 72.99445584416389 15.38907935470343 38.00266899168491 1.163390569388866 735.5175165981054 1.445154264569283 0.1107357069849968 73.8844198808074 47.57938532531261 0 0 0 1.702874094247818 0.4114203155040741 2.133670039474964 0.1175883039832115 4.328539684414864 0 12.27500243484974 0.1772513166069984 0 5.663174010813236 13.69164700061083 12.35599854588509 38.09960060566664 0.2719217985868454 1.218904480338097 10.39062378555536 3.076386138796806 5.819841615855694 12.05829404294491 497.8746214658022 2123.457622878253 3.232503645122051 0 1.503536745905876 4.635155558586121 0.1107431203126907 0.1179872304201126 2.993930451571941 0.275244802236557 13.16711827367544 30.75400271266699 21.52267368137836 5.072388879954815 0.231580950319767 0 4.019541494548321 0
76.01340015977621 23.9180164784193 7954.050433084369 0.6171742752194405 0.9038260355591774 3.268315434455872 536.367478813976 85.38930871337652 1.242646276950836 2.678976152092218 44.66143099218607 1.992767382413149 1.599755644798279 194.4568048901856 0.1979324817657471 35.47319757193327 4162.659052930772 114.1288374215364 315.5928160920739 0.7460155114531517 599.6464582383633 25.64489169418812 10040.44003276527 70.79657643288374 0.7407008856534958 9217.046884272248 9178.248753175139 301.7322157360613 285.5529630482197 874.6864040717483 0.677212156355381 2.547701172530651 12.41527678817511 1315.215911433101 20.41103267669678 1644.239805556834 1175.452701330185 1648.512935128063 484.2444232478738 53.81946580857038 2.566859632730484 5.061606496572495 8.049375884234905 0.143733486533165 60.78614842146635 313.0385272949934 0 0 0 8.295166589319706 1.417301744222641 0.5462012141942978 0.1089982837438583 0.4574216157197952 0 0.6733550131320953 1.591445304453373 0 6.921558693051338 72.33065425604582 1.222960315644741 29.60859727114439 0 3.887421078979969 19.89827533066273 33.75737257301807 12.82700399309397 0.1021209061145782 328.0020172148943 1356.085086144507 6.144188247621059 1.533510610461235 2.505496956408024 0 0 0 11.06494280695915 5.676822178065777 27.81663631647825 165.865772023797 28.65538886934519 12.9313415363431 0.8133787736296654 0 0 0
8.562941923737526 0 0.6171742752194405 2076.640695635229 10.50558063387871 448.4054215028882 142.17271213606 515.1363513916731 1747.199354164302 3779.939570046961 3.406331565231085 3442.199675176293 0.5586287155747414 263.661369599402 93.63006946444511 0.1270853579044342 0.4888122417032719 1.486043982207775 1.379973687231541 6448.929152335972 1.136046357452869 0.7048771232366562 1.558923237025738 2867.707117021084 0 0.5961940884590149 1.258812323212624 3370.166527561843 280.9375041201711 4.618634793907404 0.1477259323000908 7.043734923005104 3.191261976957321 54.19326085597277 0.8047425001859665 364.2304189503193 6.64054599404335 103.0209699943662 29.03680548071861 929.2254497483373 6.230812452733517 1.897219106554985 3.264072507619858 0.7569779455661774 0 0 399.8461946025491 1.961130857467651 24.38154741376638 151.4009852409363 42.96906900405884 209.0851319208741 195.8390549048781 0.1147550567984581 171.2547778859735 0 28.4080758690834 15.72182329744101 1.186259530484676 0 0.3007666990160942 0.2980017364025116 167.0089216083288 0.1536604911088943 0.1531601101160049 0 432.843580827117 0 0.5181092694401741 0.1525914818048477 455.9637571796775 18.2448827251792 4.159116983413696 0 1.60127017647028 0.09546054899692535 4.974012918770313 0.7691777795553207 96.81466345489025 0 9.963604867458344 2.571286298334599 255.2038010060787 1.525044530630112 0 0.6229496598243713
2.836139053106308 0.6134829968214035 0.9038260355591774 10.50558063387871 110.3639423549175 1368.967198967934 13.36878608539701 944.2207262031734 194.2965513765812 35.38554930686951 5.520323388278484 368.0779478549957 2.698489017784595 23.24277573823929 1853.731443732977 0 1.420397121459246 1.112767487764359 1.205687560141087 13.4930502101779 0.4614993706345558 1.360250055789948 2.307369865477085 29.68985771387815 0.08478961884975433 1.146203331649303 1.567783541977406 11.30127221345901 13.89158422499895 6.157300986349583 0 85.99923531711102 0.1609709113836288 159.2698488458991 0 15.23329098522663 1.655938044190407 48.22383043169975 11.09770014882088 2555.556181482971 52.19560825824738 2.235052943229675 0.3769747763872147 0 0 0 0.07683029770851135 0 0.1343475133180618 1.413953043520451 0.1293160170316696 0.8411535620689392 0.5730701684951782 0 0 0 0 0 0 0 0 0 0.6438894867897034 0.6821972727775574 0 0 4.385723419487476 0 0 0.06915054470300674 3.104078680276871 0.180347740650177 0.1253022849559784 0 0 0 0 1.243616580963135 1.018175795674324 0 0 0 0.2480246871709824 0 0 0
13.12030121311545 0.1627859622240067 3.268315434455872 448.4054215028882 1368.967198967934 8764.089208625257 1388.656567402184 5103.374612241983 54.28588479757309 8321.365886494517 9.723287373781204 3712.230814155191 2.279428668320179 445.3611195608974 2207.518194898963 0 4.184026256203651 1.71071969717741 1.361822493374348 606.6270522624254 1.011101368814707 0.1704542934894562 6.849139094352722 46.16783206909895 0.08894833922386169 2.425054222345352 1.55511486530304 613.1947968266904 120.3035918213427 26.77008046209812 0.2950957342982292 485.4640373103321 0.1650082021951675 85.55547524243593 0.2203228622674942 233.7297749146819 2.166233442723751 81.41059745103121 23.03578368201852 1573.935883596539 100.3397552669048 1.753421142697334 0.6530362740159035 0 0 0.4974757134914398 17.49101550132036 0 2.451733320951462 22.73278757184744 4.882402747869492 6.678593248128891 12.89552424103022 0 12.35707262158394 0 5.002945333719254 0.470596969127655 0.6376212388277054 0 0 0 9.074077136814594 0 0 0.08473199605941772 35.08104326575994 0 0 0.1250440180301666 37.54674305766821 2.417790159583092 0.956433892250061 0 0 0 1.169576063752174 0 21.38309672474861 0 2.087431311607361 0 30.53134986013174 0 0 0
1525.081395827234 0.7061260864138603 536.367478813976 142.17271213606 13.36878608539701 1388.656567402184 8991.207831893116 5857.022090375423 249.4535946473479 7696.866264931858 11.26168397068977 261.5863787569106 1.492021895945072 6811.745871737599 22.06244634091854 2.772108815610409 120.7156951799989 6.192804850637913 12.77845892310143 71.193543612957 753.2792219594121 5.314748801290989 855.098651856184 624.3058993965387 0 219.2013492509723 75.94985684007406 10293.39704041183 2371.74298941344 4487.067026305944 0.3440950065851212 24.65721045434475 148.8130178228021 488.8127634897828 33.5894840657711 2748.845951840281 67.45985531061888 720.1186913661659 341.3553495854139 200.8297057263553 25.58554084599018 1.031925015151501 16.19244988262653 0.6136449724435806 0.1486145704984665 2.863035559654236 123.5852872431278 0 9.102180786430836 170.6365718767047 42.25479467958212 124.1424624398351 72.33269263058901 1.025667265057564 27.01312025636435 0.09230770170688629 34.36097300797701 2.280714005231857 1.319184564054012 0.4626484885811806 0.2702701464295387 0.2311185598373413 47.51978238672018 1.358539991080761 0.1459539979696274 1.069434016942978 325.7377738542855 0 0.4373891353607178 11.38140696287155 363.4313534423709 16.98715314269066 4.643137261271477 0.09823224693536758 1.428169287741184 0.2093124985694885 7.402176134288311 1.434891626238823 32.63786923885345 1.402635022997856 17.43472043424845 3.677724838256836 51.41435105353594 1.040122926235199 0.5835384428501129 0.2678470313549042
270.7023721039295 0.2414627447724342 85.38930871337652 515.1363513916731 944.2207262031734 5103.374612241983 5857.022090375423 7413.470833253115 43.78936696797609 4506.511710114777 132.843421369791 1388.115632779896 41.55159880965948 4177.42340759933 316.7043529376388 0.5101456791162491 98.12513875588775 25.8573110550642 19.49068909138441 951.7418944872916 34.18267045915127 0.7819762229919434 194.289277523756 307.4523592293262 0.6377928256988525 53.44586024433374 31.53584082424641 673.6289671286941 1674.380688220263 688.9134310893714 3.903146870434284 3298.233099736273 8.942797861993313 333.9791123308241 9.226297423243523 444.5006950050592 32.35642794519663 706.8185804188251 277.1124703139067 1314.932720541954 164.7200505435467 14.25552845001221 11.82142975181341 0.8175368309020996 0.08831887692213058 0.7305008172988892 34.92108339071274 0 3.150449529290199 118.4885898828506 20.00304102152586 32.8540830090642 32.28152149170637 1.199357017874718 13.29763029515743 0.161805622279644 19.54173898696899 1.327647566795349 0.712238110601902 0.2232935354113579 0.2442105710506439 0 13.3866114243865 1.525574028491974 0.4965284690260887 0.2461400628089905 146.9851102940738 0.2948500216007233 1.177351593971252 5.154813013970852 155.1023334115744 14.17531837522984 9.458936616778374 0.111408144235611 0.7237675860524178 0 6.491188935935497 0.4478245079517365 25.38448791950941 0.2362707704305649 7.156928561627865 2.103674456477165 23.82467695325613 1.187312573194504 0.7683685049414635 0
7.715228423476219 705.553424410522 1.242646276950836 1747.199354164302 194.2965513765812 54.28588479757309 249.4535946473479 43.78936696797609 1292.415243789554 51.60470452904701 7.072233468294144 152.963877543807 67.09009701013565 51.07113068550825 748.3607791736722 132.9055916294456 0.9421361088752747 1.923688389360905 0.2842751368880272 226.9105019196868 6.777384661138058 1954.04870980233 27.38504247367382 5009.943935893476 76.68858213722706 22.41839071363211 470.1455659940839 1252.882180429995 94.06205848604441 25.49806464463472 0.4278715997934341 2.244217328727245 2.590369611978531 19.62020146101713 0.5244921445846558 100.6154592037201 14.44072249531746 40.08717754483223 12.63532943278551 1127.541294172406 14.53830942511559 12.89240687340498 1.422959893941879 4.472395427525043 0.7393716648221016 2.144105151295662 353.4095205068588 0.865136556327343 15.92348764836788 173.6839813441038 33.26626809686422 275.8535090982914 114.8491793423891 1.527979619801044 147.0321206822991 0.7165588438510895 26.70942543447018 15.7107370942831 136.3640299290419 0.537236824631691 0.7136146798729897 1.092737227678299 112.0448293760419 27.98272592574358 65.47634480893612 13.57771220058203 1486.161011010408 0.262626476585865 2.757620483636856 4.310257062315941 679.2729997634888 32.64695146679878 21.15068902820349 0.5514264553785324 0.9099868685007095 1.349518805742264 8.792612500488758 0 49.65165659785271 2.338555254042149 21.52469702064991 3.996105588972569 141.0835312902927 2.564507804811001 0 0.1238912865519524
127.8734943717718 0 2.678976152092218 3779.939570046961 35.38554930686951 8321.365886494517 7696.866264931858 4506.511710114777 51.60470452904701 20494.5535540767 17.82054089009762 9826.641378637403 2.417265716940165 1912.874815009534 66.23922861367464 0.1215767934918404 2.822488650679588 6.393190585076809 3.965908005833626 5960.199925750494 0.8779289871454239 0.1147782355546951 5.792876046150923 149.7842139452696 0 3.775306418538094 1.966744996607304 6057.679951556027 742.9064568988979 52.25195061415434 0.8438846617937088 40.05455362796783 0.7393512800335884 132.5867722518742 2.255720384418964 355.860370516777 13.59683831781149 266.9990675784647 47.23635037243366 150.6096289232373 12.08975118398666 0.7821589112281799 5.653437942266464 0 0 0 93.86665857583284 0 3.091509863734245 39.50637389719486 9.536398194730282 22.98787413537502 35.41328739374876 0 29.50684089958668 0.1507905721664429 4.926682665944099 1.898346841335297 0.07334282994270325 0 0 0 25.73769903928041 0 0.09928148239850998 0 71.68936572223902 0 0.4987403154373169 0.1654534265398979 97.59450726211071 7.422011949121952 0.5273756980895996 0 0.6307931989431381 0 0.5647291466593742 0.3789654225111008 20.99029072374105 0 7.066801950335503 0.8167366981506348 43.51380538195372 0 0 0
5.201727539300919 57.89291381835938 44.66143099218607 3.406331565231085 5.520323388278484 9.723287373781204 11.26168397068977 132.843421369791 7.072233468294144 17.82054089009762 10823.37654335797 19.65950588136911 2575.626639083028 372.1545259058475 0.5443743467330933 1.223480276763439 245.9333515092731 5689.695145912468 1252.988875806332 12.70610139146447 9.956383109092712 18.8179569914937 57.24189671501517 15.57541342079639 486.8641711771488 3190.72615108639 1011.866017706692 9.573423631489277 608.6630524396896 15.73189922422171 827.7051160633564 139.6585114300251 3.033260390162468 7045.389945119619 22.19783000648022 812.8662395775318 7659.741412818432 6812.839635178447 1702.289196811616 41.87867060303688 137.935516692698 1497.862102136016 19.77426671236753 0 19.29923234134912 1.509856440126896 0.7821909189224243 0.238583080470562 0.1063560843467712 2.20033210515976 0.9587486311793327 0.5565681755542755 0.3110940977931023 298.3112384900451 0.8011052310466766 1328.415565781295 4.343072988092899 0.2194507718086243 0.7068185210227966 1.037634804844856 9.728524245321751 4.426285646855831 0 0.5442965626716614 2.110239833593369 0.5406250208616257 4.5742282345891 119.4948603957891 108.8571811243892 259.3139770627022 6.436609297990799 3.468921676278114 0.4925348088145256 158.3477043285966 2.918868452310562 0 17.15479255467653 3.212127909064293 28.57842141389847 375.7760621234775 76.1024601534009 12.81327448785305 0.5149620771408081 0 223.2869661450386 0.880084864795208
10.7499991953373 0.9604187980294228 1.992767382413149 3442.199675176293 368.0779478549957 3712.230814155191 261.5863787569106 1388.115632779896 152.963877543807 9826.641378637403 19.65950588136911 9326.524236083031 4.92133042216301 814.2168086916208 1874.984036542475 0 2.467574533075094 4.463669970631599 2.681721575558186 7480.280607823282 1.122736841440201 2.407750189304352 5.801867760717869 599.9867112711072 0 3.653941549360752 3.101929519325495 663.3414965718985 357.7030921652913 9.234695069491863 0.8058371171355247 83.1079892963171 0.3104491755366325 67.60725120455027 1.293029934167862 734.3020240291953 26.15227776020765 239.1979422494769 34.63135431706905 2402.465407438576 28.44427604973316 9.45208927243948 2.371827028691769 0 0.1262689679861069 0 147.058357603848 0.1703408658504486 16.23956666141748 55.19977178424597 17.94631795585155 57.60066201537848 125.391689248383 0 212.3069088310003 0.2615056484937668 8.082520335912704 34.07689891755581 0 0.1358514875173569 0 0 93.0041177123785 0 0.1480457633733749 0 114.4803617373109 0.1290219128131866 0.1115864589810371 0.6094135642051697 119.6602679640055 5.175249017775059 2.369857355952263 0.2137207835912704 0.268804520368576 0 1.526302017271519 0.3302015960216522 197.8787741214037 0.2874808013439178 4.066325090825558 0.5990681648254395 452.7390786036849 0 0.08053825795650482 0
0.3503589853644371 1368.699058733881 1.599755644798279 0.5586287155747414 2.698489017784595 2.279428668320179 1.492021895945072 41.55159880965948 67.09009701013565 2.417265716940165 2575.626639083028 4.92133042216301 2191.324332475662 52.12522622942924 0.8501826748251915 5.247037783265114 1.561001155525446 152.9546382725239 12.37170272320509 1.101375974714756 1.846430651843548 261.9666580781341 7.990452319383621 61.29101049154997 4858.84364502877 254.7371219396591 3392.97393643111 4.322622813284397 75.09485480934381 1.801664099097252 885.1247733160853 73.41455760598183 1.580437272787094 509.9517366066575 75.90055289119482 703.4975227937102 6210.266426637769 2978.336461097002 562.2016183137894 37.97062020748854 80.9726255312562 2147.530650489032 25.53443184494972 0 52.97766640782356 0.3664596453309059 0 1.18356853723526 1.226842477917671 0.7930720373988152 3.837543703615665 3.232981339097023 0.2079220563173294 759.3786312714219 4.80842499434948 3590.28894611448 4.980709128081799 0 0.08304943889379501 0.1902837157249451 49.83586740493774 10.43808598071337 0.1137613505125046 0.7242743149399757 4.118773408234119 0 2.759337976574898 698.2186406478286 336.8889587521553 778.0593600273132 0.6650613471865654 6.309155538678169 0.7043765112757683 485.3015243262053 7.852802358567715 0 49.75389706343412 25.29542662203312 94.32659390568733 821.7335284724832 238.2076127156615 39.16554755717516 7.503374740481377 5.052711993455887 725.5364531129599 7.847951650619507
3997.045576535165 0.9139092415571213 194.4568048901856 263.661369599402 23.24277573823929 445.3611195608974 6811.745871737599 4177.42340759933 51.07113068550825 1912.874815009534 372.1545259058475 814.2168086916208 52.12522622942924 6132.922146715224 16.9082365334034 1.291352227330208 274.618780080229 95.24571820348501 76.01060979813337 598.9177002198994 72.55804289877415 5.033604301512241 495.5529388897121 451.8654990047216 1.646217718720436 121.4061147458851 92.61263944208622 595.4262741245329 4480.353444974869 2060.758755125105 11.20047049969435 1075.447151746601 14.32258956879377 1126.051098164171 19.19873403757811 1166.712350800633 78.13808940351009 1842.621192656457 409.1016188003123 753.0957801155746 82.11929255723953 23.30246026813984 24.95767349004745 0.8296653926372528 0.5405461862683296 2.212546020746231 19.46407754719257 0.232199028134346 4.540556028485298 117.1100097224116 19.32043439149857 42.43886431306601 18.85648236423731 0.7085175067186356 4.317097768187523 0.6514404714107513 22.18899454921484 1.069442361593246 5.576156347990036 0.3790766596794128 0.7990585118532181 0.1788737922906876 4.37990540266037 4.576261162757874 1.484520636498928 1.137191168963909 223.6355989277363 0.1739592179656029 2.181749261915684 12.77826055884361 178.5524409711361 23.43609976023436 14.90901995450258 0.09479565173387527 0.4664251804351807 1.086416453123093 12.32747788727283 2.669249847531319 37.88888020813465 1.414116010069847 16.87876266241074 4.730178527534008 20.51678161323071 0.2567025274038315 0.2820946127176285 0
0.5055190771818161 6.161456391215324 0.1979324817657471 93.63006946444511 1853.731443732977 2207.518194898963 22.06244634091854 316.7043529376388 748.3607791736722 66.23922861367464 0.5443743467330933 1874.984036542475 0.8501826748251915 16.9082365334034 384.3574130684137 0.3271147906780243 0 0 0.1260351836681366 47.03684204816818 1.563790649175644 20.95095744729042 1.389209881424904 367.5421624705195 0.4646338149905205 0.1689922362565994 7.119542427361012 56.2507111877203 12.82492510229349 5.212468519806862 0 220.4493940994143 0 2.027080051600933 5.90281318128109 129.0395923629403 3.100908771157265 23.1334084123373 6.087771713733673 1574.443748310208 206.1626133024693 0.2660346925258636 0 0 0 0 2.238224565982819 0 0.2097510695457458 1.77949483692646 0 0.6401541829109192 1.619848862290382 0 3.468229509890079 0 0 0 0.193463608622551 0 0 0 1.538348734378815 0.2631471753120422 0.4706648886203766 0 2.466278403997421 0 0 0.1066476851701736 1.841972529888153 0 0 0 0 0 0.2834696471691132 0.1507778465747833 2.684989526867867 0 0 0.4928563833236694 9.496306955814362 0 0 0
0.4041719138622284 149.7525135055184 35.47319757193327 0.1270853579044342 0 0 2.772108815610409 0.5101456791162491 132.9055916294456 0.1215767934918404 1.223480276763439 0 5.247037783265114 1.291352227330208 0.3271147906780243 2755.787639990449 10.02987282723188 0.5728365257382393 4.143172241747379 0.09230375289916992 2308.355215109885 2076.187507808208 4877.56898804009 1689.420033179224 4.343638479709625 8.016459465026855 2378.728193856776 1184.437487691641 14.65393873304129 19.08642773330212 0 0.07114733755588531 10.40541215240955 123.2100647985935 11.99768226593733 1705.353927776217 612.498618490994 402.7974914237857 455.4978695735335 51.62359356880188 1.739185646176338 8.792105659842491 9.489884659647942 0.5305079221725464 5.024881526827812 18.39811563491821 0 0.2245083302259445 0.4241810739040375 4.63173059374094 0.6351699978113174 43.00858441740274 0 0.5876918435096741 0.4120929092168808 0 0.6237952336668968 1.759620308876038 3527.278065674007 0.4686571657657623 0.14925417304039 0.5700793415307999 0 295.7672074884176 998.8346174582839 1383.933241844177 372.5238236114383 0.1546899378299713 2.254903718829155 933.8134350180626 191.1742614582181 6.817404538393021 23.58247099071741 0 0 1.766518115997314 3.326294884085655 1.869699835777283 601.3355126157403 9.358907841145992 13.54211334139109 11.43977949023247 7.373687461018562 0.1924559473991394 0 0.08716417849063873
152.7228940427303 7.863115817308426 4162.659052930772 0.4888122417032719 1.420397121459246 4.184026256203651 120.7156951799989 98.12513875588775 0.9421361088752747 2.822488650679588 245.9333515092731 2.467574533075094 1.561001155525446 274.618780080229 0 10.02987282723188 717.1265263557434 135.306633297354 3097.06480448693 1.26938247308135 429.3242248743773 5.243538573384285 5227.275909993798 15.43684772402048 0.2649450898170471 910.1137519031763 3879.444690808654 57.90979199111462 737.6894077658653 789.7674496285617 0.1518624871969223 3.076494701206684 43.93802659958601 1606.848247341812 6.743215344846249 873.623547539115 687.4416045844555 1439.274889659137 353.8375392146409 28.42754374444485 1.396446034312248 1.720093727111816 5.519495144486427 0.1483142822980881 7.972392208874226 21.00792953372002 0.1149762123823166 0 0 0.6038012430071831 0.08252395689487457 0.8995838835835457 0 0.4016852304339409 0 0.1919085010886192 0.2498108297586441 0 1.28301414847374 13.39078386127949 0.6754968091845512 10.44119741767645 0 0.3704943507909775 2.858160823583603 2.633339777588844 4.343601919710636 0.1053854823112488 89.27662056684494 175.0114007294178 1.604511134326458 0.4312497526407242 0.286070704460144 0.1446388065814972 0 0 2.76705314964056 3.747048661112785 4.212150044739246 22.57786637544632 5.05977588146925 1.872256487607956 0 0 0 0
2.491173781454563 12.73766051977873 114.1288374215364 1.486043982207775 1.112767487764359 1.71071969717741 6.192804850637913 25.8573110550642 1.923688389360905 6.393190585076809 5689.695145912468 4.463669970631599 152.9546382725239 95.24571820348501 0 0.5728365257382393 135.306633297354 614.6469882950187 445.4737590402365 4.297257907688618 3.518624439835548 1.187107622623444 39.98724174126983 2.489678092300892 47.38539184629917 2746.355639331043 876.8661959916353 2.651057817041874 141.3986261300743 8.247261814773083 53.88283334672451 21.03044764697552 0.6973440200090408 1150.710270732641 4.90586344897747 664.3941549360752 1470.909904189408 1944.619921244681 489.2645366638899 17.33641129732132 5.97446782886982 5.79403167963028 1.593054808676243 0 15.54936150461435 1.121522665023804 0 0 0.1108640730381012 0.1279935389757156 0.08352219313383102 0 0.1950389668345451 29.53500632941723 0.3817628547549248 60.03001172840595 0.4277823716402054 0 0 3.470518983900547 37.30010924488306 19.28195679932833 0.1141656637191772 0.09184509515762329 0.2429627627134323 0.2056999802589417 1.287873022258282 23.30408750474453 313.3764306977391 360.4507870674133 2.226740598678589 0.6540295034646988 0 35.75822637975216 0.1996648460626602 0 4.608457185328007 1.982971683144569 12.98338529467583 112.8970525115728 13.42153791338205 2.668670125305653 0.2855839431285858 0.1254301220178604 5.868221282958984 0
12.22256325185299 6.342851519584656 315.5928160920739 1.379973687231541 1.205687560141087 1.361822493374348 12.77845892310143 19.49068909138441 0.2842751368880272 3.965908005833626 1252.988875806332 2.681721575558186 12.37170272320509 76.01060979813337 0.1260351836681366 4.143172241747379 3097.06480448693 445.4737590402365 948.1708413958549 2.166958928108215 29.17076603323221 0.7997872456908226 316.89873701334 2.911958195269108 6.921321377158165 2196.183516420424 1614.410692185163 9.330737687647343 144.6537249237299 48.36494667828083 2.543999791145325 7.846305184066296 5.338665865361691 3485.171715550125 9.287654779851437 1327.1401720047 1808.405355148017 3309.432028092444 502.3077202364802 26.58260693401098 0.7774078920483589 2.649856135249138 3.648371867835522 0 50.64465236663818 2.609909228980541 0 0 0 0.1004659906029701 0.1375397145748138 0.6709889844059944 0 5.506288416683674 0 6.13356725871563 0.08250762522220612 0 0 7.915605776011944 17.47709016501904 57.43214593827724 0 0.1000554785132408 0.5675787478685379 0.8730967566370964 0.9504173099994659 3.760616026818752 400.5817328840494 413.0145487859845 0.8281292319297791 0 0.6977317556738853 5.157565675675869 0 0 2.759613372385502 2.205006241798401 13.32611279934645 58.03157353401184 11.97057655453682 2.288230173289776 1.156326666474342 0 0.6219989061355591 0
11.29088417440653 0 0.7460155114531517 6448.929152335972 13.4930502101779 606.6270522624254 71.193543612957 951.7418944872916 226.9105019196868 5960.199925750494 12.70610139146447 7480.280607823282 1.101375974714756 598.9177002198994 47.03684204816818 0.09230375289916992 1.26938247308135 4.297257907688618 2.166958928108215 1585.207758925855 0.6824861131608486 0.1080334112048149 3.100687216967344 545.1124544851482 0 1.710527457296848 2.235166251659393 1494.347671605647 455.3655304051936 4.451393265277147 0.376494511961937 16.17377710342407 0.3645859062671661 86.77502582222223 2.10033692419529 388.8202728815377 11.39472649991512 200.0584517344832 35.96322858706117 295.4455457031727 14.69955936074257 0.3210040256381035 4.756773017346859 0 0 0 107.2089092433453 0.5372925028204918 4.850189946591854 49.23523834347725 16.52522566914558 37.77181459963322 60.79097099602222 0.3552320301532745 69.92316451668739 0 14.80743928253651 3.734548389911652 0.7992330193519592 0 0 0 41.59513367712498 0 0 0 98.5722691565752 0 0 0.3396259769797325 115.869362950325 6.736685000360012 2.157639592885971 0 0 0 2.089945718646049 0 37.20777866989374 0.1216743290424347 5.559641897678375 0.784071147441864 94.25704524666071 0.1957963556051254 0 0
47.28291793912649 4.592643596231937 599.6464582383633 1.136046357452869 0.4614993706345558 1.011101368814707 753.2792219594121 34.18267045915127 6.777384661138058 0.8779289871454239 9.956383109092712 1.122736841440201 1.846430651843548 72.55804289877415 1.563790649175644 2308.355215109885 429.3242248743773 3.518624439835548 29.17076603323221 0.6824861131608486 13617.36609949917 73.72894443571568 16580.02284452319 351.5722387880087 0.1803683489561081 71.705043643713 959.2498558312654 2370.98743519932 279.1057778522372 6498.890576735139 0 0.9410341307520866 29.32765511423349 3866.121479272842 71.94482056051493 4610.713324204087 265.4516132846475 4151.21174005419 2215.100911058486 166.8228151425719 17.9216887280345 1.118169829249382 24.31992387026548 0.4625238627195358 0.5981345027685165 6.349133886396885 0.1142030283808708 0 0.1981220170855522 4.699371054768562 0.4466510340571404 13.53568940609694 0.8829564154148102 0.7046157643198967 0 0 1.419074341654778 0 457.544493034482 0.7190969362854958 0.1001658737659454 1.204016104340553 0.8399741053581238 140.1089733466506 77.48038528859615 100.0612272545695 190.4739306867123 0 0.9461410641670227 35.8302351385355 124.9654100611806 8.400588817894459 22.05986735969782 0 0.3699218332767487 1.42394158244133 4.401666022837162 7.973641142249107 95.80062435567379 2.879137650132179 9.922324016690254 8.550355136394501 2.757811598479748 0 2.426678419113159 0.3624670505523682
1.35534044355154 3493.618445210159 25.64489169418812 0.7048771232366562 1.360250055789948 0.1704542934894562 5.314748801290989 0.7819762229919434 1954.04870980233 0.1147782355546951 18.8179569914937 2.407750189304352 261.9666580781341 5.033604301512241 20.95095744729042 2076.187507808208 5.243538573384285 1.187107622623444 0.7997872456908226 0.1080334112048149 73.72894443571568 1143.715204924345 187.0004711598158 4389.130902342498 392.0217982158065 50.2316774725914 4616.565233059227 188.3355835676193 11.06214015185833 3.078466385602951 1.806610099971294 0 0.5435144156217575 8.4884023219347 0.4814759641885757 27.07243810594082 41.56853287667036 27.57133325189352 11.25939285755157 126.5703278928995 0.5004504323005676 62.25627779215574 0.9297187179327011 0 6.364127695560455 77.38997149467468 0.2811083197593689 0 0.1215420588850975 4.11847061663866 0.2110054865479469 46.31754857301712 0.3625093698501587 0.7127244994044304 0.1815100312232971 2.528244696557522 0.1924000233411789 0.1137396544218063 822.3299123346806 3.525345973670483 0.3084151372313499 1.327984310686588 0.5305043458938599 59.62014231830835 264.5976241901517 374.5853520482779 176.1596336215734 0.2558320462703705 12.04593263566494 1458.295114569366 72.27274145185947 1.876447543501854 4.028767511248589 0.8104940056800842 0.1574152037501335 0.1685055643320084 4.897047817707062 0.9262435734272003 59.39153070002794 7.806330263614655 9.485763534903526 8.201760791242123 2.188869521021843 0.1729084998369217 0 0
242.9632513970137 5.228106953203678 10040.44003276527 1.558923237025738 2.307369865477085 6.849139094352722 855.098651856184 194.289277523756 27.38504247367382 5.792876046150923 57.24189671501517 5.801867760717869 7.990452319383621 495.5529388897121 1.389209881424904 4877.56898804009 5227.275909993798 39.98724174126983 316.89873701334 3.100687216967344 16580.02284452319 187.0004711598158 15789.09833029658 403.2173904031515 0.7455957680940628 1758.581047162414 12017.21017596871 2127.766356091946 1093.074295889586 4520.515242058784 0.2260886132717133 3.563769564032555 67.21878422051668 3853.018871247768 132.0810686647892 11178.94673942775 4738.247926056385 8006.563812371343 5898.728034712374 471.3124548718333 27.08905176073313 32.08186257630587 64.31712877750397 1.214762836694717 8.736612223088741 271.0914216786623 0 0 0.9202508330345154 9.050380304455757 1.70787812769413 6.584929086267948 0.2846986353397369 1.103332206606865 0 2.616620540618896 1.911984339356422 0 1423.325021035969 9.593105807900429 0 2.284647554159164 0 72.63026949763298 366.1399714872241 820.7602147087455 111.2191956937313 0 10.98671068996191 1856.381415143609 61.6311474442482 3.251605413854122 5.634717486798763 0.08883374929428101 0 1.156255073845387 8.397481828927994 18.77480662614107 246.389514580369 31.92130728065968 28.38186311721802 19.14733155071735 3.54822501540184 1.908159136772156 18.11629605293274 0
83.76927548646927 914.3714177832007 70.79657643288374 2867.707117021084 29.68985771387815 46.16783206909895 624.3058993965387 307.4523592293262 5009.943935893476 149.7842139452696 15.57541342079639 599.9867112711072 61.29101049154997 451.8654990047216 367.5421624705195 1689.420033179224 15.43684772402048 2.489678092300892 2.911958195269108 545.1124544851482 351.5722387880087 4389.130902342498 403.2173904031515 8917.74951633811 73.20300071686506 26.62685026228428 1816.130124345422 5951.784814659506 988.5862330682576 561.0772662162781 0.2651917114853859 10.13733150810003 64.76534475386143 268.3458186388016 13.52758958935738 1770.34264741838 94.83907650411129 437.816358923912 202.0817660391331 1419.882916383445 18.79042582213879 13.92281895875931 12.41473048180342 15.40314228832722 4.653975270688534 16.11953643709421 187.3461380377412 1.803688958287239 34.38410307466984 555.8737510964274 136.6512761116028 1119.488731823862 112.0188708081841 4.077981017529964 56.46216732263565 0.9935379773378372 152.5077324286103 7.938277430832386 747.3404528945684 4.721851080656052 1.881012938916683 3.154829077422619 71.22187052667141 286.4593601599336 274.8487665057182 102.7339191287756 2792.727484527975 0.3358985036611557 8.327534362673759 75.28938441723585 1847.906455330551 171.5557379946113 122.5517484247684 0.7743524387478828 5.531497292220592 11.77999766170979 53.60441791266203 3.974898986518383 332.7666025683284 13.65448451042175 129.2011515498161 44.02127019315958 171.7881948649883 8.573933504521847 0.616973489522934 1.336031064391136
0 1747.565327778459 0.7407008856534958 0 0.08478961884975433 0.08894833922386169 0 0.6377928256988525 76.68858213722706 0 486.8641711771488 0 4858.84364502877 1.646217718720436 0.4646338149905205 4.343638479709625 0.2649450898170471 47.38539184629917 6.921321377158165 0 0.1803683489561081 392.0217982158065 0.7455957680940628 73.20300071686506 559.5978717729449 320.7672157138586 4380.517913989723 3.857765100896358 1.756654120981693 0.1996659711003304 406.4471641033888 0.5353158861398697 0.1010015159845352 58.71283965557814 0.9991359114646912 38.87656620144844 1067.522900797427 444.2978458702564 93.97430640459061 7.21628250926733 5.639632865786552 1643.261303782463 7.048305034637451 0.2009661421179771 136.9106782600284 0.195340484380722 0 0 0 0.1292657852172852 0.6232454031705856 0.3199273198843002 0 134.7690446600318 0.4033967256546021 429.1302061602473 1.339781530201435 0 0.1782122850418091 0.1160604879260063 53.36063225567341 18.18402569741011 0 0.1377299875020981 0.53164192289114 0 0.8812600448727608 96.49368888139725 552.3952042460442 724.0829717069864 0.2386899366974831 1.932299703359604 0 160.4608300626278 1.37289547175169 0 5.801128521561623 0.3119187653064728 11.41556987911463 292.3557301238179 46.56701879948378 9.732637763023376 0 0 32.85730756819248 0
27.3828612267971 376.7042127028108 9217.046884272248 0.5961940884590149 1.146203331649303 2.425054222345352 219.2013492509723 53.44586024433374 22.41839071363211 3.775306418538094 3190.72615108639 3.653941549360752 254.7371219396591 121.4061147458851 0.1689922362565994 8.016459465026855 910.1137519031763 2746.355639331043 2196.183516420424 1.710527457296848 71.705043643713 50.2316774725914 1758.581047162414 26.62685026228428 320.7672157138586 18235.37152750045 19201.9520541355 49.62836990505457 163.4460658468306 303.7646581083536 343.57508341223 11.64584306627512 4.003121361136436 959.6121441423893 17.53189327567816 2370.614434234798 5144.299142241478 2405.216135293245 646.2425562739372 57.10390095412731 2.75573305785656 15.54295067489147 5.480987161397934 0.5018854364752769 569.2585253119469 48.88213706761599 0 0.1313950270414352 0.3939502090215683 4.905678912997246 1.791380479931831 1.022741183638573 0.5497131645679474 134.9160150438547 0.1485461890697479 234.225791618228 2.130369931459427 0 1.422787882387638 123.189617305994 188.5421963185072 494.9569928124547 0.2054223865270615 2.066232278943062 6.715472534298897 6.925607420504093 3.782627940177917 157.4346856996417 3879.245141394436 4872.643661700189 1.691728658974171 4.456839621067047 5.757664002478123 126.2223874032497 2.552488386631012 0.08177132904529572 36.06725282967091 6.551221773028374 84.6557377576828 761.877572208643 142.0387926548719 27.19411990791559 1.287581987679005 0 19.55175711214542 0.7354550212621689
31.07736626267433 7566.956240728498 9178.248753175139 1.258812323212624 1.567783541977406 1.55511486530304 75.94985684007406 31.53584082424641 470.1455659940839 1.966744996607304 1011.866017706692 3.101929519325495 3392.97393643111 92.61263944208622 7.119542427361012 2378.728193856776 3879.444690808654 876.8661959916353 1614.410692185163 2.235166251659393 959.2498558312654 4616.565233059227 12017.21017596871 1816.130124345422 4380.517913989723 19201.9520541355 24543.29013622552 1407.920240730047 185.7795630022883 167.6520941704512 778.4897928833961 5.828874349594116 6.942138165235519 2673.574759274721 59.51797492057085 5920.608666710556 5144.534939415753 5604.556593291461 1907.850197680295 240.5773301720619 6.924675934016705 58.15968258678913 36.28416393697262 2.229290127754211 2545.823374859989 1908.57650090009 0.639663890004158 0.2178898826241493 0.3165225833654404 45.5844579860568 6.818075366318226 5.052394032478333 0.7911823764443398 164.8706385418773 1.347112469375134 357.4800562560558 13.8240730240941 0 531.6339394003153 426.2118741944432 277.4015584513545 514.286206305027 0.5740121826529503 10.86189711093903 950.6905591115355 1105.99063988775 21.33468714356422 383.8128634989262 5837.382639363408 19550.28853323311 14.87651724368334 9.728484258055687 14.12385404855013 185.1676783785224 4.149643152952194 0.07958383858203888 94.97989454865456 28.7404907643795 373.1449790298939 1258.393229350448 353.8924071714282 122.2745033353567 7.330755390226841 1.394175589084625 34.43108929693699 2.705299705266953
108.1618923395872 33.33263596147299 301.7322157360613 3370.166527561843 11.30127221345901 613.1947968266904 10293.39704041183 673.6289671286941 1252.882180429995 6057.679951556027 9.573423631489277 663.3414965718985 4.322622813284397 595.4262741245329 56.2507111877203 1184.437487691641 57.90979199111462 2.651057817041874 9.330737687647343 1494.347671605647 2370.98743519932 188.3355835676193 2127.766356091946 5951.784814659506 3.857765100896358 49.62836990505457 1407.920240730047 13078.20704013109 1686.06165163964 10126.21598076075 0.4117634743452072 15.07280346751213 238.1878686919808 1123.576653119177 64.89569171518087 4763.494261085987 204.9722665399313 1462.710936371237 813.0756030343473 483.6910720914602 32.27636924386024 4.707814201712608 17.43900452554226 12.59949526190758 1.204016797244549 12.51632583886385 389.2211065664887 1.985692746937275 31.21797969937325 526.59826156497 144.1254019662738 501.8171499446034 227.2940982654691 3.691646978259087 120.055853433907 0 115.1819181479514 11.51788108795881 406.1576175615191 2.140439301729202 2.821814462542534 1.921573378145695 155.8574955686927 178.4286776334047 103.2888280898333 54.91004662960768 1838.364817835391 0.2382364273071289 3.947058781981468 70.77045881748199 1477.265487939119 135.2157040610909 117.354391053319 0 4.572339184582233 6.694000005722046 43.55733009427786 7.744915693998337 274.5860755592585 8.596959993243217 81.03108002990484 31.9217384159565 221.2307524234056 5.671655848622322 0.3578203022480011 1.696936011314392
