803.1181704252958 0.430160865187645 144.8913687244058 5.612849943339825 0.2236106991767883 72.67353524267673 1656.510146453977 1423.671996824443 1.879191853106022 158.7117468267679 7.831371545791626 1.650645174086094 0.7113316282629967 6325.180647313595 0.1421486139297485 0.1077843084931374 285.2358172312379 13.52365397661924 83.04183655232191 7.000732824206352 27.46711999922991 0.2513453885912895 63.92805317789316 34.96536024659872 0 91.82850387692451 14.37736181914806 158.8712093085051 1556.093166813254 2582.249532371759 0.5255242213606834 12.6327843144536 15.40872940421104 87.44852646440268 0.585973933339119 41.24686281383038 9.393379390239716 57.03503233194351 14.41088697314262 1.322824776172638 1.448289692401886 0.1523935496807098 0 0.2836612612009048 0 0.5783184915781021 0 0 0.2484580725431442 6.009935684502125 0.276571661233902 1.846305981278419 0 0 0.254584789276123 0 0.8852770030498505 0 2.032244354486465 0 0 0.1966288387775421 0 5.298778742551804 0.3050660490989685 0.8362263292074203 11.77702059596777 0 0.4774059951305389 1.510781675577164 18.33058145642281 1.974503457546234 6.12976198643446 0 0.08443650603294373 0.4063141494989395 0.2550877332687378 0.4030804336071014 5.35442566126585 0.7715682461857796 0.8043097257614136 1.214748904109001 2.524629130959511 0 0 0
0.430160865187645 37.6717384532094 57.95600949972868 0.3510025441646576 0.0977015420794487 0.1831246465444565 7.385233692824841 0.5036901012063026 522.4145502224565 0.2741715237498283 65.6742972433567 1.073746711015701 800.5723390132189 0.7121549844741821 9.321996465325356 268.1051330864429 142.7157458141446 4.940436244010925 21.01142986118793 0.1325019001960754 18.95744287967682 2211.543165594339 21.96340464800596 818.5810023620725 770.97770486027 316.8612806871533 5110.896251283586 78.60979896783829 1.873823039233685 1.736414097249508 60.86528261750937 0.2600163742899895 0 10.84880964457989 0.1568444818258286 133.5886704325676 251.2635611668229 69.4237482920289 20.73945000767708 19.26066701859236 0.3507802188396454 214.1746086627245 0.1439502686262131 0 89.08437735587358 64.12399730831385 0 0 0.1370522379875183 1.145000144839287 0.2748368978500366 12.24100652337074 0 0.5827442929148674 0 18.9164372086525 0 1.096196919679642 12.03888596594334 1.859967425465584 5.291048340499401 5.912752412259579 0 0.8956836238503456 491.1663004532456 4.181293964385986 7.801435172557831 44.91698708385229 428.2473925426602 2154.232694678009 2.639927111566067 0.2963827252388 0.8433334156870842 4.022657379508018 0 0.4557357430458069 4.83898289501667 0 10.78880171477795 66.83751113712788 16.70900470763445 3.796660169959068 4.672692589461803 0 0 0
144.8913687244058 57.95600949972868 2813.826809942722 2.459266990423203 0.08550301194190979 144.3841824531555 1440.156048756093 924.9357425048947 1.281240992248058 28.45023607462645 16.17591600865126 1.409353546798229 7.744361370801926 474.4893947988749 0.4324519336223602 7.140513755381107 4135.655097849667 24.24855481088161 360.1948994770646 3.013372175395489 1116.586500018835 6.638803198933601 10314.48161650449 50.30789648741484 9.33341920375824 6489.502796508372 6149.43318836391 476.4479331895709 221.8398887291551 1997.72648716718 0.9331912100315094 10.52720619365573 12.24270820617676 612.7156080901623 28.22379380464554 2768.98052867502 4260.054357603192 1700.508711501956 703.9424717575312 57.94545488804579 4.639701634645462 7.156875595450401 15.37864159047604 1.619426265358925 195.2344654724002 1156.489804960787 0 0 0.2813604176044464 14.13088946789503 3.382589265704155 1.690040111541748 1.443127423524857 0.3965140581130981 0.1201548874378204 0.5214796662330627 3.856509312987328 0.1377042382955551 35.16454808413982 39.78716536611319 2.13741447031498 11.45106650143862 0.4341414868831635 4.387181110680103 89.3151426166296 37.21021826565266 21.11949973553419 1.249362781643867 352.5946435555816 2847.596394486725 27.80189048498869 2.803683906793594 6.627988286316395 0.165727362036705 0 0.5155046507716179 1.53011804074049 7.556020982563496 43.441391505301 692.1373169794679 15.12344405055046 3.842952214181423 0.9513117671012878 0 0 0
5.612849943339825 0.3510025441646576 2.459266990423203 2358.742413513362 1.710163906216621 98.40372661501169 335.5831468999386 89.55660200119019 1511.315088786185 3198.55892688036 6.26268357783556 833.5205912068486 1.113539002835751 63.81648050993681 58.82771649956703 0.7826244309544563 0.3877658098936081 1.503209710121155 0.5809582695364952 4819.966255299747 0 0.3895083516836166 0.3813260644674301 2831.526601791382 0 3.462119422852993 5.208336979150772 2239.93058346957 181.1902692615986 2.216078586876392 0 5.045325219631195 16.63555394858122 39.28777907788754 6.022408984601498 556.4948750138283 4.718625925481319 144.7167424559593 37.11322383582592 337.8696488142014 10.53824159502983 0 6.605324298143387 2.298322550952435 0.5863588452339172 0.5940135344862938 227.6416263356805 0 20.41207346320152 134.0950329825282 32.73618363589048 254.7824324369431 66.76961264014244 4.733311027288437 100.4646564275026 0.2973177880048752 22.5619351118803 8.634972013533115 0.4964208006858826 0 0.09982564300298691 0 154.6675759777427 0 1.02930374443531 0.1886127591133118 581.5088310316205 0.07031252235174179 0.09005044400691986 2.076337613165379 647.0624280050397 20.54247922450304 3.483442910015583 0.2261180505156517 0.2897225096821785 2.306843109428883 3.704343482851982 2.118000358343124 98.31496539711952 0.1516439914703369 30.04328560084105 14.60147155821323 406.5645818859339 3.317874878644943 0 0.7470133453607559
0.2236106991767883 0.0977015420794487 0.08550301194190979 1.710163906216621 7.102721929550171 129.8520356118679 2.165699973702431 70.43312022089958 51.8608650714159 5.052936844527721 30.1389534920454 76.5658804923296 14.40628327429295 4.210145071148872 992.3856641203165 0 0 1.363313585519791 0.3075406327843666 7.16909072548151 0 1.444317996501923 0 12.55401249974966 0.1274381130933762 1.090283162891865 1.912099756300449 5.066115498542786 1.213224470615387 0.414974644780159 0.1353101581335068 89.57154656946659 0 183.5131580382586 2.182751357555389 40.55424581468105 2.112678229808807 286.7106334865093 151.4522979110479 1421.792402401567 392.7315934747458 3.470466762781143 0.4474624693393707 0 0 0 0.2979949861764908 0 0 0.624301552772522 0 0.1960688978433609 0 0 0.3753477036952972 0 0 0 0 0 0 0 0 0 0.1671089380979538 0.2645867317914963 1.526441998779774 0 0 0 1.366469107568264 0 0.1916058212518692 0 0 0 0 0 0.8191116452217102 0 0 0 1.487720280885696 0 0 0
72.67353524267673 0.1831246465444565 144.3841824531555 98.40372661501169 129.8520356118679 11457.91114887595 4127.307320661843 4348.66486196965 72.93212153762579 6592.161505207419 109.5215728133917 5316.367092132568 43.03143229335546 318.3433447927237 1908.263843402267 0 35.19761868938804 19.99862969666719 17.31921412050724 661.8519563749433 1.662091076374054 0.1896615475416183 41.24892934411764 194.8011631444097 1.155368581414223 84.53002989292145 20.13726764172316 770.5329627469182 471.5069524347782 67.23528808355331 1.880793794989586 1362.399715565145 11.70385743677616 244.7470409721136 8.09845045208931 367.0556572005153 15.93122433871031 414.5677404254675 184.4730250015855 1692.070872932673 111.8233209848404 5.911640495061874 8.084648430347443 0.5757386460900307 0.1125429794192314 0.9054253771901131 19.60709378868341 0 1.223211728036404 36.9196369946003 4.480502314865589 30.32768113911152 6.787301577627659 1.152499169111252 8.459329761564732 1.002858638763428 7.702461712062359 0.3181873559951782 0.3085679784417152 0.2159933745861053 0.07915642857551575 0.1116164848208427 12.91464101523161 0 0.0992775484919548 0.145946279168129 92.89035572111607 0 1.076157577335835 3.287909805774689 152.3347529917955 8.670558460056782 4.187956720590591 0 0.1528613865375519 0.7741396427154541 0.4824468865990639 5.069505415856838 20.27597437798977 1.027519300580025 6.990826860070229 4.764901496469975 37.61630779504776 0 0 0
1656.510146453977 7.385233692824841 1440.156048756093 335.5831468999386 2.165699973702431 4127.307320661843 11446.27426375449 5348.872807785869 187.6015266850591 11948.30313714966 37.06092471629381 47.45475463569164 8.569259226322174 5664.396372042596 11.51396763324738 6.065778382122517 79.78138587996364 11.70531430840492 22.56186936795712 125.311898432672 96.32521166652441 5.699201323091984 825.5876587256789 555.2421301081777 1.496919758617878 579.8421334400773 418.8940484970808 18361.82499731332 1491.324675366282 6095.752762928605 1.445067718625069 55.45044270902872 188.1610810682178 217.8174677118659 41.62215872853994 1214.981180474162 58.93568599224091 757.4995170347393 231.3971863910556 84.43044765293598 39.29874139279127 1.456114895641804 26.19381798058748 9.588798947632313 7.432934865355492 18.76924046128988 48.17749697715044 0 11.05957518517971 200.014427036047 25.74141055345535 130.3505458980799 28.80437319725752 3.842112526297569 22.32531721144915 0.3700279667973518 34.73881623148918 4.218907751142979 9.837653934955597 0.8375066220760345 0.08732809871435165 0.2191231474280357 30.51233042031527 7.528452508151531 4.411136455833912 7.265988245606422 472.2948187589645 0 12.79878757894039 87.04264165461063 734.9248096421361 59.99790072441101 46.5832852050662 0.1926882117986679 0.2819789946079254 5.091353245079517 5.083917506039143 15.502895206213 90.06819474697113 18.5295163616538 55.18501514196396 18.79403672367334 117.8447378352284 4.965219393372536 0 0.4835287481546402
1423.671996824443 0.5036901012063026 924.9357425048947 89.55660200119019 70.43312022089958 4348.66486196965 5348.872807785869 6244.031185757369 20.37647424638271 2543.640238620341 101.1315067857504 1587.212279841304 21.0554668456316 4535.921464703977 256.4091638848186 0.5503870695829391 705.6691324263811 42.1411272212863 223.653829805553 876.8737089261413 37.29135651141405 0.4088876023888588 239.6729882284999 169.11936211586 1.00888154655695 573.8689431212842 87.03873462975025 566.3558155074716 1426.019500158727 1735.6941582039 1.900857508182526 3274.341284774244 5.034858398139477 215.8150270357728 5.452158704400063 170.4634532257915 47.84841147065163 267.0315828993917 105.8270926699042 303.6883969157934 69.54835969954729 2.959311574697495 1.993320025503635 3.154969424009323 0.3093844875693321 2.92522931843996 8.459151662886143 0 1.943866983056068 53.116729862988 7.090413026511669 18.28572486341 3.616200320422649 0.6634078696370125 3.719948001205921 0.2979458644986153 7.279291942715645 0.4708561152219772 3.340434961020947 0.2567653506994247 0 0.09130618721246719 8.402705147862434 10.14931920170784 0.2855741307139397 0.4739085882902145 98.95458945631981 0.1852444708347321 4.362789951264858 10.68284285068512 152.9580103084445 11.45825064182281 13.0656668767333 0 0 1.700310565531254 2.460541017353535 1.54097481071949 20.76699364185333 5.684911265969276 9.878931514918804 4.164452910423279 24.74243052303791 0.1591038405895233 0 0.1945981532335281
1.879191853106022 522.4145502224565 1.281240992248058 1511.315088786185 51.8608650714159 72.93212153762579 187.6015266850591 20.37647424638271 892.51831138134 73.82859902083874 5.779454708099365 401.045492619276 60.70135741680861 8.362866096198559 1024.886583015323 52.91299573332071 1.394645147025585 0.8557150736451149 1.485238127410412 392.2620469108224 28.21568440645933 1408.633397720754 4.293170481920242 9608.604587443173 147.4215499684215 26.65883844345808 940.5526169836521 1874.602654658258 14.42149892449379 28.65195026993752 7.650457061827183 2.858141928911209 4.309347048401833 5.083436518907547 0.6159216165542603 113.9017603620887 7.817778930068016 24.92679823935032 6.444914683699608 664.3520889654756 7.531215250492096 4.751001060009003 0 13.43039679527283 3.810117073357105 0.9061164706945419 114.290067255497 0.6079506576061249 20.05255060642958 221.5818591341376 41.38404683023691 121.7337205857038 48.00921030342579 6.165699146687984 38.49151669442654 1.028903476893902 48.97714001685381 10.11139395833015 141.3828753530979 0.4181205630302429 0.9064594432711601 0.9255650416016579 55.82070354372263 91.94735021144152 29.54225205630064 21.77993089705706 1647.933927506208 0 5.964927010238171 11.92220684140921 1066.270866557956 98.75568345189095 75.58745874464512 0.2158943861722946 0.9239306300878525 10.56152611225843 10.09153270721436 7.280173979699612 100.9971266910434 1.657037265598774 51.19002695381641 26.02476601302624 125.3058386743069 6.046376720070839 1.763735324144363 1.099206663668156
158.7117468267679 0.2741715237498283 28.45023607462645 3198.55892688036 5.052936844527721 6592.161505207419 11948.30313714966 2543.640238620341 73.82859902083874 29276.72536952421 105.4695911109447 4469.389525942504 19.27914386987686 922.7792791053653 27.19313816726208 0.1041130125522614 2.820578582584858 25.89627150446177 9.034905359148979 4891.323890216649 0.5700851455330849 0.4926557540893555 10.11203671991825 460.8656494095922 1.612083174288273 24.76755020022392 19.54377073794603 7593.208193823695 855.7195200994611 7.711945027112961 1.154827296733856 123.0928169414401 29.1463616117835 272.6651256978512 19.24998450279236 892.9497358426452 19.17526087909937 707.4580906927586 149.6991296112537 166.5762631222606 36.18795195221901 1.250419311225414 22.95010340213776 0.8431092575192451 0.1645010411739349 0.6143525987863541 40.55943439155817 0 5.489489831030369 31.81868719309568 8.573877602815628 46.02344143390656 7.042803853750229 1.430023796856403 16.83544781804085 0 5.608244575560093 1.545797422528267 0.1539080440998077 0 0 0 21.10005137324333 0.757684551179409 0.1819476783275604 0.4722436815500259 127.7866391316056 0.1104682832956314 0.3461277037858963 4.119753986597061 176.0178238749504 6.015525780618191 3.171894669532776 0 0.07720701396465302 0.6044584587216377 0.4622524604201317 7.233902782201767 28.21449793875217 0.6000461131334305 10.2836942076683 3.085197381675243 66.88222329318523 1.490166500210762 0.3658947944641113 0.3791656196117401
7.831371545791626 65.6742972433567 16.17591600865126 6.26268357783556 30.1389534920454 109.5215728133917 37.06092471629381 101.1315067857504 5.779454708099365 105.4695911109447 3285.816111937165 105.4811302125454 3125.659013308585 97.33139200508595 2.893625542521477 1.418735474348068 103.931911252439 2341.297428280115 461.1092141270638 69.13332941383123 48.35810025781393 20.40520021319389 42.49540693312883 14.67866571992636 814.7055370807648 1666.186386838555 944.3308923244476 43.91805218160152 567.5285550802946 21.5237061008811 728.1834629103541 187.0514005795121 18.79626393318176 6176.068476602435 12.66720977425575 665.0734974890947 3682.365993075073 7137.011418685317 2148.424196749926 54.88896985352039 223.62825730443 1373.135004788637 13.20858857035637 0.09615202993154526 7.091221131384373 0 0.6784399449825287 0 0.8842304050922394 1.939719162881374 0.6388696134090424 0.9758981317281723 0.0813625305891037 68.66093856841326 0.6198891401290894 451.9024162739515 1.064733564853668 0.1490571200847626 0.2373405992984772 0 17.44646669179201 4.321262754499912 0.1121573224663734 0.3553342446684837 0.6316589862108231 0 4.545148879289627 42.23379887640476 105.0012672618032 91.71406108140945 7.840476661920547 1.179046496748924 1.744301229715347 58.60397110134363 0 0 0.5099590197205544 5.881775185465813 25.13118109852076 125.392273157835 14.80786550045013 1.215777367353439 0.3189492523670197 0 39.28091216832399 0
1.650645174086094 1.073746711015701 1.409353546798229 833.5205912068486 76.5658804923296 5316.367092132568 47.45475463569164 1587.212279841304 401.045492619276 4469.389525942504 105.4811302125454 10026.68886373937 16.29564150422812 328.7936060652137 1229.09782256186 0 2.373580873012543 24.5297285169363 5.945144981145859 5306.482289403677 0.3064915835857391 3.227915108203888 0.6404452100396156 345.2598513439298 1.773008234798908 7.871631048619747 3.386283032596111 626.0039196908474 452.6612292528152 3.213252007961273 1.471249788999557 175.01579772681 1.126207001507282 226.5174512118101 5.29778853058815 840.6173731908202 7.427363969385624 448.0543250441551 84.59158104658127 1906.952935151756 24.73012335598469 1.846341252326965 5.83215244859457 0.4175531268119812 0 0 47.69714900106192 0 10.08077584207058 15.70398148149252 14.68842766433954 25.05087579786777 35.06474104523659 2.199436694383621 57.6603257805109 0.175459086894989 6.28136008232832 0.426878958940506 0.09052733331918716 0 0 0.08927058428525925 43.55575512349606 0.3558817580342293 0.1783151030540466 0 69.28993604332209 0 0.3614338040351868 0.6403217762708664 61.04855932295322 3.416795201599598 1.980926811695099 0.08995934575796127 0.1225456893444061 0.1206218227744102 1.353616051375866 0.9311563223600388 15.6753631234169 0 5.855113677680492 2.889160662889481 109.2698568999767 0.7393895089626312 0 0.1635566502809525
0.7113316282629967 800.5723390132189 7.744361370801926 1.113539002835751 14.40628327429295 43.03143229335546 8.569259226322174 21.0554668456316 60.70135741680861 19.27914386987686 3125.659013308585 16.29564150422812 2812.048122346401 15.00325467437506 3.776044480502605 5.296710498631001 4.55352921038866 231.287263058126 13.59198525547981 10.03280847519636 6.585643067955971 233.6001726016402 19.07451383024454 66.1597289070487 5221.296371005476 571.2595184892416 4913.109584845603 20.31036288291216 74.54502734541893 5.481458403170109 809.1468085944653 69.83768737316132 2.951704815030098 1054.599117055535 57.06509055197239 2546.085744343698 4840.495482191443 4411.735042363405 1507.868778087199 235.0890289992094 391.9692450761795 1786.628152579069 26.90408666431904 0.09080813825130463 58.12180560827255 0 0.1615059673786163 0 0 1.722827896475792 0.3161564543843269 0.5311882570385933 0.4134094044566154 262.0585202723742 0.1980221569538116 1805.275233782828 1.66803901642561 0 0.3111331835389137 0 70.45580492168665 13.15481978654861 0.1112661957740784 0.104917861521244 3.873762629926205 0.2347959503531456 1.228497125208378 261.5557128190994 520.6684723347425 485.9390195161104 2.343423470854759 0.7700231969356537 1.603196859359741 279.2570385783911 0.2057320103049278 0 1.809641189873219 71.35499794781208 225.4333247244358 341.5283748358488 52.65438982099295 18.31343083828688 0.0975675955414772 0 56.27760618180037 0
6325.180647313595 0.7121549844741821 474.4893947988749 63.81648050993681 4.210145071148872 318.3433447927237 5664.396372042596 4535.921464703977 8.362866096198559 922.7792791053653 97.33139200508595 328.7936060652137 15.00325467437506 3469.852613776922 5.361032642424107 0.5339106246829033 624.1495963074267 48.86546212434769 172.7403451725841 307.4933703690767 37.82635729014874 0.3356951624155045 154.7569603398442 109.690185174346 0.6599365174770355 309.4576833024621 47.20812689512968 574.7839925736189 5549.471966806799 2645.950860984623 1.147485733032227 223.6823945492506 23.93406663835049 364.8701780363917 8.643977731466293 177.803944401443 34.15022087097168 558.0508859008551 116.8553322926164 40.72529920935631 14.05429667979479 0.5320922359824181 2.533502370119095 2.925054043531418 0.3509639874100685 0.7544390484690666 2.050867445766926 0 0.9897851347923279 17.6147839948535 2.848521582782269 5.80329754203558 1.546835251152515 0 2.583658248186111 0 3.857200846076012 0 7.043811462819576 0.1052312850952148 0 0 2.01805217564106 10.3069978877902 0.7238073274493217 1.483995161950588 36.11592645198107 0 2.155108608305454 6.912291772663593 66.06345712393522 11.44336756318808 13.64681827276945 0 0 0.9397673308849335 1.4931760430336 1.11139515042305 13.89719907194376 2.399100199341774 5.604353442788124 1.136826030910015 6.424620598554611 0.9767284989356995 0 0
0.1421486139297485 9.321996465325356 0.4324519336223602 58.82771649956703 992.3856641203165 1908.263843402267 11.51396763324738 256.4091638848186 1024.886583015323 27.19313816726208 2.893625542521477 1229.09782256186 3.776044480502605 5.361032642424107 473.6003365218639 0.6476844251155853 0.3952104970812798 0.4531710669398308 0.4289151951670647 106.2060688063502 0.1365517973899841 41.5474995598197 0 725.5655168443918 2.411759912967682 2.020099326968193 29.53128673881292 97.14659807085991 32.04427437484264 0.7724570631980896 0.09299562126398087 565.9163536131382 0 18.56960297375917 4.315065518021584 280.1240589469671 3.496773757040501 27.28855401277542 23.3225579559803 1581.077668607235 127.0277420431376 0.4278932213783264 2.054008066654205 0 0 0 6.435822889208794 0 0.5991512089967728 2.812590427696705 0.2361370101571083 6.290878146886826 0.3404170796275139 0.1088391169905663 6.264537021517754 0 0 0 2.21732322126627 0 0 0 8.075743526220322 0.9880320131778717 2.248513720929623 0.5171374157071114 18.87750197201967 0 0 0.1674179285764694 12.23740971833467 1.355803847312927 0.4673895239830017 0 0 0.6707911491394043 0 0.9823671579360962 3.956316024065018 0 0.3763808161020279 0 27.16380794346333 0.2016901671886444 0 0
0.1077843084931374 268.1051330864429 7.140513755381107 0.7826244309544563 0 0 6.065778382122517 0.5503870695829391 52.91299573332071 0.1041130125522614 1.418735474348068 0 5.296710498631001 0.5339106246829033 0.6476844251155853 2249.707465186715 9.924516148865223 1.889393366873264 5.971119657158852 0 1445.738316692412 1805.225240573287 4976.516602694988 1866.37646484375 7.4114098995924 27.60412749648094 2490.867860682309 1463.322440423071 1.497039437294006 30.33545080572367 0.4318931847810745 0 0.6462827622890472 47.80984023213387 12.67728446424007 984.3204840794206 324.2575542703271 219.2526229768991 253.7757924720645 35.71403618901968 0.702628418803215 0.8676715567708015 4.932227537035942 0.6853551268577576 12.06183352321386 21.01330600678921 0 0 0 4.298638947308064 1.715955071151257 3.500981777906418 0.1699801757931709 0 0.293525330722332 0 0.9499353840947151 0 2125.750067293644 0 0.2290751487016678 0.537754014134407 0.08950585126876831 243.7955015301704 703.9813190251589 1288.842042289674 173.8207201510668 0.1676017791032791 2.977491229772568 331.7357571944594 84.74845257401466 7.005883738398552 35.11888705193996 0 0 0.8437979742884636 2.797755129635334 2.439857751131058 574.236326046288 45.49256802350283 4.443874083459377 2.11704221367836 5.061568051576614 0 0 0
285.2358172312379 142.7157458141446 4135.655097849667 0.3877658098936081 0 35.19761868938804 79.78138587996364 705.6691324263811 1.394645147025585 2.820578582584858 103.931911252439 2.373580873012543 4.55352921038866 624.1495963074267 0.3952104970812798 9.924516148865223 1030.828942343593 596.586109817028 2483.254126802087 1.923685446381569 604.8164958357811 3.951090440154076 2489.788703806698 13.10304306447506 7.221123166382313 2060.033438891172 3345.292170867324 37.25737234205008 1383.646495316178 2465.265615411103 1.333704091608524 11.27265313267708 116.8050709068775 1472.773760564625 2.659225881099701 213.7037274315953 1740.467532448471 627.7434732168913 88.70771615207195 6.834279589354992 2.366110995411873 5.851763628423214 1.055654972791672 0.1178098917007446 14.97670707851648 8.700355693697929 0 0 0 0.4467987641692162 0 0.1918643563985825 0 0.4456553906202316 0 0 0 0 2.348134383559227 3.531648263335228 0.6125534176826477 6.991783402860165 0 1.532249473035336 1.954070776700974 0.4377228915691376 2.184890776872635 1.137373238801956 94.74542111903429 142.7839772999287 3.056463956832886 0.3271801695227623 1.729177340865135 0 0 0 0.668165922164917 0.8655695915222168 6.612187191843987 97.49462775886059 2.777583427727222 0.262326180934906 0.7467459589242935 0 0 0
13.52365397661924 4.940436244010925 24.24855481088161 1.503209710121155 1.363313585519791 19.99862969666719 11.70531430840492 42.1411272212863 0.8557150736451149 25.89627150446177 2341.297428280115 24.5297285169363 231.287263058126 48.86546212434769 0.4531710669398308 1.889393366873264 596.586109817028 181.7518729940057 2350.372397109866 17.22681792080402 37.707623898983 2.288690567016602 68.68129135668278 4.117950789630413 27.42998401075602 2113.634354732931 498.1677050963044 26.07950953394175 162.8671564906836 38.81567533314228 273.7591645717621 23.51110047847033 12.58609756827354 2105.377335734665 9.834999725222588 988.8829721286893 2364.41572997719 3804.755424961448 1084.659036695957 13.11045408248901 9.40333266556263 45.28939764946699 3.844877570867538 0 10.43601590394974 0.1299848258495331 0.2699112147092819 0 0 0.242425762116909 0.2789482176303864 0.07990042120218277 0 26.35718547552824 0.09351322799921036 77.06567888706923 1.242742784321308 0.2159196957945824 0.2247183248400688 0.1239519640803337 50.81884017586708 26.82770309597254 0.09009510278701782 0 0.185036838054657 0 1.535995073616505 22.0086962133646 216.0628192946315 217.7562093064189 2.661682099103928 0.4329923391342163 0.08654285222291946 35.80245263129473 0.2590312659740448 0 1.411619983613491 3.109805874526501 10.82521805167198 29.90324325114489 23.77475865930319 2.66987581551075 1.047744452953339 0 1.178173169493675 0
83.04183655232191 21.01142986118793 360.1948994770646 0.5809582695364952 0.3075406327843666 17.31921412050724 22.56186936795712 223.653829805553 1.485238127410412 9.034905359148979 461.1092141270638 5.945144981145859 13.59198525547981 172.7403451725841 0.4289151951670647 5.971119657158852 2483.254126802087 2350.372397109866 1382.72158472985 5.122335232794285 118.4738931953907 3.286632813513279 626.2310979813337 4.525929614901543 6.97058516740799 4937.86437446624 815.5310993716121 10.99714209884405 428.0114635303617 294.3869149014354 13.74140970408916 5.167811460793018 49.57060916721821 2864.400857418776 6.550389640033245 1263.85846734792 2233.203548185527 2528.674706801772 431.967027053237 14.02741352468729 2.445270664989948 7.218291088938713 3.088450245559216 0.1137731075286865 39.20979158580303 1.845922119915485 0 0 0 1.063668556511402 0 0.2208805233240128 0 1.820088475942612 0 6.062751851975918 0.09482244402170181 0 0.2323254570364952 0.7798049300909042 15.55308762937784 35.03568158298731 0.09791368991136551 0 0.6500186771154404 0 1.309442639350891 6.578841403126717 263.3726284578443 241.1181506365538 0.6712631359696388 0.3432960137724876 0.4665313214063644 2.787757471203804 0 0 1.205218464136124 2.10752409696579 17.13119664788246 109.7822452709079 7.728327684104443 0.4519380033016205 0.1898958832025528 0 1.883179485797882 0
7.000732824206352 0.1325019001960754 3.013372175395489 4819.966255299747 7.16909072548151 661.8519563749433 125.311898432672 876.8737089261413 392.2620469108224 4891.323890216649 69.13332941383123 5306.482289403677 10.03280847519636 307.4933703690767 106.2060688063502 0 1.923685446381569 17.22681792080402 5.122335232794285 1014.905500926077 0.3915674537420273 0 1.158809043467045 593.7939282283187 0.3902793526649475 6.068681582808495 1.49407485127449 2565.177192762494 471.8875164352357 3.498285129666328 0.3428459540009499 71.25589940696955 10.99577348679304 180.8622697740793 14.51370993256569 1018.243125386536 14.53073078393936 516.6362920105457 103.0666775777936 513.6535892039537 29.4601354598999 0.4484014064073563 25.85356795787811 0.4718312621116638 0.1137495711445808 0.4795873761177063 123.961553812027 0.3822556138038635 11.27796061336994 84.7377143278718 18.46048855781555 99.51826503127813 25.58822017163038 2.28045429289341 71.40239194780588 0 9.686964556574821 8.180104739964008 0 0.1368322521448135 0 0 81.751309633255 0.5034145265817642 0 0.3082304745912552 292.6794218793511 0 0.2022656202316284 0.2512022778391838 376.3340881317854 7.915652185678482 3.862689897418022 0 1.150202587246895 1.053779475390911 2.876569539308548 3.568489089608192 63.43534675985575 0.2272632867097855 20.830965064466 6.804667808115482 281.2120737358928 1.717094995081425 0 0.1997288167476654
27.46711999922991 18.95744287967682 1116.586500018835 0 0 1.662091076374054 96.32521166652441 37.29135651141405 28.21568440645933 0.5700851455330849 48.35810025781393 0.3064915835857391 6.585643067955971 37.82635729014874 0.1365517973899841 1445.738316692412 604.8164958357811 37.707623898983 118.4738931953907 0.3915674537420273 10381.45980227739 93.65687304735184 11252.83195370436 285.9852576926351 3.764230877161026 131.4887464269996 889.1560586467385 3361.079068742692 187.1578199416399 7246.89624646306 0.1481259912252426 0.6227434873580933 62.51229809969664 4875.404175132513 130.9600823745131 7424.494160272181 895.7071988508105 6624.072395399213 3498.959411919117 296.7348741069436 11.82147384434938 6.118132039904594 54.33728694915771 1.226913645863533 6.980855613946915 5.308292105793953 0 0 0.1232332810759544 11.87658392637968 2.427889339625835 3.75739798694849 0.2510784566402435 0.1124244853854179 0.2734080702066422 1.377541959285736 3.013635322451591 0 522.2531272768974 0.767830066382885 0 0.471228614449501 0.8311672359704971 257.5589382573962 91.54170103371143 168.034682020545 158.7042382657528 0.08866092562675476 3.19667736440897 42.79695197194815 77.65446450561285 9.063516847789288 57.05941597372293 0 0 3.045918211340904 4.073916882276535 27.12746189534664 143.1235315278172 7.775646448135376 4.864534981548786 0.8434707224369049 3.897330060601234 0 1.612310528755188 0.8789684027433395
0.2513453885912895 2211.543165594339 6.638803198933601 0.3895083516836166 1.444317996501923 0.1896615475416183 5.699201323091984 0.4088876023888588 1408.633397720754 0.4926557540893555 20.40520021319389 3.227915108203888 233.6001726016402 0.3356951624155045 41.5474995598197 1805.225240573287 3.951090440154076 2.288690567016602 3.286632813513279 0 93.65687304735184 1143.419602930546 462.8330991044641 4283.384329788387 594.7330023273826 79.75925943255424 4797.955915443599 245.3221554011106 0.7541079297661781 2.882074400782585 26.73475330322981 0.2472486644983292 0.1207845136523247 5.22471459209919 0 19.65359963476658 26.46442529559135 14.86629069596529 5.216499730944633 106.4767297431827 0.1253548562526703 21.46702370792627 0 0.09133369475603104 17.62561466544867 42.74898041784763 0 0 0 1.100132808089256 0.1101071238517761 3.79759868979454 0 0.3534009456634521 0 1.868228390812874 0.2292618900537491 0 890.9883976206183 0.1313157677650452 0.3600106313824654 1.161380030214787 0 49.43669073283672 194.0504741594195 399.5404144003987 114.0663354918361 1.041303232312202 16.55224938690662 899.9367999061942 30.95135179162025 0.8862913250923157 1.100994676351547 0.5900292843580246 0 0.1274483501911163 0.7903582975268364 0 20.7744165956974 8.633362151682377 1.28932536393404 1.570925056934357 0.2824558019638062 0 0 0
63.92805317789316 21.96340464800596 10314.48161650449 0.3813260644674301 0 41.24892934411764 825.5876587256789 239.6729882284999 4.293170481920242 10.11203671991825 42.49540693312883 0.6404452100396156 19.07451383024454 154.7569603398442 0 4976.516602694988 2489.788703806698 68.68129135668278 626.2310979813337 1.158809043467045 11252.83195370436 462.8330991044641 16577.90988249332 290.1242187917233 4.245147548615932 1485.141208127141 11068.67904048413 2204.439607039094 271.3723860755563 4396.716054223478 2.099526450037956 3.440230876207352 42.55883625894785 3487.035486012697 103.553394369781 9809.314234644175 8304.100011043251 8047.256205245852 7034.183798030019 486.7201887220144 8.127546563744545 16.51113180816174 62.19862315803766 0.5170578509569168 17.74961920827627 220.7259618341923 0.4096895754337311 0 0.1012939959764481 5.04812640696764 0.5274065360426903 0 0 0.1147938743233681 0 0.3255854398012161 1.790821418166161 0 1849.346726320684 2.097409889101982 0.1338639557361603 0.8035333827137947 0 60.88875108212233 442.4799406081438 1432.564794890583 62.72644584625959 0 19.14348361641169 1564.69590652734 48.2722028568387 0.975990928709507 5.261106811463833 0 0 0 0.2392535656690598 22.48213383555412 647.8067806065083 311.1054567918181 5.40442980080843 3.460049420595169 2.545791357755661 0.4531962275505066 2.247020334005356 0.1801404356956482
34.96536024659872 818.5810023620725 50.30789648741484 2831.526601791382 12.55401249974966 194.8011631444097 555.2421301081777 169.11936211586 9608.604587443173 460.8656494095922 14.67866571992636 345.2598513439298 66.1597289070487 109.690185174346 725.5655168443918 1866.37646484375 13.10304306447506 4.117950789630413 4.525929614901543 593.7939282283187 285.9852576926351 4283.384329788387 290.1242187917233 7559.492054834962 182.1164651140571 152.431668497622 3356.469062753022 8335.565009713173 399.3116937279701 343.2635227739811 7.587598852813244 14.07170969247818 138.681734547019 152.7619990929961 33.74185501784086 2360.183270275593 113.0363323315978 562.8896174058318 224.9941484928131 696.3348493352532 33.76992809772491 9.750700861215591 27.77276496589184 39.43859212100506 16.33328779041767 19.35848162323236 160.2650402486324 0 25.56682594865561 462.7761524915695 84.15987259894609 670.2563204169273 59.97317538410425 7.115728288888931 62.74162758886814 2.874276392161846 100.5560090988874 8.732991494238377 554.1428648084402 1.469503037631512 1.030600041151047 2.158822767436504 96.47813915461302 460.3056224659085 190.9508989527822 162.5936735495925 2071.430912569165 0.1270757764577866 12.66537518799305 172.8228050991893 1915.459186382592 223.7487459182739 349.3982129022479 0.1574606671929359 0.8820488527417183 29.45258267968893 29.8560037240386 23.61414180696011 313.7648892104626 19.41340965777636 121.5103389397264 49.70803030580282 319.9032444879413 10.38122443854809 1.130481064319611 4.855647385120392
0 770.97770486027 9.33341920375824 0 0.1274381130933762 1.155368581414223 1.496919758617878 1.00888154655695 147.4215499684215 1.612083174288273 814.7055370807648 1.773008234798908 5221.296371005476 0.6599365174770355 2.411759912967682 7.4114098995924 7.221123166382313 27.42998401075602 6.97058516740799 0.3902793526649475 3.764230877161026 594.7330023273826 4.245147548615932 182.1164651140571 540.1327008455992 471.2426250427961 2845.62535558641 14.08036883920431 3.153105467557907 2.254774451255798 392.3869574442506 2.764170505106449 0 271.1187521442771 8.166417002677917 434.1558826938272 464.5604432821274 1174.032763697207 380.7316636666656 54.47193036228418 98.82217262685299 855.0735218822956 3.321986764669418 0 73.08727745711803 1.305203832685947 0 0 0 0.2526785954833031 0.1014008969068527 0.1265862584114075 0 95.68064360320568 0 796.6529929637909 1.023596316576004 0 2.166585013270378 0 68.24073700606823 7.195596843957901 0.09819287806749344 2.534852080047131 10.0940578430891 0 0.1131347864866257 112.8676493838429 462.8291872963309 783.1500621438026 0.8810094445943832 0.6300125569105148 4.057271972298622 168.4613587409258 0 0 1.173715852200985 14.67106136679649 93.4769573584199 48.37709807604551 26.06160885095596 3.837285183370113 3.005602598190308 0 3.442531660199165 0.08680917322635651
91.82850387692451 316.8612806871533 6489.502796508372 3.462119422852993 1.090283162891865 84.53002989292145 579.8421334400773 573.8689431212842 26.65883844345808 24.76755020022392 1666.186386838555 7.871631048619747 571.2595184892416 309.4576833024621 2.020099326968193 27.60412749648094 2060.033438891172 2113.634354732931 4937.86437446624 6.068681582808495 131.4887464269996 79.75925943255424 1485.141208127141 152.431668497622 471.2426250427961 20277.23744019866 14262.97762224078 238.2519487664104 295.6471816673875 525.9884709939361 921.2513873353601 15.73578489199281 11.80737767368555 1070.487129993737 9.724407456815243 2741.672083057463 7607.357430264354 3173.699932314456 705.1536618024111 42.14569426327944 7.428287133574486 103.8091211542487 6.384840078651905 1.096932150423527 800.7135811448097 87.74751283228397 0.191491886973381 0 0.8777275234460831 7.114185802638531 2.011654704809189 3.265657663345337 0.303713470697403 163.4051372185349 0.780668318271637 506.381014496088 5.385001696646214 0.1453191488981247 7.524804793298244 29.98748986423016 387.5155418217182 404.5957700312138 1.621442511677742 2.889268659055233 14.61272928118706 4.264585867524147 10.14723165333271 294.7842268943787 3437.836788579822 4199.705664657056 11.15805114805698 4.425451129674911 4.898652873933315 224.0701643303037 1.072999119758606 0.1454952359199524 18.00567170977592 4.15503354370594 57.37107208371162 925.1708512976766 181.0033139064908 22.71649987995625 3.437644824385643 0.2796937227249146 11.2802551984787 0
14.37736181914806 5110.896251283586 6149.43318836391 5.208336979150772 1.912099756300449 20.13726764172316 418.8940484970808 87.03873462975025 940.5526169836521 19.54377073794603 944.3308923244476 3.386283032596111 4913.109584845603 47.20812689512968 29.53128673881292 2490.867860682309 3345.292170867324 498.1677050963044 815.5310993716121 1.49407485127449 889.1560586467385 4797.955915443599 11068.67904048413 3356.469062753022 2845.62535558641 14262.97762224078 18111.56366536766 1806.151378497481 65.94026199728251 165.2052308768034 1243.83383076638 2.141105689108372 15.41277837753296 1913.598961226642 52.87574662268162 9095.317622467875 5014.752220198512 5186.927731640637 1587.527414366603 217.1452830284834 9.214332886040211 67.66401426494122 29.4815214574337 2.327275358140469 4188.27882745862 1892.055140405893 0.1233638450503349 0 1.301347345113754 21.87672761827707 6.296437293291092 9.322762444615364 1.42031130194664 74.45566297322512 0.1101911216974258 289.6748775839806 7.477999351918697 0.4281242340803146 627.6437089070678 68.30798756331205 275.1684181988239 396.1451507434249 0.1037995591759682 9.394846245646477 1126.438276872039 585.7690788805485 66.73345637321472 509.8256984725595 5120.799932792783 15208.71481375396 66.88734038174152 8.376143157482147 15.82541344314814 135.9543188735843 0.1143189147114754 1.518691346049309 29.41833287477493 17.05298472940922 263.0338985994458 1790.519886910915 178.3952410593629 35.57672046869993 3.997223705053329 0.6019422113895416 4.446704663336277 0.4708509594202042
158.8712093085051 78.60979896783829 476.4479331895709 2239.93058346957 5.066115498542786 770.5329627469182 18361.82499731332 566.3558155074716 1874.602654658258 7593.208193823695 43.91805218160152 626.0039196908474 20.31036288291216 574.7839925736189 97.14659807085991 1463.322440423071 37.25737234205008 26.07950953394175 10.99714209884405 2565.177192762494 3361.079068742692 245.3221554011106 2204.439607039094 8335.565009713173 14.08036883920431 238.2519487664104 1806.151378497481 18174.30916651338 2146.574852816761 11774.72256474942 0.9240246415138245 36.3965974599123 841.3113213032484 1087.411962963641 188.9907441586256 6981.232178360224 318.037053912878 2623.779536053538 1036.215161189437 352.3977121114731 88.54493065178394 11.73048818856478 79.22070804238319 53.75920201092958 16.95428167283535 16.98408844321966 158.1153801977634 0.08407393097877502 34.17627254128456 657.2995160967112 97.89630613476038 466.5913548767567 79.04079697281122 12.02749522775412 67.86962699890137 4.772819772362709 147.1546321585774 9.085003651678562 441.9139582142234 3.410590723156929 0.9621016308665276 2.688941091299057 101.435903005302 509.69050604105 93.75341731309891 117.9471999257803 2000.192192681134 0 7.627404414117336 127.9443889632821 2216.445674546063 306.8623696342111 492.5667926222086 0.7132674232125282 2.741399250924587 38.95308696478605 36.07082640379667 57.97322043031454 432.1255966424942 26.08519765734673 139.1037230417132 56.47565971314907 386.0333276391029 13.34462253004313 5.385505706071854 4.204689554870129
