2280.74899892509 0.4361663088202477 60.52099103480577 5.715353041887283 7.546049870550632 41.53540497273207 5313.327396936715 243.1735555827618 39.00833997130394 28.28991559892893 83.48794181644917 0.8055066838860512 0.8151548206806183 2597.00251069665 0.3526013940572739 5.757467478513718 468.9500886052847 90.05396571010351 264.077603623271 9.496629573404789 19.57518726587296 2.663210548460484 200.6503662541509 107.0017746761441 0.273793064057827 72.61723985522985 64.134900867939 227.3926158025861 4793.877197392285 2177.33499455452 0.8424293771386147 84.22376523911953 96.95269392430782 280.671893261373 0.7626272439956665 17.12073764950037 11.54548853635788 245.2734628096223 25.27467676252127 2.183197982609272 6.145088791847229 0.7437980473041534 0.7397710084915161 0.5058849155902863 0.2927924990653992 0.2498317807912827 0.2400550693273544 0 0 1.223563089966774 0.09753633290529251 7.17266657948494 0.5880224853754044 0 0.76845683157444 0 1.372988909482956 0 6.636581107974052 0.2021429687738419 0 0 0.3511492311954498 2.543270282447338 0 0.1119063794612885 39.4921603500843 0.404036670923233 1.208100564777851 2.868468999862671 25.65095935761929 1.407738663256168 10.49043235182762 0.1187788248062134 0 0.2441262826323509 0.8354182839393616 0 7.474476337432861 0.2630352377891541 4.201395034790039 0.551365502178669 2.37322610616684 0.1228973865509033 0 0
0.4361663088202477 112.253923587501 8.118551015853882 0 0.5673447251319885 0.4603951424360275 4.110424019396305 2.311612263321877 411.012211881578 0.5399176478385925 132.2300297692418 1.32588355243206 720.6909460574389 3.271491572260857 7.903606772422791 89.49856871366501 16.21752628684044 67.54752640426159 23.74184189736843 0.3158023953437805 2.278098724782467 2798.599431306124 2.782790541648865 1179.730958178639 1306.083823516965 364.0126013606787 6851.148350574076 23.13500942289829 6.373583622276783 5.654455855488777 206.3720401823521 4.08002333343029 0.711445115506649 119.6888011991978 0.6419809758663177 45.0961731672287 137.059303842485 148.7688265442848 13.25135929882526 5.378453463315964 0.9261598065495491 267.6823107004166 0.5727723464369774 1.231577515602112 94.67212272435427 337.8641574904323 0 0 0.1719354540109634 4.803110808134079 0.7151443958282471 1.19842067360878 0.2821390628814697 15.74892088770866 0.3114451169967651 21.38125959783792 1.9014493227005 0 11.06952556967735 147.1154716610909 21.81243625283241 57.69003704190254 0 0.569172091782093 22.24357950687408 7.243251971900463 26.25618786364794 27.91163289546967 642.6458170562983 3357.214687854052 4.381278865039349 0.8606947734951973 3.895579628646374 19.60300909727812 0.1447334438562393 0.4985614866018295 9.482583068311214 1.491131842136383 105.5565927401185 77.43914766609669 96.42942903190851 72.54306425154209 1.065460726618767 0 2.417068786919117 0
60.52099103480577 8.118551015853882 6565.526302315295 4.157307922840118 1.204696252942085 397.7766616865993 1704.780873075128 1384.597692757845 5.368899658322334 204.3763467818499 30.45309403538704 0.482744574546814 0.4807242602109909 877.3955900371075 1.703521527349949 7.198647081851959 5698.950215674937 102.4042210131884 790.9046761319041 4.639616943895817 728.3715068772435 15.02657733857632 18656.62250315398 64.57701589167118 0.1265905648469925 10658.22827742249 5501.697844438255 280.3322083353996 62.5103777050972 324.3369021341205 14.8682776466012 11.73182740807533 1.993827313184738 486.024234816432 21.15034697204828 1397.528845287859 2477.161132521927 2103.96852709353 585.7545918449759 57.08992981910706 15.27628793567419 11.84573808312416 5.457873448729515 2.486017324030399 53.50883820652962 2019.035923428833 0 0 0.6812734454870224 25.48863864690065 7.900443553924561 0.5372849702835083 0.6374649107456207 1.965850919485092 0 0.1234006732702255 10.74901252985001 0 44.37856689095497 557.8412620052695 2.173606619238853 43.53967338055372 0 5.893120273947716 73.52544189989567 173.4882865920663 21.95555253326893 0.3880353271961212 116.0351398140192 2424.951721489429 16.58638389408588 3.812821961939335 10.84339978545904 0.1889618337154388 0 0 19.95118310302496 6.809523463249207 254.7286976724863 109.7296596542001 166.5786311328411 132.6041385754943 1.028024658560753 0.2552153170108795 0.4075869470834732 1.36750790476799
5.715353041887283 0 4.157307922840118 1615.753825828433 2.387328937649727 45.01048392057419 348.6531402617693 78.65923660993576 677.3419741541147 3506.652332246304 0.714783176779747 2216.400469914079 0.2582678347826004 46.98560637235641 66.88890940696001 0 0.4773177653551102 0.1320741325616837 0.7638400048017502 2414.275361083448 0 0.2736898362636566 2.446740180253983 1767.631161466241 0 0.9115547388792038 10.52569940686226 8535.302006118 109.5587851703167 0.3182898908853531 0.1244872063398361 12.0929299518466 3.077576197683811 15.4935090020299 9.991537019610405 296.1307357251644 3.27034755051136 80.9680408090353 30.56215915828943 188.2621776759624 28.74714866280556 0.8457469046115875 5.582117542624474 0.249064527451992 0 0.1743732094764709 69.77653717249632 1.682472430169582 6.33631756156683 56.38173568248749 0.8353494703769684 82.66331724822521 119.1030459627509 0 54.08366315066814 0 4.439235374331474 10.4036880210042 0.729791671037674 0 0 0 170.1315383464098 0 0.281340554356575 0 284.9144156873226 0 0.3405491262674332 0.901058241724968 207.4185950160027 1.353314340114594 1.453168444335461 0 0 0.5017976835370064 0.3909076303243637 0.4494446218013763 63.33924286067486 0 4.778109133243561 1.005778074264526 139.3252257630229 3.22621214389801 0 0.4347073137760162
7.546049870550632 0.5673447251319885 1.204696252942085 2.387328937649727 0.7807664573192596 282.8818681016564 13.30894315242767 75.24455619603395 61.69563040882349 32.09488686919212 36.47479182481766 180.7386071830988 7.222459882497787 61.66281700879335 2343.174249976873 0 1.765449047088623 2.241759330034256 2.130584768950939 17.46321458369493 0.1078641340136528 1.472192421555519 1.058837048709393 27.35178066790104 2.080260694026947 4.414544381201267 3.86841407418251 9.504217475652695 14.03301461040974 0.7755019292235374 1.525762848556042 7.939767189323902 1.165141060948372 54.1932423338294 0 42.33763857185841 2.897901467978954 83.60107737779617 4.101486966013908 936.5302342548966 78.08425689488649 6.7664924710989 0.566053606569767 0 0 0.1241561770439148 0 0 0 0.1809107065200806 0 1.503888107836246 0.7167177796363831 0 0.264085590839386 0 0 0 0.08513304591178894 0 0.1321844458580017 0 1.361026331782341 0.387964740395546 0 0.1951675713062286 4.603830143809319 0.1772993057966232 0.2090402394533157 0 2.349486604332924 0 0.09626424312591553 0 0 0 0.093129001557827 0 2.460177347064018 0.124225951731205 0 0.1335533261299133 0.8280218541622162 0.7145086526870728 0 0
41.53540497273207 0.4603951424360275 397.7766616865993 45.01048392057419 282.8818681016564 15887.29078350961 4980.255699262023 8243.81569558382 49.52005215734243 9670.609800614417 203.5506091043353 4084.745727404952 40.72924014180899 666.8551953956485 1851.319981083274 1.202022895216942 86.35902688652277 15.49243322014809 54.27759452909231 346.9949212521315 25.07671907544136 0.7855418547987938 387.5423213914037 163.7779091373086 4.538313366472721 79.82086355984211 83.22401279956102 1835.130278684199 302.607229359448 24.41116692125797 8.471892178058624 374.7209602668881 5.769957184791565 431.7733165174723 13.76578389108181 419.2301568463445 42.86331678926945 687.32836253196 107.3025635033846 2400.756038963795 529.4546659290791 43.70462463051081 19.05410196632147 0.2003436237573624 0.5429838299751282 3.462768636643887 2.344305790960789 0 0.8367341607809067 3.497211799025536 0 4.612395033240318 2.311306767165661 0.1517028659582138 2.819786384701729 0.3165818229317665 0.3756909072399139 0.3840987980365753 3.149021320044994 0 0 0.2983397394418716 3.815811827778816 0.4863212704658508 0.2322646230459213 4.476427331566811 40.14750768244267 0 1.529216349124908 8.67678402364254 24.00824040919542 0.950703851878643 1.634506791830063 0.2023332640528679 0 0 0.9701382219791412 0 6.471895270049572 0.7134283483028412 3.145653642714024 1.251329392194748 3.500673219561577 0.1793639212846756 1.226117536425591 0.9325725734233856
5313.327396936715 4.110424019396305 1704.780873075128 348.6531402617693 13.30894315242767 4980.255699262023 19289.72883879393 5635.917166106403 697.4569718018174 11120.3768710196 24.39951450377703 175.3732430487871 2.631956003606319 12252.63326966763 41.1637828797102 191.7432061359286 357.6580665186048 22.2762426584959 85.93597189337015 395.2579931542277 810.5806476548314 30.86170102655888 5174.907528087497 5238.82122541219 0.1432499140501022 172.6359588950872 1614.890101112425 25768.61519250274 1839.323440380394 6510.769498154521 1.877996556460857 110.3972666412592 37.17398358136415 215.5646953955293 77.09540204703808 1480.375978179276 73.71754924207926 675.7603126764297 295.6886408478022 384.7454241961241 202.5668654665351 2.942505411803722 43.17332646250725 1.639841794967651 3.376425072550774 19.604277305305 53.05519042909145 0.7380789890885353 14.78507605940104 98.30307961255312 5.007576897740364 178.9680020064116 94.20753929764032 0.4432820379734039 33.26648485660553 0.1204348430037498 8.555511616170406 5.661528870463371 46.47310849279165 2.569363251328468 0.3886639773845673 0.7528960704803467 95.49464746564627 10.64612158387899 6.264950126409531 59.7189731374383 718.4770908281207 0 4.333669900894165 70.7633098885417 440.2964545637369 17.1317104101181 41.18478148430586 0.1708996146917343 0.1317793875932693 1.654610760509968 3.872583389282227 0 109.6368136927485 4.321738287806511 27.74425035715103 7.886145368218422 52.78323349356651 14.88138727843761 1.925602912902832 2.973958820104599
243.1735555827618 2.311612263321877 1384.597692757845 78.65923660993576 75.24455619603395 8243.81569558382 5635.917166106403 11431.9486849159 65.24114470928907 5101.882426679134 443.0376253128052 939.6018028184772 52.23516373336315 6524.006745927036 109.6113807633519 3.244677610695362 728.0746642574668 125.171937443316 463.0147242993116 216.6066647768021 97.45465483516455 3.715926475822926 1510.427560314536 288.3912122398615 5.333847172558308 340.3565907031298 303.2617923989892 865.7340641543269 392.6666742488742 297.7881889045238 16.19537419825792 313.711367957294 15.16631429642439 539.4060207083821 6.392828673124313 319.7332329303026 157.6333652511239 976.6652865558863 198.6276681423187 711.029048666358 146.3988067656755 39.90366689860821 6.807266622781754 0.7992102205753326 0.7978873997926712 5.251513808965683 2.0719163864851 0 0.379740297794342 7.618119187653065 0.2159969806671143 8.950565092265606 2.082640677690506 0 1.082357607781887 1.272718757390976 0.6693394929170609 0.2731668800115585 7.553208120167255 1.43538299202919 0.3541333675384521 0.3185413330793381 2.0900789052248 3.278117097914219 0.6324502825737 8.355486862361431 73.82324960827827 0.3303339779376984 5.701291650533676 20.81611189991236 46.55695840716362 3.275067761540413 10.67813542485237 1.178750261664391 0 0.1910363137722015 1.180590726435184 0 12.16733109205961 1.806085377931595 3.538259916007519 2.072731450200081 4.422013387084007 1.443949609994888 1.265878975391388 0.4266268014907837
39.00833997130394 411.012211881578 5.368899658322334 677.3419741541147 61.69563040882349 49.52005215734243 697.4569718018174 65.24114470928907 1521.137086182833 354.9208000972867 4.657027147710323 236.672931343317 7.413155347108841 82.42577747255564 904.4223914891481 157.7762485519052 6.113911673426628 3.094345331192017 2.315383814275265 893.1929351389408 81.62949402630329 3119.344559803605 14.13454431295395 12831.34071056545 27.15924349427223 19.0791122764349 1260.075679630041 1167.103176675737 320.297294870019 439.1055556386709 7.623178988695145 11.5295333340764 37.54739455878735 37.34689009934664 24.60472218692303 651.7942449599504 32.69743621349335 187.1777105480433 93.14021135121584 589.0088790506124 30.82634588330984 1.355280563235283 12.18163929134607 8.528539322316647 7.205354899168015 5.117013588547707 60.67262497544289 2.843484878540039 7.395771659910679 54.62758680433035 2.893317647278309 68.64463939517736 87.3321450650692 0.8267717212438583 78.24052135646343 0.7281472980976105 10.75878113508224 24.87108747661114 118.8905356824398 2.894861355423927 0.7911382392048836 1.84578013420105 122.3879927247763 40.48611561954021 18.35354705154896 2.92526912689209 1267.354561701417 0.4805440306663513 15.88994047045708 36.16002085059881 381.8711765483022 35.55842144787312 116.8652675002813 0.5390847772359848 0.1165952309966087 3.588812120258808 7.111964993178844 0.402095653116703 96.40878196805716 1.23399493843317 26.55871223658323 4.010330975055695 104.1493204832077 2.843755662441254 0 1.226601764559746
28.28991559892893 0.5399176478385925 204.3763467818499 3506.652332246304 32.09488686919212 9670.609800614417 11120.3768710196 5101.882426679134 354.9208000972867 28712.98552846909 66.82713767141104 4450.83244690299 12.87150961905718 1370.893238931894 44.37847506254911 1.576357394456863 9.559470668435097 6.226143166422844 9.779302790760994 3404.247553467751 16.66965804249048 0.9803976267576218 221.0553344190121 838.4582802578807 0.389288917183876 39.39403925091028 71.84588351845741 4853.368615344167 956.8592288717628 6.616961173713207 2.486982978880405 252.0485720708966 9.148902155458927 319.025252699852 100.9807496368885 1629.927967868745 41.58832409232855 1274.682950600982 239.2839589938521 659.5253745615482 611.85294585675 13.21265202015638 95.8629714474082 0.9021815583109856 0.679220587015152 0.9156201630830765 95.40447008609772 1.937947645783424 18.73684412240982 150.9641600623727 2.82075771689415 120.9440321326256 177.7887580320239 0.453450933098793 57.19969447702169 0.2463054805994034 4.534778237342834 10.31776823103428 1.894123829901218 0.2339468151330948 0 0.1339603811502457 184.0084689259529 0.2383060306310654 1.914630547165871 3.593663528561592 704.3036689981818 0.310837984085083 1.467200882732868 7.297135889530182 446.0455455183983 6.577517591416836 3.212348461151123 0 0.2539643049240112 0.9576280266046524 2.830513276159763 3.516302138566971 91.84229526668787 0.6251509487628937 14.39349339902401 2.4885074198246 122.3261439874768 3.724214941263199 0.3340547382831573 0
83.48794181644917 132.2300297692418 30.45309403538704 0.714783176779747 36.47479182481766 203.5506091043353 24.39951450377703 443.0376253128052 4.657027147710323 66.82713767141104 12533.69799436629 72.57271073013544 3408.012501083314 327.4200536906719 0.2797173857688904 1.918694496154785 1189.312351867557 2914.515332914889 366.4250031933188 15.3521134480834 62.02435959130526 16.11262633651495 192.8352147191763 16.71456115692854 760.5401521921158 2880.62275224179 1402.099764853716 17.31349705904722 498.159967340529 62.99080937355757 1693.704749792814 662.4984483197331 28.1558850929141 10374.60707519203 9.969160616397858 568.3448666036129 5586.436679266393 4914.148745819926 197.7400132790208 41.68623268604279 152.3579845130444 781.1443926095963 6.26509915292263 0 101.0613585188985 2.169000267982483 0 0 0 0.900205098092556 0 0.8034474402666092 0.220549076795578 327.1525934115052 1.313781142234802 1579.272492565215 0.14361771941185 0 0.5024916231632233 0.9710818976163864 20.82276330143213 7.384859591722488 0 0.1267028301954269 6.119807660579681 0.3762100040912628 8.212950147688389 526.3745439425111 351.1716919392347 532.5906485915184 4.02495926618576 0 0.1336743831634521 247.2789834216237 0 0 0.8562003374099731 2.109290197491646 16.86135017871857 536.9665065407753 10.84082765132189 2.091918751597404 0.7580364421010017 0 332.5331982895732 0.4287225306034088
0.8055066838860512 1.32588355243206 0.482744574546814 2216.400469914079 180.7386071830988 4084.745727404952 175.3732430487871 939.6018028184772 236.672931343317 4450.83244690299 72.57271073013544 13309.37629067153 11.83200990408659 210.0833878293633 1868.440983742476 0.2205974906682968 0.7914520055055618 3.654776304960251 2.390138164162636 10721.73731312901 0.2725048810243607 10.82484321296215 1.024957567453384 640.1079509556293 0.8944334611296654 13.37424839287996 20.10791923850775 1009.198850907385 270.8859256356955 0.4754127860069275 4.076084308326244 466.5074620172381 0.6780139952898026 306.4611669480801 14.60290230810642 769.1622327193618 11.59922891110182 623.594956189394 44.729755602777 3195.328736141324 290.3810806944966 11.26157680153847 23.89442491531372 0 0 0 52.61846430599689 0.1847992092370987 3.623192846775055 8.593293264508247 0.3958152085542679 12.92569211125374 79.27857577055693 0.2832168489694595 79.84717155992985 0.7567313611507416 0.4982958063483238 9.65480200946331 1.382995575666428 0.1021092012524605 0 0 60.18402472138405 0 0 0 73.40974979102612 0.311013787984848 0.5537628531455994 1.431597165763378 67.18370975553989 0.8221953511238098 1.329316601157188 0.181282177567482 0 0 0.1478351950645447 0 47.50386427342892 0.415899470448494 3.84791587293148 0 86.08776608854532 0.4964510053396225 0 1.323215655982494
0.8151548206806183 720.6909460574389 0.4807242602109909 0.2582678347826004 7.222459882497787 40.72924014180899 2.631956003606319 52.23516373336315 7.413155347108841 12.87150961905718 3408.012501083314 11.83200990408659 1160.589406982064 15.85510692000389 0.5970518589019775 1.424296289682388 1.407143980264664 10.63937526196241 2.171603880822659 2.607249014079571 0.821532316505909 67.42307525128126 2.556858338415623 13.65276998281479 3155.239077374339 46.15340495854616 2558.59279178828 5.126768067479134 14.33698146790266 2.747187323868275 555.8753657788038 61.98081885278225 1.452986136078835 1755.596015751362 0.3901399374008179 269.6786843687296 3515.844224922359 1768.113242849708 77.33232989907265 17.21173441410065 120.3551627397537 934.5203964561224 0.3089064061641693 0 202.4475233778358 0.136977881193161 0 0 0.1156929358839989 0 0.2378940135240555 1.368064887821674 0 516.7310597002506 0 2912.542550772429 0 0.5561630874872208 0.1425647437572479 0 7.092406302690506 1.105651751160622 0 0 10.51392716914415 0 1.855408936738968 1689.988920807838 268.2931974306703 667.989416949451 0.2432037517428398 0 0.2425034642219543 329.3077201396227 0 0 0 0 65.50665432214737 422.5841887891293 9.813791684806347 0 8.657220005989075 0 395.355438105762 0
2597.00251069665 3.271491572260857 877.3955900371075 46.98560637235641 61.66281700879335 666.8551953956485 12252.63326966763 6524.006745927036 82.42577747255564 1370.893238931894 327.4200536906719 210.0833878293633 15.85510692000389 12182.73160289973 8.188953571021557 6.060117818415165 1054.030419565737 159.587211124599 541.0596053004265 92.98102252185345 104.5873162150383 5.826072327792645 1206.682711988688 302.7686736807227 2.15303860604763 279.0340269654989 240.7150132060051 607.8262121453881 4371.281843259931 1194.412123389542 9.443667933344841 888.0161225125194 35.27932131290436 590.2930820509791 2.525115206837654 123.4124839380383 61.76222036033869 896.2657148838043 103.7188207656145 82.00102116912603 44.1911413371563 4.343060702085495 2.743537858128548 0.9382835179567337 0.4581916183233261 6.185253582894802 2.197500601410866 0 0 5.9180993065238 0 13.28557997196913 0.4627687931060791 0 0.636464461684227 0.5125146955251694 1.409801743924618 0 8.657093115150928 1.138722002506256 0.4957304075360298 0.1446642726659775 2.274950869381428 4.126950107514858 0.291159451007843 3.7439925968647 74.35703531652689 0 5.934186331927776 14.21664864569902 44.73333090543747 5.801072672009468 18.24396801739931 0.1235053688287735 0 0 0.9035464078187943 0 14.99150554090738 1.083592668175697 5.243383578956127 0.1142834424972534 2.398117825388908 0.3338346481323242 0.8748484700918198 0.4028241634368896
0.3526013940572739 7.903606772422791 1.703521527349949 66.88890940696001 2343.174249976873 1851.319981083274 41.1637828797102 109.6113807633519 904.4223914891481 44.37847506254911 0.2797173857688904 1868.440983742476 0.5970518589019775 8.188953571021557 293.9202828332782 0.6839941740036011 0.4052759408950806 0.540996290743351 0.4464103430509567 353.2796586379409 0.1503690034151077 56.62671726197004 1.700390107929707 974.1087749227881 0.4345096424221992 1.111128248274326 64.78542491793633 51.72197673469782 15.4521661773324 0 0.1123344153165817 22.76150458306074 1.001732632517815 2.382145501673222 0.569877952337265 441.3765081018209 1.250683203339577 8.898165054619312 4.002682536840439 1809.26675940305 43.35505474358797 6.347256198525429 0.1460177600383759 0 0 0.119721308350563 11.69558627903461 0 0.3982990235090256 1.954008221626282 0 2.980114057660103 6.336307674646378 0 10.80311544239521 0 0 0.9724575132131577 1.530865252017975 0 0 0 14.08375243842602 1.233957409858704 0.4838453978300095 0 16.15417013317347 0.1283972263336182 0.6004625037312508 1.543133161962032 15.28349926322699 0.141875684261322 1.736374795436859 0 0 0 0 0 41.56983532011509 1.773494362831116 0.3980321288108826 0.4197674989700317 58.24175582826138 0 0 0
5.757467478513718 89.49856871366501 7.198647081851959 0 0 1.202022895216942 191.7432061359286 3.244677610695362 157.7762485519052 1.576357394456863 1.918694496154785 0.2205974906682968 1.424296289682388 6.060117818415165 0.6839941740036011 1112.312829092145 10.76900992542505 0.9107795208692551 3.310319624841213 0.3400498330593109 2927.211797721684 4310.183161556721 3121.267407231033 2940.796326860785 4.878194145858288 8.617422543466091 4971.521755374968 3573.724433377385 60.23944936692715 519.095297075808 1.707882210612297 0.6188456937670708 26.08150787651539 132.8072152882814 28.07834650576115 2596.931799553335 596.5916527733207 1036.618492260575 1366.030314467847 57.33226999640465 8.297696299850941 4.208984106779099 26.00558061152697 12.01628933846951 2.311827346682549 25.01238949596882 0.1410634070634842 0 2.224444501101971 60.26500547677279 4.127036243677139 33.88635914772749 2.087384447455406 2.842137664556503 0 0 11.68453105539083 0.09989685565233231 4088.788755781949 36.67205492407084 1.281853251159191 5.449272930622101 0 1031.487561650574 698.6413230895996 2680.773091726005 296.1550896465778 0 7.088347569108009 321.9732987433672 183.1896533593535 60.89706790447235 417.8567876443267 0 0 4.564292833209038 26.07487800717354 9.544766686856747 747.3376022651792 92.87609232962132 178.204216375947 176.4422349184752 19.9409612044692 4.086525365710258 2.135237157344818 10.93855404853821
468.9500886052847 16.21752628684044 5698.950215674937 0.4773177653551102 1.765449047088623 86.35902688652277 357.6580665186048 728.0746642574668 6.113911673426628 9.559470668435097 1189.312351867557 0.7914520055055618 1.407143980264664 1054.030419565737 0.4052759408950806 10.76900992542505 1045.709007516503 1129.740146547556 5928.528136104345 0.7064112722873688 412.3400760218501 12.49732473492622 6824.707579165697 32.58769273012877 2.836164563894272 5340.521626017988 7226.042896360159 160.0357809886336 771.1268225237727 1201.16267323494 10.09164670854807 14.29908135533333 26.92820278555155 1508.26250576973 4.364681489765644 442.3267589136958 1711.291969016194 693.1693199947476 128.549629881978 5.332067042589188 3.041279688477516 2.054242089390755 2.342534355819225 1.95696447789669 15.22759681940079 183.811052493751 0 0 0.1348177492618561 2.370958864688873 1.477333910763264 0.4076942950487137 0 1.573124699294567 0 1.512584440410137 4.211393386125565 0 8.249289773404598 109.8752155452967 4.869321063160896 66.06144663691521 0 3.528904482722282 4.166957221925259 6.87059772759676 8.475957445800304 0.9571748971939087 270.5267073214054 457.5404418557882 3.710245534777641 2.784723579883575 6.854092434048653 2.211015529930592 0 0 4.738201446831226 0.6638433486223221 37.78683844208717 14.58320501446724 25.2850007712841 16.06781972199678 0.4459159076213837 0 3.004687786102295 0.1129322499036789
90.05396571010351 67.54752640426159 102.4042210131884 0.1320741325616837 2.241759330034256 15.49243322014809 22.2762426584959 125.171937443316 3.094345331192017 6.226143166422844 2914.515332914889 3.654776304960251 10.63937526196241 159.587211124599 0.540996290743351 0.9107795208692551 1129.740146547556 1221.593612603843 1656.562070302665 1.341473110020161 34.2274254411459 17.55507166683674 203.6678026095033 8.692643687129021 65.76334583759308 3689.354934312403 663.6825851276517 7.105995394289494 233.2919729724526 73.0157800167799 94.65743692219257 32.88437365740538 11.45078506320715 1009.27934024483 5.939156033098698 570.391499504447 1262.192964352667 1709.163401260972 119.0846236497164 5.538140699267387 3.501229174435139 30.0836344063282 2.106933370232582 0 45.93921206146479 2.950014837086201 0 0 0 0.2304949313402176 0.1219955533742905 1.886244356632233 0.2561632990837097 77.47306746244431 0.3344251736998558 120.1976852864027 0.9696746319532394 0 0.864112064242363 2.216395258903503 56.46593198925257 20.989989772439 0 0.1688760221004486 1.941518910229206 0.3053717464208603 1.885576419532299 28.92637112736702 501.8238025680184 428.6164253056049 0.1086006313562393 0.1354883909225464 0.7314935177564621 132.8804551288486 0 0 1.775342248380184 1.042428895831108 12.82129484415054 288.2986489832401 14.66365049779415 3.557894855737686 0.3192697316408157 0 11.05436758697033 0
264.077603623271 23.74184189736843 790.9046761319041 0.7638400048017502 2.130584768950939 54.27759452909231 85.93597189337015 463.0147242993116 2.315383814275265 9.779302790760994 366.4250031933188 2.390138164162636 2.171603880822659 541.0596053004265 0.4464103430509567 3.310319624841213 5928.528136104345 1656.562070302665 1088.375275745988 0.9736304804682732 71.69738072901964 7.470187343657017 1042.453443422914 7.802729062736034 6.30541630089283 8228.078769512475 1383.502620756626 27.68189819902182 561.4287268519402 238.9060490950942 11.47395732998848 31.38284746557474 23.07886804640293 1480.285502627492 8.237400822341442 543.6496405899525 806.5729103758931 1473.915368236601 147.5449557080865 6.966911450028419 2.135403037071228 8.398031458258629 2.761821880936623 0 16.57008492946625 19.6724786311388 0 0 0 0.09120086580514908 0 1.792931959033012 0.09915947914123535 10.97327641397715 0 11.04371382296085 0.4376784712076187 0 1.050826273858547 19.6805197969079 23.7807685136795 38.89049924910069 0 0.2684574201703072 1.288524709641933 1.952297545969486 3.357150584459305 1.925726480782032 320.8686537668109 334.9171526134014 2.522234134376049 0.9380569085478783 0.7946174666285515 18.57762611657381 0 0.1746836155653 3.786331064999104 0.2471633702516556 12.95539556443691 60.34692111611366 19.66028122603893 5.272444069385529 0 0 0.538790225982666 0
9.496629573404789 0.3158023953437805 4.639616943895817 2414.275361083448 17.46321458369493 346.9949212521315 395.2579931542277 216.6066647768021 893.1929351389408 3404.247553467751 15.3521134480834 10721.73731312901 2.607249014079571 92.98102252185345 353.2796586379409 0.3400498330593109 0.7064112722873688 1.341473110020161 0.9736304804682732 721.0670928508043 0.2490257248282433 1.226667411625385 2.682619735598564 1497.262156113982 0.4564638957381248 3.984248399734497 9.53827690333128 2662.539204113185 234.1865788921714 0.711480937898159 0.7299545556306839 70.55392355471849 2.604368880391121 74.6855916082859 20.60188263654709 753.4690719619393 11.71423978358507 279.9640231356025 71.30358720570803 930.4543152377009 105.9980281367898 2.745080009102821 21.97522708773613 0.6825563311576843 0.3808971494436264 0.3714268058538437 120.0588548183441 2.792271837592125 12.5246642306447 87.51724115759134 1.110663175582886 102.683205448091 178.4721157327294 0 96.92079427838326 0 1.527344107627869 22.42098184674978 0.4391371607780457 0 0.1010349541902542 0 218.0387514531612 0 0.6140486747026443 0 536.5335274934769 0 0.4517390131950378 0.928180143237114 353.4915809258819 7.201367720961571 5.482603058218956 0.1886844336986542 0 0.2954698801040649 0.4717943370342255 0.9726303666830063 126.0607495903969 0 6.045674957334995 0.9171144887804985 223.1243716478348 0 0.3945609927177429 4.117675229907036
19.57518726587296 2.278098724782467 728.3715068772435 0 0.1078641340136528 25.07671907544136 810.5806476548314 97.45465483516455 81.62949402630329 16.66965804249048 62.02435959130526 0.2725048810243607 0.821532316505909 104.5873162150383 0.1503690034151077 2927.211797721684 412.3400760218501 34.2274254411459 71.69738072901964 0.2490257248282433 15221.40928835422 55.94967265427113 21568.62949162722 225.1765861362219 0.6867240443825722 118.2679616585374 1356.494044795632 5968.756661899388 171.4804106131196 9556.058173179626 1.71043299138546 6.163623139262199 97.63674907386303 3232.330818042159 65.32430972903967 6476.092184774578 1323.793345056474 6678.960353404284 2537.539700575173 104.1699097603559 16.16505040973425 9.463674888014793 53.26304346323013 10.1314562484622 0.426939882338047 9.811024099588394 0 0 0.9269927144050598 19.28002017736435 3.879426322877407 18.57508701831102 0.5646827667951584 1.314699307084084 0.12129245698452 0.5742409527301788 11.1859590113163 0 478.0123349875212 9.22500915825367 0.0863436758518219 1.943018361926079 0 293.1383484601974 45.8045104816556 91.07104679197073 233.1363627165556 0 1.932688124477863 32.70579962432384 156.2245921194553 66.09064792096615 301.0646116062999 0.1435607969760895 0 4.189701274037361 9.814581654965878 1.916624799370766 135.6190485060215 4.246315740048885 29.69251969456673 12.50227919965982 4.692468903958797 0.1229109391570091 0 2.251417972147465
2.663210548460484 2798.599431306124 15.02657733857632 0.2736898362636566 1.472192421555519 0.7855418547987938 30.86170102655888 3.715926475822926 3119.344559803605 0.9803976267576218 16.11262633651495 10.82484321296215 67.42307525128126 5.826072327792645 56.62671726197004 4310.183161556721 12.49732473492622 17.55507166683674 7.470187343657017 1.226667411625385 55.94967265427113 1346.562264822423 133.4404385536909 9618.699193455279 404.3146760910749 93.38475397974253 6095.996608607471 260.6275544017553 20.46646615117788 51.00954098254442 41.86681390553713 0.9113482087850571 5.54636511951685 17.51502978801727 2.610140770673752 78.3837778121233 38.82426849752665 69.84174552559853 20.67207786440849 61.42614690959454 1.612020798027515 5.626488253474236 1.177691593766212 2.287239909172058 31.51329290866852 314.9605831056833 0 0 1.650909602642059 24.36717952787876 3.721689641475677 4.308491848409176 0.2014435529708862 3.09901587665081 4.946014016866684 0.8975187093019485 4.800348237156868 0.1039580404758453 1467.409931302071 66.89554203301668 2.535778604447842 7.746359556913376 0.2635397613048553 174.3655133321881 92.42785014212132 757.5919492915273 114.1819812729955 0.3275551348924637 51.98112101852894 1909.090637534857 39.62187865376472 7.68026228249073 51.19792786985636 1.438068419694901 0 0.3890246748924255 9.831990443170071 2.405170105397701 239.0695814490318 54.10977724194527 82.09705363959074 97.52503330260515 8.761439003050327 0.5745401531457901 0.8629838079214096 1.494593590497971
200.6503662541509 2.782790541648865 18656.62250315398 2.446740180253983 1.058837048709393 387.5423213914037 5174.907528087497 1510.427560314536 14.13454431295395 221.0553344190121 192.8352147191763 1.024957567453384 2.556858338415623 1206.682711988688 1.700390107929707 3121.267407231033 6824.707579165697 203.6678026095033 1042.453443422914 2.682619735598564 21568.62949162722 133.4404385536909 28315.85604648292 254.1169473752379 2.47490806132555 1721.357334941626 19896.51724332571 4763.321814142168 296.1323551610112 6533.8693690449 9.383159779012203 13.74967171251774 37.16422633081675 3207.557473324239 84.95813226699829 9798.192028991878 4270.877252809703 11631.42757613212 8848.129744611681 361.8388990461826 63.6466610878706 31.95660058408976 108.3088219761848 4.932388879358768 3.458612978458405 339.5206355676055 0.2122736573219299 0 9.778598688542843 102.6683739349246 15.10921872407198 4.856307648122311 2.900929242372513 3.133365020155907 0 0.1530674695968628 13.89969033747911 0 1589.656933628023 46.15572530776262 0.6145696491003036 3.983626298606396 0 355.8173194006085 218.4839440360665 2140.350791737437 75.38271518796682 0.1526423096656799 15.38960970193148 1073.067670941353 66.71062429249287 26.69293528050184 146.1976684778929 0.8720109611749649 0 2.159341029822826 18.88426370173693 15.53821345418692 462.3781283795834 79.20151233673096 165.1184619516134 176.2869723811746 7.769093550741673 3.9383225440979 2.264275625348091 5.513536781072617
107.0017746761441 1179.730958178639 64.57701589167118 1767.631161466241 27.35178066790104 163.7779091373086 5238.82122541219 288.3912122398615 12831.34071056545 838.4582802578807 16.71456115692854 640.1079509556293 13.65276998281479 302.7686736807227 974.1087749227881 2940.796326860785 32.58769273012877 8.692643687129021 7.802729062736034 1497.262156113982 225.1765861362219 9618.699193455279 254.1169473752379 10933.13973924518 75.69879316538572 59.69404283165932 6206.754137724638 8817.042323678732 1308.37530426681 353.0394454672933 15.57415576279163 50.14641704410315 155.006942898035 239.2605725452304 117.343499392271 2631.2696050331 79.09374858438969 1010.265397079289 457.9582264199853 784.7702420130372 124.8369482532144 5.642159506678581 45.02799120545387 25.67300251871347 17.19442175328732 21.36641404032707 188.3739461675286 3.347156390547752 40.59434746950865 357.4847264438868 21.30938519537449 1026.281017027795 305.2311975359917 6.201217882335186 147.5096141174436 0.411558210849762 38.86904398351908 26.04760812968016 349.4249966070056 10.78516975045204 2.224624276161194 6.351186722517014 362.7314623519778 154.4529936611652 70.54753567278385 49.09395226836205 3622.070026814938 0.7217560634016991 33.0749464854598 109.5673227161169 1923.321196317673 120.5201269835234 394.7060995921493 1.307849086821079 1.797914557158947 12.27740465849638 25.55386243760586 6.222933419048786 546.5412108525634 7.26842774450779 137.929102435708 28.07602439075708 428.5136515498161 31.96675553917885 4.864367678761482 8.418243356049061
0.273793064057827 1306.083823516965 0.1265905648469925 0 2.080260694026947 4.538313366472721 0.1432499140501022 5.333847172558308 27.15924349427223 0.389288917183876 760.5401521921158 0.8944334611296654 3155.239077374339 2.15303860604763 0.4345096424221992 4.878194145858288 2.836164563894272 65.76334583759308 6.30541630089283 0.4564638957381248 0.6867240443825722 404.3146760910749 2.47490806132555 75.69879316538572 555.6441903635859 282.0316576138139 2754.43467631191 5.577471941709518 2.349510908126831 0.2386388555169106 391.8271578252316 5.952405214309692 0.1292812675237656 1001.915355913341 2.678353503346443 70.34186770021915 597.9050414264202 504.5479844734073 49.89917495846748 3.801920220255852 35.71542923152447 1500.793540149927 9.939361810684204 0 123.7553955167532 0.8483729213476181 0 0 0 0.1232437491416931 0.1232230812311172 1.672499813139439 0 157.394752047956 0 1028.665974296629 0.7076776847243309 0 0.8839815035462379 0.6849967837333679 28.45925962179899 5.246637314558029 0 0 8.794353544712067 0 1.134625598788261 375.0412201285362 282.7507378757 795.3526435568929 0.5106419771909714 0.3708426803350449 0 152.4375855028629 0 0 3.094622626900673 0.4893141388893127 26.80073373019695 83.96681503206491 20.63126176595688 6.799444898962975 0.1520705819129944 0 50.25572896003723 0.3078722059726715
72.61723985522985 364.0126013606787 10658.22827742249 0.9115547388792038 4.414544381201267 79.82086355984211 172.6359588950872 340.3565907031298 19.0791122764349 39.39403925091028 2880.62275224179 13.37424839287996 46.15340495854616 279.0340269654989 1.111128248274326 8.617422543466091 5340.521626017988 3689.354934312403 8228.078769512475 3.984248399734497 118.2679616585374 93.38475397974253 1721.357334941626 59.69404283165932 282.0316576138139 29732.58972789347 8025.022749111056 37.70299590379 218.9264909401536 82.74977387487888 557.0283043086529 105.6213135644794 12.37982318550348 2758.585156418383 34.1452879011631 2448.729735739529 3685.528324656188 6155.867485433817 713.4950261563063 37.2114624902606 13.57196579873562 64.28803005069494 13.80636440962553 5.485975533723831 344.3872478380799 422.7409551441669 0.4664192497730255 0 0.5978805422782898 9.448632396757603 3.741809606552124 2.75819256901741 0.6377194598317146 208.5953738987446 0.3654865026473999 424.0600749626756 8.800072960555553 0.2507029101252556 15.7153472751379 252.0221547782421 223.8151774406433 309.6043581515551 0 1.235651977360249 15.43424754589796 14.55599167943001 26.03990680724382 166.381222859025 2822.264195375144 3758.122619830072 5.326065927743912 8.290492795407772 11.76012069731951 402.89613096416 0.2443046867847443 0 28.88507885485888 5.325478851795197 135.6776275485754 652.0859332084656 142.4408180192113 59.55138422548771 1.315545871853828 1.021447710692883 20.52856038510799 0.8260281682014465
64.134900867939 6851.148350574076 5501.697844438255 10.52569940686226 3.86841407418251 83.22401279956102 1614.890101112425 303.2617923989892 1260.075679630041 71.84588351845741 1402.099764853716 20.10791923850775 2558.59279178828 240.7150132060051 64.78542491793633 4971.521755374968 7226.042896360159 663.6825851276517 1383.502620756626 9.53827690333128 1356.494044795632 6095.996608607471 19896.51724332571 6206.754137724638 2754.43467631191 8025.022749111056 24407.61644687504 3638.517917208374 188.9980129152536 228.2684240192175 1109.555788636208 62.98836481571198 21.02896765619516 3389.389341108501 130.8893114700913 8479.83955424279 5615.816535577178 12698.82131515443 4314.36040686816 353.5911378860474 66.54415518790483 242.3982447907329 81.04935399442911 28.3708653151989 2719.088293164968 4877.879279106855 0.7303027957677841 0.1386682838201523 10.72605247795582 200.7662257626653 50.79317405074835 19.80544813722372 5.609282486140728 277.3417486101389 1.534559518098831 632.0035226717591 67.19712141901255 0.5286984890699387 1490.332384444773 1465.28852686286 347.1155988648534 833.1030737906694 0.3399442061781883 125.34371496737 1671.599496722221 2353.320844426751 253.4564045444131 393.3997927159071 6783.974720992148 18957.24224232882 150.0471333786845 43.88570699840784 133.0762697011232 511.8951482623816 1.480573698878288 2.483574233949184 135.4026600345969 28.49199916422367 1274.349712006748 1054.535991877317 916.6924520283937 643.2735594063997 22.47420018166304 4.814376845955849 41.87876790761948 11.87816353142262
227.3926158025861 23.13500942289829 280.3322083353996 8535.302006118 9.504217475652695 1835.130278684199 25768.61519250274 865.7340641543269 1167.103176675737 4853.368615344167 17.31349705904722 1009.198850907385 5.126768067479134 607.8262121453881 51.72197673469782 3573.724433377385 160.0357809886336 7.105995394289494 27.68189819902182 2662.539204113185 5968.756661899388 260.6275544017553 4763.321814142168 8817.042323678732 5.577471941709518 37.70299590379 3638.517917208374 20268.03793842345 1947.720388829708 11786.06280132383 1.235109888017178 86.2898458018899 352.5696455910802 916.0451222509146 192.5328673347831 4632.534551821649 136.8831125125289 2517.445355206728 968.0241744220257 456.0021475628018 250.2946317121387 22.08427259325981 84.10321768373251 17.57151983678341 3.090245380997658 9.360319778323174 73.73426852375269 0.6650802791118622 10.26864046603441 169.6037421748042 8.75372963398695 288.8711229935288 125.5514779910445 3.236035995185375 55.48760415613651 1.919138193130493 20.57069502025843 10.28894414752722 177.4214471429586 5.123021259903908 1.235429011285305 1.11574749648571 133.1438551843166 98.34209424257278 26.40709953010082 32.0052040591836 1611.060205049813 0.1494624316692352 6.336465314030647 36.79719506204128 985.7461605966091 87.84267673641443 365.7546995580196 0 0.8790075927972794 8.463103421032429 13.18313357234001 4.418707087635994 267.2647393643856 4.121164567768574 65.27953954786062 19.48890989273787 142.8183225691319 8.922778569161892 4.0868199467659 3.134874880313873
