808.2600283622742 0.5624924600124359 208.3677051961422 0.3254531770944595 0 8.87730623036623 3346.814051002264 237.6367335692048 5.252304583787918 214.1110980510712 39.23044408112764 0.4086945876479149 1.887230984866619 5473.244543544948 0 0.3684337884187698 271.1456428021193 35.17876586318016 40.4378918632865 0.6657020524144173 40.09363225102425 0 120.026300214231 28.5669449493289 0.3862128257751465 105.0356346964836 24.47974483668804 73.38712379336357 3873.615549720824 2919.781981498003 0.3196021020412445 12.99893205612898 66.78034789115191 205.537056684494 1.48356893658638 112.774669662118 8.924293845891953 144.4132697582245 28.94547989964485 1.322203509509563 0.4026387184858322 0.1787004023790359 1.13954970985651 0 0.2324921935796738 0.3745419457554817 0 0 0 3.674068942666054 0.1622956395149231 3.065333038568497 0 0 0 0 0.8489526361227036 0 10.27533373236656 0.5420663952827454 0 1.378319963812828 0 6.402690753340721 2.995775625109673 0.6458873674273491 14.04407484084368 0 3.933174684643745 5.643396303057671 13.29231788218021 0.8402806520462036 4.203943207859993 0 0 0 1.223612040281296 0 7.60552691668272 1.824525862932205 1.865391440689564 0 2.697239845991135 0 0 0
0.5624924600124359 178.3532617688179 65.38591726124287 0.5976393520832062 3.989253200590611 1.218217201530933 10.1780366897583 2.408008478581905 688.4276186600327 2.003924816846848 63.37047751247883 3.237134508788586 428.1661801785231 1.722076863050461 16.59314528852701 206.5521524250507 49.3590314462781 10.4431780949235 26.01872870326042 1.187231943011284 12.0733366087079 2600.454021379352 48.02325296401978 1159.704583354294 1993.653040163219 335.9260080456734 9994.975427307189 55.85020292550325 0.3824764639139175 4.724265746772289 11.90782429277897 0.1210567206144333 0.1506409645080566 112.1264729723334 0.6239882111549377 141.2160321101546 101.6866448819637 100.8413104638457 8.123796455562115 69.10788711905479 0.8340190351009369 106.5518582314253 0 0.5263490751385689 46.41516999900341 118.926134288311 0.113731749355793 0 0 13.02752193808556 1.94817279279232 3.106691092252731 0.1900034248828888 4.656845755875111 0 20.51491034030914 2.171745866537094 0 7.736971721053123 36.00959429889917 8.664006441831589 94.47514413297176 0.1112939342856407 2.166314281523228 8.204839050769806 3.295428529381752 11.17380296438932 17.40788492560387 700.1966626495123 1768.343815177679 2.004908159375191 1.488341882824898 3.665751621127129 5.885988585650921 0 0.4134902954101562 10.06852200627327 0.890856608748436 67.8848342448473 39.4772284924984 55.67788034677505 8.57920891046524 0.5786093324422836 0 0.1482306569814682 0.6463196873664856
208.3677051961422 65.38591726124287 8255.520681731403 2.986340537667274 0.1384281367063522 60.23109477758408 2189.353915289044 1053.727753259242 1.773021444678307 129.2546795755625 68.54046695679426 1.322574861347675 2.943731345236301 1205.317560203373 0 2.848786100745201 2847.662071086466 94.3511523976922 177.1727488413453 1.180483058094978 1343.255562596023 95.80804055929184 15047.41386832297 18.95761559903622 14.2302912324667 7070.163741387427 6916.071860827506 1042.500271253288 286.8664474338293 2176.223270349205 1.160877987742424 8.95562868565321 7.901117108762264 908.5065026208758 21.01323021948338 2808.054755017161 4144.231450647116 2960.604972630739 653.240898758173 177.365934766829 3.897746607661247 28.28663679212332 17.88250270485878 0 113.875962138176 1603.400861665606 0.2772290781140327 0 0 30.22160682827234 4.07438962906599 1.397266194224358 1.074288785457611 0.7338103950023651 0 3.521893918514252 3.573055654764175 0 26.10404974222183 93.79156073927879 0.4521337896585464 19.80327627062798 0 19.12879619002342 59.94256037473679 112.0294317752123 15.38430561125278 1.157115489244461 256.945907227695 3329.381467871368 17.37043397128582 0.620338037610054 5.100454062223434 0.3670360445976257 0 0 19.99014219641685 4.228080466389656 228.3666566088796 139.1415434628725 84.95938048511744 26.52257700264454 2.186802327632904 0 1.539555191993713 3.494076669216156
0.3254531770944595 0.5976393520832062 2.986340537667274 1589.269768029451 3.383668139576912 71.07938313484192 23.34233342856169 32.55296158790588 324.7291931062937 3505.693700961769 4.200991697609425 4010.35451951623 1.502915903925896 24.26024492830038 32.63748750835657 0.9929551184177399 0.2727157771587372 1.985085763037205 1.539846010506153 5703.220936976373 2.048960953950882 3.014341071248055 1.648327648639679 3275.475651562214 0.8296204209327698 4.682358153164387 8.920781277120113 2634.137474164367 35.84787701815367 0.9862404465675354 0.08888805657625198 2.321523085236549 1.486343957483768 16.87105552107096 2.793505132198334 407.4508815929294 2.853467851877213 73.70036487281322 13.52750413119793 378.5166106373072 0.6924239173531532 0.7067007422447205 1.466727539896965 0.9012996852397919 0 0 57.81760953366756 0.4413643628358841 2.05913744866848 51.0791095495224 2.413672670722008 119.8530040755868 30.60265741497278 0.282481849193573 50.90465949475765 0 2.999949112534523 3.904182881116867 2.002910763025284 0.2760459780693054 0.1254497319459915 0 26.82794697582722 0.9416860863566399 1.977734819054604 0.4653732478618622 90.70620730519295 0 0 1.179423898458481 166.5330754742026 6.009415745735168 1.780067652463913 0 0 0 0.9921957403421402 0 78.97039271146059 0 12.22228277474642 4.341919139027596 107.9005583226681 2.970500141382217 0 0.5804701447486877
0 3.989253200590611 0.1384281367063522 3.383668139576912 41.81924601644278 260.1376879885793 5.107578583061695 50.55403509736061 127.4817456826568 13.08730243891478 5.452448636293411 225.9386061131954 1.911718755960464 2.161443278193474 1813.443064488471 0 0.1038031503558159 0.1962547302246094 0.259509451687336 27.87146096676588 0 7.973658256232738 0 100.1569155827165 1.583077475428581 1.124835394322872 5.31788345426321 16.25918378680944 5.168207697570324 0.609086886048317 0.2505123391747475 134.6302440389991 0.1133463382720947 365.1529249101877 1.903703272342682 73.86590901017189 3.430075973272324 381.4124669730663 171.6641434133053 2793.835410617292 312.8736824393272 3.767410337924957 3.747617095708847 0 0 0 0 0 0 0.3210874795913696 0 1.464658409357071 0.1156010329723358 0 0.1441204100847244 0 0 0 0.1118064820766449 0 0 0 0 0 0.1210356280207634 0 0.1101461872458458 0 0 0 0.5192066356539726 0 0 0 0 0 0 0 0.6431118547916412 0 0.3065143525600433 0 0.4612541943788528 0 0 0
8.87730623036623 1.218217201530933 60.23109477758408 71.07938313484192 260.1376879885793 10898.3631246686 1162.553364105523 5878.503168426454 55.88021785765886 8936.973631881177 193.671044357121 4206.749802678823 56.08138900995255 457.3874647766352 1039.006632968783 2.300529345870018 18.10747668892145 39.04621211439371 23.5499624311924 597.7317490652204 44.16298086196184 4.021773844957352 6.814506590366364 126.7640420719981 5.385841317474842 108.3173568546772 48.48525948822498 532.826540723443 528.1019123271108 10.78179343789816 5.746504679322243 821.291973233223 4.671557225286961 441.6987249627709 5.689010366797447 327.7708178013563 20.23029774427414 780.5901665464044 151.4663637503982 2920.737361378968 90.37205108255148 9.099116005003452 6.74442058801651 0 0.2831364572048187 1.548083551228046 11.24365700036287 0 0.1232913434505463 20.10306800156832 1.297703057527542 19.87144447118044 1.157816536724567 0 3.821752615272999 0 0.914377361536026 0.6702117100358009 5.06888510286808 0.3841398358345032 0 0 3.64151319116354 2.062960669398308 1.155989170074463 1.137897372245789 39.82088211923838 0 0.5096065923571587 8.269878335297108 36.24973632395267 1.782377168536186 1.907552056014538 0 0 0 0.3713182434439659 1.100132703781128 15.41682101786137 0.7903946340084076 3.185765288770199 0.3932032883167267 10.58976795524359 0 0 0.1314869225025177
3346.814051002264 10.1780366897583 2189.353915289044 23.34233342856169 5.107578583061695 1162.553364105523 19835.22570731491 3041.956265039742 528.4541567862034 5692.519808530807 60.57058443874121 18.37736972421408 8.437352992594242 7533.373341694474 19.46227430552244 174.6247844919562 242.1092607751489 52.37270977348089 57.64079739153385 20.42491102963686 2929.368245191872 108.1511253193021 642.6064350605011 1661.28644387424 3.567341715097427 919.2171263471246 1510.602080285549 13602.14844652265 1698.283822886646 7056.767566770315 0.494903452694416 36.86281207948923 266.3049530163407 446.9075258821249 72.24374830722809 4314.202495574951 150.3471290171146 1627.263986229897 622.1301762759686 203.8876021355391 24.28218577057123 7.060613162815571 43.75713248550892 6.961004629731178 4.48878213763237 37.80799748003483 90.66403058171272 0.1097322776913643 2.228511027991772 205.2932520210743 13.31802073121071 152.0108277574182 27.02910205721855 1.014470487833023 8.168555706739426 0.1076762676239014 20.69585940241814 4.068706385791302 148.4049770385027 7.242537453770638 0.4298378080129623 4.772915795445442 24.28777623176575 54.53084544092417 40.06919354200363 52.69471677392721 528.2589031606913 0.8967912346124649 38.81066890060902 212.9107131883502 533.845242202282 49.5785188600421 44.34347078949213 0 1.913690187036991 1.121527604758739 9.417582638561726 4.282786324620247 266.6605151370168 12.42193898558617 79.20496136695147 22.16981445252895 78.24489187449217 5.258448839187622 3.073362439870834 5.343878298997879
237.6367335692048 2.408008478581905 1053.727753259242 32.55296158790588 50.55403509736061 5878.503168426454 3041.956265039742 15783.07096648961 61.63064572960138 6808.082449629903 209.8932718038559 726.3908810541034 36.41964588314295 7576.576679982245 111.5757604837418 3.3092972189188 576.091949775815 116.8254982382059 122.0539207085967 282.1572452932596 240.100434191525 2.181278467178345 238.5539539903402 354.9466338083148 8.947716318070889 622.3912124484777 90.93762470781803 537.3839466497302 407.726226106286 413.558850929141 3.331796623766422 1459.670108415186 11.12275514751673 458.3663849011064 9.951086893677711 510.439111828804 61.51738172024488 530.4438372254372 159.999448299408 1288.955855078995 48.18247348815203 12.79902341216803 7.718372590839863 2.236872293055058 2.566840022802353 11.06836100667715 19.45639876276255 0.4203308820724487 0.87723358720541 86.98424409329891 4.561890907585621 23.06851599365473 6.41812739521265 0 7.350094564259052 0.1044648587703705 6.289320848882198 0.09940969944000244 12.44176463782787 4.42045146971941 0.3819287791848183 4.329015709459782 2.932600513100624 3.715678364038467 1.180448219180107 0.7364440709352493 169.9789700880647 0.2522647008299828 26.93859402090311 40.52417342364788 152.9260279238224 16.09498105943203 11.64872196316719 0 0.3824996054172516 0 1.532700844109058 0 55.99197030812502 13.65838930010796 22.06044453382492 5.274356998503208 16.22797483950853 2.073711946606636 1.156612038612366 0.8533448129892349
5.252304583787918 688.4276186600327 1.773021444678307 324.7291931062937 127.4817456826568 55.88021785765886 528.4541567862034 61.63064572960138 1156.599523685873 460.3350259587169 3.131520986557007 97.4723849594593 8.773955456912518 43.55662403255701 422.8414552360773 80.58825495839119 4.619144648313522 1.998055078089237 2.644689425826073 297.178299292922 59.29925256222486 1992.623492620885 7.546906523406506 11886.01529511809 69.2764450982213 13.82935530692339 766.0450116470456 2780.478340595961 52.65268840640783 63.70796462148428 0.3769566863775253 2.553690746426582 9.325383231043816 14.59980283677578 0.5320634543895721 198.3378360047936 12.14624908566475 44.81093427538872 18.8550778105855 745.5464308485389 1.105748236179352 1.217859476804733 1.617332302033901 6.298947848379612 6.246279783546925 1.593161277472973 111.4666126221418 0.6727442741394043 1.778344437479973 163.9151507988572 18.65075343847275 92.94348305463791 28.6181962043047 2.838407576084137 16.26185198128223 1.309359014034271 27.36105589568615 8.078069604933262 331.9439110532403 1.21061198413372 1.183646626770496 1.421084754168987 33.86812650412321 69.49366588890553 19.96973542869091 14.99352080374956 1239.136146061122 0.7334340661764145 6.986485294997692 21.72114341706038 567.1770258247852 61.30210714042187 51.27709403634071 0.4986731112003326 1.417277656495571 1.215903282165527 8.582731679081917 1.615327388048172 120.5006432980299 3.402552150189877 58.04602827131748 13.72828952968121 88.28374224901199 3.739293858408928 0 2.136727303266525
214.1110980510712 2.003924816846848 129.2546795755625 3505.693700961769 13.08730243891478 8936.973631881177 5692.519808530807 6808.082449629903 460.3350259587169 34992.96992819756 172.0040999725461 5591.253865815699 37.161924444139 1581.05137000978 41.04115026444197 9.264647133648396 27.77607201039791 51.17038981616497 39.53192889690399 2692.923285737634 118.828895278275 18.57658381015062 24.89104518294334 934.578913167119 4.290779367089272 179.6499268189073 129.8606799989939 7248.400328792632 904.4783567115664 47.14353470504284 5.091398186981678 105.0067501440644 20.52490009367466 475.6646246612072 36.61846075206995 2805.046064920723 55.39544137567282 1649.199068464339 287.7323003411293 541.4183021485806 25.07160922139883 5.601448953151703 31.93459413945675 2.09095025062561 1.588864773511887 3.620452754199505 131.7879911512136 0.1535600870847702 1.77854523062706 145.7582131996751 9.249723948538303 214.9576072543859 29.18110407143831 1.138376340270042 53.8669017329812 0.2407788261771202 6.579123966395855 8.736052013933659 16.53746691346169 0.2532742619514465 0 0.7631970047950745 40.28906224668026 5.218987971544266 4.743388131260872 4.087385967373848 310.7326416373253 0 3.247393473982811 20.0810799151659 333.3972490876913 15.61302161216736 14.40984720736742 0 0 0.5037145540118217 4.536376610398293 1.371519275009632 179.9663025811315 2.144006326794624 30.23658706992865 8.168305568397045 162.9340154826641 3.282068453729153 0 0.5258620828390121
39.23044408112764 63.37047751247883 68.54046695679426 4.200991697609425 5.452448636293411 193.671044357121 60.57058443874121 209.8932718038559 3.131520986557007 172.0040999725461 12128.71601574868 145.5286397561431 2958.024116873741 386.5269990116358 1.222162120044231 0.3434245064854622 875.7582509368658 2018.906373336911 1366.235526584089 52.53029822558165 58.73674228042364 5.742358572781086 142.2414668947458 9.992546267807484 897.8033628389239 1993.953561767936 1727.354090295732 32.09422415494919 745.4212579354644 100.5396776795387 642.9810140132904 378.6828372403979 5.707913614809513 7765.12449593842 6.696514219045639 669.9457934722304 4774.948983795941 3517.620141863823 634.6420564055443 114.3775054588914 5.320412047207355 1388.863487266004 6.049296334385872 0 13.75425319373608 2.257178522646427 0.3202680051326752 0 0 1.089051574468613 0.4365263283252716 0.250044196844101 0 192.5455611497164 0.5270272120833397 566.1828750297427 0.2652601078152657 0 0.9984353259205818 1.383575573563576 21.32939634472132 5.805899456143379 0 0.4711466580629349 0.5791895091533661 0.2747545689344406 4.645441383123398 52.14545881003141 118.6329074949026 166.8150900378823 4.780066415667534 0.585676297545433 0.579369343817234 78.4578138962388 0.4825614020228386 0 0.9166900590062141 0 22.24826327711344 207.587613940239 7.947701215744019 0.8072911277413368 2.499420076608658 0 56.73520898073912 0.2354063987731934
0.4086945876479149 3.237134508788586 1.322574861347675 4010.35451951623 225.9386061131954 4206.749802678823 18.37736972421408 726.3908810541034 97.4723849594593 5591.253865815699 145.5286397561431 6312.064217753708 33.30542651563883 230.1055948659778 2043.374681480229 0.4819720983505249 4.296930246055126 36.42729504406452 21.12543641775846 7269.314380019903 0.8805849850177765 15.58173224329948 0.5906078219413757 1130.422853156924 3.636555843055248 89.56196472793818 18.57095155864954 933.8474133834243 257.8034976199269 1.416981399059296 3.467657178640366 88.33351521939039 0.09943901747465134 326.1519582495093 2.664891585707664 780.5424127206206 17.83042170852423 1152.620660148561 84.58992413431406 3755.412629961967 24.47873496264219 6.715611919760704 5.141439609229565 0.1383101344108582 0 0 23.15395067632198 0.270927757024765 7.109950117766857 5.149768486618996 2.55608993768692 17.79199481010437 5.261243894696236 0.105662427842617 50.32537342607975 0 0.4393273442983627 1.653856500983238 0.1259040683507919 0 0.1003095880150795 0 4.146385483443737 0.1211888492107391 0 0 12.67534779012203 0 0.1602427512407303 0 16.66294007748365 1.059254318475723 0 0 0.2266066372394562 0 0.4197347983717918 0 21.93240514397621 0 3.71639084815979 0.2989496141672134 26.61379265040159 0 1.589256405830383 0.1097780391573906
1.887230984866619 428.1661801785231 2.943731345236301 1.502915903925896 1.911718755960464 56.08138900995255 8.437352992594242 36.41964588314295 8.773955456912518 37.161924444139 2958.024116873741 33.30542651563883 4176.840249441564 40.60815960913897 0.9411612749099731 0.9550770297646523 5.746744319796562 646.0473469048738 16.88408017903566 13.0969445258379 0.679127961397171 38.5570103302598 2.181592479348183 11.80654729902744 4279.844173721969 1134.304057471454 6908.38283804059 7.122675262391567 90.75129070132971 2.741059541702271 706.6352177783847 79.31343232095242 0.3566874265670776 2323.551448360085 2.254379332065582 314.6884893104434 5292.904976695776 2044.848630100489 296.1776784807444 35.61958982050419 3.104782551527023 2654.636087849736 18.36024489253759 0 41.19165854156017 0 0 0 0 0.3913368061184883 0.6705449298024178 0.382231168448925 0.1340755075216293 1266.686202824116 0.1033695787191391 3470.977588072419 0.669106625020504 0 0.3515599146485329 0 77.95248511433601 9.241662070155144 0 0 1.454079292714596 0.2966514527797699 1.791907861828804 558.1012429073453 378.1717693135142 563.1551152542233 0.4078488722443581 1.138507410883904 0.2544268593192101 375.0983687341213 0.6204345524311066 0 5.154016464948654 1.964307546615601 12.01583957672119 1237.735783942044 35.26959479600191 4.888645321130753 0.2620594352483749 0 398.7997280880809 0
5473.244543544948 1.722076863050461 1205.317560203373 24.26024492830038 2.161443278193474 457.3874647766352 7533.373341694474 7576.576679982245 43.55662403255701 1581.05137000978 386.5269990116358 230.1055948659778 40.60815960913897 16479.62619094551 1.792899958789349 3.427141860127449 1156.664430886507 197.8286922574043 226.8825220316648 139.5249771699309 204.214436583221 2.465221717953682 447.1198578104377 258.6888254880905 5.110427170991898 744.8493210747838 130.8051494508982 533.7020718380809 7007.569149769843 3146.998179636896 7.084714144468307 710.2434492111206 46.75580693036318 881.8038563132286 8.13061036169529 634.2347337603569 61.79726342111826 801.6705102026463 152.7074456587434 196.3774566426873 6.403557017445564 7.396342314779758 6.717491365969181 2.085186906158924 1.931258127093315 10.86198897659779 4.914598204195499 0 0 37.67786681652069 1.393573999404907 13.50536897778511 2.277505874633789 0.4016332030296326 1.941984005272388 0.2769904881715775 6.123752690851688 0 30.17284420132637 3.730656214058399 0.5119238644838333 3.4353241994977 1.447945713996887 19.0223665907979 5.548074640333652 2.737459622323513 100.9963457509875 0.1334571689367294 25.81886155903339 40.12720607221127 104.5806346312165 18.16612852364779 17.96894324570894 0.3439167588949203 0 0 4.202907055616379 0 58.82502818852663 15.08307811617851 22.37883999943733 5.201629549264908 12.39848863333464 1.470935225486755 0 0.6134592592716217
0 16.59314528852701 0 32.63748750835657 1813.443064488471 1039.006632968783 19.46227430552244 111.5757604837418 422.8414552360773 41.04115026444197 1.222162120044231 2043.374681480229 0.9411612749099731 1.792899958789349 468.2354571968317 0.4694425016641617 0 0.4464595839381218 0 319.424364618957 0 45.06471753120422 0.1455973833799362 988.7259512543678 1.868366189301014 1.693962886929512 21.58665385842323 96.06838792562485 10.81049842387438 0.426962673664093 0 230.8120667785406 0.1140640079975128 63.76958750188351 0 178.5440830215812 1.974162325263023 12.64041769504547 2.165607109665871 1387.949050650001 117.7920677736402 0.5287854075431824 0 0 0 0 0.7076016813516617 0 0 0.9381650388240814 0.6648294925689697 6.957717731595039 0.1573792845010757 0 0.9136694371700287 0 0 0.2252381667494774 1.07973438501358 0 0 0 0 0.1690145879983902 0 0.1057709902524948 2.105872541666031 0 0.1189109161496162 0.5844163000583649 3.21462132781744 0.5739624872803688 0 0 0 0 0 0 7.986655727028847 0 0.1566331833600998 0 11.60387761890888 0 0 0
0.3684337884187698 206.5521524250507 2.848786100745201 0.9929551184177399 0 2.300529345870018 174.6247844919562 3.3092972189188 80.58825495839119 9.264647133648396 0.3434245064854622 0.4819720983505249 0.9550770297646523 3.427141860127449 0.4694425016641617 2881.447087198496 9.737284973263741 0.9805389791727066 1.065467298030853 0 6091.216775566339 3559.312313094735 6897.591020725667 1888.503321871161 31.6891368329525 17.35801857709885 3902.071434192359 1298.874078042805 6.084938645362854 166.7699076533318 0 0 1.374465823173523 107.1391509473324 4.36468668282032 1016.651247523725 237.1958168894053 223.9261087849736 290.0372797250748 27.09947533905506 1.49911180138588 46.85333894193172 7.511293165385723 0.7518250793218613 5.037103295326233 28.44204019755125 0.9690043926239014 0 0 21.3701066672802 3.841522932052612 2.839962966740131 0.8021601885557175 0.394147627055645 0.2145260944962502 1.314996391534805 4.271170318126678 0.2384079396724701 3070.317105084658 2.1768609136343 0.2547445520758629 1.747604705393314 0.1777418404817581 368.4456024989486 868.4128015711904 1195.78426027298 48.4944032728672 1.807715475559235 8.187705002725124 1061.391061596572 168.0243412032723 7.486918896436691 52.55612564831972 0 0 0.8490645438432693 2.768602453172207 0.9542163014411926 401.4421916007996 11.70617517828941 20.54283007979393 6.047340266406536 23.39932958036661 1.015204399824142 33.26841002702713 9.818760901689529
271.1456428021193 49.3590314462781 2847.662071086466 0.2727157771587372 0.1038031503558159 18.10747668892145 242.1092607751489 576.091949775815 4.619144648313522 27.77607201039791 875.7582509368658 4.296930246055126 5.746744319796562 1156.664430886507 0 9.737284973263741 847.9386440441012 583.221614100039 4829.972911722958 1.551285982131958 613.1020460575819 22.07668500393629 4850.432610757649 29.15669580549002 14.85810671001673 2934.47689153254 6309.426112048328 70.90426632016897 955.6179130300879 2025.521593406796 0.9198543578386307 9.378013946115971 35.91166693717241 3418.182977676392 1.683537185192108 413.0764112398028 1983.779975295067 1873.708253256977 90.16954080015421 6.42583305388689 3.356367543339729 13.17604980617762 1.528021633625031 0.138633981347084 19.47558740526438 142.9535583406687 0 0 0.1226253807544708 7.890477016568184 2.659107439219952 0.9139214903116226 0 0.6793623864650726 0 2.304933339357376 0.9536756351590157 0 3.206449814140797 45.89980865269899 3.686829894781113 96.91993486136198 0 5.790253505110741 3.892279729247093 5.154854163527489 5.565068036317825 2.21069373190403 435.8592878729105 504.2971595898271 2.658893086016178 0.9639601036906242 3.226222284138203 0.6306105703115463 0 0 8.442484021186829 0.1401872187852859 38.15113200247288 159.9493765681982 33.82022946327925 4.330218136310577 1.430534958839417 0 0 0.2132554650306702
35.17876586318016 10.4431780949235 94.3511523976922 1.985085763037205 0.1962547302246094 39.04621211439371 52.37270977348089 116.8254982382059 1.998055078089237 51.17038981616497 2018.906373336911 36.42729504406452 646.0473469048738 197.8286922574043 0.4464595839381218 0.9805389791727066 583.221614100039 206.7613005936146 1426.721610322595 13.36444872617722 36.54886317998171 2.104835733771324 107.142987139523 6.59013395011425 15.31902414560318 3789.248935580254 1970.921996235847 15.74370413273573 188.6869618371129 96.19489512592554 455.4167189374566 28.11925844103098 4.569454595446587 1042.161997385323 3.028919875621796 708.7654214128852 813.7245461642742 1290.05877507478 285.8557190820575 18.02123967558146 1.017765030264854 13.45553636550903 1.661107212305069 0 10.21553362905979 3.341183513402939 0 0 0 1.853670053184032 0 0.4762028306722641 0 14.88280729949474 0 77.29593024402857 0.1213701069355011 0 0.3904168307781219 2.925905056297779 14.98324068635702 11.52786886692047 0 0.2093304693698883 0.428697943687439 0.1422084867954254 1.035009145736694 10.36003927141428 145.1503575071692 208.2658083289862 1.264589458703995 0 0.2849725186824799 31.70836885273457 0 0 0 0.224394679069519 7.844564221799374 10.676901884377 3.705800503492355 0.8076705634593964 0 0 0 0
40.4378918632865 26.01872870326042 177.1727488413453 1.539846010506153 0.259509451687336 23.5499624311924 57.64079739153385 122.0539207085967 2.644689425826073 39.53192889690399 1366.235526584089 21.12543641775846 16.88408017903566 226.8825220316648 0 1.065467298030853 4829.972911722958 1426.721610322595 2453.027280434966 9.548071600496769 70.04732190817595 4.491543240845203 207.7938622236252 6.037303000688553 42.15121383219957 3530.229138404131 2503.792830854654 14.44835034012794 201.3487590700388 123.9843452125788 13.49028886109591 9.576781518757343 7.960192188620567 4102.392999209464 3.503847792744637 1108.337525881827 893.8998171910644 3319.858239337802 234.75820209831 12.23843307048082 1.904024347662926 5.426277749240398 2.440736643970013 0.1139162927865982 20.43658350408077 10.36864829808474 0 0 0 1.46899539232254 0.2182149812579155 1.117573536932468 0 4.325379334390163 0.5275116637349129 21.57358369231224 0.6374009251594543 0 0.2732160165905952 10.55961938202381 20.96742175519466 101.8788226768374 0 1.28331845998764 1.219405919313431 0.8699735626578331 2.212839841842651 9.953285604715347 525.1526332050562 425.9879161715508 0.8636929765343666 0.3464472740888596 2.266850456595421 16.50700964033604 0 0.1755682677030563 2.079553656280041 0.6886097639799118 11.14914236217737 42.02273660153151 13.7918354049325 0.8653231710195541 0.6244901865720749 0 0.3624928295612335 0
0.6657020524144173 1.187231943011284 1.180483058094978 5703.220936976373 27.87146096676588 597.7317490652204 20.42491102963686 282.1572452932596 297.178299292922 2692.923285737634 52.53029822558165 7269.314380019903 13.0969445258379 139.5249771699309 319.424364618957 0 1.551285982131958 13.36444872617722 9.548071600496769 764.0088874548674 0.6428897827863693 2.475388303399086 0.4177638292312622 847.8080317229033 1.843478262424469 35.48748157173395 6.931599140167236 2148.623278878629 175.0926802754402 1.375366523861885 1.327035844326019 29.91949548572302 1.040268458425999 144.8356423079967 8.627701863646507 1063.527941077948 14.85299553722143 561.2071429416537 69.8059536665678 1398.399214364588 11.21292778104544 3.267148740589619 6.260735675692558 0 0.5924453288316727 0.2335985898971558 73.62965758889914 0.2039650082588196 1.005963899195194 59.81116065382957 5.320452801883221 129.9217562302947 21.57186268270016 0.4189590811729431 77.57866336405277 0 1.080511406064034 4.989735834300518 2.623700261116028 0 0.1200593933463097 0 20.22633082419634 1.807574957609177 1.303249694406986 0 116.734788171947 0 0 1.459813714027405 166.160630568862 4.872553341090679 3.077317163348198 0 0.1548421084880829 0 1.588479280471802 0 89.73707791417837 0.2705616056919098 11.02853174507618 3.129477076232433 133.3588803559542 1.675765573978424 0.3981663286685944 0.236909419298172
40.09363225102425 12.0733366087079 1343.255562596023 2.048960953950882 0 44.16298086196184 2929.368245191872 240.100434191525 59.29925256222486 118.828895278275 58.73674228042364 0.8805849850177765 0.679127961397171 204.214436583221 0 6091.216775566339 613.1020460575819 36.54886317998171 70.04732190817595 0.6428897827863693 11632.34445612878 305.6045673042536 10054.44069056213 207.6909669339657 14.81409299373627 257.5118697062135 1958.296997413039 8164.411934055388 170.2396190389991 16639.46282800287 0.3416930735111237 2.371791578829288 21.67351726442575 4110.830692753196 44.37243373692036 7197.861931942403 624.4417045265436 5772.449970401824 3399.874433971941 113.9313926845789 3.519474752247334 37.60284677892923 93.86907090991735 1.907288245856762 2.382585868239403 7.73330982029438 0.2364237084984779 0 0.4695310145616531 11.83005046844482 1.352732129395008 3.092824749648571 0.5371283143758774 0.3284185528755188 0 0.9575906991958618 5.848467521369457 0.2645413056015968 981.2536269649863 2.912406101822853 0 1.838798634707928 0.1136039644479752 334.8509043231606 191.7325173988938 234.5296295806766 54.51923253387213 0.1676812618970871 4.506739646196365 98.8659460991621 187.4452076479793 15.49646513164043 81.75735843926668 0 0 0.6931513920426369 3.440526001155376 2.787165150046349 230.6513649746776 8.11517097055912 14.17599941045046 5.601978048682213 25.38174628466368 0 18.24406307935715 6.418171510100365
0 2600.454021379352 95.80804055929184 3.014341071248055 7.973658256232738 4.021773844957352 108.1511253193021 2.181278467178345 1992.623492620885 18.57658381015062 5.742358572781086 15.58173224329948 38.5570103302598 2.465221717953682 45.06471753120422 3559.312313094735 22.07668500393629 2.104835733771324 4.491543240845203 2.475388303399086 305.6045673042536 1928.586629152298 444.4747378751636 7861.305519238114 358.6274162232876 51.40970129519701 7365.016128584743 366.5544558390975 3.22645179182291 24.58285737037659 2.838579617440701 0.0910036563873291 0.6969183832406998 18.10378494113684 0.3816228061914444 85.93904854357243 18.51339273899794 52.23980934917927 21.93648090958595 230.5362328886986 0 7.491182267665863 0.3967389762401581 0.1059576496481895 37.01254177093506 206.9467381536961 0.3829976096749306 0 0 18.67107222229242 2.117922894656658 13.44034330546856 1.320096135139465 0.2644373327493668 0 3.939881972968578 1.692709565162659 0.3129746615886688 1275.270872496068 33.09666186571121 1.190080367028713 22.25504659861326 0 76.57202123850584 180.7903085052967 314.8878737017512 57.17210946977139 3.571009933948517 130.402375549078 3427.804928913713 57.61609743535519 1.311253696680069 8.707918658852577 0.479078397154808 0 0.5551551133394241 5.828193813562393 0 57.63032758980989 15.20692842453718 38.1851252168417 14.99462158977985 1.100623339414597 0 0.4853548258543015 0.1911815851926804
120.026300214231 48.02325296401978 15047.41386832297 1.648327648639679 0 6.814506590366364 642.6064350605011 238.5539539903402 7.546906523406506 24.89104518294334 142.2414668947458 0.5906078219413757 2.181592479348183 447.1198578104377 0.1455973833799362 6897.591020725667 4850.432610757649 107.142987139523 207.7938622236252 0.4177638292312622 10054.44069056213 444.4747378751636 17296.40764588118 103.1649970635772 53.22647229582071 1396.578158222139 14081.6969365105 1161.14013517648 279.7250009328127 6868.126577146351 0.3587085530161858 4.878221482038498 11.55070186406374 4329.551784016192 65.31060316413641 11090.00665763766 9735.982974343002 8711.947584792972 7114.645630471408 475.0721269696951 6.606700412929058 122.6420968472958 124.4690827131271 0.2399404793977737 18.16395007818937 545.9090903326869 0.104849249124527 0 0 30.95890698581934 1.969094820320606 0.8108218014240265 1.696489736437798 0.5733569264411926 0 2.421857297420502 1.987613193690777 0 1883.973437845707 11.63427535444498 0.6251155585050583 5.005692675709724 0 109.5431540086865 394.1552987322211 1223.528564363718 27.08623157441616 0 25.05698554217815 3286.004439011216 85.52408032119274 3.282150618731976 14.56631644815207 0.1553670763969421 0 0.8790294080972672 2.413222447037697 6.115887552499771 1236.73240814358 30.04909057170153 29.78057657927275 12.07000671327114 13.83599817752838 0.2445673495531082 58.33587646484375 9.549230009317398
28.5669449493289 1159.704583354294 18.95761559903622 3275.475651562214 100.1569155827165 126.7640420719981 1661.28644387424 354.9466338083148 11886.01529511809 934.578913167119 9.992546267807484 1130.422853156924 11.80654729902744 258.6888254880905 988.7259512543678 1888.503321871161 29.15669580549002 6.59013395011425 6.037303000688553 847.8080317229033 207.6909669339657 7861.305519238114 103.1649970635772 14105.00204339623 103.1075888872147 71.55464278161526 3356.539227500558 11439.76642405242 422.2733032479882 520.9778955578804 0.6463275551795959 10.48209239542484 81.45739741623402 186.9324788525701 29.43546091020107 3082.534541502595 141.7268907874823 596.287820674479 278.2463755458593 1708.70726954937 6.991819858551025 11.74976844340563 24.45018555969 20.78159978985786 9.070772305130959 19.01517739146948 205.9804687052965 0.7891214117407799 3.901101678609848 481.1661792322993 38.5727214589715 947.2027317583561 64.48167651891708 4.503850691020489 45.92974353581667 2.283124573528767 76.60447927564383 14.61386958509684 1008.844151817262 6.41251914203167 1.514992497861385 3.96225667744875 61.74426201730967 390.626207202673 411.3739839196205 138.6312421560287 1923.910643622279 0.2585185468196869 22.16393928229809 159.8529961556196 1681.606373988092 185.7534192353487 299.2673110887408 0.5276442021131516 2.288611218333244 5.2657281011343 36.42838484793901 9.00372201949358 648.7464066967368 9.059485137462616 201.129708878696 55.70520016551018 364.6889819055796 10.68880541622639 10.57397286593914 9.889462515711784
0.3862128257751465 1993.653040163219 14.2302912324667 0.8296204209327698 1.583077475428581 5.385841317474842 3.567341715097427 8.947716318070889 69.2764450982213 4.290779367089272 897.8033628389239 3.636555843055248 4279.844173721969 5.110427170991898 1.868366189301014 31.6891368329525 14.85810671001673 15.31902414560318 42.15121383219957 1.843478262424469 14.81409299373627 358.6274162232876 53.22647229582071 103.1075888872147 1149.098620504141 700.8770519867539 5534.903574757278 9.936358354985714 10.64416097104549 12.79492148756981 132.4115634337068 11.06562837213278 1.338500499725342 887.9242346659303 2.095141232013702 940.4799611270428 1546.973252028227 3193.91824708879 389.312198124826 60.79754509776831 0.4837727546691895 662.3051907420158 0.2910271286964417 0 132.4183006882668 0.6510977298021317 0 0 0.168918788433075 1.69626921415329 0 0.704676978290081 0 519.4639088064432 0 1628.599038146436 0.3302026391029358 0 2.241897456347942 0.1898354291915894 23.71309331059456 24.04134404659271 0 2.578145906329155 1.798801802098751 2.846740439534187 1.088486813008785 358.7263575792313 330.0979663580656 859.166817381978 3.055530324578285 1.523680865764618 1.585040688514709 90.77509022504091 0.4701758697628975 0 8.4026899933815 1.545381426811218 135.0999487191439 261.0188276544213 57.42285551130772 5.050102010369301 8.321323275566101 1.157691121101379 225.7436044365168 0
105.0356346964836 335.9260080456734 7070.163741387427 4.682358153164387 1.124835394322872 108.3173568546772 919.2171263471246 622.3912124484777 13.82935530692339 179.6499268189073 1993.953561767936 89.56196472793818 1134.304057471454 744.8493210747838 1.693962886929512 17.35801857709885 2934.47689153254 3789.248935580254 3530.229138404131 35.48748157173395 257.5118697062135 51.40970129519701 1396.578158222139 71.55464278161526 700.8770519867539 40555.10606689006 26179.41428650916 220.0283716022968 360.880931712687 584.9641275927424 666.1808555051684 69.35358538478613 6.214083850383759 1495.057074889541 13.96415597200394 3634.819891892374 5221.894115060568 3951.252554424107 873.0467412769794 72.9848427772522 5.228729613125324 81.38215908408165 9.866202227771282 0.8028601258993149 353.6507789120078 399.9760408848524 0.4177890047430992 0 0.4880372881889343 23.4403071179986 5.793563418090343 3.454360395669937 1.063506729900837 220.226480409503 0.5953056737780571 1280.82947589457 7.688644960522652 0.2769941836595535 9.984016321599483 145.8958405479789 218.5712155550718 784.2055262178183 0.1096489056944847 11.6465262696147 10.61666917055845 19.3078323751688 19.98829469829798 356.1745490282774 4892.230653852224 5503.310625575483 5.90396661311388 4.213121943175793 11.67173646390438 507.4649803563952 0 0.5389290601015091 32.17911145091057 1.990266084671021 173.94180842489 568.2715958505869 184.596486069262 23.39192128181458 2.566638737916946 0.1257513761520386 2.078749299049377 0.7137977033853531
24.47974483668804 9994.975427307189 6916.071860827506 8.920781277120113 5.31788345426321 48.48525948822498 1510.602080285549 90.93762470781803 766.0450116470456 129.8606799989939 1727.354090295732 18.57095155864954 6908.38283804059 130.8051494508982 21.58665385842323 3902.071434192359 6309.426112048328 1970.921996235847 2503.792830854654 6.931599140167236 1958.296997413039 7365.016128584743 14081.6969365105 3356.539227500558 5534.903574757278 26179.41428650916 33659.67536741495 3114.065982192755 125.2728863507509 215.0883763730526 2130.594201281667 13.08626133203506 10.15298672765493 1940.745485238731 75.59122738242149 10318.03101745248 3837.724303327501 7597.463994771242 2199.994656547904 574.789264716208 12.59341138601303 93.09103912860155 50.73780031502247 2.786795988678932 2879.620192684233 3922.381407119334 2.438430488109589 0 0.4410067424178123 157.8077042996883 27.37811671942472 15.60062578320503 4.705451637506485 291.8267670795321 1.252176977694035 1690.339161612093 25.89353609830141 0.5451466888189316 588.2447659522295 469.2420892640948 214.8500181883574 1057.265158087015 0.8176458179950714 65.7661233022809 1065.404073193669 628.4153270572424 119.1805441007018 874.1857281848788 6993.190993890166 21913.95878735185 92.79487556964159 9.969037733972073 22.8768600448966 522.5792473331094 0.5792989209294319 0.1634287089109421 95.54859109222889 14.07037980854511 826.9548574462533 880.1397965550423 546.0993782132864 110.2298054546118 11.68978600949049 1.023175045847893 19.00065322965384 5.650901049375534
73.38712379336357 55.85020292550325 1042.500271253288 2634.137474164367 16.25918378680944 532.826540723443 13602.14844652265 537.3839466497302 2780.478340595961 7248.400328792632 32.09422415494919 933.8474133834243 7.122675262391567 533.7020718380809 96.06838792562485 1298.874078042805 70.90426632016897 15.74370413273573 14.44835034012794 2148.623278878629 8164.411934055388 366.5544558390975 1161.14013517648 11439.76642405242 9.936358354985714 220.0283716022968 3114.065982192755 19012.55913507193 1196.43748742342 11094.08283788711 1.182919777929783 21.14340251684189 463.7571820914745 884.0717184767127 106.320987559855 6556.953610949218 251.7198921814561 2356.430321611464 1090.454736731946 535.9703832492232 9.105296723544598 10.10230807960033 62.29023799300194 23.5006391108036 4.394437320530415 25.02908593416214 226.3502543866634 0.9833156764507294 4.17989806830883 661.086846344173 45.29661145806313 630.4929310306907 71.42185873538256 7.159259021282196 31.41766034066677 0.6458335444331169 93.60832920670509 15.67784612625837 440.0706119462848 3.819582127034664 1.615581393241882 1.878363102674484 69.83725922554731 179.5508382245898 126.3494286835194 73.99905373901129 1952.567094482481 0.4238379895687103 7.28714369982481 137.1628878340125 1680.243256449699 205.9099575057626 255.9180038422346 0 2.364089675247669 3.601372212171555 36.90253979712725 9.879590690135956 668.0410031527281 8.650902584195137 214.130232565105 60.52571646124125 304.3624024093151 16.78456322848797 15.60714679956436 11.92374940961599
