668.5543362349272 0 183.166798427701 0.2016395106911659 0 2.672674879431725 1964.069213829935 94.00764449685812 0.503358468413353 5.346792623400688 2.789126478135586 1.337248973548412 0 3306.476138114929 0 0.3186093643307686 271.8367929905653 3.379414968192577 78.05848557502031 0.3520278856158257 71.64370188117027 0.4119813442230225 42.60039060562849 21.62331700325012 0 101.713933929801 29.70932609587908 43.53263889253139 2180.3843113482 3264.752175949514 0 1.516624614596367 57.63687811791897 51.51235312223434 2.605769947171211 13.03197988122702 1.423629894852638 53.61171349138021 8.826562635600567 0.3582425191998482 1.345606684684753 0 0 0.2832052111625671 0.1051444634795189 0.9617603644728661 0 0 0.1700732707977295 1.653235889971256 0 0.9616446942090988 0.1177402585744858 0 0 0 0.1417917460203171 0 1.100921534001827 0 0 0.4457283765077591 0 0.2074418142437935 0.4072519019246101 0.790460504591465 2.231557846069336 0.0920734778046608 1.611525781452656 3.655719950795174 1.615427583456039 0 1.994288995862007 0 0 0 0 0 0.3467022180557251 0.1168518364429474 0.2002183720469475 0.1173292398452759 0 0 0.5827049016952515 0.2651641368865967
0 118.3072296604514 130.1058052182198 0 0.3350256904959679 0.2942745685577393 3.059271834790707 0.2042610570788383 312.3810440972447 0.07927235215902328 77.70807866752148 1.40362386405468 411.497966401279 0.6313070729374886 11.9463112950325 145.3900572806597 173.1583168283105 9.705562591552734 39.30950381606817 0.2790315076708794 14.20414289832115 2814.031116180122 32.24092979729176 491.3631778582931 1972.793420910835 303.1897695362568 8097.992076538503 14.33166456222534 1.083037108182907 1.453993946313858 55.8942366912961 0 0.09882153570652008 28.94065980613232 0.7226489782333374 139.1346422582865 58.87242248654366 98.88396077603102 45.38539894670248 12.95609206706285 0.3491199314594269 94.6207040399313 0.1366718709468842 0.1255300939083099 11.05465692281723 72.58412483334541 0 0 0.3186310082674026 0.6454116106033325 0 0.3183665797114372 0.8940304517745972 5.26950853317976 0 16.79472849518061 0 0 9.888973727822304 16.08151684701443 2.971798323094845 17.50545030087233 0 0.4854741767048836 13.85321786999702 8.944169521331787 7.617056369781494 10.04802733659744 430.3630068227649 1295.980835132301 0.966166228055954 0.09230619668960571 0.2619008868932724 5.233649350702763 0 0 0.2547075971961021 0.954753965139389 7.964525975286961 6.339539796113968 5.849842846393585 0.7467181533575058 0 0 4.242717549204826 0
183.166798427701 130.1058052182198 4956.441944241524 0.1074725538492203 0.1480329781770706 21.22081128507853 361.8704915568233 545.1922308281064 2.860252745449543 10.35555319488049 12.71059867739677 1.39050530642271 4.733178585767746 760.7362912967801 0 6.965145379304886 2482.002074278891 10.24408164620399 231.291222050786 0.3347208648920059 541.6985111087561 26.84802986681461 11211.9052567929 35.90701039135456 0.7245136946439743 6580.713556662202 2843.224565811455 558.7015476375818 301.1964475251734 1122.027066759765 1.779422447085381 3.880852408707142 9.950647689402103 710.1871223971248 23.89631199836731 1150.060367129743 641.4538602605462 1822.046299502254 707.5115693807602 45.8207316622138 13.57882270962 3.369630560278893 10.20033843815327 0.2682731449604034 136.3164978325367 515.4712960869074 0 0 0 4.857739679515362 0.7297181338071823 0.3398714363574982 0 0 0 0.2295379191637039 0.8030122667551041 0 15.55965070426464 62.40556482225657 0.4928217753767967 5.614552333950996 0 2.3389001339674 22.66397546231747 89.18853685259819 10.42645885050297 0.4813480898737907 83.06446209549904 833.5295541584492 3.240301787853241 0.2202245742082596 7.907959505915642 0.1049895137548447 0 0 1.662671327590942 3.40412562340498 24.07523557543755 1.842140942811966 16.62764459848404 10.32388737797737 0.1462959200143814 0.9084880948066711 0 0
0.2016395106911659 0 0.1074725538492203 1373.623466178775 0.9825082570314407 80.73441243171692 55.05517333000898 41.82861768454313 885.0351638197899 4171.881765604019 1.182198882102966 3018.334178850055 0.4716882109642029 25.07784836739302 40.43942868709564 0 0 0.6904860287904739 0.3728228807449341 2249.169364228845 0 0.1323121935129166 0 1148.449360817671 0 0.436868354678154 0.3092030435800552 4538.733176767826 17.94169275462627 0.3644473850727081 0.0910641998052597 1.91861617565155 0.450456514954567 9.978129394352436 1.852689683437347 26.1064173206687 0.1339516639709473 19.13382972031832 4.151701807975769 116.7191989794374 0.4012992382049561 0 0.6299231350421906 0 0.1369400173425674 0 72.7929048910737 0.9273089021444321 21.30577234178782 49.51261281967163 6.925566159188747 37.23349924385548 146.2461619749665 0 117.6276323348284 0.2918369472026825 0.599148653447628 10.7171089053154 0 0 0 0 40.74470637738705 0 1.874013870954514 0 193.7981126084924 0.6028888374567032 0.2062774002552032 0 163.8098705485463 2.474562734365463 0.2713115513324738 0 0 0 0 0.2039988487958908 2.452652603387833 0 4.70313535630703 0.5260821282863617 141.3020201399922 0 0 0
0 0.3350256904959679 0.1480329781770706 0.9825082570314407 14.61841362714767 118.2337747439742 2.122048251330853 263.3477546423674 51.56113757193089 3.544240429997444 19.00336792320013 89.67664575576782 23.33898063004017 2.198684044182301 829.7015395760536 0 0.8413525149226189 3.469402186572552 2.60882157087326 3.291708469390869 0.5071050524711609 0.3194461315870285 0.2019248902797699 13.11024148762226 0.5515448302030563 2.295216247439384 1.281350210309029 5.36094618588686 20.17729720473289 1.508314840495586 0.2028626650571823 23.99147821962833 0 336.681795284152 3.979180783033371 40.46798053383827 0.8210884928703308 287.0386168956757 112.7133286595345 1997.968366838992 181.0533144623041 5.792443260550499 6.66917684674263 0 0 0 0 0 0 0 0 0 0 0 0 0 0 0 0 0 0 0 0 0 0 0 0.7469885647296906 0 0 0 0.2512691915035248 0 1.578623741865158 0 0 0 0 0 0.9878311157226562 0 0 0 0 0 0 0
2.672674879431725 0.2942745685577393 21.22081128507853 80.73441243171692 118.2337747439742 10735.22396989167 4469.999357223511 5379.54638454318 278.5978541150689 5919.53011598438 35.70288010686636 5487.878724634647 68.81186183542013 1477.175425931811 815.5105717852712 0.7777354717254639 4.677428379654884 12.12080144137144 14.63338699936867 507.6598638445139 19.16476656496525 2.58143337816 10.53484529256821 693.6655201762915 0 13.50988433510065 7.794443964958191 1457.557169124484 130.6968403235078 18.12740893661976 1.215506419539452 271.3059717640281 4.47319907695055 280.0562373921275 18.65923141688108 434.3265906497836 6.185555718839169 360.3873082920909 287.5335723236203 1851.573382236063 111.2244611531496 11.6843775510788 23.16967757046223 1.057233780622482 0.8859095275402069 0.1159370392560959 22.89237162470818 0 17.33830854296684 120.2611103281379 21.12954573333263 17.82966543734074 96.3469867259264 0.08472537249326706 19.03041796386242 0 10.23199137300253 5.877896919846535 0.3872289955615997 0 0 0 17.39211158454418 0 0.3958575129508972 0.5367149636149406 195.9256787747145 0 0 0.8893715068697929 204.8281048163772 4.563431233167648 0.6581750065088272 0 0.2529532313346863 0 0.9929424226284027 0 20.9143360555172 0 16.76185407489538 2.293412297964096 46.35736362636089 0 1.844666957855225 0
1964.069213829935 3.059271834790707 361.8704915568233 55.05517333000898 2.122048251330853 4469.999357223511 13881.17041219398 4181.649596497416 78.14553274959326 11639.07467126101 20.46163532137871 108.5305203795433 3.933312512934208 9309.729641370475 11.25123591721058 39.01923376321793 23.71554032340646 6.917124308645725 22.26860585808754 49.51853517442942 1042.053223662078 56.40983103960752 324.7848096638918 1475.18470145762 0.5736121833324432 41.51187627762556 139.396955050528 16690.00758992881 1350.542378179729 3623.353751923889 0.09432675689458847 29.19818615168333 87.04745849967003 190.2304966300726 58.70657183974981 994.7352519482374 21.99528234452009 704.0393945425749 290.9095908403397 51.32981135696173 24.82641261816025 0.8359610289335251 19.57436298578978 5.226699203252792 0.8746224641799927 1.976513497531414 26.45657317340374 0 43.87992392480373 548.2173768430948 103.5355084240437 36.68245596438646 118.8571964129806 2.713015653192997 6.212120115756989 0 50.86616634577513 4.040729522705078 7.080794230103493 0 0.9248006567358971 0.1167435124516487 9.490802422165871 1.900665633380413 8.095992296934128 7.880264557898045 535.8264214843512 0.3190902844071388 0.4484528303146362 20.72957535088062 612.5858604460955 52.00723043084145 47.53802506625652 0.5550373196601868 5.493774689733982 2.521849937736988 15.09170068800449 6.104825109243393 135.0401386991143 0.2848865985870361 109.2727861478925 30.53883694112301 32.8576180934906 2.096338763833046 2.42976713180542 0
94.00764449685812 0.2042610570788383 545.1922308281064 41.82861768454313 263.3477546423674 5379.54638454318 4181.649596497416 10522.42146069556 9.811505936086178 2001.151744745672 108.5343481227756 1422.413834489882 52.3889088332653 4454.354586064816 212.5855922549963 1.355274140834808 213.2145645692945 29.26571108400822 134.0307800620794 311.7663815915585 342.400417663157 1.78231405466795 132.841578617692 394.2622791677713 0.1375649571418762 313.7267584949732 55.69135098159313 528.7081255093217 122.8669557869434 974.4248068779707 4.169238090515137 873.3249716311693 1.05266035348177 596.2888589948416 19.76042351871729 371.8347104042768 17.00505581498146 467.8478657007217 284.5689513385296 984.8835595846176 158.0223820284009 12.08873914182186 18.95036992430687 0.5339087024331093 0.4512790441513062 3.01623372733593 1.406084850430489 0 10.2437077909708 127.7495549321175 16.0954180136323 5.588969588279724 9.392965823411942 0.08948010206222534 2.126172013580799 0 13.95228493958712 0 3.681271702051163 0.1782070770859718 0 0.1652679443359375 1.088049113750458 0.5555483549833298 2.989344589412212 7.469643458724022 93.62199203670025 0.1086589097976685 3.648894049227238 16.54250706732273 106.7714340090752 12.59322066605091 11.21321572363377 0 0.5183122381567955 0.2657628357410431 1.393323831260204 1.809354856610298 24.16839692741632 1.174620240926743 25.12138742208481 5.411956466734409 2.640499517321587 0.2492470592260361 1.581940054893494 0
0.503358468413353 312.3810440972447 2.860252745449543 885.0351638197899 51.56113757193089 278.5978541150689 78.14553274959326 9.811505936086178 935.5082357004285 431.7773829847574 8.791380949318409 1095.237174361944 31.09992901980877 18.84362371265888 1448.814104229212 43.65770579129457 0.9158123061060905 0.8392874673008919 3.519414134323597 622.4415905326605 35.23677027970552 1526.485300891101 3.242107652127743 8875.595086500049 165.4114620313048 15.04232062399387 472.6883640214801 1387.59526707232 31.82280625402927 149.9355432540178 8.459120757877827 1.669168516993523 6.72678192704916 14.12382342666388 8.17033439874649 329.6974402591586 18.66052937507629 55.81065883487463 25.15465049445629 518.6801328808069 1.907494738698006 2.702638640999794 1.002191960811615 8.162173189222813 6.320488005876541 1.115773513913155 214.6095591783524 0.9802664816379547 29.27554835379124 213.1593020558357 34.22425456345081 101.1912593096495 278.1257213130593 1.888716027140617 304.8558767586946 1.995760649442673 29.56137832999229 85.76155329495668 99.51689500361681 0.3231664299964905 0.5512979999184608 0.8248179405927658 89.75013081729412 119.7177906036377 37.63306568562984 7.757990255951881 2020.883029274642 6.381073899567127 4.44583385437727 8.473317362368107 800.2168376594782 54.68606838583946 214.1609373167157 0.3440563976764679 1.80472981184721 7.148273840546608 15.04576683789492 3.91850771009922 138.3181402310729 1.521279439330101 66.83232599496841 24.7511920556426 463.3443301022053 0.7511959820985794 0.9136512950062752 0.8555529117584229
5.346792623400688 0.07927235215902328 10.35555319488049 4171.881765604019 3.544240429997444 5919.53011598438 11639.07467126101 2001.151744745672 431.7773829847574 30321.39807930589 28.36126787215471 7259.544749349356 7.349421538412571 906.5675246566534 21.14501278102398 2.962549686431885 3.63577751070261 13.57654761523008 24.86930155009031 3820.583652622998 11.68500006198883 2.565743505954742 6.024879656732082 1372.740963935852 0 10.88901530951262 8.826182290911674 4401.128987513483 466.1021530851722 14.50779440253973 1.052927322685719 47.11201415210962 6.596253268420696 152.1817038655281 21.22684332728386 515.7479304671288 12.41732887923717 388.3554283678532 113.0264236703515 49.27242653816938 17.04540941119194 1.433074817061424 9.281079441308975 1.872942708432674 0.8601201772689819 0 143.3828253373504 0 58.2036664634943 264.8777403756976 44.31381855159998 65.99467407166958 285.3406200930476 0 75.16342670470476 0.1319936811923981 17.40271628648043 15.53532037138939 0.2349367886781693 0 0.08710383623838425 0.07615315914154053 47.56447140872478 0.3377135097980499 1.186296403408051 0.3285908102989197 606.1932656913996 0.5664903223514557 0.1351984590291977 0.7307294309139252 614.9255579635501 6.228952750563622 3.487430594861507 0 1.646351128816605 0.4911327660083771 2.370270133018494 0.2357300221920013 11.83471215516329 0 15.35693625360727 0.8625961393117905 139.657316274941 0.1526633650064468 2.635798692703247 0
2.789126478135586 77.70807866752148 12.71059867739677 1.182198882102966 19.00336792320013 35.70288010686636 20.46163532137871 108.5343481227756 8.791380949318409 28.36126787215471 4710.777818635106 48.83777794241905 1174.188985936344 101.5630981996655 2.404671683907509 3.127635285258293 577.9743014872074 1262.99093414098 1303.62089407444 11.76842565089464 18.01747143268585 37.05959929525852 19.44907903671265 25.95355774462223 353.2603774890304 1844.882963255048 348.5352353453636 16.97876394540071 305.0921006426215 18.01339091360569 160.6198634579778 315.0471745058894 2.700088262557983 5824.137745589018 6.203251294791698 589.4903471395373 4914.586537495255 4642.150095418096 1036.33891133219 26.32666039466858 19.19703003019094 1214.569031409919 11.60699647665024 0 2.877064846456051 1.995349131524563 0.5977417230606079 0 0 7.070131920278072 0 0.6420812904834747 0 453.341515392065 0 947.5474553927779 0.5394994169473648 0.5245414972305298 1.836520478129387 1.527566276490688 89.51506846398115 40.82472022622824 0 0.2535991072654724 1.914737716317177 0.6562989354133606 4.080029778182507 162.2708984389901 346.6615113466978 268.1794358119369 5.044634357094765 0.6337085962295532 1.18277083337307 263.5419880971313 0 0 1.123311780393124 3.147390224039555 7.780579887330532 241.5880387872458 6.158517397940159 0.2924756184220314 0 0 399.1580260768533 0.1900547444820404
1.337248973548412 1.40362386405468 1.39050530642271 3018.334178850055 89.67664575576782 5487.878724634647 108.5305203795433 1422.413834489882 1095.237174361944 7259.544749349356 48.83777794241905 9193.569340758026 18.45873232930899 673.3243446648121 1035.081980779767 0.06249339506030083 2.579903334379196 17.00859183073044 29.74788252264261 3490.193188592792 0.9747967645525932 5.396829769015312 0.2161653414368629 336.4510511383414 0.8654775395989418 11.09227201342583 8.078810825943947 942.8829439878464 260.6091506704688 3.623750299215317 1.877525731921196 122.9429743289948 0.1072093173861504 203.0087690204382 7.322841703891754 284.5617754757404 5.978550836443901 286.9034963026643 128.4300609230995 1064.117684967816 30.01271350681782 1.36634399741888 6.958488449454308 0 0 0 42.64111912995577 0.9939844012260437 8.600651241838932 3.308496035635471 2.849367119371891 10.24194501340389 44.71413658559322 0.3039671704173088 167.3557572066784 0 1.836713150143623 8.373902380466461 0 0 0.2392954677343369 0 10.11356681585312 0 0.2895174324512482 0 49.25380042940378 0.1945367455482483 0.4192997664213181 0.210429884493351 55.69696794450283 1.16120133548975 0.3408960849046707 0 0.2396277636289597 0.08204037696123123 0.8219674453139305 0 1.937042117118835 0 2.779755242168903 1.057181477546692 135.9816869944334 0 0.2708649039268494 0
0 411.497966401279 4.733178585767746 0.4716882109642029 23.33898063004017 68.81186183542013 3.933312512934208 52.3889088332653 31.09992901980877 7.349421538412571 1174.188985936344 18.45873232930899 1746.291393212974 14.64602170884609 3.474822908639908 6.119345255196095 2.060840673744678 16.48596333712339 10.79914946854115 3.038269855082035 12.2651237398386 157.6637836098671 18.23584131151438 32.95498352497816 3684.399915382266 55.78754428774118 1091.744971618056 5.686648614704609 8.54418108612299 3.574510417878628 171.0292501226068 77.68807251751423 0 485.366007335484 93.98512473702431 1356.333024427295 3609.658141560853 2253.494580201805 650.6222952455282 58.79036986082792 56.83128096163273 1175.625102043152 36.21228383481503 0 11.22584247589111 0.8774373829364777 0 0 0 0 0.4885605275630951 1.123414911329746 0.6779497265815735 766.5853541791439 0.381098598241806 1826.857670649886 0 0 1.370817869901657 0.3739295676350594 97.74773815274239 39.72289780527353 0 0.2022106498479843 1.312793545424938 1.075049638748169 1.393717080354691 874.7999177873135 501.46232714504 475.4115331098437 0.1133631691336632 0 0 469.0368788465858 0.09925206750631332 0 0.7522797584533691 54.66658860445023 79.39531026035547 298.5388271138072 22.89937910437584 5.731691882014275 0 6.003581523895264 414.5493526607752 0.6043351888656616
3306.476138114929 0.6313070729374886 760.7362912967801 25.07784836739302 2.198684044182301 1477.175425931811 9309.729641370475 4454.354586064816 18.84362371265888 906.5675246566534 101.5630981996655 673.3243446648121 14.64602170884609 7321.421010546386 45.78487672656775 5.198962770402431 669.8967984952033 35.80976668000221 336.6135030984879 154.6233493983746 424.9838685244322 1.785766251385212 197.8380176387727 526.02059558779 0.2343633696436882 479.546844445169 107.512858107686 693.613943003118 3637.291990242898 3165.802042350173 1.323961287736893 62.90748796612024 14.24003129452467 516.2132660001516 12.85555627197027 297.2564402520657 14.40768626332283 410.0043789073825 120.6323510855436 179.4021247774363 21.99297191202641 2.944121852517128 5.697377160191536 1.696717746555805 0.4147988185286522 6.708741337060928 1.867156200110912 0 7.153285413980484 153.9927830770612 18.88082517683506 5.703308917582035 14.91129675507545 1.198670253157616 0.2525104582309723 0 13.24215634912252 0.2413790673017502 4.941489823162556 0.2534571066498756 0 0.4298439249396324 0.3661381900310516 1.279423080384731 4.454712219536304 10.57235853374004 107.953695602715 0.12408097833395 5.82195421308279 26.99541590362787 127.7136926352978 12.84722695499659 33.15919775515795 0 0.6349765136837959 3.250061355531216 3.88045109808445 2.081029325723648 24.95396702736616 0.2022260874509811 24.18949649482965 8.915612161159515 8.262607619166374 0 0 0.3202796578407288
0 11.9463112950325 0 40.43942868709564 829.7015395760536 815.5105717852712 11.25123591721058 212.5855922549963 1448.814104229212 21.14501278102398 2.404671683907509 1035.081980779767 3.474822908639908 45.78487672656775 535.0633037984371 0 0.08017296344041824 0.4508043825626373 0.7261758074164391 53.21745850890875 0 46.76784814149141 0.2398985326290131 997.3135436177254 5.065669037401676 2.016999050974846 19.90408547222614 99.37415452301502 8.248987957835197 0.4884874820709229 0.2088860645890236 168.3108595088124 0 45.50308675318956 0.1901364326477051 69.14555816352367 0.1324115842580795 31.52807190269232 24.7899994328618 1812.134000211954 103.6140788942575 0.5170323848724365 0.3258252441883087 0 0 0 1.403993129730225 0 0 0.2755170911550522 0 0.5567183494567871 0.3834377229213715 0 7.664672255516052 0 0 6.258485436439514 0.3601745963096619 0 0 0 1.027297168970108 0.1325435489416122 0.8168328106403351 0 3.681808084249496 0 0 0.1276948899030685 1.534039691090584 0 0.3503134548664093 0 0 0 0 0 2.115276545286179 0 0.1589303314685822 0 9.98566210269928 0 0 0
0.3186093643307686 145.3900572806597 6.965145379304886 0 0 0.7777354717254639 39.01923376321793 1.355274140834808 43.65770579129457 2.962549686431885 3.127635285258293 0.06249339506030083 6.119345255196095 5.198962770402431 0 1970.945333965123 22.29925172775984 1.023568071424961 10.63164985924959 0 2565.624451100826 2006.688821874559 4188.872745297849 2486.065775208175 26.55065625905991 6.934185244143009 2898.761580213904 965.7311692386866 3.903551563620567 196.3203898593783 0.6190105751156807 0.1928816437721252 0.8576169908046722 95.86867837607861 72.22617463767529 2379.426098972559 939.172776080668 537.1185420155525 928.5523902848363 59.74051527678967 7.199657879769802 2.415468811988831 12.89543841034174 0.6946668475866318 3.274054989218712 12.48278581351042 0.1523233205080032 0 0 6.882300861179829 1.356812052428722 9.403049290180206 0 0 0 0.1913838982582092 2.011918023228645 0 2329.304216846824 2.35278681665659 0.3293717354536057 0.177077054977417 0 658.4840237870812 1312.872950039804 1369.611222155392 244.1769930571318 0.1584397554397583 2.355705611407757 325.6059589534998 130.0039582028985 2.406886719167233 92.46817997097969 0.259894460439682 0 1.01105897128582 8.447891600430012 6.177347503602505 122.9319365397096 23.72962778806686 26.12431894987822 37.27157817035913 2.142373792827129 0.1450686752796173 0.7172364741563797 1.075413055717945
271.8367929905653 173.1583168283105 2482.002074278891 0 0.8413525149226189 4.677428379654884 23.71554032340646 213.2145645692945 0.9158123061060905 3.63577751070261 577.9743014872074 2.579903334379196 2.060840673744678 669.8967984952033 0.08017296344041824 22.29925172775984 285.4591900855303 82.5375507697463 1779.320405103266 1.0627805814147 721.5286298915744 30.20837222784758 2437.068759232759 24.27288970351219 0.2534197866916656 2781.506046056747 3842.922587677836 220.2962218150496 813.4580745138228 2175.509579196572 0.5319359079003334 7.622364893555641 30.87191503494978 3220.0508543998 9.408121407032013 721.6521931141615 301.8422729596496 3096.8566968292 688.154412470758 13.96142360568047 3.52605526894331 0.4054504930973053 1.919827908277512 0.299934446811676 116.1421255022287 707.012651629746 0 0 0.3822539150714874 1.507949844002724 0.6073554679751396 1.0721205919981 0 0.1815690398216248 0 0.4467250257730484 0.8056427985429764 0 23.55416219681501 109.9194126725197 1.544864162802696 33.74085469543934 0 20.51115421950817 21.42998970299959 108.7038288936019 13.42240735888481 0.3462789058685303 311.1412784978747 1062.677114903927 6.313065178692341 0.1493942141532898 6.822917506098747 2.751312635838985 0 0 1.037924006581306 0.5881738811731339 32.50369945913553 2.175043039023876 33.1498850658536 10.70664859563112 0.7606172561645508 0 0 0
3.379414968192577 9.705562591552734 10.24408164620399 0.6904860287904739 3.469402186572552 12.12080144137144 6.917124308645725 29.26571108400822 0.8392874673008919 13.57654761523008 1262.99093414098 17.00859183073044 16.48596333712339 35.80976668000221 0.4508043825626373 1.023568071424961 82.5375507697463 104.5134211778641 1354.307332247496 3.752327673137188 5.170165203511715 5.77551943063736 8.228131882846355 9.039528042078018 33.21651963144541 2607.530630417168 775.8205034807324 6.274585075676441 82.04135195910931 11.05631985515356 148.3216534852982 60.78268490731716 1.11785189807415 658.3427498191595 1.505045473575592 412.2372764125466 1054.982795156538 1750.526254847646 560.111914075911 10.63514667004347 5.030152574181557 45.86614996194839 0.8492651507258415 0 1.920355029404163 0.595861941576004 0 0 0 2.112940222024918 0 0 0 14.49258532375097 0 80.91160593926907 0.4350617676973343 0 0.5245871692895889 0.6116570830345154 45.29368308931589 47.26971467584372 0 0 0.2998219430446625 0 2.530697852373123 43.63796289265156 209.3610817119479 235.2255934476852 2.273923486471176 0.4385231733322144 0.1328904032707214 73.59364614635706 0 0 0.7637876868247986 0 3.733524955809116 26.36307537555695 1.454605102539062 0.1086956933140755 0 0 3.737590476870537 0.128061518073082
78.05848557502031 39.30950381606817 231.291222050786 0.3728228807449341 2.60882157087326 14.63338699936867 22.26860585808754 134.0307800620794 3.519414134323597 24.86930155009031 1303.62089407444 29.74788252264261 10.79914946854115 336.6135030984879 0.7261758074164391 10.63164985924959 1779.320405103266 1354.307332247496 1721.841621592641 6.983914837241173 72.72059031575918 9.716446369886398 212.8434080109 21.97477889806032 7.894735619425774 5075.187888979912 1080.390794873238 31.59716391563416 461.457560300827 221.277014657855 15.15049313753843 61.02683847397566 23.0728383436799 3574.071888707578 11.97102193534374 1354.131758406758 1514.690831117332 4095.884655691683 1457.252299197018 24.79394940286875 2.998457834124565 13.13654074072838 4.900277823209763 0 19.17520824819803 32.96174520254135 0 0 0.1769418120384216 1.763221547007561 0 0.7599866390228271 0 5.459930926561356 0 30.95241864025593 0.2703875303268433 0 5.096042700111866 31.10850094258785 27.14614257216454 178.760381244123 0 3.803150199353695 3.399125814437866 2.885408341884613 7.724601201713085 6.645323269069195 847.7637459337711 607.5042169392109 4.95556416362524 1.247247375547886 2.641436941921711 29.59784059971571 0 0 1.772032678127289 0.395574189722538 12.10938209295273 10.6884540989995 5.021796524524689 1.519548177719116 0.2429160177707672 0 0.2586473524570465 0
0.3520278856158257 0.2790315076708794 0.3347208648920059 2249.169364228845 3.291708469390869 507.6598638445139 49.51853517442942 311.7663815915585 622.4415905326605 3820.583652622998 11.76842565089464 3490.193188592792 3.038269855082035 154.6233493983746 53.21745850890875 0 1.0627805814147 3.752327673137188 6.983914837241173 259.1855170205235 0.2937171533703804 0.5018983483314514 0.1865544021129608 186.7092379853129 0 3.191218107938766 1.96832313388586 4091.059465281665 64.40816657245159 1.145285114645958 0.2865283340215683 19.09439911693335 0 42.33895643055439 1.923579074442387 60.93791268765926 2.280511230230331 57.55731271207333 19.5965483635664 256.3727137595415 3.504157014191151 0.5335984602570534 0.4284090995788574 0 0 0 30.06357772648335 0.4225085899233818 4.603671535849571 19.74973042309284 2.138736665248871 11.20591872930527 45.52956115454435 0 22.97396473586559 0 1.534461542963982 7.32668225467205 0 0 0 0 3.658516332507133 0 0.5199881196022034 0 66.28817557543516 0 0 0 48.5122454315424 0.6480510532855988 0.7565056085586548 0 0 0 0 0 3.158462904393673 0 0.1417599767446518 0.1161871701478958 71.13591267168522 0 0 0
71.64370188117027 14.20414289832115 541.6985111087561 0 0.5071050524711609 19.16476656496525 1042.053223662078 342.400417663157 35.23677027970552 11.68500006198883 18.01747143268585 0.9747967645525932 12.2651237398386 424.9838685244322 0 2565.624451100826 721.5286298915744 5.170165203511715 72.72059031575918 0.2937171533703804 12007.19268418103 350.5389860644937 9633.532620698214 230.502003595233 5.810543164610863 47.99209716171026 569.7143207639456 2847.778961658478 313.1089261248708 7940.409641779959 0.1741784289479256 4.922761090099812 29.87216997146606 2943.610880702734 263.511562012136 5094.33634173125 444.9783773422241 4682.079742439091 3203.129974506795 104.7096074968576 34.58111096173525 4.976232603192329 38.03448517620564 0.4856453537940979 0.5338419377803802 9.331152856349945 0 0 0 4.587738960981369 0.8540134653449059 9.013843029737473 0 0 0 0 1.554316900670528 0 635.8411421775818 1.432962700724602 0.1159283965826035 0.2254985570907593 0 553.7050372883677 228.5086775869131 195.4619822576642 235.9550198763609 0 0.6072244793176651 29.59822876006365 123.0470010861754 3.14672689139843 93.07474090903997 0.1461208164691925 0 0.6689782291650772 5.116921409964561 10.33179086446762 110.2784117087722 2.964513778686523 15.59550315886736 7.553241938352585 0.7916721552610397 0.4200626984238625 0 0
0.4119813442230225 2814.031116180122 26.84802986681461 0.1323121935129166 0.3194461315870285 2.58143337816 56.40983103960752 1.78231405466795 1526.485300891101 2.565743505954742 37.05959929525852 5.396829769015312 157.6637836098671 1.785766251385212 46.76784814149141 2006.688821874559 30.20837222784758 5.77551943063736 9.716446369886398 0.5018983483314514 350.5389860644937 2224.25275541842 350.5349407866597 4812.060402154922 1056.833311066031 44.67488390952349 5343.235724195838 126.4127531647682 3.245006784796715 55.39365701377392 31.8687114790082 0 1.18850664794445 13.30004514753819 3.25407974421978 136.7888188958168 58.16617870330811 45.3475538417697 42.64637934416533 30.64617572724819 1.172479748725891 19.27531168609858 0.8692390471696854 0.1856488883495331 5.314063794910908 185.9671896621585 0 0 0.187310591340065 6.897014819085598 1.089449889957905 28.22303153574467 0.5499426946043968 3.66025085747242 0 7.797752164304256 1.878714814782143 0.7163335829973221 1036.886898130178 4.156056880950928 0.6353270411491394 3.175629585981369 0 292.4514821991324 473.8133490383625 527.6202663630247 197.6959429830313 2.111093178391457 14.49854481220245 1221.820387452841 70.38350541889668 0.8130141496658325 38.21781546622515 0.9298341944813728 0 0.2534340620040894 3.505866393446922 1.221489019691944 63.57826914638281 14.3776750266552 20.38236478716135 20.10163984447718 3.951544553041458 0 1.539500817656517 0.3334836661815643
42.60039060562849 32.24092979729176 11211.9052567929 0 0.2019248902797699 10.53484529256821 324.7848096638918 132.841578617692 3.242107652127743 6.024879656732082 19.44907903671265 0.2161653414368629 18.23584131151438 197.8380176387727 0.2398985326290131 4188.872745297849 2437.068759232759 8.228131882846355 212.8434080109 0.1865544021129608 9633.532620698214 350.5349407866597 17562.65758311749 216.4478842243552 1.253896288573742 1284.174752272666 10238.66421924531 1043.051874704659 87.79052174091339 2801.700586229563 0.09552540630102158 4.202332802116871 5.174659170210361 2631.684131242335 276.5217988118529 7078.339998528361 2058.889071285725 6769.50867819041 6309.35047994554 280.4566617682576 58.05522252619267 9.96853432059288 80.34272529184818 0.4960893839597702 19.98311264812946 496.8921409323812 0 0 0.3803274556994438 18.67967462539673 2.761248342692852 0.6000368893146515 0 0 0 0.1798596084117889 6.610850863158703 0 1316.246456444263 12.41037816554308 0.1302031129598618 1.588182702660561 0 148.3443501293659 673.818521939218 1445.942174181342 42.81345503777266 0.2814637124538422 11.108697719872 1657.556545764208 10.61465592682362 0.9811700135469437 25.41516286879778 0.4476052150130272 0 0.1846279501914978 2.719188757240772 19.4256102591753 132.301812581718 28.47376991063356 42.67044103145599 80.1628573089838 4.023467734456062 1.170803412795067 1.287847071886063 2.171977303922176
21.62331700325012 491.3631778582931 35.90701039135456 1148.449360817671 13.11024148762226 693.6655201762915 1475.18470145762 394.2622791677713 8875.595086500049 1372.740963935852 25.95355774462223 336.4510511383414 32.95498352497816 526.02059558779 997.3135436177254 2486.065775208175 24.27288970351219 9.039528042078018 21.97477889806032 186.7092379853129 230.502003595233 4812.060402154922 216.4478842243552 10374.15779858083 189.2374311089516 27.94240364432335 1764.968137070537 6678.50135820359 923.845922626555 2008.164671249688 7.067621447145939 31.81013353168964 245.9089163020253 476.0393840149045 173.6637029200792 3276.211660958827 71.82523163408041 1425.340083159506 700.3751503154635 588.6692947223783 35.79153008013964 5.047669738531113 28.76692314445972 37.79473949968815 7.307050041854382 9.130396001040936 187.5194043368101 2.187357470393181 98.25441030412912 1145.102404251695 175.303234577179 658.3883583545685 494.5931682065129 5.699857883155346 106.444789364934 1.619008526206017 176.7091470919549 18.51108469069004 252.2987903431058 2.772450901567936 1.406416498124599 2.755705013871193 87.82223801314831 293.8832125887275 149.2238230258226 58.46933107078075 3570.586979828775 3.584312379360199 4.873305767774582 36.8585782200098 2319.451215527952 275.8046702072024 1016.102034129202 0.4313797056674957 10.65659030154347 30.90419934689999 72.76643163710833 26.14351169019938 664.2550520673394 4.669740244746208 393.386988915503 143.9284400120378 262.2880842164159 8.943232029676437 0.2800152897834778 2.992610916495323
0 1972.793420910835 0.7245136946439743 0 0.5515448302030563 0 0.5736121833324432 0.1375649571418762 165.4114620313048 0 353.2603774890304 0.8654775395989418 3684.399915382266 0.2343633696436882 5.065669037401676 26.55065625905991 0.2534197866916656 33.21651963144541 7.894735619425774 0 5.810543164610863 1056.833311066031 1.253896288573742 189.2374311089516 319.5532294809818 339.1455970108509 3161.345841467381 5.53201649338007 0.1669101789593697 0.7338754460215569 650.5171630829573 0.2276896834373474 0 159.6851561516523 0.1510371118783951 25.89756755530834 97.43760243058205 114.3056131899357 47.88348784297705 2.196372576057911 5.168228030204773 731.3398192822933 2.41106104850769 0 17.25127691030502 0.2358893305063248 0 0 0 0 0 0.5569023266434669 0 128.7351989671588 0 471.0886953026056 0 0 0.1165984570980072 0 10.21782102435827 17.34920475631952 0 0 1.703700132668018 0.3281073644757271 0.1968162804841995 87.35432318598032 252.0870232507586 494.8982430025935 0.5051190033555031 0 0 66.37997867912054 0 0 0.4278689995408058 0 2.055253453552723 15.64671652764082 1.786829650402069 1.733961939811707 0 0 24.58035060763359 0
101.713933929801 303.1897695362568 6580.713556662202 0.436868354678154 2.295216247439384 13.50988433510065 41.51187627762556 313.7267584949732 15.04232062399387 10.88901530951262 1844.882963255048 11.09227201342583 55.78754428774118 479.546844445169 2.016999050974846 6.934185244143009 2781.506046056747 2607.530630417168 5075.187888979912 3.191218107938766 47.99209716171026 44.67488390952349 1284.174752272666 27.94240364432335 339.1455970108509 24970.35067591816 10295.75160781294 81.73891792446375 268.2054347917438 263.3988050967455 351.0545690506697 45.71385389566422 13.09988193958998 920.2313311100006 9.897036910057068 1587.847158230841 2849.690973132849 3402.473582044244 1340.256371982396 25.05238454788923 6.027699425816536 135.6382586285472 3.602383963763714 0 313.4321271106601 437.2754952311516 0 0 0 4.974735639989376 0.7596996054053307 2.031093947589397 0 76.78125982731581 0 445.1632300019264 0.841722808778286 0 10.07723712176085 264.3381567001343 205.1349160447717 781.9167304337025 0 2.881824433803558 13.2371559292078 21.33322905749083 11.05521273612976 313.4854741543531 4432.10425388813 4429.304070852697 2.758043341338634 0.5137521401047707 12.32228353619576 305.8919467404485 0 0 6.332186706364155 2.921068295836449 37.38720909506083 118.7230739519 39.657435759902 7.262903645634651 1.026663221418858 0 6.241476133465767 0
29.70932609587908 8097.992076538503 2843.224565811455 0.3092030435800552 1.281350210309029 7.794443964958191 139.396955050528 55.69135098159313 472.6883640214801 8.826182290911674 348.5352353453636 8.078810825943947 1091.744971618056 107.512858107686 19.90408547222614 2898.761580213904 3842.922587677836 775.8205034807324 1080.390794873238 1.96832313388586 569.7143207639456 5343.235724195838 10238.66421924531 1764.968137070537 3161.345841467381 10295.75160781294 22993.67334634066 819.2524647414684 90.00706737861037 107.5861259810627 1306.423973858356 14.73664179444313 4.264211371541023 1398.184263087809 97.68442711979151 6276.132288224995 3656.393354900181 5840.662138342857 2949.448900923133 228.8086702004075 35.23229921609163 50.02430631220341 38.26398895680904 1.883505515754223 2185.573699608445 2668.08386464417 0 0 0.7590035647153854 37.84076741337776 6.059542648494244 2.68195665627718 0.9699205756187439 39.38872596621513 0.1397793889045715 287.1099201440811 13.98584994673729 0.3027526959776878 636.179023347795 410.7632535472512 141.9094773679972 789.6002081185579 0.1229261457920074 42.13671700656414 1402.934188507497 1420.719356633723 68.11997731775045 601.1079925820231 6110.934294633567 12919.35024064034 21.59016344696283 4.587602242827415 40.78234953433275 252.13764192909 0.09039111435413361 0.4342872500419617 7.568906478583813 21.1211116835475 230.2729649543762 114.3912323415279 142.4597598835826 109.7106857895851 7.058484509587288 0.1770547181367874 10.67281378805637 0.790404200553894
43.53263889253139 14.33166456222534 558.7015476375818 4538.733176767826 5.36094618588686 1457.557169124484 16690.00758992881 528.7081255093217 1387.59526707232 4401.128987513483 16.97876394540071 942.8829439878464 5.686648614704609 693.613943003118 99.37415452301502 965.7311692386866 220.2962218150496 6.274585075676441 31.59716391563416 4091.059465281665 2847.778961658478 126.4127531647682 1043.051874704659 6678.50135820359 5.53201649338007 81.73891792446375 819.2524647414684 12794.00425792485 1070.056622330099 10070.59060966969 0.3429634347558022 25.69381145387888 391.8953820541501 1092.532991565764 195.8451189026237 3278.673152051866 80.87620685994625 2061.806955270469 1022.849506922066 183.0041180700064 33.86313063651323 3.478810660541058 29.16880943626165 16.91249013692141 2.990425102412701 6.97768072783947 158.4967942610383 1.738103687763214 78.62227465957403 783.0815470814705 130.9605351313949 188.9545848146081 419.5416926145554 4.121268585324287 135.4163936898112 0.3135713934898376 105.1643658131361 15.06333346664906 112.9630467519164 1.826606474816799 0.6647028997540474 1.039535611867905 46.32962595671415 163.4685399010777 44.17364279925823 22.68496746569872 1810.238823875785 2.335545644164085 0.823745884001255 22.25229320675135 1398.888368807733 143.114057816565 546.9978072270751 0 5.943909510970116 12.80548214167356 30.11612444370985 16.18866589665413 279.350415892899 2.289091654121876 164.4109673574567 68.48317725211382 177.1565605923533 3.802023842930794 4.119060397148132 1.587046608328819
2180.3843113482 1.083037108182907 301.1964475251734 17.94169275462627 20.17729720473289 130.6968403235078 1350.542378179729 122.8669557869434 31.82280625402927 466.1021530851722 305.0921006426215 260.6091506704688 8.54418108612299 3637.291990242898 8.248987957835197 3.903551563620567 813.4580745138228 82.04135195910931 461.457560300827 64.40816657245159 313.1089261248708 3.245006784796715 87.79052174091339 923.845922626555 0.1669101789593697 268.2054347917438 90.00706737861037 1070.056622330099 13371.70898272097 5722.547604769468 5.784172028303146 1661.526082672179 2784.226638607681 2348.160274736583 59.69716510921717 570.7439020499587 24.10375435650349 2040.165804684162 286.0396612137556 83.20578470081091 24.09025830030441 3.152834519743919 13.5717584118247 2.382669158279896 0.3968767523765564 1.787060044705868 0.8054724484682083 0 4.494929559528828 138.3462998867035 15.71359942108393 11.50664419680834 9.784524463117123 0.1094288676977158 0.09562990814447403 0.2208978235721588 12.99496236070991 0 3.177861332893372 0.7917703613638878 0.3267392814159393 0.4493680000305176 0.1101242527365685 1.880234263837337 0.8347575813531876 2.478501200675964 126.6589924171567 0 4.626827239990234 10.24690084159374 118.175189524889 17.99003119021654 68.5609282925725 0 1.242265485227108 1.709932297468185 6.297690123319626 2.890425339341164 45.09457816183567 0.4355278089642525 29.84389452636242 13.61178386211395 5.038413532078266 0.5923524051904678 0.275781124830246 0
