697.0377414673567 0 12.42492480576038 12.30611360818148 0.1242882385849953 19.19578962028027 2091.41501185298 151.7481160536408 2.001663684844971 71.49297050386667 35.3383526802063 0.7860250398516655 0.8343322575092316 3236.050372883677 0 5.319787859916687 205.9185497462749 26.90566365420818 90.45858078449965 7.300371684134007 77.03897055238485 0.346506729722023 69.52914886176586 100.3800000697374 0 56.78268618136644 9.189403183758259 116.7642330080271 4637.941728286445 1378.123637959361 0.107480488717556 10.15227347612381 15.50491820275784 244.2275536879897 5.267787136137486 57.26529044657946 9.54842546582222 110.5370644703507 22.00741321593523 0.3162279948592186 1.450778588652611 0 0.32877217233181 0 0 0 0.1146488562226295 0 0 1.736605376005173 0.2445189356803894 2.279355846345425 1.287320800125599 0 0.1306446343660355 0 0.8752598240971565 0 1.289553418755531 0 0 0 0.2562335729598999 2.471354484558105 0 0.5798568874597549 12.29216884821653 0 1.182417012751102 1.297048300504684 12.63963238149881 0 1.417088210582733 0 0 0 0.1231638714671135 0 3.550219431519508 0.1683076769113541 1.036494970321655 0.1783958524465561 0.5726386904716492 0.6302350759506226 1.816167593002319 0
0 77.28623978793621 16.10921361297369 0 1.856769867241383 1.267678573727608 2.863523826003075 0.1158653348684311 550.8581953644753 0.7112710773944855 511.218037225306 4.396875984966755 860.0521769300103 1.095034271478653 17.53064255416393 326.8781775981188 16.48937895148993 11.67541142553091 12.54586726427078 0 22.62478657066822 3187.555050738156 8.164147794246674 1316.660531334579 1739.977448284626 122.9817966222763 3270.384571820498 12.40400189161301 1.423177748918533 0.9347211420536041 78.12757564336061 0.9817157685756683 0.1507354080677032 226.6251294463873 0 27.90429949015379 183.8934644535184 200.6058309599757 14.38094756752253 15.53876612335443 1.260965630412102 339.5394238233566 0 0 88.90797314047813 127.9801781028509 0 0 0 1.42743393778801 0 9.558266118168831 0.1396799087524414 8.494887590408325 0 38.67865823209286 0 0 12.41609487682581 11.00628265738487 3.031074270606041 16.26975078135729 0.2333886027336121 3.645962424576283 121.8231040984392 12.16208385676146 14.01601126044989 14.96437809616327 256.8414012864232 1578.306845493615 5.603418916463852 0 1.025022178888321 2.257571443915367 0.1162857562303543 0 2.792421348392963 0.9857262372970581 16.94270357489586 13.61758244782686 15.74580920487642 3.050545379519463 0 0 5.595808312296867 0.1433464735746384
12.42492480576038 16.10921361297369 6456.269241698086 1.398261226713657 0 56.97221446782351 1763.924005709589 363.1449357792735 2.793162450194359 154.3948947414756 46.19400870800018 1.887315288186073 5.636238269507885 147.0863366797566 0 2.512143678963184 4738.182773850858 88.21884986013174 316.0244858935475 1.26175357401371 93.93816507607698 4.384587682783604 6150.02711802721 27.03619819879532 10.65012097358704 11955.43015289307 3903.219850257039 201.271088950336 32.73634734749794 330.5044309645891 4.347479917109013 1.890194751322269 2.637998662889004 763.0852773115039 68.13080862909555 2020.823216401041 2509.983861193061 2756.810860283673 1019.306065142155 90.62093437463045 0.7852614670991898 7.211469858884811 9.58804240077734 0.1546203643083572 235.040933072567 1110.517254777253 0.3433914482593536 0 0.1606113314628601 28.86552172899246 1.138219267129898 3.484943501651287 2.429151356220245 0.2689065411686897 0 1.996728144586086 1.240599870681763 0.2638632208108902 57.29109586775303 100.040476873517 0.8987023830413818 54.33572173863649 0 17.08723619580269 36.80614547431469 71.257144972682 56.25815141201019 0.9590179026126862 810.3575337380171 2448.308151066303 41.61961001157761 0.2162530720233917 6.883290812373161 0.2537103593349457 0 0 11.66738812625408 31.95007907599211 48.75487620383501 53.19068662822247 42.66281305998564 25.82336609065533 0.3095121011137962 0 4.774211153388023 0.2888327538967133
12.30611360818148 0 1.398261226713657 3062.151665866375 5.403198927640915 79.30246375501156 23.25561586022377 20.68020426481962 899.2380015328526 2824.614306114614 9.20043483376503 2424.27958072722 0.7639117911458015 39.00196243822575 62.917245618999 0.8948588892817497 0.9044586643576622 2.768343053758144 1.641229078173637 3650.419308535755 5.876531027257442 0.2509021386504173 2.186337396502495 1513.097578056157 0.6743502020835876 4.37142700701952 4.167039580643177 4498.471696779132 289.7006962969899 3.753755398094654 0.1944896131753922 5.732534572482109 12.91933990269899 50.56739690154791 14.5758891031146 407.5870071649551 15.1915975138545 226.7583261504769 80.1864193752408 128.2518176212907 12.30767804384232 0.3978248685598373 6.573074266314507 0 0.4953005909919739 0 415.4319361299276 0 24.65714903175831 82.48163928091526 8.635876953601837 300.2808908373117 541.1456672623754 3.471148908138275 243.8742445856333 0.2631568610668182 7.735336132347584 6.95012578368187 0.3698014467954636 0 0.5666748285293579 0 421.6659802645445 1.582580968737602 3.680162817239761 0.6053814738988876 708.7062631770968 0.6808174103498459 0.9097165763378143 3.587491475045681 403.0411427989602 3.385854452848434 1.592511370778084 0.1415853202342987 0 0 7.495280578732491 0.1668290644884109 45.56122594326735 0.9106838032603264 45.2906933799386 7.850301973521709 141.1043435633183 4.509597986936569 0 1.86689168214798
0.1242882385849953 1.856769867241383 0 5.403198927640915 85.57373934984207 266.9114170894027 2.257856376469135 37.59727907180786 104.6144249811769 14.8249653801322 3.651156514883041 121.6608440503478 0.1535480916500092 47.40892964601517 1048.786220349371 0 0.6515588015317917 0.57038414478302 0 12.97210720181465 1.309488594532013 3.356503635644913 0 34.41892171651125 0.9629833027720451 0.3523646146059036 8.140772625803947 3.693820178508759 4.008997052907944 0.935851514339447 0.1375677883625031 129.1323205754161 0.08964865654706955 60.1746107712388 0.7163669466972351 67.7005317658186 0.8990102559328079 111.2670955955982 41.60399355739355 1256.722764618695 47.83181709051132 5.623919576406479 2.679915234446526 0 0 0 0 0 0 2.286332368850708 0 1.345477104187012 0.371465265750885 0 0 0 0 0 0 0 0 0 0 0 0 0 2.690004467964172 0 0 0.1288908869028091 1.047181338071823 0 0 0 0 0 0 0 0 0 0.2533645629882812 0.3006286919116974 0 0 0 0
19.19578962028027 1.267678573727608 56.97221446782351 79.30246375501156 266.9114170894027 11567.96460579336 1339.879533521831 7399.399924129248 158.6138802021742 10592.99165320396 121.6546079292893 4827.031588234007 10.65958391875029 617.927166081965 1374.336261667311 3.387470461428165 34.01186792552471 31.33513136953115 24.84523238986731 471.7730898857117 49.08892667293549 1.823874212801456 52.87904390692711 294.5079394876957 2.463384971022606 84.40116708725691 27.01317146420479 882.8710020184517 632.0942994579673 42.50765351951122 3.613044135272503 1394.945006258786 26.94118770956993 341.1658779010177 9.23626446723938 642.3516635596752 24.05530862510204 558.2147193700075 170.9687425941229 1608.7233203426 92.57353135943413 18.76301068812609 9.935803800821304 0 0.1143663451075554 1.089178398251534 34.56122755259275 0 11.95927433669567 21.39446367323399 1.399974949657917 18.12697474658489 40.57242155075073 0.4589678049087524 46.16498877108097 0.3844788447022438 2.162685789167881 1.868709444999695 1.210682339966297 0.1509899944067001 0.4719056859612465 0 40.96850948035717 0.3703140541911125 0 1.136786967515945 66.45750061422586 0.4700564295053482 1.063534788787365 5.442265264689922 54.68449302762747 0.2537204921245575 1.039883062243462 0.2487294301390648 0 0 0.8106448799371719 0 26.18482813239098 0 3.699582286179066 0 64.57051779329777 0.6499011814594269 0.1831922680139542 0
2091.41501185298 2.863523826003075 1763.924005709589 23.25561586022377 2.257856376469135 1339.879533521831 15880.02499720454 4370.066193670034 34.43082131445408 5846.867031611502 79.25127648562193 29.15924482047558 3.065977573394775 9553.794303812087 7.978959284722805 70.63459214568138 1056.414022564888 96.40334165841341 283.4975826516747 16.50446477532387 2412.34074665606 9.027865752577782 3322.598508037627 1919.109143353999 0.8890117481350899 1287.008721321821 309.8200904130936 19696.88480883092 2506.85515666008 6563.575079254806 3.021726377308369 42.06008371710777 194.5793941393495 416.9074082672596 59.2085580304265 1008.396767519414 152.4057318195701 1294.553179807961 458.8609793484211 82.41481842845678 25.21812602132559 5.3548279479146 13.99786143749952 0.5876336768269539 1.435703329741955 11.63020859658718 14.48142650723457 0.664540708065033 1.213473059237003 81.3599736019969 5.185374848544598 80.70925077795982 28.28844218701124 1.90405161678791 4.82625187933445 0.5542904436588287 3.040841430425644 1.443510182201862 24.99302146583796 0.6292689442634583 0.4017298668622971 0.5720493793487549 13.51551669836044 5.157748512923717 2.943966209888458 31.81217666715384 155.4469532966614 0.179828867316246 4.817562736570835 58.61017107963562 159.7262430414557 3.191132791340351 12.32863318175077 0 0 0 2.853702887892723 7.569067820906639 37.11451911181211 0.6288259327411652 13.41922573000193 8.657987169921398 18.21875214576721 4.922322124242783 3.548567868769169 0
151.7481160536408 0.1158653348684311 363.1449357792735 20.68020426481962 37.59727907180786 7399.399924129248 4370.066193670034 13118.3001478985 7.72597124427557 2933.866412065923 191.5310751572251 470.6523881405592 8.629450745880604 8410.617679536343 252.1557259261608 2.882459215819836 777.6642168089747 188.2347151711583 465.7657767832279 99.14793036878109 165.7227529585361 2.229531206190586 416.5901746526361 82.61220014095306 1.539191029965878 771.4871352985501 49.54889167100191 189.8190715909004 610.9593561440706 1755.526676952839 3.307283878326416 559.93544472754 15.75462755560875 681.1881684958935 13.72916119545698 409.103711783886 60.875328078866 561.9014289230108 142.8722452148795 575.6962049752474 68.52471037954092 15.38458076864481 8.061468251049519 0 0.1300924271345139 2.514105916023254 2.680222921073437 0 0.9145452976226807 8.80380018055439 0.4718998968601227 6.471423402428627 4.033457636833191 0 2.194946199655533 0.7218814939260483 0.6031570881605148 0.4217367917299271 3.204751715064049 0.3120095729827881 0 0 1.106131739914417 3.256608799099922 0.2094376534223557 1.650814823806286 19.01381371170282 0 4.4731674939394 8.643250547349453 20.62195071578026 0.9562209323048592 2.53908908367157 0.2196351736783981 0 0 0.2302730083465576 0.7097428143024445 6.296991564333439 0.1101237088441849 0.237504243850708 0.8750107884407043 2.094114705920219 0 0.8436252102255821 0
2.001663684844971 550.8581953644753 2.793162450194359 899.2380015328526 104.6144249811769 158.6138802021742 34.43082131445408 7.72597124427557 774.8476803228259 173.9301449730992 46.8202483728528 747.5715211331844 78.8671472594142 4.557031944394112 739.7807733118534 31.25291996449232 3.786201767623425 4.517581515014172 7.042882941663265 695.3076367899776 24.92640261352062 3329.743474669755 2.451018996536732 8957.621235474944 243.7265263721347 31.6660427749157 1632.414617188275 565.6156548708677 15.45290722697973 22.78661528974771 19.65357372909784 7.100067518651485 0.8581272661685944 16.46321068704128 0.7283337116241455 127.4493486210704 20.61468020826578 32.47369548678398 5.877959243953228 445.587210483849 4.729144170880318 8.396315462887287 0 0.8121362775564194 12.55845304578543 6.719573125243187 178.2581090256572 0.1645245403051376 9.881637468934059 86.48776736110449 6.661275625228882 219.8321178480983 135.4377043098211 1.63715598732233 172.6510435044765 6.845491610467434 11.25193946063519 17.89128537476063 9.811344131827354 0.7969172745943069 1.000932581722736 2.154023885726929 155.4937772005796 16.74847857654095 9.410961449146271 1.570725321769714 924.3199782595038 2.707110933959484 18.95778039842844 38.57620214670897 310.8079169616103 7.17617280036211 23.23811166733503 0.9934226721525192 0.1889194995164871 0.7276862561702728 4.221447743475437 0 36.171600677073 2.599718905985355 10.02528289705515 6.417496740818024 56.03180813789368 1.368764162063599 0.3577034324407578 0
71.49297050386667 0.7112710773944855 154.3948947414756 2824.614306114614 14.8249653801322 10592.99165320396 5846.867031611502 2933.866412065923 173.9301449730992 29171.25448329747 314.5867594480515 5722.636423833668 21.46599950641394 1332.681329540908 83.48335982859135 7.325571708381176 77.35678262263536 95.29303020983934 69.17530280351639 3813.136617250741 98.33584752678871 0.8919019624590874 163.998312138021 748.5740915164351 2.709474638104439 198.2787703499198 69.69523739814758 8922.945053823292 3098.215938292444 71.41998695582151 8.529504805803299 219.1491438448429 45.48686400055885 750.035892829299 101.4732150584459 2378.154073029757 95.82428926229477 2163.848513074219 461.2674030140042 331.4915414229035 149.0782487019897 20.10213627666235 62.06028734892607 0 0.8998288959264755 1.008465558290482 285.4471366256475 0 23.63794272392988 240.432021394372 20.87775748968124 247.2306362837553 532.441429451108 8.999149233102798 97.05619809776545 1.276170387864113 10.31924901902676 6.911536425352097 3.419956132769585 0 2.288001172244549 0.2848755121231079 300.8114961981773 2.627406001091003 2.179075598716736 2.962359517812729 847.9866388142109 0 2.769390739500523 13.0058585703373 676.500397272408 15.97699195146561 7.612530216574669 0.3326480314135551 1.993559822440147 0.3821453005075455 21.30092997848988 5.966071575880051 78.12606517970562 2.824752792716026 82.2287215590477 24.48594894260168 133.9066010713577 6.393426582217216 0 0.9730066657066345
35.3383526802063 511.218037225306 46.19400870800018 9.20043483376503 3.651156514883041 121.6546079292893 79.25127648562193 191.5310751572251 46.8202483728528 314.5867594480515 15381.98347426951 160.8146778196096 2588.177582450211 432.9238160178065 14.0636800378561 2.614745020866394 654.5314560011029 4359.315721824765 2451.993416905403 55.81494168192148 28.05924137681723 173.4667924493551 65.7521698474884 100.1490803733468 2328.082764722407 2324.836490429938 1384.818882495165 46.61276096850634 814.2232411578298 152.6472754999995 349.8262153565884 258.0814914181828 4.993852190673351 9047.894989177585 12.93640229851007 714.5955107584596 3594.989065438509 4873.034983620048 880.7236089780927 87.14956500381231 16.87916462868452 1452.487045757473 9.57025483250618 0 45.95383667945862 3.461265467107296 1.788776986300945 0 0.5488538593053818 9.538594581186771 0 5.711748957633972 4.582382798194885 316.1992032006383 0.4001250192523003 902.6513008698821 0 0.1584345400333405 0.2373930513858795 0.9623864591121674 9.080886229872704 4.879723027348518 1.619046658277512 0.6143122240900993 4.021619319915771 0.1868603080511093 18.64286162704229 273.3329039812088 137.3137943893671 349.4615849629045 19.38598468154669 0.2779261916875839 0.430373951792717 48.61613385379314 0 0 8.956917755305767 2.920803308486938 8.845971450209618 217.5615990310907 31.04164005815983 4.307262189686298 1.383175656199455 1.725430935621262 180.4325407966971 0
0.7860250398516655 4.396875984966755 1.887315288186073 2424.27958072722 121.6608440503478 4827.031588234007 29.15924482047558 470.6523881405592 747.5715211331844 5722.636423833668 160.8146778196096 7684.216283284128 11.20151026546955 286.9594421237707 1939.913354754448 0.3697432205080986 2.505578249692917 38.71431437134743 18.24449843168259 6388.608380541205 0.5170649215579033 5.297943443059921 1.204980351030827 771.2042789533734 28.4921508282423 46.4184992685914 40.02936063706875 456.283442735672 564.4286319836974 2.844083517789841 4.449674904346466 224.7927241176367 0.7589728757739067 308.5024798959494 6.104460254311562 1115.932058677077 25.80254271626472 539.3979011774063 86.96475268900394 2246.279119618237 27.94691421091557 9.593373589217663 8.375097177922726 0 0.1097934544086456 0 269.0800272300839 0 40.81918890029192 45.90829989314079 3.279039807617664 98.05909928679466 226.4421432614326 0.9684823378920555 380.9960474520922 0.5603638589382172 2.632868774235249 19.07705976068974 0.6888742819428444 0 0 0 231.4225078374147 0.1114842891693115 0 0 150.9942121580243 0.4857075363397598 1.816442333161831 1.195016093552113 129.1123976260424 2.633869357407093 1.867647409439087 0.3078646659851074 0.5490854978561401 0 11.52519302070141 0.4968892633914948 81.86687983572483 0 9.828627601265907 1.798644378781319 310.0318436995149 0.7789024114608765 0.2633706629276276 0
0.8343322575092316 860.0521769300103 5.636238269507885 0.7639117911458015 0.1535480916500092 10.65958391875029 3.065977573394775 8.629450745880604 78.8671472594142 21.46599950641394 2588.177582450211 11.20151026546955 4417.563096307218 22.03151475638151 5.404738202691078 8.130302220582962 4.404820308089256 97.14766296744347 17.95108726620674 3.37617039680481 3.015262968838215 300.3755240738392 4.160272762179375 120.4796227440238 4690.196137800813 500.4722899124026 3101.749973013997 7.678580224514008 34.05769758671522 4.098947413265705 945.4073616042733 21.58609219640493 0.1712477207183838 1851.502383537591 7.363223358988762 119.491774559021 3173.129454538226 1836.329527154565 215.2128683105111 14.34735123068094 39.9252337962389 1472.497949756682 10.13789717853069 0 100.0719447359443 3.2841736972332 0 0 0 1.237229496240616 0.0975877121090889 2.622218295931816 0.1753795892000198 562.2342143431306 0.1474476754665375 1988.303088068962 0.8004347681999207 0.1621004194021225 0 0.4703575521707535 20.73083513230085 6.259112469851971 1.032496333122253 0 5.294122457504272 0.5177611410617828 5.417346984148026 583.7606046646833 299.4080138206482 789.9593961164355 1.72163987159729 0.1347557157278061 0.2891277819871902 135.6470037400723 0.1274202167987823 0 12.24992603063583 1.012103125452995 5.595865473151207 282.7940777242184 26.03811682015657 4.550892263650894 0 0.1513112485408783 196.9848533645272 0.1423961371183395
3236.050372883677 1.095034271478653 147.0863366797566 39.00196243822575 47.40892964601517 617.927166081965 9553.794303812087 8410.617679536343 4.557031944394112 1332.681329540908 432.9238160178065 286.9594421237707 22.03151475638151 13777.77452173084 42.83308207243681 4.85996562987566 697.4484958425164 163.4145511388779 368.1484213843942 111.9699289500713 134.5904420986772 1.738572381436825 262.5417843312025 128.4365451559424 4.804287299513817 485.4195325449109 55.4735451862216 195.2352256327868 6186.801766522229 2610.36468604207 7.31624048948288 1628.548049241304 23.35556703060865 1421.590390361845 13.57827259600163 424.4973947629333 48.50510150194168 680.6249833032489 126.9883794039488 315.8289512619376 61.00909587740898 16.91373787075281 7.910782717168331 0 0.440024197101593 1.191242732107639 1.940743409097195 0 0 15.17818829417229 1.348552711308002 10.21635461598635 3.797355115413666 0.4909536838531494 1.313864633440971 1.265754088759422 0.222164511680603 0.2663833498954773 2.135175816714764 0 0 0.2887089401483536 4.246181726455688 4.151793405413628 0.09017405658960342 1.376497365534306 28.89424072951078 1.130253046751022 1.951328717172146 7.450312532484531 39.88007436692715 0.8465346917510033 2.962657153606415 0.2609136328101158 0 0.108067013323307 0.1820611730217934 0.7063948512077332 7.691591382026672 0 1.32247006893158 0.9693698287010193 2.528833270072937 0.2928219139575958 0.3647559583187103 0
0 17.53064255416393 0 62.917245618999 1048.786220349371 1374.336261667311 7.978959284722805 252.1557259261608 739.7807733118534 83.48335982859135 14.0636800378561 1939.913354754448 5.404738202691078 42.83308207243681 503.6901770085096 0 0.5448441579937935 1.607137762010098 1.698505736887455 205.2373928800225 0.314057782292366 75.63502790033817 0.1926734670996666 790.2945181280375 18.86379590630531 5.871072374284267 124.4240656420588 40.78175506740808 51.28106044232845 0.1558745503425598 2.054721817374229 670.8138210475445 0.1391405612230301 32.37767093628645 0.6023003458976746 279.1858087107539 3.317634850740433 41.41322688758373 8.321797803044319 1732.331069298089 65.23541510105133 3.322976686060429 0 0 0.1363371908664703 0.3972618281841278 2.706798255443573 0 0.2918547689914703 2.497386693954468 0.2887168824672699 0.5700555443763733 9.02782016992569 0.1103119403123856 7.240579456090927 0.3100832402706146 0 0 0 0.2680616080760956 0 0 4.014848724007607 0 0 0 2.454058811068535 0 1.010052777826786 1.486707128584385 3.321634545922279 0 1.412574052810669 0 0 0 6.094759464263916 0.4398936927318573 11.27851726859808 0.1246567592024803 0.4665800631046295 0 9.788313373923302 0.1717502474784851 0 0
5.319787859916687 326.8781775981188 2.512143678963184 0.8948588892817497 0 3.387470461428165 70.63459214568138 2.882459215819836 31.25291996449232 7.325571708381176 2.614745020866394 0.3697432205080986 8.130302220582962 4.85996562987566 0 3362.595026858151 10.72178871184587 1.663086004555225 1.928229853510857 0.6830391734838486 3081.410280533135 3405.183758281171 5881.606911472976 3733.011000610888 34.28882121294737 6.864725299179554 3733.239632964134 904.9521135240793 53.23351153731346 82.67897546291351 0.6872695460915565 0.2328920662403107 13.49283681809902 34.98912212252617 36.82349614053965 1236.737815789878 501.5607749819756 167.6786579266191 244.4848561584949 11.9608533680439 1.613868057727814 9.247857540845871 13.18101563304663 4.065306782722473 4.133700363337994 12.93976633995771 0.2941987961530685 0.1321901828050613 0.7941079586744308 47.78359715640545 7.907135881483555 231.9443123936653 6.128941684961319 1.274392046034336 0 0.9610257893800735 14.60408914089203 1.321706511080265 2817.560356646776 3.912248320877552 0.2074345350265503 2.709112353622913 0 578.5166345760226 509.8404579684138 1605.725426882505 604.4521647393703 0 8.229976020753384 447.1086009666324 275.3878032416105 20.59650939702988 104.6481588557363 0 0 3.637787193059921 9.981448538601398 7.084080055356026 37.64783059805632 9.37412142008543 12.65492185950279 7.132896445691586 2.990661598742008 0.2479774355888367 3.926383972167969 0
205.9185497462749 16.48937895148993 4738.182773850858 0.9044586643576622 0.6515588015317917 34.01186792552471 1056.414022564888 777.6642168089747 3.786201767623425 77.35678262263536 654.5314560011029 2.505578249692917 4.404820308089256 697.4484958425164 0.5448441579937935 10.72178871184587 1192.485497698188 322.6162867248058 4837.656950421631 2.395223572850227 2291.615336380899 18.66682536154985 6224.186229772866 103.3931324928999 8.523378103971481 1564.69983395189 6676.166096054018 328.2995504587889 340.5642068013549 2273.866341166198 3.104782953858376 7.113212816417217 16.74432346969843 5577.949920579791 24.77224131673574 1114.280523084104 2607.765816479921 2310.501957029104 516.6913242861629 36.93389594554901 0.7809444218873978 6.412487640976906 4.20361690223217 0 33.71188908070326 182.4469039514661 0 0 0 9.537116907536983 0.6761135458946228 2.278513871133327 0.7733427584171295 0.2154606282711029 0 0.6648279130458832 0.4900835976004601 0 14.66737271845341 19.02272412925959 1.669333562254906 17.49655375629663 0 6.858443982899189 8.382770255208015 12.69500245153904 20.65874519199133 0.9673731923103333 234.2487282007933 469.5405127480626 20.30082734674215 0.4957162514328957 4.085597552359104 0.4731565415859222 0 0 3.045729354023933 7.014088295400143 17.27322099357843 21.03989882022142 8.495296485722065 5.981372147798538 1.028848141431808 0 2.682635903358459 0
26.90566365420818 11.67541142553091 88.21884986013174 2.768343053758144 0.57038414478302 31.33513136953115 96.40334165841341 188.2347151711583 4.517581515014172 95.29303020983934 4359.315721824765 38.71431437134743 97.14766296744347 163.4145511388779 1.607137762010098 1.663086004555225 322.6162867248058 469.1222598105669 2231.981978401542 16.00702586025 13.45060873776674 8.857314899563789 77.66121025383472 25.61371593177319 26.86327450722456 6130.006247214973 1466.659686304629 21.30490118265152 146.5143411681056 157.0422332361341 340.1016002222896 18.53793662041426 4.775997690856457 1045.133513465524 14.06407339125872 856.3034755811095 1506.190748371184 2176.459611423314 665.9758230000734 31.2114185988903 1.391172051429749 33.08696663379669 5.474277123808861 0 11.55833677947521 2.495569348335266 0.3821589425206184 0 0.1125759333372116 4.003164656460285 0.465727910399437 1.110786437988281 0.3074784949421883 30.59264520555735 0.1208490133285522 175.937180198729 0.1221726834774017 0 0.4812553003430367 0.327048122882843 17.61585395783186 12.36370902508497 0.3746086061000824 0.2687764018774033 1.067962139844894 0.259384386241436 4.984507091343403 41.84088373184204 260.3456141874194 384.1508859246969 6.275385849177837 0.1412411332130432 0.6492379084229469 36.54334476590157 0 0 1.846929736435413 2.130439437925816 7.922665074467659 56.82596425712109 6.761436060070992 2.468989238142967 0.2667041048407555 0.3065350353717804 2.661470681428909 0
90.45858078449965 12.54586726427078 316.0244858935475 1.641229078173637 0 24.84523238986731 283.4975826516747 465.7657767832279 7.042882941663265 69.17530280351639 2451.993416905403 18.24449843168259 17.95108726620674 368.1484213843942 1.698505736887455 1.928229853510857 4837.656950421631 2231.981978401542 3806.819082595408 10.71119332313538 75.29177825897932 7.842461444437504 288.7092964798212 51.87788972258568 10.24241305887699 5698.129603467882 1469.311453685164 52.84344245493412 221.0355221927166 485.0416176468134 22.22945241630077 12.9252622872591 8.796547405421734 3434.018670149148 16.55915155261755 1316.120059832931 1718.337110199034 2778.126228772104 632.4949255362153 47.85801965743303 1.152075409889221 4.30791774392128 4.786986768245697 0 36.57604259997606 14.89718282967806 0.1350395083427429 0 0 2.25966340303421 0.1437546610832214 0.5127998292446136 0 4.006092756986618 0.1222197711467743 26.89657565951347 0 0 0.2451178804039955 2.085709676146507 17.35943514853716 106.9709597378969 0.4453899562358856 1.181433476507664 2.211770743131638 0.7718702852725983 8.024666525423527 17.81909795105457 1082.580123879015 902.7638812586665 8.5737070068717 0.1098777875304222 1.684668377041817 13.07306639105082 0 0 4.365417651832104 3.904008522629738 22.70061595737934 84.21130368113518 16.48760039359331 4.829568400979042 0.1685059517621994 0 1.019284546375275 0
7.300371684134007 0 1.26175357401371 3650.419308535755 12.97210720181465 471.7730898857117 16.50446477532387 99.14793036878109 695.3076367899776 3813.136617250741 55.81494168192148 6388.608380541205 3.37617039680481 111.9699289500713 205.2373928800225 0.6830391734838486 2.395223572850227 16.00702586025 10.71119332313538 1125.29723739624 1.672139786183834 0.1116077080368996 2.304856650531292 651.6625629812479 0.9234474301338196 15.96269021183252 10.97243443131447 2188.691422373056 405.3177220970392 4.435067623853683 0.9908848479390144 46.72691224515438 5.103445313870907 121.562067180872 16.43503523617983 573.5213587209582 13.89121167361736 363.3960485607386 90.42962684482336 505.990960881114 25.94441209733486 5.022784493863583 9.956759497523308 0 0.554133914411068 0 322.7977065220475 0 26.79994910955429 179.0960185080767 19.56938204169273 211.5301593616605 495.7786230444908 7.730716943740845 215.5656692832708 0.6636440455913544 8.078023061156273 6.98885016143322 0.1582058668136597 0 1.988502733409405 0 372.3357870057225 0.9856375157833099 0.393679141998291 0.271468847990036 623.7875690460205 0.1053772866725922 1.035597674548626 2.631217338144779 504.9623107612133 9.86250201612711 7.034130156040192 0.7058289647102356 0.5425571501255035 0 7.885937675833702 0.5726052224636078 70.14917407929897 1.076170042157173 45.87087988853455 12.0273529291153 171.8982301652431 5.030160963535309 0 1.92566704750061
77.03897055238485 22.62478657066822 93.93816507607698 5.876531027257442 1.309488594532013 49.08892667293549 2412.34074665606 165.7227529585361 24.92640261352062 98.33584752678871 28.05924137681723 0.5170649215579033 3.015262968838215 134.5904420986772 0.314057782292366 3081.410280533135 2291.615336380899 13.45060873776674 75.29177825897932 1.672139786183834 11368.08442610502 246.4568415135145 15290.86080995202 1250.411679461598 12.16712021827698 60.98303123563528 2333.069350093603 2636.330424532294 492.2285677269101 7953.795051053166 1.039832778275013 8.370118759572506 139.5652535334229 2994.434218868613 356.2243916764855 5414.44465252012 610.777173191309 5078.940127916634 3520.549555540085 70.31431214511395 18.98572305589914 11.56286571919918 67.40174406021833 5.032680936157703 1.329339988529682 5.53987629711628 0.6170498877763748 0 1.615865878760815 73.41407930105925 11.88005629181862 155.988592736423 10.04630530625582 0.3146792724728584 0.2543834447860718 1.411499679088593 23.13423930108547 1.85179315507412 366.2653454840183 3.795843198895454 0.1240486428141594 2.120398953557014 2.04475611448288 371.0185933560133 44.05433373898268 143.0636530295014 561.5328082516789 0.2211704477667809 4.803170464932919 69.79008153825998 250.7710002735257 29.90560784190893 127.1782167777419 0 0 3.947296686470509 7.460557051002979 36.2338298112154 48.99059676378965 1.969530433416367 13.79571172595024 8.474408946931362 10.19722358882427 1.377757653594017 1.018250703811646 0.1613428741693497
0.346506729722023 3187.555050738156 4.384587682783604 0.2509021386504173 3.356503635644913 1.823874212801456 9.027865752577782 2.229531206190586 3329.743474669755 0.8919019624590874 173.4667924493551 5.297943443059921 300.3755240738392 1.738572381436825 75.63502790033817 3405.183758281171 18.66682536154985 8.857314899563789 7.842461444437504 0.1116077080368996 246.4568415135145 1483.613561287522 511.5232260450721 7382.659048318863 924.0771387889981 89.6672497689724 5636.267410047352 116.942651771009 10.40120770782232 38.81656093150377 65.96993323415518 0.7554282322525978 1.22442501783371 43.8713933378458 1.368858598172665 170.3199829012156 366.3354797959328 225.3402911201119 55.03526279330254 61.61335878819227 0.4930444955825806 27.94412568211555 3.351236432790756 2.272427283227444 161.145883269608 137.8727304711938 0.1956803947687149 0.2392386347055435 2.127600222826004 52.66545129567385 4.606068655848503 54.80247595906258 7.05317547172308 4.777814738452435 0 18.19833835959435 5.580544114112854 1.307749100029469 1917.321416571736 5.175658747553825 0.8323784321546555 3.49997916072607 0.2648533880710602 218.9782250151038 357.1691035181284 574.7849494814873 433.8810716494918 5.267498828470707 37.12689974159002 2622.132680296898 131.4018409475684 11.55017824470997 39.53500936925411 2.619555242359638 0 0.9192671179771423 3.04403679817915 0 17.48383995145559 5.172649852931499 10.9205736219883 5.469860695302486 2.381765156984329 0.1543273776769638 0.4560124725103378 0
69.52914886176586 8.164147794246674 6150.02711802721 2.186337396502495 0 52.87904390692711 3322.598508037627 416.5901746526361 2.451018996536732 163.998312138021 65.7521698474884 1.204980351030827 4.160272762179375 262.5417843312025 0.1926734670996666 5881.606911472976 6224.186229772866 77.66121025383472 288.7092964798212 2.304856650531292 15290.86080995202 511.5232260450721 21232.55506782234 424.6088110208511 6.214863553643227 2756.037815034389 10396.93108390272 2049.54821369797 186.405882768333 4399.640988215804 0.8614882528781891 6.251462548971176 24.17959771305323 3511.834319233894 679.6152384206653 14540.98836358637 8325.415888495743 11807.54664427042 10199.65679422766 352.1501749455929 15.40402970463037 20.3376831933856 143.6030507460237 1.75275631248951 13.40177706629038 124.0554620325565 0.6477963626384735 0 0.6563813537359238 34.01388931274414 1.722336143255234 52.78229325264692 2.961551241576672 0.1003129780292511 0 0.2242569923400879 6.53764484077692 0.4573822841048241 3131.993410937488 13.0222133025527 0.538429319858551 2.239062033593655 1.251742348074913 326.7182707041502 283.7738919332623 2152.591383270919 258.013451449573 0 22.88055174052715 1089.335013858974 146.3172236979008 11.41006498783827 39.37326661497355 0.1245540380477905 0 0.6178232282400131 4.691044107079506 136.1340374052525 44.28128307312727 10.91371066868305 23.47913746535778 40.48675481230021 2.556510232388973 0 0.8138379901647568 0.1604566872119904
100.3800000697374 1316.660531334579 27.03619819879532 1513.097578056157 34.41892171651125 294.5079394876957 1919.109143353999 82.61220014095306 8957.621235474944 748.5740915164351 100.1490803733468 771.2042789533734 120.4796227440238 128.4365451559424 790.2945181280375 3733.011000610888 103.3931324928999 25.61371593177319 51.87788972258568 651.6625629812479 1250.411679461598 7382.659048318863 424.6088110208511 8892.711380146444 392.1267242133617 97.59029345959425 5374.777649268508 7873.206234194338 1568.497360236943 1814.8907700032 27.13070076704025 41.06603643298149 299.4499745890498 517.2700874060392 198.5275434032083 2962.100436240435 160.8703049495816 1712.386838287115 712.1004546582699 645.6400388926268 62.212298206985 22.94606591761112 41.31692478060722 6.474659383296967 18.63803144544363 23.76260846853256 657.6207784041762 1.33991003036499 41.29218214005232 563.865496262908 40.80481464415789 1893.802118726075 656.6217292696238 13.35826274007559 301.4492979645729 6.896069779992104 39.61042704433203 39.41611641645432 227.6709006875753 3.222713492810726 1.622917696833611 3.745805993676186 532.6774819344282 183.5568503811955 61.52543906122446 143.1514934003353 3138.977761283517 3.242703951895237 38.86324243247509 385.7503619715571 1758.146229602396 38.45185428857803 188.5141446739435 2.346340797841549 4.757950380444527 4.363104835152626 21.74635055661201 9.465584993362427 222.681681022048 6.668218217790127 96.91513003408909 36.38385315984488 230.0660750046372 9.268031783401966 2.873233959078789 0.472145140171051
0 1739.977448284626 10.65012097358704 0.6743502020835876 0.9629833027720451 2.463384971022606 0.8890117481350899 1.539191029965878 243.7265263721347 2.709474638104439 2328.082764722407 28.4921508282423 4690.196137800813 4.804287299513817 18.86379590630531 34.28882121294737 8.523378103971481 26.86327450722456 10.24241305887699 0.9234474301338196 12.16712021827698 924.0771387889981 6.214863553643227 392.1267242133617 1474.823287039995 273.3558785244823 3981.84902908653 26.65913421660662 12.71598021686077 69.08769583702087 389.729541502893 3.458208121359348 0 1089.256800428033 11.86649832129478 748.7829529047012 641.1340609043837 996.3844226449728 142.6712678596377 133.3950473517179 73.86151930689812 762.6262101978064 8.156514286994934 0 236.7354273349047 7.819075137376785 0 0 0.2626009732484818 0.4366938918828964 0 0.4133159071207047 2.398610278964043 148.6361500024796 0.1351881176233292 945.9965818598866 0.1492815166711807 0 1.053114771842957 0.7011485993862152 14.83708049356937 13.83187083899975 0 1.513547778129578 4.232553906738758 0.2773625105619431 6.695469327270985 295.6224005669355 397.533541508019 780.7530398145318 2.383059307932854 0.2613062784075737 2.282600790262222 69.3024330213666 0.7099964618682861 0 9.772867292165756 0.5772930085659027 299.6787128895521 126.8979095593095 23.10066355764866 2.611184902489185 12.24014139175415 0 58.01015944033861 0.7764211893081665
56.78268618136644 122.9817966222763 11955.43015289307 4.37142700701952 0.3523646146059036 84.40116708725691 1287.008721321821 771.4871352985501 31.6660427749157 198.2787703499198 2324.836490429938 46.4184992685914 500.4722899124026 485.4195325449109 5.871072374284267 6.864725299179554 1564.69983395189 6130.006247214973 5698.129603467882 15.96269021183252 60.98303123563528 89.6672497689724 2756.037815034389 97.59029345959425 273.3558785244823 29174.42281553894 11601.28954315186 148.3984061703086 185.4566063210368 416.7144407331944 586.9072377830744 24.13809665292501 5.531810157001019 2485.653769575059 59.89052244275808 4585.252520859241 7477.205843158066 6025.907237403095 1765.097754605114 170.1587555259466 3.423990696668625 80.25975567102432 23.49880922585726 0.455859899520874 462.6830375120044 474.6426686421037 0.1097393333911896 0 0.4707715660333633 15.65587600320578 1.513151682913303 6.248338311910629 1.324083484709263 192.710244230926 0.4853555485606194 1376.982222877443 2.229257389903069 0.5779841244220734 8.008010320365429 68.59847522526979 174.0400379821658 565.476670332253 0.2462628930807114 3.906173497438431 18.97755844891071 13.39949332177639 24.92845881730318 428.6449376344681 6292.427632205188 7448.739663287997 19.19898942857981 1.567040413618088 10.62708436697721 273.522276468575 0.2657737210392952 0.2291364446282387 51.32401218265295 12.2188563644886 132.297178670764 544.4123608916998 129.9172878786922 47.21502711623907 1.452036291360855 0.6672989875078201 30.64735192805529 0.1257366836071014
9.189403183758259 3270.384571820498 3903.219850257039 4.167039580643177 8.140772625803947 27.01317146420479 309.8200904130936 49.54889167100191 1632.414617188275 69.69523739814758 1384.818882495165 40.02936063706875 3101.749973013997 55.4735451862216 124.4240656420588 3733.239632964134 6676.166096054018 1466.659686304629 1469.311453685164 10.97243443131447 2333.069350093603 5636.267410047352 10396.93108390272 5374.777649268508 3981.84902908653 11601.28954315186 46169.28755601496 1635.300994865596 88.2053439244628 102.1208353415132 1386.566492043436 9.14201270788908 11.06949070096016 2738.352169521153 280.4998453631997 9368.074215099216 6560.611994825304 9549.988982088864 4131.048475049436 459.9728388264775 4.55904383957386 64.09220457077026 48.35968822240829 2.721879474818707 3492.089775674045 3738.528807371855 2.025689445436001 0.1346709877252579 5.335711441934109 273.9237745329738 10.71191723644733 51.15163476020098 29.40754119306803 135.0637126490474 0.4600300192832947 1190.48544178158 11.23794005811214 1.105663821101189 3260.677239149809 272.7163150012493 111.7753688469529 576.21356189996 0.7056188061833382 235.996779486537 1424.553061954677 2716.672062501311 653.7420696243644 570.7884132042527 7202.678582444787 25622.43473596871 380.3363791406155 13.73123787343502 57.17306397855282 252.7608476951718 0.2524215281009674 1.273092269897461 93.82768668234348 108.2718942463398 341.3597417622805 419.0261042043567 299.8927245363593 115.8375659435987 5.601375326514244 2.106254152953625 24.2782688587904 1.12710976600647
116.7642330080271 12.40400189161301 201.271088950336 4498.471696779132 3.693820178508759 882.8710020184517 19696.88480883092 189.8190715909004 565.6156548708677 8922.945053823292 46.61276096850634 456.283442735672 7.678580224514008 195.2352256327868 40.78175506740808 904.9521135240793 328.2995504587889 21.30490118265152 52.84344245493412 2188.691422373056 2636.330424532294 116.942651771009 2049.54821369797 7873.206234194338 26.65913421660662 148.3984061703086 1635.300994865596 26022.58602548391 1822.365692824125 12057.76697532833 1.779012128710747 32.88902743905783 294.3836280182004 835.7466196119785 219.7828759476542 3046.264088787138 156.8497561961412 1957.508315049112 831.7933924868703 161.609592333436 54.72711069136858 15.46800854057074 53.35503620654345 6.645334541797638 1.7168038636446 9.584789574146271 366.6772374361753 0.720422774553299 22.79276659339666 502.8241855949163 36.24859028309584 714.3947281390429 413.7696004360914 9.135697714984417 108.1963413208723 2.172742784023285 44.91789268702269 22.19530476629734 153.7591743543744 2.719667889177799 1.154796443879604 1.168436266481876 307.4468073621392 205.0204718485475 18.83610031753778 69.70535857975483 1987.107928939164 0.8745422586798668 3.948370099067688 88.67439869791269 1290.60108795017 41.48047564923763 245.1698261499405 0.6737144067883492 2.776818744838238 5.461149930953979 26.52510805428028 15.89520481973886 182.5994554162025 10.6408674493432 72.13117795437574 22.01659172773361 111.0870821923018 10.85137178748846 6.394128009676933 1.760060325264931
