722.343761511147 0.1213052272796631 26.3750848248601 29.42063890397549 0.2464648708701134 23.15211002528667 2857.293717071414 164.359885327518 3.371071994304657 100.9193466752768 64.04639954864979 2.163057208061218 3.184637524187565 4413.089662350714 0.2192252427339554 5.680333763360977 204.8924856930971 26.45801140367985 127.5241300165653 14.38671562075615 49.89554929733276 2.615644931793213 68.09065411984921 239.6108080148697 0.08227330446243286 154.5453743413091 15.08610127866268 181.4945804774761 4550.634031899273 2121.703222669661 1.484282456338406 8.50391647964716 27.1040480658412 283.8310182616115 0.6817559152841568 84.16477221995592 30.54861434549093 167.785015322268 34.06465650349855 2.235007658600807 0.1368971019983292 0.5287909805774689 0.1353583633899689 0 0.1099355220794678 0 0.1304763406515121 0 0.4371165335178375 10.06776533275843 0.635449230670929 7.883637048304081 0.9844086319208145 0.3221848011016846 0 0.1033459231257439 0.3592332899570465 0.2724478840827942 3.177520893514156 0 0 0.1047865673899651 0.7427059784531593 7.446922533214092 0.1628629863262177 2.678842179477215 23.0354121401906 0 0.5270595923066139 2.889052331447601 20.29368837922812 0.2810651361942291 4.246006891131401 0 0 0.1185420677065849 0.4220647811889648 0 6.852575927972794 5.448923230171204 0.6504987701773643 2.167197704315186 0.5725131630897522 0.3459021747112274 0 0.7213521003723145
0.1213052272796631 296.5953812599182 29.11094500124454 0.3582653775811195 1.04244390130043 0.6709354519844055 3.068018972873688 0.3161028400063515 985.169175490737 1.178912736475468 170.7345861420035 8.195887297391891 1148.330253116786 0 47.15151923149824 371.5749637931585 10.06615988910198 5.225910097360611 6.488447248935699 0.9981086254119873 27.9525693282485 2885.984396472573 10.32402260601521 1193.468616373837 2815.894062764943 149.104557916522 5460.273197680712 36.57908848673105 1.169007375836372 1.547714062035084 106.4394804388285 0.3318867385387421 0.2772894501686096 17.98483572155237 0.397414818406105 25.78832834213972 154.6071141883731 77.27757306396961 10.01743357628584 56.92905060946941 0.1084060147404671 164.9322645813227 0 0 42.16321720927954 83.37055823206902 0.5535892322659492 0 0.2345900684595108 5.546301119029522 0.4789429232478142 5.737692356109619 2.450385928153992 6.615854635834694 0 36.06008782982826 0 0 24.48288701474667 16.37423207610846 4.206085041165352 61.23922239243984 0.5635865330696106 5.192284673452377 82.08324052393436 9.324112616479397 24.74001371115446 34.12499815225601 234.5766737163067 2004.760181948543 4.899673663079739 0 0.4427418559789658 3.835445985198021 0 0 3.726180076599121 0.1237524524331093 33.93801451474428 44.71341951191425 23.65676490962505 12.0258716121316 0.216241866350174 0 3.150718554854393 0
26.3750848248601 29.11094500124454 5464.121357992291 2.571100488305092 0 33.33803779631853 1323.998540505767 394.0696771964431 5.039086245000362 150.6488312706351 19.85960216075182 0.8330287337303162 17.95519211888313 202.9684265181422 0.3816890865564346 5.208385638892651 5915.796908892691 40.72360724955797 271.284547008574 2.25672522187233 194.1478701978922 8.915786266326904 6574.763829730451 38.19353475421667 3.631996348500252 12332.715709351 9636.674636036158 182.8537993431091 32.56734004616737 232.1825694963336 8.831532910466194 1.465472862124443 2.867171712219715 492.7281726002693 32.27075630426407 1789.467995345592 2187.074818216264 2518.317876525223 925.6167339906096 43.97970899194479 3.542063005268574 7.752994909882545 11.31139747798443 0 93.86242841929197 1267.075041890144 0.4769404977560043 0 0.1173848509788513 22.36613713204861 1.884413778781891 5.051188759505749 3.489561513066292 13.72792831063271 0.3947558701038361 23.67346093058586 0 0 53.89449961483479 157.8245316296816 6.618119321763515 130.1245750263333 0.3422670364379883 14.09759449958801 52.05885796993971 88.47851192951202 51.015206374228 5.578560315072536 637.8341168165207 2655.717546641827 25.26020333170891 0 6.023435190320015 1.458115577697754 0.9087155759334564 0 13.31895236670971 2.544318526983261 88.01694475859404 244.510987341404 57.09580536931753 43.18994019925594 0.3200465962290764 0 19.0102256834507 0.2853908985853195
29.42063890397549 0.3582653775811195 2.571100488305092 2931.576355308294 2.189430095255375 99.07072838395834 115.7560093030334 36.67579366266727 912.0972068607807 4991.016736529768 16.53333310782909 2801.277853950858 3.683129489421844 74.96857024729252 64.85504770278931 1.186762072145939 2.816710531711578 4.740442894399166 5.357610128819942 3610.037157714367 7.203658439218998 2.056105732917786 4.647116474807262 2052.98234628886 2.155847206711769 6.15672517567873 5.934518992900848 5169.90102852881 316.8717394843698 21.56943416595459 0.4769002422690392 6.616708375513554 23.60555309802294 61.96296145766973 3.710254907608032 459.5551237314939 12.38364817947149 236.8028621077538 88.84269198030233 193.610749065876 24.05751603096724 0.6089321970939636 6.370299935340881 0 0 0.1406451314687729 634.9733623787761 0 23.20832385122776 84.71053321659565 18.27399212867022 420.0678045451641 748.0538507923484 7.336341962218285 258.9905798435211 0.3426182419061661 8.767814964056015 1.044884383678436 1.120398603379726 0 0.242258608341217 0 516.4030437618494 0.8329685628414154 1.135315202176571 1.688338965177536 793.2357456460595 0.1274782866239548 0.3818380460143089 1.827816382050514 463.868517190218 10.83730117976665 1.140689685940742 0.1920772939920425 2.349931567907333 0.3160717189311981 17.89395879209042 2.19452702999115 37.40341488271952 0 47.30877850204706 10.36661197245121 119.871313393116 0.9028564989566803 0.8659629374742508 0
0.2464648708701134 1.04244390130043 0 2.189430095255375 0 329.4824355840683 1.510622397065163 50.99583071470261 36.44698756933212 10.61764866858721 0.3183118402957916 82.21591083705425 13.89529033005238 9.969852894544601 1634.375040404499 0 0.161883145570755 0.1300791352987289 0 7.598507419228554 0.1044632643461227 1.419356167316437 0.2478959485888481 16.82313288748264 1.021494828164577 0.1115618124604225 2.461167901754379 0.7593325152993202 75.39250632375479 0.4842507988214493 0 134.8060699403286 0 16.78442983329296 0 31.69079084694386 1.171433061361313 19.14633962512016 22.41547708958387 1937.375155083835 73.81040316820145 1.391569897532463 2.697164013981819 0 0 0 0 0 0 0.7505496740341187 0 0 0 0 0 0 0 0 0 0 0 0 0 0 0 0 0 0 0.1335737109184265 0 0 0 0 0 0 0 0 0 0 0.1980905830860138 0 0.3696263581514359 0 0 0.2153319418430328 0.2486983239650726
23.15211002528667 0.6709354519844055 33.33803779631853 99.07072838395834 329.4824355840683 11363.87117828429 1415.78573435545 7483.292566366494 207.8219185620546 11666.24559061974 128.334295347333 6839.489738434553 43.78837399184704 1083.271695308387 1865.107114486396 2.053667977452278 28.29313836991787 19.49366023391485 21.19997976720333 545.4486793652177 46.2409899905324 1.522020421922207 53.23599470406771 281.2155484780669 6.520098701119423 59.73967611789703 24.0379581078887 1073.07911913842 520.9176710247993 38.58144751191139 3.022231772542 805.8989439308643 20.9294636324048 274.1789514794946 17.57071000337601 454.3372363299131 37.00695607811213 358.3272428736091 102.703791461885 2468.445355132222 93.87127383053303 18.49049761146307 7.997666761279106 0 0 1.579435162246227 22.55026657879353 0 0.8687826246023178 10.21015694737434 0.6665570735931396 37.63844048976898 32.10803010314703 0.3209711313247681 13.24536225199699 0 0 0 1.08999864757061 0 0 0 17.24215175956488 0.1421033293008804 0.2622184976935387 0.9568603187799454 40.97678837180138 0 0 3.174517348408699 36.51739060133696 0.6959385871887207 0 0 0 0 1.078675985336304 0 5.35435226559639 0.4984429404139519 4.124597549438477 1.400402903556824 23.34103937447071 0 1.033219881355762 0
2857.293717071414 3.068018972873688 1323.998540505767 115.7560093030334 1.510622397065163 1415.78573435545 22118.71935471147 3687.724614411592 70.7630367577076 9351.737707577646 67.72729862481356 19.24834702908993 16.53488697111607 8755.037969276309 5.568473562598228 77.82906027138233 915.7364493012428 42.61022513359785 232.9529964104295 83.76562727242708 3337.490744285285 8.318382576107979 4480.570912651718 2187.831228211522 8.875988654792309 1048.662180155516 416.3199852779508 23193.39736521244 2254.018322482705 6202.121745079756 2.377879172563553 21.56678705662489 190.3371853157878 386.6247513741255 22.82263451814651 1120.129486918449 322.6135198697448 1175.946474544704 478.3421912044287 77.98366170376539 35.77714563161135 3.903070077300072 13.02129863202572 0.4493167102336884 0.3269905298948288 16.39347817748785 19.71224339306355 0 2.892611250281334 107.5709177702665 7.323667362332344 89.35059917718172 40.8362697288394 3.648757010698318 4.260854989290237 1.828752152621746 0.293525256216526 0.5811952948570251 28.25511083751917 1.255374133586884 0 0.2968770563602448 11.86559868603945 14.24741046875715 4.414148047566414 35.39647994935513 206.2672679126263 0 4.595813006162643 76.50274156779051 186.3255360946059 4.0875363945961 30.81763211637735 0.2418310642242432 0.267292320728302 0.1009543240070343 3.124240309000015 1.255197033286095 31.3876588717103 7.996429137885571 16.16243398189545 5.195257097482681 8.317794010043144 1.420562490820885 0.5938175246119499 0
164.359885327518 0.3161028400063515 394.0696771964431 36.67579366266727 50.99583071470261 7483.292566366494 3687.724614411592 10928.10587382317 33.25482611358166 2781.59353454411 141.5513561815023 777.8263593688607 63.98801701515913 10285.14082980156 149.4059108272195 3.524713009595871 544.7472220808268 63.17661960422993 325.0206268429756 156.5712670236826 135.3460405990481 1.80252493917942 761.9422248750925 233.1672869175673 7.183249056339264 882.0108004063368 45.69905872642994 254.3434975594282 449.3580157756805 707.6783679351211 2.968594096601009 1029.952744610608 18.80536418408155 371.3176628872752 6.739593558013439 463.0036312565207 182.3719477057457 481.3620598837733 185.0171486139297 937.6761389449239 112.8663445711136 23.99388615041971 14.77934681624174 0 0.3816315233707428 4.750720158219337 3.529479332268238 0 1.168088540434837 17.8716951161623 1.863979041576385 7.768898040056229 5.806167922914028 0.5700003951787949 5.563198566436768 0 0 0.1361469775438309 2.561171174049377 0.7670578807592392 0 0.6716982647776604 4.738007724285126 2.25102087110281 0.1417705565690994 3.778682738542557 32.73621656000614 0.144934743642807 0.7422401830554008 12.32273191958666 36.0441175326705 0 0.8424266576766968 0 0 0 1.220598697662354 1.554582357406616 7.25208255648613 0.9798793196678162 1.21343120932579 1.554828658699989 10.23810201883316 0 3.791707724332809 0.7142332643270493
3.371071994304657 985.169175490737 5.039086245000362 912.0972068607807 36.44698756933212 207.8219185620546 70.7630367577076 33.25482611358166 706.5368973761797 152.2146088629961 13.10908302664757 1021.990076318383 77.97021057456732 8.216449946165085 711.7862011194229 70.77564406394958 3.505264855921268 1.94621542096138 1.965054266154766 843.934136159718 30.80424676090479 3521.869130067527 7.802612788975239 9742.363886527717 479.4562233835459 24.17675749957561 1904.860508918762 663.4350952506065 28.94306541234255 51.67881219834089 23.38565023988485 4.579622775316238 0.991548553109169 11.8966891169548 0 248.4012486487627 16.12474317848682 36.81880869716406 6.009287662804127 778.2101515382528 1.743470579385757 1.703325048089027 0.9136926531791687 0 4.944486424326897 5.007004499435425 164.4567845538259 0.4128460139036179 5.075379237532616 99.82266969233751 5.532386228442192 378.5281267687678 102.8205949366093 2.146085746586323 41.76991719007492 5.228507362306118 3.890194579958916 7.725017800927162 16.03988176584244 0.8711997121572495 0.978724017739296 2.104782477021217 83.89764313399792 14.36231225728989 9.424667648971081 1.68592444062233 1060.299526073039 1.676324434578419 17.72169482707977 49.61333046853542 364.3651546835899 3.584543541073799 40.57126852869987 0.8047465682029724 1.426598817110062 0.3930158615112305 5.638247653841972 0.9658578634262085 46.17430751770735 1.729249820113182 19.4186936840415 7.02090897411108 45.90214857459068 1.860131278634071 0.6661877110600471 2.707853436470032
100.9193466752768 1.178912736475468 150.6488312706351 4991.016736529768 10.61764866858721 11666.24559061974 9351.737707577646 2781.59353454411 152.2146088629961 32553.31808392704 373.9807617813349 6816.466721609235 70.61527134478092 2355.400187395513 56.29254975169897 8.147009089589119 112.1890349909663 84.88458946347237 109.5248512551188 4588.162692889571 149.7487841248512 1.835883617401123 237.016973733902 1060.414603807032 6.175066731870174 205.6508930847049 81.51027356088161 11743.60673388094 2070.132607929409 85.84458884596825 6.542252466082573 134.8932760506868 66.03367650508881 709.7838907241821 17.16622700542212 2287.736228182912 124.1345327347517 1880.96178021282 401.9569618105888 413.0884909778833 199.8483001515269 21.22574342787266 40.68890727311373 0.4249504506587982 0.1145641878247261 3.174008905887604 273.9525957256556 0.3807649910449982 14.66898005455732 126.2523070648313 16.46450945734978 172.4906609356403 349.9673604592681 7.320569187402725 114.8188659697771 1.171897225081921 7.587664574384689 1.486236453056335 5.474843509495258 0.1805333495140076 0.3468979150056839 0 167.6642034724355 1.014677286148071 0.8464257717132568 4.465837053954601 592.1862832382321 0.1130794882774353 0.9140478298068047 15.05070098489523 490.3413944840431 8.556620925664902 7.053466960787773 0 3.006223797798157 0.09691090881824493 10.23576708137989 0.5565707832574844 51.09826688468456 5.32171967625618 57.70646788179874 13.0759282708168 66.92260907590389 5.113389268517494 1.490894317626953 0.8926180601119995
64.04639954864979 170.7345861420035 19.85960216075182 16.53333310782909 0.3183118402957916 128.334295347333 67.72729862481356 141.5513561815023 13.10908302664757 373.9807617813349 15841.20624701679 170.5884439498186 3040.620445765555 388.4742632061243 1.891752161085606 1.52506036311388 467.7011931464076 4902.187519699335 3375.290823094547 89.11518985033035 52.61489675939083 27.50318828225136 147.8199104443192 65.92981614917517 1236.926191948354 2925.951445199549 1127.539995245636 55.84427942335606 1209.981749005616 167.7610462456942 238.9217929467559 259.4550837054849 9.329442828893661 9474.635048314929 17.56607665866613 740.9546959400177 5115.606003455818 4679.793824955821 1006.57527422905 79.6445799395442 14.81771391630173 389.4220821633935 9.149696610867977 0.1087216809391975 50.50252675265074 3.296506293118 2.02915021032095 0.4088510349392891 0.9982999041676521 13.63883713632822 3.18154925853014 7.87343842536211 6.674735732376575 414.7254855185747 3.699810020625591 1157.97105871886 3.870716519653797 0.1048800647258759 0.6487669721245766 3.076623402535915 20.7603050544858 7.086960569024086 0.8245795518159866 0.6835859715938568 3.129841580986977 0.3011026382446289 26.22605522722006 472.4377895966172 193.2061713263392 371.1784827634692 26.88133031874895 2.690730899572372 4.424014359712601 65.78472996503115 4.079880736768246 0 45.05227373540401 2.078096821904182 14.61309711635113 141.2860876396298 67.37921870499849 8.100581035017967 3.70035682618618 0 229.8135537654161 0.3055804371833801
2.163057208061218 8.195887297391891 0.8330287337303162 2801.277853950858 82.21591083705425 6839.489738434553 19.24834702908993 777.8263593688607 1021.990076318383 6816.466721609235 170.5884439498186 9434.397614255548 50.70732407271862 385.5017397031188 1461.28480925411 0.7802050113677979 8.426933079957962 25.26944669336081 25.23642340302467 6179.088766746223 2.037872664630413 14.69639386981726 2.568858489394188 659.6018085181713 6.710648007690907 31.96707563847303 30.07983989268541 554.1051011160016 342.4345438927412 2.41011306643486 2.328765831887722 151.5575209483504 0.6213765293359756 267.5523018464446 2.089348703622818 1929.34316945821 29.89944127202034 457.0846445932984 66.26642448455095 2735.479045622051 35.55956532806158 9.555950611829758 3.576131291687489 0 0.204007588326931 0 389.9733352810144 0 36.37063847482204 29.12439864873886 3.092055991292 294.5164202302694 273.6754845678806 1.218703553080559 259.0280419513583 0.3621444180607796 2.120797231793404 1.123079895973206 0 0 0 0 226.6169333457947 0.5561569780111313 0.1341011375188828 0.138613760471344 160.3279627114534 0.225438728928566 0.6430259421467781 0.9131674468517303 165.0924907773733 5.05438294261694 2.104984998703003 0 2.74725578725338 0.1946934908628464 3.242754966020584 0.173235148191452 32.95870344340801 16.12233766913414 17.15893433988094 3.164401642978191 196.7962853908539 1.675532206892967 0.6917814016342163 0.1153965517878532
3.184637524187565 1148.330253116786 17.95519211888313 3.683129489421844 13.89529033005238 43.78837399184704 16.53488697111607 63.98801701515913 77.97021057456732 70.61527134478092 3040.620445765555 50.70732407271862 5267.730112604797 95.04003097116947 2.758731506764889 4.560921959578991 17.16541106253862 107.1540619879961 19.28752420842648 19.26224084198475 7.828218705952168 151.4150631353259 28.70817020535469 78.51116994768381 6164.533489383757 317.4855399727821 5073.214344538748 16.88757390528917 152.4039520397782 9.323160581290722 1227.256110981107 170.0450980812311 0.6526121348142624 2781.86501070112 152.8751634657383 1939.535216748714 7208.890268601477 7027.241543993354 556.4199804589152 86.39355713129044 112.707383275032 733.8816306889057 22.94293139129877 0 190.6583769842982 3.904185026884079 0 0.6829497441649437 0.9623560383915901 4.885957412421703 3.595956459641457 3.074003867805004 5.995910681784153 774.7678124383092 1.675764255225658 2449.651339940727 4.985736832022667 0.1640007048845291 0.5417263731360435 4.9791020154953 40.69136421382427 27.87332720309496 0.1068726778030396 0.1457203924655914 8.423653215169907 0.7071374207735062 10.46416526287794 1504.024688228965 503.4042263403535 1241.520367875695 8.620439149439335 4.396269910037518 0.3085801005363464 176.1794900000095 5.745988845825195 0 83.61678530275822 21.09290095418692 74.72789012640715 314.5923615098 170.1185257136822 65.22858114540577 0.5945687144994736 2.946938365697861 472.8324291408062 0
4413.089662350714 0 202.9684265181422 74.96857024729252 9.969852894544601 1083.271695308387 8755.037969276309 10285.14082980156 8.216449946165085 2355.400187395513 388.4742632061243 385.5017397031188 95.04003097116947 16927.50586212426 4.282688215374947 5.203563123941422 666.621559523046 94.21656467020512 420.2446309626102 221.465152554214 106.7502376511693 5.921544015407562 510.5212715640664 347.4443840160966 10.72211936116219 792.6485023424029 47.09037095308304 328.9344889000058 5174.984194636345 2475.245703794062 4.109858743846416 1698.321121647954 21.59446499496698 1203.84556170553 6.293520137667656 497.4961887821555 150.1062737032771 822.3814208507538 185.7557169273496 224.6006344184279 76.90814225375652 25.1936136931181 14.3528551235795 0.4086262583732605 0.1400280743837357 0.8545646667480469 1.698827117681503 0 0.1440833210945129 20.34472826123238 1.439048081636429 5.164448320865631 7.498615048825741 0.3975075036287308 0.8769464567303658 0.2459229603409767 0.2036316245794296 0.3362824767827988 6.087539188563824 0 0.09522563964128494 0.6186573207378387 1.853499412536621 8.933155059814453 1.099747098982334 3.398391619324684 47.12094613909721 0 1.801021881401539 5.262631714344025 48.2320469096303 0.7799447700381279 4.871093295514584 0 0.7778635770082474 0 1.740790396928787 0 12.99574092030525 1.597678743302822 5.929926991462708 5.004354320466518 0.4246044754981995 1.202837347984314 0 1.98356306552887
0.2192252427339554 47.15151923149824 0.3816890865564346 64.85504770278931 1634.375040404499 1865.107114486396 5.568473562598228 149.4059108272195 711.7862011194229 56.29254975169897 1.891752161085606 1461.28480925411 2.758731506764889 4.282688215374947 429.5242714881897 0.5106303244829178 0.4307418614625931 0.5870766118168831 0.2631407603621483 183.9678043201566 0.1536416411399841 65.98283280432224 0.7668010219931602 861.2796000540257 18.52070584148169 1.753924839198589 118.3200416713953 22.76094920933247 4.015720896422863 0.8029162734746933 0.6234937012195587 306.9612236097455 0.1015181615948677 3.186579205095768 0 164.7286092340946 2.765069857239723 6.405958779156208 0.6476849913597107 1731.734144866467 55.94542036950588 0 0 0 0.1584937125444412 0.9156946539878845 2.723593160510063 0 0 0 0 6.68452413380146 1.859441891312599 0 7.215723514556885 0.2602377235889435 0 1.315496802330017 0.1552403122186661 0 0 0 3.051441460847855 0 0.4449700564146042 0 2.003895156085491 0.1665678918361664 0.591714009642601 1.813556775450706 0.598753497004509 0.5813767910003662 0 0.1676481664180756 0 0 0 0 0 0 0 0 4.49584686756134 0 0 0
5.680333763360977 371.5749637931585 5.208385638892651 1.186762072145939 0 2.053667977452278 77.82906027138233 3.524713009595871 70.77564406394958 8.147009089589119 1.52506036311388 0.7802050113677979 4.560921959578991 5.203563123941422 0.5106303244829178 3648.054969236255 5.050845719873905 0.2742531895637512 0.6179146021604538 0.1798233091831207 3310.21480217576 4582.851573392749 5568.334948122501 3573.007705003023 24.16096521168947 4.863231137394905 4515.094650804996 1350.32267087698 53.14830530434847 99.98859922587872 0.9225434958934784 0.2308544516563416 18.07972821593285 15.30421138554811 11.24857184290886 1279.578621484339 481.9012290015817 154.8297837749124 235.1349958851933 14.77773876488209 3.437083035707474 0 6.743014343082905 2.580170318484306 5.267656117677689 9.222595646977425 0.5285916328430176 0.4455007463693619 6.382933467626572 165.7177558913827 46.55308333784342 223.4241854175925 20.40546238422394 7.631089098751545 2.8014075756073 1.603432893753052 25.90812043845654 1.545743644237518 2351.315350003541 5.269545026123524 0.5210012644529343 1.161548055708408 0 428.5718842819333 663.5061279386282 1368.863434888422 547.8039603680372 0.9710479974746704 9.50888179987669 502.1640171557665 246.9972648918629 9.826919063925743 165.7868180349469 0.2574655264616013 0.8417325839400291 0.1327646225690842 3.438674591481686 1.29316771030426 58.31800846755505 7.521812111139297 11.8308377340436 8.36986480653286 8.197203740477562 0.661127969622612 3.943042397499084 0.3610779643058777
204.8924856930971 10.06615988910198 5915.796908892691 2.816710531711578 0.161883145570755 28.29313836991787 915.7364493012428 544.7472220808268 3.505264855921268 112.1890349909663 467.7011931464076 8.426933079957962 17.16541106253862 666.621559523046 0.4307418614625931 5.050845719873905 834.2149790972471 246.0712649449706 4043.540201596916 7.111662812530994 2533.385066106915 9.397645100951195 6890.38424385339 99.33884803205729 4.5295050740242 1964.83888425678 5294.845286242664 226.7079868540168 239.2343690916896 2694.983955048025 1.768565393984318 6.002970784902573 13.23341090977192 5526.203496642411 26.0326104387641 1658.975892856717 2104.509371861815 5254.652889683843 1065.980838619173 49.06733411550522 4.137872152030468 14.84573512524366 6.842459663748741 0 15.36997962743044 123.4264966920018 0 0 0 3.563080362975597 0.1325134634971619 2.044316731393337 1.433164343237877 0.3635876849293709 0 1.450194045901299 0 0.1201615706086159 5.343524187803268 20.56957256793976 0.3443835973739624 17.57884183526039 0 3.625420898199081 8.790635973215103 3.645010605454445 10.96974781900644 1.119940578937531 93.55011786520481 275.3536799326539 5.860514558851719 0.2026452720165253 1.15463975071907 0.1467086225748062 0 0 1.068941958248615 2.254405662417412 14.73053362965584 38.44405407458544 6.642082244157791 4.55408788472414 0.5116739869117737 0 0.528931051492691 0
26.45801140367985 5.225910097360611 40.72360724955797 4.740442894399166 0.1300791352987289 19.49366023391485 42.61022513359785 63.17661960422993 1.94621542096138 84.88458946347237 4902.187519699335 25.26944669336081 107.1540619879961 94.21656467020512 0.5870766118168831 0.2742531895637512 246.0712649449706 719.2237725481391 2464.146466866136 18.6891822963953 24.80678365379572 2.658592872321606 76.06929806619883 16.99311169236898 15.58948237448931 5726.288613691926 995.564013235271 16.13116078078747 135.2731270939112 133.9231026396155 298.961650185287 17.71200527250767 2.847859419882298 882.2025765776634 8.039220832288265 585.5223185196519 1224.187306165695 1901.734129451215 676.0407085716724 13.30280759185553 0.6076691076159477 12.06862847507 3.972329638898373 0 7.618981420993805 0.9645411670207977 0 0.3084374070167542 0 1.616736955940723 0 0.6856065914034843 0.7404683157801628 25.97680293023586 0 159.8597312420607 0.1283427029848099 0 0.1196328178048134 0.1640856564044952 22.97313503921032 13.29310256242752 0.1989310830831528 0.4412125647068024 0.6908130496740341 0.1789425760507584 4.781151853501797 26.03170374780893 218.1044687181711 265.1239085495472 2.963269643485546 0.109211377799511 0.2805239856243134 36.54890862852335 0.1182197630405426 0 0.8823217451572418 0.2507460713386536 2.073830619454384 36.20486608147621 5.930722050368786 1.090266689658165 0 0 5.345572657883167 0
127.5241300165653 6.488447248935699 271.284547008574 5.357610128819942 0 21.19997976720333 232.9529964104295 325.0206268429756 1.965054266154766 109.5248512551188 3375.290823094547 25.23642340302467 19.28752420842648 420.2446309626102 0.2631407603621483 0.6179146021604538 4043.540201596916 2464.146466866136 3210.095152363181 18.5738872513175 142.1598281860352 1.556704893708229 526.6615331619978 44.45792889595032 4.326701611280441 7281.556725211442 1985.881911717355 51.44352896511555 227.3600262105465 741.8377612307668 11.90734033286572 10.57292494922876 7.91081515699625 4584.235302686691 9.060908600687981 1263.999140612781 1254.160230413079 3484.34184410423 1014.532717362046 26.59545958042145 0.682708241045475 5.340699590742588 5.673403806984425 0 4.845062732696533 4.804361283779144 0 0 0 2.60003524273634 0.7698462605476379 1.948786601424217 0.5942892283201218 2.478336617350578 0.2318891584873199 7.038506999611855 0 0 0.3567933738231659 4.134967863559723 7.677212752401829 35.59216758608818 0.2988418936729431 0.3249742090702057 1.260763488709927 0.619421660900116 4.912712588906288 1.48905511200428 180.3405579179525 156.2895351648331 2.459114447236061 0 1.007505163550377 3.039349012076855 0 0 0.9219227582216263 1.834976181387901 3.959512203931808 23.28595430403948 3.187108613550663 3.319856509566307 0 0 0 0
14.38671562075615 0.9981086254119873 2.25672522187233 3610.037157714367 7.598507419228554 545.4486793652177 83.76562727242708 156.5712670236826 843.934136159718 4588.162692889571 89.11518985033035 6179.088766746223 19.26224084198475 221.465152554214 183.9678043201566 0.1798233091831207 7.111662812530994 18.6891822963953 18.5738872513175 848.1762834191322 1.407398007810116 2.366773590445518 2.247689358890057 944.6420742496848 10.41689070314169 18.83840370178223 10.98392865806818 1975.192839883268 377.3700897395611 5.500238463282585 1.069524079561234 36.61681383103132 8.170521184802055 139.0858232006431 2.29794155061245 806.596138715744 27.18614155054092 410.175541266799 100.2118074521422 689.8618258237839 48.02413580566645 5.752646401524544 11.70545860379934 0.7095654904842377 0.1795012354850769 0 431.7425955086946 2.156914293766022 26.31807436048985 154.0904080122709 7.948821127414703 340.955027192831 585.4045167118311 10.82521463185549 245.1972932815552 0.2412707507610321 8.414336651563644 7.075328424572945 0.4539918750524521 0 1.357098557054996 0.498221218585968 385.0887662544847 1.128275036811829 0.2878089249134064 1.49916535615921 697.1375048235059 0 3.706267982721329 1.239248663187027 586.3771172761917 7.588637925684452 3.538264036178589 0.5805113464593887 3.042775943875313 0.3504073619842529 14.91552530229092 0 48.83807064592838 0.852228969335556 69.13055639714003 21.66974114626646 138.2454689741135 9.382132351398468 0.2812408283352852 1.356924116611481
49.89554929733276 27.9525693282485 194.1478701978922 7.203658439218998 0.1044632643461227 46.2409899905324 3337.490744285285 135.3460405990481 30.80424676090479 149.7487841248512 52.61489675939083 2.037872664630413 7.828218705952168 106.7502376511693 0.1536416411399841 3310.21480217576 2533.385066106915 24.80678365379572 142.1598281860352 1.407398007810116 11509.74320904911 312.8826806843281 17912.91958986968 1009.359031356871 8.837463870644569 110.2967658564448 1876.597108155489 5707.585164383054 205.8385926187038 7375.947057127953 0.8784143254160881 1.727606885135174 47.03212241083384 3155.318750277162 76.27983637154102 7148.867726653814 978.89067209512 5722.870784290135 3061.440878152847 102.8511802852154 13.99737798422575 3.829253114759922 34.2625629529357 1.388572782278061 1.229951545596123 5.477359801530838 4.198750644922256 0 5.290909864008427 153.8108794316649 27.06646571308374 163.1381322145462 26.72803898155689 6.917484819889069 2.0854681879282 0.2666561305522919 15.17106988281012 0.5757811814546585 376.0966623798013 2.608858548104763 1.152265667915344 0.8050036281347275 0.9027451798319817 372.5832650065422 59.78620295971632 132.0083895251155 528.8171263486147 0.2404595613479614 3.920115761458874 47.93187135457993 256.3600601553917 8.016443088650703 129.6648977994919 0.8623339533805847 0.1139009222388268 0.996333085000515 3.152353882789612 6.498052835464478 70.57437660545111 1.871224008500576 9.114135175943375 7.576201930642128 5.296084836125374 1.516802996397018 5.211366400122643 0.1955337524414062
2.615644931793213 2885.984396472573 8.915786266326904 2.056105732917786 1.419356167316437 1.522020421922207 8.318382576107979 1.80252493917942 3521.869130067527 1.835883617401123 27.50318828225136 14.69639386981726 151.4150631353259 5.921544015407562 65.98283280432224 4582.851573392749 9.397645100951195 2.658592872321606 1.556704893708229 2.366773590445518 312.8826806843281 1236.164839230478 678.5651700273156 5660.855558782816 1079.735993102193 37.82871268689632 4925.620746940374 199.7310133203864 39.81856057047844 56.69888123869896 38.93848720937967 0 4.93168643116951 6.576068364083767 0.6564391851425171 52.21793130040169 28.49872500449419 26.70361383259296 12.02759743481874 117.1518865823746 0.2508327439427376 4.346202224493027 0.2051375359296799 1.382798939943314 14.02303714305162 45.29364609718323 0.9813098013401031 0 5.41727876663208 49.77916284650564 13.09720573574305 70.0082948282361 13.0074148774147 2.934835702180862 1.300828531384468 8.033529408276081 9.523847952485085 1.141713485121727 1761.83207269758 3.448349572718143 1.329498700797558 4.254081100225449 0.4413201063871384 192.3790389224887 183.3258032798767 551.0432020500302 361.0960848629475 1.657811187207699 24.2932151183486 1283.091074943542 93.85360173881054 3.021586276590824 54.24055804312229 1.266663275659084 0 0 1.083464294672012 0.486288994550705 15.51247946918011 5.423431873321533 5.038505591452122 4.20666666328907 3.791356295347214 0.6333007216453552 0.5930471420288086 0
68.09065411984921 10.32402260601521 6574.763829730451 4.647116474807262 0.2478959485888481 53.23599470406771 4480.570912651718 761.9422248750925 7.802612788975239 237.016973733902 147.8199104443192 2.568858489394188 28.70817020535469 510.5212715640664 0.7668010219931602 5568.334948122501 6890.38424385339 76.06929806619883 526.6615331619978 2.247689358890057 17912.91958986968 678.5651700273156 22968.71840211749 434.6645241379738 7.121461868286133 2732.735608786345 11972.25402075797 2322.876166246831 119.712627761066 4115.623295858502 3.756449654698372 4.098305746912956 23.08049883693457 3710.945113070309 275.5587882250547 14540.71426262707 10699.20498403907 13548.60927476734 9834.777628481388 399.1044071614742 35.41488977521658 22.16712611913681 94.32599052786827 2.78541062772274 3.643869616091251 173.0778154432774 1.34730838239193 1.308947563171387 4.551068246364594 107.5273829996586 40.65415899455547 55.57198014110327 11.85085184127092 8.391698911786079 0 11.04610113799572 25.77035754173994 0.2593749761581421 2704.446016922593 10.74703396856785 2.093334674835205 7.978377170860767 0 340.9795021787286 419.4381183087826 2100.977257110178 203.8078828454018 2.525161691009998 32.21145718544722 1339.30416778475 114.7637078762054 9.255825541913509 125.7174087166786 1.131876841187477 0.5314423143863678 0 2.25654174387455 23.85842970013618 41.0766566619277 42.18683813512325 18.01564480364323 25.09833830595016 5.223111063241959 0 7.120983198285103 0
239.6108080148697 1193.468616373837 38.19353475421667 2052.98234628886 16.82313288748264 281.2155484780669 2187.831228211522 233.1672869175673 9742.363886527717 1060.414603807032 65.92981614917517 659.6018085181713 78.51116994768381 347.4443840160966 861.2796000540257 3573.007705003023 99.33884803205729 16.99311169236898 44.45792889595032 944.6420742496848 1009.359031356871 5660.855558782816 434.6645241379738 12790.89266455919 352.824201606214 73.51396591961384 4318.58916027844 10187.63630302995 1626.215012349188 3306.50606842339 13.19954018294811 18.09647147357464 215.5852868631482 332.4583607241511 29.45831267535686 2617.873738572001 222.6207827627659 1162.699252538383 555.9337737038732 1171.374316804111 50.9831882789731 7.858234144747257 27.32284110784531 2.376412771642208 6.025712110102177 17.39842589944601 749.9588077962399 0.6806552112102509 32.49444898217916 467.0404818803072 43.65486937016249 1638.085897788405 699.9679131582379 11.32568856328726 269.9590461403131 4.703482516109943 16.83320485800505 11.04852471500635 162.4840882793069 1.502702847123146 1.036241076886654 1.669916205108166 555.2337825596333 105.878277271986 48.80422386527061 105.0648105815053 2279.98027267307 0.9712976217269897 16.20944604277611 291.7884689420462 1357.19038656354 16.63006678968668 134.2649400904775 0.335705503821373 6.118823528289795 1.256616309285164 18.06184509396553 3.855575360357761 156.4241500198841 10.52678081393242 86.21224454045296 33.06058854609728 143.56724049896 11.55519047379494 6.558627992868423 2.812539339065552
0.08227330446243286 2815.894062764943 3.631996348500252 2.155847206711769 1.021494828164577 6.520098701119423 8.875988654792309 7.183249056339264 479.4562233835459 6.175066731870174 1236.926191948354 6.710648007690907 6164.533489383757 10.72211936116219 18.52070584148169 24.16096521168947 4.5295050740242 15.58948237448931 4.326701611280441 10.41689070314169 8.837463870644569 1079.735993102193 7.121461868286133 352.824201606214 1164.610805459321 236.2941421121359 3502.048167437315 29.98436813056469 24.42825137078762 31.36191689968109 432.3499715924263 19.35365711897612 0 539.5159850120544 32.77199307084084 1428.002382345498 1195.570864245296 1221.996638342738 223.3003194853663 107.7701162695885 91.76952555775642 545.9976089596748 0.6312073767185211 0 303.4381657838821 7.567047044634819 0 0 0.2321160659193993 4.117518112063408 2.654697179794312 1.882362887263298 1.651953436434269 285.2913330793381 0.1526481956243515 972.4605305269361 0.2532481104135513 0 2.546260088682175 3.241980753839016 23.9011327624321 44.13246041536331 2.125504016876221 7.073880471289158 6.601530820131302 0.3462681174278259 15.4463095292449 385.0104549080133 457.9762449935079 1588.766237482429 2.409861780703068 1.294879488646984 3.07413125038147 91.45495018362999 0.1475381404161453 0.1673877239227295 26.47027719020844 8.670125424861908 277.4282005727291 260.1596250236034 94.21781111508608 9.410994708538055 11.69980673491955 0 125.3271024376154 0
154.5453743413091 149.104557916522 12332.715709351 6.15672517567873 0.1115618124604225 59.73967611789703 1048.662180155516 882.0108004063368 24.17675749957561 205.6508930847049 2925.951445199549 31.96707563847303 317.4855399727821 792.6485023424029 1.753924839198589 4.863231137394905 1964.83888425678 5726.288613691926 7281.556725211442 18.83840370178223 110.2967658564448 37.82871268689632 2732.735608786345 73.51396591961384 236.2941421121359 29467.81341993064 11977.79214304686 95.85140350461006 258.946354329586 606.2373110130429 1030.586875982583 26.63200203329325 8.440468572080135 1258.435294628143 35.50074692815542 3838.647352769971 9033.919287763536 4695.439931973815 1918.722310870886 66.55703914910555 3.264246925711632 56.10100289434195 10.07206524163485 0 341.0374399498105 348.4139597266912 0.4287335351109505 0 0.2191004902124405 10.02857022732496 0.6927984207868576 6.751675449311733 3.43213028460741 204.6184251531959 0.8157301098108292 1498.842070385814 1.254355922341347 0.09445128589868546 6.932674564421177 214.8180737346411 275.7882551774383 1167.649481035769 0 5.709992274641991 24.7134076654911 9.746511325240135 35.52683871239424 346.3018609136343 6388.494384430349 7904.372600734234 13.8818696886301 1.562757842242718 7.368114091455936 294.128694280982 1.557486921548843 0 50.94261173903942 4.323509886860847 157.0291446372867 855.6977417841554 141.3308437019587 56.64602920413017 0.7404938936233521 0.2020859718322754 19.64033383876085 0.5813429355621338
15.08610127866268 5460.273197680712 9636.674636036158 5.934518992900848 2.461167901754379 24.0379581078887 416.3199852779508 45.69905872642994 1904.860508918762 81.51027356088161 1127.539995245636 30.07983989268541 5073.214344538748 47.09037095308304 118.3200416713953 4515.094650804996 5294.845286242664 995.564013235271 1985.881911717355 10.98392865806818 1876.597108155489 4925.620746940374 11972.25402075797 4318.58916027844 3502.048167437315 11977.79214304686 45091.97323225439 1638.787051968277 90.90603506565094 176.7070489376783 1392.318941913545 4.822213426232338 22.85979557782412 1691.174416676164 153.4527571946383 8903.718942694366 7836.568030111492 9061.890214659274 4348.880368605256 407.1304815486073 13.63095954060555 41.7196364030242 49.00796520709991 2.327344588935375 2248.854717880487 3760.424201719463 3.002476438879967 0.3442269116640091 2.682711988687515 176.4696327224374 15.31358662992716 90.60483187437057 28.02190737426281 193.1482681930065 0.2684533819556236 1316.127488873899 8.165698014199734 0.8437067344784737 2926.176875784993 474.7418659925461 216.0770849958062 1248.029359325767 1.724231570959091 161.7914217039943 2125.414170533419 2928.910480543971 532.9090277180076 532.233127489686 6948.022281572223 29495.68155065179 239.8214856758714 5.57685049623251 59.58415707200766 278.1040679737926 2.947870410978794 0.676597572863102 95.19633516669273 14.70013655722141 449.3893545567989 980.5493617802858 348.737100571394 192.5537194088101 13.16104899346828 0.4894473850727081 72.00298208743334 3.730815514922142
181.4945804774761 36.57908848673105 182.8537993431091 5169.90102852881 0.7593325152993202 1073.07911913842 23193.39736521244 254.3434975594282 663.4350952506065 11743.60673388094 55.84427942335606 554.1051011160016 16.88757390528917 328.9344889000058 22.76094920933247 1350.32267087698 226.7079868540168 16.13116078078747 51.44352896511555 1975.192839883268 5707.585164383054 199.7310133203864 2322.876166246831 10187.63630302995 29.98436813056469 95.85140350461006 1638.787051968277 30151.05354701728 1678.834310017526 11825.23667789251 1.23535929620266 17.92672105133533 212.8975303843617 395.5413321778178 36.36207542568445 3144.481596887112 267.7276145815849 1407.193677574396 715.2864192724228 277.1708598434925 75.83697772026062 17.5996211245656 30.2988423705101 3.143535472452641 0.5233937352895737 6.220554374158382 439.6429246515036 1.842062994837761 29.1928668692708 593.0292691737413 60.52109364420176 658.9565513059497 512.8160833567381 17.91090756654739 121.0528892204165 3.497501991689205 25.45981479436159 9.322188951075077 147.8044081181288 2.519170336425304 1.789685726165771 3.275220692157745 311.1130471006036 172.3128449544311 23.8888663649559 62.94238996505737 1892.358738645911 1.823735117912292 4.885232828557491 99.36107302457094 1258.413310840726 21.3981804177165 238.3724333569407 3.05394434928894 5.303517952561378 0.3198620080947876 17.73271836340427 5.935331657528877 160.7683831751347 18.72203858196735 80.3171594440937 26.96516381949186 86.11517959088087 11.74179056286812 14.33211711794138 4.626783281564713
