2421.707578457892 0.5162547379732132 54.82197841256857 0.9176402390003204 0.3945056721568108 20.8795580714941 2532.263570085168 157.9853443428874 19.87163951992989 9.802212305366993 28.70585344731808 0.3647744655609131 0 1884.135697327554 0.2977044880390167 3.414519116282463 550.7973358482122 46.90558528155088 304.2667351588607 1.231843717396259 22.08990876376629 2.175214506685734 141.9164805784822 98.95852869004011 0.2397145926952362 53.53748747706413 48.9160970672965 309.8350770995021 5847.34335591644 3052.681527458131 0.1620094478130341 9.321547910571098 105.8778472691774 815.9374520033598 0 10.06000799685717 12.91266116499901 220.6228918805718 9.625135831534863 0.415184959769249 1.041661396622658 0.1592393666505814 0 0 0 0.275636687874794 0.2960264831781387 0 0 1.865684069693089 0.1216691955924034 5.633754119277 0.1339429914951324 0 0.3348070085048676 0 1.026492208242416 0 8.839529268443584 0 0 0.1095181182026863 0.4265390187501907 8.508294761180878 0.9981715977191925 1.018341168761253 29.4933248013258 0 1.048614047467709 2.579368107020855 22.55503651499748 1.174171514809132 7.649126790463924 0.2011245936155319 0 0.1204146817326546 0.5021924376487732 0 12.68295652419329 0.4219713807106018 3.943234443664551 1.460336968302727 1.999857619404793 0 0 0
0.5162547379732132 99.63977471739054 8.177710868418217 0.1588213443756104 0.8692904859781265 0.2678104043006897 11.434854850173 1.781297266483307 546.9963422715664 0.6597883999347687 641.2242453992367 3.336722083389759 413.0452171266079 1.243622697889805 23.23480069637299 53.26194150000811 12.05787066370249 2.504673540592194 10.56676054000854 0.166334941983223 3.087632171809673 3367.741814978421 3.54064030200243 1741.718709662557 2906.602913245559 77.72871089726686 4940.934541739523 31.76105187833309 3.646594747900963 7.894443579018116 100.5065895989537 1.076197162270546 0.1295091956853867 93.3525914773345 0.1630216091871262 45.55448729544878 185.8297903165221 90.24328493326902 14.01358099281788 25.60038777440786 0 352.1402316242456 0.2828281819820404 0.138720914721489 38.51718385517597 128.4060109108686 0.7758256942033768 0 0 1.612894803285599 1.13397104293108 2.519915342330933 0 34.85882855951786 0 140.9020599424839 1.724049746990204 0.1227737590670586 11.14907654374838 50.91608564555645 3.014992967247963 6.818602427840233 0.1679253131151199 0.8257312178611755 32.36100353300571 3.235164940357208 20.23757953196764 99.38618957996368 183.4747149273753 1882.130175247788 2.583387926220894 1.092161543667316 0.7514510005712509 43.42693366110325 0.172805517911911 0 6.852293714880943 0.9834142327308655 88.53469951450825 40.14054521173239 57.35126388818026 29.6321025788784 2.709527984261513 0 14.12187793850899 0
54.82197841256857 8.177710868418217 5336.156096227467 3.274426057934761 0.5336383804678917 609.0491823628545 2937.498136498034 1787.623467363417 1.141661167144775 95.73569627851248 72.63904720544815 1.443899445235729 5.599342823028564 846.1788671314716 3.980226032435894 13.03238648921251 6895.202885255218 50.42458974570036 530.5775976479053 3.507613949477673 83.38403984159231 7.636279031634331 18677.60130897164 22.14083418250084 0.9657568484544754 7571.506637327373 4109.414585880935 316.2313392683864 113.9318366721272 411.4787209630013 1.410500288009644 7.109018512070179 3.194811537861824 883.5563880875707 34.09276854991913 3005.679554179311 3676.456692054868 3226.002808190882 863.6208236441016 67.42379832267761 3.362025037407875 18.46527342498302 14.55712781846523 0.7595429718494415 23.86411578953266 1784.327747173607 0 0 0.5503711104393005 13.00659113377333 2.999578960239887 0.4899614900350571 0.3976578712463379 1.24053156375885 0 0.5856630951166153 4.974339865148067 0 52.83228145539761 368.3976473584771 4.149826526641846 47.60478888452053 0 3.446979589760303 24.71619765460491 198.2501149326563 26.64997237920761 0.8041233718395233 276.9212016835809 2174.693589255214 10.30195016413927 1.989897325634956 5.77987190335989 0.6505342274904251 0 0 7.286811709403992 4.009942322969437 269.31191419065 52.88627241551876 109.8953168988228 73.28199215233326 5.837620116770267 0.5527622401714325 1.054229781031609 1.627993687987328
0.9176402390003204 0.1588213443756104 3.274426057934761 1843.654522970319 5.734905421733856 37.04761981219053 150.9606113359332 51.96479038894176 344.9153781980276 2475.951484888792 2.703110657632351 3119.730951428413 0.1276263296604156 29.2066650018096 134.3421206921339 0 0.2813554629683495 0.5920258164405823 0.1133826896548271 3484.911743849516 0.2921919450163841 0 1.513175636529922 2153.374400779605 0 2.863417200744152 1.483861543238163 4466.643437117338 70.08526072651148 0.1470539420843124 0.4444403499364853 3.392428286373615 2.058903008699417 17.70569030940533 7.957897052168846 391.3892836421728 2.278140380978584 101.9621952846646 40.80110110342503 328.7754096388817 20.52181249856949 0 6.003462970256805 0.4762206673622131 0.425919771194458 0 131.4951097667217 0.5607323348522186 4.521952763199806 33.0463991612196 4.317502871155739 105.9156994223595 206.3429665714502 0.6155314445495605 74.20349623262882 0 2.518292590975761 24.7365612834692 0 0 0 0 148.7066919952631 0.2675761952996254 0.6960112005472183 0.4304481148719788 459.1991052776575 0 0.1373976022005081 1.650012105703354 300.4443055167794 4.817675352096558 10.72613391280174 0 1.044541627168655 0 0.9220163077116013 0.9391944408416748 148.6457403153181 0 17.73098013550043 4.048129975795746 184.3870052695274 0.1986353248357773 0 0
0.3945056721568108 0.8692904859781265 0.5336383804678917 5.734905421733856 0.7776312828063965 221.7497407719493 8.833065710961819 39.28581035137177 51.10417003184557 21.69909378886223 82.63080158829689 211.3509146571159 7.457653254270554 6.266122058033943 2386.031662940979 0 1.281739637255669 4.519583478569984 4.277896508574486 22.91862814128399 0 5.188952282071114 0.126397117972374 65.19476534426212 0.8370557427406311 10.57054316997528 10.61492770910263 13.47605197876692 5.277147896587849 0.4709844589233398 0.1983787715435028 6.510136976838112 0 779.2745447009802 1.125716805458069 42.75842587649822 9.031541481614113 407.9460469484329 69.1674519777298 3112.465425416827 49.22889591753483 2.872388005256653 2.242488265037537 0 0 0 0.5353842973709106 0 0 0.4995225369930267 0 0.1954241991043091 0.3411243259906769 0.1802857369184494 0 0.1913912147283554 0 0.9077093601226807 0.1151712909340858 0 0.3830519914627075 0 0.6115107238292694 0.465346485376358 0 0 4.332691960036755 0 0.3401149213314056 0.8112739026546478 3.687461167573929 0 0.1362437158823013 0 0 0 0 0 4.314650759100914 2.182358711957932 0 0 5.190632373094559 0 0 0
20.8795580714941 0.2678104043006897 609.0491823628545 37.04761981219053 221.7497407719493 14335.13292732835 7565.835213422775 6377.032482944429 62.40208705514669 8727.015781782568 135.3808095306158 6183.479513294995 12.21016190946102 522.0856312215328 2143.047172062099 5.409202374517918 122.758853957057 25.16405041515827 91.47923194617033 568.3091123774648 10.15185936540365 2.063329234719276 418.7619774267077 145.2501579895616 1.604262486100197 237.3470412492752 77.09496800601482 1266.520801059902 302.5400418490171 16.56604776531458 1.989065252244473 175.6794432848692 5.271323136985302 631.8274874091148 46.93030925095081 350.681241966784 50.87874560803175 1065.98081342876 181.8535940796137 2029.855606846511 225.4947743788362 10.43892107903957 18.07038140296936 0 0.4007981419563293 4.346430413424969 19.08988225460052 0 0.2438408210873604 6.547472812235355 0 20.01379692554474 20.57626473903656 1.227885372936726 4.047093689441681 0.888723112642765 1.087775446474552 0.08913916349411011 1.910260625183582 0.2611090242862701 0.1175937056541443 0 16.63723120093346 0.9148411750793457 0.1175731420516968 4.46601565182209 111.4910686388612 0 0.8249183818697929 10.82764168083668 63.686842687428 3.009408533573151 6.082981131970882 0 0 0 0.1157031208276749 2.987865149974823 15.44459893554449 0.6002527624368668 8.22561226785183 1.647400036454201 8.130777828395367 0 0 0
2532.263570085168 11.434854850173 2937.498136498034 150.9606113359332 8.833065710961819 7565.835213422775 14666.59090678394 6202.295775987208 479.3195985555649 9025.097222924232 51.24285127967596 190.7907584607601 11.48853829503059 12908.10166461766 67.24569967389107 440.3621862977743 499.3162033185363 32.80781923234463 146.6917649582028 126.7156549990177 971.7291148453951 83.54081523418427 5431.711365692317 2786.07336473465 5.115700177848339 830.7175900489092 1448.890325538814 23580.6647207737 2122.566836088896 2164.076799094677 3.193153619766235 62.5623417198658 75.91085223853588 331.2594974339008 80.86052940785885 1543.959478124976 96.73484125733376 1331.511066652834 530.3992239311337 318.1848963350058 81.67757727950811 0.7948106080293655 30.02103586494923 2.794140234589577 1.640513554215431 40.67572350800037 40.92713106423616 0.3498854041099548 4.944676734507084 68.98684441298246 5.97641272097826 184.3429849594831 86.24557857215405 2.946292258799076 19.76498705148697 0.1039357632398605 20.74140309542418 2.013146348297596 105.6907677575946 5.145001702010632 1.088996596634388 1.109845504164696 59.28999530524015 51.87675856053829 12.31842166930437 127.002117857337 863.7320358008146 0 13.12707925587893 118.067332521081 491.7255283147097 27.99976107478142 133.2226319238544 0.9654178619384766 0.3922716677188873 3.327456526458263 12.51765015721321 8.467674747109413 212.0469700843096 4.544243007898331 80.0659853965044 29.29362440109253 64.0321189686656 3.742066234350204 3.028985276818275 0.1526453495025635
157.9853443428874 1.781297266483307 1787.623467363417 51.96479038894176 39.28581035137177 6377.032482944429 6202.295775987208 11558.16473767161 32.6450667604804 4771.529796428978 186.1746714040637 769.4762341827154 9.155048511922359 5925.528073631227 75.36931260675192 10.59412062168121 1132.183704316616 117.5143332108855 797.765856154263 229.0660113692284 43.17486511170864 2.029349066317081 1187.666029684246 197.0587723553181 1.710626043379307 567.2600208744407 309.8454341962934 731.2491651847959 545.3009440675378 348.2521199062467 2.974758677184582 440.558969207108 2.534058451652527 580.3990056812763 2.571337446570396 112.3053243383765 97.9118250310421 619.1301567703485 85.19821550697088 314.8403864279389 29.94279560446739 2.813872054219246 2.992975234985352 0.2727702185511589 0 10.55238147825003 2.709155865013599 0 2.22387171536684 7.485300906002522 0.3950837552547455 9.343418024480343 4.723221063613892 2.415842682123184 2.671427741646767 1.048153609037399 1.041428692638874 0 6.891468279063702 0.5350834876298904 0.3653237819671631 0.6591807901859283 5.595405876636505 7.870653688907623 0.2680550217628479 8.704917952418327 73.28151740133762 0 3.609266087412834 21.99612022191286 52.66290718317032 3.782859794795513 19.35082785785198 0.8610517308115959 0 0.2353222221136093 1.218782283365726 0.321848452091217 16.7295216396451 0.3111837804317474 7.81206302344799 2.040562309324741 3.337187349796295 0 0.227685958147049 0
19.87163951992989 546.9963422715664 1.141661167144775 344.9153781980276 51.10417003184557 62.40208705514669 479.3195985555649 32.6450667604804 1094.268311619759 158.6714395806193 46.14552155137062 315.0072953701019 68.65968095511198 43.40871861577034 753.8962167352438 71.52617593109608 2.934226140379906 2.100546695291996 3.440067619085312 299.9277941435575 20.41858907043934 3605.758330017328 10.3027219325304 11199.08771304041 296.9187612384558 24.6890689060092 1026.070277929306 906.0727924332023 145.0876014903188 294.4954665601254 49.70704080164433 3.917256340384483 12.15947982668877 29.34768395870924 27.85819646716118 612.6767485886812 42.66334379464388 136.3559824302793 88.69012529402971 301.2686746567488 10.00990061461926 8.736637033522129 8.024214625358582 4.587937869131565 3.017408490180969 3.005656778812408 192.2772434055805 0.957583412528038 9.118563391268253 57.13353338837624 8.176659181714058 114.3927021324635 219.2311211824417 11.99278805404902 77.96763510257006 28.52542475610971 16.05636320263147 13.05710887908936 153.9098837450147 1.349984362721443 0.8517920225858688 1.528893560171127 190.5387367159128 59.32210862636566 32.57341429591179 7.411503657698631 2366.404097661376 12.92541496455669 17.34970850497484 41.51860397309065 622.2196611091495 51.39059020578861 116.7397038638592 15.02997820079327 0.6286596730351448 5.448807924985886 8.888558827340603 5.716609165072441 158.9765717536211 8.736793473362923 51.17719880491495 26.9564480856061 100.5831593945622 6.771522551774979 2.972036138176918 0
9.802212305366993 0.6597883999347687 95.73569627851248 2475.951484888792 21.69909378886223 8727.015781782568 9025.097222924232 4771.529796428978 158.6714395806193 26841.4963856861 152.566777639091 4144.826403580606 9.277047105133533 784.3316909223795 84.01100651174784 2.18875789642334 10.37928427755833 22.81746486574411 16.9614385664463 1543.024799756706 3.106661610305309 0.1309902966022491 75.5455559194088 317.8676163554192 2.447011142969131 89.37345046550035 39.58585996925831 4514.098866775632 1018.46466319263 4.212527066469193 4.808714993298054 156.4259464815259 8.921129874885082 535.2484448626637 94.74696803092957 1863.406554490328 50.30684906989336 2462.703931771219 306.4980664253235 1113.40984030813 284.0250649303198 2.11791367828846 88.25751666724682 0.1685842275619507 0.1889167577028275 1.01725634932518 123.34427960217 0.7752263844013214 8.422858253121376 53.16267807781696 3.62333357334137 107.1226529926062 203.5399602204561 2.586046695709229 48.73377877473831 1.042495854198933 13.22137682139874 20.49275521934032 0.7286176979541779 0 0.1349200010299683 0 148.2683072835207 0.3148734271526337 0.5463787317276001 2.248985826969147 848.5904667451978 0.1806307882070541 0.9695637598633766 5.186781883239746 505.0316200405359 10.7739659845829 21.98815788328648 0.1553768366575241 0.6683827638626099 1.953624188899994 4.784760028123856 9.148600056767464 151.3867231160402 0.8578739166259766 37.73943635076284 12.82073184847832 113.4559827595949 2.027379661798477 0.453146293759346 2.940977394580841
28.70585344731808 641.2242453992367 72.63904720544815 2.703110657632351 82.63080158829689 135.3808095306158 51.24285127967596 186.1746714040637 46.14552155137062 152.566777639091 12370.81959722191 115.4006281197071 2694.692086853087 178.7310411632061 2.381294205784798 6.970770746469498 394.3443565294147 3127.607152700424 425.2384707778692 28.71683279424906 58.12051065266132 137.1083237379789 104.7709186077118 75.63542767614126 934.4505798593163 2575.513054184616 1767.24553335458 27.1471162289381 698.8802963346243 27.1193609982729 460.8142781704664 480.7479696646333 22.52214726805687 7384.603318013251 8.067846864461899 912.1619661673903 5253.876963526011 6100.136328011751 1048.985470853746 62.61877845972776 54.94548404216766 704.8695216327906 11.91261428594589 0 63.87755826115608 6.267097339034081 0.2293990924954414 0 0 0.4489220157265663 0 2.917071729898453 0 321.9461630955338 0.1254901140928268 1358.548179887235 0.3085222691297531 0 0.4957894831895828 1.126398429274559 4.779033094644547 0.4704461693763733 0.2180010974407196 0.1253998875617981 7.53186409175396 0.9958478212356567 9.895137712359428 555.8549089729786 108.3615403920412 371.3339523747563 7.369897782802582 1.310205668210983 0.5664533972740173 245.7413013875484 0 0.09074932336807251 12.92471965402365 0 6.785276368260384 255.6797804534435 14.03653130680323 1.592151023447514 0 0 334.3468805700541 0
0.3647744655609131 3.336722083389759 1.443899445235729 3119.730951428413 211.3509146571159 6183.479513294995 190.7907584607601 769.4762341827154 315.0072953701019 4144.826403580606 115.4006281197071 17562.32642407715 4.707414343953133 147.2271679416299 2087.796470306814 0.1740871071815491 0.9202847629785538 12.54990069568157 5.953056640923023 11779.18082989752 0.1791073977947235 13.89789918065071 2.965123347938061 1394.290531232953 4.928271397948265 32.2234722673893 21.87951505929232 580.5855666920543 217.1331985294819 1.143504984676838 3.445427000522614 143.3345999717712 0.8074516355991364 297.1790362372994 4.417521953582764 692.9716414362192 18.50994931906462 722.8572103902698 27.0151324570179 2035.233391612768 38.80921958386898 1.425726279616356 7.257324770092964 0 0 0 218.8896832466125 1.08003406226635 5.066068112850189 6.071614369750023 0.1774500161409378 24.27938371896744 77.48607605695724 0.7693938687443733 125.724536255002 0.6120174154639244 1.649847134947777 10.38691779971123 1.006879553198814 0 0 0 45.21695731580257 0 1.191877067089081 0 99.46010229736567 0.1467581540346146 0.5919316709041595 1.797564297914505 108.1773112490773 0.9101228266954422 2.395504102110863 0.6556558012962341 0 0.1891902387142181 0 0 49.71170471608639 0.240517184138298 1.255717217922211 0 71.08480907231569 0.438714474439621 0.2317420840263367 2.868185520172119
0 413.0452171266079 5.599342823028564 0.1276263296604156 7.457653254270554 12.21016190946102 11.48853829503059 9.155048511922359 68.65968095511198 9.277047105133533 2694.692086853087 4.707414343953133 4161.831934131682 6.006198719143867 4.641919165849686 5.734288536012173 1.587735317647457 38.07669536024332 4.041709899902344 8.223980382084846 2.975741945207119 171.4315525814891 11.23205599933863 110.231567710638 2882.49493663013 104.4699113965034 2980.958341635764 15.22541918605566 11.1981266066432 15.36545009166002 422.0159002244473 23.77382612228394 0 1673.16443323344 21.72370874881744 1252.036098495126 4006.998871900141 4681.565210320055 523.9615317732096 153.0420171543956 157.9361960738897 1294.64333242178 12.52046264708042 0 131.6826071068645 2.886672914028168 0.328226774930954 0 0 0 0 2.812892556190491 0 534.645934805274 0.1794268488883972 2348.12742613256 0.311234176158905 0.151685819029808 0.2979935556650162 0.4275328144431114 6.378872260451317 3.966004595160484 0 0 13.68105667084455 1.137503683567047 3.911468617618084 1334.377608329058 219.3596053346992 621.2207175344229 1.165990270674229 1.028553619980812 0.1239782124757767 478.4843315631151 0.1029713004827499 0 16.02071995288134 1.630375981330872 218.8004920333624 326.4720067903399 23.60545975714922 4.725685603916645 0.5539170354604721 0 360.6685915440321 0
1884.135697327554 1.243622697889805 846.1788671314716 29.2066650018096 6.266122058033943 522.0856312215328 12908.10166461766 5925.528073631227 43.40871861577034 784.3316909223795 178.7310411632061 147.2271679416299 6.006198719143867 14616.9050661996 4.164817295968533 7.402006648480892 1177.106597967446 100.0642047077417 644.2136888206005 68.87108971178532 50.20198073238134 5.77893453836441 779.1752762496471 237.8233996629715 0.2761147767305374 281.4549378678203 200.1519717648625 724.5004943758249 4314.00533632189 1386.52297552675 2.070385530591011 140.3114895224571 8.170873835682869 792.1505471616983 0.674039900302887 37.56833969056606 53.41034804284573 664.8230938836932 23.05157826840878 78.79044955968857 23.88431760668755 1.857612915337086 0.5371838808059692 0 0 3.036935560405254 1.207805931568146 0.09565778821706772 0.3250017464160919 10.14328738301992 0.4232049584388733 10.97839965671301 4.980509079992771 0.1556453257799149 0.3239444494247437 0.6725526005029678 1.594301208853722 0 7.566785722970963 0.5294622927904129 0 0.1533571928739548 1.680484533309937 9.686383433640003 0.8700998723506927 4.844193831086159 62.3013416826725 0 3.373083360493183 13.5212684944272 45.80349320918322 4.905471235513687 21.76940394192934 0.8975484669208527 0 0.3792651891708374 1.300454638898373 0.4892264306545258 21.08710791170597 0.1051372438669205 8.138113781809807 2.293236181139946 3.855959035456181 0.5630317330360413 0.1365771591663361 0
0.2977044880390167 23.23480069637299 3.980226032435894 134.3421206921339 2386.031662940979 2143.047172062099 67.24569967389107 75.36931260675192 753.8962167352438 84.01100651174784 2.381294205784798 2087.796470306814 4.641919165849686 4.164817295968533 380.0135665088892 0 0.1430073976516724 0.2385740876197815 0.1403209567070007 337.2921297326684 0 91.25801272690296 2.093067586421967 1890.883016556501 14.74783542007208 2.899317845702171 66.23787076026201 169.5436773002148 9.250417701900005 0.5244370698928833 2.616290926933289 118.2611818313599 0.9256791546940804 7.541398130357265 3.87610325217247 828.1363810449839 3.061880946159363 10.17245439440012 11.11271702498198 1607.097783863544 74.5552670955658 0.2306078225374222 1.758195757865906 0 0 0 21.73626273870468 0 1.810868978500366 3.453547045588493 0 17.43297983705997 20.84658135473728 0.3319128453731537 14.82272927463055 0.834071084856987 0 7.47139984369278 4.739395573735237 0 0 0 25.52201706171036 2.643562182784081 2.1971375644207 0.1496551781892776 47.5110837444663 0.1225688681006432 1.038965001702309 2.155430570244789 31.5221952944994 0.6148034781217575 1.413025081157684 1.616866141557693 0 0 0 0.7922451496124268 53.46812252700329 0.181127518415451 0.500126339495182 0.9310025051236153 80.36181145906448 0 0.1650228351354599 0
3.414519116282463 53.26194150000811 13.03238648921251 0 0 5.409202374517918 440.3621862977743 10.59412062168121 71.52617593109608 2.18875789642334 6.970770746469498 0.1740871071815491 5.734288536012173 7.402006648480892 0 1291.776013799012 40.37503607571125 0.6834338381886482 6.134521007537842 0.1449556648731232 1455.517666757107 4172.760555826128 2444.029960460961 2986.587173111737 10.65309941768646 17.52819154411554 5760.322059936821 2811.090073615313 16.34244876354933 497.5894905552268 3.05687939375639 0 3.705617263913155 79.14463677257299 68.44417284429073 2735.909632332623 654.468692176044 948.7192951217294 1302.830625340343 93.97206706553698 2.075968556106091 3.136406227946281 24.37616044282913 4.214292630553246 3.589436173439026 83.50738000124693 0.6097936928272247 0 4.357216499745846 95.74487291276455 5.017788842320442 13.38189367204905 2.857705503702164 3.029772184789181 0 1.298637941479683 10.73733351379633 1.03328375518322 5389.410890467465 6.707004308700562 0.943807914853096 1.105542503297329 0 888.4086187407374 484.1939043998718 4123.070899553597 292.5827502682805 0.1728096902370453 26.0330753326416 627.0973754897714 207.4883743971586 32.10704576224089 254.5312068238854 1.183547481894493 0.1389130651950836 2.245067417621613 6.259893365204334 12.51063799858093 387.0962374508381 56.68684960901737 78.00065276026726 126.7892831861973 19.07778265327215 0.8244593441486359 0.1064876914024353 3.334665194153786
550.7973358482122 12.05787066370249 6895.202885255218 0.2813554629683495 1.281739637255669 122.758853957057 499.3162033185363 1132.183704316616 2.934226140379906 10.37928427755833 394.3443565294147 0.9202847629785538 1.587735317647457 1177.106597967446 0.1430073976516724 40.37503607571125 1114.965423949063 266.3060293197632 4332.823545671999 0.4006459563970566 178.8163513168693 4.725373677909374 5267.61592912674 21.24977197498083 8.685643702745438 4325.730477690697 4981.465490706265 74.71419829130173 1013.818009056151 1438.484669588506 3.345996923744678 11.32731059938669 28.84093789756298 1270.412054613233 5.886322602629662 543.0623836815357 2806.892985776067 668.1960081532598 93.21938817948103 10.7475646212697 0.9558824747800827 21.62933705747128 2.569528758525848 0.5506469234824181 13.26152396947145 111.5930109247565 0 0 0 2.032987453043461 0.3683663159608841 0.6824337393045425 0.2355084717273712 1.446700528264046 0 1.875673919916153 0.9405946135520935 0 12.6227550059557 46.50691413879395 3.32087342441082 57.61040216684341 0 2.382670603692532 4.618775263428688 13.47038285434246 4.243605770170689 0.6862333565950394 472.4051570370793 685.2544557228684 2.662041395902634 0.709298774600029 2.263014689087868 2.075868621468544 0 0.117588609457016 3.441622190177441 0 36.22858876734972 18.71616313606501 25.7266881018877 14.30518618971109 1.479663208127022 0 1.959974840283394 0
46.90558528155088 2.504673540592194 50.42458974570036 0.5920258164405823 4.519583478569984 25.16405041515827 32.80781923234463 117.5143332108855 2.100546695291996 22.81746486574411 3127.607152700424 12.54990069568157 38.07669536024332 100.0642047077417 0.2385740876197815 0.6834338381886482 266.3060293197632 2203.531930856407 1158.509929016232 4.191664859652519 17.23015389591455 3.481731668114662 74.26072061806917 5.168104760348797 52.99594837427139 2492.692377403378 475.0918544307351 8.961396731436253 224.4772449657321 29.91829127073288 67.22712221741676 52.31798575818539 10.19627667218447 1023.863901771605 3.536761954426765 1144.778303064406 1687.837027572095 2091.364724434912 557.3565192520618 14.49861370027065 1.155103273689747 24.92034043371677 3.65704944729805 0 5.937005326151848 1.347280234098434 0 0 0 0 0.1189983040094376 0.8105248659849167 0.1285693496465683 55.97244141995907 0 145.8385682329535 0 0 0.4233646988868713 0.2061905413866043 18.16609272360802 5.301476120948792 0 0 0.2967291921377182 0.4633226245641708 2.444629579782486 16.13144440948963 224.9747164770961 273.0318309888244 0 0 0 138.1742711886764 0 0 1.28660175204277 0 5.746638238430023 145.3696984797716 4.426523178815842 0.8510723859071732 0 0 2.082362473011017 0
304.2667351588607 10.56676054000854 530.5775976479053 0.1133826896548271 4.277896508574486 91.47923194617033 146.6917649582028 797.765856154263 3.440067619085312 16.9614385664463 425.2384707778692 5.953056640923023 4.041709899902344 644.2136888206005 0.1403209567070007 6.134521007537842 4332.823545671999 1158.509929016232 1990.815312705934 2.008770272135735 51.61804956197739 3.443131573498249 687.5049963891506 7.796281784772873 29.53395307064056 7680.279934130609 957.5290853083134 18.05704861879349 765.3711342960596 247.756100282073 5.975138515233994 36.59194729477167 33.45726284384727 1124.119600810111 3.257809892296791 1214.927158944309 1362.269590809941 1497.161290064454 261.115849815309 19.87581567466259 0.8071108311414719 9.197297289967537 1.796527035534382 0 12.95082503557205 8.110044755041599 0 0 0 0 0.1120059043169022 0.3987363576889038 0 16.70512480288744 0 21.89919118583202 0 0 1.594785414636135 1.501235976815224 17.47467781603336 18.86766694486141 0 0 1.498150244355202 2.12970595061779 0.8336040154099464 4.048256553709507 272.1529605165124 335.9948975518346 0.2774530351161957 0 0.6984086632728577 51.57528245449066 0 0 1.630066633224487 0 7.618950612843037 42.08357993513346 7.13732073456049 1.235401824116707 0.5160236209630966 0 0.3673832342028618 0
1.231843717396259 0.166334941983223 3.507613949477673 3484.911743849516 22.91862814128399 568.3091123774648 126.7156549990177 229.0660113692284 299.9277941435575 1543.024799756706 28.71683279424906 11779.18082989752 8.223980382084846 68.87108971178532 337.2921297326684 0.1449556648731232 0.4006459563970566 4.191664859652519 2.008770272135735 738.4280594736338 0.6780296936631203 0 1.665289431810379 1539.873187273741 0.3015875518321991 12.17691957950592 6.619901239871979 2519.074647888541 170.689770065248 0.8979626297950745 0.8558426946401596 38.12991520762444 2.435122817754745 88.52850452810526 23.57730980217457 723.7530534118414 9.140629574656487 364.8974542766809 65.25178082287312 810.8096260800958 43.93249610066414 0.834788054227829 18.80602794885635 0.1580845266580582 0 0 132.2108923196793 0.4775668084621429 10.05083882808685 32.68900701403618 2.04675529897213 106.0879615843296 183.0359753221273 4.628229767084122 83.4490360468626 0.3934333026409149 2.900974214076996 21.2831222563982 0 0 0 0 135.6986955851316 0 0.4525774419307709 0 563.8063940703869 0.1412752121686935 0.1345093548297882 0.4327830374240875 339.2737640216947 7.320870712399483 9.233736544847488 0 0.6256594657897949 0 2.907649248838425 1.244497090578079 118.5139604061842 0.3035433888435364 22.74537327885628 1.032490357756615 140.9543737620115 1.630449175834656 0.755662202835083 0
22.08990876376629 3.087632171809673 83.38403984159231 0.2921919450163841 0 10.15185936540365 971.7291148453951 43.17486511170864 20.41858907043934 3.106661610305309 58.12051065266132 0.1791073977947235 2.975741945207119 50.20198073238134 0 1455.517666757107 178.8163513168693 17.23015389591455 51.61804956197739 0.6780296936631203 15455.9528587535 58.03979831188917 17555.3977695927 123.1916378065944 5.933923080563545 30.2605225071311 435.1981246471405 3130.179682612419 141.400727070868 10607.1821141392 0.1026872843503952 1.614283487200737 71.52768424153328 3679.131860308349 196.7695170715451 8257.072121419013 969.2304827570915 6312.85852663964 3665.274177275598 140.9307700544596 6.163996852934361 2.276708140969276 66.28688126057386 6.0323396474123 0 2.680206649005413 0 0 1.077716216444969 23.88737173378468 0.8794189766049385 12.68171487003565 2.346401244401932 0.6329454109072685 0.1190431416034698 0.293461874127388 7.978388674557209 0.9081847965717316 700.9974589049816 1.921753033995628 0.09895472228527069 0.7379284128546715 0.2289857715368271 532.849751830101 52.62372956424952 193.3641312420368 271.3309573978186 0.649842768907547 1.960254050791264 15.58097676187754 174.2325082197785 38.98138064146042 261.6483992338181 0 0 4.879143945872784 6.534592337906361 14.43211513757706 117.9331741034985 8.934074424207211 19.46028691530228 15.65527228266001 9.622743800282478 0 0 0.1915288269519806
2.175214506685734 3367.741814978421 7.636279031634331 0 5.188952282071114 2.063329234719276 83.54081523418427 2.029349066317081 3605.758330017328 0.1309902966022491 137.1083237379789 13.89789918065071 171.4315525814891 5.77893453836441 91.25801272690296 4172.760555826128 4.725373677909374 3.481731668114662 3.443131573498249 0 58.03979831188917 1353.415972113609 67.59219372272491 9968.272955469787 1403.7673695907 42.70199353992939 4550.220103129745 183.6598610207438 13.01422345638275 80.04309183359146 98.36855961382389 0.4199861735105515 0.3883464485406876 24.17176073789597 2.893711104989052 122.6100735515356 65.91366675496101 66.52321848273277 30.99274617433548 122.049424700439 0 24.67158222198486 0.4456234574317932 0.6311021745204926 14.3379282951355 217.9617352411151 5.896631002426147 0 0.6243471652269363 19.41023950278759 2.331828035414219 17.50166419893503 2.007387667894363 16.15227615833282 1.050440788269043 60.87701129168272 4.29131156951189 0.5102889984846115 1517.617067754269 40.84231455624104 0.4734651297330856 3.740501776337624 0 108.1025925651193 82.36375170946121 576.1887820735574 133.0090952292085 28.09060898423195 59.48413263261318 1473.012053333223 60.74277954548597 4.645839177072048 27.43710817396641 26.64126508682966 0.133706197142601 0.2809478044509888 4.769563406705856 2.212889283895493 171.5658089593053 38.25927071273327 67.5301172286272 74.45453406870365 10.21200235188007 0.2336340695619583 3.519000455737114 0.2095463871955872
141.9164805784822 3.54064030200243 18677.60130897164 1.513175636529922 0.126397117972374 418.7619774267077 5431.711365692317 1187.666029684246 10.3027219325304 75.5455559194088 104.7709186077118 2.965123347938061 11.23205599933863 779.1752762496471 2.093067586421967 2444.029960460961 5267.61592912674 74.26072061806917 687.5049963891506 1.665289431810379 17555.3977695927 67.59219372272491 23168.10535035282 430.4715991392732 4.294613189995289 2259.493161052465 18505.49376769364 6946.027839027345 252.8292243555188 9502.805251032114 3.339008577167988 7.698049299418926 36.13005139678717 3406.723667547107 255.0185833871365 10531.94553140551 4181.698144085705 10093.80001292378 9632.630132064223 424.3703562915325 21.67279498279095 10.25160486996174 114.1894813105464 2.36719960719347 1.885926440358162 560.3415541052818 0 0.1173373088240623 1.293985292315483 65.74407112598419 4.374966621398926 3.088347129523754 2.389415636658669 0.7144010961055756 0 0.7085970789194107 9.469428509473801 0.3772131651639938 1824.503651864827 26.71073646843433 0.8010047748684883 0.5437351316213608 0 326.385631583631 81.39636866748333 2625.705350451171 103.8474936112761 0.70166015625 22.56030674278736 1116.774241626263 105.8858567774296 10.78470911085606 100.8758867681026 0.648015983402729 0 2.146701313555241 5.807547524571419 16.14749147742987 272.3241260647774 42.06682125478983 76.82736862450838 101.5899815484881 12.50809381902218 0.7569973468780518 0 2.406470157206059
98.95852869004011 1741.718709662557 22.14083418250084 2153.374400779605 65.19476534426212 145.2501579895616 2786.07336473465 197.0587723553181 11199.08771304041 317.8676163554192 75.63542767614126 1394.290531232953 110.231567710638 237.8233996629715 1890.883016556501 2986.587173111737 21.24977197498083 5.168104760348797 7.796281784772873 1539.873187273741 123.1916378065944 9968.272955469787 430.4715991392732 8159.19253410399 650.4679021686316 71.65252891182899 6301.389267764986 5678.659748025239 993.8915377929807 720.7355572879314 69.63061837106943 22.47234276682138 98.07103705406189 234.2906881049275 155.0077899321914 3592.348257005215 99.88407038152218 1324.807749010623 700.6319162473083 1529.008094362915 67.17287663370371 28.1755343079567 45.5491838902235 13.91083407402039 15.77079487591982 40.56880012154579 418.0426587164402 2.175460368394852 38.71576086431742 408.6788830980659 36.89107590913773 1338.846066042781 655.7636362612247 31.92435111105442 192.241982281208 47.00170261412859 95.6100477129221 38.83666817843914 550.8814564570785 10.14486186206341 5.76015243679285 7.526614770293236 451.8100097551942 321.4190408885479 109.5001093372703 104.4818414226174 5467.622213222086 15.10954441130161 88.51517192274332 264.2459854260087 2920.825252763927 214.722872428596 684.918608084321 23.89030708372593 9.16205482929945 15.67976377159357 56.55899085849524 21.92549745738506 1115.411555729806 18.24516092985868 431.2448409423232 155.0531456321478 621.3462157547474 29.39138446748257 13.89816098660231 6.678916230797768
0.2397145926952362 2906.602913245559 0.9657568484544754 0 0.8370557427406311 1.604262486100197 5.115700177848339 1.710626043379307 296.9187612384558 2.447011142969131 934.4505798593163 4.928271397948265 2882.49493663013 0.2761147767305374 14.74783542007208 10.65309941768646 8.685643702745438 52.99594837427139 29.53395307064056 0.3015875518321991 5.933923080563545 1403.7673695907 4.294613189995289 650.4679021686316 1457.843587651849 377.9191017970443 3925.490721449256 42.58222117275 7.096595585346222 23.53723808377981 552.0449420362711 5.163569413125515 0.2762284576892853 744.2879246473312 16.65157271921635 970.0730409026146 587.408495798707 643.6683765202761 142.5918854102492 113.5594118088484 32.19328954815865 995.2287845313549 49.26247820258141 0 90.27656517922878 0.6278128027915955 0.1246279254555702 0 0 0 0.119595505297184 3.031743720173836 0.5024946928024292 266.7818379253149 0 1098.224089756608 0.2285458520054817 0 1.681581698358059 0.5612692534923553 30.4616811722517 6.924571618437767 0 0.6211315244436264 5.435767248272896 0.4298269301652908 6.436174012720585 575.869851693511 593.2190082594752 1247.286116696894 6.27081161737442 0.3045813292264938 0.08542401343584061 545.6754276007414 0 0 10.18077822029591 0 262.087740406394 205.227424249053 20.26110080629587 9.657018601894379 13.79801797866821 0 63.12709743529558 0
53.53748747706413 77.72871089726686 7571.506637327373 2.863417200744152 10.57054316997528 237.3470412492752 830.7175900489092 567.2600208744407 24.6890689060092 89.37345046550035 2575.513054184616 32.2234722673893 104.4699113965034 281.4549378678203 2.899317845702171 17.52819154411554 4325.730477690697 2492.692377403378 7680.279934130609 12.17691957950592 30.2605225071311 42.70199353992939 2259.493161052465 71.65252891182899 377.9191017970443 25545.84135393053 7104.054526247084 101.7087980285287 376.1944343075156 96.02465202659369 317.8491902276874 138.4541532993317 10.66792910546064 2331.985934905708 37.52443479001522 4699.985872782767 5633.074676021934 7653.485531367362 1596.146797172725 70.27765046060085 5.503010421991348 77.61332958936691 19.06683915108442 0.8918024897575378 128.4439441114664 263.8351453319192 0.156866267323494 0 0.4755223914980888 4.720383398234844 2.267945528030396 11.99224688857794 0.7587311118841171 244.5691786855459 0.6121165454387665 747.0576604381204 4.54554658383131 0.6815015599131584 23.7470761090517 118.3834919705987 191.9624754413962 333.6362416297197 0 2.495025657117367 24.08968315273523 13.42279623448849 43.83346512913704 194.9778090938926 3408.372964188457 5626.567291140556 4.328417018055916 1.869679614901543 3.926478326320648 692.1659768000245 0.8890213668346405 0 23.40875163674355 1.661524564027786 184.2156913131475 572.3494003564119 115.9704965725541 43.6989112496376 1.730579704046249 0 25.17456284165382 0.2728880941867828
48.9160970672965 4940.934541739523 4109.414585880935 1.483861543238163 10.61492770910263 77.09496800601482 1448.890325538814 309.8454341962934 1026.070277929306 39.58585996925831 1767.24553335458 21.87951505929232 2980.958341635764 200.1519717648625 66.23787076026201 5760.322059936821 4981.465490706265 475.0918544307351 957.5290853083134 6.619901239871979 435.1981246471405 4550.220103129745 18505.49376769364 6301.389267764986 3925.490721449256 7104.054526247084 21641.72387994826 3508.340849682689 273.9075833112001 245.3781820163131 1572.446289308369 73.14505605399609 11.9599077552557 2916.64695648849 153.7085890695453 9619.752200514078 3788.055987358093 11924.86013393849 4430.915282741189 348.2650867924094 26.68631438910961 107.0740221142769 84.10661766678095 6.176385618746281 1754.370342627168 4995.86627574265 2.959640726447105 0.2836818546056747 4.622360542416573 121.8106806650758 23.86393994092941 32.40321107953787 3.256445840001106 302.8777658566833 1.130457282066345 883.9904726371169 37.09363621473312 4.524826750159264 1840.062527552247 1005.317560315132 243.2744652852416 654.8168423995376 1.473741233348846 173.6566813662648 645.944481305778 2660.89955253154 312.9634652063251 427.7096969932318 7373.40713699162 25881.96996806562 153.8415302485228 21.44775316119194 81.63461125642061 910.8649933487177 1.09973332285881 1.113671839237213 103.13298458606 20.19564285874367 1582.271562315524 823.8767712339759 789.8341203927994 486.6098689958453 32.31582964211702 1.664837211370468 34.80345701426268 9.760498046875
309.8350770995021 31.76105187833309 316.2313392683864 4466.643437117338 13.47605197876692 1266.520801059902 23580.6647207737 731.2491651847959 906.0727924332023 4514.098866775632 27.1471162289381 580.5855666920543 15.22541918605566 724.5004943758249 169.5436773002148 2811.090073615313 74.71419829130173 8.961396731436253 18.05704861879349 2519.074647888541 3130.179682612419 183.6598610207438 6946.027839027345 5678.659748025239 42.58222117275 101.7087980285287 3508.340849682689 18244.98762407154 2053.73924985528 13935.26459728926 1.522355034947395 35.82970608770847 225.6682082265615 677.6009369492531 343.742886453867 6451.411563463509 109.0012143850327 3492.652298912406 1652.189638115466 758.0171476602554 131.5831325799227 13.46700723469257 97.47145377099514 8.918122835457325 1.684480361640453 25.65053962916136 252.8250749185681 1.513052701950073 32.88161759078503 237.2385684624314 13.00114410370588 364.9752544313669 429.090500049293 17.6249728500843 124.7444061040878 1.228142395615578 47.34650880098343 21.76871385425329 207.3455368280411 6.481375195086002 2.051217682659626 2.497618362307549 297.6912811398506 170.475903712213 28.42211888730526 62.98831450939178 2606.164062783122 0.3897251784801483 8.280966907739639 87.6545927375555 1608.921401277184 118.9261159896851 461.1283816248178 0.8814463317394257 2.433165773749352 7.744135171175003 28.28652729094028 25.81153083592653 558.504464417696 5.833768621087074 225.1226677671075 64.09806169569492 355.7524417564273 14.30728713423014 6.489401817321777 6.678961582481861
