649.8628503233194 0.3172469884157181 79.4820586591959 10.99232432991266 0 13.74131762981415 1792.560794182122 516.6122623234987 1.380914114415646 121.5667595043778 14.93382088840008 3.556507386267185 0.4788337275385857 4173.307524681091 0 0.4206509217619896 256.0089771002531 24.34535154700279 71.26413563638926 15.49979666620493 15.23477663844824 0 38.71455124765635 45.77926395088434 0 60.58371938765049 15.97407868504524 100.3030043318868 1503.747124239802 3343.571820192039 0.8414002507925034 1.437439642846584 6.729961216449738 57.89293792843819 1.615383990108967 7.758867420256138 4.286671549081802 22.06669709086418 2.409373834729195 0.3628434091806412 0.3228686153888702 0.2369887828826904 0 0 0 0 0.7369496375322342 0 0.2861397415399551 0.9808306694030762 0.6469314992427826 0 0.2969772815704346 0 0 3.026960253715515 0.7528194338083267 0 4.033647701144218 0.1017738506197929 0 0.2127333879470825 2.930707454681396 5.210939444601536 0.1697069406509399 1.757400877773762 1.620193041861057 0 0.7334561198949814 1.85704954713583 5.80686766654253 1.404377713799477 4.382274024188519 0 0 0.2282520681619644 0.4099413752555847 1.206842750310898 2.695781365036964 3.568408653140068 3.501379854977131 0.5470576584339142 3.006561100482941 0.2177855372428894 0 0
0.3172469884157181 93.8755269497633 458.406569853425 0.4398137331008911 0.2106598764657974 0 1.8570776283741 0.3667995780706406 616.0272668972611 0.5483446270227432 117.0708208456635 1.336266577243805 752.7434079349041 0.6355007663369179 6.554132625460625 146.3531564623117 49.80260732769966 3.962365463376045 10.25568620115519 0.1225076243281364 12.39455854147673 1554.092674180865 21.28946385532618 639.5638461410999 1711.848497368395 544.4407265484333 4331.581909269094 30.16969960927963 0.78188157081604 2.231014706194401 129.6030709668994 0 0.3286634981632233 26.01600205898285 0.768438994884491 50.05671701580286 65.35926533490419 56.9256971180439 6.811504676938057 11.19273149222136 0 44.32306721806526 0 0 66.99402863532305 0.1505381017923355 0 0 0 0.4170116186141968 0.4465840756893158 0.337226390838623 0 1.573199033737183 0 35.62451212853193 0 0 3.79035972058773 1.753900289535522 10.32744282484055 53.37565429508686 0 2.37037867307663 1.316149964928627 1.281324319541454 1.743729300796986 43.38157089799643 577.177361048758 2525.446848921478 0.8187678605318069 1.225203201174736 1.363731078803539 8.194902390241623 0 0.329677939414978 2.832571856677532 0.3502025604248047 39.24764485657215 168.0134884640574 26.12572283297777 5.246061734855175 0.5445035994052887 0 2.063834249973297 0
79.4820586591959 458.406569853425 3518.415756985545 3.866980403661728 0.09687431156635284 67.16077294945717 1334.836869865656 349.6161479279399 3.520249485969543 29.42395575344563 9.891814760863781 0.6038266271352768 5.758331105113029 297.6155001372099 0.3705482557415962 14.17107728123665 1683.497387178242 72.5282384455204 200.9786640182137 0.7099852561950684 894.9329480230808 115.2031301259995 7571.657591275871 54.84250189363956 1.836123630404472 7821.27881886065 7552.8846931234 405.4365498498082 157.5901740640402 3222.904982306063 21.07419296354055 2.859432272613049 11.2907630354166 210.6238818094134 18.5184111148119 742.6771223843098 4118.045569017529 1072.055245637894 152.5086678266525 19.04203452169895 0.4219137281179428 10.73787489533424 3.033634409308434 0.3891185447573662 718.3629580512643 4.001576460897923 0 0 1.592069283127785 11.13264291733503 2.601680181920528 0.2369970977306366 0.8216973915696144 1.228715762495995 0 5.997627787292004 3.323680311441422 0 37.03545723110437 52.27584924548864 7.872775733470917 333.5662857443094 0 13.56876931339502 3.630726352334023 9.626621589064598 5.714110895991325 4.553182646632195 1713.181941837072 4987.665200546384 10.92107927799225 2.508706539869308 5.988334134221077 1.138332203030586 0 0.4002127647399902 17.07659740746021 3.106227979063988 157.5352426469326 1232.949004389346 85.60729664564133 16.87185145169497 5.377016104757786 0 3.372933059930801 1.604957953095436
10.99232432991266 0.4398137331008911 3.866980403661728 1751.193195126951 3.640021115541458 69.06941401958466 499.9808912202716 85.37867438793182 615.4056418016553 2647.855411298573 9.465934820473194 1061.043886616826 2.272121973335743 99.33011744171381 147.7533946037292 0 0.5690384805202484 4.602977268397808 1.006500273942947 4896.982055231929 0.09223303943872452 3.133137881755829 1.752706535160542 3058.907544463873 0.7386272177100182 2.04829479008913 4.595533408224583 3926.714626438916 185.7403948158026 4.797610059380531 0.3785488978028297 8.03260612487793 12.99498995393515 58.90581782162189 25.63418389856815 538.8375260978937 5.455481380224228 153.0124358460307 64.77512487769127 111.2316339612007 8.132722362875938 0.815355084836483 2.799308314919472 1.055579617619514 0.9607274830341339 0 274.8118266314268 0 24.77751148492098 117.4226646795869 60.31491119414568 268.9365570023656 60.40513829141855 2.630853563547134 83.96799604594707 1.295967653393745 32.19370791316032 13.3146962672472 7.274894014000893 0 0 0.143835037946701 294.4692945703864 12.7000734359026 6.725264489650726 1.405017755925655 605.6778639480472 0 0.9410671591758728 2.441291838884354 838.118654742837 13.38309574872255 32.30818960815668 0.07468185573816299 0.170783743262291 0.9456941783428192 11.913977406919 4.608732618391514 167.9110966324806 0.7412720695137978 39.20467825233936 10.18477626144886 341.3693123981357 7.972766548395157 0.2900371178984642 1.119978591799736
0 0.2106598764657974 0.09687431156635284 3.640021115541458 26.20560330152512 264.8963354676962 4.255028806626797 118.191748842597 65.51912361383438 10.45735900104046 4.390829034149647 94.48369634151459 0.2231091558933258 167.4592327997088 780.9595219418406 0.1021576598286629 0.1045520305633545 0.9251687601208687 0 8.47271366417408 0 2.158876806497574 0.1097667217254639 49.32743395119905 0.5527206212282181 0.1608029007911682 0.4048996493220329 7.948533222079277 14.42799369990826 0.501035138964653 0.1020565629005432 5.304167106747627 0 134.0002765804529 3.386142313480377 37.04759630560875 1.76059690117836 82.08777798712254 57.85272978246212 2166.686387553811 341.2962657511234 3.015246585011482 1.985729649662971 0 0 0 0.1135237812995911 0 0 0.4674479216337204 0.1347984373569489 1.023629665374756 0 0 0.1577911078929901 0 0.3088008463382721 0 0.2057223320007324 0 0 0 0.6646267250180244 0 0 0 0.4268873780965805 0 0 0.2057769745588303 1.020041331648827 0 0 0.1255123764276505 0 0 0 0 1.420612558722496 0 0 0 0 0 0.2842748165130615 0
13.74131762981415 0 67.16077294945717 69.06941401958466 264.8963354676962 7205.630654342473 3290.287406660616 3682.970850408077 54.91014809161425 8087.506370104849 44.55829054117203 5107.73445879668 4.649681508541107 431.125254817307 1116.11748663336 0.124964103102684 36.93175664544106 13.41971122473478 12.36431448161602 725.1948630511761 0.6937852576375008 0.5565440505743027 16.38366355001926 166.1976495683193 0.5164116621017456 47.941037081182 8.489782452583313 504.2547782436013 750.1328584328294 89.16874090582132 0.6502099260687828 1044.611636534333 4.820115871727467 348.4423479214311 15.63046915829182 302.603720985353 7.547778449952602 292.3513302430511 150.6843622177839 1722.358535841107 486.7976457178593 2.449028789997101 6.07990512996912 0.5692588612437248 0 0 13.14337333291769 0 2.24076434969902 27.33149386197329 11.36890856921673 9.380505427718163 4.479392804205418 0.1270114481449127 10.99124774336815 2.204408332705498 7.313324712216854 0.9968379065394402 4.605233564972878 0 0 0 27.23619671165943 10.34397280216217 1.240794852375984 0.5136900767683983 72.66192682087421 0 0.4428213536739349 2.201908551156521 118.0998434573412 2.882009245455265 17.64454995840788 0 0 1.04249731451273 3.909613363444805 1.383672267198563 30.18472474813461 0.4457670375704765 13.08796467632055 1.565734907984734 44.22727573662996 1.90145630389452 0.4931180775165558 0.4196997731924057
1792.560794182122 1.8570776283741 1334.836869865656 499.9808912202716 4.255028806626797 3290.287406660616 9163.725865662098 4020.878645434976 163.2313342168927 11380.07439656556 49.79229766130447 17.77998623996973 3.860105104744434 6507.961393490434 9.858596958220005 1.575158834457397 111.7077445983887 31.30978558212519 39.45836017280817 141.3643330968916 32.04628763347864 2.528815150260925 737.8444547504187 617.180785804987 1.135781325399876 461.709233187139 270.5526108518243 16273.00635607541 1477.36659040302 3727.11854955554 1.770966835319996 53.54792047291994 185.2756753116846 324.0131156519055 128.7042160257697 1245.31755567342 54.37902878969908 814.8990445509553 424.1612848639488 122.6678816378117 42.07680944353342 1.410162948071957 11.80260778218508 6.144615843892097 5.412421852350235 1.177661970257759 21.75969717651606 0 12.67486647516489 106.9584426432848 38.41619841009378 37.73089178651571 17.83732058107853 2.492495693266392 8.188063509762287 1.548379987478256 31.11308541148901 3.82390321046114 92.17931856215 0.5904495045542717 0.07854586094617844 2.254304200410843 24.36739854514599 81.27572548389435 12.53242929279804 8.857704296708107 288.7628109157085 0 12.47004998475313 44.87565013766289 363.3828285932541 29.70113340765238 142.3621077090502 0.1476279944181442 0 4.217227138578892 11.25054076313972 12.09295136481524 107.1191017255187 11.96312323212624 48.83081777393818 7.126437678933144 91.36930163949728 9.341543070971966 0.7190209180116653 2.111003309488297
516.6122623234987 0.3667995780706406 349.6161479279399 85.37867438793182 118.191748842597 3682.970850408077 4020.878645434976 5550.578915387392 10.79319972544909 2636.365401916206 60.81069729477167 1024.781248629093 2.699200078845024 6567.955579124391 420.4667722657323 0.5672588273882866 614.9338760003448 66.5310195311904 174.6059905067086 713.3168924003839 19.35695616900921 0 97.22323583811522 189.8994106277823 0.3147503510117531 257.3734029009938 32.18255811929703 345.0774190016091 1317.710308913141 1677.618182271719 1.603179633617401 2893.662939362228 5.567867524921894 398.4721829518676 15.69824230670929 268.5470288768411 18.62957669794559 273.2060518860817 145.7637701332569 846.2879191115499 371.6141392141581 3.358412519097328 7.549119174480438 0.4777972996234894 0.7101183831691742 0.1806470304727554 5.448034800589085 0 3.130808986723423 22.11376450955868 6.03082861751318 6.700272597372532 3.696105450391769 0.3930887654423714 6.825078815221786 0 6.788757957518101 0.371915228664875 17.5372424647212 0.1462120860815048 0.1777415797114372 0.805145151913166 9.390637382864952 10.05875152349472 0.7857998162508011 3.312243774533272 55.72230411320925 0 3.507204346358776 5.659519799053669 87.70040268450975 5.112376049160957 31.19610421359539 0 0 1.093827083706856 2.057785280048847 0.5889882445335388 17.90492308139801 2.309782020747662 10.8763612061739 2.552410453557968 21.16359173506498 1.675878033041954 1.097355604171753 0.9176495224237442
1.380914114415646 616.0272668972611 3.520249485969543 615.4056418016553 65.51912361383438 54.91014809161425 163.2313342168927 10.79319972544909 533.9586218893528 47.32589317113161 3.145120576024055 457.4592948555946 43.52457272261381 10.14918154478073 1178.119085736573 18.67894043028355 0.999469481408596 0.2760627344250679 0.2154597416520119 256.0426723510027 0.4362660795450211 1979.253681905568 4.358110912144184 6846.164740040898 298.9063140079379 8.675591893494129 844.8813760504127 1181.611652113497 6.964268639683723 9.04787989705801 14.22107556462288 1.034422636032104 0.723444864153862 3.807051248848438 7.012553170323372 244.4622247517109 33.96352518349886 8.204372510313988 3.862052947282791 503.2388850897551 2.432733207941055 0.8018184155225754 1.380542278289795 12.81308390200138 1.396045908331871 4.670788444578648 63.91512251645327 0 19.5157997906208 128.2776083797216 82.39660934358835 115.7992458194494 23.30803184956312 4.36070054769516 18.87296669185162 0.4759025722742081 59.08105262368917 10.41341639310122 486.4255175963044 2.521330565214157 0.330935537815094 1.830683544278145 58.93890437483788 148.411422342062 33.30812717229128 117.2019739598036 805.7273798659444 1.066565938293934 3.782233476638794 40.68382144719362 573.0593992620707 93.540387108922 266.8160533607006 1.176960922777653 0.1097219809889793 27.04892250150442 46.71858447045088 20.72217425704002 207.8104175627232 3.436426617205143 82.0375215485692 21.67008180171251 165.7876942828298 7.939641170203686 0.8232603967189789 1.841544561088085
121.5667595043778 0.5483446270227432 29.42395575344563 2647.855411298573 10.45735900104046 8087.506370104849 11380.07439656556 2636.365401916206 47.32589317113161 30571.50399910659 113.3524736240506 2771.322117052972 8.737431026995182 1033.898982577026 35.94167733192444 0.1725885048508644 5.477422997355461 45.29426906257868 14.08532216399908 3525.090861514211 1.506122529506683 0.1652326136827469 11.22442295402288 531.1783146932721 0.6177937611937523 25.01535506546497 16.74214648455381 6265.233902610838 797.1851541548967 24.64804758876562 2.434983909130096 128.3042496964335 15.61238230764866 361.6292527094483 82.99178662151098 935.268628180027 29.27800057828426 730.2418464571238 227.0452112853527 150.2558950707316 38.38102904707193 2.946879923343658 11.59035780280828 1.097991719841957 0.1146704480051994 0 43.15885325521231 0 9.707093551754951 45.86524180322886 20.91642142087221 26.33536507934332 5.522822469472885 0.6955197155475616 33.63813523948193 5.544493198394775 10.6887624040246 4.022608011960983 7.413923345506191 0.1282442361116409 0 0 68.02852367609739 9.525655627250671 3.376212045550346 1.438837289810181 145.8081306740642 0 0.366121381521225 2.001173742115498 241.0318430140615 8.152087770402431 23.30679142475128 0 0.1377713531255722 0.7946263253688812 5.546971268951893 1.214816324412823 75.74400151520967 0.4702914506196976 20.2745119407773 1.407472424209118 96.88518055528402 3.963589206337929 0.2618157863616943 0.4998530074954033
14.93382088840008 117.0708208456635 9.891814760863781 9.465934820473194 4.390829034149647 44.55829054117203 49.79229766130447 60.81069729477167 3.145120576024055 113.3524736240506 3312.304305188358 105.1040522456169 2491.295472465456 92.93893388658762 2.520975232124329 0.3141168057918549 48.24878753721714 1711.485593646765 256.4520315304399 73.25357088446617 12.6943234577775 16.6270085722208 14.81088431179523 25.06385297328234 891.9805774316192 1178.747210331261 592.599615983665 40.17487073689699 576.7599561288953 55.83605562150478 364.8927428126335 59.68400654196739 43.40938232094049 9426.977367922664 11.27119735628366 569.460266046226 3472.70456109941 6318.705522328615 1581.629153199494 25.34605492651463 11.83707128465176 1703.156747937202 4.111862994730473 0.1541326940059662 0.4755758047103882 0 0.8746446222066879 0 0.2679132521152496 1.851598307490349 2.374867789447308 0.09208734333515167 0.5916022807359695 65.24531697481871 0.2298504561185837 282.4758397936821 0.1420073509216309 0 2.405735552310944 0 7.52053976804018 1.429334357380867 0.3505080416798592 2.361439898610115 0 0.09558967500925064 6.7945167273283 68.8126912638545 36.80227169394493 44.1636914908886 11.24986667186022 0.5799676030874252 3.09631659090519 45.71292251348495 0 0 2.762925632297993 1.029185965657234 18.69819108396769 181.2368549332023 6.817143306136131 1.912765666842461 1.144046820700169 0 64.97780348360538 0.4575428664684296
3.556507386267185 1.336266577243805 0.6038266271352768 1061.043886616826 94.48369634151459 5107.73445879668 17.77998623996973 1024.781248629093 457.4592948555946 2771.322117052972 105.1040522456169 7899.300779543817 8.371837608516216 402.9848511219025 1576.049610614777 0.1081025674939156 1.276961512863636 29.27649700641632 8.935013443231583 5078.177189253271 0.4224374443292618 14.9807540923357 1.133306801319122 903.8440761342645 0.6921102777123451 7.613910026848316 8.668055720627308 505.5833674967289 503.8661883845925 2.497137971222401 2.002975292503834 178.0273592025042 0.2116531655192375 306.3493760898709 22.50563215464354 1419.208074972034 15.17791736125946 363.4165757521987 77.69855624437332 1361.120440796018 28.28389726579189 1.55614922195673 2.871326848864555 0.1000997200608253 0.2916131317615509 0 133.0369962826371 0 6.335593663156033 9.609765321016312 7.431194223463535 147.6528614833951 73.68406698107719 0.7951458021998405 120.01797170192 2.916648268699646 4.553945273160934 9.972576022148132 0.762861430644989 0 0.1177661716938019 0 168.8465614169836 3.145509913563728 0.8408576548099518 0.2446796447038651 140.8652666509151 0 1.126088984310627 1.373984783887863 152.6791441142559 0.9026040583848953 1.565033502876759 0 0 0 1.778211064636707 1.157076448202133 80.18759540468454 3.019540995359421 4.200752273201942 0.2742109298706055 139.4192777723074 0.7119826376438141 0 0.706812858581543
0.4788337275385857 752.7434079349041 5.758331105113029 2.272121973335743 0.2231091558933258 4.649681508541107 3.860105104744434 2.699200078845024 43.52457272261381 8.737431026995182 2491.295472465456 8.371837608516216 2330.485328912735 3.411223612725735 0.3496938943862915 4.545972794294357 1.704194121062756 177.5075328946114 6.740380309522152 5.48570628464222 3.249693758785725 189.0323256030679 5.141725681722164 34.85126660019159 4649.058576770127 631.7531645968556 3027.543034136295 10.16994065791368 28.16456015408039 7.719733387231827 862.8313861787319 6.537667706608772 0.1372801661491394 1395.915531940758 6.451645091176033 386.7359411045909 3983.566505789757 3335.296356193721 666.8280317261815 11.51186525076628 34.07619400322437 1645.176110424101 5.228135205805302 0 6.123461067676544 0 0.09913359582424164 0 0.419486328959465 1.482220947742462 0.4336759150028229 0.8457265347242355 0.125014066696167 337.7492227703333 0.3580990135669708 1617.887796647847 2.569991298019886 0 1.562963470816612 0.1982487365603447 68.16879037767649 5.008959956467152 0.2364183515310287 0.08731748163700104 0.6907873749732971 0.9564138054847717 1.003267325460911 936.2687738612294 390.7630099207163 478.5890802294016 0.4800645336508751 0.9862050414085388 0.4306693822145462 407.7032512351871 0.1957730650901794 0 12.8238844871521 6.892004489898682 46.09210705012083 530.1986943036318 41.00054406374693 8.559732757508755 1.90969742834568 1.339850924909115 131.214113548398 0.281494528055191
4173.307524681091 0.6355007663369179 297.6155001372099 99.33011744171381 167.4592327997088 431.125254817307 6507.961393490434 6567.955579124391 10.14918154478073 1033.898982577026 92.93893388658762 402.9848511219025 3.411223612725735 4875.039304323494 16.49376086145639 0.7375254705548286 821.7170304059982 93.8423063904047 242.1199114769697 418.8740122690797 35.37508726119995 1.125665575265884 113.5451664030552 246.3561305813491 0 241.9786875844002 57.85825389623642 536.8400523364544 7854.875831052661 3913.952399007976 2.325213253498077 571.2847420275211 39.86156255751848 393.4410700351 22.38515382260084 195.9344303831458 18.22084254026413 215.8431433215737 51.54688627272844 81.65884067118168 15.57215511053801 1.845222316682339 3.534986555576324 1.54930142313242 1.03360939770937 0.2595985531806946 4.543830014765263 0 1.53116312623024 16.6240331530571 10.95291225612164 3.771103702485561 4.762179650366306 0.619937963783741 2.228066317737103 0.6415642499923706 6.028635568916798 0 14.99775344133377 0.1040256172418594 0 0.52533358335495 7.026797533035278 17.72446769475937 1.007242754101753 8.137233905494213 41.08234207332134 0 2.262773640453815 5.330031275749207 67.07064180076122 6.304165907204151 24.56360769271851 0 0 1.069390542805195 3.429827712476254 2.922601468861103 20.7319373190403 2.134142808616161 8.798738360404968 3.041429951786995 19.92100611329079 1.33880890160799 0.7013355195522308 0.4303340911865234
0 6.554132625460625 0.3705482557415962 147.7533946037292 780.9595219418406 1116.11748663336 9.858596958220005 420.4667722657323 1178.119085736573 35.94167733192444 2.520975232124329 1576.049610614777 0.3496938943862915 16.49376086145639 238.0323858261108 0.657992422580719 0 0.4018349349498749 0 169.3501438125968 0 65.7165175229311 0 1508.963750243187 5.799632959067822 0.604576051235199 23.96937372535467 165.0403443649411 38.95353682339191 0.288286104798317 0.3851367384195328 125.8138094395399 0.1072443723678589 11.96605645120144 0.2064969092607498 360.8902111127973 0.2078144252300262 11.12085177749395 2.115333788096905 992.5966893881559 51.65841157734394 0 0.695010781288147 0 0 0.1915882080793381 12.4852622076869 0 0.9170140400528908 2.207631960511208 0.7390237152576447 15.09862104058266 1.117577642202377 0 7.153548985719681 0 1.982690557837486 2.095619440078735 0.8868487626314163 0 0 0 18.7501657307148 0.4397835433483124 1.109356701374054 0.5798581764101982 21.24309285730124 0 0 1.13416576385498 22.82592922449112 0.3528299778699875 0.1414532661437988 0 0 0 0.1154841929674149 0 18.32786521315575 0 0.2736236155033112 0 25.14342992007732 0.6825143098831177 0.4167806804180145 1.601601481437683
0.4206509217619896 146.3531564623117 14.17107728123665 0 0.1021576598286629 0.124964103102684 1.575158834457397 0.5672588273882866 18.67894043028355 0.1725885048508644 0.3141168057918549 0.1081025674939156 4.545972794294357 0.7375254705548286 0.657992422580719 2258.620003551245 4.109774209558964 1.213025890290737 0.8156324476003647 0.105491504073143 1648.003334268928 2352.303960859776 3807.295139752328 1783.876685716212 12.96213917434216 24.76507280766964 3237.39312685281 1195.025310732424 3.11316504329443 31.7411270365119 1.10271904617548 0.1251168847084045 3.200576432049274 20.85264894366264 33.11140260845423 714.2516318708658 280.5045583024621 236.075372159481 160.700053550303 11.26005832105875 0.7505361139774323 10.86131825298071 12.18463667482138 1.202133566141129 104.1616546660662 140.7430190816522 0 0 0.1771725118160248 7.516023255884647 1.447599090635777 0.7527083531022072 0.7436513453722 0.2475269511342049 0.3627130091190338 14.67709615826607 2.244149222970009 0 209.0446137413383 6.30947270989418 0.359830841422081 2.158902615308762 0 56.69521800428629 353.6094647049904 329.4453889429569 21.61253360658884 0 112.7763927876949 2357.225615270436 15.02587262541056 9.930382020771503 14.67635985463858 0.5535429120063782 0 4.304175943136215 7.288590490818024 2.734840825200081 287.15259103477 12.0477467700839 16.19780890643597 10.42746847867966 13.11213298141956 1.879891574382782 26.60109488666058 4.189867340028286
256.0089771002531 49.80260732769966 1683.497387178242 0.5690384805202484 0.1045520305633545 36.93175664544106 111.7077445983887 614.9338760003448 0.999469481408596 5.477422997355461 48.24878753721714 1.276961512863636 1.704194121062756 821.7170304059982 0 4.109774209558964 1272.172444462776 137.9939688071609 2972.532955884933 1.812188006937504 192.5917504504323 4.433019757270813 3047.436511330307 11.23283246159554 1.687308743596077 1709.173650771379 2605.595185272396 52.24849304556847 1262.97853949666 2824.530971728265 1.553282998502254 3.995894022285938 67.14142485707998 796.5647148042917 7.596350617706776 362.7732283324003 2069.769806355238 678.1889119595289 110.8179419115186 8.755631878972054 1.049712836742401 2.826920256018639 0.1367910951375961 0.2256001830101013 60.46767386049032 0.1458665579557419 0 0 0 0.6721359118819237 0.1107283160090446 0.1030851677060127 0.1471833735704422 0.1365240067243576 0 1.531438753008842 0.2492765113711357 0 1.481574811041355 0.9149960577487946 2.698502741754055 40.98966252803802 0.8532576560974121 1.229295387864113 0 1.141647472977638 0.6905720606446266 0.7391487583518028 214.4101582691073 397.4301082417369 0.6098228543996811 0.1126313284039497 1.236809454858303 0.6768994778394699 0 0 0.4449733644723892 0 15.8433600962162 306.4263564348221 7.968113988637924 1.847338512539864 0.4321792274713516 0 0.4258750081062317 0
24.34535154700279 3.962365463376045 72.5282384455204 4.602977268397808 0.9251687601208687 13.41971122473478 31.30978558212519 66.5310195311904 0.2760627344250679 45.29426906257868 1711.485593646765 29.27649700641632 177.5075328946114 93.8423063904047 0.4018349349498749 1.213025890290737 137.9939688071609 327.6180636137724 1014.615478225052 26.13243265450001 6.072983264923096 1.205839775502682 40.09838879853487 9.034912794828415 11.8989584222436 2111.539658918977 658.5134175866842 17.52402718365192 262.1759075000882 112.0085570141673 249.2329654246569 11.58467446267605 28.44317641854286 1950.068703785539 11.64018570631742 900.7976910322905 2404.617250278592 3348.714729331434 788.6813732460141 7.986464858055115 1.893447875976562 40.26560308039188 3.125574059784412 0 2.200044311583042 0.1197413951158524 0.5545061230659485 0 0 0.2242541909217834 0.1031109765172005 0 0.5027880221605301 23.36641425639391 0.1723579317331314 73.99337816983461 0.4753135219216347 0 0.7926977723836899 0 26.78197770565748 11.15298042446375 0.5327152982354164 0.1047647595405579 0 0.1846037954092026 1.543800801038742 14.55229646712542 106.2360622659326 129.1567321792245 2.933273069560528 0.09323587268590927 1.864840872585773 35.33628299087286 0 0.1369261145591736 0.6478870734572411 2.027092903852463 17.24128732830286 46.96378997713327 4.061020500957966 0.616252176463604 1.12849660217762 0.1238548308610916 1.128261759877205 0.260549008846283
71.26413563638926 10.25568620115519 200.9786640182137 1.006500273942947 0 12.36431448161602 39.45836017280817 174.6059905067086 0.2154597416520119 14.08532216399908 256.4520315304399 8.935013443231583 6.740380309522152 242.1199114769697 0 0.8156324476003647 2972.532955884933 1014.615478225052 2957.715760029852 6.077267572283745 20.9682794958353 0 369.9656996876001 4.801785819232464 2.899282768368721 5012.628640465438 559.3912616223097 11.56079668551683 437.2534323111176 410.8220663368702 13.34586623311043 2.376158513128757 61.09529810398817 2535.489956177771 10.14100852608681 1210.634017080069 2321.231837913394 2416.256145164371 355.8154481574893 7.520896643400192 1.16289047151804 2.276555478572845 2.955784305930138 0 12.60254847258329 0 0 0 0 0.9576669409871101 0.1160631775856018 0.09803988039493561 0 2.79959087818861 0 13.85981178283691 0.07917294651269913 0 0.5058262646198273 0 37.47405028343201 86.00838868319988 0 0.3799485042691231 0.1395101547241211 0.6516225710511208 0.4563368111848831 13.42300152778625 323.2660711929202 367.254167355597 0.3938084840774536 0.3411135375499725 0.6430033966898918 6.74462665617466 0 0.1813336908817291 0.8700669854879379 1.479939252138138 20.88832792639732 248.5478241816163 6.43024093657732 0.4614307731389999 0 0 0.2618275880813599 0.5156542360782623
15.49979666620493 0.1225076243281364 0.7099852561950684 4896.982055231929 8.47271366417408 725.1948630511761 141.3643330968916 713.3168924003839 256.0426723510027 3525.090861514211 73.25357088446617 5078.177189253271 5.48570628464222 418.8740122690797 169.3501438125968 0.105491504073143 1.812188006937504 26.13243265450001 6.077267572283745 961.9738097712398 0.6466122940182686 1.225171834230423 1.10495924949646 928.599939443171 0.2460830956697464 7.93876039236784 6.391546413302422 2620.014021620154 451.3217050358653 5.418012097477913 1.028327375650406 71.03631404787302 3.94891295582056 260.4705910757184 58.53108404576778 851.2967250198126 21.05468002706766 506.3662788644433 143.0365562438965 282.9459142386913 27.04982212930918 3.500102147459984 7.228654213249683 0.9897251278162003 0.2687764391303062 0 115.2721592411399 0 9.449356243014336 78.82867957651615 29.64058453589678 77.1617186665535 19.49151301383972 1.534712255001068 65.06761014461517 0 12.39076247811317 6.275803625583649 5.890417993068695 0 0.5085697770118713 0 121.4328400865197 12.67957355827093 2.403883576393127 0.08150063455104828 245.3362934365869 0.08901775628328323 0.8464618474245071 0.7514765486121178 390.2222193181515 9.948143914341927 18.09118826687336 0 0 1.400782965123653 9.082799956202507 2.682533591985703 132.5055517405272 0.6270486563444138 27.39578416198492 5.9980154260993 211.9992828667164 6.494285747408867 0.1351167112588882 0.6755246669054031
15.23477663844824 12.39455854147673 894.9329480230808 0.09223303943872452 0 0.6937852576375008 32.04628763347864 19.35695616900921 0.4362660795450211 1.506122529506683 12.6943234577775 0.4224374443292618 3.249693758785725 35.37508726119995 0 1648.003334268928 192.5917504504323 6.072983264923096 20.9682794958353 0.6466122940182686 10580.65572224557 222.6092446669936 9721.737892091274 417.1670814231038 6.038755841553211 66.06689949333668 952.0717647448182 2812.455083787441 181.5809811353683 6220.703887872398 0.6422843262553215 1.902483366429806 74.37514243274927 3051.631077311933 308.1527330204844 6198.21874640137 1516.120069399476 6314.708306744695 2447.655528910458 64.12888122349977 13.84113382548094 17.97024895250797 25.90706929564476 1.222901552915573 9.100793555378914 37.59401186555624 0 0 0.61492770165205 5.730373822152615 1.219533659517765 0.7423126101493835 1.823193438351154 0.3663654923439026 0 11.83240488171577 4.759643197059631 0 168.6636245027184 3.173158645629883 0.1064320653676987 2.303987480700016 0.8681704103946686 46.81558227539062 78.51998048275709 291.6132352054119 22.00332682579756 0 24.81476583331823 560.5509145855904 11.31755214929581 9.146411843597889 13.68261961638927 0 0 3.537194654345512 12.19799441844225 9.736733235418797 180.3371974006295 19.29834876954556 13.10839725285769 7.618437916040421 6.222994029521942 0 28.05724287033081 3.361320644617081
0 1554.092674180865 115.2031301259995 3.133137881755829 2.158876806497574 0.5565440505743027 2.528815150260925 0 1979.253681905568 0.1652326136827469 16.6270085722208 14.9807540923357 189.0323256030679 1.125665575265884 65.7165175229311 2352.303960859776 4.433019757270813 1.205839775502682 0 1.225171834230423 222.6092446669936 1070.085382767022 941.4030142873526 5545.156448595226 1042.804929107428 38.01554824411869 5037.828206978738 330.1838828697801 1.135947152972221 19.91914318501949 52.33742571622133 0 0.08421150594949722 4.201979704201221 0.2502041608095169 53.11411122232676 26.0563565120101 15.56798321008682 2.561070203781128 116.5747470483184 0.1474245637655258 3.208146974444389 0.471744030714035 0 45.11171805113554 95.90905045717955 0.3698261678218842 0 0 2.030850104987621 0.5055106654763222 4.061032935976982 0.2934799194335938 1.518805183470249 0 3.834463343024254 0.1477150022983551 0.1083094403147697 171.4994776248932 18.04024681448936 0.3781854957342148 26.01571994274855 0 28.52670523524284 57.0109588354826 205.223107509315 27.30615754425526 3.462547644972801 190.4588580876589 3354.260249271989 6.892062343657017 1.236485421657562 2.640905372798443 1.731470160186291 0 0.6766760498285294 8.171644046902657 3.577610716223717 54.55036296695471 12.49136311560869 27.96514928340912 10.00344880670309 2.639714457094669 0.2033645957708359 2.513617515563965 0.2240866720676422
38.71455124765635 21.28946385532618 7571.657591275871 1.752706535160542 0.1097667217254639 16.38366355001926 737.8444547504187 97.22323583811522 4.358110912144184 11.22442295402288 14.81088431179523 1.133306801319122 5.141725681722164 113.5451664030552 0 3807.295139752328 3047.436511330307 40.09838879853487 369.9656996876001 1.10495924949646 9721.737892091274 941.4030142873526 14572.47349482775 346.391234330833 4.875201620161533 968.3297137618065 11645.55336759984 1545.652273766696 224.6761501282454 4576.905962362885 5.864690244197845 1.978823482990265 20.58992817252874 2349.939416393638 547.4876907169819 10072.44703653455 8048.379026047885 8876.187357783318 3916.061933726072 338.1252578943968 17.88410008698702 25.9159357920289 42.84094761312008 0.7299672961235046 246.80943261832 230.1706752851605 0.1216265708208084 0 0.7633916139602661 4.05530222505331 3.110477931797504 0.417478933930397 1.129466235637665 0.9079866409301758 0.2040360271930695 19.06772501766682 0.198527105152607 0 138.8668337985873 61.29979582130909 0.7067314088344574 63.28337963670492 0 37.4632463157177 312.5406559333205 232.2677869349718 12.64948595315218 0.1345492303371429 989.0612716078758 6378.858871042728 11.17751754075289 3.37007512152195 8.249456308782101 0 0 1.284298852086067 10.07331777364016 12.30937129259109 652.1699911952019 243.5823141038418 45.9191053211689 23.1122507378459 14.83969420194626 0.2065319567918777 21.20779472589493 7.330388575792313
45.77926395088434 639.5638461410999 54.84250189363956 3058.907544463873 49.32743395119905 166.1976495683193 617.180785804987 189.8994106277823 6846.164740040898 531.1783146932721 25.06385297328234 903.8440761342645 34.85126660019159 246.3561305813491 1508.963750243187 1783.876685716212 11.23283246159554 9.034912794828415 4.801785819232464 928.599939443171 417.1670814231038 5545.156448595226 346.391234330833 6541.252771370113 232.5128777176142 125.2892861664295 2737.882080696523 8456.084595292807 642.4316441640258 1222.014416605234 13.10417606681585 13.77855283021927 199.0385700240731 251.781386166811 150.6562949568033 2765.568664394319 238.2723036929965 807.7615697458386 411.2070492506027 1220.264463409781 34.05660062283278 14.58149495720863 22.03262476623058 30.34870034456253 33.53452110290527 44.18091965466738 241.1633464545012 0.2989217638969421 52.99444404244423 379.2340324670076 183.4237419143319 381.4913233444095 66.12171864509583 9.00458362698555 47.20107068121433 19.2655550763011 147.1111412793398 16.12047509104013 1213.552609041333 4.776634410023689 1.378489337861538 4.328585520386696 245.5773674845695 565.6785774976015 291.6300490424037 599.3359908014536 1339.578606791794 1.239235915243626 44.24080391228199 640.8964766860008 1484.667179062963 219.8152650222182 656.069064438343 0.9456963390111923 0.9647684469819069 49.393520206213 100.367971137166 33.38248988240957 492.7955034896731 14.49349541217089 201.2692315578461 54.88628143817186 392.114003688097 25.62837422639132 19.97351998090744 10.26279869675636
0 1711.848497368395 1.836123630404472 0.7386272177100182 0.5527206212282181 0.5164116621017456 1.135781325399876 0.3147503510117531 298.9063140079379 0.6177937611937523 891.9805774316192 0.6921102777123451 4649.058576770127 0 5.799632959067822 12.96213917434216 1.687308743596077 11.8989584222436 2.899282768368721 0.2460830956697464 6.038755841553211 1042.804929107428 4.875201620161533 232.5128777176142 379.2447151616216 164.193506501615 2510.256666839123 14.34709723293781 0.7793152779340744 6.086364559829235 302.1977313756943 0.5242593884468079 0 290.305628746748 5.251781821250916 223.1881888583302 429.2557369247079 802.2979717925191 251.4021716043353 28.73114743083715 94.32509672641754 1009.518460050225 6.646426379680634 0 20.13419896364212 0 0 0 0 0.2413656115531921 0.1954620033502579 0 0 82.16560354083776 0 409.046390004456 0.1315035670995712 0 1.315926864743233 0 63.50616659969091 12.77018567919731 0 0.07212506234645844 0.1137284860014915 0.09825369715690613 0.7350059896707535 270.1660682484508 400.9692376330495 659.5424098670483 0 0 0 129.3145547807217 0 0 7.204301036894321 1.451026797294617 26.56938140839338 145.4730222523212 10.42567223310471 1.801833599805832 0 0 13.61079700291157 1.751100182533264
60.58371938765049 544.4407265484333 7821.27881886065 2.04829479008913 0.1608029007911682 47.941037081182 461.709233187139 257.3734029009938 8.675591893494129 25.01535506546497 1178.747210331261 7.613910026848316 631.7531645968556 241.9786875844002 0.604576051235199 24.76507280766964 1709.173650771379 2111.539658918977 5012.628640465438 7.93876039236784 66.06689949333668 38.01554824411869 968.3297137618065 125.2892861664295 164.193506501615 15782.68444757164 10531.75729589164 110.7709258273244 218.0291263908148 793.1053795441985 702.685994669795 6.177357465028763 28.08539316058159 1285.176870062947 20.64835062623024 2167.163213543594 6375.178266324103 3369.114796966314 524.3776078894734 15.44049270451069 1.716652125120163 64.6241352185607 4.441414900124073 0.6143596395850182 304.1581327319145 0.3239816427230835 0 0 0.1906288117170334 3.879792891442776 1.303090333938599 0.7642354965209961 0.3937113359570503 143.6550826728344 0.284847229719162 448.659617125988 2.474530450999737 0 7.358189128339291 1.065121591091156 259.2765322327614 488.4368594512343 0.08673122525215149 4.942842021584511 2.177596047520638 2.200585626065731 2.387897543609142 315.4111521691084 2392.33581879735 3472.850499376655 2.408103108406067 2.269594170153141 5.982152841985226 199.1495799347758 0 0.2498151659965515 12.24972674995661 2.696137174963951 102.6403376758099 1573.267131567001 74.48074588179588 14.50840187072754 2.055934973061085 0.2004121989011765 2.915255300700665 0.4452021643519402
15.97407868504524 4331.581909269094 7552.8846931234 4.595533408224583 0.4048996493220329 8.489782452583313 270.5526108518243 32.18255811929703 844.8813760504127 16.74214648455381 592.599615983665 8.668055720627308 3027.543034136295 57.85825389623642 23.96937372535467 3237.39312685281 2605.595185272396 658.5134175866842 559.3912616223097 6.391546413302422 952.0717647448182 5037.828206978738 11645.55336759984 2737.882080696523 2510.256666839123 10531.75729589164 18250.9373299107 992.1671568080783 135.9478958919644 167.2843471691012 1455.081055179238 1.093313217163086 51.30713997781277 2146.369121693075 206.3895203098655 11374.69723238051 6670.605847902596 9307.969263218343 1211.468525126576 224.9380378350616 5.136007234454155 37.8190034404397 26.30161821842194 0.675348661839962 1839.91083714366 45.33392613381147 0 0 1.07436865568161 11.3002301082015 2.182757399976254 1.287521481513977 0.873736597597599 131.3953766450286 0 524.2018452957273 3.730852484703064 0 62.46389965713024 40.43295749276876 438.6676738411188 864.0773034915328 0.2825201153755188 17.48324424028397 55.19213958084583 29.66053418070078 12.42801406234503 1397.364621810615 5369.280959233642 11851.31336473674 8.983821868896484 5.561210237443447 6.620448507368565 237.7587599307299 0.1472847461700439 1.094381526112556 25.26959665864706 21.95571044832468 390.3728681430221 1874.780225463212 168.6226117312908 37.67998527735472 10.0242171138525 0.2968311905860901 11.0887316763401 8.754596576094627
100.3030043318868 30.16969960927963 405.4365498498082 3926.714626438916 7.948533222079277 504.2547782436013 16273.00635607541 345.0774190016091 1181.611652113497 6265.233902610838 40.17487073689699 505.5833674967289 10.16994065791368 536.8400523364544 165.0403443649411 1195.025310732424 52.24849304556847 17.52402718365192 11.56079668551683 2620.014021620154 2812.455083787441 330.1838828697801 1545.652273766696 8456.084595292807 14.34709723293781 110.7709258273244 992.1671568080783 18010.17396368831 1663.766921706498 11646.78179023415 0.831724613904953 22.55113489180803 745.9579030051827 902.4158762469888 383.887346804142 5338.537970997393 368.2475767284632 2778.309879295528 1266.365114599466 387.1896387934685 66.39039696753025 24.05080122500658 48.79133039712906 34.92834480851889 11.64148877561092 39.07669388502836 132.9630398973823 0.4564891904592514 49.65921315550804 394.9311085641384 162.8362037912011 174.5071787908673 62.52278699725866 9.887939885258675 29.43228473514318 30.22434124350548 154.1835790500045 13.51069022715092 1050.609652392566 5.307068184018135 0.7567759454250336 7.596782170236111 131.5975655987859 594.0484102964401 145.4906442910433 630.3572893887758 1061.941961556673 0.3496314659714699 22.07472312450409 388.6493355929852 1197.619563832879 236.4645928442478 737.4151173904538 0.09517645090818405 0.5992538258433342 46.12597972154617 89.84664738178253 47.98600228130817 534.2572933509946 40.98895102739334 206.9353811889887 45.1083345785737 304.5517093762755 24.87187637388706 51.51734478026628 17.23357418179512
