371.0272695496678 0 192.2664047405124 1.391817837953568 0 3.050787031650543 2558.199303247035 682.2879171669483 1.949196502566338 326.3557748645544 2.195523113012314 1.356054000556469 0.179715022444725 4212.66906914115 0.3476491719484329 0 210.3810882642865 1.924714289605618 11.23881971091032 1.12190019339323 13.61975077539682 0.3639530166983604 219.6327345073223 22.97966585308313 0 34.81068167090416 8.109886631369591 59.82246816158295 1011.543793976307 1982.278489276767 0.08064131438732147 0.6696838811039925 2.472292140126228 50.45427254587412 0.1575480997562408 9.304963663220406 0.9234745129942894 19.70814660191536 4.100422076880932 1.193623535335064 0.2907495647668839 0 0 0 0 0.137281522154808 0 0 0.2991914749145508 1.068779051303864 0.2514990568161011 0.6692782342433929 0 0 0.1244983002543449 0 0 0 0.1507986783981323 0 0 0 0 0 0.4124613404273987 0.1965656578540802 2.809294462203979 0 0.5441337302327156 0.8675267174839973 3.227512210607529 0.2230936512351036 0.1785003542900085 0 0 0 0 0 0.7060017958283424 0.1012419462203979 0.5060205608606339 0.1497009098529816 0 0 0 0
0 166.6450167447329 166.6229069009423 0 0.3809198811650276 0 4.480145260691643 0.5282572656869888 633.9067058190703 0.2477859035134315 22.94512255489826 0.3099580705165863 503.2922390401363 0.7241159081459045 6.863130204379559 102.4089658558369 62.14290682971478 9.419033035635948 59.41169419884682 0.08596040308475494 12.28940727561712 3053.057905942202 12.51922538131475 620.6019230037928 2293.625901661813 455.7148948684335 8020.625437051058 29.49207493662834 1.39598024636507 1.186149150133133 31.41607973724604 0 0.09750571846961975 24.44607485085726 0 97.66692919284105 303.8444004878402 146.1509338989854 26.21889220178127 23.7053145468235 0.1293631494045258 179.7173156067729 0 0.4299124479293823 28.8143554776907 278.3958640247583 0 0 0.1957751661539078 7.704332008957863 0.4771410524845123 3.508605271577835 0 7.737800732254982 0.3877391517162323 64.89433932304382 0.9643178954720497 0 2.804207563400269 127.6445287242532 12.67991011589766 86.72824996709824 0 3.161064073443413 34.12831592559814 18.09108479321003 4.049663580954075 24.62220276147127 803.6116378456354 1126.170020848513 1.063646577298641 0.6513856798410416 3.896904177963734 7.438808955252171 0 0 26.70753330737352 0 71.29118327796459 33.91907257586718 100.0253967121243 26.85479342192411 1.127839326858521 0.4587225615978241 8.21789675951004 0.4044449180364609
192.2664047405124 166.6229069009423 9958.060687817633 4.624190151691437 0.31076380610466 71.90592973679304 3115.883953772485 1070.991312742233 5.406017541885376 201.4754985794425 21.5137891471386 1.927343964576721 3.137469537556171 882.2399735599756 0 31.4049913957715 8696.742721699178 58.99663220345974 367.0557658970356 3.064533419907093 1259.960277497768 63.2083065956831 15886.42993971705 180.0316115990281 0.6821956112980843 7817.877609498799 6006.570503845811 1167.448126479983 372.4247559383512 1161.541691660881 5.071895644068718 4.979624427855015 3.569131299853325 1000.98987223953 13.42668240517378 2208.578676298261 1459.362329289317 2396.309806011617 699.0220852568746 44.41697575896978 6.360973946750164 6.919048927724361 4.732198432087898 0.3841958194971085 195.3764381706715 1507.065058484674 0.2578033208847046 0 0 19.67554131150246 4.004267364740372 2.319171562790871 0.369400829076767 0.1311872750520706 0 0.8334488421678543 1.187639214098454 0 36.5295637845993 154.9986547604203 0.5315523445606232 12.90153377503157 0.3311709761619568 10.95028890669346 119.4071446210146 705.8408418446779 15.12389227002859 0.7921724542975426 300.9317457079887 2192.141994655132 8.177938334643841 1.218435391783714 8.126600950956345 0.5580703169107437 0 0 61.23976576328278 15.15298172831535 384.0665387660265 106.2692710533738 189.577538356185 120.8851144313812 4.928183734416962 0.5289442092180252 0.4496128857135773 1.243659660220146
1.391817837953568 0 4.624190151691437 1800.140857063234 1.768454819917679 165.0322290286422 61.58625460416079 154.0768166854978 689.9806902185082 4723.272830292583 11.10514365136623 4419.226757802069 0.8607844263315201 91.36922031641006 30.34173761308193 0 1.320803314447403 1.541043847799301 1.384112983942032 5715.078438349068 0.2023764997720718 0.5147768557071686 0.9177749902009964 2509.098102979362 0 3.367868155241013 1.878126747906208 3689.367930546403 101.8910917341709 0.3902155831456184 0.3443635031580925 9.065969705581665 0.6531818062067032 64.35622555017471 1.46446581184864 448.8677036315203 4.654828190803528 168.1101086884737 13.24194643646479 322.3080685064197 20.46786312013865 0 5.920170165598392 1.981841325759888 0.1433727294206619 0 128.0869087278843 0 6.516068398952484 37.40731677412987 28.71655267477036 160.4476704522967 62.37548580765724 0.2545909136533737 60.67513962090015 1.714720368385315 8.691013224422932 8.99582813680172 0.1523476839065552 0 0 0 35.13590207695961 0 1.378164619207382 0.1615002155303955 320.0586557760835 0.2277565002441406 0.08709926158189774 0.3455675840377808 359.3875962495804 16.93358933180571 0.4132161885499954 0 0.3608788624405861 1.197978883981705 1.498363196849823 0.9678214192390442 67.50545810163021 0.2433452159166336 13.91544685512781 0.5266392156481743 70.97900149226189 0.650084525346756 0 1.270583271980286
0 0.3809198811650276 0.31076380610466 1.768454819917679 0 39.86433757841587 1.249746672809124 24.61894161999226 65.03725124895573 4.214775525033474 8.719411842525005 30.05460042506456 4.819912821054459 1.279220834374428 166.8831650912762 0 0.1006152778863907 0.5523930564522743 0 6.102390073239803 0 0.7567015588283539 0 16.16956319659948 0 0.8258074373006821 0.4207113981246948 5.550190202891827 0.2177934423089027 0.3133369386196136 0 91.07509449124336 0 52.71509027481079 0 8.899677075445652 1.581810429692268 94.83716022968292 3.882802650332451 460.9490497037768 78.07452324032784 0.3388276398181915 0 0 0 0 0 0 0 0 0 0 0.1893549114465714 0 0 0 0 0 0 0 0 0 0 0 0 0 0 0 0 0 0.112315908074379 0 0 0 0 0 0 0 0 0 0 0 0.2468633353710175 0 0 0
3.050787031650543 0 71.90592973679304 165.0322290286422 39.86433757841587 9011.068057507277 1190.629618406296 6515.84420479089 52.67787639796734 11404.44280634075 50.8925502076745 3572.186150580645 8.729359574615955 589.1834846436977 235.3691845908761 0.4973102509975433 17.39779036492109 6.054476134479046 5.424435138702393 1077.810990981758 6.295547716319561 0.9705755710601807 17.4236413538456 58.17195557802916 0.9742539077997208 24.37520533055067 15.16840090602636 407.932089343667 310.0654140114784 11.83583442866802 1.149541705846786 337.5018267706037 1.498219713568687 206.3775645643473 1.385550633072853 214.9463599771261 13.76208163052797 284.335050702095 23.18931925296783 810.9701103642583 312.9392431229353 2.961508341133595 9.239161685109138 0.5709061250090599 0.7054632380604744 0.7652187794446945 6.862260192632675 0 0.5440342277288437 12.98659949749708 10.14943264424801 14.91918307542801 9.018787406384945 0.1295731961727142 11.32042209804058 0.1275460720062256 2.482482962310314 0 0.948645681142807 0.1277197152376175 0 0 2.706562794744968 0 1.085029229521751 2.158162973821163 59.63603999465704 0 0.394256167113781 5.22958729416132 82.36145203560591 7.282634161412716 1.221698053181171 0 0.1060444265604019 0.1633852422237396 1.042655125260353 0.4832283109426498 15.70794110745192 0.2025346457958221 4.522003911435604 0.07345034927129745 2.839158184826374 0 0 0.4516136646270752
2558.199303247035 4.480145260691643 3115.883953772485 61.58625460416079 1.249746672809124 1190.629618406296 9876.654277175665 5481.300231128931 295.9710781648755 7378.236509561539 34.34711249917746 53.82063860446215 2.728682592511177 7203.269590958953 13.01206836849451 7.408021457493305 451.006016291678 10.03286718577147 29.35566590726376 31.64625145494938 1692.057578638196 53.65610906481743 1959.049257725477 1824.962354846299 2.565874025225639 305.0069498121738 705.3051947876811 15369.35660211742 2328.073013730347 4927.664278194308 1.380920268595219 26.45543617755175 47.99631208926439 378.936759069562 15.39116811752319 1244.084349155426 83.13201237469912 959.758328333497 264.2493614256382 124.6929258406162 51.06176899373531 1.524894118309021 15.18778722733259 7.954911895096302 4.371211983263493 24.64434222131968 18.83850936591625 0 4.808980226516724 93.1848032772541 48.09243746846914 144.2662706673145 44.99554116278887 1.050614856183529 7.465651005506516 0.135332465171814 23.22297348082066 1.357877194881439 38.17768782377243 6.456613294780254 0.09267929941415787 1.049289047718048 18.44777743518353 1.082724243402481 37.8645555973053 74.62713668495417 371.141266874969 0 8.399719774723053 129.5262536257505 454.9128022640944 42.81381218880415 7.358486942946911 0 2.699733473360538 1.794114448130131 7.196867674589157 4.665385454893112 127.9077716767788 7.107860520482063 34.85525842010975 9.125969640910625 14.28674395382404 2.162266686558723 0.3023582398891449 2.166565984487534
682.2879171669483 0.5282572656869888 1070.991312742233 154.0768166854978 24.61894161999226 6515.84420479089 5481.300231128931 9663.261132676154 39.64037298411131 5051.36300739646 65.33060206472874 970.5635500252247 14.43331686407328 6167.062810145319 59.42818111926317 4.512352369725704 846.5499224290252 13.34893570095301 70.71404828131199 937.5526675134897 78.69597622007132 4.622778281569481 732.5517703518271 328.8844360411167 0.4530098736286163 266.1459650583565 74.21672887355089 936.0778187438846 719.9661967009306 1075.240151502192 1.418183520436287 653.6934644430876 1.873338215053082 322.5202516019344 6.009525641798973 244.5317132174969 25.25861759483814 430.9156712666154 47.59495582431555 758.838455028832 277.3716339841485 4.062511637806892 11.71052508056164 1.299399077892303 1.324280172586441 4.58458998799324 4.166584834456444 0 1.105458505451679 26.94453556835651 14.98185901343822 22.17188741266727 9.156586654484272 0.3159591108560562 9.261642463505268 2.503950268030167 7.929035738110542 0 3.795926913619041 0.3886528238654137 0.2473961412906647 0.1374511867761612 2.200046062469482 0.1451239436864853 4.326935976743698 9.856279224157333 94.24304824322462 0 3.892233841121197 21.17070300132036 116.016376003623 13.39331996440887 1.784403644502163 0 0 0.8997594863176346 1.11191788315773 0.1732348203659058 33.58261025696993 0.9994294717907906 7.882524259388447 0.6112484484910965 4.780004739761353 0.365297719836235 0 0
1.949196502566338 633.9067058190703 5.406017541885376 689.9806902185082 65.03725124895573 52.67787639796734 295.9710781648755 39.64037298411131 912.8185068815947 149.492821149528 1.463647045195103 183.9471121355891 8.333919040858746 44.65013394504786 1120.62983661145 94.56551505625248 9.517888799309731 0.9303594455122948 6.765657469630241 203.4624402150512 26.01164319366217 3233.554216317832 11.64839996397495 9205.356104366481 76.71011532098055 40.89177817106247 1330.548280522227 2459.520698517561 131.7278880029917 38.81556547433138 2.664259068667889 3.110187597572803 10.55408432334661 33.75310085713863 2.167001754045486 340.6618211120367 13.69938745349646 125.2702267691493 26.50950684398413 721.8733687922359 13.01984514296055 1.787636078894138 2.947745591402054 15.65452691167593 3.281233631074429 3.047161757946014 30.15260580182076 0 5.704900130629539 154.5565122589469 50.24925797432661 95.99675054103136 66.71770361810923 4.375143222510815 38.28443647176027 3.410321645438671 36.88644897192717 7.826208040118217 41.49494973570108 1.23904038220644 0.212858185172081 1.196587942540646 35.07643884420395 13.2210588157177 21.24792680889368 2.688966803252697 1122.841803051531 0.7183369249105453 7.346020631492138 22.61243705451488 796.1804133504629 82.15762667357922 29.31227052211761 1.136427670717239 0.5905366018414497 4.963947251439095 12.11512845009565 2.003921926021576 189.5034941062331 5.490783721208572 46.388417057693 6.37748508900404 63.70253420621157 7.8266671448946 0 1.552859917283058
326.3557748645544 0.2477859035134315 201.4754985794425 4723.272830292583 4.214775525033474 11404.44280634075 7378.236509561539 5051.36300739646 149.492821149528 28582.99933680892 132.1753749996424 6198.391647435725 13.48914581537247 2423.754461541772 10.22160551697016 1.359013140201569 42.13068375736475 25.4429796487093 20.70607023686171 6455.243600718677 20.67365025728941 5.007000714540482 50.79156234115362 333.5721620470285 0.3902068585157394 72.49538426101208 59.38493824750185 3970.990746133029 941.929040774703 32.04452524334192 2.979291170835495 91.21405375748873 4.20948464423418 494.9495297074318 4.980498000979424 1204.055096536875 36.73926193267107 856.614674821496 62.65168581902981 391.577180609107 92.62971615791321 4.826578296720982 17.4607572928071 5.704900577664375 0.947995126247406 2.763346038758755 30.04884760081768 0 2.590773113071918 68.00722001492977 45.68507850915194 103.2706969305873 47.63348442316055 0.31584083288908 55.42837136983871 2.747707843780518 16.22258685529232 4.08660426735878 2.905388087034225 0.1421919614076614 0.1203231811523438 0 30.09121942520142 0 3.66882248967886 8.151111364364624 300.2954291775823 0 2.586333014070988 14.71139585971832 385.9440541639924 31.33400312811136 2.324704550206661 0 0.9438128024339676 0.9997834488749504 4.038863897323608 0.3887324631214142 90.30995583534241 2.882865704596043 23.94026895612478 1.884131796658039 23.01328930258751 1.814725935459137 0.5140634179115295 0.423471987247467
2.195523113012314 22.94512255489826 21.5137891471386 11.10514365136623 8.719411842525005 50.8925502076745 34.34711249917746 65.33060206472874 1.463647045195103 132.1753749996424 9660.190313346684 70.96650100499392 3271.82123003155 204.8214921429753 0 7.52969779074192 55.84738451987505 2474.470013201237 860.405847132206 95.35510829091072 17.41577062755823 7.482303790748119 51.29973731189966 18.52871636301279 338.7191379368305 1728.574905790389 743.9477284476161 34.55956733971834 593.6830915138125 7.645993173122406 263.999328494072 198.088446341455 2.926690965890884 9044.441004790366 6.690935760736465 519.2217713966966 4247.794641330838 5643.535574302077 1010.274099878967 149.0828081220388 42.49613176286221 1315.832531355321 12.94288389384747 0 7.013678789138794 1.759594947099686 0 0 0 0.3127560317516327 1.155866354703903 0.9943991079926491 0.1165184676647186 161.3639265671372 0.2992417514324188 1597.213579744101 0.5272302106022835 0 0.2754982933402061 1.374022483825684 48.88568775355816 13.16119825839996 0.3411032781004906 0 0.6476419568061829 0.4213940873742104 3.58063580840826 115.0556114017963 129.4313533753157 111.0060960799456 3.880554802715778 1.097828604280949 0.2486260309815407 251.0430190488696 0.4760142862796783 0 3.076660238206387 0.8282304406166077 21.77306019514799 106.7005813270807 13.88365422189236 0.5720657631754875 0.8860457837581635 0 75.556197270751 0
1.356054000556469 0.3099580705165863 1.927343964576721 4419.226757802069 30.05460042506456 3572.186150580645 53.82063860446215 970.5635500252247 183.9471121355891 6198.391647435725 70.96650100499392 8489.573773249984 10.52328971028328 424.5239267721772 709.7772914469242 0.3289561867713928 0.9491671919822693 9.190531142055988 6.241094566881657 8835.688405767083 0.200685903429985 3.853943422436714 1.027401499450207 1197.07178004086 0 16.80602210015059 4.563143439590931 1729.33778551966 249.3694787025452 0.9146087020635605 1.372088968753815 120.308722935617 0.5161125808954239 214.1296939253807 50.27871830761433 721.341524168849 7.123311661183834 304.9899374544621 12.66751073300838 1845.013744369149 37.00032764673233 6.899061024188995 3.93969289213419 1.421516805887222 0.1117906048893929 0 44.75591507554054 0 5.272557519376278 28.08105938136578 11.79473531991243 42.79351523518562 27.71997456252575 0.4111054092645645 39.58333247900009 0 3.972753345966339 2.435387060046196 0.1114665344357491 0 0.1926014572381973 0.1039720997214317 22.72011549770832 0 0 0.1617476791143417 134.7301546260715 0 0.2172349169850349 0.4338327795267105 159.9671306535602 7.055313684046268 0.1674854159355164 0 0 0.3394768685102463 1.555284388363361 5.021155878901482 40.7257141917944 1.43408540636301 6.908017739653587 1.371165573596954 44.60362574458122 2.222501188516617 0 0
0.179715022444725 503.2922390401363 3.137469537556171 0.8607844263315201 4.819912821054459 8.729359574615955 2.728682592511177 14.43331686407328 8.333919040858746 13.48914581537247 3271.82123003155 10.52328971028328 4297.100587613881 22.80901134759188 0 2.86827639490366 5.439997971057892 99.86273533850908 19.20701965689659 8.745021186769009 3.235337197780609 39.17099436372519 13.74102972447872 9.273472666740417 4235.608599416912 291.8824760839343 3618.666540056467 12.26205683499575 36.90487315505743 2.469430580735207 943.3221288323402 24.15677614510059 0.2315092086791992 555.668719753623 2.764754056930542 2018.904661290348 8825.734937913716 5458.623022146523 1139.882696054876 194.1237946972251 112.4286227524281 2160.219651378691 24.24724815040827 0.3588587641716003 44.53078001737595 1.677659496665001 0 0 0.2252163961529732 2.312302008271217 0.2701918706297874 2.003572918474674 0.2522551268339157 610.3104258999228 0.2229055166244507 5960.447768643498 0.7832200229167938 0 0 2.873192876577377 108.3327808529139 47.16816526651382 0.1186200827360153 0.3084232807159424 2.814966805279255 0.7554021626710892 2.503687635064125 798.0324520990252 336.3649350479245 366.7716069817543 0.3902125582098961 0.9452226087450981 0.740381121635437 609.0723475664854 0.921642117202282 0 14.6055827960372 9.723951101303101 204.1949909329414 564.3936085104942 78.39594704657793 6.105195708572865 13.38355505466461 4.550373747944832 516.9034662470222 4.119737148284912
4212.66906914115 0.7241159081459045 882.2399735599756 91.36922031641006 1.279220834374428 589.1834846436977 7203.269590958953 6167.062810145319 44.65013394504786 2423.754461541772 204.8214921429753 424.5239267721772 22.80901134759188 8726.181909933686 8.039036989212036 2.506141491234303 921.0555973276496 26.6928458660841 74.03603713959455 531.8984609767795 68.03648712486029 2.17817622423172 832.0339778661728 369.1394373252988 0.8748400211334229 219.3895794898272 63.1955973431468 834.9213624298573 7032.42241679877 2256.135069698095 3.946221396327019 119.3401738256216 21.53481063246727 883.7592284455895 2.306450493633747 307.1625353693962 18.6328781247139 818.9104294031858 46.35119374841452 359.5979273989797 153.1597778499126 2.822739727795124 14.27538146078587 0.620013102889061 0.8695771917700768 3.272278927266598 2.764840185642242 0 0.7358801364898682 10.12915251404047 6.019023016095161 13.6103892698884 1.834007024765015 0.3384295254945755 4.588898077607155 0 2.81157574057579 0.3923751711845398 3.075750581920147 0.9684061110019684 0 0.1278968453407288 2.046096466481686 0.3582010790705681 1.207920856773853 4.980201981961727 54.25434792786837 0 1.99213520437479 9.735800564289093 69.09872166067362 7.212199658155441 1.276748389005661 0 0 0.1266371607780457 1.666872806847095 1.778099253773689 26.95641253888607 1.60991395264864 5.296500004827976 0.5035486146807671 1.197397753596306 0 0 0.2745424807071686
0.3476491719484329 6.863130204379559 0 30.34173761308193 166.8831650912762 235.3691845908761 13.01206836849451 59.42818111926317 1120.62983661145 10.22160551697016 0 709.7772914469242 0 8.039036989212036 154.1061563193798 0.5326358824968338 0 0 0 56.50738428533077 0 29.11276157200336 0 474.7594441100955 0.6542303413152695 0.2372383400797844 15.15924100577831 145.4015165120363 8.432572729885578 0 0 124.5735991448164 0.2957764565944672 3.314269728958607 0.9619887471199036 179.8227394148707 0.6097142547369003 6.230726666748524 0.9183209091424942 593.5480856895447 27.87388417869806 0 0 0 0.1108017340302467 0 1.649204686284065 0 0 0 0 3.77822670340538 0.8584328293800354 0 2.37515352666378 0 0 0.8027701824903488 0 0 0 0 0.8905215263366699 0.2567491233348846 0.3307670503854752 0 7.095712572336197 0.08866085112094879 0 0.7132610231637955 5.010436207056046 0.1045274287462234 0 0 0.07845698297023773 0 0 0 3.097539514303207 0 0.1110086888074875 0 4.60023520886898 0 0 0
0 102.4089658558369 31.4049913957715 0 0 0.4973102509975433 7.408021457493305 4.512352369725704 94.56551505625248 1.359013140201569 7.52969779074192 0.3289561867713928 2.86827639490366 2.506141491234303 0.5326358824968338 4021.653608754277 41.70441548526287 2.606406159698963 8.362539999186993 0.4857842475175858 4279.349043168128 4506.17614608258 4795.290183909237 2561.342567466199 4.919991306960583 8.778971277177334 3854.45229896158 1933.76039262861 10.29716975986958 129.2998521476984 0 0 5.147390112280846 131.8456875905395 20.18246226012707 3787.307092949748 1135.294929422438 925.4761232584715 1016.911334641278 99.91887891292572 4.147307425737381 5.823795795440674 16.56681936234236 10.76472678035498 3.183924876153469 13.28563196957111 0 0 0.3062994256615639 116.8805813342333 30.58217395097017 333.1480031237006 6.045693010091782 0.5571548119187355 0 0.09079354256391525 26.73588609695435 0 2360.744163006544 1.952144920825958 0.3595694005489349 0.1664847582578659 0.7225090265274048 186.7268129885197 1225.562956608832 1229.917860478163 749.5154548883438 1.022950202226639 2.715689018368721 316.4241827651858 358.8050306588411 31.44582910835743 132.732265420258 0.2642434537410736 0.2334921061992645 0.9485818818211555 8.212165333330631 20.60327489674091 203.557271592319 30.77916267514229 28.92369815707207 13.85674574226141 5.931544125080109 2.243149369955063 0 2.70497328042984
210.3810882642865 62.14290682971478 8696.742721699178 1.320803314447403 0.1006152778863907 17.39779036492109 451.006016291678 846.5499224290252 9.517888799309731 42.13068375736475 55.84738451987505 0.9491671919822693 5.439997971057892 921.0555973276496 0 41.70441548526287 1328.704572089016 132.7429138794541 1990.965432077646 1.673942022025585 620.5859493985772 86.46678967773914 4061.421380847692 46.10160407423973 2.510511785745621 3283.614312075078 10140.02098382264 125.0785057470202 1381.635760761797 1425.236784130335 4.49062729626894 3.935030966997147 55.91717551648617 728.7614217847586 2.346130713820457 360.268299549818 130.8135723620653 624.3490629345179 229.8387625440955 9.900595359504223 7.649493053555489 0 3.007897481322289 1.392471894621849 36.43030325323343 148.7614922821522 0 0 0.617642730474472 5.002917669713497 0.113432377576828 1.073670715093613 0 1.10907743871212 0 1.941111087799072 0.5871634930372238 0 3.475677981972694 88.54673508554697 1.477232292294502 15.38104393333197 0 0.6713014841079712 4.008711867034435 26.78673143684864 1.142017811536789 0.5179670080542564 231.5379178151488 216.1259857192636 1.975599154829979 0.1803117096424103 1.196096852421761 0.9280621707439423 0 0 4.220321506261826 1.86555016040802 48.48153132200241 7.452253431081772 38.63166768848896 13.31780122220516 0 0 0 0
1.924714289605618 9.419033035635948 58.99663220345974 1.541043847799301 0.5523930564522743 6.054476134479046 10.03286718577147 13.34893570095301 0.9303594455122948 25.4429796487093 2474.470013201237 9.190531142055988 99.86273533850908 26.6928458660841 0 2.606406159698963 132.7429138794541 136.9148797616363 1074.504249192774 16.77555093169212 5.931381374597549 3.026050485670567 35.02285420894623 4.439345888793468 16.22087980806828 2513.140614464879 838.9753732308745 6.951195016503334 68.90531931817532 2.690078154206276 80.07459487766027 11.31843522191048 0.5963343903422356 980.3095959722996 2.364257849752903 766.7927075102925 1243.630604453385 1330.191723912954 597.3928915560246 15.21296795457602 2.738081097602844 3.78068695962429 6.304868824779987 0 3.894213870167732 1.584172733128071 0 0 0 1.377241127192974 0.1189658343791962 0 0 19.04087810963392 0 70.11964113265276 1.117168359458447 0 0.1251613199710846 8.717342369258404 48.03421500325203 44.54284009337425 0 0.147409126162529 0 0.7654314339160919 0.5028899759054184 12.06306831538677 126.4985437020659 106.9899841099977 0.8203491270542145 0 1.032499916851521 35.02419020980597 0 0 4.264094814658165 0.8278643935918808 20.4999101087451 10.60510851442814 13.80867344141006 3.111337572336197 0 0 0 0
11.23881971091032 59.41169419884682 367.0557658970356 1.384112983942032 0 5.424435138702393 29.35566590726376 70.71404828131199 6.765657469630241 20.70607023686171 860.405847132206 6.241094566881657 19.20701965689659 74.03603713959455 0 8.362539999186993 1990.965432077646 1074.504249192774 2426.772809050977 11.15204952657223 27.74239546060562 27.57284823805094 202.6849044784904 11.69248021394014 10.3473696410656 4458.057263918221 3273.559200212359 14.18434914946556 145.5613134726882 23.45797312259674 31.91448631137609 5.679530911147594 3.757058404386044 2428.49036680162 2.756052151322365 1264.795143306255 590.8131092861295 2070.544720225036 980.5018552020192 17.38914533704519 3.200026340782642 1.184397853910923 3.87154496461153 0.3768800273537636 25.91184817999601 17.98228684812784 0 0 0 7.170910768210888 0.6091049611568451 0.1909126043319702 0 2.889970108866692 0.2420898303389549 14.14970020204782 0.5752746760845184 0 0.3799300789833069 80.63211300969124 12.55622895807028 47.1072431653738 0 1.468318939208984 0.8391302227973938 4.362441465258598 1.433610267937183 6.989925682544708 308.4932297319174 138.0676663443446 1.369420737028122 0 4.450509801506996 5.794922471046448 0 0 8.924949422478676 1.538466691970825 32.65916938334703 7.175662167370319 33.39102800935507 7.695570677518845 0.121320940554142 0 0.5738097429275513 0
1.12190019339323 0.08596040308475494 3.064533419907093 5715.078438349068 6.102390073239803 1077.810990981758 31.64625145494938 937.5526675134897 203.4624402150512 6455.243600718677 95.35510829091072 8835.688405767083 8.745021186769009 531.8984609767795 56.50738428533077 0.4857842475175858 1.673942022025585 16.77555093169212 11.15204952657223 941.418566018343 0.1294355243444443 0.3437874168157578 3.129583418369293 561.6357830017805 0.1331983059644699 25.25261647999287 9.248399935662746 5212.823332875967 472.2613547444344 1.253712341189384 1.430272988975048 60.92043490707874 0.5210216790437698 330.0529510378838 1.256404250860214 980.5172924697399 22.96949644386768 623.2812852934003 26.9935285821557 869.5858054161072 73.20614170283079 4.189449079334736 15.23732250183821 0.5390773117542267 0 0 63.65494486689568 0 6.478872686624527 32.63827704638243 19.14774385839701 68.87625012546778 33.06015664339066 0.0808052197098732 19.44332870841026 2.390907399356365 6.498166032135487 2.819146513938904 0 0 0 0 21.16522279381752 0 0.3330055177211761 0 197.0171784162521 0 0 0 226.8130692094564 8.567497320473194 0.3981775194406509 0 0.4662744998931885 0.1431341618299484 2.968369394540787 0.2985593974590302 60.98111657053232 0 11.06681100279093 0.1111172661185265 24.69226455688477 2.291875272989273 0 0.3941744565963745
13.61975077539682 12.28940727561712 1259.960277497768 0.2023764997720718 0 6.295547716319561 1692.057578638196 78.69597622007132 26.01164319366217 20.67365025728941 17.41577062755823 0.200685903429985 3.235337197780609 68.03648712486029 0 4279.349043168128 620.5859493985772 5.931381374597549 27.74239546060562 0.1294355243444443 12350.15242055058 565.774935990572 12110.95034480095 380.6333791688085 1.794209055602551 56.6786689683795 498.9101271852851 4997.764614075422 136.7496639862657 11576.53520929068 0.5052374750375748 2.628972798585892 8.74741568416357 4134.391667932272 52.31532366573811 7590.638176888227 731.0405075028539 6492.739049464464 2127.934139162302 155.0438109412789 16.31007257848978 4.752888903021812 56.28912711143494 9.864804208278656 1.273145392537117 3.881391108036041 0.7268824130296707 0 0.8595328629016876 91.57121475785971 23.50873278081417 230.9548287689686 5.238468527793884 0.405783548951149 0 0.09754238277673721 27.93070615082979 0 298.2745388448238 1.545017592608929 0.6074039041996002 0.1850750148296356 0 90.97699822485447 58.28142929077148 35.33144445717335 575.1959797888994 0 0.8332461267709732 19.86919556558132 290.6342225819826 26.34771354496479 69.38768047094345 0 0.6516647636890411 2.084106892347336 4.847305841743946 33.11150340735912 80.84514431655407 4.103705406188965 11.32268274575472 4.371902540326118 4.252532377839088 0.7119866013526917 0 0.7170568108558655
0.3639530166983604 3053.057905942202 63.2083065956831 0.5147768557071686 0.7567015588283539 0.9705755710601807 53.65610906481743 4.622778281569481 3233.554216317832 5.007000714540482 7.482303790748119 3.853943422436714 39.17099436372519 2.17817622423172 29.11276157200336 4506.17614608258 86.46678967773914 3.026050485670567 27.57284823805094 0.3437874168157578 565.774935990572 2349.162468776107 975.7565859481692 6278.681592307985 435.3557159155607 131.6245201379061 7918.661138445139 342.7912295460701 7.809715129435062 21.79026548564434 8.794752024114132 0.131161704659462 1.248656406998634 192.8126849681139 2.734240896999836 849.7489516586065 493.3919003456831 617.5456240624189 241.1516399085522 152.2523478493094 0.6388727128505707 5.199594505131245 3.929178401827812 3.903609752655029 20.69112610071898 135.3424969762564 0.3473256528377533 0 1.175792463123798 53.92792341113091 17.69711908698082 47.31344497203827 1.865216508507729 1.396786890923977 8.560870677232742 7.939029775559902 10.61664219200611 0 1660.22755369544 8.370585806667805 0.560362696647644 4.999000065028667 0 69.21453574299812 517.7530482783914 884.3854819089174 319.1008469611406 1.662285141646862 31.11783608794212 1573.851757973433 100.1873441487551 11.43550179898739 66.91848818957806 2.242572233080864 0.238547682762146 0.4954250752925873 6.211737342178822 9.788820296525955 129.3862465694547 44.33187663555145 29.91906204074621 21.77313945442438 1.126026853919029 0 0.1445619612932205 2.744602143764496
219.6327345073223 12.51922538131475 15886.42993971705 0.9177749902009964 0 17.4236413538456 1959.049257725477 732.5517703518271 11.64839996397495 50.79156234115362 51.29973731189966 1.027401499450207 13.74102972447872 832.0339778661728 0 4795.290183909237 4061.421380847692 35.02285420894623 202.6849044784904 3.129583418369293 12110.95034480095 975.7565859481692 27648.63216622174 549.6322903260589 1.682352155447006 1050.234124392271 8493.223427429795 4737.694510355592 1344.73729480058 6879.718436665833 1.33798648416996 4.871281072497368 46.69119226187468 3472.096569433808 79.94932766258717 12396.00797849894 3265.468692436814 10088.80796055496 6599.769477300346 523.9482036754489 29.86120726168156 21.16189217567444 84.04091443866491 2.311143398284912 10.58840222656727 80.0939864590764 0 0 0 39.7004971280694 11.5978306978941 59.07172149419785 3.432028666138649 0.214990645647049 0 0.3010013401508331 8.394802019000053 0 1653.189678765833 10.17654419690371 0.1340366303920746 1.004378966987133 0 56.06510691344738 760.6313352957368 1522.950823038816 180.4424362257123 0.1301289498806 26.50288515537977 775.8441911563277 75.86946751177311 9.707845285534859 57.08557593822479 0 0.398647129535675 0.2759145796298981 6.660558685660362 129.0899886786938 108.7515826150775 29.63301515579224 26.18072643131018 13.93230914324522 2.504106298089027 0.9535169303417206 0 0
22.97966585308313 620.6019230037928 180.0316115990281 2509.098102979362 16.16956319659948 58.17195557802916 1824.962354846299 328.8844360411167 9205.356104366481 333.5721620470285 18.52871636301279 1197.07178004086 9.273472666740417 369.1394373252988 474.7594441100955 2561.342567466199 46.10160407423973 4.439345888793468 11.69248021394014 561.6357830017805 380.6333791688085 6278.681592307985 549.6322903260589 9540.401548914611 67.70370834320784 48.07230889052153 3612.878247998655 7049.806318111718 1306.089952766895 441.8673938438296 2.276115126907825 7.215818256139755 131.1273209676147 429.9983002021909 46.47638519853354 5003.074513755739 161.5316375121474 1659.297145523131 396.5983315110207 1446.047677464783 119.3177672401071 2.705593094229698 41.85077180713415 25.76831199228764 5.085439905524254 11.54427935183048 53.18130073696375 0.1565500944852829 8.015122525393963 342.6413206830621 97.17644070833921 1022.021446578205 94.99133205413818 4.08111622184515 210.7971003353596 2.392629757523537 71.81657469272614 11.89339871704578 200.3322028666735 1.829774990677834 0.9668195396661758 1.606264315545559 55.5840140208602 38.89416252076626 103.8098876029253 71.40705116838217 2064.044180527329 1.507840797305107 9.779112741351128 84.5069794729352 1692.299801811576 166.9372538402677 70.03907191008329 0.778458945453167 0.6356079280376434 7.997581534087658 22.84459330886602 10.57154155522585 551.1606349349022 19.0484347268939 102.1083254739642 17.71184286475182 103.046137355268 9.016065321862698 0.1984605267643929 2.624865487217903
0 2293.625901661813 0.6821956112980843 0 0 0.9742539077997208 2.565874025225639 0.4530098736286163 76.71011532098055 0.3902068585157394 338.7191379368305 0 4235.608599416912 0.8748400211334229 0.6542303413152695 4.919991306960583 2.510511785745621 16.22087980806828 10.3473696410656 0.1331983059644699 1.794209055602551 435.3557159155607 1.682352155447006 67.70370834320784 645.144793972373 238.3929949700832 4519.771974593401 6.533382304012775 0.9913729950785637 2.298773527145386 222.5475735887885 1.267720252275467 0 129.7983167618513 0.1254371255636215 700.2891663834453 891.7586470171809 996.5656204223633 134.8644180819392 131.2363957241178 33.91561913490295 1022.825776197016 8.894538879394531 0.1399721801280975 82.49785935878754 1.727966003119946 0 0 0 2.919037833809853 0.1255329102277756 1.710933238267899 0.1916167512536049 188.9564860388637 0 1569.593443714082 0.882688894867897 0 0.2577768266201019 7.582916639745235 202.3557991236448 123.9595924019814 0 1.056360617280006 3.972509488463402 1.073390707373619 1.696347177028656 240.9038242101669 411.0636693164706 847.7520628273487 2.362133078277111 0.2609836757183075 3.89660406857729 179.997257374227 0.1163463741540909 0.1018279865384102 22.42720773071051 0 282.1739244088531 172.2138626202941 103.1174467653036 17.57075085490942 8.393014684319496 0 207.0331589877605 0.1633059978485107
34.81068167090416 455.7148948684335 7817.877609498799 3.367868155241013 0.8258074373006821 24.37520533055067 305.0069498121738 266.1459650583565 40.89177817106247 72.49538426101208 1728.574905790389 16.80602210015059 291.8824760839343 219.3895794898272 0.2372383400797844 8.778971277177334 3283.614312075078 2513.140614464879 4458.057263918221 25.25261647999287 56.6786689683795 131.6245201379061 1050.234124392271 48.07230889052153 238.3929949700832 31773.41604945064 12153.50272578746 69.94446858018637 247.1865452602506 58.62930805236101 335.7755584046245 28.22212506085634 3.70834232121706 1569.541826426983 12.04149112850428 4029.260225966573 6588.792863309383 3923.90975536406 1712.511826321483 69.50469694286585 5.527190320193768 46.86504027247429 11.32463893294334 3.796268358826637 486.103416711092 557.678239993751 0 0.1142936050891876 0.1259209215641022 63.89616666734219 6.826131395995617 3.708609730005264 0.752437062561512 304.1405834332108 0.5976984947919846 1496.576190672815 14.4243038892746 0 1.436370514333248 842.7536256983876 787.7113620787859 1199.172325149179 0 22.14376413822174 9.60656513273716 54.77562930434942 5.3202980235219 299.0608537718654 5305.134335301816 3369.171756252646 3.762876756489277 5.492201074957848 55.2056278437376 517.0355080589652 0.2306762784719467 0.4138333201408386 114.1663326099515 9.176333121955395 433.2033420428634 242.249938942492 478.2502585723996 127.9306503757834 3.909212715923786 0.7297276258468628 1.479313507676125 0.757730633020401
8.109886631369591 8020.625437051058 6006.570503845811 1.878126747906208 0.4207113981246948 15.16840090602636 705.3051947876811 74.21672887355089 1330.548280522227 59.38493824750185 743.9477284476161 4.563143439590931 3618.666540056467 63.1955973431468 15.15924100577831 3854.45229896158 10140.02098382264 838.9753732308745 3273.559200212359 9.248399935662746 498.9101271852851 7918.661138445139 8493.223427429795 3612.878247998655 4519.771974593401 12153.50272578746 38314.06846378744 2399.78402326256 78.57191538065672 39.81533799320459 1145.298957981169 6.688740856945515 3.174935951828957 3407.985280096531 66.99426265060902 9313.389129638672 5325.366543009877 8407.287719376385 3056.176555633545 232.8680956214666 6.786383375525475 51.03169529885054 28.81328096240759 5.616432212293148 2179.48239518702 2889.245173156261 0 0 0.3636548146605492 115.1865128055215 16.64401358366013 6.405943498015404 6.146592631936073 307.722020842135 2.085803598165512 1727.134697236121 16.37272962927818 0 834.3432985320687 986.8449588939548 941.4273512735963 1452.834079615772 0.2300614714622498 35.66951831430197 1666.286417126656 2378.912327572703 36.29224535822868 553.0834216922522 6443.38382537663 12185.93247317523 15.02043898403645 8.225706242024899 60.58425410836935 615.3528687283397 0.2203663811087608 0.1294653564691544 255.7274412959814 68.29071706533432 1174.772349320352 528.2997906804085 1011.460297763348 407.8593639135361 16.3857472166419 3.357024639844894 4.973015390336514 5.792635448276997
59.82246816158295 29.49207493662834 1167.448126479983 3689.367930546403 5.550190202891827 407.932089343667 15369.35660211742 936.0778187438846 2459.520698517561 3970.990746133029 34.55956733971834 1729.33778551966 12.26205683499575 834.9213624298573 145.4015165120363 1933.76039262861 125.0785057470202 6.951195016503334 14.18434914946556 5212.823332875967 4997.764614075422 342.7912295460701 4737.694510355592 7049.806318111718 6.533382304012775 69.94446858018637 2399.78402326256 16480.82818587124 2826.795226000249 10242.13567465544 1.581245250999928 23.15417364984751 392.5563602522016 1488.562815465033 84.17399949580431 6539.711672492325 180.2527038827538 4018.888626553118 856.5139702260494 728.8522564470768 148.6973116770387 17.99904082715511 54.62457097321749 31.9197129830718 5.113387890160084 13.14516034722328 112.3482463359833 0.3144218474626541 14.49277440458536 497.4858205243945 166.2022882923484 975.9818684458733 151.252060264349 6.743866331875324 83.04219970107079 1.080844812095165 96.19225212186575 15.58811436593533 132.337575994432 2.397034786641598 0.2778728008270264 0.453370176255703 96.96628623455763 41.408432520926 47.25260023027658 36.17490664124489 2524.808944508433 0.8864836096763611 4.91402991861105 71.95111185312271 2433.313006862998 241.1383002325892 106.8041946440935 0.3163497373461723 1.856602273881435 10.39259188622236 30.95799662172794 18.82934558391571 701.6963010504842 14.75968623906374 142.7703085243702 22.137241743505 133.4616044312716 11.22365693747997 0.3073044121265411 2.409195423126221
1011.543793976307 1.39598024636507 372.4247559383512 101.8910917341709 0.2177934423089027 310.0654140114784 2328.073013730347 719.9661967009306 131.7278880029917 941.929040774703 593.6830915138125 249.3694787025452 36.90487315505743 7032.42241679877 8.432572729885578 10.29716975986958 1381.635760761797 68.90531931817532 145.5613134726882 472.2613547444344 136.7496639862657 7.809715129435062 1344.73729480058 1306.089952766895 0.9913729950785637 247.1865452602506 78.57191538065672 2826.795226000249 18424.93915929645 8249.122338719666 9.905675619840622 61.07692128419876 2359.686735592782 4645.864965632558 18.58902744948864 649.6908660382032 34.49618276953697 3041.942510537803 169.0737194493413 276.3439107015729 269.1890853568912 4.237840086221695 30.36079544574022 1.53431735932827 0.3308639973402023 1.563093550503254 6.03027755767107 0 0.325496107339859 38.62197211384773 16.47095003724098 36.44559118151665 10.81488823145628 0.3899772465229034 4.664723947644234 0.7592872604727745 8.075757540762424 0.5396506190299988 4.163933955132961 0.9387679770588875 0.2019664198160172 0 2.533550284802914 1.991143584251404 1.526901639997959 2.029602915048599 152.824798181653 0 1.923054046928883 5.75885671377182 153.4736368283629 18.83774694800377 3.423401340842247 0.09821446985006332 0.604315459728241 1.154888123273849 3.847066774964333 3.515123516321182 74.80565425008535 1.101805813610554 16.10701286047697 2.576201871037483 4.618448100984097 1.692346021533012 0 0
