691.8201470151544 0.2267408818006516 125.1450047120452 0 11.39584519714117 62.39948976784945 2665.526492983103 2275.575217433274 3.013106971979141 59.84838033467531 42.5801750048995 0.4494023323059082 3.670366324484348 3177.82780444622 0 0.1864665299654007 158.6838216781616 28.50160668045282 165.0944637730718 0.7253855466842651 25.92195851355791 0.4805455505847931 43.42494589090347 156.446006000042 0.09021598845720291 131.3375287279487 20.80913358181715 147.2645418643951 3203.632464423776 2324.232862487435 1.294110372662544 118.2146384716034 42.65023908019066 463.3828490301967 4.216175615787506 165.5361082330346 11.19176705181599 363.5627789646387 77.77857086062431 131.5482274889946 59.24836872518063 0.4153717830777168 3.096640035510063 0.1316400319337845 0.5790566354990005 0 0 0 0 0.2637044191360474 0 0.5432475805282593 0 0 0 0 0 0 1.634202502667904 0 0.1041112616658211 0 0 1.582426488399506 1.678893700242043 0 7.35141059756279 0 0.7528978511691093 2.013653375208378 3.121055491268635 0.8081596344709396 0 0 0 0 0.7496547102928162 0 2.464167684316635 0.2598530054092407 1.510284177958965 0.636457085609436 1.986929774284363 0 1.992908120155334 0.6413352489471436
0.2267408818006516 302.6806503534317 66.25704253464937 0.6067357659339905 0 0.2556388527154922 4.898436918854713 0.9348849579691887 69.39051346480846 1.996342450380325 223.3142721578479 0 597.0280847176909 0.108397588133812 0 178.6752538755536 73.48732906579971 0.8268677070736885 30.46514414995909 0.08127254992723465 2.759931325912476 2369.846570327878 7.347010657191277 425.9774819687009 2735.891663685441 365.5939455851912 7574.230155169964 27.16235125809908 0.6586392968893051 0.2736460417509079 33.89329473674297 0.1049393638968468 0 6.796156018972397 0 27.99209175258875 94.98430699855089 87.00458721071482 12.09064608812332 1.152312889695168 0 55.09532737731934 0 0 29.32672239094973 28.80562798678875 0 0 0 0 0 0.6358029842376709 0 4.572643093764782 0 95.46723959594965 0 0 2.182308696210384 1.870800212025642 0.6042076200246811 3.109850071370602 0 0 14.31470546871424 4.377351939678192 3.91641141474247 123.8504894450307 196.0312474891543 1125.764118179679 0.2662205696105957 0 0 16.66715158522129 0 0 0.1852288842201233 0 2.134177729487419 19.78291164338589 4.260970994830132 1.278028510510921 0 0 4.338305592536926 0
125.1450047120452 66.25704253464937 6131.275750473142 8.571494475007057 0.8468965366482735 464.0990270152688 1633.903710439801 970.180933393538 0 215.7973080873489 15.58356858789921 2.613996043801308 254.329660795629 326.5769262835383 0 1.902498230338097 5000.511848337948 50.77819457650185 343.6454856693745 7.348952054977417 581.5689543709159 7.003713384270668 12558.29839771241 2.124840922653675 2.375885590910912 9075.221795447171 3296.933919541538 705.3412294760346 69.51548828184605 1174.174593649805 1.292339488863945 14.40437404811382 5.055567599833012 994.4930327162147 5.549980223178864 2436.905298434198 5785.49939212203 2470.658956594765 1603.624377153814 153.04681930691 33.42838875949383 196.7008843868971 17.22836791723967 0 126.1296356096864 251.3371084406972 0 0 0 0 0.1607880741357803 1.779872447252274 0 0.5095929354429245 0 4.548425026237965 0.594839945435524 0 4.926351562142372 19.62717766314745 0.5901364013552666 10.9231680482626 0 0.4340358749032021 15.40186056494713 32.2463261410594 5.757272854447365 4.592091709375381 271.4086289331317 1661.863197050989 1.922263234853745 0.5717514306306839 0 3.421933047473431 0 0 2.592286415398121 1.298843085765839 6.380537509918213 137.456410817802 8.421284027397633 1.692215457558632 1.125076234340668 0 1.494495570659637 0.7966436743736267
0 0.6067357659339905 8.571494475007057 2276.679339766502 1.151393607258797 119.7022202238441 362.4519550353289 19.34282761067152 1678.204060718417 3018.346544235945 0.9719675853848457 3231.006238609552 0.1885250806808472 2.212048269808292 62.50857861340046 0.2069043666124344 0.1238251626491547 0.1209439784288406 0.1246482953429222 4624.600527763367 1.605812385678291 6.673954203724861 2.182285770773888 2640.103115938604 0.525644838809967 0.8627165779471397 1.932377822697163 1540.439731061459 4.206457696855068 0 0.08753681182861328 8.245696343481541 0 10.75482683628798 1.329830452799797 208.2774466723204 1.138523869216442 37.03932870924473 14.91553039848804 248.1099984645844 14.2335806414485 0 6.371940791606903 0 0 0 79.07400164008141 0.136554166674614 6.766461044549942 133.9477436468005 7.054946459829807 79.22509803622961 62.89763489365578 0 187.9063279479742 0 5.12656419724226 27.66785250604153 2.805199846625328 0 0 0.1172472536563873 68.68293176591396 1.281024970114231 1.340995848178864 0.6725116819143295 192.3859583586454 0 0 0.4758515655994415 97.75803083926439 4.743214093148708 0 0 0 0.1114253550767899 3.283146262168884 0 17.78215615451336 0 2.985434353351593 1.302700079977512 171.8243175894022 1.716700561344624 0.5465801358222961 0
11.39584519714117 0 0.8468965366482735 1.151393607258797 0 72.50565948337317 16.05098330229521 25.26447133719921 9.540780268609524 25.78785783052444 131.9859453290701 130.2489300593734 17.6345005184412 59.19832049310207 1077.920442134142 0 2.939276605844498 7.852764695882797 3.782233268022537 8.352052964270115 0 0 0.5551872998476028 4.956990793347359 0 15.8893913552165 1.956519320607185 4.727178975939751 95.90232499688864 12.01957787573338 1.485456585884094 17.11728412657976 17.64645184576511 453.8116817697883 0 23.18700674921274 2.967022910714149 130.3801745995879 58.84097523242235 2263.878254845738 14.00327272713184 4.085261315107346 0 0 0 0 0 0 0 0.3734937310218811 0 0 0 0 0 0 0 0 0 0 0 0 0.2147112190723419 0 0 0 1.849636033177376 0 0 0.272536888718605 1.066275678575039 0 0 0 0 0 0 0 1.158565163612366 0 0.7114431262016296 0 1.829690456390381 0 0.3964367508888245 0
62.39948976784945 0.2556388527154922 464.0990270152688 119.7022202238441 72.50565948337317 6713.030024982989 4998.69149017334 4360.231224507093 118.8661800026894 8037.968640349805 211.4109364971519 2065.04092605412 35.20233315974474 491.7822901085019 1212.437375687063 1.921954959630966 70.73229717463255 28.40755927562714 54.83861496299505 283.573949739337 30.81638471037149 5.957080081105232 117.9120815247297 196.0330323129892 0.3294713869690895 200.8294069096446 37.6219941675663 516.7497526928782 407.4387004002929 84.23963318765163 6.238248385488987 425.8871449530125 8.857594527304173 932.1941785439849 4.949385970830917 321.0167298838496 42.44309490919113 550.054242670536 148.3512262478471 2867.921945728362 320.4193050339818 7.909514650702477 11.09957115352154 0.3234479576349258 0.1413582563400269 0 23.20037552714348 0.1575171053409576 2.170234046876431 72.75085371732712 4.903096929192543 34.50624177604914 19.84563852846622 0 23.18975636363029 0.1015012636780739 0.7716921716928482 13.52458253502846 3.161518082022667 0 0 0 17.99892424046993 0.7641964554786682 1.370093002915382 0.5833815634250641 143.8235192075372 0 0.579091802239418 2.280058965086937 62.96315784007311 4.539685606956482 0 0 0.5548893809318542 0.5480367839336395 0.7229417115449905 0 11.58722372353077 0.3211274445056915 3.541752465069294 0.8913670778274536 41.41751858592033 1.068854473531246 0.2166928946971893 1.242342472076416
2665.526492983103 4.898436918854713 1633.903710439801 362.4519550353289 16.05098330229521 4998.69149017334 21270.36183061451 3834.82360316813 672.9217036366463 8660.861762747169 31.08317998051643 45.60519929975271 8.9677599593997 4732.660040162504 9.492791384458542 36.07707895338535 171.6650362983346 12.63386069238186 61.66868803650141 88.39984096586704 571.714265473187 85.46057415008545 1088.099040359259 2573.868262141943 2.816883929073811 308.938834041357 149.3866393119097 19291.36175249517 761.193355537951 5704.966892063618 1.416591390967369 107.1107094660401 10.59039629250765 198.1968357339501 66.68289396166801 3309.753495708108 125.6221455410123 838.7511464729905 545.4971510395408 1376.254972830415 255.1539814695716 2.383967705070972 57.46845025569201 5.792159989476204 0.9242564290761948 2.144403502345085 60.64131188392639 0 14.71500155329704 488.3555414229631 38.97186514735222 223.5913680046797 51.65814669430256 0.3589735329151154 52.13636165857315 0.1133650466799736 28.5204846188426 20.51593111455441 60.35101418197155 0 0.1583328545093536 0.342347726225853 43.90904117375612 17.28916066884995 19.86848248541355 13.34976164251566 1099.719234310091 0.5706809163093567 1.389306105673313 20.69363266974688 485.6374091878533 43.81562183052301 0.3661130964756012 0 0.4161453247070312 4.030224665999413 30.0417413264513 3.63957516849041 139.0582872927189 0 42.26259537041187 10.92099801450968 160.1288454979658 9.770005092024803 0 2.654157161712646
2275.575217433274 0.9348849579691887 970.180933393538 19.34282761067152 25.26447133719921 4360.231224507093 3834.82360316813 3889.954848133028 62.90916757285595 1741.499032489955 250.0356625542045 744.6953726783395 10.11043789237738 8743.824418500066 85.89816576987505 0.2666992694139481 472.1561157107353 102.7456809580326 556.3925727456808 107.2077854350209 74.27025404572487 0.2589165866374969 304.8614529818296 180.7627024576068 0.2003771662712097 692.2626634836197 127.5433082357049 362.2527945041656 1426.536643952131 1835.582740306854 4.294889725744724 426.8168671280146 9.421840459108353 1048.693780377507 8.550973296165466 281.3932085633278 92.68678752332926 461.1342307031155 176.870544962585 224.1906383186579 80.09204772859812 2.081197530031204 5.145820774137974 0.386515237390995 0.7510584741830826 0.4144873768091202 3.098241254687309 0 0.2573512196540833 21.0134467035532 1.947624489665031 29.66638033092022 3.761451728641987 0.6673482656478882 4.012748785316944 0.3961772918701172 0.5915010422468185 1.134344816207886 9.855960071086884 0 0 0.300445944070816 3.039060115814209 2.442743398249149 1.975100785493851 0.3008841574192047 161.6546910256147 0 1.93973184376955 5.973281994462013 53.99632842838764 9.686394907534122 0.2804737389087677 0.1276500970125198 0 4.189161613583565 3.152017295360565 0.1708360910415649 16.68209842592478 0 6.376273222267628 1.467689320445061 8.754008486866951 0.3776169121265411 0 0.9494117498397827
3.013106971979141 69.39051346480846 0 1678.204060718417 9.540780268609524 118.8661800026894 672.9217036366463 62.90916757285595 1433.463992357254 763.7717383056879 3.731285765767097 762.1186671704054 5.451471321284771 17.77908618748188 414.6951143890619 4.101205408573151 0.2884076833724976 0.5265663489699364 0.4836422130465508 1304.703925408423 1.144578471779823 1361.991256095469 1.486551284790039 11072.43830399215 21.71321477741003 2.932475969195366 11.60747729241848 1976.306829333305 37.57087323069572 39.99110957980156 0.2224687486886978 9.124136134982109 1.41409233212471 14.13874050974846 10.97258748114109 452.6806032955647 2.226920768618584 82.38712671399117 79.51925250887871 216.2361303120852 20.50666493922472 0.4277959167957306 8.014572575688362 5.32325292378664 6.622004114091396 9.101436831057072 279.150365754962 4.35764491558075 19.08550024032593 357.0782588943839 19.47214286774397 614.2668770775199 151.9581273943186 1.404628299176693 276.0552513375878 1.561089366674423 17.65672236680984 152.2928400635719 555.0226042568684 0 0 0.1722052842378616 214.6335564106703 134.1535758823156 325.0675349906087 89.68675775080919 3123.791033446789 1.95483985543251 0.9725683256983757 49.42653375118971 729.7501659914851 57.66544612497091 2.254423469305038 0.5765088871121407 0.8339377045631409 12.09783959388733 33.53327886760235 1.950588785111904 179.171625725925 2.822435058653355 68.34994412213564 24.80766934901476 289.9428123906255 13.02616277337074 0 3.474882319569588
59.84838033467531 1.996342450380325 215.7973080873489 3018.346544235945 25.78785783052444 8037.968640349805 8660.861762747169 1741.499032489955 763.7717383056879 27247.7795985043 60.2708158865571 3221.827463164926 14.41575353592634 532.9324555397034 17.43831611424685 5.14043016731739 16.07641019672155 10.51492916047573 7.883646383881569 3278.596412308514 37.66082260012627 16.92140688747168 88.68307076394558 987.2011941671371 1.683802358806133 63.26807413995266 16.11750210821629 5888.832205168903 158.741994343698 26.80313811451197 2.906142234802246 204.9718363881111 0.8333908766508102 285.785933829844 24.62681838870049 1016.75344696641 24.95651001483202 681.9401682168245 148.5546200796962 2259.730695985258 269.810302592814 4.58309568464756 48.07985688745975 0.4680917114019394 0 0 191.5410504639149 0.4897676557302475 15.52134571969509 347.6309315636754 16.42505203932524 145.477833032608 94.15636494010687 0 96.72137641906738 0 5.968134388327599 50.00677426159382 13.984030790627 0 0 0 96.18896583467722 3.478326864540577 2.895551070570946 2.58937069028616 487.6254322528839 0.3997063040733337 0.1882308721542358 4.40902204066515 236.9800461232662 15.53526073694229 0 0 0.7946640849113464 0.319615826010704 6.724750868976116 0.5822945237159729 36.95412784069777 0 8.628412857651711 2.875871032476425 287.7742475643754 2.640143930912018 1.282384634017944 2.166326195001602
42.5801750048995 223.3142721578479 15.58356858789921 0.9719675853848457 131.9859453290701 211.4109364971519 31.08317998051643 250.0356625542045 3.731285765767097 60.2708158865571 2356.731763355434 41.87129203975201 662.2791819497943 212.5967625752091 3.206749893724918 7.229426130652428 356.9424236640334 1534.207801863551 287.1865046694875 9.581174664199352 30.05189982801676 71.94105093181133 54.57259777188301 21.84234660118818 416.6600374206901 2427.536026217043 323.3450999855995 12.38878276199102 442.0733341500163 56.15916117280722 206.4602290466428 776.492568552494 63.92761363089085 4477.357816636562 0.1708128601312637 1383.801603719592 8703.064243383706 6411.925424680114 2395.035947240889 72.13891614973545 43.4750312268734 456.6029492616653 8.405562840402126 0 5.767943479120731 0 0.4090197831392288 0 0 1.66453355550766 0.398475706577301 0.276293158531189 0 109.5938332527876 0 1011.877829752862 0 0 0.3323720842599869 0 66.08766030520201 2.708203464746475 0.5559307336807251 0.1710675358772278 1.81629242002964 1.392403364181519 5.592399910092354 192.1632546856999 119.2713880985975 203.5960219427943 3.330505363643169 0.2943061366677284 0.2091254442930222 171.941819049418 0 0 1.440436184406281 0 10.291523873806 314.5145336166024 1.28708366304636 0.4264323264360428 0 0 96.07023388892412 8.463458299636841
0.4494023323059082 0 2.613996043801308 3231.006238609552 130.2489300593734 2065.04092605412 45.60519929975271 744.6953726783395 762.1186671704054 3221.827463164926 41.87129203975201 7119.421299375594 8.830298729240894 14.63097667694092 2113.777438446879 0.5236426591873169 0.7137677371501923 5.162520423531532 1.307569742202759 4349.481889277697 0.344532772898674 0.8819456398487091 0.1452585011720657 641.1603540182114 0.986868143081665 17.15586761385202 1.494341611862183 1595.563613072038 18.61221615970135 0.3525252714753151 1.305717594921589 173.4669192507863 0 145.2073583900928 0 1148.1428245157 3.782944463193417 169.0967959985137 21.47540704905987 2703.892491720617 87.67740775644779 3.439520597457886 12.55824360251427 0 0 0 136.1690083071589 1.05657497048378 12.21161846071482 155.188057616353 2.282339215278625 46.15793281793594 78.89189559966326 0 241.508993819356 0.2028360962867737 2.749937266111374 59.06725738942623 1.067165702581406 0 0 0 66.87487138807774 0 1.432776212692261 0 187.4831044226885 0 0 0 107.0327001512051 4.301022306084633 0 0 0 0.1216548159718513 4.80468875169754 0 61.38516187667847 0 3.650790840387344 0.1181777268648148 463.7947615087032 0.6637184619903564 5.399330496788025 0
3.670366324484348 597.0280847176909 254.329660795629 0.1885250806808472 17.6345005184412 35.20233315974474 8.9677599593997 10.11043789237738 5.451471321284771 14.41575353592634 662.2791819497943 8.830298729240894 1100.362780474126 9.736390002071857 5.50953783094883 35.60338013619184 86.87900385260582 30.08897812664509 32.08721853047609 4.631734639406204 17.61353885382414 282.0998925715685 63.20467628538609 43.67542289197445 3140.48599511385 327.7128474861383 3848.140088580549 8.101148992776871 25.06710736453533 9.922456122934818 158.8973885253072 38.70862431079149 5.626463606953621 384.0411253347993 3.875228017568588 6737.840507306159 12158.76443740726 6442.996580138803 962.5202982053161 241.9740172252059 81.10665870457888 1715.929271787405 27.37722544372082 0 21.45778625458479 0.2313561290502548 0 0 0 0.6075754910707474 0.1121388375759125 1.220918029546738 0 329.8181568086147 0 3189.265209332108 0 1.422672271728516 20.28790262341499 0.1256478726863861 243.408390417695 7.39868638664484 0 0 7.669073149561882 36.68780463933945 2.136816926300526 1106.931842945516 527.2219211831689 1021.41167216748 0 0.09032029658555984 0 662.9210748672485 0 0 43.23500593751669 0.8714504241943359 350.7330136448145 966.1069925501943 34.03398480266333 5.143364258110523 36.5308726131916 0 255.43601282686 8.077277719974518
3177.82780444622 0.108397588133812 326.5769262835383 2.212048269808292 59.19832049310207 491.7822901085019 4732.660040162504 8743.824418500066 17.77908618748188 532.9324555397034 212.5967625752091 14.63097667694092 9.736390002071857 3805.362128131092 0.2966648414731026 0.171299159526825 191.7044545039535 58.68876244872808 214.5083736553788 9.073723681271076 34.10819739848375 0.3812446221709251 126.0261658281088 145.358336172998 0 285.0336039438844 43.99342541396618 149.7980572655797 2293.906173236668 1639.228615291417 6.039402477443218 914.0220205411315 17.78712238371372 817.5486531108618 0.5917132496833801 80.99656274914742 52.40755106508732 397.7604089379311 55.64493909478188 137.4158077761531 92.4340882897377 2.857273891568184 1.147425219416618 0.3138862326741219 0.8967165499925613 0.5279897451400757 0 0 0 3.49807733297348 0 5.3472760617733 0 0 0 0.1026699617505074 0.1206380724906921 1.370067358016968 4.6915552765131 0 0 0.1049525439739227 0.6673921644687653 0.5026130229234695 0.3792288899421692 0 36.38018400222063 0 0.7915206700563431 2.220317989587784 10.54401077330112 2.778748288750648 0 0 0 1.639011964201927 1.00194688141346 0 10.46204373240471 0 0.9251401424407959 1.54995521903038 5.559937760233879 0.2771980166435242 0 0.4632682800292969
0 0 0 62.50857861340046 1077.920442134142 1212.437375687063 9.492791384458542 85.89816576987505 414.6951143890619 17.43831611424685 3.206749893724918 2113.777438446879 5.50953783094883 0.2966648414731026 363.3016489744186 0 0 0.7666081562638283 0.0978812500834465 169.4218921661377 0 8.582262143492699 0 292.2134463787079 3.027322709560394 1.203276850283146 0.1955579444766045 45.19080382585526 1.304040014743805 0.5919266045093536 0 292.3219740614295 0 12.6304559931159 0 980.1288443058729 0.2519667148590088 6.638132661581039 1.523808196187019 1332.852476283908 8.800252638757229 0 1.42999255657196 0.3116545081138611 0 0 13.59916336834431 0 1.901167452335358 28.81393668055534 0.3377764523029327 24.68911755084991 11.46686485409737 0 21.9484030008316 0 0.5024304389953613 8.82302437722683 2.667610436677933 0 0 0 10.81577363610268 0.3158973753452301 1.309051543474197 0.4891031384468079 38.35542738437653 0 0 0.2413091659545898 14.64839065074921 1.315560609102249 0 0 0 0 4.218564569950104 0 32.11352270841599 0 0 0 135.1990445554256 0 5.743249177932739 0
0.1864665299654007 178.6752538755536 1.902498230338097 0.2069043666124344 0 1.921954959630966 36.07707895338535 0.2666992694139481 4.101205408573151 5.14043016731739 7.229426130652428 0.5236426591873169 35.60338013619184 0.171299159526825 0 1039.804966881871 0.2915824353694916 0.492247998714447 0.9377518594264984 1.06710159778595 2042.663885682821 3238.65135641396 1535.743713006377 1913.601198717952 126.4777467772365 18.86402094364166 3298.298193015158 1770.457487329841 1.837836250662804 32.33350507169962 1.55170302093029 0 0.5498612523078918 11.24160696566105 7.850044742226601 1454.364915691316 475.5272189676762 217.2726726531982 496.7130165398121 29.54198162257671 1.117777481675148 2.265426233410835 9.324708208441734 0.1235714554786682 16.22106036543846 67.41946253180504 0 0 0 0.37822026014328 0 16.25343127548695 0 1.150955095887184 0 3.425552569329739 0 0 2964.642242908478 1.928668439388275 0.3888543695211411 0.5697863847017288 0 277.9841814339161 1609.138902187347 2677.176024146378 330.9186721146107 1.985763132572174 3.710689306259155 1175.020399659872 60.66419094055891 1.734915651381016 4.643670707941055 0 0 2.30094338208437 15.4834670946002 4.32374170422554 244.7815086841583 37.15876366198063 132.668396756053 89.6952525600791 7.87233579158783 0.9885751903057098 0 2.480459302663803
158.6838216781616 73.48732906579971 5000.511848337948 0.1238251626491547 2.939276605844498 70.73229717463255 171.6650362983346 472.1561157107353 0.2884076833724976 16.07641019672155 356.9424236640334 0.7137677371501923 86.87900385260582 191.7044545039535 0 0.2915824353694916 677.0965697318316 220.2445768862963 4744.742656521499 0.1133455112576485 217.5580479577184 4.812817633152008 7059.239313066006 2.071395814418793 9.71389439702034 3852.029065102339 4643.33050698787 28.8889886289835 221.7061853930354 602.3059046119452 0.6326019093394279 26.88403571397066 24.8486882224679 1951.475083269179 4.777706623077393 171.9771203324199 1117.920253872871 1241.781491421163 119.5541707798839 15.74965207278728 5.602109737694263 98.10042209178209 0.1506772637367249 0 105.5821787491441 24.43474651873112 0 0 0 0 0.2597280740737915 0 0 1.58580881357193 0 3.62336066365242 0 0 0.9089203327894211 2.550999075174332 0.7720091044902802 11.51662538945675 0 0 0.3350953012704849 2.425936281681061 0.9861917942762375 3.158959776163101 227.4217501059175 479.6864434033632 0.1030550599098206 0 0 2.070582486689091 0 0 1.465703010559082 0 0.6053377389907837 32.82108381390572 3.665968798100948 0.2218113765120506 0.4251861572265625 0 0 0
28.50160668045282 0.8268677070736885 50.77819457650185 0.1209439784288406 7.852764695882797 28.40755927562714 12.63386069238186 102.7456809580326 0.5265663489699364 10.51492916047573 1534.207801863551 5.162520423531532 30.08897812664509 58.68876244872808 0.7666081562638283 0.492247998714447 220.2445768862963 202.3332004249096 599.6844093725085 1.48054950684309 10.86138335615396 0.08393263071775436 157.3185524493456 1.172808684408665 0.1098598763346672 2952.047153741121 49.09425614029169 2.596710421144962 96.38026311993599 25.12244934588671 64.63510730117559 83.47435856610537 8.966211579740047 1014.032043002546 0.3419800102710724 412.2199786007404 1479.573959209025 2216.622203573585 286.2024899572134 10.34896090626717 4.368853360414505 6.656134769320488 1.968990206718445 0 1.401053033769131 0 0.2801622748374939 0 0 0 0 0.2090908885002136 0 2.572136893868446 0.1885673180222511 23.81308194994926 0 0 0 0 11.326395586133 0.8779442757368088 0 0 0 0 1.396281220018864 4.633237466216087 69.91672466695309 77.04829582571983 0.4665445908904076 0 0 21.37336706370115 0 0 0 0 0.6985668838024139 3.543794348835945 0.8730340749025345 0.2564158141613007 0 0 0 0
165.0944637730718 30.46514414995909 343.6454856693745 0.1246482953429222 3.782233268022537 54.83861496299505 61.66868803650141 556.3925727456808 0.4836422130465508 7.883646383881569 287.1865046694875 1.307569742202759 32.08721853047609 214.5083736553788 0.0978812500834465 0.9377518594264984 4744.742656521499 599.6844093725085 1159.29865898937 0.3094489276409149 65.04615491628647 2.096358202397823 1130.774067789316 1.38842698186636 1.272061504423618 922.6705411486328 545.2535733655095 8.757672235369682 273.7694386094809 170.593450859189 0.7045091837644577 69.09537835419178 20.38361834734678 2378.164744339883 1.625640071928501 611.2391708940268 889.9102985337377 1883.360018752515 228.6211088821292 21.20655100792646 10.56095689535141 9.946588255465031 1.031882241368294 0 35.90647756308317 4.016839206218719 0 0 0 0.0976109579205513 0 0.7158358097076416 0 0.1505720019340515 0 6.261801317334175 0 0 0.1954983323812485 0.2108885645866394 0.9618785679340363 7.523946315050125 0 0.1974405869841576 0.2025918364524841 0.5808608531951904 2.205650560557842 4.595928400754929 162.0556109249592 193.4250987917185 0.5650257617235184 0 0 3.883566327393055 0 0 0.7392948269844055 0 0.9502649456262589 7.690668851137161 1.101829037070274 1.838212549686432 0.3017286062240601 0 0 0
0.7253855466842651 0.08127254992723465 7.348952054977417 4624.600527763367 8.352052964270115 283.573949739337 88.39984096586704 107.2077854350209 1304.703925408423 3278.596412308514 9.581174664199352 4349.481889277697 4.631734639406204 9.073723681271076 169.4218921661377 1.06710159778595 0.1133455112576485 1.48054950684309 0.3094489276409149 743.1644565910101 1.946157470345497 0.7998860776424408 2.100965365767479 863.862663730979 0.226752296090126 5.300793029367924 0.5323601439595222 1456.42843015492 14.46389505267143 0 0.8476116433739662 31.51849093288183 0 37.99516613781452 5.697658777236938 384.4315717667341 1.848137885332108 87.4914538860321 18.61208175122738 861.0157700628042 33.17399070411921 0.5334911942481995 6.581084802746773 0.9672026112675667 0 0 114.462494790554 0.4642248302698135 8.735525280237198 206.8335542455316 7.840108081698418 82.78538995981216 79.91250294446945 0 196.5041633695364 0 5.411416500806808 38.79808084666729 0.6706177890300751 0 0 0 83.19934114813805 0.1373440772294998 0.5356718301773071 0.2703143954277039 241.3178940936923 0 0 0.1340386867523193 144.4447374045849 9.067893050611019 0 0 0 0.1741575598716736 1.8148123472929 0 36.61412330716848 0 1.742111220955849 0.2657376155257225 310.5947099477053 1.043569892644882 0.6156450212001801 1.241714656352997
25.92195851355791 2.759931325912476 581.5689543709159 1.605812385678291 0 30.81638471037149 571.714265473187 74.27025404572487 1.144578471779823 37.66082260012627 30.05189982801676 0.344532772898674 17.61353885382414 34.10819739848375 0 2042.663885682821 217.5580479577184 10.86138335615396 65.04615491628647 1.946157470345497 7963.727028481662 126.9854459241033 16581.77436743677 108.1962753087282 2.500564947724342 73.89620345085859 626.3963649198413 4359.312428385019 142.7148342654109 9661.630173996091 1.174467779695988 3.179384000599384 28.29207089543343 1685.161676734686 100.5708814561367 7995.705451145768 628.3379064276814 6187.139931112528 5626.392342038453 340.8522109389305 15.3999307975173 0.7848485708236694 98.96465215086937 0.1484641581773758 0.1437409073114395 5.922238349914551 0.1084719970822334 0 0 0.1398007124662399 0.1686161756515503 2.072983309626579 0 0.4432744085788727 0.1744192391633987 0 0 0 545.2782732993364 0.697462797164917 0.2753581404685974 0.6390570402145386 0 189.3362395614386 173.908217638731 160.7786223888397 251.3263959661126 0.1326202303171158 1.320884309709072 14.94216360151768 58.44663487374783 3.663359001278877 3.03334553539753 0.1188033074140549 0 3.428518995642662 13.68729993700981 2.802539840340614 98.82552161812782 4.073357418179512 51.2028127014637 23.27533558011055 0.7543200254440308 0.8135937750339508 0 1.600207895040512
0.4805455505847931 2369.846570327878 7.003713384270668 6.673954203724861 0 5.957080081105232 85.46057415008545 0.2589165866374969 1361.991256095469 16.92140688747168 71.94105093181133 0.8819456398487091 282.0998925715685 0.3812446221709251 8.582262143492699 3238.65135641396 4.812817633152008 0.08393263071775436 2.096358202397823 0.7998860776424408 126.9854459241033 2016.717010781169 203.8428745120764 8848.75621367991 1315.579321980476 132.9118209853768 3332.16293258965 528.619297079742 0.6776485070586205 12.48592986166477 17.19616980850697 0.2583614587783813 0 3.623773567378521 0.2065804302692413 22.82615485042334 33.19346299767494 11.99023976922035 3.360377103090286 5.914747416973114 0 14.32261127233505 0.1904651075601578 0 192.6274913102388 141.9226028844714 0.4581646919250488 0 0 2.343484371900558 0.1714350283145905 35.86779937893152 0 4.728052534162998 0 46.49727976322174 0.5961866229772568 0 1459.345979422331 3.900342971086502 0.1263724714517593 2.76309784501791 4.737773522734642 98.40811687707901 536.4502331167459 925.483200237155 254.58198248595 469.6494733691216 52.9764191582799 1872.925275281072 42.29540620744228 2.269977934658527 1.926723688840866 2.882744386792183 0 0.5309227257966995 7.989776596426964 2.249281644821167 84.00867499411106 24.95908936858177 38.1834744811058 28.33379299938679 1.350505083799362 3.745036408305168 5.44584695994854 0.8520771563053131
43.42494589090347 7.347010657191277 12558.29839771241 2.182285770773888 0.5551872998476028 117.9120815247297 1088.099040359259 304.8614529818296 1.486551284790039 88.68307076394558 54.57259777188301 0.1452585011720657 63.20467628538609 126.0261658281088 0 1535.743713006377 7059.239313066006 157.3185524493456 1130.774067789316 2.100965365767479 16581.77436743677 203.8428745120764 7661.148800417781 258.6893356218934 7.839286424219608 3527.395522706211 3125.893869377673 5496.575366191566 68.47531413286924 5104.337457701564 2.801423788070679 5.404952757060528 3.575435847043991 1946.680273041129 84.55960197746754 11979.31871052831 8121.524422444403 8037.648071177304 8543.330650396645 868.7780550792813 31.22271449863911 6.65878714621067 142.4910648539662 0 2.783215999603271 52.55331033468246 0 0 0 1.495535403490067 0.2595455050468445 4.797967821359634 0 0.1170685663819313 0 0 0 0.7783703804016113 872.0006818845868 0.4242983758449554 0 0 0 46.50899667292833 377.7382427155972 909.0337375998497 76.78494873642921 0 11.8948380947113 572.534146130085 20.45784255862236 2.341059155762196 1.419918537139893 0.2034171223640442 0 0.2065260857343674 2.922588676214218 3.127608597278595 56.32195993512869 13.10811877250671 26.34088669717312 29.59823954105377 2.068646669387817 0.5720292925834656 0 0
156.446006000042 425.9774819687009 2.124840922653675 2640.103115938604 4.956990793347359 196.0330323129892 2573.868262141943 180.7627024576068 11072.43830399215 987.2011941671371 21.84234660118818 641.1603540182114 43.67542289197445 145.358336172998 292.2134463787079 1913.601198717952 2.071395814418793 1.172808684408665 1.38842698186636 863.862663730979 108.1962753087282 8848.75621367991 258.6893356218934 7490.682539269328 216.4958739429712 21.49287179857492 1057.984495908022 6965.155921533704 122.1970047056675 218.875760383904 3.452337190508842 26.47551319748163 8.429782778024673 56.55783347785473 34.43385830521584 1329.637342341244 25.00283831357956 284.6302059069276 230.1566415578127 535.1733507737517 71.7600521966815 4.822828151285648 20.00726298987865 22.07238532602787 14.56419923901558 39.17508171498775 132.6766654700041 0.5495556592941284 34.00201355665922 814.0959815308452 80.67534380406141 1347.884290330112 115.3649918213487 3.375026188790798 157.2104052975774 8.690777093172073 59.43016085773706 55.52336387336254 1502.273110814393 0.359090119600296 0.7955489456653595 0.6308791190385818 121.6750851273537 461.8576946854591 624.746675491333 476.9338158369064 4784.805406153202 11.33224093914032 5.235308699309826 241.1099674701691 1717.591475144029 191.555901914835 6.712324194610119 1.143917329609394 3.212106615304947 43.08268481492996 130.362915918231 10.95972383022308 631.1235111653805 7.31711558252573 296.1488106697798 96.551214158535 456.5725717395544 40.39308828115463 0.2808506190776825 8.596024051308632
0.09021598845720291 2735.891663685441 2.375885590910912 0.525644838809967 0 0.3294713869690895 2.816883929073811 0.2003771662712097 21.71321477741003 1.683802358806133 416.6600374206901 0.986868143081665 3140.48599511385 0 3.027322709560394 126.4777467772365 9.71389439702034 0.1098598763346672 1.272061504423618 0.226752296090126 2.500564947724342 1315.579321980476 7.839286424219608 216.4958739429712 285.0601815283298 178.6243378296494 2985.884873233736 18.06209398806095 0.3516369089484215 0.972542017698288 198.2922309786081 0.4287866950035095 0.09911676496267319 168.8304969444871 0 460.550258256495 998.71244943887 528.47419334203 358.273696526885 86.6129388064146 15.34162300825119 442.1254499256611 16.70614576339722 0 21.47320319712162 7.06001603603363 0 0 0 0 0 0.1639038175344467 0 163.3198411241174 0 1971.077406160533 0 0 16.28851728141308 0 43.95445229113102 2.715189546346664 0.2077240496873856 0 8.017259046435356 54.5129451751709 0.7470963895320892 233.4095726758242 217.0610462650657 650.9718257337809 0.3209554105997086 0.243080660700798 0 155.6951541900635 0 0 12.5418173968792 0 227.3534826561809 249.5762564837933 11.41954303532839 7.155253387987614 64.06568817794323 0 128.6637729406357 2.185711622238159
131.3375287279487 365.5939455851912 9075.221795447171 0.8627165779471397 15.8893913552165 200.8294069096446 308.938834041357 692.2626634836197 2.932475969195366 63.26807413995266 2427.536026217043 17.15586761385202 327.7128474861383 285.0336039438844 1.203276850283146 18.86402094364166 3852.029065102339 2952.047153741121 922.6705411486328 5.300793029367924 73.89620345085859 132.9118209853768 3527.395522706211 21.49287179857492 178.6243378296494 18881.052892223 8736.438734225929 63.5431919246912 312.5016757771373 193.0663148760796 186.4569331109524 226.5997666865587 35.61084380745888 2078.404719725251 3.754857257008553 2066.351874217391 6821.279963523149 6481.936601705849 1195.108314350247 46.22530078142881 18.01384103298187 250.7293843105435 10.04617132991552 0.2367599904537201 566.2680936604738 91.60962902009487 0 0 0 0.3024713099002838 0.5907750427722931 3.392724864184856 0 36.96302476525307 0 496.9247874170542 0.3094427958130836 0 1.080479852855206 44.6203635558486 160.272052437067 206.3599712103605 0 0.6424613669514656 18.97040306776762 14.36794885247946 8.023669220507145 404.4565002471209 3491.92898324132 5944.722063861787 2.894738845527172 0.5113112404942513 0 298.4682118818164 0 0 13.58929763734341 0.4569978937506676 27.30824559926987 143.8118570372462 44.27240864187479 13.4811033308506 0 0.1049116998910904 10.84227786958218 1.44526045024395
20.80913358181715 7574.230155169964 3296.933919541538 1.932377822697163 1.956519320607185 37.6219941675663 149.3866393119097 127.5433082357049 11.60747729241848 16.11750210821629 323.3450999855995 1.494341611862183 3848.140088580549 43.99342541396618 0.1955579444766045 3298.298193015158 4643.33050698787 49.09425614029169 545.2535733655095 0.5323601439595222 626.3963649198413 3332.16293258965 3125.893869377673 1057.984495908022 2985.884873233736 8736.438734225929 28235.32490635663 1713.06551028043 66.59932982176542 33.4407524690032 1301.603315189481 31.28923083841801 5.762686245143414 1417.369276203215 8.289214894175529 5156.303521879017 8214.913009881973 6075.753644809127 2384.229217402637 205.8623827472329 24.35035768896341 95.54277215898037 40.59077106416225 0.7887977361679077 2673.160699985921 1860.963541872799 0 0 0 0.6619770899415016 0.7090955600142479 15.79306847602129 0.2050164639949799 41.83249635994434 0 563.1431772112846 1.285402558743954 0 679.6308148354292 61.58890242874622 144.267177157104 73.07287576049566 0.1156459897756577 18.90261957794428 1150.914006330073 2270.300624385476 51.33858392387629 902.9385471940041 2861.406713478267 16639.50046411157 21.92506904155016 0.9939051270484924 1.092729955911636 352.5225485339761 0 0.2558726519346237 23.20267827063799 1.672706663608551 67.2231450304389 674.3836779668927 98.86823657900095 19.88683228939772 0 0.1791403591632843 4.705195121467113 1.779313981533051
147.2645418643951 27.16235125809908 705.3412294760346 1540.439731061459 4.727178975939751 516.7497526928782 19291.36175249517 362.2527945041656 1976.306829333305 5888.832205168903 12.38878276199102 1595.563613072038 8.101148992776871 149.7980572655797 45.19080382585526 1770.457487329841 28.8889886289835 2.596710421144962 8.757672235369682 1456.42843015492 4359.312428385019 528.619297079742 5496.575366191566 6965.155921533704 18.06209398806095 63.5431919246912 1713.06551028043 11320.21168159693 233.195140838623 8059.434882454574 0.6920477598905563 30.532291226089 82.7588844448328 461.2768638283014 102.5870024263859 4678.717027045786 104.4841277599335 1514.648287683725 1170.35617351532 657.1486684381962 82.6939552128315 1.274006403982639 42.89039534330368 13.13624683022499 1.799840174615383 12.71930392086506 127.1254348382354 0.6149483472108841 23.5959884673357 771.9309851229191 66.59175159037113 484.7996159046888 118.8503544554114 0.7763830870389938 102.1550976634026 0.391034409403801 48.31743879616261 59.39618736505508 572.3156037926674 0.4493544846773148 0.1715574115514755 1.22447694838047 90.92325374484062 219.7025983035564 162.1936636045575 102.5890048295259 3461.783916503191 0.8635308146476746 0.6377107948064804 83.96334708482027 1347.06554672122 150.4194823689759 3.170220673084259 0.1384685188531876 1.565561950206757 41.65870764106512 102.8864671140909 9.681109100580215 580.8242389336228 1.135004222393036 196.6830851361156 61.96179186552763 527.414186924696 41.05844173580408 1.491392076015472 7.337121166288853
3203.632464423776 0.6586392968893051 69.51548828184605 4.206457696855068 95.90232499688864 407.4387004002929 761.193355537951 1426.536643952131 37.57087323069572 158.741994343698 442.0733341500163 18.61221615970135 25.06710736453533 2293.906173236668 1.304040014743805 1.837836250662804 221.7061853930354 96.38026311993599 273.7694386094809 14.46389505267143 142.7148342654109 0.6776485070586205 68.47531413286924 122.1970047056675 0.3516369089484215 312.5016757771373 66.59932982176542 233.195140838623 15177.52770104259 5171.393302090466 13.14928767830133 3231.413819663227 1301.26279027015 4538.286892093718 12.48765549063683 640.5471469685435 53.14725539833307 4078.173183605075 709.9745710119605 339.2903643846512 339.7863495722413 5.54721811413765 9.820325493812561 0 0.6738570407032967 0 0.2517410218715668 0 0 6.325760714709759 0.4859373718500137 7.038630500435829 0.3480321764945984 0 0.5567662119865417 0.2748266309499741 1.231130070984364 0.3144143372774124 17.78480146825314 0.1417297422885895 0 0 0.1725790947675705 8.460888676345348 6.044943988323212 0.8586419671773911 66.08760683983564 0.3238207921385765 2.890437543392181 2.270717598497868 30.1835546195507 2.253434516489506 0 0 0 0.4396606087684631 2.688646532595158 0 11.57665231823921 0 3.223689809441566 0.5016204118728638 8.393959313631058 0.6853770464658737 0 0.8207453489303589
2324.232862487435 0.2736460417509079 1174.174593649805 0 12.01957787573338 84.23963318765163 5704.966892063618 1835.582740306854 39.99110957980156 26.80313811451197 56.15916117280722 0.3525252714753151 9.922456122934818 1639.228615291417 0.5919266045093536 32.33350507169962 602.3059046119452 25.12244934588671 170.593450859189 0 9661.630173996091 12.48592986166477 5104.337457701564 218.875760383904 0.972542017698288 193.0663148760796 33.4407524690032 8059.434882454574 5171.393302090466 8779.070984445512 2.433912470936775 124.3469121307135 839.7454923391342 1024.648291781545 144.5384773463011 8223.615369774401 180.7751308977604 3629.07392860204 2484.740312479436 562.312174513936 134.3517374321818 1.6791847422719 73.0163629502058 1.009508445858955 0 0 1.082133769989014 0 0.1569234579801559 4.835203595459461 0.3101663514971733 44.22927571833134 0.246215745806694 0 0 0 1.554321736097336 0 162.215994939208 0 0 0 0.2763039469718933 52.1933468952775 27.01653046905994 8.612705461680889 320.6004451438785 0 1.030455008149147 7.5918859988451 149.3409177586436 13.30754283815622 0.6497540324926376 0 0 4.168881088495255 16.47595936059952 1.357207074761391 73.79125340282917 0.3099561929702759 27.72578720748425 8.676485046744347 21.10952261090279 2.618143662810326 0 0.9466933310031891
