790.2344327196479 0.1013757511973381 41.87846525013447 2.445389494299889 0 15.83186318725348 1771.506160859019 597.0786321945488 5.085400566458702 21.32082390785217 12.72838319838047 0.9049969613552094 0.9265626221895218 5353.293380796909 0 1.886895462870598 623.9332259744406 15.63625751435757 189.3371115401387 2.395728945732117 100.148930542171 0.1080448403954506 72.60413920879364 19.89272504299879 0 249.689501196146 6.396883554756641 37.26008012145758 3787.289347760379 4601.040664762259 0.2161799818277359 14.83160153031349 28.9376562461257 219.7357133701444 3.424572370946407 18.57839354872704 7.756375454366207 133.6939188018441 16.61240612715483 3.563016600906849 5.698836177587509 0.4573268592357635 0.2835004702210426 0.3466187715530396 0 0 0.6873251050710678 0 0 0.9287820756435394 0 0.1155124455690384 0.2444565445184708 0 0.3030390441417694 0 0.09099552780389786 0 0.09652771800756454 0 0 0.1629174873232841 0.1687711626291275 0.8480058163404465 0 1.632915794849396 1.052215382456779 0 1.125029169023037 0.7309969589114189 1.641978152096272 0.2881666868925095 0.3993093520402908 0 0 0 0.09299774467945099 0 0.5118427947163582 0 0 0 0 0 0 0
0.1013757511973381 306.9411638751626 15.50267389416695 1.550611332058907 0.8001541197299957 2.705223418772221 66.3745246604085 1.239638209342957 618.2101889029145 1.660539656877518 8.565419092774391 0.2880683839321136 887.800009354949 0 4.211362928152084 785.5631763637066 14.92167477309704 5.616126351058483 17.34643460810184 0 11.99413257092237 3174.456606984138 84.13914628326893 449.2949096336961 1489.414768159389 415.2889829948545 14599.51429466158 42.97981604188681 0.471227191388607 0.6893550157546997 38.64081285148859 0.1058619618415833 0.1821387410163879 6.352841481566429 0 19.05372167378664 50.35014384239912 29.64791629463434 10.23643957823515 18.92550674825907 0 162.8946323096752 0.1351108551025391 0 36.26056359708309 9.273611515760422 0.1055188998579979 0 0.2906562760472298 4.36246233433485 0.1958954632282257 4.072562254965305 0.2602352201938629 2.848724268376827 0 16.78054282069206 0.4674098417162895 0 5.98459954559803 0.8546872809529305 1.873568244278431 14.4618528932333 0.140956848859787 1.239002801477909 48.96318583935499 5.956135436892509 6.399986647069454 59.11581476032734 443.5963742807508 2434.190805837512 3.808050140738487 0.2883757427334785 0 1.355763413012028 0 0 2.454260773956776 0.4178623110055923 7.793426916003227 15.69992232322693 7.069894894957542 1.543489672243595 0 0 4.186251506209373 0
41.87846525013447 15.50267389416695 3448.706326194108 4.355896137654781 0 87.82510673999786 868.7952478826046 128.2279423102736 0.4774021580815315 46.68514753133059 15.24581810086966 0 19.55334059894085 262.1034056991339 0 77.06977383047342 7168.181922212243 12.81936217099428 191.4849062934518 0.1030001044273376 1151.822438664734 32.87696877121925 6436.989962808788 29.09421790391207 3.954552941024303 6785.532726936042 4703.434215322137 1111.595666989684 9.455229364335537 692.7297707349062 1.118551447987556 2.122354730963707 4.041026510298252 1440.265563845634 179.6514177471399 5231.678846865892 4809.245311692357 6569.819587998092 5444.524020381272 178.6440205425024 26.93705988675356 12.21683364361525 66.7518123537302 0 16.45139293372631 146.2340549379587 0.1305792778730392 0 0.5161505192518234 9.232774637639523 0.3996571376919746 0 1.844825476408005 0.668331116437912 0 0 0 0 21.24520882219076 4.522375285625458 0 1.470655396580696 0 2.042786546051502 123.3759797587991 10.44190808385611 3.941001437604427 0 139.6958011612296 2065.052348867059 4.780363671481609 0.2444681003689766 2.234284624457359 0 0 0.15001280605793 0.3094828128814697 35.97689554840326 39.49238915741444 12.36082258820534 9.089258410036564 1.929328352212906 0 0 1.876393914222717 0
2.445389494299889 1.550611332058907 4.355896137654781 4022.495788365602 2.543367438018322 92.28055089712143 598.6027936711907 36.55719020590186 1171.841549709439 2318.871558152139 1.78500659763813 2680.516401812434 3.297337800264359 50.39005543291569 115.7652162387967 0.1632232964038849 3.441791407763958 0.9109848365187645 1.64870136231184 5798.61714373529 0.1956369131803513 0.7801121324300766 0.533660002052784 2271.791106566787 0 23.74968132376671 1.593649186193943 2272.087606944144 65.76020290330052 0.9474517703056335 0 7.002501755952835 2.49065600335598 23.7949877306819 15.81197523325682 258.682685546577 4.554576061666012 147.1107973083854 71.5374518185854 541.2713374644518 21.42703244835138 3.626161903142929 3.932858638465405 3.537910878658295 0.1338245719671249 0.2506715059280396 407.0385116115212 0 24.28924350440502 133.9943226799369 8.38800210505724 139.2384382784367 246.9942864328623 0.5205000564455986 131.2923294827342 0 9.625664748251438 2.211054861545563 1.9297706335783 0 0 0 334.3054797872901 1.966278687119484 0.1650638729333878 4.281550027430058 377.8352354764938 0 0.5380314588546753 1.258772574365139 177.7819958403707 6.399411886930466 5.663617417216301 0 1.268486872315407 1.040260292589664 3.450096666812897 1.192535936832428 363.168227262795 0.2648047357797623 22.10788602381945 9.271938771009445 432.5512045249343 11.59240844100714 1.167502284049988 1.260580748319626
0 0.8001541197299957 0 2.543367438018322 4.026765584945679 198.3335399851203 1.010912887752056 39.82021557539701 31.85755056142807 5.933736391365528 63.60362982749939 44.6518639177084 4.645411744713783 6.147905603051186 313.8394969776273 0 1.295064263045788 11.22958464175463 8.326168522238731 2.806248888373375 0 0.4126664251089096 0 17.35130590200424 0 6.583541482686996 0.259565532207489 1.811867542564869 41.82318876683712 0 0.2837736830115318 45.1108708307147 0 501.5833906754851 1.057463049888611 16.88836563378572 4.423739567399025 253.963416159153 17.39924667775631 1486.961922384799 258.1149130538106 0 0 0 0 0 0.3964537978172302 0 0 0.6820423305034637 0 0 0 0 0 0 0 0 0 0 0 0 0.5336042642593384 0 0 0 0.7046743929386139 0 0 0 0.2736251205205917 0 0 0 0 0 0 0 1.399843364953995 0 0 0 0 0 0 0
15.83186318725348 2.705223418772221 87.82510673999786 92.28055089712143 198.3335399851203 14572.91413548216 3114.404725760221 7368.572158697993 22.46734646707773 11325.73826977238 143.6056669950485 4832.00956356898 23.30955701321363 487.6454235501587 1516.058997243643 1.063750877976418 176.9184272140265 64.80607383325696 168.9772258885205 535.5013062693179 4.152557067573071 1.307638928294182 12.15665372461081 48.63382988423109 0.889481395483017 627.1459670178592 26.51272888481617 388.3704036325216 225.1518176943064 276.0679912567139 0.6749415472149849 1013.774875227362 2.544123828411102 653.3594962209463 7.297654680907726 177.8731220960617 20.52188598364592 968.1738880425692 141.5342224612832 1826.715356908739 1095.688168436289 3.040046811103821 2.913776956498623 0 0 0 5.35672865062952 0 0 19.05496647953987 0.8976206704974174 3.479766219854355 3.985498279333115 0 1.025320537388325 0 1.441695019602776 0 1.196383506059647 0 0 0.1640026420354843 7.312541387975216 1.36058209836483 1.547951370477676 1.514130175113678 16.59253641963005 0 1.571583956480026 3.73010628670454 18.50998891144991 2.271699979901314 3.245251402258873 0 0 0.615454375743866 0.4902164340019226 0 15.36396262794733 0.2357715293765068 2.284540005028248 1.070555910468102 8.944844581186771 1.943932890892029 0 0
1771.506160859019 66.3745246604085 868.7952478826046 598.6027936711907 1.010912887752056 3114.404725760221 13911.78279907256 1913.229623798281 186.470812164247 9703.866294845939 16.79151149094105 40.67117631435394 8.391571737825871 5786.292580205947 20.49375438690186 19.52977225929499 313.2107982002199 15.10789729654789 76.44921186938882 204.7084261551499 153.7769544944167 17.55905795097351 102.9367442503572 1889.982588216662 0.8879446536302567 1859.803256683052 697.9839024469256 15705.55275546014 1193.970516547561 2367.797145113349 1.14597162604332 45.31381376832724 101.0225937664509 416.7987864017487 187.7543561384082 2081.58522579819 98.230119779706 1778.622907139361 897.5144227594137 606.4455324113369 214.6836033910513 3.148014962673187 34.09447253495455 10.85218775272369 1.650830239057541 2.451175913214684 72.77594003081322 0 4.008741326630116 252.8572556078434 17.58432687073946 63.31055311858654 74.11042982339859 0 6.093793451786041 0 22.3248507976532 2.477811172604561 15.42021204531193 0.3066236674785614 0 0.7518299371004105 81.77736970037222 30.45153441280127 16.63135255128145 19.56397981196642 216.2284381985664 0 10.12562526017427 44.50499580800533 228.3459049612284 24.58492402732372 20.8023734614253 0 0 5.252264082431793 4.899028033018112 9.195818051695824 119.8756857439876 2.971806228160858 55.86705084145069 14.67151018232107 64.57347393780947 12.66302249580622 0.1957546174526215 0.8197415620088577
597.0786321945488 1.239638209342957 128.2279423102736 36.55719020590186 39.82021557539701 7368.572158697993 1913.229623798281 14589.04844747484 19.724111109972 2812.687600724399 407.0279849544168 462.929300300777 29.12474098056555 8748.360354587436 200.8039840757847 6.547322072088718 1066.284559421241 240.3714245222509 701.6421731896698 181.9167672209442 88.3730930313468 0.601709708571434 59.12881495058537 110.9897211566567 0.9654769003391266 1311.234570026398 51.58921340852976 151.1436125598848 1107.276482507586 1466.750888124108 2.156153298914433 2286.009896110743 1.681241951882839 999.113804616034 5.659637838602066 208.5696994662285 46.45528312399983 1304.820982970297 119.9407572224736 331.7111241742969 377.492827475071 2.524476885795593 2.555797897279263 0.7123457044363022 0.1357714682817459 0 5.219045117497444 0 0.3930903226137161 30.09684723615646 0.7814101278781891 2.848183408379555 2.826823242008686 0.09624963253736496 0 0.1084914579987526 2.308242671191692 0 1.657845988869667 0 0 0.2603114247322083 5.523766197264194 4.468650996685028 0.8909893035888672 1.761738285422325 18.54217459261417 0 4.663415364921093 5.744489952921867 24.72679620236158 2.380087494850159 1.898762330412865 0 0 0.4418425634503365 0.9023255333304405 0.333818644285202 13.91043585538864 1.038304083049297 3.103410325944424 0.6402440667152405 1.945226281881332 1.065136164426804 0 0
5.085400566458702 618.2101889029145 0.4774021580815315 1171.841549709439 31.85755056142807 22.46734646707773 186.470812164247 19.724111109972 793.4749443456531 222.6109342426062 1.71911133825779 121.141291461885 7.939975254237652 33.43582078069448 832.6888821125031 312.9290166646242 1.01887771487236 0.7467529699206352 1.234731197357178 396.4005469530821 25.18631494790316 2507.38895085454 47.8332421630621 7483.666180983186 40.20706829428673 7.775009140372276 352.4360312074423 1267.095944859087 82.65339212119579 9.479391127824783 0.5831418558955193 3.914964281022549 17.36134880781174 26.9808197543025 17.60261657088995 237.0542226582766 10.3007300272584 119.7839486673474 61.47730743139982 435.7349106743932 10.48727993667126 2.022914312779903 1.885005064308643 17.01414131373167 0.9828578010201454 0.9311788380146027 287.7558115944266 0.1875916123390198 24.17555145174265 304.3928143680096 23.54853101819754 162.8962085172534 127.0167510807514 0.09377578645944595 89.775165989995 0 44.49721489101648 11.98839277774096 66.41895481944084 0 0 0.2930207476019859 209.5438044816256 32.86050797253847 59.43691040575504 78.14458743482828 837.0741494223475 0 4.832696571946144 99.30209340900183 403.4854970574379 40.35150679200888 11.84067039191723 0 0.335996575653553 7.708255670964718 8.541601002216339 5.01508554071188 155.3531874865294 2.65855273604393 49.06434033066034 16.64900989085436 155.8184559345245 10.40853604674339 0 1.52698952704668
21.32082390785217 1.660539656877518 46.68514753133059 2318.871558152139 5.933736391365528 11325.73826977238 9703.866294845939 2812.687600724399 222.6109342426062 32030.08227140456 41.71248483657837 2964.880877889693 21.60879771411419 1297.220887824893 68.43576439470053 0.2482101321220398 26.45695146918297 23.32506536692381 30.9829732850194 5777.679685384035 0.8555798083543777 0.1793172508478165 3.133651785552502 202.6555576175451 0.7181941196322441 191.4074369035661 13.75176208466291 5435.506421342492 755.8557381555438 51.28334386646748 0.1994046419858932 126.6048080846667 6.282911866903305 298.4628965631127 99.77626145631075 935.9827094301581 23.0741528570652 1938.655937798321 594.812958881259 595.0660487562418 259.5945086702704 3.648757971823215 32.04349718242884 3.018829509615898 0 1.539105981588364 388.5168218165636 0 18.233812533319 205.9622577503324 14.02747736871243 76.42543486505747 221.0547014474869 0.8170877695083618 67.35428831726313 0 17.71322195976973 1.027954876422882 4.11171730607748 0 0 0 329.1989903971553 6.12282395362854 1.317727044224739 4.231430105865002 323.7665439918637 0 1.365969017148018 3.360812306404114 192.7366924807429 12.0494082197547 4.882536269724369 0 0.2584396600723267 1.406910821795464 5.16772024333477 2.318990759551525 178.5563297569752 1.313982345163822 38.90768688172102 11.64002095907927 195.6780006140471 6.672857835888863 0 1.107614934444427
12.72838319838047 8.565419092774391 15.24581810086966 1.78500659763813 63.60362982749939 143.6056669950485 16.79151149094105 407.0279849544168 1.71911133825779 41.71248483657837 12134.96581791341 21.80112810432911 1454.752638742328 168.072490952909 4.551500953733921 0.2290117889642715 276.7529489398003 4092.966975532472 1476.008899107575 10.25872538238764 4.08135113120079 0.633822113275528 16.95146830379963 3.68258061259985 172.624490223825 1683.003387182951 277.46653752774 7.939756348729134 531.5253707394004 8.886551342904568 328.1458505690098 373.032949462533 18.0433487445116 7102.67260864377 4.725516706705093 355.667217604816 3168.245646171272 4191.665595591068 684.6426646113396 30.80890072137117 161.1658287644386 710.5007797777653 2.102979600429535 0.2623283863067627 4.173843652009964 0 0.5350548028945923 0 0 2.538317248225212 0.08657950162887573 0.1236578822135925 0.06934145838022232 126.719224601984 0 412.1152764931321 0.6807490512728691 0 0.3320037126541138 0 0.8809286057949066 1.72456668317318 1.871766164898872 0.5311328023672104 1.202665872871876 0.4164468199014664 2.552302338182926 51.9592717140913 51.41881119459867 97.50203491002321 2.451469205319881 1.159621052443981 0 45.39078205823898 0 0 0.4643465280532837 4.549864441156387 13.74752727150917 147.9836923256516 9.008054837584496 0.4780331626534462 0 0.1136282831430435 158.6023243367672 0
0.9049969613552094 0.2880683839321136 0 2680.516401812434 44.6518639177084 4832.00956356898 40.67117631435394 462.929300300777 121.141291461885 2964.880877889693 21.80112810432911 9638.636916585267 7.949978157877922 128.186399936676 2275.984243929386 0 1.340764679014683 13.07280312478542 5.821818605065346 6376.084512770176 0 1.857515394687653 0 241.6776067689061 0.2502754926681519 6.375895753502846 0.8912105858325958 1230.562429778278 122.1850991025567 2.634401887655258 0.1380753219127655 124.4059710279107 0 73.33068757504225 1.358145318925381 399.2063205838203 3.782620139420033 439.4367164224386 22.84347818791866 2680.404803812504 81.98256377130747 11.76174490898848 0.8167402148246765 1.312936618924141 0.2574451267719269 0 134.850279211998 0 13.6756816059351 31.93735828995705 6.654774866998196 9.938831001520157 56.09854099154472 6.899704337120056 101.2656354382634 2.238800048828125 3.857978016138077 4.507711343467236 0.2718849778175354 0 0 0 91.94049280136824 1.806405112147331 0.9244430661201477 1.274743616580963 60.25891594588757 0 0 0.824982762336731 37.0579017996788 2.557757243514061 2.047400325536728 0 0 0.8986385464668274 0.5061818957328796 0.1774490177631378 229.5762084424496 0 4.523972138762474 4.851445719599724 200.8513590097427 0.7371457517147064 0 1.339825749397278
0.9265626221895218 887.800009354949 19.55334059894085 3.297337800264359 4.645411744713783 23.30955701321363 8.391571737825871 29.12474098056555 7.939975254237652 21.60879771411419 1454.752638742328 7.949978157877922 3986.762912839651 12.50046162307262 1.476480722427368 11.25887459516525 17.35200089216232 208.9556018859148 19.87818027287722 7.145872846245766 10.00125136226416 49.75067138671875 24.23048766702414 7.707626700401306 6456.444993011653 1090.454080760479 2903.856491871178 10.17247699946165 23.14699675887823 4.300331003963947 1134.398107543588 24.04917684197426 0 1050.83158120513 44.93581691384315 2032.076186537743 8094.454370856285 5811.919446781278 552.2970013841987 100.5880890786648 204.9550964236259 2914.206298820674 15.56427156925201 0.1154503747820854 32.14531060308218 2.171253442764282 0.3755285292863846 0 0.1017409116029739 2.573308601975441 0.09364470839500427 1.554419487714767 1.590067982673645 858.3272849544883 0 2925.071618288755 0.4747980460524559 0 1.700915083289146 0 8.681888990104198 4.04009211063385 0.6619251370429993 4.030038118362427 4.774140603840351 0.6141395568847656 1.982084684073925 561.1756396591663 643.4818850010633 1229.719186119735 1.491503231227398 1.459289878606796 0 371.2970731854439 0.1812043339014053 0 4.133524112403393 62.91238796710968 377.7587860152125 728.8538687601686 38.80750818550587 3.909720487892628 14.70676954090595 0 802.1118805706501 0
5353.293380796909 0 262.1034056991339 50.39005543291569 6.147905603051186 487.6454235501587 5786.292580205947 8748.360354587436 33.43582078069448 1297.220887824893 168.072490952909 128.186399936676 12.50046162307262 9214.776129387319 10.65843609720469 15.79399093985558 1528.025501146913 139.9541209898889 709.605574708432 135.6344493329525 190.3668978512287 0.7895033434033394 113.5886400416493 220.0998945012689 0.2985625118017197 1433.77106038481 50.11876395344734 299.8416256457567 4222.280902087688 3470.593944683671 0.9823161214590073 844.6778059825301 11.72339215874672 1591.594424773008 6.361659005284309 120.926982305944 40.51854315772653 1578.82787727192 83.31675229221582 56.32216311246157 44.61702632158995 1.505497321486473 1.41824422031641 2.444206453859806 0 0 6.248432621359825 0 0 28.46359697729349 1.366475850343704 5.204184412956238 4.493176348507404 0 0 0 2.253535836935043 0 3.985590286552906 0 0.1663313657045364 0.07427577674388885 6.058721274137497 4.003305055201054 2.393218919634819 9.331171534955502 18.68577198684216 0 4.72444723546505 7.284901939332485 18.67249441891909 5.669972129166126 2.486635006964207 0 0 1.528022259473801 0.2288176640868187 0.4271844327449799 9.656281612813473 0 3.401564575731754 0.09736091643571854 1.981673710048199 0.2391867637634277 0 0
0 4.211362928152084 0 115.7652162387967 313.8394969776273 1516.058997243643 20.49375438690186 200.8039840757847 832.6888821125031 68.43576439470053 4.551500953733921 2275.984243929386 1.476480722427368 10.65843609720469 352.282894693315 0.7202275842428207 0.2073669135570526 1.440344244241714 1.268355987966061 163.7910854518414 0.7767776697874069 50.40929612517357 0 774.5408177599311 0.2234409898519516 0.8922534734010696 5.618085570633411 78.05223593115807 17.89014124125242 4.013804882764816 0.1505057662725449 128.6359111890197 0.8701009526848793 16.7318718880415 2.030083686113358 185.0022633299232 1.292348772287369 50.66352672874928 2.820449128746986 1377.268445111811 52.85728382319212 8.776061534881592 0.1694660484790802 0.493389755487442 0 0 15.8044246956706 0 2.130731180310249 9.278918527066708 0 3.066506922245026 16.04759830236435 0 9.352435097098351 0 0.6202846691012383 0 0.7174302339553833 0 0 0 13.60908834636211 0.7883047014474869 0.9343134611845016 1.405281603336334 14.08084341883659 0 0 0.2810960710048676 9.873314023017883 0.48958420753479 0.8884524554014206 0 0 0 0 0 70.98718297481537 0 1.22856006026268 0.493672639131546 50.13708688318729 2.452384531497955 0 0
1.886895462870598 785.5631763637066 77.06977383047342 0.1632232964038849 0 1.063750877976418 19.52977225929499 6.547322072088718 312.9290166646242 0.2482101321220398 0.2290117889642715 0 11.25887459516525 15.79399093985558 0.7202275842428207 740.6972664296627 12.79851987212896 1.034517496824265 2.639722421765327 0 366.3553853780031 3829.160327553749 1553.100891366601 1829.656317166984 32.37178023904562 43.91681223362684 4036.79692338407 2193.164104640484 59.63303361833096 30.78101097792387 0.3303801044821739 0.3410644233226776 58.84695135802031 111.063516870141 47.90886626392603 855.7987836301327 102.5967350676656 317.2194558680058 196.5788791626692 50.88258375227451 6.963511042296886 13.07888422906399 9.369480848312378 36.78833211958408 4.449616499245167 7.571200162172318 8.62698420882225 0.1346096694469452 1.077473744750023 284.6416382491589 12.35625187307596 151.3840239644051 12.05190799385309 0.7109555751085281 4.339962996542454 1.978427179157734 40.33510839939117 9.274196118116379 336.9613089337945 1.984444357454777 0.180732250213623 0.4679077640175819 10.68404597789049 250.6706980466843 420.237891741097 704.6672477349639 488.8866202235222 0.2782828956842422 9.753810495138168 531.2374684587121 459.5607443377376 98.00583373755217 132.1221900060773 0.09709490090608597 0.5107405558228493 14.35323301702738 10.54997989535332 4.850141681730747 164.8774426132441 9.207141406834126 50.12499912083149 16.09994173794985 47.13358491659164 8.235269255936146 0 1.814689315855503
623.9332259744406 14.92167477309704 7168.181922212243 3.441791407763958 1.295064263045788 176.9184272140265 313.2107982002199 1066.284559421241 1.01887771487236 26.45695146918297 276.7529489398003 1.340764679014683 17.35200089216232 1528.025501146913 0.2073669135570526 12.79851987212896 2542.262186132371 173.4037301540375 2462.271903082728 0.5707032606005669 2407.777363814414 0.972733810544014 3805.943068124354 9.760688453912735 2.430562891066074 3540.092395264655 3559.515649318695 139.6495577916503 789.5450747720897 1425.189351528883 0.2271440252661705 26.38568618521094 117.0473762080073 8083.331635326147 52.16301410645247 2017.392663478851 2888.955024458468 6416.96741784364 2282.568876676261 43.13730691373348 8.102577701210976 10.38727527111769 16.3432132974267 0.1326056271791458 14.25181607156992 0.9224990606307983 0.08936928957700729 0 0.1010176464915276 1.663198456168175 0.1004504486918449 0.427590399980545 0 0 0 0 0 0.1180350631475449 1.167002104222775 0.6196683794260025 0.7905741557478905 6.663213320076466 0 0.4811922088265419 1.70277613401413 1.623018696904182 1.031089924275875 0.1410813182592392 127.4567664116621 276.598126322031 1.61911828070879 0 0.1976391971111298 0 0 0 0.6005879566073418 22.5822094976902 11.08396205306053 19.98819206655025 2.842545233666897 0.601678840816021 0 0 0 0
15.63625751435757 5.616126351058483 12.81936217099428 0.9109848365187645 11.22958464175463 64.80607383325696 15.10789729654789 240.3714245222509 0.7467529699206352 23.32506536692381 4092.966975532472 13.07280312478542 208.9556018859148 139.9541209898889 1.440344244241714 1.034517496824265 173.4037301540375 533.5546842217445 1919.682339765131 7.01096061617136 4.626303471624851 0 17.54458598792553 2.237406872212887 9.546904742717743 1458.184338361025 687.9012259989977 4.739037454128265 255.6763642840087 11.9370207414031 198.4672948345542 132.5894218981266 8.445216678082943 1696.338395878673 10.81465631723404 642.8881697803736 1799.732892908156 3184.320070572197 733.4322130382061 11.26490400731564 12.59294889867306 16.88421196490526 7.262726075947285 0 0.5476654022932053 0.1491527557373047 0 0 0 1.019085019826889 0 0.1595610380172729 0 49.52805495262146 0 99.44317392259836 0 0 0 0 3.974453367292881 2.50414077937603 0 0.4837851673364639 0.1047212779521942 0 1.144472599029541 13.19792643934488 118.4635794982314 162.5903059840202 0.770337387919426 0.4383266270160675 0 27.34109093993902 0 0 0.8546889424324036 9.055525913834572 16.53821443766356 50.85904245823622 6.539548091590405 0 0 0.1688844710588455 3.541443347930908 0
189.3371115401387 17.34643460810184 191.4849062934518 1.64870136231184 8.326168522238731 168.9772258885205 76.44921186938882 701.6421731896698 1.234731197357178 30.9829732850194 1476.008899107575 5.821818605065346 19.87818027287722 709.605574708432 1.268355987966061 2.639722421765327 2462.271903082728 1919.682339765131 2692.378314547241 4.391503170132637 76.40231204777956 1.657601393759251 180.6364395543933 3.527859136462212 5.018249534070492 5341.067008443177 1660.815366193652 19.5971082597971 608.3515936546028 162.1794372051954 4.655358977615833 107.7975443564355 89.87712267786264 5089.33628500253 16.29321817308664 1387.415910728276 1911.979216694832 4282.955514110625 982.0845335796475 14.19891654700041 5.478271387517452 11.73475378751755 5.686541482806206 0 4.349544294178486 0 0 0 0 0.8510247766971588 0 0.4018561542034149 0 3.286679126322269 0 5.875156261026859 0 0 0.5589223802089691 0.2478659600019455 3.658157922327518 12.31066461652517 0.6564561724662781 0 0.7106648981571198 0 0.541888564825058 1.433036088943481 164.9626377522945 196.1736648604274 1.230369620025158 0 0.1227824315428734 1.889202743768692 0 0 0.2500288337469101 10.45886938273907 12.63074082881212 17.70840819180012 3.08195223659277 0.7002013325691223 0.4013099372386932 0 0 0
2.395728945732117 0 0.1030001044273376 5798.61714373529 2.806248888373375 535.5013062693179 204.7084261551499 181.9167672209442 396.4005469530821 5777.679685384035 10.25872538238764 6376.084512770176 7.145872846245766 135.6344493329525 163.7910854518414 0 0.5707032606005669 7.01096061617136 4.391503170132637 1558.886166341603 0.3897600173950195 0.1455651372671127 0.3899797201156616 323.0619973167777 1.042244493961334 4.292283281683922 0.5532491728663445 2642.499126978219 122.8626134246588 0.8796139433979988 0.1118221282958984 39.27320974692702 0.2015928775072098 63.07021560519934 17.57926432788372 259.9296326711774 2.746882855892181 397.9564388394356 97.21502050757408 738.7965159118176 65.10928039252758 4.226653061807156 6.210838913917542 3.87587646394968 0 0.2001442909240723 259.4564372077584 0 14.54921319335699 124.6047900468111 12.54618261754513 57.42746794968843 158.2036517709494 0 60.74322405457497 0 13.8292495906353 0.906221866607666 1.522753775119781 0 0 0 259.0704546123743 2.859973303973675 0.4179439842700958 4.600644201040268 226.8973160758615 0 0 2.207659780979156 128.5601956397295 7.318228170275688 7.442955642938614 0 0.7608645558357239 1.338137894868851 3.440446257591248 0 259.3624876514077 0 34.73248396813869 9.05661541223526 258.5131403282285 6.073117293417454 5.501483917236328 2.887480646371841
100.148930542171 11.99413257092237 1151.822438664734 0.1956369131803513 0 4.152557067573071 153.7769544944167 88.3730930313468 25.18631494790316 0.8555798083543777 4.08135113120079 0 10.00125136226416 190.3668978512287 0.7767776697874069 366.3553853780031 2407.777363814414 4.626303471624851 76.40231204777956 0.3897600173950195 5858.873922161758 67.92384906858206 10476.60880600661 210.6884226053953 0.98126520216465 314.3300581872463 911.3132553324103 1915.731027342379 475.2600908502936 4816.579353548586 0.09665434807538986 1.735871255397797 379.0027676969767 2664.944534294307 198.6705555021763 3139.660422772169 525.0726258829236 2640.967345640063 1090.487282373011 140.0744405761361 13.93130521476269 7.600094608962536 38.48258320987225 18.60028626024723 2.103988900780678 0 2.217246755957603 0 1.240817926824093 132.426832139492 8.342724539339542 38.6481973901391 10.33379496634007 4.556271575391293 1.070232041180134 0.09319004416465759 19.18109507858753 4.003589920699596 189.4745134711266 0.3733764365315437 0.674443244934082 1.060778900980949 5.052824147045612 170.2960714101791 127.5342782065272 506.8182687610388 179.9551636055112 0 1.236148178577423 154.8309181034565 173.7390309125185 51.41542719304562 106.7509280219674 0 0.8663666248321533 8.515022046864033 5.418183527886868 12.97019805759192 108.5114267766476 3.04692392796278 24.11794456839561 8.478456750512123 22.51955910027027 3.072625279426575 3.076942205429077 0.5890185683965683
0.1080448403954506 3174.456606984138 32.87696877121925 0.7801121324300766 0.4126664251089096 1.307638928294182 17.55905795097351 0.601709708571434 2507.38895085454 0.1793172508478165 0.633822113275528 1.857515394687653 49.75067138671875 0.7895033434033394 50.40929612517357 3829.160327553749 0.972733810544014 0 1.657601393759251 0.1455651372671127 67.92384906858206 2076.930687792599 617.4425127282739 3686.052725538611 255.6422065123916 19.61786747723818 5788.360777236521 227.7495085820556 2.764733910560608 10.00100886821747 3.230245366692543 0 0.4311689659953117 1.687231615185738 0.5031295567750931 11.660613887012 4.117299750447273 7.776524372398853 2.696157641708851 124.4968499392271 0.8960080742835999 6.327385857701302 0 7.047927841544151 4.1222999766469 34.01075235009193 0.7813306599855423 0.1613325476646423 0.1571653336286545 48.49649814516306 1.556317508220673 80.25878607481718 0.7663231566548347 0.2361872643232346 1.669933304190636 0.5201414152979851 8.735770203173161 5.72698213160038 141.4839050471783 0.4937760308384895 0.2778316587209702 1.078841224312782 0 46.63898304104805 194.4244897812605 188.1069513559341 180.6317396834493 1.031527474522591 18.45010687410831 1657.376467570662 108.1267798393965 15.72243923693895 14.48252984136343 0.09542277455329895 0 2.22051028907299 1.756440445780754 1.261991739273071 28.59685682505369 2.103173196315765 8.459108293056488 3.300389550626278 15.01557921618223 1.96512158960104 0 0.2325394377112389
72.60413920879364 84.13914628326893 6436.989962808788 0.533660002052784 0 12.15665372461081 102.9367442503572 59.12881495058537 47.8332421630621 3.133651785552502 16.95146830379963 0 24.23048766702414 113.5886400416493 0 1553.100891366601 3805.943068124354 17.54458598792553 180.6364395543933 0.3899797201156616 10476.60880600661 617.4425127282739 13086.79169897735 47.48831747472286 2.200532324612141 750.393735229969 7678.292314089835 746.0514995530248 86.09079479426146 3203.159092865884 0.1216535046696663 2.576246999204159 42.50745844095945 5671.867691375315 348.0868472158909 6721.829613678157 1708.786517977715 7085.503038361669 3837.948856294155 172.1357844546437 21.34132935851812 12.05108547955751 88.53296308219433 6.173358269035816 4.179930649697781 10.91419223695993 1.209337249398232 0.1484898328781128 0.3625567257404327 43.93411056697369 2.256655834615231 40.59802689403296 0.8428075686097145 6.948898673057556 1.349770203232765 0 7.138048470020294 3.284395396709442 378.1609348505735 2.630894646048546 0 0.4973469153046608 1.970728442072868 177.9916717559099 371.8504448831081 1086.018802478909 175.1201746091247 0.5106555446982384 6.575583934783936 1453.818728476763 99.07574474811554 22.63444095104933 91.53825342655182 0 0 4.835120357573032 2.056727729737759 23.97685673832893 87.46694415807724 2.325046308338642 11.24502041935921 6.1943424269557 13.06723176687956 1.45370714366436 6.3644700050354 1.059455618262291
19.89272504299879 449.2949096336961 29.09421790391207 2271.791106566787 17.35130590200424 48.63382988423109 1889.982588216662 110.9897211566567 7483.666180983186 202.6555576175451 3.68258061259985 241.6776067689061 7.707626700401306 220.0998945012689 774.5408177599311 1829.656317166984 9.760688453912735 2.237406872212887 3.527859136462212 323.0619973167777 210.6884226053953 3686.052725538611 47.48831747472286 7619.675254270434 31.44254037737846 41.63729055970907 513.0415765270591 3725.505271755159 491.4679209440947 14.16662012785673 0.5352458879351616 10.19821417331696 110.2722893208265 160.9418248459697 98.28608274459839 1137.442973844707 38.51210600882769 617.9159050062299 344.4121658280492 1016.061889745295 59.49139462411404 5.287476778030396 11.09836773574352 36.72302619367838 1.533558964729309 3.188623666763306 455.631695844233 0.9094896614551544 28.39816537499428 677.8911940306425 40.28285217285156 568.7171892523766 311.1881022825837 1.104224346578121 108.5471951663494 0 83.63009509444237 5.56865681707859 94.69560158997774 0.8549756109714508 0.4699886441230774 0.3090307116508484 434.5872325897217 89.73266226053238 237.6432704180479 104.1137246191502 1087.229457460344 0.1497908234596252 7.5772690102458 52.91877184063196 840.1227081790566 88.28976011276245 53.79031740874052 0.2145023718476295 3.302169606089592 11.91252534091473 19.16343446820974 7.43368349224329 431.5816064476967 2.898593738675117 134.140197917819 40.24072282761335 312.1271478831768 31.89905001968145 0.7589927017688751 2.802601508796215
0 1489.414768159389 3.954552941024303 0 0 0.889481395483017 0.8879446536302567 0.9654769003391266 40.20706829428673 0.7181941196322441 172.624490223825 0.2502754926681519 6456.444993011653 0.2985625118017197 0.2234409898519516 32.37178023904562 2.430562891066074 9.546904742717743 5.018249534070492 1.042244493961334 0.98126520216465 255.6422065123916 2.200532324612141 31.44254037737846 342.5198741778731 191.5542258769274 3715.497400321066 1.030159749090672 0.2703189998865128 0.2263928800821304 293.0951764658093 0.1217833235859871 0 314.0781312435865 4.940468281507492 129.506756618619 379.7867633551359 1149.054497390985 129.105576120317 10.51581127941608 196.6468662768602 1005.30418394506 5.563951969146729 0 35.06485734134912 0.191647008061409 0 0 0 0.08634315431118011 0 0.5241276994347572 0 272.6864187568426 0 1704.639687031507 0.2573941051959991 0 0.2390733063220978 0 2.70979905128479 8.236866913735867 0 0 2.555008828639984 0 0.9014268070459366 294.753379650414 385.1464692428708 1517.940762713552 0.1127087473869324 0.5977946221828461 0.2600334286689758 110.8965108171105 0.09568147361278534 0.1810249090194702 0.5798086822032928 3.163981199264526 35.8285831362009 45.98616973310709 32.49366638064384 1.161249652504921 3.490466833114624 0 224.0878054797649 0
249.689501196146 415.2889829948545 6785.532726936042 23.74968132376671 6.583541482686996 627.1459670178592 1859.803256683052 1311.234570026398 7.775009140372276 191.4074369035661 1683.003387182951 6.375895753502846 1090.454080760479 1433.77106038481 0.8922534734010696 43.91681223362684 3540.092395264655 1458.184338361025 5341.067008443177 4.292283281683922 314.3300581872463 19.61786747723818 750.393735229969 41.63729055970907 191.5542258769274 31712.96570672095 23287.67015597224 567.954338952899 218.2364443354309 369.1254415772855 2262.489410609007 59.42775858938694 13.83061552792788 1080.602628462017 55.18530507385731 4452.925570294261 12101.72816514224 5765.748465508223 2283.181773334742 45.19977848231792 20.95313023775816 55.43851283192635 27.56895177811384 0.8368833810091019 243.6945849061012 3.334962174296379 1.027682833373547 0 0.2891067042946815 12.79649946093559 2.324810236692429 1.986465446650982 1.478103905916214 263.4167273342609 0 533.9810030087829 3.399654187262058 0.1034405305981636 10.63080719858408 7.051908522844315 79.71795704960823 303.5994762778282 0.3041420876979828 1.870302155613899 14.37078461050987 5.501218244433403 6.810914054512978 180.0114981234074 4354.656770914793 5699.88295391947 6.801942504942417 1.226393766701221 1.294632598757744 192.9729891866446 0.2880488857626915 0 15.12639949470758 38.61116755008698 66.11310353130102 505.5699080377817 93.04055738449097 13.00007016956806 0.8590834140777588 0 18.96828261017799 0
6.396883554756641 14599.51429466158 4703.434215322137 1.593649186193943 0.259565532207489 26.51272888481617 697.9839024469256 51.58921340852976 352.4360312074423 13.75176208466291 277.46653752774 0.8912105858325958 2903.856491871178 50.11876395344734 5.618085570633411 4036.79692338407 3559.515649318695 687.9012259989977 1660.815366193652 0.5532491728663445 911.3132553324103 5788.360777236521 7678.292314089835 513.0415765270591 3715.497400321066 23287.67015597224 32004.70035294443 811.3303831368685 29.16609509289265 91.55071891844273 1223.136181183159 6.879120957106352 2.336849972605705 1333.044831648469 212.318750359118 7857.712183527648 6384.069954313338 6642.54948657006 4393.163275703788 160.1304534301162 26.93142681568861 53.08901870250702 65.87223926186562 1.680341340601444 1334.329254336655 502.1947703659534 1.5455077663064 0 3.540616653859615 60.29166559875011 8.355304546654224 7.971432372927666 4.395593740046024 194.6207635775208 0.2512122243642807 438.0803130418062 7.901682041585445 0.7033638507127762 270.3535285741091 41.53766091912985 98.85124357789755 424.4372482448816 0.2163273841142654 37.93684953451157 1457.380826339126 318.5943514481187 55.80036842823029 331.708991125226 7832.651827573776 26161.91843844205 60.6519031226635 2.84043612331152 12.77755676209927 172.2263936623931 0.8380798250436783 0.5276668146252632 28.87298242747784 53.40603943169117 155.4518067613244 522.7176022306085 127.7813425213099 31.38861458003521 6.768395654857159 0.7695396021008492 21.01496245712042 0
37.26008012145758 42.97981604188681 1111.595666989684 2272.087606944144 1.811867542564869 388.3704036325216 15705.55275546014 151.1436125598848 1267.095944859087 5435.506421342492 7.939756348729134 1230.562429778278 10.17247699946165 299.8416256457567 78.05223593115807 2193.164104640484 139.6495577916503 4.739037454128265 19.5971082597971 2642.499126978219 1915.731027342379 227.7495085820556 746.0514995530248 3725.505271755159 1.030159749090672 567.954338952899 811.3303831368685 7825.180828616023 717.1264133378863 1504.279569119215 0 22.00146182626486 259.3384502530098 349.5643376410007 175.3653760328889 2343.328437775373 121.3437531143427 1326.761094801128 680.0701279491186 589.839795358479 125.690310947597 8.64273102581501 30.09281624108553 55.38052362948656 1.359775684773922 2.811782732605934 507.3569309413433 0 23.22999943047762 960.6816066801548 64.09290784597397 382.3249411433935 390.1555367708206 2.884617038071156 98.17685034126043 0 97.06862579286098 7.085441619157791 114.8615985810757 0.5025243237614632 0.2793565765023232 0.448380708694458 505.1798057705164 133.4388595446944 116.0367337092757 141.4991825819016 1075.313884139061 0.2438959255814552 5.556884244084358 73.12398032844067 962.1152686625719 126.2512509599328 115.6176810488105 0 2.607479773461819 19.53981052339077 24.22583092004061 5.281853370368481 467.2256907746196 4.152762979269028 179.6526014283299 54.6779767870903 350.0685555264354 42.80462224036455 0.4837485402822495 4.028139196336269
3787.289347760379 0.471227191388607 9.455229364335537 65.76020290330052 41.82318876683712 225.1518176943064 1193.970516547561 1107.276482507586 82.65339212119579 755.8557381555438 531.5253707394004 122.1850991025567 23.14699675887823 4222.280902087688 17.89014124125242 59.63303361833096 789.5450747720897 255.6763642840087 608.3515936546028 122.8626134246588 475.2600908502936 2.764733910560608 86.09079479426146 491.4679209440947 0.2703189998865128 218.2364443354309 29.16609509289265 717.1264133378863 20597.28704904765 4290.041240811348 1.323975071310997 375.7495563030243 1774.140795126557 4564.384933784604 7.631168641149998 205.4871272593737 37.75597554072738 3378.39547983557 249.0087213143706 71.49551293998957 252.5291298180819 1.713534072041512 2.954220250248909 0.8584946393966675 0 0 17.98158083856106 0 0.6152234226465225 35.92172920703888 2.56797482073307 10.6302240639925 10.05762217193842 0 2.50054656714201 0.2031968906521797 4.179969146847725 0 4.7212740406394 0 0 0 9.562313139438629 9.312252357602119 2.126854196190834 17.50477007031441 41.81702509522438 0 1.461829319596291 4.20686374604702 33.89712382107973 4.181457035243511 4.863303557038307 0 0 0.2524617239832878 0.8612876087427139 0.9879269003868103 15.16199094057083 0.1242471113801003 5.90727436542511 0.9144885167479515 3.110844805836678 1.191497877240181 1.785912245512009 0.2751068100333214
