1228.837189622223 1.188835613429546 44.54690054804087 3.294015400111675 0.145094096660614 11.57024478167295 1425.114431358874 366.1525725871325 3.246761381626129 48.48357925564051 13.36247397214174 1.718081541359425 1.435741640627384 6226.321233227849 0.2767239212989807 0.1474758684635162 189.389987424016 11.80843055993319 48.73153834789991 4.859848834574223 15.76945481449366 0.6205839216709137 71.23116684705019 23.12153381109238 0.1069078370928764 75.81243110448122 23.86996378004551 52.2438795119524 4833.290023177862 2894.997962146997 1.577971443533897 2.887257777154446 105.722339630127 157.5171874687076 0.6342214941978455 24.48982602357864 13.01498083770275 43.99322874844074 15.95816315710545 1.901643566787243 0.3084064424037933 0 0.1511398404836655 0 0.4544899016618729 0.6315617114305496 0 0 0 2.514782950282097 0 1.665797621011734 0 0 0 0 0.9399717450141907 0 0.4025567322969437 0.2253164201974869 0 0.08266675472259521 0 1.170910447835922 0.1631379872560501 0 7.785766512155533 0 1.180413231253624 2.693158678710461 6.354626700282097 0.1997929513454437 0 0 0 0.1882141828536987 0.6112699955701828 0 1.358257845044136 0.5853236541152 1.215321660041809 0 0.1809763014316559 0.1911771446466446 0 0
1.188835613429546 645.8678644299507 119.9789050593972 0.1899935901165009 1.188432142138481 1.761145934462547 14.59776272624731 5.43278868496418 434.8892577141523 1.9373384937644 174.7186346650124 1.532219909131527 1149.574590101838 8.154480814933777 8.039378322660923 257.709215156734 325.9559812992811 74.75858502089977 164.6165788918734 0.4914068207144737 10.91812229156494 3232.468391008675 47.71146989613771 1353.844052992761 4220.552332028747 1352.338483884931 8120.937085449696 22.66633066534996 11.23373977094889 7.14763131737709 65.94263251870871 1.477936394512653 1.03963977098465 263.5664344653487 5.069016888737679 329.5723815113306 313.7771549969912 359.3545432835817 158.774052657187 14.161366507411 0.3047670423984528 298.5337360873818 0.8315300792455673 0.1135633736848831 207.1034574955702 109.432412981987 0 0 0 2.249449260532856 0 1.003289110958576 0 16.27275187522173 0 46.18778152018785 0.9466600567102432 0.2980770170688629 19.63474456220865 50.25469999015331 2.985237173736095 45.12452241033316 0.1075109839439392 0.7220142334699631 32.63863136619329 10.80664774030447 7.073955893516541 41.5662352591753 204.7551469504833 1051.372633434832 2.723424419760704 0.5376274064183235 1.727984480559826 7.407609470188618 0 0 20.61403868347406 0.7729482352733612 63.45457795262337 92.19244378805161 49.75101406872272 15.79563234001398 1.291157603263855 0 13.60721836984158 0
44.54690054804087 119.9789050593972 2414.739812389016 7.196299217641354 0.2665161117911339 43.76672799140215 2221.969310045242 575.6796164736152 4.814842849969864 83.84538777172565 9.384282134473324 2.248853415250778 12.3840991333127 387.3009155616164 0.5648836344480515 14.30319026112556 4820.09769114852 26.7184434607625 108.6644461080432 1.601694419980049 940.4137061163783 270.4284953474998 7730.337723314762 126.3655561357737 1.497846841812134 10251.33909511566 10235.55029346794 505.8568194061518 84.74745860695839 1009.960235156119 23.86824305355549 2.35334125906229 6.876359574496746 366.8723307102919 9.277546338737011 933.4640156328678 5800.314327135682 876.4766895025969 315.7538058757782 44.48216985911131 4.489601366221905 4.427338883280754 2.141231454908848 0 132.1581471413374 577.442671738565 0.4621199071407318 0 0 7.512797884643078 0 2.339836686849594 0.5782227516174316 1.911967307329178 0 0.856376476585865 0.324244812130928 0 102.4500700607896 150.641729645431 1.175274834036827 17.28968938440084 0 9.419176854193211 54.30845119059086 104.5044592022896 39.39177241921425 0.7541343793272972 188.9335398674011 2236.76140640676 20.48739425837994 1.228927671909332 2.008843451738358 0.679681658744812 0 0.1269126385450363 15.35204027593136 1.033483192324638 86.06853576004505 290.0638618990779 64.32846931368113 34.183847181499 1.619866371154785 0 0.1131301000714302 0.4443389773368835
3.294015400111675 0.1899935901165009 7.196299217641354 5115.980386480689 7.00083277374506 54.6712409928441 479.0623207166791 74.86756078898907 1081.135245755315 5486.057078644633 9.820712961256504 1631.869046837091 11.26362664997578 100.4425824284554 171.1433135122061 0.1627101898193359 2.213940307497978 4.529529169201851 3.29862716794014 3744.474324248731 0 1.102671682834625 3.389035567641258 1547.383228354156 0.1012053042650223 10.16306683421135 6.437119171023369 4363.106411844492 79.86647737026215 3.678945206105709 0.8425928503274918 2.912102453410625 1.459920480847359 65.36148510873318 3.084266357123852 629.7883066162467 6.90764519572258 106.8043087795377 63.72752021998167 356.2337674722075 12.86112757027149 0.8386702090501785 2.729206509888172 0 1.123076781630516 0.4143601059913635 163.3954333886504 0.196769654750824 15.53131490945816 112.8670015484095 7.055365696549416 141.5467856526375 105.2197158411145 0.2427944391965866 124.4504939839244 0.1043120324611664 4.67862831056118 12.4665525406599 0.5736260861158371 0 0 0 102.732796266675 0.767595112323761 10.7436765730381 0.3296186029911041 643.1843460127711 0.2801969051361084 0.534836933016777 3.537694580852985 227.2204059883952 2.968113228678703 4.986672624945641 0 0 0.341313973069191 2.882546745240688 0.1651307940483093 102.941050991416 0.5082340091466904 12.75078083574772 3.386029116809368 170.4969430863857 2.629673592746258 0 0.7300539612770081
0.145094096660614 1.188432142138481 0.2665161117911339 7.00083277374506 11.26927176117897 68.33422784507275 1.107667006552219 44.65988224744797 53.95884336531162 6.535556696355343 16.6614990234375 216.9756785333157 9.941362634301186 5.585862353444099 1495.666226498783 0 1.657456442713737 4.066407978534698 12.67770998924971 16.25010697543621 0 1.888786375522614 0.4873584285378456 57.83204158395529 0.3575851321220398 9.404522798955441 6.16158077865839 3.374535940587521 13.54936814308167 0.2839917838573456 1.19768276065588 151.6777280271053 0 1178.003159813583 0 13.88817412406206 0.899435006082058 66.88935501873493 21.42382605373859 1500.237199015915 77.53369982540607 0 0 0 0 0 0 0 0 0 0 0.1329935044050217 0.1546924412250519 0 0 0 0 0 0 0 0 0 0 0 0 0 0 0 0 0.1403426229953766 0.4830190688371658 0 0 0 0 0 0 0 0.8556536287069321 0 0 0 0.2525272592902184 0 0 0
11.57024478167295 1.761145934462547 43.76672799140215 54.6712409928441 68.33422784507275 11963.68136748672 1487.658269919455 7264.890949878842 35.055948138237 5911.068197399378 125.888526186347 3447.041329979897 104.755993001163 635.422497689724 1831.237744219601 0.5267380625009537 44.42624495178461 40.84394677728415 40.49111562222242 346.15195017308 3.293234393000603 0.9566923007369041 30.00755656510592 182.2034279182553 3.485422246158123 80.60375398397446 33.04493211209774 435.3365096524358 311.0015516057611 63.39989921450615 7.317777238786221 447.7849140241742 4.112917520105839 965.6955458447337 13.73719806969166 622.7760700881481 24.82118573784828 737.3632769137621 920.636257044971 3147.310251630843 621.8327833041549 12.04364935308695 17.59127451479435 0.4002277255058289 0.2832362353801727 0.4818612337112427 3.203405559062958 0 0.5701451897621155 11.26926542818546 0.6143708452582359 8.343046687543392 0.6706921458244324 0.2595577165484428 4.315588675439358 0.3504273369908333 0 0.1336188167333603 0.1070876717567444 0.1174427419900894 0 0 1.095719143748283 0 1.034607782959938 0.976363331079483 58.77915626019239 0.2231509611010551 1.080597877502441 5.274091996252537 34.4809794947505 2.944612681865692 0.7084487825632095 0 0 0.2164652943611145 2.370204567909241 0.6520911604166031 11.63194004446268 1.602088883519173 9.967580430209637 10.38377532362938 4.731836155056953 0.1998902261257172 3.35161130875349 0
1425.114431358874 14.59776272624731 2221.969310045242 479.0623207166791 1.107667006552219 1487.658269919455 14436.65553642064 5599.441560044885 116.5431110262871 13641.98598688841 57.28813174366951 171.4277499318123 16.40838561207056 7746.75690754503 23.51712676882744 33.29098780453205 393.2255353778601 40.7149258852005 56.24305731803179 196.3154527395964 383.3507183119655 33.11013113707304 1880.999438270926 3137.137903884053 2.997248634696007 1143.058785691857 735.8523530438542 19700.48704537004 1305.414689034224 5803.063918195665 25.52889174222946 18.50394997745752 221.0345467254519 741.6320471540093 64.63980161398649 2523.081420846283 189.8096225187182 1170.928002402186 637.2943479195237 223.5674910619855 53.28329309076071 2.827382765710354 18.44369994103909 1.349290736019611 2.402258485555649 7.877002187073231 32.23832642287016 0 5.026110254228115 105.8131627589464 4.228349424898624 39.49123733490705 17.66596270352602 0.7953055948019028 7.25651041418314 0 7.656888611614704 2.036370605230331 23.31117022037506 1.564959160983562 0.2869970723986626 1.437925644218922 17.35052011907101 13.78944868594408 10.40996831655502 10.18958347290754 469.858448125422 0.2392183914780617 10.59229457378387 65.23520158231258 222.8371869847178 11.95178838819265 9.52939186245203 0.6840290725231171 0 1.910464093089104 7.424989856779575 4.835600018501282 54.21215487271547 6.180826455354691 31.32485669106245 10.81515426933765 63.37633775174618 1.337850376963615 0.664681039750576 1.05162188410759
366.1525725871325 5.43278868496418 575.6796164736152 74.86756078898907 44.65988224744797 7264.890949878842 5599.441560044885 15600.42450650781 34.55766014009714 3192.536534603685 143.4556167498231 1066.830423891544 71.31838220357895 6111.996252376586 198.3880027383566 1.24260201305151 818.7498854994774 83.76310625299811 225.6465517953038 383.2110147103667 50.05950631946325 2.427772350609303 422.1887052059174 268.279128305614 3.161382332444191 612.1231019608676 162.9513445273042 446.6015115231276 926.9924695938826 1484.861223176122 14.70537278056145 317.197793379426 13.82417560368776 1459.498682521284 11.69406270980835 427.8719888478518 113.2304904386401 504.8975544646382 563.3208725228906 629.9243361726403 166.7192596271634 13.00767903029919 9.058765925467014 0 1.143839076161385 3.946837924420834 2.189221553504467 0 3.13932754099369 26.01180221885443 1.460362926125526 11.1895742341876 2.888764634728432 0.2500100210309029 1.859025105834007 0.08013246953487396 1.696537271142006 0.08994840830564499 1.540634721517563 0.8690245747566223 0.09181460738182068 1.179872766137123 1.708117291331291 0.9027413502335548 0.3042042851448059 1.591302037239075 132.1076689735055 0.09586029499769211 2.596554487943649 20.9555314257741 78.28401298075914 2.554566755890846 1.338013745844364 0.3012407124042511 0 0 4.027368150651455 0.9043759703636169 19.62096279114485 5.009406559169292 12.37762728333473 8.478901378810406 16.90468434244394 0.4535839855670929 2.250084102153778 0.3530809134244919
3.246761381626129 434.8892577141523 4.814842849969864 1081.135245755315 53.95884336531162 35.055948138237 116.5431110262871 34.55766014009714 899.8742243722081 143.778744533658 21.01852972060442 157.0589423179626 69.56454102694988 37.30550766736269 527.3739510849118 211.7573945000768 10.18306940793991 4.50862929970026 5.715370640158653 436.9525606185198 137.6651299521327 2989.350844599307 38.36424700915813 13003.93087173998 243.7992022484541 16.72683526575565 188.7908608540893 1041.193022303283 49.33821959793568 136.9930374100804 4.894854083657265 4.031366780400276 5.737713016569614 22.80787160992622 1.844848319888115 175.2808289378881 16.23438436537981 44.31440985947847 27.97392569482327 338.7076260372996 3.570394665002823 17.68922878056765 1.985365256667137 4.521426603198051 1.684092096984386 2.696575842797756 128.3466187790036 0.3468083888292313 25.53597147762775 249.6196097433567 16.70619145035744 130.8797707259655 65.97931575775146 3.219756968319416 66.25282556563616 3.485810212790966 17.79891113936901 9.179590232670307 200.7809353992343 0.7431579455733299 0.980020746588707 1.133262969553471 78.15328815579414 104.2321342080832 56.53579713404179 13.07509957998991 3182.744877792895 2.410009138286114 4.613229036331177 13.79729378968477 851.6427479758859 57.94587557017803 62.05262284725904 1.851321399211884 0.2089917361736298 5.247685000300407 22.78829878568649 5.037259042263031 145.4882417544723 8.436669923365116 90.96924598515034 37.49188160151243 132.388748601079 6.646979294717312 0.8416073843836784 0.6591227501630783
48.48357925564051 1.9373384937644 83.84538777172565 5486.057078644633 6.535556696355343 5911.068197399378 13641.98598688841 3192.536534603685 143.778744533658 34720.71339676529 130.017803773284 4244.670147098601 29.03352202475071 2021.563822261989 66.21201737970114 2.291712157428265 32.57383210211992 58.59825500845909 59.01556490361691 3306.479618757963 4.292951554059982 1.6521370485425 50.1052234172821 804.1323976367712 1.889460615813732 121.6081625521183 63.36420989781618 3861.47194352746 799.3054364770651 47.06722395122051 9.760279320180416 45.25384569168091 14.31457877904177 602.9027627706528 31.02472121268511 1580.729104846716 50.4736403003335 965.5647038593888 565.9283780455589 361.1792487725616 74.38426224142313 3.203853294253349 14.3443014472723 0.2674842700362206 0.5538614466786385 0.2551334127783775 96.37697546184063 0.2540233135223389 8.767652861773968 109.6975000053644 5.365822799503803 37.46591030061245 49.27250675857067 0.3078021034598351 77.11891951411963 0.07498485594987869 3.884772457182407 5.853917665779591 1.778183177113533 0 0.2806437909603119 0.1086378395557404 56.97082091122866 1.31912699341774 1.648622907698154 0.8409587740898132 423.6963888853788 0.0751487985253334 1.07038664072752 6.836212314665318 202.2923338487744 4.367723226547241 2.329433441162109 0 0 0.2718471735715866 4.41882735490799 0.9466781094670296 67.29523351043463 1.187138237059116 17.97619786858559 5.875747457146645 84.20772026479244 2.498270407319069 1.216073885560036 0
13.36247397214174 174.7186346650124 9.384282134473324 9.820712961256504 16.6614990234375 125.888526186347 57.28813174366951 143.4556167498231 21.01852972060442 130.017803773284 14129.64674370736 92.6095889955759 1808.19334166497 201.8296293988824 15.18878764659166 2.452836245298386 188.8794965595007 3386.853722140193 1292.472719855607 52.04689548164606 7.827033571898937 68.01092492043972 20.13173042982817 61.75033085793257 694.3692576438189 1548.310365736485 1248.596445135772 36.13340394943953 209.0422664508224 39.32018667459488 233.1255496963859 52.20988593995571 9.479495622217655 6713.323780886829 3.387350350618362 545.1461851447821 4453.998005330563 3359.722937971354 1550.698654957116 67.15474251657724 5.732143186032772 735.5832130163908 1.436697840690613 0.204475149512291 14.39973414689302 0.7000295519828796 0.45536158233881 0 0.1007626354694366 3.099801443517208 2.505286864936352 0.4323776811361313 0.7119405195116997 399.8764756470919 0.4307009726762772 1014.894515775144 5.15483096241951 0.2207252159714699 0.4763934910297394 1.177099280059338 21.26665662974119 12.32912478595972 0.3170358240604401 0.1982093751430511 2.589734740555286 0.202926978468895 12.32290185987949 248.5368687957525 192.0623300373554 385.5663174539804 4.987101435661316 9.830768145620823 0.2177261710166931 280.8115727677941 0.856953389942646 0.08665816485881805 58.05058727413416 0.5140528976917267 25.71031054854393 772.3301648944616 85.28176099807024 23.66121647506952 1.675945267081261 0.8888029307126999 210.6286834552884 0
1.718081541359425 1.532219909131527 2.248853415250778 1631.869046837091 216.9756785333157 3447.041329979897 171.4277499318123 1066.830423891544 157.0589423179626 4244.670147098601 92.6095889955759 6426.060876794159 22.52718751877546 558.1718981862068 1716.573170043528 2.536058604717255 5.062799677252769 36.75987834483385 34.06087645888329 4278.975983291864 0.3128252252936363 1.397435359656811 4.489231772720814 420.8350680693984 1.166853904724121 42.46589031070471 14.41750282794237 988.060716971755 277.8354583457112 9.261166617274284 8.993451468646526 55.28181719779968 0.5772871822118759 321.018454015255 3.767563335597515 1082.673660293221 20.81117610633373 360.149485014379 266.7398336678743 2004.837342120707 49.4266579374671 4.416231550276279 5.138501197099686 0.3686942160129547 0.4272898733615875 0.2844088971614838 33.33257360011339 0.1421456933021545 6.62505991011858 28.44522128254175 1.190170176327229 38.0305580124259 22.97375494986773 0 75.28444717824459 0.1213087067008018 1.819821871817112 5.341262757778168 0 0.09506785124540329 0 0 28.28386215120554 0.1495637595653534 0 0 187.4936989471316 0 0.6354116722941399 1.277494594454765 70.56790532171726 0.5117190033197403 1.369264245033264 0.1611645072698593 0 0 1.487722337245941 0.5468811392784119 31.23166421055794 0.9115491285920143 9.481173858046532 2.638293892145157 57.96410074830055 1.920125477015972 1.189704276621342 0
1.435741640627384 1149.574590101838 12.3840991333127 11.26362664997578 9.941362634301186 104.755993001163 16.40838561207056 71.31838220357895 69.56454102694988 29.03352202475071 1808.19334166497 22.52718751877546 4572.818962596357 35.31516692042351 11.84523268043995 48.14374642819166 5.911942854523659 20.74430108070374 13.63982797414064 12.8480548709631 48.80427784472704 342.2278131917119 60.15032521635294 164.2161962464452 5991.941981226206 215.1994424015284 4275.605630226433 29.66247165948153 18.17206835746765 53.76429099589586 540.0093760639429 68.85353494435549 0.6844224706292152 1009.112109795213 82.96901318430901 3444.269070088863 7379.757325202227 2646.723269797862 1308.336985893548 126.0581399798393 124.9257183820009 1426.54275047034 13.97815952450037 0.4771095886826515 49.055659070611 2.895566955208778 0.1139677464962006 0 1.690100893378258 3.674565866589546 6.41236837208271 0.8547494858503342 1.077216692268848 768.1327487379313 0.7371352836489677 2127.842271819711 7.148720055818558 0.365157924592495 2.461952276527882 1.642277531325817 28.17398462444544 22.93936766684055 3.31676521897316 1.2210708335042 5.536016516387463 1.760862059891224 4.402769260108471 1415.504401229322 366.5484007000923 997.4928763508797 4.880242556333542 12.91051685810089 1.871211767196655 692.8925399258733 2.920543119311333 0 141.0617303103209 15.91913655400276 426.3569837883115 1332.822571121156 186.3484426736832 131.6817682236433 26.67048847675323 4.645777925848961 469.2474808841944 0.5203276872634888
6226.321233227849 8.154480814933777 387.3009155616164 100.4425824284554 5.585862353444099 635.422497689724 7746.75690754503 6111.996252376586 37.30550766736269 2021.563822261989 201.8296293988824 558.1718981862068 35.31516692042351 11139.08675835282 55.43504571914673 1.875166140496731 1194.6456239447 126.3494231700897 369.6650941297412 317.6020385921001 69.57870269566774 2.57191876322031 408.9435157626867 308.1246824190021 1.414839588105679 647.8956663757563 183.9005735293031 479.9197461977601 7952.710845209658 4574.767385527492 19.43885945528746 87.1152666285634 24.91885314881802 1425.794082246721 3.594241991639137 271.1774157881737 104.6982444524765 507.2989190593362 214.823641680181 192.9585210829973 29.58947316557169 4.383748203516006 1.661778636276722 0.1548072099685669 2.356217734515667 3.050509221851826 3.78085969388485 0 0.4731262624263763 21.70744312554598 1.009238943457603 11.90803520381451 2.088390380144119 0.09138651937246323 1.678918585181236 0.7941917106509209 1.379970483481884 0.3202284574508667 2.509542182087898 2.167861133813858 0 2.57292728126049 1.387434661388397 5.981463685631752 2.555098585784435 1.876677006483078 138.6957737058401 0.6048528254032135 6.963341139256954 22.67717199027538 81.46310599893332 2.015073284506798 4.005768120288849 0.1958299055695534 0 0.2630767524242401 3.063911259174347 1.1080721616745 19.80061514675617 6.1024269759655 13.57674916088581 4.211378931999207 18.28630518168211 0.1900177747011185 0.948839008808136 0
0.2767239212989807 8.039378322660923 0.5648836344480515 171.1433135122061 1495.666226498783 1831.237744219601 23.51712676882744 198.3880027383566 527.3739510849118 66.21201737970114 15.18878764659166 1716.573170043528 11.84523268043995 55.43504571914673 562.4481967315078 0 1.562484405934811 4.995696753263474 3.437118791043758 197.0589356422424 0 31.09444020688534 0.2161368727684021 1090.236263848841 5.341694228351116 5.261660531163216 5.4418128952384 94.58724761009216 35.15346407145262 3.748785845935345 1.100302636623383 516.4351868927479 0.1371844857931137 135.7108844816685 0.2249977886676788 333.6247746348381 4.548134841024876 107.0045861452818 110.7390742748976 1340.145932488143 180.1960735172033 2.539771221578121 0.1459992229938507 0 0 0 5.784292317926884 0 0.7431941032409668 1.618110463023186 0 2.273223653435707 1.131076842546463 0 3.125872477889061 0 0 0.2669721841812134 0 0 0 0 1.999739527702332 0 0 0 16.00427182018757 0 0.1229805573821068 0.2644392848014832 6.408505834639072 0 0 0.1089355945587158 0 0 0.9927564710378647 0 5.119882181286812 0 1.019261464476585 1.01864568144083 6.974443547427654 0 0.3146211802959442 0
0.1474758684635162 257.709215156734 14.30319026112556 0.1627101898193359 0 0.5267380625009537 33.29098780453205 1.24260201305151 211.7573945000768 2.291712157428265 2.452836245298386 2.536058604717255 48.14374642819166 1.875166140496731 0 3602.21411511302 20.97745823860168 0.5171727240085602 2.088443629443645 1.258745223283768 4089.702991455793 3583.832288980484 3884.784007132053 2796.916437514126 36.70398420840502 22.4555950909853 6329.316850937903 1285.947234801948 2.102498166263103 10.34277483820915 0.9005492329597473 0 1.414059169590473 111.4108598604798 19.13932265341282 1942.167258635163 895.2453296110034 826.3500533178449 741.7814851924777 84.10052673518658 5.28898711502552 14.40814213454723 6.329954922199249 3.028678148984909 4.156017944216728 19.52526095509529 1.298856541514397 0 0.2215859442949295 25.17246846109629 5.704651691019535 25.93308810889721 1.33957851678133 0.1440782248973846 0 0.2232601195573807 10.39771715551615 0.1259829252958298 4145.053137995303 6.793539524078369 0.4155132547020912 2.303630992770195 0.363914430141449 870.9553082883358 1062.378351785243 1515.61541954428 408.3974773064256 0.4498262777924538 17.1368253454566 344.828064955771 213.7540234774351 33.93570539355278 154.4022360593081 0.09945128113031387 0 4.229711033403873 40.96932265907526 6.744044616818428 310.1160817891359 18.94009487330914 97.87142971903086 56.60803171247244 3.098388999700546 1.701271906495094 5.203469485044479 3.445677310228348
189.389987424016 325.9559812992811 4820.09769114852 2.213940307497978 1.657456442713737 44.42624495178461 393.2255353778601 818.7498854994774 10.18306940793991 32.57383210211992 188.8794965595007 5.062799677252769 5.911942854523659 1194.6456239447 1.562484405934811 20.97745823860168 1418.327469304204 543.7874625176191 5101.647310681641 3.743874400854111 602.0201141312718 153.4900499880314 5011.761485047638 103.4684028550982 6.129729889333248 3554.07299054414 4207.120414845645 101.2569270804524 946.1961961612105 1834.763517096639 9.481620103120804 8.823214113712311 44.9977018609643 3229.784648112953 11.96535094827414 778.4603769928217 4015.940819293261 1542.520137138665 515.3034708276391 28.6676514968276 3.814876191318035 4.629045851528645 1.082701191306114 0.1302006393671036 100.9141834750772 191.1833751425147 0 0 0 3.112462356686592 0.1455944031476974 0.7437116205692291 0.2808083221316338 2.073117591440678 0 2.661432780325413 1.066650182008743 0 11.79136012494564 105.3753261640668 2.713477835059166 47.68620176613331 0 1.881360791623592 9.631474569439888 15.34468453377485 12.70263400673866 2.469781331717968 243.3409480154514 766.5810355246067 5.416896663606167 0.1063685789704323 1.346139624714851 3.412311770021915 0 0.09949101507663727 12.17791176587343 1.723850235342979 59.8353134766221 261.2258927002549 47.77847077697515 12.0172922462225 1.772927790880203 0 0 0
11.80843055993319 74.75858502089977 26.7184434607625 4.529529169201851 4.066407978534698 40.84394677728415 40.7149258852005 83.76310625299811 4.50862929970026 58.59825500845909 3386.853722140193 36.75987834483385 20.74430108070374 126.3494231700897 4.995696753263474 0.5171727240085602 543.7874625176191 721.9982826337218 3128.811976149678 22.08746295422316 2.911228157579899 14.82192033529282 48.83929345756769 17.00938162207603 69.17034888267517 1223.129603751004 107.9920485019684 16.68642196059227 125.9129189401865 47.76920319348574 10.40038790553808 18.25999288260937 6.670923158526421 1628.632224321365 4.361032322049141 641.1094004437327 1422.33970733732 1285.963190846145 466.3646514713764 26.47902221232653 1.266124151647091 10.90556158125401 0.5078864172101021 0 24.32153054326773 2.776918217539787 0 0 0.1547304540872574 1.607552729547024 0.8871636912226677 0.4714450985193253 0 40.73223853856325 0.2305207774043083 197.2134747058153 0.4905379340052605 0 0.5295725017786026 2.360604032874107 14.00193474441767 21.96125155687332 0.1832836270332336 0.2433253228664398 1.270956456661224 0 5.405928291380405 89.83448579162359 240.3095027804375 556.5019923001528 2.391381978988647 0.4777079746127129 0.2092566788196564 149.5737977102399 0.159697026014328 0 6.175126612186432 0.2964977324008942 15.4239217787981 60.8499498218298 16.07716912031174 3.363553337752819 0.6688601523637772 0 0.4816300868988037 0
48.73153834789991 164.6165788918734 108.6644461080432 3.29862716794014 12.67770998924971 40.49111562222242 56.24305731803179 225.6465517953038 5.715370640158653 59.01556490361691 1292.472719855607 34.06087645888329 13.63982797414064 369.6650941297412 3.437118791043758 2.088443629443645 5101.647310681641 3128.811976149678 2332.869899824262 20.25699176639318 29.00283618271351 15.85599782317877 372.9092027842999 25.84253012388945 37.15302246809006 5398.676693923771 454.9301236197352 25.8942105025053 441.158577658236 285.0291923061013 17.06815018504858 35.94198508560658 23.92208142578602 5037.254336729646 9.101513437926769 1103.770807333291 1527.919190913439 2232.446970500052 765.9986092150211 30.07643447816372 2.967225566506386 0.5698403269052505 2.029142268002033 0.326347254216671 58.51775195449591 11.7420559078455 0 0 0 2.537878230214119 0 0.97665636241436 0 11.26048216223717 0.08384434133768082 37.92483744770288 1.808333963155746 0 1.118379183113575 27.4532473012805 11.72636572271585 84.0065458342433 0 0.6512832716107368 2.912457264959812 1.30318558216095 6.720328167080879 22.84041253477335 300.2364216372371 604.5302979201078 2.211708277463913 0.8793259933590889 2.543757684528828 36.58131774514914 0 0 15.51745177805424 0 42.35066039860249 156.3556573465466 33.05252582579851 6.622223407030106 0.5953512638807297 0 0.6304458677768707 0.8513053953647614
4.859848834574223 0.4914068207144737 1.601694419980049 3744.474324248731 16.25010697543621 346.15195017308 196.3154527395964 383.2110147103667 436.9525606185198 3306.479618757963 52.04689548164606 4278.975983291864 12.8480548709631 317.6020385921001 197.0589356422424 1.258745223283768 3.743874400854111 22.08746295422316 20.25699176639318 614.6338642835617 0.8655004277825356 0.08936209976673126 0.6672676801681519 747.0830382406712 0.398797869682312 28.47252937406301 10.85461184382439 2409.606062069535 212.6244364455342 4.946586951613426 2.46730949729681 15.96919123828411 1.208843737840652 208.5264799445868 12.73690314590931 997.7981477603316 18.66370810568333 348.2440484464169 232.7912714630365 567.616161480546 34.34502823650837 2.773685999214649 5.697915658354759 0.2318825870752335 0.4882950261235237 0 124.3946726694703 0 8.843879021704197 129.8565725013614 5.329036764800549 64.07686603814363 72.81251133233309 0.1037492007017136 86.30494631826878 0.2004520744085312 4.713572442531586 6.127441145479679 0 0.1542133837938309 1.047428220510483 0.278909407556057 71.03640296310186 0.9970983862876892 0.1272156685590744 0 551.7779308632016 0 0.8454945012927055 1.19801489263773 254.012647986412 5.477471724152565 5.86599725484848 0 0 0 3.676439225673676 0.5576169937849045 122.4764992892742 0.9635298103094101 22.45966713130474 4.357946485280991 139.8093983456492 0.5909421443939209 0.3749121576547623 0
15.76945481449366 10.91812229156494 940.4137061163783 0 0 3.293234393000603 383.3507183119655 50.05950631946325 137.6651299521327 4.292951554059982 7.827033571898937 0.3128252252936363 48.80427784472704 69.57870269566774 0 4089.702991455793 602.0201141312718 2.911228157579899 29.00283618271351 0.8655004277825356 10646.76898913085 403.9632160142064 14755.40879497677 288.9167214930058 2.64023320376873 158.8284328356385 1008.550915427506 2650.606825172901 170.9337155073881 6951.639081269503 2.028307266533375 0.4618411585688591 53.21487836539745 4035.745562471449 68.92264270037413 7053.642827279866 1867.603151336312 5962.933154202998 3643.940323643386 177.9176863208413 13.15575385093689 22.08454550802708 24.62652525305748 6.302339605987072 1.399712733924389 7.924481593072414 0 0 0.3440632820129395 30.82283068448305 8.104791268706322 31.88484557718039 2.041130542755127 1.360344350337982 0.1077639013528824 0.09339877963066101 19.18406245857477 0 993.7446175068617 4.408262178301811 0.3984773904085159 1.621073044836521 0 781.7474652901292 165.625864572823 162.6272189319134 500.7163026332855 0 8.441444799304008 37.85411264747381 262.6996193081141 58.90166675299406 251.3276241496205 0.09448781609535217 0 9.689626201987267 35.13602028787136 12.04187250137329 195.8281209692359 9.631659224629402 70.00742496550083 34.94546458870173 9.952072650194168 3.906261451542377 9.148923635482788 2.080515399575233
0.6205839216709137 3232.468391008675 270.4284953474998 1.102671682834625 1.888786375522614 0.9566923007369041 33.11013113707304 2.427772350609303 2989.350844599307 1.6521370485425 68.01092492043972 1.397435359656811 342.2278131917119 2.57191876322031 31.09444020688534 3583.832288980484 153.4900499880314 14.82192033529282 15.85599782317877 0.08936209976673126 403.9632160142064 2426.674918733537 443.1577799171209 8295.886519216001 1198.542610108852 89.61413174122572 4055.897569380701 168.9658846631646 3.822237640619278 24.6108288243413 20.80233916640282 0.2063827216625214 0.8749869465827942 109.0500790327787 4.90042470395565 253.1873876154423 136.5138173922896 192.8443301171064 70.29544988274574 47.16427561640739 1.158706843852997 109.0655213147402 1.245850890874863 1.0400784984231 37.82697705179453 53.29837772250175 0.1359984129667282 0 0.2272163480520248 10.54587659239769 1.551169663667679 7.449872970581055 0 7.113722667098045 0 10.92792890965939 4.020194582641125 0 2158.113340884447 8.352034196257591 0.6048000082373619 2.224464677274227 0 194.7702926471829 196.7333143875003 551.4938832893968 175.2643262296915 9.172367587685585 18.7592086493969 1214.183604188263 72.34969979524612 12.64216857403517 44.80698144435883 3.870210900902748 0.1624163389205933 2.420594021677971 8.639068089425564 1.90536704659462 68.38101751357317 22.6469230055809 30.87489964067936 17.22271233797073 4.254269137978554 0.8056918829679489 3.420278683304787 0
71.23116684705019 47.71146989613771 7730.337723314762 3.389035567641258 0.4873584285378456 30.00755656510592 1880.999438270926 422.1887052059174 38.36424700915813 50.1052234172821 20.13173042982817 4.489231772720814 60.15032521635294 408.9435157626867 0.2161368727684021 3884.784007132053 5011.761485047638 48.83929345756769 372.9092027842999 0.6672676801681519 14755.40879497677 443.1577799171209 15246.43123813719 781.340649664402 2.86404300481081 1415.432337522507 7158.056990504265 2342.341028913856 319.3984107896686 8261.171753168106 11.10342215746641 2.069356568157673 21.4578120559454 3408.075843736529 176.8495659381151 9159.718899048865 9654.480247437954 9548.649298474193 6386.38247397542 621.3912746757269 36.86688708513975 20.48586672544479 61.940649561584 1.086664758622646 12.64412374049425 63.16971632838249 0 0 0.6293528079986572 19.07286608219147 0.6697027236223221 5.23491220921278 0.4425200968980789 0.7791661769151688 0 0.8969120308756828 1.578857846558094 0 2014.736306831241 12.2387647330761 0.7145299836993217 3.606666319072247 0 339.3774587661028 369.4010186195374 941.3849011063576 136.2551990002394 0 24.76017787307501 1031.189203925431 87.99992933869362 9.4235560297966 50.31138721853495 0.8620410040020943 0 0.3774027824401855 15.98862147331238 16.01549489796162 159.1462048143148 17.21226608008146 51.5807468444109 39.7298913449049 2.653689414262772 2.696608349680901 10.55948823690414 3.014501392841339
23.12153381109238 1353.844052992761 126.3655561357737 1547.383228354156 57.83204158395529 182.2034279182553 3137.137903884053 268.279128305614 13003.93087173998 804.1323976367712 61.75033085793257 420.8350680693984 164.2161962464452 308.1246824190021 1090.236263848841 2796.916437514126 103.4684028550982 17.00938162207603 25.84253012388945 747.0830382406712 288.9167214930058 8295.886519216001 781.340649664402 15395.02079802752 484.9644892886281 200.2435136139393 3916.137975752354 9490.110839515924 510.1484966278076 349.262372136116 15.63052421808243 13.49557193368673 135.0217114314437 488.7570822164416 54.71385528892279 2968.125161230564 234.7031044214964 888.28470928967 482.7567686066031 1163.208778448403 37.0845178887248 36.90626838803291 12.66513489931822 11.53173638880253 14.25810700654984 21.17759438604116 323.4162530004978 0.7026456594467163 52.95620919018984 808.2793930545449 47.45528613775969 901.0829836800694 197.4806457608938 13.07996234297752 111.1764243543148 5.409750826656818 76.58069673925638 16.47356157004833 359.7443344891071 6.814909279346466 3.878122501075268 4.785764664411545 199.1076301336288 227.2704077586532 202.9105802625418 108.4357222318649 5801.274002023041 2.291667863726616 35.00265642255545 175.8700920194387 2361.747326172888 133.0210572257638 131.9146361276507 3.842566668987274 1.28504952788353 16.67952080816031 72.34050245583057 14.4543673619628 609.1393657699227 19.04278609156609 325.3616714552045 96.69658471643925 509.9764111414552 25.79621408879757 13.59627170860767 2.588179670274258
0.1069078370928764 4220.552332028747 1.497846841812134 0.1012053042650223 0.3575851321220398 3.485422246158123 2.997248634696007 3.161382332444191 243.7992022484541 1.889460615813732 694.3692576438189 1.166853904724121 5991.941981226206 1.414839588105679 5.341694228351116 36.70398420840502 6.129729889333248 69.17034888267517 37.15302246809006 0.398797869682312 2.64023320376873 1198.542610108852 2.86404300481081 484.9644892886281 766.0140754282475 135.5402632281184 4656.328836254776 8.862222343683243 1.368746601045132 0.7136562466621399 266.7923180758953 0.6003414615988731 0.2046067118644714 439.8970079347491 1.387799024581909 151.2258852794766 998.744707852602 662.5911282002926 692.8280720114708 7.462146677076817 9.828772008419037 1377.708205640316 4.147463530302048 0.1381200551986694 222.428394690156 9.678307272493839 0 0 0 0.9644797295331955 0.1145120337605476 0.3749216496944427 0 247.2708868831396 0.1173850297927856 574.1182117909193 1.223815642297268 0 2.263750188052654 4.350550420582294 11.19088750332594 39.08668206632137 0 0 6.695023648440838 2.427107959985733 1.034176841378212 196.6396266222 315.2302579805255 715.9674777463078 0.6663025841116905 2.469335399568081 0.6701071709394455 136.4040529802442 0.1187741234898567 0 46.64039029926062 0.6430795192718506 43.34274205565453 182.9210757389665 46.16047982126474 12.06065820157528 0.1983879208564758 0 78.19806151092052 0
75.81243110448122 1352.338483884931 10251.33909511566 10.16306683421135 9.404522798955441 80.60375398397446 1143.058785691857 612.1231019608676 16.72683526575565 121.6081625521183 1548.310365736485 42.46589031070471 215.1994424015284 647.8956663757563 5.261660531163216 22.4555950909853 3554.07299054414 1223.129603751004 5398.676693923771 28.47252937406301 158.8284328356385 89.61413174122572 1415.432337522507 200.2435136139393 135.5402632281184 27194.12290825695 14433.78528083116 281.884053774178 400.386849783361 451.9299152195454 908.4773027151823 28.89498034864664 21.40327545255423 2006.198690652847 17.26994789391756 2985.372802332044 8844.981968842447 3754.946720786393 1379.063538655639 60.25550743192434 7.761256210505962 29.38452721387148 2.50614320486784 1.364218719303608 525.593874245882 212.0728297680616 0.129893496632576 0 0 16.20857951790094 4.227191127836704 3.388612732291222 1.061098195612431 94.04143494367599 0.3621430844068527 394.4349494948983 12.21663524955511 0.1993647813796997 12.82674518972635 287.7665560469031 75.18766544014215 541.4358361214399 0.2895911931991577 3.295018121600151 20.73536747694016 13.71385350823402 24.64949353039265 147.4770245477557 2085.626694761217 4575.030614361167 9.061250075697899 6.410616718232632 13.05848914384842 225.7191249281168 0.2020997703075409 0 118.0710586309433 4.872126497328281 340.5614461153746 1119.754445545375 259.5970363616943 58.87208686769009 5.661726757884026 0.2063003778457642 3.891176506876945 0.8060090839862823
23.86996378004551 8120.937085449696 10235.55029346794 6.437119171023369 6.16158077865839 33.04493211209774 735.8523530438542 162.9513445273042 188.7908608540893 63.36420989781618 1248.596445135772 14.41750282794237 4275.605630226433 183.9005735293031 5.4418128952384 6329.316850937903 4207.120414845645 107.9920485019684 454.9301236197352 10.85461184382439 1008.550915427506 4055.897569380701 7158.056990504265 3916.137975752354 4656.328836254776 14433.78528083116 33145.95281900465 1471.974178664386 147.9446945488453 154.9751176685095 2159.526836499572 14.52612695842981 15.1918772906065 3201.763046130538 156.2589917555451 7934.479978196323 8564.3163741678 7521.79280679673 2669.872717946768 393.1335385590792 29.92402805387974 52.61284278333187 47.81365856528282 2.887829497456551 2127.392984196544 1346.558349892497 0.4009940177202225 0.1922242045402527 0.4368234127759933 58.73461053520441 5.510189116001129 11.76930657029152 1.387994855642319 150.7911465242505 0.5829323530197144 535.726583532989 17.12938956171274 0.205413930118084 2132.156062208116 635.8301841542125 100.0488500967622 773.6569323167205 0.7475302517414093 102.1048884168267 661.6712413355708 1199.02946574986 200.0374091416597 410.4504202455282 3344.697521992028 14747.2647395432 92.15663819760084 10.91984523832798 21.79922872036695 390.480382181704 0.8680748417973518 1.306547611951828 196.0334257259965 17.40939626097679 751.2602362781763 1543.488785512745 576.5195952579379 178.9286781847477 11.38726609945297 1.025255396962166 13.3319785669446 3.736376464366913
52.2438795119524 22.66633066534996 505.8568194061518 4363.106411844492 3.374535940587521 435.3365096524358 19700.48704537004 446.6015115231276 1041.193022303283 3861.47194352746 36.13340394943953 988.060716971755 29.66247165948153 479.9197461977601 94.58724761009216 1285.947234801948 101.2569270804524 16.68642196059227 25.8942105025053 2409.606062069535 2650.606825172901 168.9658846631646 2342.341028913856 9490.110839515924 8.862222343683243 281.884053774178 1471.974178664386 23827.47823777795 827.1731897965074 10139.42325372249 6.980470336973667 9.882907919585705 308.3435580581427 1400.735329627991 93.80223965644836 4563.108839459717 324.9968612939119 1915.097426094115 973.5910756736994 352.017443574965 40.71117700636387 10.36519396305084 25.73331245779991 7.36047550290823 2.662100829184055 7.337475776672363 197.2083964943886 0.1919558495283127 26.76615492254496 411.7744184434414 24.02788791805506 266.7449229806662 117.1466017737985 3.847322344779968 98.74219647794962 0.5613425076007843 35.51642194390297 10.29286219924688 253.7092534005642 2.862988516688347 1.310405597090721 2.28745935857296 100.0278046280146 230.5465539768338 74.03551638126373 39.257967479527 2443.244082897902 0 9.309986159205437 66.82524212449789 1070.090212151408 88.41415079683065 134.4675388634205 0.7093381285667419 0.8724943548440933 11.15947202593088 42.76286355406046 9.492273680865765 314.5782962217927 8.528002366423607 144.2748856246471 45.79757517576218 233.7211004123092 10.35992749035358 19.22806861996651 6.717054583132267
