837.623928502202 0.2312168255448341 4.428812630474567 1.171969160437584 0 6.514134831726551 1422.656332761049 654.1398719698191 1.492971256375313 24.03705789148808 23.76913031935692 3.014653198421001 1.096110127866268 5840.143644116819 0.1155391782522202 0.1154146865010262 195.2275377437472 54.78080763667822 93.53199011087418 1.62733256816864 19.20213596522808 1.81334525346756 143.7392613664269 33.62206744402647 0.3531838208436966 70.17452516406775 8.551652878522873 81.68978302180767 2540.585244558752 2601.227060057223 0.3027997687458992 8.863947249948978 13.78309932351112 159.3610700443387 0.4391463100910187 16.45139238238335 1.28641601651907 84.79435086250305 4.17491053789854 4.969231799244881 0.7448700517416 0 0 0 0 0 0.1234849393367767 0 0 0.5840634927153587 0 0 0 0 0 0 1.011500775814056 0 0.1687114089727402 0 0 0 0 0 0 0.2034113258123398 2.695032067596912 0 0 0.858520083129406 1.807640820741653 0.405726283788681 0.9625041931867599 0 0 0 0 0 3.476894356310368 0 0 0 0 0 0 0
0.2312168255448341 81.82232815027237 88.85498929768801 0.3892082199454308 0.1491200774908066 0.253416620194912 2.498778283596039 1.267920091748238 783.7768358811736 0.5307369232177734 50.27846702933311 8.333662323653698 703.9941872432828 2.568335920572281 15.26255130022764 52.04673829674721 47.42471024394035 36.59644616395235 33.84535890072584 0 3.173904739320278 2604.577040009201 3.200622275471687 1208.694608829916 1522.158489249647 323.4505012482405 9170.421221479774 40.10372657328844 5.672997765243053 4.11262821406126 56.46451128274202 0 0.5210303589701653 15.86931715160608 0.348305344581604 60.60828053951263 45.09815227240324 110.8593492731452 9.071966394782066 16.65899652242661 0 63.40454351902008 0 0 59.30937077105045 13.95935276895761 0 0 0.1012824401259422 1.284855157136917 0.1875111907720566 2.171434439718723 0 4.732229240238667 0 8.490971028804779 0.5691582188010216 0 1.534508839249611 8.791812933981419 7.877499155700207 51.4323542714119 0 0 9.12104208022356 0.7062224149703979 4.19461976736784 8.561706498265266 378.0110112950206 1190.847591333091 1.790207482874393 0.08766638487577438 0.8417283371090889 5.41315133869648 0 0 8.467732235789299 0 33.70989170670509 13.14948164671659 30.59012135118246 2.422315239906311 0.283784806728363 0 1.2462999522686 0
4.428812630474567 88.85498929768801 5016.50046107918 2.712759308516979 0 14.2922925427556 1448.411605931818 64.79421860724688 4.432456351816654 33.63098523765802 79.06619677692652 0.3297758176922798 12.84863232821226 80.87137815356255 0 5.272029213607311 7390.732579983771 463.6590813547373 496.0824303328991 0.2978052943944931 239.6489137113094 22.54473958909512 5847.167596518993 25.94756934046745 1.746158123016357 7824.939090758562 4493.410118535161 474.8046002984047 32.7790718972683 770.7230219244957 12.17167204618454 0.9616651311516762 8.589958377182484 610.2784558534622 28.82740499079227 2135.563399344683 1168.51807230711 2066.755187883973 402.3898800462484 51.219302482903 4.514132499694824 0.6623009219765663 6.043824292719364 0.1081468090415001 42.0739393979311 203.4708441197872 0.2016894817352295 0 0.1110828369855881 3.966710284352303 0.2090678587555885 0.8483537808060646 0.2874376475811005 2.990415506064892 0 1.572544179856777 4.317616730928421 0.1552800387144089 29.33198589086533 96.58238537609577 5.137185998260975 138.8475124686956 0 5.116812251508236 31.97633565217257 18.51239914447069 26.37644998729229 1.883595414459705 434.6020909622312 1776.201788641512 11.05968413501978 3.86480525881052 9.368295110762119 1.397999696433544 0 0 36.357347227633 3.229161843657494 140.9705389589071 36.20080576837063 117.9499502927065 19.19004075229168 2.812412083148956 0 0 0
1.171969160437584 0.3892082199454308 2.712759308516979 1968.562241911888 2.309402897953987 74.98271893709898 37.90690949559212 19.67002084106207 973.5438935160637 2510.77668915689 0.7422395795583725 4797.342147894204 0.4720229655504227 25.52390420436859 104.0710852742195 0.5247195810079575 2.25755275785923 0.3348731771111488 0.4955628514289856 3810.570378184319 3.637975662946701 1.38013331592083 1.469495661556721 1264.951766170561 0 1.851134218275547 3.578498795628548 1760.078203573823 43.7013031244278 1.430671699345112 0 1.844970896840096 0.9072629809379578 16.91365120559931 4.173295021057129 544.1582028791308 1.426960505545139 46.07370308786631 27.06749390810728 374.4359082877636 2.324489153921604 1.629420563578606 2.593763530254364 0.1829871237277985 0 0 84.55853213369846 0 7.776154354214668 47.93152203410864 6.511818870902061 74.68894878774881 139.9869088754058 0.4177572578191757 113.721984103322 0 9.013614930212498 0.2059726864099503 0.7989712804555893 0 0.2037028819322586 0 41.05347083508968 1.063437670469284 0 1.080859616398811 219.6190761178732 0 0.1449835598468781 1.132074154913425 168.6764367744327 3.455558508634567 1.759881742298603 0 0 0 3.458166152238846 0.2909222543239594 192.1315355300903 0 12.24057148396969 1.491422757506371 69.94961315393448 1.890805944800377 0 0.1380241364240646
0 0.1491200774908066 0 2.309402897953987 10.0631283223629 28.77490429580212 0.206733226776123 4.996215559542179 24.60852767527103 1.127102635800838 3.317666813731194 62.32534162700176 0 22.11726653575897 738.7349869757891 0 0 0.4797160923480988 0 3.885868221521378 0 0.569032609462738 0 7.266094341874123 0 0 0.62490513920784 2.290091305971146 73.74663510918617 0 0 126.8681189119816 0 2.419905424118042 0 2.670774266123772 0 3.019492030143738 1.521990180015564 2421.660225272179 0 0 0 0 0 0 0 0 0 0.2512028813362122 0 0 0 0 0 0 0 0 0 0 0 0 0 0 0 0 0.1326821893453598 0 0 0 0 0 0 0 0 0.2611391246318817 0 0 0.9725542664527893 0 0 0 0 0 0 0
6.514134831726551 0.253416620194912 14.2922925427556 74.98271893709898 28.77490429580212 11739.48725579679 2223.799083806574 4684.661102063954 46.26491922140121 9712.422500751913 93.04477813839912 5626.19676116854 70.54705458134413 880.9482561871409 696.7287825196981 0.1528048366308212 41.40360303223133 28.04686707258224 32.26317355781794 364.7817609757185 9.556297220289707 0.7943532764911652 22.78097860515118 352.6023200824857 2.831086844205856 46.6037829220295 8.071027055382729 1094.39318215102 307.6676228567958 33.77025284618139 0.9381832405924797 1390.086143024266 0.5979853719472885 385.6742666140199 3.975533291697502 546.6060723736882 17.33456784486771 806.8712584078312 224.1763305440545 1850.858282580972 224.090679295361 16.36071235686541 9.779747553169727 2.073161631822586 0.1919477730989456 0.1353419423103333 19.46185743063688 0 4.365163072943687 70.77023869007826 3.548225104808807 3.603186294436455 15.57154360413551 0.9963709861040115 9.846347965300083 1.327136814594269 9.714093923568726 0 0.8060306757688522 0 0 0 7.082158178091049 0.3135860413312912 0.6482561081647873 1.312865927815437 107.3862304762006 1.79788339138031 1.294675827026367 1.279414907097816 99.35695185512304 8.039507620036602 9.756230436265469 0 0.4244609698653221 0 2.171122401952744 0.7368001043796539 88.13585048913956 0 10.89300680905581 0.8984005600214005 12.6820367872715 0 0 0.6136628985404968
1422.656332761049 2.498778283596039 1448.411605931818 37.90690949559212 0.206733226776123 2223.799083806574 16816.85707549006 3429.351906239986 243.016621671617 9325.009181343019 45.01758757978678 40.537508033216 5.727645717561245 7481.32878574729 13.6172786578536 41.3510067909956 1450.899519473314 196.3637660369277 264.7744581252337 18.1406939253211 2110.755912229419 24.85038986057043 1436.993906386197 1608.97762183845 4.348188921809196 1038.812806949019 444.7926691770554 18234.46308162063 1850.572798512876 8362.494167931378 1.146252006292343 22.94336656481028 43.13895752280951 573.1850977689028 52.27120541781187 1659.219152644277 62.10124833881855 1314.897903837264 576.9089291915298 223.9516316428781 6.757593914866447 2.759732931852341 33.50182730704546 19.25128011405468 1.454527512192726 10.15254475921392 74.51174677163363 0 17.48544616252184 502.3224159702659 54.79891932755709 52.41252633184195 120.5435311421752 9.113980658352375 49.09495283663273 3.852774575352669 117.6204116120934 4.000340193510056 36.7833745777607 1.298764616250992 1.162265561521053 1.575686559081078 21.30521322786808 10.08933264017105 5.762106612324715 22.28752373158932 833.7800146341324 0.1566724330186844 8.496229782700539 63.92239366471767 720.7261042892933 61.08212342113256 129.4092680737376 0.3288795650005341 9.265717543661594 2.205766119062901 43.78011700510979 2.483659073710442 650.2509471476078 2.405637755990028 176.9622073248029 23.70574746280909 91.10769098997116 6.86082798242569 0 0.3857409358024597
654.1398719698191 1.267920091748238 64.79421860724688 19.67002084106207 4.996215559542179 4684.661102063954 3429.351906239986 6916.608684621751 26.60138111561537 2495.544049970806 232.4047115668654 846.8984214961529 59.24067491292953 8899.831611685455 99.95503754168749 0.942135863006115 735.9934686496854 331.1989755257964 474.8524081557989 124.7201097533107 51.96820083260536 9.495832368731499 434.8562239333987 262.4145355597138 3.490732289850712 491.8382141143084 37.64411779493093 427.4198812320828 641.9780867919326 1145.754496015608 1.854556187987328 1102.89074754715 2.79258356243372 400.3089497610927 3.436313137412071 293.4241142496467 21.04791568219662 548.2527757585049 171.9874383732677 515.445256985724 150.400473408401 15.57480391860008 8.776425264775753 1.782394222915173 0.2735081315040588 0.4177222922444344 6.993287235498428 0 1.013298749923706 75.09462432563305 4.851308584213257 4.156468063592911 4.880840435624123 1.585960239171982 2.481067351996899 0 15.88027685135603 0.4004421681165695 3.061963066458702 0 0 0 0.9849771782755852 2.607396751642227 2.616624519228935 1.448898449540138 112.6287261843681 0 2.596665918827057 1.898188948631287 85.22357990592718 8.532178364694118 28.14027258008718 0.1200182288885117 0.6150598526000977 0.6786044239997864 5.577283106744289 0 59.21966028213501 0.5160141736268997 10.4900037497282 4.79985948652029 3.813188195228577 0.5947062969207764 0 0.4909507930278778
1.492971256375313 783.7768358811736 4.432456351816654 973.5438935160637 24.60852767527103 46.26491922140121 243.016621671617 26.60138111561537 821.5688814073801 559.349612429738 5.289269998669624 280.1252014935017 28.70441813766956 21.31922136992216 730.0167732089758 242.8636120781302 4.524952135980129 5.849018275737762 4.016378924250603 522.375105522573 34.10078033804893 2998.764665298164 72.795405626297 6459.928883947432 318.7432142272592 25.74585085362196 1764.650435969234 1247.717465087771 36.6174628585577 37.50616111606359 9.526162773370743 0.2533296644687653 2.828129760921001 15.05011945217848 3.268780782818794 228.0131830647588 10.18808577954769 55.57228416204453 36.19178734719753 435.1654927879572 3.234289586544037 1.240228727459908 0 19.2508058398962 4.361315451562405 4.020131155848503 135.7804601565003 0.6329795569181442 15.08006203919649 283.3742344975471 26.08243469893932 221.2379516214132 225.9498123899102 3.493177570402622 101.1104317903519 0.4999517053365707 75.02774776518345 26.33067806065083 376.1646679490805 1.168395198881626 1.191680148243904 3.420556671917439 63.23418265581131 52.1988460496068 41.35070873051882 61.30455666780472 1543.929384432733 2.34108093380928 14.22106690704823 50.85618337243795 613.6625757664442 74.6286113858223 185.8510044515133 1.048028215765953 2.276566691696644 3.007588751614094 19.47209016978741 4.51251246035099 136.3443338721991 6.554980248212814 79.7374089807272 25.25006894767284 120.2521611154079 4.528854958713055 0.554132342338562 0.1063165962696075
24.03705789148808 0.5307369232177734 33.63098523765802 2510.77668915689 1.127102635800838 9712.422500751913 9325.009181343019 2495.544049970806 559.349612429738 35421.64174798876 95.82629007101059 8990.345381453633 26.20843382924795 1207.681280635297 54.96151299774647 1.4494653865695 46.19405940175056 23.09433969855309 19.77622302621603 3563.063973926008 37.89322058111429 0.2373892813920975 26.07400547713041 1003.988478414714 4.155831664800644 45.61070485413074 19.06505446881056 7830.825486756861 1107.922315053642 20.05766490101814 1.360482566058636 86.47072859853506 6.754108369350433 694.0744373425841 30.09696040302515 1918.681582719088 48.95124305039644 1772.981085263193 468.42368067801 581.0608273297548 38.60794747620821 8.47779455780983 42.49859467148781 1.262941963970661 0 0.6215225979685783 215.8366862609982 0.1166517361998558 16.41656289249659 195.2426358982921 16.30412872880697 140.5415978133678 255.6918423771858 2.29758233577013 178.5350577831268 1.439903870224953 24.90453603118658 3.81961590051651 4.097027227282524 0 0.2851232588291168 0 59.47429392486811 2.129580207169056 0.7350419759750366 1.926555462181568 664.431902512908 0.08525337278842926 0.9609996378421783 4.138337515294552 471.8392717167735 11.27867470681667 13.61751942336559 0 3.730767518281937 0.2541128396987915 4.721461951732635 1.14483705163002 415.470790989697 0.4949458763003349 20.20000402629375 8.045123375952244 139.0556180924177 2.789047688245773 0 0
23.76913031935692 50.27846702933311 79.06619677692652 0.7422395795583725 3.317666813731194 93.04477813839912 45.01758757978678 232.4047115668654 5.289269998669624 95.82629007101059 7713.750521324575 84.63671348243952 2345.728586599231 668.2936162799597 11.45419770479202 2.096724085509777 718.0292203202844 1756.211692214012 657.1329663395882 12.40536352992058 39.96120850741863 11.88141588866711 47.7923738732934 11.92044994235039 418.0214414000511 1773.851175092161 1829.826832346618 25.05283842980862 1672.506063900888 35.39490678906441 299.7704827859998 754.3857471197844 43.19451388716698 8567.860371023417 34.67081351578236 1013.586099840701 4835.729633115232 6590.159673273563 756.0802568569779 53.89632678776979 29.08107992261648 1268.186007641256 8.655290827155113 0.4663355648517609 8.22319220751524 1.409705281257629 0.7559390068054199 0 0 1.279155522584915 0 0.1715623140335083 0 129.5412483811378 0.1214363276958466 381.6267813742161 0.2260260879993439 0 0.7020742893218994 0.3977379500865936 17.637955121696 4.503770910203457 0 0.5612568855285645 0.7650559470057487 0 2.649655729532242 165.7917705327272 101.0873960778117 141.2210784330964 1.222607314586639 0.4636560082435608 0.2865471094846725 106.6862408518791 0 0 2.528788514435291 1.413630127906799 16.93147499859333 307.1075127869844 9.324522249400616 0.226878821849823 0 0 187.1366521641612 0
3.014653198421001 8.333662323653698 0.3297758176922798 4797.342147894204 62.32534162700176 5626.19676116854 40.537508033216 846.8984214961529 280.1252014935017 8990.345381453633 84.63671348243952 7401.214675866067 20.97751011699438 599.6367704048753 1827.295015715063 0.2263937741518021 3.742721065878868 10.22708015888929 6.11325079202652 7562.717824794352 0.6438862830400467 42.69720058888197 1.805484302341938 573.6890515759587 4.107196994125843 9.41924525052309 34.27729068696499 1139.327841132879 333.1065348759294 3.258362092077732 1.075804330408573 128.584183447063 0.8978106379508972 292.5378406196833 1.534743100404739 1041.408774890006 19.29272919148207 825.0880888551474 119.6547035649419 2216.266999691725 52.6250448897481 5.554963827133179 5.553609177470207 0 0.4937222898006439 0 30.42944569885731 0 3.809898793697357 12.46102643758059 2.746409542858601 16.29763081669807 33.80779621750116 0.3846388980746269 155.7972614020109 1.25917649269104 4.382536515593529 1.091932535171509 1.191423565149307 0 0 0 39.49821609258652 0.1121335849165916 0.2233437597751617 0.2077132761478424 63.52853401750326 0 0.4414819478988647 0.918589673936367 23.92353451997042 1.043289475142956 1.834625110030174 0 0.1128955706954002 0 0.3114508390426636 0 113.6361000016332 0.1205193623900414 1.634473517537117 1.180355191230774 19.1542931497097 0 0 0
1.096110127866268 703.9941872432828 12.84863232821226 0.4720229655504227 0 70.54705458134413 5.727645717561245 59.24067491292953 28.70441813766956 26.20843382924795 2345.728586599231 20.97751011699438 3131.132511340082 80.782191619277 9.771111994981766 3.413033060729504 4.939852006733418 126.3420984447002 18.24997349828482 3.03422188013792 15.63668265193701 126.7665372863412 15.23116494715214 33.5096600279212 4283.532598078251 481.2015120759606 5558.702173553407 19.73334486037493 84.58321123570204 2.532709814608097 551.0212431773543 62.81007298082113 0.5556021481752396 1166.982461728156 100.1047636270523 1924.769965991378 5424.027879975736 6241.670908130705 860.4203853979707 440.6389345005155 308.3017816990614 1575.487644433975 69.60669584572315 0 14.58074018359184 1.994778960943222 0 0 0.6355347037315369 1.544231057167053 0 0.7003826573491096 0 830.0251651629806 0.08301426470279694 2635.645769350231 0.5252909883856773 0 0.2291177362203598 0.2363554909825325 53.76773007214069 3.878022387623787 0 0 1.951939173042774 0.5492328107357025 1.67251218855381 1090.796865738928 328.0802064016461 624.8296832665801 1.625315323472023 0.6662845090031624 0.1820553541183472 756.8321106210351 0.1134579479694366 0 1.935107417404652 6.770028844475746 132.7476157993078 1435.876702934504 97.92631395161152 33.24954424798489 0.2929368764162064 13.62676298618317 551.4463101476431 0
5840.143644116819 2.568335920572281 80.87137815356255 25.52390420436859 22.11726653575897 880.9482561871409 7481.32878574729 8899.831611685455 21.31922136992216 1207.681280635297 668.2936162799597 599.6367704048753 80.782191619277 15113.17255664617 58.46165658533573 3.486772626638412 1036.385768696666 405.0657793283463 577.0204009786248 106.604070417583 91.63684660941362 13.48767723143101 701.1654953882098 246.6817619130015 3.358485758304596 594.8704616725445 72.46016727387905 590.6636441349983 5397.653635337949 3133.022638164461 4.538586489856243 638.1375690996647 22.15805120021105 1032.1544906497 6.586642757058144 528.1413631439209 58.58471529185772 1230.559663817286 178.7390441820025 336.4438007250428 167.2680614218116 22.02311836183071 8.737385407090187 0.9931309297680855 0.2485749274492264 0.5914687514305115 2.366061493754387 0 0.1340175122022629 27.60387799143791 2.066316917538643 2.339829564094543 6.332195311784744 0 2.120857261121273 0.08576608449220657 5.722797185182571 0.7721072733402252 11.41626957803965 0 0.3225365802645683 0.9875081107020378 1.435491129755974 3.819511123001575 3.013538867235184 1.841772124171257 53.58132078498602 0.1543096303939819 2.950525425374508 5.983586259186268 41.56443621963263 8.706593401730061 10.14811071008444 0.1086342558264732 0 0.1311206072568893 3.177711226046085 0.3756932318210602 33.49736446142197 0.5678214877843857 10.17039540410042 3.258963033556938 6.429774850606918 0.5694628357887268 0 0
0.1155391782522202 15.26255130022764 0 104.0710852742195 738.7349869757891 696.7287825196981 13.6172786578536 99.95503754168749 730.0167732089758 54.96151299774647 11.45419770479202 1827.295015715063 9.771111994981766 58.46165658533573 449.6905724406242 0.2316445410251617 0.7016196325421333 0.9726953953504562 0.5858273506164551 252.1066901236773 0.2450910806655884 104.911124818027 0.1199458390474319 729.2784685194492 5.244670890271664 1.533776000142097 66.93984876573086 92.23304757475853 26.31007478386164 0.1023214980959892 0 755.5257852301002 0.3187404572963715 43.2850145176053 3.23564875125885 137.4709015786648 13.58208568394184 101.0153815001249 22.77296055853367 1402.505188770592 42.94025994092226 12.1805764734745 1.274214684963226 0.4652631878852844 0 0 0.3993563652038574 0 0.1453336924314499 4.115261316299438 0.9932692423462868 2.88117790222168 1.495473265647888 0 1.738276049494743 5.840822219848633 0.3795331120491028 0 2.697714179754257 0 0 0 0.976710319519043 0 4.348395645618439 0.2051422894001007 14.30138096958399 0 0.3280687779188156 0.6378765106201172 6.999247647821903 1.19695046544075 0.8848748654127121 0 0 0 0 8.810489177703857 12.29425781965256 0 0.9850261509418488 0.8435318619012833 1.097705960273743 0 0 0
0.1154146865010262 52.04673829674721 5.272029213607311 0.5247195810079575 0 0.1528048366308212 41.3510067909956 0.942135863006115 242.8636120781302 1.4494653865695 2.096724085509777 0.2263937741518021 3.413033060729504 3.486772626638412 0.2316445410251617 1147.279009193182 22.53613438457251 1.686061285436153 7.599804379045963 0 3202.006009966135 2814.160408206284 4535.878259845078 2546.433029688895 6.641370981931686 5.133547231554985 3436.780968695879 2577.16559638828 15.95253394544125 89.51572603732347 0.1124893501400948 0.4658408910036087 3.478185892105103 28.86407393962145 31.65832507610321 1676.552647605538 179.2262321263552 343.7955664098263 441.9407799988985 57.86881166696548 0.9726774245500565 5.071459919214249 8.682867929339409 4.905906222760677 0.8836462497711182 38.56010086089373 0.2421889901161194 0 1.250456534326077 30.02730721235275 3.654708012938499 7.395909205079079 0.6785401776432991 1.29112283885479 0.2311387658119202 11.76043243706226 23.11867262423038 0.5402266830205917 2857.723938204348 5.06052303314209 0.2269613966345787 1.9400554895401 0.1062396913766861 225.9258871003985 440.2432845905423 1516.123321041465 233.868777051568 1.802433490753174 9.525696001946926 742.4514163061976 143.8957307934761 30.81605184823275 78.44237911701202 0.1623426228761673 1.148725315928459 1.195099644362926 12.31327785551548 2.633345574140549 562.8468719273806 9.203075051307678 38.98252106457949 24.19059085100889 13.47553452849388 0.5825846642255783 0 1.56654816865921
195.2275377437472 47.42471024394035 7390.732579983771 2.25755275785923 0 41.40360303223133 1450.899519473314 735.9934686496854 4.524952135980129 46.19405940175056 718.0292203202844 3.742721065878868 4.939852006733418 1036.385768696666 0.7016196325421333 22.53613438457251 1701.173701740801 722.8102661296725 1871.607472613454 1.112577445805073 520.5455298498273 9.010040283203125 3316.880038894713 38.94822932779789 1.248033404350281 1886.615357793868 6953.546633943915 274.069661103189 606.3183906897902 2401.11562102288 3.207496590912342 5.260333374142647 36.84282130748034 1992.366817437112 7.61217400431633 406.169001929462 2355.263547442853 803.8615411818027 190.1864957585931 12.75467907637358 2.870244786143303 1.24507125467062 2.355443194508553 0.1588178873062134 29.36606412380934 56.78913106024265 0 0 0 2.452116526663303 0.36969855427742 0.1565327048301697 0 3.529668994247913 0 1.382110595703125 1.918809749186039 0 14.96358789503574 46.66051831096411 6.075197875499725 130.7137416824698 0 2.573044024407864 6.107705123722553 6.024617202579975 8.775275275111198 1.235870435833931 468.7385539039969 792.5306316390634 4.354670330882072 1.604174435138702 3.558279074728489 0.946624681353569 0 0.108720175921917 28.92626577615738 0.4204816073179245 77.87495723366737 44.94753959029913 90.33939411491156 14.35000905394554 0.7403231635689735 0.6181316375732422 0 0
54.78080763667822 36.59644616395235 463.6590813547373 0.3348731771111488 0.4797160923480988 28.04686707258224 196.3637660369277 331.1989755257964 5.849018275737762 23.09433969855309 1756.211692214012 10.22708015888929 126.3420984447002 405.0657793283463 0.9726953953504562 1.686061285436153 722.8102661296725 131.6458918973804 2331.858922980726 1.009096212685108 31.05319429934025 8.057130485773087 161.6788553223014 6.79191318154335 35.48949883133173 3804.66976005584 2232.417405091226 26.31799747049809 367.4360008463264 231.96651173383 137.9290104210377 30.5288193821907 26.45324373990297 1404.712599292397 17.04668925702572 1005.531253285706 1421.002598151565 1999.461391031742 298.2764935940504 18.52221761643887 2.321419656276703 17.8094724714756 4.0459810718894 0.6319069862365723 13.11965938657522 3.055385448038578 0 0 0 1.409671828150749 0 0.5941620767116547 0 13.87440142035484 0.1245031580328941 91.37657885253429 0.2951518371701241 0 0.2188175022602081 1.174666993319988 40.74745433777571 18.12981328368187 0 0 0.9015195146203041 0.1040191724896431 1.544365972280502 9.140382461249828 202.4457176327705 264.7791393399239 1.165309205651283 0.7156396806240082 0.5007159113883972 64.51480115950108 0 0 1.664204560220242 3.44320946931839 17.60228322446346 29.62361595034599 6.487951226532459 2.422596864402294 0.4913092702627182 0 0.2787661552429199 0
93.53199011087418 33.84535890072584 496.0824303328991 0.4955628514289856 0 32.26317355781794 264.7744581252337 474.8524081557989 4.016378924250603 19.77622302621603 657.1329663395882 6.11325079202652 18.24997349828482 577.0204009786248 0.5858273506164551 7.599804379045963 1871.607472613454 2331.858922980726 1060.6178759709 1.035716913640499 92.8179287686944 4.986886769533157 364.558553442359 10.60390911251307 4.373459123075008 3734.360226102173 2549.136459432542 45.52616641670465 476.3470384255052 606.9300798848271 21.40967890620232 15.95927603542805 33.56419812142849 2502.561954677105 2.469560623168945 563.2525092437863 1921.968957073987 1597.980506919324 138.2731304913759 11.15108174830675 3.116902604699135 1.679203853011131 0.3596416115760803 0.2281683832406998 32.23025543987751 12.75199456512928 0 0 0 1.729658581316471 0.1425462067127228 0.2812501490116119 0 6.63042987883091 0.1471365541219711 10.93093145638704 0.4933264628052711 0 3.953453056514263 6.855825580656528 58.5357855334878 127.3645887300372 0 0.5779831260442734 1.684980094432831 3.591665402054787 1.632624410092831 3.782222501933575 956.8953720405698 675.8637243881822 1.502566456794739 0.7143107578158379 2.39838045835495 13.89088797569275 0 0 10.32560656219721 2.680007457733154 32.7883273512125 27.6320563480258 39.61111026257277 2.378342062234879 0.5842989683151245 0 0 0
1.62733256816864 0 0.2978052943944931 3810.570378184319 3.885868221521378 364.7817609757185 18.1406939253211 124.7201097533107 522.375105522573 3563.063973926008 12.40536352992058 7562.717824794352 3.03422188013792 106.604070417583 252.1066901236773 0 1.112577445805073 1.009096212685108 1.035716913640499 386.6215926408768 0.5558050200343132 0.9564435184001923 0.7894594967365265 412.7566953375936 0.484479621052742 1.813433274626732 3.023492150008678 2287.218966580927 113.7328869923949 0.822991631925106 0.1036873459815979 11.3872832134366 0.4649627804756165 73.31062113493681 2.746672108769417 642.0276755839586 9.022838577628136 195.6353509128094 46.24239373207092 697.4150368347764 5.548936143517494 1.054810419678688 3.47262991219759 0 0.248168870806694 1.465765088796616 71.0132517889142 0 4.312738984823227 37.11513445526361 6.599916338920593 44.30566576123238 83.57451438158751 0.1967363953590393 106.166609659791 0 4.622842282056808 0 1.37721198797226 0 0 0 33.73482097685337 0.3690584897994995 0 0.4133709967136383 158.4409067556262 0 0.1557271331548691 0.8763756453990936 111.5050721094012 0.7704004719853401 1.434340760111809 0 0 0 0.502571202814579 0 158.5802869647741 0 3.606386110186577 0 55.10368838906288 0.2506393790245056 0 0
19.20213596522808 3.173904739320278 239.6489137113094 3.637975662946701 0 9.556297220289707 2110.755912229419 51.96820083260536 34.10078033804893 37.89322058111429 39.96120850741863 0.6438862830400467 15.63668265193701 91.63684660941362 0.2450910806655884 3202.006009966135 520.5455298498273 31.05319429934025 92.8179287686944 0.5558050200343132 11788.62763350457 169.1030891314149 13618.09372510761 235.8335757032037 7.27133484184742 102.7100223898888 632.2132441326976 2774.621494308114 273.840730831027 9559.413776688278 0.4194738492369652 1.571296073496342 60.91890297830105 2111.50263928622 193.095138899982 6980.53450101614 675.9125523343682 6447.959422118962 3814.715763889253 235.2238027304411 6.129699684679508 9.678960159420967 45.57960707694292 10.18122648447752 0.5982129126787186 3.363579794764519 0.9796973094344139 0 2.000693142414093 22.97558275610209 6.201102241873741 3.916724547743797 1.198493160307407 3.94228907674551 0.2187010496854782 6.67642468214035 26.49979244172573 0.7755267322063446 555.6510515213013 1.576877489686012 0.4194422736763954 1.149472422897816 0 137.7805866673589 62.55036723613739 151.9296056106687 151.8377382084727 1.009031534194946 3.654079988598824 46.17430374026299 75.24824231863022 46.00796647369862 86.77987042814493 0.3542257845401764 0.7296429499983788 2.946940347552299 14.77009578794241 9.631209760904312 203.3476210087538 4.461006142199039 37.15047216415405 17.69046224653721 8.355580203235149 0.1012477800250053 4.124160468578339 2.421386241912842
1.81334525346756 2604.577040009201 22.54473958909512 1.38013331592083 0.569032609462738 0.7943532764911652 24.85038986057043 9.495832368731499 2998.764665298164 0.2373892813920975 11.88141588866711 42.69720058888197 126.7665372863412 13.48767723143101 104.911124818027 2814.160408206284 9.010040283203125 8.057130485773087 4.986886769533157 0.9564435184001923 169.1030891314149 1432.970467232168 326.1974886208773 6861.027349196374 1336.842858113348 36.72592410445213 5450.853063173592 429.5977058932185 46.99580149352551 74.84552709013224 15.93219465017319 1.210596010088921 5.491801828145981 9.393050290644169 1.958414375782013 141.1399248018861 15.81297329813242 60.84422831237316 26.30832926928997 139.0955971106887 0 7.407468967139721 0 6.67679113894701 21.09864550828934 53.47803775221109 0.381241537630558 0 0.6351016908884048 24.1192387714982 4.782328329980373 34.20888696610928 1.314084075391293 2.212855935096741 1.887491539120674 1.777708947658539 25.98972311615944 6.555893197655678 1019.010472521186 5.703888632357121 1.251199029386044 7.207146771252155 0 108.4328808039427 74.18282602727413 279.0040657147765 299.2516689896584 4.26336894929409 59.22852742671967 1382.217764019966 77.40587028861046 33.46479541063309 78.59278155118227 1.510319426655769 0.1686332672834396 1.293737448751926 10.96023469418287 1.54045569896698 71.42133697867393 8.561340823769569 33.2582730948925 11.7748971581459 15.85712718963623 0.1977489590644836 0 1.846742585301399
143.7392613664269 3.200622275471687 5847.167596518993 1.469495661556721 0 22.78097860515118 1436.993906386197 434.8562239333987 72.795405626297 26.07400547713041 47.7923738732934 1.805484302341938 15.23116494715214 701.1654953882098 0.1199458390474319 4535.878259845078 3316.880038894713 161.6788553223014 364.558553442359 0.7894594967365265 13618.09372510761 326.1974886208773 16095.79626583308 414.0889120623469 9.008426129817963 1351.21630333364 10191.20027839392 4750.688765816391 567.7571047544479 7273.026744931936 2.234194166958332 5.096376717090607 54.77140814810991 3967.438438311219 315.9342861399055 12180.77332295477 7211.383407346904 8845.125631935894 6072.95529551059 412.1417842954397 21.97314903885126 17.02585998177528 67.26877273619175 2.984387375414371 8.439183160662651 409.8409147337079 0.3833203911781311 0.1354059427976608 0 23.86533240228891 2.498357549309731 1.803621619939804 0.737196609377861 0.5517424196004868 0.1779564470052719 2.246750369668007 12.22106945514679 0.3469335436820984 2232.592863276601 38.04873299598694 1.025514870882034 8.982575282454491 0 130.6364721059799 200.2630812004209 1583.288780227304 142.1548158377409 0.1196044981479645 69.15906039625406 2822.403859943151 102.1168577820063 14.07471399754286 30.37144370377064 1.310742259025574 0.607628345489502 1.049909643828869 11.24955438822508 10.96243394911289 479.635165758431 20.65318349003792 47.90036627650261 19.46851854026318 6.590864405035973 0.8065164685249329 5.511719763278961 1.209456726908684
33.62206744402647 1208.694608829916 25.94756934046745 1264.951766170561 7.266094341874123 352.6023200824857 1608.97762183845 262.4145355597138 6459.928883947432 1003.988478414714 11.92044994235039 573.6890515759587 33.5096600279212 246.6817619130015 729.2784685194492 2546.433029688895 38.94822932779789 6.79191318154335 10.60390911251307 412.7566953375936 235.8335757032037 6861.027349196374 414.0889120623469 8417.176519997418 291.1557652875781 37.01752036064863 5455.153354220092 6412.480420418084 851.5094324275851 516.7322148010135 5.040709294378757 6.151945717632771 86.7231006026268 208.9790952578187 60.23637057095766 2497.355381168425 98.67767927050591 905.854368403554 510.0627613067627 529.97385430336 5.208014123141766 6.551969401538372 19.65471445769072 60.65805854648352 5.674544990062714 18.42176251113415 177.1178485900164 0.8047506809234619 30.48734164983034 771.7001686096191 77.78268054872751 365.5694665685296 297.6247594431043 18.81197068840265 123.38362210989 9.473860554397106 232.7979981973767 17.31821326166391 416.9383794292808 4.314872443675995 2.832551263272762 6.986057095229626 72.90674930810928 122.8411921039224 210.5527602732182 135.5179888531566 2298.562208965421 6.64712793380022 24.3064601868391 151.5674282088876 1377.170624800026 236.9237521141768 464.1740934550762 0.8309686705470085 8.945082560181618 7.077075906097889 80.64229469001293 7.712118983268738 718.0375242233276 10.31680262833834 258.2257129475474 74.50918801128864 185.3977075815201 6.168793454766273 0.2049945443868637 3.313711948692799
0.3531838208436966 1522.158489249647 1.746158123016357 0 0 2.831086844205856 4.348188921809196 3.490732289850712 318.7432142272592 4.155831664800644 418.0214414000511 4.107196994125843 4283.532598078251 3.358485758304596 5.244670890271664 6.641370981931686 1.248033404350281 35.48949883133173 4.373459123075008 0.484479621052742 7.27133484184742 1336.842858113348 9.008426129817963 291.1557652875781 355.2431694716215 391.0182071626186 4361.25339782238 13.43230681121349 5.988697499036789 7.082596905529499 298.2110283747315 1.04060535132885 0 182.6855089515448 16.84816157817841 1601.983311638236 406.6736235693097 2018.103213422 318.6475511863828 158.6146648228168 38.65756815671921 425.1765227168798 4.488208651542664 1.150469660758972 20.31130269169807 0.1081183776259422 0 0 0 2.245370976626873 0.09182481467723846 1.003831416368484 0.1012422442436218 143.8740444406867 0.1272357553243637 728.5146421194077 0.1322946101427078 0 0 0.1177572086453438 58.62220982462168 6.328446671366692 0 0.2539852112531662 0.9146876558661461 0.1432330012321472 0.6841129511594772 141.0240644440055 309.1621062681079 708.47565767169 1.738053120672703 0.9473109543323517 5.163546442985535 214.3317717015743 0.08776578307151794 0 2.906254477798939 1.181344509124756 120.6361407935619 159.7453059628606 30.17839734256268 2.410420835018158 7.516490340232849 1.110210299491882 40.18590259552002 0
70.17452516406775 323.4505012482405 7824.939090758562 1.851134218275547 0 46.6037829220295 1038.812806949019 491.8382141143084 25.74585085362196 45.61070485413074 1773.851175092161 9.41924525052309 481.2015120759606 594.8704616725445 1.533776000142097 5.133547231554985 1886.615357793868 3804.66976005584 3734.360226102173 1.813433274626732 102.7100223898888 36.72592410445213 1351.21630333364 37.01752036064863 391.0182071626186 29725.44815105945 13353.12395904958 143.3010715693235 226.6929211914539 864.7411501184106 752.9477281570435 26.41461853682995 10.34342712908983 914.7076769992709 20.03565022349358 2646.91576846689 4972.254444144666 3314.513614274561 465.6555951684713 49.39266717433929 1.651096992194653 155.0717109590769 7.225221239030361 0.2284146100282669 227.4110124260187 18.65153907239437 0.1076103076338768 0 0.118437297642231 6.778934329748154 0.7219967022538185 2.370586939156055 0.3301255851984024 145.8096291944385 0.4965939745306969 811.6270971819758 1.774372115731239 0.1178432255983353 5.381132863461971 27.98579543828964 432.4869250357151 370.9556947574019 0 1.888713985681534 10.1221229583025 7.575510419905186 6.707535937428474 108.8679830208421 2947.073054783046 3279.309297956526 4.47608682513237 2.148800455033779 3.93920174241066 505.6359457373619 0.2420110553503036 1.061319321393967 55.19702968746424 1.300982713699341 162.5430721640587 285.6227891296148 172.0492311865091 21.89196153730154 2.342231020331383 0.2250457108020782 4.015462569892406 0.1081976220011711
8.551652878522873 9170.421221479774 4493.410118535161 3.578498795628548 0.62490513920784 8.071027055382729 444.7926691770554 37.64411779493093 1764.650435969234 19.06505446881056 1829.826832346618 34.27729068696499 5558.702173553407 72.46016727387905 66.93984876573086 3436.780968695879 6953.546633943915 2232.417405091226 2549.136459432542 3.023492150008678 632.2132441326976 5450.853063173592 10191.20027839392 5455.153354220092 4361.25339782238 13353.12395904958 28044.99483583122 4609.467503286898 189.4339668527246 258.1904256343842 2532.723314501345 11.6559229195118 30.09560144692659 1807.687202833593 118.8659979179502 8871.764820806682 2317.787336349487 7843.422878861427 1583.04583659023 336.6679601594806 20.20568627119064 78.1903817653656 38.58707489818335 5.303964473307133 1682.78932608664 1278.708468489349 2.240953497588634 0.4921967834234238 1.614156626164913 51.63527505099773 4.533904701471329 15.85593266785145 4.032063856720924 163.8097651451826 0.3723378852009773 871.1941522955894 17.67108134180307 2.135841242969036 762.7171076610684 367.6325538530946 520.0755811035633 707.1375335454941 0 34.11628189682961 516.9580509290099 825.6468048468232 168.0855298638344 348.0259114429355 6098.363712407649 18166.5989581123 70.07096318900585 23.45730782300234 49.83762776106596 627.549994148314 1.473820857703686 0.7784342691302299 159.600335881114 9.702026590704918 560.7451126351953 403.7981655076146 556.9456324279308 90.22553760558367 10.34651079028845 1.695935249328613 9.719058506190777 2.210348889231682
81.68978302180767 40.10372657328844 474.8046002984047 1760.078203573823 2.290091305971146 1094.39318215102 18234.46308162063 427.4198812320828 1247.717465087771 7830.825486756861 25.05283842980862 1139.327841132879 19.73334486037493 590.6636441349983 92.23304757475853 2577.16559638828 274.069661103189 26.31799747049809 45.52616641670465 2287.218966580927 2774.621494308114 429.5977058932185 4750.688765816391 6412.480420418084 13.43230681121349 143.3010715693235 4609.467503286898 19647.85338492692 2491.165290564299 12704.77773495018 1.363312602043152 12.69103831797838 400.9913584142923 895.6057524681091 152.6191097199917 5500.740574508905 240.5797118619084 3185.246489718556 1703.961690850556 381.0571190491319 10.71364634484053 13.15071398019791 41.99059269577265 43.13364294916391 1.763389021158218 13.74221646785736 196.2098396643996 0.5336879342794418 24.73930893838406 765.4847329109907 77.24134599417448 174.768898293376 267.0185784548521 12.58334185928106 116.1341143622994 4.846864104270935 197.6656892970204 11.67158082872629 299.4690686091781 4.15123125910759 1.731278248131275 2.455505765974522 78.25681819021702 93.22607450187206 65.45412792265415 91.56495735794306 1717.59654545784 2.798140905797482 12.76998162269592 141.9588883221149 1204.554230488837 198.4315953627229 386.5135573223233 0.855259396135807 8.496339365839958 4.265477411448956 68.49014408886433 11.9523084461689 690.3100949451327 9.494091048836708 223.9831193611026 52.02581120282412 149.8394862785935 9.466970480978489 3.46094573289156 6.021396622061729
2540.585244558752 5.672997765243053 32.7790718972683 43.7013031244278 73.74663510918617 307.6676228567958 1850.572798512876 641.9780867919326 36.6174628585577 1107.922315053642 1672.506063900888 333.1065348759294 84.58321123570204 5397.653635337949 26.31007478386164 15.95253394544125 606.3183906897902 367.4360008463264 476.3470384255052 113.7328869923949 273.840730831027 46.99580149352551 567.7571047544479 851.5094324275851 5.988697499036789 226.6929211914539 189.4339668527246 2491.165290564299 21359.44531407952 6315.91088707 7.62952196598053 300.4587064832449 2568.36644808203 3622.576688334346 4.63625094294548 494.2021130621433 101.3501316383481 2429.122842781246 205.0258232280612 196.1396106854081 93.71812049299479 16.04704658687115 9.548955753445625 3.588617719709873 0.4544779062271118 0.5486633032560349 2.220293484628201 0 0.3047589883208275 38.69757088273764 3.63482828438282 5.150257892906666 3.908167622983456 1.057309381663799 1.952074661850929 0 12.56072175502777 0.7782465815544128 38.3348718136549 0.1175009459257126 0.1542083770036697 1.31916069239378 0.4642562568187714 11.62759649008512 12.62781452387571 6.315420307219028 85.67637575417757 0 5.576076194643974 12.8242007791996 64.13570988178253 16.43902312219143 31.50546423345804 0.2245880737900734 0.3884221240878105 0 4.569946676492691 0.1040636748075485 56.60366147756577 0.3018031567335129 19.58330038189888 6.633321084082127 3.531942486763 1.088030353188515 1.232279628515244 1.800152271986008
