1795.271069705486 0.3118118718266487 163.8534533306956 0.4938220381736755 0.764019288122654 15.36783983558416 3087.741357415915 897.7846756875515 0.6070908159017563 35.24584069848061 13.84363796561956 4.884687677025795 0.1820666566491127 5744.926684848964 0 0.3046151399612427 133.1225913167 3.14864382147789 11.03900815546513 7.45744651556015 157.1286668255925 0.1102355048060417 242.7562621980906 11.56971694529057 0 32.07714122906327 40.42270512133837 105.7828870937228 2979.55739018321 2362.806356135756 0.3175868839025497 10.34800452739 58.18277751654387 134.0074615553021 5.878417514264584 87.68410986661911 5.931654512882233 105.0212255269289 28.44648817181587 2.465582869946957 0.3613871410489082 0.4149990901350975 1.760999038815498 0.2671878337860107 0.293650709092617 0.6426511406898499 0 0 0 0.7202514484524727 0 0.1403236389160156 0 0 0 0 0 0 0.6231736093759537 0 0 0 0 0.4575262367725372 0.09038073569536209 0.6024728193879128 2.643680013716221 0 0 2.796115212142467 4.899538442492485 0 0.195203609764576 0 0 0 0 0.8294043987989426 1.301383011043072 0 0.3524726331233978 0 2.030078798532486 0 0 0
0.3118118718266487 463.6049888432026 153.2105768993497 0 1.199334718286991 0.8490935787558556 3.890203699469566 1.247077949345112 777.2501820102334 0.3857621699571609 333.6562773287296 0.48420300334692 1607.190354533494 0.765090137720108 18.64865402132273 177.7560882940888 51.75857750326395 31.07729018479586 48.69304635375738 0.1520424038171768 31.20776517689228 3676.457856282592 33.02289846539497 1359.240564204752 2043.732264764607 552.2763401567936 10564.13697426766 55.30250927060843 2.361796319484711 4.282324515283108 56.56850807368755 0.3179637715220451 0.1321044564247131 199.9756075814366 2.587732471525669 51.83064106106758 78.37587656825781 69.15598240494728 22.73341865092516 47.18077377974987 0.2946886271238327 112.3123675957322 0.8814503774046898 0 63.76345752924681 81.74587923288345 0 0 0 0.345761738717556 0 10.44620036333799 0 2.308546930551529 0 20.20732356607914 0.1842638924717903 0 7.439818382263184 42.91063120961189 3.013569511473179 30.97365403175354 0 0.4056395664811134 10.11674140393734 8.73239329457283 3.12502297013998 19.08670758455992 195.9388500079513 1794.118504315615 2.796720780432224 0.3735888600349426 0.7769734933972359 8.716932833194733 0 0 5.338419698178768 0.9602920487523079 54.51194959133863 19.91255986690521 14.42060197144747 11.13044004887342 2.83254137635231 0 0.3497869372367859 0
163.8534533306956 153.2105768993497 11612.20121397823 0.3686141297221184 0.6289852187037468 19.51391281187534 315.5693344026804 312.1804787218571 1.065289691090584 10.97927059233189 29.82981206849217 0.7753340825438499 4.337954454123974 532.8871665224433 0.6434752643108368 8.874121479690075 4865.989665396512 37.50205786526203 250.7401962205768 2.455271728336811 848.5134433805943 34.1721458658576 16002.285191603 21.98813129216433 0.9226492047309875 10740.84397827834 8835.422873824835 232.5814426541328 252.3911220692098 836.2123590931296 1.972221091389656 4.95513616502285 14.52843039482832 1125.039815030992 62.62490945309401 2386.731098599732 2135.528209112585 3086.756528511643 945.0988736972213 84.55409291386604 2.795251503586769 3.88570499420166 14.60898314416409 0 147.1590175032616 506.7614884898067 0 0 0 5.325610637664795 0.2883485481142998 0.4255721122026443 0 1.306733638048172 0 0.2050182521343231 1.391119301319122 0 61.80343819409609 31.63876134902239 0.4289347380399704 7.389151148498058 0.4449956119060516 6.091271780431271 53.71068530529737 249.792059764266 7.976805590093136 0.4264601469039917 42.52734497189522 1921.241584867239 12.66716694831848 0.7383384332060814 3.056682854890823 0.4141053780913353 0 0 7.309766165912151 9.088955849409103 101.6217706725001 12.59338574111462 33.95026937872171 37.94484620541334 5.89462673664093 0.7631111890077591 0 0.1926412582397461
0.4938220381736755 0 0.3686141297221184 1904.834954589605 2.094241067767143 20.39748928695917 18.79052303731441 8.922056600451469 58.55916529148817 1908.294824890792 0.9855584129691124 2581.883129969239 0 9.874478563666344 24.86499587446451 0 0.2230423837900162 0.2774950191378593 0.1832595467567444 2209.320846922696 0.3981174826622009 0 0.4556521624326706 784.324946641922 0 0.08479928970336914 0.2761936336755753 4188.403964154422 17.63203179091215 0.622805617749691 0 1.184752285480499 1.312296807765961 9.553754724562168 0.4985426664352417 90.90429736673832 1.184566900134087 15.35907769948244 2.933504685759544 73.32206431031227 0.1881255507469177 0 0.2049696743488312 0 0 0 67.03460320085287 0 2.999077886343002 7.748126089572906 1.54224805533886 13.08714290708303 49.48637422174215 0 15.67132839560509 0 0 0.3477305471897125 1.293798923492432 0 0 0 13.71236753463745 2.238551884889603 0 0 39.92399663478136 0 0 0 114.6135657802224 0 0.1870007067918777 0 0 0.2033858820796013 0.7899576276540756 0 21.38891965150833 0.1140915155410767 2.507235243916512 0.554337665438652 15.81157822161913 0.799652099609375 0 0
0.764019288122654 1.199334718286991 0.6289852187037468 2.094241067767143 702.2138452902436 1573.451225660741 8.643233992159367 188.0563608407974 156.1607225686312 33.76712495833635 43.32174444198608 238.0835531279445 2.920382037758827 7.730685010552406 1776.627349205315 0 0.9077090546488762 1.715845160186291 0.5148058980703354 20.46291819214821 1.383623547852039 6.67211289703846 1.11970504373312 22.79029159247875 0.2936783730983734 1.676849961280823 1.347906082868576 12.69763189554214 106.6919664666057 1.253355890512466 0.1165004298090935 1037.724075548351 0.5888028740882874 279.9561761319637 1.991550698876381 41.8910281509161 5.310217872262001 259.5868948027492 142.5643393620849 2651.939292699099 95.64360126852989 7.579631894826889 9.693331271409988 0 0 0 0 0 0 0 0 0.1455782055854797 0 0 0.4975823387503624 0 0 0 0.1266858279705048 0 0 0 0 0.2385223954916 0 0 1.348776362836361 0.5902774930000305 0 0.09961923211812973 1.633198022842407 0 0 0 0 0 0 0 0.9321739748120308 0.3035384118556976 0 0.1754046827554703 0.8939189314842224 0 0 0
15.36783983558416 0.8490935787558556 19.51391281187534 20.39748928695917 1573.451225660741 14098.42153470218 1029.300420999527 6756.594184286892 53.98908739537001 10095.97323584557 215.7835998088121 3494.252298928797 10.28783733397722 707.4989527240396 2515.403688952327 0.1272992342710495 8.122857064008713 23.55891042202711 13.50451318919659 271.8757377490401 29.84586648643017 3.526063859462738 17.21285315603018 177.8211618065834 0.6291658654808998 16.17715861648321 6.559576317667961 930.3858306892216 791.5406835898757 31.71806255728006 1.235056906938553 2761.490999303758 4.277564197778702 673.6546011716127 10.5216406956315 471.7004817649722 26.02624277770519 519.4793339446187 250.4372985810041 2289.88773521781 61.67137037217617 8.922014817595482 16.45708391070366 0 0 0.1766314059495926 1.11654306948185 0.3559723198413849 0.2275030016899109 8.00062195956707 0.5242141634225845 6.209610007703304 3.627479150891304 0 5.63305276632309 0.4984505325555801 0 0 0 0 0 0 0.1450505703687668 0.1171683147549629 0 0 19.64535671472549 0 0.08399967104196548 1.110115438699722 35.66675948351622 0.4569156169891357 1.048045039176941 0.2784684598445892 0 0 0 0 11.68291254341602 0 2.812910467386246 0.2707944363355637 6.221747890114784 0 0 0
3087.741357415915 3.890203699469566 315.5693344026804 18.79052303731441 8.643233992159367 1029.300420999527 20794.82312138379 2371.089182853699 148.9415406882763 7537.0450315997 60.46697963029146 31.69330386072397 5.762232027947903 7192.951343856752 16.51808530092239 53.54198131710291 80.44282546266913 13.72530898824334 13.56483588367701 106.1687733903527 1134.34172552824 13.71987742185593 423.0499927029014 1096.441278032959 0.9403065368533134 57.23776450753212 117.3429536446929 20753.94538249075 1889.93116831407 5018.338495988399 0.4926770329475403 42.33038549125195 107.4316834360361 586.7292910441756 57.47362725436687 2078.944764070213 49.01716259121895 816.4653267487884 253.5034474208951 65.05316536128521 22.19761230051517 3.241162240505219 22.32658423483372 0.5978571176528931 1.055773794651031 1.560686603188515 10.54042451828718 0 1.310068361461163 39.78317569941282 6.622541263699532 41.07828968763351 32.72318284213543 0.8616495728492737 4.713698774576187 0.1866937130689621 2.707362174987793 1.014717400074005 17.92198897898197 0.07752837985754013 0 0.20740757137537 7.329461634159088 4.406170316040516 1.516320049762726 6.678730219602585 209.8290896713734 0 0.2871275767683983 10.82148805260658 265.8694936335087 3.235492303967476 17.51601409167051 0 0.1045808121562004 0.3240067809820175 2.586534731090069 1.858547940850258 84.67910440266132 0.3108596205711365 10.66817836463451 5.716500014066696 34.31769666075706 2.671493031084538 0 0
897.7846756875515 1.247077949345112 312.1804787218571 8.922056600451469 188.0563608407974 6756.594184286892 2371.089182853699 13104.8235016875 94.95960908383131 1696.794778034091 311.6169465407729 274.4492993950844 18.26874513179064 9657.368343573064 142.8247013986111 2.837274685502052 195.5852383598685 29.37606350705028 27.3654115870595 182.6501798853278 349.3222542330623 1.866406343877316 349.7328031286597 150.3484468832612 2.217477194964886 82.00611593201756 88.07994128391147 534.1043875999749 2093.915322065353 870.6340714022517 1.780405059456825 2576.260874427855 12.00767440348864 922.530279815197 21.82312971353531 768.1706248112023 49.77777369320393 787.5298502072692 368.0651835426688 602.4333704337478 32.10972107946873 14.07272797077894 32.25789941102266 0.1355556696653366 0.0944553017616272 1.500918433070183 5.297283388674259 0.4281609952449799 1.576783888041973 16.70377238094807 0.1816834285855293 11.860938988626 11.87615220248699 0 3.09572596102953 1.456439062952995 0.4374818503856659 3.276467405259609 2.947603039443493 0 0.07685963064432144 0 1.936446040868759 1.268764615058899 0.085544154047966 1.760878838598728 59.88745432347059 0.6607658714056015 0.2758603692054749 6.819726951420307 73.97165815532207 0.5178189277648926 5.575292319059372 0 0 0.5211237147450447 1.867299005389214 0.1080965846776962 28.05307750403881 0.1169009730219841 3.423705220222473 1.116325877606869 13.96887749433517 0.9483221173286438 0 0
0.6070908159017563 777.2501820102334 1.065289691090584 58.55916529148817 156.1607225686312 53.98908739537001 148.9415406882763 94.95960908383131 964.5762968510389 209.3013727888465 6.229419954121113 260.79680211097 35.5069515556097 37.51228401064873 1144.715428426862 73.06311220675707 1.227259509265423 1.703218005597591 1.735223844647408 243.0983608737588 49.84309919923544 2889.518895499408 12.65555179864168 11094.00311168283 57.32467933744192 18.45157025009394 336.6638993695378 1571.400282301009 18.40437456220388 31.3848595097661 2.031349189579487 2.257752858102322 0.93073670566082 11.54334152489901 0.1953943520784378 175.4351786524057 17.99678219854832 25.11822802573442 4.098490118980408 881.5265202820301 6.501809433102608 0.8289842158555984 0.2945519685745239 5.877413615584373 1.017469026148319 0.3203216269612312 94.96530023217201 2.579067513346672 8.919404432177544 153.9633479267359 12.95821626484394 455.8103058040142 171.0327287316322 1.534234799444675 81.36162250488997 0.3321818485856056 7.567096844315529 22.0323238670826 238.2756383121014 0.5016526356339455 0 0.1828070133924484 53.42222356796265 67.79561884701252 44.10366105288267 16.0841368585825 1586.660302557051 0.2156486511230469 1.894105546176434 6.371125146746635 1167.435259439051 13.33026809245348 88.9039243683219 0.6218085214495659 0.7733588293194771 2.154196433722973 11.34776517748833 4.231227889657021 221.2256833016872 0 42.43776580691338 18.45977990329266 155.7548967450857 6.437636077404022 0 0.7237414941191673
35.24584069848061 0.3857621699571609 10.97927059233189 1908.294824890792 33.76712495833635 10095.97323584557 7537.0450315997 1696.794778034091 209.3013727888465 26780.58316163719 125.3938826471567 7194.507411196828 6.162082158029079 1158.412149697542 178.3033220097423 1.214453712105751 4.702804487198591 22.1099436879158 13.80920973420143 3565.516370870173 28.48943523317575 1.672555640339851 15.5962276160717 1498.948487728834 0.3235727772116661 15.92429738491774 6.75483226031065 8675.973306670785 996.8363863863051 28.55572877824306 0.6122187823057175 80.87854681909084 29.21174699068069 488.5958042964339 21.11801762878895 1480.913375966251 40.30284915864468 535.8979473486543 126.966129116714 269.1104671135545 12.41245005279779 3.479105167090893 11.13867735117674 0 0.1553011834621429 0.1507969051599503 23.47411980479956 0.8257814794778824 2.702257759869099 46.42836378514767 4.253318808972836 34.58928571641445 43.34329288452864 0 33.23588071763515 0.2178807109594345 1.809186801314354 3.962700799107552 2.261521764099598 0 0 0 9.248873569071293 1.799414426088333 0 0.7036455869674683 184.2873826771975 0.1012159660458565 0.09059937298297882 0.5024305060505867 226.8290163725615 2.047607578337193 4.741673186421394 0 0.7423189580440521 0 0.7342982292175293 0.7084771990776062 75.1030632853508 0.1425642669200897 9.194479994475842 2.714574858546257 66.25341663509607 0.3619134426116943 0.1952192187309265 0
13.84363796561956 333.6562773287296 29.82981206849217 0.9855584129691124 43.32174444198608 215.7835998088121 60.46697963029146 311.6169465407729 6.229419954121113 125.3938826471567 11996.00599811971 76.30785182863474 2696.291666992009 156.8387766778469 2.033454097807407 1.996197178959846 203.9047069102526 4615.725082442164 1011.340935871005 37.28762423247099 14.73259512707591 34.39538533240557 44.37666031718254 34.48521444201469 1020.592019684613 2299.032510165125 1061.701371893287 48.55410126596689 339.4394143670797 47.76980236172676 371.9674947783351 272.6258075907826 4.096724107861519 7862.706891652197 19.56786612421274 916.3605381771922 5877.142714396119 6370.346994251013 1732.39116062969 44.80470467358828 8.559658475220203 1573.452646434307 14.37581281363964 0 20.75802137702703 2.166381694376469 0.2382038533687592 0 0 1.56521225720644 0.3315871804952621 1.197668291628361 0 93.15310599654913 0 1114.721280515194 0.3093116357922554 0 0.2582831904292107 1.456492766737938 66.44491665810347 30.41925993561745 0.4148280322551727 0.08838136494159698 2.214318871498108 0.294911116361618 3.854389674961567 281.9358074292541 275.8755671009421 783.1404403597116 5.22028161585331 0 0 266.6770010367036 0.09605523943901062 0 0.7342058941721916 6.455294921994209 10.01839539408684 210.6790704876184 6.451999962329865 2.725407607853413 0.6482170224189758 0 46.96777883917093 0
4.884687677025795 0.48420300334692 0.7753340825438499 2581.883129969239 238.0835531279445 3494.252298928797 31.69330386072397 274.4492993950844 260.79680211097 7194.507411196828 76.30785182863474 7762.605415008962 7.340638965368271 205.6069826409221 1989.361690878868 0.8214671015739441 0.772678516805172 11.34476738423109 6.448172308504581 4198.026748418808 0.2629978060722351 4.118555337190628 0.9728586301207542 1413.183240152895 0.3899367079138756 6.161652579903603 2.048442110419273 937.9647393971682 429.7374909669161 6.341823443770409 0.7888152599334717 81.92368806153536 1.145466893911362 274.4502714127302 15.84117885679007 1803.64811526984 13.19483791291714 234.1766825020313 51.57297063618898 2507.314017765224 8.289306409657001 5.151801899075508 5.946403793990612 1.397728800773621 0 0 30.36058760434389 0.5502540767192841 7.792213037610054 22.01266534626484 3.281311362981796 51.54548954963684 116.844598159194 0 86.48163933306932 0.323520690202713 0.7194968461990356 11.14107462763786 2.448463380336761 0 0 0.09277420490980148 23.68882425129414 2.111441075801849 0 0 137.37320920825 0 0 0.1959304139018059 134.6871288716793 0.7542345747351646 6.490554064512253 0.08671123534440994 0.5971985906362534 0 0.825267419219017 0 147.9329922497272 0.09352786839008331 1.274690419435501 1.099171556532383 170.3842072486877 0 0 0
0.1820666566491127 1607.190354533494 4.337954454123974 0 2.920382037758827 10.28783733397722 5.762232027947903 18.26874513179064 35.5069515556097 6.162082158029079 2696.291666992009 7.340638965368271 3063.157470844686 7.627229057252407 0.7487889528274536 54.86271446198225 8.598323963582516 43.62334602326155 15.65487882494926 5.622160769999027 20.86411584168673 155.5070903450251 46.43577944487333 67.36900447309017 6506.39519765228 201.3963831216097 3727.457764089108 21.12861388921738 14.40295565128326 8.777169093489647 882.7789517119527 13.97005217522383 0.8633745312690735 1850.209921166301 50.96950506418943 2026.539143264294 2994.513513214886 1785.370380602777 466.1000726819038 228.2521977871656 200.1558722406626 1241.386982411146 47.82939677685499 0 42.20240148901939 0.7790062874555588 0 0 0 0 0 1.483266577124596 0.6072500944137573 201.6955882683396 1.830670230090618 2929.473626963794 0 0 5.708026096224785 1.72870909422636 99.64333239197731 34.75055000931025 0 1.060739398002625 4.603885591030121 4.581458389759064 2.122858271002769 1241.336219981313 432.2111542224884 1471.475399181247 1.45866060256958 0 0 639.4494908228517 0 0 1.737035475671291 19.57020905613899 409.2051990479231 377.6275188624859 13.48900859802961 5.695197358727455 29.48129610717297 0.6825687289237976 77.60660649836063 0
5744.926684848964 0.765090137720108 532.8871665224433 9.874478563666344 7.730685010552406 707.4989527240396 7192.951343856752 9657.368343573064 37.51228401064873 1158.412149697542 156.8387766778469 205.6069826409221 7.627229057252407 14980.19190796092 7.130442500114441 1.82586545497179 386.4294908381999 19.45609683543444 37.88760166987777 203.2017256468534 558.7245405837893 2.959729805588722 689.6925998665392 147.3600123897195 0.090693399310112 116.7539033778012 159.5184469334781 679.7386126853526 9307.291819613427 2674.285990074277 0.5807619765400887 654.5432367399335 31.67514895647764 675.0194108299911 14.02296081185341 519.5031929165125 37.10760278254747 491.3650212883949 161.9873429387808 105.1866306513548 8.068738326430321 3.915200121700764 6.292169496417046 0.1144347116351128 0.5008116811513901 1.639728166162968 1.99819254130125 0.1278228461742401 0.1071803867816925 10.42905378341675 0.2352152243256569 9.529291197657585 4.369210481643677 0.2471907138824463 2.410037942230701 0.09609801322221756 0.3214108347892761 0 5.545894779264927 0.3916449919342995 0 0.1183052957057953 0.8436661288142204 1.707273915410042 1.05626280605793 2.499696590006351 44.12213348597288 0.1845116913318634 0.4921876564621925 10.50027570128441 62.49172030389309 0.7817173078656197 4.578426070511341 0.1151858791708946 0.2172998487949371 0 0.622770756483078 0.4802092015743256 19.27976679056883 0.3643305078148842 3.817928202450275 0.6460045352578163 9.586853042244911 0.7357552349567413 0 0
0 18.64865402132273 0.6434752643108368 24.86499587446451 1776.627349205315 2515.403688952327 16.51808530092239 142.8247013986111 1144.715428426862 178.3033220097423 2.033454097807407 1989.361690878868 0.7487889528274536 7.130442500114441 413.530567638576 0 0.2698771953582764 0.4072989150881767 0 188.5006965920329 0.9810139536857605 68.89293237030506 0.3702528700232506 348.5534517392516 1.912450566887856 0.9661074057221413 9.068238459527493 56.25436378270388 19.43196821957827 0.8969496414065361 0 488.2776110768318 0 27.06862397491932 0.1800689101219177 126.7198474183679 0.2234054356813431 6.928788907825947 4.976616449654102 1407.035993695259 171.7021667510271 0.129247322678566 0.2845776379108429 0 0 0.120118148624897 0.2141994833946228 0 0.1071362644433975 1.555190689861774 0.1361798346042633 4.871563844382763 0.4678594917058945 0 3.354801788926125 0 0.08383134752511978 0 4.935383759438992 0 0 0 0.5081208199262619 2.260712347924709 1.756044387817383 0.2952391803264618 8.65706355124712 0 0 0.3393883556127548 17.65786249190569 0 1.300154104828835 0 0 0 0.3437292873859406 0 12.90970660746098 0 0 0.1401751637458801 6.395441800355911 0.6664548516273499 0 0
0.3046151399612427 177.7560882940888 8.874121479690075 0 0 0.1272992342710495 53.54198131710291 2.837274685502052 73.06311220675707 1.214453712105751 1.996197178959846 0.8214671015739441 54.86271446198225 1.82586545497179 0 4460.548268280923 16.19733578711748 2.442979745566845 3.258516825735569 0.8935481756925583 4365.284747809172 4107.183508582413 6041.679123483598 1824.915776506066 8.887303315103054 11.9775305390358 4822.071051873267 1395.07173345238 7.487739756703377 26.70756804943085 0.2169055491685867 0.2350335568189621 0.668235719203949 71.97449786961079 53.05606716871262 1661.498650349677 405.637289121747 469.986834436655 461.0287221223116 54.39834923297167 3.583871752023697 35.01731438934803 18.77025709301233 0.6747041195631027 1.522040948271751 8.421153366565704 0.1874279677867889 0 0.6725735366344452 13.74839057773352 0.2999878153204918 54.72749263048172 1.984884306788445 0.1262551695108414 0.4375704228878021 0.1052289009094238 1.448061861097813 0.7845980525016785 1750.504674449563 0.3165991902351379 0 0.1114358603954315 0 432.7697967365384 701.0548892244697 989.3371489793062 320.4819770604372 0.1445096284151077 1.068038888275623 170.5730957388878 550.5274013727903 3.652883283793926 73.13804673403502 0 0 0.1231738924980164 6.775766916573048 2.033462211489677 196.8708157092333 6.24915038049221 9.420950025320053 7.205107495188713 58.3025775551796 4.716016709804535 13.17789250612259 4.156197428703308
133.1225913167 51.75857750326395 4865.989665396512 0.2230423837900162 0.9077090546488762 8.122857064008713 80.44282546266913 195.5852383598685 1.227259509265423 4.702804487198591 203.9047069102526 0.772678516805172 8.598323963582516 386.4294908381999 0.2698771953582764 16.19733578711748 3630.227164126933 509.6315307468176 7405.518713906407 1.150215312838554 824.6777949780226 7.689192056655884 6255.665135677904 8.298083171248436 3.741289809346199 5059.888772636652 6571.058938451111 67.22754649072886 486.2889099046588 1648.583181038499 4.516941763460636 4.194812811911106 40.54072961956263 4337.645536720753 32.00782235711813 688.9856188371778 1471.176819629967 1701.875493079424 495.8638762608171 16.34634946286678 2.287317261099815 2.00364150851965 3.769794769585133 0 52.44750883430243 131.3723027557135 0 0 0 0.8599051535129547 0.09710734337568283 0.9933079406619072 0 0.1509110480546951 0 1.063792884349823 0.2802458852529526 0 4.483989328145981 52.79653068631887 1.003509320318699 29.25754640251398 0 1.148111388087273 3.137951798737049 18.71034383028746 2.053363345563412 1.625857912003994 146.3537391871214 594.3916314616799 2.062284387648106 0.2562519237399101 1.164796471595764 0.3742919415235519 0 0 4.0622743293643 2.418470367789268 46.81584517657757 11.92676375061274 17.55762764811516 8.87153360247612 1.253992080688477 0 0.7397444546222687 0
3.14864382147789 31.07729018479586 37.50205786526203 0.2774950191378593 1.715845160186291 23.55891042202711 13.72530898824334 29.37606350705028 1.703218005597591 22.1099436879158 4615.725082442164 11.34476738423109 43.62334602326155 19.45609683543444 0.4072989150881767 2.442979745566845 509.6315307468176 299.5994690954685 3718.796749413013 7.066823773086071 5.889999978244305 3.726797945797443 53.68262612819672 6.404601745307446 72.17653953284025 2454.51907433942 381.1243307031691 10.42100651562214 37.11225651949644 17.75318083167076 33.62998639047146 20.7575808390975 1.136671982705593 805.0894877240062 18.29767967760563 964.8180214092135 1923.408530704677 1928.365252539515 596.196591116488 10.69533879309893 0.929255910217762 19.2050744369626 5.319420903921127 0 10.77177011221647 2.30139322578907 0 0 0.2316707670688629 0 0 0.6920258104801178 0 1.786808863282204 0 64.15200224518776 0 0 0.1181621104478836 1.532509297132492 18.84932439029217 24.67246595770121 0 0 0.9606358483433723 0.6581657752394676 0.6103716343641281 54.6646758839488 165.0113389790058 556.9989602938294 0.3081957399845123 0 0 33.77500312775373 0 0 0.4974075257778168 4.684301063418388 5.346501708030701 6.253537513315678 3.382982701063156 1.780786857008934 0.1267829537391663 0 0.247880756855011 0
11.03900815546513 48.69304635375738 250.7401962205768 0.1832595467567444 0.5148058980703354 13.50451318919659 13.56483588367701 27.3654115870595 1.735223844647408 13.80920973420143 1011.340935871005 6.448172308504581 15.65487882494926 37.88760166987777 0 3.258516825735569 7405.518713906407 3718.796749413013 3180.735529728234 4.795329250395298 44.8553232550621 5.528273038566113 810.7875278517604 5.270535163581371 28.06764475256205 6049.035904109478 1857.142154067755 8.616713117808104 77.56244990602136 138.1121087744832 14.75293478369713 10.36334868520498 4.699541859328747 3565.511927090585 20.318742595613 1164.820945627987 1404.672867178917 2494.737183511257 702.3367110863328 12.53041300177574 0.8202122896909714 2.280567854642868 6.068673081696033 0.1201827004551888 30.97584103047848 28.66254670917988 0 0 0 0.1146723479032516 0 0.1738458499312401 0 0.502332866191864 0 10.58432610332966 0 0 0.5699468329548836 20.44219938665628 3.837024338543415 37.73302864283323 0 0.2694675922393799 0.9979492723941803 1.43282400816679 0.4017963483929634 21.43575129657984 172.9448962807655 457.2555787041783 0.5487452000379562 0 0 7.732303380966187 0 0 0.8959768190979958 3.551544457674026 18.58357927948236 10.21263247728348 6.974637016654015 5.678083680570126 0.1447756886482239 0 0.1713390052318573 0
7.45744651556015 0.1520424038171768 2.455271728336811 2209.320846922696 20.46291819214821 271.8757377490401 106.1687733903527 182.6501798853278 243.0983608737588 3565.516370870173 37.28762423247099 4198.026748418808 5.622160769999027 203.2017256468534 188.5006965920329 0.8935481756925583 1.150215312838554 7.066823773086071 4.795329250395298 794.23532576859 3.871441684663296 1.164166934788227 2.902318961918354 1679.645263060927 0.3331387042999268 4.278797678649426 2.118722833693027 3128.989198833704 324.9086315333843 7.790566198527813 0.4479440599679947 20.18184004724026 8.416864953935146 199.3082731664181 9.152584552764893 1036.814823053777 17.17442217469215 245.5607801601291 57.7419688552618 526.2385819926858 6.594785459339619 4.108350187540054 5.260214500129223 0.8006617426872253 0 0 13.88191130012274 0.6849647760391235 1.648293927311897 34.82600004971027 2.128715179860592 26.87318800389767 30.07511688768864 0.6473382711410522 13.99824702739716 0 0 1.820420548319817 4.125641778111458 0 0 0 5.423323377966881 0.516671895980835 0 0 112.7585657685995 0 0 0.08123072981834412 142.9906971827149 1.632802188396454 9.613034188747406 0 0.2372986525297165 0.1740198582410812 0.6657369136810303 2.21587997674942 70.83807978034019 0 6.891474232077599 1.975119560956955 51.00765483081341 0.5782516598701477 1.103117942810059 0
157.1286668255925 31.20776517689228 848.5134433805943 0.3981174826622009 1.383623547852039 29.84586648643017 1134.34172552824 349.3222542330623 49.84309919923544 28.48943523317575 14.73259512707591 0.2629978060722351 20.86411584168673 558.7245405837893 0.9810139536857605 4365.284747809172 824.6777949780226 5.889999978244305 44.8553232550621 3.871441684663296 15483.72912312299 373.9811142235994 12694.00078229606 929.4312959685922 2.603698030114174 49.4546979740262 1275.082906648517 6479.860107883811 132.1515065841377 11840.51578888297 0.09973952919244766 4.4398393034935 18.80926215648651 3819.756058566272 313.3495009988546 6742.334342882037 439.7471158504486 4906.061063446105 2766.646813176572 194.3402146697044 12.7985999584198 9.156632289290428 49.6485303491354 2.115046367049217 2.19596640765667 10.37353605777025 2.24017758667469 0 0.438427746295929 14.42573725432158 0.4702526703476906 60.06626143306494 3.571789123117924 0 2.737132787704468 0 2.088487364351749 1.103462859988213 677.8632770553231 0.2312247976660728 0 0 0.8811271786689758 330.9669921472669 126.4049192592502 137.171494461596 326.9789461120963 0.3268929496407509 0.5451584160327911 43.55133406072855 560.0760427042842 3.357998736202717 94.64808568358421 0 0 0.08336683362722397 2.580003954470158 16.50820458680391 106.3262958452106 1.809123143553734 9.843949288129807 7.52401202917099 39.37635055929422 1.189829587936401 4.780198514461517 0
0.1102355048060417 3676.457856282592 34.1721458658576 0 6.67211289703846 3.526063859462738 13.71987742185593 1.866406343877316 2889.518895499408 1.672555640339851 34.39538533240557 4.118555337190628 155.5070903450251 2.959729805588722 68.89293237030506 4107.183508582413 7.689192056655884 3.726797945797443 5.528273038566113 1.164166934788227 373.9811142235994 2785.703928634524 1132.384200923145 7044.124206870794 315.9049024730921 61.82608329504728 7908.637292020023 345.6839650943875 1.730142079293728 16.58206228911877 9.30989708006382 0 0 26.08107090741396 2.95378453284502 72.72114992886782 19.2492309063673 40.9570294469595 22.28718657791615 175.4665228575468 0.139255553483963 20.22084710747004 0.653690330684185 1.303170435130596 27.90113641321659 128.7834340780973 0 0 0.1674684286117554 8.985876478254795 0.3513641059398651 136.1623454019427 1.991520009934902 0.2139530330896378 1.152129888534546 1.279709175229073 1.951048322021961 0.6674221307039261 1975.994887799025 2.417863912880421 0.5902218818664551 0.9546396434307098 0 248.638946980238 190.0813588574529 1190.119765989482 307.4489276185632 4.775262922048569 9.197049036622047 1447.439193665981 378.9695777073503 2.058637417852879 48.08080022782087 0.6358877271413803 0 0.2315074279904366 2.870223365724087 3.253784112632275 112.8153174743056 6.657264649868011 20.41536492854357 31.98586298525333 15.97762422263622 0.8196949660778046 1.422110855579376 0.4875713437795639
242.7562621980906 33.02289846539497 16002.285191603 0.4556521624326706 1.11970504373312 17.21285315603018 423.0499927029014 349.7328031286597 12.65555179864168 15.5962276160717 44.37666031718254 0.9728586301207542 46.43577944487333 689.6925998665392 0.3702528700232506 6041.679123483598 6255.665135677904 53.68262612819672 810.7875278517604 2.902318961918354 12694.00078229606 1132.384200923145 20941.47423305362 328.4606113880873 1.548931017518044 1143.576395601034 11131.71495130286 1455.473123937845 517.3375753387809 6125.14810301736 1.699666328728199 6.919471174478531 44.40158515423536 4388.494359478354 418.5978041216731 9138.84170499444 3263.116466701031 8792.668532527983 5957.853115327656 405.6625309213996 21.49996174871922 45.97576911747456 84.31027018278837 0 8.419853076338768 53.82263220846653 0 0.7180935144424438 0 4.932345241308212 0.1718617230653763 10.38461548089981 0.7371840924024582 0.1174788996577263 0 0 0.3532369211316109 2.245867013931274 1168.494024142623 2.517944008111954 0.1595806032419205 0.6210870370268822 0 167.250872194767 421.9149014875293 790.0001480728388 91.87783855199814 0.4288943409919739 5.137043215334415 448.6318110376596 179.1652723550797 0.1265652626752853 14.60623107105494 0 0 0.1876653283834457 2.582040429115295 23.07662771642208 115.0100130438805 7.885370418429375 13.43746326118708 13.74483569711447 18.35415366292 4.913315057754517 10.20972502231598 0.4443210363388062
11.56971694529057 1359.240564204752 21.98813129216433 784.324946641922 22.79029159247875 177.8211618065834 1096.441278032959 150.3484468832612 11094.00311168283 1498.948487728834 34.48521444201469 1413.183240152895 67.36900447309017 147.3600123897195 348.5534517392516 1824.915776506066 8.298083171248436 6.404601745307446 5.270535163581371 1679.645263060927 929.4312959685922 7044.124206870794 328.4606113880873 16063.473621279 91.00287914276123 25.06601320952177 1196.856118932366 10781.33557716012 428.1967006847262 293.8284533396363 2.728156752884388 8.819005355238914 53.39511001110077 375.2253823652864 62.39349850267172 3813.418568573892 69.83816697448492 672.1849799081683 241.6122729927301 1443.711747519672 18.61329252272844 8.007797591388226 26.61927446722984 17.29326374828815 3.531910941004753 4.527194336056709 213.7679868042469 3.347679927945137 25.13251954317093 472.2685128450394 40.28056368231773 1088.96663416177 361.8785136267543 1.807154580950737 147.0937965810299 0.7532369717955589 21.73287280648947 51.65757605433464 548.7706058695912 0.6749766543507576 0.08689084649085999 0.4228713735938072 107.8459701389074 233.9345068782568 122.8872759267688 64.9273294582963 3237.694730266929 0.6156453043222427 1.974401824176311 31.30814252048731 3419.998258553445 44.35460647195578 308.9554762691259 0.1927050948143005 1.846905201673508 7.659784227609634 33.7041587755084 17.20510146766901 955.4195758551359 1.730997212231159 130.660432882607 43.83413128554821 551.8745138347149 23.0721040815115 0.2480614632368088 1.799202561378479
0 2043.732264764607 0.9226492047309875 0 0.2936783730983734 0.6291658654808998 0.9403065368533134 2.217477194964886 57.32467933744192 0.3235727772116661 1020.592019684613 0.3899367079138756 6506.39519765228 0.090693399310112 1.912450566887856 8.887303315103054 3.741289809346199 72.17653953284025 28.06764475256205 0.3331387042999268 2.603698030114174 315.9049024730921 1.548931017518044 91.00287914276123 1512.709425114095 581.2615693062544 5033.384541802108 4.303480163216591 0.8135976120829582 0.2658118903636932 418.8004633784294 0.6187053173780441 0 840.4014330282807 0.2156921625137329 53.89992750436068 209.9159507825971 218.7046383842826 40.64177436381578 3.230219878256321 0.8196233510971069 686.8447245284915 3.655791223049164 0 76.09135049581528 1.983643218874931 0 0 0 0 0 0.7843088954687119 0 23.74690659344196 0 662.6784430965781 0 0 0.1810730174183846 1.717921152710915 10.05832482129335 6.161969393491745 0 0 1.835015907883644 0.1029910370707512 0.3371641635894775 197.7162739187479 120.0733463317156 1167.312135793269 0.07330107688903809 0 0 69.50144196301699 0 0 0.1303133964538574 0 8.142861731350422 46.58600648492575 4.803313083946705 0.9948217198252678 0.247362807393074 0 9.707845568656921 0
32.07714122906327 552.2763401567936 10740.84397827834 0.08479928970336914 1.676849961280823 16.17715861648321 57.23776450753212 82.00611593201756 18.45157025009394 15.92429738491774 2299.032510165125 6.161652579903603 201.3963831216097 116.7539033778012 0.9661074057221413 11.9775305390358 5059.888772636652 2454.51907433942 6049.035904109478 4.278797678649426 49.4546979740262 61.82608329504728 1143.576395601034 25.06601320952177 581.2615693062544 32444.01471848786 17122.13658782095 27.06759480759501 90.39055379852653 133.0355762019753 549.6637175008655 15.09398800134659 5.089915201067924 1408.68517459929 72.42822275310755 3144.777890615165 6600.559379115701 2948.522684879601 1249.254383154213 38.24258836358786 4.084848783910275 27.26505243033171 13.70301005989313 0.4471915736794472 498.8844914883375 421.5100611373782 0 0 0.1973793134093285 2.178368039429188 0.08416703343391418 2.172264501452446 0 23.28610306978226 0.2032306715846062 456.5237144902349 0.9230966866016388 0 4.873531267046928 302.5373045429587 92.41023158282042 612.737062394619 0 1.995030231773853 13.44000514596701 22.98201935738325 4.29833921790123 498.4855471104383 2456.090628787875 7046.176153883338 2.494553171098232 0.3924414217472076 3.368349812924862 240.4276498630643 0 0 27.37361619621515 18.99113267660141 272.8087770491838 134.4293097853661 109.9843883737922 69.01105368882418 7.676332175731659 0.1073195710778236 4.430114425718784 0.9379961937665939
40.42270512133837 10564.13697426766 8835.422873824835 0.2761936336755753 1.347906082868576 6.559576317667961 117.3429536446929 88.07994128391147 336.6638993695378 6.75483226031065 1061.701371893287 2.048442110419273 3727.457764089108 159.5184469334781 9.068238459527493 4822.071051873267 6571.058938451111 381.1243307031691 1857.142154067755 2.118722833693027 1275.082906648517 7908.637292020023 11131.71495130286 1196.856118932366 5033.384541802108 17122.13658782095 37612.60215301812 557.4751453325152 173.6562130115926 372.0793604925275 2445.022310063243 3.979937687516212 13.38697739690542 2924.821942292154 229.1920299902558 7164.863569751382 3063.172839917243 7349.066931217909 3044.045369677246 266.3717517629266 10.72521781921387 22.30625791847706 45.3215601593256 1.840042270720005 2641.555736407638 2483.342969380319 0 0 0.3700669407844543 15.69593643397093 1.941377781331539 7.248759903013706 0.6458393931388855 19.95764911919832 0 319.6006181538105 6.39542193710804 0 1266.148012436926 489.8606740534306 47.70698506385088 538.0509986653924 0 38.90185277163982 1225.85458316654 2250.600659757853 58.02499541640282 672.660099491477 2476.761559218168 18781.44272338599 65.26661372929811 3.554641172289848 15.60093047469854 175.355244114995 0.189710259437561 0.08895744383335114 50.04484919458628 40.4542343467474 852.8346442878246 229.6862039268017 312.9389194324613 275.3866902813315 33.18582182377577 0.6704500615596771 6.304927609860897 3.938629239797592
105.7828870937228 55.30250927060843 232.5814426541328 4188.403964154422 12.69763189554214 930.3858306892216 20753.94538249075 534.1043875999749 1571.400282301009 8675.973306670785 48.55410126596689 937.9647393971682 21.12861388921738 679.7386126853526 56.25436378270388 1395.07173345238 67.22754649072886 10.42100651562214 8.616713117808104 3128.989198833704 6479.860107883811 345.6839650943875 1455.473123937845 10781.33557716012 4.303480163216591 27.06759480759501 557.4751453325152 23017.04252847657 949.355787307024 5413.078154809773 0.5384838208556175 31.44595023244619 135.863122984767 698.9026747941971 133.6977826952934 4354.72320844233 106.1488895639777 1169.740421481431 488.4611230939627 252.0350619181991 24.93293015658855 11.56577409058809 37.75808548182249 13.69488156586885 1.187391012907028 8.069874607026577 92.45652664452791 2.069346182048321 14.95105193555355 315.6670489385724 31.60343787074089 403.26061078161 208.110387891531 5.280074991285801 49.48629420995712 0.078966423869133 18.55086040496826 13.89329726994038 367.4119659736753 0.4194027036428452 0.2925881147384644 0.1352424025535583 40.22659429907799 163.4984538927674 53.02992165833712 52.8604481369257 1974.939934954047 0.2032032385468483 0.433675616979599 24.38616997748613 2321.462625265121 32.04168469458818 281.8969208374619 0.097603939473629 2.243686512112617 4.534647651016712 26.70416656881571 9.328355975449085 614.9644004926085 1.024584323167801 83.61957962810993 29.95350176841021 267.9658396393061 10.94069147109985 2.748081043362617 1.821118071675301
2979.55739018321 2.361796319484711 252.3911220692098 17.63203179091215 106.6919664666057 791.5406835898757 1889.93116831407 2093.915322065353 18.40437456220388 996.8363863863051 339.4394143670797 429.7374909669161 14.40295565128326 9307.291819613427 19.43196821957827 7.487739756703377 486.2889099046588 37.11225651949644 77.56244990602136 324.9086315333843 132.1515065841377 1.730142079293728 517.3375753387809 428.1967006847262 0.8135976120829582 90.39055379852653 173.6562130115926 949.355787307024 23373.01048594713 5186.224672671407 1.39365990459919 893.6745350658894 3785.165637515485 3206.903107576072 64.97799621522427 1214.796754345298 46.18819534778595 1936.232638712972 492.7599945962429 264.8150072470307 41.02629556506872 5.471806906163692 28.95577934384346 0 0.4926222786307335 2.738872326910496 0.2062009274959564 0.1220285445451736 0 6.174474224448204 0.135072723031044 4.629121124744415 5.688954651355743 0 1.247131109237671 0.3890353664755821 0 0.3079137206077576 11.68405175954103 0 0 0 0.1410747021436691 5.352928750216961 1.21860034763813 2.417279452085495 49.7931606695056 0.07953514158725739 0.4523662775754929 7.408406622707844 65.68308723717928 0.09636975079774857 6.297053933143616 0 0.06757507473230362 0.425733894109726 0.4167458415031433 1.116802036762238 28.26269391179085 0.4918430000543594 2.238187104463577 1.864952318370342 4.6706572920084 0.7398089990019798 0 0
