1120.952248208225 0.8055103346705437 21.73776084929705 1.815646067261696 0 1.458148553967476 1866.996708713472 228.7794730588794 6.078113205730915 8.352476619184017 32.62989080697298 1.449073299765587 0.7850320562720299 4272.721183054149 0.276311568915844 0.4538016244769096 95.68079578876495 10.13815829157829 33.79632919281721 2.299629017710686 24.7182634472847 0.2426084578037262 35.54914081841707 68.90825420618057 0.1650536954402924 20.64755924791098 27.86751881986856 65.4208370372653 3537.890768490732 3104.918502502143 0.6455683335661888 3.291726417839527 21.54342518746853 137.8029214963317 0.2664304971694946 3.71597296744585 1.418231204152107 113.8873257339001 9.529363624751568 0.8430049121379852 0.1172606647014618 0 0 0 0 0.2541821151971817 0.11632189899683 0 0 0.7198657393455505 0.1051601245999336 0.1416723132133484 0 0 0.2391210496425629 0.2670879438519478 0.1083133518695831 0 0.2750895768404007 0.2392669394612312 0 0.960217297077179 0.371180534362793 0 0 0.1164626553654671 3.357257142663002 0 0.8712966591119766 1.970361664891243 1.578824959695339 0.4490019530057907 0.1166863813996315 0 0 0 0.3056573271751404 0 0.9518387168645859 0 0.5244508236646652 0 0 0 0 0
0.8055103346705437 137.0795238167048 49.26774579286575 0.2432812303304672 0.3206158429384232 0.3452106863260269 3.036665365099907 2.918676123023033 461.7094853073359 0 36.02550181746483 1.836771190166473 284.1647449582815 3.596081845462322 10.69786328077316 103.8877951949835 247.7869128584862 4.678187057375908 28.64638605713844 0.6652046889066696 10.08672739565372 2510.230941057205 60.6641433686018 856.4570499658585 2475.70466811955 186.810746178031 2307.857636019588 16.84166706353426 1.520880125463009 5.63589882850647 7.488162860274315 0 0 57.59128886461258 1.889635354280472 186.5072829723358 101.5184555351734 361.9925247579813 100.8892844766378 11.32092174887657 1.139322519302368 65.53391391038895 1.014772891998291 0 45.72655172646046 112.2020346671343 0 0 0.1449983865022659 1.128940045833588 0.2906541526317596 0.6935503631830215 0 2.338385596871376 0 16.09176824986935 0.557401716709137 0 121.5767875611782 32.71734742820263 2.896987393498421 29.90629801154137 0 3.163961887359619 59.21062740683556 22.43415106832981 28.52882401645184 55.92446865141392 219.3108382225037 759.81338301301 8.429477035999298 0.2595073729753494 0.3683885931968689 3.741952285170555 0 0 3.989576891064644 0 36.73492760956287 25.93655735254288 35.3528970181942 20.54663601517677 0 0 10.26010483503342 0
21.73776084929705 49.26774579286575 5156.168358191848 0 0 9.987171791493893 303.9650530219078 205.4293395131826 1.479457825422287 3.908906556665897 35.42282093316317 0 4.286911591887474 298.471494153142 0.3440044522285461 7.332955524325371 2239.427263602614 129.0419820174575 278.4668915718794 0.2305747419595718 751.5434178039432 2.69518306851387 9055.156186558306 8.088873155415058 5.579334393143654 8419.494409620762 6193.19171769172 130.2139432653785 22.38119398802519 520.717265330255 3.046289920806885 0.8770517706871033 1.776002518832684 545.8445673882961 12.44901347160339 1243.340224258602 446.4716570228338 2105.56764293462 698.1558745503426 35.54804742336273 2.682233594357967 2.506857886910439 2.447577342391014 3.749812170863152 266.6377450823784 1284.968241550028 0 0 0.4555020704865456 18.80306970328093 5.703471317887306 1.23001891374588 0 2.17868834733963 0 2.411112412810326 6.696541920304298 0 35.93343758583069 527.3495664820075 5.785508744418621 85.64210845530033 0 3.03800131380558 45.20247685909271 225.159331575036 31.28057380765676 1.072681486606598 710.9469427838922 4018.403543196619 6.942910425364971 1.417419835925102 4.370804369449615 1.854198470711708 0 0 10.08151340484619 2.261160850524902 198.9241679906845 115.3871688395739 144.6929383724928 80.54753959178925 4.387576937675476 0 0 0.437972217798233
1.815646067261696 0.2432812303304672 0 2250.609645359218 4.618671484291553 195.6141995936632 373.7895207926631 105.6654769107699 1008.741337582469 4732.893608219922 24.51928797364235 4464.927791126072 4.408156767487526 111.4925419688225 95.59355257451534 0 0.1018005758523941 2.4146823361516 1.594007410109043 2777.307813845575 0.5640511959791183 0.2681966722011566 0 1699.985543757677 0.5147329047322273 10.27751459181309 7.766864158213139 6703.538125105202 130.8728509619832 0.9065655916929245 1.747376598417759 6.421839617192745 0.3341876193881035 87.32323218137026 7.237168729305267 219.1971518099308 4.015738755464554 176.6240547001362 37.84764476120472 127.3128997981548 4.23108896613121 9.092500016093254 3.3679189234972 0.6756705716252327 1.626922249794006 0 333.640198931098 1.935217827558517 29.77546518296003 152.2343462407589 28.6876876950264 188.1500841975212 269.6322016716003 8.777397364377975 326.9195709004998 1.090313360095024 33.30666735768318 71.76318066567183 0.1778611391782761 0 2.143688969314098 1.476951465010643 335.9871300235391 0 6.225357294082642 2.013576030731201 903.2219493240118 0.4228825271129608 1.272207893431187 1.432469844818115 453.3493212386966 40.53484760224819 0.783404752612114 0.6262168139219284 1.795659571886063 0 21.40931844711304 2.041631937026978 58.62523122876883 1.204945310950279 39.03948157280684 11.31935411691666 174.2745812386274 8.112365923821926 1.379090398550034 0.5168145298957825
0 0.3206158429384232 0 4.618671484291553 8.470039695501328 132.9471646696329 4.524375818669796 23.86889097094536 128.5936660468578 1.695545203983784 1.690371014177799 44.10046681761742 0.1780312806367874 4.824222475290298 2103.397340208292 0 0.2040733098983765 0 0 6.254601292312145 0 4.606670364737511 0 31.21010705083609 0.8955775648355484 0.8444687873125076 1.624048881232738 5.432148680090904 3.749873168766499 0 0.2453930824995041 44.83889320492744 0 28.20946073532104 0 3.731386423110962 0 13.03385385870934 0.2454359605908394 1447.661440104246 2.032685488462448 0 0 0 0 0.1927013993263245 0 0 0 0 0 0 0 0 0 0 0 0.474256694316864 0.2967464774847031 0 0 0 0 0.8836537152528763 0 0.8442935198545456 0.9974952936172485 0 0 0 1.095354966819286 0 0 0 0 0 0 0 1.057190299034119 0 0 0 0 0 0 0
1.458148553967476 0.3452106863260269 9.987171791493893 195.6141995936632 132.9471646696329 9650.263905510306 2009.667403183877 4282.448044940829 89.66960014402866 4977.730131238699 160.7591675817966 7902.126778371632 17.17107769846916 502.0321026965976 1001.269795574248 0.3148235678672791 16.60269713401794 12.08629082143307 9.309368208050728 975.6910557150841 12.41641690582037 1.813463017344475 4.253306083381176 175.8038944154978 3.614477559924126 46.81842778623104 29.97250256687403 706.8244872018695 216.8511953055859 26.06576462835073 6.592315413057804 498.0743585973978 0.3709353730082512 622.9465531110764 2.44850155711174 242.6643108204007 6.859409406781197 153.3715933486819 38.70864225924015 1394.287581771612 113.1698557883501 2.931000053882599 3.117039710283279 0.4442430138587952 0 0.3691478073596954 27.06492741405964 0.4234200716018677 5.40616238117218 19.92658206820488 5.957555927336216 3.496662139892578 16.41987369954586 0.752276599407196 37.38212387263775 4.392272502183914 1.441728003323078 13.85299535095692 0.5318664163351059 0.1317364275455475 1.132258772850037 0.249548077583313 25.01839606463909 0 0.665740504860878 0.1989215016365051 79.48040019720793 0.1499443352222443 2.904119729995728 1.718197673559189 65.3039817288518 7.14900765568018 0 0.8465742915868759 0 0.1417344063520432 0.4989322572946548 0 11.995654694736 1.396942555904388 9.017258949577808 3.646638154983521 44.06356790661812 0.7337163984775543 0.3349516689777374 0
1866.996708713472 3.036665365099907 303.9650530219078 373.7895207926631 4.524375818669796 2009.667403183877 18491.44793405384 3714.336767010391 149.5373016372323 7038.350104793906 72.68755780160427 195.7143049761653 6.7901711165905 7362.43853648752 31.53955603390932 17.1546208485961 202.3600193187594 16.60811629891396 31.33773721754551 73.88547191768885 933.1395882293582 5.716370671987534 435.9700923487544 4542.189713016152 7.058296047151089 161.2688040733337 719.220754519105 21749.06991896778 1203.054257713258 4857.676096133888 4.460141994059086 21.13995695114136 7.655998758971691 243.411066904664 10.28961905837059 479.6086224168539 29.94618445634842 570.0820435211062 204.0403734594584 70.32907661795616 7.105198666453362 1.178986251354218 13.51331469416618 1.479293063282967 2.364373177289963 18.49656032025814 55.52731680124998 0 6.930158197879791 66.00842176377773 12.61919130384922 68.09342044591904 63.94581788778305 2.961730375885963 29.78503458201885 1.568213991820812 11.15896117687225 3.740162201225758 20.73514764755964 3.17404118180275 2.59585252404213 1.753157019615173 50.9645186662674 3.900822892785072 5.428969830274582 30.00588317960501 335.5709286779165 0.4254714399576187 5.72414855659008 66.00013361871243 266.2186316400766 31.99715296924114 2.360794804990292 0.4016547426581383 1.588520616292953 1.104894004762173 19.56460355222225 0.4563248753547668 69.42687597125769 5.339253164827824 29.29095680266619 8.376827359199524 22.39021238684654 1.204567238688469 1.844225525856018 1.05650782585144
228.7794730588794 2.918676123023033 205.4293395131826 105.6654769107699 23.86889097094536 4282.448044940829 3714.336767010391 5660.452702134848 53.21123799681664 4274.331990525126 171.5067064762115 1170.814154885709 7.62777715921402 6442.170240528882 292.6724831461906 2.943548321723938 612.2057952284813 55.6709146052599 180.5840773135424 422.2022563293576 183.1198216304183 0.3047343343496323 212.8656273335218 590.5151729732752 1.482167549431324 193.1198011115193 244.3588747307658 757.4879233464599 364.5984089672565 1849.745726279914 3.346122547984123 62.53541255742311 1.464009508490562 630.5847139135003 17.66348537802696 309.4783147498965 14.15000128000975 620.7967084124684 115.5268362760544 427.9948261231184 76.7952516078949 0.874472938477993 13.24511959403753 1.472291119396687 3.193102031946182 3.357943706214428 25.8137082606554 0.09265264868736267 2.316885352134705 44.93743231892586 7.115566000342369 22.38517832010984 29.50617381185293 2.338932007551193 11.0118922367692 2.75513719022274 11.24069216102362 2.909671038389206 2.396809846162796 1.786354556679726 0.6429329067468643 2.423919767141342 15.12193714082241 2.505266085267067 2.216846019029617 4.427993059158325 199.8863794207573 0.4540529251098633 9.972236640751362 19.29958085715771 162.3416393250227 28.14595661312342 0.8613035008311272 0.3532073795795441 0 0.5531160086393356 4.835557267069817 0 46.52744384109974 1.649484187364578 34.54986795037985 9.511808902025223 10.72843266278505 0.9635063260793686 0 0
6.078113205730915 461.7094853073359 1.479457825422287 1008.741337582469 128.5936660468578 89.66960014402866 149.5373016372323 53.21123799681664 417.7632130384445 234.2013584598899 32.49838949739933 994.5633533895016 114.4476223289967 86.68599580228329 655.4293042421341 13.39390349388123 19.55468255281448 2.404378578066826 4.481236517429352 1301.32253074646 19.57441008836031 2797.480400189757 2.858093127608299 4177.608752973378 931.0578738749027 41.3897233530879 721.6455064117908 1008.05369862169 218.8702010884881 356.1752391457558 7.970798328518867 11.42560632526875 31.22765216976404 87.38297813385725 36.275032132864 924.152169033885 46.27520578354597 354.1283538863063 262.7593902647495 381.0939870774746 3.235983110964298 19.92919978499413 13.13895364105701 6.387504942715168 6.350622400641441 5.695571564137936 257.717024102807 0.669701412320137 16.76683961600065 73.63678627461195 15.37092835456133 270.6199708282948 185.4774377048016 7.354592844843864 500.7191020697355 7.314174816012383 25.34819080680609 125.3703839108348 128.3783949241042 1.964350506663322 3.110369585454464 2.744882471859455 274.4885639995337 64.40011382848024 125.8012797534466 22.52834313362837 1433.105984009802 16.55548026412725 6.927147187292576 16.48710902780294 426.8360594883561 63.94393096864223 35.35952535271645 1.36889111995697 1.921181783080101 3.563421256840229 34.43437178432941 9.614011138677597 257.9731129705906 7.613790825009346 91.21328052133322 42.4033984914422 309.0374038591981 6.239766418933868 1.794706135988235 3.783901438117027
8.352476619184017 0 3.908906556665897 4732.893608219922 1.695545203983784 4977.730131238699 7038.350104793906 4274.331990525126 234.2013584598899 24246.76727411151 243.4937212988734 4549.458716370165 25.70710746198893 2277.610456123948 16.78308811783791 0.4282412678003311 3.794330313801765 34.06477063149214 18.71320174634457 5804.914327204227 4.607283398509026 0.1239892914891243 2.567988000810146 715.6394627317786 2.176490008831024 102.3511813953519 57.54035653918982 6351.463928095996 773.8104611039162 6.103260152041912 17.09822583943605 64.54090318828821 0.6606609225273132 519.9859277158976 7.981975361704826 1083.774838484824 24.99887298792601 999.9596644118428 219.2523644044995 146.481708034873 33.3366814404726 4.787210248410702 21.48379483819008 0.6026850044727325 0.4339810013771057 1.389282807707787 185.3943350166082 0.1436753422021866 9.860963016748428 121.9758645147085 38.80595523864031 77.95845836400986 136.7616897672415 7.666706562042236 140.3196260035038 4.327864930033684 27.20404662191868 31.56386730074883 0 0.303194135427475 3.882164001464844 0.597649022936821 186.324333101511 0 5.032487288117409 1.277664840221405 585.9635477513075 0.4721953868865967 8.408232726156712 4.081945359706879 349.7121778950095 27.85296946018934 0.9105001538991928 1.174306303262711 1.529251039028168 0 16.35820534825325 1.672823414206505 41.31467482447624 1.098748713731766 33.04912902414799 15.07757782191038 73.67726808786392 1.318056374788284 0.7936009168624878 0.9743822813034058
32.62989080697298 36.02550181746483 35.42282093316317 24.51928797364235 1.690371014177799 160.7591675817966 72.68755780160427 171.5067064762115 32.49838949739933 243.4937212988734 9947.973493248224 363.9651271998882 1833.144038133323 269.2961418479681 33.67023693025112 6.291306599974632 423.4299049600959 1689.667941011488 1836.35497777164 145.0484607815742 81.06233876943588 28.66760459542274 89.27474500983953 82.52244651317596 647.7624376565218 2310.924346491694 1602.707539431751 67.03527717292309 404.5986464992166 223.6338491365314 458.455421961844 129.0944218114018 7.131342902779579 9791.638350456953 14.28998033702374 601.9539768397808 3400.556886129081 7466.563021995127 1576.584205627441 121.0419098138809 28.66424908488989 746.8697205483913 18.38613550364971 0 14.58504194766283 1.921527668833733 1.651254385709763 0 0 1.94471313804388 0.64619280397892 2.015134774148464 1.359984621405602 241.0033363029361 3.472311213612556 755.2305763214827 0.1093792021274567 1.52375890314579 0.1856268346309662 1.072347804903984 85.56089262664318 24.18035346269608 1.848342247307301 0 2.700054615736008 1.10692223161459 12.46955958008766 77.36686509847641 248.0110052973032 128.6185109317303 10.73391859233379 1.316338457167149 0.4109726101160049 102.8428657874465 0 0.1802186220884323 19.98687091469765 5.790829226374626 49.7996921390295 170.4808043986559 78.19687166064978 17.93837437033653 4.612966686487198 1.567888379096985 26.82921752333641 0
1.449073299765587 1.836771190166473 0 4464.927791126072 44.10046681761742 7902.126778371632 195.7143049761653 1170.814154885709 994.5633533895016 4549.458716370165 363.9651271998882 7808.1780744344 41.05371341854334 630.1841065734625 405.0692811310291 0 1.906071722507477 33.88859117776155 19.46173910051584 7283.538867503405 0.2267103865742683 7.733146786689758 0.3778237402439117 402.3356304243207 9.280387341976166 121.8092871531844 64.85293235629797 372.9143716096878 437.6196052804589 2.779341250658035 17.68823772668839 100.2558272629976 0.2688935250043869 1012.050875209272 1.349423438310623 445.961810015142 19.4719524756074 694.4705730602145 88.95029255002737 884.3895616754889 107.0063857585192 4.701750479638577 7.283641703426838 0 0 0 117.3489271253347 0.2859487235546112 6.744103372097015 15.48345430195332 5.379978254437447 26.88974471390247 69.10989455878735 3.806825324892998 190.6929565221071 5.817850358784199 6.468036741018295 83.117934897542 1.689688444137573 0.1514348536729813 2.459798976778984 1.032931633293629 115.4531161412597 0.3052568584680557 0.6047719568014145 1.58374210447073 178.8625007122755 0.5529217422008514 8.052382409572601 4.585798017680645 95.01605708897114 3.889821670949459 0.2692379802465439 1.920595481991768 0 0 10.15144136548042 0.5115653276443481 32.97622345387936 1.308421090245247 8.494836397469044 1.010129421949387 186.7028753235936 0.3738810569047928 0.2756186723709106 0
0.7850320562720299 284.1647449582815 4.286911591887474 4.408156767487526 0.1780312806367874 17.17107769846916 6.7901711165905 7.62777715921402 114.4476223289967 25.70710746198893 1833.144038133323 41.05371341854334 2689.353153273463 13.10893470793962 9.86536880582571 14.98168215155602 4.603194631636143 22.99420017004013 11.05049009621143 16.58584122359753 10.39762006700039 189.8975671380758 14.28812173008919 134.7830100730062 3447.487133175135 179.2194501683116 1946.140638820827 16.07983537018299 15.67162098735571 4.853907272219658 481.7752216756344 3.198522254824638 1.470167934894562 1198.903255678713 27.8556455373764 1354.531450934708 5188.685110285878 4549.93076595664 991.3704135119915 244.1678250283003 131.1577876806259 1780.582357235253 57.52344939857721 0 41.04686036705971 3.084222510457039 0.09506624191999435 0 0 0.6851674467325211 0 1.676160410046577 0.3379132673144341 800.4276333004236 0.7844922840595245 2359.87556694448 0.19562067091465 0.2284101247787476 7.86445577442646 0.7819336652755737 191.7932848334312 11.13495022058487 2.654531300067902 1.944760710000992 3.514829561114311 4.463200993835926 11.36828491836786 367.346351929009 477.5039209872484 186.6915610507131 10.53972800821066 0.2620749771595001 0 349.5971134901047 0.4836263358592987 0 64.12566623836756 2.606730595231056 302.852865383029 524.1655406802893 254.5016710534692 199.7995154708624 29.13161382079124 0 142.7974417805672 11.84099960327148
4272.721183054149 3.596081845462322 298.471494153142 111.4925419688225 4.824222475290298 502.0321026965976 7362.43853648752 6442.170240528882 86.68599580228329 2277.610456123948 269.2961418479681 630.1841065734625 13.10893470793962 9205.877087213099 78.0227950066328 3.197560735046864 730.380323395133 78.34214769303799 245.343476139009 408.3530865907669 345.1765251085162 1.842264994978905 278.7954210564494 879.4012390747666 2.799225300550461 271.9455413147807 320.7726267799735 996.6405310854316 4916.840544246137 4350.656202815473 5.71697685867548 62.58785866945982 14.41679465770721 950.4493122696877 7.772540792822838 281.6915639489889 16.23075880855322 818.9227645918727 101.4698377773166 186.0010225325823 41.43402296304703 0.9437423497438431 7.093752667307854 1.523092463612556 2.398302264511585 5.456118553876877 15.70006549358368 0.2498840391635895 3.987541444599628 46.68350607901812 6.071256533265114 26.23430386185646 20.50755523145199 1.759554997086525 11.81801774352789 1.385279834270477 5.649633400142193 1.972451269626617 4.88755140453577 1.905576251447201 1.301105089485645 2.348095908761024 12.94291067868471 3.817055255174637 2.087206169962883 1.906720578670502 169.1334359496832 0.4755633175373077 14.0666256994009 26.63139948993921 148.6685189306736 21.45076615363359 1.237037472426891 0.9514905959367752 0.254536859691143 1.344042129814625 12.63209147006273 0.4944984391331673 29.02003748714924 1.204475916922092 23.555982619524 10.07419499009848 15.37266094982624 4.173888005316257 0 0.3466183245182037
0.276311568915844 10.69786328077316 0.3440044522285461 95.59355257451534 2103.397340208292 1001.269795574248 31.53955603390932 292.6724831461906 655.4293042421341 16.78308811783791 33.67023693025112 405.0692811310291 9.86536880582571 78.0227950066328 448.9232631623745 0 0.6502010375261307 1.551458939909935 0.9310083463788033 120.8857026100159 0 55.37706905603409 0.2350708395242691 626.5308827385306 28.12530769407749 8.34853657335043 37.87343519181013 101.0672161281109 51.37666089087725 2.160896107554436 0.9970515742897987 567.4972839355469 1.18260633200407 183.4267291352153 1.604600548744202 79.71156466752291 2.019830197095871 54.01699397712946 20.87079349160194 923.4330506324768 61.96960056573153 1.874072730541229 0.7095496654510498 0 0 0 1.918378934264183 0 0.6553791165351868 1.167123913764954 0 9.266887307167053 0 0 1.735051304101944 0.8172436505556107 0.7447558641433716 1.704170107841492 7.845837563276291 0 0 0 3.412384629249573 4.524525254964828 4.773042768239975 1.08329664170742 17.85446324199438 0 0.3743616789579391 1.638375237584114 9.112499959766865 0.262155219912529 1.684909388422966 0 0 0 0.2665359973907471 0 11.03716776520014 0.1630232930183411 2.578038334846497 1.042341023683548 10.27666670084 0 0 0
0.4538016244769096 103.8877951949835 7.332955524325371 0 0 0.3148235678672791 17.1546208485961 2.943548321723938 13.39390349388123 0.4282412678003311 6.291306599974632 0 14.98168215155602 3.197560735046864 0 1772.709214150906 20.21233074367046 0.7305566221475601 3.383300416171551 0.2014164924621582 4307.872089236975 1161.529083013535 1951.296788409352 807.8120928928256 137.245558321476 13.7667221724987 4877.310782775283 471.7163958400488 9.180214628577232 569.1897012069821 1.308756902813911 0 2.958993479609489 71.70953665673733 70.48470015823841 2356.558983080089 202.3890912383795 459.3566175401211 748.1519758626819 39.80484691262245 4.968912169337273 6.237363427877426 13.10627572238445 0.3657038062810898 2.021407678723335 17.72857640683651 0 0 0.1795738786458969 4.914245925843716 3.248366639018059 43.18028530478477 0.1375289708375931 0.5615747272968292 0 0.7634708434343338 2.577600255608559 0 3858.383638054132 2.929784640669823 1.494356989860535 2.037060759961605 0.1386804580688477 478.6619933620095 808.4994833618402 2290.843161657453 359.1887164562941 0.1969838738441467 5.673181682825089 350.0403081923723 275.4208105951548 12.76294019818306 77.96295349299908 0 0 1.961258716881275 33.94283922761679 28.74380381405354 1115.149759419262 238.816910520196 196.3522374927998 335.8625639304519 22.08836014568806 3.433718830347061 0.2700643539428711 6.019670426845551
95.68079578876495 247.7869128584862 2239.427263602614 0.1018005758523941 0.2040733098983765 16.60269713401794 202.3600193187594 612.2057952284813 19.55468255281448 3.794330313801765 423.4299049600959 1.906071722507477 4.603194631636143 730.380323395133 0.6502010375261307 20.21233074367046 796.8371925801039 344.1779640614986 3855.429689638317 1.058438442647457 1540.708336338401 12.95521722733974 8463.066704072058 54.85866171121597 3.70594522356987 2098.874194256961 8389.739970557392 62.43853808194399 188.369256734848 2658.153300948441 1.114059135317802 4.947841890156269 3.532429806888103 813.9426918327808 4.314350605010986 519.6233487799764 242.8566852137446 482.0114031806588 182.5148206502199 23.95285471528769 2.317203365266323 0.3019629865884781 2.140284731984138 0.533467024564743 250.3131018280983 236.0979291424155 0 0 0 6.584064319729805 0.5348473787307739 2.6556236743927 0.1223781928420067 2.610476076602936 0.1272737234830856 8.523979239165783 2.821610264480114 0 8.317092157900333 229.3523751348257 16.37018685042858 149.1927802413702 0 1.257912024855614 27.98824247717857 18.3778204023838 18.19225304573774 4.784677594900131 789.281722843647 1472.814649835229 3.20874859392643 1.380890280008316 1.184151068329811 4.032097578048706 0 0 9.177921086549759 0.7717626243829727 86.39400108903646 54.87632859498262 85.28301165252924 35.56196066737175 1.648102879524231 0 0 0.8286530375480652
10.13815829157829 4.678187057375908 129.0419820174575 2.4146823361516 0 12.08629082143307 16.60811629891396 55.6709146052599 2.404378578066826 34.06477063149214 1689.667941011488 33.88859117776155 22.99420017004013 78.34214769303799 1.551458939909935 0.7305566221475601 344.1779640614986 313.2379806861281 2098.258576236665 19.12916835397482 31.37096775323153 3.653838738799095 62.8126375824213 9.8892457857728 25.6493316590786 2598.463854506612 992.6536207720637 10.15299741923809 54.13909260183573 101.0881552323699 64.91223449259996 7.776214107871056 1.486975945532322 643.4442996904254 1.945191338658333 433.91563975811 713.2570676356554 1139.307448856533 385.7421544417739 17.95311082154512 0.1214249953627586 1.724836617708206 3.327859237790108 0.3095957934856415 5.604693412780762 2.280219316482544 0.29469034075737 0 0.1153006106615067 0.5058411657810211 0 0.2527827546000481 0 174.6619123369455 0.5287933498620987 450.9473483562469 0.7095509618520737 0 0.4014519974589348 2.206617668271065 490.8596673607826 86.91667057573795 0.2047273963689804 0.09711185842752457 1.843132063746452 0 2.1581801623106 89.71513602137566 936.6615012213588 389.4365502521396 2.711289547383785 0.1029710099101067 0.2820956110954285 274.2404656410217 0 0 4.461803868412971 2.080408349633217 24.74194134771824 64.83724315464497 45.13017297536135 5.514511719346046 1.267759263515472 0 1.507072329521179 0
33.79632919281721 28.64638605713844 278.4668915718794 1.594007410109043 0 9.309368208050728 31.33773721754551 180.5840773135424 4.481236517429352 18.71320174634457 1836.35497777164 19.46173910051584 11.05049009621143 245.343476139009 0.9310083463788033 3.383300416171551 3855.429689638317 2098.258576236665 2882.806810967624 12.10811484605074 211.0784513577819 1.904308259487152 389.216382868588 21.90364757180214 20.11099672317505 3799.758332014084 2184.17322986573 20.65155532211065 125.6253559812903 612.4771607741714 16.98499263823032 3.265322372317314 3.09220290184021 4337.537762865424 3.981032088398933 586.5664515048265 341.1094733178616 2199.0874158144 499.8706935495138 21.03094655275345 0 0 2.29012793302536 0 52.96002006530762 15.05035650730133 0.2503966838121414 0 0 1.102096021175385 0.1287256926298141 2.35917853564024 1.049311250448227 8.674137778580189 0.329060472548008 31.33281572163105 1.802865259349346 0 0.6214388608932495 28.19306816160679 151.8828329592943 253.2113779038191 0.1558267772197723 0.3561377078294754 2.121514394879341 2.229639008641243 5.93861810863018 43.75674770772457 973.29728808254 730.3298213407397 1.397114165127277 0.7391246482729912 0.7506768330931664 29.28473496437073 0.611806720495224 0 11.52053570002317 2.901321858167648 64.13350927829742 49.89147578179836 94.34026953577995 30.52342282235622 1.138685509562492 0 0.2510782182216644 0.2918504476547241
2.299629017710686 0.6652046889066696 0.2305747419595718 2777.307813845575 6.254601292312145 975.6910557150841 73.88547191768885 422.2022563293576 1301.32253074646 5804.914327204227 145.0484607815742 7283.538867503405 16.58584122359753 408.3530865907669 120.8857026100159 0.2014164924621582 1.058438442647457 19.12916835397482 12.10811484605074 999.6002690494061 0.2265491262078285 1.247107669711113 0.381840780377388 579.01198271662 2.204385451972485 58.35261155664921 31.9155936986208 1370.662497475743 361.4381819888949 1.26306563615799 9.179188884794712 35.90576155483723 0.8119780272245407 330.8933228626847 3.617125421762466 519.5273014381528 15.62440031766891 543.3933796957135 91.51234750449657 297.8593179807067 25.84517422318459 2.516924105584621 13.10468311607838 0.7408956214785576 0.7638781070709229 0 221.6883694007993 1.115514598786831 23.09252028167248 73.53794790804386 9.302478447556496 108.387503311038 162.6348360180855 6.844906218349934 296.39722571522 2.543329112231731 10.12946103513241 85.50017639994621 0.1271501034498215 0 3.932649195194244 0.9025877118110657 243.8832676485181 0.1501226723194122 2.477109417319298 0 523.189017817378 0.7232735604047775 2.703117206692696 3.513997040688992 264.0642363205552 18.96833148598671 0 1.375294975936413 1.14234821498394 0 15.5006243288517 0 35.23000438511372 0 30.14436013251543 3.926055312156677 191.7934603691101 6.451167955994606 0 0.1352311074733734
24.7182634472847 10.08672739565372 751.5434178039432 0.5640511959791183 0 12.41641690582037 933.1395882293582 183.1198216304183 19.57441008836031 4.607283398509026 81.06233876943588 0.2267103865742683 10.39762006700039 345.1765251085162 0 4307.872089236975 1540.708336338401 31.37096775323153 211.0784513577819 0.2265491262078285 11129.27542857081 197.489869825542 17649.5466401726 768.7466469630599 20.3672910630703 189.0791819617152 1607.006306789815 5707.12408528477 331.9529837444425 9214.294067405164 0.8106782808899879 1.228391550481319 65.22122023999691 2724.149648614228 280.4092193990946 6372.898375429213 409.2813378050923 5966.962396524847 3811.719505406916 165.9394682496786 12.7430258244276 7.62392769753933 51.82689993083477 0.8792448341846466 1.304722025990486 9.746289625763893 0.08903323858976364 0 0 2.933020226657391 1.257101446390152 44.85379610955715 0 0.5661266073584557 0.1524647027254105 0.8085521310567856 2.182831488549709 0 879.7723898813128 2.209196500480175 0.3619062900543213 1.756568409502506 0 386.7357393950224 116.3251533210278 381.4643902108073 405.4006118029356 0.4681062698364258 6.452960304915905 56.66679254919291 401.4152932167053 24.79412450641394 87.64070297032595 0 0.1090247556567192 3.919682048261166 37.21759897470474 16.98226517438889 596.9625481441617 41.32057246565819 118.9690035805106 97.65283545106649 13.63935151696205 0.6077095568180084 0.5272682905197144 2.430308550596237
0.2426084578037262 2510.230941057205 2.69518306851387 0.2681966722011566 4.606670364737511 1.813463017344475 5.716370671987534 0.3047343343496323 2797.480400189757 0.1239892914891243 28.66760459542274 7.733146786689758 189.8975671380758 1.842264994978905 55.37706905603409 1161.529083013535 12.95521722733974 3.653838738799095 1.904308259487152 1.247107669711113 197.489869825542 1005.137363821268 152.1937518119812 6162.309939742088 1529.697601377964 34.45297186076641 1155.519577942789 122.7705468088388 3.677915401756763 165.4541478306055 6.259933456778526 0 0.4152410849928856 16.60044893622398 6.680802911520004 400.6174455061555 94.68736979365349 89.95416403561831 88.11113175004721 44.87280941009521 0.2364183366298676 46.11525702476501 0 0.8636672645807266 8.71881765127182 9.525831237435341 0 0 0 2.874800696969032 0 48.05921560525894 0 3.241110280156136 0 4.763337910175323 0.4734702333807945 0 834.9009032472968 1.611352026462555 1.517458103597164 1.875346578657627 0 78.54456114768982 82.06061096489429 221.4044707119465 233.7617297172546 62.93346291780472 6.308749318122864 421.1046891361475 75.33858522772789 7.662713214755058 29.8324787914753 0 0 0.5736854672431946 12.76415135711432 6.801046341657639 247.4772568196058 27.29600915312767 51.32254409044981 56.35539031028748 4.57123526930809 0.7312150001525879 1.368546962738037 2.371485441923141
35.54914081841707 60.6641433686018 9055.156186558306 0 0 4.253306083381176 435.9700923487544 212.8656273335218 2.858093127608299 2.567988000810146 89.27474500983953 0.3778237402439117 14.28812173008919 278.7954210564494 0.2350708395242691 1951.296788409352 8463.066704072058 62.8126375824213 389.216382868588 0.381840780377388 17649.5466401726 152.1937518119812 18994.94249460846 118.1472374126315 6.341643288731575 1621.208330027759 17994.83106020838 1146.148770987988 52.21487901359797 4402.477318674326 0.7349697053432465 0.6489399001002312 3.662273362278938 2620.279962867498 332.5419728010893 10475.0441436097 3752.690149433911 7358.739477425814 6830.07302043587 255.5048011913896 39.45787745714188 12.21913123130798 51.12058916687965 0.6556383818387985 12.66274259984493 460.8210617080331 0.1639659702777863 0 0.119963638484478 16.73582264780998 5.341061778366566 4.761746004223824 0 0.9085319936275482 0.2006249576807022 1.253318578004837 3.792598992586136 0 1987.194747447968 31.2476864233613 2.37178048491478 8.307887509465218 0.1301775723695755 152.7325762659311 254.2692769616842 3148.866232521832 61.33851743489504 0.6855477392673492 31.48279762268066 2436.665832437575 43.45706863701344 2.003909349441528 27.35848292708397 0.7463370710611343 0 0.5826443731784821 11.39765222370625 26.4582652002573 692.495580509305 232.2534213513136 239.1822275370359 317.3952717855573 10.54460184276104 1.543749660253525 0.9873766601085663 7.769034400582314
68.90825420618057 856.4570499658585 8.088873155415058 1699.985543757677 31.21010705083609 175.8038944154978 4542.189713016152 590.5151729732752 4177.608752973378 715.6394627317786 82.52244651317596 402.3356304243207 134.7830100730062 879.4012390747666 626.5308827385306 807.8120928928256 54.85866171121597 9.8892457857728 21.90364757180214 579.01198271662 768.7466469630599 6162.309939742088 118.1472374126315 6435.69205608964 1025.811458088458 74.10898309201002 3259.173987016082 6476.4083269611 2201.572716914117 1999.489372231066 12.58082590252161 17.77595083415508 274.1748470962048 523.7551145032048 139.1025646850467 3601.593038037419 124.210551969707 2131.995239257812 1218.02497279644 609.8628347590566 6.59256586432457 25.50110123306513 74.87009815126657 24.70120461285114 6.110950097441673 15.55737847089767 258.80308727175 0.5449702516198158 27.46717991679907 265.4586607813835 51.3613305836916 895.0464432835579 243.7565248683095 20.1632062792778 285.7951278686523 9.213470928370953 84.30188515037298 67.40600971132517 335.5591774433851 1.536086976528168 4.418158687651157 5.679126098752022 285.9276426658034 212.2413015291095 92.91623900830746 80.46232569217682 2888.15510097146 8.751425191760063 16.50250639766455 66.96153476834297 1884.075265258551 315.9444044455886 143.2154613882303 2.270005121827126 3.739565655589104 17.28697080910206 145.4256458505988 33.65800181031227 936.1831417456269 26.22654088586569 421.1582300812006 157.532380387187 251.2541951388121 18.7393107637763 10.40697193145752 16.68758307397366
0.1650536954402924 2475.70466811955 5.579334393143654 0.5147329047322273 0.8955775648355484 3.614477559924126 7.058296047151089 1.482167549431324 931.0578738749027 2.176490008831024 647.7624376565218 9.280387341976166 3447.487133175135 2.799225300550461 28.12530769407749 137.245558321476 3.70594522356987 25.6493316590786 20.11099672317505 2.204385451972485 20.3672910630703 1529.697601377964 6.341643288731575 1025.811458088458 435.7068438380957 200.9228573739529 2764.752495966852 43.29261726140976 5.915402963757515 5.844748169183731 87.76475098729134 2.248531110584736 0.2551620602607727 377.2100773006678 7.220614612102509 655.1054012551904 780.2275362014771 1468.197480104864 296.1397458314896 93.74594373255968 71.68912562727928 811.787956520915 37.425716817379 0 185.3995077162981 0.3823704868555069 0.1463795602321625 0 0 5.894096702337265 0.4373162388801575 4.009794920682907 0.1278801411390305 274.2241470068693 0.9087613895535469 1251.691491410136 0.2547705471515656 0.1540851593017578 16.37846630811691 2.342588156461716 63.99904453754425 70.56607738137245 5.760192632675171 8.758873760700226 8.071100026369095 3.67912258207798 13.96714952588081 198.9671431481838 480.1707865968347 375.642649397254 37.73894336074591 2.177670702338219 0 104.009112611413 0 0 33.18640840053558 4.300383001565933 264.0164827108383 157.0025555193424 165.481550142169 55.08381950855255 34.84824950993061 0 49.04750096797943 0
20.64755924791098 186.810746178031 8419.494409620762 10.27751459181309 0.8444687873125076 46.81842778623104 161.2688040733337 193.1198011115193 41.3897233530879 102.3511813953519 2310.924346491694 121.8092871531844 179.2194501683116 271.9455413147807 8.34853657335043 13.7667221724987 2098.874194256961 2598.463854506612 3799.758332014084 58.35261155664921 189.0791819617152 34.45297186076641 1621.208330027759 74.10898309201002 200.9228573739529 24122.2540845871 12249.19471271336 51.75597366690636 104.6293847486377 242.7967228367925 320.4067241996527 26.94276740401983 2.181381613016129 1237.570632450283 16.96492873132229 2392.840675279498 2859.237845093012 4231.200491644442 1398.795405089855 108.6326539963484 0.7461606711149216 21.76258973777294 8.553326316177845 2.995445854961872 716.9627183526754 199.754143461585 0.7665709853172302 0 0.283652126789093 13.40612959116697 3.221874989569187 6.379089221358299 1.140529975295067 153.1879386305809 2.272238872945309 516.5951634421945 8.782462581992149 0.6155154854059219 7.400644779205322 562.2202142849565 543.1978901028633 1027.8547802791 0.6525340750813484 2.02676984667778 17.0791449546814 11.18620118498802 44.29248949885368 208.1756055057049 5103.182880982757 4848.262001506984 8.819937773048878 10.13629692792892 4.136808350682259 237.0790879055858 0.8035218268632889 0 47.52225258946419 5.649726897478104 389.8053435981274 326.7679575309157 540.7514393106103 218.193141579628 7.333676613867283 0.2783333659172058 2.179991900920868 4.169662609696388
27.86751881986856 2307.857636019588 6193.19171769172 7.766864158213139 1.624048881232738 29.97250256687403 719.220754519105 244.3588747307658 721.6455064117908 57.54035653918982 1602.707539431751 64.85293235629797 1946.140638820827 320.7726267799735 37.87343519181013 4877.310782775283 8389.739970557392 992.6536207720637 2184.17322986573 31.9155936986208 1607.006306789815 1155.519577942789 17994.83106020838 3259.173987016082 2764.752495966852 12249.19471271336 29345.74617617577 1277.781659223139 128.1370693296194 416.2808611020446 1071.951039075851 13.26106583327055 6.171358905732632 2786.43777513504 122.5484908521175 9818.208640597761 4578.585346587002 12365.92997346818 5399.251966692507 377.1016191467643 37.53414331376553 57.0860096514225 35.14110082387924 4.590194761753082 902.4107671678066 2201.806204795837 0.2047548443078995 0.1384422034025192 0.4746325016021729 37.30910000950098 14.15517445653677 8.673757746815681 1.708152182400227 297.1149450913072 2.872918665409088 980.421568877995 14.87147595733404 0.2167220115661621 1363.936997301877 608.6745126545429 771.3210393413901 727.3508093655109 1.09839528799057 40.05801866203547 1364.313304968178 2511.836806803942 111.779060356319 465.028045155108 4554.185792736709 14073.27710404247 42.47769517451525 6.356804989278316 10.4612685367465 463.7397340387106 0.2016998529434204 0.1312094628810883 61.96642115712166 19.86302727460861 825.2871390730143 527.999941714108 706.3221540898085 420.0284161791205 13.41597643494606 2.080012291669846 11.20540346950293 4.620147615671158
65.4208370372653 16.84166706353426 130.2139432653785 6703.538125105202 5.432148680090904 706.8244872018695 21749.06991896778 757.4879233464599 1008.05369862169 6351.463928095996 67.03527717292309 372.9143716096878 16.07983537018299 996.6405310854316 101.0672161281109 471.7163958400488 62.43853808194399 10.15299741923809 20.65155532211065 1370.662497475743 5707.12408528477 122.7705468088388 1146.148770987988 6476.4083269611 43.29261726140976 51.75597366690636 1277.781659223139 12042.0977922529 1703.365245319903 9155.843424551189 4.368707902729511 14.05003310739994 298.5200276598334 920.9487793594599 90.75272420793772 1996.998754322529 59.97191217541695 2162.724768154323 932.214604280889 287.7712733522058 8.441087104380131 20.09403713047504 43.82286354899406 17.73189914226532 4.704877831041813 7.807819478213787 262.4199257418513 1.020825035870075 27.1779101267457 329.7217983305454 59.53234010189772 396.9887109845877 244.5280409008265 21.82192651182413 167.081193447113 5.782040230929852 86.2608954757452 29.74987504631281 79.38892332464457 1.824027329683304 3.437019154429436 3.041760586202145 215.5586182922125 61.88794738799334 19.01320953667164 43.4243645966053 2150.054170615971 1.889436967670918 8.626123085618019 56.29441012442112 1816.700444921851 266.1483959257603 66.62050200998783 0.7625633254647255 3.672972820699215 9.914564222097397 109.4575074538589 26.39277533441782 667.7701210305095 10.24596083164215 337.6370082646608 118.8934921473265 177.2799255698919 32.30307731032372 0.492221400141716 6.00160264223814
