1291.953767649829 0.1399961560964584 34.29689877480268 1.341987356543541 0 16.48826468735933 1760.028752587736 586.2946871221066 0.2091874033212662 52.05069153755903 27.32965585589409 2.633261471986771 0.6327224597334862 5375.357844389975 0 0.1569273173809052 153.6205285266042 14.29572793096304 51.1829010695219 5.232175998389721 51.21113970130682 0 32.9086265489459 8.886428959667683 0 46.59831129014492 41.69569605588913 62.16894918680191 4552.70281457901 2593.515863105655 0.9385773614048958 12.23014833778143 212.8070919439197 313.80554818362 1.39249175786972 99.52261289209127 14.5617405846715 151.7735755592585 27.38667653501034 11.59185868501663 4.787547275424004 0 2.419413536787033 0 0 1.375014863908291 0 0 0 0.687276653945446 0 2.127218469977379 0 0 0 0 0 0 8.920502610504627 0.3903670907020569 0 0 0 7.809596426784992 2.151132419705391 1.302646987140179 9.871881648898125 0 0.6603278294205666 0.2423988953232765 9.107206217944622 0.5457388460636139 7.716791689395905 0 0 1.237590119242668 1.000322535634041 0.2327294945716858 3.537585727870464 0.4728735387325287 2.278207160532475 3.680203199386597 0 0.3077669739723206 0 0
0.1399961560964584 495.6176066845655 113.9185637682676 0 0.1056300476193428 0.3424248620867729 2.815432578325272 0.2375321909785271 173.370045080781 0.3885569199919701 40.7370725646615 0.6103493422269821 900.0234763920307 0.7866170108318329 3.771809056401253 144.182188950479 69.45648414641619 1.38280338793993 22.21944482624531 0 3.657572060823441 2690.360789425671 3.188713558018208 486.067617662251 2486.907699950039 367.4966497048736 5683.407673381269 17.9647466018796 0.4771756306290627 0.2949212938547134 28.6794047281146 0.1475174278020859 0 53.60507732629776 0.2857525199651718 108.5341644138098 68.39081808924675 111.1834584772587 30.12887618690729 5.230539210140705 0.8693082332611084 117.644136801362 0.460844561457634 0 124.9319024160504 15.33681275695562 0 0 0 0.8426390886306763 0 0.2790039554238319 0 7.535516180098057 0 30.03056871891022 0.09988228231668472 0 1.19492994248867 3.581444710493088 1.402164027094841 4.862289093434811 0 0.3397468477487564 12.11008977890015 3.814047247171402 2.469392351806164 30.40758749842644 212.4375610500574 1711.232499837875 0.8383689895272255 0.3546111658215523 0 7.127333797514439 0 0 0.8498295396566391 0 5.354234352707863 55.08299309015274 6.241435885429382 1.374033242464066 0 0 6.896921254694462 0
34.29689877480268 113.9185637682676 4488.575287364423 1.691193200647831 0.1546862721443176 17.57432183623314 1096.445240013301 145.411033898592 0.1821502149105072 12.85389752686024 7.376213282346725 0.352577418088913 0 211.7995060831308 0.1737526953220367 14.85761974751949 2367.576162979007 74.94817169010639 260.0308787375689 0.10905472189188 704.6053292229772 37.48681829869747 8472.031208820641 29.09473245590925 0.3740889728069305 8486.824314706028 8963.413196541369 676.2085433453321 18.02473109960556 701.7107006907463 0.5506150126457214 0.8087395280599594 3.351216964423656 564.6346918195486 16.21600483357906 2181.213063240051 4554.157311290503 1566.151594534516 710.391166254878 80.96433133631945 3.224022075533867 2.45734703540802 15.46971309930086 2.272521167993546 121.5461577326059 401.1771734878421 0 0 0.1906933188438416 11.68403838574886 0.5844795703887939 0.7150652408599854 0 0.4153924286365509 0.1264233589172363 0.5239104330539703 6.202005781233311 0 13.20843236148357 18.55156815052032 0.6548421680927277 12.95750170201063 0 7.991046480834484 55.93686748296022 140.3401502668858 8.739613279700279 2.193773038685322 303.5084981620312 4356.767273761332 13.34207578748465 0.5000853538513184 3.901274785399437 1.283439673483372 0.1332542896270752 0 5.651511639356613 1.218924969434738 50.69610798358917 689.0522914081812 30.74169261008501 13.47553451359272 0.826450914144516 0.3101351857185364 0.6030347645282745 0.2716091275215149
1.341987356543541 0 1.691193200647831 5000.852902576327 6.772339887917042 25.91941367089748 404.2087157592177 14.07687698304653 1204.076951190829 2655.706856518984 2.258281871676445 1384.133442796767 0.3714146688580513 18.27970080077648 116.3059282451868 0.2244541570544243 1.451908260583878 0.5404617264866829 0.7770096659660339 4187.533795967698 2.014819823205471 0 1.807898253202438 2559.083650588989 0.1610427349805832 3.707989268004894 4.73522873967886 5541.808885365725 69.90749621391296 2.266627624630928 0.4754602685570717 4.176936730742455 1.445032849907875 19.73883600533009 2.650738939642906 219.1290821656585 7.137497335672379 87.85049761086702 28.16027653962374 172.911280170083 16.33825647085905 2.865269124507904 3.110631421208382 1.222224101424217 0.153618261218071 1.400028996169567 222.5559884682298 0.6257364302873611 8.2017502784729 234.3617780059576 19.27661126106977 164.9784106910229 222.077430896461 4.62980879843235 133.5661773085594 0 8.124787881970406 6.037694945931435 0.9330844730138779 0.1226306334137917 0 0.1977860778570175 114.5434748902917 0.9788860231637955 0.8933544158935547 0.2026733681559563 571.3798574581742 0 0.434034489095211 0.3198290765285492 453.8850658088923 7.236661151051521 2.575850769877434 0 0.08588675409555435 0.9024399146437645 2.645539775490761 0 11.2804165109992 0 5.669196881353855 2.334583789110184 28.92115866392851 1.774446368217468 2.089434623718262 0
0 0.1056300476193428 0.1546862721443176 6.772339887917042 35.49469958245754 347.2419570982456 3.161900520324707 4.233445286750793 66.30621998012066 9.64882130920887 9.042790226638317 151.395378395915 1.538024194538593 0.2244246676564217 1729.971476197243 0 0 1.33051909506321 0.6380019262433052 9.494432486593723 0.125621423125267 1.986234799027443 0 31.33670228719711 0.1557568609714508 2.166458658874035 1.186945274472237 3.861037649214268 13.53756196051836 0.4014475047588348 1.111671067774296 438.6709198132157 0 79.28486751019955 1.777873709797859 39.41747299581766 2.706387266516685 37.81866462528706 12.97116316109896 1805.885629162192 69.4224070161581 0.2088780105113983 2.188578709959984 0 0 0 0 0 0 0 0 0.2026741951704025 0 0 1.137170553207397 0 0 0 0.3637696504592896 0 0 0 0.547254741191864 0 0.434746116399765 0 0.644391156733036 0 0.2150321677327156 0 0.983919195830822 0 0 0 0 0 0 2.47337543964386 1.410784065723419 0 0 0 2.62034672498703 0 0 0
16.48826468735933 0.3424248620867729 17.57432183623314 25.91941367089748 347.2419570982456 12039.56255142391 1825.52581281215 5821.802645903081 43.65561729669571 4971.074844963849 215.1459595039487 3155.03614860028 32.88301237672567 779.5386493988335 2436.127327874303 0 13.63481906056404 47.03517225384712 21.39961284399033 179.9317889362574 24.97242779284716 1.107960551977158 10.64031257480383 61.43141988664865 1.522884346544743 88.55790048837662 53.00694082677364 212.0198485255241 744.4510214701295 33.37297232449055 29.10194901376963 559.6979084536433 8.821424275636673 482.5531307980418 8.825194008648396 551.4695337414742 42.86635567992926 653.5841397047043 89.94091104716063 2753.175947032869 268.6211628690362 11.85305339843035 19.76603450626135 0.2169565707445145 0 0.1356256306171417 22.3880058079958 0.3061659932136536 1.365215972065926 18.30623083561659 0.8296796381473541 6.614457972347736 14.79334495216608 0 26.15748001635075 0 1.083687588572502 3.914971187710762 0.8046542480587959 0.3657201826572418 0 0 10.21305797249079 1.263388559222221 0.4025276303291321 0.138108566403389 54.07352212816477 0 0.0908404141664505 2.34164497256279 38.18766434490681 0.4831195697188377 5.106181867420673 0 0 0.3103990033268929 0.1020322814583778 0 7.356979303061962 0.4898310750722885 1.824530884623528 1.1204434633255 15.85881143808365 0 0.2504163980484009 0
1760.028752587736 2.815432578325272 1096.445240013301 404.2087157592177 3.161900520324707 1825.52581281215 16605.10713212937 5592.952149584889 206.0546598136425 5614.785537302494 32.44464533030987 22.17354185134172 6.715687602758408 7973.703535057604 15.16695649921894 7.701496310532093 491.9113846644759 39.88465594500303 118.6192069202662 38.72891821712255 1875.374038472772 11.40579759329557 956.1411952003837 2052.49972910434 3.3827945291996 811.6516936272383 702.0885195732117 14781.00836510211 2219.541211247444 7060.374071322381 4.46850511431694 36.60167397558689 231.9235336557031 498.649220623076 81.42494894564152 3183.254459090531 268.5950878933072 1766.326220475137 594.4297580197453 450.424714744091 130.1750648766756 9.104867726564407 61.29675275832415 1.392008244991302 2.31856232136488 16.33973503857851 52.25527516752481 0.3692726790904999 2.976190112531185 270.9452819228172 16.35831882804632 90.44067508727312 42.2343256175518 3.094042144715786 9.16703474521637 0 11.23088462650776 0 37.70440349727869 4.511394917964935 1.831138864159584 0.9282118827104568 15.15914184600115 34.30740714818239 20.8608653396368 22.26406962424517 590.4692387580872 0.4157341495156288 9.707600392401218 109.7848125174642 643.1366966366768 17.80582063645124 71.40529861301184 0.3568717986345291 0.1124713122844696 3.466876819729805 6.850114315748215 3.160715520381927 80.28439704328775 12.49170172214508 28.28285823762417 10.32191732525826 13.53665474057198 1.551628567278385 0 0
586.2946871221066 0.2375321909785271 145.411033898592 14.07687698304653 4.233445286750793 5821.802645903081 5592.952149584889 14925.50517518073 6.218099184334278 2148.247497383505 128.4122418016195 573.536622479558 16.22964741289616 6966.617777716368 191.4168467596173 0.9308085590600967 313.8761024847627 51.82232987880707 104.6479300409555 175.2008977383375 157.4818027019501 0.4603157341480255 108.7465798556805 49.94874083995819 0.4112831354141235 202.3619482442737 119.2845446765423 196.0753064975142 1093.494518730789 1502.661933727562 12.65713150054216 454.6097891926765 67.04151537269354 440.1634887382388 19.05429478734732 819.7788921818137 51.59950981289148 608.2556196451187 136.0019890740514 610.5678339898586 67.30454051494598 5.088379867374897 18.8307214230299 0.2337310761213303 0 1.532583616673946 2.238297276198864 0 0.1335310190916061 19.36378284543753 0.8109549731016159 5.441070504486561 0.4002198129892349 0.4306357279419899 0.1044283881783485 0.1075736805796623 0.6997542530298233 0 8.896844431757927 0.420905277132988 0 0 1.581984892487526 13.59968822449446 3.585365727543831 2.165222562849522 67.85520309209824 0 0.9725950285792351 6.698075726628304 65.71522214263678 2.515813767910004 15.91882599890232 0 0 1.718890897929668 0.7561444416642189 0 15.21630881726742 1.257526248693466 1.672531068325043 0.7114219963550568 1.315793879330158 0.9492082893848419 0.1979713439941406 0
0.2091874033212662 173.370045080781 0.1821502149105072 1204.076951190829 66.30621998012066 43.65561729669571 206.0546598136425 6.218099184334278 1270.318953551352 296.6970876678824 1.091296657919884 281.7917596846819 50.09811002761126 3.650260128080845 685.8417029678822 79.53945177793503 1.046413987874985 0.2585863694548607 0.1053887605667114 679.9809038415551 36.26865056157112 1640.498456157744 4.879624493420124 8222.403277896345 96.71808242052794 2.529483504593372 131.2828053310513 877.9892702177167 5.3509576395154 11.64014752209187 4.807056307792664 7.309988491237164 0.3880146890878677 3.619890794157982 0.6670357584953308 31.15137335658073 1.784025713801384 13.64126358181238 2.57268264144659 255.8036585003138 3.949136212468147 3.979336678981781 0 2.108147993683815 2.267777629196644 5.7789052054286 122.2555745989084 0 5.90083485096693 102.839942060411 9.639012597501278 161.78233961761 100.4017858207226 0.8366163522005081 94.89101779460907 0.4124402403831482 4.651520811021328 9.424085378646851 210.2567048147321 2.033718355000019 0.2046387940645218 0.8895707130432129 71.19223409891129 126.1183467060328 162.058123126626 24.40604131668806 1477.895381830633 1.093334309756756 3.868873499333858 7.610242024064064 549.465321443975 19.10176944732666 35.88055214285851 0.1729931533336639 0 4.015453353524208 6.656255342066288 0.5374960899353027 35.53008837252855 0.885374017059803 10.64454145729542 8.851462781429291 28.10152189433575 1.49422125518322 0.2663882076740265 0
52.05069153755903 0.3885569199919701 12.85389752686024 2655.706856518984 9.64882130920887 4971.074844963849 5614.785537302494 2148.247497383505 296.6970876678824 22896.63035801798 115.9530990719795 4138.033818505704 28.86648356169462 1010.939602054656 126.9512148797512 0.2758786678314209 12.64661225676537 38.14763507992029 26.61075642704964 3193.4204178527 11.81850358843803 1.054856225848198 11.66171630471945 627.43082639575 5.794734448194504 73.79202826321125 59.52956066280603 5027.79033831507 1657.904083169997 35.95020543783903 25.92555709183216 97.93525790423155 14.10030225664377 418.2708181142807 13.74267953634262 1501.30541229248 78.49559392780066 1338.958367362618 136.066895224154 790.1530246436596 194.4565526023507 7.321252442896366 44.95265113562346 0.5888338387012482 0 0.2480991333723068 134.8484008312225 2.019169330596924 9.344411142170429 179.2635247558355 13.69093527644873 81.95032615214586 108.2227425053716 0.5201445743441582 84.85827314853668 0 5.229944698512554 12.36970627307892 1.308010034263134 1.25343681871891 0 0.4440083205699921 79.5464091822505 1.01927949488163 0.5353842377662659 0.4439498335123062 388.280732370913 0.2525357306003571 0.4089054018259048 2.275441192090511 353.9470426440239 7.212326213717461 9.608802296221256 0 0.9494969248771667 0.6483931392431259 1.465542614459991 1.107257694005966 24.99877212196589 0.968708336353302 9.46739949285984 1.684824228286743 26.97638781368732 1.196769550442696 0.5993292927742004 0
27.32965585589409 40.7370725646615 7.376213282346725 2.258281871676445 9.042790226638317 215.1459595039487 32.44464533030987 128.4122418016195 1.091296657919884 115.9530990719795 10830.58670641482 83.44673094898462 2873.045124426484 193.6970733627677 3.425182051956654 0.6444929391145706 511.413783878088 2031.16982845217 337.6921226084232 37.91589669138193 31.93107677251101 11.71580047905445 53.75481452047825 4.506335102021694 325.8415113836527 1985.149509817362 401.9596701338887 19.15694466978312 624.7767111510038 57.36423387378454 698.1613528355956 232.7654057145119 5.126324497163296 6317.050771042705 4.248217090964317 745.4755932465196 2642.402821034193 4477.161146767437 930.8073614388704 146.0991277471185 83.19396911561489 1046.092900201678 11.53155966848135 0 0.1176567524671555 0 0.1498560756444931 0 0 2.075903169810772 0 0.7288926690816879 0.3642892241477966 125.3412336483598 0 350.5465816408396 0 0 1.227554947137833 0.1858018189668655 1.15116074681282 0.2670253962278366 0 0.9096223339438438 0.3073230311274529 0.9493178874254227 4.039830759167671 28.32616897672415 13.77345456928015 31.74730622023344 6.780256293714046 0.4287501573562622 1.872637420892715 37.19419870525599 0.1680773347616196 0 0.2099372744560242 3.540495097637177 8.236388139426708 170.3310830071568 7.068989790976048 3.137207970023155 0 0 61.16885893791914 0.2688656151294708
2.633261471986771 0.6103493422269821 0.352577418088913 1384.133442796767 151.395378395915 3155.03614860028 22.17354185134172 573.536622479558 281.7917596846819 4138.033818505704 83.44673094898462 9535.123323112726 19.51648384332657 280.5987569466233 2194.169682711363 0 1.278918862342834 16.30897302180529 8.531873181462288 6323.923194691539 0.1842532232403755 3.561648711562157 0.4517840892076492 324.0945522338152 0.7073342800140381 35.86266796290874 20.13742446899414 908.3505979701877 355.5056275874376 2.659834966063499 14.20464865118265 103.66199978441 0.2232457250356674 183.5764440745115 1.304754078388214 515.4872249960899 13.75349767506123 328.7547513991594 18.99479819834232 2532.620575852692 87.19428163021803 4.781519658863544 5.436190962791443 0.2985983490943909 0 0.1203606948256493 118.5628162994981 0 19.26872503757477 47.95695678144693 13.23548518121243 75.56342858076096 170.8111461848021 3.000161707401276 221.2089830264449 3.933811664581299 5.45736350864172 26.86549083888531 0.5200077593326569 0 0.6741149127483368 0 89.40907216072083 0.467044398188591 0.2557982504367828 0.4540173262357712 185.5395642891526 0 0.4038466811180115 0.5478280782699585 114.681061886251 5.543666534125805 0.3706988543272018 0 0.2953606769442558 0 0.8363777920603752 0 6.347409084439278 0.2419306859374046 4.959630809724331 2.838803604245186 110.6851133033633 0.2864648997783661 2.654236555099487 0
0.6327224597334862 900.0234763920307 0 0.3714146688580513 1.538024194538593 32.88301237672567 6.715687602758408 16.22964741289616 50.09811002761126 28.86648356169462 2873.045124426484 19.51648384332657 3711.129371628165 21.94914475083351 2.410817496478558 17.64598356932402 0.6105504482984543 58.47749146074057 1.803372025489807 8.781453333795071 4.018113434314728 460.1326958537102 8.830109737813473 132.2583078816533 5476.147767536342 983.5310509428382 3064.734063141048 13.17823141813278 44.13881956040859 2.876152127981186 453.9786537364125 38.2388968244195 0.7681974247097969 1387.691429406404 24.83455973118544 1113.659562595189 3943.074182033539 3325.539026267827 653.4738062396646 117.5594499409199 120.2849626839161 2051.112341307104 18.93868891894817 0 7.677997641265392 1.666767358779907 0 0 0 0.4704999029636383 0.3776713982224464 1.117882177233696 0.1249564960598946 1060.816798403859 0 2763.716489084065 0.930661678314209 4.963560581207275 0.2910511642694473 0 5.191956855356693 0.1125878989696503 0.1074357777833939 0 0.948213517665863 1.829085066914558 0.7586072459816933 306.0773259922862 129.2355626001954 384.3448975458741 1.322685122489929 2.274568326771259 0 442.3208340480924 0.4064643159508705 0 15.53378166258335 7.913279965519905 177.800996594131 915.6991867572069 29.26626473665237 9.776663571596146 37.16218984127045 1.818483516573906 371.7271794974804 0
5375.357844389975 0.7866170108318329 211.7995060831308 18.27970080077648 0.2244246676564217 779.5386493988335 7973.703535057604 6966.617777716368 3.650260128080845 1010.939602054656 193.6970733627677 280.5987569466233 21.94914475083351 14928.15408879519 9.9161466807127 0.8366757556796074 566.921196103096 93.09484393149614 212.1634055525064 152.0785139724612 211.08993960917 0.08292469382286072 147.6057446748018 32.30656637251377 0.6854576021432877 305.0317334458232 209.7952413633466 190.8045419752598 4086.259918324649 3801.789114266634 19.68322253972292 76.92874584719539 83.86905355006456 740.6347047463059 14.92412947118282 897.4430920109153 84.25392234325409 738.1466789990664 130.8065327778459 355.763517960906 52.74808548390865 4.036184303462505 20.9121471196413 0 0.3405173122882843 2.054309740662575 1.30210754275322 0 0 7.491632588207722 0.1793723553419113 6.478463098406792 0.1152772232890129 0.6516688466072083 0.3602610528469086 0.2385004460811615 0.1238338574767113 0 15.70927846431732 1.007843397557735 0.08123965561389923 0.4850882217288017 0.1175550073385239 18.12492735683918 4.587533622980118 2.93969863653183 44.35353893786669 0 2.965342685580254 6.755926489830017 50.84657820314169 1.927990891039371 23.42411458492279 0.1074449494481087 0 0.5930689126253128 2.125067420303822 1.557674139738083 19.68647530674934 2.771770603954792 2.167254999279976 1.256556890904903 0.09858457744121552 0.6179508119821548 0 0
0 3.771809056401253 0.1737526953220367 116.3059282451868 1729.971476197243 2436.127327874303 15.16695649921894 191.4168467596173 685.8417029678822 126.9512148797512 3.425182051956654 2194.169682711363 2.410817496478558 9.9161466807127 483.1569724902511 0.1600313037633896 0 0 0 181.9105350524187 0.1278584599494934 30.66500300168991 0.1447981148958206 926.7901370897889 1.016309417784214 0.6611087843775749 3.165308818221092 50.6485845297575 7.280102781951427 1.704039759933949 0.3593293353915215 774.3916759490967 0 5.519428893923759 3.662385791540146 546.735133446753 2.711016416549683 13.09128370881081 1.975674606859684 1440.86062399298 62.10850993543863 10.90686583518982 3.850056484341621 0 0 0.3185591995716095 10.88454577326775 0 0.6832821369171143 10.6095459535718 0.1440727859735489 9.742844641208649 10.92932143807411 5.984164953231812 33.01197403669357 0 0 8.427234411239624 2.327488467097282 0 0 0 9.678476139903069 1.381277441978455 3.003197863698006 0.1762734800577164 18.71916523575783 0 0 0 18.70797016471624 0.756242573261261 1.994616463780403 0 0 0 0 0 7.316018581390381 0 0.6847771406173706 0 17.03542411327362 0.9052428007125854 0 0
0.1569273173809052 144.182188950479 14.85761974751949 0.2244541570544243 0 0 7.701496310532093 0.9308085590600967 79.53945177793503 0.2758786678314209 0.6444929391145706 0 17.64598356932402 0.8366757556796074 0.1600313037633896 3112.119278825819 7.241174004971981 0.5004710555076599 0.8952026963233948 0 3368.335672900081 2050.754723884165 3918.554503001273 1477.749537974596 41.76038714498281 5.099219270050526 5189.762510150671 790.4575609341264 9.574282608926296 102.3095430061221 1.742662191390991 0.3397656679153442 3.164652705192566 40.19891918450594 25.84495279192924 1530.38759496063 685.4267704337835 364.6454393044114 411.2982951849699 78.48842152953148 0.4101046621799469 1.360634669661522 12.04203179478645 0.9533382952213287 3.191829197108746 114.9246352687478 0.219966322183609 0 0.08865110576152802 8.978743106126785 0.5892984122037888 15.33542641997337 0.3454497307538986 0.7153366506099701 0.1122301816940308 1.271422773599625 0.7739037945866585 0 3894.533014945686 14.04398480057716 0.5099934041500092 6.283919662237167 0 847.6308184638619 1046.790367513895 2268.95484880358 165.6826660484076 1.025140538811684 48.13119541853666 923.5765257924795 249.849711805582 21.63358016312122 188.0977783426642 0.2677709981799126 0 12.41081068664789 16.38205693662167 0.9078128486871719 516.1009662374854 24.82008507102728 30.66057958453894 16.841020219028 0.9724470376968384 0.1380020529031754 0 0.9769812524318695
153.6205285266042 69.45648414641619 2367.576162979007 1.451908260583878 0 13.63481906056404 491.9113846644759 313.8761024847627 1.046413987874985 12.64661225676537 511.413783878088 1.278918862342834 0.6105504482984543 566.921196103096 0 7.241174004971981 1124.451864175498 159.5403649732471 3095.65897590667 1.20898175239563 585.8952128887177 4.323782376945019 5509.729783415794 13.0799927264452 0.4649647176265717 1580.137327998877 5491.450478799641 470.3969261273742 123.2805903330445 1839.193670958281 1.106772661209106 3.250752545893192 23.27680411934853 2833.587054945529 13.6777260825038 677.3384382799268 1338.209985136986 1307.107643611729 259.3344375044107 22.41258088499308 3.118171915411949 2.103308945894241 6.182924889028072 0.1058851331472397 12.19557383656502 4.412111379206181 0 0 0 1.23896599560976 0 0.3051910996437073 0 0.1649678945541382 0 1.105879917740822 0 0 9.061278127133846 2.218649059534073 0.2176464200019836 2.250824712216854 0 7.251382954418659 1.862909227609634 2.016920119524002 13.35142273455858 0.653406172990799 40.51524099707603 167.0467050671577 14.39312779903412 0.5338887944817543 10.05911783128977 0 0 0.1326917558908463 0.5770725756883621 0 10.9041763022542 46.66123040765524 2.824281819164753 0.4759241566061974 0.911337673664093 0 0 0
14.29572793096304 1.38280338793993 74.94817169010639 0.5404617264866829 1.33051909506321 47.03517225384712 39.88465594500303 51.82232987880707 0.2585863694548607 38.14763507992029 2031.16982845217 16.30897302180529 58.47749146074057 93.09484393149614 0 0.5004710555076599 159.5403649732471 1055.471198283136 2178.785289511085 8.113013975322247 16.3817321434617 0.5732151716947556 84.34243329614401 1.970728002488613 2.303730539977551 3845.678524307907 1014.889168329537 15.3015900477767 154.3331080377102 48.34199262410402 202.1703443527222 38.96149262785912 2.279705502092838 907.6461372077465 5.9868333786726 1067.627174146473 1315.348976992071 1847.287546545267 445.9819107726216 30.64630479365587 2.992054022848606 27.81028306484222 2.41775968670845 0 2.411156557500362 0.1616062372922897 0 0 0 0.1369552463293076 0 0 0 10.07505196332932 0 69.41555286943913 0 0 0.31936314702034 0 0.9193073585629463 0 0 1.5827856361866 0 0.4378224983811378 1.420533798635006 9.594597414135933 35.50623108446598 104.1566859930754 0.8301176726818085 0 0.2924455404281616 35.49613455682993 0.1328129470348358 0 0.3960440009832382 1.012488797307014 7.856170132756233 20.73731327801943 0.8639121204614639 0 0 0 0.414994090795517 0.2915667593479156
51.1829010695219 22.21944482624531 260.0308787375689 0.7770096659660339 0.6380019262433052 21.39961284399033 118.6192069202662 104.6479300409555 0.1053887605667114 26.61075642704964 337.6921226084232 8.531873181462288 1.803372025489807 212.1634055525064 0 0.8952026963233948 3095.65897590667 2178.785289511085 2664.708184592426 6.305464796721935 59.54339607805014 0.7930582165718079 393.4010853171349 1.944312743842602 1.361402057111263 4121.377172403038 980.2737348303199 54.96708460152149 148.1153566688299 190.8807678297162 2.076664976775646 14.79877227544785 9.549132876098156 2377.881371937692 3.240414179861546 835.895912244916 1314.218650713563 1762.198242209852 296.0412397012115 14.72238197922707 1.480471380054951 6.802997507154942 3.947113841772079 0 3.318548254668713 1.444267988204956 0 0 0 0.4943935871124268 0 0 0 0.6449340879917145 0 10.13234150409698 0 0 1.084604263305664 0.7452911362051964 0.4974853992462158 2.689322963356972 0 2.668113626539707 0.589389257133007 0.693973645567894 2.306992188096046 1.758545368909836 66.3241133838892 96.28026326745749 2.839726142585278 0.8111929595470428 0.4767022356390953 10.56724478304386 0 0 0.3026820868253708 0.4363609701395035 6.747090131044388 32.85916901379824 3.186010435223579 0.9540233761072159 0 0 0.3450293838977814 0
5.232175998389721 0 0.10905472189188 4187.533795967698 9.494432486593723 179.9317889362574 38.72891821712255 175.2008977383375 679.9809038415551 3193.4204178527 37.91589669138193 6323.923194691539 8.781453333795071 152.0785139724612 181.9105350524187 0 1.20898175239563 8.113013975322247 6.305464796721935 735.2889666184783 0.6610327735543251 0 0.9796331822872162 592.4354165121913 2.990638867020607 14.77103809267282 12.68054627627134 1811.174307480454 279.3257295712829 2.983443774282932 5.83132541924715 26.05572335422039 0.7585772946476936 92.93364024162292 2.955776005983353 331.4886839687824 15.79167252779007 267.380431830883 19.47417417913675 531.7415631115437 54.16275583207607 4.540045022964478 6.518886886537075 0.5538737177848816 0 0.284943163394928 168.0810773745179 0.9038540124893188 9.277057491242886 112.9514204412699 9.760478407144547 94.17881447076797 146.6639782562852 0.4050064757466316 140.2979372888803 0 5.288254961371422 13.22013136744499 1.605777688324451 0 0 0 86.7884439677 1.108370572328568 0 0.1567230820655823 323.9106393009424 0 0 0.6341516375541687 250.2164340093732 2.868290945887566 4.265715293586254 0 1.128321975469589 0.09358034282922745 0.3713014125823975 0 9.365928336977959 0 3.327610209584236 1.938180834054947 45.22133955359459 0.6152958869934082 0 0
51.21113970130682 3.657572060823441 704.6053292229772 2.014819823205471 0.125621423125267 24.97242779284716 1875.374038472772 157.4818027019501 36.26865056157112 11.81850358843803 31.93107677251101 0.1842532232403755 4.018113434314728 211.08993960917 0.1278584599494934 3368.335672900081 585.8952128887177 16.3817321434617 59.54339607805014 0.6610327735543251 9542.574627712369 143.7847888022661 12506.265118137 261.9329068288207 1.34330490231514 118.5222917795181 823.0739739462733 6181.961394168437 106.1163071542978 9314.613917201757 1.163818158209324 0.5421070978045464 34.20043098181486 2286.897980310023 148.2158274129033 5938.604109510779 1088.529992334545 5083.112100191414 2155.489231616259 262.2729435265064 7.458236120641232 4.658415973186493 57.48428124189377 1.161941401660442 0 69.40031058341265 0 0 0.09167472273111343 4.413733556866646 0.08073891699314117 5.737598076462746 0.2599282115697861 0.304393358528614 0.1112851724028587 0 0.483706571161747 0 792.4808510765433 11.88851088285446 0.6630764752626419 6.601734936237335 1.371946334838867 660.9028820469975 174.6350608617067 317.5440103337169 108.2407543808222 0.211290031671524 38.89923639595509 26.07798785716295 179.9601302966475 14.1325458586216 184.1824871450663 0.1048313826322556 0 13.01558173447847 17.44472306966782 9.439357697963715 116.5987463817 12.07603188604116 18.98825688660145 14.75538787990808 2.151351720094681 0.09424581378698349 1.687698721885681 0
0 2690.360789425671 37.48681829869747 0 1.986234799027443 1.107960551977158 11.40579759329557 0.4603157341480255 1640.498456157744 1.054856225848198 11.71580047905445 3.561648711562157 460.1326958537102 0.08292469382286072 30.66500300168991 2050.754723884165 4.323782376945019 0.5732151716947556 0.7930582165718079 0 143.7847888022661 2721.125071510673 146.7389075234532 6097.116417430341 1115.978252828121 26.64451123028994 3124.848140142858 183.1150178685784 1.903833359479904 0.804816409945488 41.87916342169046 0.475284069776535 1.177472233772278 9.286029428243637 0.5486684441566467 17.5745347738266 19.52895055711269 13.24270641058683 8.2167754098773 27.84653387963772 0 28.46377331018448 0 0.1277251392602921 32.46903592348099 36.52117664366961 0 0 0 2.549493558704853 0.2167691141366959 13.06699554622173 0 2.299769580364227 0 6.188526496291161 0.8012898713350296 0 1267.200716622174 0.6458543390035629 0.104760117828846 0.5234649404883385 0 124.3715501129627 154.5104403942823 562.2348438352346 42.71112611889839 0.8735359013080597 20.47532947361469 864.7003778144717 36.81787664443254 1.384529434144497 11.44797516614199 0.8637929335236549 0 1.037940934300423 0.8718530088663101 0 23.90431105345488 20.16536361724138 5.58087682723999 4.799972221255302 0 0 0 0.2930448055267334
32.9086265489459 3.188713558018208 8472.031208820641 1.807898253202438 0 10.64031257480383 956.1411952003837 108.7465798556805 4.879624493420124 11.66171630471945 53.75481452047825 0.4517840892076492 8.830109737813473 147.6057446748018 0.1447981148958206 3918.554503001273 5509.729783415794 84.34243329614401 393.4010853171349 0.9796331822872162 12506.265118137 146.7389075234532 9097.944885574281 376.9373820275068 0.1704404652118683 2646.472383901477 10556.67854943871 4809.718217350543 31.10386096686125 4487.285428181291 1.547541491687298 0.3402152508497238 9.438458472490311 2887.163257233799 252.818384476006 13408.78708098084 9231.493332952261 10260.49268808216 7234.391119338572 989.9708591923118 40.68138422071934 10.94378104805946 145.8141487911344 1.0949437469244 2.906644120812416 233.8750898912549 0.1130043491721153 0 0 7.048804171383381 0.1003153622150421 0.9608732461929321 0 0 0 0.2331444770097733 1.336991712450981 0 1291.141639716923 7.232008121907711 0.1314721256494522 1.297389551997185 0.111426055431366 169.9761830642819 249.424923799932 878.4716635718942 30.86845380812883 0.3922107219696045 23.81025851517916 1724.927250579 43.71463965624571 1.712197549641132 21.81947663426399 0.2355397641658783 0 1.295082002878189 3.913567110896111 8.575901851058006 286.5079754218459 79.80357183516026 17.10537599772215 14.35900494456291 2.16009908914566 0 0 2.02694433927536
8.886428959667683 486.067617662251 29.09473245590925 2559.083650588989 31.33670228719711 61.43141988664865 2052.49972910434 49.94874083995819 8222.403277896345 627.43082639575 4.506335102021694 324.0945522338152 132.2583078816533 32.30656637251377 926.7901370897889 1477.749537974596 13.0799927264452 1.970728002488613 1.944312743842602 592.4354165121913 261.9329068288207 6097.116417430341 376.9373820275068 9031.651102885604 263.2106310203671 18.23781105130911 2719.523086905479 9420.229507096112 131.6228848621249 97.73082582652569 16.15803129971027 6.6803128272295 25.2779575958848 94.84515011310577 18.17061211913824 874.6372552365065 50.25980096310377 285.7720722928643 109.2289205417037 487.6102546229959 26.25559811294079 15.57741273194551 14.26538295298815 11.10883492976427 7.601137019693851 24.70611338317394 277.8953482508659 0.1330695897340775 21.78501113504171 1056.077062524855 68.84421022236347 1887.013101473451 255.2622338086367 9.906439937651157 142.0241262987256 2.756196275353432 71.87930706888437 12.15625677257776 543.0604473724961 18.59053908288479 3.533648952841759 8.939137682318687 123.1961926519871 367.9565713852644 391.9810722097754 173.0063094347715 5475.708387948573 3.48188229650259 30.32777693122625 90.71359828859568 4094.996509723365 168.6208643168211 429.6415413692594 1.446784757077694 4.128822937607765 37.32850500196218 59.33369728922844 7.357598058879375 367.9346712082624 12.03757049143314 149.4683679565787 56.40238009393215 97.24457251280546 27.37869871407747 0.6722684279084206 3.837085276842117
0 2486.907699950039 0.3740889728069305 0.1610427349805832 0.1557568609714508 1.522884346544743 3.3827945291996 0.4112831354141235 96.71808242052794 5.794734448194504 325.8415113836527 0.7073342800140381 5476.147767536342 0.6854576021432877 1.016309417784214 41.76038714498281 0.4649647176265717 2.303730539977551 1.361402057111263 2.990638867020607 1.34330490231514 1115.978252828121 0.1704404652118683 263.2106310203671 882.9617107212543 74.52127107232809 3863.54854555428 18.91831087321043 1.536278441548347 1.640740752220154 158.4975230321288 1.603177390992641 0 211.4112959951162 5.833462059497833 330.7059707641602 197.2969869151711 433.7565845549107 40.62249562144279 56.17129841446877 27.21494910120964 497.7600354552269 5.234297335147858 0 14.03006227314472 4.959866642951965 0 0 0 0.08936450630426407 0.1506270170211792 0.7319546937942505 1.994678974151611 417.6816537603736 0 1215.933744482696 0.2077568471431732 0 0 0 0.9107055217027664 0.160589799284935 0 0.1164666637778282 3.363985940814018 3.180159315466881 0.9410479515790939 95.6370914503932 35.69569003582001 249.3141735121608 0.168421134352684 0 0 85.61831644177437 0.1837498843669891 0 6.243281051516533 0 161.6860718727112 143.2033101692796 46.93498739600182 2.298645064234734 74.19471740722656 2.89149784296751 191.100809507072 0
46.59831129014492 367.4966497048736 8486.824314706028 3.707989268004894 2.166458658874035 88.55790048837662 811.6516936272383 202.3619482442737 2.529483504593372 73.79202826321125 1985.149509817362 35.86266796290874 983.5310509428382 305.0317334458232 0.6611087843775749 5.099219270050526 1580.137327998877 3845.678524307907 4121.377172403038 14.77103809267282 118.5222917795181 26.64451123028994 2646.472383901477 18.23781105130911 74.52127107232809 17016.9964980334 11029.52995793521 297.1828346326947 274.063545435667 428.4709870293736 357.5477128401399 51.84735640883446 9.821873433887959 1783.280217826366 27.91786358505487 4329.869396544993 7286.619375266135 4644.14543736726 1205.168938629329 102.4159344211221 8.140426486730576 57.09075540304184 17.79964023083448 0.3182204216718674 218.9055052176118 19.48908554762602 0 0 0.1086411997675896 0.7067468091845512 0.1175610050559044 0.8959534838795662 0 69.55908598005772 0 588.1691715046763 0.4979305043816566 0 2.88848577439785 29.00663102418184 27.99374943226576 67.60135979950428 0 3.700900755822659 5.078499294817448 4.034883908927441 4.646731987595558 109.7365046292543 2318.666372276843 4921.012804307044 3.905153222382069 1.591668203473091 4.239254929125309 340.1894326135516 0.2065976932644844 0 7.53606554120779 4.898352451622486 66.23362231999636 865.3870965838432 60.28980052471161 12.20630676299334 0.1236853301525116 0.3339276313781738 2.691768705844879 0.4228432178497314
41.69569605588913 5683.407673381269 8963.413196541369 4.73522873967886 1.186945274472237 53.00694082677364 702.0885195732117 119.2845446765423 131.2828053310513 59.52956066280603 401.9596701338887 20.13742446899414 3064.734063141048 209.7952413633466 3.165308818221092 5189.762510150671 5491.450478799641 1014.889168329537 980.2737348303199 12.68054627627134 823.0739739462733 3124.848140142858 10556.67854943871 2719.523086905479 3863.54854555428 11029.52995793521 31609.40399893373 2949.647024221718 192.3608367294073 206.4627530649304 793.9854125380516 26.50318843871355 7.805794596672058 2924.174460314214 86.29702594876289 9158.129649586976 5472.620947428048 7762.675279125571 3656.722659431398 447.7430861070752 23.20870266854763 52.09773455560207 68.77761366218328 4.583417415618896 1539.82536714524 1093.699835032225 0.131775826215744 0 0.4783708900213242 33.47857464104891 3.526319250464439 6.986690543591976 1.746255494654179 150.1499277502298 0.4536553397774696 1298.381760627031 11.30138281732798 0 723.4277883097529 71.83649744093418 41.34622421860695 109.6487283036113 0.384081743657589 20.29919706285 741.0266730636358 1133.321907162666 79.67340244352818 393.7349211499095 4183.859326250851 21233.04791108519 79.76782681792974 3.978029042482376 13.54841148108244 794.0896477475762 0.4143296107649803 0.2178780734539032 20.87837974727154 14.37933379411697 420.4024084433913 1817.846418589354 156.4842925518751 73.5103088542819 1.5522550791502 1.560375034809113 8.443458795547485 0.5286587178707123
62.16894918680191 17.9647466018796 676.2085433453321 5541.808885365725 3.861037649214268 212.0198485255241 14781.00836510211 196.0753064975142 877.9892702177167 5027.79033831507 19.15694466978312 908.3505979701877 13.17823141813278 190.8045419752598 50.6485845297575 790.4575609341264 470.3969261273742 15.3015900477767 54.96708460152149 1811.174307480454 6181.961394168437 183.1150178685784 4809.718217350543 9420.229507096112 18.91831087321043 297.1828346326947 2949.647024221718 18487.45941125602 781.0865250900388 11779.54965247214 3.724481448531151 18.89084336906672 251.3737016990781 1028.516055449843 145.327021420002 4490.276517912745 261.1841430962086 2218.439216442406 729.6129033043981 594.3949548751116 89.95951883494854 15.7720305621624 65.87651061266661 8.536466382443905 2.051734037697315 38.16920649260283 164.9981322586536 1.175371527671814 15.97102211415768 850.8685247823596 47.73377551883459 450.9042082503438 152.8399822637439 9.209518991410732 77.61576697230339 1.695768490433693 52.99288383871317 6.604127056896687 384.9425280690193 27.02414474636316 2.643703296780586 9.670868866145611 84.21637431532145 401.1589568406343 209.9894466400146 99.94456431269646 3356.098822116852 1.079948753118515 26.91516388207674 83.37770015001297 3035.860049232841 151.3903177306056 616.800221092999 0 1.679150879383087 43.76603639870882 53.46469952911139 9.383356302976608 380.1563122719526 13.87281374633312 140.9394144192338 54.55676755309105 51.306157797575 28.04448746144772 3.30733197927475 4.522891819477081
4552.70281457901 0.4771756306290627 18.02473109960556 69.90749621391296 13.53756196051836 744.4510214701295 2219.541211247444 1093.494518730789 5.3509576395154 1657.904083169997 624.7767111510038 355.5056275874376 44.13881956040859 4086.259918324649 7.280102781951427 9.574282608926296 123.2805903330445 154.3331080377102 148.1153566688299 279.3257295712829 106.1163071542978 1.903833359479904 31.10386096686125 131.6228848621249 1.536278441548347 274.063545435667 192.3608367294073 781.0865250900388 19671.445021227 4096.984746649861 64.60309028625488 932.9172996580601 3554.883579172194 4352.366430982947 14.87788407504559 922.4929360598326 99.31389730423689 2395.206021957099 174.2665324434638 354.498751938343 99.68672147393227 7.650195471942425 23.1696503162384 0.1111030578613281 0.1054388880729675 2.579699508845806 1.26960401237011 0 0 12.63851403445005 0 10.97573217749596 1.044832587242126 0 0.6824311316013336 0.09457401931285858 0.9313497841358185 0 25.5932974293828 1.619486637413502 0.3676826953887939 1.459531590342522 0 25.06263843178749 7.715301066637039 4.880458973348141 74.19231570512056 0.1684327721595764 2.484060809016228 1.700662866234779 80.01825226843357 5.001444958150387 32.07822894304991 0.5847536399960518 0 1.449045151472092 2.196884512901306 1.140003532171249 26.03298041969538 1.092796124517918 4.043551906943321 3.090192921459675 0.392740786075592 1.120724976062775 0 0
