612.1488853320479 0.8492163270711899 69.21172027289867 6.660051196813583 0 0.6439525634050369 2233.984499700367 215.4235079735518 9.191874593496323 20.93883695453405 37.86925751715899 0.4357182309031487 2.193022385239601 3951.690175428987 1.73539175838232 0.5583785623311996 105.2786410003901 8.343379773199558 36.3258104622364 3.183230198919773 40.56547103822231 1.308068349957466 94.20581096410751 127.520763233304 0.279012143611908 37.75627574324608 62.4963297098875 57.90102138370275 2214.499790214002 3202.615166403353 0.6408449411392212 4.454204730689526 4.098765589296818 121.8986832797527 0 4.884646438062191 2.245079681277275 79.94106731563807 5.767463959753513 0.6875668689608574 0 0.1223242357373238 0 0 1.161718010902405 0 1.394998714327812 0 0.1288023144006729 1.704489588737488 0 2.0107401907444 0.3727835416793823 0 0 0 1.701620534062386 0 0.7956924289464951 0 0.8578262403607368 0.506694033741951 0.7471354305744171 0.2655071318149567 0 0.1533288657665253 18.95916755497456 0 4.931205704808235 6.752717487514019 14.14251322299242 0.7914087697863579 0.2462402358651161 0 0 0 0.3855473101139069 0.2883222699165344 3.962071031332016 0.8994570374488831 5.345818221569061 0.9029193669557571 0.5127110481262207 0 0 0
0.8492163270711899 108.4769449755549 389.7420464456081 1.907716557383537 4.909607380628586 0 2.514909416437149 3.949280932545662 652.9474465623498 0.453359842300415 28.99621771275997 1.824434414505959 262.9055671617389 8.194405421614647 35.55782126635313 289.573861643672 350.0035930350423 3.937130436301231 19.60966105759144 0.5641067922115326 25.55556363612413 2079.567539945245 75.73841260373592 1614.263279646635 2399.580940388143 551.5300823152065 2001.29349193722 14.11854600906372 3.855982899665833 5.984661266207695 11.69399751722813 0.1628752201795578 0 47.89543086290359 8.670745432376862 356.3343643397093 228.5267311111093 227.7792934626341 160.9348566159606 21.29003557562828 0 48.32906976342201 5.418010771274567 0 224.8269977420568 72.48879887163639 0 0 0 0.4655246138572693 0.2842187583446503 2.430775977671146 0 2.735439002513885 0 12.26704098284245 0.7340452969074249 0 11.48586762696505 36.79697985947132 4.075213372707367 37.11159429699183 1.393574118614197 0.3123334944248199 4.737888470292091 12.07161263376474 5.367519408464432 26.1971251219511 341.0516409352422 993.8834733143449 1.201154254376888 0.4036840125918388 0.118464782834053 2.249169126152992 0 0 4.396457076072693 0 36.52846613526344 16.122822470963 44.62732023745775 17.22466570883989 0 0 0 0.9947865605354309
69.21172027289867 389.7420464456081 3077.020083427429 0 0 3.062406316399574 909.8607358336449 269.0216498225927 5.056111589074135 3.265113644301891 22.62172480672598 0.1040302887558937 1.316376514732838 420.0710564255714 0.526755303144455 11.07610441744328 2797.859787963331 49.62175549566746 149.2912876158953 0.1168280467391014 761.5439991503954 6.383908972144127 8270.152115620673 25.1860600784421 1.993205308914185 8647.853673376143 4846.074907712638 398.1849217638373 37.16919161379337 853.8665310740471 13.68544510006905 0.9738986194133759 2.861907869577408 245.2161642238498 17.83627808094025 720.5993966087699 428.6766294687986 1001.380780883133 454.1982337906957 14.93873094022274 0 2.203612625598907 6.766981810331345 0.1813233196735382 504.1710820645094 1170.84622489661 0 0 0.1735990792512894 3.303106054663658 5.3749960064888 4.167751252651215 0.5249437689781189 3.445500463247299 0 2.501238957047462 2.58715882152319 0.1380011737346649 57.69663417339325 386.8045758679509 9.956773452460766 95.42104634642601 1.207915544509888 7.530489265918732 43.1595718562603 201.063532024622 39.63086785376072 1.50542850792408 1039.587517216802 5361.473761379719 9.842824026942253 0.6056738644838333 0.6103707402944565 2.645069651305676 0 0 16.42968484014273 1.44154965877533 241.177281267941 48.12237220257521 193.7606675922871 102.2484854459763 4.565415129065514 0 0 1.70449598133564
6.660051196813583 1.907716557383537 0 2543.671761490405 22.48728118091822 68.61869694292545 591.8135983124375 102.4114413112402 1031.938528254628 4093.254086047411 41.0172620639205 3061.218611948192 7.93330655246973 117.4697171971202 238.1070679649711 0 0.08628036826848984 2.886780880391598 1.288939006626606 2737.215750232339 0.2337849512696266 0.3642430752515793 0 2313.020943336189 0.8931534886360168 8.151900984346867 8.292209438979626 4349.023047730327 172.0187335014343 1.082641132175922 0.6687048971652985 13.04031858593225 0.9834713116288185 79.63599223643541 6.166188448667526 375.4982345029712 6.750614292919636 216.6696040853858 67.58719666302204 204.5156544297934 5.485815308988094 4.701633758842945 8.027411356568336 0 0 0 492.3975369110703 0.4671359360218048 32.1814611852169 157.6375576257706 22.5348396897316 215.6140861064196 231.914104372263 7.86521078646183 489.2142171561718 0 21.2806905284524 35.20816175639629 0.1962072998285294 0 0.1060347855091095 0.1083901077508926 458.2990659549832 0.0913204550743103 0 0.4619689285755157 551.6768815666437 0 0.3557708188891411 0.4593209624290466 352.750824727118 16.72986840456724 0 0 1.794284455478191 1.191214300692081 8.020979315042496 2.157338052988052 43.25325945019722 0.5101364701986313 61.23951444774866 14.30778960138559 232.6461478695273 1.027867548167706 0 0.7190189361572266
0 4.909607380628586 0 22.48728118091822 0 140.4648972451687 3.719243831932545 55.91693252325058 139.9656360298395 6.260383166372776 3.054336577653885 47.35746481269598 0.9514896124601364 2.172037020325661 873.4585798084736 0 0.6264553964138031 0.09893815219402313 0 9.49144171923399 0 4.523499026894569 0 41.92586406320333 1.91619761288166 0.2530763819813728 10.89242775738239 7.588501982390881 10.48756911605597 3.831024371087551 0.2345666885375977 0.1045248135924339 0.4186194390058517 41.48817173391581 0 5.663603916764259 1.53520280122757 83.76306875050068 23.05244528502226 1769.594184935093 0 0 0 0 0.1230406016111374 0.1918257474899292 0.7416731715202332 0 0 0 0.2710230052471161 0 0 0 0 0 0.07278233766555786 0 0 0 0 0 0.7139492928981781 0.2333379238843918 0.3421573489904404 0 0.5146751552820206 0 0.1724222898483276 0.2593206614255905 0.2431982830166817 0 0 0 0 0 0 0 0.9279220849275589 0.1534282565116882 0 0.9585304260253906 0 0 0 0
0.6439525634050369 0 3.062406316399574 68.61869694292545 140.4648972451687 9585.997704662383 2047.529113575816 4246.612232424319 70.56524415314198 3483.911867640913 179.2164494022727 4057.746214129031 25.59354144334793 172.3733774125576 620.9811923876405 0 2.645715624094009 7.0986148416996 1.864698581397533 401.0227780416608 2.549816951155663 0.1463048160076141 0.2147314548492432 94.28210257738829 2.443695746362209 21.81327033042908 10.46969757974148 251.4587220177054 151.5095770433545 6.635490223765373 2.081761404871941 675.312730178237 0.2444937005639076 239.1620578840375 0 161.5110592618585 13.45676527917385 237.0850074514747 42.09274112433195 532.1505539268255 17.38133695721626 11.17757763713598 2.941806353628635 0 0.1241394802927971 0 26.92414547502995 0 1.969569891691208 15.35611157119274 5.018886983394623 11.40273454040289 12.27158965170383 0 29.29378447681665 0 0.2369001060724258 2.517060518264771 0 0 0.3511964306235313 0 19.94861847162247 0 0 0 56.43087572604418 0.1285586953163147 0.1527046412229538 0.580950602889061 45.69291751086712 3.062938563525677 0 0.213591679930687 0 0.7772319912910461 0.7070744037628174 0 7.587014898657799 0 6.969110727310181 8.106060907244682 16.49907946586609 0 0 0
2233.984499700367 2.514909416437149 909.8607358336449 591.8135983124375 3.719243831932545 2047.529113575816 11165.33101856709 3335.836617581546 98.55289898067713 6874.052945025265 103.2943076193333 293.9488999098539 12.14791981130838 7878.398524165154 14.10273177176714 11.09631719440222 225.0881345123053 15.89446220546961 31.70538277924061 143.7676898539066 1788.023212574422 1.732604674994946 811.4400645121932 5306.33069563657 1.409753933548927 190.515099182725 392.862057864666 19157.95112743229 667.4819619208574 4064.238852456212 3.915617398917675 75.70127277076244 15.16690361499786 197.6041887998581 5.18133345246315 634.6035832762718 61.09650509059429 491.6735201776028 187.2318893820047 26.06704965978861 5.351347967982292 4.69191700220108 12.12006255239248 0.7494422197341919 5.879619970917702 13.65930031239986 43.95637884736061 0 7.12444232404232 110.8136596381664 8.106980204582214 31.34191770851612 54.7047027349472 0.5490838587284088 23.34926944226027 0 10.56622403860092 0.1343343406915665 15.58222881704569 4.997537881135941 0.6452857404947281 1.298401892185211 33.32141002267599 1.472244754433632 1.153222665190697 38.5722021907568 235.7438304275274 0 5.513461261987686 84.31112664192915 168.2472984343767 21.99640242010355 0.9551940411329269 0.13918736577034 0.9491997063159943 1.331806413829327 2.984570376574993 0.9426864981651306 46.94426192343235 2.205753922462463 40.62214962393045 10.94492509961128 17.53660848736763 0.4767971038818359 0 2.225153207778931
215.4235079735518 3.949280932545662 269.0216498225927 102.4114413112402 55.91693252325058 4246.612232424319 3335.836617581546 9317.186996839941 70.0230326205492 2478.348956398666 271.06951957196 1130.912722274661 23.98849771916866 5602.837422564626 39.09303444623947 2.867400012910366 374.8463955745101 37.43515961617231 136.9959335923195 391.5859026014805 132.5430826172233 1.349307954311371 167.2159933969378 630.4820347204804 4.15764981508255 146.5684481188655 257.6728231310844 394.2760173976421 338.7207963615656 2241.841995872557 2.181716151535511 148.6198607608676 5.326168097555637 583.3251996412873 0 268.2064564526081 17.35871911793947 604.318693228066 116.3048145249486 49.00959940999746 56.37942340970039 9.809989497065544 6.59961861371994 1.014794543385506 2.579381257295609 3.185740917921066 24.60335917025805 0.1769378185272217 2.508179746568203 89.67585945129395 9.93248163163662 19.63326495140791 27.55045530200005 0.4063054025173187 15.66048450022936 0.3440330103039742 14.54080292582512 0 2.849238470196724 0.6114406287670135 3.14028175920248 5.309388011693954 22.62248659133911 2.257302068173885 0.1143654435873032 0.4995525777339935 254.7867023795843 1.114386856555939 11.03174692392349 32.76940085738897 236.2937979176641 23.53900524973869 3.894156560301781 0.8040243908762932 1.471234850585461 3.093044266104698 5.925385199487209 1.12545582652092 57.8623433560133 2.130270905792713 37.86910001188517 18.63016067445278 7.852948993444443 2.437268607318401 0 0
9.191874593496323 652.9474465623498 5.056111589074135 1031.938528254628 139.9656360298395 70.56524415314198 98.55289898067713 70.0230326205492 746.4158325865865 281.770474858582 19.94292205572128 462.6832455098629 48.18248654901981 94.10432729125023 863.1758223101497 19.21671089529991 17.22967679798603 4.753543742001057 5.768052905797958 743.9536651521921 13.30435961484909 1798.935992620885 3.338724918663502 2901.055997818708 461.6797330006957 58.39364115893841 1401.201706774533 532.0733457803726 236.9917944222689 307.2762423530221 10.05521476268768 2.787940725684166 31.81161790341139 65.19022449105978 4.444149941205978 700.8689478486776 53.41849394887686 236.5100890919566 148.0772141292691 380.6535401716828 7.462919890880585 2.733800709247589 9.063262082636356 0.879696823656559 4.466337084770203 3.149912029504776 303.7385547608137 0.1916319578886032 9.285758785903454 112.5137359052896 6.577309601008892 146.8187548294663 120.269222125411 4.471794202923775 194.6529690474272 0.8191685751080513 14.07892157137394 11.72474934905767 72.73207775503397 0.8333505839109421 2.626657009124756 2.013372093439102 243.1905248165131 40.17960451543331 41.0679258108139 8.056106865406036 894.0652587562799 1.341563507914543 12.76950773596764 19.77487532049417 281.1737715154886 27.87552426755428 17.61676667630672 1.184296399354935 0.7110476940870285 3.45803352445364 15.51473128050566 7.941102877259254 179.899855799973 8.226198017597198 51.3534978851676 31.43801018595695 57.50231513381004 2.826998859643936 1.724740207195282 1.556321412324905
20.93883695453405 0.453359842300415 3.265113644301891 4093.254086047411 6.260383166372776 3483.911867640913 6874.052945025265 2478.348956398666 281.770474858582 17192.42607648671 331.3392345309258 3964.321352191269 53.15622601658106 1321.064825549722 21.96330464631319 0.3058951050043106 0.3879364803433418 27.58677457273006 9.991988860070705 3405.307005807757 4.492863975465298 0.2830152213573456 2.419906847178936 1110.286839626729 3.900946915149689 73.03884537518024 43.79097114503384 4299.246886447072 981.9174701049924 6.054024368524551 8.03378876298666 114.8644496798515 2.531340017914772 467.2703619152308 5.949385702610016 1753.834699854255 40.14458467066288 1287.466236896813 424.0759782940149 73.13876391947269 31.31090683490038 17.33300833404064 43.44533075392246 0.5165471136569977 0 0 412.8557748496532 0 27.43409042060375 203.6723729595542 35.95939449965954 113.3551336973906 190.64164172858 6.384010344743729 241.2101099416614 0.3896311074495316 30.68526904284954 28.40895858407021 2.837672382593155 0 1.559657901525497 0 381.7642233222723 0 0.1412140429019928 0 652.2282383814454 0.7275950014591217 3.12151788175106 1.432244405150414 458.3668707162142 32.87178479880095 0 0.4731009975075722 2.021575748920441 1.181522831320763 14.23695454001427 3.628389857709408 62.80185712128878 1.571566425263882 105.196070253849 31.32751986384392 236.6335896402597 14.81434769928455 0.2226899415254593 3.425392627716064
37.86925751715899 28.99621771275997 22.62172480672598 41.0172620639205 3.054336577653885 179.2164494022727 103.2943076193333 271.06951957196 19.94292205572128 331.3392345309258 9973.77341657877 417.2206250652671 2398.477159827948 281.0073758363724 3.229194045066833 2.308593615889549 467.6685131192207 1738.611132599413 1631.307346537709 182.7671163380146 42.65803443640471 22.65761359781027 39.77526234835386 87.30702981352806 630.1104402318597 1987.760834433138 2327.866144858301 51.6187077909708 821.287514410913 234.7472311258316 238.9581992700696 325.9879640042782 7.700593158602715 9848.921014204621 4.053156539797783 347.8026716262102 3118.62959189713 5717.021392062306 798.5947893261909 16.74788627773523 9.211999252438545 602.0979998633265 15.67313925176859 0.069198377430439 11.04067693650723 1.238120630383492 1.425857365131378 0 0.2537032663822174 3.196254722774029 1.355970621109009 1.457627274096012 1.197906166315079 364.3854420557618 2.325921945273876 700.8371954709291 0.6045478656888008 0 0.5805085301399231 0.9052548557519913 238.4444192051888 25.98222855478525 0.55979223549366 0.1370899528264999 1.130375921726227 0.316800519824028 16.65772353112698 205.7340410798788 429.3185401260853 234.3658728078008 10.18808259814978 1.377075746655464 0 144.4452986493707 0 0 2.525246128439903 0.5335351824760437 16.293721139431 141.1291157156229 17.93324430286884 4.675468131899834 1.045517310500145 0 46.97591683268547 0
0.4357182309031487 1.824434414505959 0.1040302887558937 3061.218611948192 47.35746481269598 4057.746214129031 293.9488999098539 1130.912722274661 462.6832455098629 3964.321352191269 417.2206250652671 7642.81923892349 74.26885556429625 331.3161413818598 953.523878082633 0 0.537255197763443 25.809022128582 7.807369917631149 5379.02956725657 0.1191363856196404 8.472364440560341 0.2912098169326782 203.8530487045646 3.483096905052662 62.47215142846107 40.54272728413343 188.6306233480573 349.2566403523088 4.659452229738235 9.876032084226608 209.7146997898817 0 433.3542283773422 1.381198719143867 922.2842200249434 33.78314513713121 789.0951693877578 142.137533210218 952.8570945858955 34.44634475558996 17.60075479745865 15.90580132603645 0 0 0.4732550010085106 250.8159364759922 0.2452016323804855 56.23329343646765 25.04364325106144 6.413355879485607 177.5221734046936 125.9391237646341 2.057663612067699 323.6208572089672 0 9.981331847608089 64.85279621183872 0.5642193555831909 0 0.5538133457303047 0.1354746073484421 221.7784876078367 0 0 0 188.7046005949378 0 2.240955509245396 0.7473747953772545 85.59419109672308 3.071549654006958 0 0.1648556292057037 1.109898246824741 0.3013878464698792 2.366641640663147 0 30.80960287153721 1.341727554798126 12.80622727423906 6.262453779578209 266.7698962837458 2.046828612685204 0 0.6255549192428589
2.193022385239601 262.9055671617389 1.316376514732838 7.93330655246973 0.9514896124601364 25.59354144334793 12.14791981130838 23.98849771916866 48.18248654901981 53.15622601658106 2398.477159827948 74.26885556429625 998.4140961095691 14.59754683822393 1.500776849687099 3.453330457210541 2.314641557633877 26.58493186533451 6.284185208380222 31.28479562699795 2.779712960124016 103.686959721148 4.479507073760033 60.92958825826645 2987.889868669212 40.75570544600487 1754.555104471743 7.444770000874996 44.98441195487976 7.523636929690838 201.6955213993788 28.95455753058195 0 1210.378595881164 13.38208378851414 257.5737378895283 3595.899348832667 4579.266843341291 685.6220702305436 11.29057377576828 30.40824739634991 1591.392203263938 59.82269345223904 0 16.34923605620861 0.1780780106782913 0.6161395907402039 0 0 0.4385096505284309 0 0.4136236906051636 0.1352223604917526 927.385894164443 0.61032535135746 2042.459565162659 0 0.1593956351280212 0 0 148.8667245060205 4.331605352461338 0 0 1.517432451248169 0.1217366755008698 3.722888588905334 657.4763654023409 425.3006843924522 204.3147236332297 1.224495850503445 0.08663520961999893 0 335.2208268791437 0 0 1.190841764211655 0 18.98646201938391 461.3431135416031 21.25578377395868 0.4976806640625 0 0 162.745597422123 0
3951.690175428987 8.194405421614647 420.0710564255714 117.4697171971202 2.172037020325661 172.3733774125576 7878.398524165154 5602.837422564626 94.10432729125023 1321.064825549722 281.0073758363724 331.3161413818598 14.59754683822393 10504.56876779348 16.85761096328497 3.574095360934734 380.6235341131687 41.58006355911493 137.2321580797434 319.7543625459075 297.4236139878631 1.943835981190205 241.6721291169524 845.377389729023 2.751193016767502 183.9168793484569 261.3971386626363 502.3992813527584 6013.179770648479 4328.275012165308 4.052459537982941 49.72409920394421 16.19440104067326 598.6122802495956 1.935321480035782 135.6527922898531 13.83890891820192 425.2489445880055 44.1849225088954 19.69196873158216 7.702986679971218 2.875407323241234 2.782227925956249 1.055159345269203 4.193168386816978 7.470934331417084 20.93566700071096 0 1.340152285993099 56.7900210916996 6.860686898231506 15.94359800219536 18.93405052274466 0.8726191446185112 9.861219048500061 0.5570204854011536 13.60522037744522 0 4.063576892018318 2.176991522312164 2.28385466337204 3.804730422794819 11.79250399768353 4.577073104679585 0.2508341073989868 2.369819976389408 230.4596884101629 0 12.99027723819017 44.66273866593838 195.1675204560161 23.78408034145832 1.911334902048111 0.5559312701225281 0.568382129073143 1.246916972100735 8.99459058791399 3.125894673168659 48.89250095188618 1.939773708581924 57.70701212435961 20.75051791965961 11.58770070970058 2.713869161903858 0 0.1735011488199234
1.73539175838232 35.55782126635313 0.526755303144455 238.1070679649711 873.4585798084736 620.9811923876405 14.10273177176714 39.09303444623947 863.1758223101497 21.96330464631319 3.229194045066833 953.523878082633 1.500776849687099 16.85761096328497 269.9780528023839 0 1.06351675093174 0.2921035215258598 1.2073585242033 269.3303949609399 0.1856050938367844 47.58846371620893 0 616.3113163486123 23.59776532649994 6.96137572824955 105.9398330226541 72.31863578408957 35.04910419136286 28.47115828096867 0.7657801359891891 56.72482299059629 3.350580252707005 15.45703370124102 0.829842321574688 625.7574855238199 9.598983958363533 42.14833559840918 13.8638119250536 734.8041272759438 24.37760958820581 1.11434280872345 0.7109477072954178 0 0.1413789391517639 0.6693045794963837 33.75579364597797 0 4.048859804868698 0.8354487270116806 0.3938838839530945 9.541335806250572 10.50864519178867 0.9917334616184235 45.67112253606319 0.4621391594409943 0 15.81202958524227 5.477214902639389 0.4578988254070282 0.4185979664325714 0 25.66670313477516 4.055045232176781 5.382924482226372 0.7402116507291794 24.39075203984976 0 1.21401235461235 1.803548507392406 14.46652206778526 0.3072027340531349 0 0 0 0 1.21532329916954 0 18.19083747267723 0.2780548334121704 10.63984479010105 6.52219557762146 96.61741314828396 0 0 0
0.5583785623311996 289.573861643672 11.07610441744328 0 0 0 11.09631719440222 2.867400012910366 19.21671089529991 0.3058951050043106 2.308593615889549 0 3.453330457210541 3.574095360934734 0 2077.666202880442 14.35134445875883 0.6875345408916473 1.750352263450623 0 2277.969908304513 716.0941735655069 1396.407235644758 1587.2339200899 41.607431396842 16.43164260685444 2743.458940312266 434.8747242838144 17.55116972327232 374.8176830336452 0.5227857902646065 0.4278186485171318 10.47000885009766 107.1052426472306 21.2163110896945 2724.006926305592 912.7275141477585 719.3686510920525 943.028713427484 39.86322441697121 1.867592081427574 4.931948788464069 27.00690519809723 0.8487903922796249 4.305515363812447 11.06639908999205 0 0 0.3758661597967148 2.031950689852238 0.3661100268363953 67.25327263772488 0.2567395493388176 1.733533680438995 0.1300170719623566 1.418383002281189 1.706626586616039 5.954024888575077 3850.130646906793 6.625303611159325 0.4890463277697563 2.608230389654636 0 864.316268004477 468.9825386703014 1730.71129719913 590.2587520331144 1.282304130494595 2.674281075596809 401.0129926726222 296.4573441520333 15.58028423041105 86.0479376539588 0.1122109293937683 0 4.309950947761536 23.92301093041897 49.05740742385387 1501.68019451946 302.9245109334588 187.1483740061522 380.6284942999482 34.6717454791069 0.6614244878292084 3.308899000287056 5.612508982419968
105.2786410003901 350.0035930350423 2797.859787963331 0.08628036826848984 0.6264553964138031 2.645715624094009 225.0881345123053 374.8463955745101 17.22967679798603 0.3879364803433418 467.6685131192207 0.537255197763443 2.314641557633877 380.6235341131687 1.06351675093174 14.35134445875883 582.2816951051354 266.3030922785401 3344.669409565628 0.2143742814660072 1977.769861847162 10.54927814006805 3990.787494562566 69.48987276852131 12.43199307471514 1710.990237146616 7873.557744801044 81.41301431506872 259.9759954065084 3777.356853291392 2.051272965967655 3.630790643393993 5.58519135415554 1790.040353067219 7.374214380979538 317.0007621198893 238.5965158268809 1098.186430975795 188.3261432275176 2.640282519161701 0 4.467539012432098 5.194333299994469 0.1344814896583557 78.20645236968994 133.2841991409659 0 0 0 0.3246182352304459 0 1.624012038111687 0 6.349606066942215 0 3.242067664861679 1.0585822686553 0.3790135383605957 11.1500681489706 108.1019523441792 45.08447419852018 142.0671273171902 0.09868931770324707 1.74785615503788 6.022615790367126 17.79447829723358 10.77012389153242 5.25332535803318 919.3958244770765 1288.794325180352 2.506078474223614 1.074968390166759 0.2970968782901764 9.336402490735054 0 0.2348877936601639 9.420260429382324 0.8011230826377869 72.19016207754612 47.75683218240738 81.71693106740713 26.1742757409811 0.2133157551288605 0 0 1.401444837450981
8.343379773199558 3.937130436301231 49.62175549566746 2.886780880391598 0.09893815219402313 7.0986148416996 15.89446220546961 37.43515961617231 4.753543742001057 27.58677457273006 1738.611132599413 25.809022128582 26.58493186533451 41.58006355911493 0.2921035215258598 0.6875345408916473 266.3030922785401 291.4669948369265 3462.056988604367 15.40939687937498 16.97238114476204 6.892954781651497 16.25271733850241 14.39765315502882 70.94204828888178 2573.876176305115 623.4037826806307 6.755701817572117 71.55679346621037 86.13513050973415 74.04585815966129 9.08644936978817 1.517486333847046 795.8198487758636 3.495604082942009 297.7327370494604 503.243543908 1366.571480765939 259.9070610553026 2.406142756342888 0 0.7498825639486313 3.118404537439346 0 2.202822744846344 0.4086979776620865 0 0 0 0.2998838275671005 0 0.2719095423817635 0 220.2330840677023 0.5271881595253944 245.8444006890059 0.720578096807003 0 0.15606589615345 0.5731170773506165 383.8108900338411 32.91283308714628 0 0 0.5845470279455185 0.1110818162560463 2.249172754585743 89.1469444334507 486.80856564641 220.1356094554067 1.706322275102139 0.09900191426277161 0 191.6489698588848 0.1645992696285248 0 3.01483353972435 0.1993574649095535 9.809181600809097 36.0264390707016 24.90858779102564 1.132199764251709 0 0 0 0
36.3258104622364 19.60966105759144 149.2912876158953 1.288939006626606 0 1.864698581397533 31.70538277924061 136.9959335923195 5.768052905797958 9.991988860070705 1631.307346537709 7.807369917631149 6.284185208380222 137.2321580797434 1.2073585242033 1.750352263450623 3344.669409565628 3462.056988604367 2170.082869559526 4.762094467878342 114.1315169408917 6.270732790231705 161.984164275229 17.88520913571119 33.75977383553982 3323.119230084121 1398.57270424068 12.55511546880007 170.3766698539257 545.9025586396456 19.34248168766499 2.026690773665905 6.605358324944973 3941.657066099346 3.145759828388691 463.7692379876971 507.6604812145233 1811.824755579233 295.3468397557735 2.475367926061153 0.1424349695444107 0 3.339341431856155 0.6431607604026794 25.26644045114517 3.288216412067413 0 0 0 0.2641339600086212 0.8653137683868408 2.486665040254593 0.1421553492546082 62.08328904211521 0.4763162657618523 35.18664476275444 0.4526845514774323 0 1.411399841308594 15.73746832460165 411.0078259706497 242.4289861917496 0.1327339857816696 0.5005363672971725 2.088215738534927 0.7537857741117477 1.984636470675468 39.28490766882896 1087.875001512468 758.4129698202014 0.6963905990123749 1.274415209889412 0.3647426962852478 71.7651035785675 0 0.3863063007593155 10.77629329264164 0.4283599853515625 44.86366944760084 72.96634656190872 102.8784789443016 16.57792153954506 0.9292150586843491 0 0.2957136332988739 0.2052899450063705
3.183230198919773 0.5641067922115326 0.1168280467391014 2737.215750232339 9.49144171923399 401.0227780416608 143.7676898539066 391.5859026014805 743.9536651521921 3405.307005807757 182.7671163380146 5379.02956725657 31.28479562699795 319.7543625459075 269.3303949609399 0 0.2143742814660072 15.40939687937498 4.762094467878342 622.5614971593022 0.1288935393095016 1.119225636124611 0 480.2549886777997 2.956368789076805 35.52683188021183 22.95109892636538 737.286011993885 340.7541720792651 2.223587475717068 4.324434004724026 64.71579943597317 0.3825696185231209 221.5799889266491 2.770382791757584 725.2031250223517 20.57811421900988 566.6828083917499 159.2539734840393 437.2459065392613 18.62387810647488 11.95434409379959 21.02891167998314 0 0 0 218.9900825768709 1.988284856081009 17.46163235604763 53.27407505363226 6.509360767900944 93.80853044986725 81.56546890735626 2.414823830127716 160.477845273912 0 2.96996832638979 17.5208834707737 0.18182173371315 0 1.060404852032661 0.2545639500021935 167.2152952551842 0.3731400072574615 1.15241664648056 0 196.5134149044752 0.1194342374801636 1.165099114179611 0.7534791976213455 130.100940734148 5.043527096509933 0 0.1618664115667343 0 0.4427400231361389 0.1565554291009903 0 20.1700339987874 0.9422152042388916 15.58643537014723 5.065961956977844 116.5786248147488 0.1342777907848358 0 0
40.56547103822231 25.55556363612413 761.5439991503954 0.2337849512696266 0 2.549816951155663 1788.023212574422 132.5430826172233 13.30435961484909 4.492863975465298 42.65803443640471 0.1191363856196404 2.779712960124016 297.4236139878631 0.1856050938367844 2277.969908304513 1977.769861847162 16.97238114476204 114.1315169408917 0.1288935393095016 11625.84846231341 149.3094910606742 12252.31025188416 557.9437424838543 3.826082035899162 67.87491942197084 485.1410917788744 5135.123977839947 202.8250889256597 7739.243913665414 0.2996431589126587 1.714941270649433 82.68304632604122 3461.246165536344 25.44051457196474 4532.332004807889 541.1844382882118 4964.807749025524 2499.310007028282 42.37233835458755 5.053351603448391 9.837608925998211 45.54889349639416 0.8451371937990189 3.277185961604118 7.110648915171623 0 0.09755986928939819 0.3879513591527939 2.26925978064537 0 85.07446249574423 0 1.405940391123295 0.2675202041864395 1.487433634698391 2.183939717710018 6.237166307866573 643.2314709126949 2.88568888604641 1.350168563425541 1.222014091908932 0 452.1033180132508 64.6715784445405 154.7339722439647 643.3616872131824 0.7986673563718796 11.74654529988766 37.65868239849806 486.7793110013008 31.51014238595963 98.84664274007082 1.088690310716629 0 9.928173072636127 25.94021029770374 25.61736746877432 729.3259624689817 62.19647438824177 107.1674589216709 100.866205573082 27.6738990470767 0 2.12513279914856 3.330738574266434
1.308068349957466 2079.567539945245 6.383908972144127 0.3642430752515793 4.523499026894569 0.1463048160076141 1.732604674994946 1.349307954311371 1798.935992620885 0.2830152213573456 22.65761359781027 8.472364440560341 103.686959721148 1.943835981190205 47.58846371620893 716.0941735655069 10.54927814006805 6.892954781651497 6.270732790231705 1.119225636124611 149.3094910606742 439.2555434852839 47.04272159188986 3424.662023082376 1003.788585707545 26.32037387788296 1423.139336958528 40.70605640113354 19.15833932161331 187.5537393987179 16.4641198515892 0 2.372230298817158 38.93178831785917 1.534495383501053 776.4981563687325 42.03741579502821 122.2844886556268 143.803015626967 52.35358288884163 0.265387088060379 2.662969648838043 4.387204021215439 0 2.232749655842781 9.357548326253891 0 0.1115695014595985 0 0.4085819125175476 0 56.80112771689892 0 1.032130122184753 0 2.579128593206406 0.6078712493181229 1.391177944839001 605.0963808223605 2.133187025785446 1.474463514983654 1.46387005597353 0 96.12893561273813 83.36516533792019 252.7792227417231 158.9359427243471 1.277774214744568 5.181669175624847 274.850267149508 83.60160196572542 3.968448899686337 16.41220292448997 2.30004895478487 0 1.826293386518955 6.228760085999966 7.141840100288391 292.7602753713727 36.55773910135031 50.41162978857756 74.24888441711664 11.75505996495485 0.1785423904657364 0 2.861654356122017
94.20581096410751 75.73841260373592 8270.152115620673 0 0 0.2147314548492432 811.4400645121932 167.2159933969378 3.338724918663502 2.419906847178936 39.77526234835386 0.2912098169326782 4.479507073760033 241.6721291169524 0 1396.407235644758 3990.787494562566 16.25271733850241 161.984164275229 0 12252.31025188416 47.04272159188986 14181.25930245221 178.8787873759866 2.34035973995924 1685.434976220131 11935.89973825216 603.8993572071195 45.95869740843773 4406.881837293506 2.659240454435349 0.8507716208696365 1.703192979097366 2978.446482755244 105.4008645936847 9487.879900105298 4326.832113482058 9346.163420528173 5673.527558043599 219.7877635881305 23.46398171782494 12.95057442784309 101.9010894224048 0 24.19552128762007 749.0989230051637 0 0 0.2258331924676895 6.735409148037434 2.205107748508453 5.671770177781582 0.2061806470155716 0.7646444216370583 0.202377125620842 1.077632397413254 3.641604863107204 0.7880760505795479 2034.620763108134 87.56141274422407 6.112617813050747 21.88966789096594 0 407.2715853452682 137.5947125256062 2982.300776526332 148.6826613247395 0.3686129674315453 74.75521333515644 3285.02171561867 73.60570292919874 1.483389720320702 26.89692556113005 0.488729402422905 0.5248104110360146 0.3488311022520065 16.38789962977171 27.31272119283676 1025.411430492997 285.5637790113688 407.2368014976382 502.3174588680267 7.61664567142725 1.223640739917755 1.695970982313156 6.518419831991196
127.520763233304 1614.263279646635 25.1860600784421 2313.020943336189 41.92586406320333 94.28210257738829 5306.33069563657 630.4820347204804 2901.055997818708 1110.286839626729 87.30702981352806 203.8530487045646 60.92958825826645 845.377389729023 616.3113163486123 1587.2339200899 69.48987276852131 14.39765315502882 17.88520913571119 480.2549886777997 557.9437424838543 3424.662023082376 178.8787873759866 5052.790282420814 552.0389952510595 93.14394360780716 4008.141973115504 5601.80806941539 2469.753215290606 2912.954816356301 10.67371064424515 29.15143548697233 393.2346354052424 696.1658480763435 39.84869055449963 3864.577992871404 193.1636914610863 2094.950512520969 1192.052123017609 345.6062433496118 19.79036408662796 21.34119907021523 44.87735799700022 11.39412270486355 11.62075018137693 12.56951199471951 366.7994572296739 1.706179045140743 31.51382382214069 397.289622798562 38.77909058332443 705.7168999388814 208.3189676329494 14.9063234180212 244.7003540843725 3.893159061670303 72.72048863768578 29.50054362416267 283.0614816993475 3.60889358073473 6.358283683657646 4.426544055342674 302.705796353519 191.8125069737434 94.56196068972349 88.71881414949894 2950.143491342664 1.886471450328827 18.04216286540031 127.2344031631947 1891.769308976829 242.9373193234205 103.2700595036149 4.15563926845789 2.130419328808784 38.39825718849897 98.51563169062138 61.90016078948975 1090.112535327673 35.12239284813404 404.5810848474503 248.7425964102149 222.7359013333917 9.484997980296612 2.732030935585499 7.237445838749409
0.279012143611908 2399.580940388143 1.993205308914185 0.8931534886360168 1.91619761288166 2.443695746362209 1.409753933548927 4.15764981508255 461.6797330006957 3.900946915149689 630.1104402318597 3.483096905052662 2987.889868669212 2.751193016767502 23.59776532649994 41.607431396842 12.43199307471514 70.94204828888178 33.75977383553982 2.956368789076805 3.826082035899162 1003.788585707545 2.34035973995924 552.0389952510595 235.6122893691063 493.1595282182097 2765.651680335402 3.916839219629765 4.603708326816559 4.669071294367313 149.4361783564091 1.525521256029606 0.4137177467346191 258.1372237503529 6.595899149775505 396.2826733514667 584.7121319919825 1151.988628998399 287.958000421524 18.91525665670633 13.79045480489731 822.7462929934263 11.39936047792435 0.1148056983947754 27.52501784265041 0 0 0 0 0.2383328676223755 0.2603060007095337 1.49434731900692 0 541.2434560954571 0 2033.617151290178 0.4433896765112877 0 0.2255258187651634 1.136740863323212 112.9623598605394 48.81613323092461 0 0.1152460649609566 1.925375998020172 0.3457067757844925 3.783396989107132 457.5457871258259 609.776397228241 561.0597609356046 0.6382178515195847 0.4627177864313126 0.1072088629007339 260.8076203912497 0 0 4.024985656142235 0 36.19919832795858 165.6461748182774 54.69898454844952 10.35279841721058 0 0 63.09704557061195 0
37.75627574324608 551.5300823152065 8647.853673376143 8.151900984346867 0.2530763819813728 21.81327033042908 190.515099182725 146.5684481188655 58.39364115893841 73.03884537518024 1987.760834433138 62.47215142846107 40.75570544600487 183.9168793484569 6.96137572824955 16.43164260685444 1710.990237146616 2573.876176305115 3323.119230084121 35.52683188021183 67.87491942197084 26.32037387788296 1685.434976220131 93.14394360780716 493.1595282182097 22602.82819952071 10429.82806828618 41.86929182708263 177.0384018793702 312.0152106657624 199.5953113138676 23.9019815325737 5.405215360224247 1773.149026013911 32.50770857185125 2109.4694865942 1927.301213234663 4402.808382824063 1002.170180566609 14.14066906273365 0.7931178510189056 14.5560308098793 25.75537676364183 0.7330707982182503 542.1383076012135 69.95615921914577 1.030174970626831 0 0.1077259406447411 2.829877510666847 1.252000339329243 4.88588672876358 0.1283461600542068 370.2344562709332 1.285001069307327 561.2477965801954 2.230258651077747 0.1268027275800705 8.126834332942963 212.6276499778032 817.9614930152893 708.6547829806805 0.330291748046875 3.072267442941666 16.88107292354107 3.641563206911087 28.97007172554731 257.989725202322 4232.685816653073 3874.275517918169 5.388514757156372 1.137744598090649 1.242733418941498 302.9925485700369 0 0.6715173423290253 39.90830186009407 2.534599393606186 261.1977056860924 317.4093372374773 348.5417839363217 97.88987390697002 2.290648102760315 0 2.814927607774734 2.019123524427414
62.4963297098875 2001.29349193722 4846.074907712638 8.292209438979626 10.89242775738239 10.46969757974148 392.862057864666 257.6728231310844 1401.201706774533 43.79097114503384 2327.866144858301 40.54272728413343 1754.555104471743 261.3971386626363 105.9398330226541 2743.458940312266 7873.557744801044 623.4037826806307 1398.57270424068 22.95109892636538 485.1410917788744 1423.139336958528 11935.89973825216 4008.141973115504 2765.651680335402 10429.82806828618 23226.56760023534 774.161572650075 204.203756518662 397.0777409672737 1015.090610578656 11.4434332177043 12.03880253434181 2602.795285701752 218.1570772230625 10339.93631781638 8082.672143086791 11038.48140529543 4909.607957452536 192.1404263302684 9.118655636906624 82.60599207878113 114.0059013366699 0.8066792041063309 1362.893336214125 1671.181553542614 0 0 0.150663822889328 8.420456744730473 7.297246851027012 13.59959863126278 0.4722872674465179 551.0030373558402 1.640669383108616 919.9217847436666 10.26223546266556 0 1111.355761088431 345.6150603294373 1474.220905326307 827.5624849870801 0 51.38304079324007 618.362343147397 2554.831343859434 115.5629491358995 1013.536571681499 5318.95995426178 14348.13006928563 39.35867688059807 2.906208194792271 1.316477850079536 761.5519477128983 1.513549372553825 0.2413797676563263 68.18518571555614 17.73372042924166 1086.072232894599 584.5270249247551 933.2093179672956 574.1470115557313 8.057165235280991 0.7745614051818848 8.590716168284416 8.170292168855667
57.90102138370275 14.11854600906372 398.1849217638373 4349.023047730327 7.588501982390881 251.4587220177054 19157.95112743229 394.2760173976421 532.0733457803726 4299.246886447072 51.6187077909708 188.6306233480573 7.444770000874996 502.3992813527584 72.31863578408957 434.8747242838144 81.41301431506872 6.755701817572117 12.55511546880007 737.286011993885 5135.123977839947 40.70605640113354 603.8993572071195 5601.80806941539 3.916839219629765 41.86929182708263 774.161572650075 12522.89568713307 1088.612477511168 10514.08325507492 2.456387490034103 17.26433199644089 204.353484980762 426.447051346302 8.471650116145611 1259.20689740032 88.92953888326883 980.1640136018395 458.6259865537286 66.45269849896431 8.583555124700069 8.593849457800388 17.22330076992512 3.464808702468872 2.450483232736588 7.904491357505322 290.3715491071343 1.296780981123447 22.79809943586588 288.6298076361418 30.00642704963684 224.5880212113261 159.0200121849775 9.235823705792427 118.4735634252429 0.6773065775632858 49.04328761249781 9.69791341573 47.87325752526522 0.9766695573925972 2.712793044745922 0.4882450699806213 218.9820383712649 49.87966009229422 11.2029472514987 38.91734217107296 1361.717198550701 0.3217241317033768 0.8229128867387772 56.34119885414839 1136.108777955174 106.1422567591071 29.61363742500544 0.9291511476039886 2.580313876271248 15.65948164463043 39.90476986020803 23.42772199958563 395.1494261622429 7.541667453944683 179.0954986810684 117.9142923280597 92.13278693705797 12.78849384188652 4.320736467838287 1.484689950942993
