1244.180028751493 0.2615697607398033 6.06765229254961 1.812643252313137 0.3261522352695465 3.602696165442467 1953.786203943193 914.643655769527 2.78673443198204 45.357914686203 32.26654282957315 1.780869692564011 0.9400288462638855 6125.474321864545 0 0.2919079884886742 167.6186729595065 69.38573837280273 120.674695931375 0.9476302340626717 14.07342164218426 2.085777685046196 125.2443061843514 34.04756198823452 0.1155139356851578 131.725512817502 8.244617901742458 94.15928132086992 3258.359558217227 2485.532466709614 0.8820328190922737 17.53840324282646 8.707682132720947 121.5241405516863 0.2577754557132721 19.47809608280659 2.258664526045322 125.9839788898826 16.55969968438148 2.954430408775806 1.706011854112148 0.2790341377258301 0.1797619163990021 0.1636463403701782 0 0 0 0 0.6308459043502808 0.1048149988055229 0 0 0 0.09049884229898453 0 0 0.5677711367607117 0 1.958941780030727 0 0 0 0 0.1194904148578644 0.4741531759500504 0 3.379462398588657 0 0 0 2.154038920998573 0.862495943903923 1.413972795009613 0.1131512895226479 0 0 0 0 0.3112429678440094 0 0.411998838186264 0 0 0 0 0
0.2615697607398033 134.2958049178123 43.54136457294226 0 0.4723432287573814 0 1.354467406868935 1.01337293535471 655.3211373984814 0.4931821823120117 183.7353982403874 4.370424799621105 630.311706058681 1.487992905080318 16.94709481298923 27.81349456310272 49.47520922869444 20.08950248360634 39.80706588178873 0 2.66613233089447 2794.009193740785 2.674537375569344 886.5986709445715 1595.263792082667 371.289068646729 9715.332494370639 29.30145997554064 4.942183628678322 1.003124736249447 91.42178066074848 0.2139627188444138 0.7200081795454025 23.70271813124418 0.6337309032678604 44.30021668225527 82.38468414545059 102.00706487149 9.959831148386002 29.84966971725225 0.9024345278739929 131.3008093684912 0.1385159641504288 0.16082863509655 49.73973593860865 12.9441824182868 0 0 0 2.701834455132484 0.2201205641031265 0.4770903065800667 0 8.889785423874855 1.496133409440517 24.47967244684696 0.8249820023775101 0 2.939297817647457 63.78631342947483 8.591918349266052 101.9132563322783 0 1.063726432621479 9.931413657963276 2.171825140714645 4.755255535244942 13.58866360783577 282.8134082779288 1214.65396168828 2.03619647026062 0.4249195531010628 2.270719654858112 7.78988078981638 0 0.2081922143697739 13.45752289891243 0.4784824550151825 63.65117107331753 31.08574563264847 70.88659203797579 13.22029195725918 0.2958637475967407 0 0.7677751332521439 0
6.06765229254961 43.54136457294226 5949.72627813369 0.9395085349678993 0 7.665228106081486 1816.509040318429 143.9281350150704 2.956693336367607 55.61812709271908 75.08361699432135 0.2423384487628937 7.753620460629463 110.2027049288154 0.1400363743305206 3.846852786839008 7163.023846462369 234.2458884492517 547.2936563938856 0.633592925965786 465.1875154525042 12.06430232524872 5537.829034619033 27.77190973609686 0.7756680101156235 8499.5832214728 5128.736351601779 280.0963736101985 36.16484814882278 605.4911232367158 11.31319946795702 1.770817026495934 7.226395130157471 521.3678524121642 20.03014522790909 2107.974305160344 1429.4393369928 2389.638383463025 476.7281709238887 61.7187415137887 5.206535220146179 1.725662536919117 8.808255739510059 1.158259697258472 112.2334716394544 151.4840933382511 0.856579452753067 0 0 7.734248355031013 0.3588624447584152 0.913086012005806 0.270631343126297 1.766960486769676 0 1.295668572187424 4.435682266950607 0.1444233059883118 26.9169587418437 215.5526682138443 3.720854982733727 142.3909669741988 0 6.599458798766136 43.33327749371529 13.39033328741789 20.15369900316 1.98414484411478 196.7104662582278 1577.66213785857 9.401443660259247 3.861538708209991 5.323665827512741 1.071621119976044 0 1.313078925013542 17.20781461894512 9.295554727315903 141.0776021108031 38.7678047940135 113.5669785663486 20.52908376604319 5.792978316545486 0.7959131151437759 0 0.2176139652729034
1.812643252313137 0 0.9395085349678993 1076.752471655607 0.6721162348985672 40.8187645599246 21.97059404850006 14.00694952905178 989.2287329062819 2330.836937904358 1.11296085268259 2686.139336913824 0 19.03165906667709 24.08008821308613 0.107412151992321 0.6935235187411308 0.379259780049324 0.1937430128455162 2938.236904852092 1.20585960149765 1.44143407791853 0.7843666896224022 800.0752510800958 0 0.2442930117249489 2.084821835160255 1126.265728801489 33.46848021447659 0.3114198818802834 0 2.071022637188435 0.5246551558375359 11.48474936932325 1.693935006856918 283.5057898536325 0.9121953323483467 34.67855808138847 13.23631183803082 237.7351368814707 3.845182903110981 0 0.1341841518878937 0.2237998321652412 0 0.1192072108387947 91.42284969985485 0 4.90990100055933 37.80421786755323 2.489404104650021 93.13699432462454 260.0133977606893 0.7054793611168861 79.00815680623055 0 3.308180466294289 1.351294249296188 0.1297208368778229 0 0 0 41.01184643059969 0.3005261495709419 0.3192084431648254 0.2921905219554901 303.2642910405993 0 0 0.2630570530891418 198.299371406436 1.38576328754425 0.3795431554317474 0 0.5553755536675453 0.1661539971828461 1.070758827030659 0 185.4119248762727 0 8.333669990301132 0.7077426165342331 74.25095775723457 0.2814589142799377 0 0
0.3261522352695465 0.4723432287573814 0 0.6721162348985672 174.4638022780418 152.0473246797919 1.653913095593452 39.7876950725913 49.54011595994234 2.915401205420494 29.23978842794895 104.7190224602818 1.816310986876488 7.84771965444088 858.5223703682423 0.1571385413408279 0 0.9564301073551178 0.9921195209026337 5.462201185524464 0 6.941574081778526 0 30.76333452761173 0.1338917315006256 1.021089389920235 4.368405267596245 5.005754128098488 1.682255044579506 0 0.1826425939798355 598.5478205233812 0 84.66700575500727 0 1.123278915882111 1.942878812551498 16.81804038584232 16.67312301695347 2152.641561150551 5.095864653587341 0.1345298886299133 0 0 0 0 0 0 0 0 0.3093710243701935 0.305717259645462 0 0.1561511904001236 0.2434759438037872 0 0 0 0.1456255465745926 0 0 0 0 0 0 0 0.4989814013242722 0 0 0.1035129874944687 0.9786332845687866 0 0 0 0 0 0 0 0 0 0 0 0 0 0 0
3.602696165442467 0 7.665228106081486 40.8187645599246 152.0473246797919 11509.35418916494 2353.399520277977 5665.864279001951 67.42143889516592 8378.651530914009 59.65232925862074 5983.162511534989 18.62917722761631 702.7779684960842 698.7326122000813 0 16.37310725450516 14.8855849802494 10.59987840801477 275.4933351799846 3.406114839017391 0.1603338122367859 10.11684383451939 168.0083663389087 0.3897080197930336 22.66514644026756 4.250285387039185 520.6089880615473 281.8281106799841 25.25945199280977 0.6549584344029427 1809.829123198986 1.15861164778471 138.0382718220353 7.974007248878479 344.6416017115116 6.373382739722729 475.3767012879252 231.3365132212639 1552.257854513824 363.9632489681244 6.745579555630684 7.566079944372177 0 0 0.5303534418344498 6.564544551074505 0 0 20.15256187319756 0.9231509566307068 5.814253903925419 19.46029013395309 0 11.20253527164459 0 2.362817890942097 1.155439257621765 0.2539232671260834 0 0 0.1838920712471008 0.3214945197105408 0 0.660098671913147 0.2560985684394836 55.37106920033693 0 0 0.3842272162437439 45.48135209083557 0.3283536732196808 2.541074454784393 0 0 0 0.7847708463668823 1.568221092224121 39.574437700212 0 3.463230095803738 1.332662582397461 6.992053061723709 0 0.2005281150341034 0
1953.786203943193 1.354467406868935 1816.509040318429 21.97059404850006 1.653913095593452 2353.399520277977 17206.32310780883 3839.726755656302 330.2700228095055 9268.494133703411 47.66907908767462 29.83283417671919 6.996220864355564 7621.560514166951 23.84350929409266 80.83585049211979 1194.692221567035 106.1781277060509 225.5320987254381 6.892501443624496 2758.435563012958 25.55969470739365 2176.529118850827 1379.09304330498 0.3223523572087288 956.9237792566419 800.4309096634388 17544.87506700307 1957.045534282923 6751.296812623739 2.256812274456024 29.46379043161869 63.61123307049274 431.5554473698139 31.81364253163338 1234.033194489777 92.75804758816957 1132.512970112264 408.9811845570803 124.989352338016 28.32027504593134 0.7249406278133392 13.04128143936396 2.755180165171623 0.3418247997760773 11.00894071161747 59.16026771813631 0 5.107618503272533 252.4722575768828 15.73693387955427 102.1586133018136 150.1591810360551 3.82410941272974 32.46242928504944 2.228941798210144 32.86924983561039 1.807131394743919 25.09355066716671 6.528041362762451 1.132731318473816 1.512571260333061 14.50500260293484 5.056483581662178 5.495721220970154 10.58609990030527 775.3630738630891 0 3.377691343426704 70.16292622685432 674.6132384836674 25.39849336445332 33.4474705979228 0.1882799118757248 1.925434783101082 1.051857769489288 24.77611051499844 3.984200567007065 396.0411913022399 1.10811772942543 110.8650317415595 11.19923488795757 81.43916407227516 3.59254264831543 2.850556612014771 0.7642427533864975
914.643655769527 1.01337293535471 143.9281350150704 14.00694952905178 39.7876950725913 5665.864279001951 3839.726755656302 7541.975836448371 48.37893323600292 2430.428375989199 215.8979023620486 980.603718586266 32.11837394535542 8869.041270256042 105.5156018063426 1.888487994670868 668.8028166145086 320.8586543910205 455.9853645339608 81.07362115383148 63.12889440357685 4.047290503978729 426.0450326502323 330.6864232197404 1.206000030040741 722.7083173468709 33.42821429669857 445.0994184464216 660.9636899903417 1270.745905175805 3.814955413341522 916.286024004221 4.261814683675766 258.0205437391996 2.32709601521492 259.8072407692671 25.23537459224463 456.0861398279667 147.8521017953753 411.8350529372692 113.6555591821671 3.514799892902374 4.264692902565002 0.869054451584816 0.2187459990382195 0 11.63650257140398 0 1.490720689296722 80.84051831066608 3.405260741710663 21.62148275226355 29.9339427575469 1.171680301427841 3.506314180791378 0.9333385899662971 10.03151265531778 0.4428520053625107 4.080897368490696 0 1.034398376941681 0.397649422287941 0.5720932483673096 1.21366086602211 1.983856588602066 0 195.913744725287 0 0.8428660482168198 5.176544576883316 150.2496028244495 7.320660762488842 17.80669002234936 0.2513489574193954 0 0 4.325227096676826 1.23684760928154 59.12259990721941 0.2260727286338806 23.98327508568764 2.52257426828146 16.63936547935009 0.3017144277691841 0 0
2.78673443198204 655.3211373984814 2.956693336367607 989.2287329062819 49.54011595994234 67.42143889516592 330.2700228095055 48.37893323600292 529.1324991136789 390.4559408053756 16.07767011970282 486.4631443321705 42.58616909384727 26.64598792791367 789.5457031279802 26.13213259726763 7.756112307310104 2.933819398283958 3.354312084615231 476.7957436293364 14.11420602351427 3019.010455831885 4.332786202430725 6106.967641718686 248.5903306975961 30.55143979936838 1708.518746703863 1437.305244505405 53.39548129588366 6.246339336037636 8.864515952765942 2.379019297659397 4.33397751301527 29.91146755963564 3.265026316046715 267.8770090043545 12.69610147178173 101.1041358485818 39.08392653614283 659.7667568325996 8.85630963742733 2.090396530926228 1.548753544688225 4.271963343024254 7.725449815392494 3.149486221373081 86.7286964058876 0.1622268557548523 4.949280418455601 119.21028508991 7.02650224417448 181.912051871419 183.6406291052699 3.4897081553936 55.26958277821541 1.382748827338219 31.72712635248899 15.18290750682354 86.9945714622736 1.608332380652428 0.9047330915927887 6.633297190070152 32.6919092386961 16.44206784665585 45.08910572528839 8.021946467459202 1242.4230145365 0.385916031897068 15.17631112039089 42.0785042271018 432.4518282935023 34.36628277599812 83.96034193783998 0.8281229361891747 1.203860752284527 2.537157498300076 7.72362969070673 1.435505926609039 74.35732950270176 1.919090762734413 38.30147752910852 8.70628284662962 90.12739756703377 3.673939689993858 0 0.5047611594200134
45.357914686203 0.4931821823120117 55.61812709271908 2330.836937904358 2.915401205420494 8378.651530914009 9268.494133703411 2430.428375989199 390.4559408053756 35557.61822468787 107.6978972703218 7614.136663489044 16.34095624089241 1351.271123386919 32.82268752157688 1.262038506567478 45.85045428574085 23.51529912650585 21.761256121099 4742.44777277112 27.43735335022211 0.521558552980423 40.29268434643745 855.0691007897258 3.733070850372314 63.57470329105854 15.68398173898458 6893.021974317729 1482.432379379869 29.12674064189196 2.099917158484459 135.6208118796349 14.01901510357857 520.7115271687508 37.37831858545542 1863.004471823573 30.71534112095833 1566.882547706366 431.5383202731609 384.9026928767562 108.4032670333982 2.963777810335159 44.50890606641769 0 0 0.6049645692110062 155.7199388891459 0 5.498227342963219 115.3967848494649 3.188309133052826 104.3915304914117 315.6753642186522 2.279281370341778 89.23507415503263 1.557355642318726 12.20460458099842 4.132486417889595 2.35016755014658 0 0.5154174715280533 1.536199301481247 50.50358687341213 1.225312307476997 0 0.5455115735530853 799.2886964455247 0 0.4441204443573952 4.638388313353062 579.391357049346 2.779996395111084 4.374842457473278 0.08434624224901199 0.6909516155719757 0 4.371138840913773 0.4973550140857697 464.035964332521 0.1415543258190155 19.50596949458122 3.614297486841679 149.83198595047 2.944446980953217 0.2940800487995148 0.202566847205162
32.26654282957315 183.7353982403874 75.08361699432135 1.11296085268259 29.23978842794895 59.65232925862074 47.66907908767462 215.8979023620486 16.07767011970282 107.6978972703218 7507.157254368067 79.79060523211956 2603.771552868187 289.5568145886064 5.692684635519981 2.201259598135948 433.6402492374182 2883.61349478364 1044.861261889338 8.430443093180656 39.96500739455223 54.35011847317219 48.66011113673449 27.36540798842907 728.522377550602 2291.465407811105 1245.151334486902 36.22601135075092 1585.579260714352 66.60401037335396 465.1802835464478 667.2647660821676 49.50200375169516 9077.25687045604 2.95476832985878 550.4674653187394 4392.84547252208 7286.689167052507 813.8082288578153 51.42578608542681 136.8971080332994 836.2072535157204 4.763879612088203 0 10.28662079572678 0.2556167840957642 0.1220457628369331 0 0.2762540504336357 2.403454676270485 0.5955644175410271 0.3368833810091019 0.4131538271903992 238.633346028626 0.2545956522226334 745.1439868733287 0.217104084789753 0 1.659759521484375 3.849316500127316 13.73963467776775 9.280928954482079 0 0.5663654208183289 1.519250832498074 0 6.343983590602875 94.13788589090109 76.69601453840733 129.9094635024667 4.321414217352867 1.324395358562469 1.34090131521225 88.84349450469017 0.1976896822452545 0 22.15259458124638 2.945308208465576 14.48967702686787 370.0263215601444 17.04678227007389 1.103929072618484 0.4582536965608597 0 161.584576010704 0
1.780869692564011 4.370424799621105 0.2423384487628937 2686.139336913824 104.7190224602818 5983.162511534989 29.83283417671919 980.603718586266 486.4631443321705 7614.136663489044 79.79060523211956 8405.87041054666 19.32821705192327 609.5055469945073 1485.517496585846 0 1.733021311461926 9.192797183990479 7.207110270857811 7247.290314763784 0.6110992953181267 19.20947190374136 1.489098936319351 390.8461498245597 1.748947344720364 11.18505404144526 23.50048520416021 1234.601359434426 475.1442967504263 1.821132622659206 1.264258727431297 241.7539313137531 0.1479272991418839 207.357314452529 4.781027123332024 994.0087407827377 11.7236275523901 727.2850591242313 156.4347195774317 2857.415678963065 88.94479969143867 3.478905066847801 8.985861241817474 0 0.1797272711992264 0 35.31204891204834 0 0 7.988092824816704 0.3818995952606201 15.14028964936733 55.50744952261448 0 214.8785520642996 0.3125638663768768 1.22230176627636 2.869594603776932 1.218062072992325 0 0 0 30.1579914689064 0.1206635311245918 1.104303047060966 0 75.65311449021101 0 0.1223875880241394 0.7180389538407326 50.95461388677359 0.2147687822580338 0.6556044220924377 0 0.112505666911602 0 0 0 152.5306658968329 0 0.6215195208787918 0.4303074181079865 62.52557691931725 0 0.9896036982536316 0
0.9400288462638855 630.311706058681 7.753620460629463 0 1.816310986876488 18.62917722761631 6.996220864355564 32.11837394535542 42.58616909384727 16.34095624089241 2603.771552868187 19.32821705192327 4096.547124020755 25.65311259776354 4.1944245621562 1.053695760667324 6.235679984092712 53.86834333091974 10.21567782014608 1.645059250295162 8.780953370034695 149.6986617520452 11.64221739768982 43.27076058089733 5118.130611412227 542.0505212172866 5578.188048787415 9.019120782613754 82.79608907550573 3.385981567203999 1216.224433325231 50.3524157255888 0.3865838944911957 1121.138525538146 44.14140391349792 1029.622569233179 6328.530097417533 5674.500208809972 737.8715788200498 52.57941475510597 219.1194860935211 1250.798783130944 9.943608596920967 0 24.4139056801796 0.3325015902519226 0 0 0 0.7552585452795029 0.7005164325237274 1.970791235566139 0.3342171907424927 851.4188106954098 0 2901.030912175775 0.2894829213619232 0.1005088835954666 0.1184569969773293 0.9522670134902 39.44187918305397 8.468130514025688 0 0.08499355614185333 2.675315231084824 0.1481004506349564 1.210146337747574 532.731510810554 295.8462078869343 535.6576514914632 0.8820643275976181 0.468202032148838 0.3772137984633446 578.030808031559 0.2356428056955338 0 57.40645925700665 21.32811237871647 65.19320488721132 846.57721324265 74.51196563988924 16.31965237855911 0.8423340320587158 0 213.6380027830601 6.843412756919861
6125.474321864545 1.487992905080318 110.2027049288154 19.03165906667709 7.84771965444088 702.7779684960842 7621.560514166951 8869.041270256042 26.64598792791367 1351.271123386919 289.5568145886064 609.5055469945073 25.65311259776354 13658.22463390976 37.95713955909014 3.716620795428753 829.7501098662615 333.8492051251233 547.9001218229532 74.96502541005611 98.69285229593515 12.02019835263491 564.9620440676808 265.2784813567996 1.74351741373539 764.4265651479363 50.82056045532227 622.8524284511805 6134.938855178654 2996.423854827881 7.733114212751389 1007.420215323567 14.67601571977139 481.1369573175907 4.298059098422527 333.3674099892378 37.9089095517993 700.6503608599305 129.6160361245275 183.0902419090271 101.9519022256136 5.510969519615173 5.170963250100613 1.23068456351757 0.7134788036346436 0.6775920391082764 4.116643272340298 0 1.015800610184669 32.57668741047382 1.025070585310459 10.21767733246088 8.038078859448433 0.277890533208847 3.273565895855427 0.0785662829875946 5.518889494240284 0 11.355154260993 0 0 0.4505500346422195 0.195248544216156 8.883867971599102 2.162733972072601 1.859707616269588 73.93198570609093 0 1.076892279088497 4.976823881268501 54.03108444064856 7.128411382436752 13.72481901198626 0.2870297580957413 0 0 3.632954396307468 0 36.95193178206682 0.366121307015419 9.094839885830879 2.95823535323143 8.094991408288479 0.5516391396522522 3.491056859493256 0.6273663640022278
0 16.94709481298923 0.1400363743305206 24.08008821308613 858.5223703682423 698.7326122000813 23.84350929409266 105.5156018063426 789.5457031279802 32.82268752157688 5.692684635519981 1485.517496585846 4.1944245621562 37.95713955909014 333.3998807668686 0.7043164223432541 0.11675925552845 1.520218759775162 0.7009295299649239 92.83468541502953 0.1205420792102814 149.4838265255094 0.1401960551738739 972.2999235987663 8.487821489572525 1.625946626067162 111.0374535620213 106.6937445476651 23.90229406952858 0 0.6385641694068909 510.4878928288817 0.1197739169001579 16.23426374793053 0.3805750608444214 26.66615056991577 1.166031256318092 41.40421009063721 7.58570209145546 1080.693838581443 106.675993129611 0 0.3951569497585297 0 0.9900021851062775 0 0 0 0 1.175634019076824 0.1746425330638885 2.081353724002838 0 0 2.18976528942585 0 0.8878512680530548 0 7.135945290327072 0 0 0.4712876826524734 0 1.268639229238033 6.738783404231071 0.5919130444526672 7.036501497030258 0 0.9388270676136017 1.365070685744286 2.735036328434944 0.6942091435194016 0.7842029929161072 0 0 0 0 0 2.446497961878777 0 0.2470908612012863 0.2389313131570816 0.8683003932237625 0 0 0
0.2919079884886742 27.81349456310272 3.846852786839008 0.107412151992321 0.1571385413408279 0 80.83585049211979 1.888487994670868 26.13213259726763 1.262038506567478 2.201259598135948 0 1.053695760667324 3.716620795428753 0.7043164223432541 1049.279200613499 19.49437785893679 2.310133695602417 7.846198841929436 0 2408.854685664177 3686.865183115005 5019.139968134463 2545.922578319907 2.661085300147533 5.885588794946671 3660.592344537377 3383.892750285566 21.48277363926172 82.86284560710192 0.6407763510942459 0.08400576561689377 10.71856239438057 58.67217443883419 54.20749141275883 1779.889077946544 281.743135176599 523.6972742602229 600.4649378731847 63.0539428293705 1.221130982041359 7.735733315348625 8.556219406425953 9.125448271632195 4.445524007081985 64.30991588532925 0.5031485483050346 0 0.08194074034690857 21.54186726361513 5.151552088558674 4.22182834148407 0.809991255402565 0.4914494007825851 0 23.7467428445816 22.96598664671183 0.4889181330800056 3680.030508846045 3.572296321392059 0 2.465490505099297 0.1896287947893143 192.2235476374626 804.0401415079832 1373.492386363447 204.3867028802633 0.1088375449180603 6.836093969643116 710.8646132051945 122.9885959774256 52.32340985536575 62.11588173359632 0 0.6690656021237373 4.807774484157562 19.27838349342346 3.79416386783123 223.5456362366676 5.654239192605019 42.6199059933424 12.00474489480257 10.3298401683569 1.866072356700897 18.96670615673065 3.95399072766304
167.6186729595065 49.47520922869444 7163.023846462369 0.6935235187411308 0 16.37310725450516 1194.692221567035 668.8028166145086 7.756112307310104 45.85045428574085 433.6402492374182 1.733021311461926 6.235679984092712 829.7501098662615 0.11675925552845 19.49437785893679 1648.737633049488 434.9572509936988 2607.337984867394 0.4915339276194572 692.8329150378704 13.07658371329308 4026.719903305173 24.41141174733639 3.11940311640501 2491.738840326667 6552.643616765738 139.643271766603 593.7601431012154 1804.870539911091 4.552899561822414 6.75182294100523 67.81071095168591 1631.480129130185 4.456720009446144 568.9736456125975 3188.896280661225 1757.211170144379 484.1337819546461 20.69442660361528 3.429165557026863 6.435660324990749 2.515242785215378 0.5563106834888458 83.89954462647438 25.561159953475 0.1011283844709396 0 0.1879726499319077 3.52844013273716 0.4418459385633469 0.3352061882615089 0 1.502347491681576 0.11570193618536 3.239419229328632 1.210509464144707 0 6.307030498981476 111.3028638288379 7.620861120522022 240.558038443327 0 0.9200743436813354 6.289992704987526 4.068770788609982 5.346241496503353 1.688766442239285 265.5127339437604 734.1922106817365 2.638019487261772 1.019998364150524 5.074234820902348 2.487739130854607 0 0 10.97222254425287 3.647819608449936 89.20711318403482 58.03745504468679 100.2766979411244 16.80162596702576 3.129442915320396 0 0.808131217956543 0
69.38573837280273 20.08950248360634 234.2458884492517 0.379259780049324 0.9564301073551178 14.8855849802494 106.1781277060509 320.8586543910205 2.933819398283958 23.51529912650585 2883.61349478364 9.192797183990479 53.86834333091974 333.8492051251233 1.520218759775162 2.310133695602417 434.9572509936988 193.3002777844667 1703.942497603595 0.7608953192830086 26.77018152177334 5.225499607622623 84.23418247699738 6.791213788092136 30.41918521374464 2974.706592474133 1279.897689409554 16.43982391059399 439.5898796692491 157.9085194393992 109.2857181951404 41.62056174129248 40.91514608263969 1299.458417512476 3.144566379487514 836.0791487544775 1542.527610443532 2017.173817485571 474.014875523746 12.11988814175129 3.539350159466267 39.70335179567337 2.547848723828793 0.08492188155651093 10.03744149953127 0.6986534893512726 0 0 0 1.616390757262707 0.5060467123985291 0.3708531334996223 0 37.78092837333679 0 93.77122367918491 0 0 0.401318185031414 3.53630830347538 42.822489798069 32.42770364880562 0 0 1.638952143490314 0.08146578818559647 1.009555421769619 17.01373112946749 217.7898158058524 279.8136359900236 0.7259650677442551 0 0.8719391524791718 86.71475062519312 0.1721956580877304 0 3.276306450366974 3.123083367943764 15.1507428959012 38.81451245397329 9.645923443138599 1.917205385863781 0.2121611163020134 0 0 0
120.674695931375 39.80706588178873 547.2936563938856 0.1937430128455162 0.9921195209026337 10.59987840801477 225.5320987254381 455.9853645339608 3.354312084615231 21.761256121099 1044.861261889338 7.207110270857811 10.21567782014608 547.9001218229532 0.7009295299649239 7.846198841929436 2607.337984867394 1703.942497603595 595.1430160552263 1.349785290658474 102.4388106763363 6.582019463181496 323.9210082516074 10.30945917218924 5.314904868602753 3253.960128381848 2170.311639048159 42.20091634988785 581.8175600469112 614.6728707030416 22.05161073058844 30.59873227030039 55.86112590879202 3007.011887900531 5.398715794086456 636.8865811303258 1236.572216123343 1938.867226369679 311.5235895812511 11.3994766920805 2.565736778080463 4.875357747077942 1.420123428106308 0.6045909896492958 54.75306522846222 6.42366898804903 0 0 0 3.860508508980274 0.2513088881969452 0.218164473772049 0.4592419415712357 7.861831210553646 0 11.29610189795494 1.373638525605202 0 1.425074331462383 18.19557732343674 56.89997160434723 232.3508949652314 0 0.6310572177171707 2.15877728164196 1.850262634456158 2.66220036894083 6.274296253919601 654.0659533888102 686.6043426021934 1.409245148301125 0.6486003398895264 4.773564301431179 8.480365291237831 0 0 15.11427558213472 2.904958784580231 46.1907507032156 46.09026608616114 63.17036092281342 8.829664573073387 0.8249875158071518 0 0 0
0.9476302340626717 0 0.633592925965786 2938.236904852092 5.462201185524464 275.4933351799846 6.892501443624496 81.07362115383148 476.7957436293364 4742.44777277112 8.430443093180656 7247.290314763784 1.645059250295162 74.96502541005611 92.83468541502953 0 0.4915339276194572 0.7608953192830086 1.349785290658474 406.3587460815907 0.3717875182628632 0.240077793598175 0.3133136332035065 181.076131939888 0.1635181456804276 1.784746870398521 1.107160776853561 2004.29292088002 92.10323246568441 0.1093352362513542 0.146533876657486 16.24599225819111 0.6734021604061127 29.25338222831488 1.379323601722717 352.1392804533243 1.80850987136364 104.9963985458016 23.53953243046999 568.0273390114307 11.28965139389038 0.1843991428613663 2.639151453971863 0 0 0 25.67570195347071 1.127593636512756 3.774704843759537 16.15877052396536 0.5650134384632111 35.5000931173563 65.96826285868883 0 38.96775947511196 0 1.698824189603329 1.299488365650177 0 0 0 0 16.70486950129271 0.6896472945809364 0.4324569329619408 0 135.2100965157151 0 0 0.2497609034180641 84.14259044080973 0.1914932057261467 2.156522333621979 0 0 0 0.565307080745697 0.1666627824306488 118.7840493023396 0 1.572123467922211 0 36.11175476014614 0 0.49153071641922 0
14.07342164218426 2.66613233089447 465.1875154525042 1.20585960149765 0 3.406114839017391 2758.435563012958 63.12889440357685 14.11420602351427 27.43735335022211 39.96500739455223 0.6110992953181267 8.780953370034695 98.69285229593515 0.1205420792102814 2408.854685664177 692.8329150378704 26.77018152177334 102.4388106763363 0.3717875182628632 10956.74579703808 165.2936949953437 12947.56829869002 279.4239061698318 1.046948969364166 130.830546528101 433.307389959693 3061.575517468154 208.28017642349 8958.201299995184 0.9314055666327477 2.657324120402336 66.91135877370834 3180.634250253439 209.898526802659 6198.833551079035 729.7156930565834 6488.871132418513 3462.754007421434 163.7582083493471 12.31270836293697 8.769953399896622 40.33279495686293 10.52341762185097 0.0986756756901741 6.138855278491974 0.4911924749612808 0.2268051505088806 0.7044087275862694 23.17721846699715 4.416195929050446 2.48939448595047 2.476322419941425 2.105674289166927 0.7312678694725037 10.72020936012268 28.11114003509283 0.8316699638962746 637.002969764173 1.22268046438694 0.4440105855464935 0.5372210890054703 0 127.2416689991951 82.06890822947025 108.3192539140582 133.9520314484835 0 0.9888781309127808 21.75224587321281 62.8885854780674 52.2064161002636 67.47084023058414 0 0.2092510685324669 5.029150754213333 14.13773108273745 8.117772921919823 195.6167377531528 1.067146465182304 30.31499929726124 9.213423900306225 12.48296817392111 3.341827243566513 13.52250981330872 1.093698099255562
2.085777685046196 2794.009193740785 12.06430232524872 1.44143407791853 6.941574081778526 0.1603338122367859 25.55969470739365 4.047290503978729 3019.010455831885 0.521558552980423 54.35011847317219 19.20947190374136 149.6986617520452 12.02019835263491 149.4838265255094 3686.865183115005 13.07658371329308 5.225499607622623 6.582019463181496 0.240077793598175 165.2936949953437 1478.155682474375 442.1203310862184 6891.299375511706 1135.631160795689 70.62342491000891 6409.95605660975 527.4215611293912 59.67930618673563 44.17977505922318 19.6425424516201 0 12.06863910704851 27.3582112416625 0 279.2652852460742 34.60794345289469 102.9328508526087 40.37051121890545 279.049228489399 5.044615492224693 13.4430281072855 0.3865319788455963 5.07915086299181 25.75381740182638 51.710140645504 0.5232608839869499 0 0.09419797360897064 11.94309135526419 2.793821655213833 12.04072254896164 0.8299184143543243 2.998797565698624 14.48486809432507 5.087056212127209 13.30502137541771 2.139507412910461 1989.342696130276 49.2337564677 2.663451604545116 30.64266092330217 0 106.0181846171618 85.1956133171916 456.0950735062361 199.4429159611464 1.122947499155998 56.71274816989899 1648.183830462396 73.89286229759455 27.56349947303534 44.08983737975359 2.79266706854105 0 4.19927055388689 8.975519955158234 1.404793873429298 81.05410384386778 12.35569417476654 41.39362029731274 10.51994195580482 9.949972480535507 0.5414860844612122 1.679446816444397 0.7243447303771973
125.2443061843514 2.674537375569344 5537.829034619033 0.7843666896224022 0 10.11684383451939 2176.529118850827 426.0450326502323 4.332786202430725 40.29268434643745 48.66011113673449 1.489098936319351 11.64221739768982 564.9620440676808 0.1401960551738739 5019.139968134463 4026.719903305173 84.23418247699738 323.9210082516074 0.3133136332035065 12947.56829869002 442.1203310862184 17302.20025226474 402.7441029623151 1.909262448549271 1287.642594404519 8515.454014375806 4655.32641813159 548.3553498461843 6628.933955743909 2.630325771868229 6.317919477820396 87.51112695038319 3572.360134296119 288.577520146966 10846.44859739393 7874.768137969077 9638.290397897363 6324.645116508007 442.2155329436064 24.5951112806797 11.26809868216515 74.56439638137817 2.444393664598465 12.05859809368849 299.5256904140115 0.1311919093132019 0 0.2693087458610535 13.07782280445099 0.2354512810707092 2.767529882490635 1.570335954427719 0.3068993985652924 1.159905046224594 5.447330474853516 9.507250055670738 0.3546864837408066 2246.841533750296 35.65513332933187 0.4327092170715332 9.818248428404331 0 52.05540335923433 407.7615235969424 1023.584895081818 85.5090194195509 0.1055066287517548 31.44437418878078 2427.266098618507 67.79384246468544 11.14118695259094 22.20431114733219 0 0.1253983676433563 0.4553909227252007 18.62625336647034 32.28767403960228 264.594056405127 9.074707947671413 34.81346939504147 12.53181645274162 7.939384832978249 0 13.04187995195389 0.4918533265590668
34.04756198823452 886.5986709445715 27.77190973609686 800.0752510800958 30.76333452761173 168.0083663389087 1379.09304330498 330.6864232197404 6106.967641718686 855.0691007897258 27.36540798842907 390.8461498245597 43.27076058089733 265.2784813567996 972.2999235987663 2545.922578319907 24.41141174733639 6.791213788092136 10.30945917218924 181.076131939888 279.4239061698318 6891.299375511706 402.7441029623151 10110.82682470977 235.6158994585276 38.7962579652667 4772.842344231904 6419.893559455872 800.6856295615435 171.0750578865409 10.64954320341349 15.44499280303717 148.4466783031821 275.1839382722974 51.78967843949795 2487.691910348833 82.65229511260986 869.255967348814 461.8083503097296 1103.162869885564 25.53113678842783 4.465865053236485 16.71370782703161 23.21768581867218 7.557522810995579 10.32617431133986 241.9049516171217 0.3508020862936974 16.52899724990129 563.5392688065767 37.55271732807159 460.9271888881922 514.1511575952172 9.935222283005714 140.7476266473532 3.519400157034397 131.0429826378822 13.8780417367816 447.3870960921049 4.53892458230257 4.617133989930153 9.848615430295467 52.31105028837919 102.7604164630175 225.7730505019426 77.45093902945518 2376.641848407686 0.841046042740345 21.49370367825031 100.9296659231186 1413.749658957124 134.6549741253257 267.0715785846114 1.30041765421629 8.224119529128075 10.9486725255847 56.71811385452747 8.931248962879181 732.4681786820292 2.779514104127884 244.513826854527 35.48412715643644 226.2578800693154 10.4823924601078 7.482178211212158 3.295926995575428
0.1155139356851578 1595.263792082667 0.7756680101156235 0 0.1338917315006256 0.3897080197930336 0.3223523572087288 1.206000030040741 248.5903306975961 3.733070850372314 728.522377550602 1.748947344720364 5118.130611412227 1.74351741373539 8.487821489572525 2.661085300147533 3.11940311640501 30.41918521374464 5.314904868602753 0.1635181456804276 1.046948969364166 1135.631160795689 1.909262448549271 235.6158994585276 737.0205089822412 605.7333369106054 3956.882803097367 8.970189481973648 7.368948839604855 0.5535468757152557 325.2841554433107 3.188865922391415 0.1216116920113564 166.5654542073607 17.09846296906471 303.6857063993812 744.3491671383381 1120.443694256246 144.647299028933 25.84843966364861 132.6348883509636 477.7431201189756 5.045122504234314 0.1120177656412125 19.75659744441509 0.6081967130303383 0 0 0 0.3942154571413994 0 0.5059139579534531 0 227.5506785959005 1.016707666218281 868.7225483581424 0.3747370019555092 0 0.1386988610029221 0.3692526295781136 29.01762526482344 5.72824577242136 0 0 1.973336115479469 0 1.118843719363213 176.5194513946772 223.750196672976 625.5642241761088 0.2215060964226723 0.1342155486345291 0.1103026419878006 158.6223881319165 0.704851359128952 0 26.76051139831543 1.871534675359726 36.12238837778568 69.74999766796827 22.79816430062056 2.678359597921371 6.435442328453064 0 50.5004446208477 2.343233823776245
131.725512817502 371.289068646729 8499.5832214728 0.2442930117249489 1.021089389920235 22.66514644026756 956.9237792566419 722.7083173468709 30.55143979936838 63.57470329105854 2291.465407811105 11.18505404144526 542.0505212172866 764.4265651479363 1.625946626067162 5.885588794946671 2491.738840326667 2974.706592474133 3253.960128381848 1.784746870398521 130.830546528101 70.62342491000891 1287.642594404519 38.7962579652667 605.7333369106054 33113.10181786865 10902.81091298908 74.5534591153264 315.6808313578367 579.6224069073796 1055.451610766351 37.64863132685423 13.90421844273806 1037.410408914089 7.646852865815163 2458.389349006116 4216.013902515173 3634.880312860012 638.3925832957029 47.80419579148293 8.205883830785751 160.8689695671201 9.48623089492321 0.2509882375597954 294.7075148895383 13.25048174709082 0 0 0.8248687759041786 10.33605662733316 1.373219981789589 3.498177848756313 1.47771693021059 207.8314323946834 0.8273404315114021 606.1465694904327 4.631573580205441 0.4016861915588379 4.067502811551094 98.92665158957243 348.2767182439566 712.3585573658347 0.1031243801116943 3.190648972988129 9.467617399990559 7.259443983435631 4.088421359658241 220.5442997217178 2126.071159020066 3396.157323777676 4.870549619197845 2.165746994316578 12.59613836556673 456.625400647521 0.646452434360981 0 28.77910746634007 10.94100180268288 175.3768235296011 278.9207547307014 189.4971176832914 26.56149772554636 2.212398387491703 1.200943231582642 0.9119961336255074 0.3274241089820862
8.244617901742458 9715.332494370639 5128.736351601779 2.084821835160255 4.368405267596245 4.250285387039185 800.4309096634388 33.42821429669857 1708.518746703863 15.68398173898458 1245.151334486902 23.50048520416021 5578.188048787415 50.82056045532227 111.0374535620213 3660.592344537377 6552.643616765738 1279.897689409554 2170.311639048159 1.107160776853561 433.307389959693 6409.95605660975 8515.454014375806 4772.842344231904 3956.882803097367 10902.81091298908 30182.56183850765 4128.303732566535 134.9744083285332 138.1565157175064 2881.161038145423 8.335163652896881 38.50918714702129 1308.068593166769 85.00955817103386 7221.338886499405 3558.61285482347 7217.390057303011 1812.6719231233 383.3059647530317 17.75623705238104 81.14854618161917 34.45952561497688 3.658902212977409 2234.385422080755 984.2152760475874 1.086755588650703 0 0.4420975148677826 54.38499752432108 6.719457402825356 14.62523589283228 4.593683511018753 283.5098683461547 7.054849095642567 802.0547845214605 22.63966292887926 1.037014052271843 794.1793904751539 1026.328029543161 395.7954805195332 1522.816131547093 0 29.47514422982931 985.2984144389629 574.7635880932212 155.6854616701603 531.3911124169827 4329.441627368331 17295.73690000176 78.34786927700043 23.67143242061138 60.76798310875893 529.6361683756113 0.4534120485186577 2.726175993680954 146.2021378055215 41.93025721609592 788.5523013025522 504.0029798075557 834.4613315239549 161.1291603296995 22.07848023623228 1.995711654424667 4.965258441865444 3.300768345594406
94.15928132086992 29.30145997554064 280.0963736101985 1126.265728801489 5.005754128098488 520.6089880615473 17544.87506700307 445.0994184464216 1437.305244505405 6893.021974317729 36.22601135075092 1234.601359434426 9.019120782613754 622.8524284511805 106.6937445476651 3383.892750285566 139.643271766603 16.43982391059399 42.20091634988785 2004.29292088002 3061.575517468154 527.4215611293912 4655.32641813159 6419.893559455872 8.970189481973648 74.5534591153264 4128.303732566535 18567.83682270348 2331.970994085073 11772.25771073252 0.8521159067749977 21.6954253911972 576.1219964548945 1042.906831182539 144.5353735089302 5003.133600868285 129.3857077509165 2811.610272675753 1420.588675118983 428.5196086168289 43.6421871483326 6.778947412967682 28.98728239536285 25.02199745923281 2.236042678356171 11.79554063826799 217.9420544505119 0.6456850320100784 15.60171301662922 687.487781278789 48.97479473054409 345.6858705878258 519.6112786307931 10.12247281521559 130.7832996025681 10.53830774128437 171.8925576731563 13.27065698802471 362.2572230473161 1.700023986399174 0.9964785352349281 3.588425740599632 60.25438106805086 90.99633261561394 85.06706743687391 62.62880978733301 2385.26457478106 0 6.159629762172699 80.5080459266901 1612.390477791429 143.0266240015626 314.3894289061427 0.3087784871459007 6.614770799875259 7.929456613957882 71.33730770647526 12.2912427559495 960.7571813315153 4.292823232710361 269.4811858311296 37.70971366763115 250.4177800789475 18.87556503713131 8.15713894367218 9.196125507354736
3258.359558217227 4.942183628678322 36.16484814882278 33.46848021447659 1.682255044579506 281.8281106799841 1957.045534282923 660.9636899903417 53.39548129588366 1482.432379379869 1585.579260714352 475.1442967504263 82.79608907550573 6134.938855178654 23.90229406952858 21.48277363926172 593.7601431012154 439.5898796692491 581.8175600469112 92.10323246568441 208.28017642349 59.67930618673563 548.3553498461843 800.6856295615435 7.368948839604855 315.6808313578367 134.9744083285332 2331.970994085073 19788.62111897767 6097.708549454808 17.53360865265131 162.7241632118821 2632.981097243726 3210.396853812039 15.10186018049717 902.8173161819577 83.22180511802435 2760.721196867526 509.6111289933324 191.3952177688479 198.9576785713434 4.996370151638985 8.806023254990578 2.005935773253441 0.09857728332281113 1.305882811546326 3.129954144358635 0 0.2150134220719337 46.45315929502249 2.389901876449585 10.73565796017647 7.538436472415924 0.9847738519310951 2.121955439448357 0.2992260232567787 11.24659715592861 0.7046426236629486 60.55610658973455 0.107069805264473 0.221978172659874 0.7883413434028625 0.774949923157692 24.75563313812017 17.60141076147556 11.52580776810646 120.1157922446728 0.141466960310936 1.375715278089046 6.63228614628315 90.06967758387327 17.49772369861603 31.5381076708436 0.4099623709917068 0 1.546311818063259 4.496516823768616 0.327781617641449 89.49768798053265 0.4132624417543411 21.36893163621426 2.834767028689384 10.78788225352764 0.4796879887580872 0.3763920664787292 0
