1193.595485515893 4.152856819331646 74.02503087371588 1.701245591044426 0 17.89356156438589 2557.458775758743 1075.024073779583 8.713958442211151 46.24703767895699 64.42411485314369 1.488811105489731 1.552510201931 4430.682935476303 0 0.4908087998628616 316.3248498216271 29.3874448761344 121.0737768113613 2.267630942165852 112.9225524514914 0.7045424282550812 206.0855369269848 94.14526153355837 0.1287256926298141 95.65932144969702 60.47776328772306 82.54292846471071 4600.808019727468 3003.001685895026 0.5547434911131859 0.3058490455150604 48.4273976162076 169.4758398607373 0.1744258999824524 77.00949008017778 36.94256028532982 135.7839234173298 33.81849852204323 0.4280789345502853 0.5638341158628464 0 0 0.5713779926300049 0.2576458156108856 2.215114206075668 0.2730539217591286 0 0 0.2335678339004517 0 4.857168793678284 0.1336759924888611 0.1506904363632202 0 0 0 0 6.49372810125351 0.1367910206317902 0.1698172688484192 1.188352353870869 0.1782054454088211 3.507674023509026 1.81623774766922 0.3199899792671204 29.11036471277475 0 5.043631859123707 15.08359561860561 14.52061147987843 4.271728917956352 0.5852743312716484 0.166750580072403 0 0.8408761024475098 0.5203747153282166 0 7.64630039781332 0 1.818493708968163 0 0 0 0 0
4.152856819331646 267.9636145085096 433.0939969941974 0 0 0.4365426003932953 15.00116316974163 4.952261097729206 948.6548204943538 1.641280680894852 91.52331490069628 19.42758134752512 1157.915220096707 9.953435674309731 0 171.6524214148521 299.3780378475785 19.03930801898241 173.0882671177387 0.1132861226797104 13.23119942098856 2899.895140402019 57.19245737791061 1404.607381239533 3778.35520798713 867.5870286673307 12333.11472707242 28.93382868170738 9.932633653283119 9.64241973310709 55.21734979003668 0 1.185342341661453 131.071203738451 6.61981114000082 390.4287577196956 214.3861562013626 382.8273671120405 60.42063161730766 32.90063159167767 0 12.38062724471092 1.90006385743618 0 37.43035891652107 124.4979620426893 0 0 0 0.1341064721345901 0.364855021238327 2.036022126674652 0 12.9821982383728 0 76.57747994363308 0.3637378960847855 0 11.10950370132923 43.18244277685881 2.456833109259605 25.70604990422726 0 0.7893505319952965 22.74740022420883 5.441984832286835 18.91601835936308 25.55064071714878 349.2169988304377 2292.598609082401 2.056501910090446 0.1886645555496216 0.109402559697628 4.721835136413574 0 0 12.17548971623182 0.8450102210044861 37.40553709119558 30.96691256761551 24.15209125727415 8.598421901464462 0.4622994139790535 0 1.333023265004158 0
74.02503087371588 433.0939969941974 5344.647850818932 3.861507214605808 0 26.04738485068083 2399.123935699463 174.5395061522722 4.238672234117985 82.12916565686464 27.33844715356827 0.7868725582957268 3.804755546152592 422.3559048697352 0 30.37493849545717 2975.63644515723 123.4950115010142 466.4235205426812 1.2176378890872 495.9119835719466 40.76731291413307 14924.68158001453 242.0650896281004 1.012713715434074 13980.7049312368 8629.378606632352 911.1558480113745 38.05825961381197 475.8582624793053 2.919267706573009 0.3206276297569275 2.459025159478188 643.0898146033287 39.31599627435207 1771.403794750571 249.4596209228039 1227.151809737086 341.9732621461153 94.67412079125643 0.8115259334445 2.987272396683693 13.49359047412872 0.7206956818699837 221.9885444939137 1643.809214308858 0 0 0.185982808470726 3.820738010108471 0.5755866914987564 1.071018040180206 0 2.766166441142559 0 1.480546787381172 1.273763470351696 0.2124140858650208 46.06774893403053 404.9511826559901 4.267920821905136 109.1239471435547 0.2214469760656357 3.19824580848217 61.36155323684216 61.37709806114435 25.61545042693615 0.1713614165782928 517.1669008284807 4003.270797647536 6.426201723515987 2.072303116321564 3.290393136441708 0.296763002872467 0 0.1276835948228836 55.11572474986315 2.810409143567085 319.0820675864816 55.57445582747459 204.151133812964 84.45640069246292 1.194609433412552 0 0.5209253579378128 1.0707106590271
1.701245591044426 0 3.861507214605808 3424.734044641256 0.384918600320816 40.40691511332989 395.7758575826883 29.87821546196938 782.5578569024801 1465.809991158545 2.577109605073929 5727.617166206241 5.668110884726048 29.76428154110909 24.43389780074358 0.2120281904935837 1.265913724899292 1.248181715607643 1.775714956223965 2721.167364865541 0.3325205147266388 0.3381891846656799 3.413558632135391 1125.333938837051 0.8906207680702209 2.456431142985821 1.535409614443779 5688.854020886123 67.73807994276285 1.097149841487408 0.2002493888139725 0.5010674670338631 3.279542058706284 23.90693049877882 2.671466022729874 175.9046878889203 4.314258612692356 81.31802019476891 64.3766372948885 57.83460584282875 9.256361961364746 0 1.346496015787125 1.343639239668846 0 0 329.363637201488 0.09929882735013962 17.66147814691067 69.90131521224976 9.388017639517784 34.42896509170532 136.3565620183945 0.2038583531975746 105.9476210474968 0 7.212374582886696 0.1708818674087524 0.1670979708433151 0.432275801897049 0 0 103.2897871807218 1.153074935078621 0.3536504507064819 0.1648824214935303 389.2887747138739 0 0.1302631050348282 0.1491486728191376 285.94285620749 5.541486397385597 0.1141403540968895 0 0.1428161263465881 1.157985091209412 1.658881008625031 0 17.09545467048883 1.19088351726532 7.972103841602802 0.6620920300483704 89.81720571219921 0.8306267186999321 0.1393764168024063 0
0 0 0 0.384918600320816 0 166.6464621499181 0.6888093501329422 9.361601583659649 67.68386982381344 4.48203282058239 3.530152142047882 3.948982663452625 17.71077677607536 0 1106.212223276496 0 0 0.286124050617218 0 0.5482533499598503 0 0 0 2.849335134029388 0 1.121104910969734 0 2.905516617000103 0.178609736263752 0 0 0 0 22.99276213347912 0 42.03828387707472 1.454085201025009 49.85991613566875 11.96769136190414 1598.526306919754 141.1789123266935 0 0.4084248840808868 0 0 0 0 0 0 0 0 0 0 0 0 0 0 0 0 0 0 0 0 0 0 0 0.5306924134492874 0 0 0 0 0 0 0 0 0 0 0 0 0 0 0 0 0 0 0
17.89356156438589 0.4365426003932953 26.04738485068083 40.40691511332989 166.6464621499181 10964.93386323005 1866.882924102247 5348.694474726915 169.4917931333184 9325.829048477113 76.95145001262426 4703.468340411782 93.76104293018579 1401.300100259483 615.4456547871232 1.881385371088982 16.23925857245922 12.01316056400537 9.191559337079525 390.0587604567409 2.42891800403595 0.7269018590450287 17.11419897526503 274.6383733972907 0.1263522505760193 22.74062014371157 14.1811880171299 522.6035917103291 552.9176093414426 3.170825123786926 1.064601458609104 163.7647304683924 8.646483913064003 102.9368192628026 9.999818675220013 489.2921734377742 31.12235666811466 318.1484030634165 101.8820421695709 1009.52882847935 74.66834197938442 1.819400683045387 1.06966045498848 1.49508148431778 0.1237074881792068 0.3566913455724716 12.55207259207964 0 0.6471676453948021 17.59487848728895 0.4190980866551399 6.955298461019993 5.429235443472862 0 12.27590534836054 0.1707964092493057 1.216766774654388 0 1.66301654279232 0.381003201007843 0 0 4.396296553313732 0.6241298615932465 0.1946891397237778 0.4610329493880272 93.22060145437717 0 0.5037438720464706 1.298877544701099 30.8516004011035 2.475084617733955 1.194609224796295 0 0 0.1057719364762306 1.053330644965172 0 13.03233595192432 0 4.572886615991592 0.2333778589963913 2.839269921183586 1.105109050869942 0 0
2557.458775758743 15.00116316974163 2399.123935699463 395.7758575826883 0.6888093501329422 1866.882924102247 7229.169725477695 1592.142008475959 126.1130373701453 10747.9084976241 111.6022291556001 75.62103248387575 13.03970100730658 5812.436139412224 4.018886029720306 31.01412647217512 1254.359503157437 81.47450140863657 300.159643240273 69.71120215207338 581.9908734634519 8.43261194974184 2679.018823362887 2112.937406763434 1.300169736146927 992.1168851256371 426.7587702423334 24897.95741053671 884.9006860554218 7561.281924940646 0.8809735551476479 2.44595368206501 75.27113901823759 280.6556820422411 22.68277559429407 675.4346295893192 81.55105229467154 626.6052733138204 349.7960447520018 21.82932244986296 20.09241048246622 0.2710646986961365 6.724687427282333 6.192636638879776 3.704280413687229 23.63101480901241 25.80301672965288 0 1.927651539444923 71.4509200528264 3.312745913863182 53.72736343741417 9.947526969015598 0.7640503197908401 1.150054007768631 0 7.573508225381374 0 33.26273179799318 7.73360226303339 0.3104701712727547 7.648669727146626 6.947159387171268 14.91591458022594 10.77340386807919 13.24030064046383 609.3692997321486 0.3951770812273026 34.84165923297405 145.8685333952308 251.7736243084073 30.50283498317003 9.863825008273125 0 0 13.74702169001102 10.73197808861732 2.39124870300293 115.1763796210289 3.621036753058434 48.1886770427227 12.49437741935253 2.052344091236591 5.434991359710693 0.5786769986152649 1.043819785118103
1075.024073779583 4.952261097729206 174.5395061522722 29.87821546196938 9.361601583659649 5348.694474726915 1592.142008475959 10798.19163460284 93.54965765029192 2759.751937575638 207.9196823164821 803.525900401175 126.5695035606623 7753.090061731637 171.6249289810658 3.346846863627434 319.546577334404 48.11387369781733 167.9447874799371 163.9235695227981 75.95441769063473 2.717137478291988 235.6168103218079 1038.073600113392 2.765601687133312 162.0649670287967 97.02336553484201 417.1361592411995 1063.074486985803 842.1890758499503 2.109260812401772 27.63041322678328 51.22361559420824 372.5895858108997 16.7451060116291 774.7713207602501 125.3676091581583 656.3744955137372 194.5142594128847 631.9371927529573 66.68302218616009 0.6465771645307541 7.116419404745102 2.091252863407135 0.3738872110843658 2.635815739631653 22.79023736715317 0 0.8906729593873024 73.60388825833797 1.568350255489349 36.28689141571522 14.49070682376623 0.09228802472352982 3.723922476172447 0.157670646905899 4.632290467619896 0 18.66567844897509 0.3959304690361023 0.9844978898763657 4.036356285214424 4.832152992486954 10.03458985686302 3.028530761599541 0.7153549119830132 382.390499830246 0.3005850911140442 7.432988420128822 18.71594360470772 158.7961706966162 19.12539258599281 7.473148472607136 0 0.475810244679451 4.968795090913773 4.730252541601658 0 50.54921448230743 3.179978013038635 15.02514827996492 4.337919138371944 6.40112129598856 3.966966331005096 0.1183393895626068 0.5623345971107483
8.713958442211151 948.6548204943538 4.238672234117985 782.5578569024801 67.68386982381344 169.4917931333184 126.1130373701453 93.54965765029192 467.2146093249321 285.9987220987678 6.119008161127567 888.1540391743183 105.4510872215033 39.16456154733896 826.3272832930088 127.2374901920557 6.963280200958252 1.129819691181183 3.430204965174198 586.524419888854 56.23940528929234 2573.87925170362 16.60179299116135 11063.7410146147 420.1943143084645 23.18625888228416 437.1776626482606 945.3364959582686 49.62639855593443 106.9900511652231 7.057292200624943 0 18.14997562766075 23.80019146949053 5.926850140094757 165.3679326549172 17.19019745290279 50.60689605027437 43.44651345908642 415.4407602697611 7.226831868290901 1.427930906414986 0.8899838924407959 8.371991597115993 3.08531579375267 1.334882684051991 336.3186587244272 0.1743368655443192 25.40709833055735 36.57720322906971 6.484153717756271 81.84376212954521 195.3760592341423 1.043250992894173 342.8603647202253 5.168069563806057 9.122261740267277 2.483857959508896 47.21030998975039 0.5279006138443947 0.2417009249329567 0.2236599028110504 148.2124422639608 11.42588070034981 45.68748431652784 2.424544870853424 1682.142815873027 1.403071589767933 3.651438273489475 12.81155137717724 353.9438110291958 30.94908503443003 6.467523142695427 0.6839490979909897 0.6502263844013214 7.700962051749229 6.173031456768513 0.5580328404903412 47.74724431335926 2.385941341519356 18.98966933041811 4.896363757550716 189.9749027267098 2.895358398556709 0.1747166961431503 0
46.24703767895699 1.641280680894852 82.12916565686464 1465.809991158545 4.48203282058239 9325.829048477113 10747.9084976241 2759.751937575638 285.9987220987678 24239.60361980647 222.3737982213497 4939.694516919553 128.1270563676953 2033.523742884398 38.30597899854183 2.185637474060059 32.83716379851103 55.40113384276628 46.95080957561731 3004.499270237982 7.881266057491302 2.537099003791809 58.76730547845364 1130.800179369748 4.067979529500008 89.68392723798752 50.9936533793807 4458.171176850796 1771.953844472766 19.87615221738815 4.083240456879139 42.2094613686204 28.80908590555191 630.3400646075606 66.41044074296951 1823.521799430251 65.35763923823833 2265.434948273003 747.3439944088459 390.1161456108093 225.4201804697514 1.067194804549217 30.44424762576818 2.095198720693588 0.4098008126020432 0.9748696014285088 176.641631886363 0 13.52781224250793 95.85640202462673 10.68201380968094 28.17653983086348 80.16727917641401 0 79.6807479262352 3.343806765973568 6.343996196985245 0 4.099519178271294 0.6096220910549164 0 0.2762452960014343 44.54670064151287 3.4081996306777 1.397314563393593 1.399065777659416 550.5139395371079 0.1122964546084404 1.413271769881248 7.610629297792912 289.0132112577558 13.45608948916197 2.194784075021744 0 0.5699093490839005 1.015913985669613 5.542190358042717 0.7081604897975922 37.02292761206627 0.34150630235672 17.68033802509308 3.136605307459831 31.64794728904963 4.982375711202621 0.4528470933437347 0.6966045498847961
64.42411485314369 91.52331490069628 27.33844715356827 2.577109605073929 3.530152142047882 76.95145001262426 111.6022291556001 207.9196823164821 6.119008161127567 222.3737982213497 11330.61189622432 72.32534068822861 2828.463398829103 242.1901475265622 2.991893298923969 1.698108866810799 1350.629937388003 3892.669957816601 2699.319707848132 33.8094942048192 28.02824740111828 13.62855394929647 75.06933915615082 23.04492205381393 400.3237057477236 1960.805685214698 752.2080096006393 22.19417627900839 1089.19060266763 101.7273723855615 284.745026409626 284.0010154098272 8.178758420050144 8752.994428761303 52.03586530685425 1171.321720793843 3955.760061979294 5995.483826577663 1459.512484811246 22.81202442198992 8.202243730425835 834.603105276823 9.584688633680344 0 7.492169693112373 0.9136480242013931 0 0 0 0.3177064508199692 0 1.736761480569839 0.3849482238292694 309.6323469877243 0.5804701969027519 1706.746088854969 0.08959046751260757 0.1449600160121918 2.27170030772686 3.46220526099205 33.94759055227041 9.164295516908169 0 1.552001550793648 2.592481464147568 0.3000136464834213 5.443432494997978 160.3690354377031 370.0224495232105 626.4187050908804 2.186902768909931 0.2591247856616974 0.1758838295936584 328.4921604096889 0 0 7.458303913474083 2.027954265475273 36.86661145836115 318.2920434996486 15.99144439399242 3.33381162583828 0.1225013360381126 0 126.1764779835939 1.659722089767456
1.488811105489731 19.42758134752512 0.7868725582957268 5727.617166206241 3.948982663452625 4703.468340411782 75.62103248387575 803.525900401175 888.1540391743183 4939.694516919553 72.32534068822861 8245.376448474824 61.37419013679028 524.9987637251616 366.6298729553819 0 1.142308123409748 11.80940939486027 7.780957005918026 4884.028714671731 0.452223464846611 56.85689237713814 0.2076976150274277 977.1686086431146 8.249738201498985 9.296218022704124 18.43729033321142 1274.781662978232 378.9012628793716 0.4787361696362495 0.9574414193630219 26.54218443483114 0.8707595616579056 137.4439983814955 12.17186939716339 102.9575609564781 5.917173065245152 451.3817504644394 71.04830983281136 680.6911325454712 39.10702090710402 0.1077086925506592 2.700197905302048 0 0 0.1708618253469467 123.9943915531039 0 9.407986849546432 19.02630317956209 2.183097667992115 25.17185941338539 64.9834426343441 0.1672397404909134 226.3259460926056 0 3.043438285589218 3.470611274242401 0.2237562835216522 0.1875391006469727 0 0 57.15033714473248 0 0 0.107039749622345 133.124238088727 0 0 1.015678197145462 61.18453599512577 0.4909795522689819 0.1580304801464081 0 0 0 0 0 4.497954301536083 0 1.067373812198639 0 208.5669982284307 0.3221632242202759 0 0
1.552510201931 1157.915220096707 3.804755546152592 5.668110884726048 17.71077677607536 93.76104293018579 13.03970100730658 126.5695035606623 105.4510872215033 128.1270563676953 2828.463398829103 61.37419013679028 2356.8059027493 54.27297828346491 7.929935544729233 5.426324114203453 3.80859699100256 52.28254568576813 15.23807842284441 24.66863454133272 19.05865444242954 255.9895378127694 32.37567577511072 121.2396629750729 4281.880520537496 121.6367849260569 3185.713252224028 30.92549883574247 291.7664541825652 3.444570519030094 677.8644923791289 159.6544158086181 0.4262822568416595 691.7256924137473 228.7699612528086 2037.17280523479 9828.411983020604 5190.590553224087 1570.629104346037 218.5580075383186 129.521926432848 1244.966001436114 6.818620458245277 0 17.1896923109889 0.3458530157804489 0.4005936086177826 0 0 0 0.8024123981595039 1.468064039945602 0.1437801867723465 854.463175714016 0.733252227306366 4764.292140781879 0.1294845044612885 0 0 0.1336148232221603 30.55711130797863 3.212360635399818 0 0.2033599317073822 5.729797378182411 0.2691997885704041 10.43896944075823 640.9283964112401 576.3042752072215 1066.71281208843 2.624630838632584 0.624810665845871 0 626.6102123260498 0.3187792897224426 0 31.09816863387823 72.43648543953896 275.1986469328403 1016.171047687531 55.86668276786804 7.025744251906872 8.467912174761295 1.138735085725784 588.631006360054 0
4430.682935476303 9.953435674309731 422.3559048697352 29.76428154110909 0 1401.300100259483 5812.436139412224 7753.090061731637 39.16456154733896 2033.523742884398 242.1901475265622 524.9987637251616 54.27297828346491 7626.747950688004 40.99439442902803 2.882467664778233 808.9734607040882 88.31952534615993 279.6680380627513 200.4641112983227 170.843174688518 1.163483910262585 654.8048555999994 475.2130018472672 1.700769670307636 345.3067012429237 186.5864366739988 477.7464420720935 4605.983160495758 2433.856224238873 2.422677680850029 3.600641958415508 56.8433968052268 469.9408117234707 9.131782233715057 495.4022762551904 120.7331122905016 634.6140090674162 193.5342225134373 137.9216767400503 22.76093151420355 0.9766823351383209 2.87275554984808 3.344173677265644 1.427919536828995 1.978572741150856 3.329353049397469 0 0.3235878050327301 9.605614602565765 1.109341442584991 17.74591701477766 2.850983761250973 0 3.612565934658051 0 2.056720368564129 0 25.22875915467739 3.178962126374245 0.4461097940802574 2.607169210910797 1.839094072580338 9.873408570885658 6.2633356153965 1.151203453540802 175.738697938621 0.5724440813064575 14.02672296017408 34.78635726124048 79.41196126490831 14.55303878337145 2.169833265244961 0 0 3.37793605774641 4.74086356908083 0 35.92161742597818 0.7118339687585831 9.127797789871693 0.5111925676465034 0.6415819525718689 0.9455079436302185 0.2322153598070145 0
0 0 0 24.43389780074358 1106.212223276496 615.4456547871232 4.018886029720306 171.6249289810658 826.3272832930088 38.30597899854183 2.991893298923969 366.6298729553819 7.929935544729233 40.99439442902803 341.2898246794939 0 0 1.558033369481564 0.5720238834619522 71.12155610322952 0 1.74665193259716 0 27.30208724737167 0 0 0 13.95986816287041 28.68380983918905 0 0 17.12853225320578 0 12.80962030589581 0 15.25339652597904 1.617863997817039 17.88934160023928 5.179897114634514 117.1142072677612 113.0302595943213 0 0 0 0 0 0 0 0 0.9732497930526733 0 0 0 0 1.119733572006226 0 0 0 0 0 0 0 0 0 0 0 1.038010150194168 0 0 0 0 0.1564198732376099 0 0 0 0 0 0 0 0 0 0 0 0 0 0
0.4908087998628616 171.6524214148521 30.37493849545717 0.2120281904935837 0 1.881385371088982 31.01412647217512 3.346846863627434 127.2374901920557 2.185637474060059 1.698108866810799 0 5.426324114203453 2.882467664778233 0 2456.720810897648 24.97349190711975 0.8812005743384361 3.188944853842258 0 2576.199527040124 3012.236870668828 5860.917073018849 3428.534339308739 12.27153771370649 18.2350961714983 5552.10271474719 1057.044260531664 10.12944564968348 81.20282968878746 0.1473545879125595 0 2.176584407687187 79.95074052363634 25.39131987094879 2048.667188964784 302.1360110938549 553.6293231025338 650.0717053189874 40.14286021888256 0.4098552614450455 1.310423113405704 8.307886883616447 1.838605351746082 10.35744196176529 264.4994701817632 0.2910288125276566 0 0.2175010740756989 10.95908875018358 0.5681921541690826 9.51568091660738 0.5908049494028091 0.1672305166721344 0 0.1245657652616501 0.6021779626607895 0 3443.989702694118 10.77808060497046 0.5885121524333954 2.699531637132168 0 320.6098811626434 1473.429587475955 2466.292066313326 463.6716833263636 0.2113908380270004 5.635842703282833 1268.979300916195 226.6671746745706 13.32374891638756 15.38665657490492 0 0 6.745699785649776 22.08422422409058 0.5621760785579681 137.0505257099867 15.46970615535975 82.25515541434288 40.60822454839945 4.588427133858204 1.442495204508305 0.59602290391922 0.62465800344944
316.3248498216271 299.3780378475785 2975.63644515723 1.265913724899292 0 16.23925857245922 1254.359503157437 319.546577334404 6.963280200958252 32.83716379851103 1350.629937388003 1.142308123409748 3.80859699100256 808.9734607040882 0 24.97349190711975 966.733928129077 1201.112015157938 3343.684499464929 1.632012829184532 1029.013151787221 16.23759414255619 4371.469185613096 92.27792565524578 8.092244885861874 1862.012541875243 5671.006711222231 185.7728451341391 508.5433182418346 2144.269184999168 4.071330636739731 0.1921850293874741 38.57030722498894 1680.485638909042 3.63714649528265 174.6930754482746 42.92335815727711 646.4128661751747 130.9340086579323 1.669217020273209 0.08747090399265289 0.4416211321949959 1.181298419833183 0.891464427113533 77.71661694347858 73.34504673629999 0.3439789414405823 0 0 3.300207875669003 0.2951090782880783 1.88355366140604 0 6.083685383200645 0 2.647659853100777 0.5658178180456161 0 19.03393315523863 90.42740504443645 14.2059318125248 237.438833296299 0 5.009734131395817 9.460073284804821 12.21636101603508 10.80555558949709 9.906036585569382 1021.408296689391 1994.595217712224 5.822088398039341 1.122527070343494 1.695010796189308 1.669360816478729 0 0.5187762528657913 33.58303900063038 1.216279298067093 82.09690214693546 27.11293498426676 89.24312457442284 26.67352259159088 0.4663091897964478 0.3839716911315918 0.1572499871253967 0.5972573757171631
29.3874448761344 19.03930801898241 123.4950115010142 1.248181715607643 0.286124050617218 12.01316056400537 81.47450140863657 48.11387369781733 1.129819691181183 55.40113384276628 3892.669957816601 11.80940939486027 52.28254568576813 88.31952534615993 1.558033369481564 0.8812005743384361 1201.112015157938 93.38409773260355 1873.877356603742 7.678409181535244 11.81431582570076 1.028340704739094 83.55562809854746 7.991588927805424 73.18651193380356 1972.428509227931 547.8148212879896 12.1214907169342 114.0818293988705 54.2086982652545 152.9726532548666 10.68097450584173 2.695208959281445 832.498231343925 11.65293657779694 460.6574776396155 520.3103817254305 1873.622041612864 608.4510352984071 4.230981655418873 0.4545498043298721 0 2.082003638148308 0 5.027491182088852 1.344296529889107 0 0 0 0 0.2254633456468582 0.8418689295649529 0.1019222363829613 34.05383203178644 0.1213875189423561 165.4186500161886 0.289278008043766 0 1.346916988492012 2.50875198841095 71.71194808185101 18.56773056089878 0 0.2913800030946732 1.291806153953075 0 1.417908564209938 30.30511735379696 850.9995354786515 827.5688025653362 0.5399502962827682 0.1255834698677063 0.1362084001302719 82.02354450523853 0 0 2.322317585349083 0 7.892214588820934 8.901672385632992 11.16707018762827 2.116860330104828 0.1245382577180862 0 0.2714070379734039 0
121.0737768113613 173.0882671177387 466.4235205426812 1.775714956223965 0 9.191559337079525 300.159643240273 167.9447874799371 3.430204965174198 46.95080957561731 2699.319707848132 7.780957005918026 15.23807842284441 279.6680380627513 0.5720238834619522 3.188944853842258 3343.684499464929 1873.877356603742 870.0698034390807 5.724635519087315 70.79566904902458 5.490826390683651 454.558065623045 14.14334326982498 232.095313847065 2650.378284372389 1062.973545625806 29.46047411113977 181.8962053582072 321.7164851650596 10.60090287029743 2.617674387991428 9.136157780885696 2498.769438125193 10.93012537062168 435.3128824755549 234.3037841841578 1906.125311076641 352.7781086415052 3.065248310565948 0.831492155790329 0.2992850542068481 2.145931571722031 0.1443380266427994 30.58876153826714 3.926832012832165 0 0 0 0.4166357517242432 0.1318089216947556 3.778777703642845 0 16.12828957289457 0.3376638889312744 46.68905666470528 0.1105666011571884 0 3.144858755171299 7.871160127222538 46.45323241502047 86.84374620765448 0 2.479516990482807 6.455728299915791 1.439908131957054 4.212968416512012 68.72566738724709 1866.025629468262 1687.44465597719 1.742611855268478 0.7949932143092155 0.3416888266801834 30.78313419222832 0 0.3520421087741852 13.99282596260309 0.3605580925941467 30.67933444678783 26.96652746200562 38.85210119187832 8.049730435013771 0.2475517690181732 0 0.2813714444637299 0
2.267630942165852 0.1132861226797104 1.2176378890872 2721.167364865541 0.5482533499598503 390.0587604567409 69.71120215207338 163.9235695227981 586.524419888854 3004.499270237982 33.8094942048192 4884.028714671731 24.66863454133272 200.4641112983227 71.12155610322952 0 1.632012829184532 7.678409181535244 5.724635519087315 805.9674866646528 0.4403716772794724 0 1.093219757080078 382.3443480879068 1.03577034175396 7.613621704280376 5.056582234799862 2355.131214722991 216.0781049802899 2.015224099159241 0.8730658665299416 8.065292820334435 0.6512123942375183 76.21674137562513 4.914956524968147 273.39962862432 7.165303975343704 342.3729139044881 104.8522903770208 190.5155794247985 35.69472640007734 0.2097939550876617 2.583541259169579 0.1624954491853714 0 0 78.89450390636921 0 6.671682104468346 23.02574767172337 1.16856250166893 15.06802576780319 41.4415280520916 0 99.51786738634109 0 2.324008047580719 0 0 0.237415075302124 0 0 24.30758608877659 0.3539100140333176 0 0 151.2683099657297 0 0 1.287568770349026 69.93217837810516 3.393974505364895 0.09446924924850464 0 0.3311927318572998 0 0.4692608714103699 0 2.107693046331406 0 2.626847505569458 1.687904894351959 69.2869735211134 0 0 0
112.9225524514914 13.23119942098856 495.9119835719466 0.3325205147266388 0 2.42891800403595 581.9908734634519 75.95441769063473 56.23940528929234 7.881266057491302 28.02824740111828 0.452223464846611 19.05865444242954 170.843174688518 0 2576.199527040124 1029.013151787221 11.81431582570076 70.79566904902458 0.4403716772794724 8672.33009403944 194.4776366502047 16785.69998906553 204.0544344112277 2.221165038645267 95.92445123195648 405.2960880473256 3782.023360393941 572.3498775586486 10828.20977797359 0.09741713106632233 0.1714580953121185 123.9216273725033 3559.880174890161 114.5811041817069 4672.864494711161 579.5450057014823 6313.767412312329 2278.381439089775 60.80074180662632 0.8335989788174629 7.520300708711147 23.21632944792509 1.220263488590717 0.5132479667663574 7.831068903207779 0 0 0.07582994550466537 3.611528135836124 0.5299379974603653 7.266256354749203 0 0 0 0 1.825197398662567 0 760.785942427814 0.9959951937198639 0 0.8209804147481918 0 197.1169799864292 279.9494643807411 144.2990594357252 289.6714147776365 0 6.937003433704376 42.3813067600131 139.8104839324951 15.53328930586576 15.46148716658354 0 0 8.077563680708408 8.268036603927612 0.7881815135478973 73.64804948121309 5.670610480010509 19.78177269548178 3.410867646336555 0.2683983743190765 0.6740291118621826 0 0
0.7045424282550812 2899.895140402019 40.76731291413307 0.3381891846656799 0 0.7269018590450287 8.43261194974184 2.717137478291988 2573.87925170362 2.537099003791809 13.62855394929647 56.85689237713814 255.9895378127694 1.163483910262585 1.74665193259716 3012.236870668828 16.23759414255619 1.028340704739094 5.490826390683651 0 194.4776366502047 1116.981517031789 413.1438944712281 6759.364589728415 1230.261723197997 43.03241377323866 4500.413408100605 86.55552794784307 5.458786144852638 24.97375459969044 14.15296021848917 0.1378463506698608 0.961022637784481 15.46959345787764 0.9162455201148987 76.88300830125809 33.6699571236968 49.17800980806351 25.68252085149288 106.1129093021154 0 0.9715773612260818 0.7008271068334579 0.2740088179707527 5.032590135931969 171.3098082989454 0.7109483927488327 0 0.1164989247918129 1.401478849351406 0.1068447977304459 2.050340265035629 0 2.410497680306435 0 10.15200209617615 0.3937071189284325 0 1041.77172087878 8.086261421442032 0 0.5433886647224426 0 68.64759085327387 178.5709762871265 595.4771223813295 127.9095181599259 2.442069947719574 7.803346633911133 1072.458160616457 35.53334827721119 0.4056126922369003 1.987894132733345 1.331710606813431 0 0.426172748208046 6.958428725600243 0 39.5174271017313 9.076517850160599 24.90633045881987 18.15274807065725 0.7337469458580017 0 1.076483622193336 0
206.0855369269848 57.19245737791061 14924.68158001453 3.413558632135391 0 17.11419897526503 2679.018823362887 235.6168103218079 16.60179299116135 58.76730547845364 75.06933915615082 0.2076976150274277 32.37567577511072 654.8048555999994 0 5860.917073018849 4371.469185613096 83.55562809854746 454.558065623045 1.093219757080078 16785.69998906553 413.1438944712281 18680.46434087306 1911.72732321173 3.648209661245346 2788.151370644569 14410.30392662436 5256.136135190725 332.4816038683057 4678.08106456697 1.019726045429707 0.22892015427351 34.84779853373766 3215.425808317959 181.2343543767929 10681.10950298607 1160.757266156375 8317.0776578933 7034.299676947296 493.5692755877972 2.934670940041542 10.74914017319679 81.17705553770065 0.397011823952198 25.26390081644058 782.5426716431975 0.5253248289227486 0 0 9.978187911212444 0.1064765080809593 1.756863057613373 0.3626299798488617 0.7804647162556648 0 0.7496464774012566 0.8064489588141441 0 1666.229060180485 62.30887397378683 0.9128078520298004 16.17362990230322 0 80.30316656827927 541.7559056282043 1471.46867389977 124.023689262569 0.5421019345521927 78.87608461081982 1973.418481662869 88.14328593015671 2.944463394582272 3.494256041944027 0.3307293578982353 0 1.452593274414539 41.95132262259722 2.3872439712286 190.3271068036556 16.89004242420197 114.2530932351947 62.76135002821684 3.552581459283829 0.6640905663371086 1.913848757743835 1.504203349351883
94.14526153355837 1404.607381239533 242.0650896281004 1125.333938837051 2.849335134029388 274.6383733972907 2112.937406763434 1038.073600113392 11063.7410146147 1130.800179369748 23.04492205381393 977.1686086431146 121.2396629750729 475.2130018472672 27.30208724737167 3428.534339308739 92.27792565524578 7.991588927805424 14.14334326982498 382.3443480879068 204.0544344112277 6759.364589728415 1911.72732321173 10783.62380798906 383.1333497986197 92.57729791104794 3355.371931746602 5922.671069391072 1476.480954900384 1252.461645640433 5.173099778592587 3.273270159959793 519.8140338733792 581.6352970600128 98.33210490643978 3056.632599309087 196.5174721106887 1717.991494633257 1338.206517279148 391.1712971106172 46.61995787918568 3.631818763911724 22.44690024107695 60.31607917696238 9.832591526210308 62.33868154138327 886.6946261003613 0.1256089955568314 73.02202137559652 597.7417715713382 51.7293995693326 1433.274833537638 437.3425214067101 3.891986951231956 196.0019831806421 4.232066601514816 111.6200588569045 0.9011323004961014 428.4351350441575 7.606567673385143 0.4847411438822746 2.445868626236916 272.0587871223688 180.2614970952272 280.3900149911642 57.32869502902031 7810.5294617787 1.64968279004097 12.46743079274893 225.8468727692962 2826.841924116015 369.5055932700634 70.14935325831175 0.4558424577116966 1.579869836568832 79.36488600075245 85.55963532626629 2.972037926316261 776.2460457086563 25.8117913082242 298.3058584555984 62.97638681530952 207.914784617722 29.63659766316414 2.483764320611954 2.532713010907173
0.1287256926298141 3778.35520798713 1.012713715434074 0.8906207680702209 0 0.1263522505760193 1.300169736146927 2.765601687133312 420.1943143084645 4.067979529500008 400.3237057477236 8.249738201498985 4281.880520537496 1.700769670307636 0 12.27153771370649 8.092244885861874 73.18651193380356 232.095313847065 1.03577034175396 2.221165038645267 1230.261723197997 3.648209661245346 383.1333497986197 411.3233948796988 1311.154796600342 6247.553576678038 7.460120759904385 6.076584033668041 1.281921841204166 392.7580217346549 1.644966870546341 0 112.7903095111251 7.770598545670509 351.430067948997 975.9225587248802 965.3851100355387 286.1065877154469 16.62236861139536 22.88843750953674 289.2257889807224 4.527133867144585 0 26.38918253779411 1.118242889642715 0.538305401802063 0 0 0.1249235570430756 0.1197956502437592 0.4622829854488373 0 281.2615266144276 0.1138603091239929 2777.527947477996 0.1148507297039032 0 0.1987917125225067 0.2613103091716766 6.12458211183548 6.064635723829269 0 0 7.463416859507561 0.281744658946991 4.116808116436005 234.6378003060818 298.5518279895186 1042.98827277869 1.392409630119801 0.1282446384429932 0 143.6746322289109 0.1451957076787949 0 57.01296957582235 0.4079252183437347 439.8551286384463 248.6115087792277 48.13874045014381 10.18963286280632 48.83599439263344 0.103891059756279 173.1029694527388 0
95.65932144969702 867.5870286673307 13980.7049312368 2.456431142985821 1.121104910969734 22.74062014371157 992.1168851256371 162.0649670287967 23.18625888228416 89.68392723798752 1960.805685214698 9.296218022704124 121.6367849260569 345.3067012429237 0 18.2350961714983 1862.012541875243 1972.428509227931 2650.378284372389 7.613621704280376 95.92445123195648 43.03241377323866 2788.151370644569 92.57729791104794 1311.154796600342 32878.25427246094 13233.68190237135 204.2093604505062 132.7730884626508 240.0030499696732 553.1307883709669 6.083400890231133 5.838143408298492 1769.547157488763 59.36433821171522 2400.953124210238 2478.420680813491 3973.287481375039 1101.908099979162 37.43629005551338 1.260643340647221 14.35778993368149 9.354453764855862 0.4205385819077492 141.0409397855401 99.35870839655399 0 0 0.1288292855024338 2.893912091851234 1.07991349697113 8.334736160933971 0 121.9756187945604 0.2029614001512527 912.2689549997449 1.245361737906933 0 5.621369563043118 115.8229112774134 193.1449781954288 346.7596528604627 0 1.903451189398766 17.30389516800642 3.353039085865021 10.79753218591213 284.0862580239773 4993.542649410665 6685.447532825172 1.552602514624596 1.007040590047836 1.700808018445969 336.2737894579768 0 0 56.76800906658173 2.65971277654171 156.7582044675946 96.75219158828259 136.4828971847892 42.2433163523674 2.089540876448154 0 0.5948425084352493 1.707394778728485
60.47776328772306 12333.11472707242 8629.378606632352 1.535409614443779 0 14.1811880171299 426.7587702423334 97.02336553484201 437.1776626482606 50.9936533793807 752.2080096006393 18.43729033321142 3185.713252224028 186.5864366739988 0 5552.10271474719 5671.006711222231 547.8148212879896 1062.973545625806 5.056582234799862 405.2960880473256 4500.413408100605 14410.30392662436 3355.371931746602 6247.553576678038 13233.68190237135 29304.76009678096 1320.830991514027 154.8852736949921 247.8875151202083 1657.41040737927 3.353658489882946 14.86784886568785 3876.904369264841 308.7655970007181 12475.9394947812 5798.256647020578 8780.487053453922 3218.637145355344 673.5882646739483 6.601634956896305 52.29554198682308 97.15673089027405 0.8714785203337669 962.4109638333321 3168.606809541583 0 0 0 16.21386069059372 0.4904299005866051 10.89685945957899 0.2546410262584686 77.52205217629671 0.1825513243675232 568.4513434022665 4.346127577126026 0.3987876996397972 847.5052190274 512.211784273386 105.998670309782 340.0447240248322 0 18.69392845779657 1023.815962471068 875.2907737642527 101.3347577601671 452.9529034271836 3911.618400126696 16034.33675698191 48.9328838288784 3.179854281246662 6.567184709012508 182.2486734092236 0 0.6366324946284294 179.0873744562268 10.54273255169392 656.0009473115206 135.7704998701811 467.6117789670825 223.8273494914174 5.953550346195698 1.018098264932632 3.259682834148407 5.976925104856491
82.54292846471071 28.93382868170738 911.1558480113745 5688.854020886123 2.905516617000103 522.6035917103291 24897.95741053671 417.1361592411995 945.3364959582686 4458.171176850796 22.19417627900839 1274.781662978232 30.92549883574247 477.7464420720935 13.95986816287041 1057.044260531664 185.7728451341391 12.1214907169342 29.46047411113977 2355.131214722991 3782.023360393941 86.55552794784307 5256.136135190725 5922.671069391072 7.460120759904385 204.2093604505062 1320.830991514027 24110.37964451313 1469.101021014154 14730.82091771066 0.4986473396420479 41.21357786655426 548.4377847984433 717.87195558846 84.35188776999712 2568.157334111631 182.828391417861 1946.411327652633 1233.472651213408 84.84162024408579 49.90893109887838 6.013343296945095 18.5793623700738 20.95132457464933 5.727726012468338 36.53383477777243 404.4068773314357 0 34.76299614459276 292.2124349921942 28.82340239733458 217.1381958201528 207.3289511427283 1.513426147401333 75.37690413743258 1.361917987465858 41.00069387257099 0.5599099099636078 137.1521505191922 5.255792610347271 0 2.304974503815174 119.678459353745 65.10918955504894 49.75543264299631 32.54953595995903 2404.074060559273 0 9.501239232718945 139.5209108665586 1084.129382111132 149.9912206977606 29.79934048652649 0 0.101856529712677 27.21283043175936 34.89705958217382 3.492999695241451 265.7772685587406 8.953090861439705 122.8044439256191 26.75412086397409 89.66526780277491 15.18013970553875 0.2181323394179344 1.211580201983452
4600.808019727468 9.932633653283119 38.05825961381197 67.73807994276285 0.178609736263752 552.9176093414426 884.9006860554218 1063.074486985803 49.62639855593443 1771.953844472766 1089.19060266763 378.9012628793716 291.7664541825652 4605.983160495758 28.68380983918905 10.12944564968348 508.5433182418346 114.0818293988705 181.8962053582072 216.0781049802899 572.3498775586486 5.458786144852638 332.4816038683057 1476.480954900384 6.076584033668041 132.7730884626508 154.8852736949921 1469.101021014154 14447.54482452571 5779.395268157125 13.9266767129302 14.1334216222167 1786.871925033629 3887.941860459745 12.16853648424149 713.6945542395115 108.3603402301669 2306.317198269069 428.7047793716192 342.8009945750237 203.0946896597743 2.037725418806076 3.601513281464577 3.153514228761196 0.7274110317230225 1.572784624993801 1.951953515410423 0 0.286694772541523 8.664744511246681 1.698648676276207 18.05383522063494 0.4076997712254524 0 2.737214975059032 0.6240794360637665 2.262497417628765 0 26.86677352339029 1.007315464317799 0.1887239962816238 2.290961183607578 0.1141494959592819 17.59659372270107 4.830123297870159 1.787187740206718 196.1902182400227 0 11.80844669789076 35.70811017602682 96.30486049503088 19.50241240113974 6.562245197594166 0 0 5.575556568801403 3.347830399870872 0 45.05503964424133 2.600427404046059 14.78037954121828 1.902699582278728 1.316194653511047 1.813695438206196 0.176842674612999 0
