1167.625931300223 0 138.4262372106314 2.503776051104069 1.778564102947712 9.388695925474167 4564.334257338196 941.1026048213243 7.663884818553925 289.279142446816 8.214299380779266 0.7619867697358131 0.3317142948508263 7526.392025917768 0 2.643895030021667 614.6636676192284 4.021760210394859 83.27843517810106 3.212271749973297 58.49875624477863 1.7491335272789 181.5275840759277 50.10751309245825 0.120456375181675 121.3079744502902 104.3348810523748 240.3801300525665 1628.038945004344 1994.209296941757 0 5.055172950029373 8.619358368217945 84.5945635214448 0.2332178801298141 76.58382967114449 84.1780494377017 75.26819188892841 19.87406059354544 4.116285927593708 0.4863319247961044 1.062603712081909 0.1751502007246017 0.6016217991709709 0.3884393572807312 3.567402333021164 0.2758364677429199 0 0 2.594060242176056 0.2056458815932274 3.063480772078037 0.6316686421632767 0 0.1782042980194092 0 0.7027475833892822 0 2.705549255013466 0.2033194154500961 0.1304836869239807 0.4174109101295471 0 5.257806971669197 1.132951781153679 0.8639776781201363 11.97303824871778 0 2.039524555206299 5.805287972092628 11.56517010182142 1.957029901444912 2.045336954295635 0 0 0 0.5814325287938118 0 5.334810353815556 0 2.734724558889866 0.970378577709198 0.4695129692554474 0.586290217936039 0 0
0 208.0612122938037 90.85272209346294 0.1159516572952271 0.08487952500581741 0 4.52000380307436 0.940805695950985 393.4509954154491 0.2879789024591446 4.46405752748251 2.959828570485115 334.1386368498206 1.298066042363644 3.070729598402977 135.460309535265 10.67469456791878 29.21742824465036 14.73255237936974 0 13.30699241161346 2382.082068473101 8.064048051834106 536.3406732603908 1950.16399102658 343.0936927646399 9866.305109575391 37.04712116718292 4.183493293821812 4.905827693641186 24.25859788805246 0.1159564852714539 0.2225046008825302 11.67779511213303 0 33.28663277626038 24.74042369425297 27.03935122489929 8.300107471644878 9.21493199467659 0.1279703378677368 35.39212016761303 0 0.2469979226589203 95.06404224038124 104.3368600010872 0.1932361274957657 0 0 2.717657171189785 0.796502098441124 0.5008512362837791 0 2.127185165882111 0 23.88160753250122 0.1504726260900497 0 0.6778569519519806 37.99381493031979 3.012741848826408 28.67266836762428 0 0.3169912844896317 8.629233799874783 0.7691568732261658 1.923846267163754 35.6372948884964 262.1145737320185 1300.738445580006 0.9998831450939178 0 2.194416932761669 7.825351566076279 0 0 8.0000109821558 0.4046737551689148 67.04430836439133 20.17553597688675 31.55782973766327 21.44557482004166 5.220052435994148 0 1.294616222381592 0
138.4262372106314 90.85272209346294 3037.355844080448 0 1.343433916568756 12.66645491868258 1632.73921738565 248.6111803129315 1.332236580550671 59.70788878202438 15.52092093974352 0.7561765685677528 4.057609044015408 185.500833183527 0.126478910446167 25.01181533932686 10491.73454219103 10.19294913858175 295.1620563417673 0.2632986456155777 847.3054739013314 42.32948550581932 12564.49418690801 73.5962286517024 0.1484701186418533 10028.08613322675 7076.787314280868 1240.129935413599 98.51541928201914 953.4490937367082 0.2448003888130188 1.20304448902607 3.182037271559238 994.2136063724756 27.0390811637044 2660.657678678632 3798.842282153666 2431.221533954144 1232.453434795141 81.50622595846653 6.421456567943096 25.76094746589661 15.14825020730495 0.776111401617527 189.4213423579931 1249.91043702513 0 0 0.2846516817808151 21.76257492601871 2.566788673400879 0.6363383084535599 0.4091334789991379 1.67907290905714 0 0.6209420785307884 4.6489152982831 0 5.078190885484219 293.2510309293866 3.532519653439522 66.5331782028079 0 1.039623782038689 42.56302325427532 32.88084700703621 3.572586499154568 3.403870888054371 903.6936023235321 2696.660956315696 7.026796847581863 0.7232752740383148 2.32854737341404 3.002330258488655 0 0.1685862392187119 46.58608924597502 12.40028542280197 214.7072216644883 28.4872375279665 144.3647772297263 49.94857985526323 7.775741025805473 0 0 0.8182921260595322
2.503776051104069 0.1159516572952271 0 1995.95943852514 7.311082415282726 238.3590164333582 277.9631413966417 160.2008922025561 971.1391417384148 4443.731781363487 6.541524089872837 7115.486782900989 0.558884397149086 89.23351730406284 56.8402494341135 0.1143087893724442 0.2529452592134476 2.873778507113457 4.315907098352909 2964.144121252 0 0.1815015971660614 0.263041689991951 1713.193989954889 3.582015067338943 2.724873967468739 1.335425831377506 3454.165508151054 113.1150510460138 1.904587432742119 0 5.341383256018162 2.351200073957443 39.50276660919189 0 132.2564444169402 3.772898130118847 107.1616715490818 21.07137003540993 344.2766964584589 5.380539037287235 2.341768689453602 0.980871818959713 0.4486818835139275 0 0 199.5002702325583 1.991105936467648 13.12708463519812 166.3194118589163 13.1659464687109 160.2451307922602 320.3424600884318 2.466556817293167 223.2492965385318 0.1391049176454544 5.550142884254456 25.22902361303568 1.290943413972855 0 0.4247423931956291 0.1785287261009216 169.2301406785846 0.9654271006584167 0.1755416542291641 0 247.0998685583472 0 0.2413730174303055 0.1923103407025337 227.2830072641373 5.159803859889507 0.7151700258255005 0 2.13800623267889 0 4.59234332293272 0 50.77709829807281 0 16.38840468972921 3.903080686926842 183.086072050035 4.401634596288204 0 0
1.778564102947712 0.08487952500581741 1.343433916568756 7.311082415282726 26.12210094183683 620.3232598379254 4.7709930986166 486.284606821835 81.54775002598763 10.66883803904057 7.173285417258739 271.6208596304059 0.6622454971075058 50.89905977249146 1433.298756457865 0 1.65353661775589 1.110223405063152 2.013061106204987 11.82375117391348 0 1.093255653977394 0.4390545263886452 15.93339575082064 0.6447730883955956 1.648463107645512 1.000088252127171 7.88649620115757 159.9708519428968 1.348507843911648 0 340.0061696320772 0 223.9007247388363 0.1337043792009354 24.11737838387489 0.6263436079025269 139.1113453805447 46.19431912899017 2236.457507401705 104.7584654539824 3.728550255298615 2.350320488214493 0.1261058449745178 0 0 1.522370457649231 0 0 1.444996476173401 0 1.413583621382713 3.171097256243229 0 2.226239643990993 0 0 0.6551748514175415 0 0 0 0 1.261722296476364 0.3088043034076691 0 0 3.729529291391373 0 0 0 2.2225576415658 0 0 0 0 0 0 0 2.631125278770924 0 1.303224265575409 0 4.957290075719357 0 0 0
9.388695925474167 0 12.66645491868258 238.3590164333582 620.3232598379254 11352.89002438635 1427.333131253719 5843.654880419374 90.89621398597956 11471.20635423809 53.33210238069296 7846.796795763075 7.703173041343689 707.8134051114321 1564.840368337929 0 17.5183507502079 11.98162037879229 21.05136156082153 633.4265427142382 2.638738922774792 0.771349772810936 4.444217391312122 144.2187156900764 0.7529619187116623 24.04402511566877 10.84106808900833 587.1260706707835 498.1878117918968 8.578301139175892 0.2698440998792648 660.2283370196819 2.114362575113773 283.1046399176121 4.03662832826376 323.6135326772928 14.67189048230648 343.9454642683268 70.65900531411171 2587.444690510631 28.09455163031816 3.231427252292633 2.128449216485023 0.1457683891057968 0 0.2981939017772675 29.65393058210611 0.6921689361333847 4.634743571281433 48.46508162468672 2.400510489940643 6.546037413179874 37.38877553492785 0 25.19305674731731 0 1.481969706714153 2.913926802575588 0.8890632018446922 0 0 0 16.03317410498857 1.137985855340958 0 0.3117257803678513 42.90103625506163 0.1164130792021751 0.2192633077502251 1.053039312362671 32.97553360462189 3.566441915929317 0.3768259212374687 0 0.1150569021701813 0.9738827049732208 0.8546888530254364 0.2791857719421387 17.44973586499691 0.4078358113765717 4.613501749932766 2.827091112732887 38.28037884831429 0.6409693658351898 0 0
4564.334257338196 4.52000380307436 1632.73921738565 277.9631413966417 4.7709930986166 1427.333131253719 10134.4233054556 7096.684096589684 74.79122262448072 8688.842249035835 35.83209820836782 27.93363793939352 3.078973561525345 5480.750636011362 2.457076855003834 4.092437587678432 721.9214428886771 17.72160493582487 78.53403866291046 68.50094747543335 499.1735712736845 15.4583136215806 596.2699797824025 1886.183533459902 0.9934614077210426 504.4425838291645 604.9155426099896 16739.57817330584 2931.883228905499 3717.798804238439 0.1898332163691521 25.92885829508305 168.9616744294763 533.4811923876405 14.07753216475248 1813.245784789324 192.643045142293 1757.684806890786 747.9859088882804 665.6230937093496 63.07908450067043 2.082648225128651 21.20043593645096 5.077330157160759 2.052474170923233 23.53026022017002 43.34145767986774 0 8.699323922395706 285.9875471293926 26.86587349325418 66.59115020185709 70.97385824471712 3.084050849080086 26.36430217325687 0 19.9288719817996 3.742161616683006 23.90876968950033 8.065440326929092 1.197963185608387 2.65534920245409 29.9372858479619 18.21108751744032 17.04763902723789 20.69706308096647 386.318924844265 0 28.72594287246466 70.46219336986542 207.1245173066854 27.48999256640673 13.19421089440584 0.3717465102672577 6.145781397819519 1.64527927339077 16.0793072283268 1.958648443222046 63.01653711497784 2.144478797912598 43.7042618021369 11.95067074894905 46.95452159643173 7.539336703717709 0 0.5526895225048065
941.1026048213243 0.940805695950985 248.6111803129315 160.2008922025561 486.284606821835 5843.654880419374 7096.684096589684 14098.07384181768 38.71310257911682 4692.391016691923 45.85981255024672 1763.844410337508 4.114918865263462 5837.941257745028 304.5965982303023 11.50097855180502 1018.611364290118 12.98379166424274 159.5054367408156 336.4559485465288 83.16877750307322 4.038196973502636 159.4305846318603 357.810579366982 0.5231701731681824 246.7517544217408 205.9204686284065 876.1374332383275 476.2491850331426 412.7297376319766 0.5038914531469345 871.8653943762183 9.293808095157146 250.7771037891507 1.516393065452576 366.1796777918935 143.7994702681899 387.5073486492038 161.1667927056551 1488.606028914452 77.28732620179653 10.94906353205442 4.264556132256985 3.132857546210289 1.100809246301651 10.43675779551268 10.30002276599407 0.1203222870826721 1.367447823286057 92.02379838377237 11.99155951291323 23.45858327299356 13.91924199461937 0.519124411046505 6.381582573056221 0 8.506559908390045 0.4185584932565689 17.49816153943539 3.427460692822933 0.2000376433134079 1.318085864186287 3.60718110948801 15.181516751647 8.35424692183733 3.331858694553375 142.3469408378005 0 6.666945286095142 22.49234458059072 88.61999437212944 18.08656206727028 7.180569507181644 0 0.7836362719535828 0.8291697278618813 8.420648157596588 1.544054269790649 30.32445451617241 1.582481347024441 14.83688696473837 9.212867945432663 8.303625077009201 2.202201396226883 0 0.8864478766918182
7.663884818553925 393.4509954154491 1.332236580550671 971.1391417384148 81.54775002598763 90.89621398597956 74.79122262448072 38.71310257911682 1385.917241826653 402.1329109594226 1.912541553378105 325.1370071023703 8.854415081441402 36.32223375141621 724.8607035726309 29.17600340396166 2.766287811100483 2.625974021852016 1.505158357322216 468.8726562187076 3.157974906265736 2219.157896727324 0 8956.458886705339 92.74048557877541 15.39514188468456 479.6570945605636 1397.756868630648 149.2932395413518 45.56958934664726 0.1286278367042542 2.406773559749126 23.02418291568756 36.8220150321722 1.249238327145576 200.7424255013466 10.20281975716352 116.1464063376188 51.72157584875822 604.9264741763473 6.120969265699387 0.1893891841173172 2.846715703606606 13.18472639471292 1.933614976704121 0.4741381704807281 207.2497765496373 2.339168973267078 8.366748467087746 205.6396746709943 12.64870922267437 298.3032544478774 202.3200361505151 1.424369663000107 119.9041806012392 0.6398650854825974 27.4662526473403 25.39451842010021 39.68903367966413 1.139497898519039 1.440773420035839 1.297391347587109 131.7141333222389 26.59780122339725 53.54593120515347 3.161644577980042 1499.222150377929 0.2329482659697533 2.1485251262784 4.263003773987293 453.8204577341676 66.45855983346701 17.49328830093145 0.2468466907739639 2.369997344911098 7.836567528545856 16.39160460233688 1.810099333524704 104.8454665541649 0.5717332810163498 51.82990919053555 14.82087110728025 187.7905845940113 7.313132740557194 0.9408235251903534 1.051170244812965
289.279142446816 0.2879789024591446 59.70788878202438 4443.731781363487 10.66883803904057 11471.20635423809 8688.842249035835 4692.391016691923 402.1329109594226 37248.90358303487 59.30733139812946 4295.088357299566 3.897186599671841 1252.195960737765 14.77695570886135 2.906474843621254 73.59591149538755 19.01913906633854 50.11657118052244 5416.650476850569 10.07407961040735 2.416787967085838 26.21431811153889 875.8974127620459 8.409094452857971 66.45054618269205 46.68140308558941 4855.956925623119 1158.527177397162 26.33175123482943 0.3502688854932785 33.5087508931756 14.36752681434155 404.5927003845572 1.830055639147758 813.5760235190392 71.34286827594042 1043.666552677751 189.9671953245997 321.7286039218307 32.21001989394426 10.59338661283255 10.78587137162685 0.560869574546814 0.3312104344367981 3.255248606204987 355.7605841681361 3.212559655308723 20.37071948498487 440.1702791303396 39.8902398198843 178.55263171345 474.3776011615992 3.853684261441231 218.6834250018001 3.267702519893646 20.55625212937593 35.1607288941741 7.999049194157124 0.9491973966360092 0.08715344965457916 0.1366596072912216 238.7642041966319 6.758307859301567 2.464541792869568 5.257507979869843 474.3819744363427 0.1690936237573624 0.7834448888897896 5.730013735592365 411.3062245175242 16.92892444878817 3.721232496201992 0 2.186011523008347 0.5306698828935623 18.80368931591511 0.2054453343153 81.21084184199572 0.9004542827606201 45.73612240701914 7.52529052644968 247.2715868279338 8.968986667692661 1.733560562133789 0
8.214299380779266 4.46405752748251 15.52092093974352 6.541524089872837 7.173285417258739 53.33210238069296 35.83209820836782 45.85981255024672 1.912541553378105 59.30733139812946 11721.50744438916 69.25404474139214 1304.347123175859 211.4478043727577 4.386556856334209 0.6898679435253143 387.2379021719098 5806.881232820451 2415.611421965063 18.50767680257559 15.55852515995502 0.9872311726212502 34.0854297503829 12.52065242826939 169.4388982653618 2154.164107076824 258.6040725708008 24.55206648260355 458.7755180969834 31.54536274075508 280.8541502207518 43.09129576385021 11.66951431334019 7906.159650087357 17.80648102611303 365.8251779600978 3507.761260069907 4369.632424935699 661.7165200710297 85.93377577513456 46.9600812420249 954.6058442816138 1.485690318048 0.2007694095373154 4.024946928024292 0.6012457013130188 0.09352927654981613 0 0 3.084178119897842 0 0.5873211547732353 1.778859667479992 23.66418500989676 0.2001971751451492 713.5752008333802 0.8385651484131813 0 0.3891106173396111 0 2.609346278011799 0.3646880313754082 0.1863991469144821 0.07947313040494919 0.345243513584137 0 11.25522147119045 73.1840660199523 13.27522363513708 139.3311077132821 6.736930891871452 0.09055998176336288 0 67.19640279561281 0 0 1.089905887842178 0.1667322814464569 14.8538390994072 171.7169527858496 9.694139063358307 1.677332662045956 0.5797300934791565 0.1188399195671082 26.50957256555557 0
0.7619867697358131 2.959828570485115 0.7561765685677528 7115.486782900989 271.6208596304059 7846.796795763075 27.93363793939352 1763.844410337508 325.1370071023703 4295.088357299566 69.25404474139214 8980.966640211642 6.162877649068832 664.0814177766442 1282.829254806042 0.09858178347349167 2.768161803483963 24.3058357834816 45.51767332106829 5268.919611185789 0.8802051767706871 19.02411665022373 1.408038295805454 709.2028799057007 6.059167318046093 27.99020738899708 14.60797784477472 1356.48014678061 640.8213628306985 1.739248104393482 0.6365659385919571 83.8207773193717 0.5894366279244423 300.8163942918181 8.498369976878166 633.4861840605736 21.59880971908569 667.4335434883833 75.84066957235336 2258.192154109478 21.08321937173605 13.74125835299492 2.872669778764248 0.09721929579973221 0 0 135.1400935128331 2.087921813130379 15.20367476344109 59.5934169664979 7.898422941565514 80.8281968459487 188.0031618475914 1.329452022910118 161.8956141024828 0.5440590679645538 3.10002189129591 23.09952772408724 0.8953428268432617 0 0.7703717276453972 0 93.46669954806566 0.9092732518911362 1.767116785049438 0.1134768649935722 90.55574002116919 0 0.3786240741610527 0 94.52223220467567 3.758044138550758 0.457697905600071 0 0.5649353265762329 0.08894684910774231 1.529557533562183 0 58.29453009366989 0 4.053734071552753 0.9089215844869614 209.1884067133069 0.982421025633812 0 0
0.3317142948508263 334.1386368498206 4.057609044015408 0.558884397149086 0.6622454971075058 7.703173041343689 3.078973561525345 4.114918865263462 8.854415081441402 3.897186599671841 1304.347123175859 6.162877649068832 1955.679145291448 12.38769346475601 0.311674177646637 5.353454977273941 2.786910399794579 133.0094627588987 7.714321047067642 1.267238602042198 1.219626612961292 50.14770026504993 2.158931657671928 14.00864224135876 2193.780703127384 625.445015847683 4057.4703232795 4.250435195863247 20.88670498877764 0.7320991605520248 1851.837202936411 6.903330661356449 0 1282.501157574356 9.951389223337173 348.5927888527513 3102.827634617686 1928.083363629878 167.3716669902205 25.89485236257315 61.51600137352943 2315.424075208604 19.16500429809093 0 84.17828019708395 0.3035744577646255 2.611227989196777 0 0 0.327520877122879 0.2713113352656364 0.3447138592600822 0 174.1146729886532 0.2082917839288712 2909.32252394408 0 0 0.4033508449792862 1.276688031852245 22.49869707226753 7.472158923745155 0.09138097614049911 0.07591518759727478 1.461536027491093 0.1727565377950668 1.401757135987282 645.1346913129091 137.2929470837116 592.9669042080641 3.722890943288803 0.4274419993162155 0.1026786342263222 265.8315548449755 0 0 0.8834147602319717 0.6404472589492798 23.30573433637619 653.7875881046057 21.72996840626001 5.547010414302349 0.1479344069957733 0 328.9287470057607 0
7526.392025917768 1.298066042363644 185.500833183527 89.23351730406284 50.89905977249146 707.8134051114321 5480.750636011362 5837.941257745028 36.32223375141621 1252.195960737765 211.4478043727577 664.0814177766442 12.38769346475601 13075.0470369868 75.99704793840647 5.240724936127663 867.4371754601598 57.00688783079386 227.005631916225 167.3924613520503 73.58277022838593 3.396733656525612 145.7075130417943 290.8668793290854 3.81513437628746 226.8366609811783 204.4803509712219 734.2667952403426 6114.016581878066 1504.149188198149 1.006992466747761 75.3622559197247 8.426052168011665 829.6376059353352 6.513241320848465 425.5901595205069 119.8843999430537 917.4491415247321 191.1358254924417 638.8677937909961 86.89251305907965 13.45899152755737 7.881514109671116 3.841175988316536 0.2924138903617859 5.184404335916042 4.679006591439247 0 0 66.0843742415309 4.342401400208473 23.91581945121288 12.67103780806065 1.02015745639801 4.447125770151615 0.5152975097298622 6.829989463090897 1.194147899746895 15.39516527950764 0.8497370555996895 0 0.2127710282802582 4.284465178847313 14.6107036024332 5.76359973102808 3.032439842820168 146.17075099051 0 7.248292289674282 16.37426045536995 106.3729907348752 20.1441250666976 8.787752971053123 0 0 2.811893552541733 5.953779481351376 0.657292515039444 35.50117448717356 1.340608432888985 15.84301210939884 6.736140325665474 9.861377336084843 5.311196580529213 0.3080847561359406 0.2375192195177078
0 3.070729598402977 0.126478910446167 56.8402494341135 1433.298756457865 1564.840368337929 2.457076855003834 304.5965982303023 724.8607035726309 14.77695570886135 4.386556856334209 1282.829254806042 0.311674177646637 75.99704793840647 359.9746322929859 0 0.1207526028156281 0.9830690175294876 2.284814156591892 72.58065254986286 0 34.35184215009212 0 664.9564040079713 1.291774161159992 2.174309566617012 4.240873128175735 47.48341353237629 43.72977247834206 0.09228889644145966 0 167.1671018004417 0.5379495397210121 29.25424978882074 0 705.8664531484246 0.6404063329100609 28.76520203053951 7.891764163970947 1573.761112906039 172.8398043364286 14.04142297804356 1.742837354540825 0 0 0 28.27615535259247 0.1661134660243988 4.177351407706738 20.66637192666531 3.590855211019516 29.53071301430464 63.84569568932056 0.5905536413192749 57.10853184759617 3.024835631251335 3.415937811136246 7.961263984441757 0.5460362285375595 0 0 0 31.65541552752256 0.4669532775878906 0.4284236133098602 0.2304288744926453 25.09395264834166 0 0 0.1507346779108047 32.49422257393599 0.7521898746490479 0 0 1.391038544476032 0 0.3366372883319855 0 23.72977115213871 0 3.744531542062759 0.3045229613780975 107.2109094485641 1.935212790966034 0 0
2.643895030021667 135.460309535265 25.01181533932686 0.1143087893724442 0 0 4.092437587678432 11.50097855180502 29.17600340396166 2.906474843621254 0.6898679435253143 0.09858178347349167 5.353454977273941 5.240724936127663 0 4915.47171728313 30.15785297751427 1.730534911155701 3.810787454247475 0 2792.402526929975 3801.925993338227 5301.299429260194 986.2609688341618 33.25945010781288 25.17061950266361 4361.36820679903 1438.458956561983 21.50963531434536 91.28153795003891 0.8517575562000275 0 5.877103999257088 120.6576197072864 17.72903986275196 1739.748302534223 262.5319025069475 632.1351587325335 454.9415530264378 78.75390738993883 9.912270992994308 0.919798731803894 12.71955287456512 7.576952889561653 7.845208466053009 141.6509303152561 0.509281113743782 0 0.772184394299984 44.51466438919306 4.069269128143787 24.65709096193314 0.3074067831039429 1.297630347311497 0.6269714534282684 1.748541235923767 11.7432376742363 0.4131252393126488 3340.926716774702 21.28435584157705 0.2546565532684326 3.82765220105648 0.182012215256691 615.8164847120643 1621.753777556121 1453.791854575276 192.8917992860079 0.1452392935752869 16.58220113813877 732.2935676798224 194.2749770358205 40.56733144074678 168.8247499987483 0 0 7.86193809658289 24.52179616689682 2.652236297726631 232.8201699927449 20.27337180823088 88.66012859344482 68.04687939584255 15.09806966036558 1.405776806175709 0 0.6043577119708061
614.6636676192284 10.67469456791878 10491.73454219103 0.2529452592134476 1.65353661775589 17.5183507502079 721.9214428886771 1018.611364290118 2.766287811100483 73.59591149538755 387.2379021719098 2.768161803483963 2.786910399794579 867.4371754601598 0.1207526028156281 30.15785297751427 1969.292013779283 146.7791218757629 3237.85964962095 1.152728527784348 1192.164832442999 23.56585567444563 5234.265825383365 31.37709432095289 1.079327650368214 4068.755692027509 6841.049159325659 405.7103832736611 1452.895885325968 3727.059593714774 1.36858956515789 3.1560447961092 38.01564612984657 3528.928181841969 7.443802148103714 706.6306824609637 1766.982625342906 1554.607191562653 347.6205106899142 16.62144044786692 4.748336985707283 10.21963147073984 3.706314414739609 0 13.24152237921953 33.7692489773035 0.0896911695599556 0 0 2.34455893933773 0.123073473572731 0.9589317664504051 0 0.1480631679296494 0 0.4103765562176704 0.4160941615700722 0 1.772034622728825 20.39903584122658 1.388021133840084 28.04434894770384 0 2.125810869038105 1.922085635364056 1.378490082919598 3.753206185996532 0.9345934242010117 229.1300691515207 207.8879954665899 3.662534043192863 0.3157354667782784 0.7359536588191986 1.205555245280266 0 0.1408700346946716 2.196829095482826 3.117210566997528 18.35277642309666 9.366490006446838 6.407926000654697 3.72153428196907 0.4550169259309769 0 0.2120189964771271 0
4.021760210394859 29.21742824465036 10.19294913858175 2.873778507113457 1.110223405063152 11.98162037879229 17.72160493582487 12.98379166424274 2.625974021852016 19.01913906633854 5806.881232820451 24.3058357834816 133.0094627588987 57.00688783079386 0.9830690175294876 1.730534911155701 146.7791218757629 478.2358870878816 2256.005314186215 5.170924283564091 2.33065877109766 8.083566531538963 11.69096081703901 7.180765472352505 14.8757399469614 1249.948611281812 761.0070035308599 9.515793152153492 115.9926509857178 12.98835225403309 15.36334249377251 9.788515649735928 2.76172860711813 866.55715239048 12.84655513614416 623.8615738600492 1023.730468206108 1848.71817471087 497.4553008154035 24.7106140255928 3.774137534201145 32.43675948679447 1.732435040175915 0 9.500987783074379 0 0 0 0 0.6600116416811943 0 0.2365506291389465 0 7.034338243305683 0.2416109591722488 101.9025291204453 0.0796072706580162 0.517957016825676 0.1060566082596779 0.6508979201316833 24.65609807521105 3.881272695958614 0 0 0 0.2475908622145653 2.896418727934361 8.192599765956402 84.07020908594131 163.073544614017 0.8906913846731186 0.1409667730331421 0.2109247669577599 51.70432490855455 0 0 0.8253100141882896 2.720523729920387 7.281795524060726 43.38667583465576 5.69319162517786 1.118522018194199 0.4279315620660782 0 1.661020196974277 0
83.27843517810106 14.73255237936974 295.1620563417673 4.315907098352909 2.013061106204987 21.05136156082153 78.53403866291046 159.5054367408156 1.505158357322216 50.11657118052244 2415.611421965063 45.51767332106829 7.714321047067642 227.005631916225 2.284814156591892 3.810787454247475 3237.85964962095 2256.005314186215 2820.567935541272 9.743073828518391 99.48500169813633 5.93837983161211 301.3877960816026 15.9460454583168 3.431321956217289 7494.832631506026 2016.103172086179 45.42963698506355 568.9476997256279 300.9051629677415 1.737519770860672 12.02633076906204 40.37066734582186 5601.704953402281 19.94888494163752 2041.468481428921 1017.881286367774 3790.32924938947 1072.164542399347 47.30949693918228 3.999017313122749 17.27784496545792 6.304342702031136 0.2974441796541214 4.475249230861664 3.115572266280651 0.1838136240839958 0 0 2.735370822250843 0.09570245444774628 1.174460262060165 0.3179641738533974 1.004170276224613 0.07682567089796066 11.53133767843246 0.5566780567169189 0 0.9121323451399803 2.471831396222115 8.656789638102055 13.62816590070724 0 0.4044781476259232 0.7842029929161072 0.6013289839029312 8.765736795961857 1.442394748330116 111.5825445279479 113.5554173961282 3.826784729957581 0.2673291638493538 0 7.708508089184761 0 0.1128421947360039 0.7732664048671722 4.282073259353638 22.15109068155289 8.584658585488796 5.597240224480629 1.827958479523659 0.1486277133226395 0 0 0.7148755788803101
3.212271749973297 0 0.2632986456155777 2964.144121252 11.82375117391348 633.4265427142382 68.50094747543335 336.4559485465288 468.8726562187076 5416.650476850569 18.50767680257559 5268.919611185789 1.267238602042198 167.3924613520503 72.58065254986286 0 1.152728527784348 5.170924283564091 9.743073828518391 569.1546189561486 0.07883036136627197 0.146262988448143 1.096219040453434 544.6283241957426 0.4683735966682434 6.98800315707922 4.615895353257656 3484.329468607903 189.9613264426589 1.630839616060257 0.1982943639159203 11.97456265240908 1.084200464189053 92.56254453212023 0.4199336320161819 213.9947589039803 9.446647457778454 200.7108018025756 32.91041580587626 429.0667608529329 5.159701973199844 3.423368692398071 1.081739373505116 0.3516034930944443 0.09751551598310471 0.1860584020614624 165.5362202748656 1.775712586939335 10.40619089454412 131.1012766584754 10.31417793035507 92.94029637426138 217.4934461936355 2.22282187640667 131.2232937812805 0.1115374192595482 9.059305541217327 17.44242346286774 0 0 0 0 109.8836362883449 1.718524813652039 0 0.1525254994630814 190.3588427528739 0.1173772662878036 0 0.2494349032640457 163.9321198537946 2.166941747069359 0.9104359745979309 0 0 0.3719823881983757 3.386333420872688 0 35.18205104768276 0 9.169093802571297 5.734864272177219 163.0854707807302 1.451314091682434 2.205333232879639 0
58.49875624477863 13.30699241161346 847.3054739013314 0 0 2.638738922774792 499.1735712736845 83.16877750307322 3.157974906265736 10.07407961040735 15.55852515995502 0.8802051767706871 1.219626612961292 73.58277022838593 0 2792.402526929975 1192.164832442999 2.33065877109766 99.48500169813633 0.07883036136627197 13850.5110250935 233.4440704286098 17545.16886135936 73.78538449853659 5.669758208096027 39.18722282350063 347.0137586146593 5924.556791648269 420.898514777422 10994.4046022743 0.1210007071495056 0.2278493121266365 181.2531746253371 3786.645475231111 30.98198363929987 6480.865859754384 569.1378149017692 6366.163552984595 1953.177094221115 307.9709062203765 57.84437929838896 3.118321262300014 63.24475475400686 7.622696667909622 0.7910916283726692 12.76792152971029 0 0 0 32.64243882149458 4.025391399860382 10.69780939817429 0.1262772381305695 0.2300534248352051 0.6001270562410355 0 8.601275190711021 0 576.1244203299284 9.852670326828957 0.7090110555291176 3.29609964042902 0.261300191283226 412.2792752981186 169.2684933766723 197.7382331639528 86.35904018580914 1.219226241111755 2.933100715279579 21.9542078897357 110.0443270951509 37.33953464031219 139.4103829860687 0.1015641614794731 0 9.090163022279739 15.01214753091335 2.773314446210861 124.003566890955 4.669212512671947 31.09846932440996 10.1065357029438 4.009642980992794 0.2889160215854645 0 0.1136453300714493
1.7491335272789 2382.082068473101 42.32948550581932 0.1815015971660614 1.093255653977394 0.771349772810936 15.4583136215806 4.038196973502636 2219.157896727324 2.416787967085838 0.9872311726212502 19.02411665022373 50.14770026504993 3.396733656525612 34.35184215009212 3801.925993338227 23.56585567444563 8.083566531538963 5.93837983161211 0.146262988448143 233.4440704286098 1157.019997805357 350.6115713864565 6641.991438865662 652.4805531278253 76.37363210320473 7197.657930247486 576.0635019317269 17.53028108924627 49.9732614159584 2.582985274493694 0.1231843382120132 2.388302519917488 16.38323582708836 1.681791692972183 85.03281647711992 21.12069084495306 50.44306735694408 18.63753319531679 80.1693721935153 0.6815608739852905 2.932856887578964 1.873605415225029 3.764746502041817 21.39284720271826 198.2127388045192 0.5878263711929321 0 0 16.16331997513771 2.376115866005421 18.06393753737211 0.3821121752262115 1.005803532898426 0.1261773705482483 3.353499263525009 4.833748213946819 0.4775053858757019 924.7240322828293 8.529158033430576 0.5156878903508186 4.004009857773781 0 154.634287238121 154.7120839953423 355.6616605222225 171.5182897672057 0.3053660690784454 33.60550429672003 978.2533584162593 77.4334329739213 15.32600480318069 49.21659944951534 1.306784890592098 0.1108040288090706 2.166847728192806 12.37639808654785 2.14744071662426 89.52508902549744 11.22444754093885 50.00246986746788 36.68344281613827 7.618924245238304 0.2737578451633453 0.3639356195926666 0
181.5275840759277 8.064048051834106 12564.49418690801 0.263041689991951 0.4390545263886452 4.444217391312122 596.2699797824025 159.4305846318603 0 26.21431811153889 34.0854297503829 1.408038295805454 2.158931657671928 145.7075130417943 0 5301.299429260194 5234.265825383365 11.69096081703901 301.3877960816026 1.096219040453434 17545.16886135936 350.6115713864565 19307.45172059536 226.3242847770452 3.617384627461433 505.1785241439939 7078.484928682446 2548.695856370032 157.8989349380136 3264.064323112369 0 1.215685918927193 12.44649836421013 4176.284928165376 173.0275529175997 11299.52666897327 6908.175964787602 10035.15859105438 5917.147734418511 657.679132156074 127.2549323141575 32.70410997420549 123.0416280552745 1.501986302435398 9.521090291440487 766.5261512026191 0.1306315511465073 0 0 8.952362470328808 1.94111243635416 2.153718486428261 0.4492373317480087 0.6660042703151703 0 0.1515288352966309 2.843574650585651 0.1410795301198959 2510.735332623124 26.09798169136047 0.4292325004935265 4.754138216376305 0 253.1238662153482 870.2310434058309 1556.121324971318 38.36404677480459 0.1614636033773422 23.41455154120922 2188.293452702463 40.53571536391973 10.57837761938572 58.52500100433826 0 0 2.531142123043537 38.95398262143135 24.77902801334858 241.331477932632 27.27831134200096 177.2591627165675 89.51148558408022 13.77665284276009 0.5105103701353073 0 4.170921519398689
50.10751309245825 536.3406732603908 73.5962286517024 1713.193989954889 15.93339575082064 144.2187156900764 1886.183533459902 357.810579366982 8956.458886705339 875.8974127620459 12.52065242826939 709.2028799057007 14.00864224135876 290.8668793290854 664.9564040079713 986.2609688341618 31.37709432095289 7.180765472352505 15.9460454583168 544.6283241957426 73.78538449853659 6641.991438865662 226.3242847770452 10245.94429016858 123.0347153842449 40.59482958912849 1693.239478565753 11004.10653144121 1483.257711835206 776.0640791729093 0.2658643648028374 8.502032719552517 299.4885763600469 519.5296487957239 15.2806194499135 1745.058490984142 84.78515561670065 1343.923499859869 512.2841263338923 824.7386466637254 35.00095568597317 8.418756529688835 21.59503152221441 66.97053600102663 5.643805272877216 10.76949207484722 311.2589024156332 3.041737586259842 36.66352420300245 1278.112171851099 125.0722341015935 1432.808060914278 423.8190120831132 21.76299034804106 184.3754020854831 5.619928732514381 161.8187106251717 23.32702858000994 309.8617257401347 6.452374450862408 5.805565863847733 4.677995413541794 209.723541252315 235.8506741225719 283.4863132610917 73.80256582051516 3713.286628589034 0.5305783599615097 10.88046904653311 57.48838467150927 1933.251095369458 376.7250201776624 182.190803296864 2.411824360489845 16.63491557538509 53.54833322018385 108.2602889314294 8.495830282568932 676.0936718210578 9.819523580372334 320.5664999783039 115.2257368117571 369.9227869659662 53.62677767127752 3.517295747995377 5.598770409822464
0.120456375181675 1950.16399102658 0.1484701186418533 3.582015067338943 0.6447730883955956 0.7529619187116623 0.9934614077210426 0.5231701731681824 92.74048557877541 8.409094452857971 169.4388982653618 6.059167318046093 2193.780703127384 3.81513437628746 1.291774161159992 33.25945010781288 1.079327650368214 14.8757399469614 3.431321956217289 0.4683735966682434 5.669758208096027 652.4805531278253 3.617384627461433 123.0347153842449 400.1470920592546 399.8737353309989 3554.779078617692 15.59707931429148 5.451051346957684 1.043840691447258 454.1098246350884 1.661911800503731 0 313.2141024693847 2.097520381212234 483.1350242048502 189.0545094758272 537.100684247911 188.7015769258142 78.24448856711388 242.7249795794487 639.0806989967823 44.34736031293869 0.1046998500823975 320.606679700315 0.2274846136569977 0 0 0 2.833002433180809 0.09662846475839615 0 1.866761043667793 81.57115448266268 0.1268717497587204 1387.694035105407 0.3949799239635468 0 0 1.311777085065842 25.73530981689692 13.09624619036913 0 0.2235391065478325 4.904664069414139 0.2204152494668961 4.414531141519547 256.8455388247967 230.5872660651803 737.3669899553061 0.9664686322212219 0 0.2025590687990189 100.5219590440392 0 0 1.117742329835892 0.5073083639144897 64.29764690250158 89.82746159285307 20.31977152079344 7.193512998521328 0 0 70.38444642722607 0
121.3079744502902 343.0936927646399 10028.08613322675 2.724873967468739 1.648463107645512 24.04402511566877 504.4425838291645 246.7517544217408 15.39514188468456 66.45054618269205 2154.164107076824 27.99020738899708 625.445015847683 226.8366609811783 2.174309566617012 25.17061950266361 4068.755692027509 1249.948611281812 7494.832631506026 6.98800315707922 39.18722282350063 76.37363210320473 505.1785241439939 40.59482958912849 399.8737353309989 26327.2767798081 14559.87191195786 132.6997015476227 304.8359391614795 263.2569482252002 284.2130264416337 11.95399703830481 7.112091034650803 1187.884521268308 37.54035826772451 2938.346241421998 6977.287531018257 3321.022645413876 1196.948969192803 52.03657295554876 9.15132599323988 184.6566166952252 12.2426742464304 1.757433958351612 450.3678397983313 30.75915221124887 0.07953833043575287 0 0.200390137732029 8.890403725206852 1.933629378676414 1.939044818282127 0.1885830461978912 74.1794842556119 0.6013204678893089 1666.728860706091 3.251108899712563 0.1807236969470978 1.269953936338425 124.1318042725325 355.6794669553638 486.9347456172109 0.3224321454763412 1.149844191968441 7.261036910116673 4.643262960016727 6.866072352975607 342.5094506517053 4303.250529557467 5875.560744598508 3.341545827686787 3.865694426000118 5.555501058697701 631.2070429697633 0.2393906861543655 0 15.3754515349865 9.642083317041397 169.895997107029 497.1952147558331 206.7977534979582 45.50584275275469 3.548958130180836 0 4.078460924327374 0.1886317431926727
104.3348810523748 9866.305109575391 7076.787314280868 1.335425831377506 1.000088252127171 10.84106808900833 604.9155426099896 205.9204686284065 479.6570945605636 46.68140308558941 258.6040725708008 14.60797784477472 4057.4703232795 204.4803509712219 4.240873128175735 4361.36820679903 6841.049159325659 761.0070035308599 2016.103172086179 4.615895353257656 347.0137586146593 7197.657930247486 7078.484928682446 1693.239478565753 3554.779078617692 14559.87191195786 35060.57623143494 1076.519810855389 444.5436453744769 252.6205360814929 649.6522244364023 2.567819528281689 24.35176413506269 3021.861665941775 127.5670928359032 9491.98932595551 5380.974454820156 8428.59285672009 3577.509841941297 309.4818076789379 24.58631897717714 175.1057446449995 64.66049251705408 6.937437161803246 2824.676155351102 2655.13964612782 0.1749026775360107 0 0.8601947724819183 44.63584143668413 4.387568809092045 5.603175714612007 1.841738663613796 54.94773346185684 0.5794519484043121 1209.271367363632 11.15166714787483 0.8468449264764786 291.1647730469704 734.9924393072724 361.2938605099916 807.4615705087781 0.4895658418536186 11.54623202979565 804.2592521235347 508.1251850500703 32.4092133268714 876.296700052917 7533.070965625346 16999.49674793333 29.41851656883955 8.056410126388073 15.69445756822824 599.1233521252871 0.6311042904853821 0.3676637187600136 131.686243198812 42.29094849526882 827.3153030648828 512.7354649156332 611.1344111189246 240.7984470501542 39.82334942370653 0.6142058223485947 9.682028003036976 2.890440165996552
240.3801300525665 37.04712116718292 1240.129935413599 3454.165508151054 7.88649620115757 587.1260706707835 16739.57817330584 876.1374332383275 1397.756868630648 4855.956925623119 24.55206648260355 1356.48014678061 4.250435195863247 734.2667952403426 47.48341353237629 1438.458956561983 405.7103832736611 9.515793152153492 45.42963698506355 3484.329468607903 5924.556791648269 576.0635019317269 2548.695856370032 11004.10653144121 15.59707931429148 132.6997015476227 1076.519810855389 16022.1405146569 2857.282126564533 10563.93536016345 0.1939671114087105 14.49571446329355 774.4425990507007 1845.582522198558 29.92097175866365 4507.056118033826 285.1397533044219 3520.617913112044 1330.814518392086 978.9941419735551 73.77490567415953 20.54821006953716 43.51144197583199 60.54562348127365 2.931992128491402 29.06948331743479 340.3332270085812 2.999737299978733 40.40997353196144 1506.61155731231 118.4314030557871 662.2673874646425 527.3344432488084 19.79152823239565 217.5427302718163 7.984455563127995 144.0654019266367 26.60421863943338 363.2136693000793 12.03044278174639 4.645661629736423 2.483088359236717 253.0507016479969 360.5872674658895 169.2806987240911 87.60059566050768 2674.462300419807 0.08722152560949326 9.05882765352726 73.69518478959799 1816.061550378799 354.476031601429 280.23606248945 0.7341664731502533 13.6163262873888 50.07121945172548 118.9017441347241 12.82534302771091 732.3997830525041 13.71240459382534 323.9704437553883 130.3938417434692 386.2927004620433 50.40799777954817 7.451322413980961 4.614847637712955
