24.29786602407694 0 183.2705497294664 0.4945664703845978 0.09789453446865082 5.187665998935699 143.7061404809356 1859.932796746492 0 6.770518966019154 0 0.2575595527887344 0 3157.680183947086 0 0.4217812418937683 59.38411378860474 0 0.9548082277178764 0.2887094169855118 178.4659573957324 0 298.5734931007028 2.159670621156693 0 2.466640375554562 0.3744470998644829 18.8012165799737 687.399971447885 1921.545250691473 0 1.64617232978344 28.57027000188828 12.72178351134062 0 21.23008773475885 0 9.623037584125996 2.80221276730299 14.21476531773806 0.7342575490474701 0 0 0 0 0 0 0 0 0 0 0 0 0 0 0 0 0 0 0 0.1041062325239182 0 0 0 0 0 0 0 0 0 0.1396588683128357 0 0 0 0 0 0 0 0 0 0 0 0 0 0 0
0 121.2018147557974 37.12659952789545 0 0 0.311810240149498 0.4205873608589172 0.3067164719104767 806.9766430482268 0.3339625597000122 895.6271805614233 1.52287457883358 622.9487406983972 0.835286557674408 1.91572031378746 112.3633050769567 3.813061818480492 11.46211078763008 4.241973973810673 1.40516996383667 67.40922921895981 1772.495754852891 7.704121895134449 332.0630788952112 263.6753519326448 171.7358766570687 6388.780411608517 20.12792517989874 1.381594032049179 0 27.72784402221441 1.096420377492905 0.1088978946208954 19.23761608451605 0.1335376650094986 19.30393470078707 34.50964664667845 56.74583306908607 11.8955514729023 2.548753030598164 0 85.34659539163113 0 0 506.8537568077445 52.8067631572485 0 0 0 0 0.442625604569912 1.502645164728165 0 64.5943087041378 0 33.42208641767502 0.1100812628865242 0 7.805213607847691 8.098244473338127 19.42422669380903 12.99378772079945 0 0.1447552293539047 8.974044196307659 1.656750150024891 9.992772705852985 179.5105128213763 62.78959114849567 3508.88117095083 0.599639043211937 0.1228985041379929 0 2.056132465600967 0 0 3.447508208453655 0 1.036507144570351 15.21691942214966 8.289127565920353 3.422313317656517 0 0 1.203185863792896 0
183.2705497294664 37.12659952789545 2240.373801462352 132.5646388754249 1.437543913722038 48.6166795194149 1162.028604060411 1179.943714115769 26.47697030007839 454.7871348187327 231.8781969770789 5.07405897974968 171.9369090721011 1488.672594506294 1.582801431417465 1.430355355143547 9580.374798260629 1.591967828571796 1396.957003153861 179.4581808149815 210.6434032097459 10.16783906519413 4582.003403797746 465.5756020918489 115.1682515889406 1680.144574917853 1001.434462286532 622.5348569601774 492.5391757190228 1210.060490172356 0 7.802442479878664 70.29364816099405 703.3765473142266 48.12486340105534 2639.645467348397 13342.40745663643 1818.927194647491 670.5030385479331 176.6651749685407 13.47952199727297 229.6608569771051 19.91830912977457 0 1287.474666841328 309.3290745913982 0.1308229714632034 0 0 0.9564292430877686 0.4805953651666641 2.104975573718548 0.6974623650312424 79.2106194421649 0.2268270254135132 42.96746274083853 0.1685195863246918 0 18.71989429742098 11.84976422041655 2.223040170967579 10.5899466574192 1.966399133205414 0.1546971648931503 97.55422826856375 2.1311299726367 23.57638511061668 0.6904424205422401 27.16188894212246 3246.767461813986 1.796922460198402 0.3383322134613991 0 0 0 0 4.200789518654346 14.33919250965118 4.174800150096416 358.621481180191 4.994345903396606 2.111617103219032 2.57016184180975 3.879416108131409 359.4032216668129 4.542680144309998
0.4945664703845978 0 132.5646388754249 1464.761673346162 1.049978978931904 425.6256782189012 110.5439886003733 17.11360564082861 326.812013655901 2192.268768362701 0 2576.940109454095 0 5.660851567983627 126.2168761044741 1.217290192842484 3.146770320832729 0 0.3704153895378113 3366.687168888748 42.12161425501108 1.786832600831985 81.96032766997814 1879.09218146652 0 1.703491851687431 11.6773447021842 2669.302157580853 12.10882398486137 50.30728399753571 0 1.315398298203945 5.441006503999233 20.18927727639675 3.559383347630501 104.8750001341105 1.026160053908825 54.86073464900255 15.99169801175594 138.1286738812923 4.748936414718628 0 0.5729068517684937 0.1103499308228493 0 0 32.59859409928322 0 1.582396224141121 1.22281626611948 5.257368035614491 28.26792200654745 15.76748853176832 0.2616942226886749 13.01087083667517 0 2.612612940371037 1.217697232961655 3.758518353104591 0 0 0 22.10873103886843 0.1342769414186478 3.406957477331161 0.7104933932423592 103.4337187856436 0 0.1001070663332939 0.7273048758506775 30.97698574513197 2.921500876545906 0.1144156232476234 0 0.3601323887705803 1.742017097771168 3.978699222207069 0 25.90077301114798 0.1192190200090408 1.513561122119427 0 76.10085939615965 0 0 0
0.09789453446865082 0 1.437543913722038 1.049978978931904 26.42191109061241 433.5920120552182 13.40102907270193 121.274195663631 16.07168833911419 16.15464612841606 1.559957474470139 94.93326585739851 0 35.76972533762455 1119.156665623188 0 0.8630102127790451 0.237343542277813 1.166417092084885 11.81102005392313 3.627975843846798 0 2.116763547062874 7.493833586573601 0 8.064211532473564 4.231200128793716 5.406347595155239 28.07718056440353 6.004431627690792 0 191.5558899790049 5.624396778643131 105.7126002460718 0 75.18612942844629 15.80280687659979 405.129812836647 85.01653220504522 2873.960160642862 12.05836318433285 0 1.532061979174614 0 0.34514319896698 0 0 0 0 0 0 0 0 0.2853363454341888 0 0 0 0 0 0 0 0 0.358881413936615 0 0 0 0.6319546550512314 0 0.0975138396024704 0.3970512673258781 0 0 0 0 0 0 0 0 0.4757479876279831 0 0 0 0.5765976756811142 0 0 0
5.187665998935699 0.311810240149498 48.6166795194149 425.6256782189012 433.5920120552182 10349.80658048391 3407.964409686625 4473.014478422701 35.71826532483101 10067.3568129316 3.028597444295883 2461.282404445112 0 451.0629676952958 773.7482868656516 0.5627700835466385 10.43759046494961 0.5469059199094772 3.003711044788361 672.2948477491736 25.5657297745347 4.425881698727608 18.85035514086485 209.4799754396081 0 26.23348248004913 29.22919236123562 1386.882351890206 471.398541752249 86.95719170570374 0 351.7626766189933 107.2198772877455 420.6556756570935 5.311850294470787 439.5954006910324 38.23479170352221 955.2309171967208 168.9462078660727 1608.147341325879 54.24913887679577 0.1738627254962921 8.931604646146297 0 0.2179733961820602 0 1.463989675045013 0.1275278031826019 0.8131055533885956 0.2163576036691666 1.568568557500839 12.01677910238504 11.29591150581837 0.4847593382000923 10.13525453954935 0 2.192742727696896 1.627839922904968 10.8146695047617 0 0 0.08227313309907913 17.6846723780036 1.542605742812157 2.666398204863071 0.8246342241764069 52.19002934545279 0 0.3506320863962173 1.868941985070705 21.67913749814034 1.606789879500866 0.2322647273540497 0 0 0.7495139315724373 1.643589951097965 0 21.30791685730219 0.0861283466219902 0.3883143365383148 0 34.16120918095112 0 0 0
143.7061404809356 0.4205873608589172 1162.028604060411 110.5439886003733 13.40102907270193 3407.964409686625 7318.500547461212 6029.613044913858 154.4964440986514 7406.019547775388 3.520591139793396 186.8241310194135 0.3685120791196823 4176.62838049233 12.69389942288399 1.380479730665684 76.5778736397624 0.5539344549179077 4.461036667227745 262.4106282964349 1818.144894614816 8.599561668932438 1280.23188668862 270.440016195178 0 44.57953628897667 55.57042975723743 9896.990191236138 624.5550555177033 4862.769638068974 0 44.02393909916282 250.7331820502877 716.2757150270045 35.76995941996574 764.2774277254939 22.14953755587339 1203.392862588167 245.4972170963883 1350.236503645778 59.95171094685793 0 21.58001976460218 0.3903213888406754 0 0 2.084179125726223 0 1.709015093743801 0.794378973543644 10.83845999836922 38.04553335160017 17.21146379411221 0.7164733111858368 18.1348612755537 2.67255425453186 1.800177976489067 3.761621758341789 5.117877513170242 0 0.1789871156215668 0 27.47480188310146 1.733107134699821 4.743415631353855 1.16701352596283 81.57716267555952 0 0.4115538150072098 1.415690258145332 34.40985048562288 5.80184655636549 0 0 0.2452574893832207 5.820151597261429 8.980885669589043 0 48.54577631503344 2.812998428940773 4.430617175996304 0 110.7491049468517 0 1.299407601356506 0
1859.932796746492 0.3067164719104767 1179.943714115769 17.11360564082861 121.274195663631 4473.014478422701 6029.613044913858 6585.917062364519 6.333277441561222 2057.967246711254 7.005506008863449 351.1177820116282 0.7532102018594742 5819.146846946329 364.6437576934695 9.924523264169693 424.2088660895824 0.4157170802354813 11.88909307122231 75.77635833621025 464.7983936779201 4.273459911346436 489.7272682599723 108.7070825397968 0.1262458711862564 61.0843750089407 28.25328649580479 621.9146056696773 3883.215188659728 2637.915761258453 0 291.5513666495681 630.1379488781095 595.519853554666 3.083682119846344 519.2484771981835 31.02071039378643 662.6278810538352 129.1315831616521 1022.601723954082 15.07206237316132 0 6.860171519219875 0 0.09287296235561371 0 0.3294358849525452 0 0 0 0.3647608757019043 3.340734496712685 1.898649446666241 1.935345441102982 1.281219959259033 0.8112207055091858 0.3567873239517212 0.09715853631496429 12.22518640756607 0 0 0 3.097478911280632 3.887043215334415 5.912958934903145 0.5584263578057289 27.10183672606945 0 0.09097366780042648 1.001400895416737 13.01628775894642 0.8569126725196838 0 0 0 0.09682503342628479 0.5129649639129639 0.1510749012231827 10.50301000475883 0 0.6655233949422836 0 6.842589750885963 0 0 1.091915845870972
0 806.9766430482268 26.47697030007839 326.812013655901 16.07168833911419 35.71826532483101 154.4964440986514 6.333277441561222 855.0630285739899 453.8947800174356 0.5441446676850319 310.4017929285765 1.499435514211655 0.6648574769496918 465.874290600419 86.36925717443228 1.679232381284237 0 0.717402771115303 1348.351348213851 22.47466318309307 5544.256607756019 38.53697543591261 6872.168247453868 0 0.5914757996797562 582.7052451744676 2288.077822640538 6.290053613483906 3.535687029361725 0 5.396312430500984 0.1394883245229721 16.7940835505724 0.155838668346405 343.1927944645286 55.62353298813105 41.16970770061016 4.50823999941349 116.2311505526304 2.175165727734566 1.367089331150055 0.5378986597061157 1.534119591116905 4.317162081599236 0.848377101123333 18.02686151862144 0.3035666793584824 11.3178980126977 12.6352958381176 43.45941836386919 763.449798822403 183.5730056986213 3.427891939878464 123.7549299672246 0 22.90466375648975 31.53930275887251 173.466068521142 0 0 0.1166796833276749 318.5350586101413 19.82403799146414 227.0116396024823 6.473961479961872 2207.423833988607 0 0.6165364310145378 8.894019939005375 345.7413884624839 37.30694237351418 2.563435107469559 0 0.9196866750717163 23.58650083094835 57.93554829061031 0 214.5512082576752 1.580111265182495 53.22852738946676 0.319496177136898 1104.286032922566 0 0 1.31835725903511
6.770518966019154 0.3339625597000122 454.7871348187327 2192.268768362701 16.15464612841606 10067.3568129316 7406.019547775388 2057.967246711254 453.8947800174356 25994.77296443656 3.360732264816761 4137.044636845589 0.7517230734229088 275.1512209177017 115.8281135484576 0.7100279480218887 36.16855370253325 0.7076886668801308 7.387561902403831 4816.379462905228 388.0553167760372 18.74278821051121 244.250513099134 1189.338956482708 0.3785042762756348 45.63171862065792 76.25183781981468 9652.818402931094 940.111926689744 906.7749014422297 0 55.59860868752003 635.041780360043 1116.84019966796 31.32268891483545 698.971293412149 48.05307774245739 1961.646244347095 316.500022739172 1109.654126361012 68.3059029057622 0.2638690173625946 22.76018139719963 0.5540425404906273 0 0 11.48948982357979 0.1448550373315811 4.866552740335464 4.196315325796604 17.95355547219515 74.35200510919094 86.94081494212151 2.238590717315674 124.3789322078228 0.0740714967250824 8.058756083250046 10.1605452299118 34.53799615055323 0 0.08256471157073975 0.1542916744947433 114.9901830479503 4.356525465846062 15.80033008754253 3.140720754861832 272.7183759137988 0.1916878074407578 0.3666750714182854 1.938424706459045 119.5053084418178 11.67644907534122 0.3253111243247986 0 1.039700128138065 8.733960337936878 20.6131164804101 0 107.7954494729638 0.7779446095228195 13.7587695941329 0 269.4808639213443 0.6325785517692566 1.067738056182861 0
0 895.6271805614233 231.8781969770789 0 1.559957474470139 3.028597444295883 3.520591139793396 7.005506008863449 0.5441446676850319 3.360732264816761 4239.787266328931 1.097317382693291 5494.342083610594 5.311802737414837 0 1.665707238018513 115.6505596786737 3033.645618848503 2523.546094961464 1.867513433098793 6.698018178343773 4.531995661556721 42.61375756561756 8.361424989998341 1925.307321235538 15406.06804399937 8600.650301538408 2.215386018157005 25.8574947565794 7.116185091435909 1612.762615717947 5.291222751140594 2.994805514812469 2651.061903692782 2.101013153791428 238.7647176384926 9717.622200012207 6961.622940085828 149.6889626160264 31.19616877287626 6.098217315971851 1115.093622714281 4.701025992631912 0 153.4602593481541 3.728372633457184 0 0 0 0 0.4172155857086182 0 0.1194258406758308 1157.478681690991 0 2702.143757119775 0 0 0.6816933676600456 1.018180772662163 76.54508166015148 5.922333590686321 0.1748804450035095 0 0.1789473742246628 0.2798197418451309 0.4415929168462753 450.4344932958484 174.7359230592847 1371.368172034621 0 0.2077548205852509 0 56.49835023283958 0.4448346123099327 0 7.148517705500126 0.6660628318786621 0.303058996796608 278.163694486022 24.54454557597637 1.480180040001869 0 0 212.2249126732349 0
0.2575595527887344 1.52287457883358 5.07405897974968 2576.940109454095 94.93326585739851 2461.282404445112 186.8241310194135 351.1177820116282 310.4017929285765 4137.044636845589 1.097317382693291 4215.713559262455 4.970435932278633 73.60289704054594 1205.641691893339 1.144027128815651 1.714446768164635 0.4963085725903511 2.571893282234669 7222.084902018309 6.29268304258585 15.372289955616 5.869509428739548 587.7890524417162 0 15.33155334740877 21.18465975672007 2142.728175915778 184.201511785388 11.80785669386387 0 37.37264580279589 21.21021419763565 212.9460958465934 12.77895811200142 1777.647458069026 28.07795536518097 712.2581286728382 129.1051965504885 1797.198222130537 31.15655338764191 1.280129343271255 15.22651258111 0.1159320250153542 0 0 6.527596838772297 0.1472717374563217 5.235415197908878 2.672360807657242 8.090136371552944 48.15225355327129 101.8798293247819 1.690872624516487 64.24887534976006 0 2.369440592825413 10.46539345383644 13.45557667315006 0 0 0 81.71571047604084 2.960741199553013 8.652833819389343 4.215724892914295 167.2832561060786 0 1.181875824928284 1.230913296341896 86.48069462180138 9.112164959311485 3.33542163670063 0 0 4.813950598239899 11.55693636089563 0 193.6973014771938 0.1732705235481262 5.122124940156937 0.2474749386310577 424.1686556264758 1.121913194656372 1.227904200553894 0.8416306674480438
0 622.9487406983972 171.9369090721011 0 0 0 0.3685120791196823 0.7532102018594742 1.499435514211655 0.7517230734229088 5494.342083610594 4.970435932278633 2959.837500423193 0.8448528796434402 0 59.35501524806023 5.279621101915836 15.75023843348026 20.19516468048096 0 24.02139350771904 0.7529689371585846 142.4066923707724 10.15309687703848 5441.346401542425 1845.940343141556 7383.872214108706 10.50908005237579 1.265614919364452 0.08165822923183441 214.6355588138103 0.1219845563173294 0 383.4481711983681 10.26546835899353 2549.669080793858 9976.678280942142 6504.341957360506 208.1492326706648 114.8179360106587 0 663.9157674387097 1.288703806698322 0 94.63577971607447 18.10744579136372 0 0 0 0 0 0.1192743629217148 0 717.1283771619201 0 3243.58447240293 0 0 19.66139268875122 0.9921026304364204 12.36515911668539 1.258407697081566 0 0.107787124812603 3.542314782738686 2.482566356658936 0.2088389545679092 538.8561946898699 57.20961247384548 615.3503371700644 0 0 0 24.90162808448076 0 0 1.326024577021599 0 19.58581122756004 274.2745024934411 7.967970542609692 0.6629077643156052 0 0 229.9009163975716 0
3157.680183947086 0.835286557674408 1488.672594506294 5.660851567983627 35.76972533762455 451.0629676952958 4176.62838049233 5819.146846946329 0.6648574769496918 275.1512209177017 5.311802737414837 73.60289704054594 0.8448528796434402 7635.966284915805 50.05845113098621 4.014568969607353 406.077668260783 1.234513394534588 12.25180358439684 19.69660566002131 532.2514982819557 0.8472198396921158 646.2523062601686 33.50393757969141 0 62.383883677423 16.95830546319485 356.3595081046224 9348.349250346422 5772.510370701551 0 512.9269046857953 895.1725734844804 409.3653235770762 3.39853498339653 235.7613951638341 21.2629286646843 421.5304718986154 72.34738264977932 242.9794733151793 4.53487915545702 0 2.725353792309761 0.1054731160402298 0.3733468800783157 0 0 0 0.1391150802373886 0 0.4266129285097122 0.3505565375089645 0.6470796838402748 0.3842034190893173 0.1670802384614944 0 0.3220437467098236 0 2.573799312114716 0 0 0 1.704278774559498 0.6491851955652237 2.823279179632664 0 5.226078629493713 0 0.1013641431927681 1.094290219247341 0.7311866581439972 0.08226156979799271 0 0 0 0 0.338284932076931 0 2.234284266829491 0 0.9780041575431824 0 4.624290436506271 0 0 0
0 1.91572031378746 1.582801431417465 126.2168761044741 1119.156665623188 773.7482868656516 12.69389942288399 364.6437576934695 465.874290600419 115.8281135484576 0 1205.641691893339 0 50.05845113098621 162.6440935283899 1.771155774593353 0.1706106886267662 0 0.1071625724434853 713.2455291152 0.688677191734314 23.11239228397608 3.072191402316093 1180.41487198323 0 0.1116576641798019 4.342081300914288 219.6018986850977 10.85241018980742 0.4138471335172653 0 709.121039390564 0 10.19473168998957 0 435.3232204765081 0.8177158832550049 3.265519440174103 0.2475366145372391 1861.012400865555 56.1689375191927 0 0 0 0 0 0.1479989588260651 0 0.1033561155200005 0.0827144980430603 0.4380714893341064 7.233544684946537 3.997455835342407 0.6684831976890564 3.053197205066681 0 0 0.165951132774353 0.7582336962223053 0 0 0 6.604026809334755 0 0.8049484565854073 0 10.58350476622581 0 0 0 2.933769576251507 0 0 0 0 0.202229306101799 1.040179163217545 4.672530442476273 23.17750158905983 0 0.7407844066619873 0 73.95547722280025 0 0 0
0.4217812418937683 112.3633050769567 1.430355355143547 1.217290192842484 0 0.5627700835466385 1.380479730665684 9.924523264169693 86.36925717443228 0.7100279480218887 1.665707238018513 1.144027128815651 59.35501524806023 4.014568969607353 1.771155774593353 4742.417695418 3.013105012476444 0 2.081444725394249 0.4244080036878586 4509.049066133797 1157.29553258419 2397.430927805603 2382.839948482811 24.50372932851315 2.188421905040741 5138.356803029776 491.8545469716191 7.53028216958046 1.218677379190922 0.1017798855900764 0.2881655097007751 2.729883655905724 16.44306144118309 23.8992982506752 1809.146933846176 306.4877302572131 206.7795349732041 413.0534332841635 25.37304128706455 5.44982884824276 33.31298196315765 14.23622210323811 0 25.81279185414314 7.323169648647308 0.1290393322706223 0.2161678597331047 0.2704822868108749 0.4714321494102478 1.010817296802998 100.3060753270984 1.241309903562069 56.4304858148098 1.595681942999363 26.75439494848251 1.732183068990707 1.10776224732399 2240.570944540203 10.10716746747494 0.4595208615064621 2.353364199399948 1.189629442989826 131.6128412634134 1482.363441169262 356.355735078454 293.561815187335 0.1568608283996582 0.1003107577562332 632.2057629004121 103.9375792592764 1.857743926346302 0.2375078052282333 0 0 0.4295311272144318 9.581419616937637 21.55633971840143 476.7519773319364 4.567341774702072 47.72752444446087 9.716265439987183 65.39300322532654 5.761663198471069 24.89369606971741 26.90262812376022
59.38411378860474 3.813061818480492 9580.374798260629 3.146770320832729 0.8630102127790451 10.43759046494961 76.5778736397624 424.2088660895824 1.679232381284237 36.16855370253325 115.6505596786737 1.714446768164635 5.279621101915836 406.077668260783 0.1706106886267662 3.013105012476444 2256.33734805882 110.9549493417144 2055.167182989419 8.840598218142986 311.1753520742059 1.636166200041771 2167.947327822447 24.06068582832813 1.324744485318661 3202.704011779279 7249.075601659715 26.65154584497213 227.2701365426183 858.6642091572285 0.2983685806393623 2.424361899495125 34.90970404446125 852.9550860375166 10.36847151070833 151.7604584395885 47.91023673862219 342.9541843235493 54.78348185867071 17.05723464488983 4.304354712367058 0.3925915658473969 1.876120574772358 0 7.088402308523655 0.8415169790387154 0 0 0 0 0 0.2198085337877274 0 1.09765237569809 0 0 0 0 0.3662755042314529 0.2366390600800514 0 0.08428196609020233 0 0 0.7279399633407593 0.1050880327820778 0.4912326335906982 0.3336228653788567 1.362801298499107 22.03254220634699 0 0 0 0 0.1025858744978905 0 0 1.116051912307739 0.223801389336586 0.7074185386300087 0.08953690528869629 0 0.6312000751495361 0 0.1583271026611328 0.2073245048522949
0 11.46211078763008 1.591967828571796 0 0.237343542277813 0.5469059199094772 0.5539344549179077 0.4157170802354813 0 0.7076886668801308 3033.645618848503 0.4963085725903511 15.75023843348026 1.234513394534588 0 0 110.9549493417144 337.6704574078321 501.397713072598 0 0.2235836461186409 0.09332567453384399 0.2957211211323738 0.9054910317063332 6.356067135930061 9924.9131058231 1495.029671221972 0.1769558861851692 9.407223351299763 1.209281384944916 1.693782515823841 1.242742136120796 0.2996143251657486 192.8036184608936 0.5597217604517937 15.53785824775696 104.2481077611446 211.9054576233029 36.71267605572939 0.5776120498776436 0.7641617506742477 3.77032608538866 0.4949680492281914 0 12.8431351184845 0.1081055775284767 0 0 0 0 0 0 0 28.49731995165348 0 7.733701959252357 0 0 0 0 5.596837267279625 0.4342113435268402 0 0 0 0 0 6.55479746311903 11.68369419872761 84.2091723755002 0.1497371941804886 0 0 0.7775720879435539 0 0 0.3004701435565948 0 0 3.398472122848034 1.441959030926228 0 0 0.1260312795639038 0.251504510641098 0
0.9548082277178764 4.241973973810673 1396.957003153861 0.3704153895378113 1.166417092084885 3.003711044788361 4.461036667227745 11.88909307122231 0.717402771115303 7.387561902403831 2523.546094961464 2.571893282234669 20.19516468048096 12.25180358439684 0.1071625724434853 2.081444725394249 2055.167182989419 501.397713072598 144.4988444671035 2.359706975519657 7.778289459645748 1.402300015091896 52.80417834967375 11.58257395774126 3.753660045564175 12406.10744480044 3524.55360994488 7.363704785704613 24.63796028494835 18.65936896950006 1.261637486517429 3.311006769537926 4.493621356785297 829.5261303335428 0.3179830014705658 38.19838341325521 348.7718950137496 314.6396697610617 32.58450185507536 3.066007815301418 0.4972222000360489 8.437427334487438 0.47587800770998 0 4.90212095528841 1.030919574201107 0 0 0 0 0 0 0 3.955995798110962 0 1.797989010810852 0 0 0.5388222187757492 0 0.5092156454920769 0.4472506269812584 0 0 0.8497076705098152 0 1.112729303538799 0.3368056043982506 2.000952124595642 24.71193834394217 0.4140159785747528 0 0 0.09031301736831665 0 0 0.1534359008073807 0.1472355425357819 0.1303769946098328 2.729693666100502 0.4165189117193222 0.1042890623211861 0 0 0.6668871492147446 0
0.2887094169855118 1.40516996383667 179.4581808149815 3366.687168888748 11.81102005392313 672.2948477491736 262.4106282964349 75.77635833621025 1348.351348213851 4816.379462905228 1.867513433098793 7222.084902018309 0 19.69660566002131 713.2455291152 0.4244080036878586 8.840598218142986 0 2.359706975519657 963.7695272639394 73.97500743716955 4.312925204634666 67.56200079619884 2954.223740123212 0 7.325633503496647 18.37650845199823 5056.325151644647 58.85549877583981 147.1906948015094 0 8.47367974370718 22.25718056410551 98.89326440542936 11.01010962575674 694.8422378599644 20.62197685241699 296.137822188437 61.10227411985397 898.8309078067541 15.61403535306454 0 7.96698360145092 0.1801914125680923 0 0 7.76763790845871 0.3989542126655579 5.370998613536358 3.888524122536182 21.38430482894182 106.8769736588001 100.704702809453 3.24050784856081 111.6435397937894 0.9518121182918549 7.930305577814579 11.89442231506109 14.9666558355093 0 0.08032181859016418 0 162.1630274951458 3.242792285978794 8.353061974048615 3.028654061257839 319.3145049661398 0 0.4957543388009071 0.1940226703882217 130.9300949275494 21.86394780874252 0.08985015004873276 0 0.6262541338801384 12.17828589677811 28.178017988801 0.6369060277938843 197.0716778859496 0.4675813466310501 14.82113064825535 1.077328726649284 503.3479330390692 0 0.5701667666435242 4.797569990158081
178.4659573957324 67.40922921895981 210.6434032097459 42.12161425501108 3.627975843846798 25.5657297745347 1818.144894614816 464.7983936779201 22.47466318309307 388.0553167760372 6.698018178343773 6.29268304258585 24.02139350771904 532.2514982819557 0.688677191734314 4509.049066133797 311.1753520742059 0.2235836461186409 7.778289459645748 73.97500743716955 8878.431236639619 400.4385798126459 10353.64370051771 2305.116653390229 2.553817093372345 18.6495261862874 1381.583226718009 6106.906754367054 420.7227092571557 15000.394851394 0 11.20429829508066 92.5666586831212 3073.427838042378 363.1859385743737 9176.479704082012 591.1166710481048 6965.297575410455 4832.116298407316 219.3656793385744 108.2331122905016 12.25198976695538 70.24623031914234 0.3177930116653442 1.536065429449081 0.6006814241409302 0.6079787611961365 0 0.5373979210853577 0.9962137192487717 5.791163682937622 63.22918736189604 7.137563280761242 28.07327316701412 6.87068123370409 4.723127573728561 4.705806322395802 1.992521271109581 1000.472515806556 1.426525577902794 0 0.3554540127515793 8.02779421210289 170.3505022451282 286.8964448347688 96.20653400570154 446.1470891833305 0 0.7115348875522614 21.7837733104825 198.9141125977039 4.013321079313755 0.3807063326239586 0 0.2498840838670731 0.4394298195838928 9.652268558740616 67.50903876870871 319.6017954126 5.501693375408649 16.97093840688467 14.93997015058994 119.8719070106745 2.826922029256821 8.501576036214828 5.866728365421295
0 1772.495754852891 10.16783906519413 1.786832600831985 0 4.425881698727608 8.599561668932438 4.273459911346436 5544.256607756019 18.74278821051121 4.531995661556721 15.372289955616 0.7529689371585846 0.8472198396921158 23.11239228397608 1157.29553258419 1.636166200041771 0.09332567453384399 1.402300015091896 4.312925204634666 400.4385798126459 1467.522184602916 216.623597279191 4716.907632365823 1.16671222448349 2.416947893798351 3585.010843262076 231.1372238174081 4.001440830528736 0.1318885684013367 0 1.10802860558033 4.25183629989624 10.02319743484259 0.9358029514551163 35.19557198882103 3.090297654271126 37.96085733175278 8.41005240380764 39.00386700034142 0 2.634788751602173 0 0 261.1739442795515 26.33482784032822 0.1815450936555862 0 0.2290108278393745 0.6005692556500435 5.360642544925213 267.2109090611339 4.817273110151291 4.567128226161003 1.721087954938412 0 5.107331618666649 2.929661937057972 2067.592992402613 14.1452828720212 1.016765139997005 5.315277926623821 3.725059285759926 107.9968673959374 809.5945019349456 265.6277303546667 591.3061239793897 0.6748335212469101 1.531301096081734 1817.359644621611 118.10616761446 3.768820583820343 0.6794414669275284 0 0.1772911623120308 3.300275236368179 20.17783182859421 11.85943897068501 152.6718105226755 5.673576772212982 30.86909804493189 4.831414744257927 72.95062503218651 3.141337931156158 0.8377741128206253 2.484767198562622
298.5734931007028 7.704121895134449 4582.003403797746 81.96032766997814 2.116763547062874 18.85035514086485 1280.23188668862 489.7272682599723 38.53697543591261 244.250513099134 42.61375756561756 5.869509428739548 142.4066923707724 646.2523062601686 3.072191402316093 2397.430927805603 2167.947327822447 0.2957211211323738 52.80417834967375 67.56200079619884 10353.64370051771 216.623597279191 12487.08530966938 1399.04944678396 12.23125053942204 123.0607726275921 3965.238963253796 3091.162019602954 406.7415082082152 3688.22404153645 0 3.221110723912716 29.82190959900618 2461.714981794357 254.240856833756 15263.76305919886 5270.397871136665 8337.206798922271 8583.415043897927 478.7831100672483 93.72692184150219 35.12768477201462 120.9668948724866 0 74.78491654247046 33.81811410188675 0.3537206053733826 0 0.1790036112070084 0.1964060962200165 2.418845497071743 35.68191984295845 2.573775179684162 40.87195797264576 1.617398925125599 7.382740557193756 0.3758550807833672 1.639523766934872 1150.673044413328 17.8713763654232 0.3011777102947235 2.311445459723473 4.782914817333221 41.691704839468 944.2526338398457 188.3221110925078 87.58804331719875 0.1320162862539291 0.7432484477758408 1671.783640697598 35.15041927993298 1.091351762413979 0.3027439564466476 0 0 0.7788024097681046 4.292871356010437 240.2919269576669 429.9022124409676 41.63241486251354 19.64377111196518 18.41123948991299 38.72627680748701 6.012316644191742 17.65534713864326 12.10184144973755
2.159670621156693 332.0630788952112 465.5756020918489 1879.09218146652 7.493833586573601 209.4799754396081 270.440016195178 108.7070825397968 6872.168247453868 1189.338956482708 8.361424989998341 587.7890524417162 10.15309687703848 33.50393757969141 1180.41487198323 2382.839948482811 24.06068582832813 0.9054910317063332 11.58257395774126 2954.223740123212 2305.116653390229 4716.907632365823 1399.04944678396 11368.49344351143 1.336271226406097 8.320579901337624 5168.935410916805 9676.642792344093 58.02597779780626 61.8540358170867 0 5.025480918586254 37.73134245723486 102.5935608223081 31.70943288505077 1277.69874805212 24.98362854123116 230.98218036443 76.08362214267254 523.7397285327315 9.727703139185905 1.605626702308655 7.582105897367001 1.041397348046303 12.67077483981848 3.53584273904562 14.50580041855574 0.8111043870449066 13.5656860768795 14.90776246786118 76.98887665569782 655.3791284114122 164.6386021971703 5.896176405251026 92.34051436185837 1.129721157252789 34.35177942365408 16.92748910188675 572.8245156481862 1.044019311666489 0.6088667213916779 0.102353647351265 251.7067800834775 95.4945312961936 432.9053685218096 35.70959681272507 1980.506730183959 0 1.847343482077122 52.17814771831036 604.1779815591872 68.84055088460445 1.049578174948692 0 2.542160518467426 32.58496349304914 89.29287722706795 3.928269997239113 413.5741033554077 5.023373767733574 70.36778355389833 1.751114524900913 795.8483428657055 2.809287011623383 3.55303618311882 3.972173899412155
0 263.6753519326448 115.1682515889406 0 0 0 0 0.1262458711862564 0 0.3785042762756348 1925.307321235538 0 5441.346401542425 0 0 24.50372932851315 1.324744485318661 6.356067135930061 3.753660045564175 0 2.553817093372345 1.16671222448349 12.23125053942204 1.336271226406097 382.4551442861557 131.30749271065 4630.853963337839 1.901431649923325 0.2333805561065674 0 71.37462163716555 0 0 95.95788220316172 52.5922024846077 227.695377998054 305.7294135391712 297.5018437206745 227.7083901911974 30.05197397619486 12.19069147109985 565.6813921630383 5.780064344406128 0 133.9059063494205 47.6186408251524 0 0 0.1210338398814201 0 0 0.3733550906181335 0 474.1535761058331 0 1562.790345996618 0.1199103444814682 0 4.903069347143173 1.540011167526245 42.7315968349576 2.766326554119587 0 0 3.047787249088287 0 0.9349686503410339 157.7920435070992 56.76979749649763 1284.130392432213 0 0 0 17.21915808320045 0 0 2.634835436940193 1.146719992160797 13.88755387812853 67.99032108485699 13.42863131314516 0.3936280906200409 0 0.285813182592392 45.99471533298492 0
2.466640375554562 171.7358766570687 1680.144574917853 1.703491851687431 8.064211532473564 26.23348248004913 44.57953628897667 61.0843750089407 0.5914757996797562 45.63171862065792 15406.06804399937 15.33155334740877 1845.940343141556 62.383883677423 0.1116576641798019 2.188421905040741 3202.704011779279 9924.9131058231 12406.10744480044 7.325633503496647 18.6495261862874 2.416947893798351 123.0607726275921 8.320579901337624 131.30749271065 11688.22048165649 4329.586955077946 14.07712664455175 224.9626941308379 57.50591921061277 427.2852341979742 34.01446013897657 12.0629572942853 4468.93013664335 8.493795499205589 698.8287488743663 8153.694244459271 5509.408271819353 1163.00246475637 46.70190673321486 14.43941833823919 297.9032496735454 8.75714910030365 0 1340.158972978592 3.840849876403809 0 0 0.4200205951929092 0 3.253550790250301 2.787116505205631 0.3420940339565277 1117.91081815213 0.1681583970785141 577.0324355810881 1.054345041513443 0 11.49431046098471 13.27972305566072 171.4589837938547 65.58778227120638 0.1126349121332169 0.09417040646076202 8.076216138899326 1.35268796980381 12.5690635368228 183.8848820403218 972.0490752235055 6338.093803808093 1.856728926301003 3.523248106241226 0.08878080546855927 23.80568090826273 1.717146828770638 0 36.93089111149311 1.56826251745224 5.207452893257141 717.8979367017746 91.77717426419258 13.73702166229486 1.481675378978252 1.128057792782784 162.8500875607133 0
0.3744470998644829 6388.780411608517 1001.434462286532 11.6773447021842 4.231200128793716 29.22919236123562 55.57042975723743 28.25328649580479 582.7052451744676 76.25183781981468 8600.650301538408 21.18465975672007 7383.872214108706 16.95830546319485 4.342081300914288 5138.356803029776 7249.075601659715 1495.029671221972 3524.55360994488 18.37650845199823 1381.583226718009 3585.010843262076 3965.238963253796 5168.935410916805 4630.853963337839 4329.586955077946 24207.4193585813 1263.217108659446 135.8580086231232 27.89264348894358 932.8405278176069 17.56860623508692 58.26966296881437 7348.400266952813 196.7544898316264 12088.95698482543 6033.542105361819 18165.93163581938 6318.665498875082 697.5533869042993 50.27759838104248 564.6565137580037 96.77549283951521 0.2724418491125107 4781.08855073899 649.2124664708972 0.2151402980089188 0 0.3169064298272133 0 3.057682529091835 18.73985228687525 2.193472571671009 2000.358855471015 1.561226367950439 1763.699292711914 1.236855156719685 0 759.7966814935207 97.41374728828669 308.135368488729 65.31245080381632 1.652131512761116 14.27568979561329 2243.838201954961 119.85111322999 98.32144999504089 998.0093510895967 794.1019806563854 15746.62862794846 21.32829456031322 3.669344037771225 1.330852270126343 86.73157372325659 1.35021410882473 2.011217445135117 51.54811602830887 145.9867939054966 86.17710553109646 806.4091842770576 97.66957525163889 16.97360021620989 13.6097664013505 2.325904741883278 262.0496138930321 20.62030915915966
18.8012165799737 20.12792517989874 622.5348569601774 2669.302157580853 5.406347595155239 1386.882351890206 9896.990191236138 621.9146056696773 2288.077822640538 9652.818402931094 2.215386018157005 2142.728175915778 10.50908005237579 356.3595081046224 219.6018986850977 491.8545469716191 26.65154584497213 0.1769558861851692 7.363704785704613 5056.325151644647 6106.906754367054 231.1372238174081 3091.162019602954 9676.642792344093 1.901431649923325 14.07712664455175 1263.217108659446 12329.02411357313 167.6732761226594 2405.138164743781 0.09275419265031815 11.42733120918274 109.5060552582145 268.0081333741546 122.5369671955705 3331.647239983082 19.35246701538563 582.0162653848529 224.2454525232315 898.2958849668503 35.89635758846998 4.649623408913612 25.70870527625084 1.281353488564491 1.737195037305355 1.349999971687794 16.97952333837748 0.3618211448192596 15.72710216790438 10.04541186243296 67.63346187770367 318.2368507385254 173.0366531461477 14.35687604546547 95.5133313536644 4.619742192327976 31.4183275103569 17.60526639223099 313.1995121389627 0.5877268463373184 0 0.2563852593302727 275.0545612946153 60.02497842907906 164.2597500011325 23.32635109871626 1343.276997946203 0.1087438464164734 1.568735472857952 9.791629016399384 468.1363247334957 60.81100238114595 0.8902201503515244 0 2.437608432024717 32.69452294707298 95.23587155342102 4.696728363633156 332.8049650341272 0.2277673035860062 53.88096906989813 1.522877067327499 643.2801861688495 1.934122562408447 1.204349040985107 4.020710006356239
687.399971447885 1.381594032049179 492.5391757190228 12.10882398486137 28.07718056440353 471.398541752249 624.5550555177033 3883.215188659728 6.290053613483906 940.111926689744 25.8574947565794 184.201511785388 1.265614919364452 9348.349250346422 10.85241018980742 7.53028216958046 227.2701365426183 9.407223351299763 24.63796028494835 58.85549877583981 420.7227092571557 4.001440830528736 406.7415082082152 58.02597779780626 0.2333805561065674 224.9626941308379 135.8580086231232 167.6732761226594 8204.987681910396 2738.383952736855 0 319.0108202025294 4810.154217764735 1820.519718784839 2.553390145301819 375.8949661068618 50.6871691942215 2045.876145146787 188.6864226460457 305.9637548997998 59.0975359454751 0.2875335514545441 6.17867099493742 0 1.838536433875561 0 0.3037695586681366 0 0 0 0.7437561601400375 4.769396841526031 0.3873536884784698 4.321551278233528 1.966782882809639 1.050767667591572 0.4599079415202141 0 10.33269081264734 0.09441923350095749 0.7573916614055634 0.1929193362593651 1.981873370707035 2.239745877683163 5.904663659632206 1.520590603351593 21.02530613541603 0.7162803262472153 1.65874394774437 10.17563842236996 6.063853450119495 0.1395485401153564 0 0 0.275931179523468 0.5166684985160828 0.6803036630153656 0.1200595274567604 5.542160138487816 0.7101033627986908 1.403651714324951 0 7.042280457913876 0 0.09257018566131592 0
1921.545250691473 0 1210.060490172356 50.30728399753571 6.004431627690792 86.95719170570374 4862.769638068974 2637.915761258453 3.535687029361725 906.7749014422297 7.116185091435909 11.80785669386387 0.08165822923183441 5772.510370701551 0.4138471335172653 1.218677379190922 858.6642091572285 1.209281384944916 18.65936896950006 147.1906948015094 15000.394851394 0.1318885684013367 3688.22404153645 61.8540358170867 0 57.50591921061277 27.89264348894358 2405.138164743781 2738.383952736855 8463.856340758502 0 28.89590090513229 827.5665732994676 1617.206511229277 202.6800858154893 2660.578140132129 13.55385123938322 2218.250097826123 648.3889425322413 758.6672485098243 91.64704095572233 0 39.64479383826256 0 0 0 0 0 0 0.2496114075183868 0.3406650722026825 0.5470266044139862 0.09815926849842072 0.3601828664541245 0.125331312417984 0 0 0 0.3969992995262146 0 0 0 0.2589468955993652 0 0 0 2.406651355326176 0 0.2171588465571404 1.135101340711117 0.7140995934605598 0 0 0 0 0 0.4849241375923157 5.228662505745888 0.8290003687143326 0 0 0 0.353376716375351 0 0 0.5314602255821228
0 27.72784402221441 0 0 0 0 0 0 0 0 1612.762615717947 0 214.6355588138103 0 0 0.1017798855900764 0.2983685806393623 1.693782515823841 1.261637486517429 0 0 0 0 0 71.37462163716555 427.2852341979742 932.8405278176069 0.09275419265031815 0 0 0.141803190112114 0 0 41.22044432163239 0 0.5873071551322937 8.389575891196728 23.13621459901333 0.9786755442619324 0.1115761920809746 0 9.117177896201611 0 0 1.599014431238174 0 0 0 0 0 0 0 0 6.216725528240204 0 19.97288527339697 0 0 0 0.0910036638379097 0.4614725559949875 0 0 0 0 0 0 3.463733375072479 1.073079943656921 15.48902984708548 0 0 0 0.4915438964962959 0 0 0.1309394240379333 0 0 0.8699709549546242 0.4131200760602951 0.1772992461919785 0 0 0.5891357585787773 0
1.64617232978344 1.096420377492905 7.802442479878664 1.315398298203945 191.5558899790049 351.7626766189933 44.02393909916282 291.5513666495681 5.396312430500984 55.59860868752003 5.291222751140594 37.37264580279589 0.1219845563173294 512.9269046857953 709.121039390564 0.2881655097007751 2.424361899495125 1.242742136120796 3.311006769537926 8.47367974370718 11.20429829508066 1.10802860558033 3.221110723912716 5.025480918586254 0 34.01446013897657 17.56860623508692 11.42733120918274 319.0108202025294 28.89590090513229 0 26.99970304220915 21.46836307644844 628.4191795736551 0 248.6815170273185 39.59975564479828 1447.329406246543 296.1784773916006 918.1643718704581 271.9465238302946 0 4.971945211291313 0 0.39944077283144 0 0 0 0 0 0.3185354471206665 0.4731465578079224 0.6016915738582611 1.119136393070221 0.1958120316267014 0.1219768300652504 0 0 0.5938096269965172 0 0.2086570262908936 0 0.1124975234270096 0 0.371371328830719 0 2.727782636880875 0 0.2280454635620117 2.979715809226036 0.7071001082658768 0 0 0 0 0 0 0 0 0.08789786696434021 0.1137225553393364 0 0.780869722366333 0 0 0
