1078.862074419856 0.1195725873112679 44.2378007248044 7.524187877774239 0 10.98547065258026 1756.264367237687 312.1899882629514 2.519132249057293 92.80280774086714 24.24461235851049 2.478968404233456 0.1722244322299957 4159.124379135668 0 4.633524931967258 243.2510926648974 7.652742445468903 17.71479360759258 2.856535226106644 126.5618244335055 5.898269578814507 238.223783403635 144.2286684662104 0 27.21214012801647 44.88782019168139 142.0365575104952 3250.313481122255 2585.530863910913 0 3.19019066542387 30.45904245972633 102.8817192241549 1.360480219125748 40.16754174232483 1.48696057498455 52.92608398199081 14.17176159471273 1.690494708716869 0.7527658641338348 0.3013711124658585 0.2139459550380707 0.2968107163906097 0.1089956760406494 0.792560912668705 0.5004447549581528 0 0 6.567172273993492 0 1.792216576635838 0 0 0 0 0.09778540581464767 0 10.91987555474043 0.3128446787595749 0 0.3681426867842674 0 7.295887194573879 4.381833359599113 3.253349632024765 25.54404890537262 0 1.056808151304722 2.905145786702633 11.77864795923233 1.466337941586971 3.382015869021416 0.1111674606800079 0 0 0.1010955199599266 0 7.059182822704315 0 1.22159893065691 0.2976518124341965 0.458916574716568 0 0 0
0.1195725873112679 92.50631014257669 41.8246942460537 0.1508204787969589 0.2615227252244949 0 11.02577033638954 0.5937282368540764 749.4386182203889 1.028526864945889 58.22157561779022 12.20477909594774 1017.118868619204 0.5544199496507645 12.66983286291361 215.0761889144778 30.83395341038704 2.712139457464218 16.32833222299814 0 23.98165979981422 2189.45508108288 18.75480526685715 1422.387744814157 1917.822813354433 45.57851903140545 7082.024932056665 21.92894145101309 1.499680459499359 1.663083761930466 30.74483299255371 0 0 5.80927998572588 0 22.8893628269434 55.65496402978897 24.42942175269127 11.43294215202332 63.40056672692299 0.4956938028335571 48.41030386090279 0 0.1135264709591866 114.3539156466722 55.88219833374023 4.630396515130997 0 0 4.328068107366562 0.3932275623083115 4.906893886625767 0.2658458650112152 3.606948859989643 0 27.4254824668169 0.3765434771776199 0 0.5552920252084732 15.86255639046431 0.9852597489953041 26.5988647416234 0.6329152286052704 0 3.428824916481972 0.6095063164830208 12.24478357285261 49.90054354071617 171.4335061535239 1685.19397136569 3.836185343563557 0.6040710955858231 0.4207063689827919 4.459391601383686 0.1435800939798355 0 4.258929923176765 0.1860255151987076 22.37743996083736 11.35699207335711 19.4666603654623 11.58526989072561 0.4649435728788376 0.2819786667823792 0.8101877570152283 0
44.2378007248044 41.8246942460537 2098.722010582685 5.32486017793417 0 47.71805708855391 2113.135037101805 155.8684525713325 0.4415846168994904 89.62140175700188 143.0356732904911 1.245966784656048 18.33113758265972 215.4855073913932 0 24.83657290786505 6275.355265446007 28.24660270661116 147.1257873624563 1.182174742221832 1525.351509802043 0.9141839146614075 11707.92846252024 114.8153746500611 17.44888637959957 4897.70736155659 5021.864823542535 340.7163181900978 59.36111277341843 510.6819682195783 40.48422058671713 1.393234774470329 3.228219777345657 1023.494346864522 16.74784688651562 1573.532345078886 1262.696256168187 1547.923555351794 738.9259452298284 24.73074119538069 4.786411143839359 11.04777716100216 7.882934406399727 0 215.9163362458348 154.4140219688416 0.09689447283744812 0 0.657899022102356 1.77719933539629 0 0.1125580072402954 0 0 0 1.440745078027248 0.5270353853702545 0 8.987296402454376 21.70439484715462 0.4015806019306183 49.26240043342113 0 3.463053829967976 13.97907826304436 7.048671305179596 12.41698668152094 1.97975580394268 238.7308012247086 1414.950245276093 4.475940108299255 0.8619804605841637 3.867246150970459 2.486117072403431 0 0.2931724190711975 5.247249104082584 4.856649056077003 24.15303531289101 31.70893032848835 33.19346390664577 10.05222046375275 0 0 0 0.3653443679213524
7.524187877774239 0.1508204787969589 5.32486017793417 2636.333171971142 0 74.85874945670366 139.7487348616123 60.82699735462666 1132.265143349767 1936.95712120086 3.877112112939358 3590.233701646328 0.4412026852369308 45.59588315337896 25.23320126533508 0.8132845759391785 1.144644439220428 1.727304637432098 1.033524125814438 3690.04868363589 3.585804060101509 0 2.418708994984627 1786.044627822936 0 2.23503452539444 4.155820891261101 4077.04224576056 102.5034364014864 0.900148443877697 0.08645234256982803 4.935025312006474 7.041928239166737 36.41422240436077 2.370517015457153 85.11863171309233 0.9629192501306534 86.84531406313181 18.04099095612764 216.8028923049569 12.24159946292639 0.4933717921376228 1.856881782412529 0.3479071408510208 0 0.842840738594532 205.8636869117618 0.101852610707283 43.18787653744221 173.6576749458909 12.79185893386602 241.7036310359836 212.0901235044003 0.6791147589683533 198.6579965129495 0 2.823329575359821 6.006061211228371 0.4010641202330589 0.09247095137834549 0 0.1882309168577194 173.7949594408274 0.5324666723608971 2.583505928516388 0.1122100800275803 295.8101172819734 0.3212355226278305 0.08246331661939621 0.6021340191364288 397.2735747620463 6.849825792014599 0.2628925070166588 0 0.230234295129776 0.6680030301213264 1.033171527087688 0 6.902424611151218 0.2307981103658676 5.097940854728222 0.8808141723275185 58.60823055356741 2.374286770820618 2.768051147460938 0
0 0.2615227252244949 0 0 1.376700147986412 87.76423058658838 0.756687194108963 5.940359152853489 29.2120895087719 6.059147767722607 13.40403166413307 35.69461995363235 0.5240761041641235 0.5403631329536438 2264.106764428318 0 0 0.3898513242602348 0.3466746881604195 0.848586842417717 0 0.2990121245384216 0 0.9067836999893188 0 1.232792437076569 0 0.8638414144515991 0.9477045983076096 0.8852329254150391 0.444205179810524 24.49003550410271 0 120.3976206555963 0 17.65817114710808 0.2743347883224487 119.1960533559322 31.47609697282314 963.846780128777 9.149952553212643 0.1674745231866837 0 0 0 0 0 0 0 0 0 0 0 0 0 0 0 0 0 0 0 0 0 0 0 0 0 0 0 0 0 0 0 0 0 0 0 0 0 0 0 0 0 0 0 0
10.98547065258026 0 47.71805708855391 74.85874945670366 87.76423058658838 7075.017907492816 3420.829463504255 5750.082591757178 20.55068532377481 4622.215913336724 119.2854861021042 5269.68178936094 8.875884056091309 490.3551852330565 1008.635035894811 0.1651957631111145 23.39215157926083 21.63408195972443 16.68536079674959 374.0430261641741 23.35630827397108 0.5427670255303383 31.58676521480083 141.0870119035244 0.3447891399264336 41.57064960896969 21.98039779812098 678.7524019479752 554.1265201568604 13.03691725432873 5.37220661342144 965.7923343107104 5.630628995597363 697.8258047997952 10.5639179572463 250.5425187423825 7.187823385000229 481.9460801705718 62.60011003911495 1046.118709899485 338.4389352872968 9.406601965427399 3.056923426687717 0.3425886332988739 0.1244065836071968 0 10.98704346269369 0 2.317181676626205 104.3709846064448 2.585248820483685 10.54541216045618 7.943869151175022 0.1080644130706787 6.767587602138519 0.1285616308450699 1.224800296127796 0 0.3831806480884552 0 0 0.1294452995061874 7.186607107520103 0.8659798800945282 0.3708920776844025 0.3655016422271729 88.30531470477581 0 0.5566738471388817 1.882707573473454 90.09180632978678 4.754988305270672 2.616120420396328 0 0 0.3168727532029152 0.1926588639616966 0.2914977595210075 7.445962317287922 0.1067064702510834 2.209802038967609 1.227221079170704 4.536592207849026 0.6861928999423981 0 0.7409490346908569
1756.264367237687 11.02577033638954 2113.135037101805 139.7487348616123 0.756687194108963 3420.829463504255 12972.55982865393 2164.398264184594 145.5439724251628 11654.6423599273 44.16220578551292 44.76079621165991 5.597931191325188 5974.159326598048 1.004718706011772 25.40616013109684 836.5343639925122 17.90971039235592 39.2753774151206 117.1981348991394 2941.344531834126 7.07029727101326 2264.948323838413 1078.096334651113 6.1418227404356 195.6073948889971 544.3026095554233 14527.09164835513 720.9301283732057 6960.592938505113 5.125654503703117 23.12918501347303 41.89931841939688 335.1834075301886 27.76661686599255 1015.450167380273 55.01257029175758 736.9058715179563 221.5963507145643 119.9489516019821 100.345575734973 2.727520272135735 15.68431040644646 2.393707647919655 6.660896085202694 8.778332307934761 56.56018524616957 0 18.33156012743711 536.6445888951421 13.20053389668465 148.1067961454391 51.69626595079899 0.09318161755800247 16.64477770030499 0 4.447509042918682 1.545106053352356 23.57634244114161 1.060077108442783 0.5667748227715492 1.731763280928135 35.9045772254467 20.94707843661308 14.40300132334232 10.30108580738306 758.3211172893643 0.5203190222382545 9.896338015794754 59.84632554650307 580.1028593927622 26.8584643676877 44.4323501214385 0.1044871881604195 0 3.502321824431419 11.64543408900499 5.383195333182812 101.9120917245746 1.67647909373045 33.58761451393366 8.688408218324184 20.61450123041868 3.120443008840084 0 3.571610361337662
312.1899882629514 0.5937282368540764 155.8684525713325 60.82699735462666 5.940359152853489 5750.082591757178 2164.398264184594 9722.933573499322 14.8265490680933 2378.050345957279 139.3609132617712 645.934763584286 9.703444793820381 4399.736920200288 166.7997639551759 4.793138392269611 327.1964532658458 33.42070987075567 36.68379309400916 147.125938475132 114.9292181283236 3.522513329982758 279.6927746012807 443.6931603401899 0.1177605763077736 85.632120706141 82.05906550586224 525.4300105348229 852.1321329027414 656.2132502347231 4.750624030828476 1217.932089313865 17.36302753537893 548.9555158466101 9.556264728307724 351.0960505455732 11.17547961324453 380.9250578060746 92.90885930508375 628.3823631852865 117.142525434494 5.582178249955177 4.145468309521675 0.8264177590608597 0.9152189120650291 1.345534950494766 9.570577219128609 0 7.779932849109173 262.3360983133316 2.379245333373547 20.19680456072092 12.47306929528713 0.4320860058069229 2.230437994003296 0 1.968386992812157 0 9.919494837522507 0.2578418776392937 0.1979700326919556 0.3357644081115723 5.898469001054764 8.030367076396942 7.386100985109806 2.687651075422764 236.8774638772011 0 1.4190843552351 4.45185498893261 207.462447181344 11.45510759204626 13.73915118724108 0 0 0.5481429696083069 2.538107842206955 2.094321101903915 34.89885399490595 0.7043844982981682 8.902559407055378 5.33400022238493 10.58589078485966 1.663408920168877 0 1.908719778060913
2.519132249057293 749.4386182203889 0.4415846168994904 1132.265143349767 29.2120895087719 20.55068532377481 145.5439724251628 14.8265490680933 537.1085566431284 216.645895883441 5.749435216188431 499.9858559891582 70.77012425661087 9.167107984423637 725.3063162714243 59.02325513213873 1.799985878169537 0.4964224398136139 0.9321066364645958 733.2307496294379 38.91266770660877 2089.825139552355 2.710512846708298 6507.545392721891 221.9124751612544 5.36484831571579 462.5449763163924 786.3824069276452 24.53668849915266 9.46098268777132 7.048426285386086 1.925840690732002 2.356110252439976 6.778601914644241 0.7270633280277252 39.40284890681505 3.779030300676823 21.26423867791891 7.218263655900955 758.5964507311583 9.348034508526325 1.025531902909279 0 3.327326357364655 5.619251005351543 6.009118050336838 273.7700727730989 0.662147730588913 59.28937670588493 157.9559848830104 9.597194604575634 86.09720119088888 211.9464615508914 0.5624337792396545 374.794386073947 1.657819643616676 3.12378615885973 35.4446405172348 84.95320799201727 0.9332654997706413 0.2394639253616333 0.1217931285500526 234.501343280077 31.6070579662919 157.3256987184286 16.26510120183229 1225.139210700989 6.674941696226597 3.821296535432339 37.27541524171829 464.0484170764685 35.25761687755585 91.18389908224344 0.2469183281064034 0 5.071700312197208 10.05478291213512 2.631261467933655 87.57307980954647 1.182901412248611 27.57341757416725 9.099932745099068 132.2273785322905 0.5845979526638985 0.2286866456270218 0
92.80280774086714 1.028526864945889 89.62140175700188 1936.95712120086 6.059147767722607 4622.215913336724 11654.6423599273 2378.050345957279 216.645895883441 30524.59213266522 223.2898974493146 1677.247697852552 20.0033343732357 1699.291681967676 23.8233624920249 0.7972650602459908 49.18126606196165 54.65558791160583 41.50831250846386 3014.743231706321 47.40404107421637 0.457640066742897 66.47499517351389 706.6222484782338 0.5812181085348129 94.76584553718567 41.67557698488235 6476.164876356721 1622.433703094721 32.45697142928839 9.408003903925419 172.3446190431714 19.36696887761354 987.2308707907796 29.62583713233471 1250.881682291627 31.49863709509373 1635.173094704747 102.6351655572653 434.5100161582232 285.1899493560195 9.757905960083008 22.92011298239231 1.189238756895065 1.621411770582199 0.1240599751472473 98.56815000623465 0 24.88089619576931 301.2307807505131 9.007248014211655 126.727466724813 116.0168464556336 0.6102986633777618 94.3385371863842 0.2219758182764053 2.40647055208683 6.698734819889069 2.549709461629391 0 0 0 91.29517318308353 1.062368206679821 1.711807817220688 0.4073360562324524 300.3262486532331 1.561535589396954 1.254941068589687 3.146406315267086 345.3799983263016 10.25762832164764 3.990522883832455 0 0 0.3334795758128166 1.300408452749252 0.5195789337158203 18.85138538479805 0.3198258876800537 7.329756312072277 2.762212678790092 10.82319207489491 1.204626441001892 0 0.1364963799715042
24.24461235851049 58.22157561779022 143.0356732904911 3.877112112939358 13.40403166413307 119.2854861021042 44.16220578551292 139.3609132617712 5.749435216188431 223.2898974493146 3759.612953849137 101.0939630419016 1013.340209417045 99.57029033452272 7.712102934718132 7.514756083488464 691.9253594875336 2173.40009072423 332.7625465020537 28.44962702691555 59.05339724570513 16.05300530046225 56.99717878550291 31.07664029300213 523.0422205552459 1059.422143906355 954.9973953440785 31.82298055291176 392.7515204995871 73.92906084656715 164.1709833443165 198.8628556355834 14.08310339599848 8882.295843064785 10.60623962432146 356.37582282722 3634.655417755246 5782.644590578973 891.9814367666841 49.2015118226409 46.74140232801437 437.3310761079192 4.765487693250179 0.1550469398498535 3.765440627932549 0.1078296974301338 0 0 0 5.206683814525604 0 0.8798731490969658 0.401493638753891 190.9127825051546 0 641.0529604628682 0 0 0.3531854748725891 0 3.982735097408295 0.2454800829291344 0 0.7980878949165344 1.540354408323765 0.7050631195306778 4.775625213980675 72.70368440449238 23.18733694404364 104.5645413771272 5.060243375599384 0.2019982933998108 1.45461069047451 74.99940356612206 0 0.1030862331390381 7.677183911204338 0 9.162383690476418 207.8584490194917 14.38128309696913 0.5484063625335693 0 0.9300485849380493 322.6795506775379 0
2.478968404233456 12.20477909594774 1.245966784656048 3590.233701646328 35.69461995363235 5269.68178936094 44.76079621165991 645.934763584286 499.9858559891582 1677.247697852552 101.0939630419016 5939.88674364984 10.01704689860344 198.0745912790298 1035.66997217387 0.1187480613589287 2.48666375875473 19.90437721461058 12.23880673199892 4467.715582035482 0 25.89310649782419 0.5696229487657547 411.9623027592897 4.562876127660275 29.11649185419083 18.72407706081867 354.5721526294947 335.1231568902731 1.109103433787823 4.056065417826176 194.4386001974344 0.2913642078638077 443.7321216315031 1.497329443693161 108.5835860595107 3.620104268193245 338.2517318129539 9.681555114686489 1898.585246838629 78.04098138958216 2.903934828937054 1.495867177844048 0 0 0.187188595533371 67.33001297712326 0 21.21547298878431 23.49045155197382 1.684016212821007 28.80097056925297 65.63470086455345 0 176.5815389230847 1.562782526016235 0.3255320489406586 8.663294017314911 0.08705636858940125 0 0 0 74.1119133234024 0.2819656729698181 0.1714591085910797 0 29.68882239609957 0 0 0.4801846295595169 62.91125876456499 0.2352362051606178 0 0 0 0 0.2517934069037437 0 1.248871006071568 0.0815529078245163 1.651295989751816 0.234745055437088 37.12870998680592 0 0 0
0.1722244322299957 1017.118868619204 18.33113758265972 0.4412026852369308 0.5240761041641235 8.875884056091309 5.597931191325188 9.703444793820381 70.77012425661087 20.0033343732357 1013.340209417045 10.01704689860344 1966.432624109089 3.490109995007515 1.607812024652958 10.30553015321493 5.067651309072971 22.80151464045048 4.79278738796711 1.380925036966801 8.666692137718201 173.7821985334158 29.27385097742081 96.81268516182899 4784.288072496653 120.39597312361 4145.427344031632 7.509029410779476 9.430219903588295 3.357806235551834 307.9062446206808 12.69601587206125 0.234807975590229 771.4985596761107 145.9756630733609 3487.187401160598 5751.83460201323 4588.296130985022 1016.440405726433 193.8416661024094 233.1794881001115 1163.290732830763 24.42663416266441 0 27.98822474479675 0.1298504918813705 4.55745854973793 0 0.1019657254219055 0.1975359916687012 0 0.1327298134565353 0 588.2303155660629 0 2373.955774188042 0 0 0.1395932883024216 0.1915780752897263 33.43460817635059 1.692570261657238 0.3093665763735771 0 0.6966798156499863 0.1313135027885437 1.206368990242481 461.5614043548703 199.893169157207 782.7173365354538 2.05389116704464 0 0 536.839964158833 0 0 40.63936164975166 12.59662446379662 264.0703774094582 595.0830110013485 29.92681251466274 6.867693908512592 22.60894954204559 0 678.461290448904 0
4159.124379135668 0.5544199496507645 215.4855073913932 45.59588315337896 0.5403631329536438 490.3551852330565 5974.159326598048 4399.736920200288 9.167107984423637 1699.291681967676 99.57029033452272 198.0745912790298 3.490109995007515 8943.565696977079 11.45204484462738 7.300486527383327 653.8944363519549 30.324502594769 56.09224615991116 81.47811000049114 258.556150354445 6.807511858642101 627.4246736988425 406.8202400505543 0.1789400577545166 111.844999961555 148.91335041821 521.0931073278189 3463.578363131732 2431.640103928745 2.665885359048843 75.0641863271594 26.94255185127258 430.7030042037368 5.546402558684349 228.059838347137 12.38569647818804 276.8360907584429 58.12148252129555 54.02094351500273 18.61737095564604 0.5801339969038963 1.698088996112347 0.1120313107967377 0.9200851917266846 2.800732500851154 3.32291179895401 0 0.8493260145187378 67.11214628815651 0.4288427904248238 11.38361329585314 3.422946520149708 0 1.256392367184162 0 0.7171773761510849 0 16.74340483546257 0.4212581664323807 0.09486274421215057 0.3858092278242111 2.31744384765625 12.99295953661203 9.057627364993095 5.42313751578331 105.7477813437581 0.1153797060251236 3.787450358271599 11.67824770510197 66.1366306245327 4.053454540669918 9.567967712879181 0.1952195912599564 0 0.7889089062809944 1.504594296216965 1.013737231492996 21.93687489628792 0 6.538688071072102 3.361343815922737 2.113476611673832 0.2374010384082794 0 0
0 12.66983286291361 0 25.23320126533508 2264.106764428318 1008.635035894811 1.004718706011772 166.7997639551759 725.3063162714243 23.8233624920249 7.712102934718132 1035.66997217387 1.607812024652958 11.45204484462738 492.7644569128752 0 0 1.272010289132595 0.376147635281086 144.8301668763161 0 29.35594484210014 0 179.9185559898615 2.473181337118149 2.048594675958157 8.113178484141827 14.47130507230759 28.32632698118687 0 0.5097067579627037 358.2539663389325 0 84.39350364357233 0.1982394009828568 31.0794150903821 3.657108373939991 32.42819640040398 4.439771741628647 1016.093250133097 224.5634220167994 1.141900762915611 0 0 0 0 3.213002443313599 0 0.315244197845459 8.414889872074127 0 6.463515639305115 3.841779112815857 0 13.69818490743637 0 0 0 0 0 0 0 2.426426410675049 0 0 0 3.971645355224609 0 0 1.401136815547943 7.177244037389755 0 0 0 0 0 0 0 0 0 0 0 0 0 0 0
4.633524931967258 215.0761889144778 24.83657290786505 0.8132845759391785 0 0.1651957631111145 25.40616013109684 4.793138392269611 59.02325513213873 0.7972650602459908 7.514756083488464 0.1187480613589287 10.30553015321493 7.300486527383327 0 3703.220190018415 24.8800770714879 0.6825837269425392 2.222455076873302 0 3350.391464523971 1731.604079417884 3144.074366547167 1282.956129685044 22.77516102045774 6.437287151813507 2987.672668486834 1194.19429563731 40.98245974630117 175.4586575031281 0.4815206825733185 0.909564234316349 7.350056171417236 86.08219736069441 64.42056554555893 3051.414482787251 473.7578149363399 968.3412170410156 1248.979021929204 83.1474551782012 8.518480524420738 3.210151448845863 29.3684940636158 1.147156074643135 9.999978095293045 186.5972661375999 0.1292643249034882 0 0.1987276002764702 11.33091004937887 1.416927605867386 17.60711114853621 0.7153598293662071 0.08357259631156921 0 0.2972225248813629 2.256988503038883 0 1813.776537947357 4.391830325126648 0.4627310335636139 0.9534526392817497 0.2181325405836105 181.0488687977195 1699.686586558819 798.5158614441752 304.0537168756127 0.416773796081543 3.033757604658604 3932.510095730424 60.86087433248758 14.54307709634304 110.2078140676022 0 0 2.426088243722916 7.120411679148674 5.834891587495804 170.8995790481567 7.232888050377369 31.18879383802414 18.26532406359911 4.774523034691811 0.8713914826512337 1.776628792285919 2.264601960778236
243.2510926648974 30.83395341038704 6275.355265446007 1.144644439220428 0 23.39215157926083 836.5343639925122 327.1964532658458 1.799985878169537 49.18126606196165 691.9253594875336 2.48666375875473 5.067651309072971 653.8944363519549 0 24.8800770714879 932.8560578674078 518.1596291065216 4028.367411993444 1.762904018163681 636.6856315210462 1.965326353907585 2614.523607060313 24.66680334508419 4.625762648880482 4080.824493676424 5892.814579792321 41.75267806649208 514.935896858573 1561.626336947083 5.485088318586349 3.021694846451283 14.50235623121262 1353.567534886301 4.140177011489868 339.7074403688312 232.0081033930182 729.7967629283667 221.8034816458821 11.7172706797719 3.820472329854965 2.701225206255913 2.592459410429001 0.1108393147587776 49.34205648303032 10.72608148306608 0 0 0 1.171292945742607 0 0.1040977910161018 0 0.9326023459434509 0 2.353111781179905 0.1915371716022491 0 4.494144089519978 2.335043154656887 6.499325059354305 57.91464406251907 0 0.204664058983326 2.866445772349834 4.061974085867405 2.147943876683712 6.171648696064949 400.3776991888881 762.1334756091237 0.7780222967267036 0.3483342006802559 0.3337343782186508 6.138450182974339 0 0 1.506893530488014 0.790098249912262 13.25157805532217 8.449173025786877 19.06378357112408 5.649580083787441 0.6828104704618454 0 0 0
7.652742445468903 2.712139457464218 28.24660270661116 1.727304637432098 0.3898513242602348 21.63408195972443 17.90971039235592 33.42070987075567 0.4964224398136139 54.65558791160583 2173.40009072423 19.90437721461058 22.80151464045048 30.324502594769 1.272010289132595 0.6825837269425392 518.1596291065216 111.891454719007 1039.169718839228 6.438079036772251 10.87470239400864 0.602995403110981 23.03334548324347 7.558763906359673 11.11031574755907 1277.045689322054 651.640163756907 7.077563814818859 68.83732335269451 24.47931729257107 23.14976134896278 16.85620405524969 5.413252711296082 980.5418528690934 4.79078608751297 364.8964282572269 378.112959831953 1819.101794302464 397.3431777879596 8.053258836269379 4.138706110417843 3.053968891501427 4.016814395785332 0 0.605954498052597 0.2247574329376221 0 0 0 0.971577987074852 0 0.1640301197767258 0 6.103865176439285 0 47.55441535264254 0 0 0.3641643971204758 0 9.773343913257122 0.4056291431188583 0 0.3027985394001007 0 0.08633745461702347 2.06456732749939 7.248401552438736 46.91869699209929 106.2162970304489 1.171771928668022 0.2001583352684975 0.1281444877386093 45.90991086512804 0 0 0 0.4536180943250656 6.744132868945599 26.24962094426155 1.239853076636791 0.3365859091281891 0 0.1368173807859421 0.4903125762939453 0
17.71479360759258 16.32833222299814 147.1257873624563 1.033524125814438 0.3466746881604195 16.68536079674959 39.2753774151206 36.68379309400916 0.9321066364645958 41.50831250846386 332.7625465020537 12.23880673199892 4.79278738796711 56.09224615991116 0.376147635281086 2.222455076873302 4028.367411993444 1039.169718839228 908.8785897865891 4.299585834145546 36.7310694232583 2.555756017565727 191.3597402051091 6.563464477658272 8.384119562804699 5144.896717190742 956.6689647585154 8.777523964643478 76.37516182661057 92.09108346700668 3.365083016455173 7.571140415966511 6.824303969740868 2159.336658500135 1.953720286488533 281.6886740550399 238.8960532173514 1524.645612575114 251.4014516100287 5.023391999304295 1.990219242870808 0.6587860211730003 1.150941379368305 0 36.93406476825476 1.091005638241768 0 0 0 1.01167955994606 0 0.1891433894634247 0 1.594981022179127 0 9.216821007430553 0 0 0.5896879881620407 1.342316567897797 5.046079084277153 19.78201391547918 0 0 0.4896302223205566 0.4152789935469627 1.036105416715145 17.95220926403999 471.4405010715127 687.2180497050285 0.5611027553677559 0.08837160468101501 0.2422198876738548 20.50863009691238 0 0 0.5273171812295914 0.1602183431386948 6.898513913154602 3.988597020506859 5.362097270786762 0.9366269111633301 0 0 0 0
2.856535226106644 0 1.182174742221832 3690.04868363589 0.848586842417717 374.0430261641741 117.1981348991394 147.125938475132 733.2307496294379 3014.743231706321 28.44962702691555 4467.715582035482 1.380925036966801 81.47811000049114 144.8301668763161 0 1.762904018163681 6.438079036772251 4.299585834145546 635.6776932030916 0.6298607066273689 0.6216310262680054 0.4876325577497482 301.1736444979906 0.1451791524887085 8.521372452378273 2.401485562324524 4402.320998989046 136.5005195587873 1.247366271913052 1.278550863265991 35.95553486794233 0.9238792210817337 113.1281902492046 2.151315063238144 92.18719801306725 0.6828953623771667 135.105306610465 6.194246359169483 648.3436063081026 26.99017031490803 1.404575422406197 1.326839059591293 0.09971030801534653 0 0 84.52375288307667 0 23.10628452152014 52.87162238359451 3.258616797626019 62.08190133422613 66.58454714715481 0 88.94139616191387 0 0 4.050582587718964 0 0 0 0 62.79449161887169 0.356380969285965 0.2394454181194305 0 86.2503484711051 0 0 0.3940330296754837 136.5491295158863 0.7467500120401382 0 0 0 0 0.3773179426789284 0.7483204305171967 1.58666192740202 0 0.9735010042786598 0.09420716762542725 42.9303023815155 0 0 0
126.5618244335055 23.98165979981422 1525.351509802043 3.585804060101509 0 23.35630827397108 2941.344531834126 114.9292181283236 38.91266770660877 47.40404107421637 59.05339724570513 0 8.666692137718201 258.556150354445 0 3350.391464523971 636.6856315210462 10.87470239400864 36.7310694232583 0.6298607066273689 10812.0322907716 278.7593672126532 13025.62349960953 213.7455974444747 4.297056220471859 59.45723862946033 520.9795821756124 3162.622555986047 425.3940863460302 11093.60554730892 1.049005769193172 3.212429247796535 58.21820937097073 3671.953239671886 193.2998569235206 7594.799880869687 981.3590130656958 6810.464302144945 3464.795028395951 144.6466925740242 25.71504136919975 10.88053623586893 66.03585661202669 2.535318076610565 3.16408097743988 37.28199515491724 0.354362741112709 0 0.798094742000103 10.31388610601425 0.7846503332257271 9.461979858577251 0.9312180727720261 0.2489478066563606 0 0 1.986255943775177 0 1170.992129780352 7.205934219062328 0.2437203079462051 1.78763885051012 0.4316320717334747 316.0358984395862 719.4905440658331 1005.111428596079 428.7019253075123 0.3098063170909882 4.560198664665222 127.3963779062033 74.27282766997814 23.16481622308493 161.8580227196217 0 0 4.360368020832539 10.93619380891323 12.22431034594774 181.933677457273 7.333897449076176 25.77252104878426 12.87069043517113 5.255010671913624 0.1926601976156235 0 1.266749389469624
5.898269578814507 2189.45508108288 0.9141839146614075 0 0.2990121245384216 0.5427670255303383 7.07029727101326 3.522513329982758 2089.825139552355 0.457640066742897 16.05300530046225 25.89310649782419 173.7821985334158 6.807511858642101 29.35594484210014 1731.604079417884 1.965326353907585 0.602995403110981 2.555756017565727 0.6216310262680054 278.7593672126532 2092.284971497953 273.2940292581916 4549.970571048558 763.0605519711971 7.026411555707455 2654.546469196677 126.9838068112731 53.41361713409424 111.9805068001151 10.76831913739443 0 3.261850297451019 36.09648951143026 0.4205107092857361 127.1458694264293 24.19159289449453 15.19001959264278 18.11002290993929 158.8426773771644 0.9760108888149261 2.332563161849976 0.7189321517944336 0.1315696388483047 46.68981281667948 76.19694738090038 9.991771183907986 0 0.1082735285162926 4.103590682148933 0.0930548682808876 48.54918409883976 0 0.6038513034582138 0.3875599801540375 3.578020587563515 0.3072633147239685 0 708.0844520926476 2.231696873903275 0.1077592670917511 1.149229101836681 0 50.53190502524376 436.287227421999 318.5632720142603 97.38210698217154 3.267169341444969 6.521163992583752 1678.191173903644 18.3428812995553 2.225868582725525 23.25536432862282 0.2313175275921822 0 0.8015573620796204 2.066359058022499 0.4297089129686356 49.40833782404661 8.331862330436707 10.00082575529814 9.635684810578823 2.246396943926811 0 0 0.394640177488327
238.223783403635 18.75480526685715 11707.92846252024 2.418708994984627 0 31.58676521480083 2264.948323838413 279.6927746012807 2.710512846708298 66.47499517351389 56.99717878550291 0.5696229487657547 29.27385097742081 627.4246736988425 0 3144.074366547167 2614.523607060313 23.03334548324347 191.3597402051091 0.4876325577497482 13025.62349960953 273.2940292581916 14862.63822935522 310.0142575129867 12.87093564122915 448.0900687649846 7727.277445234358 1105.550619319081 344.7924961745739 3958.666412778199 5.30327121168375 4.333937227725983 20.2973875105381 2124.61795078218 213.7572041973472 8896.671113237739 5121.790862202644 8365.225169539452 6020.04104655236 326.4623745232821 66.85158976912498 41.03787656128407 102.0018858537078 0.1302323639392853 94.25168182700872 304.2948217988014 0 0 0.2341370061039925 2.317438177764416 0 2.333422504365444 0.1123902797698975 0.2636379599571228 0 0 0.2247689366340637 0 626.7103255689144 3.513531967997551 0.1105381324887276 3.841427393257618 0.2914240658283234 36.76549245417118 505.1370575353503 356.823913179338 38.98738523572683 1.021882146596909 21.92580794543028 2353.148690097034 8.236447185277939 1.611013330519199 12.32026017457247 0 0 0.1292446404695511 2.32627859711647 18.41393578052521 72.47127377986908 11.08497689664364 17.74009764194489 10.90473517030478 0.6298321187496185 0.3098061084747314 0.424155205488205 1.477829605340958
144.2286684662104 1422.387744814157 114.8153746500611 1786.044627822936 0.9067836999893188 141.0870119035244 1078.096334651113 443.6931603401899 6507.545392721891 706.6222484782338 31.07664029300213 411.9623027592897 96.81268516182899 406.8202400505543 179.9185559898615 1282.956129685044 24.66680334508419 7.558763906359673 6.563464477658272 301.1736444979906 213.7455974444747 4549.970571048558 310.0142575129867 9672.919205725193 301.3237825483084 25.67231756448746 2661.386274397373 7301.422854393721 1271.460273720324 289.3045779764652 12.07399851083755 15.61180403828621 146.7232082337141 414.2993147447705 81.12459136545658 2497.451782621443 32.36292943358421 1022.750509053469 424.5069454610348 820.8017569854856 126.0200404375792 5.302480660378933 19.02031352370977 11.07929973304272 21.69358168542385 50.04193981736898 299.2239812463522 0.2587424218654633 63.61775244772434 1471.165595985949 43.249007768929 1134.273678511381 252.7571285367012 2.531607322394848 140.7842333465815 4.205437302589417 24.91806646436453 7.968438230454922 394.8689202442765 3.521756857633591 0.4765655100345612 2.156577721238136 180.2666013911366 212.3421578109264 347.9672387987375 93.0067331418395 3611.628006540239 7.526714235544205 12.58196753263474 114.5554171577096 1977.246205300093 156.7941466420889 284.1724760383368 1.033491611480713 0.8717964589595795 23.0070838034153 47.90243438631296 12.47758410871029 472.1504938900471 6.598909758031368 137.4660187289119 46.73147016018629 87.56149629503489 17.56896685808897 1.933098800480366 4.513559192419052
0 1917.822813354433 17.44888637959957 0 0 0.3447891399264336 6.1418227404356 0.1177605763077736 221.9124751612544 0.5812181085348129 523.0422205552459 4.562876127660275 4784.288072496653 0.1789400577545166 2.473181337118149 22.77516102045774 4.625762648880482 11.11031574755907 8.384119562804699 0.1451791524887085 4.297056220471859 763.0605519711971 12.87093564122915 301.3237825483084 1300.872563362122 243.6841801404953 4230.288702644408 4.46132729947567 0.3574444279074669 1.556358747184277 404.5918345972896 0.4621628969907761 0 124.9019552618265 7.909905627369881 609.2300455644727 809.8079789206386 886.4059187471867 87.47332642227411 86.59902825206518 48.46739576756954 370.7142342031002 4.350981950759888 0 35.5997613966465 0.3644718304276466 0.7287033423781395 0 0 0.2064573988318443 0 0.8788761422038078 0 182.7436114028096 0 1171.967683143914 0 0 0.4629301428794861 0.1181018576025963 13.58677078038454 4.934830978512764 0.4525211304426193 0 0.7712503969669342 0.2025385946035385 1.492466732859612 221.3886305913329 231.870203204453 1174.85815475136 2.430437363684177 0 0.5744451284408569 231.2072008252144 0.09086935222148895 0 17.31190428137779 0 106.8181451037526 80.80236232280731 19.55152475833893 3.644578449428082 90.80449342727661 0.1408088654279709 34.13890641182661 0
27.21214012801647 45.57851903140545 4897.70736155659 2.23503452539444 1.232792437076569 41.57064960896969 195.6073948889971 85.632120706141 5.36484831571579 94.76584553718567 1059.422143906355 29.11649185419083 120.39597312361 111.844999961555 2.048594675958157 6.437287151813507 4080.824493676424 1277.045689322054 5144.896717190742 8.521372452378273 59.45723862946033 7.026411555707455 448.0900687649846 25.67231756448746 243.6841801404953 11293.51963635534 5485.834707833827 35.41641672700644 122.8066634237766 103.7704362869263 116.5694991648197 28.77910701930523 7.895135313272476 1599.879038438201 20.01140461117029 2607.747780457139 2514.861749373376 5718.824432380497 1546.771776378155 28.80184288322926 12.87597773224115 11.51075486838818 17.53042298555374 0.2782900333404541 54.61884266138077 3.366336978971958 0 0 0 2.615864016115665 0.4075890108942986 0.6923911198973656 0 34.10547321289778 0 365.7689744383097 0.7486816719174385 0 0.4520012140274048 2.579562053084373 55.72445936501026 68.55229723453522 0 0.2744844555854797 1.619145959615707 2.091774590313435 3.327876128256321 120.5885427966714 1020.226123325527 2190.625339083374 2.205515407025814 1.329568073153496 0.6621507108211517 355.464424520731 0 0 4.350399687886238 0.9796184599399567 29.85513770580292 79.11515820026398 18.61382170021534 10.07862298190594 0.1832301318645477 0.3812111914157867 0.9870592877268791 0.1403188556432724
44.88782019168139 7082.024932056665 5021.864823542535 4.155820891261101 0 21.98039779812098 544.3026095554233 82.05906550586224 462.5449763163924 41.67557698488235 954.9973953440785 18.72407706081867 4145.427344031632 148.91335041821 8.113178484141827 2987.672668486834 5892.814579792321 651.640163756907 956.6689647585154 2.401485562324524 520.9795821756124 2654.546469196677 7727.277445234358 2661.386274397373 4230.288702644408 5485.834707833827 21697.30883615464 532.1936674565077 144.2867906466126 169.8280925825238 1211.051797486842 5.067948237061501 7.530679702758789 2699.492690958083 81.53820423781872 6537.242544814944 3539.079112298787 6446.797398589551 2949.692658312619 172.9107212796807 26.27068498730659 30.32448226213455 43.41737499833107 1.042247146368027 2518.723253726959 1670.107486717403 5.884092926979065 0 1.68994615226984 16.20383774489164 3.703144691884518 4.844388775527477 2.002550520002842 34.07224029302597 0.1835657209157944 348.5736373886466 6.00850734859705 0 42.54124633967876 147.7148071378469 93.75496651232243 499.266350068152 0 4.634855672717094 986.3318176791072 28.08155066519976 40.18354669213295 407.9244744554162 3888.170905649662 19711.08943679929 15.9223680794239 3.331961095333099 5.990174435079098 419.0793538838625 0.5144339054822922 0.1012850403785706 44.73524944484234 19.05201661586761 174.1459731757641 264.6829587370157 223.5910546928644 91.80398789048195 2.128665678203106 0.2335736006498337 6.840524666011333 2.702771589159966
142.0365575104952 21.92894145101309 340.7163181900978 4077.04224576056 0.8638414144515991 678.7524019479752 14527.09164835513 525.4300105348229 786.3824069276452 6476.164876356721 31.82298055291176 354.5721526294947 7.509029410779476 521.0931073278189 14.47130507230759 1194.19429563731 41.75267806649208 7.077563814818859 8.777523964643478 4402.320998989046 3162.622555986047 126.9838068112731 1105.550619319081 7301.422854393721 4.46132729947567 35.41641672700644 532.1936674565077 14608.65782275051 1582.792876623571 3892.356614232063 1.827397130429745 17.22180953621864 488.4735780060291 891.9631728082895 143.8990867212415 3652.426635757089 50.24512056261301 1939.78541123122 921.4143869951367 324.1139987632632 143.1615565270185 8.509237788617611 26.21281486749649 5.425540387630463 2.547408729791641 23.22635609656572 200.8853012770414 0.1465553790330887 54.26327762752771 972.5769131705165 29.80704797059298 429.5116547942162 202.6536018550396 1.501250497996807 131.9156660810113 0.2503462582826614 18.04322189092636 2.523244291543961 147.8225429654121 1.456952057778835 0.7741006165742874 1.778341203927994 152.959051810205 85.35057497769594 109.3891452178359 41.16706692427397 1579.140565387905 1.47572948038578 2.917074896395206 36.98954389989376 1191.732356399298 71.74112486839294 152.4563854113221 0.3436772376298904 1.202029332518578 10.25844074785709 25.63769423216581 7.347077414393425 230.9540320113301 2.120927110314369 59.49751380085945 24.04092042893171 47.86600241065025 8.903608210384846 0 2.902582071721554
3250.313481122255 1.499680459499359 59.36111277341843 102.5034364014864 0.9477045983076096 554.1265201568604 720.9301283732057 852.1321329027414 24.53668849915266 1622.433703094721 392.7515204995871 335.1231568902731 9.430219903588295 3463.578363131732 28.32632698118687 40.98245974630117 514.935896858573 68.83732335269451 76.37516182661057 136.5005195587873 425.3940863460302 53.41361713409424 344.7924961745739 1271.460273720324 0.3574444279074669 122.8066634237766 144.2867906466126 1582.792876623571 12253.84367028624 6430.001781396568 8.113937072455883 329.2099677696824 2037.297676630318 3189.492948412895 8.288140378892422 201.5468394458294 21.49121540039778 1545.492819681764 134.101242877543 137.5103139653802 36.29619143903255 1.734262004494667 3.29263611137867 1.299369663000107 0.5293808430433273 14.83473224192858 1.659017264842987 0 0.4736073911190033 68.43574304133654 0.7521381452679634 19.74661222100258 3.221559539437294 0.6247241124510765 1.268244042992592 0.1040759384632111 2.028151668608189 0 97.90038698166609 0.600261852145195 0 1.14984418451786 0.8196641206741333 60.78027550876141 56.51126060634851 42.43418153375387 225.6711978465319 0.2548733577132225 7.878764688968658 14.13430163264275 107.4582225382328 12.73663967102766 34.04622609913349 0.2138185277581215 0 3.091160878539085 4.871070593595505 0.7814433127641678 60.06036125868559 0.1524378061294556 12.81064233928919 2.714889220893383 4.568085312843323 1.317059129476547 0.1189115345478058 0
