1740.301398903131 0.4450764507055283 24.92964995652437 1.692041523754597 0.08786714822053909 29.09899505972862 2395.322636120021 1889.768063865602 6.602181226015091 83.01361684501171 33.2404512539506 2.179879866540432 0.6479933336377144 6667.145452909172 0 3.512877121567726 245.0194241628051 22.54799064993858 71.91042023897171 4.878582455217838 111.23917003721 1.491338454186916 130.3759352713823 206.7043523564935 0.8291331827640533 70.34333696216345 77.06946631520987 182.3110373020172 4519.942353583872 2595.840806372464 0.3393948823213577 4.449805215001106 60.8460306301713 425.4630936980247 1.523547649383545 19.86243057996035 10.33475452661514 167.9512599259615 16.79879623651505 1.525123059749603 0.1519210040569305 0 0 0.797085627913475 0.570889338850975 0.3898074626922607 0 0 0 1.123980402946472 0 9.941716060042381 0 0 0 0.2907031178474426 0.2452744692564011 0 6.979786671698093 0 0 0 0 4.590443730354309 3.899725928902626 0.2091641575098038 86.08550930768251 0 4.886785000562668 8.945732772350311 21.54119068384171 1.842708244919777 1.735794574022293 0 0 0.3178321719169617 1.432513117790222 0 5.60722342133522 0.2884951829910278 2.055510260164738 0.6003515720367432 0 0.734680712223053 0 0
0.4450764507055283 763.5147542059422 463.048865057528 0 0 0.7118734121322632 4.383656032383442 1.473532572388649 1252.719422772527 0.1239072680473328 50.54959623515606 2.096677973866463 1218.888796277344 1.734580680727959 2.009138360619545 178.9656337276101 38.66951064765453 9.117936663329601 28.5160129442811 0 10.94005396217108 2994.860074035823 19.61633716523647 1317.209061451256 3452.275719605386 561.8487599045038 10783.62743483484 17.61887549608946 2.833621352910995 4.177277162671089 54.76403054594994 0 1.097813077270985 88.07822154462337 0.1918845325708389 84.76163940876722 58.14429842680693 107.0287682935596 15.09690074622631 4.807150587439537 0 76.37510995566845 0.179292768239975 0 92.44977180659771 134.884959936142 0 0 0 1.647242739796638 0.3978102803230286 2.857605889439583 0 8.593202725052834 0 46.54637679457664 0.1411813050508499 0.6625163555145264 9.249570392072201 25.82195959240198 4.576830804347992 50.78969489037991 0 0 20.61133569478989 3.902075365185738 5.811332412064075 19.82454876601696 233.8221979662776 1714.257323652506 1.341181710362434 0.400255523622036 0.9508551806211472 6.130226716399193 0 0 3.512018769979477 0.379130482673645 39.23983240127563 11.97205296158791 31.55566829442978 9.883365139365196 0.1722874492406845 0 0.8603073358535767 0
24.92964995652437 463.048865057528 6747.964974649251 2.869211748242378 0 42.20729862898588 2469.944878205657 103.467635601759 2.471204914152622 66.52879387885332 16.39960937947035 1.53110359609127 0.6634864434599876 247.5313092842698 0.1984253525733948 48.55876310169697 3209.809871628881 177.0702917650342 311.7055603116751 1.337269030511379 359.0132813453674 25.29328039288521 15134.38005108386 277.6385420337319 0.403836265206337 9610.404484011233 10425.85745120049 848.5043931007385 21.60414405167103 538.7978846877813 6.831588588654995 0.4263200759887695 4.537488289177418 512.1154895201325 24.08488316833973 2073.625742711127 272.6583779007196 2195.043546438217 482.7832658737898 148.5159810259938 3.643320575356483 1.903553336858749 26.09278026223183 0.2040456980466843 751.9465882629156 1225.293049514294 0 0 0 2.24920155107975 0.110026091337204 1.391670480370522 0 0 0 1.320003688335419 1.053548872470856 0 20.35294897854328 182.2606200873852 3.649145066738129 34.20435973256826 0 0.6055607497692108 72.52436017245054 35.66407679021358 9.955176047980785 1.559743523597717 441.0487952828407 3804.879131875932 5.418279454112053 0.1572439819574356 2.07467919588089 0.8707190603017807 0 0 36.40707352012396 1.232580915093422 99.9964534342289 16.78736974298954 106.6157599240541 46.34959183633327 2.125365823507309 0 0 0.4270501136779785
1.692041523754597 0 2.869211748242378 2800.405821084976 0 64.80706249177456 193.3173647597432 24.9627374112606 796.5902879238129 1616.419497616589 5.025928467512131 4884.997465528548 0.2049830108880997 28.19646661728621 6.550674572587013 0 1.188210882246494 0.6332584917545319 2.192975781857967 2161.963005371392 0.7909760475158691 0 4.296814121305943 1581.024024412036 0.1456681936979294 3.563616968691349 2.249755635857582 5224.907191187143 84.00219466537237 2.09565407037735 0.280104011297226 2.534560687839985 4.011256746947765 24.71322986483574 2.775043122470379 139.2898961007595 10.6655402854085 132.1693891510367 53.7263583317399 151.4996370449662 7.874991968274117 0.2440409287810326 2.924441173672676 0.1932751536369324 0 0 476.6498623713851 0 15.22208219021559 45.47107345610857 7.003212958574295 80.60917249321938 111.7191731333733 0.8218940496444702 100.3208272308111 0 10.25188475847244 5.638740718364716 0 0 0 0 218.6106233075261 0.3489771783351898 0 0.118564210832119 310.1605085358024 0 0 0.3712496757507324 384.3201240152121 3.226512894034386 0 0 0 1.002378582954407 1.327556870877743 0 5.815299451351166 0 2.251619316637516 1.653109073638916 9.4271394982934 0.4332664608955383 0 0
0.08786714822053909 0 0 0 0 48.80872729420662 0.2655296623706818 5.129602536559105 71.72308114171028 5.253982611000538 1.918140754103661 2.849104940891266 0 0.1141193807125092 803.5376211628318 0 0 0.1722401529550552 0 0.3639777824282646 0 0 0 0.861504852771759 0 0.2801228687167168 0 0.481424942612648 0 0.479166179895401 0 35.62817487120628 0 26.44746550917625 0 19.77330616116524 1.330993831157684 39.79512242227793 25.62367847561836 906.3557208180428 25.16423182189465 0.1603353172540665 0 0 0 0 0 0 0 0 0 0 0 0 0 0.4666339159011841 0 0 0 0 0 0 0 0 0 0 0 0 0 0 0 0 0 0 0 0 0 0 0 0 0 0 0 0 0 0
29.09899505972862 0.7118734121322632 42.20729862898588 64.80706249177456 48.80872729420662 10690.05011314899 2332.275041610003 4699.337448067963 180.5153427049518 8872.936882443726 141.7374790012836 5307.853621654212 5.809519030153751 852.7659652978182 417.4707177728415 0 31.61980127543211 28.64111603796482 23.97283110022545 389.7661220952868 6.069521956145763 0.1056841313838959 54.95580060780048 221.7106827795506 0.6181653663516045 38.55921740829945 23.05625624209642 830.7030676528811 583.3244256749749 38.73519000411034 3.154047071933746 936.1968872174621 11.67739118635654 344.9531578570604 5.864991322159767 421.4455872699618 30.2832086160779 533.4481223747134 154.7995844781399 1782.338392868638 305.0597778633237 4.871029108762741 2.537910357117653 0.1201389133930206 0 0 2.345370680093765 0 0.1669589430093765 0.7622715830802917 0.09860284626483917 1.50853256881237 2.10328583419323 0 0.3742344081401825 0.1308585852384567 0 0 0 0 0 0 0.5856836140155792 0 0.450650691986084 0 37.54107396304607 0.2522455602884293 0.3823329359292984 0.9123846516013145 11.65907526761293 0.2447195947170258 0 0 0 0 0 0.3160277903079987 4.997490793466568 0 0.7691024541854858 0 0 0 0 0
2395.322636120021 4.383656032383442 2469.944878205657 193.3173647597432 0.2655296623706818 2332.275041610003 9549.365298099816 1452.487283781171 34.12991396337748 11236.56516063213 85.96239015460014 81.31531117111444 2.087062448263168 6814.363080337644 1.407525956630707 33.41465621441603 1154.241482518613 81.13908325135708 253.1038703545928 95.93840250372887 408.4092874974012 3.261036850512028 3277.22517465055 2173.863379202783 0.9378563016653061 785.3534695059061 485.3228531032801 25935.65334282815 1339.529154218733 9163.447871677577 2.488975755870342 13.4491613060236 118.2825889289379 406.866395264864 18.03780560940504 777.8769020959735 92.74447765946388 1166.825565613806 405.4901823401451 49.91933996230364 13.11145189404488 2.170777633786201 8.901841685175896 0 4.608104132115841 10.94359254837036 15.16135566681623 0 0.6133511066436768 28.47868002206087 2.540814861655235 27.55939345061779 12.90526668727398 0.4036921709775925 5.962777718901634 0 2.452930793166161 0 9.663654409348965 2.164852052927017 0.5657880008220673 2.530705973505974 6.265592351555824 1.711791388690472 8.714843176305294 4.258715346455574 264.2921507507563 0.5136289000511169 8.99389561265707 72.37027239054441 76.02492447197437 4.921468570828438 3.382656447589397 0 0.09915930777788162 0.665959320962429 1.478679917752743 3.120881482958794 21.37216311693192 1.329675421118736 6.727202355861664 8.85021486133337 1.745003089308739 0.7677343040704727 0 1.593293070793152
1889.768063865602 1.473532572388649 103.467635601759 24.9627374112606 5.129602536559105 4699.337448067963 1452.487283781171 6567.687633045018 18.69263852387667 2322.973041534424 258.3788142427802 787.3997724056244 13.85532515496016 7151.573394790292 114.5925744920969 2.888405300676823 326.3980188891292 56.10952482372522 140.1903557032347 144.5890685766935 60.93618697673082 0.6575236916542053 271.9093322232366 377.3809917420149 2.301953725516796 172.363442055881 154.3712302148342 264.3641846701503 1165.24043790251 1020.145183615386 3.895239219069481 231.1122354641557 35.03027859330177 659.9379569143057 8.338777877390385 587.4199326857924 48.5730380192399 842.9011776298285 276.0939349979162 624.1936141774058 39.47503507137299 4.635347552597523 4.999825045466423 1.262938179075718 1.669632017612457 0.1485638320446014 3.026543974876404 0 0 8.222089037299156 0.4547779485583305 15.98470632731915 3.912116825580597 0.3528992086648941 0.2026054114103317 0.6211312189698219 0.3763934969902039 0 2.265831395983696 0.6684790998697281 0.2925118207931519 0.4328553378582001 0 0.9973943084478378 0.6084076017141342 0.2939881086349487 122.0940940827131 0.9467287361621857 4.391524434089661 12.27519179880619 37.03948146104813 2.342854924499989 0.1033753454685211 0.2561433613300323 0 1.094362020492554 0.3581524789333344 0 6.400602929294109 0 3.47499592602253 2.575856164097786 0.8429889678955078 0 0 0
6.602181226015091 1252.719422772527 2.471204914152622 796.5902879238129 71.72308114171028 180.5153427049518 34.12991396337748 18.69263852387667 583.850356630981 187.4663258865476 15.38248459249735 664.9361149519682 188.1572503522038 10.38047495484352 742.2658554017544 19.11372093856335 2.314522266387939 1.108660005033016 1.089141763746738 624.1421702504158 7.515268445014954 3126.167309649289 3.731184124946594 11351.80121429265 441.9341188967228 20.12642630934715 350.0280425399542 801.4590220972896 31.39886663109064 51.27571314573288 15.06429049372673 2.540628522634506 4.195362903177738 16.40227771550417 1.311917454004288 96.28820339590311 16.72174742817879 46.99282297492027 15.90707391500473 404.2884394675493 8.349283292889595 8.109229877591133 1.161738947033882 0.4737082570791245 0.5629849433898926 0.3487585186958313 242.7174385935068 0.09355270862579346 19.8151543661952 41.68545874208212 6.905094370245934 278.0448214113712 105.6220351755619 0.6068733334541321 272.0244216322899 5.532498851418495 14.33485342562199 19.31029546260834 8.862519167363644 0.2118205651640892 0.09076361358165741 0.1167076155543327 163.9411973208189 1.864310957491398 9.666612401604652 0.412012867629528 1263.494896844029 1.088378146290779 1.14570826292038 4.709823228418827 220.3378282189369 9.510035581886768 5.635060667991638 0.602594405412674 0.1007978692650795 2.696035623550415 3.550538666546345 1.311144351959229 27.92522241175175 2.175376608967781 7.914593681693077 5.41262711584568 29.32218868285418 1.715251959860325 0.1344108730554581 1.504942119121552
83.01361684501171 0.1239072680473328 66.52879387885332 1616.419497616589 5.253982611000538 8872.936882443726 11236.56516063213 2322.973041534424 187.4663258865476 22011.28979929537 314.4028217196465 5701.391786493361 13.04593750089407 1807.130343936384 9.188165009021759 0.2014642283320427 53.34606102854013 76.49921686202288 64.82236497849226 3046.930453062057 8.492226272821426 0.224595308303833 76.36111763119698 1036.811414286494 1.409140765666962 85.7117798179388 42.86231299489737 4648.084905773401 1638.872096545994 69.30160168558359 6.180497005581856 137.9632904902101 21.72851742058992 619.5632000416517 22.20407091081142 1112.663937553763 67.39156205207109 2508.617044970393 672.6726932525635 361.4240716770291 97.6353776678443 4.647268891334534 18.19058985263109 0 0.370886966586113 0.5883109569549561 122.5360653698444 0 12.37809696793556 34.82620810717344 2.704039141535759 21.29808847606182 55.16042229533195 0.08089036494493484 101.5409551113844 0.4116619676351547 9.771921597421169 4.404186308383942 0.1251898556947708 0 0 0 41.50903314352036 0.4097882211208344 0.9961064830422401 0 259.6147018894553 0.1031517684459686 1.207936882972717 4.445438712835312 125.611526556313 2.0312879383564 1.156787484884262 0.1153756678104401 0.2729384899139404 0.09881138801574707 0.3114336878061295 1.427928626537323 6.476734817028046 0.46525838971138 2.073521912097931 1.0556860268116 2.271785765886307 0 0.1746387481689453 0
33.2404512539506 50.54959623515606 16.39960937947035 5.025928467512131 1.918140754103661 141.7374790012836 85.96239015460014 258.3788142427802 15.38248459249735 314.4028217196465 11282.24749425799 116.6373478919268 1675.642533488572 344.7681346386671 14.28985162824392 2.132282741367817 1294.493432357907 3333.802836537361 2122.802619978786 50.27882917970419 24.55703686177731 18.14761160314083 100.3229255378246 44.03823452442884 850.7233755886555 2153.017720445991 558.3701203092933 30.18860387802124 765.661821231246 46.27577359974384 211.9092374145985 153.54163762182 4.472338132560253 8503.331425830722 34.98514940589666 885.531258456409 4047.998319618404 5252.448524698615 1774.14981803298 92.01159846037626 22.95547008514404 852.1620418056846 19.87715544551611 0 5.142977952957153 0.1819478124380112 0.1345517188310623 0 0 0.670719139277935 0.2062208652496338 0.6060362532734871 0.4482930302619934 740.3038761690259 0.1488462090492249 2730.319558255374 0.3849745243787766 0 0.6340793669223785 0 145.8604519590735 12.32285817712545 0 0.3047010526061058 1.407461106777191 0 5.968109004199505 148.6630570143461 446.2346774414182 488.76459338516 0.2865113839507103 0.5263799130916595 0.4396777451038361 402.7608584091067 0 0.1350299715995789 36.2942852973938 4.382183432579041 17.93664100021124 492.9749927148223 18.43060696125031 3.7494947463274 0 0.5854926556348801 241.4149587899446 0
2.179879866540432 2.096677973866463 1.53110359609127 4884.997465528548 2.849104940891266 5307.853621654212 81.31531117111444 787.3997724056244 664.9361149519682 5701.391786493361 116.6373478919268 9652.30522672832 4.036472611129284 452.5621751099825 162.65510186553 0 3.049015797674656 24.70408850163221 13.87649341672659 5864.057911075652 0 8.751082062721252 0.7429745942354202 776.4629349038005 1.598347619175911 16.59882988780737 6.861151732504368 1029.847122490406 335.1369863301516 1.59989857673645 1.945470899343491 137.0653538182378 0.3462785705924034 195.7193160653114 1.796903103590012 63.96971306204796 9.695433899760246 488.6834432929754 64.80321230739355 1094.894583173096 24.61741333454847 0.2883648425340652 0.6740301102399826 0.6673935949802399 0 0 71.77261307090521 0 16.24941455572844 7.09680138528347 3.635234303772449 69.86235658824444 63.46074819564819 0.4835977926850319 153.3456340432167 0 7.999118685722351 12.44447223842144 0 0 0.1614198014140129 0.1225856393575668 86.08959919214249 0 0 0 86.59852984547615 0 0.08839928358793259 1.175516553223133 36.51511698961258 3.382313877344131 0 0 0.2776422575116158 0.1587568819522858 1.274150349199772 0 4.332513451576233 0 7.060199894011021 2.468569792807102 15.76718439906836 0.9591785669326782 0 0.140535369515419
0.6479933336377144 1218.888796277344 0.6634864434599876 0.2049830108880997 0 5.809519030153751 2.087062448263168 13.85532515496016 188.1572503522038 13.04593750089407 1675.642533488572 4.036472611129284 2719.146829932928 9.090761192142963 0.3570020347833633 16.77978813648224 4.506879456341267 21.88851936161518 11.83458267152309 2.175609558820724 4.791409596800804 298.8747642785311 1.049088694155216 226.7495890632272 5277.603403478861 249.5356512591243 3326.148247383535 4.953570574522018 27.95634789019823 1.557079158723354 557.1652688458562 6.106509260833263 0 2028.090649098158 6.916408404707909 204.3656483888626 2281.128658264875 1319.459274925292 350.7845733463764 8.080365352332592 5.873062752187252 1704.576600298285 15.68610852211714 0 8.025085866451263 0.3594788312911987 0 0 0 0 0 0.7098096460103989 0 954.1602256149054 0 3222.961101435125 0 0 0.1539264619350433 0 75.01229596138 4.784191951155663 0 0 0.6180323585867882 0 2.144245758652687 248.5177534520626 401.4246622994542 413.1279237642884 0.3767861500382423 0 0 404.1878939345479 0.1421106159687042 0 19.44343967735767 0.3116418123245239 4.128310471773148 674.2241532877088 22.69563393294811 0.8301655948162079 0.1345577538013458 0.2419264912605286 351.1271403133869 0
6667.145452909172 1.734580680727959 247.5313092842698 28.19646661728621 0.1141193807125092 852.7659652978182 6814.363080337644 7151.573394790292 10.38047495484352 1807.130343936384 344.7681346386671 452.5621751099825 9.090761192142963 5724.28569766134 14.7055853381753 4.465690083801746 745.398303039372 88.66494601964951 241.1705559268594 162.1815660148859 143.0393799543381 0.6885486766695976 623.2858713641763 325.8121003732085 0.8785077035427094 311.3920063003898 304.1065946146846 333.712756767869 3808.054568074644 2418.669732734561 6.740511327981949 32.61430159211159 42.87338552623987 1056.619124233723 6.068284653127193 211.7396785095334 24.12360825389624 801.130453787744 173.7149731740355 85.69052958488464 25.571373693645 1.84289338439703 1.985080659389496 0 3.070175781846046 0.08195063471794128 0.3616704344749451 0 0.1431656628847122 1.755448594689369 0.2702604830265045 10.00737888365984 0.1750834286212921 0 0 0.7007538080215454 0.8952534422278404 0 4.855612553656101 1.017926782369614 0.1381582468748093 1.455165475606918 0 2.817871101200581 2.695320278406143 0.1203056126832962 94.72104653716087 1.083817094564438 10.68213327229023 24.50737357884645 25.92943286895752 3.533569931983948 4.350971765816212 0.2346371039748192 0 1.403919592499733 1.597443781793118 0 7.818768359720707 0 2.939579986035824 0.4831670820713043 0 0 0.6545305848121643 0
0 2.009138360619545 0.1984253525733948 6.550674572587013 803.5376211628318 417.4707177728415 1.407525956630707 114.5925744920969 742.2658554017544 9.188165009021759 14.28985162824392 162.65510186553 0.3570020347833633 14.7055853381753 184.5288427174091 0 0 1.284383252263069 0.1312022358179092 23.2331708073616 0 5.967607706785202 0.3649782836437225 100.8102604150772 2.251476764678955 1.004481077194214 1.650607794523239 5.941509619355202 50.74206284433603 0 0 332.2964260429144 0 49.70949200540781 0 0.5680757015943527 0.4543108120560646 31.5977443382144 1.787143468856812 434.2850794643164 45.54962800443172 1.250242114067078 0 0 0 0 0 0 0 0 0 0 0 0 0 0 0 0 0 0 0 0 0.1317241489887238 0 0 0 0.7509249523282051 0 0.1220309436321259 0 0.3792012631893158 0 0 0 0 0 0 0 0 0 0 0 0 0 0 0
3.512877121567726 178.9656337276101 48.55876310169697 0 0 0 33.41465621441603 2.888405300676823 19.11372093856335 0.2014642283320427 2.132282741367817 0 16.77978813648224 4.465690083801746 0 2841.646543115377 34.26379622519016 1.949414402246475 3.195862546563148 0 3095.604292228818 1665.529294073582 8957.991890214384 4209.545501977205 37.50065131485462 15.94020304083824 7123.572679966688 1248.324066780508 34.3027742728591 137.4212598651648 0.6739285439252853 0.08491111546754837 12.78775820881128 84.6418309211731 20.24712492525578 2021.883292622864 222.6591170653701 505.3246979489923 593.8377488330007 46.81997245550156 0.3902570158243179 0.843636155128479 14.40713332593441 1.77906609326601 18.5922893434763 197.5991327017546 0 0 0.1003891825675964 5.656158924102783 0.7217673733830452 29.69445930421352 0.2541709989309311 0.3929992616176605 0 1.043722882866859 2.028494417667389 0 4668.858732514083 4.34130797535181 0.2880580872297287 1.185189582407475 0 286.7168869897723 2341.541276469827 1869.337474919856 484.1247744783759 0.5948623865842819 6.97251795977354 850.9241859540343 134.0714626312256 15.27580386400223 24.03543448448181 0 0 2.228669345378876 9.810556150972843 0.893931970000267 65.14271119982004 14.97746723145247 24.18990195542574 15.52870147675276 0.3579812347888947 1.904284089803696 0 0.165014386177063
245.0194241628051 38.66951064765453 3209.809871628881 1.188210882246494 0 31.61980127543211 1154.241482518613 326.3980188891292 2.314522266387939 53.34606102854013 1294.493432357907 3.049015797674656 4.506879456341267 745.398303039372 0 34.26379622519016 1334.654317349195 1092.111871413887 3986.991797931492 1.899375699460506 911.8545216247439 10.44624716043472 4452.438787050545 82.62557335197926 13.87311612814665 2996.471405692399 5193.547092407942 163.6140868365765 208.4258386939764 1683.993678949773 6.169899597764015 0.735802911221981 20.31972985714674 4075.25279892236 3.222523137927055 255.5582863613963 70.27776809036732 2901.355024792254 213.8830904588103 14.59655968099833 0.3938606679439545 0.2796208262443542 2.434072740375996 0 63.1543457582593 15.29844167083502 0 0 0 1.513215303421021 0.3710788413882256 1.159804850816727 0 1.406908467411995 0 1.993634730577469 0.8588588535785675 0 8.53204233944416 17.82802859693766 7.651388674974442 80.63170853257179 0 2.472538582980633 6.004455544054508 3.117146871984005 12.05307893455029 8.49430388957262 259.6503212228417 799.5240025222301 3.072833485901356 0.1410166025161743 1.071123093366623 2.498589552938938 0 0.2400947958230972 1.45147493481636 0.4437298476696014 22.5181390196085 12.77996103465557 20.18881012499332 3.207798421382904 0 0 0 0
22.54799064993858 9.117936663329601 177.0702917650342 0.6332584917545319 0.1722401529550552 28.64111603796482 81.13908325135708 56.10952482372522 1.108660005033016 76.49921686202288 3333.802836537361 24.70408850163221 21.88851936161518 88.66494601964951 1.284383252263069 1.949414402246475 1092.111871413887 118.2344432994723 2534.894061051309 10.12998051941395 7.335383109748363 2.131122097373009 111.7699353396893 11.48347210884094 56.74079354852438 2531.081006959081 669.3903942927718 16.04196820408106 100.2037361115217 49.43052233755589 71.46546661108732 11.63812256604433 1.131470672786236 816.7037948444486 4.927082695066929 460.9762486293912 471.8757161796093 1976.311001896858 745.7986181750894 14.57664568722248 0.8820186406373978 15.46371354907751 4.52970626950264 0.1423628181219101 5.471488676965237 0.2385638058185577 0 0 0 0.4484743177890778 0 0.2407734394073486 0 72.45721914619207 0 229.9709917232394 0 0 0.3129665553569794 2.776094779372215 150.1955757364631 21.21865983307362 0.115367516875267 0.08934851735830307 0.2505766525864601 0.2198099941015244 1.193067893385887 78.13032993674278 431.6374846845865 640.7984194085002 0.3721524775028229 0.1414142698049545 0 115.3773423880339 0 0 0.56672303378582 1.271194487810135 3.853092908859253 9.657958261668682 6.559162989258766 0.7590656876564026 0.1178769767284393 0 0.7438189834356308 0
71.91042023897171 28.5160129442811 311.7055603116751 2.192975781857967 0 23.97283110022545 253.1038703545928 140.1903557032347 1.089141763746738 64.82236497849226 2122.802619978786 13.87649341672659 11.83458267152309 241.1705559268594 0.1312022358179092 3.195862546563148 3986.991797931492 2534.894061051309 878.3373521566391 7.652270011603832 42.13348372280598 3.860966414213181 374.7694384455681 13.10915172100067 78.91579995304346 5316.897853389382 1203.714648410678 28.51102346926928 105.6302977576852 196.1465119719505 23.81527598947287 4.145365990698338 6.025447674095631 2229.582123711705 1.45407310128212 493.8105173110962 328.0605375766754 2755.276962079108 309.3687116205692 5.358083449304104 1.474667012691498 1.666314959526062 2.679765120148659 0.205645740032196 26.54213818907738 1.502486512064934 0 0 0 1.018650785088539 0 0.2945652604103088 0 11.85985673218966 0 42.5034613981843 0.1801831275224686 0 1.30268183350563 4.06300961971283 54.22112113982439 80.30816229432821 0 0 2.275425262749195 0.105799674987793 3.54619874060154 84.97517105937004 749.9497913122177 957.4472301378846 0.4337030649185181 0.6389170140028 0.5008644089102745 25.33846848458052 0 0 0.8105072528123856 0.3676774501800537 17.63296353816986 14.72368940711021 30.1814139559865 6.869635879993439 0 0 0.1405497342348099 0
4.878582455217838 0 1.337269030511379 2161.963005371392 0.3639777824282646 389.7661220952868 95.93840250372887 144.5890685766935 624.1421702504158 3046.930453062057 50.27882917970419 5864.057911075652 2.175609558820724 162.1815660148859 23.2331708073616 0 1.899375699460506 10.12998051941395 7.652270011603832 462.3770243227482 0.1008025035262108 0.1700249761343002 3.839585654437542 631.27562071383 0.1393271833658218 8.700115740299225 4.474253371357918 1698.165409587324 214.4801608622074 3.906324304640293 1.448985911905766 23.45183762907982 1.044470496475697 87.30910906195641 1.685284495353699 224.0933098644018 11.6045216396451 406.0509561896324 125.7865530475974 382.7560579404235 20.80466989427805 1.920717023313046 2.189147710800171 0 0 0 43.87112440168858 0 4.667921513319016 14.78548888862133 0.2029187083244324 18.59564238786697 28.99610209465027 0.1904236972332001 40.59449131786823 0 2.346743896603584 1.797813892364502 0 0 0 0 28.44113932549953 0 0.9914822578430176 0.4176995158195496 93.34423430263996 0 0 0.3357671722769737 40.14775447547436 0.8148754835128784 0 0 0 0 0.2324632704257965 0 2.613780945539474 0 0.1513475775718689 0.382272332906723 3.558680534362793 0.4569342732429504 0 0
111.23917003721 10.94005396217108 359.0132813453674 0.7909760475158691 0 6.069521956145763 408.4092874974012 60.93618697673082 7.515268445014954 8.492226272821426 24.55703686177731 0 4.791409596800804 143.0393799543381 0 3095.604292228818 911.8545216247439 7.335383109748363 42.13348372280598 0.1008025035262108 9438.507757134736 124.220523789525 17612.99526823312 451.410948805511 8.090167656540871 54.79354410618544 505.7135329991579 2107.74169819802 283.1561378613114 9648.401817552745 0.3037218526005745 0.3370792344212532 87.34836449474096 2480.856896229088 58.20639192312956 5449.412058867514 225.7765730172396 5653.258619457483 2200.935144104064 122.7341997027397 1.220143139362335 5.865238606929779 32.95874071121216 1.211382247507572 0.7265925854444504 5.793789125978947 0 0 0.07571393251419067 3.742120683193207 0.1878786832094193 22.04797407984734 0.4376566857099533 0.2358656376600266 0 0 1.922181077301502 0 610.8873108029366 0.4584571793675423 0 0.6688920557498932 0 170.1455180868506 273.2725877836347 39.59723550826311 350.9710094630718 0.4881259500980377 2.262059725821018 23.40911512076855 87.39280490577221 13.77287336438894 22.08787936717272 0 0 3.637941040098667 3.181283891201019 2.294122472405434 55.42097690701485 9.084359236061573 14.35235512256622 6.074624411761761 0 0.481107160449028 0 0.354485958814621
1.491338454186916 2994.860074035823 25.29328039288521 0 0 0.1056841313838959 3.261036850512028 0.6575236916542053 3126.167309649289 0.224595308303833 18.14761160314083 8.751082062721252 298.8747642785311 0.6885486766695976 5.967607706785202 1665.529294073582 10.44624716043472 2.131122097373009 3.860966414213181 0.1700249761343002 124.220523789525 1211.529847383499 109.558122381568 5826.583729870617 841.2280565276742 34.41639692336321 3686.166443005204 70.78937933593988 4.006480790674686 15.76726747304201 21.0964337810874 0 0.578903429210186 20.09058689326048 0 30.34300181269646 13.15402048826218 27.35153206437826 9.082027912139893 6.936767086386681 0 10.85833351314068 0.2682434320449829 0 10.30995275080204 39.10209690779448 0 0 0 0.755598247051239 0 11.35732214152813 0.1667885184288025 2.022491835057735 0 7.717483676970005 0.107887975871563 0 410.0497730597854 7.180880032479763 0.1243578568100929 1.018142268061638 0 33.57274834066629 188.6397127360106 140.2192892208695 38.78098385035992 1.360695973038673 8.57235611975193 293.1119320988655 12.97759945690632 1.449068799614906 0.6699601709842682 0.9052242934703827 0 0.08993091434240341 2.266191527247429 0.5668400079011917 13.53262807428837 0.3210402280092239 9.94128442555666 13.39271895587444 1.31301486492157 0 0.4173793345689774 0
130.3759352713823 19.61633716523647 15134.38005108386 4.296814121305943 0 54.95580060780048 3277.22517465055 271.9093322232366 3.731184124946594 76.36111763119698 100.3229255378246 0.7429745942354202 1.049088694155216 623.2858713641763 0.3649782836437225 8957.991890214384 4452.438787050545 111.7699353396893 374.7694384455681 3.839585654437542 17612.99526823312 109.558122381568 19517.30828803778 1855.713683068752 2.042036645114422 2230.831420615315 12152.40624561161 6224.115100733936 127.9936010316014 4693.824226014316 0.8028408885002136 1.255104333162308 30.57313511520624 2169.112787038088 119.6126833632588 10435.63224947453 2078.895726494491 7554.475496597588 6602.406676091254 432.6052483096719 8.152213737368584 10.56823244690895 81.53707847744226 0.3277854174375534 19.67740482091904 321.1978511288762 0 0 0 2.24009482562542 0 1.532122015953064 0.1457591354846954 0 0 0.1166510432958603 0.1515059024095535 0 1693.586653493345 16.11253835260868 0.5877771079540253 5.192046426236629 0 46.50863587111235 631.8193964809179 811.7792218998075 97.73647282272577 0.4455277174711227 19.67904590070248 1228.993213690817 32.19196490943432 1.811140328645706 2.247572883963585 0.6464392244815826 0 1.428238064050674 5.531272538006306 4.6361243724823 40.77731963992119 5.48551357537508 22.50159344822168 21.01327119022608 1.619985640048981 0 0.4418131411075592 0
206.7043523564935 1317.209061451256 277.6385420337319 1581.024024412036 0.861504852771759 221.7106827795506 2173.863379202783 377.3809917420149 11351.80121429265 1036.811414286494 44.03823452442884 776.4629349038005 226.7495890632272 325.8121003732085 100.8102604150772 4209.545501977205 82.62557335197926 11.48347210884094 13.10915172100067 631.27562071383 451.410948805511 5826.583729870617 1855.713683068752 10591.93820399046 488.7462732940912 78.62896132469177 3384.899760842323 7291.122016914189 1364.327907174826 1362.241579934955 17.47989235073328 12.17184107750654 319.3410739079118 560.3897153884172 49.34179657697678 2848.641846008599 294.9947108253837 1995.029482200742 903.0046351924539 239.5402225330472 37.42535349726677 10.35281045734882 24.93861244618893 28.10695753991604 14.56188412755728 18.76411281526089 689.6074057668447 1.75375697016716 98.15914544463158 676.6292084306479 62.03097677230835 1925.462472461164 479.9827841743827 3.294859394431114 279.8322885408998 5.252789348363876 114.5027559548616 13.41015709191561 448.133637085557 2.701297894120216 0.3748672008514404 1.472942940890789 385.5304294079542 135.2794837206602 420.3331798613071 57.14734357595444 8372.949101060629 0.8963387161493301 8.25690470635891 147.0500929057598 2236.883867993951 184.9108639881015 114.5130064487457 0.7225336134433746 0.9264416694641113 36.94012824445963 66.67592728883028 15.78379695117474 424.7950614914298 20.81994763016701 145.5951129868627 101.6762920022011 57.81958535313606 17.76095935702324 1.06136679649353 6.868915744125843
0.8291331827640533 3452.275719605386 0.403836265206337 0.1456681936979294 0 0.6181653663516045 0.9378563016653061 2.301953725516796 441.9341188967228 1.409140765666962 850.7233755886555 1.598347619175911 5277.603403478861 0.8785077035427094 2.251476764678955 37.50065131485462 13.87311612814665 56.74079354852438 78.91579995304346 0.1393271833658218 8.090167656540871 841.2280565276742 2.042036645114422 488.7462732940912 799.1916898488998 960.8132992386818 5452.794331550598 9.286219358444214 2.20947577059269 3.214954897761345 456.5907770693302 0.1081436723470688 0.2551949322223663 568.5925642549992 9.694634348154068 222.4625232368708 309.2676291018724 484.5760603696108 113.2125469520688 7.623363018035889 9.262506514787674 421.5199821144342 7.044582195580006 0 37.73363151401281 3.438610896468163 0.4629224240779877 0 0 0 0 0.6952841877937317 0 242.0769322812557 0 2410.072084829211 0.6809249296784401 0 0.5264744013547897 0.5801877379417419 31.2895093858242 5.063992321491241 0 0.2073958218097687 1.317640267312527 0.1457872241735458 5.703088879585266 163.648881316185 230.1858355551958 862.9870941266418 0.2746925354003906 0 0 187.9820579066873 0 0 42.76922535896301 0 65.62590926140547 77.44900634884834 29.33170539140701 3.927446186542511 0 0.6404437869787216 44.07423251867294 0.5906680822372437
70.34333696216345 561.8487599045038 9610.404484011233 3.563616968691349 0.2801228687167168 38.55921740829945 785.3534695059061 172.363442055881 20.12642630934715 85.7117798179388 2153.017720445991 16.59882988780737 249.5356512591243 311.3920063003898 1.004481077194214 15.94020304083824 2996.471405692399 2531.081006959081 5316.897853389382 8.700115740299225 54.79354410618544 34.41639692336321 2230.831420615315 78.62896132469177 960.8132992386818 38792.86971909553 13260.80517059565 125.9595017433167 125.4110276252031 255.0355690047145 571.619277946651 8.782446704804897 5.967553272843361 872.70838650316 18.44245935231447 2393.852250255644 1645.130294278264 5062.176945239305 1125.130697332323 41.03084030002356 5.75023103505373 33.31050626188517 15.91420847177505 1.049624443054199 488.1107008010149 89.4007284194231 0 0 0 7.169401071965694 1.132369786500931 5.256854839622974 0.09208885580301285 227.5936705172062 0.5990338549017906 898.4802175685763 2.960828922688961 0 4.043254196643829 97.02226430922747 472.4595495015383 600.3013412207365 0 0.9793038070201874 16.14786624163389 2.47012785077095 14.73829460144043 814.2526849582791 3905.790176458657 7385.18641795218 2.243620507419109 1.560380071401596 6.350286073982716 346.7665224969387 0 0.1353141814470291 17.8470688611269 2.829651266336441 118.5232921540737 94.9789963811636 168.4592243283987 33.09000147879124 0.7893110290169716 0 1.375072106719017 1.118479996919632
77.06946631520987 10783.62743483484 10425.85745120049 2.249755635857582 0 23.05625624209642 485.3228531032801 154.3712302148342 350.0280425399542 42.86231299489737 558.3701203092933 6.861151732504368 3326.148247383535 304.1065946146846 1.650607794523239 7123.572679966688 5193.547092407942 669.3903942927718 1203.714648410678 4.474253371357918 505.7135329991579 3686.166443005204 12152.40624561161 3384.899760842323 5452.794331550598 13260.80517059565 35504.61507435888 1169.81578014791 146.5187639519572 226.9494493603706 984.447955802083 2.727405481040478 19.57005381584167 2107.547644734383 141.9416648447514 10992.25917274505 3655.768023125827 11525.95888008922 3266.642658598721 576.2466348931193 17.19785536080599 61.70538718253374 113.2045239731669 1.042550019919872 2850.00258975476 2613.544947184622 0 0 0.1606134176254272 10.84112943708897 1.951941438019276 9.640763305127621 0.3685013949871063 121.9301365315914 0 605.9728697538376 2.989687353372574 0 1080.137453407049 437.3320895731449 230.2440713867545 536.1691050007939 0.3742204010486603 15.82383988797665 1590.919290363789 721.327160038054 71.19437605887651 956.6022037938237 2941.642767183483 16076.7555815056 31.39829909056425 2.955062754452229 9.53387987613678 246.9129467979074 0 0 97.19668004661798 13.39036627858877 377.6869967579842 114.4979917034507 416.9755759462714 175.7840232476592 2.201950788497925 0 1.576474644243717 2.711996108293533
182.3110373020172 17.61887549608946 848.5043931007385 5224.907191187143 0.481424942612648 830.7030676528811 25935.65334282815 264.3641846701503 801.4590220972896 4648.084905773401 30.18860387802124 1029.847122490406 4.953570574522018 333.712756767869 5.941509619355202 1248.324066780508 163.6140868365765 16.04196820408106 28.51102346926928 1698.165409587324 2107.74169819802 70.78937933593988 6224.115100733936 7291.122016914189 9.286219358444214 125.9595017433167 1169.81578014791 23798.05540115386 1459.430751301348 16284.47667561471 0.7746992185711861 8.790439151227474 448.4053271859884 778.7453371286392 55.81308832019567 2817.962350316346 178.4071173742414 2500.276531420648 1000.575018770993 145.9640604928136 26.40856809169054 8.034277282655239 22.55573786050081 8.867795124650002 3.016856499016285 10.44110891222954 256.9047727137804 0.1256780624389648 32.22388653457165 228.2303583472967 18.46040740609169 273.3386880382895 160.2066946774721 0.1160991862416267 89.32676596194506 0.1882938593626022 38.19152880460024 5.894494071602821 90.16018665581942 1.790680460631847 0 0.2094901949167252 136.7837622836232 33.66326999664307 50.24576746672392 14.33139284700155 2237.831286758184 0 1.213250383734703 59.70497070997953 706.9781059026718 61.73490478098392 42.51344377547503 0 0.4337138682603836 9.930989690124989 18.79339254647493 4.66564030200243 131.628561027348 5.271870791912079 43.14059819281101 26.58679605275393 18.47141136974096 7.294070050120354 0.3910133838653564 0
4519.942353583872 2.833621352910995 21.60414405167103 84.00219466537237 0 583.3244256749749 1339.529154218733 1165.24043790251 31.39886663109064 1638.872096545994 765.661821231246 335.1369863301516 27.95634789019823 3808.054568074644 50.74206284433603 34.3027742728591 208.4258386939764 100.2037361115217 105.6302977576852 214.4801608622074 283.1561378613114 4.006480790674686 127.9936010316014 1364.327907174826 2.20947577059269 125.4110276252031 146.5187639519572 1459.430751301348 15785.48599144816 4304.19151275605 7.326139710843563 8.124057956039906 1510.988948568702 2816.165247730911 9.419641241431236 352.716826967895 92.34097547829151 2165.649633549154 417.0791426375508 192.0496537610888 96.94748109579086 3.869485378265381 1.649210520088673 0.7840084582567215 0.7261218503117561 0.350883960723877 0.5635208040475845 0 0.4473236203193665 8.206757217645645 0.181008517742157 41.25033712387085 1.170457370579243 0.2302596420049667 0.2774122282862663 0.2284800708293915 2.164034388959408 0 31.39383818209171 0 0.1283080726861954 0.869535356760025 0.2115608751773834 19.72395775467157 14.03535794466734 1.451520726084709 323.9339399263263 0 3.622764900326729 11.40966404974461 82.751086615026 16.21710605919361 14.69987700134516 0.2514839544892311 0 4.683981135487556 5.469284646213055 0 41.47845894098282 4.173916637897491 9.230613566935062 4.256537802517414 1.732056766748428 2.716831132769585 0.2459784597158432 0.1875170767307281
2595.840806372464 4.177277162671089 538.7978846877813 2.09565407037735 0.479166179895401 38.73519000411034 9163.447871677577 1020.145183615386 51.27571314573288 69.30160168558359 46.27577359974384 1.59989857673645 1.557079158723354 2418.669732734561 0 137.4212598651648 1683.993678949773 49.43052233755589 196.1465119719505 3.906324304640293 9648.401817552745 15.76726747304201 4693.824226014316 1362.241579934955 3.214954897761345 255.0355690047145 226.9494493603706 16284.47667561471 4304.19151275605 10718.99486461282 0.375393882393837 2.595992982387543 1056.253596633673 1815.21183912456 10.40488192439079 902.1052921116352 65.51767899096012 1580.427368842065 378.7097536548972 18.14546754956245 1.130320511758327 1.437458738684654 8.205111853778362 4.360489808022976 1.416207641363144 1.789278700947762 0.3760450705885887 0 0.1137523874640465 9.862315319478512 0.6884968653321266 59.88795965909958 2.234851807355881 0 0 0.1530886888504028 3.344901345670223 0 248.6837305054069 1.272556789219379 0.2482844293117523 1.808467127382755 0.129626527428627 78.93406180292368 90.86617407947779 16.16636814177036 428.7651109173894 0.2498580738902092 8.433972664177418 28.69018472731113 110.0080769509077 12.00186242163181 18.63877649605274 0.3024296462535858 0 3.36584759503603 5.457791961729527 0.2272539436817169 40.2638657912612 2.390932410955429 12.9645826742053 7.447081230580807 0.8405034393072128 0.6195011138916016 0.2789967656135559 0
