1475.909380637109 0 339.4596812129021 2.100346736609936 0.3757459223270416 3.954692579805851 3361.275303222239 799.7992007210851 3.055179618299007 20.00367496907711 4.678041465580463 1.025822550058365 0.5949624553322792 6374.368509292603 0 1.324445374310017 262.1035763025284 5.549506790935993 34.07667403668165 1.313904233276844 95.24230581521988 1.501423388719559 587.4250207543373 30.90569127351046 0 219.7768573835492 107.2901884242892 349.5722333714366 2932.722064130008 4124.773065783083 0.2375271022319794 0.4036910533905029 20.34188413619995 30.31027156114578 0.9422982633113861 32.01678274571896 43.4443660825491 38.07773914933205 14.26139030605555 2.751524813473225 0.5881054550409317 0.150530993938446 0.8350627422332764 0 0.1438064873218536 2.724219113588333 0 0 0 0.800969086587429 0.1848981380462646 0.7037810832262039 0.5207033604383469 0 0 0 0.4283646941184998 0 1.963137716054916 0.1103681027889252 0 0 0 2.607771433889866 0.5406234264373779 1.093545652925968 3.234643630683422 0 0.1056729778647423 8.63954434543848 2.330300740897655 0.2348381131887436 1.334596894681454 0 0 0 0.4122288525104523 0 4.029381968080997 2.034096121788025 0.7507502883672714 0.1397700160741806 0 0 0.5020211935043335 0
0 325.7377203330398 51.53566607832909 0.1215547695755959 0.201868861913681 1.174948319792747 5.876873716711998 0.4413730874657631 639.0954318642616 2.254119277000427 171.2073190510273 0.5215721726417542 787.6582252085209 0.3984343037009239 11.39816403388977 226.1809875369072 7.349595859646797 5.28631728887558 2.941067978739738 0.1120883375406265 18.68869982659817 2913.46058498323 23.00260502845049 535.3878859803081 2264.465922266245 208.1563527211547 6963.587659694254 56.89638271182775 1.572792984545231 1.714929275214672 5.447392240166664 0.179472416639328 0 78.38559464365244 0.701920859515667 17.70900834351778 81.82269915193319 42.36596645414829 8.771443948149681 14.17642150074244 0 169.9713527262211 0 0.3003021031618118 135.2812316417694 62.15416572242975 0 0 0.1357668936252594 1.438188806176186 0.8218191117048264 1.596204519271851 0.3918422013521194 7.340901777148247 0 36.17930838465691 1.116883784532547 0 11.42186935245991 6.729729101061821 7.559063389897346 7.326190419495106 0 1.569093823432922 98.46242057532072 35.93734094500542 3.73207288980484 117.2146449387074 109.176450625062 2441.329677246511 0.752203494310379 0.1683087944984436 1.507276847958565 4.386123470962048 0 0 8.33762065321207 0.8617128431797028 31.75156903266907 28.35112375020981 30.34934924542904 9.7423395216465 0 0 0.9835270792245865 0.4669905304908752
339.4596812129021 51.53566607832909 9480.24131103605 5.528396479785442 0.3412738740444183 33.5491029843688 2418.428310848773 643.2619488239288 1.798237353563309 89.89744777977467 62.48951967060566 2.091075003147125 8.010133974254131 1339.592083722353 0.240667998790741 6.562569312751293 5897.429090872407 52.5734618678689 254.3783437088132 1.397012539207935 323.6265444755554 8.878882735967636 7480.912331335247 26.28426717221737 1.941657245159149 8607.231899321079 5806.604008212686 1017.88071436435 224.3073869422078 596.0842518955469 1.043815925717354 1.852944277226925 11.81702108681202 892.2627919092774 42.97305185347795 2325.871341980994 5343.29781473428 2579.379174135625 1208.935632400215 121.1737792640924 6.490361616015434 2.825710378587246 15.64289781451225 2.045950546860695 127.9332461953163 705.3840250968933 0 0 0.1207474619150162 11.0494479611516 4.8528758212924 1.325550273060799 1.214127868413925 1.671570830047131 0 3.57326152920723 11.80722542107105 0 20.4094126522541 26.02531282603741 3.035634092986584 6.802166633307934 0.1284584552049637 6.643665798008442 70.53254222124815 254.9726248905063 11.51912111788988 4.116953209042549 137.3632108718157 2945.937639802694 3.999402083456516 0.8617383539676666 6.617994554340839 0.525364100933075 0 0.117108628153801 21.84226734191179 9.156714431941509 121.6043614223599 493.3594856485724 84.57624408602715 38.14775383472443 0.7855077236890793 0.3590730130672455 1.861681938171387 1.126293897628784
2.100346736609936 0.1215547695755959 5.528396479785442 3227.766819097102 1.012493811547756 239.4576008990407 385.3999196588993 145.9489839971066 1251.583219282329 8373.903205819428 5.20025996118784 5320.558486782014 0.3999812826514244 125.8480168357491 65.12858265638351 3.162486582994461 0.9615573585033417 1.751137718558311 3.945209749042988 3797.649046696723 0.59213025867939 6.500196427106857 2.120035111904144 2311.856754280627 0 7.42766334861517 24.33271727710962 4695.636665210128 130.7830493971705 4.333407871425152 0.1489255279302597 2.114577308297157 3.321661427617073 42.05788825452328 6.956914186477661 648.3138071969151 6.4723159968853 186.9224228560925 48.81111223995686 133.5939442440867 11.72732648253441 1.494035318493843 6.568933196365833 0.8341880440711975 0.1101701334118843 1.410891324281693 374.1702362447977 0 12.32945600897074 125.2353968024254 11.80939461290836 117.3377706259489 254.7201488539577 1.114306792616844 150.6684523522854 0 12.618358977139 1.043269872665405 4.141519419848919 0 0.5636653006076813 0.1860667914152145 171.126282595098 2.44071438908577 2.451195366680622 3.351992428302765 744.7582416757941 0 0.261236846446991 6.223315328359604 361.3026280775666 8.353922419250011 9.366709932684898 0 0.7205081507563591 0.2057149261236191 5.988685868680477 1.838714227080345 86.12137015163898 0.4604290425777435 33.53465081006289 3.543316476047039 58.29765026271343 1.457854554057121 0 1.027564913034439
0.3757459223270416 0.201868861913681 0.3412738740444183 1.012493811547756 39.38883665204048 420.942934833467 8.155056439340115 79.82320538908243 22.29597273468971 20.22061024606228 24.8658749461174 57.0767954364419 4.32028191536665 2.460325710475445 1516.314915344119 0 0.306426465511322 1.819765090942383 0.7896137237548828 4.00478957593441 0.2214405089616776 0 0.5549819767475128 3.424277454614639 0.1576074659824371 2.955961592495441 1.86529128998518 2.201911687850952 0.3195720165967941 2.595297992229462 0.1367659568786621 170.9942716956139 0 140.9788972958922 4.512207195162773 51.4689322784543 9.088735155761242 127.6697767525911 34.93242539465427 950.7741457521915 282.765753865242 8.43280415982008 5.611367106437683 0.1219368204474449 0 0 0.2140715643763542 0 0 0 0 0.4255365133285522 0 0 0 0.1105843633413315 0 0 0 0 0 0 0 0 0 0 0.224865049123764 0 0 0.1161644384264946 0 0 0.1416551768779755 0 0 0 0 0 0.218124732375145 0.4082275629043579 3.869229793548584 0.45988430082798 0.1418655961751938 0 0 0
3.954692579805851 1.174948319792747 33.5491029843688 239.4576008990407 420.942934833467 10375.21039979905 2286.830264598131 4973.961835734546 71.28328192979097 4478.549485184252 74.4757314324379 5929.999896794558 13.08272246271372 279.1051424518228 1913.79753164947 1.640911594033241 10.32869661599398 13.8785777464509 12.0037741586566 320.4290412813425 2.745241887867451 4.610182747244835 12.02304823696613 154.1343931928277 0.5241668149828911 46.14589740335941 32.89915722608566 911.8308130502701 233.5237243771553 14.90876926481724 1.202379912137985 271.1055342108011 0.6008354425430298 251.3076885417104 135.0262714773417 449.0336845964193 25.82901736348867 456.9419759958982 82.88394448906183 2942.824582248926 473.3285439610481 19.86245593428612 14.35437934845686 0.5903676748275757 0 0.657148003578186 9.239902064204216 0 0 14.45102297514677 1.583672970533371 5.611213371157646 12.76527052372694 0.5531398802995682 8.020844765007496 0.1005445867776871 2.19578130543232 0.3155799806118011 1.837840795516968 0 0 0 4.89632174372673 0.6964800208806992 0.5706517547369003 1.622248150408268 53.93276213109493 0 0 2.815112203359604 28.3616401553154 1.424008972942829 1.47036112844944 0 0.9037536978721619 0.1187508851289749 0.2554313987493515 0.2364254891872406 15.59891438484192 1.294260621070862 4.350100465118885 1.177752017974854 10.43311831355095 0.3507890403270721 0.5457421988248825 0
3361.275303222239 5.876873716711998 2418.428310848773 385.3999196588993 8.155056439340115 2286.830264598131 14220.13852155209 3628.514907628298 317.4869806095958 12831.27715697885 50.96006819605827 73.49778880178928 6.133730351924896 10088.63101039082 22.32180743664503 84.8588243201375 174.7024675011635 18.49987173080444 34.46147158741951 255.0987550392747 658.1410216167569 125.0596552789211 2203.689609870315 2384.936940677464 2.536227189004421 901.4718537628651 1432.177623353899 15216.78923100978 2061.520693957806 4160.399342931807 2.433560684323311 17.66871260106564 74.81787910312414 451.9832224696875 77.2755046710372 3714.465254478157 254.8034908398986 1718.466540008783 566.0223551243544 298.89012414217 94.18011888116598 10.79379025101662 48.48197133094072 3.949317164719105 4.87188782542944 25.01238516718149 44.05929000675678 0.1597210764884949 9.535840302705765 209.4778806045651 12.68748331069946 93.36950019001961 51.36319835484028 1.126945175230503 10.40998457372189 0.5716530680656433 16.93131191283464 1.03449410200119 63.64836096018553 1.030465103685856 1.493079766631126 0.7203899547457695 27.81137689948082 11.99502939730883 20.16586580872536 89.91995839774609 596.1003428772092 0.1547631323337555 6.903959348797798 184.3861117586493 257.8960325419903 22.06757142394781 48.60734202712774 0 1.74123128503561 0.4056008532643318 8.229637823998928 12.99698169529438 125.4405102133751 19.75425519794226 60.13512771576643 12.83907973766327 58.93152833729982 1.917314492166042 2.393736027181149 2.794142171740532
799.7992007210851 0.4413730874657631 643.2619488239288 145.9489839971066 79.82320538908243 4973.961835734546 3628.514907628298 12623.58482833207 60.57583475857973 4162.48292004317 508.7111120149493 1600.878614850342 73.64980964362621 10241.17214048654 191.0896544083953 4.12475574016571 418.5281830430031 99.26595770567656 138.5249608308077 495.2647567540407 59.90097604691982 9.3098174482584 498.0927610993385 590.4891474246979 4.411387614905834 664.7672598287463 369.6407874673605 692.4102082774043 1927.389914862812 877.153847143054 11.11320605874062 631.3943460062146 6.72938796132803 921.8876612260938 34.14774898439646 1067.757571965456 263.4731546342373 1681.522116489708 223.1641831472516 1933.02545003593 299.718476600945 75.25257654488087 36.28596507012844 1.666277304291725 1.28376892209053 9.116691328585148 10.14778710901737 0 0.8975350260734558 100.2828389331698 4.465316668152809 28.1080279275775 10.86399119347334 2.213066823780537 3.792171515524387 0.7306985482573509 8.678424842655659 0 6.54874599725008 0.1185182258486748 0.1691410690546036 0.308770053088665 6.616645857691765 7.876913085579872 2.713625311851501 6.370218463242054 204.7032488062978 0.2333601489663124 1.004047863185406 34.14610747247934 92.60962588340044 10.37354423850775 28.47690960019827 0.1485793739557266 0.5407988503575325 0.7639557123184204 4.186384528875351 13.38015857338905 50.5271809771657 4.634873561561108 20.56351634860039 6.593032293021679 21.25540954619646 1.814169555902481 3.078227132558823 0.1359782665967941
3.055179618299007 639.0954318642616 1.798237353563309 1251.583219282329 22.29597273468971 71.28328192979097 317.4869806095958 60.57583475857973 745.9457250460982 633.0343421027064 7.48299877345562 907.3711513653398 11.95556968450546 43.61607960611582 447.4133519232273 191.6154610067606 2.481405228376389 0.8549307584762573 0.6001654118299484 1015.072806842625 46.73938233405352 3335.646462723613 8.591613993048668 10906.11446771771 115.5415157601237 7.230131395161152 596.6612791121006 1783.79249612242 48.7843012213707 110.4319281503558 0.1513217687606812 2.186664894223213 4.72749462723732 11.77359279990196 1.176888920366764 193.4508361667395 7.817298844456673 48.2741476520896 19.49356622248888 559.3010253235698 3.202984526753426 1.592463999986649 1.092519626021385 7.676981292665005 1.760532140731812 3.12258118391037 285.1848457679152 0 9.380318738520145 154.1052860841155 18.35603273659945 107.1481584981084 196.9175409600139 2.389027051627636 80.36261517554522 0.0916648805141449 33.80396853387356 1.844424456357956 324.0665046349168 0.6267727762460709 0.8225507214665413 0.7086467370390892 182.4830557331443 120.9072775766253 14.29621627926826 13.26094903051853 1816.230381719768 0.2403037250041962 3.739827878773212 36.96221148222685 574.4601078853011 59.79665887355804 152.333242751658 0.2721128016710281 1.745808705687523 6.356947354972363 18.98854941129684 5.686614319682121 164.7911139801145 4.040731221437454 72.39411009848118 27.44856528937817 51.03330007940531 0.6942458003759384 0.985493391752243 0.3682637363672256
20.00367496907711 2.254119277000427 89.89744777977467 8373.903205819428 20.22061024606228 4478.549485184252 12831.27715697885 4162.48292004317 633.0343421027064 41784.54126606137 95.44900466501713 5788.558775186539 10.51390218734741 1409.568325616419 103.1001746281981 10.1785726621747 19.12176217883825 32.34856135398149 43.37686573714018 7024.211391508579 2.723069407045841 25.57145189493895 36.64718774706125 1501.705672584474 1.168794475495815 99.12694831192493 124.6601592749357 8011.935242630541 893.8973463997245 21.39027509093285 2.519141457974911 32.25093157589436 8.384705074131489 354.9589183405042 39.54434238374233 2466.622663997114 55.43277905136347 1423.044221162796 193.3052119016647 416.8771650865674 72.93871401250362 10.51629486680031 29.96911209821701 2.322251483798027 0.6096278876066208 1.311516463756561 321.8127762377262 0.3039851784706116 17.20821267366409 244.5745748355985 21.26338721066713 91.86695823073387 286.61094661057 1.445612452924252 105.7991391792893 1.271476469933987 19.88789375126362 0.4005864560604095 13.39904897660017 0.5939188450574875 1.396989598870277 0.2837471663951874 195.88088003546 2.419887647032738 5.665361598134041 7.607424564659595 923.9765254631639 0 2.01802958548069 18.49477915465832 429.0496564507484 11.85321071743965 27.61610794067383 0 1.386173248291016 0.1680925488471985 6.525986611843109 5.140976130962372 214.492706514895 2.514678314328194 50.6634638234973 11.68621335923672 126.0162515714765 1.335693746805191 0.2289563193917274 0.8590291738510132
4.678041465580463 171.2073190510273 62.48951967060566 5.20025996118784 24.8658749461174 74.4757314324379 50.96006819605827 508.7111120149493 7.48299877345562 95.44900466501713 13677.04663917422 77.81203568726778 3070.755266539752 286.6700510382652 3.693323865532875 4.961213409900665 518.3451121151447 3531.698960721493 2429.149627864361 24.49266532063484 10.30557183176279 15.44653105735779 57.12715435028076 19.0608087554574 502.475532501936 4145.894151091576 2104.990138471127 18.10910058021545 809.8888985812664 34.82916089892387 919.8348313942552 358.6089539900422 18.95947318524122 7458.349247053266 23.09394498169422 573.9145970121026 3712.055811233819 3727.222093947232 699.62089009583 60.56323828548193 53.57010063529015 772.0949080511928 5.072065010666847 0 36.26282589137554 0.862874336540699 0.2390488386154175 0 0.2179513573646545 2.417569421231747 0.2067388296127319 0.9131646752357483 0.4538360685110092 306.2153162807226 0.3913394212722778 906.5165208280087 0.5987002551555634 0 0.1659231036901474 0 33.64494045078754 1.858071260154247 0 0.586252473294735 1.096616752445698 0 5.789150163531303 189.3384395539761 101.2100382894278 304.0188557505608 3.52008118480444 1.06742562353611 1.342929415404797 56.09621302038431 0.3415310829877853 0 2.452795095741749 10.21078050136566 18.41166765242815 248.7030941024423 39.83243170380592 1.505581296980381 0.7375959008932114 0 203.8063984885812 3.50500476360321
1.025822550058365 0.5215721726417542 2.091075003147125 5320.558486782014 57.0767954364419 5929.999896794558 73.49778880178928 1600.878614850342 907.3711513653398 5788.558775186539 77.81203568726778 10697.29911141843 10.00187566876411 287.4981988444924 1102.046398766339 1.211500614881516 3.110553592443466 24.72025892883539 25.47088719159365 4718.672248825431 1.073662623763084 4.191190332174301 3.586085550487041 652.5297047495842 0.5843675136566162 25.58036290109158 21.53270877897739 1108.104503042996 281.2750899195671 6.711242035031319 2.412109062075615 54.39262752234936 0.1033614203333855 112.8443818092346 19.72278396040201 1634.46153370291 28.52258839458227 564.1395710259676 35.89936631917953 2390.508772917092 14.63579209893942 8.82167436927557 5.453470528125763 0.2460623309016228 0 0 225.7229550257325 0.1355366855859756 10.00498980283737 35.19499749690294 6.471247464418411 43.55529453605413 332.4257105514407 0.09334921836853027 233.412799090147 0.3350360468029976 5.274324156343937 1.129066780209541 0.3313940763473511 0 0.2675133496522903 0 158.2205143198371 0.2318971306085587 0 1.75025449693203 237.4189602509141 0 0.1097541376948357 2.504451707005501 126.0744327455759 1.350823700428009 2.269944570958614 0 0.2253846228122711 0 0.9469712451100349 0.5261597037315369 80.13753166794777 0.8835489749908447 10.99987127631903 1.330182090401649 63.1934008076787 1.194952547550201 0.3552325516939163 0.3118272125720978
0.5949624553322792 787.6582252085209 8.010133974254131 0.3999812826514244 4.32028191536665 13.08272246271372 6.133730351924896 73.64980964362621 11.95556968450546 10.51390218734741 3070.755266539752 10.00187566876411 4666.571239113808 26.74533047527075 0.861213855445385 4.325380407273769 6.309888578951359 168.8761082291603 10.8311984911561 3.346148610115051 2.389534011483192 62.94451977312565 19.91699148714542 7.528225623071194 5604.697351813316 619.3045447170734 7415.977399751544 3.563577696681023 79.58459158241749 2.317440181970596 1106.68324995786 52.70196322351694 0.2238882780075073 1837.561631962657 4.667344823479652 145.3770890980959 2290.443305902183 2283.120907321572 126.9098704755306 14.86925463378429 41.33694531023502 1249.266906008124 8.794223785400391 0 91.6111694201827 1.201310575008392 0 0 0.1019687056541443 0.1842498481273651 1.221974939107895 2.080661274492741 0.1309590190649033 755.1621724814177 0.1739062964916229 2142.438708491623 0.4200888723134995 0.2674841582775116 0.1085380688309669 0.5594726353883743 71.85476507991552 4.862696833908558 0 0.5801581144332886 4.254627540707588 0 1.034188494086266 797.6140456646681 200.0168638974428 705.2488651275635 0.276613250374794 0.326743520796299 0 129.3234128057957 0.3940702229738235 0 7.565808139741421 11.02763374149799 15.73082182556391 441.18925742805 58.06520214676857 5.497667655348778 2.125861510634422 1.412648260593414 331.7808848321438 0
6374.368509292603 0.3984343037009239 1339.592083722353 125.8480168357491 2.460325710475445 279.1051424518228 10088.63101039082 10241.17214048654 43.61607960611582 1409.568325616419 286.6700510382652 287.4981988444924 26.74533047527075 11336.32641858608 12.20729741454124 10.410276517272 1017.533323898911 99.49779851734638 261.6272836327553 228.9276500493288 198.5673021301627 12.75269389152527 1403.169316090643 498.1744864583015 2.834435932338238 1083.925866000354 649.836489982903 1163.508228413761 8975.984104909003 3922.180081114173 8.437169529497623 42.42360831797123 50.5597287863493 970.6794580593705 17.85043551772833 475.7167643532157 255.225212007761 1238.819330707192 110.9189352616668 137.6065734922886 15.26884493231773 7.181696437299252 4.769498713314533 0.5450226739048958 1.03986219316721 16.98311974853277 4.758485861122608 0 0.2443639561533928 37.39663331210613 4.17336318641901 18.08311058580875 5.857877485454082 1.501306682825089 0.9896379560232162 0.3007585033774376 4.648615166544914 0.1079683676362038 17.96795121580362 0.6400737315416336 0.1629503071308136 0.6822471916675568 3.212994679808617 18.37359493225813 1.752196297049522 8.261498995125294 116.852279804647 0.3387820720672607 2.578548401594162 59.56044440716505 69.97622483223677 6.618898890912533 23.97869566828012 0.1140105202794075 0.4591020345687866 0.5501993894577026 5.058484733104706 8.164204269647598 32.30275968462229 8.979012712836266 13.47076635062695 2.955489732325077 12.89756648987532 0.4436765313148499 0.6605542004108429 0
0 11.39816403388977 0.240667998790741 65.12858265638351 1516.314915344119 1913.79753164947 22.32180743664503 191.0896544083953 447.4133519232273 103.1001746281981 3.693323865532875 1102.046398766339 0.861213855445385 12.20729741454124 482.5895875394344 0 0.1183064877986908 0.9757354035973549 0.4080130308866501 122.9790188744664 0.8337413668632507 62.604437738657 0 768.3550454229116 1.970523238182068 1.418006502091885 15.8970663100481 39.729905590415 16.90506032854319 0.2576393783092499 0 304.0600040629506 0.1069270223379135 8.519133195281029 8.102515831589699 250.4549398571253 2.021121114492416 40.50315829366446 2.028120927512646 2018.68199916929 120.3039328306913 0.8122498989105225 0.5781649947166443 0 0 0.2998721301555634 3.741627633571625 0 0 1.342367768287659 0 0.2204200327396393 1.756400614976883 0.366906076669693 2.901995420455933 0 0 0 0.3236200958490372 0 0 0 3.080948501825333 0.4257968664169312 0.2048265486955643 0.1746347993612289 7.157905049622059 0 0 1.651528492569923 2.755564317107201 0 0 0 0 0 0.4139565825462341 0 6.884911745786667 0.4975412338972092 0 0 4.302805870771408 0 0 0
1.324445374310017 226.1809875369072 6.562569312751293 3.162486582994461 0 1.640911594033241 84.8588243201375 4.12475574016571 191.6154610067606 10.1785726621747 4.961213409900665 1.211500614881516 4.325380407273769 10.410276517272 0 4574.391653075814 21.65561775118113 1.204022660851479 2.768966354429722 0.2027265578508377 1863.330975577235 4415.42694568634 2308.424636103213 3037.044664204121 20.21948729455471 10.95264772325754 3036.99437276274 626.6049175187945 23.93195193260908 341.4027185663581 0 0.1091807931661606 4.129866190254688 87.35312271863222 34.53582818061113 1795.511444456875 379.9866961464286 180.2161673679948 356.4810491800308 69.26933960616589 3.251273095607758 19.13066856563091 18.62297189235687 3.118658244609833 8.037361636757851 12.60171134769917 0.1231992319226265 0 0.2554174065589905 14.51730221509933 2.215217463672161 77.18420570343733 0.9027354195713997 3.794148914515972 0 2.79180733859539 7.30304204672575 0.1409484297037125 2278.703410156071 1.512406006455421 0.8622839823365211 2.441221855580807 0.15316042304039 591.0353544950485 866.9868851751089 1198.292091734707 171.9658173397183 2.322326719760895 10.96222993731499 311.9861402511597 215.0038607791066 37.44670034945011 228.8168360516429 1.107596725225449 0.21219402551651 10.14724482595921 18.3297516554594 8.698215037584305 392.6449837610126 35.66923417896032 39.2119140997529 25.92447778582573 9.510993845760822 1.098127864301205 34.87881605327129 1.690124548971653
262.1035763025284 7.349595859646797 5897.429090872407 0.9615573585033417 0.306426465511322 10.32869661599398 174.7024675011635 418.5281830430031 2.481405228376389 19.12176217883825 518.3451121151447 3.110553592443466 6.309888578951359 1017.533323898911 0.1183064877986908 21.65561775118113 2525.099951460958 220.2019438669086 5448.167955987155 2.214553035795689 1304.489371716976 8.338833138346672 4543.725773215294 34.7206032499671 1.715453900396824 3974.283111654222 6611.414396010339 51.52064578235149 1095.604501344264 1332.549127936363 0.3485419452190399 1.877038277685642 77.51392848789692 2189.577187858522 17.64274450391531 997.8926395326853 1965.925074897707 1446.854923740029 683.300928376615 36.91902334243059 1.940778322517872 0.7691950052976608 4.737406648695469 0 11.53707714378834 26.90173949301243 0 0 0 0.966830350458622 0 0.1342932879924774 0 0 0 0.2332661151885986 0.237467497587204 0 2.460087276995182 0.8959447592496872 0.8016493692994118 1.806096091866493 0 2.515711657702923 2.356896914541721 3.574965789914131 1.669651135802269 0.1622430682182312 39.81577783823013 188.7374463006854 0.3215005621314049 0 0.6129895746707916 0.2371924817562103 0 0.260150633752346 2.01238065212965 5.321311756968498 4.234559044241905 58.93246924132109 3.868272446095943 2.012903191149235 0.5525518655776978 0 0.1330909729003906 0.3100078254938126
5.549506790935993 5.28631728887558 52.5734618678689 1.751137718558311 1.819765090942383 13.8785777464509 18.49987173080444 99.26595770567656 0.8549307584762573 32.34856135398149 3531.698960721493 24.72025892883539 168.8761082291603 99.49779851734638 0.9757354035973549 1.204022660851479 220.2019438669086 380.3856180310249 1357.877111412585 10.09826622903347 5.180538050830364 1.145897962152958 37.39530248194933 4.392816036939621 58.70533698797226 4068.682987116277 962.5548720732331 8.052559286355972 188.3195742145181 22.52757142484188 126.1639368906617 51.56245940923691 3.181805081665516 925.2710396870971 21.26875349134207 663.5526001378894 1790.265632465482 2166.976809248328 685.3309364318848 21.62447912245989 4.605043321847916 103.5581265240908 5.683249369263649 0 11.02127818018198 0.1354382187128067 0 0 0.09389469772577286 0.7453687638044357 0.1003674268722534 0.2847100496292114 0 38.92544680088758 0.2240120023488998 130.3641253039241 0.4373003467917442 0 0 0.1634638160467148 29.28363835811615 3.826406560838223 0 0.2192029431462288 0.9725046157836914 0.4175169318914413 2.411435879766941 47.55185020714998 109.2795973271132 332.8288884684443 0.954411581158638 0.106244795024395 0.314788892865181 30.18719825893641 0.4916519075632095 0 1.435316599905491 4.887384787201881 11.87532809376717 36.29568203538656 7.708151817321777 1.012764662504196 1.539703644812107 0 5.428436309099197 2.571235656738281
34.07667403668165 2.941067978739738 254.3783437088132 3.945209749042988 0.7896137237548828 12.0037741586566 34.46147158741951 138.5249608308077 0.6001654118299484 43.37686573714018 2429.149627864361 25.47088719159365 10.8311984911561 261.6272836327553 0.4080130308866501 2.768966354429722 5448.167955987155 1357.877111412585 3231.205302931368 11.76875679939985 92.58438753336668 0.8936178162693977 358.5941865667701 10.30920083075762 4.957738220691681 5042.273733429611 1261.206145711243 13.12372237443924 457.5424669310451 207.8812407776713 6.043196246027946 25.67120391875505 32.80679289251566 5702.222600348294 16.44374988228083 830.2694272249937 1036.499064743519 2859.958270154893 830.0245840474963 20.85491989552975 0.4990206211805344 15.79324774444103 6.411082915961742 0 10.69386611878872 1.830623432993889 0.1901001930236816 0 0 0.3294438719749451 0 0.1338385492563248 0.1668327301740646 1.584454402327538 0 6.140133433043957 0 0 0.1002420485019684 0.995551124215126 5.378455236554146 8.516846336424351 0 0.9656933471560478 0.5783515274524689 0.4264598414301872 1.772952400147915 14.65071622282267 65.3732141405344 172.1317299827933 1.978100501000881 0.2619375735521317 1.152180477976799 3.82704895734787 0.1135848015546799 0 1.008578330278397 0.6362417936325073 10.19897983968258 16.65363349020481 6.61769811809063 2.961575068533421 0 0 0.6838712245225906 0.1610095351934433
1.313904233276844 0.1120883375406265 1.397012539207935 3797.649046696723 4.00478957593441 320.4290412813425 255.0987550392747 495.2647567540407 1015.072806842625 7024.211391508579 24.49266532063484 4718.672248825431 3.346148610115051 228.9276500493288 122.9790188744664 0.2027265578508377 2.214553035795689 10.09826622903347 11.76875679939985 720.9355387091637 0.7971226051449776 0.9477548152208328 2.681930616497993 858.6164538189769 0.2954495847225189 12.3819025978446 8.807705767452717 1804.501887321472 185.7649947404861 6.768277548253536 1.246816150844097 6.252150543034077 1.13223460316658 74.25953929871321 7.694050975143909 980.7997471764684 18.40766258537769 342.1735901385546 37.34908194839954 456.0033226683736 15.50840680301189 3.30416876077652 5.84251593798399 0.7539282888174057 0 0.6388629227876663 230.4400084391236 0 8.801620744168758 116.3284580036998 9.408267199993134 69.02071077376604 201.6749423369765 1.257841438055038 151.5430519133806 0 7.940421603620052 0.4708627015352249 1.935860194265842 0.1257055997848511 0.2448962479829788 0.1231434941291809 168.594718515873 1.539173915982246 0.5831224024295807 1.60379645973444 553.8309590294957 0 1.054416358470917 3.896685868501663 242.0933393090963 8.318324781954288 10.0262461155653 0 1.43361908197403 0.1280025243759155 2.615120150148869 2.961563393473625 106.8056651577353 1.225046530365944 25.5814741179347 2.873383782804012 80.31483683735132 1.462578594684601 0.1386838108301163 0.3831477761268616
95.24230581521988 18.68869982659817 323.6265444755554 0.59213025867939 0.2214405089616776 2.745241887867451 658.1410216167569 59.90097604691982 46.73938233405352 2.723069407045841 10.30557183176279 1.073662623763084 2.389534011483192 198.5673021301627 0.8337413668632507 1863.330975577235 1304.489371716976 5.180538050830364 92.58438753336668 0.7971226051449776 10884.03268494457 438.3975878581405 10226.57335095853 587.6073661595583 4.91563868522644 47.05650716274977 1260.496081076562 5516.592729218304 158.2133892253041 7758.488199979067 0 1.365198515355587 28.60108383744955 4576.480152875185 246.7220901623368 9802.095795288682 1491.98368614167 6047.929907344282 5001.724543467164 471.7492886409163 34.17853647470474 23.84829927235842 115.1586762517691 3.094296887516975 1.25323186814785 4.254494644701481 0 0 0.1163166686892509 10.35743992775679 1.539399899542332 25.09370923042297 0.235716424882412 3.133565582334995 0 6.548479840159416 5.928977742791176 0 839.1244883611798 2.234098128974438 2.832992970943451 0.451524592936039 0 539.532700009644 231.2551101371646 366.004134170711 108.6481760293245 2.062876626849174 4.025508262217045 64.70815020799637 123.7343104183674 30.20493543148041 212.5738108381629 0 0 8.881393894553185 19.24172201007605 58.1090557128191 381.8315748870373 22.97522364556789 41.96784500777721 25.42377296090126 16.75531588494778 0.2101925015449524 32.4008432328701 3.45163369178772
1.501423388719559 2913.46058498323 8.878882735967636 6.500196427106857 0 4.610182747244835 125.0596552789211 9.3098174482584 3335.646462723613 25.57145189493895 15.44653105735779 4.191190332174301 62.94451977312565 12.75269389152527 62.604437738657 4415.42694568634 8.338833138346672 1.145897962152958 0.8936178162693977 0.9477548152208328 438.3975878581405 1756.517526112497 528.3607932701707 7768.657740697265 411.0844640135765 22.13479249924421 3510.934805437922 517.2025551795959 9.525101520121098 54.58699160069227 0.9889694303274155 0.2712221145629883 2.313111916184425 12.74619714170694 3.061767816543579 128.732402227819 53.93770898133516 47.50709796696901 41.28710182011127 88.03380008041859 0.1525407284498215 13.69837026298046 1.395699247717857 0.3848386853933334 13.50317749381065 56.98050777614117 0.7414328157901764 0 0.5310364440083504 10.38268459588289 2.516291499137878 23.10449530184269 0.7998628318309784 0.1516197174787521 0 0.7320414483547211 4.613564886152744 0 1386.440539561212 1.422164812684059 0.4179284647107124 0.5512918382883072 0.1486042886972427 145.5022577568889 335.8878346681595 714.1528740003705 93.29455077648163 1.730391755700111 6.109042972326279 1442.452341012657 41.69174558669329 7.602870352566242 37.72436019778252 0 0 2.879409775137901 9.404055260121822 6.697524234652519 117.9176504537463 25.64612473547459 39.38634530454874 47.08732753992081 1.684158489108086 0 0.7008841931819916 0.7839944958686829
587.4250207543373 23.00260502845049 7480.912331335247 2.120035111904144 0.5549819767475128 12.02304823696613 2203.689609870315 498.0927610993385 8.591613993048668 36.64718774706125 57.12715435028076 3.586085550487041 19.91699148714542 1403.169316090643 0 2308.424636103213 4543.725773215294 37.39530248194933 358.5941865667701 2.681930616497993 10226.57335095853 528.3607932701707 9495.915518894792 703.9088352546096 9.139602348208427 2347.791015334427 14361.55165749788 6611.006494127214 626.5155643969774 5479.830918192863 1.373177722096443 4.465251289308071 19.24355410039425 3684.19128420949 337.5123288556933 13219.66479390115 7415.142110437155 6630.8783210814 7818.658141382039 866.6119067072868 67.19739282131195 80.0236576423049 172.6900371685624 2.28554330021143 8.15764319896698 333.2092974931002 0.1512892544269562 0 0.5721918642520905 28.93631579726934 8.682764127850533 4.29970533400774 1.880348466336727 15.1341091170907 0.1260280311107635 23.91483427584171 17.55491043627262 0 2129.184862866998 4.743917874991894 2.547775909304619 3.616103135049343 0.369138240814209 245.9274376183748 515.2766365632415 2420.855944424868 54.64236091077328 11.25226484239101 37.04889906942844 2075.570107229054 42.57781513780355 9.075146608054638 57.1114074960351 0.6076218262314796 0.1123336181044579 1.420477174222469 19.08132576942444 89.73083857446909 621.1398999467492 125.8935297802091 95.46109364926815 98.56654465198517 7.082058288156986 2.694710835814476 103.9190876632929 7.837963111698627
30.90569127351046 535.3878859803081 26.28426717221737 2311.856754280627 3.424277454614639 154.1343931928277 2384.936940677464 590.4891474246979 10906.11446771771 1501.705672584474 19.0608087554574 652.5297047495842 7.528225623071194 498.1744864583015 768.3550454229116 3037.044664204121 34.7206032499671 4.392816036939621 10.30920083075762 858.6164538189769 587.6073661595583 7768.657740697265 703.9088352546096 8001.514786146581 51.12745054811239 32.90184875577688 4082.627853251994 10268.32016275078 657.7988236993551 441.629761070013 0.4328305646777153 5.972215592861176 67.58070376515388 171.53899820894 47.89312943816185 2647.698298089206 112.2316990494728 780.4382580816746 302.9800857752562 964.0226269811392 30.52924048900604 5.015984416007996 26.76268272846937 19.02200751006603 7.770575389266014 16.60976745933294 250.598793849349 1.470346704125404 21.13833148777485 550.6660134494305 62.2623593583703 969.3365236520767 230.6801126971841 8.986626900732517 92.20564308017492 1.046013742685318 92.21039934456348 3.634590446949005 436.96820435673 1.304753594100475 2.500371500849724 1.63486985117197 156.576160416007 212.0060071200132 134.0531949698925 200.3336873725057 2737.802288644016 0.569954589009285 9.335628397762775 240.0379249900579 1272.034249983728 137.4573182761669 378.5077943131328 0.2410547584295273 7.185511186718941 9.594846233725548 43.17773324251175 21.52616452425718 471.3963454514742 18.88516966253519 199.4151582121849 64.8128719702363 181.7292161807418 9.812728993594646 2.604815274477005 2.74094171077013
0 2264.465922266245 1.941657245159149 0 0.1576074659824371 0.5241668149828911 2.536227189004421 4.411387614905834 115.5415157601237 1.168794475495815 502.475532501936 0.5843675136566162 5604.697351813316 2.834435932338238 1.970523238182068 20.21948729455471 1.715453900396824 58.70533698797226 4.957738220691681 0.2954495847225189 4.91563868522644 411.0844640135765 9.139602348208427 51.12745054811239 742.2466012015939 479.6084575131536 8175.661643996835 6.470266871154308 5.248032703995705 2.355162382125854 188.6905189082026 3.402457296848297 0 785.2228463515639 2.94927117228508 84.68597893416882 497.1064661592245 483.0217879489064 60.37127700448036 4.201454877853394 33.62467364966869 1122.834255978465 3.411921292543411 0 261.3914498537779 3.056340426206589 0 0 0.08301384001970291 0.1942138224840164 0.4309144914150238 0.1795179694890976 0 203.8694648221135 0.2892175912857056 770.9116676971316 0.3735348731279373 0 0.1704359650611877 0.9277276247739792 41.32182252407074 10.0180240124464 0.1429357677698135 0 11.32048361003399 0.932047039270401 1.057120107114315 357.0258118957281 241.3763517290354 1563.614308357239 0.6748104840517044 0.2866344451904297 2.304756291210651 59.99231342971325 1.139696277678013 0 5.753291942179203 2.709036231040955 26.33828979730606 99.74429336190224 44.92403151839972 6.499160677194595 0.1129157319664955 1.100133299827576 54.7753781452775 0
219.7768573835492 208.1563527211547 8607.231899321079 7.42766334861517 2.955961592495441 46.14589740335941 901.4718537628651 664.7672598287463 7.230131395161152 99.12694831192493 4145.894151091576 25.58036290109158 619.3045447170734 1083.925866000354 1.418006502091885 10.95264772325754 3974.283111654222 4068.682987116277 5042.273733429611 12.3819025978446 47.05650716274977 22.13479249924421 2347.791015334427 32.90184875577688 479.6084575131536 34301.62232691795 10000.09848802537 122.7764941602945 453.6352718695998 182.6805659532547 341.365316323936 45.14209365099669 28.61995113641024 2027.037986449897 57.11325501650572 3272.629257045686 10508.86301740259 5241.529166005552 2110.24629213661 89.20771338790655 9.313132815063 167.8678860366344 18.61342813819647 0.8416910246014595 391.6172285676003 114.4063826650381 0.1159885674715042 0 0.3275944069027901 2.228117130696774 0.975113645195961 3.91125200688839 0.6747987195849419 168.6726014390588 0.3122496455907822 498.976597815752 2.627596504986286 0 3.004555247724056 18.6579557210207 174.8017620593309 114.0374939367175 0 1.865604907274246 18.25761761516333 5.487504236400127 6.497893996536732 447.8858142197132 1395.656632103026 4768.096612252295 1.349238872528076 2.53345911949873 3.718840852379799 135.9054970368743 0.4357539117336273 0.4160833582282066 17.50266578048468 11.51342126727104 99.50866571068764 517.9586074873805 105.5051385387778 16.35773559659719 1.034608580172062 0 25.7392677590251 3.060513287782669
107.2901884242892 6963.587659694254 5806.604008212686 24.33271727710962 1.86529128998518 32.89915722608566 1432.177623353899 369.6407874673605 596.6612791121006 124.6601592749357 2104.990138471127 21.53270877897739 7415.977399751544 649.836489982903 15.8970663100481 3036.99437276274 6611.414396010339 962.5548720732331 1261.206145711243 8.807705767452717 1260.496081076562 3510.934805437922 14361.55165749788 4082.627853251994 8175.661643996835 10000.09848802537 23627.79440693557 2730.433761306107 558.1202985048294 206.4837741553783 1202.666476435959 23.81245863437653 86.34215969592333 3705.486519858241 276.7622197493911 11206.20604297519 8177.281876929104 10611.44689939171 6382.293484888971 653.7195893600583 35.71020445972681 129.1025814190507 88.83551804721355 6.957095049321651 3408.042237587273 2112.826342821121 1.082012847065926 0 1.552485316991806 74.8051635697484 27.71900326013565 18.92205110192299 5.680446922779083 355.9467817917466 0.6410508006811142 1011.861169032753 46.28280299156904 1.172400817275047 923.4217598810792 121.3923090845346 261.2499228194356 222.4126964658499 0 53.45954012125731 1275.851337321103 2353.139901719987 68.32401530444622 1027.943246521056 3009.247599080205 24775.3868977651 38.89624298363924 8.533659152686596 34.35892936587334 233.7796937897801 1.044412277638912 1.826652482151985 128.3171925470233 97.27042865008116 834.4533985629678 1820.340598858893 556.8209062069654 268.9661508575082 8.333527430891991 0.4282372146844864 44.92516043782234 4.316989719867706
349.5722333714366 56.89638271182775 1017.88071436435 4695.636665210128 2.201911687850952 911.8308130502701 15216.78923100978 692.4102082774043 1783.79249612242 8011.935242630541 18.10910058021545 1108.104503042996 3.563577696681023 1163.508228413761 39.729905590415 626.6049175187945 51.52064578235149 8.052559286355972 13.12372237443924 1804.501887321472 5516.592729218304 517.2025551795959 6611.006494127214 10268.32016275078 6.470266871154308 122.7764941602945 2730.433761306107 19502.75205512345 1642.544796034694 8942.672304421663 0.6315646842122078 11.3866453692317 275.7018598020077 439.4882951378822 125.119434595108 4947.369369529188 205.67220775038 1735.355608738959 797.7607588917017 400.8900717794895 69.29590449482203 10.3312499448657 51.93715903908014 26.17847361415625 4.4163973107934 18.67384515702724 180.777748323977 1.574333541095257 14.93482029438019 795.2185428664088 78.94171398133039 636.7392112016678 109.6619710624218 11.9009873047471 42.2807627543807 3.36012427508831 113.4073457866907 0.9998874813318253 493.6939878091216 2.758352272212505 3.353665582835674 1.378658056259155 58.78061726689339 437.266681805253 68.47531387209892 143.873516894877 2501.667256638408 0 10.56812924146652 157.5416808575392 1676.804147273302 196.9946469292045 801.3303623646498 0.2565953209996223 6.408260017633438 16.83668718487024 66.37337873876095 36.85419110953808 765.8858868926764 20.74249433726072 291.1321520879865 93.73248060792685 234.2621855735779 10.85315439850092 8.97519513964653 5.211011409759521
