797.2902998328209 2.026701189577579 46.03054891526699 0.4057709649205208 0.9692336097359657 9.420615091919899 2151.934327878058 672.876013353467 4.484956920146942 30.22329363971949 11.00643976777792 0.5963945761322975 0.2486337050795555 6048.959020584822 0 0 126.9886273741722 4.91152860969305 12.1720297113061 0.8968448713421822 11.80984079092741 2.804563127458096 6.817309118807316 3.146570339798927 0.1099967136979103 32.59596166014671 69.18833459913731 6.195116512477398 2720.315500184894 2457.349079936743 0.107012003660202 7.744827188551426 61.07553887367249 193.7107208520174 0.140697106719017 34.57016368955374 13.54555764049292 66.33629208058119 11.9007759988308 4.924265325069427 3.44653407484293 0.3925655484199524 0.1361831724643707 0 0.281651958823204 0.5709527879953384 0 0 0 2.347153604030609 0.1198829859495163 1.081259042024612 0 0 0 0 0.3200202137231827 0 0.6463544592261314 0 0 0.1062537133693695 0 0 0 0 5.539918377995491 0 0.5435651615262032 3.266237840056419 8.113441295921803 0.7000455856323242 1.219705179333687 0 0 0 0 0 2.966710805892944 0 0.2242572531104088 0 0 0 0 0
2.026701189577579 127.595436014235 53.71679723262787 0.348288007080555 0.5910714566707611 0.2859715223312378 6.405393108725548 2.676741480827332 876.1525377705693 0.6189880967140198 11.09916836768389 1.292038030922413 213.4123586863279 5.713738590478897 28.80647756904364 81.80641567707062 157.2115644589067 0.4886879324913025 3.787786766886711 0 12.43663093447685 2745.591285407543 13.66102611273527 830.8417268693447 1557.694811299443 117.6477915495634 2424.180508159101 17.10225471109152 10.88471746444702 18.82118082046509 21.59844523668289 0.5990329384803772 1.419792920351028 85.87662743777037 0.7465406656265259 54.71364361047745 47.03244561702013 81.3642765134573 26.15175183862448 16.27323058247566 0.8616940081119537 2.18435825407505 0.520771399140358 0 102.5767469704151 126.2532702386379 0.1031658053398132 0 0 1.094751082360744 0.2354769855737686 1.080409958958626 0 8.313543900847435 0.1026039645075798 17.27341400831938 0.1658414453268051 0 1.383219413459301 37.40121500939131 3.32129430770874 28.01207254827023 0 0.7567102611064911 45.39948780089617 10.10162971913815 5.312121249735355 52.55816340446472 321.1962306573987 1736.88011931628 2.496384128928185 0 3.915799848735332 20.42743818461895 0 0.1806981116533279 25.42413177341223 0.6419135928153992 40.52873108536005 9.646244645118713 47.49665036797523 10.52112506330013 0.2885409891605377 0 0 0.4023085832595825
46.03054891526699 53.71679723262787 3945.807107508183 1.593804121017456 0 5.42255025357008 1453.106813877821 321.5207463130355 1.832015499472618 20.53102707862854 16.20588377863169 0.4499088823795319 2.37756759673357 274.0181086733937 0 4.486101649701595 2608.374002113938 36.72415719181299 180.3912217989564 1.002913579344749 656.5107756704092 5.071758650243282 8770.664095312357 23.9597452506423 2.416270926594734 8987.413400009274 13428.31016217917 535.8554487451911 89.9799914881587 1666.801744535565 2.848025016486645 1.646859414875507 10.09817714244127 459.8730158656836 8.128925174474716 506.136134698987 5366.888940788805 824.3394968956709 382.5084138289094 25.71688105911016 10.23556376248598 3.901781491935253 2.498933672904968 0.8513705432415009 79.74259984493256 1684.249322742224 0 0 0 8.043987020850182 2.776978977024555 0.5168772339820862 0.9011697620153427 0.8306235373020172 0 0.2406558692455292 4.295311369001865 0 15.71193464845419 113.2628617659211 3.674128107726574 24.70920150727034 0 4.734670370817184 55.06842625141144 127.7099123448133 14.04691080749035 1.647446915507317 231.1859416365623 2844.325391180813 12.32056862860918 2.309058204293251 19.95352841168642 0.1239636018872261 0 0.6133629381656647 45.7609363719821 1.508366703987122 145.9288323447108 39.61264538019896 160.6700956746936 33.39605613052845 4.223799303174019 1.133226633071899 0 0.4144618511199951
0.4057709649205208 0.348288007080555 1.593804121017456 2761.309868469834 7.827456168830395 94.73500303179026 323.4515077993274 58.07777646183968 1018.699208013713 4129.277867399156 2.260405957698822 4957.711032450199 1.20300118625164 33.34859631955624 326.8425910323858 0 0.5922148674726486 1.315840646624565 1.74903729557991 5901.185900837183 0.3834916800260544 0.5511797368526459 0.951029047369957 1380.838613323867 0.1166751086711884 3.812260426580906 5.265276223421097 4212.936287909746 101.7107176929712 1.789061166346073 0.2089203894138336 6.752097100019455 10.44282948970795 69.05607242882252 12.88878674805164 568.8079462051392 9.520396806299686 148.7340995743871 51.85589517652988 586.4596178233624 27.83433336764574 2.035732463002205 7.919291168451309 0 0.1810134798288345 0.3920973092317581 255.2707323655486 0.3082627356052399 13.23275031894445 231.5147857442498 9.355632588267326 89.29599881917238 422.4388879165053 0 164.4981169402599 0.1802543699741364 2.85015557706356 4.36106164008379 0 0 0.1584590375423431 0 98.42215200513601 0 0.1623895317316055 0.8893185332417488 398.1238801926374 0 0.1279965937137604 0.448657363653183 472.1538177803159 1.871963515877724 3.521493539214134 0 0.5990041941404343 0 3.002994954586029 0.8481804430484772 97.97431768476963 0.2224157601594925 4.589417569339275 0.9366874322295189 324.0961086750031 0.9779352992773056 0 0
0.9692336097359657 0.5910714566707611 0 7.827456168830395 75.48944985866547 747.773444890976 19.75482839345932 62.19881204515696 47.56632904708385 30.95305944979191 7.180313304066658 91.98040075600147 7.097781702876091 11.86533616483212 1351.510992690921 0.5455319285392761 1.266212947666645 2.001578010618687 2.018065765500069 10.53604543954134 1.680219084024429 0.4470672607421875 3.334180079400539 23.32349368929863 1.049460425972939 3.638517998158932 1.634406037628651 11.09647513180971 299.1840063929558 2.560281559824944 0.5553628876805305 149.2630154341459 0.6582531481981277 437.0815843194723 1.460092633962631 111.1812924742699 9.210698753595352 214.2697507739067 230.6594920456409 1949.559147141874 162.6472904086113 6.431272938847542 7.267765276134014 0 0 0 0 0 0.3938118815422058 4.830987602472305 0.1364385932683945 0.2382125407457352 0 0.6522796452045441 0 0.1052256897091866 0 0.1163572520017624 0 0 0 0 0 0 0 0 8.395060241222382 0 0 0 5.337304547429085 0.5071051865816116 0.1893023103475571 0 0 0 0 0 1.013109937310219 0 0.2191045433282852 0 0 0.1806960999965668 0 0
9.420615091919899 0.2859715223312378 5.42255025357008 94.73500303179026 747.773444890976 11547.94968891144 2988.357207641006 6186.983544960618 37.75644584745169 6935.836868651211 32.30130141228437 3142.208684511483 24.23229616135359 802.4633213058114 2676.63221500814 0.1300721019506454 3.805285945534706 14.73284262418747 13.16373901069164 486.139146707952 2.122213810682297 3.519225463271141 2.353326208889484 140.8238280117512 1.218823224306107 23.04086080938578 16.62003961205482 162.1759727373719 1356.370329514146 17.80493688583374 1.387497931718826 842.3436872363091 4.183739580214024 928.1785284429789 5.811665385961533 659.3076508194208 28.41352014243603 356.9336042329669 152.7476027309895 4333.125265955925 373.2576215565205 19.5403743609786 20.52408810704947 0 0 0.2788274735212326 6.894775800406933 0 1.253618657588959 50.55048295855522 1.452402651309967 10.32580816745758 10.07423822581768 0.3584449365735054 4.926943376660347 0 0.6431785821914673 1.152993351221085 0.6596481800079346 0 0 0 1.312805578112602 0 0 0 88.96278042346239 0 0.107488602399826 0.4294759854674339 67.50560066848993 1.272821754217148 8.326503083109856 0.2793457806110382 0.1939474642276764 0 1.459808215498924 0 23.05500958114862 0.7877290844917297 2.230215236544609 0 28.3782469406724 0 0.3957685232162476 0.5408033132553101
2151.934327878058 6.405393108725548 1453.106813877821 323.4515077993274 19.75482839345932 2988.357207641006 19739.62724283338 4923.417834445834 236.1846237257123 13763.60630498827 36.82969871163368 36.21332401037216 10.93239514529705 4708.948590807617 41.04217310249805 18.17258284240961 314.0724234730005 24.95662313699722 44.02091681212187 34.71721333265305 346.3397243991494 21.84088436514139 473.8527081906796 1371.535466603935 0.2631896063685417 198.5377042144537 842.9277586936951 14342.89702828974 3057.174042671919 9126.468971304595 2.166611857712269 62.27214000374079 336.9940276294947 1008.05588029325 187.1517771780491 4528.411339737475 318.8497939184308 2261.494145777076 1031.741256095469 588.7055881023407 253.6524572744966 7.198359198868275 70.56617947667837 3.792142949998379 1.35718646645546 20.23691444098949 87.56482473015785 1.215882495045662 18.60354379564524 760.836120352149 27.99844996631145 96.7085143327713 119.0038630887866 1.011243641376495 19.24702046066523 0.2662870362401009 18.37249856442213 3.110938116908073 17.47592929750681 1.976544171571732 0 0 27.64395409822464 4.407264985144138 5.379423715174198 32.42566773295403 1187.551843993366 0.1267296969890594 2.703573457896709 46.05800200998783 1129.456791438162 19.22141606360674 71.96858631819487 0.1104132235050201 2.399529486894608 0.1790167540311813 13.57931626588106 1.982036352157593 171.8003240078688 2.343483939766884 15.11242098361254 4.780906431376934 101.8270571604371 5.073446169495583 0 0
672.876013353467 2.676741480827332 321.5207463130355 58.07777646183968 62.19881204515696 6186.983544960618 4923.417834445834 15403.75693759322 25.49224209785461 3341.143536649644 46.09577122330666 1189.647562585771 8.484220705926418 7461.786829762161 65.83461994677782 1.213813059031963 355.716517239809 15.65635811537504 38.29927715659142 231.7127692997456 16.48965012282133 2.771131798624992 35.98397827893496 252.7158354744315 1.204681843519211 135.3259742856026 275.7225145027041 229.6046463698149 1859.516428075731 1445.540690824389 0.7706315740942955 794.544836640358 24.76393669843674 687.9540619105101 9.070489451289177 364.1490395441651 60.38822594285011 361.2290057241917 118.7218713387847 706.4712119698524 123.1092972606421 3.651721611618996 8.031752042472363 0.4167095422744751 0.8957744836807251 4.314400844275951 4.211878702044487 0 1.675602555274963 132.5311663448811 3.743094027042389 20.42894035577774 8.807435795664787 0.4317521005868912 1.100920975208282 0.08600765466690063 3.72060438990593 0.7205986976623535 1.410288900136948 0.2420021146535873 0 0 0.4174548089504242 0.2272945642471313 0.634328156709671 0.5671724751591682 186.0044409111142 0 0.850226916372776 11.47651422768831 171.6428209841251 3.309760764241219 8.541159331798553 0.1493338495492935 0 0.2496058940887451 3.317508444190025 1.081734180450439 22.96801570057869 0.5580116361379623 3.548280254006386 1.382894068956375 11.78397682309151 0 0.1671647429466248 0
4.484956920146942 876.1525377705693 1.832015499472618 1018.699208013713 47.56632904708385 37.75644584745169 236.1846237257123 25.49224209785461 990.6452125757933 211.7405788600445 1.168105408549309 119.4076019972563 22.23981640487909 11.92874681204557 847.9439209848642 13.14865259081125 2.981810249388218 0.3434546440839767 0.2908734679222107 276.0433401763439 15.35959568619728 3747.686456166208 4.368470214307308 10830.04038148373 315.3820813372731 11.92381449043751 332.0666401535273 949.3469287008047 34.73004426807165 16.8925187215209 6.044247075915337 3.871241576969624 0.3546853810548782 14.04087605327368 0.2794254720211029 74.07913859188557 5.586218662559986 21.01423022896051 6.688522063195705 311.3000943958759 6.810712285339832 0.4211088716983795 0 0.7339382618665695 1.225663557648659 1.515299752354622 159.9580528959632 0.3799513727426529 4.80476850271225 190.4296162575483 3.560920923948288 280.5366444140673 281.6063829064369 0.5553908795118332 85.356813557446 1.114443346858025 5.585399731993675 8.964672446250916 104.0131516233087 0.3609862923622131 0.1125728115439415 0.126021683216095 71.07357024401426 47.38976194709539 43.23557966202497 6.97822080552578 1768.896870411932 0.960747703909874 2.505028553307056 7.388610273599625 745.8625791817904 10.6404088139534 25.36332549899817 1.390518181025982 0.3043812364339828 0.5207885280251503 1.942107930779457 0.1221377700567245 13.36822335422039 0.1124289855360985 4.427593074738979 1.216799587011337 20.42926795035601 0.5714204609394073 0 0.1189728304743767
30.22329363971949 0.6189880967140198 20.53102707862854 4129.277867399156 30.95305944979191 6935.836868651211 13763.60630498827 3341.143536649644 211.7405788600445 29692.5717330873 40.83127523958683 2550.604146502912 15.40641377866268 932.466871611774 136.7719446644187 0.6421003192663193 9.810237593948841 24.35901924967766 26.52630122005939 2839.290772527456 2.188398502767086 0 4.216793820261955 243.5199309289455 0.7293823510408401 45.61446715891361 37.19706141203642 4759.820604003966 1137.068091467023 50.25498162209988 2.875981822609901 100.0975683927536 19.03623886406422 713.5223129168153 34.02939003705978 1588.349939532578 55.8281549140811 1074.357438407838 283.1580623015761 728.0185841843486 234.5648721083999 10.22987499833107 57.38010007143021 0 0 2.07472462952137 129.0065201595426 0.09171219915151596 9.586491078138351 167.6458930596709 4.235076010227203 47.02745509892702 170.646023645997 0.7753061428666115 65.24178554862738 0 2.04522468149662 4.693786665797234 0.9617010951042175 0 0 0.12822125852108 64.51604580879211 0 0.3391897976398468 0.6381120681762695 280.0359209254384 0 0.2348687276244164 2.386549316346645 323.4774179458618 2.281477361917496 4.252539113163948 0.09529505670070648 0.6924738138914108 0 2.19829948246479 1.269736170768738 79.89192285388708 1.323561489582062 3.425193749368191 1.791390866041183 144.1547208875418 0.2195056974887848 0.3907887637615204 0
11.00643976777792 11.09916836768389 16.20588377863169 2.260405957698822 7.180313304066658 32.30130141228437 36.82969871163368 46.09577122330666 1.168105408549309 40.83127523958683 12351.73870709538 11.5398965626955 1689.795436874032 44.09982669353485 0.6819371581077576 1.458425343036652 203.6904348954558 3491.621647663414 1099.257600449026 5.547879740595818 18.94038170576096 3.301800079643726 34.4418420791626 10.79765326529741 604.7253128141165 2141.800864815712 349.3815619796515 17.81255885213614 124.7921301648021 35.62940235435963 181.7022898495197 18.22745423018932 23.45949705690145 3751.204010829329 16.69971362501383 634.466465048492 5386.807237483561 3322.922100119293 1037.984477952123 40.07387252151966 36.35786447674036 1223.000473067164 7.945251323282719 0 4.188222646713257 1.856823951005936 0.1888288855552673 0 0.2953938543796539 3.306391559541225 0.1342266798019409 1.181054256856441 0 1551.044220589101 0 1129.781391255558 0 0 0 0 32.2421608492732 4.36753286421299 0 0 0.4966274276375771 0.7864308953285217 5.23875217884779 426.0412526354194 337.713394716382 348.8421665728092 7.14148772507906 0 0.3049032837152481 559.8539392799139 0.3341250419616699 0 69.61816321313381 4.818323366343975 87.96121173352003 229.0645988211036 19.84799655526876 5.291818663477898 0.9077553749084473 4.605407774448395 368.1152258515358 0
0.5963945761322975 1.292038030922413 0.4499088823795319 4957.711032450199 91.98040075600147 3142.208684511483 36.21332401037216 1189.647562585771 119.4076019972563 2550.604146502912 11.5398965626955 5248.842274211347 3.324347458779812 182.1369348987937 1553.542388148606 0 0.2149407118558884 4.367408752441406 6.43708099424839 4741.155063278973 0.153742328286171 3.645944744348526 0.2152061089873314 160.1811652034521 0.360394686460495 10.43902684003115 5.26084366440773 931.8188973069191 339.3556505292654 1.560082703828812 0.3983683511614799 53.40236964076757 0 243.3751600980759 11.48914016783237 462.1041643097997 6.379674881696701 127.468103595078 23.95415885746479 1769.56800866127 51.6579978838563 2.307460352778435 2.156064167618752 0 0.0883120521903038 0 160.5099101066589 0 5.792884230613708 16.73618553578854 1.620076656341553 8.673594146966934 78.37117847800255 0 77.85753411054611 0 0 4.545078836381435 0 0 0 0 24.25732709467411 0 0 0 48.18908366560936 0 0 0.3022291213274002 64.16665859520435 0.7537294626235962 0.2845497131347656 0 0 0 1.085633724927902 3.996784925460815 34.4494112432003 0 0.4330539181828499 0 110.9615868404508 0.6710568815469742 0 0
0.2486337050795555 213.4123586863279 2.37756759673357 1.20300118625164 7.097781702876091 24.23229616135359 10.93239514529705 8.484220705926418 22.23981640487909 15.40641377866268 1689.795436874032 3.324347458779812 5630.749721169472 1.718108482658863 1.835332319140434 5.55523756146431 0.7241964340209961 63.53752206265926 9.593832515180111 1.84106832742691 3.782211296260357 49.96338870376348 8.377700574696064 28.51732234656811 4008.010114118457 474.2335463389754 4800.258312113583 19.68468755483627 5.479386858642101 7.767266221344471 927.338257394731 16.06033939123154 0.2534869909286499 390.5054949745536 143.6484191864729 2927.960967622697 4677.910603389144 1503.475280143321 321.9809028282762 114.8717435374856 82.26130626350641 1424.395845644176 11.11486466228962 0 47.4044094979763 0.1204217523336411 0 0.238471657037735 1.545171514153481 4.590549618005753 0.4973053932189941 0.241557665169239 0.5298606008291245 2008.077533707023 0.1558035314083099 1538.953714616597 0 0 2.494498804211617 0.3825764507055283 49.89839068055153 3.097107648849487 0 0.1173285245895386 2.486934088170528 0.3530225157737732 5.589410856366158 1133.617804072797 682.7682118862867 879.1873565390706 1.992370747029781 0.1406505405902863 0.462022565305233 910.0634117275476 0.1390893757343292 0 185.2552125379443 67.73826532065868 742.9522123336792 244.5478434339166 97.84142395853996 34.1586154922843 24.02217520773411 25.63878712058067 324.7120977789164 0.8468862771987915
6048.959020584822 5.713738590478897 274.0181086733937 33.34859631955624 11.86533616483212 802.4633213058114 4708.948590807617 7461.786829762161 11.92874681204557 932.466871611774 44.09982669353485 182.1369348987937 1.718108482658863 16226.00712738931 2.360572978854179 0.2629384398460388 466.8224568217993 12.16472685337067 40.59771084785461 71.12393956631422 37.24490327388048 8.310564525425434 34.86443652957678 98.91403764486313 1.122838862240314 145.0272717699409 294.6197962537408 154.5680631399155 12195.23996689171 3244.118902161717 0.3815499842166901 614.3953933864832 65.36319270730019 635.4324095547199 4.033180646598339 207.1458386927843 65.07372096925974 206.8673865199089 52.14851665496826 103.1361682415009 21.4683021530509 1.236790701746941 2.191534928977489 0 0 3.217042557895184 0.8582628816366196 0 0.6383538991212845 33.56691835820675 0.8219465985894203 6.943338327109814 1.319891825318336 0 0 0.1247644796967506 0.5616263896226883 0.9538550972938538 0.7310272976756096 0.2004427835345268 0 0.493671752512455 0.5778709053993225 1.463323324918747 0.6134062111377716 0.5857242941856384 83.30305498838425 0 2.05625094473362 8.460910692811012 77.397644944489 2.736002847552299 5.546628572046757 0 0 0 0.7410410642623901 0 9.869102641940117 0.3957898318767548 1.285169258713722 0 4.54248583316803 0.2233244031667709 0 0
0 28.80647756904364 0 326.8425910323858 1351.510992690921 2676.63221500814 41.04217310249805 65.83461994677782 847.9439209848642 136.7719446644187 0.6819371581077576 1553.542388148606 1.835332319140434 2.360572978854179 482.8594678491354 0 0.4162882342934608 0 0.3928867131471634 354.5553069636226 0.3046593517065048 92.3759386241436 0 1462.413716882467 14.96960180997849 0.2181508541107178 14.54944440722466 126.0711115375161 4.731496319174767 1.268448121845722 0.3437208086252213 148.1022993549705 0 46.60807931423187 4.07159249484539 154.6496505513787 23.15632510185242 40.55836275964975 4.544331073760986 1529.586965397 58.37693071365356 3.086439430713654 0.3592406809329987 0 0 0 2.387448154389858 0 0 5.548510909080505 0.1355468183755875 16.83818690478802 2.003318704664707 0 1.192998915910721 0 0 0 1.086547754704952 0 0 0 0 0 0.9938153922557831 0 21.52429623156786 0 0 0.7843810319900513 8.706017926335335 0 0 0 0 0 1.854860842227936 1.060620665550232 15.78295010328293 5.584298551082611 3.557172745466232 3.297129094600677 11.37169297039509 0.8754014372825623 2.343858242034912 0
0 81.80641567707062 4.486101649701595 0 0.5455319285392761 0.1300721019506454 18.17258284240961 1.213813059031963 13.14865259081125 0.6421003192663193 1.458425343036652 0 5.55523756146431 0.2629384398460388 0 2901.54862882942 4.96021431684494 0 0.5074428990483284 0 3131.063191018999 2596.473777800798 2079.586154900491 2383.372412882745 22.12327689677477 3.382327973842621 5206.526004053652 1109.884402275085 0.277070626616478 14.86289260536432 0.480700358748436 0.2136483788490295 0 36.63075026124716 32.15725650638342 1194.581563584507 636.868030525744 394.3006565719843 629.9844366386533 58.28179678320885 11.34896165132523 1.1939906924963 8.487352527678013 0.3682441413402557 2.57480700314045 41.02128269523382 0 0 0.2124403715133667 8.207960434257984 0.3492005243897438 13.98459248244762 0.09757109731435776 0 0 0.1324499398469925 0.5470515936613083 0.512050561606884 3773.0629972592 2.15639965236187 0.1482758820056915 0.8112572580575943 0.1403724402189255 514.9962701797485 636.0252071395516 2409.235291391611 293.3067654818296 0.1234833672642708 1.794415131211281 414.5081102922559 226.4662819057703 1.918514750897884 55.72236028313637 0 0.06856560707092285 0 6.586032651364803 1.59678603708744 562.0286806151271 8.534163005650043 48.23206778615713 27.542834430933 2.269877001643181 0 0 0
126.9886273741722 157.2115644589067 2608.374002113938 0.5922148674726486 1.266212947666645 3.805285945534706 314.0724234730005 355.716517239809 2.981810249388218 9.810237593948841 203.6904348954558 0.2149407118558884 0.7241964340209961 466.8224568217993 0.4162882342934608 4.96021431684494 1807.726808220148 300.0563357546926 2767.754406936467 0.4943115562200546 757.3149185031652 12.56816622614861 2869.403488345444 19.82438360154629 2.688409633934498 3624.489804200828 4753.489222697914 56.47802173346281 467.2558372989297 3616.234529308975 1.128078065812588 1.628173068165779 62.24174757301807 2491.864136785269 8.953756153583527 302.5374127104878 709.0380345359445 1238.959649465978 311.8012775033712 13.86616221815348 12.98558550328016 0.8343409299850464 1.214270554482937 0.192200779914856 21.34976983070374 101.2678046375513 0 0 0 1.543908640742302 0.2624152898788452 0 0 0.3242153078317642 0 0.1243176385760307 0.3544085770845413 0 3.877853535115719 18.57303963601589 0.9790791124105453 11.13519087433815 0 0.4769770950078964 4.796936623752117 8.608476042747498 3.187621660530567 0.1892257630825043 96.09124390780926 319.8958425745368 5.045423805713654 0.5665165185928345 3.965703688561916 0 0 0 5.407892316579819 2.126256346702576 15.74190197885036 5.810946494340897 15.25395403802395 6.684388473629951 0.3558949828147888 0 0 0.5092875361442566
4.91152860969305 0.4886879324913025 36.72415719181299 1.315840646624565 2.001578010618687 14.73284262418747 24.95662313699722 15.65635811537504 0.3434546440839767 24.35901924967766 3491.621647663414 4.367408752441406 63.53752206265926 12.16472685337067 0 0 300.0563357546926 296.386619925499 1347.627193801105 2.89410375058651 4.185070991516113 0 12.75498128682375 2.812558494508266 11.52916227281094 2161.466460876167 88.73598676174879 7.892444156110287 33.62314682453871 18.50532845407724 6.350745908915997 5.502366296947002 2.896818809211254 1091.460788823664 7.861354678869247 748.7082237303257 1106.373133122921 1431.928776934743 400.528471775353 20.57471610605717 8.000081688165665 54.26196426153183 5.59928085654974 0 0.58583053201437 0.3033939450979233 0.08346253633499146 0 0 1.048985324800014 0 0.4591778144240379 0 7.149367868900299 0 21.65630729496479 0 0 0 0.1432576775550842 4.667559862136841 4.851606503129005 0.3628326058387756 0 0.2145774811506271 0 3.296187914907932 3.285609275102615 107.9459163025022 83.43848643451929 3.770977668464184 0.2377107441425323 0.5264404118061066 25.410828538239 0 0 0.8580747544765472 5.562092326581478 30.22462627291679 3.926997065544128 1.719286940991879 1.238798245787621 0.3279422149062157 0 6.948969602584839 0
12.1720297113061 3.787786766886711 180.3912217989564 1.74903729557991 2.018065765500069 13.16373901069164 44.02091681212187 38.29927715659142 0.2908734679222107 26.52630122005939 1099.257600449026 6.43708099424839 9.593832515180111 40.59771084785461 0.3928867131471634 0.5074428990483284 2767.754406936467 1347.627193801105 1521.609085544944 3.002097867429256 15.39243227988482 1.559366561472416 61.11141770333052 5.026440791785717 0.5696743056178093 5400.242621146142 386.5674818530679 9.512554422020912 78.13036748021841 98.94393242895603 1.897423036396503 7.195213109254837 8.018109820783138 2873.954486399889 5.248037837445736 472.4754520580173 475.773707523942 1408.563347481191 306.5561992004514 14.83359190821648 4.605957336723804 3.403051391243935 1.175275914371014 0 3.504844814538956 5.925159759819508 0.2291317582130432 0 0 0.6499216109514236 0 0.8049247860908508 0 0 0 0.3018756806850433 0 0 0.2607699781656265 4.040822565555573 0.3122211694717407 11.67835606634617 0 0 0.4883633404970169 0 3.384559743106365 0.6929161846637726 80.97734405845404 103.5929696783423 3.482193343341351 0 0.760587714612484 0.1737991869449615 0 0 1.393685832619667 2.060448408126831 11.83191330730915 1.28431299328804 3.755850121378899 0.388561874628067 0.8998970687389374 0 0 0
0.8968448713421822 0 1.002913579344749 5901.185900837183 10.53604543954134 486.139146707952 34.71721333265305 231.7127692997456 276.0433401763439 2839.290772527456 5.547879740595818 4741.155063278973 1.84106832742691 71.12393956631422 354.5553069636226 0 0.4943115562200546 2.89410375058651 3.002097867429256 375.8873012885451 0.1736552715301514 0 0 81.08027113229036 0 5.208044670522213 2.109476700425148 2402.970080256462 128.3933214023709 1.191664062440395 0.188615195453167 14.37849470227957 0.671639122068882 80.11001894623041 2.165141671895981 250.8953973576427 2.920760788023472 88.39664683490992 23.27057372778654 610.3857514038682 24.72240192443132 1.25997069478035 3.646705478429794 0 0 0 82.90952012687922 0 2.487532578408718 42.63666318356991 1.308280445635319 19.67190976440907 112.8592292070389 0 38.66140938550234 0 0.1248659491539001 1.669319435954094 0 0 0 0 30.48333296179771 0.6767743229866028 0 0.3710911571979523 77.52331117540598 0 0 0.1135532259941101 103.5402193069458 2.537972338497639 0 0 0.3290869295597076 0 0.7056482434272766 0 38.80623617768288 0 3.97674036026001 0.8644247949123383 131.5717718303204 0 1.833113551139832 0
11.80984079092741 12.43663093447685 656.5107756704092 0.3834916800260544 1.680219084024429 2.122213810682297 346.3397243991494 16.48965012282133 15.35959568619728 2.188398502767086 18.94038170576096 0.153742328286171 3.782211296260357 37.24490327388048 0.3046593517065048 3131.063191018999 757.3149185031652 4.185070991516113 15.39243227988482 0.1736552715301514 12812.6811709702 230.3494450971484 8430.787931360304 456.89547739923 3.308267578482628 44.02405620366335 912.7815211936831 4318.791155658662 151.8742984607816 8585.711445063353 0.2030621320009232 1.098046146333218 76.51753679662943 2881.03426219523 170.1219732686877 5022.542182765901 1713.536228440702 5759.035129114985 3626.092840902507 182.9853253439069 92.66334623843431 5.423171207308769 37.28542482852936 0.3323154449462891 0.5843368172645569 8.358606331050396 0.2670371979475021 0 0.1166342869400978 5.003786787390709 1.035787336528301 16.83228993415833 0.4338935241103172 0.1850886195898056 0 0 0.6749055981636047 0.3644387125968933 779.3819925859571 1.347119987010956 0.2451114729046822 0.109473317861557 0 469.9437809586525 95.22467318922281 139.4459196552634 352.4551639556885 0 2.012646906077862 22.12777511030436 300.933176279068 2.917790204286575 95.88249632716179 0.3929102718830109 0 0.4105661809444427 4.124321550130844 7.900807574391365 297.0024939924479 0 3.933922655880451 1.251930378377438 2.571996927261353 0 0 0
2.804563127458096 2745.591285407543 5.071758650243282 0.5511797368526459 0.4470672607421875 3.519225463271141 21.84088436514139 2.771131798624992 3747.686456166208 0 3.301800079643726 3.645944744348526 49.96338870376348 8.310564525425434 92.3759386241436 2596.473777800798 12.56816622614861 0 1.559366561472416 0 230.3494450971484 1631.670165918767 220.4025528505445 5475.645816288888 800.6044409200549 27.96346700936556 3219.703776843846 147.1648080348969 33.4742925837636 42.52155466377735 8.75769767165184 0.7005949467420578 3.248418629169464 9.216759443283081 0.9074718356132507 17.95970742404461 9.102274797856808 20.90144899487495 7.21738488972187 50.95371050387621 0.4128442853689194 0.1271976679563522 0 0.3024039790034294 18.71298916637897 76.70366790145636 0.731279544532299 0 0 6.538802050054073 1.37394630163908 21.15443754941225 0.4630727991461754 1.990836784243584 0.3467224761843681 0.7441875785589218 0.8018508180975914 0.8709785491228104 1332.727128714323 1.281776793301105 0.4114338755607605 1.477519363164902 0 134.4705117046833 146.0072604715824 557.3591563627124 204.1907426565886 10.07567400485277 9.506479367613792 614.9116537421942 98.50927609950304 1.028098866343498 20.20324160903692 5.090057082474232 0 0.1318564563989639 1.62709579616785 0.2138184905052185 34.69673447310925 6.84362555295229 18.6884436160326 8.64664763957262 0.5765776783227921 0 0 0.2863973081111908
6.817309118807316 13.66102611273527 8770.664095312357 0.951029047369957 3.334180079400539 2.353326208889484 473.8527081906796 35.98397827893496 4.368470214307308 4.216793820261955 34.4418420791626 0.2152061089873314 8.377700574696064 34.86443652957678 0 2079.586154900491 2869.403488345444 12.75498128682375 61.11141770333052 0 8430.787931360304 220.4025528505445 14038.2446038425 1071.256612703204 1.156513243913651 611.6263490989804 12717.77443867177 3342.227761551738 35.06886199116707 4162.549883313477 0.3201646283268929 3.073982626199722 16.04994052648544 3655.561922118068 195.8718369007111 6588.455780446529 6875.729108914733 10242.4991003722 7296.017319738865 470.9348378181458 207.6148107722402 5.309443637728691 70.2844210267067 0.3003878891468048 2.238281175494194 244.4205868393183 0 0 0 11.65806637704372 0.9130746498703957 2.586068652570248 0.3694299161434174 0 0 0 1.321756809949875 0.3185345083475113 1765.59970498085 4.697279579937458 0.1190710961818695 0.4810341596603394 0 169.2213007733226 194.5179983079433 1631.137452013791 107.744984999299 0.1751617938280106 8.724580049514771 897.0737618505955 61.74850653111935 1.020875513553619 17.71165176481009 0 0 0 3.829662404954433 16.93631017208099 304.2292379289865 17.8433226570487 94.76188413053751 31.93148196488619 0.6508552730083466 0 0.4996625185012817 1.400609731674194
3.146570339798927 830.8417268693447 23.9597452506423 1380.838613323867 23.32349368929863 140.8238280117512 1371.535466603935 252.7158354744315 10830.04038148373 243.5199309289455 10.79765326529741 160.1811652034521 28.51732234656811 98.91403764486313 1462.413716882467 2383.372412882745 19.82438360154629 2.812558494508266 5.026440791785717 81.08027113229036 456.89547739923 5475.645816288888 1071.256612703204 12247.51824863255 261.9086195155978 28.8074711933732 3157.400913439691 8125.568116597831 331.6935163959861 115.4364280253649 4.699387490749359 24.06129442155361 43.24918514490128 289.8862738013268 70.34758418798447 2006.495252303779 234.043907687068 495.1991825848818 345.0514866262674 1017.932052396238 71.65993159264326 6.005812928080559 16.92845270782709 16.73153116554022 2.793883137404919 34.11497934162617 328.8332225307822 1.377527549862862 39.27278508991003 1768.612548224628 74.02321146428585 1320.612799152732 543.1637473478913 4.080863639712334 130.5243772640824 1.00484760850668 77.8370618596673 19.03553982824087 634.7979536131024 4.124641582369804 0.4970214739441872 0.7533461451530457 132.4324106648564 371.7894179150462 248.1527158766985 143.5951662063599 6774.171336889267 1.030836798250675 8.212687112390995 79.13584454357624 4658.315748110414 154.3760326653719 495.0789387971163 3.137499213218689 5.986036196351051 4.914324626326561 34.90697909146547 2.712094157934189 482.9468781799078 2.963619336485863 51.71378531306982 16.9398163408041 257.0346983745694 7.398192062973976 1.467299848794937 1.066493339836597
0.1099967136979103 1557.694811299443 2.416270926594734 0.1166751086711884 1.049460425972939 1.218823224306107 0.2631896063685417 1.204681843519211 315.3820813372731 0.7293823510408401 604.7253128141165 0.360394686460495 4008.010114118457 1.122838862240314 14.96960180997849 22.12327689677477 2.688409633934498 11.52916227281094 0.5696743056178093 0 3.308267578482628 800.6044409200549 1.156513243913651 261.9086195155978 584.6057186350226 343.0203051194549 3349.563715517521 11.21754594892263 4.045903317630291 3.427495010197163 455.6688065230846 0.3184403628110886 0.3414815068244934 201.5058916136622 0 330.5432843640447 122.3643174692988 286.964282438159 32.74453009665012 43.31159193068743 28.86658817529678 281.3595784157515 7.077206611633301 0 112.0451446473598 5.136979669332504 0 0 0 0.8448060750961304 0 0 0.1127857714891434 466.8178320750594 0 457.7332553490996 0 0.1752931922674179 0 1.105830624699593 11.46481187641621 9.172567784786224 0 0.2944606021046638 4.577489130198956 0.1015732958912849 1.460182748734951 196.1882185935974 367.9052923321724 759.4447418823838 1.4550965949893 0.1062008142471313 1.809407152235508 161.635025896132 0 0 20.33794617652893 4.451776444911957 449.0925240963697 37.6716373860836 33.40328050404787 7.414163023233414 24.04540726542473 3.561059772968292 24.49232578277588 1.025851011276245
32.59596166014671 117.6477915495634 8987.413400009274 3.812260426580906 3.638517998158932 23.04086080938578 198.5377042144537 135.3259742856026 11.92381449043751 45.61446715891361 2141.800864815712 10.43902684003115 474.2335463389754 145.0272717699409 0.2181508541107178 3.382327973842621 3624.489804200828 2161.466460876167 5400.242621146142 5.208044670522213 44.02405620366335 27.96346700936556 611.6263490989804 28.8074711933732 343.0203051194549 18452.25791797787 7813.317352622747 55.06392456591129 158.6455490291119 284.8409154936671 141.3611287474632 13.44783845543861 14.34227645397186 2683.454813659191 32.89367283880711 3309.97170868516 6450.808954097331 4694.310888133943 1408.154011771083 125.4376723915339 19.04367642104626 202.2240535914898 11.58113422244787 0.6756227165460587 175.0276377275586 182.805853433907 0 0 0 6.826219141483307 0.716161847114563 1.977055601775646 0.3230143338441849 100.8874836713076 0 631.6874075904489 2.17047805339098 0.2688231468200684 2.618942692875862 79.55203223228455 80.18316542357206 336.4842533096671 0 3.627886116504669 5.46770317107439 5.308701425790787 11.16321542859077 175.4999677017331 3104.232490621507 5009.972725227475 6.028340227901936 1.161843165755272 13.35057992488146 486.5944836512208 0.1158369034528732 0 67.64091416448355 17.17057009041309 201.6438459977508 92.43585207313299 120.8463392704725 33.61883892863989 4.107473775744438 0.532948225736618 26.9547950476408 2.428390860557556
69.18833459913731 2424.180508159101 13428.31016217917 5.265276223421097 1.634406037628651 16.62003961205482 842.9277586936951 275.7225145027041 332.0666401535273 37.19706141203642 349.3815619796515 5.26084366440773 4800.258312113583 294.6197962537408 14.54944440722466 5206.526004053652 4753.489222697914 88.73598676174879 386.5674818530679 2.109476700425148 912.7815211936831 3219.703776843846 12717.77443867177 3157.400913439691 3349.563715517521 7813.317352622747 31735.12717667967 2065.374075442553 270.6834652647376 657.3093893751502 734.3755474612117 7.84544724971056 27.47311703115702 4252.760294124484 93.08834487944841 5963.581331014633 6797.254606932402 10622.45706632733 3795.49908643961 312.7801888734102 70.63262598216534 63.86689011007547 34.90334640443325 1.108024641871452 1283.825550347567 4482.214960679412 0.5110772922635078 0 0.6926598250865936 48.53150054812431 6.290089443325996 5.797426365315914 3.117771774530411 80.68626379966736 0 386.1689156517386 12.93384980410337 0 1085.633684694767 505.0104585811496 102.6534738242626 491.4703667238355 0.4247217401862144 59.04631499201059 794.8261560574174 2091.63653383404 212.4294287711382 541.9396969527006 5031.218389078975 20068.38816483319 68.46694833040237 8.81399754434824 93.34184248000383 307.7654751241207 0.128329336643219 1.49236162006855 240.7247811481357 42.56877444684505 861.6442296728492 276.954544134438 848.1900317594409 234.202387906611 17.39286375045776 1.395925164222717 8.34411732852459 2.906039863824844
6.195116512477398 17.10225471109152 535.8554487451911 4212.936287909746 11.09647513180971 162.1759727373719 14342.89702828974 229.6046463698149 949.3469287008047 4759.820604003966 17.81255885213614 931.8188973069191 19.68468755483627 154.5680631399155 126.0711115375161 1109.884402275085 56.47802173346281 7.892444156110287 9.512554422020912 2402.970080256462 4318.791155658662 147.1648080348969 3342.227761551738 8125.568116597831 11.21754594892263 55.06392456591129 2065.374075442553 19099.58813811839 519.0251075923443 7366.579214096069 0.7099837139248848 24.7194589972496 104.2740288153291 663.1511764600873 151.952101059258 4002.093844994903 650.3433263003826 1697.899293579161 1139.868665456772 475.1073406115174 112.5143344849348 8.739591039717197 37.36511810868979 11.42778976261616 1.721793577075005 28.03303840011358 243.5398342981935 0 26.99557460844517 957.74215708673 41.80570191890001 254.9566520377994 376.9948616325855 2.327979691326618 105.1551341637969 0 54.77923255413771 7.224728614091873 331.9207064211369 3.232013307511806 1.343923822045326 0.1730926930904388 88.62918771803379 212.3649431616068 59.58963442593813 82.42606237530708 2861.046208187938 0 2.270119532942772 73.13398487865925 2351.977205775678 115.7804238349199 302.4452874809504 0 3.904921159148216 2.839361682534218 24.07327468693256 6.590950019657612 420.8659149482846 2.595808431506157 39.62101481854916 10.88687092065811 258.7357281893492 2.839805528521538 1.264907389879227 0
2720.315500184894 10.88471746444702 89.9799914881587 101.7107176929712 299.1840063929558 1356.370329514146 3057.174042671919 1859.516428075731 34.73004426807165 1137.068091467023 124.7921301648021 339.3556505292654 5.479386858642101 12195.23996689171 4.731496319174767 0.277070626616478 467.2558372989297 33.62314682453871 78.13036748021841 128.3933214023709 151.8742984607816 33.4742925837636 35.06886199116707 331.6935163959861 4.045903317630291 158.6455490291119 270.6834652647376 519.0251075923443 16798.92101954669 3370.695885911584 2.215779639780521 2641.935852132738 2410.754884272814 3970.909288354218 18.92149779945612 439.6759579405189 102.5241467729211 1172.060759671032 275.4384619370103 214.9533534497023 86.73458442091942 3.009769082069397 3.949322052299976 0 1.056497827172279 2.497129298746586 5.366077870130539 0 0 83.61040566116571 1.913416221737862 16.88716255128384 1.484154962003231 0.4711729735136032 0.1393798887729645 0.4480484426021576 1.829772129654884 0.408369392156601 3.103323616087437 0.7699303030967712 0 0 1.477391451597214 1.368092387914658 1.40468043088913 0 175.7558136805892 0 2.434983745217323 7.601617619395256 164.9852595478296 3.578393258154392 20.3675207644701 0.1658762842416763 0 0.3837015628814697 1.761105164885521 1.039733052253723 29.9199833124876 0 2.180151998996735 0.468865379691124 3.297579616308212 2.639421284198761 0 0
