258.8942742720246 0.1171374768018723 11.63291858881712 0.4025588631629944 5.19816967099905 32.24578410387039 1581.315486997366 213.7754958570004 3.169889450073242 2.006313823163509 3.383382715284824 0 0.5421104207634926 2853.344040691853 0.193679541349411 0.4916462078690529 53.76887647807598 2.141847811639309 11.4737379476428 0 36.73794709146023 0.5569908767938614 141.6247527375817 27.34232465922832 0 5.045373603701591 6.001280821859837 18.7477191016078 3704.05827498436 3482.957751296461 0 12.15328171849251 46.15988855808973 103.813955783844 1.508379504084587 21.18400191515684 1.918785125017166 101.0833547487855 31.45084933936596 3.883432783186436 2.838279746472836 0.3058593422174454 2.572070203721523 0 0 0 0 0 0 0.2645471841096878 0.1748175173997879 0.7334145233035088 0.1572021991014481 0 0 0 0.2889002561569214 0 0.9154586419463158 0 0 0 0 0 0.2428381443023682 0.1003182008862495 5.089336343109608 0 0.09869275242090225 0.7257107272744179 5.275392338633537 0.3945479393005371 1.612718768417835 0 0 0.3052742779254913 0.3099538013339043 0 0.7738963887095451 0 0.2485403642058372 0 0.5012255311012268 0.192455068230629 0 0
0.1171374768018723 319.0160562247038 83.5855763182044 0 0.09977518767118454 0.2805879786610603 6.060717716813087 0.7625258415937424 511.2503129392862 0.4445943236351013 40.80056538432837 0.5320674777030945 565.4912905171514 0.8442148640751839 6.925246462225914 244.5730716660619 489.8439031615853 22.39905641973019 189.9482625797391 0 10.9190920367837 2773.571734108031 39.2771683037281 982.0329692587256 1616.571306444705 1242.020523160696 4978.987662270665 35.43332675099373 1.123081721365452 1.687122963368893 12.48243428021669 0.1413024216890335 0 46.7988627627492 1.152658611536026 157.6697691008449 85.30283650010824 135.1550173610449 29.36006290465593 23.26117236912251 0 7.789955094456673 0 0 117.7500161156058 148.1249463930726 0.48090560734272 0 0.1707350015640259 2.878511011600494 0.4293015077710152 2.503324165940285 0.08169024437665939 6.313675440847874 0 12.77437418699265 0.6326956450939178 0 22.3368346914649 211.3962000235915 9.646706558763981 66.11763257533312 0 1.991392590105534 72.44265796989202 40.4847923591733 8.450986117124557 37.80347243696451 600.6621283218265 2323.851356908679 3.925500616431236 0.3982453495264053 3.846820719540119 1.977836884558201 0 0.1151969060301781 23.54305483400822 1.968426138162613 97.90131840854883 29.35800531506538 43.84338169544935 25.0123899653554 0.4053768515586853 0 1.639813393354416 0.122089721262455
11.63291858881712 83.5855763182044 4895.515395022929 2.780716352164745 1.192998349666595 16.02616940438747 1225.642265118659 216.0154691785574 13.98728185147047 26.76201118528843 2.100918866693974 0.1911662295460701 1.811192944645882 141.8093165233731 0.3329280391335487 14.42629601061344 2460.831137277186 23.0213829651475 308.3887112513185 0 238.35128647089 28.33256878703833 10199.84663895518 205.5262736454606 0.9346595108509064 7754.142946571112 16218.64727184922 1127.414388351142 61.08015466481447 215.1454932615161 0.7516510933637619 1.375012673437595 7.19137617200613 143.4689586088061 4.441658839583397 664.2064356580377 1343.090086810291 380.3860898241401 204.4287415072322 25.36363533139229 1.015454567968845 4.012109227478504 5.78416109085083 1.457454219460487 43.10183572769165 108.4322462528944 0 0 0.1802472919225693 8.551376111805439 1.620955929160118 11.18639831244946 0.4752465188503265 0.7694606706500053 0 0.1369035542011261 0.4047272875905037 0.2772501707077026 58.84083680808544 28.08282545208931 0.1049649342894554 2.770889781415462 0 0.8622874096035957 35.24467334151268 80.1719676554203 60.69542873650789 0.5991315096616745 21.34962581843138 672.5008280649781 51.94868566840887 6.035535700619221 7.060318641364574 0.09219717979431152 0.1668260842561722 1.353535577654839 10.45356463640928 0.7188455164432526 40.92899206280708 5.246916174888611 15.9305943697691 8.56562689691782 5.212869435548782 0 0 0.1225854754447937
0.4025588631629944 0 2.780716352164745 1426.374578759074 3.224520139396191 366.9945784211159 219.0672530904412 44.4084991812706 628.752777338028 6568.498172700405 0.5521732196211815 3916.614522352815 0.07882716506719589 23.85577904433012 105.620100274682 0.111910879611969 0.241933710873127 0.4441352710127831 0.08767998963594437 3676.041426420212 0.299285925924778 0.4658682495355606 1.170324668288231 1339.910823747516 0 1.17568002641201 0.3698835968971252 743.0947085916996 40.2145456597209 0.8297874554991722 0 2.001239590346813 7.517672643065453 20.35945954918861 0.6117975413799286 270.0544936433434 6.48613016307354 61.08290553838015 45.47898095101118 435.3202986940742 6.109739728271961 0.8681353628635406 2.269140735268593 0.1439281553030014 0.1178783625364304 0.1035785898566246 229.1952074244618 0.3978870213031769 20.82364707440138 47.84429643303156 15.20111396163702 60.25475195795298 320.0025813728571 1.148585930466652 107.7379699647427 0 2.924592286348343 3.538020297884941 0.8307830691337585 0 0.1915560513734818 0.07914169132709503 106.6925823539495 0 0.4954736828804016 0 307.6513878554106 0.1050780564546585 0.0864219143986702 0 203.3696615174413 4.691904686391354 0.4318228214979172 0 0.0959632396697998 0.1336639821529388 4.81543605774641 0 93.78027911484241 0.1179907619953156 11.26970969885588 1.388549216091633 83.55117757618427 3.777429081499577 0 0
5.19816967099905 0.09977518767118454 1.192998349666595 3.224520139396191 0.6750175952911377 873.0199695378542 25.03590211644769 154.3052766248584 79.10380531847477 81.30271935462952 3.853478044271469 123.6799815148115 0.1707164198160172 106.251864656806 1143.725086838007 0.2767294943332672 2.729789052158594 0.7861251458525658 0.8151961863040924 10.23245625197887 0.8005209639668465 0.9902698248624802 6.146850667893887 72.77691344171762 0.9632793366909027 1.135403163731098 0.4751489087939262 10.72653073072433 21.64888955652714 10.80610404908657 0.07804162800312042 12.09230887889862 0.1868719905614853 61.77011565119028 0.2212570905685425 163.8462143465877 3.899805039167404 176.1409757882357 129.0577066019177 1364.501793451607 77.65435171127319 0.8464189395308495 5.860082156956196 0 0 0 0.5270237922668457 0 0 1.008670195937157 0 0.4435254707932472 1.452079460024834 0 0 0 0.6409837603569031 0 0 0 0 0 0.4313592612743378 0 0 0 8.102908231317997 0 0 0 4.203919053077698 0.5595600605010986 0 0 0 0 0.2623355090618134 0 3.802870325744152 0 0.6223301142454147 0.536633774638176 0.6110209226608276 0 0 0
32.24578410387039 0.2805879786610603 16.02616940438747 366.9945784211159 873.0199695378542 9367.045263662934 2594.510346818715 7054.799234457314 92.96392486989498 9111.518814861774 47.58057313412428 3043.023864887655 7.050283074378967 1044.62798731029 1194.44560495764 1.573784179985523 17.70037202164531 14.63098858296871 8.036397628486156 387.3060723468661 5.929150074720383 3.643245980143547 43.89430350065231 1594.019000969827 4.898661278188229 19.57577451318502 5.920227579772472 3097.035390302539 381.419030405581 66.15269546955824 0.3433360606431961 76.37235599011183 7.669579453766346 258.1752305030823 0.5290873944759369 424.4284346327186 19.90671307593584 490.5923221856356 173.9436178132892 2054.991481147707 255.1697440966964 5.815346881747246 11.28349148482084 0 0 0.1204852536320686 33.31293498724699 0 3.112954750657082 41.01203171908855 8.855087287724018 26.7721116617322 67.90256281942129 0.5634655803442001 7.819346539676189 0.1340283751487732 3.851673021912575 0.2917748987674713 0.2588182836771011 0 0.2495851665735245 0 17.34136527776718 0.2096429988741875 0.5009805783629417 0.4514996409416199 159.6695348545909 0 0.07949414104223251 0.5216439068317413 109.6361271291971 3.486643478274345 1.74186509847641 0 0.4350436627864838 0.315884530544281 3.018386490643024 0 18.57459111511707 0.372849777340889 8.45537393540144 2.729517832398415 22.49303536862135 0.6673640385270119 0 0
1581.315486997366 6.060717716813087 1225.642265118659 219.0672530904412 25.03590211644769 2594.510346818715 14300.97070706636 5745.381975285709 485.5740191414952 3912.347379267216 20.35964148491621 22.04906590282917 2.575499325990677 7263.033058814704 20.06709314882755 54.56898363679647 140.9405619576573 9.534347742795944 29.18903489783406 9.267553128302097 283.712391205132 43.70552910864353 1986.244251169264 4674.881063103676 4.646230690181255 125.6132009029388 113.071187235415 15121.36588522047 1359.486116975546 4562.628178745508 0.4268489331007004 38.29432839527726 173.5905079394579 333.441694766283 14.06859713792801 1556.970403537154 129.6958955526352 952.3183353468776 558.6950211673975 304.9957481473684 52.6901411190629 5.230043604969978 36.38117060810328 2.848039597272873 0.4946122020483017 7.093516476452351 31.54422593861818 0.7349613457918167 10.6797931343317 112.760713391006 25.78682978451252 134.1076629236341 92.97990214824677 2.885564923286438 5.854212053120136 0 9.611661590635777 1.475219309329987 13.56521460413933 1.256129518151283 0.7137701362371445 0.4362335056066513 17.13725405186415 2.024471998214722 6.69357056170702 6.254454627633095 606.1528660133481 0 0.7477546706795692 21.86873576790094 503.2714030146599 37.32531770318747 26.05399867147207 0.2517322823405266 3.128632187843323 2.309502519667149 12.84154557436705 1.960763297975063 75.78743276000023 1.198343962430954 50.94835677742958 16.61673274636269 58.79888249188662 11.96121355891228 0 0.4493670761585236
213.7754958570004 0.7625258415937424 216.0154691785574 44.4084991812706 154.3052766248584 7054.799234457314 5745.381975285709 10754.07928791642 52.95200882852077 5623.326568901539 46.69868352264166 859.0024941414595 5.624140620231628 4739.984821982682 204.6800590679049 1.377453438937664 234.0187337100506 14.94143949821591 48.56420249119401 128.0137101113796 103.6940492540598 1.154941327869892 773.3010001033545 501.020693436265 2.641138926148415 53.68389762938023 32.35896204411983 619.9958982914686 847.0911909863353 1164.860602624714 0.08433402329683304 469.7380512654781 34.40935092419386 310.5413933172822 1.305215105414391 528.4501035958529 33.7488757148385 405.6597945541143 119.0055659934878 1342.74758258462 80.22547844797373 6.198905415832996 11.1632906794548 0.6528442874550819 0.195128358900547 1.577816359698772 2.840680576860905 0.2025157511234283 0.4849872216582298 25.4916360154748 5.231908552348614 16.29712404310703 20.50731445103884 1.18221253156662 0.2013936713337898 0.08526620268821716 1.245671056210995 0 0.5084242597222328 0.115580253303051 0 0 1.889308117330074 0.3115200698375702 0.08079638332128525 1.12846414744854 91.66141501069069 0 0.3467530608177185 4.2060521915555 90.04556576907635 5.908890455961227 3.025255538523197 0 0 0.8124778121709824 1.44554627686739 1.207000374794006 13.79695818573236 0 6.515080265700817 1.035812936723232 10.63225325196981 1.980480879545212 0 0.1792850643396378
3.169889450073242 511.2503129392862 13.98728185147047 628.752777338028 79.10380531847477 92.96392486989498 485.5740191414952 52.95200882852077 546.2032889947295 369.0922116488218 4.089436732232571 236.4343657046556 20.42717154324055 35.09201959520578 281.1744999587536 128.0047367885709 7.068066231906414 2.442853085696697 4.057118006050587 223.3008696585894 77.33983860164881 2219.490425422788 20.1148681640625 9622.81145991385 107.1452750563622 16.90917655825615 218.8609237596393 1177.265755660832 50.65918384492397 141.9206651672721 0.3490322977304459 4.006912149488926 8.491933256387711 32.58184116333723 0.4000094830989838 158.1955530717969 12.10699121654034 77.12560816854239 43.95555402338505 611.539400793612 13.07106374204159 1.46623432636261 4.476548925042152 5.313997961580753 0.7670132741332054 4.657635144889355 206.3896912112832 0.3182244449853897 8.931508548557758 80.19983984529972 11.05681934952736 77.9788851365447 245.7462687194347 2.641274109482765 85.08788216859102 0 7.032110154628754 4.779748857021332 80.65857469290495 0.3871900290250778 0.368308000266552 0.5947679132223129 67.26625879853964 22.25697159767151 39.25245326757431 4.831568211317062 1329.601837642491 0.1912955641746521 1.162481352686882 7.354426294565201 592.653221167624 58.13638090342283 111.8287780582905 0 0.3384691700339317 8.662635125219822 12.38639303296804 5.082286588847637 102.3319834396243 2.339784532785416 33.39751196652651 16.84531055390835 53.07734990864992 2.321334294974804 0.1572976857423782 1.151841968297958
2.006313823163509 0.4445943236351013 26.76201118528843 6568.498172700405 81.30271935462952 9111.518814861774 3912.347379267216 5623.326568901539 369.0922116488218 18823.09229599684 74.25464430451393 6164.344627425075 8.351915195584297 1515.711397327483 130.3721195161343 3.188868746161461 8.828655309975147 33.69620587676764 9.964432030916214 6427.822069853544 4.090739227831364 1.387965805828571 51.36370106041431 2099.728914923966 10.11245784163475 42.09684329479933 5.519776225090027 5024.343419738114 762.3428627476096 31.28978157788515 0.4824994057416916 109.25338293612 43.92829388380051 636.9728134498 5.437701746821404 1985.45673725754 61.66341610252857 1447.623088568449 594.4984163939953 1025.579181708395 116.0678452849388 10.1207342594862 53.64059623330832 1.85798941552639 0.1168558523058891 0.4932530149817467 306.1828336790204 0.3558934330940247 24.78723982721567 194.221956923604 40.10914818197489 95.04691002517939 598.8698506429791 4.65023247897625 105.3041304796934 0 12.06760291755199 9.661173775792122 2.41070918738842 0 1.026331141591072 0.1962847709655762 239.1386933028698 3.63385146856308 1.627945445477962 0.7759238481521606 763.2025221884251 0 0.2526407390832901 1.591541133821011 628.0433993339539 17.21869057416916 4.761224374175072 0 1.63729140907526 1.275009758770466 9.996442027390003 0.8820203393697739 130.4102015793324 1.55730365216732 32.20677270740271 8.272336460649967 165.8038838878274 5.923137605190277 0 1.315983518958092
3.383382715284824 40.80056538432837 2.100918866693974 0.5521732196211815 3.853478044271469 47.58057313412428 20.35964148491621 46.69868352264166 4.089436732232571 74.25464430451393 6208.909212812781 23.56273289769888 1861.515657536685 132.1901194304228 0.1265885233879089 2.123905181884766 167.0304509028792 3902.720813475549 1140.451565366238 5.381426505744457 10.92542612552643 6.036591961979866 20.91216721013188 19.38071027398109 1247.86168576777 1507.453264176846 1155.492096282542 9.161241807043552 146.6062851846218 15.03755662590265 138.226105324924 42.41993639618158 1.277617841959 5842.485958382487 10.5195157378912 529.0634600073099 3001.512326106429 3874.163024947047 1262.730933971703 48.34906221181154 19.15994458645582 1057.915800578892 2.805845655500889 0 1.898266851902008 0.247653990983963 0.2527157962322235 0 0 1.145689345896244 0 0.272478275001049 0 178.6025858148932 0 586.4724008366466 0 0 0 1.347653150558472 35.36096928268671 4.304795980453491 0 0 0.6196150407195091 0 6.159758798778057 164.5088979005814 106.5418248176575 199.3807547017932 5.722232028841972 0.3437694907188416 0.09277980029582977 35.56147456169128 0 0 0.5044545829296112 0.3952982425689697 16.1894887983799 221.1153722405434 1.476734399795532 0.2156732007861137 0.6875349581241608 0 65.92735621333122 0
0 0.5320674777030945 0.1911662295460701 3916.614522352815 123.6799815148115 3043.023864887655 22.04906590282917 859.0024941414595 236.4343657046556 6164.344627425075 23.56273289769888 7840.766617394984 3.840409614145756 201.3481707051396 1227.914899051189 0 0 10.57123056799173 2.839627429842949 4035.157232515514 0 1.746702879667282 0.8400438353419304 231.769767396152 1.658883988857269 10.76712929457426 1.272748485207558 933.6581958532333 52.77480459958315 1.020978845655918 0.3275156617164612 29.73280645161867 0.4128948077559471 143.2621070891619 7.564101845026016 474.3100923225284 7.782842189073563 290.8673767670989 77.03894759714603 2947.471865676343 34.34672871977091 3.19319137185812 5.707104839384556 0.1045001298189163 0 0 93.38933458179235 0.08791415393352509 14.04616602510214 12.71695908904076 6.305067911744118 6.883905693888664 80.77583655714989 1.573128893971443 134.8026816695929 0.1082933843135834 2.307090975344181 23.00348568707705 0 0 0.1604083925485611 0.07373316586017609 29.86809804290533 0 0.1394979059696198 0 42.90160681307316 0 0 0 44.43817590922117 0.8245304077863693 0.0813453271985054 0 0.26762904971838 0 0.8586058616638184 2.317771971225739 54.73244044184685 0.08883634954690933 3.420248210430145 0.5647577494382858 68.23774997144938 0.9057856425642967 0 0
0.5421104207634926 565.4912905171514 1.811192944645882 0.07882716506719589 0.1707164198160172 7.050283074378967 2.575499325990677 5.624140620231628 20.42717154324055 8.351915195584297 1861.515657536685 3.840409614145756 968.1824886724353 9.049672052264214 0.1335539966821671 3.62591877579689 4.479441739618778 33.40827275812626 32.17445712536573 0.8277005255222321 0.7759959325194359 94.41944669932127 2.971870630979538 28.26188375800848 3023.142748862505 450.4805867224932 2782.80347020179 0.9394259303808212 6.585187114775181 2.345601134002209 186.4139053821564 2.320514976978302 0.1150358766317368 1897.537830412388 2.19326813519001 255.062717795372 3628.366588711739 2266.875298634171 329.5053874179721 8.570468001067638 11.5319990888238 2393.980564661324 2.894038997590542 0 20.98741432279348 1.238619647920132 0 0 0 0.4707079976797104 0 0.4971150979399681 0 504.4015528932214 0 1771.771598868072 0.09384084492921829 0 0.3696757927536964 5.703399524092674 125.8302321061492 20.53615669906139 0 0.1237152218818665 2.966574214398861 0.7332037836313248 0.387018159031868 810.7341273203492 405.9547652453184 702.0682530850172 0.09676612168550491 0.09722732752561569 0.9863475784659386 95.50713922083378 0 0 7.275699563324451 0 16.62242064625025 455.2817358076572 8.412760712206364 1.713037565350533 0 0 139.3838499411941 0
2853.344040691853 0.8442148640751839 141.8093165233731 23.85577904433012 106.251864656806 1044.62798731029 7263.033058814704 4739.984821982682 35.09201959520578 1515.711397327483 132.1901194304228 201.3481707051396 9.049672052264214 8858.45448692143 25.07236331701279 1.860063634812832 354.4538938626647 56.47076462209225 93.54329209774733 57.14507345110178 175.0828429311514 1.686169795691967 957.9521431587636 327.7594261243939 5.544849455356598 88.53120850399137 49.26470273733139 236.2450506836176 4621.692527852952 3439.850242551416 0.7984601929783821 214.942043915391 86.276088103652 1446.887755483389 0.7082634717226028 417.9525717198849 26.11780176311731 1061.664213992655 151.741147339344 260.9096754416823 129.0924094840884 2.253724962472916 7.686963625252247 0.7054262086749077 0.2413934096693993 1.004839979112148 1.966250211000443 0.1108778864145279 1.116757370531559 13.54674218595028 2.955152235925198 8.200505897402763 7.684075549244881 0.2395172938704491 0.6436352878808975 0 1.883370831608772 0 0.4171929210424423 0.2943530380725861 0 0.2411532253026962 1.300225496292114 1.144153833389282 0.2198337465524673 0.2744930386543274 66.00899716466665 0 0.08570769429206848 4.242562651634216 62.10237880796194 4.115080036222935 2.24575212597847 0 0.3464347869157791 0.2118629291653633 1.645869001746178 0.1214475259184837 14.32831810414791 0.445822536945343 3.719641886651516 0.5993892550468445 7.030212089419365 0.08509000390768051 0 0
0.193679541349411 6.925246462225914 0.3329280391335487 105.620100274682 1143.725086838007 1194.44560495764 20.06709314882755 204.6800590679049 281.1744999587536 130.3721195161343 0.1265885233879089 1227.914899051189 0.1335539966821671 25.07236331701279 357.636731043458 0 1.04428669065237 0 0.2492639124393463 158.781247638166 0.08790142834186554 19.83502760529518 1.374401390552521 1653.768050655723 1.100475333631039 0.1515848115086555 2.398018218576908 60.88871634751558 0.8456213995814323 2.983041323721409 0 12.92506755888462 0.3797699064016342 0.8737821206450462 0 2.537739455699921 0.1010554358363152 1.083828493952751 0.482534147799015 733.2264312133193 59.8823564350605 0 0 0 0.179834172129631 0 0.9657572954893112 0 0 0 0 0.614160031080246 0.8751193508505821 0 2.19979465007782 0 0 0 0.2293305471539497 0 0 0 0 0 0.1209071427583694 0.1479837894439697 1.644587635993958 0 0 0 1.106426239013672 0 0 0 0 0.1484250128269196 0 0 0.1313186585903168 0 0 0 1.132096409797668 0 0 0
0.4916462078690529 244.5730716660619 14.42629601061344 0.111910879611969 0.2767294943332672 1.573784179985523 54.56898363679647 1.377453438937664 128.0047367885709 3.188868746161461 2.123905181884766 0 3.62591877579689 1.860063634812832 0 3545.682123482227 20.22808849066496 1.462557561695576 5.707661367952824 0 5173.974720411003 3122.817199341953 3891.706743501127 1494.320332929492 28.31999555230141 8.348127029836178 3716.508373215795 2523.407365009189 9.752436198294163 121.6684601232409 0.1265767216682434 0.413125291466713 3.390194207429886 767.0747942402959 50.03798242658377 3672.326222874224 945.9561607167125 2204.640733793378 1223.468144886196 143.705589607358 3.154619224369526 6.391600869596004 28.29728131741285 1.578859947621822 0.1951814442873001 8.551051676273346 0.214167945086956 0 0.09081245213747025 14.49813736975193 0.3444055914878845 92.25065932422876 0.406726285815239 0 0 0.1267199218273163 0.6232129037380219 2.45652449131012 3485.985300779343 6.701338559389114 0 1.25511771440506 0 796.194372870028 869.2901224121451 791.2404235005379 384.7797521948814 0 1.17131232470274 176.4526906982064 361.1878278329968 14.69796704500914 339.4446845725179 0 0 2.768686376512051 13.04655186831951 4.101324953138828 125.3766424953938 4.228297486901283 25.89681148529053 29.87833866477013 2.991899542510509 0 1.85327821969986 0.7526551932096481
53.76887647807598 489.8439031615853 2460.831137277186 0.241933710873127 2.729789052158594 17.70037202164531 140.9405619576573 234.0187337100506 7.068066231906414 8.828655309975147 167.0304509028792 0 4.479441739618778 354.4538938626647 1.04428669065237 20.22808849066496 1538.609362341464 440.7401229739189 3037.597628265619 0 1249.240912131965 43.95786886662245 5598.552596218884 34.74737000465393 22.6826313957572 2271.409600660205 4589.933041967452 50.87321657687426 499.4600011855364 652.8757688552141 1.894778117537498 3.967650715261698 46.72689903527498 2511.679751269519 22.0449505969882 1809.340744882822 2293.514685802162 2866.133976832032 871.3853571116924 50.87575846910477 2.760139614343643 20.44815109670162 6.821003809571266 0.12106654047966 92.5287047997117 164.1904849633574 0 0 0 2.959647722542286 0.2559691444039345 1.277349300682545 0.1982690542936325 2.065884731709957 0 0.685191735625267 0.8351517543196678 0 19.13805860280991 138.2324154600501 5.204912304878235 35.63086704909801 0 2.043011769652367 15.43019663542509 53.84659127891064 18.43903505057096 3.959159605205059 208.7529208064079 1209.636580355465 17.25545690953732 2.55562137812376 7.574573047459126 0.5360043197870255 0 0.130217432975769 16.18215069174767 1.581759907305241 77.6112270206213 36.81363248080015 38.47007168084383 20.20729377120733 0.7525316178798676 0.1106079444289207 0 0
2.141847811639309 22.39905641973019 23.0213829651475 0.4441352710127831 0.7861251458525658 14.63098858296871 9.534347742795944 14.94143949821591 2.442853085696697 33.69620587676764 3902.720813475549 10.57123056799173 33.40827275812626 56.47076462209225 0 1.462557561695576 440.7401229739189 108.7396162524819 1582.506088063121 2.306023925542831 8.20954766869545 2.66265344619751 32.92177755385637 8.969163626432419 35.16299016028643 976.976718865335 173.9761023297906 4.740835912525654 57.55559425801039 10.34183745086193 23.11347924172878 15.03734063357115 0.541219986975193 2301.916056424379 2.018359042704105 599.0968727990985 1334.571495003998 2126.235148437321 523.8099457919598 17.63187962770462 0.9061980694532394 36.29597644507885 1.908215545117855 0 4.211982652544975 1.441256605088711 0.1826347857713699 0 0 0.8647372648119926 0 0.5987738817930222 0.2671583965420723 13.84532855451107 0 66.08554879575968 0.08499149978160858 0 0.1026412546634674 7.683002270758152 28.11972806602716 24.93267270177603 0 0.318572960793972 0.2210573181509972 1.059494450688362 2.051898017525673 13.03814278542995 201.700835108757 241.3279755190015 2.236439816653728 0.3734769448637962 1.262415274977684 13.36008734256029 0 0 0.6139747649431229 0.1579207479953766 8.671179205179214 93.02944274246693 4.048309452831745 1.766849383711815 0.1177777051925659 0 0.687360405921936 0.19878189265728
11.4737379476428 189.9482625797391 308.3887112513185 0.08767998963594437 0.8151961863040924 8.036397628486156 29.18903489783406 48.56420249119401 4.057118006050587 9.964432030916214 1140.451565366238 2.839627429842949 32.17445712536573 93.54329209774733 0.2492639124393463 5.707661367952824 3037.597628265619 1582.506088063121 2370.865163259208 0.7434384971857071 44.55619847774506 18.31763511151075 704.2190216630697 11.92446364462376 131.7235684916377 3864.638462349772 1811.250033549964 7.3695959597826 106.0936697460711 77.20540907979012 80.11033251881599 5.040327042341232 8.089881345629692 2549.286417029798 4.809594579041004 599.6736783646047 946.7996751740575 1858.55064573139 306.7560435570776 12.38577915728092 1.858997084200382 11.86581362783909 1.167529240250587 0 30.94655668735504 33.69283878058195 0 0 0 1.337558560073376 0.1342711597681046 0.3877526968717575 0 6.111419335007668 0 7.593947760760784 0.2029795348644257 0 2.59206585586071 66.48484747856855 14.69031580537558 45.32422573119402 0 1.033820435404778 4.231214098632336 7.733325570821762 4.202660113573074 22.31291320174932 270.8162923380733 490.7253591120243 3.820398800075054 0.529708668589592 1.524941690266132 4.394419819116592 0 0 7.192051582038403 1.090384602546692 22.81990300863981 100.6574838533998 13.04668777436018 3.497177205979824 0.1973594129085541 0 0.7615831047296524 0
0 0 0 3676.041426420212 10.23245625197887 387.3060723468661 9.267553128302097 128.0137101113796 223.3008696585894 6427.822069853544 5.381426505744457 4035.157232515514 0.8277005255222321 57.14507345110178 158.781247638166 0 0 2.306023925542831 0.7434384971857071 770.092308819294 0 0 0.5316277071833611 311.3376600444317 0.3310641199350357 2.555262438952923 0.2392198145389557 2007.419057652354 28.14459525793791 0.4294284805655479 0 9.435824804008007 0.5723839625716209 42.57581100612879 0 208.7516109719872 3.886376343667507 86.73327660560608 25.29776908457279 790.6448759287596 7.869369700551033 0.5271025598049164 2.214551240205765 0 0 0 172.1868744716048 0 5.704316757619381 31.50183365494013 6.503837719559669 14.24203436821699 146.7188233062625 0.1015647649765015 42.18764871358871 0 2.511129982769489 3.901710614562035 0 0 0.4120673164725304 0 51.38538457453251 0 0.2599770128726959 0 142.2593601867557 0 0.1046986654400826 0 133.5014487951994 3.807422026991844 0 0 0 0.2073121815919876 1.619179725646973 0 46.82336252182722 0 5.671863406896591 0.4433117210865021 65.99889715015888 1.739129811525345 0 0
36.73794709146023 10.9190920367837 238.35128647089 0.299285925924778 0.8005209639668465 5.929150074720383 283.712391205132 103.6940492540598 77.33983860164881 4.090739227831364 10.92542612552643 0 0.7759959325194359 175.0828429311514 0.08790142834186554 5173.974720411003 1249.240912131965 8.20954766869545 44.55619847774506 0 13814.14735241234 308.2035038471222 12803.30139188468 205.3611846789718 6.047758497297764 19.6102280318737 637.4559671804309 4735.917817726731 351.7292321100831 10365.04337253422 0 2.371871173381805 50.78344934433699 4697.879876859486 46.16104316711426 4069.315571151674 844.9359429553151 5045.190600395203 1415.531702697277 124.0655080974102 6.141023635864258 6.204673357307911 26.21221239864826 0.4955980181694031 0.2472609132528305 4.14087525755167 0 0 0 9.223688617348671 0.3905325531959534 48.90928473323584 0.6995818018913269 0.1279459595680237 0 0 0.5410922095179558 0.8628440499305725 647.4295177459717 3.140657685697079 0 0.6175827458500862 0 424.0764350071549 194.3313072323799 57.72801245748997 255.4903568848968 0 1.726754605770111 27.17804178595543 297.4222332090139 6.585865058004856 356.1309706494212 0 0.09431734681129456 1.870541632175446 9.273479029536247 1.038634620606899 78.63748428225517 2.47948893904686 10.43893804401159 9.509988039731979 3.348399139940739 0.8271074891090393 1.437966704368591 0.1247325092554092
0.5569908767938614 2773.571734108031 28.33256878703833 0.4658682495355606 0.9902698248624802 3.643245980143547 43.70552910864353 1.154941327869892 2219.490425422788 1.387965805828571 6.036591961979866 1.746702879667282 94.41944669932127 1.686169795691967 19.83502760529518 3122.817199341953 43.95786886662245 2.66265344619751 18.31763511151075 0 308.2035038471222 1889.606237024069 214.9152632951736 6160.489180020988 523.4111643731594 94.41712739318609 3809.981534838676 353.7573431134224 12.1512119397521 97.99816158413887 2.713437519967556 0 7.250788047909737 34.91854809224606 3.339915186166763 409.7817388623953 80.09853478521109 123.3680817633867 87.22420497238636 107.927873454988 0.4824938178062439 0.7864657640457153 1.415170200169086 0.3491164445877075 22.30177155137062 20.96250493824482 3.80115932226181 0 0.09598876535892487 3.954034276306629 0.07712480425834656 48.11160176992416 0.1150237619876862 0.5541864559054375 0 0.492392398416996 0.2083527222275734 0.1930067241191864 1549.086638592184 2.610927328467369 0 0.9025099277496338 0 186.6623133122921 286.6216124892235 258.0215107351542 153.7928488925099 0.4902697503566742 2.399160720407963 709.497515141964 90.86867852509022 1.872649900615215 80.91672745347023 0 0 0.1496177017688751 3.243865616619587 0.3802858665585518 28.92671824246645 1.932000957429409 6.10826414078474 6.491346009075642 2.888916626572609 0.3003740906715393 0 0
141.6247527375817 39.2771683037281 10199.84663895518 1.170324668288231 6.146850667893887 43.89430350065231 1986.244251169264 773.3010001033545 20.1148681640625 51.36370106041431 20.91216721013188 0.8400438353419304 2.971870630979538 957.9521431587636 1.374401390552521 3891.706743501127 5598.552596218884 32.92177755385637 704.2190216630697 0.5316277071833611 12803.30139188468 214.9152632951736 18767.11887972057 350.6351952403784 5.409841232001781 1540.760223321617 13044.31897743791 4611.184808753431 757.0517674125731 5302.078390151262 1.144471034407616 8.504033375531435 83.86328972131014 4062.405868396163 146.4752317517996 7632.172884128988 4560.717234909534 9209.31987889111 4358.603431358933 497.0814492180943 14.13085458427668 23.76198746263981 99.1877134218812 2.118337228894234 14.74440083652735 62.39373130351305 0.7877467274665833 0 0.3321192711591721 12.41731315106153 1.62230422347784 27.59516751021147 1.362504869699478 0.5433055907487869 0 0 0.900247260928154 0 1011.815511062741 11.66777817904949 0.1190953403711319 1.210444830358028 0 121.7724545225501 229.2104642987251 248.8912050575018 150.5703067108989 0.2676846757531166 7.752327375113964 721.621305577457 134.666124291718 15.91897588223219 66.03852448612452 0 0.1635707765817642 2.347942031919956 7.209913998842239 8.425578325986862 107.6706447228789 5.266743749380112 20.10877034068108 10.27429905533791 5.337839342653751 0.4420302212238312 0 0.6976799368858337
27.34232465922832 982.0329692587256 205.5262736454606 1339.910823747516 72.77691344171762 1594.019000969827 4674.881063103676 501.020693436265 9622.81145991385 2099.728914923966 19.38071027398109 231.769767396152 28.26188375800848 327.7594261243939 1653.768050655723 1494.320332929492 34.74737000465393 8.969163626432419 11.92446364462376 311.3376600444317 205.3611846789718 6160.489180020988 350.6351952403784 9945.735972948372 152.1438942998648 57.06493834406137 987.7890305742621 10680.58039340377 1172.651369892061 590.0982340499759 1.585700646042824 38.78585643321276 357.8492877110839 727.4698517173529 22.69262389838696 3709.389862827957 394.1128715053201 1543.425947442651 893.0482207909226 3074.746294736862 76.14207722246647 14.01620200276375 51.22283355146646 20.5912641659379 1.573204964399338 26.60839132964611 474.9493224769831 3.209127329289913 50.39336728304625 458.4823862835765 88.54266564920545 1141.147076383233 938.6714316308498 12.5451472774148 169.6442342922091 0.2476019784808159 45.67115025222301 8.582280710339546 205.7835868597031 2.627945922315121 1.627693735063076 1.982523649930954 199.9264834448695 52.9537273645401 105.6292196214199 48.29527053236961 3317.264232225716 0.3883431926369667 5.111823089420795 46.16432374715805 2080.458562038839 171.0737411975861 205.1820207312703 0.2742603048682213 5.544133678078651 23.57996244728565 51.94855476915836 4.771429441869259 360.0972722843289 5.913362719118595 144.5743153914809 51.56605093926191 295.7899433299899 19.88329996913671 0.9111438393592834 3.057998329401016
0 1616.571306444705 0.9346595108509064 0 0.9632793366909027 4.898661278188229 4.646230690181255 2.641138926148415 107.1452750563622 10.11245784163475 1247.86168576777 1.658883988857269 3023.142748862505 5.544849455356598 1.100475333631039 28.31999555230141 22.6826313957572 35.16299016028643 131.7235684916377 0.3310641199350357 6.047758497297764 523.4111643731594 5.409841232001781 152.1438942998648 487.7016634717584 1086.056855238974 4435.87178581953 9.749064192175865 5.989705823361874 10.36979556083679 72.65992329269648 1.519233003258705 0.1005334630608559 1076.450717099011 7.337812960147858 1617.728161767125 1487.69979313761 2102.485973633826 396.7214742004871 211.2226009815931 79.74972611665726 785.0537014082074 15.27313488721848 0 90.79508936405182 6.627750255167484 0 0 0 0.8207777291536331 0 0.3906854391098022 0 248.8634013086557 0 960.2663454934955 0.3308885991573334 0 1.254355549812317 39.12433330714703 91.75698645412922 44.64679561555386 0 0.1344134956598282 5.449222348630428 5.694399014115334 1.043022938072681 289.5482252240181 683.7574837803841 1057.253227695823 0.9818695336580276 0.08771494030952454 2.465636149048805 50.16599828749895 0 0 6.978019088506699 0 400.1269595548511 246.3949976041913 37.02632025629282 12.22489374876022 37.36626124382019 0 60.95990909636021 0.1683116555213928
5.045373603701591 1242.020523160696 7754.142946571112 1.17568002641201 1.135403163731098 19.57577451318502 125.6132009029388 53.68389762938023 16.90917655825615 42.09684329479933 1507.453264176846 10.76712929457426 450.4805867224932 88.53120850399137 0.1515848115086555 8.348127029836178 2271.409600660205 976.976718865335 3864.638462349772 2.555262438952923 19.6102280318737 94.41712739318609 1540.760223321617 57.06493834406137 1086.056855238974 16583.03606721014 28356.36387590319 44.43265879899263 76.44606928527355 33.59596441686153 83.98230989277363 16.55803763121367 2.159377560019493 2350.476067002863 17.01267794519663 3434.94167239219 8264.590800926089 4917.250548928976 1064.62653041631 52.93449588865042 2.808772101998329 88.19486602395773 6.381620772182941 0.8043850883841515 140.7713116854429 132.3090495988727 0 0 0 8.595504239201546 0.6112229228019714 1.804037742316723 0.2438219413161278 180.4593729302287 0 857.083921186626 1.609252542257309 0 5.051912285387516 289.8653973713517 288.6743995174766 276.8698405697942 0.1054484844207764 2.736776955425739 14.30104280263186 29.74090337008238 9.347506798803806 274.0506974607706 2197.602363266051 3247.298878669739 6.919046096503735 0.7424904927611351 14.53133178502321 130.1228552386165 0 0.1615922152996063 30.26331119984388 2.085491120815277 131.8325665742159 810.5471734628081 55.87297296524048 24.26242201030254 4.475641049444675 0 7.209559850394726 0.4154168665409088
6.001280821859837 4978.987662270665 16218.64727184922 0.3698835968971252 0.4751489087939262 5.920227579772472 113.071187235415 32.35896204411983 218.8609237596393 5.519776225090027 1155.492096282542 1.272748485207558 2782.80347020179 49.26470273733139 2.398018218576908 3716.508373215795 4589.933041967452 173.9761023297906 1811.250033549964 0.2392198145389557 637.4559671804309 3809.981534838676 13044.31897743791 987.7890305742621 4435.87178581953 28356.36387590319 25444.24732483178 996.6599240005016 45.7849677875638 85.44357466697693 557.2579799219966 1.527905367314816 5.074545368552208 1462.193255782127 73.04965221881866 5335.362758643925 9498.428479738533 5168.440993584692 2447.47007689625 254.8488279953599 2.201643019914627 71.20516277104616 55.54049250483513 0.3560240939259529 1095.949149206281 1144.22453327477 0.1401865184307098 0 0.0973343551158905 23.85387852042913 2.11750204116106 21.94435469806194 1.076486669480801 137.3224387839437 0 510.2824044302106 3.324383661150932 0.6063629686832428 1904.748765520751 952.7286703959107 280.6190610602498 485.1113865226507 0 34.40019813925028 1031.629982635379 1191.465048477054 71.26436442136765 396.8325482085347 3512.935801655054 12304.85138120502 66.30752961337566 2.044901803135872 33.35783501714468 99.48330349475145 0.1222723498940468 0.140997126698494 124.825004465878 13.16000878810883 464.3785866349936 898.4670308828354 255.1856167986989 119.8009075820446 5.064546413719654 0 5.081711702048779 1.889514535665512
18.7477191016078 35.43332675099373 1127.414388351142 743.0947085916996 10.72653073072433 3097.035390302539 15121.36588522047 619.9958982914686 1177.265755660832 5024.343419738114 9.161241807043552 933.6581958532333 0.9394259303808212 236.2450506836176 60.88871634751558 2523.407365009189 50.87321657687426 4.740835912525654 7.3695959597826 2007.419057652354 4735.917817726731 353.7573431134224 4611.184808753431 10680.58039340377 9.749064192175865 44.43265879899263 996.6599240005016 16790.08990447223 680.8494171723723 5373.837106384337 0.1020785644650459 17.46458401530981 201.8222120478749 1002.693602137268 14.12546290457249 2226.461211688817 225.0238087028265 1137.876530632377 585.0165259465575 388.6360350176692 27.37473504990339 4.023652650415897 27.82393370568752 11.91172448545694 0.840023972094059 28.29314484447241 187.2947518154979 1.38622373342514 19.82217799127102 204.4835845530033 38.19581960141659 374.7796457111835 350.4170934408903 5.913323849439621 70.55321404337883 0.2427634820342064 20.9955883026123 6.403421387076378 226.7656759992242 2.706938475370407 0.7880699187517166 0.8401867523789406 95.27969689667225 81.56790114194155 88.28536728024483 39.200035110116 1529.672629527748 0.08299403637647629 4.219917953014374 45.46965933591127 1263.867457106709 125.502512678504 332.8873497918248 0 2.822989173233509 20.65738739818335 35.63565091788769 5.348144486546516 227.422218285501 10.52441973984241 77.48040422052145 29.28378336131573 119.7637917548418 9.060495741665363 0 2.344708852469921
3704.05827498436 1.123081721365452 61.08015466481447 40.2145456597209 21.64888955652714 381.419030405581 1359.486116975546 847.0911909863353 50.65918384492397 762.3428627476096 146.6062851846218 52.77480459958315 6.585187114775181 4621.692527852952 0.8456213995814323 9.752436198294163 499.4600011855364 57.55559425801039 106.0936697460711 28.14459525793791 351.7292321100831 12.1512119397521 757.0517674125731 1172.651369892061 5.989705823361874 76.44606928527355 45.7849677875638 680.8494171723723 15282.49254787713 6350.422679267824 0.6719406768679619 558.009663850069 2740.649061866105 2427.761253833771 6.07124525308609 472.3824221715331 28.0346609428525 1765.085718631744 446.273701004684 161.5112453848124 92.64517740160227 1.340712659060955 13.93073642998934 1.593379117548466 0.09454887360334396 2.155368410050869 3.136737033724785 0.3518722504377365 0.5343382060527802 14.13008881360292 1.773606635630131 18.16755881160498 6.396392300724983 0.9083713218569756 0.1131034195423126 0 2.066349923610687 0 3.618006117641926 0.1850159615278244 0.1834755390882492 0.2890052795410156 0.9117857217788696 0.7441630288958549 1.07473312318325 3.106653228402138 105.383049197495 0 0.5734739229083061 5.887045823037624 95.92119863629341 9.081686064600945 14.18935541063547 0 0.1527707278728485 1.535194747149944 2.088906981050968 0.4313616156578064 26.22182670980692 0.5886747241020203 4.893317691981792 3.687012620270252 6.153972305357456 2.315842427313328 0 0.9765132367610931
