1057.072226278484 0 11.47024727612734 4.80222525447607 0.3608376756310463 6.230336874723434 2425.853732381016 487.3250573948026 5.437092296779156 40.96611358970404 10.50778274983168 2.115400284528732 1.258658848702908 3599.540447279811 0.1231901571154594 0.09070392698049545 80.54198079556227 6.129135884344578 20.0197607204318 2.421352840960026 28.04079875349998 0.1134609207510948 28.06608259677887 37.20147114992142 0.1109763830900192 21.88312707096338 20.36992243677378 162.5599576160312 4860.21553619206 2525.101157255471 0.4059409573674202 3.744662251323462 93.36112856119871 263.8222356438637 3.278550609946251 39.06478259712458 8.79425473511219 166.1234174072742 23.36926172673702 2.11156602203846 3.715974569320679 0.1292954832315445 0.3959461897611618 0 0.1128455325961113 0 0.3339546322822571 0 0 0.5620567128062248 0 0.8295359686017036 0.1107434704899788 0 0 0 0.1082851737737656 0 0.2337673604488373 0 0 0.06954682618379593 0.09414014220237732 0.09841251373291016 0 0.1481166929006577 3.322074696421623 0 0.1952273026108742 1.507023870944977 3.399447560310364 0.6763910949230194 0.2759814262390137 0.08542265743017197 0 0 0 0 0.841799721121788 0.2163310572504997 0.2957440614700317 0 1.217635244131088 0 0.6936551034450531 0.09418037533760071
0 41.49777369946241 19.68421505391598 0 0 0.1598232090473175 0.6965752094984055 0.2695636749267578 409.8827107772231 0.2106735035777092 113.3369853124022 0.1774307936429977 861.7407929599285 0.4660631492733955 1.07015697658062 66.24078968912363 8.396433502435684 29.28196781128645 23.02090671658516 0 2.237361080944538 2956.505714327097 4.160714238882065 735.6450047791004 1553.838381737471 327.8111745789647 6722.958837814629 26.37190474569798 0.9486744701862335 0.5930523574352264 103.4079374074936 0.3785852938890457 0.1169561892747879 16.80570816248655 0.1103670075535774 23.28453521430492 282.818214610219 71.36820076406002 15.34579814970493 2.374753050506115 0 165.4020302891731 0 0 27.87672128528357 31.94815434515476 0 0 0 1.051803976297379 0 0.7791956961154938 0 7.614520043134689 0 8.20755261182785 0 0 3.280894048511982 11.39425219595432 1.503586865961552 5.255098164081573 0 0.6304791122674942 5.868303351104259 6.306353323161602 3.612475886940956 19.47543452680111 78.57996552437544 1402.413460299373 1.392474293708801 0.1148592904210091 0.2199904099106789 1.61259238421917 0 0 0.7569155171513557 1.822468757629395 18.31619244813919 20.88002332299948 17.56833139061928 5.213800989091396 0.4130854308605194 0 1.961792573332787 0
11.47024727612734 19.68421505391598 2620.679361119866 2.640305936336517 0 18.78500375151634 1954.464953050017 85.91623822599649 1.767531789839268 63.94123385101557 29.92882516235113 0.6721618324518204 26.89342383295298 69.58715241402388 0.1273036599159241 59.69649317860603 4579.657509334385 20.70958473533392 90.94323987513781 0.8562620356678963 1167.855227254331 11.89669880270958 7072.565625339746 70.69187888503075 5.036060743033886 3820.815238393843 9240.302640579641 1294.129468120635 30.10655668377876 106.3489646092057 13.16106275469065 0.9838617742061615 1.891651757061481 309.7292270809412 9.38171948492527 1257.723763145506 4197.393445923924 1572.059471599758 733.3811387717724 42.31188948452473 4.778230503201485 16.2681397497654 1.776562109589577 0 45.61529483646154 146.8026628270745 0 0 0 2.578076638281345 0.09754816442728043 1.125420711934566 0.2415106222033501 10.82220551371574 0 10.15295128524303 0 0 5.788959830999374 17.24833726137877 1.543452575802803 6.067150443792343 0 1.047774381935596 16.19924910366535 30.36132051795721 3.792480647563934 4.47084578871727 61.23547253012657 1189.631909534335 3.760205000638962 0.1935808584094048 0.4136422947049141 2.095623642206192 0 0 1.291196539998055 0.4263677448034286 38.29475975036621 308.2464221790433 26.39161792397499 7.223643891513348 0.7670919150114059 0 8.701500922441483 0
4.80222525447607 0 2.640305936336517 3289.777312859893 0.9218758791685104 36.82079657167196 42.58373377472162 40.47234950214624 1651.528756998479 1977.748514182866 2.033031888306141 2252.749749049544 0.2049045860767365 31.23765715956688 60.6385757997632 0 1.210243791341782 1.309122517704964 0.905954085290432 4103.232009939849 0.08237173408269882 0 1.057266168296337 3490.924138918519 0.3611967861652374 6.637896627187729 2.961032100021839 4612.446494050324 60.57405675202608 1.029208026826382 0.9886091649532318 1.581889346241951 3.926388718187809 17.89706242829561 2.168538607656956 220.0547431409359 3.495608329772949 67.93514279276133 10.13307978957891 338.7963693365455 6.286395333707333 0 2.163144148886204 1.69750140607357 0 0.1113053932785988 59.77729254215956 0 0.5685076341032982 28.85405657440424 1.3302858248353 205.7483799159527 86.30858501046896 0.2324635162949562 48.52386309206486 0.1642435342073441 5.125749222934246 0.1321558505296707 0.4741152301430702 0 0.4183177649974823 0 33.40867285430431 0.3736875355243683 0.270171195268631 0.2338936477899551 185.122632548213 0 0.2317212000489235 0.2353601902723312 225.1169668212533 7.834586136043072 2.196457020938396 0 0 0 1.732321187853813 0.4569677263498306 64.78387317061424 0 14.736935980618 2.644687198102474 36.79762641340494 1.330915503203869 0.08292583376169205 0.2935495525598526
0.3608376756310463 0 0 0.9218758791685104 46.01998272538185 225.6096658855677 3.778943218290806 99.58762369304895 18.94070215523243 8.388034224510193 15.13704431802034 59.56588377058506 17.88542194664478 60.16375126689672 1073.236794643104 0 0.5488458946347237 3.072929076850414 1.889989525079727 3.207591772079468 0 0 0.5173380151391029 3.536785207688808 0.3332948386669159 3.365392617881298 1.569753892719746 1.427288889884949 574.5510083213449 0.3057107031345367 1.625241585075855 310.0968732014298 0 268.0450565963984 0.3964269459247589 16.53248979151249 4.704807586967945 104.3064178824425 32.05541001260281 1858.133252382278 91.11038212478161 4.180485755205154 0 0 0 0 0 0 0 0 0 0 0 0.2267117202281952 0 0 0 0 0 0 0 0 0 0 0 0 0 0 0.2341874986886978 0 0 0 0 0 0 0 0 0 0.924225389957428 0.289585679769516 0 0 0 0.2291214019060135 0.1692639142274857 0
6.230336874723434 0.1598232090473175 18.78500375151634 36.82079657167196 225.6096658855677 8239.510580480099 2723.509741615504 5381.570015680045 5.533499114215374 13334.5211789608 37.09565916657448 2744.612650468946 46.14034448564053 402.5253725200891 540.9912560805678 0.1205390766263008 40.80736603587866 8.895351313054562 9.616052560508251 264.5318533480167 6.114091016352177 0 36.35213885456324 8.20480078458786 0.4840116500854492 33.51209453493357 15.28613509237766 58.97377367317677 238.0932593159378 40.97932052612305 5.329142585396767 698.2517302297056 1.162235669791698 175.9638639837503 8.769027188420296 191.532617919147 25.47074127197266 339.7913382723927 142.4242195785046 923.2474149167538 180.3759276270866 19.5093440413475 7.290626764297485 0 0 0.1028182655572891 0 0 0 0.5908290445804596 0 0.8913507014513016 0.4313205778598785 1.824040487408638 5.741560891270638 0.2497494518756866 0 0 0 0 0.1791162341833115 0 0 0.2048754394054413 0 0 2.482568480074406 0 0.1174279972910881 0.7467198520898819 2.483381360769272 0.1833094507455826 0.279634453356266 0.09447307139635086 0 0 0 1.31775689125061 4.610438659787178 3.005982294678688 3.97120776027441 0.4706590995192528 0.2492789551615715 0 1.606846526265144 0
2425.853732381016 0.6965752094984055 1954.464953050017 42.58373377472162 3.778943218290806 2723.509741615504 17109.84324644133 5373.369090724736 1087.866096928716 5499.291135981679 62.46362743526697 187.610698018223 15.61240253597498 10073.42763949186 34.21553945541382 9.891056276857853 1168.276232142001 38.28957965224981 102.6859530955553 52.4199497923255 703.5227560028434 6.773460261523724 2315.924258679152 1000.828057065606 7.120206378400326 1527.041422322392 741.5702767297626 11416.78279185668 2363.339205309749 6944.455653179437 8.39555349200964 40.10328809916973 141.092422991991 756.9314863495529 130.1875764727592 3645.511669792235 202.236667316407 2175.452992729843 399.9666106700897 768.3191412165761 196.5791364237666 6.209107406437397 47.67123302817345 10.14500205218792 1.400398589670658 4.47920023649931 29.96988539397717 0 1.628702245652676 87.28730228543282 10.02645457535982 140.3458682075143 74.78133591264486 3.421273045241833 4.561169885098934 4.615257911384106 23.24456496536732 0.4305464625358582 24.73115831613541 0.3089863061904907 0.8522499054670334 0.4567563831806183 25.26914019882679 18.99239733815193 4.81829509139061 5.179778590798378 571.1776741743088 0.07854615896940231 4.748409181833267 35.62708301842213 731.0531425476074 64.56630862504244 33.90326066315174 0.1538389772176743 0.5078465044498444 3.483993820846081 14.91326752305031 5.799556903541088 219.8615216612816 8.089613646268845 82.17005119472742 23.31586854159832 56.6645452529192 10.99804627895355 0.922327421605587 1.364582046866417
487.3250573948026 0.2695636749267578 85.91623822599649 40.47234950214624 99.58762369304895 5381.570015680045 5373.369090724736 7751.764403771609 9.017188981175423 5204.482806075364 81.2410257384181 1308.830207325518 63.76700227707624 5256.102214287966 390.7754955738783 0.3253416866064072 327.0656870678067 26.8419435992837 52.52254429459572 343.6989005170763 51.3329853489995 0.5290344431996346 175.1905515119433 26.21462178230286 1.765372343361378 146.836130015552 80.77509212121367 204.5613757930696 890.2342218309641 984.5711240023375 7.551737949252129 1431.789400696754 17.13456480205059 446.1190093010664 11.42433952540159 252.8878905326128 56.09865805506706 618.6417748034 176.1745375469327 822.7959394678473 139.0727797374129 26.95951832830906 13.02866926789284 0.08783070743083954 0.271760068833828 0.3240230232477188 0.1492951512336731 0 0 0.8624867796897888 0.1286204904317856 1.631966702640057 0.9742694646120071 0.6101761162281036 1.629776395857334 0.3729642927646637 0.3119237199425697 0 0.8070856258273125 0.1263680458068848 0.3778481185436249 0.07020484656095505 0.08293543756008148 0.8141032531857491 0.3264154642820358 0.3622703552246094 7.678434900939465 0 0.9879511445760727 4.471521429717541 11.14335052669048 0.8642736971378326 0.378534771502018 0 0 0 0.1438717991113663 0.2346139550209045 4.388178318738937 3.882280699908733 4.613472029566765 2.643283888697624 0.5047087222337723 0.3981325328350067 2.984016537666321 0
5.437092296779156 409.8827107772231 1.767531789839268 1651.528756998479 18.94070215523243 5.533499114215374 1087.866096928716 9.017188981175423 802.8680147007108 328.5496384054422 9.055353090167046 223.7773639336228 75.33880463987589 13.91792534291744 512.5216293334961 47.68544516712427 1.886206224560738 7.463488817214966 3.730251543223858 420.2654846906662 28.29022588580847 1606.040607914329 4.001949071884155 11736.46512868255 148.6938401684165 31.83629293739796 351.0791306272149 3703.969597093761 50.66560116410255 94.69878052920103 19.47712638229132 1.18232487142086 8.791847169399261 14.64551708847284 3.806146383285522 151.3805876970291 13.61199257522821 51.42649920284748 12.63012100756168 315.4942632466555 9.194515898823738 2.031579725444317 0.4011497497558594 9.126091085374355 0.8052838370203972 0.6096165403723717 69.2402685880661 0 2.549751736223698 67.26830862462521 7.145573183894157 164.6036155968904 122.9616709798574 1.9328368678689 40.20035294443369 0.9691100120544434 17.79602022469044 0.4142503291368484 67.45360133051872 0.2683111056685448 0.69367366284132 0.7361293062567711 53.9394975155592 28.60485573858023 34.15937979519367 5.053335852921009 940.0627327188849 0.5198101326823235 2.15249402821064 9.20397575199604 766.5877495408058 53.70673017948866 26.85441935807467 0.4423935785889626 0.07459473609924316 3.318956330418587 7.937125660479069 3.886089898645878 101.2540368065238 0.7396133318543434 53.19916474819183 13.55132079124451 51.62666500359774 7.268031492829323 0 1.516431637108326
40.96611358970404 0.2106735035777092 63.94123385101557 1977.748514182866 8.388034224510193 13334.5211789608 5499.291135981679 5204.482806075364 328.5496384054422 22727.22819169611 63.43458636105061 7586.975778162479 16.62972926348448 1306.860483575612 45.00557295978069 0.1270803511142731 79.40363890677691 34.24630723148584 34.39107847213745 4619.149615485221 13.6382260248065 0 84.08208066225052 949.0686712786555 0.8919747918844223 108.868189111352 43.90582528710365 2889.072635784745 818.8612386099994 52.74657286703587 10.12787788361311 79.26079902425408 9.233132407069206 286.6537885814905 22.02793015539646 1213.974338464439 32.32791560143232 863.7143751718104 70.83494720607996 452.0290476381779 77.15331240743399 2.888372428715229 20.62560531497002 3.479879789054394 0 0.2011865973472595 54.34621597826481 0 3.478031128644943 54.9165410399437 2.69535806030035 162.1266317144036 114.3647173941135 1.070355698466301 44.04199248552322 0.160580039024353 7.506547421216965 0.1289602369070053 0.585154190659523 0 0 0 41.50868370383978 0.1991426423192024 0.3341403305530548 0.0778283104300499 289.1808205470443 0.1218327209353447 1.203323863446712 2.278529718518257 379.0848953127861 18.58256530016661 3.372133292257786 0.08487278968095779 0.589739553630352 0.3132022023200989 2.274514600634575 0 124.1377046704292 0.9919260516762733 24.3045843616128 5.601805053651333 50.01226302236319 2.109192907810211 0.4316524043679237 0.1591481119394302
10.50778274983168 113.3369853124022 29.92882516235113 2.033031888306141 15.13704431802034 37.09565916657448 62.46362743526697 81.2410257384181 9.055353090167046 63.43458636105061 8639.378398351371 52.89990468323231 2619.88395973295 431.2204254046082 3.314799375832081 8.127665020525455 488.3626233115792 3626.093531168997 1332.241493880749 17.06414578855038 25.59921263158321 51.33815289288759 58.59127692133188 19.5956736728549 902.3876350000501 2671.359064422548 465.7645218893886 25.99228401482105 585.0555998533964 38.43634394556284 750.9781719744205 237.1545954495668 6.6416130438447 6381.39243042469 42.00500728189945 1047.503073349595 6006.320584535599 5340.771821454167 2062.379962608218 56.3835229948163 21.03106842935085 2501.069827444851 25.95425380766392 0.4534095600247383 8.774717904627323 1.769732311367989 0 0 0.08684344589710236 0.2539401575922966 0.8150311037898064 0.5170052349567413 0.1850166916847229 318.0674810111523 0 499.6310962215066 0.4653491526842117 0 3.392210058867931 0.4850596040487289 10.06676066666842 6.383285343647003 0.3732728287577629 1.185489073395729 0.6477482169866562 2.004703767597675 2.878643035888672 153.4627496525645 77.82163747400045 117.7931853309274 1.798893943428993 0.2084953486919403 0.2295101806521416 69.64784317463636 0 0 5.358998090028763 9.886115342378616 61.71399364620447 152.2313959151506 27.89933547377586 9.009049355983734 0.5002135634422302 0 148.9196287170053 0.8931257724761963
2.115400284528732 0.1774307936429977 0.6721618324518204 2252.749749049544 59.56588377058506 2744.612650468946 187.610698018223 1308.830207325518 223.7773639336228 7586.975778162479 52.89990468323231 9614.456731654704 24.18409088999033 656.0013336092234 2212.46462725848 0 2.049935214221478 19.96020671725273 17.6653057038784 6375.566550530493 0.2716107815504074 4.153857871890068 0.8080805391073227 349.0207256302238 1.34170264005661 24.12865764647722 15.05243753641844 1696.951502948999 364.4110448807478 6.034596353769302 7.093699611723423 93.55068666487932 0.4131024777889252 144.7954821437597 1.634193673729897 1146.438514590263 22.34349697083235 426.1089977473021 38.49455060064793 2825.871008843184 37.99769457429647 3.368245862424374 4.190040826797485 0.3056042939424515 0.1111920773983002 0.1781153976917267 86.17951934784651 0 1.085418812930584 14.5435106754303 1.728019222617149 77.35175809264183 56.50321757793427 0 149.583125077188 0.1262716054916382 2.08917461335659 0.4853146076202393 0.9185262396931648 0 0 0 50.5862885415554 0.3382735401391983 0.2835868000984192 0.8993915319442749 95.99294365942478 0.2739711254835129 0.3120070770382881 1.11187805980444 122.19626557827 3.306666679680347 1.037371188402176 0.2577375248074532 0 0 3.990578293800354 0 89.79216700047255 1.691015355288982 4.665992505848408 1.572595864534378 38.7078690379858 0.7598193138837814 0.6849068850278854 0.1281187534332275
1.258658848702908 861.7407929599285 26.89342383295298 0.2049045860767365 17.88542194664478 46.14034448564053 15.61240253597498 63.76700227707624 75.33880463987589 16.62972926348448 2619.88395973295 24.18409088999033 4309.011538103223 130.2999593764544 3.829403795301914 26.05908989906311 7.952489949762821 52.37930596619844 13.18970715999603 4.510899774730206 13.11988553404808 350.0561738982797 16.95221854746342 126.3558430746198 6090.322589963675 272.930165193975 4274.855184696615 29.40305676311255 110.2727649211884 15.29102600365877 1620.88865506649 99.97301281243563 0.2398036047816277 752.9536617100239 59.82945998758078 1372.346040427685 5155.484352245927 4025.253076352179 692.0666825994849 71.38856331259012 77.81632567197084 1490.191376663744 52.58647548407316 0 63.61126381903887 2.960132136940956 0.2824667096138 0 0.9183424487709999 0.4303801357746124 1.247600391507149 1.768891960382462 0.1213022544980049 877.5305480360985 0 1215.949712097645 0.5384129732847214 0 18.37740832567215 0.8429994285106659 18.67253302782774 12.72353795915842 0 7.367997527122498 2.933300741016865 7.901576951146126 3.438916742801666 649.4551882818341 210.2229975014925 356.7729464694858 2.511353217065334 0.7172489911317825 4.960787333548069 188.1702356934547 0.2968197166919708 0.1084808334708214 8.679886810481548 7.858869045972824 197.1043270230293 484.827399931848 144.2805426940322 29.49453826248646 14.17559737712145 6.835009768605232 372.7779982537031 6.954279989004135
3599.540447279811 0.4660631492733955 69.58715241402388 31.23765715956688 60.16375126689672 402.5253725200891 10073.42763949186 5256.102214287966 13.91792534291744 1306.860483575612 431.2204254046082 656.0013336092234 130.2999593764544 13891.12158758938 143.0281327515841 0.4390218704938889 370.8668193593621 135.9609642550349 135.0246097631752 224.5888688564301 78.18636431545019 0.5029473379254341 187.4452982135117 69.09096118807793 6.214904651045799 239.6910335198045 137.4334672428668 358.1383315101266 5518.49291177839 2249.104243911803 43.96151163429022 327.1099736914039 44.50539883226156 1942.839107349515 14.45406855642796 358.8004557713866 109.163617439568 1668.656623519957 233.3536142483354 485.9506302773952 221.8664667308331 29.53957531601191 12.04618440568447 0.251280814409256 0.8861034661531448 0.5574336647987366 0.2719523012638092 0 0 4.505691543221474 0.2367374822497368 3.260136283934116 0.5750444382429123 1.616137966513634 0.7323796004056931 0.9763303175568581 0 0 0.5692222192883492 0.08877741545438766 0.188252218067646 0.1041326969861984 0 0.5496854484081268 0 0.0881349965929985 15.58866319060326 0.09965380281209946 3.438244968652725 6.944674089550972 24.73624440282583 2.758032381534576 0.4960514977574348 0.5307575911283493 0 0 0.4927763789892197 0.408213347196579 6.999011985957623 4.275476865470409 4.524356044828892 2.114816784858704 1.285017654299736 0.4264436513185501 4.791432090103626 0
0.1231901571154594 1.07015697658062 0.1273036599159241 60.6385757997632 1073.236794643104 540.9912560805678 34.21553945541382 390.7754955738783 512.5216293334961 45.00557295978069 3.314799375832081 2212.46462725848 3.829403795301914 143.0281327515841 758.3609456121922 0 0.4934609904885292 0.9391104206442833 1.067854784429073 124.5154340714216 0 11.97890087217093 0 422.7526555508375 1.607002392411232 1.121263042092323 2.474242612719536 86.67307920753956 34.30192897468805 0.3416406810283661 0.4753312915563583 373.7201754376292 0 36.62923836708069 0 147.4760063067079 1.081082582473755 40.35386345535517 5.281168729066849 951.3457577601075 59.29349787533283 0.3599447906017303 0.4392846971750259 0 0 0 0.1020862758159637 0 0 0.4263710528612137 0 1.719933524727821 1.710720270872116 0 10.12646102905273 0 0.2599854096770287 0 0.4215471670031548 0 0 0 1.096894323825836 0.7699218839406967 0.5324987173080444 0.1253613829612732 2.922430135309696 0 0.2659657597541809 0 6.230000928044319 0.1989581733942032 0 0 0 0 0 0 7.722741186618805 0 1.016762159764767 0.102298878133297 6.828437268733978 0 0.1189609244465828 0
0.09070392698049545 66.24078968912363 59.69649317860603 0 0 0.1205390766263008 9.891056276857853 0.3253416866064072 47.68544516712427 0.1270803511142731 8.127665020525455 0 26.05908989906311 0.4390218704938889 0 3806.284280203283 7.760183103382587 0.955915704369545 11.57644511014223 0 3910.204432561994 3490.467670887709 5484.027220763266 2085.588013492525 27.65064788609743 90.74826984107494 7036.795751340687 2789.778095602989 0.9435042515397072 104.3680313751101 4.959339991211891 0.1253146082162857 0.9100357741117477 39.68276567012072 45.8205329850316 1794.921356707811 1122.004749715328 484.4883149564266 842.9349908456206 15.85059262812138 5.110017478466034 42.8353458493948 8.904588490724564 1.439088150858879 9.914416052401066 29.29228532314301 0 0 0 2.186180055141449 0.6890615671873093 19.85700264573097 0.09033657610416412 11.17139418423176 0 16.11221325397491 1.850200153887272 0 2651.423353776336 2.809726044535637 0.6562633961439133 1.304897971451283 0 275.9229669049382 666.0344572365284 805.6533665508032 454.9160703867674 2.769970245659351 26.10305365175009 1083.767725527287 296.7788969576359 9.415474988520145 86.78385925292969 2.115701824426651 0 1.15862313657999 2.559577949345112 1.066524147987366 503.7444145977497 38.43112222850323 20.62543601542711 14.48266246169806 10.32548167556524 0.9839344099164009 12.62791562080383 0.5367404818534851
80.54198079556227 8.396433502435684 4579.657509334385 1.210243791341782 0.5488458946347237 40.80736603587866 1168.276232142001 327.0656870678067 1.886206224560738 79.40363890677691 488.3626233115792 2.049935214221478 7.952489949762821 370.8668193593621 0.4934609904885292 7.760183103382587 1102.950039952993 282.2377974390984 2825.098943904042 1.019456923007965 378.4696486517787 4.892364881932735 5329.957647994161 8.932091794908047 2.346849501132965 2622.147641070187 4357.885733634233 210.2000079452991 231.6012082323432 1212.264942795038 5.304502964019775 7.397398576140404 21.91644679754972 3732.272863447666 5.914664566516876 461.5572393536568 2306.856086872518 2292.076395973563 400.1726670190692 16.06340889632702 4.381745390594006 6.349818184971809 0.7040635645389557 0.1301479786634445 10.39922276139259 19.11677367240191 0 0 0 0.6687414944171906 0 1.35197588801384 0 2.188771218061447 0 3.140159294009209 0.6337146461009979 0 3.039266601204872 9.723062366247177 0.9846735596656799 5.328626297414303 0 0.8782522454857826 1.920822687447071 2.425432175397873 6.705196492373943 1.40806183218956 53.72024615854025 237.248550966382 7.104944430291653 1.193612962961197 1.007098600268364 0.9161719530820847 0 0 0.5146332606673241 0.593788743019104 11.3627232760191 72.38028182834387 8.777412451803684 1.118216842412949 0.3049327284097672 0 0.6806944757699966 0
6.129135884344578 29.28196781128645 20.70958473533392 1.309122517704964 3.072929076850414 8.895351313054562 38.28957965224981 26.8419435992837 7.463488817214966 34.24630723148584 3626.093531168997 19.96020671725273 52.37930596619844 135.9609642550349 0.9391104206442833 0.955915704369545 282.2377974390984 999.5266420245171 1802.928505264223 8.73154554516077 8.612665243446827 28.55561835318804 28.85272008180618 14.04655236005783 109.0195715650916 2405.994304075837 739.672429472208 13.52727819234133 236.5455430746078 21.79609078913927 247.9298498928547 58.90933319181204 2.225137509405613 1795.436567701399 12.98114981502295 1033.479766532779 2187.657329581678 1603.104494377971 472.3883183151484 36.35883428901434 2.90325640141964 105.5936183184385 5.400893725454807 0.2025313973426819 16.58798107504845 0.8648615702986717 0 0 0 0.5454608052968979 0 0.6440059095621109 0 69.39382331073284 0 183.6682879403234 0.2069335728883743 0 0.6284004300832748 1.618562720716 32.1734047755599 23.14193771034479 0 0 1.100919499993324 0.09961137175559998 1.186554670333862 20.70081110298634 239.0062400400639 364.5232346579432 0.7007376402616501 0.3707854226231575 0.1274778544902802 91.60298866778612 0.1215779185295105 0 1.614456705749035 0.8836889117956161 20.46071726083755 32.22920279204845 9.332167848944664 1.859782926738262 0 0 6.307227775454521 0
20.0197607204318 23.02090671658516 90.94323987513781 0.905954085290432 1.889989525079727 9.616052560508251 102.6859530955553 52.52254429459572 3.730251543223858 34.39107847213745 1332.241493880749 17.6653057038784 13.18970715999603 135.0246097631752 1.067854784429073 11.57644511014223 2825.098943904042 1802.928505264223 3863.813628591597 8.760005302727222 28.2279000505805 23.30197896063328 177.7697776928544 17.93056926876307 38.1462374329567 5780.219966515899 2060.080439075828 32.00826327502728 218.7359225153923 88.90728780627251 16.97407574206591 29.94155851751566 6.855212561786175 3693.08021850884 8.064681552350521 1663.782140731812 2338.967368543148 2874.434925623238 485.223458647728 64.76243086159229 4.46870493888855 8.181223690509796 2.396130472421646 0.2033452019095421 26.18169611692429 8.327184624969959 0 0 0 0.9170843213796616 0.2038660570979118 1.024365082383156 0 20.34954182058573 0.1034820899367332 54.42397931218147 0.3746071457862854 0 0.9763821139931679 17.199463121593 21.47687212377787 67.99245664477348 0 0.3988917544484138 1.93219006806612 3.207642644643784 2.203793324530125 14.1323558986187 405.0208298638463 701.1066573709249 1.512462064623833 0.6927182972431183 1.912062168121338 34.46589966118336 0 0 4.301326923072338 1.460348308086395 22.16820370405912 104.1565734222531 18.92269617319107 5.144816718995571 0.4666510596871376 0 1.774389155209064 0.1531483978033066
2.421352840960026 0 0.8562620356678963 4103.232009939849 3.207591772079468 264.5318533480167 52.4199497923255 343.6989005170763 420.2654846906662 4619.149615485221 17.06414578855038 6375.566550530493 4.510899774730206 224.5888688564301 124.5154340714216 0 1.019456923007965 8.73154554516077 8.760005302727222 900.1781777739525 0.2597346156835556 0 0.6140230596065521 535.8326472491026 0 7.472709603607655 5.055340103805065 3268.713624477386 170.6867809779942 4.592528603971004 3.346796430647373 15.41649433225393 1.679549552500248 58.66594910621643 3.18257325142622 492.3560619428754 6.117943093180656 183.120215382427 12.33958456665277 551.8886319175363 14.92313294112682 0.6183222085237503 3.747524261474609 2.377639047801495 0 0.0830385759472847 59.45198092609644 0 1.280516915023327 26.88320542871952 1.94155902415514 123.9442915096879 69.43448027968407 0.2526752650737762 81.04342596977949 0 4.284711897373199 1.484323024749756 0.817768968641758 0 0.4593781232833862 0 25.47176621854305 0.1653309315443039 0 0.2372169494628906 153.5866499915719 0 0.1403888314962387 0.7281426414847374 200.9785998612642 8.854301065206528 1.420404233038425 0 0 0.3962594866752625 1.564966320991516 0.5192193239927292 107.4961134716868 0 15.38956025987864 3.13203601539135 44.33600451797247 2.424464955925941 0 0.4210124015808105
28.04079875349998 2.237361080944538 1167.855227254331 0.08237173408269882 0 6.114091016352177 703.5227560028434 51.3329853489995 28.29022588580847 13.6382260248065 25.59921263158321 0.2716107815504074 13.11988553404808 78.18636431545019 0 3910.204432561994 378.4696486517787 8.612665243446827 28.2279000505805 0.2597346156835556 13570.93100582063 120.0069628283381 12692.8906532377 237.6296283304691 20.05510888248682 145.2198625132442 1141.804340727627 5046.585800118744 85.74170678853989 8563.681747488678 2.880664758384228 2.000682137906551 22.53559210896492 2751.314669512212 262.6134945899248 5545.562215186656 1075.909932687879 6503.723878078163 4303.567256748676 35.19771560281515 27.44961977750063 14.96784400939941 28.08639279007912 1.850239790976048 1.056746959686279 6.146599233150482 0 0 0 4.150076575577259 1.046996332705021 21.29130251705647 0.6767849624156952 5.116158038377762 0 4.481338530778885 2.0632154494524 0 403.1800794303417 0.3503665551543236 0 1.388652145862579 0 151.1971999183297 90.67416083812714 59.71246049553156 257.493718534708 0.8668103218078613 4.856612339615822 63.45742252469063 215.9334313422441 13.13085544854403 81.95164836198092 1.455984652042389 0 0.9305646345019341 2.538040950894356 7.191635981202126 87.07972517609596 10.98064534366131 13.01701082289219 9.428450077772141 5.835728541016579 1.241587907075882 5.667292535305023 0.1337042897939682
0.1134609207510948 2956.505714327097 11.89669880270958 0 0 0 6.773460261523724 0.5290344431996346 1606.040607914329 0 51.33815289288759 4.153857871890068 350.0561738982797 0.5029473379254341 11.97890087217093 3490.467670887709 4.892364881932735 28.55561835318804 23.30197896063328 0 120.0069628283381 2496.478086933494 315.213938139379 6360.144818224013 888.1983285322785 180.4170160964131 6497.141424909234 386.1950038745999 1.400644838809967 39.05517168343067 77.75759367644787 0.2634351402521133 0.1636541932821274 8.455111600458622 0.2182474583387375 33.67306401580572 83.77229629456997 39.00859574973583 11.76939635723829 21.61000117659569 0.1842142045497894 19.57994470000267 0.896071694791317 0.5401331856846809 27.10664929449558 17.93086449801922 0 0 0 1.031260773539543 0.2230956926941872 14.87039728462696 0 2.919014014303684 0 3.129741869866848 0.3823438882827759 0 1068.402369849384 2.47471410036087 0.3543267101049423 2.45191403478384 0 74.28502754867077 109.5680039897561 352.9345802590251 192.6000718697906 1.093732677400112 34.7607216835022 1123.909567765892 96.09428641945124 1.83006976544857 19.02245283126831 1.556978300213814 0 0.1826401725411415 1.303913347423077 0.5168764665722847 39.57293087244034 20.91306828707457 9.070736967027187 9.238769814372063 0.6105366051197052 0.2177644371986389 0 0.1540337204933167
28.06608259677887 4.160714238882065 7072.565625339746 1.057266168296337 0.5173380151391029 36.35213885456324 2315.924258679152 175.1905515119433 4.001949071884155 84.08208066225052 58.59127692133188 0.8080805391073227 16.95221854746342 187.4452982135117 0 5484.027220763266 5329.957647994161 28.85272008180618 177.7697776928544 0.6140230596065521 12692.8906532377 315.213938139379 17217.02726389468 251.1913022920489 13.06151179224253 1482.099626265466 14399.26640403271 2950.339546971023 77.42229930311441 4386.870633028448 3.460672326385975 2.35206588357687 7.546144679188728 2774.080520756543 134.1183302849531 9351.719627797604 7095.822493322194 8549.274814799428 8623.109780453146 142.9533475935459 39.74407833069563 41.60509896278381 40.95487604290247 0.6809470877051353 7.425678081810474 62.05685054510832 0 0 0 1.441695883870125 0 2.630369037389755 0.2022165432572365 12.54302708804607 0 6.443481750786304 0.2151938155293465 0 843.4379437342286 1.739990912377834 0.9485164508223534 3.839080296456814 0 53.62667948752642 240.4341467320919 517.7534265816212 105.5592083409429 1.610000103712082 10.69399216771126 1374.271123364568 65.81089349091053 1.333212412893772 16.52673030644655 0.1440510749816895 0 0.298395000398159 0.9654010087251663 2.33743916451931 317.230456136167 89.31651527434587 18.48634944856167 25.18890301138163 0 0.1906158924102783 0.4659051895141602 0
37.20147114992142 735.6450047791004 70.69187888503075 3490.924138918519 3.536785207688808 8.20480078458786 1000.828057065606 26.21462178230286 11736.46512868255 949.0686712786555 19.5956736728549 349.0207256302238 126.3558430746198 69.09096118807793 422.7526555508375 2085.588013492525 8.932091794908047 14.04655236005783 17.93056926876307 535.8326472491026 237.6296283304691 6360.144818224013 251.1913022920489 6798.67616725713 239.9282810986042 162.52260556072 2183.680971957743 9118.121415369213 289.7228936776519 179.6546361669898 36.53799288719893 3.023879811167717 59.85956566035748 111.5435829944909 36.64170828461647 1382.262302592397 192.6988271400332 415.4849971607327 159.7161881178617 1017.756586953998 30.57519304007292 25.87510564178228 10.14968504756689 26.42482503503561 6.58251990377903 13.75424771755934 89.20460122078657 0.1673764437437057 4.373037785291672 152.721930116415 24.20498118549585 837.7301609218121 171.600439466536 10.08385883271694 29.05995677411556 9.385260626673698 54.58624565601349 0.8111464455723763 746.5320174321532 2.164793878793716 2.067808002233505 4.644748330116272 54.50229363888502 283.3765138536692 305.8481552600861 111.1002153605223 2251.826734371483 1.32950821518898 22.76301521062851 182.3354573473334 2250.33404546231 193.4460961520672 205.3319549113512 1.442759476602077 0.2221468240022659 14.61806666105986 33.34814324229956 16.06844868510962 540.6358922570944 21.23156360536814 198.8084636926651 63.47855865955353 107.8729493394494 24.92845971882343 8.713478952646255 3.751007057726383
0.1109763830900192 1553.838381737471 5.036060743033886 0.3611967861652374 0.3332948386669159 0.4840116500854492 7.120206378400326 1.765372343361378 148.6938401684165 0.8919747918844223 902.3876350000501 1.34170264005661 6090.322589963675 6.214904651045799 1.607002392411232 27.65064788609743 2.346849501132965 109.0195715650916 38.1462374329567 0 20.05510888248682 888.1983285322785 13.06151179224253 239.9282810986042 340.2195886969566 521.7599761933088 5094.851566821337 43.42056010663509 7.510062232613564 28.09395289421082 621.6650879383087 3.569574922323227 0 184.9050893560052 2.728216215968132 850.5094269067049 1060.792145572603 1017.887814424932 152.1086552217603 58.85921829938889 44.11981390416622 708.8700271695852 9.514018535614014 0.7296273112297058 146.0586614832282 0.8454407155513763 0.3430866301059723 0 0 0.3116753399372101 0 0.6584244892001152 0 436.8927839100361 0 722.6789772361517 0.3585580736398697 0 33.87101770192385 3.41098316013813 17.66361014544964 24.33304477483034 0 9.873232036828995 1.3056465908885 11.0902156829834 8.099680878221989 146.780036047101 258.4079614579678 491.6767109334469 6.375544108450413 0.8099939823150635 6.660188794136047 112.8069877699018 0 0 8.755284756422043 9.915233135223389 382.50065471977 183.5039750486612 44.64724737405777 7.285112403333187 3.622132360935211 0 73.52191060036421 0
21.88312707096338 327.8111745789647 3820.815238393843 6.637896627187729 3.365392617881298 33.51209453493357 1527.041422322392 146.836130015552 31.83629293739796 108.868189111352 2671.359064422548 24.12865764647722 272.930165193975 239.6910335198045 1.121263042092323 90.74826984107494 2622.147641070187 2405.994304075837 5780.219966515899 7.472709603607655 145.2198625132442 180.4170160964131 1482.099626265466 162.52260556072 521.7599761933088 42286.93836717308 15805.62408172339 533.7642121240497 264.4380602389574 97.40289611369371 1071.358944050968 58.28879558295012 4.803721010684967 1270.098168235272 20.05648558586836 2533.022875465453 7278.651688165963 3389.576352566481 839.8878048434854 103.3934201449156 8.237555339932442 112.2627186626196 8.323451966047287 0.1930975392460823 409.57299888134 95.37827713787556 0 0 0.6357361301779747 4.45231606066227 0.8202426135540009 3.701920919120312 0.255427785217762 246.2678597047925 0.08606706559658051 627.1831804513931 2.877648875117302 0 11.42535003274679 95.08095867186785 107.6196392998099 284.5983098298311 0.317883312702179 2.755581341683865 9.571041069924831 15.22457138448954 11.21614019572735 160.4026382341981 2196.375455290079 4554.622303530574 4.769779086112976 1.267888940870762 5.18196414411068 298.0678541883826 0.394833043217659 0.08861979097127914 19.88244367390871 6.080047927796841 122.1395450383425 637.6153702363372 111.0299325585365 20.6191433519125 2.149471580982208 0 9.714337840676308 0.3039679974317551
20.36992243677378 6722.958837814629 9240.302640579641 2.961032100021839 1.569753892719746 15.28613509237766 741.5702767297626 80.77509212121367 351.0791306272149 43.90582528710365 465.7645218893886 15.05243753641844 4274.855184696615 137.4334672428668 2.474242612719536 7036.795751340687 4357.885733634233 739.672429472208 2060.080439075828 5.055340103805065 1141.804340727627 6497.141424909234 14399.26640403271 2183.680971957743 5094.851566821337 15805.62408172339 34733.41888123006 2039.427689321339 152.1962497681379 79.26634237170219 1362.843540295959 31.34719203412533 5.436461269855499 1612.618751347065 61.6700966656208 7480.970697164536 8159.889723911881 7609.720743484795 3434.519303560257 282.2294945195317 12.22837872058153 88.42519452422857 30.01717250049114 1.052449621260166 2450.331646166742 1075.689495101571 0 0 0.2265705540776253 21.26261578500271 0.9689377993345261 9.167448580265045 0.8404032737016678 327.3129535987973 0.08999514579772949 711.2836912125349 3.841942884027958 0 377.7186183258891 219.2380861565471 131.2246292158961 351.7177430465817 0.2300398200750351 25.95788031071424 747.9243632480502 951.2416684404016 63.40726641565561 356.8677138388157 3391.826712474227 19672.359735623 40.56667362898588 3.356096275150776 8.122647240757942 348.9083180353045 0 0 38.30707575380802 5.839186616241932 618.1959593072534 2083.456748463213 335.9227612912655 114.3379159346223 8.411637216806412 0.9644677117466927 29.74657787382603 3.178033396601677
162.5599576160312 26.37190474569798 1294.129468120635 4612.446494050324 1.427288889884949 58.97377367317677 11416.78279185668 204.5613757930696 3703.969597093761 2889.072635784745 25.99228401482105 1696.951502948999 29.40305676311255 358.1383315101266 86.67307920753956 2789.778095602989 210.2000079452991 13.52727819234133 32.00826327502728 3268.713624477386 5046.585800118744 386.1950038745999 2950.339546971023 9118.121415369213 43.42056010663509 533.7642121240497 2039.427689321339 16306.99305830151 1502.208030186594 8935.104543104768 7.771258741617203 8.084472566843033 451.9259798675776 933.2221093326807 277.7419957891107 6299.851080358028 716.4870677888393 3010.012665897608 1206.630256667733 920.974117718637 163.1999280750751 32.44196374714375 53.55314891040325 35.55235999822617 2.834013625979424 13.15633339434862 124.2352730706334 0 4.402981389313936 231.4799275398254 24.32860764116049 712.1494691297412 254.689038708806 9.972712337970734 84.65311531722546 9.564238585531712 72.53412529826164 0.3792636096477509 484.5792635604739 2.935254670679569 2.970303200185299 1.943082839250565 84.50916630774736 244.4945298656821 120.706260971725 81.17565281689167 2241.985089153051 1.951558835804462 13.11832987517118 159.6572554707527 2420.891741260886 220.5912313610315 222.8985975459218 0.6800969541072845 0.5255507975816727 14.76325745880604 39.48121293634176 20.0087928622961 703.0859969779849 22.63957873731852 238.8510439172387 61.91629842668772 187.3787552937865 30.735360853374 7.838209100067616 6.013914585113525
4860.21553619206 0.9486744701862335 30.10655668377876 60.57405675202608 574.5510083213449 238.0932593159378 2363.339205309749 890.2342218309641 50.66560116410255 818.8612386099994 585.0555998533964 364.4110448807478 110.2727649211884 5518.49291177839 34.30192897468805 0.9435042515397072 231.6012082323432 236.5455430746078 218.7359225153923 170.6867809779942 85.74170678853989 1.400644838809967 77.42229930311441 289.7228936776519 7.510062232613564 264.4380602389574 152.1962497681379 1502.208030186594 21082.64391569793 6159.320395652205 69.8973091468215 956.626092299819 3352.246538676322 5549.038912713528 30.65966084599495 407.6060188040137 92.2376506254077 3216.519181091338 279.5611925646663 232.510659173131 237.7058195099235 17.70327349752188 9.775982297956944 0.463100828230381 0.8770836889743805 0.597341425716877 0.8501183018088341 0 0 3.138876810669899 0.4145993292331696 6.159345522522926 2.514604672789574 0.9413271024823189 0.6081107184290886 2.487849988043308 1.095533341169357 0 1.403079494833946 0 0.1898619681596756 0.8281542584300041 0.4900123402476311 0.449374757707119 0.2325864061713219 0 27.50290469825268 0.5324831083416939 3.936591379344463 8.955534122884274 36.35978864878416 3.118580356240273 1.111428432166576 0.7221594750881195 0 0.3154419288039207 0.262293241918087 1.243831545114517 15.36806697398424 4.263898223638535 6.068515349179506 1.776659868657589 1.866117782890797 0.5935939252376556 2.175132595002651 0
