484.5444100499153 0.1137456446886063 14.0761196538806 1.161853678524494 1.306806728243828 15.91807815432549 1482.553666457534 347.0046169608831 7.519126027822495 21.54785607755184 1.146093599498272 0.1901271268725395 0.1320063918828964 3325.464380301535 0.1860363185405731 0.8429493755102158 37.5290540009737 0.7664385437965393 4.077706441283226 0.1920276433229446 51.03268709778786 0 83.17502221465111 65.57074633985758 0 15.93481720983982 3.85387098044157 36.7790932059288 3248.067787624896 1565.741327784956 0.1319169774651527 52.22645927965641 64.72638235241175 55.36327486485243 0.1687597185373306 36.70850507169962 0.290540836751461 36.35457404702902 8.269323572516441 2.983752682805061 4.284233182668686 0 0.9143452644348145 0 0 0 0 0 0 0.7922959253191948 0.0865318775177002 0.2573574706912041 0 0 0 0 0.09918556362390518 0 0 0 0 0 0 0 0 0 5.936874240636826 0 0 0.3185537606477737 6.107094749808311 1.49605879932642 0.2143792510032654 0 0 0 0.110938273370266 0 2.679481640458107 0 1.062902927398682 0 0 0 0 0
0.1137456446886063 166.2865120172501 466.2264819890261 0 0 0.6810242980718613 4.001350447535515 1.030413910746574 507.4975259527564 0.4324676692485809 174.0410216972232 1.373668365180492 982.4142086729407 0.2526816725730896 2.619152650237083 234.0279566347599 104.2142750322819 6.117254555225372 57.19130609184504 0 14.57143594324589 3986.335344389081 50.94298057258129 1118.927787944674 1992.951752275229 973.719151802361 4194.950853817165 23.98097996413708 3.860969290137291 1.055255688726902 71.37141697108746 0.2697780877351761 0.1614064872264862 131.8619971126318 0.745829313993454 113.9920714497566 161.5032718554139 140.1370878070593 53.80654633790255 1.841388069093227 0.9852131605148315 150.3766415715218 1.785035610198975 0.2562735825777054 57.95395229756832 352.4246518462896 0 0 0 1.766990751028061 0.2102583795785904 8.462238967418671 0 0.8414432257413864 0 10.85979584604502 0.3309913277626038 0 45.95941790938377 22.67722905427217 4.112095348536968 23.93913972377777 0 1.256647065281868 110.620587863028 54.48914431780577 9.784958399832249 107.7817238792777 254.9206217378378 2515.536379761994 2.644743859767914 0.6261284425854683 0.6882913038134575 0.3125194311141968 0 0 6.306132279336452 0.3223772495985031 53.74777793139219 31.59429854899645 25.90352011471987 9.115087702870369 0.803277850151062 0.1189046502113342 4.078856945037842 0.1874639987945557
14.0761196538806 466.2264819890261 2616.091947153211 0.1754429191350937 0 9.651233486831188 1313.486675538123 305.9856389313936 6.556799381971359 11.96757308393717 4.526626974344254 0 4.98630665242672 127.1994914188981 0 13.33788708597422 1516.614575393498 4.279908388853073 34.83600165694952 0 295.1554004698992 57.86625473201275 8769.603704668581 68.43775775283575 3.708184644579887 6282.568391367793 6777.249833576381 773.7259439527988 53.59450551867485 310.1170202493668 2.095660991966724 4.005577966570854 4.194716304540634 57.67620645463467 2.79768793284893 630.9950724095106 5395.961743190885 199.365241073072 128.9313869252801 8.729804843664169 1.594683140516281 0 2.635638490319252 0.311283566057682 79.1206536963582 826.6653833091259 0 0 0 11.28695826232433 1.304231867194176 0.8703453168272972 0.55870321393013 0.1338177621364594 0 0.1428789049386978 1.317078366875648 0.1230750158429146 45.71959679573774 7.998322814702988 0.09962892532348633 0.8200582712888718 0 2.571340382099152 27.29325988888741 417.6815522089601 9.506814077496529 0 27.52735187113285 2450.387989528477 20.05369275063276 5.215804070234299 1.17823476344347 0 0.06949833780527115 0.09571510553359985 3.150992557406425 0.8698269128799438 34.77329493314028 18.15889755636454 23.38642487674952 14.88043690472841 1.176779076457024 0.4928735494613647 0 1.154139623045921
1.161853678524494 0 0.1754429191350937 1691.138804763556 1.259369745850563 318.0787559822202 31.56459230929613 46.99305607378483 2224.484458468854 3597.78919313103 0.5111053436994553 2664.086604639888 0.07303941994905472 10.73101428151131 86.83126359432936 0.1223896592855453 0.08307843655347824 0.7148681730031967 0.6086168438196182 2962.947967916727 0.1078944057226181 0 0.1072287485003471 1017.801417835057 0 0.639160044491291 0.4254000708460808 406.7538897842169 58.09629016369581 0.8102225512266159 0 11.16583851724863 0.8008163422346115 29.01487864553928 3.284841254353523 301.5270741283894 1.546514391899109 72.33773782104254 18.7889009937644 220.5067526772618 24.89459330588579 0.6919634342193604 3.588877603411674 0 0 0 41.69020197540522 0 7.024640299379826 11.33228914439678 2.528314620256424 66.91154576838017 65.96557938307524 0.1377289146184921 20.08666814863682 0 0.7994323968887329 0 0 0 0 0 21.9115990921855 0 0 0 68.72342226654291 0 0 0.1806156039237976 68.29625731706619 0.5193840488791466 0.1384769380092621 0 0.5002367496490479 0 0.5446667075157166 0.3448431193828583 13.07003527134657 0 1.717663154006004 0.3426120281219482 28.4185022264719 0.4788928031921387 0 0
1.306806728243828 0 0 1.259369745850563 3.45428740978241 840.1940363720059 6.235412657260895 60.24629977345467 5.179809913039207 17.33123076707125 3.499396942555904 44.77396645396948 0.1825848072767258 8.462933510541916 795.8927361965179 0 0.3411850407719612 1.215061575174332 0.9115102216601372 2.890287414193153 0.3099303245544434 0 0.5027349516749382 5.671708323061466 0.2102386653423309 2.266607262194157 0.2296630069613457 2.405667290091515 10.37784268707037 3.155547857284546 0.09219415485858917 20.06545367836952 0.2213423550128937 66.09506880491972 1.581954479217529 58.07344567775726 1.520768821239471 97.40330013632774 36.71673650294542 1321.37163861841 59.34196447581053 1.669298157095909 3.470503017306328 0.0913710743188858 0 0 0 0 0 0.6335664987564087 0 0.4242776334285736 0.3550423383712769 0 0 0 0 0 0 0 0.09611688554286957 0 0 0 0 0 1.677394919097424 0 0 0 1.804718442261219 0.1035469844937325 0 0 0 0 0 0 0.1418398767709732 0 0 0 0 0 0 0
15.91807815432549 0.6810242980718613 9.651233486831188 318.0787559822202 840.1940363720059 11069.13175103441 1379.482426665723 7076.516776204109 194.7582098171115 8204.961487639695 40.36272806674242 2743.006962940097 3.49787400662899 431.4321981817484 1690.044445559382 0.1521109938621521 7.253942172974348 25.81292388960719 27.08752635866404 439.1332533508539 4.792815059423447 0.104713186621666 23.05050545930862 734.332547083497 1.20881949365139 36.91411973536015 9.411777876317501 1533.257564097643 807.6667358577251 41.74055181071162 2.946347940713167 834.5736928470433 3.471784703433514 785.1707890108228 4.046542055904865 456.122861161828 11.94616294652224 539.2294174693525 88.82217856496572 2710.564596060663 495.2248124182224 3.224229224026203 10.00941403210163 0.4868091568350792 0.1113747283816338 1.306834816932678 12.99773773550987 0 2.957298643887043 10.84116711467505 2.200838394463062 27.42829663306475 23.09782311320305 0.6111355572938919 5.249381057918072 0.3952772319316864 1.852030508220196 0 0.1146906092762947 0 0.1741378754377365 0.189723014831543 3.870665729045868 0.143834188580513 0 0 48.5121955871582 0 0.42311991751194 0.8129561021924019 51.04129829257727 2.771029032766819 0.510171078145504 0.1151223629713058 0.333303302526474 0 0.8625472784042358 0 4.826541274785995 0 1.002423495054245 0.1413648724555969 13.32196652889252 0 0 0.1920643448829651
1482.553666457534 4.001350447535515 1313.486675538123 31.56459230929613 6.235412657260895 1379.482426665723 10293.15740441531 3789.9542979002 650.8499781116843 5139.137889482081 47.86118891835213 8.960736393928528 17.88214775174856 5267.457538075745 6.260114446282387 45.57232593744993 126.779244363308 13.78407605737448 13.16667678207159 4.698745056986809 401.4280389770865 24.50256562978029 1979.896323487163 3384.322372719646 15.0446702092886 335.8455079942942 139.6164404898882 14001.94545923173 2216.48791731894 6233.339018315077 4.358090434223413 86.74121071398258 143.7650418132544 450.1845277026296 47.11660981178284 2137.552659258246 109.724306859076 1028.030115731061 394.8670625984669 223.0815139040351 239.7360959425569 5.705996960401535 50.21954249590635 3.50828792899847 0.5591293051838875 7.486821971833706 21.7791570276022 0.2732242196798325 13.02304941415787 85.27331027388573 27.07249049842358 153.1489957869053 52.66127883642912 0.6782114654779434 1.386228859424591 0 22.80490210652351 0.2828545272350311 7.186900682747364 0.4104747697710991 0.495757170021534 0.4846718981862068 13.95256777852774 0.2808002829551697 1.7310855910182 6.657457627356052 514.5373443737626 0 1.568230226635933 25.60581029951572 468.3249530121684 64.06951243430376 11.15922080725431 0.2070280760526657 3.0551533177495 3.013217188417912 13.36479320377111 2.009348973631859 54.17033943533897 1.983122162520885 19.1515274271369 7.67293556034565 72.07556083798409 3.262849040329456 0 1.660801097750664
347.0046169608831 1.030413910746574 305.9856389313936 46.99305607378483 60.24629977345467 7076.516776204109 3789.9542979002 12198.58614436537 135.7601808160543 3935.100217219442 44.57677570357919 508.9912034869194 5.925806276500225 5183.612012799829 89.31324604153633 1.243639178574085 234.4315205514431 20.12155779078603 50.76121758669615 102.8447945192456 219.0981184542179 1.709271371364594 866.9042769819498 528.1278352588415 2.801261216402054 160.7490190640092 26.14558374136686 277.0310063846409 749.9577825516462 1650.229841426015 1.976293254643679 700.1063322946429 16.18014150857925 840.1131388098001 5.911372467875481 277.4861257970333 11.18106602877378 407.3733117952943 77.95163258910179 247.6409360393882 73.64663538336754 0.8202330023050308 4.813720785081387 0.9215241223573685 0.1713662594556808 1.096286758780479 6.089604616165161 0 2.714974641799927 22.17444702237844 4.438945323228836 23.13472628593445 8.657195553183556 0.1021451577544212 0.6630588918924332 0.08969748765230179 4.926722556352615 0.8297722041606903 0.9378132671117783 0 0.1717534512281418 0.1828440800309181 3.650224350392818 0 0.2205456346273422 0.5016763135790825 107.1729227304459 0.1443068385124207 0.6383582502603531 4.39763917773962 114.531799890101 15.04508868604898 2.572471104562283 0 0 0.5395490303635597 2.427678130567074 0 14.65202496945858 0.2844944894313812 5.774536654353142 0.4291172549128532 9.857829481363297 0.8676880896091461 0 0
7.519126027822495 507.4975259527564 6.556799381971359 2224.484458468854 5.179809913039207 194.7582098171115 650.8499781116843 135.7601808160543 657.1200886145234 2618.729170911014 2.983434446156025 419.0723475962877 3.23860064893961 26.45337154716253 138.8414144515991 57.60764809697866 2.470598228275776 1.465420931577682 2.117883428931236 1304.948850110173 12.00173338502645 1999.433914385736 7.976404681801796 10156.74016666412 22.78459607809782 15.87967300415039 87.69623412936926 1983.840356446803 115.0453028455377 72.57429986447096 0.1759846433997154 26.60673150420189 5.952061712741852 66.60003937780857 1.538118839263916 219.179826579988 7.140711799263954 123.7329599708319 15.05069054663181 287.5509931370616 20.94350972026587 0.5186809301376343 2.898774445056915 14.42175100743771 0.1230393126606941 2.044981025159359 381.1718444079161 0.2647047936916351 76.00732156634331 134.5382642373443 43.81319756805897 265.5976465642452 745.2971724569798 1.506444588303566 77.03948343545198 0.08730573207139969 41.49434661120176 3.550572901964188 57.59101377427578 0 0.399871326982975 0.8995796069502831 228.7436108291149 1.081610947847366 6.141031615436077 1.512965746223927 2043.438639193773 0.2142811119556427 0.9949997216463089 1.196714855730534 1071.683697380126 200.488749884069 67.3841136097908 0.08726929128170013 3.439836002886295 15.7609910145402 30.2987260222435 3.59559765458107 103.0867300927639 5.18198162317276 41.85627420991659 18.88094312697649 189.5201825946569 5.154861718416214 0 1.748940259218216
21.54785607755184 0.4324676692485809 11.96757308393717 3597.78919313103 17.33123076707125 8204.961487639695 5139.137889482081 3935.100217219442 2618.729170911014 13809.04182050377 22.2129344008863 6716.661717638373 3.05607445910573 1122.360578104854 150.0114918872714 1.66569285094738 3.755298614501953 15.43134558573365 19.73007696121931 4195.907109498978 2.746955811977386 0.679455079138279 16.59958856552839 2046.718628913164 1.173712752759457 27.19141759723425 9.691311277449131 6808.728040330112 1314.902099713683 16.27306216955185 1.512169186025858 307.1471973285079 16.82162706553936 601.3901612907648 18.5833333581686 2709.090197525918 47.4035317376256 1266.284043617547 184.4413708001375 576.2074549943209 318.2339801713824 8.042146660387516 46.55088812857866 0.5692155361175537 0 1.391951620578766 127.9059154093266 0.3973876237869263 25.86485911160707 66.32967222481966 20.85787209123373 245.7689754515886 271.7859419956803 0.4533890634775162 97.06729839742184 0 11.71093489229679 2.106270611286163 1.209087297320366 0 0.5925481095910072 0.1372075080871582 101.9933742955327 0.8752310276031494 0 0.3075258731842041 321.064274571836 0.105893649160862 0.1633547246456146 0.6831487044692039 301.2357745543122 7.442733153700829 0.5168922320008278 0 1.894819460809231 0.198268435895443 5.986764274537563 0.1298163533210754 29.86287490278482 0.4137483686208725 8.080585822463036 4.098813220858574 112.0893977209926 0.4140928238630295 0 0.5225545763969421
1.146093599498272 174.0410216972232 4.526626974344254 0.5111053436994553 3.499396942555904 40.36272806674242 47.86118891835213 44.57677570357919 2.983434446156025 22.2129344008863 7754.034231744707 7.697783801704645 4275.865482896566 6.282825235277414 0.09622418135404587 2.926753610372543 153.9476475715637 3544.12040476501 1174.787477992475 2.165234766900539 7.764126531779766 9.994585290551186 36.91617129743099 6.484017930924892 779.1653964370489 1473.202569954097 459.7601504474878 3.981261596083641 125.4430095255375 7.077036447823048 633.3025308847427 18.63068322837353 1.254665963351727 3805.755032986403 11.98739920556545 397.9463920742273 3611.30009625107 4451.532316714525 939.2008039802313 85.10124695301056 41.41896698623896 801.0391290634871 11.06407041102648 0 2.742351725697517 1.218315243721008 0.1448574662208557 0 0 0.3454364314675331 0 0.3751538470387459 0.6393136605620384 137.6534613221884 0 622.1975282281637 0.08152610808610916 0 0 0.4185931459069252 20.0555502846837 6.75578335672617 0 0 0.3280200585722923 0 2.192684277892113 352.0331799685955 167.7863690704107 347.4490571916103 1.166048154234886 0 0 62.58185733109713 0.08043201267719269 0 1.286142870783806 2.00498765707016 4.08103858679533 396.3341843336821 2.932533748447895 0.3859703615307808 0.3177840039134026 0 8.894700281322002 0
0.1901271268725395 1.373668365180492 0 2664.086604639888 44.77396645396948 2743.006962940097 8.960736393928528 508.9912034869194 419.0723475962877 6716.661717638373 7.697783801704645 7307.256048105657 1.45547941327095 51.91657403856516 2054.608366988599 0 1.240828938782215 4.880257271230221 5.646722130477428 4959.327360652387 0.3295635208487511 8.661870613694191 0.5786530897021294 224.6681167408824 0.563183419406414 6.586382515728474 2.267567187547684 143.0197093039751 213.1747642308474 0.1579460948705673 0.4732912555336952 129.2313364185393 0.1220841035246849 100.5291905030608 0.3468481004238129 694.4861347675323 3.336208045482635 171.1293725892901 13.0366387963295 1924.587433204055 26.57628603279591 0.9555336982011795 1.596012599766254 0 0.07500868290662766 0 110.6030119210482 0 19.45937929302454 4.921840265393257 4.534323558211327 62.55369320511818 231.0799369961023 0.1614527925848961 343.6757788360119 0 1.580982744693756 9.740941077470779 0 0 0.07553063333034515 0 133.3473110720515 0 0 0 18.11681047827005 0.09014234691858292 0 0.1145914942026138 23.88758739829063 0.5152192860841751 0 0 0.374716155230999 0 0.2972836121916771 0.7355080842971802 8.027003780007362 0 2.064470440149307 0.5685514211654663 58.70666774362326 0 0 0.1048091426491737
0.1320063918828964 982.4142086729407 4.98630665242672 0.07303941994905472 0.1825848072767258 3.49787400662899 17.88214775174856 5.925806276500225 3.23860064893961 3.05607445910573 4275.865482896566 1.45547941327095 3416.373416535556 0.4940536506474018 0 31.9504019767046 4.615086361765862 7.529547959566116 4.824182346463203 0.763653963804245 15.06510034948587 60.29264998435974 18.46197843551636 9.272326059639454 3939.844352371991 519.8347198292613 2260.819382242858 10.27364337444305 14.07362948358059 11.80279459804296 656.8979846090078 1.621664151549339 0.7217811197042465 1155.942292355001 2.840653941035271 824.4171690270305 4688.871400021017 2537.288618646562 626.7959146499634 124.7012647911906 22.98993664234877 1176.826686866581 1.04183404147625 0.09739801287651062 10.15728003531694 1.735896892845631 0 0 0 0.2168149128556252 0.2982584983110428 0.08688143640756607 0 392.3580700457096 0 1787.62036883086 0.06809752434492111 0 0.2259651497006416 1.744658194482327 48.69968421757221 15.66041743755341 0 0 0.3154261708259583 0.316459983587265 0.5846542343497276 1395.429070077837 424.0906413346529 851.2964945733547 0.2642440795898438 0.3080418705940247 0.3231755867600441 141.1898811608553 0 0 3.699305817484856 0.1935668736696243 75.16009781509638 1092.034787014127 10.246597006917 2.402708895504475 0.1368882805109024 0 30.62872351706028 0.1924439445137978
3325.464380301535 0.2526816725730896 127.1994914188981 10.73101428151131 8.462933510541916 431.4321981817484 5267.457538075745 5183.612012799829 26.45337154716253 1122.360578104854 6.282825235277414 51.91657403856516 0.4940536506474018 7488.720236025751 2.413570567965508 0.9996643513441086 186.3545998781919 3.930730201303959 22.97706727683544 19.03180691599846 216.1280220001936 0.2016861736774445 544.4038917794824 172.2480739876628 0.2449930012226105 90.57647817581892 18.23618752509356 93.94333551079035 5306.671354629099 2991.048723340034 0.3547239676117897 622.0861958414316 59.33450220525265 119.2320365346968 2.726519286632538 138.2295314818621 6.146665573120117 97.4228133931756 20.74952831864357 29.65578390657902 12.34502752125263 0.09352484345436096 3.976441457867622 0.466615617275238 0 0.1848095208406448 0.9475400298833847 0 0.8669587969779968 3.723699755966663 1.497074209153652 5.209159307181835 1.322417162358761 0 0.5712618827819824 0 1.117735140025616 0 0.3653472512960434 0 0 0.2420182675123215 0.3028845191001892 0 0 0.09421327710151672 27.98784470558167 0 0.4649720266461372 1.83850372582674 30.43111472576857 6.641063585877419 0.7901610732078552 0 0.09598192572593689 0.7114267125725746 0.3778334558010101 0 4.550283618271351 0.129995122551918 1.361753836274147 0.06679049879312515 1.955238126218319 0 0 0
0.1860363185405731 2.619152650237083 0 86.83126359432936 795.8927361965179 1690.044445559382 6.260114446282387 89.31324604153633 138.8414144515991 150.0114918872714 0.09622418135404587 2054.608366988599 0 2.413570567965508 445.1891619116068 0 0.1030445843935013 0 0.3391754627227783 335.6728753745556 0 9.828404292464256 0 466.1615504994988 0 0.2864237055182457 0.3076649606227875 15.35388414561749 4.660545714199543 0 0 8.532535761594772 0 1.827171541750431 0 22.33696707338095 0 3.108233012259007 0 722.8985847905278 7.335432507097721 0 0 0 0 0 0.4933341145515442 0 0 0 0 0 0 0 0.711938887834549 0 0 0 0.1666146069765091 0 0 0 0.1256904453039169 0 0 0 1.226015463471413 0 0 0 1.765697658061981 0 0 0 0 0 0 0 0.3841097354888916 0 0 0 0.5198347568511963 0 0 0.818707287311554
0.8429493755102158 234.0279566347599 13.33788708597422 0.1223896592855453 0 0.1521109938621521 45.57232593744993 1.243639178574085 57.60764809697866 1.66569285094738 2.926753610372543 0 31.9504019767046 0.9996643513441086 0 2666.603086292744 22.5106615498662 0.6141346469521523 4.850066728889942 0 5992.358434960246 2447.252358816564 5068.289486147463 1715.610970176756 8.44905698299408 12.93766205012798 3767.111869454384 2873.091271787882 10.45106784999371 275.1327644437551 0.5321789756417274 0.5159079805016518 7.768753327429295 420.6522732973099 23.88547980040312 2378.158324509859 1106.622690781951 1209.942643821239 1324.876437678933 40.57549032568932 3.794008255004883 16.82241611927748 23.75910786539316 1.689588971436024 3.36922650039196 2.197536706924438 0 0 0.4146902933716774 7.857854813337326 1.770920984447002 14.56192743033171 0.7998470440506935 0 0 14.38952469825745 2.605160914361477 0 4239.739474758506 0.1073246225714684 0 0 0 435.8405836448073 737.9507898017764 658.529530569911 396.8208435326815 0 0.8645748943090439 227.0334054529667 500.8751332163811 36.89621529728174 92.57132574170828 0 0.1288987398147583 5.471765793859959 20.39958050101995 3.371653065085411 54.22267663478851 6.014388099312782 21.25191298872232 7.718984968960285 2.964718669652939 0.4225340485572815 0 0.7475300878286362
37.5290540009737 104.2142750322819 1516.614575393498 0.08307843655347824 0.3411850407719612 7.253942172974348 126.779244363308 234.4315205514431 2.470598228275776 3.755298614501953 153.9476475715637 1.240828938782215 4.615086361765862 186.3545998781919 0.1030445843935013 22.5106615498662 1967.292313180864 604.6865913644433 2135.485431008041 0.3418002501130104 1454.237467929721 14.28411815315485 4582.812321782112 11.89346084743738 2.344780460000038 3721.143997292966 6434.638388387859 72.67982129752636 296.0103871822357 692.7743236497045 2.081342168152332 12.19389552623034 20.28502079099417 1570.976893775165 21.4003931209445 2399.286047421396 1730.802141182125 2191.237560026348 843.8848618194461 13.39680252224207 4.059129513800144 2.792014114558697 11.65406787395477 0.09311889857053757 34.07675185799599 346.9367815628648 0 0 0 0.9357900992035866 0.6313444152474403 0.1285681873559952 0.06998168677091599 0.08950024843215942 0 0.2315265685319901 0.2683396637439728 0 1.086363464593887 25.36851826310158 1.427085340023041 13.3592876419425 0 0.4795809984207153 2.661677211523056 13.39252204447985 3.154253646731377 1.328598901629448 173.9905150607228 744.7292280867696 5.518278695642948 1.075782306492329 0.4726459681987762 0 0 0 2.976822540163994 1.03369665145874 32.25931712239981 33.99351671338081 15.78947976231575 4.11602770537138 0.1003587245941162 0.2022593915462494 0 0.8864673525094986
0.7664385437965393 6.117254555225372 4.279908388853073 0.7148681730031967 1.215061575174332 25.81292388960719 13.78407605737448 20.12155779078603 1.465420931577682 15.43134558573365 3544.12040476501 4.880257271230221 7.529547959566116 3.930730201303959 0 0.6141346469521523 604.6865913644433 983.1303796246648 1581.13850235939 1.397323593497276 5.20490437746048 0.3263443261384964 18.6117619946599 3.836525641381741 1.436145201325417 484.4692182540894 57.17987924069166 2.581161439418793 62.87684482708573 7.378403224050999 5.159644275903702 7.051083870232105 0.7932322695851326 1429.501411408186 2.986359365284443 272.7310278192163 742.9782438725233 1089.211928430945 247.1639030650258 29.2959351465106 1.077294692397118 8.627516068518162 2.362428203225136 0 1.772339299321175 3.065985292196274 0.09217457473278046 0 0 0.1930020600557327 0 0 0 12.42701029777527 0 42.87200625240803 0 0 0 0.924403078854084 9.200012505054474 8.663035847246647 0 0 0.171930342912674 0 0.9594837203621864 16.28516937047243 100.4818756580353 131.5143157690763 0.3662861064076424 0.241968110203743 0.1050332486629486 9.769365020096302 0 0 0.8940074667334557 0.8036120533943176 3.577053099870682 71.87899284809828 3.865792408585548 0.6804297789931297 0 0 0 0
4.077706441283226 57.19130609184504 34.83600165694952 0.6086168438196182 0.9115102216601372 27.08752635866404 13.16667678207159 50.76121758669615 2.117883428931236 19.73007696121931 1174.787477992475 5.646722130477428 4.824182346463203 22.97706727683544 0.3391754627227783 4.850066728889942 2135.485431008041 1581.13850235939 698.3808596208692 1.451803706586361 62.11063673347235 8.327342249453068 216.0539717450738 9.225032366812229 6.195783503353596 1742.37025244534 705.9972860589623 10.04414547234774 157.1252092942595 74.72262021154165 3.005259409546852 11.11140167713165 2.118914388120174 3179.134290792048 9.044352866709232 1080.310896351933 1020.577254511416 2046.763979591429 504.987010769546 26.66161941736937 1.400856420397758 2.089096568524837 7.658758096396923 0 17.98265618830919 33.57118961960077 0.1894882023334503 0 0.1061898022890091 0.3826007097959518 0 0.1370823532342911 0.1983239948749542 1.075132638216019 0 3.613723166286945 0 0 0.5511402189731598 19.84120321273804 5.040856830775738 35.5494315251708 0 0 0.3775972276926041 1.591541156172752 1.456089183688164 10.8552049472928 249.7840715944767 303.2778564170003 1.996416553854942 0.3332230672240257 0.09421407431364059 0.9271188303828239 0 0 3.370964370667934 2.939840823411942 29.3799601867795 78.41383670270443 17.80594365298748 3.508165560662746 1.2649165391922 0 0.2529477775096893 0.3157539069652557
0.1920276433229446 0 0 2962.947967916727 2.890287414193153 439.1332533508539 4.698745056986809 102.8447945192456 1304.948850110173 4195.907109498978 2.165234766900539 4959.327360652387 0.763653963804245 19.03180691599846 335.6728753745556 0 0.3418002501130104 1.397323593497276 1.451803706586361 419.4726789295673 0.09401179105043411 0 0 170.3025243356824 0.2834203392267227 2.392882525920868 1.013136558234692 958.6985237672925 70.29038708657026 0.4846154376864433 0.0725092813372612 30.71658276021481 0.1248309314250946 37.37652678787708 0.211427241563797 365.1490986645222 2.274596154689789 81.39527802914381 7.614660747349262 624.3469130918384 16.32312051951885 0 2.417860761284828 0 0 0.37154221534729 34.97515399008989 0 4.219574116170406 17.84403918683529 0.5049711465835571 70.71582486480474 65.98009889572859 0 19.76276502013206 0 1.748711764812469 0 0 0 0.2548511996865273 0 24.72577959299088 0 1.386411547660828 0.09862859547138214 54.48610047250986 0 0 0 43.05805482715368 0.6874770447611809 0 0 0.1169551983475685 0 0.5163734555244446 0 12.68078202009201 0.2106216698884964 0.785730853676796 2.105635166168213 27.66735830903053 0.1297644525766373 0 0
51.03268709778786 14.57143594324589 295.1554004698992 0.1078944057226181 0.3099303245544434 4.792815059423447 401.4280389770865 219.0981184542179 12.00173338502645 2.746955811977386 7.764126531779766 0.3295635208487511 15.06510034948587 216.1280220001936 0 5992.358434960246 1454.237467929721 5.20490437746048 62.11063673347235 0.09401179105043411 11861.73218988627 260.6077683195472 10987.73343952 200.484143614769 1.631480284035206 62.21299765259027 585.1934537664056 4196.294721998274 419.464786618948 8930.302340641618 0.2447229772806168 8.849872827529907 72.00555703788996 3116.26429393515 35.34967245906591 4579.779310442507 1016.227548912168 4389.601822271943 2767.220477111638 59.64458350092173 11.05698820948601 12.36979043483734 35.1680211275816 0.611978217959404 0.2706407904624939 7.406312569975853 0 0.1220013424754143 0.2049470916390419 2.880372889339924 0.1086646765470505 3.565657883882523 0.0971529483795166 0 0 1.506236672401428 1.631553873419762 0 714.9233927428722 0.2460481375455856 0 0 0 215.779334358871 59.64141593873501 23.79705353826284 177.4184689447284 0.113596998155117 1.378530457615852 21.99131315946579 280.6295954063535 11.84419246762991 61.92018032819033 0 0 2.946356818079948 15.67894791066647 2.367584869265556 22.95933611690998 5.525214806199074 13.68735755980015 7.324254125356674 1.528668075799942 0.3363159149885178 1.973566770553589 0
0 3986.335344389081 57.86625473201275 0 0 0.104713186621666 24.50256562978029 1.709271371364594 1999.433914385736 0.679455079138279 9.994585290551186 8.661870613694191 60.29264998435974 0.2016861736774445 9.828404292464256 2447.252358816564 14.28411815315485 0.3263443261384964 8.327342249453068 0 260.6077683195472 1317.327525019646 214.9247843325138 6967.458110719919 245.5064247250557 129.5651637464762 1979.363524533808 439.3528202101588 6.605883486568928 67.05240198224783 6.351168781518936 0.3910912424325943 11.04424177855253 55.14795894175768 0.9414875060319901 84.83609640598297 18.11004485189915 44.47936038672924 22.25713488459587 16.89728087186813 0.4591481760144234 8.508930802345276 1.073423251509666 0.6321487203240395 84.17447590827942 25.61734259873629 0.2015787065029144 0 0.2613773122429848 6.162490852177143 1.839074835181236 52.81627291440964 0.2581314668059349 0 0 0.840081512928009 1.18280328810215 0.9533789753913879 1399.861450478435 0.4420247673988342 0.2675679698586464 0.6844713091850281 0 129.6389804109931 319.2265829518437 241.3365336582065 505.886290512979 17.96707185357809 7.004177451133728 582.680985994637 374.0217256993055 35.09852226823568 83.02876249700785 0 0.1221309155225754 10.55836676806211 22.61458583176136 3.410730987787247 46.14655081927776 8.073101475834846 25.17238570004702 16.24017408490181 1.303640678524971 1.814118236303329 0 1.403603941202164
83.17502221465111 50.94298057258129 8769.603704668581 0.1072287485003471 0.5027349516749382 23.05050545930862 1979.896323487163 866.9042769819498 7.976404681801796 16.59958856552839 36.91617129743099 0.5786530897021294 18.46197843551636 544.4038917794824 0 5068.289486147463 4582.812321782112 18.6117619946599 216.0539717450738 0 10987.73343952 214.9247843325138 21457.67769854516 265.5412382110953 5.029360517859459 2271.950568385422 14225.44638885558 4176.793623059988 471.7364372834563 3809.334140557796 1.734466768801212 21.67783796042204 41.73929107934237 2674.865829758346 101.9244299009442 7122.621861033142 5254.014413878322 8684.020398199558 5602.185097023845 201.0960730388761 26.96221271157265 28.73792874068022 64.67533465474844 0.4998865351080894 4.152660667896271 54.94009624421597 0 0 0.08426982909440994 3.032983280718327 1.738396301865578 2.679598353803158 0.5048379004001617 0.24294164031744 0 0.4561732709407806 0.5573281049728394 0.1260009258985519 689.2080447524786 1.949934802949429 0 0.09543502330780029 0 95.40391344577074 120.2385582104325 264.7056029438972 51.58417866379023 0 4.568332478404045 567.4329457730055 99.60962773859501 5.978855408728123 11.97598836570978 0 0 0.6268459111452103 4.894738540053368 2.721261382102966 15.48115155100822 2.345481038093567 7.623076304793358 3.107410915195942 0.6915231868624687 0.1254311203956604 0 0
65.57074633985758 1118.927787944674 68.43775775283575 1017.801417835057 5.671708323061466 734.332547083497 3384.322372719646 528.1278352588415 10156.74016666412 2046.718628913164 6.484017930924892 224.6681167408824 9.272326059639454 172.2480739876628 466.1615504994988 1715.610970176756 11.89346084743738 3.836525641381741 9.225032366812229 170.3025243356824 200.484143614769 6967.458110719919 265.5412382110953 10805.52836983651 43.75781416893005 59.83472882211208 659.5342803373933 12555.81041936576 1120.254029870033 535.1780867278576 1.96483887732029 101.433455683291 268.0431767478585 719.0678547769785 56.05101089179516 2657.029579274356 57.06023698300123 860.7405514419079 337.4596465826035 1017.35068410635 117.2399440333247 6.368428699672222 47.97592386603355 26.18577595055103 0.5180354788899422 8.953733637928963 134.1973320171237 0.3241628706455231 47.00027784705162 293.2468799874187 91.98559337854385 1646.844323702157 236.9649557098746 5.252999279648066 25.0487971752882 0.06660415977239609 102.0139187276363 10.41484812647104 208.9097141548991 1.454960502684116 2.000060461461544 2.083136096596718 80.73629689216614 29.79739083349705 28.05641746520996 12.00652506947517 2599.897855564952 0.1035333722829819 4.581923060119152 14.15128434449434 2205.578071214259 408.9131587818265 121.9008160606027 0.09848527610301971 10.50879663974047 20.81857939809561 67.62219305336475 7.405984029173851 245.3697472587228 7.265538476407528 115.1992741078138 41.61561857163906 272.7379336953163 12.66786469519138 0.1478230357170105 4.14251521229744
0 1992.951752275229 3.708184644579887 0 0.2102386653423309 1.20881949365139 15.0446702092886 2.801261216402054 22.78459607809782 1.173712752759457 779.1653964370489 0.563183419406414 3939.844352371991 0.2449930012226105 0 8.44905698299408 2.344780460000038 1.436145201325417 6.195783503353596 0.2834203392267227 1.631480284035206 245.5064247250557 5.029360517859459 43.75781416893005 101.8793037831783 358.9504831805825 3268.745004780591 0.9414888843894005 3.824446305632591 0.3753224164247513 259.5524485707283 0.7700716853141785 0.1204070448875427 636.492352604866 1.344953000545502 98.98324367403984 1242.785906232893 1125.641612865031 269.635958775878 8.763146951794624 8.380854532122612 578.2000291794538 0.4594276398420334 0.1103979796171188 51.42606058716774 8.944631725549698 0 0 0 0.1492602825164795 0.1587237566709518 0 0 79.1785601451993 0 542.9240850880742 0.4347037822008133 0 0.3720004558563232 5.952717639505863 28.83466833084822 25.18879941850901 0 0.1459794640541077 0 1.952247723937035 0.3582705333828926 230.8196115121245 260.3555674627423 483.2652198672295 0.1171107292175293 0 0.2145316898822784 23.51394061744213 0 0 5.550906501710415 0 20.35725289583206 246.923549644649 11.54012330621481 1.30880831182003 0.2131319344043732 0 10.53340937197208 0
15.93481720983982 973.719151802361 6282.568391367793 0.639160044491291 2.266607262194157 36.91411973536015 335.8455079942942 160.7490190640092 15.87967300415039 27.19141759723425 1473.202569954097 6.586382515728474 519.8347198292613 90.57647817581892 0.2864237055182457 12.93766205012798 3721.143997292966 484.4692182540894 1742.37025244534 2.392882525920868 62.21299765259027 129.5651637464762 2271.950568385422 59.83472882211208 358.9504831805825 20151.3231228441 17091.81160058826 155.6554823368788 194.5534268841147 135.7033224068582 1118.108559422195 16.17824691906571 5.94802762567997 1562.372696936131 16.10469660907984 2205.925518661737 5469.377609267831 2771.710091821849 800.1887700557709 52.92226056754589 5.301591411232948 34.1894701346755 13.55082988739014 1.027339704334736 147.8210130408406 400.7688457965851 0.1172527298331261 0 0.2581160292029381 4.330369345843792 0.7342080250382423 1.224662162363529 0.5664168298244476 91.74971857666969 0.1618060246109962 347.4777379333973 1.659255720674992 0 1.932532787322998 88.71810468286276 136.0784488916397 217.3168220892549 0 0.9469298347830772 3.196668766438961 8.477094516158104 7.267062693834305 387.1433548629284 1928.419606342912 3153.916172832251 5.686928302049637 2.524232663214207 2.488557271659374 84.25251143425703 0 0 21.0848224312067 3.1622204631567 156.5331016853452 703.410220220685 107.6251030936837 22.12910272926092 1.2712577059865 0.7975512370467186 3.422282040119171 1.9043043628335
3.85387098044157 4194.950853817165 6777.249833576381 0.4254000708460808 0.2296630069613457 9.411777876317501 139.6164404898882 26.14558374136686 87.69623412936926 9.691311277449131 459.7601504474878 2.267567187547684 2260.819382242858 18.23618752509356 0.3076649606227875 3767.111869454384 6434.638388387859 57.17987924069166 705.9972860589623 1.013136558234692 585.1934537664056 1979.363524533808 14225.44638885558 659.5342803373933 3268.745004780591 17091.81160058826 26140.1068828553 783.9419542774558 77.17535854876041 95.06124060600996 1475.084940947592 3.391805857419968 4.137219049036503 2607.747158549726 105.121615678072 6374.630492381752 7478.39329636097 6232.619679704309 3144.929798007011 160.6874511092901 30.48180396109819 49.37147776037455 41.83608560264111 1.488591358065605 866.3624926060438 2195.106137774885 0.1284602135419846 0 0.1642889752984047 18.07021952420473 2.287804760038853 3.274463392794132 1.162165828049183 49.31357103586197 0 200.7971149086952 4.374892547726631 0 1308.875257603824 241.5113434121013 131.7774072811007 350.1529764160514 0 14.43452849239111 406.3670921549201 1317.899866960943 27.61859511584044 596.2609310597181 2956.661479234695 10738.95775891095 36.93708699941635 3.947619423270226 6.226084291934967 44.96704974025488 0 0.09153735637664795 41.50251853466034 7.513810507953167 378.8132121413946 710.8888176977634 239.7678442671895 81.63880069926381 3.122254885733128 0.4766195118427277 7.939473360776901 4.360691502690315
36.7790932059288 23.98097996413708 773.7259439527988 406.7538897842169 2.405667290091515 1533.257564097643 14001.94545923173 277.0310063846409 1983.840356446803 6808.728040330112 3.981261596083641 143.0197093039751 10.27364337444305 93.94333551079035 15.35388414561749 2873.091271787882 72.67982129752636 2.581161439418793 10.04414547234774 958.6985237672925 4196.294721998274 439.3528202101588 4176.793623059988 12555.81041936576 0.9414888843894005 155.6554823368788 783.9419542774558 21381.66051483899 748.3971002995968 7357.111512698233 0.6862797960639 38.64798907190561 178.4847894832492 805.2262901216745 39.2035885155201 2643.380160242319 130.5685045570135 947.3816588819027 564.9341614916921 207.9524148255587 107.5254977941513 6.184906348586082 30.73234959691763 18.93452476710081 0.5238089635968208 11.05711950361729 59.01990568637848 0.216878667473793 14.88010006397963 98.84874999523163 33.25865310430527 240.2959152236581 106.4032042846084 1.483679823577404 18.09530214220285 0 45.03023939579725 1.704136624932289 269.6381216049194 1.464274279773235 1.099596902728081 0.5931155979633331 42.17601747065783 47.6057431101799 21.39476319402456 12.26856890320778 1081.618412643671 0 1.082835711538792 21.62468560039997 1216.787944160402 269.8689966648817 99.24297467619181 0 4.321756914258003 19.46340174973011 45.04416090995073 5.376979850232601 160.5760474354029 9.438537992537022 62.04462780803442 25.83145149797201 88.52606156468391 7.321701712906361 0 3.008026845753193
3248.067787624896 3.860969290137291 53.59450551867485 58.09629016369581 10.37784268707037 807.6667358577251 2216.48791731894 749.9577825516462 115.0453028455377 1314.902099713683 125.4430095255375 213.1747642308474 14.07362948358059 5306.671354629099 4.660545714199543 10.45106784999371 296.0103871822357 62.87684482708573 157.1252092942595 70.29038708657026 419.464786618948 6.605883486568928 471.7364372834563 1120.254029870033 3.824446305632591 194.5534268841147 77.17535854876041 748.3971002995968 15286.27138821036 7135.985151097178 6.768072083592415 479.8360432721674 2256.380078919232 3562.045448642224 23.3330073133111 1241.880537424237 29.11929819732904 1870.263091865927 167.1273461505771 445.4733519479632 157.4047923535109 3.422085389494896 31.27351035177708 1.944499216973782 0.3378527984023094 1.290954813361168 2.332452930510044 0 1.029466859996319 14.09606682509184 4.66423024982214 21.45408717542887 9.616851188242435 0.2178827822208405 1.786677919328213 0.3108071237802505 4.055204048752785 0 5.71620749682188 0 0.1551277339458466 0.3815011158585548 0.515054777264595 0 0.2555519044399261 0.906703919172287 107.3845495209098 0.09095698595046997 2.325377263128757 7.218643195927143 126.5617931112647 25.057098954916 4.743774853646755 0 1.242201335728168 0.8548471927642822 5.943698331713676 2.715719521045685 15.96751641482115 1.030630372464657 5.120216712355614 1.640538558363914 13.77102097868919 0.8379344865679741 0 0.2002965211868286
