2851.175857916474 0 181.6627003625035 3.42150204628706 0.4346575066447258 27.02400122582912 3628.295351043344 1384.289028972387 1.458820268511772 121.3948378413916 53.48092890530825 4.747076168656349 0.3869360610842705 7505.921878673136 0.7829498425126076 0.2698208764195442 228.6472003832459 73.49522402882576 190.885862827301 14.45313660800457 37.60778868943453 0 413.9301218017936 37.95743782073259 0.1248865053057671 268.2257852181792 59.13235942274332 187.0560582429171 4764.740017011762 4196.514726743102 0.1218696907162666 3.510700277984142 105.9627429097891 227.3601672425866 0.6682185232639313 22.67148447781801 31.71960428357124 104.5209500342607 28.37938822805882 2.862966701388359 0.5363153070211411 0.18097323179245 0.4392441958189011 0 0 1.30222299695015 0.3266069293022156 0 0 0.7577244788408279 0 0.3829785287380219 0.1517844200134277 0 0 0 0 0 0.1709646433591843 0.1171458661556244 0 0.1191433966159821 0 0.1953408271074295 0 0.402502715587616 3.733925394713879 0 0.6770238429307938 2.482724972069263 3.887962706387043 0.1759773790836334 0 0 0 0 0 0 0.4846337884664536 0 0.6978718340396881 0.4148307889699936 1.547041311860085 0 0 0
0 125.6342104971409 1.488169446587563 0.1413788646459579 0.1543371975421906 0.08821757137775421 1.087372645735741 0.2737651616334915 793.9719444140792 0.2338030710816383 41.0659222304821 6.367767989635468 456.9732897281647 0 5.006025061011314 251.4255590215325 0.1580958515405655 1.315781742334366 5.933864273130894 0.9345563873648643 8.854398831725121 3143.80042078346 15.43832688033581 1148.568590894341 1871.310224294662 175.78313947469 2268.73988057673 19.35462279617786 0.9933223873376846 0.2718848884105682 19.87191244959831 0 0.1812185496091843 11.76719519495964 0 8.212527431547642 60.85246512293816 54.03323516994715 3.693541198968887 2.466048739850521 0.3183703720569611 251.6333113610744 0 0 238.9024780839682 22.99215045571327 0 0 0.1437466442584991 0.9588645473122597 0 1.771257728338242 0.1330340355634689 2.230687238276005 0 23.19872083514929 0 0 10.97885682433844 26.36710445582867 3.649375207722187 35.68550539016724 0 0.1288450062274933 79.45120875537395 5.892799451947212 11.3687793686986 29.7020710259676 144.9603117182851 1443.204972147942 2.061154372990131 0.1148754358291626 0.1299630701541901 4.128074139356613 0 0 4.742447093129158 0 25.65414419770241 25.44253138452768 32.24721897393465 7.563922092318535 0.2962011694908142 0 0.7403534650802612 0
181.6627003625035 1.488169446587563 6166.529261022806 1.262404568493366 3.221557140350342 364.547027155757 2233.561027467251 1494.828415438533 3.561250418424606 434.9839163124561 123.2102633118629 4.900589913129807 19.69871845841408 1431.432760491967 1.999737650156021 3.294407039880753 4448.772537618876 132.4108017906547 360.7297406420112 3.566314585506916 1648.430669724941 0.5171307101845741 18613.89462763071 20.56423842161894 3.371749512851238 10912.30114384741 4449.378652602434 845.0389372855425 164.0862034708261 766.6243791356683 2.428992375731468 11.85912281274796 7.485220864415169 1628.684323064983 52.69415155053139 3883.342439487576 2767.230174608529 5356.253986999393 1893.218852110207 52.63669761270285 5.242445953190327 98.13480049371719 12.8129603639245 0 39.81320717185736 406.6783106550574 0 0 0.3122995495796204 7.879395097494125 1.134453371167183 0.7399388551712036 0.6019883528351784 2.160601571202278 0 4.873982362449169 1.199178092181683 0 38.2837195545435 188.6823927164078 3.384138241410255 20.10088876634836 0 2.822300270199776 20.48521473258734 131.0524974092841 34.23423690348864 5.353413835167885 178.7802563384175 2096.344007238746 16.58918312191963 0.8823416233062744 1.367787703871727 1.429277896881104 0 0 21.63279027491808 5.288627244532108 109.1750327199697 36.29433630406857 106.7787846252322 45.8470109179616 1.222589403390884 0 0 0.7100089937448502
3.42150204628706 0.1413788646459579 1.262404568493366 2758.42068631202 9.89364155381918 38.73266939818859 59.25412774831057 65.22466424107552 368.624634347856 2296.832571491599 6.486516118049622 5360.27520480752 0.6058748811483383 53.70690851658583 106.3357251137495 0.3645163625478745 0.2799717858433723 0.865866094827652 1.649954684078693 4715.803282789886 0.9295794069766998 0.5699187517166138 0 2583.055252552032 0.08128491044044495 1.837354831397533 2.917864248156548 4511.969946227968 44.12157770246267 0.8909231275320053 0.09101471304893494 4.399950571358204 0.4516368955373764 20.88881551474333 2.068293690681458 281.7051542773843 1.16621083766222 73.58125346153975 20.64763583987951 210.3823547363281 4.960647866129875 0.2416550666093826 2.237104967236519 0.3403644263744354 0 0.2728644013404846 76.93000889569521 0.4338524714112282 0.387808158993721 8.916454136371613 0.82428377866745 20.10404352843761 11.9821510463953 1.099111914634705 135.3054759204388 0 0.6341047137975693 5.894876703619957 0.1655425876379013 0 0 0 34.40695743262768 0.3090194463729858 0.1687080562114716 0 118.706445120275 0 0 0.6122133284807205 64.22025045752525 1.190544784069061 0.1274769753217697 0 0 0.1229210942983627 0.1225583478808403 0 19.27790078520775 0 0.7610045671463013 0.08660627901554108 41.85575602948666 0.1116752251982689 0 0
0.4346575066447258 0.1543371975421906 3.221557140350342 9.89364155381918 21.42048947513103 605.4437853619456 5.651563435792923 157.6369524672627 217.7828265950084 29.57834002375603 114.4533483162522 144.8668498322368 14.6055832952261 16.14536888897419 1987.172134444118 0.1109464764595032 1.857645779848099 6.982599288225174 16.06971340626478 29.35180307179689 1.059721857309341 0.6699635908007622 2.100635476410389 42.67503389716148 1.919051572680473 14.87969766557217 8.999995850026608 16.54395528882742 443.2653418034315 1.787291564047337 0.2949952930212021 160.0265188291669 0.5811886489391327 1000.403487510979 1.464357554912567 93.26602111756802 9.666005335748196 761.4925687611103 211.9683000221848 1718.610685780644 239.5453745126724 21.56281197071075 6.726308852434158 0 0 0 0 0 0 0 0 1.088295459747314 0 0 0.1957953423261642 0.1770250350236893 0 0 0 0 0 0.221657857298851 0 0 0 0 2.16957899928093 0 0.1556458324193954 0.22745580971241 1.283342190086842 0.1283943951129913 0 0 0 0 0 0 1.132901936769485 0 0.4434633255004883 0.3469835817813873 1.083588719367981 0 0 0
27.02400122582912 0.08821757137775421 364.547027155757 38.73266939818859 605.4437853619456 19245.11984773725 4406.495642729104 11570.26710032672 50.59198521822691 13357.41702885926 117.8064776733518 5366.89946655184 18.06481496244669 722.2602880820632 1100.65359159559 0.7057965099811554 32.92684494704008 23.87053988128901 39.8781676068902 295.5320508405566 21.31256495416164 0.2476198375225067 128.2795090526342 45.26095393300056 0.7586624398827553 126.8125275373459 100.2452008128166 838.5794408544898 308.890964128077 101.3274970054626 1.410472795367241 770.7812326177955 1.573579832911491 302.7200378999114 4.082355864346027 514.9271112009883 39.59998545050621 537.7022914662957 274.9480294883251 1590.011972352862 371.8176043778658 20.62017719447613 15.61279158294201 0 0.5483402609825134 1.946737289428711 1.661695465445518 0.1808283030986786 0.435821145772934 5.655588760972023 0.2323770448565483 2.922241598367691 0.9777033925056458 0.1333445012569427 0.6377214789390564 0.7806980609893799 0.7834285795688629 0 1.550047032535076 0.7605221942067146 0 0 0.2261131405830383 0 0 1.755404204130173 17.35291285067797 0.2147856429219246 1.452176585793495 14.60880351066589 16.42030610144138 0.5885601863265038 0.1376166641712189 0 0 0.2874115407466888 0 2.710749045014381 8.143535569310188 0.7461281269788742 0.5874469578266144 0.3801713511347771 4.28901469707489 0 0.1080109998583794 0
3628.295351043344 1.087372645735741 2233.561027467251 59.25412774831057 5.651563435792923 4406.495642729104 23340.013440907 4176.658536404371 256.4927794784307 11123.96135564893 58.76990532875061 84.6406647413969 5.99163993448019 13441.17919228226 20.73566556721926 11.42645640671253 140.2574226558208 26.94840349256992 42.84591319411993 69.21803148090839 337.5117288455367 4.645069375634193 1467.496425107121 1322.945855908096 1.688885666429996 457.7949068024755 692.7770191580057 30580.36779739708 1518.573008663952 8258.647312901914 0.9539834409952164 24.52088105678558 83.46231820434332 340.3578376322985 64.84902463108301 2446.768170155585 106.1712488234043 1323.724007494748 588.0797021239996 139.451847217977 51.82230366021395 9.570441953837872 28.75289949029684 1.20917409658432 1.70388238132 10.82228866219521 22.63379687070847 0.5069889426231384 0.9622484445571899 67.19277588278055 1.952835597097874 43.43939271569252 12.34441824257374 0 8.857075542211533 0.1193384081125259 5.408858731389046 7.156191766262054 12.78256080299616 3.337064959108829 0 1.337887451052666 13.70115618407726 5.320768840610981 3.17399176210165 10.67548494786024 415.984074242413 0.1438320726156235 5.667845465242863 75.59530748426914 280.9467880427837 8.291283667087555 2.62732045352459 0.1402103751897812 0.1748547554016113 1.222244709730148 2.06875404715538 3.77544829249382 59.73760872334242 0.8239622786641121 10.90345434844494 3.532713249325752 82.33958359062672 1.369039922952652 0.7994168400764465 0
1384.289028972387 0.2737651616334915 1494.828415438533 65.22466424107552 157.6369524672627 11570.26710032672 4176.658536404371 16443.3599185124 6.915200352668762 4949.293794073164 297.2552132606506 1598.6790234074 20.23908811062574 11350.98543922603 545.2492035925388 0.528607115149498 341.7124563902617 154.0595935881138 294.083268225193 466.8434109315276 55.52822352945805 0.419642448425293 640.8782139867544 49.24941692501307 2.31504725664854 970.5594141408801 244.3725603446364 446.7226651236415 2483.725418813527 1584.879411809146 1.786074303090572 883.292467802763 6.278371788561344 522.3756167516112 8.070850804448128 474.6529250219464 161.9533544108272 578.8228875920177 272.9983612671494 1054.450163558125 180.547232016921 27.57299815863371 17.85898149758577 0.2265651077032089 0.382000245153904 10.39098236709833 1.085989505052567 0 0.1884251087903976 2.766977496445179 0 2.603091917932034 0.1896224021911621 0.2207719534635544 0.4318119809031487 0 0.1247032433748245 0 2.430505305528641 0.703373059630394 0 0.1098374575376511 0 0.3440487086772919 0.1207253932952881 6.533722512423992 13.55179493129253 0 2.39649323374033 42.77358444780111 8.154304355382919 0.5208999961614609 0.2097708135843277 0 0 0 0.1612028777599335 0.4704726934432983 5.575925603508949 0.617468886077404 3.055420592427254 1.940053053200245 1.724541857838631 0 0.1923587918281555 0
1.458820268511772 793.9719444140792 3.561250418424606 368.624634347856 217.7828265950084 50.59198521822691 256.4927794784307 6.915200352668762 2081.135827511549 456.1989229768515 6.407590508460999 694.1263347268105 25.75901910662651 3.545695975422859 640.4013781547546 47.04088272154331 0.1715122014284134 0.3940605223178864 2.409956753253937 432.640834800899 25.79269850254059 2918.96707418561 10.20377840101719 19107.6312501505 399.3652225136757 13.52583457529545 116.3587426915765 2387.601409420371 6.711513765156269 5.085333921015263 1.710627302527428 0.1131936013698578 0.4177365750074387 4.556184805929661 1.119501277804375 210.4059548676014 13.7256980240345 26.06980930268764 10.98174002766609 310.6044039204717 3.906043380498886 19.41492091864347 1.935833528637886 11.27105990052223 14.00912649929523 4.55010574311018 120.6943125426769 1.934801459312439 7.227085709571838 157.7966549769044 6.163654044270515 176.1429520845413 61.5104271620512 1.774510100483894 83.11595620214939 1.365773133933544 15.38936178386211 35.84128946065903 102.1477999687195 0.5655770823359489 0.4713504910469055 0.2123425379395485 55.16849400103092 70.35901376605034 42.16845236718655 15.94915387034416 2901.906293295324 0 1.705092072486877 16.28046361356974 1001.468876644969 42.7836445197463 31.80631414055824 0.3142461031675339 0.5760763883590698 4.454693503677845 10.88895557075739 2.219666033983231 107.2560443803668 1.764340192079544 42.46111805737019 9.913370750844479 198.5853509306908 2.930620737373829 0 0.6009101793169975
121.3948378413916 0.2338030710816383 434.9839163124561 2296.832571491599 29.57834002375603 13357.41702885926 11123.96135564893 4949.293794073164 456.1989229768515 44986.88474104553 168.8240313977003 5721.616771541536 16.80948662012815 2063.486829459667 142.6129477396607 0.8201394975185394 26.7462347894907 31.04275459051132 54.02383922040462 2943.883867189288 39.1303436756134 1.603797920048237 178.8355142995715 1008.829910993576 2.169990442693233 87.15519271790981 208.752199947834 4039.012604765594 1022.180516667664 102.040353871882 2.666999250650406 102.7822155579925 9.655558437108994 392.9530354142189 25.97975482046604 1562.404616057873 35.99132199585438 1162.748573057353 331.5142774879932 519.7380886003375 50.63785097748041 7.715700440108776 23.48223565518856 0.2949733287096024 1.018086716532707 2.282350093126297 107.4400386959314 0.2181243747472763 1.131481096148491 28.74057374894619 0.6530345231294632 39.52929561585188 99.08841241151094 2.681177370250225 139.6297596991062 0.1120396703481674 1.836999490857124 9.963180020451546 4.639798358082771 1.130199126899242 0 0.5104215368628502 29.78035366535187 0.3366872072219849 0.5493021607398987 4.951415561139584 280.4520456194878 0.1212468594312668 1.051036566495895 22.69392665475607 137.0373928397894 3.60529176145792 2.448494300246239 0 0.2896356880664825 0.9583025947213173 1.727432392537594 1.792223960161209 42.228625908494 0.4912085682153702 7.078048966825008 0.9243473187088966 79.41239773482084 0 0 0.3241105377674103
53.48092890530825 41.0659222304821 123.2102633118629 6.486516118049622 114.4533483162522 117.8064776733518 58.76990532875061 297.2552132606506 6.407590508460999 168.8240313977003 13649.91610707343 128.9809176027775 3054.888148799539 370.6942012682557 45.54571221023798 4.844358026981354 240.0361569970846 2411.028529785573 2780.154718525708 41.13864590972662 97.28344210982323 15.43757035583258 244.7647825926542 13.59807850420475 785.9155682846904 2002.259151123464 980.5642242953181 64.92010065168142 767.1680013015866 93.83204314112663 487.7034481093287 493.7043838948011 24.92984036356211 9855.369630068541 8.951466985046864 510.3321123421192 8360.469718769193 9636.082591101527 1378.297973752022 86.25376483052969 247.7765109091997 2529.758066788316 9.441168427467346 0.1040791571140289 21.90702620893717 0.2378414124250412 0.3307204842567444 0 0 0 0.1121908128261566 0.901124119758606 0.1200575083494186 231.2989690825343 0.08470968157052994 1153.570702023804 0 0 1.62811154872179 0.2810762524604797 18.39056146144867 4.083186738193035 0 0 2.1490099132061 0.3325106650590897 4.611559100449085 102.9694453775883 94.45935138314962 395.8723742365837 0.9074380099773407 0.1354235410690308 0 143.6715928837657 0 0 1.383756414055824 0.739737331867218 7.521543078124523 378.1707875803113 7.906496696174145 0.6025503128767014 0 0 195.3736253678799 0
4.747076168656349 6.367767989635468 4.900589913129807 5360.27520480752 144.8668498322368 5366.89946655184 84.6406647413969 1598.6790234074 694.1263347268105 5721.616771541536 128.9809176027775 8684.824207209051 11.58953108638525 484.3279881179333 1268.718870699406 0.4011331796646118 2.839750200510025 18.03478323668242 36.09943654388189 5014.1237930879 1.391558840870857 17.35828542709351 2.14376550167799 788.4336546063423 4.096531368792057 25.5456922352314 14.73743662983179 2890.954938955605 292.1900547519326 9.242844246327877 1.338274843990803 168.7783789262176 3.856331638991833 233.91102668643 4.450700245797634 984.2455108016729 6.629486821591854 445.6270718425512 118.7546836361289 2036.956787399948 27.70771040767431 8.02227820456028 6.410990431904793 0.1284576952457428 0.1410915553569794 0.4135414808988571 21.04699140787125 0 0.45965376496315 5.939226046204567 0.146284431219101 10.74975310266018 8.019834764301777 0 9.127969697117805 2.265335910022259 0.2346897348761559 4.494424983859062 0.7933047190308571 0.1160701066255569 0 0 5.501832619309425 0.6989455819129944 0.1284065246582031 0.152947336435318 84.9373140335083 0.1824371814727783 0.4344515800476074 0.6122822761535645 24.92929496616125 0 0 0 0 0 0 0 23.60482473671436 0.2234948202967644 1.038683697581291 0.1420605629682541 47.25393070280552 0 0 0
0.3869360610842705 456.9732897281647 19.69871845841408 0.6058748811483383 14.6055832952261 18.06481496244669 5.99163993448019 20.23908811062574 25.75901910662651 16.80948662012815 3054.888148799539 11.58953108638525 5461.930685773492 22.0157570540905 5.312386259436607 52.97121866047382 8.551965244114399 47.12920913845301 29.7206744402647 3.829151555895805 19.95632342249155 132.5303328335285 33.69071844965219 77.46428958326578 4397.401008836925 398.4225794970989 7087.715295620263 71.83602175116539 48.65312553197145 9.415804393589497 1005.188557177782 41.19991607964039 0.4793900400400162 493.5063142552972 117.9824095666409 2316.812468454242 6103.292796470225 3550.905840471387 567.9099456965923 200.4203134179115 141.9826238527894 2005.503109395504 22.98473405838013 0 118.9521586224437 1.352289795875549 0.1621602028608322 0 0.8574990034103394 0 0.8476258516311646 2.326065629720688 0.1050041913986206 600.1429542303085 0.1434310078620911 3546.633476920426 0 0 5.449865877628326 2.713901624083519 63.42892224341631 14.41366826742887 0 0 11.70318562537432 0.6401170343160629 7.372635446488857 332.0063938349485 255.5012493729591 1353.9012715891 3.631230622529984 0.9054507911205292 0 379.9349427744746 0.4476167857646942 0 4.851536087691784 8.837191477417946 339.3651598617435 1014.880806311965 99.32610119879246 35.86456272006035 43.51623070240021 6.889789998531342 463.6453636065125 0
7505.921878673136 0 1431.432760491967 53.70690851658583 16.14536888897419 722.2602880820632 13441.17919228226 11350.98543922603 3.545695975422859 2063.486829459667 370.6942012682557 484.3279881179333 22.0157570540905 11629.76503551006 126.8761207312346 0.8921777084469795 445.2000954002142 193.3531109467149 411.4758865237236 275.4321458786726 75.62016560137272 0.1108006313443184 999.3327202051878 112.1459477171302 3.780581444501877 1088.043146431446 234.3856549412012 660.5701105892658 4680.83341518417 3874.088196583092 3.346773661673069 105.6522509641945 43.13684621453285 805.1550602838397 14.47644803673029 443.2213353589177 174.1679816171527 670.9749406427145 195.1056302115321 394.205656722188 20.17596264183521 13.30833949893713 6.289112448692322 0 0.5964102745056152 7.404385894536972 0.278376042842865 0 0.1540654897689819 2.252673022449017 0 0.6539057195186615 0.9983557537198067 0.1927601099014282 0.5485410168766975 0.4272560104727745 0.3465669974684715 0 2.505573108792305 0.3877620249986649 0 0.1600840836763382 0.117545448243618 0.8799136951565742 0.4217895641922951 6.304928831756115 14.76872847229242 0.4293108358979225 3.230454206466675 29.73202793300152 13.48962814360857 0.5941026955842972 0.5099621266126633 0.1024476811289787 0 0.1411408334970474 0.1156137362122536 0 3.739658579230309 1.281420849263668 1.768594935536385 0.4240922480821609 1.158230252563953 0.1391979455947876 0 0
0.7829498425126076 5.006025061011314 1.999737650156021 106.3357251137495 1987.172134444118 1100.65359159559 20.73566556721926 545.2492035925388 640.4013781547546 142.6129477396607 45.54571221023798 1268.718870699406 5.312386259436607 126.8761207312346 928.6005845442414 0.2908084392547607 0.4673311561346054 4.018972054123878 9.546858534216881 252.4505303651094 0.2644171714782715 13.20407037436962 1.428723618388176 593.9292911961675 3.04366684705019 6.953078977763653 8.920171983540058 160.8381147608161 94.92187476158142 1.662929430603981 0.1928642466664314 225.4453080296516 0 99.76224054396152 1.709041491150856 652.8785170689225 5.964776538312435 148.4304000586271 54.06283577531576 2006.296065300703 113.5979900583625 1.447794184088707 3.822881378233433 0 0 0 6.301617383956909 0 0 2.549163281917572 0.8260540366172791 5.391977459192276 1.263574123382568 0.3383957147598267 5.784460455179214 0.2329972684383392 0 2.23179766535759 0.2649733871221542 0 0 0 3.976032182574272 0.1444339752197266 1.383291855454445 0 37.82408297806978 0 0 0 7.040762849152088 0.1061313897371292 0.1511562466621399 0 0 0.1621171236038208 0.2367411404848099 0 15.61149260401726 0 0.4258266091346741 0.4272134006023407 22.33817678689957 0 0 0
0.2698208764195442 251.4255590215325 3.294407039880753 0.3645163625478745 0.1109464764595032 0.7057965099811554 11.42645640671253 0.528607115149498 47.04088272154331 0.8201394975185394 4.844358026981354 0.4011331796646118 52.97121866047382 0.8921777084469795 0.2908084392547607 3517.46163482219 5.837229490280151 1.090843990445137 2.375262640416622 0 3056.823714591563 3333.982903443277 4583.356797538698 3214.597911216319 71.40865890681744 21.39303877949715 5437.085054375231 956.2519491314888 2.62845379114151 51.29200346022844 1.235646337270737 0 0.6606023907661438 24.44893729686737 14.89939418435097 1696.780816346407 1019.371057055891 297.8863797932863 318.2173729911447 4.769708231091499 0.2899300009012222 16.81866210699081 11.50752829760313 1.959129117429256 18.82443258911371 20.57537534087896 1.469274520874023 0 0.6245444864034653 10.0978334620595 0.9569332525134087 11.48551198095083 0.3222598358988762 7.986328855156898 0 3.199785634875298 1.501794055104256 0 3922.079618148506 5.021883405745029 0.6715291664004326 2.927583508193493 0 437.0436366423965 1117.763463869691 1620.336558826268 509.5173733830452 1.076517291367054 15.16121326386929 790.8466446176171 225.2418446540833 9.845471426844597 37.05614962428808 0.5919986367225647 0 0.872548021376133 4.277254298329353 2.140844911336899 231.621682561934 8.073668949306011 17.92228139191866 12.83359025418758 6.356277272105217 0.4685838669538498 5.978773832321167 0.1324867755174637
228.6472003832459 0.1580958515405655 4448.772537618876 0.2799717858433723 1.857645779848099 32.92684494704008 140.2574226558208 341.7124563902617 0.1715122014284134 26.7462347894907 240.0361569970846 2.839750200510025 8.551965244114399 445.2000954002142 0.4673311561346054 5.837229490280151 1344.825289294124 670.9828551635146 2722.268036492169 1.14512837678194 683.1651761308312 1.133256793022156 4230.295955039561 3.77223939448595 14.13240492343903 3181.631036005914 2822.318912677467 88.27058007568121 367.2829794436693 854.1658061146736 2.073303014039993 8.932624347507954 21.58643278479576 2271.943190835416 8.854059897363186 920.1007513403893 7261.770400933921 2049.224602855742 346.489616304636 7.53924822807312 1.980361491441727 91.02242913842201 5.546904176473618 0 10.73540130257607 5.805719144642353 0 0 0 0.9001564234495163 0 0 0.2702992558479309 2.252236843109131 0 3.895258888602257 0.2500686496496201 0 3.281762190163136 66.39703530818224 6.724714949727058 89.58051899820566 0 0.6111993342638016 2.548990502953529 1.594200432300568 2.692458048462868 6.731121033430099 186.2420574352145 510.5953199267387 1.471462100744247 0.2968723028898239 1.017858996987343 3.404038965702057 0 0 9.053302481770515 0.9910365641117096 34.77260668575764 71.71912632137537 42.04484521597624 10.02832435071468 0 0 0 0
73.49522402882576 1.315781742334366 132.4108017906547 0.865866094827652 6.982599288225174 23.87053988128901 26.94840349256992 154.0595935881138 0.3940605223178864 31.04275459051132 2411.028529785573 18.03478323668242 47.12920913845301 193.3531109467149 4.018972054123878 1.090843990445137 670.9828551635146 152.8959735184908 2418.810246102512 6.590280905365944 27.67311848700047 0.9080298393964767 279.9580330848694 1.975461296737194 22.40771299600601 3311.897843956947 736.4358071982861 13.6826333552599 179.1235447227955 52.54605582356453 21.04991922527552 38.33675539493561 8.781823419034481 1049.90937102586 1.759967878460884 352.0402968376875 1541.547560937703 2637.631501339376 391.1473852247 11.42207536846399 5.553893066942692 27.49518227577209 1.42551738768816 0 6.739061169326305 0.3248026669025421 0 0 0 0 0 0 0 18.33053182810545 0 81.51766458898783 0 0 0.6277224272489548 1.42369083315134 12.22580961883068 1.876270785927773 0 0 0.7509353682398796 0 0.7796824797987938 26.7152516245842 59.71068721264601 162.8874151036143 0.5847193822264671 0 0.2822876796126366 32.10512575507164 0 0 0.1430974453687668 0 6.51598347723484 39.51634433120489 3.519859358668327 0.4472345784306526 0.3753287792205811 0 0.7470455020666122 0
190.885862827301 5.933864273130894 360.7297406420112 1.649954684078693 16.06971340626478 39.8781676068902 42.84591319411993 294.083268225193 2.409956753253937 54.02383922040462 2780.154718525708 36.09943654388189 29.7206744402647 411.4758865237236 9.546858534216881 2.375262640416622 2722.268036492169 2418.810246102512 2078.561084255576 12.19145967066288 139.2912436947227 1.159829869866371 719.5545971766114 4.944225668907166 167.2728604823351 3280.141934968531 813.6302921548486 33.39204893261194 457.1352054998279 156.6069519519806 10.80872125923634 70.33153779059649 22.73097324371338 4609.009548135102 6.824453875422478 822.818951793015 1660.331664055586 3962.242187671363 505.8357151448727 13.23176193237305 9.910778865218163 21.11164006590843 3.114400632679462 0 21.65204305946827 0.2414516806602478 0 0 0 0.1477379351854324 0.1267233192920685 0 0 8.004374161362648 0 18.6384669020772 0.09444903582334518 0 0.2494518235325813 5.798926398158073 10.07828781753778 28.45415289700031 0 0 0.8947949334979057 0 0.7777765393257141 16.86280255019665 143.7210407555103 262.6745009496808 0.4566780552268028 0 0.1347136646509171 10.30792757868767 0 0 1.286241412162781 0 13.64652443677187 54.95005556941032 8.383237265050411 2.940949946641922 0 0 0 0
14.45313660800457 0.9345563873648643 3.566314585506916 4715.803282789886 29.35180307179689 295.5320508405566 69.21803148090839 466.8434109315276 432.640834800899 2943.883867189288 41.13864590972662 5014.1237930879 3.829151555895805 275.4321458786726 252.4505303651094 0 1.14512837678194 6.590280905365944 12.19145967066288 647.3408958986402 0.5772266611456871 2.782753668725491 2.542189784348011 634.0877339914441 1.488767459988594 10.44133238494396 3.80183383077383 5016.85418600589 163.5740228742361 5.927275165915489 0.5451319813728333 31.55144460499287 1.865111134946346 78.97330818325281 3.218937873840332 431.8242833018303 3.453991487622261 199.8580950424075 54.79703430831432 464.2718646973372 12.82445953041315 1.293020442128181 4.594193741679192 0 0 0.2173531726002693 30.49591746926308 0 0.9891300946474075 5.252671182155609 0.2736124470829964 6.384733468294144 8.435209840536118 0 62.96964491903782 0 0.698998935520649 5.594595268368721 0 0 0.09514487534761429 0 8.338954269886017 0 0.1445184201002121 0.2885250151157379 63.76334979385138 0 0 0.1512912064790726 20.19683399051428 0.4640610218048096 0 0 0 0.1875161528587341 0.09452635049819946 0 14.18591250479221 0 0.6406160295009613 0 33.66790495812893 0 0 0
37.60778868943453 8.854398831725121 1648.430669724941 0.9295794069766998 1.059721857309341 21.31256495416164 337.5117288455367 55.52822352945805 25.79269850254059 39.1303436756134 97.28344210982323 1.391558840870857 19.95632342249155 75.62016560137272 0.2644171714782715 3056.823714591563 683.1651761308312 27.67311848700047 139.2912436947227 0.5772266611456871 18563.6857964769 102.8322456181049 13043.52769443393 754.9680372774601 3.890003859996796 167.8118099793792 720.0376739576459 3559.071899481118 163.405856706202 11360.56043045968 0.6294675916433334 2.748818799853325 34.52689157426357 3744.20062353462 130.8926895409822 8794.140589460731 1567.335415303707 6899.730193473399 3545.287185437977 20.43083731085062 6.88886521756649 14.2418375313282 67.28284715116024 2.338508322834969 0.2109502851963043 5.040588356554508 0 0 0 7.577265366911888 0.3698041960597038 6.002214767038822 0.3420675098896027 5.587471008300781 0 2.859240978956223 1.771496042609215 0 266.4389305785298 0.1633241474628448 0 0.7600524947047234 0 114.0148325562477 46.67118975520134 61.48695734143257 260.4102180600166 0.1438347846269608 1.588080570101738 29.08924116939306 166.9395430535078 6.930096119642258 22.97301831841469 0 0 0.111111007630825 0.9109595715999603 16.74468749016523 53.26892852783203 2.421533301472664 4.327375814318657 5.846471101045609 2.693201303482056 0 2.223357796669006 0
0 3143.80042078346 0.5171307101845741 0.5699187517166138 0.6699635908007622 0.2476198375225067 4.645069375634193 0.419642448425293 2918.96707418561 1.603797920048237 15.43757035583258 17.35828542709351 132.5303328335285 0.1108006313443184 13.20407037436962 3333.982903443277 1.133256793022156 0.9080298393964767 1.159829869866371 2.782753668725491 102.8322456181049 1958.40506502986 204.4332928359509 7615.94996009022 1373.972014337778 59.80888429284096 3481.955890007317 117.7302017360926 0.31944590061903 0 4.849697753787041 0 0 2.670187100768089 0 12.40342026948929 32.54730140417814 30.35763964802027 1.24839760363102 2.157854422926903 0 117.1685663312674 0 0.2825512513518333 151.3588590472937 10.75455973297358 0 0 0 2.947927430272102 0.261544831097126 17.16998361796141 0 0.7711177170276642 0 5.546039313077927 0.1310431659221649 0 1330.02343043685 6.829660281538963 0 2.268984653055668 0 111.6644221842289 192.6634285748005 300.7376355528831 239.0908496305346 1.336067974567413 17.72404435276985 627.7104719653726 57.94864126294851 2.186121433973312 4.939535543322563 1.073965504765511 0 0.1271150857210159 0.3222526609897614 0.3343511521816254 13.47946358472109 3.888547755777836 6.030574165284634 3.309480711817741 0.6539841294288635 0 0 0
413.9301218017936 15.43832688033581 18613.89462763071 0 2.100635476410389 128.2795090526342 1467.496425107121 640.8782139867544 10.20377840101719 178.8355142995715 244.7647825926542 2.14376550167799 33.69071844965219 999.3327202051878 1.428723618388176 4583.356797538698 4230.295955039561 279.9580330848694 719.5545971766114 2.542189784348011 13043.52769443393 204.4332928359509 21301.16528823972 209.9410724192858 12.30603826791048 5775.353862836957 13958.5598892197 3179.174168035388 727.4286583811045 4666.287720836699 2.184557408094406 8.614116549491882 49.67918815463781 3279.014628641307 244.7509586885571 15619.03681204468 7966.722756423056 10904.72855892777 9459.573978148401 89.88483876734972 20.33995898813009 93.00068204849958 111.4713758304715 0.2329913973808289 2.545486837625504 159.4908123314381 0.4318124651908875 0 1.100005783140659 6.21044846624136 2.398466512560844 2.148155458271503 1.85279743373394 0.7669913321733475 0 0.8741702437400818 2.161498747766018 0 1922.609036207199 7.956912584602833 0.5248809158802032 2.813645780086517 0 140.5601822957397 261.6812117546797 1051.241178393364 160.8145666792989 1.514600977301598 15.44269616156816 1133.524647377431 61.82747887074947 2.557346768677235 6.421352930366993 0.1780781447887421 0.282812774181366 0.1288754045963287 2.679877564311028 37.2078989893198 199.9236076548696 10.84249106794596 35.45816545933485 29.00064432621002 3.275264710187912 0.5263111889362335 1.49541150033474 0.6884424686431885
37.95743782073259 1148.568590894341 20.56423842161894 2583.055252552032 42.67503389716148 45.26095393300056 1322.945855908096 49.24941692501307 19107.6312501505 1008.829910993576 13.59807850420475 788.4336546063423 77.46428958326578 112.1459477171302 593.9292911961675 3214.597911216319 3.77223939448595 1.975461296737194 4.944225668907166 634.0877339914441 754.9680372774601 7615.94996009022 209.9410724192858 23384.4063083306 393.3891467601061 41.44551476091146 3508.44751957804 18987.93043098599 289.19332203269 50.35570584237576 1.696445688605309 3.546111799776554 39.37235418707132 108.6737399697304 33.50867100805044 3066.449034392834 90.53564560413361 506.894857622683 251.7933692187071 276.3852498158813 20.46943652629852 38.16666650772095 28.90026830881834 72.00766020268202 23.56720475852489 30.88774962723255 178.6691777780652 0.630339115858078 13.7961410805583 946.7695458084345 26.57482772320509 1509.371727891266 77.34587969630957 41.44090816378593 61.49608394503593 6.369653902947903 74.98611392825842 35.41623643040657 612.4950776174664 6.687473863363266 1.954054713249207 5.182162635028362 69.46695026010275 356.8730527535081 484.0311242192984 159.4060070067644 7126.524673350155 0.8684080541133881 11.76367357373238 255.0819701775908 4288.450253866613 250.3151834756136 319.5791342183948 0.2596905678510666 2.092346884310246 38.64483373612165 59.59168524295092 6.420904338359833 825.5869675949216 14.93612815439701 267.9823918864131 65.87788171321154 435.7373249083757 26.44716922938824 8.397507011890411 5.621366403996944
0.1248865053057671 1871.310224294662 3.371749512851238 0.08128491044044495 1.919051572680473 0.7586624398827553 1.688885666429996 2.31504725664854 399.3652225136757 2.169990442693233 785.9155682846904 4.096531368792057 4397.401008836925 3.780581444501877 3.04366684705019 71.40865890681744 14.13240492343903 22.40771299600601 167.2728604823351 1.488767459988594 3.890003859996796 1373.972014337778 12.30603826791048 393.3891467601061 826.94951428473 1583.831658884883 4114.837416745722 8.147366568446159 7.267578773200512 0.6255421191453934 104.8874117732048 4.38809210062027 0.5208559408783913 236.4462260976434 0.9964442476630211 173.5681282877922 955.5469522625208 923.5703401267529 96.41850334405899 4.079133123159409 53.69229494035244 1016.378352120519 18.35002727806568 0 1013.071598470211 4.272132433950901 0 0 0 0.3778848350048065 0.1468657702207565 3.000313811004162 0.1074347719550133 184.3386516794562 0 1388.960706666112 0.2493345588445663 0 6.050196476280689 6.833720982074738 38.55979160964489 46.13552194833755 0 0.8353764414787292 25.69431911408901 2.467571370303631 7.324389018118382 260.398387670517 537.5683966204524 2054.974091246724 0.9568179249763489 0.2590313106775284 0.1487374752759933 101.5877920463681 0 0 3.474980399012566 0 24.1707933023572 180.8795696869493 40.08356013894081 9.994403719902039 0.1376590430736542 0 30.06516841053963 0.3612841665744781
268.2257852181792 175.78313947469 10912.30114384741 1.837354831397533 14.87969766557217 126.8125275373459 457.7949068024755 970.5594141408801 13.52583457529545 87.15519271790981 2002.259151123464 25.5456922352314 398.4225794970989 1088.043146431446 6.953078977763653 21.39303877949715 3181.631036005914 3311.897843956947 3280.141934968531 10.44133238494396 167.8118099793792 59.80888429284096 5775.353862836957 41.44551476091146 1583.831658884883 44644.19890263677 14496.81505420804 77.51900785416365 303.7803026586771 250.5145148783922 1204.693196952343 45.60445307940245 11.11109486967325 2552.597726270556 21.03301787376404 3521.572587005794 9955.384100146592 8507.055208705366 1218.239153064787 24.59639503061771 6.75214746594429 141.0249713435769 10.5483669936657 0.2361694797873497 466.8516827523708 49.67856524139643 0 0 0 5.490615412592888 1.43742473423481 2.003730580210686 0.5763329565525055 171.214969009161 0 697.7812673449516 1.028972759842873 0.1302596777677536 22.66354720294476 457.8361355885863 202.131911739707 492.203365623951 0.1086320579051971 3.36019890755415 21.6869134157896 11.29899270087481 26.04368748515844 684.2960751131177 2347.547937348485 7062.153696574271 6.105821266770363 1.343913935124874 3.651827439665794 244.3780921772122 0.2662453800439835 0.1915843784809113 57.60640151798725 4.821084052324295 261.3582033142447 671.0970118492842 303.5526631623507 73.31573973596096 1.851397052407265 0 2.325075447559357 2.019073575735092
59.13235942274332 2268.73988057673 4449.378652602434 2.917864248156548 8.999995850026608 100.2452008128166 692.7770191580057 244.3725603446364 116.3587426915765 208.752199947834 980.5642242953181 14.73743662983179 7087.715295620263 234.3856549412012 8.920171983540058 5437.085054375231 2822.318912677467 736.4358071982861 813.6302921548486 3.80183383077383 720.0376739576459 3481.955890007317 13958.5598892197 3508.44751957804 4114.837416745722 14496.81505420804 49110.93782892078 2383.292847469449 118.4439456835389 144.9661265835166 1822.484703831375 25.93143204599619 7.562872372567654 2634.029396273196 98.96340944617987 9888.77030620724 8324.490216448903 13168.66118170321 3944.658921189606 109.1716159582138 14.48078827559948 186.9303139671683 32.90852534770966 1.509909205138683 5091.571615368128 2695.253112755716 1.052855789661407 0 3.235917784273624 56.42320715636015 13.77899353951216 12.82170943915844 9.261106356978416 264.2904704585671 1.25994099676609 1479.402342602611 13.69501730054617 0.1440617740154266 3250.421938017011 1461.93872500211 314.818539172411 993.1965758651495 0.2378512471914291 66.63989022374153 2421.536473326385 2412.711883097887 485.5972891002893 1179.144082687795 4734.465534418821 37852.3309251368 213.081337839365 8.398527882993221 21.87001452594995 408.0393660217524 0 0.5711105614900589 192.8793788477778 28.81916451454163 1118.834054149687 1101.702799648046 1141.982883058488 419.3859918564558 11.62958724796772 3.069919057190418 8.666310608386993 5.760576643049717
187.0560582429171 19.35462279617786 845.0389372855425 4511.969946227968 16.54395528882742 838.5794408544898 30580.36779739708 446.7226651236415 2387.601409420371 4039.012604765594 64.92010065168142 2890.954938955605 71.83602175116539 660.5701105892658 160.8381147608161 956.2519491314888 88.27058007568121 13.6826333552599 33.39204893261194 5016.85418600589 3559.071899481118 117.7302017360926 3179.174168035388 18987.93043098599 8.147366568446159 77.51900785416365 2383.292847469449 42085.77091871947 1428.762078970671 18461.20687135309 0.6763217374682426 20.0075718164444 265.3826162964106 1151.119977355003 240.4651671126485 11893.00644183159 347.6326723694801 3873.419076785445 1618.503850489855 378.5252831727266 80.32657845318317 26.82323659956455 94.53798818588257 54.05695431679487 2.177577562630177 16.40404581278563 140.9786872267723 1.676046170294285 10.58557315170765 704.5387146249413 16.8755504488945 463.6193373799324 69.62651457637548 23.50725482404232 47.22254760563374 16.62854947149754 50.39913739264011 27.40290705114603 245.1204459667206 4.14656987041235 1.137676537036896 1.308457598090172 53.93041527271271 198.2443495765328 98.34968198090792 55.22661695629358 4102.999116316438 0.2084802687168121 3.768158167600632 77.5383327677846 2851.68042512238 173.9709900021553 288.7622115984559 0 0.9026122838258743 21.09802581369877 36.83415146917105 14.12915355712175 554.8883273899555 7.165300346910954 164.0680335015059 36.42647767812014 328.0814699754119 10.9813475087285 15.10083268582821 1.846547961235046
4764.740017011762 0.9933223873376846 164.0862034708261 44.12157770246267 443.2653418034315 308.890964128077 1518.573008663952 2483.725418813527 6.711513765156269 1022.180516667664 767.1680013015866 292.1900547519326 48.65312553197145 4680.83341518417 94.92187476158142 2.62845379114151 367.2829794436693 179.1235447227955 457.1352054998279 163.5740228742361 163.405856706202 0.31944590061903 727.4286583811045 289.19332203269 7.267578773200512 303.7803026586771 118.4439456835389 1428.762078970671 21192.34988464415 9035.586682453752 5.393157929182053 1918.043279334903 4395.721978269517 5035.873356312513 47.74725876748562 707.8222619146109 75.82464694976807 2547.309382341802 565.9603122547269 372.4663822799921 116.1047996431589 21.12059658765793 22.50579559057951 0.219842404127121 0.8848706260323524 0.6212869137525558 0.7695111781358719 0 0 4.59305377304554 0.07573589682579041 3.526333853602409 0.4744896292686462 0.1032630279660225 0 1.315023556351662 0.4820034801959991 0.133954718708992 0.5113618969917297 0 0 0.3440778106451035 0 2.19075919687748 0.2291611582040787 0.8874436616897583 21.12509423494339 0 1.744945712387562 5.687216728925705 26.17947939038277 1.128078520298004 2.01169627904892 0 0 0.1134702935814857 0.1304955184459686 4.085101142525673 6.132931903004646 0.3317407593131065 2.083140917122364 1.136928588151932 1.870522305369377 0 0 0
