792.4068999439478 0.7148760780692101 124.4313573166728 0.8158980458974838 0.4395562633872032 4.713940687477589 1227.860137633979 130.1845880672336 21.51753402501345 7.32341194152832 4.553289756178856 0.7964910194277763 0.1139081791043282 5108.002882793546 1.098104819655418 1.512411631643772 159.5480776950717 6.605691969394684 23.98390751332045 0.3565796613693237 40.7890285179019 2.554849550127983 123.7187477201223 80.06179080158472 0.1265331953763962 73.479865655303 38.0111027136445 86.03757698833942 2728.634730525315 1882.759210597724 0 1.175772026181221 18.310049302876 60.18393362313509 0.4809112846851349 10.06366774439812 3.638461790978909 45.81338227912784 9.708530820906162 0.3413284122943878 0 0 0.2308126240968704 1.02343413233757 0 0.5197215899825096 0 0 0.1174515038728714 9.284343648701906 0.8699177876114845 5.391812913119793 0.2702184543013573 0.09894975274801254 0 0 1.938149526715279 0 1.328134663403034 0.1185348406434059 0.08045502007007599 0.08043486624956131 0.5264399945735931 3.113849267363548 1.80397717654705 0.6893182918429375 16.58159033581614 0 0.3589374274015427 2.256894066929817 18.34151991829276 4.823199778795242 8.523517645895481 0 0.1752859428524971 0.2239976227283478 0.5786687657237053 0 8.560183867812157 0.08299710601568222 1.41314459592104 0.6166502311825752 3.129839725792408 0.07645468413829803 0 0
0.7148760780692101 110.8953072503209 159.6456358656287 1.307457193732262 0.5447686091065407 0.8664660826325417 3.277523636817932 1.355513066053391 306.9591227695346 1.691868126392365 131.2308889999986 5.910600997507572 1144.344231635332 2.202302575111389 15.30019108206034 48.79954647272825 152.7994079887867 22.95163947343826 193.2688435763121 0.619792252779007 3.291779771447182 2047.97439160943 9.177443236112595 422.0755041688681 2404.152333177626 1225.127262294292 7685.781520165503 17.87331132590771 6.53284640610218 5.541244789958 27.17962048947811 1.94531574845314 1.20200403034687 148.2839654237032 1.272465594112873 166.4872405529022 66.98363222926855 295.2203811556101 92.98261422663927 10.7803463190794 0.3428108096122742 26.139030829072 1.254352331161499 0.09793385118246078 27.42455466091633 106.1984965205193 0.1597444862127304 0.117938406765461 0 1.444840855896473 0.9014953747391701 2.942485503852367 0.09213709831237793 7.691610999405384 0.1752895712852478 48.07812071591616 0.6091011762619019 0.1544672250747681 6.062614232301712 11.61094237864017 11.04088995605707 38.92838704586029 0 0.6676761656999588 11.04690320789814 4.361803784966469 12.3183703571558 122.7703821882606 389.865009367466 1730.888016827404 2.175710380077362 0.322169117629528 0.5125115290284157 14.43819027394056 0.1201223656535149 0 8.794689260423183 0.8450388312339783 21.39516807347536 16.15834354609251 34.54532757401466 5.634757831692696 0.3073028922080994 0 3.328604757785797 0
124.4313573166728 159.6456358656287 3870.409274250269 5.827177055180073 3.49782844632864 493.9606388881803 1376.055096745491 1860.662234932184 45.74790971726179 383.5120941400528 83.74664510786533 2.022465132176876 4.074123673141003 961.4622346609831 2.603473588824272 8.611615173518658 2739.375069133937 48.83161872625351 138.8034983053803 1.228255577385426 190.5326988399029 67.60267623513937 11636.92906928062 100.0626086220145 0.9541265442967415 6475.733428180218 7074.312539599836 325.3331555277109 475.7279320582747 268.0129418969154 5.653659284114838 3.58538656681776 24.22873944789171 921.9693476706743 21.89277939498425 1981.329246655107 1571.1482777372 2634.714872024953 816.2530085369945 107.8545949533582 8.968173310160637 15.83969050645828 18.40966210514307 5.22380044683814 217.6182390674949 1511.867132201791 1.260886624455452 0 1.551772646605968 43.82965944707394 16.48522008955479 17.81619446724653 1.149151541292667 4.0093864351511 0 3.916939675807953 28.60717016458511 0.3673973307013512 45.09539616852999 194.1569711267948 3.873460806906223 19.26976303756237 0.103088915348053 12.56734639406204 151.2442964240909 302.7767945230007 57.01190758496523 5.923023767769337 290.1950635388494 4959.63373888284 44.40860550105572 11.49047376215458 25.94279573112726 4.094319403171539 0.3103112131357193 2.411673814058304 48.69219432026148 12.46656226366758 133.4776935204864 22.29257278889418 116.8213055878878 17.95945935696363 16.83518988639116 0.2358991652727127 0.4472207427024841 1.01863818615675
0.8158980458974838 1.307457193732262 5.827177055180073 1689.0608510077 5.173322156071663 107.6318605095148 93.91917376965284 83.17083087563515 1056.119742281735 4110.197743915021 0.3541635796427727 4847.702323332429 0.1198593825101852 70.32296539098024 124.8688554242253 0.2604518532752991 0.4942983388900757 0.5189410373568535 0.5739832445979118 1717.37883849442 0.5787744224071503 3.788195952773094 1.047223947942257 1592.555267781019 0.1381727010011673 3.632713153958321 10.67117823660374 4530.627288632095 107.2316901609302 0.5474016219377518 0 2.689766108989716 2.379137009382248 36.43226338922977 11.30982676148415 320.2641950771213 2.831426024436951 130.0922649130225 48.96157568693161 103.9985877275467 7.126522749662399 0 4.805200733244419 0.1036534979939461 0.3606328815221786 2.174134261906147 209.1614554002881 0.4405180811882019 11.18301416933537 187.7965802997351 6.273060493171215 239.9798107072711 72.44998952001333 1.556305944919586 41.1982107385993 0.1546013951301575 5.074627131223679 5.864457868039608 0.4468043148517609 0 0.1369405537843704 0.3866691589355469 127.3622387051582 0.9606409519910812 0.1447699368000031 0.7574021965265274 273.8209596723318 0 0.7968049198389053 2.696457415819168 193.5092788338661 2.78744001686573 2.318949833512306 0 0.822488009929657 0 4.617842830717564 1.484950661659241 108.8820981830359 0 17.96272706985474 3.734696514904499 122.3645343258977 0.5239404588937759 0.1360144764184952 0
0.4395562633872032 0.5447686091065407 3.49782844632864 5.173322156071663 108.0092078447342 649.1867428272963 14.84773234277964 57.90841355919838 159.0771586000919 34.33607202768326 21.54655364900827 104.2478808611631 0.9015305936336517 79.92640170454979 1813.337104856968 0 1.034568332135677 2.338327594101429 4.774373970925808 11.11325500160456 0.5156273245811462 7.335723429918289 1.295509539544582 67.02538577467203 1.052007667720318 9.049645140767097 8.937274694442749 18.71867250651121 555.0930980890989 3.272821329534054 0.2823954820632935 71.70883629471064 1.034682519733906 956.3744067326188 14.22371198982 228.6064688935876 11.44208078831434 564.9062177166343 137.0672038570046 3056.974568277597 148.012671649456 54.20373499393463 24.997075304389 0.6256740093231201 0 0 1.300060883164406 0 0 4.748504832386971 0.3721835613250732 2.679106391966343 0.7860486581921577 2.930058404803276 0.9209564328193665 0 0.2098188698291779 0 0.2933587431907654 0 0 0 1.32537504285574 0.07201477140188217 0.4365050196647644 0 3.732924722135067 0 0.5793940201401711 0.883128747344017 4.050531089305878 0.5726561844348907 0.7049461677670479 0 0 0 0 1.820768028497696 7.483246386051178 0 3.637248270213604 3.918301537632942 1.749756157398224 0.7430165559053421 3.735450118780136 0.1850486248731613
4.713940687477589 0.8664660826325417 493.9606388881803 107.6318605095148 649.1867428272963 7054.977389357984 4620.947861380875 4471.206056490541 273.8780105113983 9826.739456005394 47.45328360050917 4752.34419196099 1.828749306499958 396.6636025384068 3467.231901489198 0.9881612062454224 21.70227444916964 9.371638678014278 9.595347195863724 387.3215168267488 60.79500482231379 4.512223348021507 157.683960519731 248.769766330719 2.003697708249092 154.1053790152073 70.06760156154633 1088.625907450914 1280.584561079741 74.00139657407999 1.024461902678013 224.679522767663 2.987055100500584 1566.940731324255 35.67205871641636 1015.745627224445 37.10239715874195 737.5822120010853 213.9552283957601 3520.35202690959 593.7091612517834 90.6382402703166 65.38155358284712 0.2967820391058922 0.5481657087802887 1.24871663749218 15.02375968545675 0 1.172625914216042 35.24418529868126 1.039788506925106 15.94692414999008 8.330245263874531 4.837009839713573 24.86526516824961 0.488288402557373 2.158678591251373 0.361763209104538 1.804065145552158 0 0 0.3649176359176636 6.914008572697639 0.5039704069495201 0.778587631881237 2.517521485686302 30.09495030716062 0 0.6416547074913979 6.324557922780514 29.51310176029801 2.936122566461563 4.379480253905058 0 0.1433147490024567 0 1.321638017892838 3.783514060080051 31.59806272387505 0 10.25628658384085 16.88930470496416 19.70364882797003 4.315467402338982 7.108542889356613 0
1227.860137633979 3.277523636817932 1376.055096745491 93.91917376965284 14.84773234277964 4620.947861380875 17013.28534031287 7629.578869231045 839.6805490925908 11950.78697814047 14.6268976777792 64.19241966307163 0.6580812707543373 9742.018310591578 112.9517615661025 9.51739876717329 38.93647069483995 5.766367144882679 8.828081384301186 34.13987178355455 257.0118013620377 29.10807840526104 1459.521455712616 2991.135460533202 2.067922025918961 257.8663164526224 393.6521062478423 21126.58347060904 1093.270369593054 2666.516954001039 0.08411090075969696 19.92219883948565 17.65740472078323 225.8243518993258 41.31939126551151 807.3118256404996 20.19053637981415 637.2431457862258 229.4608107805252 88.8475089892745 25.01626195758581 20.06637512892485 22.45426097512245 30.69288773089647 0.488226518034935 6.54786454886198 57.09632398933172 0.3195509240031242 19.11794800311327 829.7138161435723 45.28341081738472 370.0700025595725 33.6618948802352 7.366991639137268 6.120949663221836 10.33288840949535 56.97999385744333 1.85946524143219 27.66727092862129 0.5032715499401093 1.922321446239948 0.8040507771074772 31.08130057901144 31.91928856819868 22.41149584203959 17.41137431561947 682.6904084570706 0.1353552490472794 5.274804830551147 28.21289505064487 700.1527001522481 84.20454797893763 190.7412957847118 0.2249493151903152 2.903440482914448 4.056091114878654 21.03672265261412 7.775811180472374 410.3596157878637 2.094661809504032 123.8687981329858 35.19524110853672 303.8443930074573 10.03491389751434 2.734930984675884 0.8738780170679092
130.1845880672336 1.355513066053391 1860.662234932184 83.17083087563515 57.90841355919838 4471.206056490541 7629.578869231045 10103.60808187723 133.4174417965114 5549.391424551606 36.52294307202101 1342.111056610942 3.580184243619442 6457.926840305328 346.3428488522768 0.3587192744016647 298.9285784140229 15.77016441524029 36.92139837145805 256.2271108552814 70.50137670338154 4.009009383618832 821.3899204730988 468.5351882241666 2.108595579862595 490.3203647434711 238.1087052822113 724.4885924756527 2182.332693383098 1782.399576403201 1.507033750414848 42.47942959517241 3.354483962059021 511.3535604551435 23.55220690369606 992.5881432518363 56.21560237556696 479.8766641914845 135.5501236915588 837.2939653992653 38.8829430565238 91.25699855387211 43.28860291838646 6.010885875672102 1.098674423992634 2.74481038749218 20.96197248995304 0.2470296025276184 4.493621937930584 175.4058000408113 7.749745763838291 53.86803364381194 8.281513422727585 7.368980467319489 11.74951542168856 0.3797163814306259 7.485641624778509 0.606855221092701 3.090647645294666 0.6245197728276253 0.4396532475948334 0.3931160271167755 6.823423475027084 2.882613316178322 2.816942416131496 1.951924003660679 125.9848285131156 0.1240895688533783 1.162093758583069 16.86187933385372 124.9725310839713 12.17214493080974 29.42524683102965 0 0.2775160670280457 0.5538762658834457 3.676831491291523 3.114156030118465 44.43762303516269 0.8091666400432587 23.85547342523932 14.49359653145075 37.31549901515245 2.515450567007065 7.637964650988579 0
21.51753402501345 306.9591227695346 45.74790971726179 1056.119742281735 159.0771586000919 273.8780105113983 839.6805490925908 133.4174417965114 1127.423228628933 463.8775112405419 11.66033355891705 861.1642016619444 57.96485072374344 152.7908282727003 1122.807969629765 50.48554844409227 36.83418617397547 3.907510861754417 16.3919019177556 740.018673427403 40.17989863455296 1358.977043800056 30.05944709479809 6619.22818152979 159.5006339475513 116.5407361388206 810.4461844041944 1592.463779985905 382.7196334898472 216.7779587581754 1.839460790157318 4.081339724361897 50.10940898954868 92.55170156806707 26.05802901834249 565.2387639805675 27.1704164147377 235.0856620296836 90.77179484069347 474.8256512358785 8.758594021201134 4.748705759644508 7.181340344250202 16.37544035166502 1.260672599077225 3.757309697568417 330.2426272109151 2.720491170883179 15.99851639568806 362.6936118379235 13.25157538056374 81.14159562438726 112.5410936176777 2.439278788864613 88.30305480957031 2.477886013686657 20.01402797549963 30.9926638007164 84.71401469409466 0.6662883162498474 0.7756683081388474 0.3430097848176956 183.0475104600191 41.10885434597731 12.7505170404911 10.46496871858835 900.0656836256385 0 5.269372351467609 19.12212597578764 482.2198414690793 66.29138601571321 91.53036019951105 0.475962370634079 0.8362712785601616 5.775246381759644 6.585207179188728 4.456861838698387 81.15960592031479 1.235816270112991 27.61573324352503 8.907104469835758 140.9374062120914 1.786715157330036 0 0.2528022527694702
7.32341194152832 1.691868126392365 383.5120941400528 4110.197743915021 34.33607202768326 9826.739456005394 11950.78697814047 5549.391424551606 463.8775112405419 33565.17292252183 28.62703477591276 3523.041094325483 1.076064862310886 1498.29669521749 72.20581276714802 2.064885541796684 11.84175796061754 8.712365157902241 10.72855307161808 3144.032972715795 60.93259456753731 2.585131041705608 128.7744461148977 834.9990718439221 0.2053769528865814 121.6635031923652 78.79465894401073 3221.655882939696 1047.281117871404 11.17422911524773 0.2856590524315834 47.24036135524511 7.983667209744453 392.2908689528704 84.62907762080431 1443.153922334313 28.81210818141699 1128.133040033281 262.5911717563868 192.019838988781 81.67765399813652 9.89324739575386 40.48374419659376 2.03936355561018 0.2875088304281235 0.6343394219875336 283.35421217978 0 12.57264482975006 274.6384993568063 10.98341841995716 243.7638525888324 81.68605296313763 2.529522225260735 32.67040544003248 0.1483742743730545 6.059790402650833 9.120971038937569 2.322540655732155 0 0.296871691942215 0.8144616261124611 118.8537552803755 3.360948517918587 1.085456840693951 3.23399256169796 354.6170799583197 0 1.232969857752323 6.104836471378803 277.9018231779337 6.856027632951736 10.27307880669832 0.08752091228961945 1.759187020361423 0 2.224317774176598 8.910549685359001 156.561967395246 0 22.22132962942123 6.728553853929043 141.3189233839512 1.770020365715027 1.218574061989784 0.2022769749164581
4.553289756178856 131.2308889999986 83.74664510786533 0.3541635796427727 21.54655364900827 47.45328360050917 14.6268976777792 36.52294307202101 11.66033355891705 28.62703477591276 11052.31890971214 18.36357291787863 1100.759400583804 55.28559042513371 2.097657598555088 1.104523621499538 302.8947563618422 1986.126850277185 1339.416386820376 4.901733055710793 20.10752855986357 22.10105233639479 77.8289502337575 11.47615440934896 460.2050847932696 4297.233276464045 1451.17574814707 9.815500169992447 140.200146637857 30.14762333780527 633.4921046793461 69.47624422609806 15.54342935234308 5227.112140581012 7.327022358775139 1086.195117488503 4532.856456942856 4924.614765234292 876.3602208644152 35.34800011664629 15.32105872035027 2162.171633563936 21.69228793680668 0.136107012629509 14.74067163467407 5.129787489771843 0.3788487017154694 0 0.2661750465631485 6.705080650746822 0.169439509510994 2.690269477665424 0.5094558000564575 167.0099527835846 0.107902005314827 495.0465867072344 0.7365033701062202 0 0.8801928758621216 1.759776785969734 31.36056600511074 48.10865290462971 0.2697066962718964 0.2939347475767136 1.036891676485538 0.4992523491382599 5.48612043261528 90.98056291043758 161.9223159998655 197.9079849421978 3.744183339178562 0.1076692193746567 1.525833107531071 50.76818495243788 0 0 2.241048067808151 29.44990384578705 7.880565166473389 133.8582617044449 21.35134706646204 5.774266466498375 2.306637451052666 1.075338467955589 57.22688309848309 0
0.7964910194277763 5.910600997507572 2.022465132176876 4847.702323332429 104.2478808611631 4752.34419196099 64.19241966307163 1342.111056610942 861.1642016619444 3523.041094325483 18.36357291787863 6588.317766740918 2.386687152087688 452.8208235502243 884.2108315676451 0 2.587928652763367 6.209086813032627 6.264466106891632 4297.483887404203 0.1957816705107689 32.33288733661175 0.8568473383784294 1072.954402126372 2.627749040722847 15.8042083978653 24.21159607172012 887.2060676068068 225.2590234652162 1.45086058229208 0.2044275179505348 24.59272848814726 1.488270744681358 233.5178767293692 14.25147077441216 504.5558729022741 11.79426121711731 434.6347891688347 57.63208897411823 1018.332672476768 18.82304512709379 14.53082666546106 8.437950313091278 0.5009404346346855 0 0 115.6936750635505 0 5.630259901285172 36.82741593569517 2.451475650072098 58.1397488489747 31.47370345890522 0.8117446750402451 69.14635280519724 0 0.7950466051697731 3.133119471371174 0.5615255311131477 0 0 0.08785586804151535 50.98338700085878 0.6497300937771797 0.2976097017526627 0 90.86931446939707 0 0.4885247126221657 2.05762393027544 56.53912515938282 1.31226871907711 0.5800038278102875 0 0 0 0.5470247119665146 1.008212640881538 42.59462893009186 0.2137305289506912 6.407685123383999 2.506431400775909 59.74917586147785 0.398049421608448 0.7327326461672783 0
0.1139081791043282 1144.344231635332 4.074123673141003 0.1198593825101852 0.9015305936336517 1.828749306499958 0.6580812707543373 3.580184243619442 57.96485072374344 1.076064862310886 1100.759400583804 2.386687152087688 1826.882028587162 1.924153871834278 2.850189611315727 1.895851835608482 2.993713587522507 22.03844531625509 4.676274053752422 0.5021354481577873 1.748629435896873 276.1244904324412 3.294645823538303 40.6267629340291 4721.820907302201 350.0759146735072 4294.160932138562 1.709755904972553 3.181150741875172 0.4907281622290611 1180.521855808794 2.051196485757828 0.7682014405727386 648.6948202475905 3.178364306688309 86.04071579873562 3259.059199884534 2478.400281958282 365.6406325399876 4.170879237353802 7.497022986412048 2004.909082099795 2.507350906729698 0 20.55314531177282 2.934924058616161 0 0.1086087450385094 0 0.2597925066947937 0 0.7239692211151123 0 425.9297223091125 0 1473.775876641273 0.09911756962537766 0 0.186731144785881 0.3877666592597961 23.02268677949905 16.84135311841965 0 0 0.9610453322529793 0 1.50442161411047 257.1635526418686 170.9584350138903 259.5885270014405 0.1007256731390953 0.1487444490194321 0.09846463054418564 130.7866837754846 0 0 2.412461638450623 5.589656084775925 2.782555960118771 285.8765939772129 28.92009250074625 4.184652842581272 0 0 145.2671446874738 0
5108.002882793546 2.202302575111389 961.4622346609831 70.32296539098024 79.92640170454979 396.6636025384068 9742.018310591578 6457.926840305328 152.7908282727003 1498.29669521749 55.28559042513371 452.8208235502243 1.924153871834278 12850.34252129495 48.9708463922143 1.296009428799152 548.2921528369188 31.21250926703215 79.17307389527559 149.5401294231415 44.79569365829229 4.743390753865242 535.5207685306668 562.3373980000615 1.511987619102001 412.1035154610872 214.1323478221893 761.5471958033741 4264.894356161356 3560.245079372078 0.2523597776889801 284.6569776013494 45.10095926374197 607.8499650210142 18.29462926089764 732.8547343313694 43.22508278489113 544.2288597747684 86.61048738658428 187.3732542321086 17.46779849380255 44.3215343952179 21.62027240544558 7.050692949444056 0.5909527018666267 1.99753362685442 16.4390689060092 0 4.961733348667622 171.1833284683526 6.211726389825344 58.98285894468427 6.925198428332806 4.002838551998138 5.454601965844631 0.2591931819915771 11.33608435094357 0 4.762951195240021 0.2957071289420128 0.2574199810624123 0.3943587988615036 8.247695133090019 8.155683327466249 5.070957362651825 3.441458992660046 141.3560529015958 0 2.407989356666803 12.56766729056835 143.2922120057046 20.78029266744852 40.77481709420681 0 1.180877216160297 1.015197481960058 3.164019875228405 3.629540339112282 64.90881283953786 0.4666624441742897 18.18075351789594 12.13411058485508 36.53812672197819 2.930051393806934 3.182978555560112 0.462957389652729
1.098104819655418 15.30019108206034 2.603473588824272 124.8688554242253 1813.337104856968 3467.231901489198 112.9517615661025 346.3428488522768 1122.807969629765 72.20581276714802 2.097657598555088 884.2108315676451 2.850189611315727 48.9708463922143 735.689713165164 0.3221709430217743 3.032646983861923 0.5321116074919701 0.7792361974716187 124.9523167237639 0.1267006695270538 114.894460529089 1.661587968468666 1448.438500359654 8.879594951868057 6.442885018885136 53.94973552972078 192.1701344177127 58.66699897497892 3.257485382258892 0 50.09943658858538 1.761393211781979 154.4456570446491 1.047349572181702 222.3458520248532 1.83974202722311 54.4002978131175 18.23171529918909 1719.058533489704 71.48187705874443 3.022687286138535 3.685571983456612 0 0 0 12.82281640917063 0 0.4922382831573486 5.67804092913866 0 13.12857148051262 3.443371474742889 0.2269521355628967 5.43802397698164 1.848951570689678 0.8608040809631348 2.2496497631073 0.5197887569665909 0 0 0 5.786632969975471 1.083170257508755 1.529607057571411 0.2738030403852463 10.34979133307934 0 0.278255432844162 2.281240709125996 7.805616356432438 0 0.3369990959763527 0 0 0 0.4707285389304161 0 2.834626242518425 0 0.2441298961639404 0.7287871018052101 13.02270421385765 0 0.1663664728403091 0
1.512411631643772 48.79954647272825 8.611615173518658 0.2604518532752991 0 0.9881612062454224 9.51739876717329 0.3587192744016647 50.48554844409227 2.064885541796684 1.104523621499538 0 1.895851835608482 1.296009428799152 0.3221709430217743 1225.348352007568 8.606597930192947 0.9353035539388657 2.250250793993473 0.2127120494842529 3344.605700276792 2423.310434013605 3625.267657086253 1594.433498412371 3.791394785046577 5.491337582468987 1979.452883899212 1053.644323274493 22.80686749517918 326.547210752964 0 0.1355047821998596 11.80893594026566 102.1515204161406 28.56514392793179 1721.805315732956 250.3673258349299 456.3636907562613 491.0138809606433 46.06310102343559 6.192878484725952 0.7400059103965759 8.709861032664776 3.879274778068066 1.207194298505783 16.8373671323061 0.396119736135006 0 1.419106096029282 12.27994890511036 6.138058021664619 11.09959283471107 0.5961541905999184 0.1259700059890747 0.8175812661647797 0.9786076918244362 7.13227403908968 0.4693693593144417 3093.449802182615 0.8376679942011833 0.09923960268497467 0.9371266216039658 0.2721792906522751 486.3544093519449 1305.013462513685 1864.284509658813 117.7590788081288 0 3.395459249615669 653.1454007178545 65.59198322147131 47.84796866774559 173.5915727764368 0 0.1003943681716919 17.87204580008984 6.219696894288063 7.931569054722786 157.443579107523 9.311829432845116 18.71922428905964 11.17130418121815 10.0891894325614 0 0.1583510041236877 0.1678787916898727
159.5480776950717 152.7994079887867 2739.375069133937 0.4942983388900757 1.034568332135677 21.70227444916964 38.93647069483995 298.9285784140229 36.83418617397547 11.84175796061754 302.8947563618422 2.587928652763367 2.993713587522507 548.2921528369188 3.032646983861923 8.606597930192947 1282.438013777137 153.5944158732891 1704.249159373343 0.5020810961723328 246.2265672236681 58.23582252115011 3336.116428621113 60.64078918099403 1.54730798304081 4762.062673591077 4962.555469155312 72.95317557826638 924.0953642725945 723.5857059806585 1.277625568211079 2.249709457159042 97.20860726386309 560.5325739309192 5.623666606843472 365.6884770840406 347.1400287821889 632.2274404317141 170.7375552877784 12.1502502784133 3.634233310818672 3.254289239645004 1.313876710832119 1.261477150022984 61.23463370651007 214.6729562059045 0 0 0.2403011545538902 7.261734068393707 2.97717259824276 4.712493076920509 0.1008980721235275 1.569203041493893 0 2.353399969637394 3.258333697915077 0 6.817812412977219 48.81791953742504 2.934541113674641 19.07197228819132 0 3.560322135686874 11.77721721678972 9.002868913114071 15.90467822551727 3.174633271992207 382.4822165966034 644.6687966734171 9.864340398460627 3.566426575183868 4.520962297916412 1.629206314682961 0.114916019141674 0.1324198544025421 9.768003396689892 0.8526333495974541 28.04959965497255 5.742157965898514 32.93156911060214 4.169007413089275 3.388231463730335 0.5901318937540054 0 0.1749978512525558
6.605691969394684 22.95163947343826 48.83161872625351 0.5189410373568535 2.338327594101429 9.371638678014278 5.766367144882679 15.77016441524029 3.907510861754417 8.712365157902241 1986.126850277185 6.209086813032627 22.03844531625509 31.21250926703215 0.5321116074919701 0.9353035539388657 153.5944158732891 78.27946442365646 468.5757873728871 1.363474704325199 20.41451296955347 7.595365017652512 85.45765442401171 6.397511944174767 65.97172385454178 2333.56029356271 562.3154904469848 5.153745695948601 83.75001752376556 54.77471996098757 36.03401749581099 7.71521432697773 13.82045678794384 1245.361177638173 3.328521840274334 528.6573264449835 562.8237484917045 1294.892436765134 434.7083474174142 12.41089998930693 1.989120572805405 11.49284861981869 3.081938989460468 0.09757383912801743 15.29071611166 1.983400739729404 0.1196820065379143 0 0.308254137635231 1.286436580121517 0.3879532217979431 1.612232461571693 0 19.94334367662668 0.4107408598065376 76.74134421348572 0.2635786309838295 0 0.2803262919187546 2.752317667007446 82.48748238384724 139.6387149691582 0.2538767457008362 0.2340689823031425 0.5120990723371506 0.7167486473917961 2.642123680561781 55.68305358290672 332.6003950610757 469.2928863316774 0.8407154902815819 0.193837434053421 0.09845020622014999 41.82812315970659 0.2000467777252197 0 3.430329374969006 2.743292890489101 5.756337836384773 45.98892131447792 13.5841181576252 3.073966972529888 0.1290600746870041 0 0.1035642474889755 0
23.98390751332045 193.2688435763121 138.8034983053803 0.5739832445979118 4.774373970925808 9.595347195863724 8.828081384301186 36.92139837145805 16.3919019177556 10.72855307161808 1339.416386820376 6.264466106891632 4.676274053752422 79.17307389527559 0.7792361974716187 2.250250793993473 1704.249159373343 468.5757873728871 1154.392514035106 2.590803943574429 82.49852152913809 32.97976204752922 588.9923063963652 21.59137614816427 15.76682701706886 3371.165572121739 1618.040055334568 14.10628408938646 203.3256305158138 159.0937005802989 3.734925262629986 13.45788779109716 35.86872991919518 2495.848509550095 3.474020093679428 829.0967956632376 612.8070499077439 1583.183825291693 419.3848389908671 30.53743600845337 1.030191123485565 18.76598270237446 4.749689325690269 0.3822662010788918 80.92845403403044 27.99721159040928 0.2170065119862556 0 0.1480001360177994 3.918035633862019 0.4617386758327484 3.356097854673862 0.284014418721199 8.753668710589409 0.08845289051532745 13.85972844809294 1.403439037501812 0.3185444623231888 2.566771149635315 22.46396857500076 40.24211819469929 272.074477776885 0.1170054152607918 0.2619912326335907 6.156828448176384 1.484242454171181 12.7730140760541 38.49138911068439 1117.522446848452 1244.149447515607 4.003592915832996 0.2056218087673187 1.354733124375343 10.83393385261297 0.1263523250818253 0 14.34717067331076 2.256563812494278 24.7175165861845 12.63203785568476 42.30822924524546 5.977925926446915 1.249762289226055 0 0.2863994240760803 0
0.3565796613693237 0.619792252779007 1.228255577385426 1717.37883849442 11.11325500160456 387.3215168267488 34.13987178355455 256.2271108552814 740.018673427403 3144.032972715795 4.901733055710793 4297.483887404203 0.5021354481577873 149.5401294231415 124.9523167237639 0.2127120494842529 0.5020810961723328 1.363474704325199 2.590803943574429 395.33711258322 0.2168601006269455 5.78207890689373 1.413219764828682 799.4381961971521 0.6311399340629578 4.304537728428841 7.933661259710789 2574.169541597366 131.9928480684757 0.8194329738616943 0.1026233956217766 8.681410446763039 0.6583418026566505 71.01584893465042 9.519252195954323 394.8405562415719 3.699469499289989 188.5242129564285 36.09163168072701 228.175684414804 14.04308787733316 3.348445028066635 6.280139721930027 0.3830055594444275 0 0.2587790489196777 127.5694899410009 0.4895445108413696 7.213245511054993 127.6281025484204 2.696603193879128 136.7604690417647 47.88516651839018 0.8283689394593239 25.31730752438307 0 2.272586494684219 6.277775749564171 0.1281623095273972 0 0.1339289098978043 0 77.78116679936647 2.578004091978073 0.1040377840399742 0.5529364198446274 199.2990404963493 0 0.3020077496767044 1.82369340211153 132.1944315060973 1.769224844872952 3.229414902627468 0 0.3912622034549713 0 3.456473998725414 1.465790987014771 87.05416335910559 0.1562805324792862 11.01659102737904 5.688826583325863 106.7111020237207 1.133282348513603 0 0.1592966020107269
40.7890285179019 3.291779771447182 190.5326988399029 0.5787744224071503 0.5156273245811462 60.79500482231379 257.0118013620377 70.50137670338154 40.17989863455296 60.93259456753731 20.10752855986357 0.1957816705107689 1.748629435896873 44.79569365829229 0.1267006695270538 3344.605700276792 246.2265672236681 20.41451296955347 82.49852152913809 0.2168601006269455 14840.74616420269 198.540241278708 12095.38032553345 283.8632838129997 0.3373952507972717 44.50426472723484 1765.602535225451 3005.092719450593 190.3685803636909 9656.676897235215 0 1.777379527688026 79.98838371038437 2258.296197146177 203.1016026735306 6802.394061073661 820.4334138408303 6664.103562101722 2999.913591943681 151.2281955257058 30.10725221037865 7.423518434166908 37.79103130847216 7.282726399600506 0.2301034852862358 11.85187052190304 1.219276294112206 0 0.8736668452620506 17.1538348570466 1.083324156701565 8.847310304641724 0.6118748188018799 0 0.3627898693084717 1.272207975387573 8.708163894712925 0.2209839373826981 677.1273887753487 1.14714141190052 0 0.5740221440792084 0.1168313398957253 407.0425438061357 191.0154610797763 349.3881029486656 119.5573518685997 0 3.00951511412859 56.87466423213482 82.73826607316732 62.44518859684467 173.9855805411935 0 0.6039862260222435 13.90471208095551 7.393383607268333 37.59216635674238 150.1802872717381 1.415632613003254 18.80587135255337 8.999806433916092 13.40855575352907 0.3201864808797836 0 0.5675668865442276
2.554849550127983 2047.97439160943 67.60267623513937 3.788195952773094 7.335723429918289 4.512223348021507 29.10807840526104 4.009009383618832 1358.977043800056 2.585131041705608 22.10105233639479 32.33288733661175 276.1244904324412 4.743390753865242 114.894460529089 2423.310434013605 58.23582252115011 7.595365017652512 32.97976204752922 5.78207890689373 198.540241278708 905.9050136208534 366.6944245547056 5733.722284086049 1018.591006480157 227.5135888829827 4912.635515078902 241.8684973120689 22.77831604331732 80.99786072224379 8.209256768226624 0.4920627549290657 8.629640825092793 63.55505927652121 4.462328091263771 241.6003626063466 40.5790628194809 170.2765973210335 83.01684118807316 53.89506551623344 0.6675496697425842 2.46994161605835 3.642097547650337 1.072831377387047 10.28433604538441 35.35889802873135 0.4867318421602249 0 0.5897076651453972 3.295281738042831 0.3643470332026482 7.819078341126442 0.1066829711198807 1.100844599306583 0 5.416952937841415 2.508471325039864 0 811.6705595329404 3.432389743626118 0.8935927674174309 2.144118160009384 0.2075821757316589 85.30743146687746 215.5069525167346 245.2449218928814 37.19833374768496 1.164062857627869 12.76850214600563 1607.293392881751 13.82932375371456 9.753613874316216 21.89965823292732 0.906877689063549 0 2.811220183968544 4.01593354344368 2.276938855648041 27.14970324933529 1.870567038655281 5.468959659337997 1.851161137223244 1.923698365688324 0 0.1601424515247345 0
123.7187477201223 9.177443236112595 11636.92906928062 1.047223947942257 1.295509539544582 157.683960519731 1459.521455712616 821.3899204730988 30.05944709479809 128.7744461148977 77.8289502337575 0.8568473383784294 3.294645823538303 535.5207685306668 1.661587968468666 3625.267657086253 3336.116428621113 85.45765442401171 588.9923063963652 1.413219764828682 12095.38032553345 366.6944245547056 14202.83102338016 369.0174751281738 1.484378896653652 2053.875134006143 11286.3220160529 1713.57370352 402.0449534729123 3295.615352965891 1.957275301218033 3.450764320790768 28.57294567674398 2268.529079414904 218.9694145694375 10038.54685338587 3105.221303999424 9231.231539778411 7691.378703027964 311.6781544089317 68.29648395627737 13.55431911349297 79.76604812592268 1.439498640596867 8.398025281727314 154.8347324132919 0.6910565048456192 0 1.457591213285923 32.18332500755787 15.99244037270546 8.853418357670307 2.042360872030258 0.5701247453689575 0 3.519344739615917 13.27549970895052 0 1845.387048572302 5.632532648742199 0.4821868687868118 1.08002196252346 0.2254788279533386 177.9916801825166 463.6456359028816 1840.177217699587 38.39920829609036 0.1157079041004181 9.408459402620792 1807.927693247795 35.28631503507495 13.79107200354338 60.67979294806719 0.3249484375119209 0.6708381623029709 2.777208641171455 4.875312238931656 103.4841945618391 101.1948207244277 5.544054418802261 17.95914733409882 12.98706860840321 7.513414032757282 0.2795106172561646 0 0.1264691054821014
80.06179080158472 422.0755041688681 100.0626086220145 1592.555267781019 67.02538577467203 248.769766330719 2991.135460533202 468.5351882241666 6619.22818152979 834.9990718439221 11.47615440934896 1072.954402126372 40.6267629340291 562.3373980000615 1448.438500359654 1594.433498412371 60.64078918099403 6.397511944174767 21.59137614816427 799.4381961971521 283.8632838129997 5733.722284086049 369.0174751281738 6168.956371549517 170.868698105216 108.5300998464227 3146.692680507898 6705.443728383631 1386.2316214405 1238.478443451226 0.6393425613641739 14.04478335380554 182.231882661581 350.0522223487496 80.67290283739567 2029.34213507548 57.01711147278547 777.5771628059447 343.7354985363781 353.1388802155852 38.9702515527606 8.547840163111687 20.39278181642294 35.29572045430541 2.051318652927876 13.54617509990931 150.4481749162078 1.361649140715599 19.42056129872799 544.1168509982526 29.80499552562833 642.1377326324582 58.33751010149717 4.106468185782433 31.47628353536129 5.71187973767519 50.02060033008456 8.10408104211092 211.2440260574222 2.574407689273357 0.9901977851986885 2.354748718440533 78.82913616299629 186.2378274463117 172.0618335604668 51.44902455806732 917.5403024628758 0.3132320493459702 7.985804475843906 49.88869830965996 748.1705514602363 137.4968668222427 255.0390370897949 1.287149474024773 3.058929920196533 14.06995059549809 19.38460901379585 8.728307895362377 345.9516044855118 2.579731620848179 73.65405993536115 20.54545168951154 195.7232557088137 5.089359477162361 1.01904235035181 0.900031603872776
0.1265331953763962 2404.152333177626 0.9541265442967415 0.1381727010011673 1.052007667720318 2.003697708249092 2.067922025918961 2.108595579862595 159.5006339475513 0.2053769528865814 460.2050847932696 2.627749040722847 4721.820907302201 1.511987619102001 8.879594951868057 3.791394785046577 1.54730798304081 65.97172385454178 15.76682701706886 0.6311399340629578 0.3373952507972717 1018.591006480157 1.484378896653652 170.868698105216 295.7093821242452 592.6934616565704 6058.863072872162 10.04267325252295 4.222256124019623 1.667214132845402 446.2714608460665 3.259372651576996 0.1286372244358063 252.7314347401261 0 97.46092909574509 308.1576741784811 274.9856074303389 38.98973953723907 26.18910990655422 7.526266038417816 348.0012531280518 5.427304923534393 0 77.63539113849401 0.924131877720356 0 0 0 0 1.111576668918133 3.67810083180666 0.3894317895174026 206.5704125761986 0 2354.615442238748 0.7638149261474609 0 0.4738868996500969 0.6825894117355347 67.00971134752035 50.83152770251036 0.09128196537494659 5.247240766882896 7.129910469055176 0.1141588240861893 5.187163934111595 651.0143879279494 366.8463676273823 1336.40975998342 1.037087395787239 1.83186986297369 0 251.263322122395 0.5986015796661377 0 3.466133669018745 0.3246845602989197 80.93058820068836 61.66742427647114 39.03537610173225 2.521317400038242 3.139615073800087 0 33.84053736925125 0
73.479865655303 1225.127262294292 6475.733428180218 3.632713153958321 9.049645140767097 154.1053790152073 257.8663164526224 490.3203647434711 116.5407361388206 121.6635031923652 4297.233276464045 15.8042083978653 350.0759146735072 412.1035154610872 6.442885018885136 5.491337582468987 4762.062673591077 2333.56029356271 3371.165572121739 4.304537728428841 44.50426472723484 227.5135888829827 2053.875134006143 108.5300998464227 592.6934616565704 26865.94956835359 16415.56132213771 68.2487935423851 493.7277432009578 189.874030418694 779.4945871978998 26.34485156089067 45.81417544931173 2956.721329309046 25.34749069809914 3057.490666933358 3351.525629080832 6089.058942191303 2132.575902827084 79.28396219015121 6.242185063660145 102.6693254113197 17.46918560564518 1.417819432914257 495.2087711468339 438.4948159530759 1.555750787258148 0.108751080930233 1.107491791248322 17.85179698467255 5.671819306910038 14.40104407817125 0.6659964099526405 141.2449812740088 1.148273639380932 699.7171173542738 6.119526319205761 0.9700027704238892 15.89736777544022 136.4293946921825 371.9211010187864 762.2728541269898 0.6644662767648697 6.014858275651932 30.53544044494629 17.53383070975542 53.41416352242231 358.8696634992957 3515.386709690094 4940.224112592638 16.35123065114021 3.259550504386425 7.587379768490791 269.6528853178024 1.381283849477768 0.2182300835847855 55.30856662243605 13.72370129823685 114.8658663220704 252.9901792854071 186.2038654386997 24.44112875312567 7.496175870299339 0.6041230484843254 5.828067600727081 0.1268645823001862
38.0111027136445 7685.781520165503 7074.312539599836 10.67117823660374 8.937274694442749 70.06760156154633 393.6521062478423 238.1087052822113 810.4461844041944 78.79465894401073 1451.17574814707 24.21159607172012 4294.160932138562 214.1323478221893 53.94973552972078 1979.452883899212 4962.555469155312 562.3154904469848 1618.040055334568 7.933661259710789 1765.602535225451 4912.635515078902 11286.3220160529 3146.692680507898 6058.863072872162 16415.56132213771 21599.87797985971 1666.78180860728 309.940743342042 96.84061007201672 1536.630648009479 18.88331381976604 42.60044447332621 3476.383970402181 72.9118347838521 6362.913295350969 2723.21965265274 9202.540474012494 3716.853669732809 327.0475056394935 29.40768443048 64.87085022032261 49.74667037278414 3.781465448439121 1374.732648357749 1612.939677938819 1.643472403287888 0.2213235050439835 3.712592080235481 46.30981471389532 28.39832709729671 24.54779821634293 3.342919632792473 138.8867927640676 1.148190222680569 870.0399190112948 31.92844121158123 0.4175539910793304 823.1731050908566 237.3123064935207 417.9491663724184 791.4488207101822 0.1199712976813316 34.26061256974936 994.4007504954934 1052.617918774486 92.94572899490595 505.3124743849039 4380.844404295087 14160.16785799712 34.20792917534709 8.031750425696373 24.31930535286665 358.6988950446248 1.661381870508194 0.5739744901657104 95.2995403110981 63.28110811114311 232.6010748893023 233.1566554382443 329.378933660686 48.3151470720768 9.062178991734982 0.5133091807365417 4.351236686110497 1.546569928526878
