1042.765592865646 0 37.76856852322817 9.596355803310871 0 7.699699833989143 2695.099840044975 559.0260160341859 0.3925802782177925 46.32982537895441 12.80910471081734 2.208774343132973 0.09788027405738831 6225.369479171932 0 0.7664701640605927 260.5154799222946 15.57078571617603 257.6709484234452 14.50713010132313 34.83774349838495 0.7890759706497192 83.12727615237236 18.98615116626024 0 313.0273096933961 9.964876420795918 57.33946418017149 4518.70093280077 2133.902946792543 0.0785018652677536 1.425399295985699 67.08727750182152 182.1572939530015 1.826122999191284 27.88652820885181 15.71761237829924 113.0688822939992 43.10724261403084 2.269579872488976 2.105725727975368 0.3021953105926514 0.2434397786855698 0 0 0.311297282576561 0 0 0 0.5049602836370468 0.1233148649334908 0.8529944196343422 0 0 0 0 0.3123010322451591 0 0.6518910750746727 0 0 0 0 1.036219418048859 0.1322427541017532 0 1.763816818594933 0 0.5770385637879372 0.6792876869440079 1.752788715064526 0 0.2596679031848907 0 0 0 0 0.2629996240139008 0.4431555867195129 0 1.142631202936172 0 0.7572976350784302 0 0 0
0 166.0164598077536 11.94145920872688 0.1112546697258949 0 0 1.963584050536156 0.2091030925512314 1256.756203383207 0.4210855290293694 17.61913758516312 0.8386594280600548 515.263336032629 0 5.5921925380826 16.20675708353519 4.165615245699883 11.4135515242815 8.934345357120037 0.3289316594600677 0.4673649296164513 2599.229357220232 1.219486847519875 491.2902204617858 2220.39465983212 97.0992516875267 6262.966589897871 10.57366244494915 0.1153454855084419 0.173924058675766 67.55780216306448 0 0 7.351524524390697 0 9.70359056442976 28.6085467338562 16.16319397091866 5.157970234751701 17.65713302046061 0 42.95983485132456 0 0.3509365543723106 177.8914693519473 43.13729636371136 0.6259933188557625 0 0 2.431524522602558 0.5317827090620995 3.88688936829567 0.4648216664791107 1.731400519609451 0 12.44577842950821 0.8120078071951866 0.236813485622406 4.06008118391037 33.87535251677036 5.176191814243793 22.1210116520524 0 0.1391204446554184 21.5572714433074 7.450916096568108 5.352454334497452 49.22003611177206 246.1133995726705 1811.70803911984 1.660298898816109 0.1823506578803062 0.1148484349250793 4.557825677096844 0 0 11.7255499586463 0 13.209646679461 28.51989319175482 34.27893929928541 4.457384407520294 0.1654074788093567 0 0.7212692499160767 0
37.76856852322817 11.94145920872688 7574.395653054118 52.51725275069475 0 34.3972005173564 941.4174824357033 270.8315334543586 3.780003577470779 155.6968356743455 16.51204166561365 2.592439644038677 4.404229819774628 171.9347186908126 0 12.65327814221382 5616.936961583793 19.36901626735926 240.301800057292 6.589299626648426 944.2906940504909 4.043411649763584 10034.35769686848 87.22566547244787 1.034836083650589 9659.791893780231 6178.826349310577 416.105979539454 48.08570051193237 70.1515991166234 0.5303156599402428 0.5787219330668449 5.611854285001755 780.4415663182735 55.38824671506882 1950.296078316867 1951.603759147227 1986.794974073768 997.0263236165047 75.22346056997776 2.523235782980919 2.694024473428726 7.772308081388474 0.403114914894104 90.45390911400318 258.2142385393381 1.083943620324135 0 0 4.953036993741989 0.8543972000479698 3.887143805623055 0.4961512088775635 0 0 0.2666628360748291 0 0 22.30867742747068 20.6678502112627 0.0942784771323204 1.871463350951672 0.1581132411956787 5.404935821890831 43.18652840703726 25.95857714861631 10.01732919365168 0.3372387439012527 44.87918554991484 1488.94429243356 7.017271541059017 0.4190574735403061 3.07973113656044 0.3737531155347824 0 0.1455951035022736 4.435604386031628 4.983884647488594 13.06750512123108 33.52421859651804 8.545121483504772 1.292958959937096 0.2445552796125412 0.1737858057022095 0 0
9.596355803310871 0.1112546697258949 52.51725275069475 2342.731732115149 0.1580097228288651 119.5171924307942 710.6303375810385 142.7599093392491 1795.287246055901 6437.014609664679 28.45914252102375 675.3206965699792 1.847169689834118 189.91717813164 25.94728811830282 11.82979410141706 16.32414511591196 6.227526798844337 2.773824453353882 5820.846628725529 35.88549295067787 8.384547859430313 21.95665889233351 3487.769497543573 0.527840830385685 40.87811516970396 33.87709311395884 2356.192042857409 275.7725115120411 10.75150566548109 1.488503858447075 1.902952775359154 37.20956021547318 157.483366638422 4.457630977034569 396.1066769137979 15.34079597145319 266.415533810854 87.49747055023909 189.0236323475838 7.919815115630627 1.205133929848671 7.006684049963951 0.2515731379389763 0.7493480667471886 1.246539086103439 198.0697821378708 0.3492791950702667 12.4422911927104 120.5951962098479 12.54640027135611 288.8555098921061 146.7986128851771 1.304822161793709 169.2302163541317 0.1024748086929321 15.88477826118469 17.9158697873354 1.80814228951931 0.1237138211727142 0.5261167883872986 0 195.193491242826 0.5448589771986008 2.3868528008461 1.325896844267845 411.661535449326 0 0.9294116273522377 3.964692659676075 429.5929782986641 8.51467290520668 1.014404013752937 0.3907669633626938 0.4395639449357986 0.1073217168450356 5.995769873261452 0.7828048765659332 19.46328607201576 1.113296858966351 19.25627192109823 2.484766997396946 137.8590897545218 0.3184918761253357 0.1215329691767693 0
0 0 0 0.1580097228288651 11.58408187329769 349.8189025595784 0.2962470054626465 75.5021313726902 29.76695390045643 1.708192512392998 0.8043771237134933 28.51277232915163 2.592808172106743 7.008079946041107 1226.404831774533 0 0 0.1827712059020996 0 1.103605292737484 0 0.2833480536937714 0 0.9461403489112854 0.7814988493919373 0 0 0.5201371982693672 12.61517018079758 0 0 198.3145926296711 0 28.17084437608719 0 7.967896953225136 0 18.42629012465477 32.28084142506123 1875.981116481125 81.03276538848877 2.627599135041237 1.135265424847603 0 0 0 0 0 0 0.1122746020555496 0 0 0 0 0 0 0 0 0 0 0 0 0.2301955670118332 0 0 0 0 0 0 0 0 0 0 0 0 0 0.2009964436292648 0 0.6507129669189453 0.1399760246276855 0 0 0 0 0 0
7.699699833989143 0 34.3972005173564 119.5171924307942 349.8189025595784 11383.13502145559 2381.73224157095 5486.822902679443 97.26106725633144 7003.020267121494 83.10757373273373 3711.536105237901 32.34299776703119 817.4997119382024 1964.645989507437 0.6607023179531097 15.56765324622393 15.63161742687225 9.058325313031673 756.9160040318966 24.63557741045952 0.8767483681440353 16.07026226818562 18.28832203894854 3.736895084381104 57.38746811076999 15.42749814689159 702.7695441693068 621.5622892603278 15.26125268638134 2.165367960929871 262.9061388894916 2.652814373373985 454.429807446897 3.436084754765034 215.6673351898789 12.8486654534936 260.5357594043016 220.6601039394736 2607.119967341423 406.5415458083153 15.78679800778627 12.45783742517233 0 0.1612820327281952 0.4349006712436676 10.77831924706697 0 1.16583389043808 19.9523803293705 2.622351609170437 5.510125443339348 10.95014005899429 0 19.12983155250549 0.2386396080255508 3.603422023355961 0.7236500233411789 0.1636061370372772 0.3059400320053101 0 0 10.03130036592484 0.1685536205768585 0 0.6935052871704102 23.48576512187719 0.5020061805844307 0.7910066619515419 0.7029871791601181 29.66067036241293 0.6035927906632423 0.1379503011703491 0.2535724863409996 0 0 0.3278931006789207 0.2223294228315353 3.456668213009834 0.9686755612492561 3.076639324426651 1.060871742665768 12.64356429874897 0 0.6915933638811111 0
2695.099840044975 1.963584050536156 941.4174824357033 710.6303375810385 0.2962470054626465 2381.73224157095 21272.1136675626 4684.557757101953 372.2236831188202 15592.96901800483 139.3941479027271 265.399534009397 12.15898527950048 6606.965971574187 17.1203943118453 16.80771144479513 537.8793784379959 45.42874592542648 163.9562067314982 932.0585202872753 2273.563815772533 10.10072638094425 960.788216739893 697.4335467666388 9.512659765779972 846.8685711286962 175.7949044406414 14088.84782102704 2162.53945132345 6139.199126377702 4.023384004831314 11.90402230620384 279.1980797573924 885.9061643779278 70.32935032993555 3234.154120922089 140.9010027348995 1753.294397011399 846.1089016795158 625.1226832196116 57.64481431990862 5.731823317706585 30.78547933697701 9.450270652770996 0.851318746805191 6.355017632246017 77.38247953355312 0 12.46197647601366 701.4460105448961 21.71605838090181 175.2555612698197 78.32722296565771 7.568709671497345 44.42487970739603 0.9049777686595917 38.81981748342514 3.870858632028103 39.28924514353275 0.6213083118200302 2.540908075869083 1.29116216301918 78.34684897214174 33.5054277330637 10.50635353475809 14.61972510069609 757.7075335383415 0.9507046341896057 7.708179153501987 26.65677707642317 881.1826060935855 39.07423683255911 53.17197046428919 0.9692602753639221 1.830392234027386 1.884304843842983 22.75457688421011 2.733507767319679 68.28505232185125 5.339700773358345 77.52738167345524 19.46977350115776 72.22189473360777 0.9033972173929214 0.8212604969739914 0.3772186040878296
559.0260160341859 0.2091030925512314 270.8315334543586 142.7599093392491 75.5021313726902 5486.822902679443 4684.557757101953 11114.90242946148 17.57536661624908 3811.489655911922 108.0473907738924 1357.222258388996 41.95730897784233 5639.339208807796 178.3619702458382 1.196057945489883 385.8411072492599 31.39099458605051 308.6209784224629 1108.550873495638 179.1808503866196 0 195.4573995694518 122.3965582698584 6.624260306358337 684.4952292628586 35.77884993702173 416.2996350228786 693.990839228034 775.9689581617713 2.030376724898815 1650.320332020521 6.561108820140362 458.9682039394975 11.80933371931314 505.5353182777762 115.0310090258718 563.9430797323585 424.3188576325774 1012.786150932312 106.6834075897932 24.83570095151663 17.78400902450085 1.708133280277252 0.3085627928376198 1.26910038292408 16.5864669457078 0 1.973758667707443 53.31416663527489 3.690516285598278 11.42864599823952 16.76618544757366 0.1525169610977173 7.545115411281586 0 2.552304089069366 0.2746663093566895 1.235680848360062 0.2733327895402908 0.1942390501499176 0.929194264113903 15.67684856057167 0.5472621321678162 0.3164610415697098 0 66.02509182691574 0 0.8849269673228264 8.793671071529388 72.57568068802357 2.721972368657589 0.8231784254312515 0.6198666468262672 0 0.2012831419706345 0.8837758526206017 1.314012721180916 5.564752273261547 0.982615128159523 8.960448421537876 2.127448529005051 7.475920706987381 0.1341742724180222 0.7825198099017143 0.2155459225177765
0.3925802782177925 1256.756203383207 3.780003577470779 1795.287246055901 29.76695390045643 97.26106725633144 372.2236831188202 17.57536661624908 1059.161986760795 221.8857625499368 3.728287428617477 553.7328174561262 5.292348571121693 8.915853790938854 948.4116243422031 130.7296646237373 9.592999048531055 3.74330972135067 6.054482460021973 724.7165679633617 44.14400540292263 3137.73375787586 14.39837771654129 8966.463055104017 73.85801205039024 28.99474748969078 1455.145973801613 2148.791188582778 24.35278633236885 35.55352771282196 1.79740946739912 3.950483180582523 2.661047212779522 25.17162435501814 0.4635466411709785 304.561430439353 22.24584019929171 37.38919419795275 14.81806445866823 693.7635603547096 0.5601588189601898 0.1539666652679443 0.2458899915218353 12.27759563177824 10.18140587210655 18.76422484964132 97.31322038173676 0 3.976495042443275 275.9572072699666 10.11771665513515 155.4276485517621 49.11548296362162 0.7711964994668961 59.20456635951996 1.036423280835152 14.82071999460459 11.67837008833885 105.4250955507159 2.857377201318741 0.1867881715297699 0.3967101201415062 63.38821092247963 72.33161478489637 45.07462854683399 12.12082003802061 1067.73338752985 0.7927568778395653 8.668376460671425 126.3995950892568 493.9899975508451 25.84477619081736 46.21729131788015 0.1694971024990082 0.9324626997113228 1.453972943127155 10.25508673489094 1.298464462161064 42.40039606392384 4.959778480231762 30.73886236548424 11.39122058451176 72.32830484211445 0 0 1.154121726751328
46.32982537895441 0.4210855290293694 155.6968356743455 6437.014609664679 1.708192512392998 7003.020267121494 15592.96901800483 3811.489655911922 221.8857625499368 42258.0567887947 164.8846650272608 5059.293685935438 14.22998856753111 1248.398697860539 26.58920589089394 2.343615829944611 47.73162844032049 51.19478909298778 20.40573195368052 10809.39491339028 145.9801585525274 1.709804624319077 73.81127288937569 124.3382806256413 3.023386865854263 163.0173044651747 56.07060538232327 5482.784493900836 1138.906318344176 35.17744229733944 5.435457684099674 17.30635995417833 36.59746430814266 514.1789892017841 24.11308708041906 681.4833756834269 52.44520408660173 713.7631416618824 187.2302664294839 148.6730611622334 21.15907253324986 4.197408080101013 11.5964876934886 0 0.4073125123977661 0.9668929576873779 91.93377340584993 0.5838394165039062 8.38691695779562 99.47736262530088 7.968016847968102 93.10852336138487 87.32137839496136 2.449027232825756 119.3694604337215 0.4111839830875397 8.897159449756145 10.50871306657791 0.6595795825123787 0 0.3306708261370659 0.2031054794788361 98.80975946784019 1.35367414355278 0.1465659588575363 1.405516475439072 184.6975162625313 0.1613219156861305 2.401295192539692 7.596618309617043 222.0004039779305 4.663764074444771 0.3534732758998871 0.3072458654642105 0.2319271266460419 0.1692914068698883 3.089397288858891 1.418613255023956 12.63136280328035 0.4927781522274017 13.64945373684168 0.9509285688400269 40.13822297751904 0 0.2743628844618797 0
12.80910471081734 17.61913758516312 16.51204166561365 28.45914252102375 0.8043771237134933 83.10757373273373 139.3941479027271 108.0473907738924 3.728287428617477 164.8846650272608 9207.147662051022 160.4833886697888 1715.285559289157 86.76688647270203 0.5513258054852486 0.5533936321735382 123.554392144084 2222.313349589705 825.370061930269 173.6880094371736 13.70383507758379 2.277702003717422 52.19340724498034 39.88697546720505 868.0700308680534 3857.363644614816 1146.188699424267 82.88889026641846 296.0093273147941 36.86529194563627 345.4398395642638 64.09668458998203 23.01567181944847 9403.005368400365 15.53982231765985 555.1632921099663 3583.645612612367 5902.641954682767 1001.396133422852 263.8666187748313 20.63741365820169 1340.05374083668 4.850182548165321 0.4963555037975311 15.76431566476822 0.7660822793841362 2.566632710397243 0 0.2965555116534233 21.11575528234243 3.404413670301437 3.98031235486269 1.711258552968502 266.7047986909747 2.804839178919792 689.2755669057369 1.826640538871288 0.1355864703655243 0.1128983646631241 0.8144211769104004 94.76918788254261 32.08767409622669 3.133534885942936 0.3610413074493408 2.29415225982666 0.672712430357933 19.50170173496008 202.9095477312803 431.8470261096954 425.3249690756202 25.81921350955963 4.248368889093399 1.009697645902634 317.5549248605967 1.30706550180912 0 23.49471750855446 2.378365352749825 9.153116405010223 329.0874444767833 88.95480068027973 16.66954112797976 3.49719675630331 0.9934046715497971 117.9743531122804 0.3078480809926987
2.208774343132973 0.8386594280600548 2.592439644038677 675.3206965699792 28.51277232915163 3711.536105237901 265.399534009397 1357.222258388996 553.7328174561262 5059.293685935438 160.4833886697888 8870.198727875948 14.46687591820955 548.1255167126656 1374.45100556314 0.5392210558056831 0.8844249621033669 36.11938987672329 8.319725312292576 5832.512185096741 2.429560132324696 1.845647767186165 2.007650695741177 496.4550070390105 2.802164703607559 58.86845557391644 26.47223284840584 299.7498831152916 496.4692473858595 3.912384502589703 4.212435945868492 39.21307048946619 1.717734403908253 400.5815105363727 3.507108651101589 1052.725390188396 13.62600639462471 321.1345702186227 71.37240453064442 1914.603284589946 14.48836649954319 4.544338241219521 3.895407497882843 0.1627130508422852 0.09507869929075241 0.4999479949474335 86.13545947521925 0 7.811248309910297 81.43920773267746 6.216217778623104 86.0169093310833 76.39846906810999 1.077100694179535 203.4165201038122 0.7186623066663742 7.390790820121765 29.4574618190527 0 0.1063967943191528 0.7610457614064217 0.2634304240345955 71.94196519255638 1.069501519203186 0.9340120106935501 0.1778498142957687 146.0845047459006 0.2531127706170082 2.315506674349308 1.280327200889587 167.9224629253149 3.445846080780029 0.1519431620836258 0.06963597983121872 0.4000941812992096 0 3.080394074320793 0 49.69107330590487 0.1922825798392296 5.138376951217651 1.412234894931316 211.1654635667801 0 0.2013878002762794 0
0.09788027405738831 515.263336032629 4.404229819774628 1.847169689834118 2.592808172106743 32.34299776703119 12.15898527950048 41.95730897784233 5.292348571121693 14.22998856753111 1715.285559289157 14.46687591820955 3039.53421883285 10.2191438600421 1.212512239813805 21.86466571688652 3.626560196280479 78.51486080139875 11.42293726652861 13.05802972614765 7.248858541250229 27.81406342238188 11.01746290177107 8.367177084088326 4034.11366391927 645.3913774490356 3108.974548146129 17.81868331879377 50.8071693405509 8.145233802497387 750.0762716382742 101.7616036534309 0 861.7720645815134 134.3276456743479 2053.473073683679 5147.335960485041 4607.849844589829 495.347919523716 278.0832887068391 95.10087686777115 2351.288095861673 23.4852539896965 0 39.37877821177244 0.6908601447939873 0.08405783772468567 0 2.182511508464813 5.78302925825119 5.629644587635994 2.394120723009109 0.7990217432379723 629.7872269228101 1.696168556809425 1398.582774810493 2.555307321250439 4.322650611400604 0 2.259352542459965 32.00461217015982 8.132318526506424 2.027964971959591 0 2.341990776360035 0.1143569573760033 2.725343719124794 941.8635738343 205.1647087708116 307.0969253703952 4.804895497858524 5.010008282959461 0.1484719067811966 396.7051909416914 4.357082612812519 0 44.65399031341076 25.93177044391632 138.1649504974484 463.0663178861141 178.004047088325 61.12456128001213 24.52094025909901 3.675932914018631 374.5463513210416 1.638765394687653
6225.369479171932 0 171.9347186908126 189.91717813164 7.008079946041107 817.4997119382024 6606.965971574187 5639.339208807796 8.915853790938854 1248.398697860539 86.76688647270203 548.1255167126656 10.2191438600421 11527.98568364978 7.910345427691936 5.010383687913418 605.417117126286 48.65007703751326 719.1373146548867 748.6320355013013 133.0765951052308 1.248623006045818 200.5232550725341 216.0954361557961 2.050077065825462 888.9448791444302 34.46051590144634 611.1218334883451 3475.213841296732 1781.229886472225 1.779005311429501 156.8511381149292 21.55349975079298 673.9447918981314 8.469968862831593 780.1656326651573 86.95529393106699 651.1810244172812 289.2228263989091 330.8490758836269 35.77310532331467 5.620482757687569 25.14738714694977 0 0.0819287896156311 0.9602214843034744 8.10369036346674 0 0.8281075358390808 40.83662136644125 1.237203545868397 10.97282975912094 5.095187321305275 0.4487689137458801 3.771295852959156 0.2924844995141029 2.184248574078083 0 2.429227843880653 0.08074546605348587 0.1887533888220787 0.3020784109830856 8.672067180275917 1.397149354219437 0.4272063747048378 1.299279190599918 47.10427045077085 0.07595528662204742 1.641908630728722 3.186515316367149 62.94626693427563 1.69329958409071 1.998659446835518 0.09936714172363281 0.09592533856630325 0.2439503818750381 1.460762597620487 0.6227628439664841 6.332444399595261 0.4817272126674652 5.783818066120148 0.9754224717617035 4.517070852220058 0.1836350560188293 0.1257331669330597 0.1985050290822983
0 5.5921925380826 0 25.94728811830282 1226.404831774533 1964.645989507437 17.1203943118453 178.3619702458382 948.4116243422031 26.58920589089394 0.5513258054852486 1374.45100556314 1.212512239813805 7.910345427691936 276.8230709284544 0.3097304701805115 0 0 0 93.69691652059555 0 10.48031543195248 0.2139813303947449 147.7003719508648 0.6960086673498154 0.2092464789748192 7.042770430445671 35.82856888324022 11.65106978267431 0 0 528.5910481885076 0 5.774963743984699 2.497203812003136 516.8235889077187 1.539720602333546 1.73732690513134 2.128457233309746 1296.389165401459 31.86512443423271 0 0 0 0 0 16.82226894795895 0 1.637802451848984 4.647921472787857 1.772241815924644 26.20715034008026 11.29752860963345 0.3981662690639496 36.91641944646835 0 0.09884027391672134 13.48940424621105 0.5180048197507858 0.2128890603780746 0 0 15.54827310144901 3.044255599379539 0 3.010438874363899 29.90283641219139 0 0 1.877511918544769 21.22721765935421 0.2562550008296967 0 0.1944433301687241 0 0 0 1.558648034930229 435.2624268233776 11.80275678634644 7.253128886222839 2.983839154243469 73.8801640868187 0 0 2.072342872619629
0.7664701640605927 16.20675708353519 12.65327814221382 11.82979410141706 0 0.6607023179531097 16.80771144479513 1.196057945489883 130.7296646237373 2.343615829944611 0.5533936321735382 0.5392210558056831 21.86466571688652 5.010383687913418 0.3097304701805115 2562.092728935182 19.42678717523813 0.5109843760728836 3.420272842049599 2.309565544128418 1804.510704576969 3179.784378997982 5023.899514377117 2072.098270021379 5.218403391540051 14.2317021265626 1963.249544270337 750.0956453084946 26.44931413978338 104.4329170435667 0 0.5967519953846931 10.55622325837612 62.61291295289993 64.25572744756937 1683.590889319777 326.9572821781039 269.5451525524259 406.2434051707387 21.69388220459223 3.59546571969986 3.364928334951401 14.56906884908676 9.014686860144138 5.17128050327301 46.71379976719618 0.915732778608799 0 0.4979497566819191 63.80602685362101 2.417777433991432 89.08659995347261 1.93119028955698 0.8261613920331001 0.1698865443468094 0 1.843712650239468 0 2813.261072300375 2.926270417869091 0.1224243715405464 0.5713324397802353 0.6218162700533867 594.3585861623287 1144.631853125989 1554.056672148407 444.4211620315909 0 6.424826860427856 403.2273751050234 306.4358749017119 17.50534944236279 152.4931843131781 0 0 1.043216623365879 4.224612109363079 2.843193352222443 39.78316644579172 5.659978412091732 13.77818305045366 12.9309111982584 6.266157254576683 0.7426495254039764 0 2.177164316177368
260.5154799222946 4.165615245699883 5616.936961583793 16.32414511591196 0 15.56765324622393 537.8793784379959 385.8411072492599 9.592999048531055 47.73162844032049 123.554392144084 0.8844249621033669 3.626560196280479 605.417117126286 0 19.42678717523813 1459.566497839987 33.5674856081605 2042.045983843505 3.645915232598782 1063.014434464276 20.15672688186169 2600.238507799804 44.75895687192678 0.5035117343068123 2120.333572372794 5010.406069010496 209.0564576536417 610.2742637693882 980.6987880244851 0.5269117131829262 0.300329215824604 113.0993537455797 1095.142664276063 35.88064093887806 1829.781578660011 1949.88226532191 1168.063413709402 655.2158596813679 38.89486110955477 3.36442668735981 4.059023194015026 7.126569524407387 0.08938445895910263 33.6803345605731 100.3190127015114 0.1213654950261116 0 0 5.500659860670567 0.416282594203949 0.719174936413765 0 0.126385360956192 0 0 0.5646891519427299 0.08892440050840378 4.144966341555119 31.90550174564123 0.1139739453792572 6.084720976650715 0.2993916869163513 0.7517714723944664 3.888534672558308 10.14125833660364 5.827262051403522 0.4356716126203537 108.2353964075446 494.3323329687119 6.897960349917412 0.4855857118964195 0.3980845212936401 0.1935736089944839 0 0 4.092857249081135 6.409637048840523 6.595385953783989 76.75589272379875 11.37296340614557 2.626601427793503 0.9218803346157074 0 0 0
15.57078571617603 11.4135515242815 19.36901626735926 6.227526798844337 0.1827712059020996 15.63161742687225 45.42874592542648 31.39099458605051 3.74330972135067 51.19478909298778 2222.313349589705 36.11938987672329 78.51486080139875 48.65007703751326 0 0.5109843760728836 33.5674856081605 1610.086310073733 1397.012395981699 51.34783170372248 8.561164654791355 2.634412236511707 34.5812406167388 9.667791068553925 72.72825744003057 5580.308980554342 2131.04610132426 20.3282199203968 72.96672589331865 16.25446922332048 183.8646970465779 3.819366037845612 8.628013424575329 1542.675435051322 8.610119991004467 444.4766589477658 1365.704915978014 1709.972893029451 659.6515316814184 38.27382177487016 1.135007366538048 31.12342076003551 2.086747445166111 0.4195536449551582 9.379615299403667 1.624595627188683 0.4287086576223373 0 0.2363641336560249 3.491658858954906 0.09750396758317947 0.625986635684967 0.5842838957905769 22.22244773060083 0 68.11657144129276 0.4828965961933136 0 0 1.295478291809559 56.72580224275589 39.39531634747982 0.8022468835115433 0 0.4541219994425774 0.7309165075421333 5.986890189349651 19.1731768026948 333.3656664118171 347.6477239429951 6.393918350338936 0.4601079970598221 0.7657105475664139 52.77177659422159 0.1105277985334396 0 5.037974447011948 3.75501012057066 6.125223822891712 110.1249301210046 22.38536494970322 4.391480930149555 0.8990362137556076 0 4.738050878047943 0
257.6709484234452 8.934345357120037 240.301800057292 2.773824453353882 0 9.058325313031673 163.9562067314982 308.6209784224629 6.054482460021973 20.40573195368052 825.370061930269 8.319725312292576 11.42293726652861 719.1373146548867 0 3.420272842049599 2042.045983843505 1397.012395981699 3434.425473451614 14.97546466439962 245.7074354067445 7.364683248102665 382.4811873808503 16.7513141259551 31.07711133360863 6380.233672194183 3293.855563603342 51.70678600668907 691.4508644044399 484.4221245571971 16.14677639305592 0.5423979461193085 148.5001478344202 2763.326115876436 15.93256627768278 1253.044628947973 3593.892900586128 1546.813399553299 843.2109544351697 25.02854962646961 2.673644460737705 38.19209131598473 6.559283144772053 1.094285443425179 36.68283627927303 17.25715447217226 0.134691134095192 0 0.09954119473695755 7.00903008133173 0.8325290530920029 1.13056094199419 0.3653536662459373 6.844749219715595 0.3484410792589188 13.58634984493256 1.821297504007816 0 1.635350912809372 39.55434601008892 18.56988567858934 82.69837221503258 0.5392050296068192 1.098242297768593 2.27466955780983 4.692423433065414 4.522822245955467 10.707853525877 671.7305075973272 698.6394965797663 6.941460140049458 0.4137984737753868 0.6903075724840164 8.539927154779434 0 0 13.81573266535997 2.413672491908073 22.6948343962431 229.0877802222967 53.68719149380922 4.902589976787567 1.976039856672287 0 0.9501970931887627 0
14.50713010132313 0.3289316594600677 6.589299626648426 5820.846628725529 1.103605292737484 756.9160040318966 932.0585202872753 1108.550873495638 724.7165679633617 10809.39491339028 173.6880094371736 5832.512185096741 13.05802972614765 748.6320355013013 93.69691652059555 2.309565544128418 3.645915232598782 51.34783170372248 14.97546466439962 1272.593101792037 9.856244549155235 0.1392625123262405 5.997482404112816 449.7077441141009 3.438032649457455 83.96727105975151 42.95902877300978 3518.580955132842 816.0722663104534 18.99175070226192 5.817237336188555 15.56173668056726 14.04582665860653 506.1545009166002 6.105508632957935 801.2484805285931 31.27139388769865 730.4183987341821 149.595943801105 321.8737137019634 20.82977328449488 7.663884699344635 13.13290026783943 0 0.3208370357751846 1.520715057849884 211.2330894172192 0 22.47262029349804 188.8079512640834 19.44707401096821 204.3080505505204 172.434415191412 2.335042305290699 216.6726117283106 0.673330545425415 16.75572648644447 20.18591946363449 0.5583718568086624 0.1587001532316208 0.2734887525439262 0.3593657240271568 203.6414629369974 0.1332853436470032 1.558632776141167 1.23988401889801 364.3741704449058 0 5.903213772922754 3.449913918972015 456.1614241376519 10.25161250680685 1.175112172961235 0.6784585267305374 1.247563779354095 0 5.890967532992363 0.6119635999202728 38.27608738094568 0.8720779716968536 24.92806711792946 4.575325280427933 151.4459762424231 0.3470732569694519 0.1769651025533676 0
34.83774349838495 0.4673649296164513 944.2906940504909 35.88549295067787 0 24.63557741045952 2273.563815772533 179.1808503866196 44.14400540292263 145.9801585525274 13.70383507758379 2.429560132324696 7.248858541250229 133.0765951052308 0 1804.510704576969 1063.014434464276 8.561164654791355 245.7074354067445 9.856244549155235 10380.83417571336 185.8672311306 9801.794814296067 1241.850192598999 1.969518877565861 529.1878029555082 447.7132482454181 5625.441387362778 228.656436920166 8025.163542814553 0 1.644206523895264 61.87594464421272 3608.490943484008 255.8538917675614 4525.487806923687 221.6829225346446 3554.672182239592 2364.145777784288 38.76945292949677 16.90337141603231 3.990606084465981 40.08867692947388 11.2383881136775 0 1.446328610181808 1.264806307852268 0 0.1147086322307587 58.7758360132575 0.2476940080523491 64.72029580175877 0.5038528740406036 0.4524212181568146 0.1604768335819244 0 1.756563939154148 0.1183547526597977 314.9893894419074 2.024631544947624 0 1.989548772573471 1.968865379691124 262.1632316038013 110.1694818660617 88.75053229928017 265.3707427456975 0 5.974380053579807 10.64352630823851 197.5586556196213 13.48977562040091 108.3750574216247 0.09865188598632812 0 1.063850805163383 3.379650384187698 6.343762591481209 34.89142786711454 2.875060021877289 9.585198104381561 3.913857154548168 5.647965982556343 0.2812701165676117 0 2.176118820905685
0.7890759706497192 2599.229357220232 4.043411649763584 8.384547859430313 0.2833480536937714 0.8767483681440353 10.10072638094425 0 3137.73375787586 1.709804624319077 2.277702003717422 1.845647767186165 27.81406342238188 1.248623006045818 10.48031543195248 3179.784378997982 20.15672688186169 2.634412236511707 7.364683248102665 0.1392625123262405 185.8672311306 723.103059373796 391.84939019382 5603.153845146298 346.3202235326171 28.06844101846218 4527.910453848541 165.100666038692 7.221500277519226 44.06144098937511 4.535327531397343 0 2.068294830620289 10.38831579685211 2.350111983716488 53.64814160019159 91.48768403381109 30.85276278853416 14.03095297515392 59.01398474723101 0.4074811637401581 1.984788119792938 0.638649120926857 3.579627148807049 58.80748285353184 260.9529995024204 2.376514732837677 0 0.6784829497337341 31.43888218700886 0.7857015058398247 24.59235043078661 1.237133599817753 0.3229497671127319 0 1.217523135244846 1.232149332761765 0 2418.902926586568 4.026378728449345 0 0.7389950156211853 0 181.7116916328669 653.9550099000335 921.7534447312355 274.3845511376858 0.22590571641922 12.06844253093004 2284.67175475508 112.4424441680312 5.184898413717747 26.03123921900988 0.1816237196326256 0 0.146693155169487 3.114298544824123 0.4763018935918808 26.73076688498259 8.434486895799637 12.52586551755667 7.212148636579514 1.724649302661419 0 0 0
83.12727615237236 1.219486847519875 10034.35769686848 21.95665889233351 0 16.07026226818562 960.788216739893 195.4573995694518 14.39837771654129 73.81127288937569 52.19340724498034 2.007650695741177 11.01746290177107 200.5232550725341 0.2139813303947449 5023.899514377117 2600.238507799804 34.5812406167388 382.4811873808503 5.997482404112816 9801.794814296067 391.84939019382 19375.3899204433 301.5154596790671 2.321429401636124 3003.646073326468 8514.947333395481 1467.079377584159 158.1130639016628 2530.016052916646 1.086284302175045 1.443896643817425 21.10976637899876 4443.855487130582 710.9625630453229 12867.06434711069 4510.699619285762 7382.983833558857 7140.989968150854 332.5024852007627 11.54910652339458 11.88732673972845 88.21815852820873 2.465085044503212 4.366042964160442 116.1591247543693 0.8574293404817581 0 0.3230296671390533 24.0633040368557 1.811827138066292 15.09044720977545 1.100216180086136 0 0 0.09125656634569168 0.5981803312897682 0 1505.122994355857 1.295283265411854 0.1323755085468292 0.5435033291578293 0 252.1990931481123 449.3049821183085 902.3057349547744 155.3505666032434 0 10.99559963494539 498.7640284076333 107.2249004468322 2.969208359718323 51.89647480845451 0.08316449820995331 0 0.7796250432729721 1.956148833036423 27.2226140871644 39.18534083664417 7.262353114783764 5.237853117287159 6.125733695924282 1.298318795859814 0 0.1754839718341827 0
18.98615116626024 491.2902204617858 87.22566547244787 3487.769497543573 0.9461403489112854 18.28832203894854 697.4335467666388 122.3965582698584 8966.463055104017 124.3382806256413 39.88697546720505 496.4550070390105 8.367177084088326 216.0954361557961 147.7003719508648 2072.098270021379 44.75895687192678 9.667791068553925 16.7513141259551 449.7077441141009 1241.850192598999 5603.153845146298 301.5154596790671 7587.461035020649 19.65469596534967 60.89650604128838 2480.00269716233 5482.351300500333 499.9379967227578 388.2932051122189 1.727635219693184 3.508211545646191 178.8226731196046 296.0635051503778 39.25364143401384 1558.485396780074 103.6927127987146 723.6949869096279 361.6015870347619 901.2580560520291 21.40885781496763 3.403500057756901 10.62339033186436 26.10423549264669 12.16355916112661 32.85179875046015 194.6795228943229 0.1005686670541763 11.35451166331768 816.700023189187 30.83444912731647 839.746690325439 120.6350340098143 7.405621968209743 101.9277400970459 0.6832902356982231 46.24600185453892 18.96517118811607 184.2378009706736 2.737862326204777 3.92691259086132 1.970193400979042 150.6419791355729 112.7879922315478 124.5436809137464 72.80753669142723 1895.789573259652 1.377781353890896 14.87131752818823 199.3109786659479 1547.554464027286 68.11013584583998 120.3318710625172 1.029769256711006 2.876433871686459 3.580551378428936 35.09643810987473 9.284057386219501 124.6353640407324 5.995549827814102 115.2534549757838 30.10761743038893 192.1643507257104 4.250192850828171 0 1.814002461731434
0 2220.39465983212 1.034836083650589 0.527840830385685 0.7814988493919373 3.736895084381104 9.512659765779972 6.624260306358337 73.85801205039024 3.023386865854263 868.0700308680534 2.802164703607559 4034.11366391927 2.050077065825462 0.6960086673498154 5.218403391540051 0.5035117343068123 72.72825744003057 31.07711133360863 3.438032649457455 1.969518877565861 346.3202235326171 2.321429401636124 19.65469596534967 1457.96495360136 728.4286060929298 6650.72972663492 1.806675791740417 7.271677412092686 1.751638576388359 660.4683486297727 12.81554101407528 0 292.9044232815504 6.19962614774704 534.9839733093977 1217.020326659083 1668.313025832176 293.4636302143335 49.98612116277218 104.4068995863199 397.6632333099842 4.032144665718079 0.1084623485803604 74.93013047426939 1.645597204566002 2.931955337524414 0 0.3636279702186584 4.189152613282204 1.290973454713821 1.298296049237251 0.6438835561275482 205.575451426208 0.4875463843345642 594.5509161427617 0.6939696446061134 0 0.1218675523996353 4.497142426669598 70.99537042528391 27.27071949839592 0 0.1111445873975754 1.197565123438835 0.2689498737454414 0.9090206548571587 259.524117462337 383.3810708075762 958.8406281173229 2.724035412073135 1.086349658668041 0.09467408061027527 121.7548367753625 1.994061067700386 0 21.20593892037868 0.32250115275383 83.29212648421526 136.6980554163456 79.86891694366932 18.49086940288544 29.52691948413849 3.348620787262917 145.3425641059875 0
313.0273096933961 97.0992516875267 9659.791893780231 40.87811516970396 0 57.38746811076999 846.8685711286962 684.4952292628586 28.99474748969078 163.0173044651747 3857.363644614816 58.86845557391644 645.3913774490356 888.9448791444302 0.2092464789748192 14.2317021265626 2120.333572372794 5580.308980554342 6380.233672194183 83.96727105975151 529.1878029555082 28.06844101846218 3003.646073326468 60.89650604128838 728.4286060929298 41247.19575094804 16265.82965949923 278.5274565592408 385.3852908201516 219.874459028244 646.4109448716044 10.74977415800095 38.89217934757471 2068.55822494626 27.5022092089057 1948.904401384294 8058.988116040826 4757.146755062044 1848.895034536719 91.1080771535635 3.797716028988361 204.6218444406986 11.53070777654648 2.332815133035183 190.4083192646503 184.0386783182621 1.295881271362305 0 0.5252169147133827 19.02266030758619 4.762750186026096 5.070055335760117 2.228553973138332 221.4633927717805 2.094770893454552 744.1615811213851 5.109324067831039 0 5.455878637731075 126.0929535105824 294.7434770166874 361.257171459496 1.036351419985294 2.566152460873127 13.17359517514706 26.78593123704195 20.27716219425201 206.9168883562088 2999.251219771802 3836.833315804601 20.18848457187414 4.206717573106289 3.227442741394043 402.0350977852941 3.394000522792339 0.2148888483643532 67.71785271912813 7.774907335639 79.61377382278442 1059.531976439059 270.0126739814878 42.41390538960695 1.528489910066128 0.4775506108999252 26.01653739064932 0.4583272933959961
9.964876420795918 6262.966589897871 6178.826349310577 33.87709311395884 0 15.42749814689159 175.7949044406414 35.77884993702173 1455.145973801613 56.07060538232327 1146.188699424267 26.47223284840584 3108.974548146129 34.46051590144634 7.042770430445671 1963.249544270337 5010.406069010496 2131.04610132426 3293.855563603342 42.95902877300978 447.7132482454181 4527.910453848541 8514.947333395481 2480.00269716233 6650.72972663492 16265.82965949923 37763.23797246814 1041.491405174136 46.44775374978781 34.52511052042246 811.3885197639465 2.757279358804226 9.521872743964195 3749.675795011222 211.8171583712101 8811.208627939224 7378.579549916089 7810.242199674249 4076.638543218374 351.0402955189347 8.142569653689861 58.71368236839771 33.58734995126724 4.934531904757023 3090.287575833499 2246.945768944919 2.362361207604408 0 1.700231984257698 51.02555284649134 13.58969022333622 22.77624420821667 6.093680903315544 229.1288065090775 1.508383467793465 712.1568570807576 16.33014258742332 0.1215502545237541 1373.288276270032 572.2436348944902 347.4601423665881 619.4958293959498 0.9184108674526215 22.1440766453743 1589.378159917891 1168.565218687057 86.11891465634108 472.8863949403167 5993.725782670081 23716.03872903436 56.19743932783604 8.01375237852335 8.326212085783482 396.2681712210178 2.191252060234547 0.2234238907694817 213.2162475064397 24.06780219823122 247.0785384550691 1496.552181787789 584.9002619460225 91.91171085089445 3.05368784070015 0.392294853925705 19.05052874237299 1.123166501522064
57.33946418017149 10.57366244494915 416.105979539454 2356.192042857409 0.5201371982693672 702.7695441693068 14088.84782102704 416.2996350228786 2148.791188582778 5482.784493900836 82.88889026641846 299.7498831152916 17.81868331879377 611.1218334883451 35.82856888324022 750.0956453084946 209.0564576536417 20.3282199203968 51.70678600668907 3518.580955132842 5625.441387362778 165.100666038692 1467.079377584159 5482.351300500333 1.806675791740417 278.5274565592408 1041.491405174136 16351.39302809536 1213.582291640341 3049.319527558982 1.931838430464268 7.277334310114384 480.1889210045338 873.7435590177774 108.0122073814273 2932.076904296875 112.1845524534583 1823.994034081697 936.0269612520933 483.7762955725193 43.06430930644274 4.101147189736366 28.43052875250578 33.46905097365379 2.394361913204193 8.36775416880846 211.7231379896402 0 21.02894275635481 1107.809670977294 41.57585247606039 533.6600411981344 169.1823620200157 13.75444937497377 96.04457299411297 0.7998555451631546 69.5422854796052 10.76685137301683 131.0343369022012 2.277305841445923 3.619663625955582 1.186953485012054 179.557765468955 117.5742105096579 52.22834950685501 47.96989681571722 1835.130526319146 0.1174239218235016 11.0338783711195 57.52869648486376 1734.312602572143 81.49033891409636 127.3018859326839 0.6358221173286438 4.736483678221703 5.573342122137547 40.9880263954401 8.317412652075291 128.6507781893015 4.569151893258095 132.1404207274318 32.28035002201796 139.2901326045394 2.964258715510368 0.1873524039983749 1.796431615948677
