516.8312314525247 0.1209854111075401 72.71229331195354 10.83787224441767 0.5078643709421158 24.15224988013506 840.623034067452 929.0048448368907 2.985185466706753 54.08904500305653 3.769057773053646 7.346948035061359 0.5438287109136581 4403.441442966461 0 0.6052922382950783 92.64908678084612 13.004977427423 26.34952140599489 5.769875183701515 34.57799841463566 7.284842550754547 61.42660023272038 50.20520206540823 0 155.0736925378442 19.28963752835989 71.68290749937296 3103.837574280798 2239.577324956656 0.1867615059018135 2.905935496091843 29.81325919926167 94.85060384124517 1.066516026854515 27.70635359734297 7.570454299449921 52.69108141958714 17.36617508530617 5.892571493983269 1.293542511761189 0 0.5391142666339874 0.08648518472909927 0 0.5616728961467743 0 0 0 2.034812696278095 0.7338505908846855 1.637237779796124 0.3809226900339127 0.1356965750455856 0 0 1.57889524102211 0 1.419195614755154 0.09597671777009964 0 0 0.1704358607530594 1.047802552580833 0.9807472974061966 0 3.955069482326508 0 1.12508998811245 1.771533243358135 11.08948750048876 0.4982672482728958 0.2440101951360703 0 0 0 0.5045762285590172 0 5.309853129088879 0.1127758696675301 0.8726213052868843 0.2524398416280746 1.512831844389439 0.1167506873607635 0 0
0.1209854111075401 77.85344528406858 298.7129412963986 0.7466491982340813 2.054734341800213 0.5671915113925934 4.201888300478458 8.461269110441208 1071.655797787011 1.759211145341396 178.442739136517 5.677886679768562 504.771936699748 2.521601229906082 34.48087596893311 94.75104419142008 19.15666629374027 3.152922913432121 3.265911608934402 0 9.622542284429073 1745.3117698282 5.760924689471722 645.9412887170911 1167.03942733258 380.5406726300716 5780.933185227215 32.02349849045277 3.687575571238995 0.9029550775885582 128.861415296793 0.370246410369873 0.1224389299750328 21.49136462062597 0.4334279149770737 23.6634037271142 35.46335446089506 42.94829033315182 7.134564325213432 63.16119532287121 0.3044094070792198 23.24000385403633 0.09913294762372971 0.4617200791835785 41.28145304322243 38.95521603524685 0.1507051587104797 0 0 2.069128721952438 0.7889974042773247 3.304564706981182 0.5950309336185455 8.841590084135532 0.1376633197069168 32.68289575725794 0.8517604470252991 0 1.411883696913719 33.08616081625223 1.558842040598392 26.81397602707148 0 1.44780932366848 3.455908052623272 11.69217881560326 3.489650413393974 34.97062211483717 258.5171021968126 1523.345047853887 5.76444449275732 0 0.4189950674772263 5.230924494564533 0.09646361321210861 0.07751281559467316 6.886331006884575 1.033185943961143 19.58552618324757 24.60172023624182 25.93649738281965 4.867854759097099 0.5367591828107834 0 2.905546903610229 0.08597617596387863
72.71229331195354 298.7129412963986 9798.466955259442 23.67322152107954 0.1050107851624489 53.18781091272831 1589.057748898864 694.640065535903 13.4644980058074 210.3188156858087 80.64345271140337 1.475297056138515 13.35939988493919 361.9337722882628 0.5075156167149544 10.43529681116343 2459.769471563399 60.29186296463013 124.26800044626 4.942668810486794 700.491153806448 29.53716591000557 12363.60496953875 178.3334423080087 0.7996631413698196 7486.430554158986 9832.743171587586 370.8981999456882 167.4685350134969 487.15763797611 1.100742943584919 0.9032335057854652 12.7968555316329 862.7960136458278 50.94832154363394 2050.016833610833 3823.03253249824 2636.104074828327 721.7530396357179 80.27519795298576 2.747051246464252 7.417602375149727 8.329628586769104 2.143094919621944 279.7907306700945 687.9588081538677 0.2995864748954773 0.1089841723442078 0.5052105411887169 12.96130224317312 2.81219432502985 7.886030472815037 1.542539022862911 2.139132045209408 0.8129138350486755 2.127323992550373 3.832990348339081 0.4208300560712814 12.22839441895485 314.127327375114 1.750365950167179 16.67564283311367 0.8168180584907532 12.13240796327591 54.86272819340229 111.578322455287 24.04599379003048 2.283601254224777 916.3220587745309 2961.217955693603 37.66413139551878 1.632532872259617 6.058051034808159 1.687173068523407 0 0.2787913158535957 50.36386978626251 28.90437566488981 186.9880958274007 468.228809311986 161.1685279086232 40.14966247975826 7.367841474711895 2.342852771282196 0.9526882320642471 0
10.83787224441767 0.7466491982340813 23.67322152107954 3869.740969233215 8.799060240387917 206.9608499184251 350.8783052489161 108.6253968551755 1725.394107587636 6348.477008588612 1.239575155079365 874.751588255167 0.1029618456959724 44.67196622490883 148.201357126236 6.083269245922565 1.025423504412174 1.526251502335072 1.989919595420361 3635.56566465646 2.034886568784714 4.140204481780529 8.677922323346138 2462.617215648293 0.2475109323859215 8.556385084986687 27.77300948649645 2648.553508512676 118.848428927362 4.270369596779346 0.2876387387514114 1.891630508005619 12.9644987359643 28.95381231606007 6.005907811224461 189.8344181403518 4.10906658321619 88.82044124603271 21.89032996445894 363.5775889158249 6.45686649531126 0.3618046045303345 2.029812663793564 1.357690580189228 0.1826185435056686 1.641100309789181 131.5476562529802 0.7542262077331543 18.61365637183189 143.3945789039135 59.45371746271849 123.1319453120232 134.622044056654 1.144304618239403 218.1441707164049 0 34.61839510500431 8.607221931219101 1.148854143917561 0 0.8079290166497231 0.561945877969265 172.1210478320718 0.1431758403778076 0.3968608975410461 0.5768727213144302 225.5184490308166 0 1.162102125585079 2.362437829375267 324.9737079739571 3.068512968719006 0.2190444618463516 0 1.111970148980618 0 4.780585259199142 0.4636084735393524 78.01673829555511 0.4453762769699097 8.737645246088505 1.438885927200317 167.6381797790527 0 0 0.1239549592137337
0.5078643709421158 2.054734341800213 0.1050107851624489 8.799060240387917 85.1376266926527 867.3101458624005 5.054301723837852 212.6644360944629 79.15927768498659 9.464400097727776 37.10381677746773 161.6712981984019 11.18963596969843 82.84287130832672 892.4446160793304 0.1702496707439423 0.5815701335668564 7.411923334002495 4.198336139321327 7.397141940891743 0.3796968534588814 5.86865571886301 0.3086555823683739 49.97776443511248 0.4085546508431435 8.941703952848911 2.611331224441528 10.87595883011818 209.7240624055266 1.741066612303257 0.3210580870509148 412.1467425823212 0.5634782314300537 267.9151607528329 10.51651027053595 107.4035492017865 9.26173047721386 351.7219354510307 162.5169270783663 3459.409882292151 286.3701324164867 16.3395766466856 15.96536350250244 0 0 0 0 0 0 0.6516099348664284 0.2513410672545433 0 0 0 0.6273054629564285 0 0 0 0.1309150457382202 0 0 0 0.4548124074935913 0 0 0 0.1836261451244354 0 0 0.3171459510922432 1.881329417228699 0 0 0 0 0 0 0 0.6512539759278297 0.5565357208251953 0.1498199850320816 0 0.20972840487957 0 3.260269090533257 0
24.15224988013506 0.5671915113925934 53.18781091272831 206.9608499184251 867.3101458624005 9258.671276427805 1235.983357980847 6302.074110202491 119.7127567827702 8682.082318365574 141.6376904994249 3169.564988844097 50.64095509052277 1068.809495411813 1314.416493460536 1.862087897956371 8.821985632181168 53.22434216737747 52.25084134191275 507.7322291359305 4.694163873791695 3.967958621680737 21.75624265521765 463.5334288477898 3.0726033821702 87.47867142409086 30.20716774463654 550.5257682651281 916.3358771800995 40.2019399702549 4.512510262429714 395.98756801337 4.051156066358089 637.6288901939988 19.91588273644447 778.1142650842667 24.33093758672476 732.8336167484522 274.3309539556503 3395.408679455519 491.3013398125768 41.93676201254129 29.19659843295813 5.299344085156918 0 1.166729114949703 30.12513597309589 0 13.27141886204481 99.21349270641804 62.87262400239706 80.28312009572983 45.37367258965969 2.435106799006462 37.91902077943087 0.1482343673706055 50.44827695935965 1.227060616016388 3.395057775080204 0.3492522239685059 1.095600090920925 0.997968927025795 58.07956656068563 4.407029613852501 1.95990814268589 1.867221511900425 105.9904886856675 0 1.902486182749271 3.048353962600231 277.584365233779 7.927229441702366 4.710714302957058 0 2.237270534038544 0.09496419876813889 4.394605204463005 2.671689078211784 129.1078100651503 2.970361344516277 19.85151339322329 2.117491185665131 80.5122334882617 0.543410137295723 6.05034838616848 3.063435047864914
840.623034067452 4.201888300478458 1589.057748898864 350.8783052489161 5.054301723837852 1235.983357980847 11692.70252148807 6233.929069846869 238.537202231586 7458.10903378576 23.93084091693163 42.44118690490723 3.125941537320614 6736.944742895663 14.48518081754446 45.66121965646744 130.1460009291768 21.61101490259171 36.4742322191596 120.2881481423974 372.9320150017738 43.98639775067568 1090.48783043772 993.4349530935287 0.549807146191597 627.7675924226642 367.8844959065318 11629.57526755333 1708.808881059289 6775.66147775203 0.8474934175610542 14.60794539004564 237.0133512988687 309.749456577003 42.24592365324497 1289.094807133079 74.74629285186529 806.5456388741732 235.6884932368994 135.1852507889271 37.60760191082954 2.494744583964348 16.22913589328527 2.08135849237442 0.6141760274767876 14.32853185385466 14.53821785002947 0 10.43355343490839 80.7880344837904 51.38329372555017 110.0971648320556 35.31447991728783 0.9480911940336227 9.786924384534359 0.1049218997359276 42.53891255706549 0.1967673301696777 7.794162355363369 1.960138954222202 0.6632487699389458 0.5968000963330269 40.47590132802725 2.534881472587585 3.593730218708515 11.19825744628906 109.4084789901972 0 7.775424063205719 49.05839402973652 282.2421071454883 5.891949824988842 2.722977869212627 0.1015348136425018 0.7576779499650002 0.4607671648263931 5.508172497153282 3.478772647678852 43.84741482138634 3.513883963227272 11.33971507102251 1.791135840117931 30.53863319009542 0.4700901359319687 0.2981517985463142 1.041493460536003
929.0048448368907 8.461269110441208 694.640065535903 108.6253968551755 212.6644360944629 6302.074110202491 6233.929069846869 6900.077788554132 99.48640417307615 3015.864315204322 190.3610399290919 1017.063129395247 57.68538562208414 8204.877489611506 153.515599951148 5.002031587064266 197.143658362329 88.98270526528358 131.8994932249188 302.042461887002 70.12121473997831 34.2201923429966 240.43703815341 529.872624963522 3.245760545134544 776.4238787963986 106.80153170228 594.141642421484 860.8444536402822 1382.9326248914 5.310611225664616 92.22239678353071 9.226571194827557 434.5684845075011 24.33978044986725 449.6616668701172 57.34938708692789 685.1600184962153 267.8167926520109 1834.271012410522 229.2661302909255 49.76071570813656 26.4543235450983 6.841404162347317 0.2487484663724899 5.10858216136694 13.87379087507725 0 13.27485451847315 95.09493497759104 81.07228109240532 95.69781032204628 35.67572825402021 4.617718055844307 16.66040153801441 1.107242301106453 70.75548748672009 0.5864230841398239 12.46726612001657 1.615650586783886 2.231218591332436 0.9466791450977325 37.80736600607634 7.582159161567688 5.280587144196033 3.110064014792442 131.393480822444 0.1658466905355453 8.553479954600334 22.02625917643309 380.0191969200969 11.92069193720818 7.603839099407196 0.1137945801019669 1.178549364209175 0.4171839579939842 9.140329204499722 3.140819080173969 87.24851615726948 4.913958795368671 26.21905773878098 3.574059560894966 63.6723919659853 3.189406245946884 6.172556698322296 0.1518519371747971
2.985185466706753 1071.655797787011 13.4644980058074 1725.394107587636 79.15927768498659 119.7127567827702 238.537202231586 99.48640417307615 412.7703199163079 330.605891123414 5.226992018520832 329.9241894185543 16.95825354009867 22.09697732329369 884.1067361980677 293.7181324213743 1.946946457028389 1.380718775093555 0.7787186279892921 699.7259114310145 94.03051565587521 3652.922842398286 128.5286958888173 6971.542355582118 102.4790782555938 31.77117029577494 719.6461344584823 1534.655492834747 60.74251256883144 28.08060286939144 13.84235537797213 1.602487504482269 13.6718342974782 22.27749196439981 3.452804692089558 226.5253743901849 14.26517906785011 67.90601273626089 19.00243337452412 552.6672554165125 6.358243450522423 0.5118543207645416 4.086928486824036 7.717935882508755 0.4198172986507416 3.659166283905506 129.5015949755907 0.6474785059690475 29.52269765734673 234.6935193017125 78.37243020534515 51.34613314270973 162.3299745768309 2.444277197122574 121.3987329229712 0.8469288423657417 63.09918776899576 21.68842348456383 513.9787339195609 0.5320173725485802 0.7781660407781601 0.3167554065585136 267.487795419991 193.4887465536594 55.2706912830472 247.6283369809389 1027.2387887761 0.5738729164004326 7.007124282419682 39.94566392153502 1030.788743689656 12.29624231159687 22.88965292274952 0.6158288940787315 1.212663806974888 1.023991383612156 6.09368559718132 1.983561150729656 119.7856139242649 1.946026511490345 26.14221253991127 3.956434994935989 203.5547916740179 1.608936607837677 0.203814372420311 0
54.08904500305653 1.759211145341396 210.3188156858087 6348.477008588612 9.464400097727776 8682.082318365574 7458.10903378576 3015.864315204322 330.605891123414 27521.28037467971 37.46803848445415 6010.580600026995 6.533204965293407 1086.635853029788 24.9916008785367 12.95930805802345 12.97113574296236 23.59889880567789 39.0025387108326 4865.824441820383 21.38666578382254 10.60574363172054 108.6716017723083 1537.510275423527 0.3596680089831352 105.0404385998845 94.89997033774853 8510.659159712493 976.2414275631309 96.02646443247795 1.640883833169937 31.92152114212513 34.11651529371738 261.9426607936621 24.88914082944393 688.7508074045181 24.06114259362221 598.0834491699934 148.336902551353 208.2341649979353 53.32484674453735 2.922448985278606 17.52089972048998 3.034454241394997 0.1080318689346313 3.385243885219097 75.7545403316617 0.6331348866224289 26.06562579423189 166.3593989312649 96.60532349348068 104.4913197681308 115.2588921636343 1.688697174191475 82.87967839092016 0.08588919788599014 64.34241928160191 3.246391154825687 2.130853243172169 0.3992902413010597 1.609947316348553 0.212874174118042 123.4071777388453 1.789017148315907 1.229156590998173 2.153484061360359 172.9362489581108 0 2.060964852571487 12.21531777828932 394.1559602096677 7.333131782710552 1.527988940477371 0.2626524642109871 1.476719282567501 0.1036003679037094 6.882046245038509 2.644252642989159 86.8411096483469 0.5802841335535049 19.88261951506138 3.346807532012463 116.4063529446721 0.2988855391740799 0.3678620383143425 0.2178065776824951
3.769057773053646 178.442739136517 80.64345271140337 1.239575155079365 37.10381677746773 141.6376904994249 23.93084091693163 190.3610399290919 5.226992018520832 37.46803848445415 7672.945398665965 47.32335462421179 2342.834960401058 297.2493775337934 0.5403826460242271 1.851846903562546 478.4369513392448 6074.779842719436 1395.375589922071 13.4562438800931 3.808716908097267 15.55387356877327 21.12843015789986 16.92017534375191 682.1242510154843 2644.198563717306 847.4225037917495 20.19923623651266 241.1663601621985 11.90959591418505 341.2354004457593 232.6318654790521 1.962380312383175 4764.519483819604 11.11172899603844 339.4955755546689 3586.940061815083 2441.380014613271 344.9556149765849 61.11109684407711 47.47437469661236 919.0335274785757 4.978891924023628 0.09510874003171921 7.124382846057415 0.7186618447303772 0 0 0.3145161867141724 2.918299086391926 3.787160888314247 1.726253196597099 0.4711978435516357 605.7533208355308 0.2815372049808502 1514.46012288332 2.116882219910622 0 0 0.9905798956751823 9.894002862274647 5.128206573426723 0.8875117152929306 0.6271135658025742 0.7787687703967094 0.490183062851429 3.150551810860634 217.2839715108275 146.0295891687274 227.5892688557506 11.69354946166277 0.2196255028247833 0.2145422846078873 177.5055811405182 0.2833235561847687 0 4.357814192771912 15.58561121672392 23.79720554500818 490.8682212606072 59.92716660350561 2.262235671281815 0.9760236442089081 0 235.1730583235621 0
7.346948035061359 5.677886679768562 1.475297056138515 874.751588255167 161.6712981984019 3169.564988844097 42.44118690490723 1017.063129395247 329.9241894185543 6010.580600026995 47.32335462421179 5932.115827515721 7.078973077237606 575.2031428366899 1302.261306367815 0.903415322303772 3.602659523487091 24.91728731989861 35.47155731916428 3657.894422128797 1.033647403120995 18.2998614013195 1.088300064206123 360.4110353142023 1.230522885918617 35.37673751264811 16.8892258554697 177.4366526901722 294.9505975618958 4.087515316903591 2.430880568921566 41.52046995609999 1.229895807802677 152.8352464437485 5.999811209738255 826.8947527110577 14.21368936449289 295.9017382636666 66.37383881211281 1656.996285632253 42.59385548532009 8.672856047749519 8.912053406238556 1.187291651964188 0 0.3537260144948959 78.33419039845467 0.3959182500839233 17.24125395715237 59.16955868899822 36.96535964310169 15.88629618287086 89.17810895293951 1.44415570050478 94.18206208944321 3.617913067340851 22.36682565510273 10.49523384869099 2.36782119423151 0.11204744130373 0.7469438388943672 0 132.5727876201272 1.095442265272141 0 0.3120670020580292 77.70957683026791 0 0.9985460862517357 1.531985826790333 120.7566432580352 1.92929769307375 2.13846692442894 0 0.1083985194563866 0 3.693953864276409 2.197735384106636 196.4863272756338 0.9664385616779327 8.132240161299706 0.9022797644138336 268.7186751514673 0.8535028398036957 0.2363043576478958 0
0.5438287109136581 504.771936699748 13.35939988493919 0.1029618456959724 11.18963596969843 50.64095509052277 3.125941537320614 57.68538562208414 16.95825354009867 6.533204965293407 2342.834960401058 7.078973077237606 3822.071697898209 30.06858297437429 0.9675469994544983 5.023122854530811 7.812239147722721 152.9965758398175 7.594591297209263 1.946811519563198 3.072271399199963 44.43401885032654 29.37577012181282 9.866765461862087 2771.338805802166 1072.605327703059 2413.0165810287 6.089450754225254 16.81508678942919 3.98305344581604 1051.555919840932 28.17453634738922 0.122685581445694 521.3214494884014 28.53697817772627 533.036361835897 5660.555750273168 1717.667630076408 318.9322417005897 42.63217756152153 96.67473338544369 719.3912538811564 4.291861549019814 0 24.98390710353851 0.3811751082539558 0 0 0 1.468084141612053 0.3523052930831909 0.2764983624219894 0 995.1040889918804 0.09903164207935333 2568.244846992195 0.3733745813369751 0 0 1.745238743722439 18.32122449576855 13.23036148399115 0 0.3376436829566956 0.2306094616651535 0.8441245257854462 2.037014551460743 939.1657936275005 354.7884290739894 466.7216701284051 2.737855911254883 0.2464399635791779 0 369.8993284851313 0.9931992143392563 0 6.171680621802807 66.8565528690815 105.6271200850606 593.5624147504568 97.0689135119319 5.337084643542767 6.48015096783638 6.748361974954605 356.2541423588991 0.3928554058074951
4403.441442966461 2.521601229906082 361.9337722882628 44.67196622490883 82.84287130832672 1068.809495411813 6736.944742895663 8204.877489611506 22.09697732329369 1086.635853029788 297.2493775337934 575.2031428366899 30.06858297437429 10063.84394408762 31.54067906737328 1.852568782866001 261.683365650475 160.3532653450966 315.3797451406717 196.5346085354686 74.91057539731264 17.90240602940321 189.9981860667467 265.227816388011 3.12446540594101 739.7258680388331 141.4705613926053 311.0284393876791 6540.100331507623 3063.166709594429 7.126643426716328 140.8485377132893 20.51160822063684 1241.783865995705 14.41719239205122 340.2670157104731 66.99611593037844 1240.588610425591 182.8069263622165 489.3600063323975 81.65761806070805 23.16288585215807 10.49988301098347 2.303036510944366 0.8945953696966171 1.622557535767555 2.350099869072437 0 4.631042569875717 32.47824328392744 24.06004213541746 20.58033214509487 8.646434530615807 1.157364673912525 6.000717356801033 1.247445553541183 19.90658116340637 0 3.897869639098644 1.421289145946503 0.9077469781041145 0.5196880102157593 9.032538332045078 3.641779892146587 2.962930217385292 0.7047494277358055 51.54104756563902 0.2930858209729195 6.267114736139774 13.49598900973797 129.7540873214602 3.585381790995598 4.828658178448677 0.2417760193347931 0.8306199833750725 0.3582786619663239 3.332117363810539 2.050145074725151 36.88606090098619 3.363534450531006 9.249268233776093 1.368386805057526 22.14367774128914 0.3149619325995445 1.892551600933075 0.7217340469360352
0 34.48087596893311 0.5075156167149544 148.201357126236 892.4446160793304 1314.416493460536 14.48518081754446 153.515599951148 884.1067361980677 24.9916008785367 0.5403826460242271 1302.261306367815 0.9675469994544983 31.54067906737328 192.6654337793589 0.3389203995466232 0.1216628700494766 0.09608966112136841 0 90.15171871334314 0 95.57076220214367 0 846.7147465720773 3.00471193343401 1.154229663312435 27.20525545626879 73.46422196924686 28.07901501655579 0 0.6095742210745811 205.2812355458736 1.296525120735168 9.761778950691223 0.1092367097735405 86.68672470003366 0.0936148390173912 7.91055641323328 2.043520674109459 1196.171866461635 36.99109590053558 0 0 0 0 0.1010801717638969 0.9140031486749649 0 1.001484841108322 2.34562511742115 1.943987868726254 0.5148873552680016 0.9387379586696625 0 3.690777823328972 0 1.184991769492626 2.988503634929657 0.3621137887239456 0 0 0.2082871347665787 4.134637236595154 0.7664981260895729 0.645309716463089 0 2.883109584450722 0.1150878071784973 0 0.6548955589532852 5.274890780448914 0.7274692207574844 0 0 0 0 0 0 6.94608162343502 0.134216770529747 0 0.1045665591955185 14.68271845579147 0 0 0
0.6052922382950783 94.75104419142008 10.43529681116343 6.083269245922565 0.1702496707439423 1.862087897956371 45.66121965646744 5.002031587064266 293.7181324213743 12.95930805802345 1.851846903562546 0.903415322303772 5.023122854530811 1.852568782866001 0.3389203995466232 1299.145575806499 4.975796967744827 0.1877486780285835 0.4199253693223 0.9820111989974976 1086.829753413796 2476.083928607404 2470.119037032127 2041.90054808557 15.29489642381668 8.490846425294876 3503.058135084808 1006.130450844765 14.67234993726015 1.837520897388458 1.058396138250828 0.4808500483632088 2.024200603365898 20.60847046971321 24.50591890513897 758.5629747211933 240.0711822584271 140.5117179900408 184.8947109878063 29.11650743335485 6.663275919854641 23.98623798787594 4.840131402015686 3.497091747820377 1.937727242708206 50.2147321999073 0.2927478104829788 0.1371766328811646 0.7717336118221283 10.72926393151283 3.915253527462482 13.82263059169054 0.2677808403968811 2.052088424563408 0.4991869553923607 22.77831268310547 6.944796025753021 0.1232243180274963 1350.659100212157 0.5105173587799072 0 0.1040377169847488 0.7236380130052567 209.2583535313606 745.0371718406677 1143.055064551532 85.93614906072617 0 3.168170392513275 601.8261774331331 158.2511336952448 6.75454456359148 19.42880682647228 0 0 0.7821598425507545 2.015986584126949 5.244973458349705 183.4388456493616 4.506953626871109 10.63283965736628 3.421705409884453 20.36327498406172 0.9714092910289764 19.5044322013855 1.443145036697388
92.64908678084612 19.15666629374027 2459.769471563399 1.025423504412174 0.5815701335668564 8.821985632181168 130.1460009291768 197.143658362329 1.946946457028389 12.97113574296236 478.4369513392448 3.602659523487091 7.812239147722721 261.683365650475 0.1216628700494766 4.975796967744827 759.2928546145558 230.1587547808886 2769.802036523819 1.64434602856636 224.5280024632812 14.33153739571571 1648.003080509603 23.27628012001514 0.2711389064788818 3089.555686585605 3798.267165265977 47.54039227962494 576.2347261086106 605.0242444872856 3.236643970012665 7.066197209060192 73.58907829225063 3537.083295300603 7.020131304860115 349.0835049077868 2874.413789458573 1790.475575953722 223.5483664795756 11.13742773234844 2.794540055096149 3.823666200041771 3.209451407194138 0.3761416152119637 45.94509144872427 112.4286660924554 0 0.1313882768154144 0.1477497071027756 3.519522562623024 0.8511906340718269 1.70627049356699 0.6151857972145081 3.831720352172852 0.2288946583867073 7.303619891405106 1.561924770474434 0.1336597800254822 1.883324906229973 100.8003074750304 4.013855248689651 35.30071043968201 0 1.748913697898388 10.80911441147327 18.26616413146257 3.080536097288132 3.710829026997089 485.1302517428994 703.2265422865748 4.793155781924725 0.6192863211035728 1.438445277512074 10.18402296304703 0 0.2027668654918671 17.58362744003534 3.755491204559803 42.61976385861635 283.6031299158931 55.05472514033318 9.58221523463726 0.3028586357831955 0.4510634243488312 0 0.1060487329959869
13.004977427423 3.152922913432121 60.29186296463013 1.526251502335072 7.411923334002495 53.22434216737747 21.61101490259171 88.98270526528358 1.380718775093555 23.59889880567789 6074.779842719436 24.91728731989861 152.9965758398175 160.3532653450966 0.09608966112136841 0.1877486780285835 230.1587547808886 884.9438561499119 1544.168107092381 5.85213640332222 2.438349731266499 0.9691280424594879 13.95133282244205 7.126598849892616 9.564538955688477 1769.427636399865 228.8541184291244 11.5668358951807 158.2280438914895 24.84553065150976 33.66193088144064 60.6951928883791 6.103253617882729 1040.544649593532 10.60798128694296 602.5339661166072 1235.338720537722 1411.035144418478 347.2530315220356 24.5914800837636 9.572607845067978 39.73953853547573 2.759728796780109 0 1.177313432097435 1.036706633865833 0.1016840115189552 0 0.218716636300087 1.264705747365952 0.5302954092621803 0.9840536266565323 0.6786958798766136 70.98127265274525 0.1817301735281944 148.6700358986855 0.8098902702331543 0 0.3448308706283569 4.001653552055359 14.78344386070967 24.35162352025509 0.3956036120653152 0.3547142595052719 0.2670554667711258 0.6528275236487389 1.70614966750145 11.70159520953894 251.4079443663359 187.2208322808146 4.938000306487083 0 0.4063627943396568 87.15602245926857 0 0 1.934076458215714 16.39945728331804 23.39915993064642 116.8565008640289 9.21881852298975 1.868473894894123 0.6625184193253517 0.1571654826402664 4.328476399183273 0
26.34952140599489 3.265911608934402 124.26800044626 1.989919595420361 4.198336139321327 52.25084134191275 36.4742322191596 131.8994932249188 0.7787186279892921 39.0025387108326 1395.375589922071 35.47155731916428 7.594591297209263 315.3797451406717 0 0.4199253693223 2769.802036523819 1544.168107092381 1691.54090963304 10.3533091172576 8.639957696199417 1.109870068728924 82.64286039024591 10.33836571872234 1.483336240053177 4381.890666559339 639.7720550969243 18.86239432543516 324.8142231106758 69.39295181632042 10.05857574939728 83.78859981149435 14.79068864881992 4481.25179451704 8.358647502958775 787.5602643713355 1137.653323560953 2509.662771113217 495.7967650294304 35.07990055531263 4.778465926647186 2.734890848398209 3.909240953624249 0.6902905255556107 12.635596960783 4.374581128358841 0 0 0.1097881942987442 3.755569197237492 2.36023585498333 0.977002426981926 0 19.29595009237528 0.07808638364076614 37.28516672551632 1.809129305183887 0 0.4080822244286537 36.32973390072584 17.30720192939043 60.98189437389374 0.1743863821029663 1.41967037320137 0.3805201724171638 5.8566979393363 5.075480505824089 9.594305090606213 445.046083830297 337.0328602045774 8.209319747984409 0.9019543454051018 2.194526582956314 52.68448478728533 0 0 12.90343704074621 6.487951129674911 50.15517706423998 164.1459755301476 36.00332955271006 7.841259948909283 1.284712120890617 0.2240820676088333 0.6789983883500099 0
5.769875183701515 0 4.942668810486794 3635.56566465646 7.397141940891743 507.7322291359305 120.2881481423974 302.042461887002 699.7259114310145 4865.824441820383 13.4562438800931 3657.894422128797 1.946811519563198 196.5346085354686 90.15171871334314 0.9820111989974976 1.64434602856636 5.85213640332222 10.3533091172576 387.4662282466888 0.6757545545697212 0.4333541020750999 3.123656868934631 487.904435351491 0 11.84465585649014 5.09591967612505 1851.466451875865 209.7496816366911 3.771757893264294 0.6228796318173409 10.59609881788492 4.594650126993656 77.5736028701067 6.372840359807014 274.0529391467571 6.854123562574387 171.8518995419145 40.39782325178385 304.9008494317532 16.87892622500658 1.602250307798386 9.782050587236881 2.091435603797436 0 1.450002536177635 100.4368039593101 1.202697396278381 20.18133676052094 142.9258955270052 84.14570961892605 84.53763297945261 115.3258237615228 1.987472698092461 68.61290398985147 0 57.68691002577543 5.537167370319366 1.34424664825201 0.09625681489706039 1.064508520066738 0.5974517837166786 133.3942284882069 1.353672347962856 0.08001459389925003 1.725196078419685 177.1545746922493 0 1.779846899211407 1.961244359612465 317.8423071876168 4.820127464830875 1.14756640791893 0.08480525016784668 1.067139454185963 0.07344230264425278 5.854141153395176 0.7108855396509171 134.2525278553367 1.7485341578722 18.26570901274681 0.7012789249420166 176.3822504281998 0.5732744038105011 2.403514243662357 0.3697059750556946
34.57799841463566 9.622542284429073 700.491153806448 2.034886568784714 0.3796968534588814 4.694163873791695 372.9320150017738 70.12121473997831 94.03051565587521 21.38666578382254 3.808716908097267 1.033647403120995 3.072271399199963 74.91057539731264 0 1086.829753413796 224.5280024632812 2.438349731266499 8.639957696199417 0.6757545545697212 9335.435390532017 207.258195348084 9352.289423555136 332.8908454403281 1.676853567361832 115.1739879846573 1082.52455406636 2424.890859365463 398.0876669958234 5521.506363995373 0.09836173802614212 1.581820927560329 102.0547529309988 2887.961550362408 273.6020781844854 4913.563115477562 312.5665295496583 4033.434157937765 1952.855173662305 168.9093858972192 8.132165290415287 8.923857338726521 32.94741301983595 4.564022548496723 0.1260819733142853 7.816573888063431 0.6618181020021439 0.1891197189688683 0.3095371872186661 14.13398972898722 5.747577697038651 6.828411959111691 0.4350994899868965 0.9771575853228569 0.3689977526664734 3.049594342708588 5.87847263365984 0 232.8818421214819 0.5580578148365021 0.08975722640752792 0.09174839407205582 0.6009117662906647 164.0003808364272 96.37156239897013 137.6389290690422 83.844214014709 0 1.651586472988129 32.24017563462257 155.2495359405875 8.518225573003292 18.82284391671419 0 0.1033017560839653 1.103870064020157 3.967002741992474 22.10309240967035 133.1574881896377 4.215565226972103 9.557687096297741 4.040053747594357 19.55873680114746 3.602243356406689 6.676147475838661 0.7070028856396675
7.284842550754547 1745.3117698282 29.53716591000557 4.140204481780529 5.86865571886301 3.967958621680737 43.98639775067568 34.2201923429966 3652.922842398286 10.60574363172054 15.55387356877327 18.2998614013195 44.43401885032654 17.90240602940321 95.57076220214367 2476.083928607404 14.33153739571571 0.9691280424594879 1.109870068728924 0.4333541020750999 207.258195348084 582.0341847315431 567.0420522689819 5394.766785882413 328.1721618920565 59.25506348162889 3242.046143658459 351.9296644181013 65.61751420050859 28.09620596468449 27.1650270447135 0.2388803064823151 10.54516941308975 18.57824873924255 1.817228130996227 129.9789147824049 9.618809267878532 42.73547523468733 12.104836165905 179.0491640940309 3.838669694960117 0.8672062158584595 0.4505026787519455 0.7418297976255417 12.65124642848969 107.751282081008 0.3653163686394691 0 0.3979851827025414 7.205632098019123 3.8193004950881 17.0971516892314 0.6672476977109909 0.2914398908615112 0.2738542258739471 3.727337911725044 3.431331016123295 0.4864055514335632 780.0031473487616 3.653335474431515 0 0.6002267971634865 0.9167090654373169 62.33855959773064 215.7362239360809 483.0061131641269 56.84950221329927 1.763732701539993 8.37655483931303 1713.009632900357 71.54284458607435 2.123309068381786 7.750946618616581 1.010788708925247 0 0.1927421241998672 0.9278871193528175 0.5919026881456375 16.84297873079777 3.84052924066782 4.280604802072048 1.709926709532738 6.266682885587215 0.2363838329911232 0.3759618997573853 0.169381782412529
61.42660023272038 5.760924689471722 12363.60496953875 8.677922323346138 0.3086555823683739 21.75624265521765 1090.48783043772 240.43703815341 128.5286958888173 108.6716017723083 21.12843015789986 1.088300064206123 29.37577012181282 189.9981860667467 0 2470.119037032127 1648.003080509603 13.95133282244205 82.64286039024591 3.123656868934631 9352.289423555136 567.0420522689819 13996.52708385885 422.7137410193682 5.655398063361645 867.8384308964014 8260.248068913817 1639.946226321161 410.5615918338299 2174.246815770864 0.9482615888118744 3.180691950023174 50.3971149250865 4991.835831135511 558.1390592083335 11334.07113865018 6479.488329052925 9287.77454906702 6196.20859503746 409.1397414281964 11.71437085419893 42.28806857019663 84.26400671899319 1.522840291261673 6.581754520535469 418.015207901597 0.2625944167375565 0 0.9652855321764946 15.01737852394581 3.612603776156902 5.104127004742622 1.038375020027161 3.972653783857822 0.09320769459009171 16.00600424408913 6.15473534911871 0 1439.007442601025 14.4836972206831 0.08523460477590561 1.320602707564831 0.7221001088619232 124.8710254356265 505.2630082443357 1354.989875979722 65.08665695786476 0 31.15414679795504 1786.722000017762 89.61106573045254 3.21756786108017 15.58976165950298 0.462912917137146 0.1073680445551872 0.6975959092378616 5.070514552295208 127.5164486020803 343.2916921824217 29.79917821288109 21.94321800023317 16.44432577490807 12.03560527414083 4.259777650237083 17.49588760733604 10.23389250040054
50.20520206540823 645.9412887170911 178.3334423080087 2462.617215648293 49.97776443511248 463.5334288477898 993.4349530935287 529.872624963522 6971.542355582118 1537.510275423527 16.92017534375191 360.4110353142023 9.866765461862087 265.227816388011 846.7147465720773 2041.90054808557 23.27628012001514 7.126598849892616 10.33836571872234 487.904435351491 332.8908454403281 5394.766785882413 422.7137410193682 9864.739897668362 51.72146092355251 60.85911197215319 3327.758705958724 7267.681303717196 733.2510719075799 244.5544641762972 8.69094293564558 12.17060670256615 140.0133588388562 250.1337575390935 49.24734906852245 1722.768215700984 61.3374342918396 671.4716881811619 205.8871765658259 925.0249854549766 42.47889227420092 11.09082779288292 21.76179811358452 25.63692017644644 3.274535626173019 15.64249429106712 104.5244605764747 0.3671119809150696 48.28600282967091 375.8999774158001 260.804055467248 735.1682511493564 190.9672712385654 9.353716097772121 110.5895721837878 6.390629902482033 219.3529291078448 8.226382032036781 283.9216900840402 1.777268640697002 5.086034826934338 2.990466475486755 209.4679190218449 223.4239088222384 219.3794289380312 110.1459050402045 1049.398644052446 0.2185172736644745 14.31585550308228 132.5628647506237 2077.811086177826 51.28331755846739 62.58106832951307 0.5362805053591728 4.923483952879906 4.586334154009819 32.80030067265034 6.462298542261124 343.7334661111236 4.647222243249416 105.6096279174089 14.14243979007006 282.0769447609782 9.651244260370731 6.793493263423443 2.522817015647888
0 1167.03942733258 0.7996631413698196 0.2475109323859215 0.4085546508431435 3.0726033821702 0.549807146191597 3.245760545134544 102.4790782555938 0.3596680089831352 682.1242510154843 1.230522885918617 2771.338805802166 3.12446540594101 3.00471193343401 15.29489642381668 0.2711389064788818 9.564538955688477 1.483336240053177 0 1.676853567361832 328.1721618920565 5.655398063361645 51.72146092355251 149.3208060860634 339.8764733150601 3138.521009489894 4.960689090192318 2.922649219632149 0.199730858206749 485.7109541073442 2.871598139405251 0 175.7307029664516 4.308625221252441 75.54521252959967 335.4816524460912 481.3024274334311 84.49714633822441 7.280231550335884 2.577510118484497 122.2829276993871 0 0 13.29641705751419 0.2554345354437828 0 0 0.1327040493488312 0.3505211025476456 0.2076535075902939 0.1237680986523628 0 145.2718842998147 0.09595631062984467 636.7165870815516 0.09822365641593933 0 1.572537660598755 1.299211144447327 3.361163333058357 7.842714987695217 0 0 0.1274959594011307 1.35968204587698 0.0905400812625885 193.6078605651855 203.9004032239318 354.2626644745469 0.6915241479873657 0 0 83.91578167676926 0 0 5.261579930782318 0.4795675575733185 34.61016946285963 59.15318592637777 33.43452418595552 1.814869679510593 1.718462228775024 0 53.90940144658089 0
155.0736925378442 380.5406726300716 7486.430554158986 8.556385084986687 8.941703952848911 87.47867142409086 627.7675924226642 776.4238787963986 31.77117029577494 105.0404385998845 2644.198563717306 35.37673751264811 1072.605327703059 739.7258680388331 1.154229663312435 8.490846425294876 3089.555686585605 1769.427636399865 4381.890666559339 11.84465585649014 115.1739879846573 59.25506348162889 867.8384308964014 60.85911197215319 339.8764733150601 24206.28178629279 11172.46546754241 81.36999890208244 901.9401392266154 441.1323987692595 833.473165512085 69.19416531175375 50.82945472002029 2241.819778501987 34.25894788652658 3226.500150978565 8193.204753093421 4681.143801666796 1153.657767780125 97.36396527290344 12.00701919198036 113.6599448248744 13.73871951550245 3.161956824362278 296.5082979649305 51.36907482147217 0 0.2893236577510834 0.7675917223095894 18.08649531751871 3.144273415207863 5.068988494575024 1.287639208137989 414.6520408913493 0.6354163587093353 1016.94507239759 6.421665407717228 0.4203581213951111 3.843404650688171 356.8562282025814 150.4432679414749 428.4045943319798 1.708802327513695 9.398450344800949 7.81853611767292 51.46859975904226 10.15224745869637 361.16509360075 4278.330297417939 4322.135730415583 14.862219594419 3.760995455086231 14.02073875069618 672.4298980161548 0.9394020363688469 0.8881541639566422 81.38752845674753 35.58246313035488 285.3947537019849 1352.800419874489 234.0616516917944 46.39956943690777 6.057289868593216 1.299434676766396 17.8040716946125 0.4288904368877411
19.28963752835989 5780.933185227215 9832.743171587586 27.77300948649645 2.611331224441528 30.20716774463654 367.8844959065318 106.80153170228 719.6461344584823 94.89997033774853 847.4225037917495 16.8892258554697 2413.0165810287 141.4705613926053 27.20525545626879 3503.058135084808 3798.267165265977 228.8541184291244 639.7720550969243 5.09591967612505 1082.52455406636 3242.046143658459 8260.248068913817 3327.758705958724 3138.521009489894 11172.46546754241 29141.82406694442 2219.766989916563 216.0403832048178 67.43870760500431 1581.100762136281 21.01178434491158 18.78274352103472 3040.830009013414 192.4287917166948 5903.498454399407 4817.772194132209 7993.987050771713 2175.405873708427 286.7456664592028 12.36037239432335 49.58054734766483 32.48136256635189 6.541160523891449 2724.480968460441 2267.210595324636 0.5135553181171417 0.09350066632032394 1.758509203791618 70.95897176116705 16.39663740992546 34.82783454656601 5.617074638605118 227.9975525513291 1.639060832560062 577.8161355182528 20.44604402035475 0.971742071211338 441.1730848178267 745.2222761362791 120.8920993208885 654.0319032594562 0.4995498135685921 56.2501325532794 1738.550781644881 1213.912577800453 98.05425377190113 877.3408432900906 6642.255294084549 18814.13720939308 102.6471758037806 12.62185195088387 37.32476715743542 414.3788642138243 1.396062299609184 1.431569792330265 172.0291410014033 98.76189433038235 634.9639064967632 1407.463502906263 539.79570851475 131.202303186059 16.59726658463478 7.866858124732971 13.13414215296507 1.894743114709854
