1149.503430984914 0.2203460931777954 420.1408666297793 7.752290114760399 2.231662884354591 31.88089334964752 2124.700387470424 1045.334128431976 47.42633712291718 68.81031280755997 47.15523280203342 4.101117208600044 5.488981850445271 6045.335666187108 2.240810886025429 5.867352895438671 261.6728183031082 16.34498743712902 31.31737759709358 3.055305778980255 115.0099923983216 1.498444840312004 335.9732828140259 83.49160198867321 0.3360559493303299 345.2631587907672 39.05562175065279 106.1767357885838 4916.032416693866 4368.684558592737 1.25254375487566 20.20378783345222 428.0394206568599 319.6631017550826 1.616960257291794 223.9812489598989 26.45574668049812 334.1232681199908 52.29964175820351 30.00539303570986 9.968633696436882 0.9283949211239815 6.764638766646385 0.5031003430485725 0.2457639127969742 1.293763488531113 2.132643647491932 0 0.2265298217535019 10.13507103174925 1.725837834179401 6.304004140198231 0.2989354431629181 0 0.1125828176736832 0.08354651927947998 1.765054374933243 0 7.768318936228752 0.1881271824240685 0 0.08720845729112625 0.1145006343722343 5.487538486719131 3.773640662431717 1.660687819123268 43.31932309269905 0.539404109120369 0.7657485380768776 13.70587122440338 8.34310445189476 1.050206385552883 11.72649459540844 0 0.2421661019325256 0.1178050488233566 1.895518057048321 0.4938837736845016 19.28563451766968 0.2300200015306473 3.29273895919323 0.7551577612757683 4.212914124131203 0.3303714767098427 0 0
0.2203460931777954 229.6562263742089 96.59435457736254 1.134109817445278 0 0.5655712708830833 6.485856764018536 0.9207066893577576 771.5214743092656 0.4899646639823914 6.866104550659657 0 279.9310888871551 0.4224535822868347 8.896863974630833 50.95821925252676 17.42197144031525 3.197146281599998 19.07311856746674 0.5007238313555717 11.17542759329081 3561.128584548831 16.96912415325642 833.3155340179801 2184.045692317188 309.4172196835279 4408.648592762649 24.57509405165911 1.645824670791626 5.443106770515442 24.59021726250648 0 0.3302145004272461 8.04291458427906 0.4794871211051941 18.75274497270584 31.83886040747166 8.339397609233856 2.842298716306686 16.27775179594755 0 0.3896676599979401 0.1666677892208099 0 59.41087023168802 36.33469535410404 0 0 0 0.3022587448358536 0 6.735267877578735 0.1688959300518036 4.339691027998924 0 22.09347923099995 0 0 1.210348539054394 15.787741959095 0.3760202676057816 3.324772022664547 0 0.2711693346500397 16.47164288908243 6.074187859892845 4.73108633607626 761.512423440814 72.56155322492123 1294.498232111335 1.835785791277885 0 0.7889571413397789 4.893534928560257 0 0 3.15158474445343 1.253707855939865 6.997541293501854 2.126919731497765 12.73797139525414 4.796963423490524 0.8408623933792114 0 0 0
420.1408666297793 96.59435457736254 3762.810919582844 6.870683528482914 0.07877404242753983 4.856374584138393 1206.842713288963 316.3874141350389 34.6048980653286 39.42516275495291 30.53408119082451 1.242735601961613 7.583639718592167 550.5402326881886 0.2240351811051369 4.367483012378216 2055.272382952273 18.10240928828716 47.32333887368441 2.379138872027397 927.2278687059879 134.7163426056504 10398.95985840261 40.18086826056242 7.212290339171886 8403.677229560912 7145.78400387615 179.0659784600139 153.7939662560821 1650.571348629892 3.340964421629906 0.9148089066147804 13.54656536132097 576.6749363020062 18.77505496144295 1280.842985965312 717.4459452554584 880.217075407505 275.0470958948135 103.5732631161809 2.113976135849953 0 22.22092302143574 0.2247539535164833 286.4059136807919 321.015473075211 0.2282040268182755 0 0 19.55413995683193 0 5.56957695633173 0.6950430274009705 1.314436599612236 0.2422844916582108 3.817503355443478 1.89886812120676 0 64.3897245824337 183.215633995831 0.8664066568017006 10.44409045577049 0.5212371796369553 8.369386821985245 95.44986725598574 227.1456341817975 33.37799300253391 7.99132864177227 76.93278686702251 3623.829701542854 18.20427123457193 0.3963373526930809 8.12721011787653 0.5403115302324295 0.1989157497882843 0.10041593760252 48.8692512139678 2.92789214849472 126.2376224771142 13.40541453659534 117.4829320162535 60.88611245900393 4.068979546427727 0.1229583397507668 1.988474607467651 2.771888107061386
7.752290114760399 1.134109817445278 6.870683528482914 2002.665631890297 1.252873718738556 269.7863078936934 300.2115525901318 106.2888067811728 605.2347604930401 3468.171947792172 7.834691941738129 4325.904396697879 1.84785870462656 78.0614326223731 156.8295996487141 1.568384371697903 2.475018382072449 1.065967425704002 0.9507936164736748 3018.962526462972 4.08586373925209 5.110318131744862 2.712634645402431 1694.964931026101 0.8091271445155144 9.793290384113789 6.136381149291992 2484.74877858907 105.8253115415573 27.31589733064175 0 5.581554479897022 5.984467267990112 50.04098673909903 1.236414149403572 233.0372443124652 5.88721588999033 142.092461168766 53.55814903229475 343.4013103619218 12.88628465682268 1.093066722154617 5.721744611859322 0 0 0.567649632692337 102.0911034047604 0 3.927059203386307 67.40842370688915 7.551216006278992 221.8086545318365 44.80868627130985 0.7513395771384239 45.67869147658348 0 2.588082067668438 0 0.6845137774944305 0 0 0 36.22161065042019 1.196253307163715 0.4018401652574539 0.1444114744663239 488.9195511341095 0 0 0.9239302203059196 102.2578302323818 2.088181249797344 0.6100763976573944 0 0 0 1.391346678137779 0.3855125606060028 43.98460162431002 0 5.891795463860035 1.449697934091091 53.37896646559238 0.1837054342031479 0.3628294691443443 0
2.231662884354591 0 0.07877404242753983 1.252873718738556 56.86002983152866 701.2545484304428 3.963401980698109 108.9805178046227 32.1031621992588 7.913635015487671 57.0869314968586 30.3830220028758 16.46497299522161 10.21482211351395 1360.825871698558 0 0.5645701438188553 3.283442154526711 3.049275286495686 2.15649688988924 0.4782935082912445 0 0.2408940643072128 12.71985084563494 0 3.494846798479557 0.6808243542909622 4.957554347813129 46.57525105774403 0.2451354712247849 0.2794610634446144 195.3929563462734 0.8491892218589783 452.8220053017139 0.5683148503303528 32.46817035973072 1.49476084113121 149.7049493864179 81.84970124065876 1160.978511534631 36.28351829946041 4.23440258204937 4.429665520787239 0 0 0 0 0 0 0.7113532423973083 0 0.2673249542713165 0 0 0 0 0 0 0 0 0 0 0 0 0 0 1.480465263128281 0 0.2111702263355255 0 0.4397588148713112 0 0 0 0 0 0 3.791158735752106 1.221708431839943 0 0 0 0 0 0 0
31.88089334964752 0.5655712708830833 4.856374584138393 269.7863078936934 701.2545484304428 6556.484848506749 912.4847342222929 10572.7760373652 167.5501867607236 3778.812650665641 127.7539390847087 4090.828721649945 31.27060255408287 944.0306710079312 3685.050601132214 2.658347569406033 3.199306100606918 22.3503942489624 16.80212635546923 273.6179333552718 3.675914913415909 1.630003802478313 2.945385575294495 395.5560614913702 0.2940560355782509 26.34869965165854 7.657039493322372 438.7364344149828 591.6130326762795 20.90707356482744 1.340725943446159 133.502726085484 1.63546322286129 633.2942830622196 0.4835991412401199 208.5353297591209 9.97137451171875 357.4194734320045 102.9692707285285 2672.244908556342 231.3051211088896 3.513628110289574 9.34698998183012 0.09653522074222565 0 0 3.998252511024475 0 0 9.227073334157467 0.2702449485659599 8.904709227383137 5.581373661756516 0.1744616627693176 16.57071371376514 0.9087950512766838 0.1345796287059784 0 0.08756455779075623 0 0 0 1.517395630478859 0.1059160083532333 0.561324879527092 0 40.57713229209185 0 0.201524056494236 0.6342098340392113 7.917448975145817 0.9255943596363068 0.7214894145727158 0 0 0 0.5936172008514404 0 8.787083603441715 0 2.337148502469063 0.1158135607838631 3.479362286627293 0.4376278519630432 0.3150372356176376 0
2124.700387470424 6.485856764018536 1206.842713288963 300.2115525901318 3.963401980698109 912.4847342222929 9992.833852276206 3086.703841678798 289.9981860592961 6253.491877496243 39.72785749286413 50.96460781991482 12.76169374585152 3886.416135050356 19.71996431052685 63.17482747137547 137.9796822294593 8.942796513438225 15.33790051937103 77.85912953317165 1217.705095559359 39.93264123052359 1003.711413681507 2367.844072081149 3.714031592011452 761.8681147620082 480.7222939506173 15537.81271707267 1507.258599102497 6107.08888193965 1.552597895264626 23.57688723504543 62.23520807921886 322.9733352735639 9.762381002306938 1326.267145611346 46.51435459405184 956.3588701412082 380.0453730821609 262.9771070331335 69.87525110691786 2.198154918849468 35.89664477854967 1.581659957766533 5.063909702003002 7.360840298235416 43.38725447654724 0.3060367405414581 3.012113608419895 204.2340832352638 17.75119933485985 155.6913461461663 28.41476353257895 1.709884636104107 6.213497698307037 0.2300475761294365 10.97399920225143 0.8596625328063965 24.18711248040199 2.103116042912006 0.7287740707397461 1.132491625845432 18.40062452852726 5.439381204545498 8.67900512367487 10.71111973375082 571.90150141716 1.435974046587944 2.148376755416393 73.79806315898895 162.4224143624306 11.71637231856585 20.51128032058477 0 0.453929640352726 0.3985167741775513 7.088906332850456 11.1274755448103 104.8503901138902 0.4838555529713631 24.74342027306557 11.230647534132 46.14106838405132 1.996847845613956 0.5637838840484619 0.6703386306762695
1045.334128431976 0.9207066893577576 316.3874141350389 106.2888067811728 108.9805178046227 10572.7760373652 3086.703841678798 10040.98701519519 224.59931499511 1913.623414061964 269.2384088113904 932.8550362810493 50.47353617846966 6478.483337976038 815.0622093603015 7.978208042681217 197.2283720746636 49.89826876670122 53.27285295724869 137.2576906979084 43.02470533549786 4.149800211191177 137.1766696944833 667.772365257144 1.149561367928982 366.9347407259047 57.65662932395935 640.8353308439255 1698.238224007189 720.1186697110534 2.540435183793306 198.3145278468728 13.46833427995443 774.0976759679615 3.813598126173019 451.3583047986031 34.23613418638706 564.7577244192362 178.1315750554204 1060.654896907508 89.71061158925295 6.452764183282852 17.83433765172958 2.160859920084476 0.5729089751839638 0.2608513012528419 20.02165041863918 0 5.935594454407692 103.8026300296187 7.856576055288315 45.77502106875181 5.786787614226341 1.021828815340996 2.333374910056591 0.1377314031124115 9.631686463952065 0 6.490637056529522 0.7771355360746384 0.1367181837558746 0.1960624903440475 3.489034384489059 2.798579961061478 0.520481064915657 1.085573002696037 287.6633827164769 0.3565049469470978 1.89133058488369 14.182931445539 84.89797160029411 6.106400839984417 17.54188626259565 0 0.721606120467186 0.3806901499629021 4.783848874270916 2.00939978659153 47.81566891819239 1.312311694025993 14.9563622623682 6.389280736446381 16.12101454287767 3.526122249662876 1.040745764970779 1.703339025378227
47.42633712291718 771.5214743092656 34.6048980653286 605.2347604930401 32.1031621992588 167.5501867607236 289.9981860592961 224.59931499511 226.7918634787202 210.0268190056086 17.20498797297478 411.3420798778534 95.87296356260777 396.4538051486015 841.8205244392157 42.71836173534393 6.86352376639843 2.302810110151768 5.332596555352211 683.3944252952933 96.27450672537088 3270.66951303184 44.2563606724143 7813.732766263187 679.8047417625785 36.47039221972227 89.51129653304815 1324.407132387161 524.6893052980304 942.5682033225894 15.13447443395853 6.829410634934902 42.43265306949615 77.46647080779076 4.257746055722237 479.9249730706215 9.475859440863132 171.3019643574953 78.17517866939306 602.5166823714972 20.00885719805956 0.2765887677669525 10.63313733786345 11.57531925290823 10.9916926920414 2.036441922187805 55.04244993627071 0.4266223907470703 5.750121995806694 175.9799079596996 24.99241214245558 114.978236399591 23.94835430383682 2.350354604423046 23.28716661036015 1.035472393035889 42.2489667236805 2.623980551958084 113.9425015822053 1.591180063784122 0.7926619425415993 0.6700497716665268 30.65901981294155 35.56632062792778 76.47372787445784 16.45704139769077 1109.13866661489 20.42935262620449 3.635586470365524 28.65474162995815 165.0425450503826 33.36352628469467 185.0283873006701 0.6601739972829819 1.170928783714771 3.413606703281403 19.30432296544313 11.3460266366601 202.7541781514883 1.186997160315514 49.49183753877878 17.91888174414635 61.57588171213865 12.87561467289925 0.162732794880867 2.559178590774536
68.81031280755997 0.4899646639823914 39.42516275495291 3468.171947792172 7.913635015487671 3778.812650665641 6253.491877496243 1913.623414061964 210.0268190056086 16247.69397505373 75.99919416755438 7691.67920602113 19.67634122818708 767.1493091806769 70.80512412637472 1.855766892433167 9.024461336433887 13.74393717199564 11.86431518942118 2040.248065777123 14.18135360628366 2.205163083970547 15.29524055123329 1615.852068483829 0.5370921716094017 62.90546595677733 22.23633785545826 5204.934025190771 677.5035312026739 155.6025614216924 1.217109024524689 44.82663310319185 19.50463512539864 341.5920905843377 2.269427321851254 803.0581394359469 24.96926284581423 747.0586897730827 222.0022189095616 399.5075632333755 71.12117570638657 2.362148657441139 32.49255861341953 0.4711852967739105 0.2498642355203629 0.1910650432109833 64.74393682926893 0 2.244870364665985 62.34236957877874 4.555671580135822 120.159208163619 23.37663395702839 0.2115680128335953 46.41337649524212 0.2977894619107246 1.189780339598656 0 2.401234567165375 0.1329672932624817 0 0 13.39378639310598 1.413721174001694 1.136062331497669 0.5819310620427132 311.4825208112597 0 0 3.592125408351421 59.33256829530001 1.423038460314274 1.36602570861578 0 0.1527016907930374 0 1.305582769215107 2.373836778104305 50.04569155722857 0.166839137673378 2.23023721575737 1.413748040795326 21.38766501843929 0.2729384005069733 0.1906717047095299 0.1709783524274826
47.15523280203342 6.866104550659657 30.53408119082451 7.834691941738129 57.0869314968586 127.7539390847087 39.72785749286413 269.2384088113904 17.20498797297478 75.99919416755438 5602.37496599555 47.35307411104441 1588.562533907592 170.0298961624503 7.131901904940605 1.373340263962746 248.2822800278664 1440.210582874715 630.5960590988398 11.81902733445168 15.22501798719168 6.904459223151207 50.55711553245783 25.4279653057456 615.361481115222 1400.127498604357 693.9009946882725 24.24293138831854 369.1253522187471 63.78801727294922 412.1151653528214 286.2962569072843 8.505502611398697 5421.920790225267 4.142540715634823 399.2610544636846 2199.285514250398 4474.323034211993 1182.630125671625 46.76822670549154 37.33495178073645 786.1056198850274 12.54724641889334 0 1.476444095373154 0.6231019496917725 0.5473912730813026 0 0 4.287383690476418 0.5305869579315186 2.176782742142677 0.9488014429807663 450.3304895311594 0.1763204112648964 274.8497706130147 0.446288026869297 0 0 0.2177826017141342 17.8693068549037 1.108943343162537 0 0 0.2182636111974716 1.371427237987518 8.337586998939514 14.79054784029722 43.18716455250978 99.52619082480669 2.866295769810677 0.08239071816205978 1.801807723939419 74.57068955153227 0 0 3.17623470723629 2.180458873510361 17.17894715815783 286.169740639627 5.078967079520226 3.711168050765991 1.196187704801559 0 229.9004940018058 0
4.101117208600044 0 1.242735601961613 4325.904396697879 30.3830220028758 4090.828721649945 50.96460781991482 932.8550362810493 411.3420798778534 7691.67920602113 47.35307411104441 6212.568444639444 8.658274337649345 212.2584045231342 1481.386102847755 0 0.2194184362888336 5.698101736605167 6.258129470050335 2389.336250051856 0.4391023814678192 2.150564610958099 0 626.1066830158234 0.2192667201161385 9.74857035279274 2.140948951244354 782.715234361589 167.2364031523466 6.19535206258297 0.4113963544368744 32.74777867645025 0.6194671243429184 182.7285030037165 0.1882712095975876 306.5707432702184 6.403034582734108 232.9798996299505 48.12587548047304 1569.859279289842 26.93990135937929 0.6555546894669533 8.734313882887363 0 0 0.2862650156021118 35.88128777593374 0 0 21.35090029984713 0.5669176578521729 72.96523210406303 12.52771194279194 0 55.20409847795963 0 0 0 0 0 0 0 8.889204494655132 0 0.5670656561851501 0 120.8347121849656 0 0 0.124829076230526 16.46858631074429 0 0.1039160862565041 0 0 0 0 0 30.52838797867298 0 1.080737501382828 0.1049371510744095 25.11642910540104 0 0.4228081926703453 0
5.488981850445271 279.9310888871551 7.583639718592167 1.84785870462656 16.46497299522161 31.27060255408287 12.76169374585152 50.47353617846966 95.87296356260777 19.67634122818708 1588.562533907592 8.658274337649345 4380.966138750315 17.52913024276495 2.120550289750099 13.68316608667374 9.423514246940613 49.3144133836031 51.60564390569925 3.070411257445812 7.033240914344788 183.9388857334852 31.72965916246176 98.99986306577921 4746.533386006951 423.531970217824 2987.870551146567 12.47286960482597 10.37772090733051 8.3426518663764 821.9971436783671 54.97456054389477 0.2253639698028564 956.8998708948493 71.7199924737215 1399.878892317414 3639.89608066529 3647.657124809921 1196.638634540141 103.4016281738877 123.7946546748281 2205.681416161358 19.83505018800497 0 1.123782075941563 0.1257815808057785 0 0 0.1981342732906342 1.831673517823219 0.2930929064750671 0.5325519070029259 0.9013928547501564 885.363519847393 0 653.6263619437814 0.1978658139705658 0 0.5650232434272766 0.1094506680965424 33.42378432303667 1.184014998376369 0.1534563899040222 0.5521568655967712 0.7840478867292404 0.4647941887378693 1.498348288238049 44.91452100127935 130.4759387150407 193.2196813672781 0.3953747302293777 0 0.3301628530025482 221.8569564595819 0 0 17.48794692754745 27.15639369189739 579.2459290027618 489.3882707580924 286.218669436872 82.03755874186754 31.62754695117474 9.889160357415676 262.1560776457191 1.405442580580711
6045.335666187108 0.4224535822868347 550.5402326881886 78.0614326223731 10.21482211351395 944.0306710079312 3886.416135050356 6478.483337976038 396.4538051486015 767.1493091806769 170.0298961624503 212.2584045231342 17.52913024276495 13673.00201806426 54.95687472075224 15.4705875441432 491.2842049375176 45.35631972551346 78.93130984157324 76.82630818337202 89.75295397639275 8.222588159143925 306.2343418970704 557.6649468392134 2.363739319145679 630.7451428323984 107.937417447567 647.2440328672528 6799.13541688025 2692.924765333533 1.505097530782223 113.7012772038579 42.38495642691851 742.0739003047347 2.977704547345638 569.7748905643821 45.81040070205927 606.1470601856709 99.23353009670973 140.7304743379354 31.19556691497564 1.168138429522514 12.16120343655348 3.345396757125854 1.34161988645792 1.295607581734657 11.53512065112591 0 0.3920477628707886 90.32716849446297 8.941298097372055 45.58720598369837 4.578997708857059 0.8220615014433861 1.844975009560585 0.8767448738217354 15.22099523246288 0 16.72574088722467 1.012461155653 0 0 1.286739394068718 4.19422335922718 5.313473656773567 1.99468008428812 277.069526463747 1.14141271263361 2.957208745181561 26.54059094935656 79.46597047150135 8.189539141952991 37.13120657205582 0 0.4547839313745499 0.7717331349849701 7.989767730236053 4.030445031821728 87.2523570805788 0.4503305777907372 21.20528104901314 7.381885536015034 23.24249736964703 5.817019373178482 0 2.77077492326498
2.240810886025429 8.896863974630833 0.2240351811051369 156.8295996487141 1360.825871698558 3685.050601132214 19.71996431052685 815.0622093603015 841.8205244392157 70.80512412637472 7.131901904940605 1481.386102847755 2.120550289750099 54.95687472075224 638.0166719555855 0.6719009429216385 0 0.788283035159111 1.366751901805401 214.9743357747793 0 35.83158389478922 0.3934633657336235 1113.351940639317 16.03493643552065 1.813238203525543 0.732897937297821 61.18878335505724 24.16527426242828 16.16008187830448 0.08134113997220993 22.12528719753027 0.4749074652791023 42.81044388562441 0 36.57119400799274 2.149777695536613 26.1251864284277 4.531192019581795 1536.957120411098 16.45160361379385 0 0 0 0.1990725696086884 0 0 0 0 0.3916897177696228 0 5.452066659927368 0 0 1.035760760307312 0 0 0 1.315970703959465 0 0 0 0 0.8897354006767273 0.6049471125006676 0 4.300908498466015 0 0.3986710906028748 0.5905640423297882 1.608245193958282 0 0.6366935595870018 0 0 0 0 0 0.948053166270256 0 0.4362803027033806 0 0 0 0 0
5.867352895438671 50.95821925252676 4.367483012378216 1.568384371697903 0 2.658347569406033 63.17482747137547 7.978208042681217 42.71836173534393 1.855766892433167 1.373340263962746 0 13.68316608667374 15.4705875441432 0.6719009429216385 1605.236183583736 6.479696907103062 0.2814151644706726 0.9437755644321442 0 2514.652895160019 3000.595409363508 2961.202330246568 1588.713761821389 19.02054286748171 3.846439577639103 4887.846017755568 607.7404692918062 122.462441265583 111.8230504840612 0 0.9439048916101456 91.92384555190802 119.3570370897651 14.36214940994978 1844.704649619758 335.5405595302582 247.8378361016512 262.6698913052678 69.54660807549953 3.831625036895275 8.19698478281498 23.3450139015913 8.365018859505653 4.39224611222744 7.364338085055351 0 0 0 10.31381404399872 2.394780017435551 12.15741658210754 0.1193056032061577 1.544560790061951 0 0.2678048312664032 9.052699275314808 0 2373.032686069608 2.336928091943264 0.2928620353341103 0.9128025248646736 0 289.4435018375516 724.218871563673 564.6252934783697 117.5340907126665 1.76607058942318 4.000760190188885 578.3735862523317 29.38367568701506 4.970647551119328 181.1440923437476 0.1176952198147774 0.127041220664978 0.1020653322339058 12.61229467391968 12.27228304743767 264.7953712493181 5.323454476892948 20.44349404424429 13.63492660224438 25.3086958527565 0.6150984317064285 0.9963027238845825 0.126716360449791
261.6728183031082 17.42197144031525 2055.272382952273 2.475018382072449 0.5645701438188553 3.199306100606918 137.9796822294593 197.2283720746636 6.86352376639843 9.024461336433887 248.2822800278664 0.2194184362888336 9.423514246940613 491.2842049375176 0 6.479696907103062 1206.202050000429 954.6477178931236 4016.446101166308 0.5400517359375954 1415.649671189487 1.732277788221836 2938.529437631369 11.98735562711954 8.151711538434029 3763.736076526344 6380.254430696368 21.66028102487326 472.7117711231112 1774.727783381939 4.108643211424351 1.295719631016254 73.36595810949802 1863.731276400387 8.572651721537113 554.3588574975729 1272.138453036547 1740.644023872912 351.7880649939179 24.06524791568518 1.088116846978664 2.744242496788502 4.406973965466022 0.4486219882965088 128.3133863806725 13.13888665288687 0 0 0 2.628840208053589 0 0.7215639501810074 0 6.813704341650009 0 10.38477855175734 0.616000160574913 0 0.9971554130315781 22.19116805493832 3.395191356539726 44.6643647775054 0 0.4501324594020844 0.5547676384449005 3.589188635349274 3.230974681675434 61.19059001654387 186.4480370357633 1126.332319796085 1.049958534538746 0.6535915434360504 1.404258236289024 6.210527911782265 0 0 4.938917800784111 1.621524572372437 10.96689665317535 4.015399321913719 29.38297861069441 3.91506714373827 0.8592667728662491 0 0.3829232007265091 0
16.34498743712902 3.197146281599998 18.10240928828716 1.065967425704002 3.283442154526711 22.3503942489624 8.942796513438225 49.89826876670122 2.302810110151768 13.74393717199564 1440.210582874715 5.698101736605167 49.3144133836031 45.35631972551346 0.788283035159111 0.2814151644706726 954.6477178931236 277.453819014132 1517.008545488119 2.216146297752857 21.66695818305016 2.25509162992239 54.93002302199602 3.785955928266048 11.68169568479061 1081.549964897335 439.6269019246101 5.309297852218151 63.74946388602257 67.54020816832781 69.55796919763088 29.10641165077686 3.707901693880558 683.402483433485 2.79052796214819 188.9099705293775 851.8559523299336 1094.926803641021 226.9114503189921 7.255444392561913 1.983539767563343 10.69814355671406 1.227716833353043 0 2.017496213316917 0.3522993922233582 0 0 0 0.137479841709137 0.1325416564941406 0 0 9.444293558597565 0 22.68339382857084 0.2316393107175827 0 0 0 5.230497598648071 0.8671799749135971 0 0 0.1131122335791588 0 1.639784544706345 14.27685289084911 42.10616723448038 126.3832402378321 0 0.105258509516716 0.2379827350378036 12.07820072770119 0 0 0.3263758271932602 0.6750061064958572 1.892181843519211 1.574842594563961 1.373854853212833 0.1897116452455521 0 0 0.5020850300788879 0
31.31737759709358 19.07311856746674 47.32333887368441 0.9507936164736748 3.049275286495686 16.80212635546923 15.33790051937103 53.27285295724869 5.332596555352211 11.86431518942118 630.5960590988398 6.258129470050335 51.60564390569925 78.93130984157324 1.366751901805401 0.9437755644321442 4016.446101166308 1517.008545488119 1527.765382438898 1.492755629122257 101.4269007891417 7.932508014142513 316.4674997553229 7.476828686892986 73.05260674655437 4131.395717978477 2065.108138941228 6.354588776826859 116.5310122147202 298.6575398221612 59.20258551836014 25.79787410795689 11.25460842996836 1660.152908422053 11.82306209951639 643.8781462833285 1571.325264960527 3062.827854990959 691.0884401425719 11.53349853307009 1.701777316629887 9.908869996666908 2.182940803468227 0 23.97438475489616 0.7647171467542648 0 0.3763860911130905 0 1.162031561136246 0.221265122294426 0.7107679098844528 0 38.64602133631706 0 158.3487327843904 0.4487256035208702 0 0.5146426782011986 1.170887097716331 33.70309183001518 11.00368759036064 0 0.2118890285491943 0.5474785715341568 0 1.70926121994853 147.7036764845252 304.1655430942774 1177.487595938146 0.8567281514406204 0.1518398523330688 0.4475197643041611 71.20353803038597 0 0 4.680445447564125 0.5016313642263412 7.45226151496172 7.199693784117699 7.603531390428543 0.4043990820646286 0.6885994076728821 0.08607212454080582 0.2130939513444901 0
3.055305778980255 0.5007238313555717 2.379138872027397 3018.962526462972 2.15649688988924 273.6179333552718 77.85912953317165 137.2576906979084 683.3944252952933 2040.248065777123 11.81902733445168 2389.336250051856 3.070411257445812 76.82630818337202 214.9743357747793 0 0.5400517359375954 2.216146297752857 1.492755629122257 390.090447679162 0.4571470469236374 0.5360100343823433 0.9028641954064369 794.2794157043099 0.3407472223043442 2.809515118598938 1.560824237763882 1372.701452083886 88.52686300873756 8.434868820011616 0 7.908843874931335 2.224617637693882 54.24478159844875 0.3443036451935768 222.7554086223245 4.055967040359974 120.9536598548293 39.03663966059685 641.6552191749215 12.41496307402849 0.119235672056675 6.895176477730274 0 0.1607066690921783 0 58.83749507367611 0 4.531639099121094 41.58771284669638 2.631137788295746 203.5000158026814 21.07372251152992 0 21.67333739995956 0 0.6125200688838959 0 0 0 0 0 18.96318586170673 0.6628609523177147 0.155706986784935 0 373.8983514755964 0 0.1825143992900848 0.4176009595394135 50.7138189971447 1.453424766659737 0.8329266533255577 0 0.4739951193332672 0 0.5081865638494492 1.659346923232079 45.18323305994272 0 1.999904863536358 0.6927304565906525 52.52762927114964 0.4866895377635956 0 0
115.0099923983216 11.17542759329081 927.2278687059879 4.08586373925209 0.4782935082912445 3.675914913415909 1217.705095559359 43.02470533549786 96.27450672537088 14.18135360628366 15.22501798719168 0.4391023814678192 7.033240914344788 89.75295397639275 0 2514.652895160019 1415.649671189487 21.66695818305016 101.4269007891417 0.4571470469236374 9530.251554384828 662.6650581210852 13916.61151663214 2061.95609523356 7.889545887708664 296.2287409603596 1223.727135919034 4670.945421621203 211.6701899543405 14216.58710423112 0.446438767015934 1.141801007091999 136.4381595179439 1962.67333304882 67.02840602397919 4770.334603771567 364.2270567417145 2897.766775622964 1520.894045457244 307.74268553406 7.856931999325752 2.257168360054493 76.8641247227788 3.427730903029442 0.5713267475366592 2.533481597900391 0.8142513558268547 0 0.1995444148778915 8.855866760015488 1.982577957212925 11.90604022145271 0.1079344525933266 0.2044151127338409 0.09492126852273941 0 6.023790344595909 0 507.048578619957 0.868960790336132 0.09985128790140152 0.2826534807682037 2.031820029020309 203.4598640948534 180.4316934049129 106.364567682147 87.53255708515644 1.462084293365479 2.994609028100967 50.25904367119074 21.05950806289911 7.004910081624985 147.3383324146271 0 0 0.2635984122753143 4.317276105284691 42.80828607827425 166.1273713335395 6.401114761829376 10.16616996377707 11.40053165704012 4.998510874807835 0.6944032832980156 0 0.2697803005576134
1.498444840312004 3561.128584548831 134.7163426056504 5.110318131744862 0 1.630003802478313 39.93264123052359 4.149800211191177 3270.66951303184 2.205163083970547 6.904459223151207 2.150564610958099 183.9388857334852 8.222588159143925 35.83158389478922 3000.595409363508 1.732277788221836 2.25509162992239 7.932508014142513 0.5360100343823433 662.6650581210852 1737.96311416477 484.6620300859213 4208.63085244596 1636.368354082108 46.02517611533403 2474.924023173749 377.3262602239847 37.62765949219465 154.1291282922029 24.74886779487133 0 11.8413871973753 13.39208175241947 0.6174100041389465 70.8543649315834 20.16639995574951 22.59482721239328 10.77683804929256 107.8552724346519 0.4749282002449036 1.955186128616333 0.7857685685157776 8.503627344965935 887.3482238873839 32.08901691436768 0.3038477301597595 0 0 12.03081135451794 2.026558719575405 56.63887438178062 1.53103045374155 1.885478630661964 0 5.444600284099579 12.86530432850122 0 1185.015258595347 8.805645078420639 0.1313393712043762 1.444246023893356 0 207.9054565355182 416.5306271165609 283.341492921114 233.7698829621077 286.3002442792058 9.529441222548485 1066.880334980786 36.88910894095898 9.490708731114864 212.721689529717 1.166167184710503 0 0.865349680185318 8.04487419128418 1.432647712528706 144.3047698736191 7.261171944439411 23.9182156175375 8.685041725635529 7.414635039865971 3.488514274358749 2.085313081741333 1.137642383575439
335.9732828140259 16.96912415325642 10398.95985840261 2.712634645402431 0.2408940643072128 2.945385575294495 1003.711413681507 137.1766696944833 44.2563606724143 15.29524055123329 50.55711553245783 0 31.72965916246176 306.2343418970704 0.3934633657336235 2961.202330246568 2938.529437631369 54.93002302199602 316.4674997553229 0.9028641954064369 13916.61151663214 484.6620300859213 10419.3958613798 538.4215949475765 8.400139234960079 3112.380672261119 8966.232025004923 3131.61634580791 169.3419343084097 5429.130078345537 1.560822509229183 0.4578082785010338 51.08711120486259 2688.35077368468 116.2074025049806 8220.3477730304 2434.65726557374 5294.037607230246 3326.39019998163 714.7428048998117 11.33544862270355 15.09293703734875 154.14183332026 1.200719624757767 22.9938607364893 66.23580561578274 0.4199190884828568 0 0.576892152428627 18.22638116776943 0.9433078244328499 6.409852921962738 1.108604520559311 0.4034736305475235 0.121967077255249 0.6266323924064636 4.258490465581417 0 1130.54611159116 22.09476861357689 1.269415467977524 3.060842469334602 0 172.3377565219998 323.3220620006323 412.1724302619696 63.30260168761015 3.976763859391212 10.4980862736702 1727.282401740551 29.26018849760294 2.167672388255596 60.43006069213152 0.23585195094347 0 0.1643090546131134 29.37506587058306 49.25766187906265 288.7989470437169 11.26883284747601 26.38761522620916 26.82122917473316 14.6828879788518 2.035431057214737 7.378312036395073 1.236865170300007
83.49160198867321 833.3155340179801 40.18086826056242 1694.964931026101 12.71985084563494 395.5560614913702 2367.844072081149 667.772365257144 7813.732766263187 1615.852068483829 25.4279653057456 626.1066830158234 98.99986306577921 557.6649468392134 1113.351940639317 1588.713761821389 11.98735562711954 3.785955928266048 7.476828686892986 794.2794157043099 2061.95609523356 4208.63085244596 538.4215949475765 13088.97969745845 652.6007701382041 46.53357651084661 1242.599927745759 7968.899378709495 595.7410001754761 1334.963789567351 10.89463230222464 17.0918732881546 72.30765510350466 171.9607710912824 11.470265224576 1031.974057160318 40.43343105912209 423.3124812468886 183.7104905992746 1274.055239357054 35.36631771922112 0.7752370536327362 16.27266839146614 16.37190619856119 8.233788512647152 8.747229419648647 149.3744318783283 0 13.66403212398291 598.1966504752636 71.97515491396189 907.1192172840238 83.72747221589088 7.466812044382095 27.80170849710703 1.676519721746445 72.46782501041889 1.473977729678154 324.5832362473011 3.757783606648445 1.042140461504459 3.020847998559475 56.91454079002142 164.210974663496 227.2346819266677 53.69542923569679 2557.598465926945 7.901527747511864 8.987639486789703 86.08535800874233 685.9734311774373 53.90971297025681 433.1818878278136 0.7613294571638107 3.780799902975559 4.964397795498371 48.23738969862461 22.89522055536509 595.8081395849586 4.989094197750092 132.4892163947225 38.58670252561569 218.1349928975105 25.59668885916471 1.553409799933434 10.57610826939344
0.3360559493303299 2184.045692317188 7.212290339171886 0.8091271445155144 0 0.2940560355782509 3.714031592011452 1.149561367928982 679.8047417625785 0.5370921716094017 615.361481115222 0.2192667201161385 4746.533386006951 2.363739319145679 16.03493643552065 19.02054286748171 8.151711538434029 11.68169568479061 73.05260674655437 0.3407472223043442 7.889545887708664 1636.368354082108 8.400139234960079 652.6007701382041 83.81176000088453 488.9796885997057 2765.502308957279 16.73246173560619 2.607524544000626 7.507364399731159 352.2793608084321 0 0.6572842448949814 263.1706485301256 7.450972020626068 123.098645940423 212.053382307291 893.2234192043543 239.0123493149877 23.4152138531208 10.45326140522957 190.6297729462385 3.1735994592309 0 7.230840519070625 0.6106882095336914 0 0 0 0.1082472056150436 0 4.125735335052013 0 812.547052398324 0.2246558368206024 789.0827298611403 0.1290193200111389 0 0.1476102322340012 0 5.967919871211052 0.7701823264360428 0 0 2.09921583533287 0 2.700344875454903 82.9734670072794 74.93322433531284 156.2686317786574 0.8452619984745979 0 0.1662184670567513 87.55531968176365 0 0 92.40805402398109 0 68.00274530053139 426.0474761649966 106.7592039629817 61.16310685873032 1.17399363219738 6.931347340345383 118.8436808437109 3.237819790840149
345.2631587907672 309.4172196835279 8403.677229560912 9.793290384113789 3.494846798479557 26.34869965165854 761.8681147620082 366.9347407259047 36.47039221972227 62.90546595677733 1400.127498604357 9.74857035279274 423.531970217824 630.7451428323984 1.813238203525543 3.846439577639103 3763.736076526344 1081.549964897335 4131.395717978477 2.809515118598938 296.2287409603596 46.02517611533403 3112.380672261119 46.53357651084661 488.9796885997057 31158.56921370327 22292.2821188271 59.59032766520977 325.0758765861392 1196.811672985554 706.8470132350922 26.76194352656603 30.04013407230377 914.9364699497819 16.98852101713419 1621.436809904873 4733.025213852525 2731.574703522027 637.2180915251374 26.29331017285585 2.83909023553133 63.81756672263145 10.72194774448872 0.9808801561594009 575.7918106541038 134.3193958476186 0 0 0 2.322934128344059 0.1603330597281456 2.663648508489132 0.2258086204528809 425.7099877521396 0 921.1969681978226 1.208037376403809 0 4.955667808651924 125.9858485162258 137.6439750269055 133.6112192496657 0 1.269896537065506 2.946334339678288 9.389801181852818 9.333117447793484 426.4070705994964 1096.541758194566 5888.123767577112 2.304932668805122 0.4453764706850052 5.10060965269804 411.9974119588733 0.1011190861463547 0.2119164913892746 53.80626219511032 2.403044939041138 55.67226407676935 100.2205849736929 116.3613267987967 20.74542045593262 1.862323269248009 0.09515179693698883 17.20150844752789 1.092419385910034
39.05562175065279 4408.648592762649 7145.78400387615 6.136381149291992 0.6808243542909622 7.657039493322372 480.7222939506173 57.65662932395935 89.51129653304815 22.23633785545826 693.9009946882725 2.140948951244354 2987.870551146567 107.937417447567 0.732897937297821 4887.846017755568 6380.254430696368 439.6269019246101 2065.108138941228 1.560824237763882 1223.727135919034 2474.924023173749 8966.232025004923 1242.599927745759 2765.502308957279 22292.2821188271 25219.59072538465 584.2201772853732 107.5596693977714 323.6095834895968 1173.804468631744 3.273673266172409 25.58888554573059 3826.621050804853 104.4120680838823 9209.832699455321 7586.010639630258 6308.882860630751 2073.971816174686 666.7898472473025 11.52039641141891 79.14528815448284 118.2464457899332 2.519020795822144 1912.363116621971 506.3488878160715 0.611537791788578 0 0.3393601179122925 33.95351528376341 1.47476277500391 13.09569673985243 1.339738197624683 436.0102477073669 0.2475446611642838 753.1943198442459 5.24783918261528 0 932.3575624004006 263.7278316468 84.58239036798477 107.3276749327779 0 44.48419457674026 730.4403199404478 694.6544818729162 76.16035418212414 636.7730371206999 1095.111181974411 11507.87180657685 40.229512155056 1.146687157452106 33.67887975275517 368.4481992647052 0 0 95.30024102330208 22.40148460865021 342.8771112039685 97.48768383264542 222.3290197253227 97.58383223414421 15.04938214272261 2.563196271657944 22.00739225745201 1.800584360957146
106.1767357885838 24.57509405165911 179.0659784600139 2484.74877858907 4.957554347813129 438.7364344149828 15537.81271707267 640.8353308439255 1324.407132387161 5204.934025190771 24.24293138831854 782.715234361589 12.47286960482597 647.2440328672528 61.18878335505724 607.7404692918062 21.66028102487326 5.309297852218151 6.354588776826859 1372.701452083886 4670.945421621203 377.3262602239847 3131.61634580791 7968.899378709495 16.73246173560619 59.59032766520977 584.2201772853732 19796.74103378505 808.6576627641916 5909.330163031816 0.9751464575529099 15.0108445957303 122.447732232511 264.8821574300528 13.31387128680944 1646.131199777126 50.4441530033946 627.3130371719599 276.9893913641572 335.9117378741503 35.31196123361588 1.466508269309998 25.6703781709075 10.21901972591877 1.162228532135487 3.169140338897705 79.427091114223 0.4655128568410873 7.716647088527679 378.9472162425518 41.06564058363438 294.8996619060636 47.09137860685587 4.556536190211773 12.17431122809649 0.1190153583884239 41.86389566212893 0 117.5228099450469 1.038351818919182 1.088282406330109 1.29493473470211 24.50239147990942 45.64969703555107 51.28890515863895 20.22175514698029 1144.873580090702 0.5241301134228706 2.49704085290432 33.02708879113197 300.1835604161024 23.53948341310024 152.7163077741861 0.2098005041480064 2.520119182765484 2.14874742180109 19.08780007064342 12.04969885200262 236.0541719049215 2.378902323544025 57.98078499734402 13.46935378760099 85.67638317495584 7.464473180472851 0 4.225272484123707
4916.032416693866 1.645824670791626 153.7939662560821 105.8253115415573 46.57525105774403 591.6130326762795 1507.258599102497 1698.238224007189 524.6893052980304 677.5035312026739 369.1253522187471 167.2364031523466 10.37772090733051 6799.13541688025 24.16527426242828 122.462441265583 472.7117711231112 63.74946388602257 116.5310122147202 88.52686300873756 211.6701899543405 37.62765949219465 169.3419343084097 595.7410001754761 2.607524544000626 325.0758765861392 107.5596693977714 808.6576627641916 19988.00517971814 4498.187651358545 3.022939302027225 747.0334493666887 3984.512764826417 2999.724367111921 57.39940842986107 1936.832159459591 53.24638461321592 2028.057917788625 330.3985799103975 192.7843803465366 54.35542992502451 0.7936497330665588 70.52424123883247 3.949519969522953 0.1443278789520264 1.403763003647327 5.455005146563053 0 0.8181087523698807 58.96381909400225 5.18736033141613 48.3001904040575 4.318569697439671 0.8554460257291794 1.958802796900272 0.4743591994047165 10.38393465429544 0 45.344143204391 2.209068797528744 0.08477011322975159 0.814176470041275 1.200088888406754 16.96863172203302 18.04011746495962 8.952202521264553 261.6584570109844 0.6603111103177071 3.432930499315262 16.44576420634985 63.43596769124269 8.974960565567017 82.9030659943819 0 0.8164180517196655 1.029785066843033 7.1891865208745 34.03175859898329 187.5996987596154 1.133733712136745 28.38000243157148 13.83497913181782 28.63392328470945 5.718900881707668 0.1084848642349243 4.452862329781055
