1166.876500755548 0.5351165980100632 238.6618441715837 22.50269907712936 0 10.36017260700464 1979.503002397716 1497.89276227355 26.21604144573212 132.4381667524576 15.43035817146301 4.059669829905033 1.449461080133915 6668.5287084952 0 1.203510425984859 328.2018435522914 14.27146542817354 68.10511618107557 9.796843819320202 109.9011038020253 16.1137955263257 251.6983040869236 197.0522774010897 0.1430841833353043 397.0530086904764 89.90687117725611 189.0362092852592 4067.054215945303 4253.835742846131 0.7665208056569099 5.098887234926224 94.78927911818027 541.3127615302801 1.769438669085503 170.7110973373055 10.60818960517645 278.1243714988232 49.14496921002865 18.34865292906761 7.100309364497662 0.5956385135650635 1.85311233997345 0 0.09655828773975372 1.580317854881287 0 0 0 8.521273851394653 5.444067843258381 10.38903047144413 0.2777286767959595 0 0 0 0.7141242846846581 0 4.003657676279545 0 0 0.2214699387550354 0 5.277425177395344 1.920866034924984 0.1099274605512619 22.49404574930668 0.3107535541057587 0.1127876192331314 8.342894330620766 8.109502345323563 1.548128113150597 15.76340023428202 0 0 0.9250031858682632 0.8168687224388123 0 9.633925750851631 0.1539334058761597 2.260612733662128 0.1941872239112854 1.039020180702209 0.7371186017990112 0 0.5842485427856445
0.5351165980100632 303.8680839538574 248.7578364908695 0.2530454993247986 0 0.9377999752759933 7.149718701839447 2.882029205560684 834.6212876141071 0.8444591611623764 46.40974269062281 2.471774533390999 443.5396006256342 3.329126909375191 15.01707602292299 123.6481110006571 136.7025692686439 1.872449018061161 17.5475254803896 0 21.49128823727369 3849.04826720804 27.89504855871201 749.4152984470129 1319.501655869186 989.5862467885017 9144.268800608814 22.82275065779686 1.105102345347404 7.001507923007011 44.89759686589241 0 0.9626762717962265 36.47384256869555 0.814424991607666 76.87893486022949 66.82961515337229 73.72704815119505 8.274103663861752 20.41312250494957 0.3880326449871063 4.3073570728302 1.234871134161949 0.09397315233945847 41.05476088821888 54.66185516864061 0 0 0.1283923089504242 1.275253966450691 0.4116333201527596 0.5853238850831985 0.09947412461042404 5.296978197991848 0.2036259770393372 39.6035411208868 1.062065556645393 0 7.386195860803127 20.60680060833693 1.966646909713745 37.24135016649961 0 0.3062846288084984 13.13947443664074 2.362449996173382 2.493540249764919 104.0605725497007 149.7341701462865 1741.076538793743 0.5476106852293015 1.159003600478172 3.527875661849976 6.689897365868092 0 0 5.980449430644512 0 16.51209485530853 11.40248249471188 21.20420195907354 4.311828434467316 0.831138864159584 0 6.997776180505753 0
238.6618441715837 248.7578364908695 3698.503100179136 3.137323141098022 0 8.438906371593475 1096.702272251248 413.7278797104955 4.959653958678246 27.43853675574064 9.779728658497334 0.6034918874502182 5.773240432143211 421.5566394031048 0 6.997361242771149 2613.065629392862 18.39623970538378 96.01336542516947 2.980513781309128 1743.365582831204 72.31466153264046 12600.60189906508 18.65935824066401 8.874336831271648 8610.394281588495 8347.821076363325 313.8941876664758 87.39089849591255 1368.557015649974 11.3522827476263 0.2972890883684158 12.42973268032074 792.4012025147676 20.9751391261816 2057.452559515834 1245.888932734728 1525.993415385485 433.9950066283345 144.9936541318893 1.869994342327118 3.35905747115612 16.08469222486019 0.5389406383037567 235.4159921631217 297.1832575500011 0 0 0.3049888014793396 2.118361830711365 0.6353664249181747 0.6787037551403046 0.2591249942779541 0.6572286486625671 0 3.20496466755867 0.5301419049501419 0 49.89688792824745 62.9860300719738 2.326660014688969 18.47096426039934 0 5.020379796624184 47.03890880942345 32.08275862038136 10.57244645804167 2.960638895630836 104.9875753074884 1914.998155996203 3.405161075294018 0.2596204876899719 3.976056054234505 0.1151359081268311 0 0.1312812715768814 9.987569242715836 0.2279708236455917 56.78662014752626 13.67961318790913 32.14980403333902 4.278403714299202 1.205776393413544 0 0.351259708404541 0.5196917057037354
22.50269907712936 0.2530454993247986 3.137323141098022 2519.43964907527 0 175.9224523827434 181.6287824288011 78.23456967622042 451.8485803753138 3784.091220542789 3.210619024932384 5603.348480626941 0.2902950346469879 33.39355199038982 117.1019503474236 1.222315698862076 0 2.065902732312679 1.680072098970413 2477.287828013301 0.5279974341392517 1.353776797652245 0.4777382984757423 1252.307167895138 0.5156225115060806 3.740514568984509 11.05649670213461 2894.091215051711 66.10779314488173 8.24125237762928 0.1690519601106644 1.756762020289898 0.7636428400874138 69.59138514101505 2.482627153396606 412.7836096957326 2.376905307173729 98.66504997760057 41.27131542563438 347.5729231163859 13.85625636577606 0.7039871364831924 6.594071723520756 0 0 0.1929294466972351 61.94260583817959 0 6.579583555459976 86.05335857719183 4.590652890503407 82.97459203004837 18.52996169030666 0 9.251430094242096 0.1044613718986511 4.384077221155167 0 1.320797055959702 0 0 0 38.50950069725513 0.1340512335300446 0 1.596096396446228 461.9173476174474 0 0 0.864380344748497 99.34933966398239 1.46930530667305 1.581424072384834 0 0.1729965060949326 0 0.3161747455596924 0 76.14626444876194 0.2230919748544693 5.921403408050537 0 24.53233912587166 0 0 0
0 0 0 0 66.70004877448082 274.6048539429903 0 11.09450391680002 3.60158759355545 0.2634238302707672 1.094457164406776 11.18530597537756 0 89.41284028440714 1058.444621086121 0 0 0.314396858215332 0.5852822214365005 0 0 0 0 2.146656185388565 0 0.5110014826059341 0 0 104.4695395827293 0 0 104.4403874129057 0 189.3277317732573 0 5.992307171225548 0 21.60395132005215 6.273332267999649 1621.178653553128 142.2956804037094 0 1.078368470072746 0 0 0 0 0 0 0.2658650279045105 0 0 0 0 0 0 0 0 0 0 0 0 0 0 0 0 0 0 0 0 0 0 0 0 0 0 0 0 0 0 0 0 0 0 0 0
10.36017260700464 0.9377999752759933 8.438906371593475 175.9224523827434 274.6048539429903 7075.575601249933 895.3340265750885 8312.080749921501 138.5604469776154 4861.871204398572 71.40337919443846 2008.929211720824 10.02490396052599 1536.790057823062 4407.885065093637 5.472735188901424 1.796901114284992 35.47125497832894 34.07046744227409 269.6116408705711 3.64834101498127 1.753064468502998 2.423013836145401 555.6886516436934 0.5979076400399208 49.42163014411926 33.52894657105207 1093.277971535921 891.4511505402625 17.23585962504148 3.613055497407913 157.155019082129 1.899592012166977 1383.839863970876 0.3658245652914047 568.5304970964789 13.91945704817772 596.9600529372692 151.3955027237535 4693.235477864742 575.6687307730317 1.694853574037552 17.32056949287653 0 0.6782343983650208 0 7.824908047914505 0 0 26.4696546792984 0 16.27699311822653 5.563022941350937 0 0.8259077668190002 0.09566592425107956 0.7249431610107422 0 0.4388687238097191 0 0.2561760544776917 0 9.630708128213882 0.9777489900588989 0 0.8487036749720573 83.19035793095827 0.09081446379423141 0 2.847493648529053 17.15035059303045 2.193771257996559 2.737096883356571 0.09635363519191742 0 0 0.9811015427112579 0 34.96618107706308 1.527634382247925 0.582424484193325 0.183824360370636 16.38515016436577 0 0 0
1979.503002397716 7.149718701839447 1096.702272251248 181.6287824288011 0 895.3340265750885 12512.62683550268 3311.794537130743 273.3937781900167 5429.522861935198 16.90613728016615 56.64719304442406 5.789706684648991 4859.272220097482 28.2275116443634 45.35406782478094 72.8086948543787 10.76046970486641 14.12076118588448 41.65472740679979 493.2803208902478 29.17912977933884 517.7838110178709 1969.41720815748 3.564742565155029 495.2778179049492 988.774351246655 16181.08524226397 1089.408926278353 6168.396967753768 1.919196546077728 10.31283686310053 117.267459101975 600.8915147930384 12.66983663290739 1568.15347417444 39.33446855843067 956.0892120525241 301.9150670096278 276.8286146521568 63.55570393800735 2.995762750506401 19.67526320368052 5.790048845112324 8.370774812996387 6.415426529943943 28.64482998102903 0 11.66902829706669 680.0514935776591 54.8571093454957 306.6044816747308 42.72466067969799 1.163019761443138 3.346738308668137 0.2471908703446388 57.91929958760738 0 22.83136311173439 0.9290401265025139 1.364941842854023 0.4593902826309204 20.56194941699505 13.54511342942715 5.849812902510166 8.481957085430622 999.624855697155 0.3944351673126221 6.018567644059658 59.73178769648075 343.3648768737912 38.75016109645367 205.0304804891348 0.116642951965332 0.2508417069911957 4.264176361262798 24.74653346836567 2.326968461275101 188.6445641890168 2.470781654119492 57.10582112520933 14.0062422901392 67.66513267159462 7.091753423213959 0.2048875093460083 3.019432201981544
1497.89276227355 2.882029205560684 413.7278797104955 78.23456967622042 11.09450391680002 8312.080749921501 3311.794537130743 8899.565701786429 149.3444966524839 3163.221054770052 92.58052701503038 537.7698209136724 23.65486178547144 5996.068382546306 1000.371170178056 9.479233242571354 338.8715229257941 49.30309108272195 119.5662859529257 119.4481515139341 46.07081427425146 33.58720768988132 189.7654428109527 1841.812900468707 1.989725388586521 738.3047237060964 312.0089951008558 794.532648794353 1924.31259560585 1016.916948579252 5.71334569901228 213.9289381913841 10.29594967514277 1299.935078546405 3.931485578417778 424.9395160898566 32.3323268070817 899.2142085954547 301.5788300186396 1599.336712785065 82.47806169837713 9.922121472656727 11.5702947601676 2.070132166147232 1.328565627336502 3.255501106381416 8.727558307349682 0 1.489659920334816 150.1664916872978 8.130836702883244 69.18764313310385 9.383662477135658 0 0.2568760514259338 0.4527366980910301 17.70412012189627 0 15.53961218893528 0.2271202579140663 0 0.3382663652300835 3.530254751443863 11.25690807402134 3.920894533395767 4.809603169560432 235.3510652855039 0.1620685607194901 0.4521807432174683 16.89362449198961 80.03245780616999 13.92624886333942 96.52744340151548 0.08595631271600723 0.759446382522583 2.543212190270424 9.126632064580917 0 57.1827474758029 0.7992749735713005 13.162711776793 6.576396986842155 13.10909759998322 2.001319378614426 0.1453110575675964 0.2945545017719269
26.21604144573212 834.6212876141071 4.959653958678246 451.8485803753138 3.60158759355545 138.5604469776154 273.3937781900167 149.3444966524839 331.3602224513888 208.6429019570351 10.52102653682232 209.6842486709356 66.29215431958437 108.7091568335891 538.6202794015408 75.1735882088542 2.478334806859493 1.763103388249874 2.806744284927845 415.2799101471901 73.39195212721825 3291.526287049055 15.28768669813871 8919.331838853657 292.6570613533258 32.1323419958353 313.0700894147158 889.6501488387585 57.59920583665371 292.3936397954822 12.58807530254126 0.8068417087197304 31.4013853520155 42.09378033131361 4.304553866386414 145.7108941599727 5.57837238907814 48.73515059053898 13.86463487893343 240.9824206978083 6.695974186062813 1.088096633553505 1.975559130311012 8.585867248475552 46.02747182548046 8.203088909387589 21.7344573289156 0 1.507491804659367 243.0937033742666 21.90735944360495 53.44586848467588 22.00087237358093 1.131464079022408 3.299840077757835 1.690913520753384 37.69499191641808 0.2034604102373123 268.7737837955356 1.904198303818703 0.5357615947723389 1.116187863051891 28.968106970191 178.6737234070897 45.0088084936142 38.44459980726242 1259.653416313231 14.41893153637648 3.916028872132301 94.19794081151485 256.4796566516161 40.07159452885389 392.5022800415754 0.3882632255554199 1.235586702823639 7.444706447422504 20.64975463598967 2.283978208899498 118.0080911815166 2.615362875163555 43.42514761537313 10.72755555808544 22.28634484112263 7.089825943112373 0 1.125891923904419
132.4381667524576 0.8444591611623764 27.43853675574064 3784.091220542789 0.2634238302707672 4861.871204398572 5429.522861935198 3163.221054770052 208.6429019570351 24218.89823295921 52.69100821390748 5035.347644627094 5.793890751898289 1118.705240804702 64.23167160153389 8.800400570034981 3.839315287768841 24.85092349722981 27.41655774414539 1974.424935288727 15.2872426956892 4.960005447268486 9.347801439464092 2189.015572868288 1.949462860822678 58.50724909454584 76.09986149519682 8366.933003902435 739.9826829209924 76.10602235794067 3.577226933091879 33.39138621091843 12.08111558109522 597.1747049689293 3.736543029546738 1032.86957360059 20.51091089099646 819.1093804016709 205.7735208123922 574.6742417365313 83.86299116909504 2.653323277831078 20.82420425862074 0 0.6796410083770752 0.129948228597641 30.08355575799942 0 2.216036811470985 104.0843478292227 3.153124690055847 84.92077700048685 22.91409869492054 0.5054920315742493 5.313209965825081 0.07099798321723938 4.002610743045807 0 3.339181870222092 0.1175698265433311 0 0 29.24109518527985 1.323383763432503 0.5978725254535675 1.08140579611063 381.5003809183836 0 0.5849664434790611 5.175961188971996 88.36014914512634 3.067138075828552 9.168176159262657 0.1061222329735756 0 0.5780231505632401 1.748382858932018 0.1813161969184875 75.08785733580589 1.28772708773613 4.261460289359093 0.1288877427577972 18.51983430981636 0.5364127159118652 0 0.1338739991188049
15.43035817146301 46.40974269062281 9.779728658497334 3.210619024932384 1.094457164406776 71.40337919443846 16.90613728016615 92.58052701503038 10.52102653682232 52.69100821390748 3793.712172962725 21.11637752503157 2472.344388470054 133.6643726117909 2.505314104259014 0.5315016508102417 50.35065132379532 3685.311799935997 690.2838629409671 8.780003558844328 1.829161547124386 14.98726191371679 6.599344812333584 24.39529406279325 671.5624973326921 1647.128889657557 1118.946625575423 10.67170778661966 123.3602589629591 10.68280381709337 309.7847387120128 24.45839681476355 6.766123801469803 6734.937061741948 7.177231334149837 264.5243507623672 4299.37499320507 3838.180420063436 635.2009736672044 53.02136003226042 39.57543039321899 1758.685681626201 10.42207871377468 0 0.1199717298150063 0.3030243217945099 0 0 0 0.5957064181566238 0.3627989590167999 1.034341797232628 0 121.1676947250962 0 320.1717257872224 0.4542851001024246 0 0 0 3.359346367418766 1.625658065080643 0 0 0.1361252069473267 0 2.043395929038525 29.71983888745308 29.91634702682495 54.56004217267036 0.6132000833749771 0 0.4111081808805466 31.75799708068371 0 0 2.124264888465405 0.4371598958969116 5.376549959182739 79.26974396407604 4.250320687890053 0.6293636411428452 0 0 48.99993619322777 0
4.059669829905033 2.471774533390999 0.6034918874502182 5603.348480626941 11.18530597537756 2008.929211720824 56.64719304442406 537.7698209136724 209.6842486709356 5035.347644627094 21.11637752503157 6717.115577310324 3.127719916403294 173.8055939078331 1395.574004381895 0.09688754379749298 0 8.844608873128891 11.09115702658892 3832.751223154366 0.1464450359344482 12.57774804532528 0.3279982730746269 1393.753882743418 1.225806467235088 14.26471575349569 6.41887678951025 997.8384807780385 190.5500395968556 3.864932432770729 1.622173763811588 13.6919709444046 0.8896269127726555 243.7091271728277 0 1444.0988631621 3.534840866923332 268.515760794282 64.26683359593153 1441.679517656565 45.99474704265594 1.239950761198997 6.895647913217545 0 1.280744060873985 0 56.98499925434589 0 1.540426284074783 46.14897628128529 2.988666869699955 10.85654303431511 18.11646364629269 0 36.12109032273293 0.07351205497980118 0 1.211090862751007 2.703606709837914 0 0 0 38.40993563830853 1.421879768371582 0 0.6132861375808716 201.7023352757096 0 0 0.9165004789829254 33.14665478467941 1.257383316755295 1.856913089752197 0 0 0 0.1127712428569794 0 68.18294714391232 0 0.3513945043087006 0 44.90205164253712 0.2146314084529877 0 0
1.449461080133915 443.5396006256342 5.773240432143211 0.2902950346469879 0 10.02490396052599 5.789706684648991 23.65486178547144 66.29215431958437 5.793890751898289 2472.344388470054 3.127719916403294 3200.299202792346 15.52398301661015 1.47640660405159 5.627477325499058 12.11170914769173 51.68987020850182 19.5886380597949 1.283731997013092 6.574391983449459 122.166456155479 13.80948659777641 59.79161947965622 4799.105644598603 340.6755808293819 3680.542955584824 3.6251400411129 11.53271809965372 8.024583131074905 398.8041227981448 22.75852803885937 0.1888082548975945 866.5703975707293 122.0370168536901 1485.259030088782 4953.505945183337 3523.721107892692 819.3320401236415 198.5720703676343 314.1594270318747 1929.907124377787 35.38216638565063 0 1.806423276662827 0 0 0 0.2707967460155487 0 0 0 0.08931317180395126 509.5915798991919 0 1366.887350216508 0 0 21.89400365948677 0.1472001820802689 13.70474661141634 1.731686785817146 0 6.346214473247528 1.079980969429016 7.700921475887299 0.7380029410123825 239.1878989711404 95.17275793850422 214.4633620455861 0.121064230799675 0 1.89849167317152 127.9184059277177 0 0 18.79602085053921 3.845789581537247 122.2766476422548 355.7188125401735 57.11721938103437 23.78745203465223 9.995211780071259 1.06195342540741 248.1316972076893 1.101713895797729
6668.5287084952 3.329126909375191 421.5566394031048 33.39355199038982 89.41284028440714 1536.790057823062 4859.272220097482 5996.068382546306 108.7091568335891 1118.705240804702 133.6643726117909 173.8055939078331 15.52398301661015 9915.980288900435 58.49791487306356 10.61638826876879 591.6592455804348 74.49640116468072 194.5604628995061 67.12882274389267 79.32126190513372 47.79808654636145 309.9700472652912 1062.492136090994 0.7354935109615326 920.1899831816554 308.0034561678767 553.635060466826 8133.560473397374 3019.805326245725 6.866324372589588 374.7167150452733 47.03431975841522 2193.449458666146 2.22342936694622 728.0047170370817 45.17106382548809 1962.537864550948 819.4704287201166 477.0412046313286 65.27544389665127 2.867824278771877 20.2171463444829 1.67547120898962 1.187794506549835 0.9507013112306595 2.150755375623703 0 0.616227924823761 64.55991830676794 3.2951625213027 32.66378343105316 2.627122133970261 0 0 0.3956666961312294 11.07328660786152 0 10.20585851371288 0.7127968221902847 0 0.1917728185653687 2.055548250675201 18.0243074670434 8.141416430473328 3.608749128878117 140.2228488773108 0.2136454582214355 1.374567486345768 19.19945046305656 65.28542364388704 7.080699883401394 84.92473223805428 0.101045623421669 0 0.6271807849407196 4.046598516404629 0.2522485256195068 45.04691486060619 1.936146646738052 13.50073201209307 4.107211731374264 7.850771635770798 1.504646643996239 0.1334921717643738 0.995208352804184
0 15.01707602292299 0 117.1019503474236 1058.444621086121 4407.885065093637 28.2275116443634 1000.371170178056 538.6202794015408 64.23167160153389 2.505314104259014 1395.574004381895 1.47640660405159 58.49791487306356 697.6244511008263 0.163242518901825 0 1.414254456758499 1.366915225982666 202.9379474520683 0.1957237869501114 29.20830716192722 0 1293.356756590307 5.644428223371506 1.97525192797184 8.036701895296574 64.2103845924139 42.4365608766675 3.134269297122955 0.3256955295801163 93.7246480807662 0.4078153222799301 45.11864274740219 0 6.774873614311218 0.5092979222536087 26.69627018272877 8.050909161567688 1662.472713887691 23.85943330824375 0 0 0 0.9097718000411987 0.2005943953990936 0 0 0 0.8163884878158569 0 2.286844551563263 0 0 0 0 0 0 1.723205983638763 0 0 0 0 2.575969621539116 2.575112730264664 0.1347699761390686 1.955920800566673 0.1701943874359131 0 1.910904169082642 0.6195790469646454 0 0 0 0 0 0 0 0 0 0 0 0 0 0 0
1.203510425984859 123.6481110006571 6.997361242771149 1.222315698862076 0 5.472735188901424 45.35406782478094 9.479233242571354 75.1735882088542 8.800400570034981 0.5315016508102417 0.09688754379749298 5.627477325499058 10.61638826876879 0.163242518901825 1906.242516562343 19.61387856304646 0.5188263282179832 2.379298388957977 0.5039329081773758 4295.400141648948 3241.260072827339 4187.062579669058 2301.519265316427 27.87548849731684 8.874844051897526 5488.541492857039 1056.995688192546 33.87338002771139 281.4548061937094 1.27248640358448 0 31.04250163584948 68.37841758877039 21.80907413363457 1600.155883230269 249.5725940987468 227.8717192411423 274.1153176575899 98.71078617870808 1.790374480187893 2.788913920521736 8.763928197324276 0.7987731993198395 10.18112251907587 26.37741781771183 0 0 0 11.64379961043596 0.4690565690398216 9.16881612688303 0.3764354288578033 0 0 0 1.052213296294212 0 2844.251163087785 1.742755375802517 0 0.9044769182801247 0 430.6833598092198 855.7213585302234 632.9088856726885 74.0972289070487 0.1421179920434952 0.6172127947211266 986.7311179414392 67.57524913549423 1.397744245827198 99.86846395581961 0.1189186424016953 0 0.578346811234951 4.627370871603489 2.224056243896484 87.46724227070808 10.4491475969553 23.21365471184254 12.0223124474287 0.3225322365760803 0 0.5431933403015137 0
328.2018435522914 136.7025692686439 2613.065629392862 0 0 1.796901114284992 72.8086948543787 338.8715229257941 2.478334806859493 3.839315287768841 50.35065132379532 0 12.11170914769173 591.6592455804348 0 19.61387856304646 1125.418152421713 555.3972636833787 2437.357229717076 0.6416374146938324 1987.480787150562 10.2070926502347 3031.223512887955 7.482861816883087 13.4995888248086 4233.456424809992 7008.097116366029 15.92420911043882 347.7427220791578 2122.765073142946 8.174234993755817 1.544296734035015 127.0922014862299 940.9083887189627 2.441621571779251 727.5682843774557 2961.782119318843 657.1348520964384 111.1057041212916 37.05654889345169 0.4074115306138992 9.374791488051414 2.918839164078236 0.2492858543992043 80.01562191545963 32.33039104938507 0 0 0.08768428117036819 1.16534811258316 0.7701506838202477 1.102294191718102 0 1.382595084607601 0 7.998238801956177 1.512715518474579 0 4.772872358560562 30.25637500733137 6.155597254633904 76.40452130138874 0 0.448152020573616 3.900609165430069 4.895505599677563 2.189124509692192 16.72372634708881 266.1552790105343 1278.748349741101 0 1.500563621520996 3.238006435334682 3.84737503528595 0 0.1958110481500626 8.032534778118134 0 40.44599779695272 13.87450560927391 35.6766254901886 7.049731023609638 1.474271595478058 0 1.012960851192474 0
14.27146542817354 1.872449018061161 18.39623970538378 2.065902732312679 0.314396858215332 35.47125497832894 10.76046970486641 49.30309108272195 1.763103388249874 24.85092349722981 3685.311799935997 8.844608873128891 51.68987020850182 74.49640116468072 1.414254456758499 0.5188263282179832 555.3972636833787 294.8961146622896 1571.337301172316 4.823600925505161 9.806322269141674 0.2437353506684303 26.72405110299587 7.162923201918602 7.974856659770012 2133.825035370886 254.3991834074259 5.770946338772774 60.12631480395794 31.79954822361469 18.38526286929846 10.59954861551523 5.857818275690079 1434.104078583419 1.185237102210522 408.2018851414323 1318.882250472903 1712.556459635496 320.5126471295953 20.74869661778212 1.741904653608799 8.259060107171535 2.894855491816998 0.3299756646156311 0.7774160280823708 0.1458783149719238 0 0 0 1.019068285822868 0.101714164018631 0.1993343085050583 0 24.32303266227245 0 49.00488049536943 0.2661481350660324 0 0 0 3.22359099984169 4.507572203874588 0 0 0.1485303193330765 0.0816042572259903 1.119903810322285 4.661431133747101 16.76962163299322 47.40001346170902 0.616814486682415 0 0.4069714695215225 14.32165142148733 0 0 0 0.1672321856021881 1.808099314570427 11.64606400579214 1.095078468322754 0.184079721570015 0 0 1.440153241157532 0
68.10511618107557 17.5475254803896 96.01336542516947 1.680072098970413 0.5852822214365005 34.07046744227409 14.12076118588448 119.5662859529257 2.806744284927845 27.41655774414539 690.2838629409671 11.09115702658892 19.5886380597949 194.5604628995061 1.366915225982666 2.379298388957977 2437.357229717076 1571.337301172316 1314.305982805789 4.622711077332497 95.86142264306545 1.806254558265209 340.7406076863408 11.45386423915625 9.383445724844933 4635.036507532001 2765.784591078758 7.054777167737484 202.071919940412 315.5660375952721 24.88964654505253 13.89903741702437 89.60547799617052 3491.862614952028 4.527237363159657 871.4461492151022 2253.686340115964 3180.409179065377 468.5128192901611 39.15667310357094 0.8325075209140778 3.500776842236519 5.746619649231434 0.4624512866139412 13.16098359972239 1.156071737408638 0 0 0.1232999935746193 1.107265055179596 0.2612890526652336 0.3776385188102722 0.07679476588964462 6.623460732400417 0 24.17457176744938 0.7590426951646805 0 0.6598525643348694 3.032614842057228 16.68038502335548 41.61917477846146 0 0 0.2484994456171989 2.993086621165276 1.066373869776726 31.99282239377499 150.9320730417967 671.4860950037837 0.2763034775853157 0.5775716975331306 2.21810544282198 12.68048740923405 0 0 2.67333609610796 0.4020425602793694 5.970867544412613 5.956294029951096 8.431603759527206 2.560722932219505 0 0 0.1198347061872482 0
9.796843819320202 0 2.980513781309128 2477.287828013301 0 269.6116408705711 41.65472740679979 119.4481515139341 415.2799101471901 1974.424935288727 8.780003558844328 3832.751223154366 1.283731997013092 67.12882274389267 202.9379474520683 0.5039329081773758 0.6416374146938324 4.823600925505161 4.622711077332497 425.4436323344707 0.6793516799807549 0.3091240227222443 0.6897583231329918 639.8689134940505 0.262286365032196 8.443696737289429 4.177544496953487 1524.157934233546 115.1325711682439 6.191141299903393 0.5320082157850266 6.46166605502367 0.6848488077521324 107.0051832944155 0.7531433999538422 643.4282965138555 1.09860797226429 172.2810278981924 40.81561004370451 816.6356971859932 20.11025968939066 0.7871486321091652 7.600570112466812 0 0 0 39.76630924642086 0 2.336141616106033 59.8256506472826 1.510652244091034 33.47712957859039 18.95740108937025 0 3.806420341134071 0 1.680898979306221 0 1.028829455375671 0 0 0 34.71797880530357 0.9411816596984863 0.3858993351459503 0.7161124795675278 291.2107001468539 0 0 0.2841457650065422 47.62405816465616 1.533166773617268 1.55293071269989 0 0.1700349748134613 0.1347574442625046 0.652026891708374 0 63.61614215373993 0 1.715337678790092 0 30.24069112539291 0.4050125628709793 0 0
109.9011038020253 21.49128823727369 1743.365582831204 0.5279974341392517 0 3.64834101498127 493.2803208902478 46.07081427425146 73.39195212721825 15.2872426956892 1.829161547124386 0.1464450359344482 6.574391983449459 79.32126190513372 0.1957237869501114 4295.400141648948 1987.480787150562 9.806322269141674 95.86142264306545 0.6793516799807549 8062.947955936193 823.313709102571 19823.56619444489 1170.805876068771 5.928825624287128 502.4322219267488 2514.666173391044 4533.230382032692 130.9287085011601 10455.99074479938 0.9628176987171173 0 71.57691121846437 2123.777013733983 87.5428488701582 4408.03846475482 228.0689550414681 3085.061168290675 1903.085844367743 150.499157384038 13.5225186496973 2.7841562256217 30.47414717078209 1.563432969152927 2.481114268302917 3.426651120185852 0.1285533159971237 0 0 8.482079058885574 2.719603411853313 8.548501521348953 0 0 0 0.1020491197705269 2.533527925610542 0 744.7199651896954 0 0 0 0 456.1139434725046 212.8534482866526 149.2879796698689 62.69158721715212 0.2419504001736641 3.341394372284412 79.69872454553843 75.39553226530552 1.784565895795822 107.4806207343936 0.2281858623027802 0 0 5.269942715764046 2.930937469005585 37.67391536384821 3.911498703062534 8.866988688707352 4.161221459507942 0.78061443567276 0.4652828574180603 0 0.2139823138713837
16.1137955263257 3849.04826720804 72.31466153264046 1.353776797652245 0 1.753064468502998 29.17912977933884 33.58720768988132 3291.526287049055 4.960005447268486 14.98726191371679 12.57774804532528 122.166456155479 47.79808654636145 29.20830716192722 3241.260072827339 10.2070926502347 0.2437353506684303 1.806254558265209 0.3091240227222443 823.313709102571 1109.696182020009 597.7272600010037 6571.441876120865 753.3194432631135 71.89224161207676 3731.600986607373 643.2444935441017 77.41264928877354 457.9023350179195 23.59614643454552 1.026692032814026 73.40811111032963 61.87573093175888 7.995950624346733 446.8766038864851 39.11990312486887 82.00293697416782 41.84262104332447 68.5522164478898 3.684632629156113 3.155100435018539 4.920167565345764 0.9349779710173607 353.0434536933899 74.3666630834341 0 0 0 9.293132998049259 0.6941829845309258 13.79725117981434 0 0.4276763796806335 0 3.784684002399445 3.09211790561676 0 1632.511959992349 4.686940044164658 0 1.986451730132103 0 124.7241541445255 361.2496610730886 325.5616896823049 62.66396012157202 70.76559765636921 15.90648885071278 1501.538609236479 32.65032970905304 1.983593977987766 67.21351292729378 1.343471750617027 0 0.5756812989711761 3.410528257489204 0.7864206433296204 41.88626698404551 2.488290131092072 23.95013722032309 4.856704190373421 2.817626953125 0.7176624834537506 0 0
251.6983040869236 27.89504855871201 12600.60189906508 0.4777382984757423 0 2.423013836145401 517.7838110178709 189.7654428109527 15.28768669813871 9.347801439464092 6.599344812333584 0.3279982730746269 13.80948659777641 309.9700472652912 0 4187.062579669058 3031.223512887955 26.72405110299587 340.7406076863408 0.6897583231329918 19823.56619444489 597.7272600010037 12015.47376700491 210.2273515462875 4.357107177376747 3176.033705435693 10061.47444425523 2796.889178678393 170.6885142251849 6334.080931976438 6.926246777176857 0.2509101554751396 46.78253245353699 1617.796699255705 160.6870025619864 8420.300650514662 1346.464325286448 3985.245094656944 3588.053493469954 722.8458724170923 11.24333729594946 15.90917703509331 98.26930034160614 0 57.53729470074177 206.7412820532918 0 0 0 6.830141179263592 0.9455605447292328 1.498673409223557 0.9009649008512497 0.1626318693161011 0 0.8347703590989113 2.197458073496819 0 1191.077212847769 8.188210234045982 0.859624944627285 2.044539652764797 0 115.1995825991035 309.8256846368313 325.2881980240345 25.81541975587606 1.607131294906139 12.33952751010656 1688.400810971856 22.68419800698757 1.896970704197884 13.75624118745327 0.4254325777292252 0 0 11.27002230286598 7.978187739849091 142.9672335535288 10.96955199539661 22.30641253292561 7.999595507979393 3.859027177095413 0 1.442059770226479 0.7814149260520935
197.0522774010897 749.4152984470129 18.65935824066401 1252.307167895138 2.146656185388565 555.6886516436934 1969.41720815748 1841.812900468707 8919.331838853657 2189.015572868288 24.39529406279325 1393.753882743418 59.79161947965622 1062.492136090994 1293.356756590307 2301.519265316427 7.482861816883087 7.162923201918602 11.45386423915625 639.8689134940505 1170.805876068771 6571.441876120865 210.2273515462875 13389.79225573689 277.8126948922873 46.83068522065878 1633.275815173984 9742.764921925962 680.2480919808149 1723.614063292742 12.60289829969406 13.66430879384279 248.4286751896143 484.2654222473502 26.66872997581959 2448.381816476583 59.91931750625372 771.2787849232554 262.9497548863292 1269.281518779695 79.21346015483141 4.19125934690237 26.82412420213223 13.13968143612146 25.8832840770483 9.310107178986073 110.1325852647424 0 20.34579565376043 777.2402430176735 60.6937251240015 1258.65526688844 97.03933604061604 1.150724023580551 16.10548511892557 1.498604573309422 76.67182201147079 0 577.2057441547513 2.922678127884865 1.418621011078358 3.010278038680553 90.19116789102554 553.1365795508027 433.1904554963112 112.5725390687585 2930.326443068683 6.506359860301018 7.951308265328407 165.0421004593372 881.5117470547557 67.68628297001123 735.4657924249768 0.6992995738983154 2.258582472801208 12.64320915192366 49.19405741989613 3.597612403333187 464.0331568196416 2.068622373044491 94.42023821175098 29.47649952024221 132.5052727013826 21.94266553223133 0 4.137527465820312
0.1430841833353043 1319.501655869186 8.874336831271648 0.5156225115060806 0 0.5979076400399208 3.564742565155029 1.989725388586521 292.6570613533258 1.949462860822678 671.5624973326921 1.225806467235088 4799.105644598603 0.7354935109615326 5.644428223371506 27.87548849731684 13.4995888248086 7.974856659770012 9.383445724844933 0.262286365032196 5.928825624287128 753.3194432631135 4.357107177376747 277.8126948922873 234.4409161359072 285.8387470766902 3737.143662318587 8.411332458257675 0.4616643264889717 2.330077923834324 288.5964685901999 0.8160203248262405 0.4099288806319237 53.68494551628828 25.65695086121559 272.5341133549809 396.672064691782 547.0553524047136 199.9744934141636 34.30151700973511 131.0880105495453 362.1951731294394 5.946228623390198 0 20.40970528125763 0 0 0 0 0.09198591113090515 0 0.2597029432654381 0 143.7527184411883 0 712.6068149730563 0 0 12.99070183932781 0 26.32554157078266 4.33804278075695 0 1.619638741016388 0.3061467707157135 1.969259664416313 0.1380047798156738 428.9517870098352 123.0353542417288 415.5146042704582 0.2278955951333046 0.3741316199302673 0 96.9270021468401 0 0 3.875965960323811 3.911201477050781 174.8065351694822 74.85319779068232 23.62609639018774 6.43114709854126 14.91019600629807 0 66.39915487170219 0
397.0530086904764 989.5862467885017 8610.394281588495 3.740514568984509 0.5110014826059341 49.42163014411926 495.2778179049492 738.3047237060964 32.1323419958353 58.50724909454584 1647.128889657557 14.26471575349569 340.6755808293819 920.1899831816554 1.97525192797184 8.874844051897526 4233.456424809992 2133.825035370886 4635.036507532001 8.443696737289429 502.4322219267488 71.89224161207676 3176.033705435693 46.83068522065878 285.8387470766902 27898.7290180698 16515.81394419074 39.1530681848526 378.4321767911315 1150.715291924775 539.2483067512512 13.699068877846 95.08998545259237 1909.306568600237 11.6413647159934 2310.505781084299 7978.988845825195 3869.488423489034 795.0901196375489 90.61745870113373 2.780926682054996 19.58998086303473 10.62329164147377 1.229181803762913 301.3740433603525 64.25459567457438 0 0 0.08908883482217789 5.866199098527431 2.701907306909561 2.772540092468262 0.08445806056261063 494.7623807638884 0 1812.232659593225 5.848999209702015 0 8.270580351352692 57.2997989282012 216.0392124056816 272.3133485168219 0.08563999086618423 3.029257945716381 9.227521404623985 9.195777744054794 5.574714295566082 362.7959753647447 1196.203404597938 5166.962537117302 1.525350019335747 3.61538840085268 8.379508905112743 462.4599797800183 0.1523162573575974 0.3011737018823624 20.54381334036589 0.1234286576509476 92.9438284561038 155.8813096210361 101.4366896897554 11.78720080852509 4.381539613008499 0 20.54913079738617 0
89.90687117725611 9144.268800608814 8347.821076363325 11.05649670213461 0 33.52894657105207 988.774351246655 312.0089951008558 313.0700894147158 76.09986149519682 1118.946625575423 6.41887678951025 3680.542955584824 308.0034561678767 8.036701895296574 5488.541492857039 7008.097116366029 254.3991834074259 2765.784591078758 4.177544496953487 2514.666173391044 3731.600986607373 10061.47444425523 1633.275815173984 3737.143662318587 16515.81394419074 26949.08945383877 1510.451782144606 99.66647762060165 360.2834962978959 2388.77262815088 2.283664457499981 42.20244847983122 2748.288455300033 87.04703575372696 9044.756201565266 7503.729990892112 7023.47042389214 1672.02717384696 578.7574797719717 5.616996586322784 25.1015563160181 59.98408016562462 4.443288065493107 2137.722521528602 1131.236332885921 0.7181819900870323 0 0.4973673075437546 28.88421442359686 6.007739402353764 10.36660422384739 1.388902850449085 224.0837754681706 0.1172046288847923 1023.151474766433 15.83416792005301 0 1056.638773448765 236.4665771052241 138.5371619910002 336.9391126334667 0 40.18212276697159 633.3098018541932 361.4968161657453 76.20116665959358 1167.286008268595 1468.232196651399 14785.7113462165 23.34665467590094 7.695042863488197 42.10011424869299 297.9532277062535 0.09645019471645355 0.3821307867765427 77.71739123016596 3.989630341529846 297.6025490611792 120.6754792258143 246.064131051302 56.04936367273331 9.082375295460224 0.9733010530471802 27.94671911746264 1.766026020050049
189.0362092852592 22.82275065779686 313.8941876664758 2894.091215051711 0 1093.277971535921 16181.08524226397 794.532648794353 889.6501488387585 8366.933003902435 10.67170778661966 997.8384807780385 3.6251400411129 553.635060466826 64.2103845924139 1056.995688192546 15.92420911043882 5.770946338772774 7.054777167737484 1524.157934233546 4533.230382032692 643.2444935441017 2796.889178678393 9742.764921925962 8.411332458257675 39.1530681848526 1510.451782144606 19644.22627913952 516.688858538866 7156.733942657709 0.6151606515049934 6.547932602465153 196.9829840064049 403.4747369363904 24.59055587649345 1814.597804047167 65.68524091690779 702.3441413342953 295.3259765580297 276.5491680949926 29.16426798701286 1.742375135421753 19.17866486310959 8.66552396863699 1.58154421299696 5.211963392794132 31.59907796978951 0 5.205203294754028 437.8262539729476 40.30103844404221 345.7596587985754 28.96911311149597 1.597727052867413 2.017148673534393 0.3510491549968719 55.15254258364439 0.1620782464742661 288.396128192544 0.4051443785429001 0.5710909366607666 0.4069947451353073 18.04117414355278 343.4808676913381 108.0624039247632 69.65545655786991 1004.571995541453 0.1155396401882172 3.126256518065929 79.19760566949844 356.9196837097406 40.848522529006 536.8858895897865 0.1263941675424576 0 7.458483822643757 26.28818608820438 1.869468733668327 191.8838870674372 2.844667591154575 50.85270038992167 16.69750624895096 29.58134238421917 10.11534810066223 0 1.619950905442238
4067.054215945303 1.105102345347404 87.39089849591255 66.10779314488173 104.4695395827293 891.4511505402625 1089.408926278353 1924.31259560585 57.59920583665371 739.9826829209924 123.3602589629591 190.5500395968556 11.53271809965372 8133.560473397374 42.4365608766675 33.87338002771139 347.7427220791578 60.12631480395794 202.071919940412 115.1325711682439 130.9287085011601 77.41264928877354 170.6885142251849 680.2480919808149 0.4616643264889717 378.4321767911315 99.66647762060165 516.688858538866 17498.15624187887 6518.762969873846 4.394157387316227 558.265950486064 1740.852185465395 3345.339694269001 27.22298723459244 1450.989597760141 72.77562732249498 2406.292401924729 649.6606209799647 395.4641067683697 91.74649748951197 10.6119964197278 31.1824542209506 1.039346009492874 0.1131233796477318 1.595384404063225 0.4161317348480225 0 0.8391049280762672 35.34712813049555 3.120520129799843 18.38449236005545 0.9186246544122696 0.3319501280784607 0 0.1563950777053833 2.619250133633614 0 21.64483940601349 0.3694865107536316 0 0.09133618324995041 0.2910673022270203 26.84503025561571 5.608677409589291 6.398828372359276 66.58084174245596 0.1069179773330688 0.6070129126310349 7.541665636003017 30.00986825674772 5.983732156455517 63.86597589403391 0.2810369431972504 0 0.857766717672348 3.01797366887331 0 32.17223644256592 2.216305956244469 8.867763966321945 2.709480136632919 4.704335741698742 0 0 0.2624302506446838
4253.835742846131 7.001507923007011 1368.557015649974 8.24125237762928 0 17.23585962504148 6168.396967753768 1016.916948579252 292.3936397954822 76.10602235794067 10.68280381709337 3.864932432770729 8.024583131074905 3019.805326245725 3.134269297122955 281.4548061937094 2122.765073142946 31.79954822361469 315.5660375952721 6.191141299903393 10455.99074479938 457.9023350179195 6334.080931976438 1723.614063292742 2.330077923834324 1150.715291924775 360.2834962978959 7156.733942657709 6518.762969873846 13371.86280879378 2.332203149795532 2.466532714664936 1450.679962567985 2979.239957049489 153.9107147008181 5630.324733622372 174.4223172515631 3553.556201204658 1238.381492607296 204.6106267049909 49.68362083286047 10.03871990740299 49.94435469061136 4.556950353085995 2.293230600655079 5.027657233178616 2.364892899990082 0 0.5223629400134087 153.3068282008171 11.99747180938721 70.34030090272427 6.33231620490551 0.8791211545467377 0 0.6042685657739639 23.63212082535028 0 247.4690506309271 0.9231325313448906 0.08703198283910751 0.125363901257515 1.013272643089294 288.7988174557686 83.28867142647505 56.24735146760941 293.9162226617336 0.4722258299589157 4.01284946501255 52.20712289214134 156.9952478408813 26.00947446376085 411.008902490139 0.1327314376831055 0 3.460440322756767 18.07992309331894 4.959893718361855 125.655280649662 6.400562085211277 33.17603693902493 13.70347446203232 23.42192725837231 4.358885541558266 0.4241960942745209 2.563442185521126
