2275.015046626329 0.1395238935947418 40.13949482887983 0.7349515706300735 0.2626435607671738 8.459569841623306 1993.761406339705 305.4408473819494 0.6320223361253738 281.4696892276406 11.34486904740334 0.9036969840526581 1.391491912305355 3621.658418595791 0.1132712289690971 0.5991396829485893 187.0416003316641 3.055188424885273 23.97436559200287 1.41860581189394 22.97513327747583 0.4623212814331055 64.40351141989231 5.367849878966808 0.09922467917203903 95.58525957912207 22.06929595768452 19.07322366535664 4378.355491138995 2268.906641542912 0 5.840115405619144 83.17292392253876 138.9564620777965 0.6706333458423615 132.625572822988 17.3876970037818 117.7226130515337 37.48222025483847 11.07485517114401 2.685285523533821 0.2503700107336044 2.104820691049099 0 0 0.2933596447110176 0 0 0 1.34291498363018 0 1.554447412490845 0 0 0 0.1208273842930794 0.2199175730347633 0 0.363336592912674 0.3871897310018539 0 0.2541115805506706 0.1695017218589783 0.1459424495697021 0 0.6708625331521034 5.705506667494774 0 1.25590306520462 4.250071488320827 2.050292573869228 0.2276921570301056 0.69317976385355 0.3104265183210373 0 0 0.2941031083464622 0 1.911709740757942 0 0.5159923732280731 0 0 0 0 0
0.1395238935947418 255.4514014273882 327.207699380815 0.3076650202274323 0.2488594278693199 0.1095118373632431 30.42169724404812 0.7649329081177711 342.0797599479556 0.6919288039207458 26.76867508888245 3.133371464908123 614.6358074620366 2.592302337288857 4.926693595945835 141.5817213654518 254.5426029339433 22.2901521474123 265.0390832573175 0.2031944468617439 7.889113500714302 3423.583650805056 39.58195894956589 970.6752251237631 2511.594917617738 1339.795014806092 9637.857407338917 69.69223687052727 3.997959174215794 4.818782195448875 83.5727893486619 0 0 115.1597397848964 0.7905005812644958 114.5873016566038 80.7898006811738 168.2819396480918 113.6136971861124 5.175146162509918 0.5187940001487732 13.88694497942924 2.610495686531067 0 61.5260668694973 72.46455828845501 0.800644263625145 0 0 1.461108975112438 0.4336865395307541 2.027165032923222 0.350053608417511 3.127068042755127 0 8.336849957704544 2.619758255779743 0 8.170006394386292 59.44801991432905 5.482749976217747 64.348786868155 0.3735722452402115 0.9088260382413864 20.65217401832342 17.70164027810097 7.817027650773525 25.59712505340576 239.1313578039408 1249.626586325467 1.474907718598843 0 0.938399076461792 7.152285374701023 0.1698619276285172 0 16.88973999023438 0 37.89827521145344 12.74348005652428 44.50416995584965 22.66660703718662 0.7889910042285919 0 0.5925824642181396 0
40.13949482887983 327.207699380815 6645.108062662184 0.1357234418392181 0 2.239698208868504 1334.226722024381 85.43346817791462 0.2392747700214386 17.68503869324923 9.839314013719559 0.1792353987693787 8.156702928245068 223.3249774351716 0 6.923043631017208 1225.430132001638 8.032477147877216 55.30275776237249 0 1194.725347921252 103.7872704863548 11991.52803260088 13.45628260821104 1.491525501012802 12534.50043972582 5887.955914735794 606.3720127120614 79.70964799076319 1732.689841002226 0.145257443189621 0.3690334111452103 3.314217664301395 314.5741705596447 3.191896796226501 585.191356934607 2393.173848047853 1045.527699239552 443.4558015614748 16.87846856564283 6.958554312586784 4.434719949960709 2.291256949305534 1.705888114869595 236.9988806694746 974.4281888976693 0 0 0 64.64872562885284 2.544839456677437 1.064382158219814 2.14691223949194 7.120723083615303 0 1.516720309853554 28.60684598237276 0.121506005525589 35.84797993302345 489.1214045360684 3.22188512980938 72.10594984143972 0 8.407581686973572 205.3172773718834 531.578175239265 10.79984587430954 2.75870543718338 202.955840587616 2461.673295207322 32.38805584609509 2.162586830556393 26.69670077413321 2.622246325016022 0 0 139.7358124777675 3.055619187653065 230.9438763260841 38.97412028163671 317.4972800835967 156.7594841048121 1.332857146859169 2.811400905251503 0.4582938402891159 0.3940844386816025
0.7349515706300735 0.3076650202274323 0.1357234418392181 1361.80408129096 1.28379649668932 19.06198990345001 32.29723729193211 19.18946363031864 562.5597634539008 3760.218256518245 0.7032738626003265 1210.976887412369 0.6236979067325592 14.64817037433386 54.10299913585186 0 0.521205335855484 0.4185989573597908 0.2008234411478043 2051.157441042364 0 1.157652735710144 0.3068379312753677 1512.085217431188 0.09632592648267746 0.454471118748188 0.7091866806149483 3224.566485911608 11.19856870174408 0.2462511509656906 0.09982830286026001 0.193573422729969 0.8086453452706337 5.986657284200191 0.3536114692687988 94.65367773920298 0.711877778172493 14.84235218167305 4.631269454956055 53.77503168582916 0.2509145140647888 0.1882833242416382 0.9679748862981796 0.2459463626146317 0 0 59.67686839401722 0 7.628273397684097 19.82766839116812 3.900567017495632 52.81871273368597 56.15260142087936 0.247770220041275 114.0711572468281 0 8.571248039603233 3.265412740409374 0.2978797554969788 0.1024616435170174 0.09646452963352203 0.1839072555303574 57.21033130586147 0 0.2447980493307114 0.5756539702415466 130.0943100079894 0 1.924407005310059 0.2134721428155899 98.13856818526983 3.825188428163528 0.5866437554359436 0 0.1243386417627335 0 1.873156860470772 0 6.913323543965816 0.1212351694703102 6.595085009932518 0.7300061583518982 27.99643382430077 0 0 0.7154264450073242
0.2626435607671738 0.2488594278693199 0 1.28379649668932 79.18852546811104 401.549160413444 3.381378144025803 301.6376782730222 21.6182633638382 9.264769546687603 20.86989273875952 98.73192043602467 23.97531214356422 18.72273109853268 1812.234415099025 0 0.3510042503476143 0.5229281336069107 0.08512158691883087 5.011630356311798 0 0.3413743376731873 0 9.205624625086784 0.1297071129083633 1.194973863661289 0.3720488846302032 2.125509515404701 51.08054661005735 0.6541751474142075 0.1330195367336273 265.1350297033787 0 167.0076953545213 0 21.38140474259853 3.452268719673157 166.3658047541976 33.31459476053715 1102.72193197161 183.0926477462053 6.551831632852554 5.804360389709473 0 0 0 0 0 0 0.4862448871135712 0.7098474502563477 1.263855159282684 0 0 0 0.3327709138393402 0 0 0 0 0 0 0 0 0 0 0.7198525667190552 0.3263600766658783 0.8626246005296707 0 1.526552550494671 0.4261434525251389 0 0.2047629952430725 0 0 0 0 1.664890810847282 0 0 0 0 0 0 0
8.459569841623306 0.1095118373632431 2.239698208868504 19.06198990345001 401.549160413444 8402.664990238845 330.9495012946427 6362.536236535758 311.2317914143205 5652.260171871632 56.14647357910872 4489.340933710337 36.56703173369169 705.7047867104411 1723.814087837934 2.275916755199432 5.646338127553463 7.934386216104031 11.72875301539898 387.2454500496387 0.7251705825328827 1.806554973125458 2.495490238070488 93.21453078836203 0.7977695986628532 14.88680580258369 5.594808720052242 64.32434260845184 356.139757104218 5.95465724170208 0.7257686778903008 1066.29098085314 0.7530142739415169 418.2788720950484 1.84493213146925 1056.386650048196 19.14742468297482 352.8962855190039 60.85538969188929 3703.068209312856 351.1926503777504 8.108080320060253 14.54455189406872 2.286991775035858 0 0.4310345053672791 20.95775828510523 1.097355842590332 14.58427348732948 20.10813966393471 3.14457543194294 36.88182640075684 19.65846883505583 1.14019513130188 68.09007952362299 3.135518297553062 8.05958454310894 4.505017355084419 1.24700665473938 0 0 0.09594389796257019 27.31512212008238 0 1.391492292284966 1.071841791272163 141.7244386598468 0 0.8471891954541206 3.834423504769802 89.20359469950199 7.60031957924366 12.48155537247658 1.653359644114971 0 1.612639397382736 6.09414079785347 0 31.30990814417601 1.71740847080946 11.72769266366959 0.285354346036911 82.17760826647282 0.4784457981586456 0 0
1993.761406339705 30.42169724404812 1334.226722024381 32.29723729193211 3.381378144025803 330.9495012946427 13156.8470601514 3001.962968789041 441.335004709661 3714.762372866273 58.94484402984381 38.4024652056396 19.8175580278039 7322.825583424419 11.20552128553391 275.717971637845 450.4803991094232 19.93387467414141 104.5842778906226 32.31429640203714 191.4584437385201 258.2652586176991 1056.457536585629 3410.421910896897 9.922230295836926 1750.779073938727 1339.374508664012 16509.87243130058 2208.986124902964 10317.62240404636 2.500789768993855 11.39695841819048 68.8150072991848 423.7192759662867 23.45447938889265 5146.112600483 398.455908216536 1237.875159934163 575.3793207779527 432.8613919317722 59.60252039134502 14.73408098518848 55.31824837625027 8.775497749447823 4.019641973078251 30.52678802609444 152.963410846889 0.1878299564123154 36.45119395852089 250.9948079958558 96.53464459627867 284.4717281907797 153.5426790341735 6.245309829711914 77.82433961331844 1.415345698595047 115.2746680080891 2.555259972810745 90.95061542093754 17.7259678542614 1.591222032904625 6.257319808006287 113.9097011238337 32.41279054433107 42.63836505264044 177.945935189724 1730.028103493154 0.1173150837421417 18.66072214394808 240.4771081060171 1033.106143161654 119.9140752106905 235.6054194793105 1.335733808577061 3.204998806118965 11.79223198443651 65.56675460189581 6.308191537857056 308.3752095028758 11.25315248966217 173.2947192490101 46.86235144734383 100.7900603115559 14.17173557728529 3.399805754423141 1.398234963417053
305.4408473819494 0.7649329081177711 85.43346817791462 19.18946363031864 301.6376782730222 6362.536236535758 3001.962968789041 10777.28858257085 82.05257230252028 4323.731229260564 74.82345843315125 1263.725301206112 49.90150751173496 6839.947456788272 654.0953795909882 2.833471231162548 186.0983269661665 15.200259745121 50.19933339208364 279.5634853392839 19.0353379920125 2.601776868104935 77.88862789422274 139.9503578618169 0.07459573447704315 228.6551448553801 34.61769547313452 134.719574443996 704.6082054972649 382.4450544789433 1.279388770461082 1866.769420310855 9.125356286764145 356.9255115389824 2.949456565082073 904.0612341016531 47.03286113590002 517.3875502198935 138.0394327268004 2049.059231042862 220.7032245546579 17.35649216920137 29.8294098302722 1.326010182499886 0.2757607027888298 1.771517269313335 6.12592039257288 0 2.632838428020477 27.75196628272533 6.457457080483437 17.77756965905428 9.101550094783306 3.526537872850895 9.603196389973164 3.869376420974731 12.3164221867919 0.3796889185905457 3.97432604432106 1.447863765060902 1.281795307993889 1.133312962949276 8.788164205849171 0.8380401730537415 1.770622394979 2.685623995959759 193.4756917357445 0 4.143539369106293 8.207553185522556 125.0874199867249 12.72200474888086 39.2119872495532 2.466003753244877 0 2.926579795777798 5.630679249763489 1.370699405670166 42.64316127449274 0.9329895079135895 14.62739463150501 5.954665772616863 17.34948678314686 2.441153705120087 0.1569412499666214 0
0.6320223361253738 342.0797599479556 0.2392747700214386 562.5597634539008 21.6182633638382 311.2317914143205 441.335004709661 82.05257230252028 1353.822917595506 667.25732139498 3.117649480700493 740.0799996703863 20.88726954907179 34.69553676247597 383.0125434100628 42.19968988001347 1.852287895977497 1.830100320279598 8.940178379416466 842.9695028811693 14.41607665270567 2626.762301020324 3.101360112428665 10139.5693962723 138.7925256043673 40.45456881821156 361.9989281967282 1659.750768512487 19.15528003126383 9.424458011984825 6.152430109679699 1.946489579975605 0 7.066379882395267 0 64.89147607982159 3.604977257549763 22.33991523087025 8.301361337304115 101.1133963465691 2.725770190358162 0.6166533380746841 0.4326513707637787 3.354991510510445 0.1399171054363251 1.397403582930565 201.0451153367758 1.285263903439045 31.92990002781153 61.72921218723059 20.05569222569466 261.3925568312407 67.31486624479294 0.560895249247551 341.0733765587211 0.3802715688943863 30.98034203797579 21.43043381720781 235.8606740906835 1.666240625083447 0.1845990121364594 0.8334536775946617 164.2398524284363 46.2855019941926 40.94267953932285 17.54526393860579 1950.333534263074 0.1642932742834091 4.577173210680485 11.54165310412645 529.1075821444392 32.09215085953474 116.1694823876023 0.6935557872056961 0.664318785071373 11.7302373200655 27.03877706080675 1.959630273282528 88.25592432916164 4.29761741310358 31.22037465125322 12.26945773512125 110.3994904756546 2.727485910058022 0 0.825776070356369
281.4696892276406 0.6919288039207458 17.68503869324923 3760.218256518245 9.264769546687603 5652.260171871632 3714.762372866273 4323.731229260564 667.25732139498 24166.5842885077 93.9096684679389 3375.360541857779 18.94457484781742 1811.656146835536 69.31650914996862 3.51822604238987 23.42911693453789 16.77452690899372 42.34523811936378 4001.017141349614 1.684590972959995 4.569360077381134 12.30627978593111 2088.349207647145 0.4889378100633621 68.33611138164997 26.5028014332056 2885.846920914948 717.5583590939641 47.07864856719971 3.303319290280342 36.32654637098312 10.38872972130775 381.6843352690339 7.318298310041428 2223.56704133749 54.29352362453938 739.7208461612463 124.5548284724355 788.9543989151716 82.18216487765312 7.678424894809723 31.80000072717667 0.5915545746684074 0 0.2670769467949867 300.617311924696 0.3113441243767738 40.57254435867071 164.3872326612473 49.57551086694002 169.4234139099717 178.7714647948742 1.861318610608578 329.7944364026189 4.185713589191437 44.81201935559511 17.77557276189327 2.040414646267891 0.197908028960228 1.034101523458958 1.274317681789398 264.793518781662 1.247314482927322 2.612316653132439 1.951978772878647 818.0661690980196 0.1275288164615631 4.346227936446667 8.219231426715851 630.6896369978786 28.88095736503601 20.49957805126905 2.981815174221992 1.06226123124361 0.8178305476903915 11.21364922076464 2.796586252748966 71.10227687656879 2.829432100057602 40.80805546790361 5.887645184993744 130.1738135591149 4.570761255919933 0 0.2429006695747375
11.34486904740334 26.76867508888245 9.839314013719559 0.7032738626003265 20.86989273875952 56.14647357910872 58.94484402984381 74.82345843315125 3.117649480700493 93.9096684679389 13188.18632488698 38.01997228711843 2858.494978383183 197.6367065384984 3.258626274764538 2.067917019128799 836.6472287103534 3224.010433912277 2187.899834312499 10.86907406896353 16.76549990475178 5.006896302103996 44.8080707937479 11.71430192887783 445.0575408637524 2219.316699899733 616.5401924923062 12.09599930047989 631.691817201674 42.62895166873932 393.785230666399 167.3324978128076 3.828511416912079 6152.231167584658 35.27805834263563 817.5881136283278 6947.06150419265 6724.362627387047 1485.467991694808 117.3670358806849 57.57409583777189 1278.94229965657 8.709185793995857 0.1142304316163063 9.55803644657135 2.040502488613129 0 0 0 2.544651083648205 0.2603272348642349 2.501341447234154 0.4702898785471916 517.8917134776711 0.2502180933952332 1140.510254301131 0.7653995007276535 0 0.6449484378099442 1.973201975226402 54.33510885387659 17.5461607798934 0.3322042673826218 0.3839861378073692 0.9588782712817192 1.466603092849255 13.53615188598633 89.48752505332232 274.3489264175296 308.903858371079 9.684186950325966 1.243351779878139 1.553300596773624 278.7639204859734 0.155953586101532 0.6528758406639099 5.651047497987747 2.405820444226265 21.02041447162628 228.6752256006002 15.38369047641754 1.140423238277435 0.4495096206665039 0 140.6296774297953 0.3720801174640656
0.9036969840526581 3.133371464908123 0.1792353987693787 1210.976887412369 98.73192043602467 4489.340933710337 38.4024652056396 1263.725301206112 740.0799996703863 3375.360541857779 38.01997228711843 9555.567809380591 7.526801832020283 368.8967159762979 2145.084066428244 1.318911552429199 2.163584634661674 6.458407312631607 10.70586185157299 5420.698301319033 0 15.89890526235104 0.7394287586212158 299.2296876236796 0.7240996360778809 7.327016919851303 6.572342351078987 615.6614514440298 157.4120943769813 0.9381575211882591 1.444694027304649 36.84585646539927 0 181.5611333474517 1.283722639083862 1238.120451129973 10.95709648728371 199.7309398055077 20.78458908945322 1728.475240856409 34.37376111000776 1.810666717588902 4.148031204938889 0 0.1692661195993423 0.1274824440479279 80.36940019577742 1.220585525035858 50.97921647131443 45.68681032955647 8.040706373751163 121.4991617873311 65.29775642603636 0.6199616193771362 375.4703212603927 4.489575900137424 5.204051151871681 28.45412392914295 0 0.8593103289604187 0.07842683792114258 0 119.741502828896 0 0 0 230.49889549613 0 1.679838195443153 1.073952615261078 159.439518392086 8.173245184123516 10.05112391710281 1.062379844486713 1.00924788415432 0.5934692621231079 2.601337440311909 0.7119403481483459 26.3646956384182 1.66233041882515 6.525623470544815 0.5874357968568802 236.8516516089439 0.147715762257576 0 0
1.391491912305355 614.6358074620366 8.156702928245068 0.6236979067325592 23.97531214356422 36.56703173369169 19.8175580278039 49.90150751173496 20.88726954907179 18.94457484781742 2858.494978383183 7.526801832020283 3138.09362462908 66.5230470225215 1.502981282770634 21.53571273386478 12.30489686876535 136.0054715797305 16.63899546861649 2.965844631195068 20.10032866895199 110.1725329831243 28.27118553966284 59.2778837159276 5267.464614212513 486.7109375745058 2777.611837439239 16.77519392967224 79.53757627308369 26.23330066353083 551.1488701552153 84.04254982620478 1.20827405154705 1240.311755470932 125.0735981762409 4548.433240018785 7309.003383822739 5588.362855046988 1170.151134237647 256.5183557197452 138.182802900672 1045.868138194084 21.93548531830311 0.5707127302885056 95.87018790096045 2.494204789400101 0 0 0.2144881412386894 0.6526927947998047 2.265117295086384 0.1039337888360023 0.566018171608448 2148.054492339492 0.2677194103598595 3260.020408093929 1.734999895095825 0 0.3438968062400818 0.5960664749145508 85.5950772985816 17.94912392646074 0 0.1371800601482391 5.499667912721634 0.3771956264972687 4.087347060441971 422.0478555113077 383.9970808252692 472.3661987707019 2.636844053864479 2.625228598713875 1.173712611198425 478.7526217550039 1.362646579742432 0 48.78834147006273 12.87375995516777 407.9600712135434 989.7706081941724 60.42660143971443 25.64936950057745 21.41321049630642 0.7886477112770081 736.7353019490838 0
3621.658418595791 2.592302337288857 223.3249774351716 14.64817037433386 18.72273109853268 705.7047867104411 7322.825583424419 6839.947456788272 34.69553676247597 1811.656146835536 197.6367065384984 368.8967159762979 66.5230470225215 10024.9220847711 32.75960178673267 2.313531324267387 756.1437422931194 31.76490057259798 134.5108705163002 115.3156386762857 102.0857611745596 1.74564053863287 282.4647124558687 110.6161289960146 1.341926723718643 506.5573267675936 93.89079190790653 163.9688502177596 4740.545451901853 2988.308310516179 3.979668669402599 85.94181098043919 40.36245650798082 1059.587227001786 5.995080463588238 1132.66007591784 102.0898602306843 1082.374962560833 268.6328794434667 469.4806780442595 230.6335473284125 21.48298428952694 20.94647666811943 0.1713187992572784 0.7855337113142014 2.336665861308575 3.845538914203644 0 0.7134846225380898 31.11254864186049 7.327640742063522 30.92871157824993 6.901325151324272 3.351756706833839 4.095129616558552 6.694052644073963 11.9908397719264 0.4442050457000732 4.901835501194 1.540879473090172 1.316728383302689 1.823464691638947 3.777247726917267 2.215804025530815 1.669210486114025 5.121074803173542 217.0060028284788 0.3945809230208397 11.11041866987944 22.72442004829645 130.1823722422123 9.677182517945766 40.77770585566759 3.246363759040833 0 3.783390805125237 6.46826957911253 2.151844792068005 47.5541952252388 1.439970888197422 16.71965399384499 5.522540286183357 4.87175514549017 2.079685136675835 0 0.4966787993907928
0.1132712289690971 4.926693595945835 0 54.10299913585186 1812.234415099025 1723.814087837934 11.20552128553391 654.0953795909882 383.0125434100628 69.31650914996862 3.258626274764538 2145.084066428244 1.502981282770634 32.75960178673267 935.3189239054918 0.1938575506210327 0.1292496025562286 0.165719285607338 0.2100407928228378 227.6227933838964 0 32.15600834786892 0 566.5611223578453 1.72757688164711 0.9545986503362656 8.357101321220398 68.23925758898258 10.95212738960981 0.1195720732212067 0.2324719652533531 381.4424060583115 0 18.89902064204216 0 398.0201652422547 0.3065928518772125 12.50919579714537 0.6648321077227592 1136.042545832694 179.4046724736691 0.1276944875717163 0 0 0 0 3.22702269256115 0.2464186549186707 2.78859743475914 4.049098134040833 0.3339849412441254 14.81480497121811 6.535739913582802 0 10.27074079215527 0 3.280127450823784 0 0 0 0.1254670768976212 0 3.479092091321945 0 0.9136470407247543 0 29.53310821950436 0 0 0 11.43787234276533 0 4.644064396619797 0 0 1.286475345492363 0 0 6.04990054666996 0 0 0.5123719424009323 17.73147328197956 0.2506781220436096 2.499831676483154 0
0.5991396829485893 141.5817213654518 6.923043631017208 0 0 2.275916755199432 275.717971637845 2.833471231162548 42.19968988001347 3.51822604238987 2.067917019128799 1.318911552429199 21.53571273386478 2.313531324267387 0.1938575506210327 4128.650627024472 12.69591898471117 0.6324976235628128 3.10982733219862 0.1729974746704102 2941.461902573705 1525.913667529821 2921.965211480856 1379.789111740887 21.91416431963444 12.21519508957863 2777.816142104566 4101.60093268007 2.739632613956928 16.19013185054064 0.2946443110704422 0 0.2057423293590546 82.53168031573296 8.795040503144264 1646.311660178006 644.2542950958014 541.1264498084784 662.3366487324238 22.16033288836479 4.965554296970367 9.402287781238556 8.273545831441879 1.232896983623505 4.234635591506958 39.85777052491903 0.09359541535377502 0 0.7826944887638092 11.60852103680372 1.27043492347002 8.439991153776646 1.345277138054371 4.761036306619644 0 2.905950352549553 4.09751433879137 0 4169.284207448363 14.32535800337791 0.9017101526260376 3.19039186835289 0 883.2113581746817 838.3655905649066 2836.132301270962 247.6722673177719 0 16.05431126058102 578.2397705689073 198.2229684665799 2.948350876569748 167.4042398408055 0.5475356355309486 0.1247833892703056 1.0034404322505 32.48369932919741 3.335523270070553 137.7625253871083 44.82215114682913 113.5474843233824 76.42842116951942 3.273915261030197 0.3635102510452271 4.141933903098106 0.1670530885457993
187.0416003316641 254.5426029339433 1225.430132001638 0.521205335855484 0.3510042503476143 5.646338127553463 450.4803991094232 186.0983269661665 1.852287895977497 23.42911693453789 836.6472287103534 2.163584634661674 12.30489686876535 756.1437422931194 0.1292496025562286 12.69591898471117 1458.286998316646 277.6767152398825 1798.045565538108 1.416910611093044 431.5565309077501 42.71343453973532 3557.824408248067 14.70607429742813 6.985321328043938 580.9437679648399 4349.877476759255 53.668417327106 709.6305780857801 2248.340441152453 2.0906752794981 2.431874834001064 45.97503419220448 3971.726400263608 9.545417226850986 1555.591545432806 3450.405388616025 3423.989321984351 2256.810811728239 39.19322051852942 24.89405483752489 12.48773209750652 9.421736463904381 1.001193784177303 151.6697625294328 492.4446797370911 0 0 0.1146071180701256 9.460904628038406 0.8958296701312065 1.006228119134903 1.667911760509014 4.581060253083706 0 3.70089553296566 6.573760576546192 0 9.87613520771265 264.1828281059861 4.570808961987495 162.1852788329124 0 2.251725643873215 41.96957375109196 63.28655825555325 10.47240474075079 2.589645236730576 540.9045513346791 1558.705928564072 9.466829061508179 0.9299476966261864 4.679274402558804 4.584027171134949 0 0.1018785014748573 77.52053784579039 1.506897620856762 126.5935783907771 35.67050614953041 140.6373558267951 59.24218428879976 0.3781702816486359 0 0 0.154122993350029
3.055188424885273 22.2901521474123 8.032477147877216 0.4185989573597908 0.5229281336069107 7.934386216104031 19.93387467414141 15.200259745121 1.830100320279598 16.77452690899372 3224.010433912277 6.458407312631607 136.0054715797305 31.76490057259798 0.165719285607338 0.6324976235628128 277.6767152398825 263.0947597250342 1930.248290635645 2.069219455122948 4.497222125530243 5.021823473274708 20.69524901360273 6.45128957927227 109.6829575672746 2048.187760449946 772.8213846981525 2.311392202973366 81.93645393103361 21.40191811323166 52.65995249152184 12.66085025668144 0.5422185733914375 731.1324994787574 4.060314007103443 657.3179252520204 1930.390856087208 959.7818779870868 457.825133241713 18.7040676176548 5.367085590958595 9.089392639696598 2.160364121198654 0 15.4244892001152 4.492973737418652 0 0 0 0.09774817526340485 0.5896194130182266 0.7907849848270416 0 55.98185582458973 0 221.2344713583589 0.3870814293622971 0 0 7.475918173789978 79.75181253254414 41.74611528217793 0 0.1253596246242523 3.673429362475872 0.771493673324585 2.201682299375534 59.38626575469971 564.9616035223007 730.9382774531841 0.849757544696331 0.133550614118576 0.9458129554986954 226.8741527721286 0.1077078580856323 0 3.125320434570312 0.688650444149971 10.92939931154251 12.44602145254612 8.556902498006821 2.86187407374382 0.2546413540840149 0 0 0.2508964836597443
23.97436559200287 265.0390832573175 55.30275776237249 0.2008234411478043 0.08512158691883087 11.72875301539898 104.5842778906226 50.19933339208364 8.940178379416466 42.34523811936378 2187.899834312499 10.70586185157299 16.63899546861649 134.5108705163002 0.2100407928228378 3.10982733219862 1798.045565538108 1930.248290635645 2415.577811203897 3.361166231334209 32.98860289901495 25.69770374894142 178.6869133189321 22.66841723769903 40.5285826548934 3790.805137224495 1538.360060498118 10.19891843944788 222.2676936984062 150.6359979510307 6.674046039581299 14.76466532796621 9.110461212694645 3936.09624619782 9.363829404115677 1698.305123858154 2802.683414742351 2827.010369181633 1313.535333499312 35.81380526721478 4.976599842309952 21.0809682905674 7.953298293054104 0.4158856719732285 99.8255558013916 94.86722663789988 0 0 0 5.231639236211777 2.186150304973125 4.230129271745682 0.5570522621273994 8.560713656246662 0.100490428507328 28.9929461851716 8.191271342337132 0 0.826554000377655 119.2537407875061 52.45371240377426 346.6599212661386 0.513143002986908 0.6727393940091133 15.64061159640551 6.139154814183712 9.871262714266777 28.01414339244366 1329.813856460154 1839.91697832197 6.426942422986031 2.419869139790535 1.926192864775658 39.41230182349682 0 0 31.50303576141596 0.8110216110944748 102.4933535084128 42.48700297623873 73.55513555556536 35.01830782741308 1.535591624677181 0.0919194221496582 0 0
1.41860581189394 0.2031944468617439 0 2051.157441042364 5.011630356311798 387.2454500496387 32.31429640203714 279.5634853392839 842.9695028811693 4001.017141349614 10.86907406896353 5420.698301319033 2.965844631195068 115.3156386762857 227.6227933838964 0.1729974746704102 1.416910611093044 2.069219455122948 3.361166231334209 373.8048612475395 0 0.676938533782959 0.2108618766069412 622.0149843841791 0.1059411317110062 2.39079362899065 1.729803539812565 3887.74493085593 56.17794699221849 0.8979971036314964 0.6864485368132591 5.986994110047817 0.2670826762914658 50.03740739822388 0 227.1988112777472 4.606855720281601 71.77274134755135 8.684443399310112 414.9102973118424 8.695892043411732 0.3345120251178741 2.608183644711971 0 0 0 95.65159388631582 0.4537085294723511 15.51186319440603 27.44215798377991 6.771119937300682 75.24838001281023 49.61443686485291 0 143.2380049228668 0.3100440204143524 8.302783362567425 10.12783988565207 1.057388097047806 0 0.1423455029726028 0 95.67877294868231 0 0.2423915043473244 0 180.1305258870125 0 0.6194626688957214 0.689294695854187 146.1374890729785 2.477482333779335 0.1882789582014084 0 0 0 1.327166542410851 0 7.959350414574146 0 6.854122161865234 2.959706149995327 73.64738051593304 0.9576286673545837 0 0
22.97513327747583 7.889113500714302 1194.725347921252 0 0 0.7251705825328827 191.4584437385201 19.0353379920125 14.41607665270567 1.684590972959995 16.76549990475178 0 20.10032866895199 102.0857611745596 0 2941.461902573705 431.5565309077501 4.497222125530243 32.98860289901495 0 9567.723414413631 85.15151359140873 15304.57941164076 57.34231571108103 10.38233160972595 169.1201670765877 1210.616454295814 4142.391972802579 97.7091895416379 10477.93662786484 0.208758756518364 0.8636761158704758 9.902766168117523 2570.123013779521 32.47515161335468 6009.762576490641 1489.228854037821 4919.649707503617 4052.38678984344 116.6328785046935 15.95777209848166 25.43705991655588 34.24735373258591 1.148935668170452 0.7355071231722832 32.16938139498234 0 0 0 6.718403533101082 0.09222473204135895 1.593555323779583 0.2759777903556824 0.6354852467775345 0 1.339216597378254 2.355369448661804 0 815.4006328731775 10.31755324453115 0.2264352664351463 0.8966309651732445 0 458.4946046918631 123.3213530853391 294.2923618108034 164.2036390900612 0 9.796320512890816 88.9823756441474 132.2960852533579 2.108419306576252 165.2267127707601 0.3000138252973557 0 2.94514936208725 12.90999879688025 3.665310278534889 28.47904273867607 9.96273560076952 23.98554347455502 12.12363070994616 0 0.6542150750756264 0 0
0.4623212814331055 3423.583650805056 103.7872704863548 1.157652735710144 0.3413743376731873 1.806554973125458 258.2652586176991 2.601776868104935 2626.762301020324 4.569360077381134 5.006896302103996 15.89890526235104 110.1725329831243 1.74564053863287 32.15600834786892 1525.913667529821 42.71343453973532 5.021823473274708 25.69770374894142 0.676938533782959 85.15151359140873 2113.457239851356 149.9984834566712 9424.264845348895 1021.381202489138 181.6838106215 4663.528439685702 536.4748498275876 1.155839063227177 15.1010828986764 30.79037492722273 0 0.1886477619409561 25.09213697165251 0.3811108469963074 64.07368310540915 19.98333412408829 52.55208341032267 35.89625951647758 12.45342772454023 0.6817500591278076 1.64544378221035 0 1.265963032841682 10.63765892386436 53.88160905987024 1.850212372839451 0 0 11.33153833448887 2.208953857421875 19.14787772297859 1.143975555896759 2.999788068234921 0.3619793504476547 2.337329156696796 5.044223412871361 0 1829.620400853455 40.27971582114697 0.9835235700011253 9.154660671949387 0.1369268149137497 122.6336848586798 306.6257983371615 1171.464573837817 115.0255886763334 2.325600296258926 29.86972209066153 1000.469768159091 56.75565224885941 1.405023619532585 21.1886972412467 0.8705058693885803 0 1.054497450590134 28.5862016454339 1.910186231136322 102.39751945436 46.84075428545475 120.4309619963169 77.00087902694941 2.93871246278286 1.438126504421234 0.7339640259742737 0.497183084487915
64.40351141989231 39.58195894956589 11991.52803260088 0.3068379312753677 0 2.495490238070488 1056.457536585629 77.88862789422274 3.101360112428665 12.30627978593111 44.8080707937479 0.7394287586212158 28.27118553966284 282.4647124558687 0 2921.965211480856 3557.824408248067 20.69524901360273 178.6869133189321 0.2108618766069412 15304.57941164076 149.9984834566712 9881.702124580741 94.41622474044561 1.543800316751003 3314.796134784818 8819.18014781177 3398.95548132807 231.8095822706819 5803.588153734803 1.274499751627445 1.780735068023205 16.69202642887831 3168.526374623179 31.59573924541473 6466.991217888892 7190.527815744281 7733.053771495819 5778.34664542228 215.1052052602172 52.86077346652746 40.46372153609991 45.2388638406992 1.142108306288719 16.8817942738533 207.4941874071956 0 0 0.08878606557846069 37.27806999534369 3.051452323794365 3.821503229439259 1.673203594982624 3.141781710088253 0 1.661626286804676 15.97560714930296 0 1509.780825816095 91.87751273810863 2.911544591188431 17.05825610458851 0 153.5144195258617 274.1985124573112 2225.299056954682 48.20259436219931 1.456659719347954 42.88219971209764 1503.990570798516 61.40345966815948 1.715057842433453 41.44403067976236 0.9215673580765724 0 0.4795555770397186 63.53255338966846 2.825731948018074 163.4785222038627 40.31419841200113 210.815770201385 111.5738485902548 1.788539275527 1.608165055513382 0.9741007089614868 0.8268820941448212
5.367849878966808 970.6752251237631 13.45628260821104 1512.085217431188 9.205624625086784 93.21453078836203 3410.421910896897 139.9503578618169 10139.5693962723 2088.349207647145 11.71430192887783 299.2296876236796 59.2778837159276 110.6161289960146 566.5611223578453 1379.789111740887 14.70607429742813 6.45128957927227 22.66841723769903 622.0149843841791 57.34231571108103 9424.264845348895 94.41622474044561 11619.79228740931 392.0486693009734 140.6047993898392 2959.833971336484 14633.71856667101 167.8933245912194 101.5122216939926 20.22427699714899 2.79997456073761 8.065006643533707 60.83609227836132 8.134742446243763 1565.913095623255 57.8563122227788 242.0247903466225 152.766873024404 297.3102548718452 7.638057969510555 6.869871377944946 9.229114651679993 21.35382068902254 2.298122629523277 29.78581930696964 416.5110781937838 0.5795479640364647 60.3550760820508 434.0418612509966 167.118054702878 1934.171634338796 303.1655105128884 11.08073113113642 291.0209646373987 4.085173062980175 221.9121372997761 12.93817884474993 801.8350386843085 18.04671976715326 2.652986384928226 6.881158053874969 292.8663656115532 309.7219498232007 320.5627460107207 202.1624374091625 5786.525481395423 0.2101553529500961 18.05510071665049 115.8526032939553 2636.88236772269 241.1337520107627 721.6066572293639 2.015131793916225 7.622457139194012 42.12157563865185 133.4819096699357 17.28191826492548 531.6909197643399 28.56493827700615 305.3498543873429 87.82805183529854 157.7095954194665 28.48688771575689 0.1461092084646225 4.710361927747726
0.09922467917203903 2511.594917617738 1.491525501012802 0.09632592648267746 0.1297071129083633 0.7977695986628532 9.922230295836926 0.07459573447704315 138.7925256043673 0.4889378100633621 445.0575408637524 0.7240996360778809 5267.464614212513 1.341926723718643 1.72757688164711 21.91416431963444 6.985321328043938 109.6829575672746 40.5285826548934 0.1059411317110062 10.38233160972595 1021.381202489138 1.543800316751003 392.0486693009734 601.943913474679 1232.896383218467 4231.493725024164 31.15435457229614 1.621468685567379 9.673111744225025 712.3478136509657 0.8882600069046021 0 162.2316228672862 27.09917828440666 1187.731417261064 730.2557308971882 303.0473637580872 69.45492690056562 47.27584031224251 24.68630909919739 801.8492805436254 13.47528204321861 0 133.9623253196478 1.214164264500141 0.1354293972253799 0 0 0.5054242759943008 0.4516614452004433 0.6906481012701988 0 446.2808088585734 0.1285232156515121 1048.153301537037 0.2754946351051331 0 3.662582762539387 1.555722177028656 17.76563150435686 13.39079849421978 0 0 6.822621524333954 1.002637170255184 2.434245966374874 116.7445939779282 299.1763592213392 914.076669588685 1.682320982217789 1.338815756142139 0.08962412178516388 117.3034902587533 0.1781540960073471 0 13.98933239281178 1.540505647659302 378.0397638082504 155.5679488703609 18.16745761036873 2.571485191583633 32.07565179467201 0 99.28775485605001 0
95.58525957912207 1339.795014806092 12534.50043972582 0.454471118748188 1.194973863661289 14.88680580258369 1750.779073938727 228.6551448553801 40.45456881821156 68.33611138164997 2219.316699899733 7.327016919851303 486.7109375745058 506.5573267675936 0.9545986503362656 12.21519508957863 580.9437679648399 2048.187760449946 3790.805137224495 2.39079362899065 169.1201670765877 181.6838106215 3314.796134784818 140.6047993898392 1232.896383218467 29983.82006350905 29137.96051453799 213.631240233779 309.6210087686777 1702.649124108255 482.8687164336443 20.65443500876427 8.584707774221897 944.867776453495 11.51186615228653 1369.456939585507 4972.160766325891 1482.051131829619 812.6389973983169 37.49889982491732 8.780709862709045 40.34974267333746 5.7986661195755 1.634062975645065 523.186110176146 441.9441731274128 0 0 0.1147118285298347 12.1267464607954 4.712805777788162 6.798797450959682 2.296609111130238 229.7574309930205 0 1055.028392396867 20.05434976518154 0 4.842315845191479 418.4318446144462 262.3991762623191 965.6482946425676 0 3.695364661514759 50.29963695257902 27.02614644169807 17.47651880979538 421.6345823630691 4749.924752116203 7440.242557629943 9.340007610619068 1.770451463758945 4.635858088731766 710.8024081066251 0.1344023644924164 0.1541750282049179 117.9335767999291 2.58592677116394 302.7023522481322 148.1083407700062 266.4804232418537 118.3097638189793 3.136979714035988 0 1.493888221681118 0.4746628850698471
22.06929595768452 9637.857407338917 5887.955914735794 0.7091866806149483 0.3720488846302032 5.594808720052242 1339.374508664012 34.61769547313452 361.9989281967282 26.5028014332056 616.5401924923062 6.572342351078987 2777.611837439239 93.89079190790653 8.357101321220398 2777.816142104566 4349.877476759255 772.8213846981525 1538.360060498118 1.729803539812565 1210.616454295814 4663.528439685702 8819.18014781177 2959.833971336484 4231.493725024164 29137.96051453799 31848.88866987079 2975.826900839806 98.61183585226536 358.8087327480316 1748.221174992621 8.132483303546906 5.560958653688431 1881.20666988939 25.17453718930483 3624.877285644412 4078.72762581706 5561.516677469015 2830.963129796088 104.7105900347233 54.61156293749809 33.12540246546268 28.83002553880215 5.806023664772511 1322.825937695801 1953.932637482882 1.094353444874287 0 1.177509181201458 130.5908888280392 18.51187039166689 14.86292039602995 9.213867396116257 230.7698904424906 0.1762782037258148 758.4753622859716 65.0373932570219 0.2324001863598824 610.2214746102691 1191.092663951218 268.8842615708709 1081.729418151081 0.4324668049812317 38.36411026120186 873.2435131072998 2151.211884811521 92.0030158162117 442.9184263795614 4975.657729141414 13318.44914157689 92.56264292448759 6.509179338812828 58.87543919682503 658.3718374967575 0 1.882396399974823 379.049424290657 13.36228559911251 755.8695514202118 218.1606681793928 886.3559555709362 404.6928702071309 8.193624697625637 2.557750403881073 5.910106420516968 0.8604545295238495
19.07322366535664 69.69223687052727 606.3720127120614 3224.566485911608 2.125509515404701 64.32434260845184 16509.87243130058 134.719574443996 1659.750768512487 2885.846920914948 12.09599930047989 615.6614514440298 16.77519392967224 163.9688502177596 68.23925758898258 4101.60093268007 53.668417327106 2.311392202973366 10.19891843944788 3887.74493085593 4142.391972802579 536.4748498275876 3398.95548132807 14633.71856667101 31.15435457229614 213.631240233779 2975.826900839806 17737.94760127366 245.6751201748848 12606.83697552234 2.137153454124928 2.051056295633316 19.97224945574999 284.6427176594734 27.19519101828337 4365.956509247422 394.272071428597 957.2592798694968 745.5790349915624 262.8317239508033 15.13979680836201 10.90646868944168 22.31257142871618 27.54984561353922 1.879967264831066 59.19903288036585 248.457046598196 0.1299072355031967 42.93321790546179 348.7830063477159 107.125687636435 583.0897302851081 232.0870175287127 8.162721686065197 203.9954398348927 4.381090499460697 150.9828598946333 10.88040371239185 963.8919565677643 34.7631648555398 1.107082672417164 5.528797440230846 211.7316403687 499.682544477284 226.0739886909723 313.4829957261682 3693.310942463577 0.1403654664754868 18.6032747849822 177.3911493122578 2232.123498007655 228.0524548143148 1173.516850024462 0.2039750441908836 3.856781713664532 53.58271010220051 143.0258507952094 16.91360142081976 445.2397634461522 36.56627720594406 254.3065412417054 73.77544023841619 133.8147240281105 20.65551029890776 5.193930923938751 1.907059907913208
