1333.691190034151 0.6294051855802536 375.570934958756 0.9236045405268669 0.1051879152655602 4.83811166882515 2570.47640029341 971.9746678248048 21.66186711937189 59.23675058037043 12.13768633455038 1.814769007265568 0.7268929705023766 5411.662446536124 0.09171367436647415 1.679765142500401 297.8309502080083 9.964282460510731 25.31809608638287 2.632602870464325 95.99079524725676 2.646809473633766 294.9742832630873 102.8524807468057 0.8843512758612633 343.7601013705134 55.86649343371391 103.6259024068713 6090.681811496615 3498.162916906178 0.2547367736697197 0.9131857380270958 60.10883308202028 125.3468203172088 2.259635269641876 186.1969646289945 28.76576636731625 221.9489306882024 64.31549144536257 17.49080061167479 10.08971188217402 0.1159218847751617 2.815181404352188 0 0.275681845843792 1.970640242099762 0 0 0 3.066007032990456 0.2851238548755646 3.722479462623596 1.062158912420273 0.4389630109071732 0.1319953501224518 0.2419726699590683 0.350680485367775 0 3.20837115496397 0.2388591766357422 0 0 0 3.744565173983574 0.9250454977154732 1.090378388762474 16.25166005641222 0 1.222767412662506 5.789931312203407 7.609914004802704 1.875485323369503 4.701502375304699 0.1859312132000923 0 0.5716694593429565 0.4669724404811859 0 9.343296080827713 0 1.712139502167702 1.469793945550919 4.102359034121037 0.2893697023391724 0 0
0.6294051855802536 199.468428440392 47.98653630912304 0.1210177391767502 0.1090275198221207 0.6598524749279022 3.757342807948589 1.048992738127708 791.5366758927703 0.3658592700958252 36.10665361583233 3.856854371726513 255.9652282744646 1.774450823664665 10.12754528969526 101.4187164530158 73.35554692149162 73.94302713125944 50.58876514434814 0 19.17333662509918 2715.668978989124 5.32200413942337 913.248269289732 1425.767403356731 537.8490970730782 7992.499079316854 24.67208553850651 2.896738551557064 3.783959545195103 81.95282417535782 0.4683451652526855 0.5135137885808945 24.55588624626398 0.429260216653347 47.7767720669508 175.1668077632785 39.14818838983774 14.20865025371313 24.69171975553036 0.2473922222852707 149.7369162887335 0.2297490388154984 0 21.72282496094704 65.80315764248371 0 0 0.08775845915079117 0.2622886747121811 0.2316262125968933 0.3658950477838516 0.09433010965585709 5.847899474203587 0 16.141691878438 0.205496571958065 0 8.834873117506504 4.710318088531494 0.7760041058063507 3.489039212465286 0 0.2375329881906509 11.56734689325094 7.50417535007 3.90639878064394 18.87730042636395 169.3381841108203 1608.191330358386 1.391448341310024 0 1.36297956854105 5.951846428215504 0 0 0.5405498147010803 0 4.81958944350481 4.414780087769032 5.758145213127136 1.222628071904182 0 0 3.869391977787018 0
375.570934958756 47.98653630912304 4746.272062383592 1.151618175208569 0 2.647553451359272 1240.788901790977 370.1395555362105 10.83517743647099 59.78629910200834 19.19999815523624 0.706609882414341 1.131789550185204 706.981328740716 0 14.44834986329079 2491.44357097894 33.20483432710171 169.6155283972621 2.100392080843449 832.663757532835 28.15898412466049 9517.794403351843 52.7860264107585 1.754929728806019 8330.89650812 5173.759400747716 351.2792946472764 209.5854435116053 1133.095808312297 4.922272577881813 0.4640087112784386 22.45207779109478 732.7528317049146 36.8185161948204 1973.281485423446 2049.596269235015 2386.620962269604 1200.88507706672 137.0838645920157 8.017407990992069 1.774527654051781 17.60695845633745 1.021909132599831 123.2499051243067 776.1327947974205 0 0 0 23.04650970548391 1.26621375977993 3.289608746767044 0.1285096406936646 0.6808241456747055 0 0.7342492118477821 2.211246535181999 0 102.4903928413987 47.27590738236904 0.8648869544267654 10.63350100070238 0 20.85801015049219 60.12146696448326 227.1037962585688 34.40480475127697 0.1368457078933716 205.5067732259631 2923.127784118056 17.62755464762449 2.141712218523026 28.7601832523942 0.3985072150826454 0 0.3434560596942902 4.094280101358891 3.296947866678238 42.84339006990194 6.175506323575974 37.68374811857939 20.32872034609318 0.5765501260757446 0.6611506342887878 0.5592012405395508 0
0.9236045405268669 0.1210177391767502 1.151618175208569 964.4071769416332 0.5631374567747116 65.68258973956108 85.61281181871891 34.75110597908497 569.7700995057821 1919.3606191203 2.182821281254292 4710.296478934586 0.1631984114646912 29.62319827824831 130.569458335638 0.1654589623212814 0.2675894871354103 0.5334326103329659 0.4518334865570068 2168.449785627425 0.7774012833833694 0.2529061734676361 0.9396201223134995 1584.322137959301 0 1.280296593904495 1.472540289163589 3749.040896102786 31.02454748749733 1.502233527600765 0 0.3133957013487816 0.9188858196139336 10.70727287977934 7.852505259215832 277.4101458415389 1.172367095947266 39.43542038649321 17.59301579743624 355.3425764292479 9.314539313316345 2.366487741470337 2.562329322099686 0.09796243906021118 0.2281762659549713 0.1185751408338547 33.50709272176027 0 0 39.37663549929857 1.636994414031506 26.03606616705656 43.0507435053587 0.314100444316864 3.158115819096565 0 0.5028201937675476 0 0.4608325660228729 0 0 0 7.787698119878769 1.450850494205952 0.3656319081783295 0.09981119632720947 237.7955222949386 0 0 0.1497455537319183 138.3813337534666 2.353008709847927 0.320191502571106 0 0 0 2.162733018398285 0 37.18168933689594 0 2.089515097439289 0 9.700709983706474 0.1177090033888817 0.8598434329032898 0
0.1051879152655602 0.1090275198221207 0 0.5631374567747116 39.07781007885933 822.5599391758442 0.08708707243204117 30.02880422770977 4.928188592195511 2.943424463272095 31.26875567436218 12.74788157641888 1.902478471398354 0.5550315454602242 496.8064898625016 0 0.08925046026706696 0.6897633820772171 0.5825459808111191 0.7508638650178909 0 1.083742916584015 0 6.083054915070534 0.9748334735631943 0.7222345098853111 0.7623607292771339 0.5225731283426285 2.483815878629684 0 0.1301947385072708 114.9810560047626 0 148.2129051685333 0 0.5003205537796021 0.8644393235445023 46.98886312544346 9.131258100271225 626.4729720652103 22.75709640979767 2.721422269940376 0 0 0 0 0 0 0 0 0 0 0 0 0 0 0 0 0 0 0 0 0 0 0 0 0 0 0.2385033965110779 0 0 0 0 0 0 0 0 0 0 0 0 0 0 0 0 0
4.83811166882515 0.6598524749279022 2.647553451359272 65.68258973956108 822.5599391758442 10962.61854859442 190.1399051621556 6471.670183990151 184.35126529634 5723.519979849458 221.8414323404431 2536.347700327635 15.87737034261227 368.3967430926859 3998.619243346155 0 2.189528368413448 26.81217516958714 13.03174364566803 216.9995542094111 1.058203749358654 1.555862784385681 1.103014037013054 216.1196277961135 7.064806669950485 26.51350777596235 13.4170003682375 872.6559455618262 167.8609001860023 9.447095446288586 3.382240287959576 107.3173036053777 0.3161378353834152 777.1856711804867 60.76645298302174 359.5269681662321 21.97247987240553 483.3936684727669 233.1020056605339 3749.074081897736 718.2941007614136 18.20262048393488 4.181706883013248 0 0 0 1.466807901859283 0 0 6.2031629383564 1.293122589588165 3.261122822761536 4.003268793225288 0.2229530066251755 0.6760625243186951 0 1.51134530454874 0 0.7351062893867493 0 0 0.1453227996826172 0 0.6112879887223244 0 0.1912585347890854 33.6218449473381 0 0.09018726646900177 0.1352957487106323 24.0113741979003 0.602569043636322 2.12121195346117 0 0 0 0.8985274732112885 0 17.47806519269943 0.1015060544013977 0.6258013695478439 0.4382316172122955 3.068229362368584 0 0 0
2570.47640029341 3.757342807948589 1240.788901790977 85.61281181871891 0.08708707243204117 190.1399051621556 7262.954301983118 2285.861765161157 256.6579399928451 3151.578964367509 45.24592863768339 27.25539518147707 2.364335522055626 5323.879199795425 13.16814967244864 52.69965396821499 205.2238892763853 16.12697732821107 25.31285316497087 83.78464958071709 1406.827749565244 28.29812765866518 819.4403757974505 1434.648185178638 2.327841237187386 768.5425141304731 388.6130188181996 16290.23885074258 1660.546551223844 5755.757562682033 1.020823381841183 4.556313440203667 103.0321311876178 337.0186252817512 27.33111611008644 1758.756721720099 80.52214790135622 1136.623048253357 443.1710267588496 281.5108669251204 135.3719309046865 2.881682261824608 38.5738380625844 2.76981195807457 2.663521096110344 6.930465161800385 11.89568102359772 0 1.518508777022362 222.2850090190768 10.81071292608976 85.98423227667809 36.40830470621586 1.352310188114643 7.147546894848347 0.1998045518994331 14.36375096440315 0.1135806813836098 20.05482570827007 0.8192824721336365 2.576599210500717 1.113946318626404 5.37383446097374 13.20535761862993 10.61692057549953 7.678001254796982 604.6898779124022 0 5.623810090124607 52.91056293994188 438.7736336141825 18.16833999752998 70.35860104858875 0.3060166239738464 1.451260834932327 1.953297480940819 11.606554210186 1.556388974189758 168.1257235854864 0.7783487439155579 48.88026317954063 15.63249850273132 50.20211374759674 12.12493324279785 0.6444663107395172 0.4988913536071777
971.9746678248048 1.048992738127708 370.1395555362105 34.75110597908497 30.02880422770977 6471.670183990151 2285.861765161157 15600.7720114775 94.53873421996832 2484.977729544044 725.6448136232793 426.7312269061804 44.64486537873745 6910.035313151777 672.7501553893089 2.959612622857094 324.3869505822659 94.58898444473743 78.87201076000929 159.5953044444323 72.41696008294821 5.318819597363472 201.109687782824 553.1227767840028 23.27498143911362 509.802429176867 100.7004748135805 583.601597122848 985.4671952575445 662.4178664982319 11.90132128447294 72.72718150913715 9.778085067868233 940.2978685796261 16.22998610883951 865.6425863951445 96.69231870770454 1441.378827180713 599.6247594952583 1622.93065148592 766.9474180787802 56.86882990598679 20.09338684380054 0.7448970228433609 0.6846298426389694 3.560727350413799 0.6399850249290466 0 0.5167673230171204 43.74584644287825 2.135243088006973 20.86242894083261 14.18093300610781 0.3370761200785637 1.15553505718708 0.2248288169503212 4.860814146697521 0 3.231018617749214 0 0 0 0.7050553411245346 4.774461224675179 3.210496470332146 3.087791353464127 140.3276227712631 0 1.849125638604164 9.912634842097759 79.37877745181322 3.21798749268055 20.50285696983337 0.3876430168747902 0 0 1.405961334705353 0.5237561166286469 37.11441939324141 0.9850647673010826 9.82059109210968 2.889606393873692 1.57625949382782 1.450032919645309 1.6557437479496 0
21.66186711937189 791.5366758927703 10.83517743647099 569.7700995057821 4.928188592195511 184.35126529634 256.6579399928451 94.53873421996832 606.6719635725021 824.576864272356 11.68346443772316 340.8290840089321 47.18327728658915 82.38167364895344 488.6411198526621 76.72250746935606 5.344832830131054 27.46711798757315 9.021318309009075 616.6906553804874 66.90820295363665 2926.032017663121 14.40553648769855 9026.494390763342 385.2508460208774 65.99176889657974 704.1893228814006 880.569617241621 116.0176094025373 331.324461184442 21.5196443349123 0.5280594229698181 19.7965289875865 17.57135657966137 4.839541479945183 219.7685396298766 15.49648854136467 78.46598050743341 29.55900252610445 402.8977125883102 13.97288783639669 8.599558666348457 3.523531422019005 10.82036640495062 0.7443380951881409 3.519263602793217 19.59607848525047 0 0.4863051325082779 173.211323261261 13.24918188154697 19.98344957083464 50.09225352853537 1.997567482292652 5.291299268603325 0.8973902836441994 24.85212916135788 0.4631262570619583 140.6340023875237 0.4562822133302689 2.223726145923138 0.6641080975532532 12.93762402236462 88.59922264516354 50.01461387425661 23.13927561044693 1479.673467151821 0.6237376481294632 6.673870071768761 28.10818467289209 444.7295644804835 58.2381465062499 274.0526011809707 1.219089768826962 0.8857777416706085 5.998696520924568 23.86412502080202 2.461972549557686 193.7196950986981 2.068977653980255 64.54359460622072 20.65318027883768 25.90822948515415 8.249620646238327 0.4017599821090698 0.9788512587547302
59.23675058037043 0.3658592700958252 59.78629910200834 1919.3606191203 2.943424463272095 5723.519979849458 3151.578964367509 2484.977729544044 824.576864272356 17003.2173878178 118.8348641991615 9343.237526774406 7.585556462407112 1471.750791732222 362.4972251728177 3.612365484237671 19.18637103587389 27.98955331370234 21.23407779633999 3643.472894690931 32.18556229025126 2.596038952469826 28.49019671231508 2173.344660550356 12.63075928390026 90.53586156666279 29.03708739578724 6639.114121377468 866.9281968697906 95.76241371035576 3.315961465239525 8.962590932846069 12.61792997270823 348.9550365656614 92.95184346288443 2035.991595797241 32.09359586983919 1063.311451412737 372.3834497407079 1032.373873911798 231.1244551837444 6.279902704060078 36.84571412950754 0 0 0.6004785299301147 23.43505889177322 0 0.2678337767720222 103.5094640851021 4.781987570226192 74.75352412462234 95.10995005071163 0.4953237473964691 12.57365211844444 0.09507700055837631 2.579508647322655 0.1982919424772263 1.095615103840828 0.2126120030879974 0 0 16.42338623851538 3.012223087251186 0.8699314147233963 1.527772486209869 656.3403659239411 0 0.7047599032521248 4.409905850887299 385.5770909190178 4.010396212339401 4.058267988264561 0.1064121574163437 0 0 0.9878261536359787 0.1957068294286728 146.3328747078776 3.100181043148041 10.24801871180534 2.004423744976521 39.35645765066147 1.092322617769241 0.2113762199878693 0.3700096309185028
12.13768633455038 36.10665361583233 19.19999815523624 2.182821281254292 31.26875567436218 221.8414323404431 45.24592863768339 725.6448136232793 11.68346443772316 118.8348641991615 6373.073686279356 43.10111700743437 853.5592498853803 289.7333122938871 22.73245828598738 0.7813841849565506 214.9835265278816 2255.568409256637 1105.498064681888 16.05278559029102 5.716219872236252 13.78758396208286 9.745064564049244 39.64865253120661 749.0454614982009 1301.59695327282 470.0680352076888 33.50782777369022 471.8001483976841 17.49633577466011 484.9211950600147 306.690478593111 0.7558507770299911 5710.650306217372 24.26096501201391 509.1340762227774 3333.276738002896 5576.358820293099 980.1116110980511 104.2498664036393 430.8464528471231 1554.976388052106 31.10250687599182 0.3573728203773499 2.521323889493942 0.4855376183986664 0 0 0 4.653971411287785 0 1.042434841394424 0 233.7702336385846 0.09504508227109909 269.4990573450923 0.6686873286962509 0 0.3815161436796188 0 6.639290794730186 0.2840382158756256 0.4692895114421844 0.3604827672243118 1.513310298323631 0.1295670419931412 9.469068437814713 8.09632620960474 71.85835333913565 64.44242516905069 8.490131214261055 0.8207052201032639 1.434292934834957 60.35829572379589 0.1129241362214088 0 4.322219893336296 8.860046878457069 19.46281981468201 62.64943918585777 5.812590219080448 14.74144189059734 0.3535488247871399 1.300600573420525 49.49651132524014 0
1.814769007265568 3.856854371726513 0.706609882414341 4710.296478934586 12.74788157641888 2536.347700327635 27.25539518147707 426.7312269061804 340.8290840089321 9343.237526774406 43.10111700743437 5599.794939473271 3.843335054814816 161.2174178063869 1627.923234686255 0.2230396866798401 0.9052057564258575 8.847944788634777 5.191075026988983 2414.813949905336 0.08763559907674789 8.615088909864426 0.5626267641782761 1209.343511864543 14.82543528825045 9.598194621503353 7.055807068943977 2158.1680951491 109.549875497818 1.812305867671967 0.6286760047078133 2.196287900209427 0.6230545714497566 65.68877250701189 41.50973506271839 1327.444600388408 17.09954028576612 176.4716640338302 47.29598849266768 1681.344591453671 50.49581410735846 22.25078118592501 5.513772256672382 0.4914943277835846 0 0 18.07368838787079 0 1.656844645738602 23.69906873255968 3.390307202935219 10.15986428409815 32.00534266233444 2.640073537826538 27.89094386994839 0 0 0 1.156218469142914 0 0 0 8.163917198777199 0.120622530579567 0.2354892045259476 0.2036916762590408 122.2590853050351 0.08909099549055099 0.1550922840833664 0.08973454684019089 91.7281191945076 1.884522907435894 3.935122221708298 0.0843040868639946 0 0 0 0.1709986925125122 71.5702933371067 5.307282999157906 2.295351698994637 2.291640043258667 33.50336622446775 0.4018172323703766 1.479259669780731 0
0.7268929705023766 255.9652282744646 1.131789550185204 0.1631984114646912 1.902478471398354 15.87737034261227 2.364335522055626 44.64486537873745 47.18327728658915 7.585556462407112 853.5592498853803 3.843335054814816 2746.220620058477 16.07955093681812 2.632480725646019 5.144998840987682 2.297009624540806 15.65614777803421 16.13395450264215 1.048944339156151 1.443621143698692 107.3823575377464 1.7648566365242 40.74985697120428 5101.905199423432 188.3077506199479 3065.551017642021 4.046650730073452 17.04925347864628 1.470822162926197 607.5836823061109 14.69965301454067 0 555.4661606997252 36.73147393763065 542.213008441031 4590.376768566668 2419.474902000278 467.7210825830698 43.67352927476168 148.3365554437041 1799.510325364769 15.37838820368052 0 21.23493756353855 0 0 0 0 0 1.070523202419281 0.2751502096652985 0 862.9909918233752 0 949.8566726744175 0.5141609460115433 0 0 0.1363445073366165 6.842593669891357 0.9478889405727386 0 2.124580934643745 1.978564321994781 0 0.9115752354264259 69.5844863653183 166.2434065639973 181.9537333399057 2.088306695222855 0.1148239746689796 1.12482138723135 181.9858188256621 1.481721296906471 0 17.72636862099171 16.93028247356415 43.07310987263918 144.3012247383595 19.2590209543705 50.55196652561426 6.126516342163086 2.097199514508247 123.7241890281439 0
5411.662446536124 1.774450823664665 706.981328740716 29.62319827824831 0.5550315454602242 368.3967430926859 5323.879199795425 6910.035313151777 82.38167364895344 1471.750791732222 289.7333122938871 161.2174178063869 16.07955093681812 13713.91804359108 40.78532035648823 5.952761076390743 788.6765828952193 73.6533494964242 116.7972625792027 99.79316297918558 200.3179289922118 13.18314526975155 506.461728900671 458.80107447505 8.846657536923885 901.2684956155717 160.271688260138 556.7306856140494 7065.838862374425 3426.271412037313 4.878153964877129 150.1944052353501 50.04322960972786 868.3079150766134 9.397461198270321 697.1346647441387 78.40128170698881 1085.484496816993 291.4950530901551 220.004183717072 130.7901521474123 12.52821259945631 13.62990638613701 0.8598496466875076 0.7396636456251144 6.49936406314373 1.692513331770897 0 0.2117241621017456 37.81013447791338 1.005707949399948 19.84874498844147 3.399401038885117 0.1169746145606041 1.394713722169399 0.188716933131218 3.202082619071007 0 7.731134407222271 0.1416010409593582 0 0.2038985639810562 0.1154202595353127 7.483721345663071 5.27517656981945 2.545662045478821 101.8759114444256 0 3.477310195565224 18.09726367145777 65.13725250959396 6.347165487706661 22.84344856441021 0.1919412910938263 0 0 3.618072643876076 0.4658925905823708 30.02063392847776 0.5278964266180992 10.12763207405806 2.115112870931625 7.750773578882217 0.757796511054039 0 0.8015720248222351
0.09171367436647415 10.12754528969526 0 130.569458335638 496.8064898625016 3998.619243346155 13.16814967244864 672.7501553893089 488.6411198526621 362.4972251728177 22.73245828598738 1627.923234686255 2.632480725646019 40.78532035648823 517.2924087047577 0 0.2693041041493416 2.74357295781374 0.9454992786049843 333.4978385865688 0 27.2114676758647 0.1215803027153015 1121.037267163396 7.028079226613045 2.352585926651955 19.72018018364906 71.26695844531059 17.10062116384506 0.9484759271144867 1.072520740330219 41.82697300612926 0.3116829842329025 16.73114288598299 1.637869194149971 21.5473852083087 2.39985915273428 41.80125871300697 12.90926490724087 1239.486775882542 75.72079658508301 4.021908551454544 0 0 0.1350882351398468 0 1.061683505773544 0 0 0.1487163305282593 0 0.1471353322267532 0 0 0 0.2002594918012619 0 0 0.8393109440803528 0 0 0 0.1277453750371933 0.1251096725463867 0.6132510602474213 0.107920341193676 3.172587156295776 0 0 0.3427790775895119 2.260594211518764 0 0.15670545399189 0 0 0 0 0.219784215092659 1.186012610793114 0 0 0.2667506039142609 0 0 0 0
1.679765142500401 101.4187164530158 14.44834986329079 0.1654589623212814 0 0 52.69965396821499 2.959612622857094 76.72250746935606 3.612365484237671 0.7813841849565506 0.2230396866798401 5.144998840987682 5.952761076390743 0 2128.47538138181 24.72166277468204 2.289202935993671 1.281913220882416 0 4303.545776292682 2807.510500386357 3578.648438215256 1430.154319107533 29.94239831715822 10.84834685176611 7536.609596259892 810.0727571323514 21.36549520492554 107.472945690155 0.5579441785812378 0 25.84937987476587 40.30681937932968 15.33154920488596 1226.706487447023 175.6206976100802 182.9927413538098 388.4558473005891 28.59764112532139 4.423645101487637 3.324244901537895 10.39724376797676 0.0999540239572525 5.886030085384846 19.73587461560965 0 0 0 17.98736874014139 1.339040920138359 9.169143468141556 3.074539706110954 0.1961594223976135 0 0.2304321080446243 3.692874021828175 0 2559.243140257895 1.492866642773151 0.111668772995472 0.948491282761097 0 571.6454882472754 1260.762905985117 868.7696387693286 144.7795349732041 0.2930127084255219 5.178844578564167 986.0510678589344 90.84746177494526 6.653793953359127 190.6446559503675 0.1215193122625351 0 1.171776548027992 2.74988416582346 0.6387554854154587 150.27364294976 3.162973918020725 19.22868680953979 7.274845160543919 3.495443522930145 0.2564942687749863 4.132310152053833 0.1985729336738586
297.8309502080083 73.35554692149162 2491.44357097894 0.2675894871354103 0.08925046026706696 2.189528368413448 205.2238892763853 324.3869505822659 5.344832830131054 19.18637103587389 214.9835265278816 0.9052057564258575 2.297009624540806 788.6765828952193 0.2693041041493416 24.72166277468204 1744.144061416388 166.7554524838924 3035.943021148443 0.9357168525457382 1535.847522065043 6.478803835809231 2621.015981055796 20.57562173902988 21.27892681211233 2917.705080881715 5977.00620444864 40.69299904257059 737.8818596452475 1750.929000735283 3.335697829723358 0.7411225289106369 115.119820959866 2976.97329595685 11.92511332780123 1287.027120485902 2465.351207390428 1222.712219938636 358.7086674720049 27.09614511579275 4.549500837922096 14.10145999491215 6.184721484780312 0.2172146737575531 62.21234738081694 31.20836063474417 0 0 0 3.621045678853989 0.2506943941116333 0.4959862008690834 0 1.477867186069489 0 5.138925738632679 0.2822469919919968 0 3.380581833422184 27.83011059463024 2.40282030403614 45.27215865254402 0 2.231249824166298 0.7345152422785759 1.574930526316166 4.213562749326229 1.980870142579079 628.5160048231483 924.9704889431596 1.784529276192188 0.9843594133853912 3.333351381123066 5.345494568347931 0 0 6.623262599110603 0.1311760395765305 18.68069045990705 5.432891681790352 27.03807900846004 6.357897102832794 0 0 2.7984958589077 0.2220398038625717
9.964282460510731 73.94302713125944 33.20483432710171 0.5334326103329659 0.6897633820772171 26.81217516958714 16.12697732821107 94.58898444473743 27.46711798757315 27.98955331370234 2255.568409256637 8.847944788634777 15.65614777803421 73.6533494964242 2.74357295781374 2.289202935993671 166.7554524838924 287.8080893978477 1142.729835525155 4.154193803668022 3.503654576838017 38.25419311970472 12.02381787449121 28.22199103981256 318.5231434777379 1797.279067263007 670.2029463127255 9.016684874892235 102.4473280087113 20.35970842093229 216.9156297519803 23.41040396690369 4.494357377290726 1324.878318533301 8.074685446918011 393.5966986343265 1046.996592395008 1387.783359769732 294.0168956443667 18.95319548249245 8.597428180277348 10.02750454097986 3.487059354782104 0 3.475880950689316 0.8687978237867355 0 0 0 1.205853424966335 0 0 0.09071571379899979 210.1066064536572 0 296.2568777948618 0.3496297374367714 0 0.09337864816188812 1.219156257808208 17.37741667032242 1.976112268865108 0 0.2999761402606964 0.7110592201352119 0 2.530394412577152 12.07572349905968 311.3302107900381 247.1425812542439 0.873813733458519 0.2391009256243706 0.910787045955658 172.512416779995 0 0 1.72705265134573 1.776178583502769 1.274896867573261 10.3226705417037 1.794057242572308 0.9865016341209412 0.1168426424264908 0 6.623116984963417 0
25.31809608638287 50.58876514434814 169.6155283972621 0.4518334865570068 0.5825459808111191 13.03174364566803 25.31285316497087 78.87201076000929 9.021318309009075 21.23407779633999 1105.498064681888 5.191075026988983 16.13395450264215 116.7972625792027 0.9454992786049843 1.281913220882416 3035.943021148443 1142.729835525155 1854.715655356646 3.238773703575134 34.00625537335873 13.01667027175426 107.9802352637053 13.98009321838617 319.1327080503106 5528.84518110007 3262.108266443014 8.471159301698208 144.5724811181426 102.4170055091381 54.71977633237839 15.42992045730352 19.60816713422537 3201.418265610933 10.99684431403875 669.9827295765281 1714.172481186688 2469.778565131128 431.7819795608521 13.3365788385272 3.542553558945656 7.514791145920753 3.927657775580883 0 22.16659892350435 2.590125441551208 0 0 0 1.263870842754841 0.227510429918766 0.7473286613821983 0.07717830687761307 78.27563689649105 0 169.0666720494628 0.5961563438177109 0.130469411611557 0.4661252573132515 5.334450371563435 29.61378589272499 24.44966225326061 0 0.3563032299280167 0.6804730594158173 0.4197232723236084 1.593029707670212 21.80125206708908 1182.3915245682 1087.513354212046 1.568072259426117 0.1595694273710251 0 126.8314810842276 0.2115391045808792 0 3.194633305072784 1.21341997385025 15.39331731945276 8.035834908485413 12.53167552500963 2.190298900008202 0 0 16.70974479615688 0
2.632602870464325 0 2.100392080843449 2168.449785627425 0.7508638650178909 216.9995542094111 83.78464958071709 159.5953044444323 616.6906553804874 3643.472894690931 16.05278559029102 2414.813949905336 1.048944339156151 99.79316297918558 333.4978385865688 0 0.9357168525457382 4.154193803668022 3.238773703575134 666.6809740811586 1.329474031925201 0 0.944197379052639 792.3767522275448 0.6092545241117477 5.739358760416508 1.548137687146664 2131.157954409719 87.19200734049082 3.961686477065086 0.5829290598630905 1.011498473584652 0.7392088770866394 36.67979244142771 4.829398825764656 672.9356804788113 3.5647192299366 120.8227891996503 39.92063994705677 871.5164844170213 29.82158323377371 0.8713040798902512 6.009090967476368 0 0 0.7892523407936096 16.68252118676901 0 0.8571315407752991 32.03182502090931 0.6397693380713463 26.75072120130062 52.1970132291317 0.1205528378486633 5.808584123849869 0 0.2487766295671463 0.4644668698310852 0.291813351213932 0 0 0 9.902387663722038 1.392468921840191 0 0.3162575662136078 220.6754732131958 0 0.3123523965477943 0.5262421816587448 123.6491736397147 0.2062534838914871 1.463997572660446 0 0.7007350921630859 0.104350320994854 0 0 64.98299537599087 0 0.9580137431621552 0.6048578917980194 18.37435767054558 0 0 0
95.99079524725676 19.17333662509918 832.663757532835 0.7774012833833694 0 1.058203749358654 1406.827749565244 72.41696008294821 66.90820295363665 32.18556229025126 5.716219872236252 0.08763559907674789 1.443621143698692 200.3179289922118 0 4303.545776292682 1535.847522065043 3.503654576838017 34.00625537335873 1.329474031925201 13085.8290926367 267.0199209973216 12600.99555718154 829.3113286942244 8.792495116591454 197.4940306395292 2239.962617009878 4842.099914088845 323.9981373995543 11939.09077402949 0.1040158271789551 0.2739371657371521 110.067988306284 2504.141306854784 76.03251171112061 4903.382150352001 412.2359118461609 3968.214554935694 2883.032385952771 112.9518232569098 19.3441803380847 6.648316293954849 49.74613457918167 1.050837561488152 2.196117453277111 12.95615167170763 0.1275546848773956 0 0 28.89377596974373 1.668470039963722 7.439229443669319 1.062396310269833 0.4568948000669479 0 4.496145725250244 5.1248619556427 0 603.7057853490114 1.031856350600719 0 0.3830475062131882 0 494.2594197541475 273.4909004047513 116.3093916624784 170.4920910149813 0.6137064471840858 3.091744646430016 116.1473287343979 113.5097608268261 8.519499689340591 273.7187737971544 0 0 0.8463101387023926 4.404257327318192 5.635801039636135 100.7232688516378 1.670285150408745 18.92030347883701 14.86675480008125 9.613140746951103 1.649227306246758 7.522508919239044 0.1881467252969742
2.646809473633766 2715.668978989124 28.15898412466049 0.2529061734676361 1.083742916584015 1.555862784385681 28.29812765866518 5.318819597363472 2926.032017663121 2.596038952469826 13.78758396208286 8.615088909864426 107.3823575377464 13.18314526975155 27.2114676758647 2807.510500386357 6.478803835809231 38.25419311970472 13.01667027175426 0 267.0199209973216 1292.647071108222 251.6006474867463 5619.501680791378 942.0853482931852 95.22694062441587 3633.724226340652 271.0694712847471 28.72422955185175 88.79059814661741 42.08942860364914 0 28.73787681758404 18.39803219586611 0.635037899017334 115.9477515369654 32.36902521550655 28.11505356431007 17.80964802205563 92.21546424180269 1.485524758696556 23.12429062277079 0.1284981518983841 0 19.21437865495682 46.78713451325893 0 0 0 7.75282895565033 0.2646123096346855 2.860504120588303 0.2462292909622192 0.9736666902899742 0 1.174652054905891 0.6603171899914742 0 1482.710793122649 0.8960530608892441 0 0 0.2086088508367538 169.7368350178003 310.6365849897265 514.4906219616532 54.20662319660187 0.3555949479341507 8.552057288587093 1246.470306240022 34.6194027736783 1.86985944211483 41.65653058886528 1.067919306457043 0 0.5597572922706604 2.567495360970497 1.013129621744156 33.12123746424913 1.122568421065807 6.436806447803974 3.010497622191906 0.0893641784787178 0.6231902837753296 0 0.1852107495069504
294.9742832630873 5.32200413942337 9517.794403351843 0.9396201223134995 0 1.103014037013054 819.4403757974505 201.109687782824 14.40553648769855 28.49019671231508 9.745064564049244 0.5626267641782761 1.7648566365242 506.461728900671 0.1215803027153015 3578.648438215256 2621.015981055796 12.02381787449121 107.9802352637053 0.944197379052639 12600.99555718154 251.6006474867463 16163.81274941564 301.0998382940888 3.009101659059525 2640.10774537921 9475.984971523285 1673.24715448916 378.1054466068745 4857.841650344431 1.688468486070633 0 107.5825524181128 2623.338755443692 123.047723017633 7943.998743757606 2269.79729706049 6480.032525934279 6416.654348634183 275.7643614709377 24.16757855564356 7.519522741436958 67.86282034963369 0.6895247399806976 17.1137875020504 48.69826003164053 0 0 0 13.74047251045704 1.857682645320892 4.279389202594757 0.2580377757549286 0.1488815099000931 0 0.09207107126712799 1.918220490217209 0 1026.845072828233 2.481961488723755 0.1226401403546333 0.2671475410461426 0 163.560193002224 403.4316250011325 381.4902665242553 41.26424045115709 0 8.788461394608021 972.1364559978247 35.30707050859928 2.456182800233364 62.10932662338018 0.3476686403155327 0 0 1.013476848602295 0.8421964645385742 41.8590674996376 2.172771364450455 9.410700529813766 2.898968636989594 0.3339999318122864 0.2697800993919373 1.924868822097778 0.1318497955799103
102.8524807468057 913.248269289732 52.7860264107585 1584.322137959301 6.083054915070534 216.1196277961135 1434.648185178638 553.1227767840028 9026.494390763342 2173.344660550356 39.64865253120661 1209.343511864543 40.74985697120428 458.80107447505 1121.037267163396 1430.154319107533 20.57562173902988 28.22199103981256 13.98009321838617 792.3767522275448 829.3113286942244 5619.501680791378 301.0998382940888 11607.1822873801 304.3013099506497 84.70164570957422 1983.476627796888 6287.025847621262 950.6093286201358 1009.837176948786 20.83746136724949 3.744636490941048 223.9194203987718 240.1545735821128 27.82096664607525 2307.030731461942 97.78553869575262 821.6404711008072 347.7918211445212 1968.365948006511 112.1697935163975 8.272222347557545 29.76642939448357 17.8096913844347 3.406892798841 16.51468598097563 55.89259522408247 0 5.062071204185486 739.6712116673589 56.2745915055275 828.3013677895069 246.2246810719371 10.07188054919243 24.87303940951824 2.708624050021172 77.59385639429092 2.475725375115871 382.8188744261861 1.521556131541729 5.566251069307327 2.565855205059052 30.52671885490417 272.2958916053176 301.1110145151615 92.51064123213291 3501.706330597401 0.4292531237006187 16.47155324369669 136.5575280860066 2001.059944942594 126.484748840332 568.5656737536192 1.816672131419182 4.735063225030899 10.15468882769346 59.50424471497536 4.969204962253571 804.6461602374911 5.903597176074982 218.0931925997138 66.9650476872921 172.6170049160719 34.37175536155701 3.933855563402176 3.858271278440952
0.8843512758612633 1425.767403356731 1.754929728806019 0 0.9748334735631943 7.064806669950485 2.327841237187386 23.27498143911362 385.2508460208774 12.63075928390026 749.0454614982009 14.82543528825045 5101.905199423432 8.846657536923885 7.028079226613045 29.94239831715822 21.27892681211233 318.5231434777379 319.1327080503106 0.6092545241117477 8.792495116591454 942.0853482931852 3.009101659059525 304.3013099506497 484.7233398929238 605.9800756201148 3850.738510861993 10.8709572404623 11.41602294892073 3.68291749805212 586.9466695934534 7.196060515940189 0.1043739467859268 575.9468909725547 19.64781923592091 952.8348112329841 1652.927446484566 1626.48875079304 408.9043697416782 86.23338034749031 264.5080095827579 960.1567242890596 61.16957692801952 0 79.35584864765406 0.1233081296086311 0 0 0.2726505696773529 0.2502729594707489 0.7767034843564034 1.388778269290924 0.4299494326114655 642.1070225164294 0.1281538456678391 1535.463566981256 0.2756397128105164 0 1.604635372757912 2.2890954464674 15.54900472611189 6.034839883446693 0 2.112995147705078 4.602979637682438 0.5960145890712738 5.79165094345808 231.3991061970592 412.5364745259285 805.2885704189539 0.2144043073058128 0.4235204011201859 3.187081232666969 190.6041281372309 0.398517057299614 0 45.57349615544081 7.004216521978378 275.4291975945234 69.54566066712141 92.8140042424202 52.67384360730648 14.33853898942471 30.98332752287388 384.0189083516598 0
343.7601013705134 537.8490970730782 8330.89650812 1.280296593904495 0.7222345098853111 26.51350777596235 768.5425141304731 509.802429176867 65.99176889657974 90.53586156666279 1301.59695327282 9.598194621503353 188.3077506199479 901.2684956155717 2.352585926651955 10.84834685176611 2917.705080881715 1797.279067263007 5528.84518110007 5.739358760416508 197.4940306395292 95.22694062441587 2640.10774537921 84.70164570957422 605.9800756201148 34128.33684208989 21483.14549139887 85.70204381644726 513.0495035201311 753.861657910049 519.4247725754976 23.13870100677013 48.68412823975086 1472.12169772014 45.90801469236612 2207.386027790606 5462.539987303317 3555.869338270277 927.7327415347099 48.68010488897562 15.59329476952553 42.73979810625315 8.893352553248405 0 294.96667291224 134.1273893639445 0 0 0.08760809153318405 6.84672661870718 0.7526697218418121 2.975428402423859 0.2391485199332237 308.4913189783692 0 896.7607403323054 0.8025555983185768 0 5.589989125728607 87.81178069114685 48.32014109939337 113.2881752103567 0 3.682351648807526 5.321282140910625 4.393144391477108 11.92159767448902 89.96931213885546 2744.399864591658 4388.830038785934 5.113623678684235 1.426774010062218 11.80415035039186 341.4355216622353 0.2758632898330688 0 15.99136716872454 7.910344988107681 52.66818315535784 29.82745410501957 68.12712437659502 18.03999499976635 0.9418197721242905 0 35.97500368952751 0.135036289691925
55.86649343371391 7992.499079316854 5173.759400747716 1.472540289163589 0.7623607292771339 13.4170003682375 388.6130188181996 100.7004748135805 704.1893228814006 29.03708739578724 470.0680352076888 7.055807068943977 3065.551017642021 160.271688260138 19.72018018364906 7536.609596259892 5977.00620444864 670.2029463127255 3262.108266443014 1.548137687146664 2239.962617009878 3633.724226340652 9475.984971523285 1983.476627796888 3850.738510861993 21483.14549139887 25562.15145814419 1053.967552252114 123.6679832115769 186.1978980451822 1218.061077319086 8.32416757941246 31.30574373155832 2349.073337092996 139.4370386525989 7450.793209135532 5273.40192399919 8127.443484716117 3832.946053184569 352.602781035006 16.38551385700703 62.06531435996294 43.88097663968801 1.453160122036934 2106.433769591153 1814.785301968455 0 0 0 65.02966243028641 5.308103606104851 11.23296339809895 1.801338545978069 381.382230296731 0 917.8485668152571 9.966248393058777 0 1181.027899928391 169.3010248914361 62.55421172827482 143.759624235332 0 90.36085083335638 750.2987734004855 873.6507769823074 122.9816081598401 284.802825152874 4059.088437780738 16569.94736835361 79.13598366826773 6.116745762526989 68.59893816709518 467.8408596888185 0.1966861337423325 0.1050898134708405 40.49414723366499 6.44193022698164 202.066619373858 64.67447736859322 187.3014532029629 79.42805570363998 6.039186887443066 2.291144706308842 29.23762769252062 0.7091383039951324
103.6259024068713 24.67208553850651 351.2792946472764 3749.040896102786 0.5225731283426285 872.6559455618262 16290.23885074258 583.601597122848 880.569617241621 6639.114121377468 33.50782777369022 2158.1680951491 4.046650730073452 556.7306856140494 71.26695844531059 810.0727571323514 40.69299904257059 9.016684874892235 8.471159301698208 2131.157954409719 4842.099914088845 271.0694712847471 1673.24715448916 6287.025847621262 10.8709572404623 85.70204381644726 1053.967552252114 17384.25808208436 945.4210493117571 5179.299443863332 0.9827266111969948 4.169228546321392 253.9460561871529 408.5025254637003 30.47677077353001 2613.820827662945 116.8508551344275 1040.843315944076 469.3861037865281 411.5944117233157 92.45305132865906 4.447161674499512 36.62202320247889 8.46955744177103 0.7664515003561974 10.86326817423105 60.17116100341082 0 4.300540171563625 304.8484708592296 25.26142896711826 145.8685922920704 92.30459927767515 2.375803619623184 8.04785118997097 1.053202651441097 24.12565409392118 0.1041777655482292 230.0612240210176 1.007571958005428 1.377159312367439 0.8577801063656807 7.830739334225655 245.4203191623092 116.0510036200285 53.7835441082716 1102.794837921858 0 3.906812436878681 89.43047890067101 694.9032360762358 46.66045160591602 387.0736744552851 0 0.8109108656644821 5.497511677443981 20.18690706044436 1.787041418254375 338.1999271586537 4.564022652804852 87.69200301170349 23.67718457430601 55.89113570004702 11.80537189543247 2.05150493979454 2.237897366285324
6090.681811496615 2.896738551557064 209.5854435116053 31.02454748749733 2.483815878629684 167.8609001860023 1660.546551223844 985.4671952575445 116.0176094025373 866.9281968697906 471.8001483976841 109.549875497818 17.04925347864628 7065.838862374425 17.10062116384506 21.36549520492554 737.8818596452475 102.4473280087113 144.5724811181426 87.19200734049082 323.9981373995543 28.72422955185175 378.1054466068745 950.6093286201358 11.41602294892073 513.0495035201311 123.6679832115769 945.4210493117571 19424.81723760441 5772.417557679117 7.181265771389008 283.7281260937452 2768.549815706909 3422.13074458763 14.52855515480042 1013.380197182298 102.7618688344955 2785.195303633809 670.9841082021594 111.8818290382624 172.7027306333184 9.747202649712563 15.50644051283598 0.8841330781579018 0.5683748424053192 2.921508654952049 0.910369947552681 0 0 45.962217412889 4.177009999752045 21.90362413227558 4.876681514084339 0 0 0 5.527076378464699 0 19.33522351831198 0 0.09762196987867355 0 0.598270371556282 25.19517881423235 13.99880593270063 4.687428049743176 128.5064213275909 0 4.367284618318081 9.057029090821743 87.51163472980261 8.507911548018456 52.10632485896349 0.7554965689778328 0 0.6300386562943459 2.714942395687103 1.549480840563774 60.59998057037592 0.6332262605428696 15.56770476698875 5.449878945946693 18.08791361749172 1.477101922035217 0.7033185958862305 0.4282019436359406
