1059.298367962241 0.09760929644107819 50.37001182883978 5.801456317305565 0.4300410598516464 9.004486113786697 2287.116490550339 442.7658447250724 1.490909248590469 45.2542077973485 8.299845643341541 1.897425472736359 0.1900064125657082 5874.507689759135 0 0 96.83235058933496 3.015441991388798 30.76961898058653 7.219545528292656 51.95156945288181 0.2388875037431717 181.4390885606408 11.22608904540539 0 21.9311350658536 16.04449342191219 75.98963263630867 4195.130216874182 3550.787586465478 0 2.658332847058773 38.73152947425842 107.6805192679167 5.170043312013149 68.85783453285694 4.461428426206112 68.44446212798357 19.1964655816555 4.622153341770172 0.313137486577034 0 0.1368495970964432 0 0 0.3873704075813293 0 0 0 1.738089866936207 0.1027765944600105 0.73011714220047 0.2726882770657539 0 0 0 0 0 0.1530157774686813 0 0 0 0 0.1218322589993477 0 0.1290543973445892 3.180119574069977 0 0.08782802522182465 2.14232137799263 8.162078931927681 0.1975141689181328 0.6743272691965103 0 0 0 0 2.926125109195709 0.09518289566040039 0.1757405996322632 0.09298595041036606 0.09052395075559616 0.3078952133655548 0 0 0
0.09760929644107819 822.1409016251564 12.57704851031303 0.4780109226703644 0 0.8015805557370186 32.0374543890357 0.8712843433022499 433.6698967143893 0.550060823559761 281.5892046689987 1.477118618786335 2283.451786063612 2.175872124731541 3.865075796842575 205.3801243752241 8.817842096090317 3.763761669397354 17.5701882392168 0.2940546348690987 18.93724588304758 2670.429205946624 12.7467597797513 1403.745373405516 1725.423942156136 745.0712511092424 7709.632543116808 154.0632727667689 3.310204863548279 4.495552569627762 176.8993101269007 0.3970645815134048 0.1961108893156052 37.71473333984613 1.226524174213409 58.38259344547987 94.80212140083313 111.3783149719238 14.56854618340731 13.75786051899195 0 261.757189117372 0.5532916635274887 0.09737875312566757 181.215914092958 14.10350419580936 0.1294507086277008 0 0 4.125119894742966 0.1330243796110153 4.024643279612064 0.435935378074646 7.377189010381699 0.1446876972913742 73.80675228685141 0.6551336795091629 0 3.046015329658985 31.63036295771599 1.769113071262836 33.23227389901876 0.09818629175424576 0.9054532051086426 216.896523617208 2.424430832266808 12.96531665325165 28.92776923626661 287.3029978424311 1458.525206699967 13.86293265223503 0.7500251159071922 0.8970238417387009 11.60461035370827 0 0 5.46024327725172 3.1749367415905 19.94230730831623 27.14459803700447 13.73533377796412 9.683217987418175 0.9035567566752434 0 2.693406045436859 0.1663687080144882
50.37001182883978 12.57704851031303 4248.549066007137 4.28968284279108 0 12.75786954164505 147.6678459644318 232.0049865543842 1.091583006083965 2.26006805151701 29.8078703507781 1.021595142781734 2.181125126779079 235.01464561373 0.2239169180393219 7.759225368499756 5342.669830828905 13.38447540253401 676.2924940660596 1.187525793910027 1363.220979876816 78.81595876812935 8918.349732413888 14.02874705195427 1.407637722790241 10424.98065554351 5553.624544233084 70.26670550554991 99.12890519946814 801.8937007561326 4.790491573512554 1.10518753528595 6.934942707419395 1447.166239187121 122.1379948407412 2714.294760666788 1074.303639963269 2132.28889965266 746.2173558101058 83.24231119453907 2.457536160945892 1.521329626441002 14.94594976305962 0.3876058012247086 33.7604273557663 168.6021095812321 0 0 0.3128095492720604 4.53642164170742 1.623941898345947 0.9819218218326569 0.4783535599708557 0.1815461963415146 0 0.3193878829479218 2.002430699765682 0 33.39240235090256 28.66969677060843 0 4.865363091230392 0 5.199172668159008 86.86415898799896 54.58698212355375 5.021695151925087 0.1624366939067841 90.17984159290791 1226.922764204443 12.0300410464406 0.444736585021019 2.897953130304813 0.4631054177880287 0 0 5.976417601108551 81.64587765187025 42.5429712831974 20.92011066526175 12.45202863961458 12.23261761665344 0 0 1.062303707003593 0
5.801456317305565 0.4780109226703644 4.28968284279108 1196.278894998133 1.982014328241348 110.3833685442805 476.2835363000631 76.54219399392605 959.4359927102923 3080.184639431536 10.04535406827927 1565.639621645212 1.647746913135052 117.5738712623715 150.6780871897936 0.9910320043563843 0.4879142045974731 1.409431032836437 1.720218688249588 1590.676765240729 5.79474676400423 1.344610601663589 3.587197653949261 1130.878413498402 0.1326878666877747 3.678021341562271 3.837725795805454 3874.872868612409 152.9937526211143 5.38414753973484 0.08957450091838837 2.987861692905426 2.261908322572708 84.7443241328001 18.24002555012703 287.7193992882967 8.620847776532173 158.1847751960158 64.57975843548775 446.1953673064709 0.6821055263280869 9.29578971862793 6.433631807565689 0.384923592209816 0.5944274291396141 0.6672283634543419 237.2899020537734 0 7.576355874538422 160.1806091219187 34.71129988133907 161.386661760509 264.3642081469297 4.205830253660679 134.4885606095195 0.200335830450058 32.81601579487324 0.6335045695304871 0.3359070792794228 0 1.864178687334061 0 243.7704038098454 0 0.6371472775936127 0.2030097246170044 259.9435991644859 2.005082204937935 1.287538051605225 3.770473629236221 344.1043672561646 19.02891966700554 1.161770105361938 0 1.070369943976402 0.2626304775476456 18.61568842828274 4.100112676620483 22.55189526826143 1.219223350286484 41.58116150647402 8.865860678255558 93.40218351781368 0.2806245684623718 2.907741636037827 0
0.4300410598516464 0 0 1.982014328241348 149.1057943105698 508.664096660912 5.311338350176811 30.54257423430681 19.44910828769207 3.68579512834549 10.97334917634726 31.61460750550032 1.915501952171326 8.886540584266186 873.987738288939 0 0.09322401136159897 0.6240926012396812 0.2434321269392967 9.345074094831944 1.679575607180595 1.290676385164261 0.3584629893302917 8.876702189445496 0.1073984354734421 1.570296749472618 0 2.174578867852688 148.2248315662146 5.803625509142876 0.2219555675983429 242.8281027972698 0 120.6405655667186 113.7553052157164 61.16114570945501 3.023895815014839 266.8342727050185 356.2803287804127 964.8531676754355 42.69586642086506 5.656895041465759 7.280019134283066 0 0 0 0 0 0 0 0 0 0 0 0 0 0.1667303293943405 0 0 0 0 0 1.579748153686523 0 0 0 0 0 0 0 0.9312703013420105 0 0 0 0 0 0.395330935716629 18.74094967544079 1.100725322961807 0 0.2392727732658386 3.098066225647926 0 0 0 0
9.004486113786697 0.8015805557370186 12.75786954164505 110.3833685442805 508.664096660912 12207.19761906564 5208.326402820647 4917.247228763998 51.91937944293022 6986.402338966727 155.8365051820874 2067.020596139133 20.7508309930563 697.2370456904173 2432.841248892248 2.838202714920044 8.012846529483795 28.33397655934095 18.54946289211512 630.3772773593664 24.17995948344469 0.9964733943343163 23.62178986519575 103.0759968683124 0.8413518592715263 35.22793415188789 15.57743737846613 1447.353480599821 500.2594828903675 102.099696919322 1.712941393256187 193.0616802200675 2.502186171710491 468.858186468482 25.42691244184971 541.9330161958933 29.24167757481337 904.4433697089553 865.0009429827332 2597.313308998942 56.69124960154295 13.87160857021809 17.36204949766397 0 0 0 9.616705931723118 0 0.6492819488048553 18.58146440237761 2.006198942661285 7.317928284406662 8.857106253504753 0.4359221234917641 7.817997723817825 0.3015870228409767 1.969307161867619 0 1.402373701334 0 0 0 7.577340438961983 0.2928293943405151 0.417763277888298 0 20.85419247299433 0 0.4340141415596008 1.512229435145855 47.47779621183872 0.7272902354598045 1.576360151171684 0.3777319863438606 0 0 2.648408308625221 4.6867705732584 7.071835674345493 2.369713209569454 8.021969817578793 8.663060702383518 9.841249316930771 1.300347089767456 1.312796019017696 0
2287.116490550339 32.0374543890357 147.6678459644318 476.2835363000631 5.311338350176811 5208.326402820647 19071.10619031638 6350.553181387484 891.6111281663179 12545.8889266029 99.52414215356112 454.0363954529166 13.13182447850704 8750.620005272329 71.05970524251461 123.7142542228103 52.43371076881886 22.12616955861449 30.26703809201717 346.6405945569277 424.2749590501189 86.02307961136103 384.8517134636641 2529.809324800968 5.922777526080608 121.4270240738988 368.2419534400105 16359.02269374579 2452.300196640193 6495.223597787321 1.4570582062006 33.84608748555183 143.9690080583096 1002.093291416764 217.0967975333333 2717.073746807873 61.07052735239267 1429.888886876404 551.0154049098492 453.5697833970189 8.4874047935009 7.022884614765644 29.92057815939188 4.717820540070534 4.149704113602638 11.24084452539682 73.13054670393467 1.197865307331085 19.20601047575474 655.6315123736858 105.0774584412575 271.9480112120509 69.90458261966705 10.44274989515543 43.22011351585388 2.365961015224457 100.8107473179698 5.006558410823345 19.3343249335885 2.574224591255188 3.101081766188145 0.9764509201049805 37.4319870993495 13.38232781738043 13.32919424027205 9.341685920953751 1008.564108893275 1.070668928325176 12.05071266740561 39.42777659744024 1798.234866216779 82.16846615076065 23.13299980759621 0.8537670075893402 3.583211801946163 4.28070180118084 60.944560803473 45.72804924845695 105.9490974918008 4.971954815089703 157.3793246895075 51.17594759911299 49.94143553078175 5.982384040951729 4.054425746202469 1.872800447046757
442.7658447250724 0.8712843433022499 232.0049865543842 76.54219399392605 30.54257423430681 4917.247228763998 6350.553181387484 15004.63563357294 49.18647047877312 2805.972225978971 168.7375994026661 767.5928175374866 20.60051338374615 7139.740760751069 425.0988963991404 5.421701423823833 208.2231929600239 30.38428952544928 89.45088577270508 334.9957604780793 225.3528819233179 2.135436795651913 510.4378247261047 236.4735917896032 1.103636495769024 143.8555328920484 92.55349286645651 1174.941157191992 801.1466835439205 2304.655803754926 1.994100071489811 70.37040337920189 8.822111345827579 638.3593088984489 46.53156034648418 1108.808668211102 63.93774712830782 1043.459952875972 960.6316015124321 1614.99956279248 7.525694154202938 14.80217767506838 31.32436246424913 0.8098807334899902 1.081738822162151 2.160037569701672 10.41939909011126 0 1.700467638671398 88.74534442275763 8.620621547102928 20.0570218488574 11.37225078046322 0.1113367602229118 7.558434017002583 0.3672634661197662 9.019220441579819 0.1028762683272362 4.613826520740986 0.1822241097688675 0.440901130437851 0.4457845240831375 5.263763450086117 2.05084054172039 2.243529178202152 3.339989140629768 88.23532263934612 0.2092362716794014 1.066984578967094 11.53283974528313 175.3999671041965 7.016528747975826 2.728179909288883 0.1009235605597496 0.5635913088917732 0.140822097659111 7.935052983462811 12.28207023441792 17.73779566586018 2.44961004704237 19.58082071691751 14.66647911071777 9.121502891182899 0.9985321164131165 1.204393520951271 0
1.490909248590469 433.6698967143893 1.091583006083965 959.4359927102923 19.44910828769207 51.91937944293022 891.6111281663179 49.18647047877312 1573.804456345737 166.6178581267595 16.39109161496162 236.9703880175948 61.98283897340298 23.3832318559289 839.9011017382145 34.1749577075243 0.7862615659832954 0.875108040869236 1.670268878340721 840.0870152413845 17.3182797729969 2503.417112864554 11.69854735583067 8899.218464434147 66.01200539618731 26.61542800813913 335.1827018931508 1498.17896655947 39.72639757394791 155.4136396721005 5.577579818665981 0.08989080786705017 3.49086494743824 29.56804756820202 9.640476122498512 152.209274969995 8.227251045405865 47.88208837807178 24.83221083134413 626.7613583281636 10.501459851861 0.7241111993789673 2.860582306981087 1.643886364996433 3.423336043953896 2.324572414159775 140.4897103980184 0 7.042359739542007 135.7045202925801 26.44025006890297 73.82082551717758 97.4087288826704 2.023839116096497 55.42894649505615 2.919545464217663 22.1281226798892 0.8761804401874542 157.9332564026117 0.34670589864254 0.9290549457073212 0.125521332025528 112.8103527575731 88.04391494393349 55.86872256547213 42.37282830476761 1139.45035713166 0.9669771939516068 5.486458167433739 12.21953453123569 707.3901841118932 20.76444578170776 12.2893939614296 0.2901312708854675 0.6494835168123245 0.395882710814476 10.81175395101309 1.505232661962509 18.14482641965151 1.691095851361752 32.14971673488617 7.71276381611824 19.84678024053574 1.518327564001083 0 0.8272845596075058
45.2542077973485 0.550060823559761 2.26006805151701 3080.184639431536 3.68579512834549 6986.402338966727 12545.8889266029 2805.972225978971 166.6178581267595 22360.92772082984 109.2082438096404 2316.199067726731 8.706271439790726 1572.147512212396 59.12019714713097 0.9481026455760002 3.876473933458328 29.29852018505335 17.20395950227976 5195.197429120541 2.658575139939785 0.7297371998429298 5.761344395577908 167.0137357935309 0.826234869658947 28.53124149143696 9.986209340393543 2807.503387242556 969.7620970234275 19.9502868950367 1.541189976036549 27.63097290694714 7.622935526072979 532.5253654494882 50.62672138214111 983.280401982367 45.62056049704552 834.463400170207 233.9402817115188 206.5401654839516 8.271542720496655 7.428802169859409 17.55565291643143 0.2120392695069313 0.4273562431335449 1.086612209677696 185.1090799346566 0.3066757321357727 6.853649623692036 131.2973885461688 26.98749107122421 71.18629889935255 188.874064989388 3.909241631627083 135.4348282292485 1.131870210170746 30.72465136647224 0.834590271115303 0 0 0.2708850204944611 0.593067467212677 154.2546803206205 0.4257363826036453 0.8572648465633392 0.4339107722043991 184.1991988047957 0.08287655562162399 4.527521170675755 0.5607112720608711 284.2453996092081 20.08876205980778 1.3473761677742 0.268413245677948 0.5413365662097931 0.1392692476511002 15.45827569067478 8.125759795308113 23.26406077295542 0.9190476089715958 37.53241826593876 13.12327238172293 57.70550458133221 1.909714505076408 6.00254088640213 0.1884803920984268
8.299845643341541 281.5892046689987 29.8078703507781 10.04535406827927 10.97334917634726 155.8365051820874 99.52414215356112 168.7375994026661 16.39109161496162 109.2082438096404 8891.066223748028 93.6750071272254 1596.132982507348 160.2795151174068 2.506305493414402 4.321186870336533 425.717492364347 3736.299942590296 1825.868770949543 79.20320710539818 50.15017612278461 49.99822727590799 124.4679426178336 36.3289290741086 557.9909445643425 2142.774174280465 274.8981911092997 47.40677132457495 357.6593138426542 70.59886377304792 92.52734681218863 117.1693989038467 2.9511439204216 5820.465776704252 13.64364954084158 462.8501536026597 2858.645107708871 4037.152278535068 423.3020227774978 43.86539479345083 30.23647531867027 1074.675492398441 18.2423382923007 0.1947750747203827 19.29206143319607 1.100971177220345 1.629438549280167 0 0.191788874566555 9.203203245997429 1.681250922381878 2.456208758056164 1.136556789278984 219.284688256681 1.615557268261909 1432.831057704985 2.515425950288773 0.2355405241250992 0.09867420047521591 0.2227649614214897 2.598659172654152 0.7303329706192017 0.4944719448685646 0.2154421731829643 1.320358201861382 0 13.15279300510883 227.9831210523844 214.2976003810763 230.6558543369174 32.78047650307417 5.265928782522678 1.160901367664337 144.3005704060197 1.745195597410202 0 26.62431284785271 3.803342416882515 20.38065961003304 367.7631081417203 44.55158226191998 6.711295336484909 2.46200417727232 1.726600460708141 118.8819824829698 0
1.897425472736359 1.477118618786335 1.021595142781734 1565.639621645212 31.61460750550032 2067.020596139133 454.0363954529166 767.5928175374866 236.9703880175948 2316.199067726731 93.6750071272254 6938.269249089062 9.94737583398819 338.7682633846998 1285.388966999948 0.22268246114254 1.217659287154675 18.56085958331823 10.31670235097408 3827.915500320494 0.1456142067909241 6.977433621883392 0.7033263742923737 173.9943448677659 0.823548711836338 20.62233496457338 3.848961308598518 621.1365338638425 311.6174560412765 3.307523518800735 0.997133232653141 24.74452487379313 0.9234495013952255 276.8365272805095 10.3879023194313 475.5718741118908 21.06981524080038 437.1137206703424 106.4737466722727 1474.795222312212 5.700952380895615 5.629191309213638 13.73886251449585 0 0.1811792403459549 0 81.9481638520956 0 1.812273077666759 19.75175452232361 4.366337209939957 58.93572188168764 94.93354936689138 0.1107092872262001 160.7889788746834 0.3266707137227058 6.602728769183159 0 0.1086212992668152 0 0.1233635395765305 0.1131108403205872 93.01286996901035 0.1220329701900482 0.3153814375400543 0 52.60698948055506 0.2110268026590347 0.09438930451869965 0.6717525720596313 66.67474777251482 2.246996223926544 0.1396330595016479 0.1919101029634476 0.7684426307678223 0 0.99713534116745 0.4365449622273445 9.059692144393921 0.6275303065776825 2.122677803039551 4.089314855635166 74.89607525616884 0.1409738659858704 0.1080467700958252 0
0.1900064125657082 2283.451786063612 2.181125126779079 1.647746913135052 1.915501952171326 20.7508309930563 13.13182447850704 20.60051338374615 61.98283897340298 8.706271439790726 1596.132982507348 9.94737583398819 2787.155735455453 15.10977733880281 0.9547354280948639 10.72776041179895 3.791107870638371 5.730353757739067 19.98875347524881 6.533291965723038 3.273888543248177 379.1858958601952 4.960675373673439 175.5250492841005 4639.235216684639 375.6656744480133 3752.47667658329 22.07064070552588 30.81283275038004 2.531350702047348 630.7508189231157 9.588475823402405 0.1207889541983604 465.8193815946579 7.641684010624886 80.05127774178982 1687.843767359853 1573.751533210278 129.1612745150924 9.446024820208549 4.67862144112587 1112.657393589616 20.47873914241791 0 67.20639534294605 1.546440094709396 0 0.1321765184402466 1.287017539143562 1.736943818628788 1.933054715394974 2.153562918305397 0.5876293852925301 428.7915186658502 0.6710598692297935 2696.342608638108 1.403031766414642 0 0.4839741364121437 0.6917191967368126 9.580224335193634 1.841358840465546 1.114611312747002 0.247605487704277 6.528362520039082 0.135503962635994 5.184198118746281 567.6764279007912 471.2899586185813 478.1255935132504 3.607403308153152 6.255828753113747 0.08722688257694244 254.8038936853409 1.678530402481556 0 56.0157203823328 1.451705917716026 12.05485600233078 667.6480919495225 79.24855142831802 9.234974898397923 0.1996395140886307 4.82805509865284 166.4233732745051 0
5874.507689759135 2.175872124731541 235.01464561373 117.5738712623715 8.886540584266186 697.2370456904173 8750.620005272329 7139.740760751069 23.3832318559289 1572.147512212396 160.2795151174068 338.7682633846998 15.10977733880281 12267.02030615509 60.52531147748232 3.18874929100275 353.950306288898 35.3747426122427 147.0166828110814 441.0010642781854 241.6734505593777 2.228702530264854 672.368336610496 147.7297334074974 1.145309798419476 144.9094214886427 87.78552869707346 930.1795808151364 5642.337030723691 4460.824148200452 1.691437944769859 167.1157851591706 41.4897296205163 790.3976466655731 37.24652569741011 686.9064697995782 45.07612928003073 698.6248354688287 361.1504745706916 182.2716906517744 2.211630888283253 8.713510610163212 6.727244757115841 0.3501512184739113 0.421212263405323 1.205059662461281 8.054728224873543 0 1.112921997904778 36.40289419144392 5.465079978108406 12.67654987424612 4.720003418624401 0.4703030362725258 2.752506755292416 0.3291672170162201 4.960879795253277 0 3.338357955217361 0.2448631525039673 0 0 2.296200759708881 1.993120349943638 1.867850810289383 1.035485215485096 50.24153803288937 0 0.5355143621563911 10.37219667434692 107.8184945657849 5.630297183990479 2.288813382387161 0.2130519449710846 0 0 3.684971980750561 7.764847293496132 12.30349036306143 1.883001215755939 10.44819631427526 7.004217766225338 2.99594683945179 0.5848295241594315 0.1535388678312302 0
0 3.865075796842575 0.2239169180393219 150.6780871897936 873.987738288939 2432.841248892248 71.05970524251461 425.0988963991404 839.9011017382145 59.12019714713097 2.506305493414402 1285.388966999948 0.9547354280948639 60.52531147748232 382.3842259794474 0 0 0.1742276400327682 0.2550059482455254 557.133290335536 0 30.07004754245281 0.7407601475715637 664.8640445917845 0.2618302702903748 1.173141859471798 3.021642133593559 103.2029667198658 132.8557189628482 0.6361231282353401 0.1313215047121048 282.2453106641769 0 14.55977291613817 2.065721422433853 269.7848213687539 6.480589240789413 20.20741852372885 17.76122502237558 1608.490113191307 62.99200448393822 18.06152330338955 1.649517551064491 0 0 0 45.71579991281033 0 0.7077666521072388 11.04256345331669 2.998282909393311 27.45613478124142 54.40743605792522 0.3636761009693146 43.08246554434299 0 3.968102112412453 0.9622651338577271 0 0 0 0 56.57510955631733 0.5059361159801483 0.280013382434845 0.4547665119171143 19.85365154594183 0 0 0.8068849444389343 40.13711837679148 1.008235111832619 0 0 0 0 0.7304387092590332 5.837664276361465 5.6615329682827 0 1.559142082929611 0 88.74786189198494 0 6.695461750030518 0
0 205.3801243752241 7.759225368499756 0.9910320043563843 0 2.838202714920044 123.7142542228103 5.421701423823833 34.1749577075243 0.9481026455760002 4.321186870336533 0.22268246114254 10.72776041179895 3.18874929100275 0 2270.406100086868 6.867529787123203 1.522809840738773 8.336495272815228 0.6539227962493896 4208.242372795939 2615.629908666015 2825.260585874319 2705.359764672816 17.75012662261724 19.00706169009209 3130.987265683711 3882.782310508192 8.391615770757198 47.91230291128159 1.130511172115803 0 4.306717827916145 233.5110409706831 97.48261150717735 1695.176302529871 519.2584560364485 494.5461587682366 555.4619438648224 88.49775157123804 0.9194516986608505 0.7040020823478699 10.84177880734205 0.4514173045754433 4.997281864285469 75.6683934032917 1.192930281162262 0 2.690255679190159 19.33360663056374 5.927668169140816 60.38959879428148 0.844634972512722 0 0 0.7547172233462334 6.926122732460499 0 2297.224021971226 3.708437077701092 0 1.498798705637455 0.8104245960712433 554.0185112655163 881.4341371431947 2281.227757923305 202.5534278079867 0.08677557110786438 10.54237991571426 726.0026018247008 292.7398617342114 3.366359807550907 42.56323998421431 0.3565690219402313 0 0.59541155397892 6.060031779110432 45.45673490315676 43.0091864168644 4.683784626424313 10.63606171309948 12.05693033337593 0.9844551086425781 0 0 0.1203878819942474
96.83235058933496 8.817842096090317 5342.669830828905 0.4879142045974731 0.09322401136159897 8.012846529483795 52.43371076881886 208.2231929600239 0.7862615659832954 3.876473933458328 425.717492364347 1.217659287154675 3.791107870638371 353.950306288898 0 6.867529787123203 1021.565199375153 181.8648908883333 5608.57248916477 1.070765040814877 1115.986086018384 38.9284500181675 5814.706682182848 9.021805845201015 0.6750804781913757 3333.791119933128 6191.271375454962 25.91555589437485 243.3947746828198 921.8997947797179 3.77161517739296 0.6586889773607254 13.3186179548502 3625.025980010629 34.23669502139091 778.7778678610921 307.4739974364638 1579.866444677114 305.5337708815932 13.3306792601943 1.646344393491745 2.002304956316948 3.279749497771263 0 13.3628443479538 36.27606761455536 0 0 0 1.732776910066605 0.6673121452331543 0.6321961358189583 0.1254786550998688 0.2179249227046967 0.1031415984034538 0.7259529903531075 0.3990092426538467 0 1.790987893939018 12.20268502086401 0 2.949292749166489 0 0.7985425218939781 15.09468813985586 1.619788356125355 2.845448814332485 0.864136166870594 36.03685966134071 264.0332504585385 5.565119408071041 0.07931717485189438 0.5115452632308006 0.417979896068573 0 0 0.5336892530322075 19.78210057318211 10.00123696774244 5.606776989996433 5.223117746412754 2.264749199151993 0 0 0.5077363848686218 0
3.015441991388798 3.763761669397354 13.38447540253401 1.409431032836437 0.6240926012396812 28.33397655934095 22.12616955861449 30.38428952544928 0.875108040869236 29.29852018505335 3736.299942590296 18.56085958331823 5.730353757739067 35.3747426122427 0.1742276400327682 1.522809840738773 181.8648908883333 352.545408166945 1230.789238087833 18.54754809290171 29.81691723316908 0.547936849296093 71.11771737784147 4.81284137815237 15.40867005288601 1508.200238786638 89.38396544009447 11.43169625848532 58.32358764857054 33.20708595216274 4.572293780744076 13.6425007134676 1.553887769579887 1630.156111910939 14.09238240867853 731.5857281461358 874.7096012309194 1686.161896429956 291.189028672874 9.516321144998074 0.144476130604744 10.254574470222 1.594839587807655 0 4.488009229302406 0.3380522578954697 0.3046073243021965 0 0.1034777611494064 1.695887878537178 0.1131056398153305 0.3512367755174637 0.0824156180024147 4.94762709736824 0.7957472205162048 55.65351605415344 0 0 0.1279316246509552 0 4.493041537702084 0.6839799806475639 0.1354140043258667 0 0.5351789817214012 0.1327068507671356 1.528415605425835 10.71155893802643 167.7380959391594 154.3295189514756 4.720644988119602 0 0 21.65806864202023 0 0 0.7371544614434242 5.640703186392784 17.59313087165356 3.235823899507523 1.414101347327232 1.036885119974613 0 0 0 0
30.76961898058653 17.5701882392168 676.2924940660596 1.720218688249588 0.2434321269392967 18.54946289211512 30.26703809201717 89.45088577270508 1.670268878340721 17.20395950227976 1825.868770949543 10.31670235097408 19.98875347524881 147.0166828110814 0.2550059482455254 8.336495272815228 5608.57248916477 1230.789238087833 3076.239037401974 12.60351652652025 230.955510571599 11.1921698525548 1111.542557090521 14.10134986042976 8.05477824062109 4666.270405769348 2945.061316728592 28.89097142219543 137.3665684387088 274.2850568592548 6.5803162753582 4.587889529764652 6.843596316874027 4447.203476309776 16.75269365310669 1251.306504629552 797.9148427397013 2528.844683662057 401.6731189712882 12.60627436637878 0 3.140424191951752 3.663344115018845 0 22.31442878395319 5.452126279473305 0.1495505124330521 0 0 3.112036295235157 0 0.2604786530137062 0.4515960067510605 0.842632457613945 0 14.94189933687449 0.09902863949537277 0 1.385549068450928 3.510583117604256 2.779706709086895 3.988759815692902 0.3665969371795654 0.8603485301136971 1.272512286901474 0.5558627545833588 3.36662770062685 8.040362656116486 366.9943704307079 382.9121648967266 5.937440946698189 0.1360935568809509 0.1217513307929039 8.089165262877941 0 0 0.9919256791472435 9.477925434708595 16.08679080754519 7.924744002521038 6.337563097476959 1.726001918315887 0.3950569555163383 0.3082974851131439 0.2873229384422302 0
7.219545528292656 0.2940546348690987 1.187525793910027 1590.676765240729 9.345074094831944 630.3772773593664 346.6405945569277 334.9957604780793 840.0870152413845 5195.197429120541 79.20320710539818 3827.915500320494 6.533291965723038 441.0010642781854 557.133290335536 0.6539227962493896 1.070765040814877 18.54754809290171 12.60351652652025 670.7132316306233 1.741437442600727 1.262462794780731 2.904449053108692 312.5845391750336 0.2890743613243103 21.97862003743649 6.005020901560783 2004.4551519081 483.8776279091835 5.239719919860363 0.6737233847379684 20.1327323243022 2.797223627567291 333.2882419973612 15.50692613422871 644.9796732366085 32.93250515311956 539.9211495220661 139.8091931566596 1240.776322960854 2.992592543363571 18.99733656644821 10.18267542868853 0.5367317944765091 0.762733094394207 0.6564509719610214 253.0681711062789 0.6091147661209106 9.492400847375393 155.5218334421515 36.72319447994232 159.5073643103242 322.1261265277863 2.67228240519762 188.1066173017025 0.2805853188037872 26.30086172372103 1.405176430940628 0.3652334585785866 0 0.8108108192682266 0 308.2905277609825 0 2.993477135896683 0 258.9955089017749 0 1.534751996397972 2.155142664909363 351.6863325536251 17.11305119097233 1.624165080487728 0.396152451634407 0.8270617723464966 0.1134213656187057 16.00832138210535 2.405137628316879 35.7277015671134 2.228593245148659 37.76984406262636 8.978261440992355 126.5774244889617 0.3042766153812408 1.485565401613712 0
51.95156945288181 18.93724588304758 1363.220979876816 5.79474676400423 1.679575607180595 24.17995948344469 424.2749590501189 225.3528819233179 17.3182797729969 2.658575139939785 50.15017612278461 0.1456142067909241 3.273888543248177 241.6734505593777 0 4208.242372795939 1115.986086018384 29.81691723316908 230.955510571599 1.741437442600727 14544.4514432773 79.65345260500908 16460.80334416777 228.1175383999944 2.442067921161652 419.8803748190403 1764.221231050789 2485.280944377184 391.5080311372876 12572.00055426359 0.5550718307495117 0.8010679706931114 98.36295244842768 3284.324584454298 388.0794635489583 5870.455366909504 1224.959403671324 2971.937306717038 2295.975761249661 293.6045691147447 2.696689814329147 3.405177921056747 35.79735442250967 0 2.390197239816189 6.296575598418713 0.1587089151144028 0 0.1122892871499062 7.867252245545387 0.3701599538326263 79.59009674191475 1.457869559526443 0 0.1726713925600052 0 0.4730440452694893 0 728.2260107323527 2.509733475744724 0 0.9951299279928207 0.516613781452179 628.1696887537837 129.4517344087362 463.8602833151817 221.2814496532083 0.1084991693496704 10.51798976957798 46.67863833904266 392.4338188022375 3.449051603674889 48.33570844680071 0 0 1.146410495042801 6.888513781130314 197.9678943604231 64.93181978911161 1.89586453139782 4.087101958692074 7.668146669864655 1.853654399514198 0.1603054702281952 0.3180167376995087 0
0.2388875037431717 2670.429205946624 78.81595876812935 1.344610601663589 1.290676385164261 0.9964733943343163 86.02307961136103 2.135436795651913 2503.417112864554 0.7297371998429298 49.99822727590799 6.977433621883392 379.1858958601952 2.228702530264854 30.07004754245281 2615.629908666015 38.9284500181675 0.547936849296093 11.1921698525548 1.262462794780731 79.65345260500908 611.7561243101954 247.6653350368142 5855.91153114289 348.0887508541346 128.7213077917695 5425.287024028599 397.9160375669599 5.81172301620245 16.3265875056386 31.38346079736948 0 2.85564336180687 50.62218115478754 2.694807313382626 105.3973059728742 123.8451994657516 96.56844002008438 16.43155574798584 102.4602079614997 0 5.459030643105507 0.4525402039289474 0.1184272319078445 19.27829010039568 109.6615333706141 0.2291953414678574 0 0.2428956776857376 14.79911039024591 3.620846793055534 10.73666141927242 1.068189188838005 0.8507016226649284 2.207045659422874 8.379010230302811 3.574585348367691 0.302309513092041 988.8554195910692 11.42860381305218 0 3.085466288030148 0.5022266209125519 116.4692250788212 118.992014400661 561.8216407969594 79.90355451405048 2.844043269753456 44.7358642667532 2487.504067257047 87.33085440099239 2.66033548116684 7.099491149187088 1.246587544679642 0.1014763787388802 0 3.265230022370815 1.925984025001526 17.21325835585594 6.741059876978397 9.752423085272312 6.872171826660633 0.3143385872244835 0 0 0.2059040516614914
181.4390885606408 12.7467597797513 8918.349732413888 3.587197653949261 0.3584629893302917 23.62178986519575 384.8517134636641 510.4378247261047 11.69854735583067 5.761344395577908 124.4679426178336 0.7033263742923737 4.960675373673439 672.368336610496 0.7407601475715637 2825.260585874319 5814.706682182848 71.11771737784147 1111.542557090521 2.904449053108692 16460.80334416777 247.6653350368142 10705.39633112401 316.6814504116774 6.5754319652915 1940.974108338356 9395.37674510479 1595.251153931022 393.272924117744 5679.888908602297 3.455696195363998 2.756015807390213 27.14215082675219 4736.618085972965 546.7873274534941 10400.46683322638 4195.416716232896 6424.070514596999 5224.897961169481 548.7081624567509 16.85644432902336 9.570609733462334 64.96452336013317 0.8280140608549118 6.083452604711056 118.9703303426504 0.2365059703588486 0 2.235530987381935 19.96297830343246 5.569510288536549 20.09639312326908 0.5769241452217102 0 1.20737612247467 0.1085135787725449 6.719011388719082 0 1500.671424008906 8.324850231409073 0.2936888039112091 1.690819256007671 0 264.5846048295498 408.4466064050794 1656.048648804426 81.29027067869902 0.4162813574075699 18.01766679435968 918.8154640570283 125.0970859006047 1.937107555568218 17.8229861035943 0 0 0.1098473891615868 3.872939191758633 431.3413426429033 107.620701558888 7.505772441625595 12.10644503682852 22.39270197600126 0 1.011781096458435 2.167836174368858 0.1942078322172165
11.22608904540539 1403.745373405516 14.02874705195427 1130.878413498402 8.876702189445496 103.0759968683124 2529.809324800968 236.4735917896032 8899.218464434147 167.0137357935309 36.3289290741086 173.9943448677659 175.5250492841005 147.7297334074974 664.8640445917845 2705.359764672816 9.021805845201015 4.81284137815237 14.10134986042976 312.5845391750336 228.1175383999944 5855.91153114289 316.6814504116774 13288.81948977709 161.320111759007 83.00249157845974 2580.860066279769 11527.30874280632 339.1864737644792 198.2277754992247 15.33422363549471 3.162886895239353 59.01887004822493 341.3295159861445 123.6938327923417 1579.314564570785 44.07311937212944 495.4718884453177 212.3952839896083 836.3653764501214 3.413147673010826 10.82916143536568 13.14635722339153 4.274525813758373 17.78966999053955 12.30020824074745 154.4701976627111 0 20.53899051249027 541.8805113583803 106.3555732369423 813.7482358813286 166.2090186849236 10.95279793441296 89.63718514144421 6.489312171936035 89.89165589213371 4.625008419156075 306.7715113833547 3.632199555635452 2.704142384231091 1.576617553830147 134.4990551695228 231.8066018670797 158.8319331407547 91.590246938169 1765.705699436367 4.28332806378603 33.4850552007556 103.5742253065109 2134.921074405313 80.52787825465202 30.76921846717596 0.9423683732748032 1.583060830831528 2.733147233724594 49.96596701443195 29.91860615462065 84.86940605938435 4.73108696937561 154.9244062155485 43.42152325809002 50.38224320858717 7.914702385663986 1.828206539154053 0.7181795164942741
0 1725.423942156136 1.407637722790241 0.1326878666877747 0.1073984354734421 0.8413518592715263 5.922777526080608 1.103636495769024 66.01200539618731 0.826234869658947 557.9909445643425 0.823548711836338 4639.235216684639 1.145309798419476 0.2618302702903748 17.75012662261724 0.6750804781913757 15.40867005288601 8.05477824062109 0.2890743613243103 2.442067921161652 348.0887508541346 6.5754319652915 161.320111759007 247.2434202879667 722.3563168346882 876.5737720951438 18.08396688103676 3.246086478233337 0.5043154135346413 323.5605337619781 0.414338156580925 0.6003217399120331 62.240537725389 0 17.2592212036252 145.1544432342052 369.7613406032324 32.90792132169008 2.029835760593414 0.4053882658481598 305.1684264093637 17.96287989616394 0 31.647111736238 0.1294942051172256 0 0.2019455134868622 0.2705307453870773 0.4256653860211372 0.2418606802821159 0.9902914687991142 0.4689494371414185 113.4902200549841 0.4438212588429451 597.3785884305835 0.4608035311102867 0 0 0.1211929693818092 2.216540396213531 0.1138648614287376 0 0 4.088955238461494 0.09133266657590866 2.283414512872696 119.7971472665668 97.2861515507102 104.8214789703488 2.089353628456593 1.372615821659565 0 48.07678526639938 0.5083486884832382 0 23.53896594047546 0.1599027216434479 1.962569274008274 38.60607012361288 34.73619206994772 0.7138036713004112 0 0.1774174869060516 29.18583729863167 0
21.9311350658536 745.0712511092424 10424.98065554351 3.678021341562271 1.570296749472618 35.22793415188789 121.4270240738988 143.8555328920484 26.61542800813913 28.53124149143696 2142.774174280465 20.62233496457338 375.6656744480133 144.9094214886427 1.173141859471798 19.00706169009209 3333.791119933128 1508.200238786638 4666.270405769348 21.97862003743649 419.8803748190403 128.7213077917695 1940.974108338356 83.00249157845974 722.3563168346882 28340.26153220236 11538.50104533136 71.12005475908518 118.5596216470003 337.5459541752934 610.1705583482981 12.63247949630022 4.63395906239748 1895.942086823285 83.28690424561501 4410.428284727037 6676.428803056479 4587.944916158915 919.5756845250726 61.60435359179974 2.102829217910767 86.56222013384104 9.934179328382015 0.2285923212766647 532.5993552803993 85.45268117636442 0.3431846499443054 0 0.07421694695949554 5.635096997022629 2.37261525541544 8.389186583459377 1.584486305713654 77.17605978250504 0.2076198309659958 1162.207075685263 2.059725522994995 0 9.953157030045986 130.234834946692 54.04992615431547 126.438468657434 0.2007121443748474 1.541282892227173 27.44285536557436 11.92608697712421 18.79614764451981 359.7978405803442 5441.485918872058 6996.06845882535 23.81481859087944 1.605956844985485 2.278339609503746 396.6227726861835 0.2096256464719772 0 21.43039172887802 42.9156209602952 116.4715788662434 181.3234288915992 78.0335164219141 37.37584318965673 1.584549903869629 0.5877743363380432 2.703680284321308 0.5953308790922165
16.04449342191219 7709.632543116808 5553.624544233084 3.837725795805454 0 15.57743737846613 368.2419534400105 92.55349286645651 335.1827018931508 9.986209340393543 274.8981911092997 3.848961308598518 3752.47667658329 87.78552869707346 3.021642133593559 3130.987265683711 6191.271375454962 89.38396544009447 2945.061316728592 6.005020901560783 1764.221231050789 5425.287024028599 9395.37674510479 2580.860066279769 876.5737720951438 11538.50104533136 32167.67305415869 1432.185869134963 68.78946234285831 381.9059430137277 796.341249704361 1.055595122277737 13.5331099703908 3167.044341139495 336.082502014935 8800.926924526691 3704.822409264743 5688.141043134034 1918.472053453326 256.514156460762 11.63427209854126 27.81453953683376 42.2520307302475 3.309396997094154 2960.031084351242 1314.126311168075 0.8599120602011681 0 5.056941598653793 53.92510041594505 19.59235537052155 34.97071001678705 2.50534700602293 49.82067684829235 0.8604900985956192 546.110531874001 22.26162902265787 0 778.4055327028036 420.8432328552008 25.12951393425465 228.8482629284263 0.1260242611169815 103.0129931047559 1206.24436314404 839.3774433508515 120.9100568816066 402.1507027223706 5198.769180819392 18990.91297683865 188.8946953117847 7.287511594593525 33.91453862935305 193.1122652664781 0.09749562293291092 0.4655212983489037 55.18157174438238 231.263862863183 310.6046046540141 306.7455383092165 202.0090971887112 117.4275780618191 8.957533545792103 0.110993854701519 3.562814958393574 0.8177190721035004
75.98963263630867 154.0632727667689 70.26670550554991 3874.872868612409 2.174578867852688 1447.353480599821 16359.02269374579 1174.941157191992 1498.17896655947 2807.503387242556 47.40677132457495 621.1365338638425 22.07064070552588 930.1795808151364 103.2029667198658 3882.782310508192 25.91555589437485 11.43169625848532 28.89097142219543 2004.4551519081 2485.280944377184 397.9160375669599 1595.251153931022 11527.30874280632 18.08396688103676 71.12005475908518 1432.185869134963 19455.59309631586 831.1218049004674 8094.190147824585 1.917081490159035 10.72678700089455 116.1422610059381 925.2385258600116 237.1049352139235 2927.091676451266 109.5214205011725 1063.288330331445 528.3097491189837 449.9674876779318 8.814264178276062 6.392905689775944 30.35093376785517 3.387631587684155 4.567618250846863 12.13197534531355 213.586018525064 0.6341452747583389 17.67991498857737 492.0358434692025 84.19672959297895 554.0516487881541 214.0705031305552 7.769181802868843 96.93976618349552 2.637521244585514 84.93220610171556 3.338622331619263 501.1459323912859 1.488180689513683 2.189627103507519 0.6055033132433891 173.0751042217016 462.6617199778557 61.87861551344395 117.0191426128149 1707.493836097419 0.9627370834350586 13.07695390284061 49.14800435304642 2392.324307002127 71.98078256100416 60.42804778367281 0.4973379522562027 3.122735701501369 3.518108122050762 52.72238005697727 53.18187765032053 101.8650197461247 3.414885118603706 143.786736600101 38.32311491668224 80.78375970572233 4.408093504607677 7.615446209907532 0.7870732173323631
