1468.023037433624 0 34.85121537744999 1.702458292245865 1.343846030533314 13.09103417396545 1835.952516585588 545.6568128913641 0.1051963493227959 37.51364900171757 15.70954340696335 7.909659504890442 1.622486084699631 7316.286390811205 0 0 194.8784640058875 17.33013368397951 53.52092183381319 4.698774218559265 6.123122148215771 0 38.98915546387434 0.2913872897624969 0.2590655833482742 84.62135437875986 31.1078577414155 3.630726851522923 3903.192091599107 3502.803379237652 0.618939645588398 8.005903601646423 39.55589636415243 166.9817424044013 0.3279075026512146 3.381101101636887 2.11949959397316 134.7009444087744 5.902407191693783 0.4010894745588303 2.109464928507805 0.1199997961521149 0 0 0 0 0 0 0 0 0 0 0 0 0 0 0 0 0 0 0 0 0 0 0 0 0 0 0 0 0 0 0 0 0 0 0 0 0.4524674415588379 0 0 0 0 0 0 0
0 158.4457669705153 11.67167143523693 0.3904866278171539 0.1535143405199051 0.4414492100477219 1.293604001402855 0.2749682068824768 520.7009449079633 0 26.70634225010872 5.603597573935986 700.652346894145 0.2114045768976212 14.33920015394688 342.3547390922904 3.962803110480309 2.371161729097366 2.321406356990337 0.2476362138986588 22.74172659963369 2886.418253414333 39.95721238851547 481.9041126891971 1656.160086266696 166.3237450197339 9746.365323312581 25.26261081546545 0.1685806065797806 0.4375649392604828 16.67119581997395 0.09513460099697113 0.123692624270916 34.96557994186878 1.719651192426682 14.12926571071148 10.0055540278554 12.4244234636426 6.17533827573061 8.782430447638035 0 162.5933222472668 0 0.6958853453397751 13.99046544730663 126.7567558586597 0 0 0 1.498531937599182 0.1066469624638557 0.3810661286115646 0.6385501623153687 1.811637729406357 0 3.872013986110687 0.5034583956003189 0 0.6102797761559486 47.78614000976086 0.9267288595438004 20.44296288490295 0 1.159388288855553 8.750203758478165 12.37775592505932 3.715861074626446 6.003244817256927 463.3399926051497 1077.486177489161 3.41261825710535 0 1.277679704129696 0.4925383329391479 0 0 30.88385284692049 1.785180613398552 109.6170561164618 37.71302938461304 80.55611776560545 39.70888449251652 1.582788378000259 0 1.845201343297958 0
34.85121537744999 11.67167143523693 4305.478998936713 19.74786490947008 0.3051748350262642 141.0565243586898 1373.222698956728 804.9467620290816 3.528257995843887 98.28621151298285 11.88230065256357 4.492464274168015 2.442208841443062 529.2715389579535 0 9.000658579170704 8426.11770029366 49.86217008531094 487.0037237107754 4.222434334456921 1533.733502596617 23.99147371202707 8470.888320013881 182.1682357117534 0.4863794147968292 4304.85027974844 5951.410989306867 927.9898867830634 91.41835050657392 671.0150552392006 1.444898061454296 3.602809011936188 4.427241489291191 990.4606364369392 73.2869031354785 1625.238389208913 339.2604694962502 2632.140290953219 1388.200894683599 21.014633461833 5.735022768378258 4.738228037953377 3.48645293712616 0 14.44628750532866 55.27727024257183 0 0 0.2902034819126129 3.416751891374588 0 0.3948922827839851 0.8106051683425903 0.131264716386795 0 0 0.1104018837213516 0 18.11052855104208 9.643622055649757 0 1.159263804554939 0.1134374588727951 4.412775993347168 10.17473301291466 153.0892584174871 6.662825793027878 2.332435190677643 15.6796493306756 1000.528847806156 7.828010380268097 0 0.1354315876960754 0 0 0 5.973147414624691 21.6923121958971 33.99003277719021 10.84220680594444 20.49375553429127 12.46286816895008 0.2311583906412125 0 0 0
1.702458292245865 0.3904866278171539 19.74786490947008 2162.381720460951 0.8028968125581741 178.5982661396265 475.3201356828213 11.36268252134323 1413.934300363064 3496.853517889977 2.319342456758022 4565.421547025442 0 13.36141327023506 47.96703949570656 0.526776909828186 2.227242335677147 1.096114724874496 3.40963988006115 6769.646519459784 2.954273074865341 1.048645675182343 7.636711500585079 1542.267452672124 0 5.069086365401745 17.11097604036331 3443.27439904213 111.0137825384736 14.93138985335827 0.2198438197374344 0.781352274119854 27.94890411198139 90.53907106816769 15.06255528330803 366.7548631429672 9.837632894515991 201.8706846386194 181.8488889858127 82.10799835622311 13.54647403210402 0 2.699801385402679 0.2305067107081413 2.080781988799572 0 261.0039496347308 0.3421210199594498 19.24238615483046 37.91552542150021 3.686127513647079 156.3048458248377 137.9992584735155 0 77.75048333406448 0.09400903433561325 2.781326085329056 101.280295997858 0.6983062326908112 0 0 0 97.64956671744585 0 5.777831003069878 0.4217004925012589 670.6415531262755 1.430174693465233 0.2361905202269554 0.3924340978264809 307.4561433121562 1.000394828617573 0.5118514224886894 0 0.1049310937523842 0.1245346739888191 0.8202095255255699 0.5376162081956863 65.77194058895111 0.244031049311161 4.967026948928833 1.177788153290749 206.2761802822351 0 0 0
1.343846030533314 0.1535143405199051 0.3051748350262642 0.8028968125581741 0 776.46064607054 5.945147395133972 67.12229012697935 14.90049088001251 12.28501380980015 79.4087475463748 67.26271002739668 2.375605881214142 231.7996980622411 575.5392176434398 0 3.568330638110638 6.637452378869057 17.57485800981522 6.662278957664967 0.09274342656135559 1.404905617237091 1.241194598376751 0.7532876506447792 0.4486941397190094 10.27913480252028 9.390856400132179 0.7412737831473351 258.4231027364731 1.736450992524624 0.4414249584078789 130.4682549238205 0.162940040230751 855.8628160506487 0.1817757785320282 39.64352758228779 3.886429861187935 145.8075038641691 51.35258992761374 743.990792863071 176.6148579567671 11.25193013250828 0.1513486951589584 0 0.1605040431022644 0 0 0 0 0 0 0 0 0 0 0 0 0 0 0 0 0 0 0 0 0 0.08509150147438049 0 0 0.1337911188602448 0.1257088482379913 0 0 0 0 0 0.3216634392738342 0 0 0.5209904909133911 0 0 0 0 0 0
13.09103417396545 0.4414492100477219 141.0565243586898 178.5982661396265 776.46064607054 11873.72731181234 4616.369686670601 4525.354944564402 271.2088614478707 8014.485898364335 175.3053826913238 4260.683813475072 17.84093546122313 1095.834261201322 227.499785207212 0.2895986139774323 45.09397810697556 46.13261430710554 75.37768100202084 221.336339905858 14.37646938115358 3.733605220913887 103.9707911536098 208.5476311817765 1.890456028282642 104.8966578096151 92.54509124159813 732.8336520120502 844.5055776312947 96.03240049630404 4.650538399815559 484.8638092130423 42.10688531398773 989.3243055939674 8.591607317328453 610.8332904577255 139.1149726882577 697.0350640788674 330.2910932824016 711.0996676981449 427.7675621286035 21.77552051097155 8.489864639937878 0 0.19930250197649 0 4.299149394035339 0 0.9565657526254654 8.316140964627266 0 8.882853284478188 2.862059995532036 0 2.770118042826653 0 0.3109315931797028 0.1603364497423172 0 0 0.3148349672555923 0 2.393121138215065 0 0.3568743765354156 0 54.50236316025257 0.2419674694538116 0.3610824644565582 0.7490722984075546 31.588054433465 0.2240402400493622 0.4672876000404358 0.09141755849123001 0 0 1.924460828304291 2.487613365054131 8.120255306363106 0.3518738150596619 3.035197123885155 1.580893576145172 2.977564051747322 0 0.3729845136404037 0
1835.952516585588 1.293604001402855 1373.222698956728 475.3201356828213 5.945147395133972 4616.369686670601 14222.69187376648 3981.009801901877 236.2740495502949 10499.83134806901 31.5705389380455 43.29265252500772 3.108192726969719 8699.972387008369 1.27192810177803 1.397485569119453 259.8669460192323 15.80272356420755 63.65014193952084 58.70231212675571 316.3339383602142 6.33832223713398 1059.740812323987 730.814951300621 0.3120777308940887 221.9738515019417 291.9558158740401 12168.01319829375 1630.711510948837 7134.76776278764 1.123759537935257 13.82195546478033 263.9827923253179 583.8302941098809 65.97014176845551 1316.987564459443 34.27143789082766 1000.991006746888 690.1884500309825 108.1404956653714 39.01457758247852 0.9213813915848732 17.61239925026894 1.850653886795044 1.702074304223061 0.24176374822855 48.10161370784044 0 8.98831732571125 58.66339119523764 3.930657051503658 114.3972058594227 60.36958456039429 0 10.75875015556812 0.2700702995061874 4.260587722063065 7.773957520723343 0.9353055059909821 0.2835121676325798 0 0.1462329477071762 43.62703338265419 0.8313519954681396 7.328528821468353 0 589.1646807268262 1.404101513326168 0.7521258145570755 3.757946074008942 338.3503734394908 5.329904742538929 3.087758712470531 0 0 0 1.957859046757221 7.65827402472496 29.38086994737387 0.4325229972600937 6.37711713463068 4.846514381468296 16.83241824805737 0 0 0
545.6568128913641 0.2749682068824768 804.9467620290816 11.36268252134323 67.12229012697935 4525.354944564402 3981.009801901877 10564.56518080831 9.131763093173504 3249.490633480251 137.0300551503897 675.947378218174 11.51468811929226 5598.109366714954 48.02740605920553 0 774.6334685981274 51.30723319202662 158.9029858112335 113.1163997650146 59.60108535736799 0.249854564666748 615.2436655759811 12.18451938778162 0.9397870376706123 441.3042272999883 131.9217008501291 54.94139020144939 688.4915212951601 1889.582191281021 1.136092863976955 300.8581276983023 65.36299835518003 534.552173294127 4.173469193279743 329.8662161827087 25.4561473056674 308.6112647503614 137.7842203006148 355.7284422367811 91.88679637759924 16.91320180892944 3.456934086978436 0 0.2478688508272171 0 0.6763495355844498 0 0 1.535149574279785 0.2358933091163635 0.1606061160564423 0.1678198128938675 0.0857304111123085 0.6939952671527863 0 0 0 0 0 0.2841460406780243 0 0.1189104020595551 0 0 0 9.081572145223618 0 0 0.7647091150283813 3.77042593061924 0 0.1367078870534897 0 0 0 0.9230018705129623 2.78058959543705 0.926827035844326 0.1261714547872543 0.1087374985218048 0.4283701628446579 0.09523695707321167 0 0.825462594628334 0
0.1051963493227959 520.7009449079633 3.528257995843887 1413.934300363064 14.90049088001251 271.2088614478707 236.2740495502949 9.131763093173504 641.5438491106033 93.42342121899128 4.727731242775917 718.5791733413935 31.93605677783489 5.691779933869839 491.3615358769894 93.46713057160378 0.3978804424405098 0.1220831796526909 0.864721417427063 939.4327900037169 26.52931024879217 3086.665794402361 4.299228370189667 9305.796417512 158.8114153668284 5.9512038230896 247.2285988032818 1146.324647270143 7.547608129680157 10.62786456942558 2.32113841176033 1.853159621357918 1.050813376903534 17.54853733628988 0.7198848873376846 20.89815814048052 0.9199416786432266 14.94105011969805 7.119745492935181 234.4795933142304 8.612755194306374 3.506494879722595 0 0.1263750195503235 9.589693509042263 0.2994037866592407 78.59472475200891 0 7.116978250443935 38.64522336423397 0.8919695690274239 183.5296801701188 55.91968024522066 0.2314519211649895 61.0578747689724 1.47547559440136 2.156116232275963 95.24329927563667 36.34209880232811 0.1733333170413971 0 0 60.95279562473297 8.651511758565903 53.51570604741573 7.694472976028919 1449.348559454083 3.724232047796249 0.6642576903104782 5.923529699444771 223.2440400868654 4.926376201212406 0.6317462995648384 0 0.2948291599750519 0.1359793692827225 2.522531092166901 1.894167214632034 22.30841280519962 0.3845383524894714 4.691265389323235 2.083358362317085 80.73454159498215 1.005237817764282 0.3875256031751633 0.1939869970083237
37.51364900171757 0 98.28621151298285 3496.853517889977 12.28501380980015 8014.485898364335 10499.83134806901 3249.490633480251 93.42342121899128 38569.1954189986 85.82085561752319 3995.608706645668 8.854741290211678 1435.211851730943 32.66299231350422 0.1037226840853691 29.42529894411564 26.69600605964661 72.42983390390873 5183.915422283113 12.70556108653545 0.8299838081002235 58.90911958366632 291.3413939252496 0.4050513282418251 81.55740304291248 92.83857141062617 5028.585826002061 1095.479381136596 108.929831340909 3.480178065598011 33.55023341625929 53.68647051602602 695.8680994138122 48.01708670705557 1097.28591825068 25.79634676873684 1457.231917113066 646.0885303020477 290.9607409089804 145.4189775660634 4.154931977391243 37.3337162360549 0 0.2745803892612457 0 122.1687598451972 0 0.7154900878667831 12.43957825005054 0 32.01280903071165 22.47857296466827 0 30.79321166872978 0.1301591098308563 0.4119142293930054 19.51508498936892 0 0 0 0 21.08589136600494 0.440243199467659 1.359224393963814 0 198.768060579896 0.2501433789730072 0.3103352785110474 0.6410829648375511 93.18644491583109 0.3692693710327148 0 0 0 0.1104231327772141 0.7723179459571838 4.300284847617149 12.57203421741724 0.5555118471384048 1.781937405467033 0.836222842335701 30.75392909348011 0 0.2497029453516006 0
15.70954340696335 26.70634225010872 11.88230065256357 2.319342456758022 79.4087475463748 175.3053826913238 31.5705389380455 137.0300551503897 4.727731242775917 85.82085561752319 9609.371358655393 177.4092630445957 1679.801298037171 202.0184332802892 5.910662837326527 0.9393166899681091 111.8005088195205 3863.218833938241 2745.879384361207 30.83026406168938 10.49669792503119 5.704097144305706 54.42753227055073 2.067847907543182 420.5342221409082 4380.003319144249 417.2079265862703 6.576448649168015 301.2907539531589 23.82109867036343 400.7583679705858 251.6755334064364 6.522747285664082 5281.698827899992 3.44347820430994 332.5854181200266 2518.985718071461 2710.137696102262 231.2907418087125 30.36509694159031 54.51304367929697 452.9199135676026 5.9379528388381 0 0.2111682295799255 0.7496888935565948 0 0 0 0 0 0 0 97.31034088134766 0 248.5077402591705 0 0 0 0.6824022531509399 31.32063763588667 10.46824204921722 0 0 0 0 0.6862805187702179 3.071294829249382 27.56860749423504 56.32704273611307 0 0 0 37.17787825316191 0.1625348329544067 0 8.373356327414513 3.720332190394402 4.775170333683491 269.3006725311279 1.126979634165764 1.94276437163353 0 0 90.34390252828598 0
7.909659504890442 5.603597573935986 4.492464274168015 4565.421547025442 67.26271002739668 4260.683813475072 43.29265252500772 675.947378218174 718.5791733413935 3995.608706645668 177.4092630445957 6961.055776938796 17.13370303809643 819.0449165925384 774.6702233552933 0 8.138737134635448 47.9403004348278 93.9015789180994 3896.952616691589 0.4615336135029793 37.48329170048237 2.21161537617445 896.9414031207561 4.958441957831383 96.24831085652113 95.8934678286314 437.1216445192695 669.6207761242986 8.63475513458252 4.981480240821838 105.4332313984632 0.4634467661380768 670.8447916284204 9.230076856911182 156.7753678783774 16.10087632387877 905.9703669473529 241.7109422311187 785.8318600580096 198.1859552040696 12.42931285500526 7.575751259922981 0 0 0 33.5762202963233 0 1.348975405097008 0.1508807092905045 0.3540004342794418 2.372793763875961 27.49010634422302 0 82.91627829521894 0.2657766416668892 1.377409294247627 3.710049912333488 0.6748631745576859 0 0 0 10.09827549755573 0 0.5880739837884903 0 18.00768366456032 0 0.06870053708553314 0.2202765643596649 11.77391222119331 0.5303577184677124 0 0 0.223269946873188 0 0.9388502910733223 0.1938243508338928 11.00566322356462 0.5291597843170166 1.119516551494598 0.4984798729419708 19.0534902215004 0 1.006727419793606 0
1.622486084699631 700.652346894145 2.442208841443062 0 2.375605881214142 17.84093546122313 3.108192726969719 11.51468811929226 31.93605677783489 8.854741290211678 1679.801298037171 17.13370303809643 4063.709898918867 12.90295147150755 0.9502896368503571 25.64869362860918 3.098910123109818 86.46369771659374 19.48797858506441 1.891522541642189 2.156999073922634 107.7911181002855 11.77061945199966 24.66650339961052 5110.627032496035 1419.363606162369 2426.439244635403 2.353732213377953 16.78379967436194 1.051086656749249 1606.113631866872 12.07296608388424 0.260722815990448 640.0577318966389 3.410712152719498 351.895525790751 3151.853037901223 1727.015894323587 169.4644590467215 25.6162935346365 85.19605865329504 1262.369519747794 2.036398813128471 0 3.262713171541691 0.5549132600426674 0.09069837629795074 0 0.9703895971179008 0 0 0 0.198875792324543 219.1882748305798 0 519.9455345273018 0 0 0 0 70.77847991883755 13.29446829855442 0 0 0 0 0 32.2924772799015 93.34040352702141 149.9536346048117 0 0.1849501505494118 0 92.67327004671097 0.4444437697529793 0 29.29193316400051 7.448921546339989 42.22551083564758 530.1381588280201 34.98515420407057 8.910932540893555 0 0.494049996137619 263.507884696126 0
7316.286390811205 0.2114045768976212 529.2715389579535 13.36141327023506 231.7996980622411 1095.834261201322 8699.972387008369 5598.109366714954 5.691779933869839 1435.211851730943 202.0184332802892 819.0449165925384 12.90295147150755 12190.78545667231 23.85880690813065 0 1180.303842879832 107.0821702480316 401.3993032053113 171.0392441675067 73.60650503635406 0.6651287078857422 482.9861347600818 4.897272393107414 1.681572936475277 701.0027992539108 226.643126450479 44.60661562532187 8232.766588710248 4682.176222600043 5.377274572849274 613.7088318839669 26.93452766537666 1354.822403393686 1.224508456885815 348.157076895237 33.35228191316128 617.3097633495927 79.27367875725031 148.7857972308993 67.78738060593605 5.900601893663406 2.685014337301254 0 0.3865064308047295 0 2.220277167856693 0 0 0.1102024465799332 0 0 0.187334269285202 0 0.463761605322361 0.1021473556756973 0 0 0 0 0.1032644435763359 0 0.08430818468332291 0 0 0 3.317876860499382 0 0.8221803978085518 0.7253675982356071 0.3840748965740204 0 0 0.1119562983512878 0 0 0.2252250015735626 0.8665615320205688 0.8535537794232368 0 0.6174952238798141 0 0 0 0.2969277203083038 0
0 14.33920015394688 0 47.96703949570656 575.5392176434398 227.499785207212 1.27192810177803 48.02740605920553 491.3615358769894 32.66299231350422 5.910662837326527 774.6702233552933 0.9502896368503571 23.85880690813065 604.4313317239285 0 0 0.8545805513858795 1.256071448326111 163.8377186655998 0 104.5748171359301 1.348289281129837 94.98816034197807 6.606085270643234 1.475865110754967 12.87454898655415 10.76450641453266 85.25261117517948 0.1525283604860306 0.2178351581096649 85.89914929121733 0 31.50660749524832 18.98695567250252 287.5713401958346 163.0132690221071 23.9363361671567 34.09384126961231 2457.549945905805 40.56615294516087 1.170708566904068 1.820030838251114 0 0 0 0.7918787896633148 0 0.1814251989126205 0.6558070182800293 0 1.08699044585228 0 0 0 0 0 5.088205680251122 1.349115625023842 0 0 0 0 0 1.038291364908218 0.2234210819005966 8.787180542945862 0 0 0.5146356523036957 2.089179247617722 0 0 0.1384002864360809 0 0 0 135.9508562088013 13.92437668144703 8.399637058377266 32.02076241374016 108.7638862729073 21.70659147202969 3.700256198644638 0 6.099433481693268
0 342.3547390922904 9.000658579170704 0.526776909828186 0 0.2895986139774323 1.397485569119453 0 93.46713057160378 0.1037226840853691 0.9393166899681091 0 25.64869362860918 0 0 5019.173721343279 2.31643620878458 0.2031005695462227 1.241876684129238 0 3097.009251669049 3475.473863631487 4557.89531776309 2885.317445218563 131.7004496902227 5.331184603273869 2778.659969054163 1964.852211415768 1.005659662187099 0.8907019793987274 1.681086145341396 0.1507635563611984 1.233443208038807 35.57251837104559 60.33403719216585 2844.276675701141 610.1399763524532 344.8123551234603 1155.253493122756 82.30186551064253 3.121900595724583 5.513600446283817 8.406886897981167 2.482640013098717 0.8514463752508163 1.942397236824036 0.4190116971731186 0 0.5485153198242188 20.78274899721146 1.191864669322968 52.8197728395462 0.7583448886871338 0.2019010782241821 0 0 2.06271268427372 0.7676198929548264 2967.083691947162 0.2075463533401489 0 0.108599990606308 0.4671540558338165 133.40514896065 909.1767687350512 896.9104949682951 737.0675115138292 0.8501993268728256 0.3829564452171326 382.9680831134319 290.3163188546896 6.984543561935425 0.831257089972496 0 0 0.8924281597137451 1.794831767678261 10.30098513513803 35.40141079574823 5.127608001232147 7.015058591961861 16.49718195199966 0.4952171146869659 0 0 0
194.8784640058875 3.962803110480309 8426.11770029366 2.227242335677147 3.568330638110638 45.09397810697556 259.8669460192323 774.6334685981274 0.3978804424405098 29.42529894411564 111.8005088195205 8.138737134635448 3.098910123109818 1180.303842879832 0 2.31643620878458 2349.085661128163 78.12215717881918 3794.950219534338 3.316304422914982 1708.375220954418 1.076352268457413 3378.50661405921 11.5865962728858 1.766241945326328 6870.182948905975 3602.528449736536 288.3574260175228 639.2525537386537 2886.999739378691 1.676756225526333 20.31855811923742 75.82663401961327 4148.774982355535 10.41671176254749 175.1219373270869 90.24587188661098 2556.80167272687 607.2100427746773 3.507119506597519 1.115413412451744 1.20347610861063 0.716299369931221 0 0.7081332430243492 2.036822110414505 0 0 0 0 0 0 0 0 0 0.2807453870773315 0 0 0 0 0.1731626987457275 0 0.1074517145752907 0 0.1247257739305496 1.296804621815681 0.1195641905069351 0.1661660820245743 2.595165446400642 15.33747937530279 0.3245202004909515 0 0 0 0 0 0 8.740176826715469 0.6043067872524261 0.1104665547609329 1.009105771780014 0.742111973464489 0 0 0 0
17.33013368397951 2.371161729097366 49.86217008531094 1.096114724874496 6.637452378869057 46.13261430710554 15.80272356420755 51.30723319202662 0.1220831796526909 26.69600605964661 3863.218833938241 47.9403004348278 86.46369771659374 107.0821702480316 0.8545805513858795 0.2031005695462227 78.12215717881918 645.0644450262189 1779.536956787109 8.357749946415424 4.969676457345486 0.267882227897644 23.35318349301815 0.5305614694952965 22.4063019156456 2392.186888113618 734.6762914732099 4.34719593077898 105.0286107212305 22.8283706754446 117.6649789810181 31.59843594580889 7.625350631773472 882.1490884721279 2.964229382574558 290.1381147056818 529.5974051058292 1171.72173923254 396.6111730188131 8.367540158331394 8.842319428920746 64.68617238849401 1.376371815800667 0 2.696404956281185 0.4027110636234283 0.0855758860707283 0 0 0 0 0 0 1.765994966030121 0 22.96090627461672 0 0 0 0.7630839645862579 37.46746185421944 25.72583372890949 0 0 0 0.3156035095453262 0 4.050132028758526 73.36208870261908 99.30459927022457 0 0.1854353249073029 0 8.983005732297897 0 0 2.200179919600487 3.641476511955261 6.580127961933613 6.247706830501556 2.246771410107613 2.834550246596336 0 0 0.4264597445726395 0
53.52092183381319 2.321406356990337 487.0037237107754 3.40963988006115 17.57485800981522 75.37768100202084 63.65014193952084 158.9029858112335 0.864721417427063 72.42983390390873 2745.879384361207 93.9015789180994 19.48797858506441 401.3993032053113 1.256071448326111 1.241876684129238 3794.950219534338 1779.536956787109 2388.08729057014 24.65885624289513 59.51615391671658 1.303242929279804 231.1965000033379 4.112902969121933 16.39565706253052 6223.394642226398 2706.033067367971 28.33244250714779 434.6906562559307 250.244600430131 10.47671716660261 114.6255562007427 36.79754450917244 5792.31659745425 10.9651446044445 690.2634648382664 1249.622388228774 2465.160005763173 726.3456726148725 11.33943656086922 9.815919183194637 8.830243989825249 2.51244194060564 0 3.222519814968109 2.134857147932053 0.2860222309827805 0 0 0 0 0 0 1.194455951452255 0.1133517995476723 3.004450343549252 0 0 0 4.952991187572479 14.3469927161932 14.36174691468477 0 0 0 0.9772976040840149 0.2971497997641563 2.725370481610298 71.9468586742878 73.39259853959084 0 0 0 3.977500587701797 0 0 0.09426871687173843 1.676440387964249 10.49313989281654 1.715841315686703 5.383006602525711 5.420470163226128 0.2669176161289215 0 0 0
4.698774218559265 0.2476362138986588 4.222434334456921 6769.646519459784 6.662278957664967 221.336339905858 58.70231212675571 113.1163997650146 939.4327900037169 5183.915422283113 30.83026406168938 3896.952616691589 1.891522541642189 171.0392441675067 163.8377186655998 0 3.316304422914982 8.357749946415424 24.65885624289513 967.7298580482602 0.1079555228352547 0.7884393632411957 2.083403043448925 254.693725541234 0 19.55629506707191 21.0258217677474 2699.988026484847 299.2049497738481 2.558353632688522 1.048157043755054 15.60119227319956 9.376643054187298 226.3354428038001 24.1928987801075 434.3038672655821 8.818954847753048 485.8672472834587 240.6909151002765 266.9664833843708 51.60825905203819 3.835488043725491 11.15850177407265 0 0.5483111217617989 0 91.72313518822193 0 3.921672910451889 15.50087930262089 1.123442679643631 56.1732936128974 30.38935019075871 0 51.6861093044281 0 0 64.83872789144516 0 0 0 0 39.54909258335829 0 0.5995500683784485 0 221.1584728211164 1.094080343842506 0 0.5097421333193779 94.15885194391012 1.0345498919487 0.6270555257797241 0 0 0 2.779550492763519 2.356012910604477 54.47448468208313 0 2.774105802178383 0.2539920508861542 105.4322648346424 0 0.4005536735057831 0
6.123122148215771 22.74172659963369 1533.733502596617 2.954273074865341 0.09274342656135559 14.37646938115358 316.3339383602142 59.60108535736799 26.52931024879217 12.70556108653545 10.49669792503119 0.4615336135029793 2.156999073922634 73.60650503635406 0 3097.009251669049 1708.375220954418 4.969676457345486 59.51615391671658 0.1079555228352547 17857.78955840319 164.976517572999 17264.51174240559 440.5032110437751 7.663187935948372 96.3975019082427 1209.747977368534 5633.814000211656 71.07681941241026 7499.593836307526 0.3233836889266968 0.9137352108955383 74.85192630439997 2023.420206747949 131.1381343230605 2628.53716865927 277.8996091037989 3133.438298359513 2524.748504035175 68.69142256677151 9.297028504312038 0.7449768483638763 8.472515635192394 0.3241510987281799 0.5238401889801025 0 0.2316753417253494 0 0.1222513690590858 5.625261649489403 2.449249044060707 19.89691172540188 3.616198614239693 0 0.2241479754447937 0 0 0.1605459600687027 172.1636097505689 0.502342700958252 0 0 0 36.14448115974665 70.61974234879017 18.01224239170551 282.5655063837767 0 0.5778606310486794 16.72768562287092 121.7651267945766 1.676121711730957 0.4859256446361542 0 0 0 0.6996979862451553 19.47984772920609 12.54382689297199 0.7386868000030518 1.72980161011219 1.819219887256622 0.8724458068609238 0 0.4788880497217178 0
0 2886.418253414333 23.99147371202707 1.048645675182343 1.404905617237091 3.733605220913887 6.33832223713398 0.249854564666748 3086.665794402361 0.8299838081002235 5.704097144305706 37.48329170048237 107.7911181002855 0.6651287078857422 104.5748171359301 3475.473863631487 1.076352268457413 0.267882227897644 1.303242929279804 0.7884393632411957 164.976517572999 1607.018185563385 273.7515370100737 4851.26649518311 809.4568174853921 17.45661260187626 4726.76733519882 181.0840509980917 0 0.4606328904628754 5.903613492846489 0 0.2693843394517899 5.877199493348598 1.474546194076538 29.75523342937231 4.193676643073559 8.820266827940941 15.0991830304265 62.83604949712753 0 16.97029327601194 0 0.7775275558233261 199.0828175991774 8.072772480547428 0 0 0.1266778409481049 7.340000152587891 0.1404818296432495 80.15971760451794 0 0 0.2183245569467545 1.722878277301788 0.1213671043515205 0.723921611905098 1558.198775231838 0.1365756392478943 0 0.2874855697154999 0 49.76624765992165 241.9180424362421 578.5314826741815 404.8871830254793 8.194945089519024 0.4839441254734993 1431.970664553344 97.67590297758579 1.300385504961014 0.7916786968708038 0 0 0 0.7490312159061432 3.374462932348251 29.63207424432039 5.810332700610161 8.449777238070965 14.05208087712526 3.531768500804901 0 0.3968088924884796 0
38.98915546387434 39.95721238851547 8470.888320013881 7.636711500585079 1.241194598376751 103.9707911536098 1059.740812323987 615.2436655759811 4.299228370189667 58.90911958366632 54.42753227055073 2.21161537617445 11.77061945199966 482.9861347600818 1.348289281129837 4557.89531776309 3378.50661405921 23.35318349301815 231.1965000033379 2.083403043448925 17264.51174240559 273.7515370100737 19868.44764947146 262.4841529875994 11.04995794594288 1152.71007154882 10373.65348480642 2018.559311404824 113.1923035830259 2783.96863310039 0.6641360372304916 4.000323943793774 37.21032331883907 3881.472100287676 231.5837792679667 7376.059151753783 2423.269707806408 8438.603935316205 8059.239134714007 222.1218082606792 23.54990138113499 11.03810498118401 25.21551484614611 0 2.040122106671333 10.36555667221546 0.6582375764846802 0 0.1454834192991257 0.7690808475017548 0 4.719915471971035 0 0 0.1446874737739563 0.3989097476005554 0 1.011995807290077 545.8320420905948 0 0 0 0.4169325679540634 16.9227531850338 122.5649232715368 237.42067527771 77.47115233540535 0.2279642522335052 1.361101686954498 398.2800923883915 28.76736734062433 0 0.3557948470115662 0 0 0 0.18297378718853 30.3457535803318 28.77217669785023 5.072297602891922 5.783406227827072 12.4140473306179 0.8574513047933578 0.1308672875165939 0.3934677541255951 0.6119534373283386
0.2913872897624969 481.9041126891971 182.1682357117534 1542.267452672124 0.7532876506447792 208.5476311817765 730.814951300621 12.18451938778162 9305.796417512 291.3413939252496 2.067847907543182 896.9414031207561 24.66650339961052 4.897272393107414 94.98816034197807 2885.317445218563 11.5865962728858 0.5305614694952965 4.112902969121933 254.693725541234 440.5032110437751 4851.26649518311 262.4841529875994 11266.36576024443 147.6245276406407 30.79547214508057 3326.279332816601 5348.764061413705 86.48688843101263 67.92553508281708 0.7479496449232101 0.3907968774437904 105.6111229583621 177.0615173205733 97.67422016710043 2369.00011561811 101.9031708613038 469.0331333503127 722.7925029397011 163.2572061792016 10.86630364507437 2.862260043621063 15.11744014918804 8.843200974166393 12.57109618186951 0.4928990751504898 217.0125055834651 1.012524917721748 47.86380129307508 432.2838606387377 21.81357125937939 776.5358373522758 257.9924521669745 1.532118901610374 100.4868381991982 6.439419269561768 20.32974669337273 153.3143717497587 210.4415962398052 0.3222175389528275 0.4240580424666405 0.1004374772310257 188.8413393944502 62.11293710023165 132.3886074498296 30.03999552130699 4761.512831389904 8.468129858374596 2.153495810925961 28.75211738795042 2618.801741890609 59.85044207423925 23.40752549469471 0.09014856815338135 1.898207753896713 1.951832734048367 14.22134290635586 28.69167277961969 242.8956578150392 5.482263192534447 91.03733346611261 33.73844140022993 254.2285013943911 6.583562292158604 0.629441149532795 1.83204497396946
0.2590655833482742 1656.160086266696 0.4863794147968292 0 0.4486941397190094 1.890456028282642 0.3120777308940887 0.9397870376706123 158.8114153668284 0.4050513282418251 420.5342221409082 4.958441957831383 5110.627032496035 1.681572936475277 6.606085270643234 131.7004496902227 1.766241945326328 22.4063019156456 16.39565706253052 0 7.663187935948372 809.4568174853921 11.04995794594288 147.6245276406407 1281.954123608768 404.0773116201162 7744.369370013475 8.208174198865891 1.904818631708622 0.4304409399628639 281.6369672417641 0.1087019592523575 0 193.2341767400503 0.1302981674671173 17.65128351002932 281.1873591393232 110.7062112912536 12.19318762421608 2.13950564712286 1.006968826055527 187.8580169975758 0.1295958608388901 0.08189783990383148 5.826538302004337 1.309635832905769 0 0.324094831943512 0 0.0930851474404335 0 0 0.1095773130655289 197.516809746623 0 1613.205770239234 0.1218387335538864 0 0 0.3073549568653107 34.53030699491501 22.4268611818552 0 0 1.237365700304508 0.3213532567024231 1.171030253171921 34.9387791082263 142.4436312690377 499.9561288058758 0.5169052183628082 0.1813916265964508 0 99.06769247353077 0 0 64.52524066716433 0 3.81473920494318 48.48449001461267 6.811867415904999 1.374351195991039 0 0 187.8220876678824 0
84.62135437875986 166.3237450197339 4304.85027974844 5.069086365401745 10.27913480252028 104.8966578096151 221.9738515019417 441.3042272999883 5.9512038230896 81.55740304291248 4380.003319144249 96.24831085652113 1419.363606162369 701.0027992539108 1.475865110754967 5.331184603273869 6870.182948905975 2392.186888113618 6223.394642226398 19.55629506707191 96.3975019082427 17.45661260187626 1152.71007154882 30.79547214508057 404.0773116201162 28549.86842530221 17147.37370253354 102.5996079519391 436.1355258151889 209.7875046133995 959.0211150422692 71.5948781222105 48.37656008824706 2208.989097215235 73.92975547909737 3347.717661440372 4742.136100552976 5559.997877046466 2263.873866975307 42.36077752709389 26.46561913192272 157.1194498166442 13.73894400149584 0 334.0872589722276 260.4710026234388 0.1806954592466354 0.5815059542655945 0 3.346870250999928 0.3280726373195648 0 0 69.26572418957949 0 275.2320406809449 1.998420663177967 0 0.4024301320314407 98.05584044009447 307.6551500707865 363.6128410845995 0 2.287652246654034 1.217044845223427 15.31657137721777 0.4002537503838539 80.94244812428951 2427.36501724273 2716.596549138427 0.08401917666196823 0.884132944047451 2.883938804268837 89.06942573934793 0.4686474874615669 0.2979008555412292 49.84668808430433 37.12162098288536 252.511383458972 237.9421583786607 170.8906085342169 88.5658473521471 2.4249047935009 0.3839620649814606 19.00776115804911 1.406337201595306
31.1078577414155 9746.365323312581 5951.410989306867 17.11097604036331 9.390856400132179 92.54509124159813 291.9558158740401 131.9217008501291 247.2285988032818 92.83857141062617 417.2079265862703 95.8934678286314 2426.439244635403 226.643126450479 12.87454898655415 2778.659969054163 3602.528449736536 734.6762914732099 2706.033067367971 21.0258217677474 1209.747977368534 4726.76733519882 10373.65348480642 3326.279332816601 7744.369370013475 17147.37370253354 25769.9754998982 1507.4343829602 271.1575745120645 128.7645117044449 1131.894474618137 58.03298138082027 24.26648801937699 3032.502748861909 311.3226505964994 8159.703054778278 4551.211823657155 11215.84348382801 6579.617720581591 134.0080790519714 34.22782444953918 91.74043134599924 21.73106238245964 4.068938851356506 1493.000961586833 1377.46135160327 0.805214561522007 0 0.4515878483653069 32.36564567685127 5.035921968519688 2.309021398425102 1.708151638507843 115.9877439513803 0 550.1992420330644 12.33619420975447 0.288202315568924 890.5650127902627 239.2632820531726 446.0013161078095 425.347943469882 0.1520090252161026 36.18602268397808 248.1033493950963 1744.750583589077 48.90821970254183 271.4018455669284 3694.749118752778 15793.59595987201 42.54349952936172 3.271080516278744 8.621284402906895 214.63665214926 0.1846440359950066 0 163.9991181716323 118.9473746493459 938.646174877882 287.7452040016651 597.3103656023741 330.9467174187303 11.70999479293823 0.6727692484855652 11.78832400590181 2.931071132421494
3.630726851522923 25.26261081546545 927.9898867830634 3443.27439904213 0.7412737831473351 732.8336520120502 12168.01319829375 54.94139020144939 1146.324647270143 5028.585826002061 6.576448649168015 437.1216445192695 2.353732213377953 44.60661562532187 10.76450641453266 1964.852211415768 288.3574260175228 4.34719593077898 28.33244250714779 2699.988026484847 5633.814000211656 181.0840509980917 2018.559311404824 5348.764061413705 8.208174198865891 102.5996079519391 1507.4343829602 21525.87809953094 555.295807659626 10128.98394058645 0.3432460874319077 2.116315431892872 665.0233681797981 1063.677833400667 229.1994563788176 4393.521139226854 174.065266340971 2171.075949713588 2307.295386955142 147.5566971451044 38.48231622576714 1.136917017400265 30.16475307196379 3.13306750357151 6.276269815862179 0.1679624021053314 148.742458999157 0.5480291396379471 26.51710189878941 189.4756999611855 11.2006308734417 314.009320192039 158.5359975174069 0.1327193379402161 47.87695606797934 3.799667127430439 12.32041358947754 69.63497319817543 106.1833895146847 0 0 0.2197457402944565 95.25765250623226 38.68080759048462 53.05231068283319 10.02409704774618 2211.441380687058 3.355163000524044 0.455566793680191 11.64903569966555 1225.44771938026 28.12530548870564 12.31089472770691 0 0.2384637296199799 0.7510137856006622 11.77667336165905 37.98369663208723 113.2543411031365 4.249367594718933 44.90036284178495 18.36883403360844 126.9423721805215 2.461663365364075 0 1.61705070734024
3903.192091599107 0.1685806065797806 91.41835050657392 111.0137825384736 258.4231027364731 844.5055776312947 1630.711510948837 688.4915212951601 7.547608129680157 1095.479381136596 301.2907539531589 669.6207761242986 16.78379967436194 8232.766588710248 85.25261117517948 1.005659662187099 639.2525537386537 105.0286107212305 434.6906562559307 299.2049497738481 71.07681941241026 0 113.1923035830259 86.48688843101263 1.904818631708622 436.1355258151889 271.1575745120645 555.295807659626 21335.6368814595 7117.156429231167 5.568470671772957 1628.229612428695 2710.641392499208 3976.504327602684 0.5435013249516487 266.1826976910233 29.7988421395421 1771.740064546466 167.9449424743652 113.8230567574501 52.31418551504612 11.1165107190609 1.477715454995632 0 0.1208785623311996 0.1116917580366135 1.523338168859482 0 0 0.1702487915754318 0 0.2695215195417404 0.2916492819786072 0 1.735509097576141 0 0 0.1030182912945747 0 0 0 0 0 0 0 0 1.838002048432827 0 0.4703815653920174 1.212094336748123 1.964645802974701 0 0 0.1108348444104195 0 0 1.95101523399353 0 0.9831504374742508 0 0 0.1634853482246399 0 0 0.8089557141065598 0
3502.803379237652 0.4375649392604828 671.0150552392006 14.93138985335827 1.736450992524624 96.03240049630404 7134.76776278764 1889.582191281021 10.62786456942558 108.929831340909 23.82109867036343 8.63475513458252 1.051086656749249 4682.176222600043 0.1525283604860306 0.8907019793987274 2886.999739378691 22.8283706754446 250.244600430131 2.558353632688522 7499.593836307526 0.4606328904628754 2783.96863310039 67.92553508281708 0.4304409399628639 209.7875046133995 128.7645117044449 10128.98394058645 7117.156429231167 13793.72348759323 0.7364595457911491 12.41293489933014 954.9593230560422 1887.880844019353 15.37967069447041 246.6388681307435 10.77855405956507 963.9856875985861 328.9015817716718 7.366993345320225 4.636620536446571 0.3014308214187622 2.131443470716476 0 0 0 0.1963007003068924 0 0 6.897536501288414 0 0.8656830936670303 0.3269350528717041 0 0 0 0 0 0.8684707283973694 0 0 0 1.710247486829758 0.244514673948288 0.5663462281227112 0 52.4145975112915 0.1092204824090004 0.1253926753997803 0.3098676800727844 25.9684275239706 1.129882723093033 0 0.111718475818634 0 0 0 1.913371980190277 3.501435726881027 0 0.6776291728019714 0 0 0 0 0
0.618939645588398 16.67119581997395 1.444898061454296 0.2198438197374344 0.4414249584078789 4.650538399815559 1.123759537935257 1.136092863976955 2.32113841176033 3.480178065598011 400.7583679705858 4.981480240821838 1606.113631866872 5.377274572849274 0.2178351581096649 1.681086145341396 1.676756225526333 117.6649789810181 10.47671716660261 1.048157043755054 0.3233836889266968 5.903613492846489 0.6641360372304916 0.7479496449232101 281.6369672417641 959.0211150422692 1131.894474618137 0.3432460874319077 5.568470671772957 0.7364595457911491 163.5456445589662 1.58261976391077 0.1629554554820061 87.95526403933764 0.6649067476391792 37.60517418384552 198.4528302550316 155.8251928463578 49.08781555294991 0.6723424717783928 1.284066416323185 43.52766288071871 0.5848693177103996 0 0.2936289459466934 0 0 0 0 0.1273803859949112 0 0 0 29.16317729651928 0 140.3778604641557 0.3715034276247025 0 0 0.278097540140152 36.85966992378235 14.01033215224743 0 0 0 0 0 2.286383092403412 41.83312886953354 77.73610902577639 0 0.5404015928506851 0 46.1705008149147 0 0 0.2981120496988297 0.5224417895078659 0.994866743683815 40.96945785731077 1.943830877542496 0.1103278249502182 0 0 6.321167469024658 0
8.005903601646423 0.09513460099697113 3.602809011936188 0.781352274119854 130.4682549238205 484.8638092130423 13.82195546478033 300.8581276983023 1.853159621357918 33.55023341625929 251.6755334064364 105.4332313984632 12.07296608388424 613.7088318839669 85.89914929121733 0.1507635563611984 20.31855811923742 31.59843594580889 114.6255562007427 15.60119227319956 0.9137352108955383 0 4.000323943793774 0.3907968774437904 0.1087019592523575 71.5948781222105 58.03298138082027 2.116315431892872 1628.229612428695 12.41293489933014 1.58261976391077 24.44854413717985 0.6247044280171394 2810.951802045107 0.7290096282958984 131.4692670926452 13.84766177088022 480.5998748615384 98.65408409386873 215.1773565784097 681.0919853895903 18.62152208387852 1.552597619593143 0 0 0 0 0 0 0 0 0 0 0 0 0 0 0 0 0 0 0 0 0 0 0 0 0 0.7800079882144928 0.1169733330607414 0 0 0 0 0 0 1.169720992445946 0 0.1495281010866165 0 0.2668921947479248 0.1827067583799362 0 0 0.3487847298383713 0
