1736.98366869241 0.1295990794897079 112.8901839628816 37.77431339025497 3.229226462543011 33.66001112759113 2847.115179460496 525.2132424861193 1.556236669421196 189.592462696135 12.40173146128654 10.13678781688213 0.2720567360520363 5807.618289172649 0.4662336334586143 0 234.3215903937817 9.089043647050858 37.01992816478014 20.91501893103123 248.493096627295 0.1203073039650917 383.0257760882378 74.18877703696489 0.4105851650238037 119.9681911692023 35.7161948159337 130.255978114903 6995.942311123013 3645.171971216798 0.1628178134560585 24.24282614886761 85.09828608483076 164.5975172370672 3.986902542412281 56.0702096670866 9.549553878605366 93.06506074965 24.15108035504818 5.448914624750614 2.934849992394447 0.2551073208451271 0.5605908036231995 0.09253232181072235 0 0.2214509844779968 0.1275716125965118 0 0.7188200950622559 5.502785883843899 0.9260001704096794 2.358568340539932 0 0 0.1444272100925446 0 0.2142298594117165 0.1209236830472946 0.09180046617984772 0 0 0 0.3714610934257507 0.8045220375061035 0 0.7261669635772705 5.073635458946228 0 0.0845770388841629 1.711431935429573 5.91444094479084 1.494856640696526 0.422134704887867 0 0 0.2196220308542252 0.3122901022434235 0 2.160011790692806 0 1.268849641084671 0.3324225246906281 1.129159957170486 0 0 0
0.1295990794897079 437.0665297806263 1.182513937354088 0.4057542234659195 0 1.073802173137665 1.203447505831718 0.2630181238055229 486.9683659225702 0.1803231760859489 215.7693075686693 1.836832642555237 864.4057481735945 0.2874337211251259 10.74936436861753 94.33131181448698 18.23133546113968 5.859671585261822 34.94012764841318 0.299131415784359 1.567813202738762 1677.078223228455 2.182210817933083 412.7212277203798 2675.560361132026 215.0953905209899 6889.111143030226 21.99055632203817 0.5013630092144012 0 58.05287692695856 1.242570377886295 0 26.73375555872917 0.4522730484604836 24.33596410602331 86.89923366159201 64.71290587633848 12.40658169984818 9.352693647146225 0.3898998349905014 360.1725110337138 0.2428852766752243 0 62.48295692354441 25.51739639788866 0 0 0.08251418173313141 1.567807637155056 0.1155961081385612 1.509805582463741 0.09273473173379898 14.4496740475297 0 45.87668219953775 0.1789241582155228 0 2.551618069410324 13.14097058773041 3.787053994834423 21.14110008627176 0 1.259728394448757 23.13471441715956 5.554478891193867 7.527634307742119 54.62081060558558 193.5294549688697 1731.480807781219 1.905174486339092 0.286175973713398 0.9386601373553276 10.54222460836172 0 0 4.865656420588493 1.741225153207779 20.57382768392563 73.78106885403395 28.12009262293577 6.177416495978832 0 0 8.767712034285069 0.1614682823419571
112.8901839628816 1.182513937354088 3982.630812942982 24.97404728829861 0.7246789932250977 83.65965357422829 918.2138767391443 220.4101843088865 1.644068844616413 99.79915882647038 26.44456568360329 0.8810089305043221 0.6798707470297813 336.6088648252189 0.1094450503587723 3.888657100498676 2190.570828296244 23.61748463660479 108.4823191538453 0.5922383889555931 320.7342083901167 3.013361983001232 7169.91095598042 121.286653868854 0.6959185600280762 6003.132970288396 4123.554410986602 207.2231892049313 142.414215773344 317.6399523988366 0.2080196365714073 5.823033969849348 9.195584863424301 551.7806673496962 22.59111799299717 764.3380919769406 2542.7309422791 1461.063017323613 389.1923752129078 39.16219951957464 3.726278133690357 3.112378299236298 2.74294400960207 0.1510118842124939 5.226227000355721 87.4254764020443 0.106691487133503 0 0.2147015333175659 7.551440991461277 0.7985039427876472 0.4266225248575211 0 0 0 0.2225883901119232 2.146971121430397 0 35.67777697741985 7.849806189537048 0.2520481944084167 2.494810067117214 0 4.592002436518669 26.92003346979618 294.7981483563781 4.875005662441254 0.2490544021129608 5.611881479620934 1287.12294781208 8.020647495985031 0.7727281078696251 7.976683080196381 0 0 0.07883837819099426 3.229433603584766 8.466128930449486 28.49781762063503 28.64002536982298 30.42117961496115 26.34696578234434 0.7639835327863693 0.4116224944591522 0 0
37.77431339025497 0.4057542234659195 24.97404728829861 1343.818730957806 2.077104896306992 159.2064560204744 710.7447041496634 54.63979614526033 705.4159091487527 2214.08451833576 2.942199602723122 1938.145787097514 1.650347270071507 86.96349472552538 53.52150388062 2.170900769531727 11.15279449522495 0.9663593918085098 3.134135097265244 3434.687365025282 4.664583794772625 3.061188854277134 31.76296304911375 2299.972233705223 3.731160521507263 18.87002792954445 29.73219330608845 2527.000514745712 219.8953451886773 31.09649933129549 0.0808439701795578 6.219197936356068 29.60163394361734 59.52823865413666 6.793185859918594 417.4112848564982 10.11933691054583 171.4056655243039 78.17553314566612 180.3183026388288 13.18887363374233 0.2754195630550385 4.187401548027992 0.6315870061516762 1.098083183169365 0.5278664380311966 245.6866507902741 0 9.853500060737133 66.69170645624399 10.29917895793915 244.2796069383621 111.6965427845716 0.2306587919592857 62.10734659433365 0 4.229657597839832 0.8364294767379761 0.262324370443821 0 0.2027463614940643 0.3040333986282349 107.929775506258 0.6347565650939941 3.330958694219589 0.4999292567372322 301.0638977587223 0.1258007287979126 0.301258884370327 2.565200060606003 144.7805477082729 2.869511604309082 0.3315040543675423 0 0.2122702375054359 0 1.286293663084507 1.476794183254242 9.050024628639221 0.7506119608879089 7.230748534202576 1.427289381623268 15.01156883686781 0.3957041501998901 0.161873921751976 0
3.229226462543011 0 0.7246789932250977 2.077104896306992 217.302594691515 256.9915187358856 16.77414214611053 282.293862439692 45.86250019818544 25.82368341833353 62.01743651181459 91.22791837900877 17.0620501562953 106.0984534546733 1353.56258855015 0 1.068034216761589 7.494168505072594 6.757723316550255 12.906753949821 2.898893788456917 1.539442628622055 2.1640310510993 24.78814491629601 4.125014320015907 19.37648477777839 6.592610590159893 10.70070824027061 208.9546244516969 8.308339208364487 0.7290844172239304 948.5876063331962 0.3044076636433601 1430.754622541368 23.64475813508034 158.5284480676055 29.44472245126963 784.3553348407149 171.5962813124061 2685.399907916784 603.8299014568329 27.18157728016376 9.975522473454475 0.1284833252429962 0.1168362572789192 0 1.174445763230324 0 0.202709935605526 2.781310528516769 0.424524113535881 1.667536407709122 0.9569034427404404 0.1667642742395401 1.021291106939316 0.1339326351881027 0.1232380419969559 0 0 0 0 0 0.8223719596862793 0 0 0 3.098672769963741 0 0 0.1194274127483368 5.277985863387585 0 0.1895665973424911 0 0.2118301838636398 0.1830992102622986 0.7817257344722748 2.260432541370392 3.790574036538601 5.183355577290058 6.525734290480614 12.98852885514498 2.813199661672115 2.634870827198029 10.94304649531841 0.8419546335935593
33.66001112759113 1.073802173137665 83.65965357422829 159.2064560204744 256.9915187358856 13660.41945254058 3224.346331737936 7021.398724026978 75.83905137330294 7390.640374898911 87.93994538858533 4469.780993055552 25.62144174426794 1292.271074797958 2253.663381926715 1.434891775250435 27.3283192589879 20.91704485192895 33.60030358284712 818.945149242878 13.89946586638689 1.239432297646999 90.96386610344052 366.4186073094606 5.611753836274147 93.6434069275856 51.98770921677351 837.6667766496539 1738.984915107489 73.10569770261645 1.614742532372475 1054.45208947733 8.216015927493572 511.9986494928598 2.569061860442162 649.5692152231932 56.8300596922636 674.9382137693465 220.6574822515249 3510.876876592636 182.0614708736539 25.93027140945196 29.17016553133726 1.719518415629864 0.1760344505310059 0.2831440940499306 53.22943175584078 0 6.403927162289619 83.11367763578892 7.430502563714981 32.93643157184124 41.35889064520597 1.207075580954552 23.04430118948221 0.4797055721282959 6.584590531885624 0.9191483482718468 0.7743129208683968 0 0.10976642370224 0 33.74879097938538 0.8123265281319618 0.2397455498576164 0.9961094781756401 79.20038848370314 0.3992990478873253 0.1719097644090652 4.399941012263298 81.23441110551357 3.54817383736372 5.237765155732632 0.0924714207649231 0.6739245280623436 0.08279644697904587 4.509657897055149 1.531053498387337 22.39733331650496 11.20137671381235 19.21934571862221 15.01688493788242 13.28281018137932 2.296257711946964 10.74964889883995 0.2553632706403732
2847.115179460496 1.203447505831718 918.2138767391443 710.7447041496634 16.77414214611053 3224.346331737936 13836.15791911632 3379.996806096286 425.9605964496732 13282.9433198534 33.04662742465734 71.61581806093454 30.45522305369377 6807.474088303745 37.6518547385931 5.695766687393188 154.0799877643585 13.99815618246794 36.78356363624334 213.5768757089972 242.8475507870317 8.649441301822662 1513.140796847641 2494.009567767382 12.57677771896124 365.5766902007163 441.0338079035282 14718.37572177127 1362.533944189548 8953.733569078147 0.5855583995580673 74.36546633765101 156.9759912192822 523.1765921935439 54.1427386328578 2343.929570868611 118.0424874126911 1019.342540889978 476.4046664312482 433.4122036099434 93.7355652526021 11.789839155972 20.76131884008646 6.853086456656456 0.464227519929409 2.734577476978302 112.5067139416933 0.1770691722631454 49.59329321980476 677.4022626131773 90.05496629327536 341.1998453810811 103.357250995934 5.319263264536858 42.40099278092384 10.88611935824156 56.85419487208128 3.997608259320259 7.211067639291286 0.3436393588781357 1.494958303868771 1.324264720082283 54.3308857306838 2.169354610145092 3.712737828493118 10.46612872928381 718.85509583354 0.3853204324841499 2.409857168793678 34.53443715721369 686.8529547452927 42.76908822357655 44.51877309381962 0.2523424550890923 6.436001852154732 2.5438551902771 31.2120345979929 15.28876771777868 143.0680264160037 14.31072321534157 112.7408846542239 22.89746774733067 143.4222412034869 5.538721993565559 11.20309003442526 10.25709117949009
525.2132424861193 0.2630181238055229 220.4101843088865 54.63979614526033 282.293862439692 7021.398724026978 3379.996806096286 9755.976871300489 37.40881639719009 3869.66392333433 27.66054191440344 768.7788114473224 6.360327556729317 10643.63935277984 284.2111248522997 0.286520779132843 180.8377204760909 8.621431887149811 32.0327727124095 325.4946036040783 135.6980243250728 0.6685450226068497 337.6339333206415 530.6926740780473 1.347800567746162 198.2895969487727 57.55357147753239 499.4093283638358 1382.214851822704 624.563806578517 0.5226328745484352 605.2056079022586 7.873291477560997 117.0362000279129 1.911076828837395 152.4183498360217 23.38664839416742 158.3338012583554 40.59849496930838 418.5605161190033 22.9164354801178 2.262748502194881 2.595037631690502 2.569749005138874 0 0.1098724231123924 16.42923633009195 0 4.749237626791 142.5883794650435 16.03202021121979 34.08997102081776 16.76375373452902 0.761544942855835 4.835831761360168 2.585181772708893 9.7821961119771 0.5300485342741013 0.2129968255758286 0.09351352602243423 0.6502124965190887 0.644191175699234 7.50865987688303 0.5942863672971725 0.6932987347245216 1.124432541429996 99.23241182416677 0 0.1242343634366989 5.100424349308014 141.1450343728065 7.115791730582714 13.16591691970825 0 0.327766440808773 0.7748583033680916 5.829486414790154 1.025741592049599 30.16090466082096 2.319715701043606 21.80394917726517 5.703112810850143 27.57601599395275 3.347519047558308 2.281280860304832 3.024255618453026
1.556236669421196 486.9683659225702 1.644068844616413 705.4159091487527 45.86250019818544 75.83905137330294 425.9605964496732 37.40881639719009 1579.285993859172 426.0041452124715 17.13846213370562 214.6082315295935 45.6175018325448 31.15357803553343 2011.503747433424 5.291434735059738 4.236044697463512 1.042625516653061 5.168514080345631 606.3486831784248 1.016566060483456 3406.601768344641 7.854342401027679 9844.9922619313 161.476862154901 24.44871936738491 752.3577245995402 1119.319051630795 18.2901131734252 33.46620658040047 5.238165713846684 3.454631917178631 1.598138339817524 17.33673925697803 1.181826569139957 81.44830401241779 10.39721304178238 28.99255073070526 5.633702047169209 639.4713609218597 11.88417790830135 9.4118577465415 1.465406179428101 5.448618553578854 4.404125154018402 2.533372551202774 90.95559579879045 0 7.313788466155529 149.2427426204085 15.60295088589191 200.2568094655871 30.58365266770124 0.8945751115679741 21.68809624016285 2.093961387872696 13.2492301389575 8.236178651452065 2.711101673543453 0.5699948891997337 0.294219546020031 0.5731209963560104 48.92710622400045 3.197266601026058 11.47307378053665 1.007132716476917 688.8394817635417 1.541320309042931 8.158977337181568 29.52320351451635 246.8478085696697 14.48485377430916 27.7932950630784 0 0.6726771593093872 0.8384248241782188 5.693889178335667 1.121077656745911 33.17426779866219 8.001814886927605 19.10632067918777 7.265738949179649 61.58004566282034 0.3268065750598907 0.7937827706336975 0.6508300453424454
189.592462696135 0.1803231760859489 99.79915882647038 2214.08451833576 25.82368341833353 7390.640374898911 13282.9433198534 3869.66392333433 426.0041452124715 34699.06791107357 37.33015355467796 1855.519437797368 9.628612041473389 2061.682296805084 102.9294654503465 0.8633941188454628 24.44957833737135 15.31735846400261 34.51417615264654 2388.479151286185 15.83216762542725 1.953387834131718 129.4856519624591 782.717612452805 4.543055094778538 91.25280336290598 71.53495274484158 4691.52122142911 1195.266818929464 83.79195377975702 1.472105875611305 106.3026160374284 46.67855888605118 491.5543074831367 9.036621309816837 1425.511998035014 48.57063680887222 893.616285469383 256.2049619108438 441.8429543375969 83.30371852964163 2.409594401717186 19.2428390160203 0.9653120338916779 1.32156103849411 1.752742886543274 431.0801366269588 0 30.75752019137144 245.0246413499117 35.64534504711628 357.8017482981086 269.4528259411454 1.574519820511341 125.6404004842043 1.049488097429276 14.53518410027027 1.793348610401154 0.8540632277727127 0.1820367351174355 0.143003061413765 0.4870315417647362 262.3181660547853 0.2142313942313194 6.395075641572475 1.203460805118084 623.27842297405 0.8895335271954536 0.9290029630064964 8.041146747767925 355.5363660603762 7.435500264167786 2.287551209330559 0.1078757643699646 1.881831914186478 0.309922069311142 8.022222794592381 3.181822180747986 23.879324413836 4.100454226136208 25.39907695353031 8.944455057382584 29.40470799803734 0.9334960132837296 7.819884933531284 0.1339549571275711
12.40173146128654 215.7693075686693 26.44456568360329 2.942199602723122 62.01743651181459 87.93994538858533 33.04662742465734 27.66054191440344 17.13846213370562 37.33015355467796 11634.20868144184 35.57790117710829 5368.402262873948 58.44120421260595 15.58188587427139 3.261833593249321 357.6797975748777 7057.606379836798 3300.763741277158 15.91292114555836 10.21662405878305 48.78270743787289 42.17206076532602 33.68180939555168 1643.120801925659 4206.719623632729 1350.618156328797 25.0440690740943 220.2208925113082 26.82946414500475 810.4801579713821 172.4754273295403 5.020161747932434 3684.521434895694 19.69252497702837 1025.246566727757 4417.686178319156 5457.864262603223 1535.04712356627 64.98514579236507 110.3346769362688 1695.687071435153 22.29806618392467 0.189534068107605 20.31128123402596 6.687542736530304 0.5606198161840439 0.1459963619709015 1.078647710382938 8.852231584489346 1.730471812188625 2.351101368665695 0.953749917447567 273.2821991592646 0.579038068652153 640.3658976852894 1.680598445236683 0.1073405146598816 0.245188295841217 2.15156764537096 22.92932430654764 12.34799109399319 0.5334823429584503 1.063743643462658 1.804854206740856 0.5852361768484116 6.769908718764782 330.2773086354136 165.2556337043643 442.9416670054197 8.319463692605495 1.333062075078487 0.8188028261065483 153.8448635265231 1.508457735180855 0.08982976526021957 10.05119116604328 9.595254600048065 21.60718124359846 840.7676132246852 162.9514382705092 16.28951481729746 1.422829434275627 0.9768658056855202 136.4395503997803 0
10.13678781688213 1.836832642555237 0.8810089305043221 1938.145787097514 91.22791837900877 4469.780993055552 71.61581806093454 768.7788114473224 214.6082315295935 1855.519437797368 35.57790117710829 9269.282706841826 11.64106518030167 488.9536412209272 1715.918616391718 0.4553318023681641 1.715848296880722 10.54656352847815 21.49090773612261 4359.537985578179 0.4172928780317307 8.964541107416153 2.24907835572958 389.5261893421412 0.9919482469558716 27.94983822107315 9.962362222373486 357.4643842726946 356.5552404224873 4.14876326918602 1.2481544688344 150.6225690208375 2.457968719303608 271.2287742495537 0 374.8004244342446 14.20923396199942 312.8874343931675 55.19813421368599 1406.615689009428 51.53742790967226 4.543593101203442 3.332080684602261 0.2497269511222839 0.2752929329872131 0.1874017044901848 204.7738678976893 0.1499520838260651 12.68446732312441 66.81324256211519 5.26107082515955 88.01436269283295 86.13109884411097 0 106.9017271250486 4.177654266357422 1.936084181070328 0.3470085710287094 0.1144528165459633 0 0 0.08682208508253098 110.2993623688817 0 1.082943081855774 0 99.79866035282612 0 0.3654840216040611 0.1406706124544144 60.2723356038332 0.7677180916070938 0.1853938847780228 0 0 0 1.416892267763615 0 21.50365670025349 5.577958665788174 4.203392945230007 4.126008607447147 41.67256087064743 0 12.68683709204197 11.55666160583496
0.2720567360520363 864.4057481735945 0.6798707470297813 1.650347270071507 17.0620501562953 25.62144174426794 30.45522305369377 6.360327556729317 45.6175018325448 9.628612041473389 5368.402262873948 11.64106518030167 4389.505398221314 7.210756465792656 7.412745214998722 4.404413968324661 1.77751474827528 104.4805779755116 14.53671243786812 1.739918723702431 3.168939597904682 135.9738751873374 8.205570429563522 42.36685758829117 4760.008229866624 606.8963755443692 4043.003383211792 16.52905958890915 15.04402093589306 7.710697062313557 928.3097928091884 39.09997324645519 0.08898264169692993 410.8256410136819 17.34268756210804 582.4122438132763 2431.124934449792 1616.378127112985 242.2867504879832 247.5428522378206 111.9666092991829 1034.032145574689 24.67861837148666 0.9679938554763794 47.72111483663321 1.196435771882534 1.552165143191814 0 0.5599550008773804 34.33545093238354 9.763927601277828 0.3634536936879158 1.685973361134529 327.0666396468878 0.3971220999956131 692.424521908164 1.929004080593586 0.1888958141207695 0 1.032157398760319 29.12639378011227 4.111950047314167 0 0 2.200881585478783 0 6.562118723988533 478.8788476884365 265.0649782344699 545.549782499671 4.766836777329445 0.6216326206922531 1.402459740638733 222.0663063004613 1.319941990077496 0 18.55184160917997 16.56508433818817 301.0036065429449 698.455682516098 174.7163853645325 20.26707534492016 26.22572967410088 4.957130797207355 96.46234080195427 1.262809231877327
5807.618289172649 0.2874337211251259 336.6088648252189 86.96349472552538 106.0984534546733 1292.271074797958 6807.474088303745 10643.63935277984 31.15357803553343 2061.682296805084 58.44120421260595 488.9536412209272 7.210756465792656 13203.87961450964 81.75618264079094 0.8774102702736855 412.4174313060939 20.63525129854679 74.07775231078267 282.9496034160256 361.9152302891016 1.161415331065655 691.385119445622 594.636575601995 3.686469472944736 327.1257397569716 86.83574286848307 540.2375783920288 6987.254403874278 2487.288765184581 1.18063872307539 391.2482361346483 28.84697653725743 301.580904033035 2.643580988049507 222.9591521136463 31.94434864073992 272.7141742929816 62.68613094091415 276.1039307713509 25.86661088094115 6.779586419463158 4.281768959015608 1.843623220920563 0.09504310041666031 0.2669960260391235 11.43857935070992 0 5.690028101205826 148.1768562942743 12.64655517041683 34.31947923079133 12.4846863001585 1.053550690412521 2.733821175992489 3.504900112748146 10.59619581699371 1.654176235198975 0.4264188855886459 0.4530817866325378 0.07993581891059875 0.1419256329536438 5.47272515296936 0.6653093323111534 0.1750110611319542 0.9134491458535194 94.59841512143612 0 0.4293206706643105 6.257828678935766 125.148736000061 9.761752404272556 18.70484490692616 0 0 0.4279153421521187 5.38264524936676 1.476127311587334 31.21410080045462 3.976928576827049 20.77139401435852 4.805076755583286 25.97487693279982 1.242871001362801 2.878304123878479 0.3998036757111549
0.4662336334586143 10.74936436861753 0.1094450503587723 53.52150388062 1353.56258855015 2253.663381926715 37.6518547385931 284.2111248522997 2011.503747433424 102.9294654503465 15.58188587427139 1715.918616391718 7.412745214998722 81.75618264079094 705.5599187538028 0.1728510558605194 0.07946360856294632 3.458443157374859 4.225552342832088 241.9844046831131 0.3710004948079586 79.60069159418344 0.3935412019491196 980.2719094380736 12.61136519163847 7.955590769648552 24.55224128812551 64.43740873038769 58.55821875482798 1.668341509997845 0.5629110038280487 258.9657834023237 0.1258671283721924 279.0395927578211 0.8168389052152634 219.8756834492087 8.503118269145489 148.2376738041639 41.77709574252367 2465.901782818139 315.0351345092058 5.065005131065845 1.678384199738503 0 0.1352645754814148 0.1857262849807739 78.03003969043493 0 7.87045618891716 39.8615961894393 4.205770939588547 53.84966136515141 57.51994502544403 0 64.23274856805801 6.912449836730957 1.805008813738823 0.4317107796669006 0.245701901614666 0 0 0 73.85838514566422 0.257718950510025 0.9098905622959137 0 60.44882806390524 0 0.09408669918775558 1.850006885826588 39.62448912858963 0.3943431153893471 0 0 0 0 0.8444488868117332 48.95084145665169 18.71974118053913 0.7538387477397919 6.243306070566177 8.983699083328247 16.5104129165411 0.6172065809369087 1.392347678542137 2.02260497957468
0 94.33131181448698 3.888657100498676 2.170900769531727 0 1.434891775250435 5.695766687393188 0.286520779132843 5.291434735059738 0.8633941188454628 3.261833593249321 0.4553318023681641 4.404413968324661 0.8774102702736855 0.1728510558605194 4833.993079960346 9.565760806202888 0.7641054913401604 2.993899188935757 0.1515229791402817 1629.924934931099 1805.743080638349 2598.264590114355 3150.64769821614 14.35514565557241 8.479821294546127 3726.039376847446 1439.001575194299 1.456604175269604 11.51474006474018 0.3262309581041336 0.4284908771514893 1.812346659600735 54.54110138118267 98.34168297797441 1715.501709222794 989.618220128119 526.1307167857885 981.3458401784301 73.6397043466568 5.095752388238907 5.459894940257072 4.563251465559006 2.165432654321194 3.701931819319725 4.496741130948067 0.09462979435920715 0 0.3270696997642517 35.45351278036833 4.904846221208572 15.31009282171726 0.9578147530555725 0 0.3772563859820366 0 9.531521439552307 0 3441.734002813697 1.251955568790436 0.1726419702172279 0.1741851419210434 0.1058910712599754 554.2626004964113 1430.47550059855 1353.030556634068 349.1832957863808 0.3310501277446747 2.811625584959984 566.8523226380348 133.755754545331 16.83826700598001 148.6654563099146 0.1018122956156731 0 1.846744857728481 6.614210285246372 20.30541867762804 86.95119159668684 17.01394060254097 20.14767715334892 26.45080608129501 4.369125314056873 0.9293231219053268 0 1.972353965044022
234.3215903937817 18.23133546113968 2190.570828296244 11.15279449522495 1.068034216761589 27.3283192589879 154.0799877643585 180.8377204760909 4.236044697463512 24.44957833737135 357.6797975748777 1.715848296880722 1.77751474827528 412.4174313060939 0.07946360856294632 9.565760806202888 812.8296595364809 291.4876618310809 3443.040617763996 1.992660470306873 349.3969102352858 11.71419923007488 5237.130137585104 47.36382213979959 0.391937255859375 1869.841261923313 5161.740538686514 42.13884071260691 802.7229420691729 643.1581717431545 0.1615962088108063 6.206414926797152 83.79772448539734 1817.00015643239 21.73546422272921 751.5602412447333 3607.25602965802 2169.964171387255 835.7304580137134 21.75941032171249 5.654872491955757 5.057323396205902 3.562055476009846 0 25.99710707366467 262.4523203894496 0 0 0 3.350357316434383 1.207689419388771 0.657074086368084 0 0.645404189825058 0 0.211363285779953 0.1153513342142105 0 2.83346251398325 43.18523033708334 1.212327711284161 12.50133364647627 0 1.678340747952461 10.80121500045061 27.46865988522768 8.373534180223942 0.2109923511743546 158.9354047998786 1005.546732388437 2.975618489086628 0.294672317802906 3.205875910818577 0.3195245638489723 0 0 14.82283688336611 7.438917979598045 21.13563358038664 323.3442929089069 47.10016768425703 7.306426465511322 0.8577734678983688 0.2176031544804573 0 0
9.089043647050858 5.859671585261822 23.61748463660479 0.9663593918085098 7.494168505072594 20.91704485192895 13.99815618246794 8.621431887149811 1.042625516653061 15.31735846400261 7057.606379836798 10.54656352847815 104.4805779755116 20.63525129854679 3.458443157374859 0.7641054913401604 291.4876618310809 624.7962959110737 2082.027115933597 6.118351891636848 3.143991887569427 2.4137794226408 28.00920640677214 8.49812438338995 26.18875730037689 2132.772337727249 613.5072060972452 6.971862260252237 57.58604484796524 12.93333295732737 96.76439087092876 26.2037960216403 1.931413263082504 965.2446840852499 5.303449228405952 374.8827164322138 913.6843960285187 1385.593868240714 563.3746678382158 15.56504455953836 9.700951397418976 96.44530867040157 3.05755427479744 0.09107077121734619 7.220523484051228 2.642030142247677 0.0783432349562645 0 0.09065926820039749 1.974399171769619 0.08234354853630066 0.3423695042729378 0.2236043512821198 11.94808309525251 0.2173131704330444 25.93850287795067 0.1752308160066605 0.1190496608614922 0 1.377401173114777 5.218340836465359 6.473633371293545 0 0.3344272822141647 0 0.608518011868 2.542300343513489 11.60199821740389 68.86367432028055 127.0124702900648 1.80913282930851 0 0.9301702678203583 15.97383711487055 0 0 1.672186590731144 5.36731182038784 4.990270748734474 41.88098443299532 11.88418809324503 1.3621746301651 0 0.1325880587100983 1.572911158204079 0.4573401659727097
37.01992816478014 34.94012764841318 108.4823191538453 3.134135097265244 6.757723316550255 33.60030358284712 36.78356363624334 32.0327727124095 5.168514080345631 34.51417615264654 3300.763741277158 21.49090773612261 14.53671243786812 74.07775231078267 4.225552342832088 2.993899188935757 3443.040617763996 2082.027115933597 1515.895598061383 12.74628546088934 13.53225732594728 11.70529296249151 166.2455496191978 22.7858834117651 7.063198499381542 6744.017662897706 2857.860904581845 20.70492296293378 202.838282763958 54.68696259707212 10.55777384340763 31.7585623934865 15.56797333806753 2771.008472904563 17.97728614509106 1169.61612701416 1598.411583781242 2695.366729035974 1200.954785346985 40.71314062923193 7.993897706270218 9.849549353122711 6.12111834436655 0.07659965008497238 24.36232230812311 47.03058397769928 0.4308360293507576 0 0.2370032519102097 5.685229524970055 0.3376915752887726 0.3516405373811722 0 1.818001978099346 0 2.354656517505646 0 0 0.7405464202165604 33.01745823025703 5.285416342318058 40.07610180228949 0.132496640086174 1.233056738972664 2.925632461905479 4.837664529681206 7.033662863075733 5.679638631641865 309.8665013983846 529.8084904551506 5.684811174869537 0.3951483890414238 2.575346380472183 4.344452023506165 0 0 8.766896694898605 4.388480313122272 20.1212095245719 190.3284418582916 26.76203530281782 4.565977044403553 1.043299943208694 0.5093691200017929 0.5730466172099113 0.5332697927951813
20.91501893103123 0.299131415784359 0.5922383889555931 3434.687365025282 12.906753949821 818.945149242878 213.5768757089972 325.4946036040783 606.3486831784248 2388.479151286185 15.91292114555836 4359.537985578179 1.739918723702431 282.9496034160256 241.9844046831131 0.1515229791402817 1.992660470306873 6.118351891636848 12.74628546088934 494.6452151611447 1.352886721491814 0.1826619356870651 2.891854040324688 734.7375449761748 0.6816430762410164 13.9488428607583 5.704401798546314 1332.350731410086 317.600324884057 5.618573591113091 0.5742041617631912 47.9109071418643 7.824389211833477 163.4544517695904 1.379963219165802 388.2958231046796 9.262316703796387 283.2149647325277 63.17629018425941 816.8620932176709 30.01929849386215 5.901327274739742 5.521017037332058 0.3022681176662445 1.158426702022552 0.2132632806897163 343.8091745898128 0 14.98508578538895 154.461172260344 16.00324879586697 235.9428141638637 171.1453489363194 0.2453241646289825 119.1263418719172 0 12.24978460371494 2.289821162819862 0.2927228808403015 0 0.1118667647242546 0 201.4115432575345 0.1523545682430267 3.586942546069622 0 401.8488072156906 0 0.7127204909920692 2.13594751060009 218.5645426958799 3.096317030489445 0.8123759627342224 0.08270730823278427 0.3420989811420441 0.5565337091684341 3.593546770513058 0 14.03223627060652 0.5072457939386368 13.12359715253115 1.517243593931198 29.68712022900581 1.322555959224701 0.2608164101839066 0.5231989324092865
248.493096627295 1.567813202738762 320.7342083901167 4.664583794772625 2.898893788456917 13.89946586638689 242.8475507870317 135.6980243250728 1.016566060483456 15.83216762542725 10.21662405878305 0.4172928780317307 3.168939597904682 361.9152302891016 0.3710004948079586 1629.924934931099 349.3969102352858 3.143991887569427 13.53225732594728 1.352886721491814 11111.21929688007 49.68600413203239 10175.63751274347 399.8980129212141 1.003834098577499 27.44415862858295 454.6692911759019 4099.479584887624 451.8226137310266 13075.43476210535 0.262695275247097 5.479573730379343 33.85967094451189 2710.543403021991 417.4549603313208 5574.483352281153 2414.589512363076 5874.128240346909 4353.658207386732 175.151552375406 27.37095309048891 9.164982587099075 22.10325344651937 3.575975172221661 0 0.9492970034480095 0 0 0.7714203372597694 55.96753752976656 13.60006185621023 8.836560517549515 0.632541723549366 0.08364876359701157 0.1330486685037613 0 16.6486641317606 0.10483368486166 518.7464322596788 0.7291398718953133 0 0.1018108278512955 0.3448047935962677 401.4333630800247 208.3705990836024 110.2798808068037 285.4971058666706 0 0.5247099921107292 14.24638008326292 139.4952804967761 24.72083995491266 218.9828107282519 0.2491073459386826 0.1632752791047096 6.475962318480015 6.791735447943211 60.32449945062399 88.06286397576332 7.487936794757843 13.63297162204981 18.02110110968351 4.200294710695744 0.2699627578258514 0 1.230662897229195
0.1203073039650917 1677.078223228455 3.013361983001232 3.061188854277134 1.539442628622055 1.239432297646999 8.649441301822662 0.6685450226068497 3406.601768344641 1.953387834131718 48.78270743787289 8.964541107416153 135.9738751873374 1.161415331065655 79.60069159418344 1805.743080638349 11.71419923007488 2.4137794226408 11.70529296249151 0.1826619356870651 49.68600413203239 1616.600656926632 111.5277213379741 7376.554135888815 544.9042867571115 59.8249537050724 4135.170483157039 308.4094704538584 1.544519364833832 4.170872613787651 11.69488686323166 0.6023684293031693 0.1962067857384682 14.3113451898098 2.476632229983807 196.9300114959478 34.95799459517002 92.11535496264696 50.58134090155363 73.1571269929409 0.4136765003204346 33.99552411586046 0 3.88349873572588 13.75564993172884 7.593378968536854 0.7575283423066139 0.1110288202762604 1.384865291416645 67.02343785017729 6.882233753800392 47.98503264784813 0.7329694330692291 1.386423394083977 0.5225284546613693 3.183109894394875 13.69870273023844 1.148606486618519 816.4843332841992 3.381269223988056 0.4243466630578041 1.493405602872372 0 141.4317082390189 361.45683965832 180.859046086669 542.1796536520123 6.056310318410397 18.1836479306221 1118.819258056581 131.1697636544704 18.24130415171385 82.57629545032978 0.7573192790150642 0.1008154824376106 2.920515142381191 6.524340495467186 3.245955616235733 31.80407823622227 15.06238298118114 14.35840135812759 8.631081521511078 10.65494875609875 0 0.1413479745388031 0.8463262021541595
383.0257760882378 2.182210817933083 7169.91095598042 31.76296304911375 2.1640310510993 90.96386610344052 1513.140796847641 337.6339333206415 7.854342401027679 129.4856519624591 42.17206076532602 2.24907835572958 8.205570429563522 691.385119445622 0.3935412019491196 2598.264590114355 5237.130137585104 28.00920640677214 166.2455496191978 2.891854040324688 10175.63751274347 111.5277213379741 13480.81023238599 892.1733291000128 1.673688657581806 1969.188974045217 11292.61988245696 3850.772379390895 677.180244486779 4237.657866694033 0.07341215759515762 11.65484906733036 50.83462918549776 2363.503584623337 460.7939241304994 7527.200046077371 6946.816214025021 9829.719643235207 8298.060891754925 407.3510740473866 47.01888187974691 27.35751392692327 29.175148896873 0.9167099893093109 1.615171998739243 15.00356286764145 0.233229972422123 0 0.1153546720743179 25.58528313785791 1.521996334195137 6.259248107671738 0.794650711119175 0.1025470867753029 0 0 3.228158950805664 0 1497.622816972435 2.828673042356968 0.1641743704676628 0.8582764863967896 0.8100894689559937 136.7055957987905 447.9788624197245 1019.688430473208 73.71923270076513 0.1036344170570374 2.042336456477642 738.7296382114291 45.29472667723894 3.190220393240452 38.33823575079441 0 0 0.6686468198895454 2.478401280939579 85.57528146356344 70.14071775227785 23.76225695014 17.31703364849091 27.05752199888229 3.82610459625721 0 2.463275961577892 0.4918313026428223
74.18877703696489 412.7212277203798 121.286653868854 2299.972233705223 24.78814491629601 366.4186073094606 2494.009567767382 530.6926740780473 9844.9922619313 782.717612452805 33.68180939555168 389.5261893421412 42.36685758829117 594.636575601995 980.2719094380736 3150.64769821614 47.36382213979959 8.49812438338995 22.7858834117651 734.7375449761748 399.8980129212141 7376.554135888815 892.1733291000128 14114.58384955674 105.1362456157804 105.9795231372118 4122.575277671218 10477.01197376102 1028.670218326151 412.1522243097425 4.144950985908508 58.09875451028347 290.5878161564469 654.2788731381297 128.6164251491427 2740.993605211377 242.2765324413776 1230.947476379573 702.595598846674 684.7457504943013 71.19905863702297 12.1122720092535 25.13064799457788 40.48309238255024 8.405177265405655 10.53041322529316 270.0891965702176 0.7130616828799248 79.41695427149534 1470.94040351361 168.9513524025679 1558.215350627899 210.3645893260837 8.263856023550034 75.48552580177784 12.48414917290211 183.5138658285141 16.61548692733049 363.2809678316116 3.51266948133707 4.470408536493778 3.378980278968811 142.3385164514184 333.658027946949 358.0564848482609 126.8500392660499 2854.128916397691 3.1634286865592 13.22404847294092 404.2653955370188 2057.958305984735 178.1704664230347 450.1724745631218 0.5641026794910431 10.16965883970261 17.95691590756178 67.11816583573818 41.72590785473585 391.7710026428103 30.0846741721034 220.2186904475093 69.93151015788317 273.3421103060246 13.46171271800995 20.38739588856697 8.689677581191063
0.4105851650238037 2675.560361132026 0.6959185600280762 3.731160521507263 4.125014320015907 5.611753836274147 12.57677771896124 1.347800567746162 161.476862154901 4.543055094778538 1643.120801925659 0.9919482469558716 4760.008229866624 3.686469472944736 12.61136519163847 14.35514565557241 0.391937255859375 26.18875730037689 7.063198499381542 0.6816430762410164 1.003834098577499 544.9042867571115 1.673688657581806 105.1362456157804 1203.89435017854 453.2424796000123 5839.605615273118 26.11944453418255 5.271524891257286 7.735755503177643 415.3498437553644 5.681288614869118 0 216.1073211580515 3.221069626510143 198.0333696678281 255.5943111181259 651.2061821967363 65.51148675382137 164.6399213299155 95.5156537219882 574.3561203926802 16.60118918120861 0 107.7934013456106 2.3848886936903 5.384461879730225 0 0.6138787716627121 27.50378653407097 1.950647778809071 0.09418889135122299 0.2325580641627312 170.9921657070518 0 371.3058221116662 2.691262200474739 0 0.1040286123752594 1.078486792743206 10.24848538637161 14.93664446473122 0 0.09054987877607346 1.793318167328835 0.7303732112050056 14.29053477942944 167.1158265322447 249.9282967150211 891.0588420331478 13.48496618121862 0 5.647357389330864 79.56946484744549 0.3240028023719788 0 37.84609950333834 3.203561186790466 150.8260715901852 236.513681948185 79.480512984097 10.99777120351791 14.24561762809753 0.4497342705726624 384.6461983472109 0
119.9681911692023 215.0953905209899 6003.132970288396 18.87002792954445 19.37648477777839 93.6434069275856 365.5766902007163 198.2895969487727 24.44871936738491 91.25280336290598 4206.719623632729 27.94983822107315 606.8963755443692 327.1257397569716 7.955590769648552 8.479821294546127 1869.841261923313 2132.772337727249 6744.017662897706 13.9488428607583 27.44415862858295 59.8249537050724 1969.188974045217 105.9795231372118 453.2424796000123 25109.56635503471 19866.67015694082 84.0168644785881 298.5470966175199 125.6755775436759 376.6477809175849 61.36361348628998 18.1218488290906 1476.16148481518 35.38224859535694 2262.25444123894 6248.396233737469 4487.703286707401 1873.769667506218 79.62917294353247 23.15902755409479 463.1421386674047 13.91148043423891 0.108170323073864 265.8301683962345 342.1565658152103 0.4370580688118935 0 0.7056860849261284 9.220495872199535 2.485250666737556 4.647769846022129 0.457662969827652 103.9678536504507 0.2355266660451889 264.5880122259259 2.794125609099865 0.2008120492100716 4.433459639549255 124.7798030897975 79.80953906476498 237.3011724725366 0.2293511256575584 6.373211048543453 22.18103621155024 31.04244826734066 28.13613092899323 182.9735075086355 1920.696939460933 4532.741972096264 10.38243962079287 2.274284325540066 8.130013093352318 191.2197044938803 0.2744612768292427 0 40.555873952806 17.66814441978931 85.5903647840023 814.2050907462835 224.0752325206995 37.63448202610016 2.864905200898647 0.4421997666358948 8.358723349869251 2.035331845283508
35.7161948159337 6889.111143030226 4123.554410986602 29.73219330608845 6.592610590159893 51.98770921677351 441.0338079035282 57.55357147753239 752.3577245995402 71.53495274484158 1350.618156328797 9.962362222373486 4043.003383211792 86.83574286848307 24.55224128812551 3726.039376847446 5161.740538686514 613.5072060972452 2857.860904581845 5.704401798546314 454.6692911759019 4135.170483157039 11292.61988245696 4122.575277671218 5839.605615273118 19866.67015694082 34037.51194437593 2593.452659904957 119.3919058963656 64.88868168741465 1592.214218758047 18.28260146826506 11.65166052430868 2445.678413532674 178.5213855430484 4335.581935785711 4209.206090480089 7057.873718485236 2740.156286031008 211.7166976183653 16.00108707696199 128.3456203341484 17.75333171337843 1.824380241334438 1869.681523486972 1196.316982790828 1.654529102146626 0 1.84538409113884 64.79994382709265 10.65889224410057 16.0648228302598 2.512718603014946 79.39859358966351 1.311128526926041 190.3641475886106 10.30394148826599 0 1312.978189490736 308.1858599483967 85.54326698929071 338.8995302990079 0.1367238014936447 63.36411100625992 1324.116281107068 1911.863942153752 139.4290340840816 256.9794497042894 2964.572824135423 19804.06784830242 85.45120065659285 5.623113922774792 60.15230809152126 151.5886511951685 0.8777964785695076 0.4410722181200981 100.9886538013816 49.59934270381927 305.2360808700323 1144.375939525664 455.4029953554273 162.5711661949754 12.64876070618629 0.6324019283056259 8.476733915507793 1.233768448233604
