3419.825054757297 0 172.0757770687342 1.383388578891754 0.2062399983406067 12.09152888506651 4152.377920411527 515.3942591771483 5.632534131407738 10.91949719190598 10.63096006214619 0.9345557540655136 0.597321130335331 4811.36586676538 1.245037987828255 0.1132870316505432 134.7244186550379 10.20545697957277 71.66751231253147 0.6150793880224228 91.0863429531455 0.4896480813622475 102.4248072504997 41.55676110088825 0.08662623167037964 110.5419289767742 29.29710101336241 93.93556917458773 3226.944854967296 4450.273217894137 0.2483571991324425 6.669593088328838 8.762419700622559 50.20752493292093 0 16.68107337504625 17.0716417953372 22.55632124841213 5.665664911270142 1.970847211778164 0.5766398012638092 1.41689395904541 0.130249559879303 0 0.09960568696260452 0.7638510540127754 0.4049199819564819 0 0.2018591314554214 1.427843630313873 1.288232691586018 1.233244970440865 1.520115897059441 0 0.1025753244757652 0 0.7518258392810822 0.1559906005859375 0.506340354681015 0.1348048150539398 0 0 0.2539314106106758 1.003945283591747 0.1717503517866135 1.513757884502411 9.916563712060452 0 0.5261278450489044 2.561376586556435 10.84067761152983 0.2583426684141159 0.5035279467701912 0 0 0 0.8255539163947105 0 2.800132215023041 0.1066852286458015 1.987521961331367 0.81661157310009 1.219154924154282 0 0 0
0 390.1132048144937 6.116005897521973 7.143295764923096 0.9166324809193611 1.676125764846802 11.771943166852 1.813481338322163 524.5754366070032 7.363814309239388 305.8279616981745 3.581562280654907 695.4153535813093 1.087710745632648 11.5109154060483 182.6668801829219 62.84725454449654 5.845915831625462 104.8171846494079 0.127879723906517 19.36362574994564 1676.386369585991 16.90318346768618 728.5134895294905 1905.002573341131 329.8262231424451 7733.492329537868 35.6100217923522 1.410404995083809 1.944281227886677 47.20495893061161 0.7155886739492416 0.3139612078666687 343.0816208049655 6.26704004406929 103.2393990755081 192.6080080941319 258.1810956001282 56.85848969966173 15.70703106373549 0.478356808423996 342.7558789253235 1.177064433693886 0.3141902983188629 100.7137093096972 98.61852806061506 0.1234541237354279 0 0 1.511162213981152 0.4799745455384254 0.5937229245901108 0 8.610717408359051 0 22.46985038369894 0.8438970223069191 0 7.109201774001122 28.87488033622503 0.6462265327572823 7.381673850119114 0 0.5421544462442398 9.860019437968731 11.06047876924276 5.513754725456238 6.892328485846519 201.0352573618293 1597.429530791938 0.9318119436502457 0.1004132851958275 0.7223402187228203 3.978581674396992 0 0 11.58020410686731 1.405530288815498 39.10850332677364 44.4095596820116 39.68727120012045 11.54216257482767 0.4124111533164978 0 5.879387989640236 0
172.0757770687342 6.116005897521973 8700.329002074897 0 0.9585639536380768 197.4000859409571 1596.640287160873 1206.676564589143 3.044928789138794 168.1794069111347 23.57204586267471 1.428874798119068 2.203029774129391 795.2695824801922 0.2233949452638626 11.9679943472147 6365.136944316328 92.29032618552446 468.0229874774814 0.4987621158361435 920.9160800129175 5.396563440561295 18207.21266758442 15.24004942923784 1.496806718409061 9184.298472955823 8869.906623527408 1186.307898178697 130.1331432163715 811.8393517509103 4.490131951868534 11.6601405441761 7.295025013387203 1037.485480174422 164.9325969964266 3140.027001872659 2563.80890570581 3204.515293478966 1175.864156417549 138.7869507446885 5.822208613157272 13.48975574970245 18.86499933898449 1.694179907441139 20.69154931604862 681.6895104944706 0.7415651977062225 0 0 20.55878640711308 1.29470506310463 0.9250136464834213 0.7764128223061562 8.676278427243233 0.2576339244842529 0.1329521983861923 4.800325021147728 0.18692746758461 146.2054585590959 75.54162665456533 0.4072705060243607 8.224937185645103 1.054457694292068 8.880289010703564 40.84051205962896 990.8799290508032 31.80790664255619 0.1181076541543007 59.68717673420906 2154.845377929509 37.01095955073833 0.2481205090880394 5.553169704973698 0.392181508243084 0 0 23.76114047318697 12.76174752414227 142.292412340641 146.4653126522899 102.4795875772834 54.71951968222857 3.783506162464619 0 28.5366338789463 2.951869249343872
1.383388578891754 7.143295764923096 0 2131.156223788857 16.37129270285368 71.34415718913078 68.25778722763062 72.45183439552784 1415.178448587656 3410.933540269732 5.812049634754658 5313.634091027081 1.701818473637104 63.83114590495825 212.8299294933677 2.112583085894585 0.6530219987034798 1.165720716118813 1.199594095349312 3610.419581666589 0 47.92823430895805 0.9677351713180542 2408.18174752593 1.162834621965885 1.757797263562679 13.46003952622414 3375.826299205422 116.1609272509813 7.496972821652889 0 5.095294073224068 13.64293917268515 61.67896395921707 3.659485921263695 282.8123651742935 7.266184881329536 117.0716169178486 67.26783739030361 295.2186617702246 5.476380810141563 2.036930829286575 6.271819457411766 0 0 0 320.1141409724951 3.000998452305794 15.87259640544653 75.86984300613403 43.98337910324335 128.9308949410915 198.6125520765781 4.463213130831718 260.0021649748087 0 15.64065831899643 37.34956553578377 12.54814365506172 0 0 0.1783237755298615 181.5155383348465 7.696940168738365 1.790424168109894 5.894507676362991 396.8725030645728 0.1524131149053574 0.726386547088623 4.257823020219803 440.7913453504443 7.315071851015091 22.49194514751434 0 0 0.2407390773296356 3.525086514651775 0.3784821927547455 81.47781901061535 0.696466788649559 15.85142062604427 4.245385177433491 160.0042610988021 0.274901270866394 11.39201638102531 1.691010564565659
0.2062399983406067 0.9166324809193611 0.9585639536380768 16.37129270285368 426.1490519344807 1399.185646750033 5.854303933680058 78.17758555710316 119.3683285117149 34.87865407019854 58.17896745353937 274.240923114121 6.468043364584446 23.66105690598488 1612.974592223763 0.2294748425483704 1.080947086215019 5.232236839830875 3.707397185266018 37.92145130038261 0.917781874537468 3.972327798604965 1.103997193276882 60.95705502480268 1.004319608211517 5.03352514654398 6.625746116042137 24.57614532113075 129.9271713495255 2.020111434161663 0.8052441105246544 1293.461526706815 0.2150600403547287 549.8540536761284 2.289828881621361 133.6747168600559 7.168652564287186 424.8325318396091 177.4099129885435 4180.576266527176 235.8576880171895 15.29440462589264 13.98838317394257 0 0.2970425486564636 0 1.491333834826946 0.1580918729305267 0 0 0.2332366704940796 0.2591537237167358 0.5106338411569595 0.6311628669500351 1.556278958916664 0.1851337254047394 0 0.5061899423599243 0.1676947325468063 0 0 0 0.7641729712486267 0.1933096647262573 0 0 2.094893723726273 0 0.6292315647006035 0.1690370291471481 2.72499492764473 0.1296379715204239 0.3052693605422974 0 0 0 0 0 6.112262323498726 0.5958148241043091 1.734475180506706 1.041960075497627 5.055965036153793 0 2.83431550860405 0
12.09152888506651 1.676125764846802 197.4000859409571 71.34415718913078 1399.185646750033 16619.93846535683 1889.158783979714 5639.640588864684 116.3590522408485 8617.039817642421 220.3724148198962 3284.246115610003 39.06584906578064 806.7866372391582 3152.617932267487 1.469933748245239 54.42120323330164 44.13536173850298 33.17554398626089 357.0826482325792 28.42808313667774 5.481951855123043 36.98344802111387 379.5899798944592 3.620732136070728 198.1379206627607 85.42147570848465 477.793609701097 940.6967226341367 53.47574140131474 3.711220897734165 642.0423128306866 4.367258362472057 1498.598664261401 18.95375223457813 1088.552646711469 68.60332541167736 1168.647354885936 886.8440392687917 4928.403281606734 1318.329438842833 43.82740572094917 71.31496388465166 0.5401843637228012 0.6149716302752495 3.206565521657467 23.38412821292877 0 2.992976292967796 29.70502042770386 9.635560058057308 14.55663712322712 28.33207552880049 5.324306204915047 8.910534635186195 2.123014390468597 5.681019619107246 2.521876260638237 2.917946830391884 2.074037991464138 0 0 13.27420569211245 1.102666772902012 0.6045370101928711 3.393736213445663 50.27187762409449 0.2060835659503937 1.004925809800625 7.712704710662365 81.35089331120253 4.012189276516438 5.460750766098499 0 0.7714919447898865 0 0.8135772943496704 3.119053512811661 27.03837928175926 1.728523552417755 19.64210133999586 10.1003480553627 23.78018640726805 0.8505893647670746 13.02391860634089 0.8196006193757057
4152.377920411527 11.771943166852 1596.640287160873 68.25778722763062 5.854303933680058 1889.158783979714 16307.55255100131 4270.043820858002 494.7010624036193 8480.835704900324 38.02836599946022 25.36078085750341 7.160336665809155 6817.603383176029 25.86786949634552 45.58352546393871 197.6807074174285 22.37450204789639 47.14900618046522 15.73076112568378 541.9720573574305 64.70027130842209 553.0399293750525 1724.320571370423 1.356273755431175 628.7558561265469 874.0776876583695 19850.25834368914 827.5981028228998 4358.189330272377 1.145950071513653 34.89325812458992 118.2140398025513 364.1128701716661 28.75067958235741 1160.261291764677 112.2128377184272 651.7670821398497 341.3118442445993 112.0661984458566 18.68734306842089 5.411969624459743 16.46122042834759 0.394174300134182 3.051385998725891 22.91130601614714 67.10782867670059 0 11.45084928721189 90.96666886657476 64.74382483959198 69.565943621099 100.5853133797646 1.922257013618946 25.70482958853245 0 29.88296308368444 2.57486030459404 37.50695317983627 3.390198223292828 0.8419766426086426 0.5944902971386909 43.06964863836765 13.11414628475904 10.16957384347916 75.64505455642939 310.6050839275122 0.22238440066576 7.131856597959995 83.73689433187246 387.80722592026 16.44308038055897 27.01299581676722 0.1495043039321899 0.1045412421226501 0.6773091033101082 10.21415234357119 1.194473922252655 95.93024714291096 11.32781886309385 37.33821841329336 13.09330853074789 58.23494581133127 2.418832093477249 11.62736125290394 2.147853881120682
515.3942591771483 1.813481338322163 1206.676564589143 72.45183439552784 78.17758555710316 5639.640588864684 4270.043820858002 7078.20038960129 77.14420496672392 3580.631431061774 255.5869100913405 850.2359431684017 42.79421931505203 7186.489998552948 124.5688178837299 1.784808732569218 739.3004217892885 99.48730552196503 415.4265322834253 211.1668206378818 314.1131077259779 3.891800574958324 450.2965723723173 509.4878290519118 5.309768103063107 1234.916432075202 204.0739417597651 668.0900235921144 2149.199018850923 1918.544126182795 3.526873849332333 737.5709276348352 5.840892404317856 956.941252566874 14.57111909985542 1197.682684749365 173.0927245169878 1075.717096298933 798.7330735251307 1749.494521133602 186.5682340189815 66.54031872004271 52.37318520247936 0 1.481345072388649 8.639650620520115 10.80321065336466 0.2815897315740585 2.956229396164417 27.97753518074751 13.42572573572397 8.797363921999931 25.01267687231302 5.878030188381672 9.657973736524582 0.6353488862514496 4.776512645184994 0.1096116006374359 5.720917768776417 1.573369078338146 0 0.1305203288793564 11.67611903697252 1.646011807024479 1.625878557562828 8.832621648907661 67.31044987589121 0.4341954290866852 5.338265486061573 27.35418054461479 83.72972198575735 4.580262340605259 9.097137406468391 0 0 0.4799008369445801 3.106825552880764 0.6862951070070267 25.48315691947937 4.464276947081089 20.25655607134104 14.15201437473297 9.485999539494514 0.9496681839227676 14.88923090696335 0.6003027409315109
5.632534131407738 524.5754366070032 3.044928789138794 1415.178448587656 119.3683285117149 116.3590522408485 494.7010624036193 77.14420496672392 1464.066388733685 785.6154776141047 62.82884179055691 412.6096928417683 117.649936042726 50.12372440844774 1238.787187159061 42.95395790040493 4.968429699540138 2.255253955721855 4.921999596059322 439.9574410021305 25.82429687678814 2695.982059501112 10.21881522983313 12176.94368331134 163.5129505768418 17.06072524935007 563.2161388024688 2223.563231118023 82.57927561551332 317.1745724305511 5.60328383743763 9.599696099758148 20.63190859556198 69.96335216611624 11.97518433630466 459.6991168484092 16.13743237406015 115.9263940900564 76.97357388585806 573.0847194567323 18.39461244642735 15.68228340148926 7.506445348262787 4.691906481981277 5.828945465385914 1.008204199373722 238.5740501582623 1.164052128791809 27.06475969403982 255.854246109724 132.4342258870602 132.449397303164 212.5986743569374 2.13641183078289 111.2843458801508 2.912242420017719 71.88869114220142 15.83633991330862 144.1264325529337 0.729234553873539 1.243633158504963 1.68725473433733 94.38377998769283 43.97374326735735 59.79323169589043 12.09763718396425 1883.579810671508 2.394500851631165 8.578491650521755 24.19011716544628 986.0089700445533 41.66006810218096 86.17266201227903 1.460155554115772 1.769598498940468 2.002117052674294 16.84370176494122 1.272046267986298 91.15824478119612 2.301716953516006 49.67291589826345 18.31572186201811 108.8407448679209 1.667768910527229 1.36860978603363 2.227890864014626
10.91949719190598 7.363814309239388 168.1794069111347 3410.933540269732 34.87865407019854 8617.039817642421 8480.835704900324 3580.631431061774 785.6154776141047 39036.72088430077 181.0563341230154 6031.399096049368 31.88073900341988 1980.757522888482 205.0218028277159 15.51759724318981 35.1740026473999 61.43862055242062 33.79096262902021 3913.67521636188 18.76390760391951 31.42846164107323 24.39261476695538 1939.637866467237 4.211479529738426 184.3624991625547 184.1086342036724 6335.415677674115 1544.726349517703 56.29781027138233 5.855286873877048 166.4907986298203 59.87694190442562 923.8863269463181 16.1575840562582 2062.41161711514 113.2728194519877 1496.821894533932 581.7187343090773 535.9497308582067 53.68756601959467 23.33044528961182 39.04869472235441 2.722315341234207 2.320986330509186 5.638447277247906 790.3325862959027 4.716399922966957 53.76931049674749 455.1427543535829 214.4236176013947 212.3514440953732 796.9445971027017 7.033109873533249 271.1124149188399 1.185439102351665 94.67515807598829 67.37271654605865 33.67651885002851 1.862790882587433 2.381812870502472 3.796961255371571 389.5422034040093 35.06511844694614 7.648775674402714 22.83716909587383 1134.679227337241 0.7194761261343956 7.738897629082203 24.79905533790588 1593.415302455425 35.07713790237904 76.56176845729351 0.1764520406723022 1.519624091684818 0.424358069896698 29.24444317817688 0 225.848287075758 5.357089497148991 87.81994268298149 23.6779241412878 335.4280808791518 8.263345882296562 30.70923759043217 10.04862552881241
10.63096006214619 305.8279616981745 23.57204586267471 5.812049634754658 58.17896745353937 220.3724148198962 38.02836599946022 255.5869100913405 62.82884179055691 181.0563341230154 14614.31105081737 38.25767284631729 2715.239202059805 296.6200798898935 3.554717682301998 7.204632498323917 948.6825823113322 5847.50150769949 2053.294209599495 13.49025968462229 21.82927525043488 159.8942774310708 100.8914846554399 98.93477158993483 1269.232857115567 4243.349384255707 1821.672322191298 50.90028923749924 412.1507246121764 56.19106736779213 471.2118325158954 436.4557773992419 14.30571746081114 9597.409700155258 6.105597913265228 286.5654822215438 3604.627690002322 3377.522461004555 601.0065298601985 32.92267796397209 45.06323277205229 656.395790413022 5.234140664339066 0 51.67734786123037 4.085136227309704 0.9657864421606064 0 0.1113765984773636 3.084549404680729 2.228553920984268 3.319210924208164 3.511600077152252 200.1487472951412 0.5978703200817108 822.6900355219841 0.8090725839138031 0.1426073461771011 0.2462576478719711 1.219032049179077 13.85635504126549 2.714167058467865 1.205267652869225 0.4560220837593079 2.653868056833744 0.4428224116563797 5.764344044029713 184.4240522459149 165.6253079846501 409.963067188859 6.518438011407852 1.134315967559814 0.1123662292957306 104.018593467772 0.5949745252728462 0 7.242893911898136 0.2175145745277405 10.07760141044855 309.2725519314408 19.29887040704489 7.318373300135136 0.8811853528022766 0 113.6180431321263 0.4791010916233063
0.9345557540655136 3.581562280654907 1.428874798119068 5313.634091027081 274.240923114121 3284.246115610003 25.36078085750341 850.2359431684017 412.6096928417683 6031.399096049368 38.25767284631729 7189.846184492111 6.644503451883793 253.5422045662999 2435.222846195102 0.1352507025003433 0.5121599584817886 10.87424581497908 4.669737540185452 5505.995587937534 0.5767233818769455 24.09709665179253 0.2814749255776405 1065.519002057612 1.558614656329155 9.833366855978966 9.979911871254444 1404.851156197488 145.1688969358802 7.179686635732651 0.6611611172556877 72.67037989199162 1.658798098564148 106.5450736656785 1.253527484834194 332.5539585351944 9.209843203425407 174.5184657275677 85.75559636205435 1889.655273765326 22.63400655984879 4.85463397949934 6.431255251169205 0.6544050723314285 0 0.1017910093069077 290.285211481154 4.636943072080612 22.17218215018511 20.18864887952805 17.11448843032122 27.94929458200932 90.44396308064461 1.205234177410603 248.215302541852 0 5.147585093975067 71.37669406831264 4.61551608145237 0 0.608804278075695 0 163.2790410816669 4.113446086645126 1.258313179016113 1.960892766714096 150.1969583183527 0 0.8438957557082176 0.5343939885497093 185.2330406531692 3.839601576328278 9.014572478830814 1.467272982001305 0.5479887127876282 0.5075274705886841 2.673801735043526 0 112.0168188214302 1.64508168399334 6.46152450889349 2.483980931341648 283.0359619781375 0.5209000706672668 2.307011999189854 1.376012682914734
0.597321130335331 695.4153535813093 2.203029774129391 1.701818473637104 6.468043364584446 39.06584906578064 7.160336665809155 42.79421931505203 117.649936042726 31.88073900341988 2715.239202059805 6.644503451883793 6100.340408973396 36.4499898776412 3.384615741670132 12.39590792357922 3.605428010225296 83.78116445988417 8.786117009818554 1.618237920105457 2.992681540548801 374.1733482778072 2.07695285230875 125.6559649631381 7131.198523178697 1370.748167231679 4244.213015578687 14.21736281365156 44.38761223107576 1.265382178127766 1668.230408534408 55.92945495992899 0.60732801258564 2775.669162184 0.5792393833398819 109.7498488649726 2967.303624935448 1139.418548204005 289.4499884918332 6.202981643378735 16.28046703338623 1073.602126598358 5.221279993653297 0.2941584885120392 66.29542976617813 3.150577396154404 0 0 0.2023114338517189 0.2824716866016388 0.7342195063829422 4.118959560990334 0.09988405555486679 546.8874353170395 0.2143041491508484 2446.809801034629 1.501814894378185 0 0.4912171214818954 0.4359019696712494 36.93094167858362 1.981309406459332 0 0 4.632384441792965 0.2901129499077797 3.974707148969173 761.4743359833956 337.3388649523258 868.4012325331569 1.386316448450089 0.5553667023777962 0.09850773960351944 294.3913912326097 0.5597362071275711 0 16.60115556418896 2.505170881748199 5.485189467668533 650.4784437045455 26.36797249317169 4.588501445949078 0.6057711988687515 0.2955299019813538 194.4040123969316 0
4811.36586676538 1.087710745632648 795.2695824801922 63.83114590495825 23.66105690598488 806.7866372391582 6817.603383176029 7186.489998552948 50.12372440844774 1980.757522888482 296.6200798898935 253.5422045662999 36.4499898776412 14180.25232175738 21.29501606523991 1.8978101760149 626.2593309283257 114.2721624448895 381.4249664247036 77.56561733782291 292.7059056535363 1.936782956123352 386.0398865789175 420.2471323981881 5.863044627010822 761.1224042475224 158.2462476566434 661.4947815611959 8798.370669797063 3782.149345874786 5.744961500167847 507.3889205083251 21.61922995001078 1354.01071959734 3.750585824251175 387.825651049614 143.1791138350964 738.9213938638568 219.2244074717164 195.2918203249574 30.27697213739157 33.69887238740921 11.17136265337467 0.5953509584069252 1.581699185073376 5.133556619286537 8.992692925035954 0 1.395344212651253 18.14342299848795 10.56970550864935 5.409122571349144 17.47697348892689 1.682933442294598 6.202775485813618 0.8303052634000778 4.175608612596989 0.5291416496038437 2.537153080105782 0.990681417286396 0 0 4.106637477874756 1.047637738287449 0.66448575258255 6.229932747781277 47.43580603599548 0 2.648061163723469 17.18203433603048 54.13755187392235 3.186793439090252 7.654488027095795 0.09957320243120193 0 0 1.497821807861328 0.6737824678421021 14.54848456382751 3.160659156739712 8.082764483988285 3.930027820169926 4.998047761619091 0.4540991336107254 3.960696540772915 0.3288803547620773
1.245037987828255 11.5109154060483 0.2233949452638626 212.8299294933677 1612.974592223763 3152.617932267487 25.86786949634552 124.5688178837299 1238.787187159061 205.0218028277159 3.554717682301998 2435.222846195102 3.384615741670132 21.29501606523991 635.4394482597709 0.1464386582374573 0.1358995735645294 0.4346479773521423 0.1705627590417862 473.2637946978211 2.296862915158272 46.27283986657858 3.276459291577339 935.4913697391748 2.025450140237808 0.291873075067997 11.64109462499619 210.8316809609532 54.53023026883602 7.14102229475975 0.4057495892047882 384.1339172795415 0.435494177043438 22.6211519241333 5.27125471830368 270.0788847953081 1.069849818944931 23.13809382915497 18.26835609972477 2567.323658533394 137.6151996701956 3.50358884036541 1.177994266152382 0 0.1760427355766296 0.941330224275589 18.03764206171036 0.6688733696937561 1.549807518720627 3.484226435422897 2.331648603081703 2.299230650067329 21.74942506104708 1.054242014884949 20.15831115841866 0 0.1229097172617912 12.15562006831169 3.91391733288765 0.1031050831079483 0 0.8455721139907837 15.84212982654572 4.122498795390129 1.695293411612511 1.902680262923241 19.53483580052853 0 0 0.5372156947851181 34.24962454289198 1.991244822740555 7.05793721973896 0 0.3100151121616364 0 0.1785123348236084 13.79138915240765 61.90538683533669 0.1096404045820236 5.414006158709526 7.541199266910553 81.58049170672894 0.2001655399799347 15.92125119268894 1.889040231704712
0.1132870316505432 182.6668801829219 11.9679943472147 2.112583085894585 0.2294748425483704 1.469933748245239 45.58352546393871 1.784808732569218 42.95395790040493 15.51759724318981 7.204632498323917 0.1352507025003433 12.39590792357922 1.8978101760149 0.1464386582374573 1242.130102545023 17.29055208712816 0.8430745378136635 1.485167391598225 0.3515427261590958 1576.142983801663 1974.60191911459 6569.990265585482 1850.665948361158 14.56853491812944 8.049745731055737 4993.549067847431 895.9103960171342 3.539505958557129 225.1995696723461 1.34527700394392 0.5508773624897003 0.8950014784932137 92.82348656654358 91.13357565551996 1997.252982623875 408.1201345548034 381.1858294904232 522.1685980260372 26.80911252647638 2.114525496959686 7.653739616274834 16.35963013768196 6.670625880360603 10.32076834887266 24.0478375479579 0.589201882481575 0 0.5176486149430275 22.75430764257908 3.457646988332272 24.88911809027195 1.080235011875629 6.94115111976862 0.1224398091435432 0 10.7468000203371 0.2415720447897911 3207.59680377692 6.806211486458778 1.515524551272392 4.174114026129246 0.7888145446777344 795.8386959657073 958.8805423229933 2183.091019675136 349.518407098949 0 11.94470122456551 410.26179510355 456.6605122387409 25.8821172118187 144.6062240079045 0.1123884320259094 0 2.479510083794594 10.85266734659672 7.024267584085464 270.4736783877015 11.35090555250645 22.00602269917727 16.02052759379148 4.415137700736523 0 22.56848865747452 5.461343467235565
134.7244186550379 62.84725454449654 6365.136944316328 0.6530219987034798 1.080947086215019 54.42120323330164 197.6807074174285 739.3004217892885 4.968429699540138 35.1740026473999 948.6825823113322 0.5121599584817886 3.605428010225296 626.2593309283257 0.1358995735645294 17.29055208712816 2116.336164660752 439.6590465083718 3790.305640496314 0.9224624484777451 505.7041423842311 5.367054268717766 7832.728569515049 31.91695143282413 10.93611182272434 2722.284789398313 9015.777980655432 193.3592786937952 510.20618660748 1625.829102128744 2.615552082657814 10.75225088000298 38.11219404637814 2972.99487375468 10.6285390034318 425.4186401665211 4059.416891552508 966.051304385066 208.339429050684 4.226654149591923 1.438881531357765 93.46048401296139 2.841200023889542 1.135157264769077 78.40682912617922 413.6999469324946 0 0 0.2714255750179291 3.763950988650322 1.365624785423279 0.2893369793891907 0.1046701148152351 1.04964180290699 0 1.321573913097382 1.989020794630051 0.13868248462677 7.713897585868835 95.15193262696266 0.733654759824276 20.06119867414236 0 2.008781805634499 10.01251844316721 64.16575825959444 8.875465147197247 0.474597379565239 220.0208726301789 1051.315851062536 7.933943249285221 0.3934082314372063 3.154648013412952 1.387774556875229 0 0 20.92445691674948 0.9121261686086655 70.26392146199942 150.1426313444972 67.49970111995935 20.13952349126339 0.9411338046193123 0.1346231549978256 0.7581427097320557 0.3021664023399353
10.20545697957277 5.845915831625462 92.29032618552446 1.165720716118813 5.232236839830875 44.13536173850298 22.37450204789639 99.48730552196503 2.255253955721855 61.43862055242062 5847.50150769949 10.87424581497908 83.78116445988417 114.2721624448895 0.4346479773521423 0.8430745378136635 439.6590465083718 983.5920837968588 1891.905874945223 3.412538386881351 7.616284288465977 1.233116120100021 74.85225899517536 12.4461312443018 66.50445647537708 4044.287243098021 558.803980872035 21.81361193209887 111.1916559711099 54.5669384226203 89.61767816543579 64.43681542575359 2.896374598145485 1854.417641766369 11.57775714993477 876.1607575193048 2045.492960564792 2287.212203323841 903.8210365921259 9.877934299409389 10.63639037311077 109.0019986778498 4.429933585226536 0 11.96664420515299 5.549379870295525 0.3490212857723236 0 0 0 0 0.8476122617721558 0.289673700928688 31.21710736304522 0.1422109752893448 92.89794322103262 0.2205544859170914 0 0.3724927753210068 1.067853428423405 10.37103549391031 4.596911057829857 0.1406656503677368 0.7183091789484024 0.4380423575639725 0.3337556421756744 1.811714723706245 44.32217238843441 222.2971294820309 378.164910107851 1.970749579370022 0.2308882400393486 1.052856974303722 63.71463669836521 0 0 1.346024319529533 2.313295513391495 18.80859529972076 73.11077459901571 5.882772997021675 1.364775754511356 0.7720474377274513 0 3.979440778493881 0.3769038319587708
71.66751231253147 104.8171846494079 468.0229874774814 1.199594095349312 3.707397185266018 33.17554398626089 47.14900618046522 415.4265322834253 4.921999596059322 33.79096262902021 2053.294209599495 4.669737540185452 8.786117009818554 381.4249664247036 0.1705627590417862 1.485167391598225 3790.305640496314 1891.905874945223 3116.16929141432 2.168994680047035 42.47619544714689 5.631044320762157 549.311693623662 14.9353821054101 29.63030172884464 3493.140000171959 1597.000166989863 42.12328317761421 341.7346375510097 303.3834992051125 23.10945720970631 32.61342471837997 22.38090395182371 3290.980138190091 15.24296555668116 1035.166354306042 2967.598680235445 2865.962333954871 925.01842097193 12.57060261070728 1.374778181314468 75.71400365233421 3.857823826372623 0 82.51682656258345 59.22845054417849 0.1302525103092194 0 0 0.9271839261054993 0 0.3308219760656357 0 7.646998852491379 0 9.080209322273731 0 0 2.351829141378403 26.85517823696136 3.669767752289772 59.08372518420219 0.1306838989257812 0.8715631291270256 2.020295731723309 3.809097237884998 4.022811658680439 4.749739602208138 723.1118558868766 986.4548805430532 2.85251509398222 0.4743800535798073 0.2794458717107773 21.36894210427999 0 0 9.561567783355713 1.225884705781937 36.74650736153126 109.6785516813397 28.94844877719879 6.377009950578213 0.1831065714359283 0 1.663639888167381 0.1803162544965744
0.6150793880224228 0.127879723906517 0.4987621158361435 3610.419581666589 37.92145130038261 357.0826482325792 15.73076112568378 211.1668206378818 439.9574410021305 3913.67521636188 13.49025968462229 5505.995587937534 1.618237920105457 77.56561733782291 473.2637946978211 0.3515427261590958 0.9224624484777451 3.412538386881351 2.168994680047035 937.5550613030791 0.2568355202674866 3.352361857891083 0 523.8235023766756 0.4862533360719681 3.820359468460083 3.661676526069641 1697.449211642146 76.2992572709918 1.267249554395676 0.1903297454118729 16.71011942625046 1.939609490334988 71.05218528956175 0.4532859772443771 182.5206290185452 4.782931625843048 86.33932668715715 37.89281926304102 633.2421092316508 6.115420483052731 7.12718403339386 3.254838362336159 1.995117872953415 0.07728714495897293 0.5526816248893738 258.8912202194333 3.68021559715271 19.43334537744522 97.89941585808992 55.89775868505239 51.52367968857288 199.4399835169315 1.443389430642128 133.0635930895805 0.2441877797245979 19.50419480353594 39.31789627671242 8.578381806612015 0.6125013381242752 0.9185952097177505 0.8393653929233551 130.9999192804098 12.85657501220703 0.8710877820849419 4.88293744623661 320.5280357301235 1.771477818489075 3.613040499389172 1.055447071790695 460.1226285919547 12.236398011446 31.54503648728132 0 0.2703709900379181 0.2736132740974426 7.770782202482224 2.972726583480835 112.8707961142063 2.333589226007462 19.52149194478989 8.553708009421825 204.8682389333844 1.439336314797401 14.81168403476477 0.9889515042304993
91.0863429531455 19.36362574994564 920.9160800129175 0 0.917781874537468 28.42808313667774 541.9720573574305 314.1131077259779 25.82429687678814 18.76390760391951 21.82927525043488 0.5767233818769455 2.992681540548801 292.7059056535363 2.296862915158272 1576.142983801663 505.7041423842311 7.616284288465977 42.47619544714689 0.2568355202674866 12735.85474787652 78.54154402762651 13626.58112379164 584.9222380593419 3.228669472038746 54.90768800675869 1012.494030073285 7785.64538320899 232.9256783202291 10157.27089204639 0.0977923646569252 6.860424898564816 46.26248531788588 3444.488209992647 431.9962644204497 8012.285518981516 1066.176453068852 5179.764790818095 3152.152909949422 44.27552133798599 4.137886174023151 11.81075146794319 71.36880943179131 13.44093967974186 3.4948560744524 7.479253262281418 2.709146596491337 0 0.8769588693976402 17.9025647342205 5.810022510588169 26.79137863218784 1.799135208129883 3.437340475618839 0.4215981364250183 0.08777908980846405 20.16263072192669 0.6691318079829216 650.5283192023635 3.789420902729034 2.064985603094101 4.034484535455704 1.566748380661011 443.0524419769645 91.89166201651096 134.1784442737699 446.8717009499669 0 8.200918577611446 47.72443858534098 601.3557868525386 40.33760030567646 272.1621462926269 0 0 5.109344057738781 18.20840241014957 30.01017268002033 119.1441007629037 11.57977165281773 24.02872543036938 17.20688324421644 8.482886038720608 0.9325581043958664 34.33646882325411 3.771029248833656
0.4896480813622475 1676.386369585991 5.396563440561295 47.92823430895805 3.972327798604965 5.481951855123043 64.70027130842209 3.891800574958324 2695.982059501112 31.42846164107323 159.8942774310708 24.09709665179253 374.1733482778072 1.936782956123352 46.27283986657858 1974.60191911459 5.367054268717766 1.233116120100021 5.631044320762157 3.352361857891083 78.54154402762651 1557.392061285675 263.8639621734619 7125.20276478678 571.5979842096567 36.87394835799932 4877.603019602597 230.7880624085665 2.355163685977459 17.50899171829224 18.14412558078766 0.408190906047821 1.095101878046989 70.46513484418392 0.5544554591178894 30.33986908197403 21.64418218284845 29.03388811647892 11.34230203181505 59.9594739601016 0.342029482126236 74.89641993492842 0.4261976778507233 0.4230195060372353 14.06085136532784 13.84379228204489 0.3752211332321167 0 0 4.338184133172035 0.265336811542511 10.16054120659828 0.1485983431339264 0.4308289587497711 0.3706435859203339 4.939827263355255 0.9495688527822495 0 1302.132564611733 3.519192263484001 0 0.6413363218307495 0.3147011399269104 84.62097281962633 120.4725251048803 627.1436893492937 83.30431497842073 2.442522451281548 8.798973307013512 623.1394983455539 58.02340800315142 1.455521933734417 8.135298289358616 1.168825305998325 0 0.143595278263092 2.666773431003094 1.274391770362854 17.0647389292717 5.395707622170448 7.538042306900024 5.945551492273808 0.1118298843502998 0 0.1307342946529388 0
102.4248072504997 16.90318346768618 18207.21266758442 0.9677351713180542 1.103997193276882 36.98344802111387 553.0399293750525 450.2965723723173 10.21881522983313 24.39261476695538 100.8914846554399 0.2814749255776405 2.07695285230875 386.0398865789175 3.276459291577339 6569.990265585482 7832.728569515049 74.85225899517536 549.311693623662 0 13626.58112379164 263.8639621734619 19975.69762361795 350.7279880717397 1.806663230061531 1814.031400717795 13751.638257429 4552.592101350427 272.9211950153112 3295.710245631635 2.278506323695183 10.4795493632555 26.89705490320921 3459.367540933192 853.2619127556682 16799.82907042652 6791.557760976255 7198.181665465236 7286.591087587178 272.4952431023121 11.56958484649658 23.94320321828127 121.5632379949093 1.758268266916275 7.706229016184807 68.80295532941818 0.6830907613039017 0 0.4054819867014885 26.13884924352169 2.662371322512627 2.210219584405422 1.282636120915413 8.0857914686203 0 0 4.791242264211178 0 2557.901477411389 9.725416906177998 0.5782602876424789 4.870837032794952 0.3060420751571655 538.4810350984335 423.6277881711721 2576.425025716424 123.0164216682315 0.1208736449480057 27.05163583904505 688.4334720000625 202.6113704144955 7.359516344964504 84.81434478610754 0 0 0.7411480993032455 10.42171035706997 66.5601409226656 412.1960575133562 24.82402005046606 26.68395849317312 23.65428847074509 7.274706192314625 5.129890114068985 52.46845069527626 2.137218117713928
41.55676110088825 728.5134895294905 15.24004942923784 2408.18174752593 60.95705502480268 379.5899798944592 1724.320571370423 509.4878290519118 12176.94368331134 1939.637866467237 98.93477158993483 1065.519002057612 125.6559649631381 420.2471323981881 935.4913697391748 1850.665948361158 31.91695143282413 12.4461312443018 14.9353821054101 523.8235023766756 584.9222380593419 7125.20276478678 350.7279880717397 13455.93777719885 164.4589809924364 39.9284615367651 3151.666878931224 7325.399186693132 1161.565560035408 1998.317132271826 7.914443552494049 49.87335584312677 433.8050841614604 708.4170740395784 121.068256303668 4574.800925351679 200.5310550183058 1354.347397044301 896.9110665023327 917.9586408957839 44.81932248175144 25.90678839385509 39.36380621045828 21.8724981546402 16.04246485233307 24.00308276712894 269.2116011381149 2.962177023291588 21.89245917648077 241.2599485814571 115.3825999200344 632.0909779667854 233.3525630757213 8.68043776601553 133.1034620180726 2.295916497707367 87.33690658956766 34.19061200320721 535.7939755246043 7.566730245947838 2.892361745238304 5.364873595535755 134.4483867138624 267.846804857254 174.1854633539915 163.8985531777143 2875.254323117435 0.8752026706933975 16.43267671018839 175.6215217933059 2201.392565838993 105.6541810035706 441.179623529315 1.229068957269192 1.698323056101799 6.372570931911469 46.86126267910004 13.69612328708172 350.0582129955292 10.83885801583529 121.7578054443002 41.2265909165144 230.346232496202 5.886448450386524 21.18582115322351 5.499361522495747
0.08662623167037964 1905.002573341131 1.496806718409061 1.162834621965885 1.004319608211517 3.620732136070728 1.356273755431175 5.309768103063107 163.5129505768418 4.211479529738426 1269.232857115567 1.558614656329155 7131.198523178697 5.863044627010822 2.025450140237808 14.56853491812944 10.93611182272434 66.50445647537708 29.63030172884464 0.4862533360719681 3.228669472038746 571.5979842096567 1.806663230061531 164.4589809924364 819.2230589389801 1699.819716311991 6062.852197997272 8.644611462950706 5.075802311301231 1.154761046171188 1028.699072092772 5.75198607891798 0.1902541518211365 1329.608589224517 1.166489899158478 50.68082189559937 433.7725409641862 203.1675149723887 67.53376257419586 3.831074640154839 0.7484629601240158 1062.053183190525 0.370636522769928 0 81.57698231935501 1.194946229457855 0 0 0 0.2879449278116226 0 0.2909539267420769 0.2116109430789948 134.5943744331598 0 472.4280147477984 0.3390324413776398 0 0.5778483599424362 1.671931490302086 4.845562562346458 9.470009341835976 0 0 1.859948873519897 0.2942043840885162 2.333168983459473 126.686858355999 183.3986973762512 532.6163776740432 0.3030733168125153 0 0 39.15755858272314 0.1214731261134148 0 6.585042484104633 0 5.015691913664341 105.7555007040501 11.56274601817131 2.10193344950676 0 0 61.3713780939579 0
110.5419289767742 329.8262231424451 9184.298472955823 1.757797263562679 5.03352514654398 198.1379206627607 628.7558561265469 1234.916432075202 17.06072524935007 184.3624991625547 4243.349384255707 9.833366855978966 1370.748167231679 761.1224042475224 0.291873075067997 8.049745731055737 2722.284789398313 4044.287243098021 3493.140000171959 3.820359468460083 54.90768800675869 36.87394835799932 1814.031400717795 39.9284615367651 1699.819716311991 35269.4273770079 18549.80831106752 168.6502264589071 294.8980296626687 278.9330271407962 1342.95074018091 65.51936905831099 13.90535023063421 1839.422830156982 37.77636750787497 2668.338454037905 10332.2090574801 4281.041027694941 1533.224907979369 38.55028280615807 12.99953386187553 384.1675443127751 11.30737718939781 0.3102797716856003 519.2442900165915 652.1010967642069 0.1147482022643089 0 0.1033156961202621 11.07813265174627 1.108131527900696 6.945616707205772 1.362471431493759 160.309922337532 0.1910211369395256 622.8088547810912 3.818809494376183 0.3539438173174858 13.0743897035718 189.698183119297 58.79609584063292 204.6231627389789 0 1.189150385558605 14.22813430428505 25.97074787318707 14.86339976638556 367.2257007732987 3666.039715178311 6758.507443025708 9.504916861653328 1.616418220102787 1.612327300012112 389.1139185577631 0.8058753982186317 0.121548630297184 64.50110048055649 7.264720901846886 187.8996301069856 730.7270312532783 174.7799403592944 39.24569099396467 1.603132605552673 0.09636225551366806 29.03054498136044 0.3683501332998276
29.29710101336241 7733.492329537868 8869.906623527408 13.46003952622414 6.625746116042137 85.42147570848465 874.0776876583695 204.0739417597651 563.2161388024688 184.1086342036724 1821.672322191298 9.979911871254444 4244.213015578687 158.2462476566434 11.64109462499619 4993.549067847431 9015.777980655432 558.803980872035 1597.000166989863 3.661676526069641 1012.494030073285 4877.603019602597 13751.638257429 3151.666878931224 6062.852197997272 18549.80831106752 32488.1846812889 2316.070155970752 165.9351635873318 247.1181235536933 3699.342937402427 32.88497504591942 22.25382842123508 4298.112048789859 450.7671757861972 9058.493684694171 4960.836253061891 9596.293044112623 3605.266221396625 294.7490252926946 11.99049970507622 124.069189697504 47.18311803042889 4.429511159658432 2988.711364217103 2925.793464742601 2.296835146844387 0.1238132938742638 2.002445295453072 99.86495921760798 9.303592346608639 11.69084230810404 6.114345356822014 131.4930657148361 0.7290744185447693 339.6457434222102 23.24349185079336 0.2669690251350403 2112.817401610315 543.5939761176705 50.04370871186256 235.3390776365995 0.8028130680322647 36.65847264230251 1824.897549562156 4451.527432009578 188.6563844159245 432.450685299933 4701.846902169287 22754.93465073407 171.5796294510365 6.560287959873676 20.13339912891388 271.0658818930387 0.3093207776546478 0.6114692240953445 163.5878753513098 49.7242338731885 774.5450309962034 935.3737321048975 596.8190945088863 197.4089206755161 13.03198105841875 2.900030553340912 78.7108813598752 9.197065442800522
