1210.107594355941 0 8.787750519812107 0.7515056133270264 0.1263704746961594 3.484205216169357 2416.734690584242 209.0020846128464 0.7981651723384857 15.56909141689539 7.809961467981339 1.290689677000046 0.899092823266983 6947.639077164233 0 0.3544884473085403 219.2585989236832 18.78173074126244 201.6631652340293 0.4330169335007668 21.38375351577997 0 15.34123778343201 53.96319931745529 0.2184794768691063 109.2101404815912 10.10736390948296 53.93224041908979 5007.624992117286 2686.304355025291 0.1023529469966888 3.813541106879711 45.39030490070581 127.0116424337029 0 19.69992855191231 13.47834407538176 23.6150853857398 6.862782754004002 1.260675564408302 0.1453225910663605 0.2756832540035248 0 0.09583642333745956 0 0.1898953169584274 0 0 0 1.509371429681778 0 1.666479602456093 0 0 0 0 0.6380916982889175 0 0.1976588517427444 0 0 0.09597168862819672 0 0.1364048421382904 0 0 8.104608908295631 0 0 2.360386833548546 7.353704191744328 0 0.8773705512285233 0 0 0 0 0 1.207884348928928 0.6492325514554977 0.7745604366064072 0 0.445367842912674 0 0 0
0 579.2414675205946 288.2500328049064 0.1316091269254684 1.434821367263794 3.586332984268665 1.211439028382301 2.007299281656742 502.4570666179061 2.76205886900425 237.0946149006486 4.865829318761826 986.1709197759628 1.819128826260567 10.49211023747921 75.08621657639742 168.8853124901652 3.98466133326292 7.353888511657715 0.6876411139965057 6.099925726652145 3092.701518587768 58.32816614955664 881.1320159286261 2366.847466140985 146.2106486782432 6027.98633697629 8.232986457645893 2.08064790815115 0.3565762639045715 40.76207381486893 3.013853013515472 0 105.2738399803638 0.6288027316331863 90.10169915854931 632.0659648180008 232.9152611345053 35.21031439304352 13.23113790899515 1.912609592080116 419.5205209702253 0.4867305755615234 0 62.37571446597576 32.10729172825813 0.1181918531656265 0 0 6.339351549744606 1.614114239811897 0.4209848046302795 1.15071015059948 4.567031495273113 0 82.84143814444542 1.394187286496162 0 2.017011389136314 17.96565749496222 2.013235732913017 33.36813226342201 0 1.188588656485081 11.03831945359707 4.029145538806915 6.757186338305473 52.53754696249962 407.2025671154261 2280.406032957137 1.205411046743393 0.6483594477176666 6.587347574532032 14.86845414340496 0.3853263705968857 0 4.356640994548798 1.169196918606758 20.63145857304335 86.62885802984238 31.54193318635225 6.754911385476589 1.011114813387394 0 5.381008476018906 0.1557011008262634
8.787750519812107 288.2500328049064 7453.635220833123 23.56947560608387 0.5378001183271408 71.32335384935141 1952.912049792707 821.1155664026737 1.226762197911739 263.1427466273308 34.42848678678274 1.29548566788435 11.67400635778904 322.8507598862052 0.418500542640686 3.270707845687866 10575.42162885517 37.63558120280504 480.2226910889149 0.9165186956524849 3488.781359776855 157.1614857167006 10428.6054765135 234.6113074943423 1.061413407325745 9004.178773768246 8339.05278801173 958.3719820231199 94.8361915871501 311.3232697919011 2.537725262343884 5.160257682204247 8.456926368176937 967.5683495178819 32.93834564834833 2997.311213754117 7091.071736395359 2863.028374135494 1221.751759633422 56.80035469681025 4.75478795170784 19.44178102165461 5.752949297428131 0.1117699965834618 43.74509897828102 788.8844617605209 0.1505749672651291 0 0 50.39437872171402 8.706791773438454 1.427097961306572 2.498821407556534 0.1613899320363998 0 1.139165692031384 8.624692440032959 0.1269143968820572 10.18351244181395 73.91007263213396 0.3915028497576714 7.779453992843628 0.1105939149856567 12.83054265379906 13.55750263482332 145.3106038868427 15.17623099684715 2.129383832216263 216.5772766321898 2756.293234348297 18.43988565355539 1.442526407539845 8.020957328379154 0.2736886441707611 0 0.3385259658098221 4.382051758468151 11.15611198544502 67.0724250972271 134.5300469323993 38.29223325103521 14.86916148662567 0.189499244093895 0 0.3209413588047028 0
0.7515056133270264 0.1316091269254684 23.56947560608387 3804.858167342842 8.198671497404575 88.10681163519621 244.0166590288281 76.34137722104788 972.3693892359734 2722.892463460565 22.49475561082363 3976.961379773915 3.082528308033943 82.53340397030115 114.6321495547891 1.035038098692894 1.051157772541046 8.123993434011936 6.029206097126007 7797.961483046412 4.116960503160954 0.252338707447052 11.34212039411068 3006.037849403918 0 14.98821625858545 20.06787398457527 5021.396013617516 123.3005662187934 2.073900066316128 1.868843145668507 18.17314683645964 4.64658896625042 69.92245760560036 9.3049121722579 147.1794934272766 9.073609873652458 187.2133933901787 41.60656979680061 375.8626360073686 23.98070283234119 0.2446748614311218 2.404999345541 0.3525191098451614 4.735383562743664 0.1444011926651001 92.4516398832202 0.3852250874042511 12.13765498995781 77.89385361224413 1.981560781598091 386.4365474060178 346.6423545181751 5.587105877697468 117.3502877056599 0.4823163747787476 1.930597849190235 11.92572046816349 0.464240550994873 0 0.1299427300691605 0 129.1914668679237 0.1959329843521118 25.32951091974974 1.678930565714836 310.0299760401249 3.100075975060463 0.280855655670166 7.242377102375031 396.6559813171625 4.306990459561348 1.917822644114494 0 0.09242729097604752 0.4554658904671669 2.269062072038651 0.295504629611969 18.49632961302996 0.2463995441794395 5.107491917908192 0.7990587577223778 82.42814067751169 1.609501585364342 0.7122127190232277 0
0.1263704746961594 1.434821367263794 0.5378001183271408 8.198671497404575 97.91192430257797 1229.034308500588 15.21444127708673 113.7224972546101 90.82916384935379 32.63032624870539 67.51628469675779 163.9610659405589 77.58549612760544 6.057380877435207 1598.540393903852 0 0 9.691053427755833 2.806712284684181 18.53491950780153 0.2524811625480652 1.195311464369297 0.639272466301918 22.31233290582895 1.988500118255615 9.442507885396481 2.29213397949934 11.84011675417423 200.9440369904041 0.7835313901305199 0.4870759099721909 504.3853532746434 0.4619293510913849 228.7186340093613 4.516341887414455 169.3684165924788 12.45871423184872 384.7487323582172 150.8131472021341 3292.608420453966 272.4777453839779 12.03368735313416 8.314856991171837 0 0 0 0 0 0.3101289570331573 0.2101620733737946 0 0.391701728105545 0.6935193240642548 2.133527114987373 0 0 0 0 0 0 0 0 0 0 0 0 1.078381031751633 0 0 0.1101027950644493 1.468275934457779 0.09635689854621887 0 0 0.8390283286571503 0 0 0 4.323560476303101 0.3895716816186905 4.031545490026474 4.646601721644402 2.492725342512131 1.888741225004196 2.101510137319565 0
3.484205216169357 3.586332984268665 71.32335384935141 88.10681163519621 1229.034308500588 19339.46993527561 4780.825642384589 9908.923466295004 49.9659201875329 18453.55574280769 231.4185244888067 5678.171491652727 91.76220715790987 879.900065228343 3190.253330186009 0.6779839098453522 11.67439718544483 72.36389996111393 41.27435230463743 497.7118404582143 23.0083611831069 0.8962815254926682 13.49094138294458 72.34999055415392 4.044186465442181 109.4709113910794 41.25910929590464 583.391905374825 1510.975544154644 9.383380420506001 2.991459906101227 1205.929685086012 7.524854257702827 514.5472698062658 12.16458894312382 452.3836958110332 40.5317359790206 799.2805438712239 179.9917708262801 4651.66954614222 235.6113864779472 16.93853587657213 15.25367736816406 0.5831567496061325 0.2902776151895523 0 3.620142571628094 0.2524411082267761 0.5985079705715179 6.431225627660751 1.55099618434906 6.136257126927376 4.981613613665104 2.138744756579399 3.880768001079559 0.2063586860895157 0.7098705023527145 0.618832528591156 1.014002501964569 0.1519141644239426 0 0 3.45473538339138 0 0.3377819359302521 1.45184363424778 13.86664932966232 0 0.3354006484150887 3.59050277620554 16.80180066823959 1.030031032860279 2.378740921616554 0.2130997031927109 0.2403337135910988 0.09711537510156631 0.2581688016653061 0 10.77917438745499 2.237672567367554 9.993534326553345 6.280271902680397 3.763215720653534 0.7546533942222595 3.285048328340054 0
2416.734690584242 1.211439028382301 1952.912049792707 244.0166590288281 15.21444127708673 4780.825642384589 26922.04014971107 9242.860098212957 126.6608406379819 13779.81453108788 145.213544242084 116.5062417685986 22.11953620612621 15167.78418204933 22.11171305924654 10.03565903753042 584.6005093306303 86.41402749717236 255.7404655665159 52.34018313884735 2286.746016226709 1.088380597531796 635.3777912929654 2473.1254273206 2.193615727126598 1121.426117949188 422.0722697749734 25572.19414144009 4057.475952900946 11050.2107372582 2.580908417701721 108.1091846078634 524.8046832382679 1311.275142125785 201.7847086414695 2898.523356951773 209.1566913351417 2368.243819698691 818.5649091079831 262.2481704726815 184.6670094802976 7.695027589797974 39.10865502804518 6.798907369375229 1.854272395372391 11.13974252343178 27.22575498372316 0 12.10625338554382 288.3515940904617 26.65659809112549 212.7802121117711 158.2953396812081 1.976855523884296 13.43535514175892 4.645453177392483 13.92292836308479 5.654654577374458 12.49220218509436 0.8622755855321884 0.2744063287973404 0.6359090581536293 36.56035287678242 1.041039831936359 8.530797988176346 21.62332812696695 520.4358764439821 0.8515472710132599 7.87972079962492 61.78618927299976 559.0234998837113 25.84082707762718 46.27446553111076 0 0.213819608092308 0.529425747692585 5.3527015671134 14.63687466084957 173.171691134572 10.54013223946095 32.74744363129139 12.72723045945168 24.80336686223745 4.294326305389404 0.922685332596302 1.165752828121185
209.0020846128464 2.007299281656742 821.1155664026737 76.34137722104788 113.7224972546101 9908.923466295004 9242.860098212957 21762.09922177345 9.813506528735161 11667.42777247727 470.3460849970579 441.857879973948 109.3060244694352 7810.796848341823 170.0444445684552 0.6991270929574966 586.6343270391226 161.7423157542944 634.5377331525087 190.0877848863602 397.1558420956135 0.523678183555603 93.23012655973434 262.043118365109 4.902253836393356 1518.953285425901 100.8068827912211 566.9099625721574 3349.256218105555 412.5189810022712 5.156537242233753 2028.965217642486 16.27556344866753 689.0639353618026 18.41137382388115 659.4848811551929 125.4932196140289 974.7962974309921 226.1653413698077 1117.86446583271 72.53391299396753 24.44076406210661 12.37180100381374 1.102701909840107 0.9541093334555626 5.367396302521229 1.434899382293224 0 0.8330184742808342 20.6440853998065 2.638514578342438 8.774507664144039 6.240069463849068 4.214490868151188 1.336204595863819 0.2264131233096123 2.087262362241745 0.1025898531079292 1.809715740382671 2.078151807188988 0 0.1886572763323784 1.879411697387695 0.1321446448564529 0.5959552749991417 2.217671506106853 53.60123339295387 0.1113494485616684 8.784557968378067 31.48662300407887 47.41029931604862 3.642638437449932 6.146755658090115 0 0.3769540414214134 0.08743751049041748 0.4311323314905167 2.520953640341759 23.37765772640705 4.974983789026737 9.771259732544422 5.038512952625751 1.525990232825279 2.322178602218628 2.422856748104095 0.2474461793899536
0.7981651723384857 502.4570666179061 1.226762197911739 972.3693892359734 90.82916384935379 49.9659201875329 126.6608406379819 9.813506528735161 2673.274426169693 402.5583219528198 10.61874103546143 585.0182129368186 31.58036126196384 4.308367490768433 1079.593985393643 331.1205172762275 1.960827067494392 1.192910067737103 0.770134411752224 433.0673004984856 102.0762416943908 2720.738017179072 137.8641312792897 13067.17734050006 127.1261307746172 14.77444532513618 1410.566283755004 1178.000326633453 11.98080376535654 27.69283378124237 4.448341578245163 3.600432768464088 2.869506843388081 10.8434916511178 3.922280952334404 49.94847092777491 9.031871743500233 19.43780342489481 7.118639893829823 709.2479943931103 10.36462692916393 2.914349988102913 0 32.10571732372046 5.320972338318825 1.578603558242321 63.09271273761988 0 4.416638821363449 169.1541131585836 39.03649140149355 407.7637984454632 117.0950746536255 2.003205440938473 33.30968818068504 3.231855057179928 65.39996176958084 5.468993052840233 531.3625523075461 0.5770822390913963 0.7976310253143311 0.605738140642643 37.52480549365282 203.8152985200286 76.85057539492846 82.42897703498602 1607.506259873509 4.389104709029198 7.203952185809612 35.03955241292715 711.9758704677224 82.89661388844252 203.3295175209641 0.8065096288919449 1.032602608203888 1.701092556118965 7.692777022719383 1.960214748978615 77.80178769677877 7.921093672513962 12.82962407171726 8.700402833521366 27.14447531849146 1.838002130389214 1.192044325172901 0
15.56909141689539 2.76205886900425 263.1427466273308 2722.892463460565 32.63032624870539 18453.55574280769 13779.81453108788 11667.42777247727 402.5583219528198 44239.5981637314 413.4417807161808 4680.472101319581 61.00069451332092 2826.449741221964 57.67239305377007 0.6800861284136772 25.95829707384109 199.5419446453452 157.8529576361179 3287.799372166395 90.25199463218451 1.082863621413708 25.20314729213715 1221.148269578815 4.479349441826344 370.5283271223307 102.5374165847898 3587.006297573447 2274.003755986691 15.42463183403015 6.718910992145538 277.6453033462167 25.53320013731718 1008.920034639537 63.12301363795996 963.4152304679155 102.9813536256552 2484.71033256501 381.1123272106051 511.8534559682012 270.4464329779148 12.66410437226295 52.17900219559669 1.203850269317627 3.058148868381977 3.31036202609539 278.2267893478274 0.1665395051240921 37.82207963615656 207.4549834877253 8.624280124902725 396.4290878027678 812.417616635561 6.26158794760704 154.2264929041266 17.96509516239166 3.073874659836292 24.45814212411642 2.533363908529282 0.1583554297685623 1.555143222212791 0.2520031332969666 256.415145047009 0.7595212012529373 15.49479433149099 3.343754410743713 583.3461204841733 1.337425105273724 3.925106287002563 17.44736570119858 802.6829387396574 5.914900541305542 3.311346344649792 0 0.5700361281633377 0.5048422366380692 2.777050666511059 6.941728740930557 52.78249427676201 6.106955416500568 15.19060795009136 6.935110099613667 98.12634662538767 1.754258722066879 0.6981253027915955 0
7.809961467981339 237.0946149006486 34.42848678678274 22.49475561082363 67.51628469675779 231.4185244888067 145.213544242084 470.3460849970579 10.61874103546143 413.4417807161808 16572.97375381738 188.8468537256122 4088.642296306789 484.9218383803964 1.773296609520912 0.6078605055809021 843.059059664607 6941.889730587602 2828.083397857845 89.51438370347023 42.81124323606491 86.88933196663857 64.02033503353596 51.61108690500259 802.9130940139294 4405.877271451056 1040.116519719362 52.33807647228241 536.4318921789527 25.76362824440002 536.9436613619328 653.3342972323298 45.84909925609827 9322.074010930955 3.255164481699467 361.3896233439445 3918.971531897783 3905.285526223481 347.9039765372872 150.1680698990822 74.52139116078615 1210.547312527895 5.236800134181976 0 22.71088264882565 1.23527080565691 0.1394131034612656 0 0.1015187427401543 1.351515203714371 0.2894350364804268 1.070625133812428 1.003318816423416 22.68011095374823 0 445.8353924229741 0.1289311945438385 0 0.1057798638939857 0.5688952058553696 3.739462584257126 1.053212605416775 0 0 0.4300216138362885 0.2667021751403809 2.628008052706718 63.34086391329765 44.21554873883724 123.3997200280428 3.450910054147243 0.149389460682869 1.031737744808197 46.17195479571819 0.7471180632710457 0 0.6870331168174744 4.995163023471832 16.76412384212017 205.9407733529806 10.47788155823946 1.835482776165009 0.22777059674263 0 92.60645417124033 0
1.290689677000046 4.865829318761826 1.29548566788435 3976.961379773915 163.9610659405589 5678.171491652727 116.5062417685986 441.857879973948 585.0182129368186 4680.472101319581 188.8468537256122 11066.61070026457 32.36640957742929 389.7005732432008 2076.898322410882 0 1.97430244833231 68.06615184247494 37.62993761152029 5474.631348013878 1.402910299599171 20.61044223606586 1.235038794577122 524.8160862997174 3.221472769975662 72.08165297657251 34.01470340788364 1462.199901580811 458.8668045252562 1.218011222779751 2.385181717574596 158.7267719656229 0.7937018349766731 220.8685633689165 0.5144704282283783 188.3078209981322 16.65167348831892 531.0560455694795 40.96007103472948 3078.019282691181 45.25797632336617 12.37718576937914 4.385463111102581 0.1286888420581818 0.3207316398620605 0 63.51478089392185 1.255742192268372 10.23354657739401 2.876378312706947 0.3318674713373184 217.2230786457658 251.2304021790624 1.52192522585392 195.1796779558063 0.3671029061079025 0.9971655160188675 36.50165183842182 0 0 0.12178585678339 0 101.903929181397 0 5.420844458043575 0 144.7399696931243 0.2906832695007324 0.3399856239557266 1.934265658259392 133.4204428568482 0.4922247380018234 0.1552321314811707 0 0.5002869591116905 0 0.2488123401999474 0.6564262062311172 8.577897116541862 0.1012714132666588 4.44741477817297 1.490486830472946 225.2577913552523 0.427675224840641 0.6042809784412384 0.382189005613327
0.899092823266983 986.1709197759628 11.67400635778904 3.082528308033943 77.58549612760544 91.76220715790987 22.11953620612621 109.3060244694352 31.58036126196384 61.00069451332092 4088.642296306789 32.36640957742929 9667.887468270957 52.67587185651064 0.9182185977697372 1.3223532512784 12.97073173522949 225.0623495057225 31.26031918078661 13.67402132600546 7.9044344201684 230.6887499466538 22.91549921780825 63.5676617026329 6278.318078912795 1140.936750993133 8189.17839615792 15.47745919972658 50.9838073849678 1.309301756322384 3641.760260596871 237.3779438212514 0.6510406881570816 1030.98989854753 19.43752560019493 1549.960821680725 6826.971703343093 3408.908657841384 529.3864106684923 225.4648178443313 195.8357008099556 3938.211966812611 16.70951735973358 0 53.43979132175446 3.79075676202774 1.347627446055412 3.317413702607155 5.283191226422787 1.320576913654804 5.892245747148991 0 2.139558352530003 195.3519229516387 1.404817827045918 1733.166502207518 1.548109047114849 0.1841495931148529 1.800893783569336 2.520163498818874 15.05260853469372 4.275002621114254 0 0.2151977345347404 0.3587923496961594 0 5.298354819417 384.3719248026609 132.0952190682292 421.6048848852515 5.070151314139366 7.805016063153744 1.018650189042091 154.6834556683898 10.88482572883368 0 7.90770311653614 25.40419700741768 293.2661353722215 733.5325738042593 235.137543335557 94.43943226337433 36.42919015884399 67.38814580440521 550.3866580948234 0.4129579663276672
6947.639077164233 1.819128826260567 322.8507598862052 82.53340397030115 6.057380877435207 879.900065228343 15167.78418204933 7810.796848341823 4.308367490768433 2826.449741221964 484.9218383803964 389.7005732432008 52.67587185651064 23435.41623657197 10.20290523767471 1.809258140623569 1496.586462892592 225.3860302641988 1429.228868961334 206.593837454915 301.4650479257107 1.412694610655308 142.0792779028416 476.5249608233571 3.04461608082056 1484.963274292648 117.4713210463524 773.9687305539846 8286.396864280105 3852.540898635983 3.415276937186718 600.0452355518937 51.41568145900965 983.2734799832106 7.561345957219601 466.0225786492229 123.1850956380367 741.0193597301841 113.7092524245381 427.3412286639214 15.68165602535009 8.922984063625336 5.281794585287571 1.750084921717644 0.7550465762615204 4.536570161581039 1.242263428866863 0 0.159841313958168 22.65074764937162 2.954957567155361 9.152194753289223 4.541688747704029 1.286993011832237 0.4977725148200989 0.6246349513530731 4.402495227754116 0 0.7958390489220619 0.7208162993192673 0 0.2211486026644707 1.112611413002014 0.3322640508413315 0.1660355627536774 0.8721445351839066 67.77999661117792 0.131766140460968 3.190522886812687 16.98209061473608 63.55220325291157 4.036659218370914 9.93853722512722 0 0 0.5022116750478745 1.092191591858864 0.6965557336807251 26.00951156020164 3.223776400089264 5.997390247881413 2.898785635828972 0.7376602292060852 1.431854084134102 0.2621470987796783 0
0 10.49211023747921 0.418500542640686 114.6321495547891 1598.540393903852 3190.253330186009 22.11171305924654 170.0444445684552 1079.593985393643 57.67239305377007 1.773296609520912 2076.898322410882 0.9182185977697372 10.20290523767471 456.1716941595078 0.1626389026641846 0.1877702549099922 0.6937568485736847 0.2445824071764946 295.7476463392377 0 41.20617732405663 0 806.3451823592186 1.691345177590847 2.632461920380592 30.51918329298496 99.04994259774685 59.71780778467655 0.1551985889673233 0 421.914452329278 0.1555632203817368 47.61173724383116 9.133362799882889 344.0572834014893 14.1391684114933 8.960167214274406 3.097683295607567 2013.874216869473 323.200496584177 0 0.8721020221710205 0 0.143945187330246 0.939308226108551 6.632012888789177 1.783992052078247 2.62520432472229 1.224587634205818 0 19.8065699338913 28.33987431228161 0 40.85916009545326 0 0.2585193812847137 14.09439587593079 0 0 0 0 17.45388667285442 0 0 0 19.28637537360191 0 0 0.1090700849890709 17.89965975284576 0.228839784860611 0 0 0 0 0 4.14675760269165 2.479800879955292 0 0 0 62.20232109725475 0 0 0
0.3544884473085403 75.08621657639742 3.270707845687866 1.035038098692894 0 0.6779839098453522 10.03565903753042 0.6991270929574966 331.1205172762275 0.6800861284136772 0.6078605055809021 0 1.3223532512784 1.809258140623569 0.1626389026641846 4626.119063779712 10.67539048939943 0.3566241189837456 0.8898805901408195 0 3553.68818012625 4650.190664194524 6543.176710642874 4097.308333069086 0.9368359223008156 4.016546539962292 4115.128281258047 1729.434029184282 5.972785145044327 93.07953837513924 0.1613577455282211 0.1546041369438171 2.634058073163033 34.68016938865185 63.57454834878445 1938.835336998105 893.6139565333724 333.9096123874187 516.3198914006352 38.38909307122231 2.533670797944069 4.965223878622055 5.036808460950851 18.65649648755789 5.395152673125267 23.61148945987225 0.3765865117311478 0 0.3905447348952293 32.56039273738861 18.15056986361742 11.00397565960884 5.261719897389412 1.176908731460571 1.547331750392914 2.258279472589493 60.00995742529631 1.255866169929504 3480.462870404124 1.489652588963509 0.2118486911058426 0.8000494837760925 1.0280921459198 373.9468121826649 816.1724435091019 1630.05696695298 596.3733772039413 0 3.844589196145535 787.1177698299289 466.7203176319599 70.74332682788372 128.9048993662 0.0811360701918602 0.462333656847477 0.8769012317061424 2.827702805399895 15.84187969565392 145.1713687479496 5.283751040697098 6.799755439162254 3.377930663526058 5.83568761497736 0 0 0
219.2585989236832 168.8853124901652 10575.42162885517 1.051157772541046 0 11.67439718544483 584.6005093306303 586.6343270391226 1.960827067494392 25.95829707384109 843.059059664607 1.97430244833231 12.97073173522949 1496.586462892592 0.1877702549099922 10.67539048939943 3740.557718403637 482.5592758134007 6995.007171742618 0.9416401460766792 2917.028623111546 61.8709329739213 5247.744693227112 50.07502797245979 3.629189178347588 5918.166341371834 7189.623015500605 311.3730849549174 992.7139410227537 2447.845609620214 2.961784988641739 5.649023577570915 104.9019427448511 3714.125911548734 6.705969408154488 559.1507717892528 4327.721929557621 1050.257020562887 218.3247684016824 8.522212184965611 1.674235068261623 33.37397383153439 0.4646333828568459 0.3954375684261322 29.29938740283251 204.0517637431622 0 0 0.144747868180275 7.047178022563457 0.8327884376049042 0.4045156240463257 0.4345395714044571 0.5169403553009033 0 1.402122870087624 2.217948630452156 1.348174810409546 2.937644585967064 19.39531800895929 0.2801616191864014 3.507927246391773 0 3.776144698262215 4.775314643979073 15.49976436793804 9.675135999917984 1.27632199972868 85.00277030467987 723.3385538086295 10.55339462310076 1.095601052045822 2.669881075620651 1.233419217169285 0 0 1.648278877139091 0.1377729326486588 22.92731053382158 52.98728229850531 12.40993221104145 2.797798357903957 0.5779076814651489 0 0 0
18.78173074126244 3.98466133326292 37.63558120280504 8.123993434011936 9.691053427755833 72.36389996111393 86.41402749717236 161.7423157542944 1.192910067737103 199.5419446453452 6941.889730587602 68.06615184247494 225.0623495057225 225.3860302641988 0.6937568485736847 0.3566241189837456 482.5592758134007 1139.370038114488 2967.083058997989 39.7820260822773 28.64866627007723 2.842046029865742 30.77027041465044 15.0130712017417 11.6855203807354 7561.900692038238 851.8820954486728 27.52811447530985 243.5589916110039 58.01781891286373 275.5612443387508 115.5332877859473 29.0616120994091 2083.110818855464 3.255550928413868 578.4102203920484 2017.37760116905 2950.015091270208 694.717883951962 40.51024612039328 20.97217095643282 86.55244369804859 1.936787255108356 0 5.279753357172012 1.168832026422024 0 0 0 0.3782726675271988 0 0.1120758131146431 0 2.44889235496521 0.3385974019765854 49.77053388953209 0 0 0 0.7899016290903091 5.667113900184631 5.084960617125034 0.123909667134285 0.2102678492665291 0.1623456180095673 0.1172179207205772 2.53823921084404 10.19307264685631 78.47336908429861 151.7935187071562 1.117205962538719 0.1475448161363602 0.2644342258572578 19.03468275815248 0.395388700067997 0 0.5028188526630402 1.437164217233658 11.60409063100815 36.14516131579876 3.256266064941883 0.9721776023507118 0 0.1536127328872681 2.546433433890343 0
201.6631652340293 7.353888511657715 480.2226910889149 6.029206097126007 2.806712284684181 41.27435230463743 255.7404655665159 634.5377331525087 0.770134411752224 157.8529576361179 2828.083397857845 37.62993761152029 31.26031918078661 1429.228868961334 0.2445824071764946 0.8898805901408195 6995.007171742618 2967.083058997989 4817.249133110046 24.57346901297569 312.8058765381575 4.264802448451519 300.6355884671211 16.2684651017189 7.264522686600685 6785.520331636071 2002.201160907745 71.62841454893351 1308.459270767868 692.69558390975 12.50614298135042 35.62770591676235 240.0727924704552 6916.657227560878 4.472361162304878 1014.070717439055 2980.342633344233 3198.962082609534 835.4010144993663 22.38491121679544 5.226299621164799 17.39520025253296 0.9512717127799988 0.1937316507101059 10.49614752829075 17.70543219149113 0.1291814148426056 0 0 1.794230751693249 0.09735141694545746 0.3763593137264252 1.264121025800705 1.225686445832253 0 12.8916934877634 0.6272847205400467 0 0.6235481202602386 7.736026376485825 1.303953722119331 11.18326856195927 0 1.612108923494816 0.2045125812292099 0.7001136466860771 4.464091591536999 3.704095646739006 119.7564741820097 242.5932298898697 2.40086230635643 1.04840149730444 1.668718166649342 3.924968019127846 0.167482390999794 0 1.861293584108353 0.8011933267116547 18.21646239608526 30.28476136177778 4.960422269999981 2.006733611226082 0.7512528598308563 0 0.3866417706012726 0
0.4330169335007668 0.6876411139965057 0.9165186956524849 7797.961483046412 18.53491950780153 497.7118404582143 52.34018313884735 190.0877848863602 433.0673004984856 3287.799372166395 89.51438370347023 5474.631348013878 13.67402132600546 206.593837454915 295.7476463392377 0 0.9416401460766792 39.7820260822773 24.57346901297569 931.7956538870931 0.3745027184486389 0.3662552163004875 0.359919361770153 398.8927273601294 0.7635713145136833 44.48696248978376 12.09499093145132 3273.04141831398 268.3532565906644 0.6155693680047989 1.698898285627365 67.90475285053253 1.171658635139465 135.9399761706591 3.200583532452583 119.7942193299532 11.13650164753199 382.3994741514325 38.89673835784197 979.1266451850533 32.86301954835653 2.242591768503189 5.954464308917522 0.1216769441962242 0.5557036697864532 0.1145403012633324 53.99812100827694 0.2533428966999054 10.88714088499546 20.8741587549448 1.070796027779579 132.3647479861975 168.0882619768381 0.3159573823213577 85.37318263202906 0.09885162860155106 0.1413014233112335 18.18126820027828 0 0 0 0 64.5276143103838 0 2.592497915029526 0 116.2522935047746 0.1401962786912918 0.1043732315301895 2.016534000635147 151.6722669154406 1.510228425264359 1.946423009037971 0 0.2489756420254707 0.2434475719928741 0.2825849950313568 1.1301309466362 13.34871894866228 0.185705229640007 3.978083118796349 1.782985843718052 103.0960819274187 1.160518161952496 0.4047811031341553 0
21.38375351577997 6.099925726652145 3488.781359776855 4.116960503160954 0.2524811625480652 23.0083611831069 2286.746016226709 397.1558420956135 102.0762416943908 90.25199463218451 42.81124323606491 1.402910299599171 7.9044344201684 301.4650479257107 0 3553.68818012625 2917.028623111546 28.64866627007723 312.8058765381575 0.3745027184486389 20687.68020952493 202.4355750083923 18753.62130983919 524.3580399677157 0.3178071603178978 725.5864041596651 1069.682189725339 9670.787983834743 211.8816825449467 17777.22822120041 0 4.349645666778088 25.5445895716548 5574.288075789809 350.3331421837211 8790.024271957576 1517.135206840932 6731.132982313633 2886.443145863712 67.85251647979021 9.448865756392479 4.084609240293503 17.26169174164534 20.04524271190166 0.4629690200090408 12.63586065173149 1.582943081855774 0.128632053732872 0.5502462238073349 25.38225474208593 19.92475456744432 11.27553186565638 9.568950980901718 0.6175411492586136 0.1735213398933411 0.4034464508295059 70.43177349865437 0 293.1995730772614 1.256040066480637 0.3921749591827393 0.8039775267243385 0.1341118514537811 202.5027968510985 87.25239438563585 55.94780592620373 529.3987329527736 0.1066925302147865 7.37079556286335 62.82839336246252 460.8591451868415 80.51220238208771 163.9717707335949 0.08820515871047974 0.2102504521608353 2.092977128922939 4.732859343290329 51.85558950901031 59.49078088253736 7.158232815563679 6.697346471250057 9.387788034975529 3.002641379833221 0.243280440568924 0 0
0 3092.701518587768 157.1614857167006 0.252338707447052 1.195311464369297 0.8962815254926682 1.088380597531796 0.523678183555603 2720.738017179072 1.082863621413708 86.88933196663857 20.61044223606586 230.6887499466538 1.412694610655308 41.20617732405663 4650.190664194524 61.8709329739213 2.842046029865742 4.264802448451519 0.3662552163004875 202.4355750083923 3173.262958094478 775.0098229572177 7578.61912560463 786.5869960933924 50.55609510093927 9347.372803874314 99.78953639417887 1.283902607858181 6.681389585137367 22.69850768148899 1.414766535162926 0.2186816781759262 25.13894847780466 0 81.98478449136019 86.42548730969429 71.11496544629335 12.29931202530861 71.48282285034657 0 39.75579000264406 0 6.105369955301285 26.19697371870279 23.06573938578367 0.3645902723073959 0 0 8.634547978639603 5.641762390732765 6.319541819393635 2.191350981593132 1.477662444114685 0 18.03329872339964 18.35627942532301 0 1486.959975764155 1.661512732505798 0.7813009768724442 0.7115957960486412 0.893057107925415 123.9045251831412 62.10394386947155 385.3751969262958 248.0830717459321 6.984567530453205 21.74865189194679 1467.587462626398 137.3815672919154 20.06439285725355 32.44103585928679 4.634181000292301 0.1428291350603104 0.3915995433926582 1.888152629137039 0.4590229988098145 14.96296912431717 8.735053166747093 5.029829807579517 2.855140663683414 0.5658437311649323 0.1988213658332825 1.889655716717243 0
15.34123778343201 58.32816614955664 10428.6054765135 11.34212039411068 0.639272466301918 13.49094138294458 635.3777912929654 93.23012655973434 137.8641312792897 25.20314729213715 64.02033503353596 1.235038794577122 22.91549921780825 142.0792779028416 0 6543.176710642874 5247.744693227112 30.77027041465044 300.6355884671211 0.359919361770153 18753.62130983919 775.0098229572177 24996.22118709236 1651.512951917946 0.7814472615718842 658.4902517199516 17182.92201283574 3744.693270295858 146.5253051668406 1934.615869753063 1.33663235604763 4.885146260261536 65.57900665700436 5379.10092575103 623.890185393393 14390.01286944747 13170.80617003888 12321.9251793772 10065.91713992506 617.3476928547025 30.08478174358606 25.31268130242825 57.13426896929741 11.33562295883894 3.674660220742226 171.7975005507469 1.484839677810669 0 0.5403324365615845 37.51669616997242 8.313086561858654 3.175513908267021 8.829542681574821 4.520250007510185 0 0.1199358552694321 29.23721842467785 0.1007428020238876 2935.81313932687 3.97597935795784 0.2726584523916245 0.7593931183218956 0 260.825872965157 400.5220642834902 1896.219900660217 214.8437087461352 0.5657766908407211 9.349313378334045 1583.623657673597 188.4157500937581 32.85822923481464 68.51474347710609 0.09458903223276138 0.4536913484334946 0.7267990112304688 1.321212321519852 185.4819934219122 169.1728995069861 19.28049580007792 10.71871084719896 33.4842983558774 2.983442910015583 0.8649436086416245 1.401922628283501 0
53.96319931745529 881.1320159286261 234.6113074943423 3006.037849403918 22.31233290582895 72.34999055415392 2473.1254273206 262.043118365109 13067.17734050006 1221.148269578815 51.61108690500259 524.8160862997174 63.5676617026329 476.5249608233571 806.3451823592186 4097.308333069086 50.07502797245979 15.0130712017417 16.2684651017189 398.8927273601294 524.3580399677157 7578.61912560463 1651.512951917946 17298.75129280239 163.5971560925245 85.05475368350744 7632.533340342343 15352.5820845589 1064.707541100681 846.4408366680145 4.435098864138126 28.16795824468136 267.005210340023 644.5082793533802 239.8043131455779 4593.847715996206 259.7742478325963 1431.818430610001 732.6311862245202 1009.284817270935 156.4802806079388 9.565676815807819 31.95424535870552 108.4120051413774 17.32235395908356 23.23511645197868 207.6261387169361 3.523308970034122 52.94601862132549 1432.177714645863 161.3511384874582 2453.9872738868 873.5590571239591 15.24765965342522 153.6708317399025 13.93034538626671 202.0402309820056 22.75555445998907 233.9056200683117 3.025631748139858 2.510924406349659 2.959727518260479 227.8425306901336 156.3361356332898 148.567850291729 70.03003012388945 5085.453618250787 8.258555069565773 15.54782933741808 212.0984172001481 3905.175407648087 294.2785460948944 621.1821012273431 1.776318520307541 7.458084881305695 11.96830688416958 46.36751519143581 36.57015769183636 790.6448788866401 34.75761008262634 137.3491866588593 62.38118164986372 200.1546082869172 26.74514895677567 4.795723855495453 1.171490103006363
0.2184794768691063 2366.847466140985 1.061413407325745 0 1.988500118255615 4.044186465442181 2.193615727126598 4.902253836393356 127.1261307746172 4.479349441826344 802.9130940139294 3.221472769975662 6278.318078912795 3.04461608082056 1.691345177590847 0.9368359223008156 3.629189178347588 11.6855203807354 7.264522686600685 0.7635713145136833 0.3178071603178978 786.5869960933924 0.7814472615718842 163.5971560925245 742.9140037149191 606.1662629917264 8595.564676277339 1.513994172215462 2.397021129727364 0.1072701513767242 371.0214984416962 9.709115840494633 0 301.9502129480243 4.363620936870575 140.8965803906322 753.8185091093183 1109.328571252525 57.07053731381893 35.64531042426825 26.00917753577232 1371.980677738786 20.09553158283234 0 102.8359462767839 3.023694291710854 0 0 0.235610231757164 0.2269041165709496 0 0.2341093569993973 0.1963591352105141 54.55889518558979 0.1163704767823219 750.5998215079308 0.5479829460382462 0 0 2.987704992294312 6.600029639899731 11.50633662939072 0 0 1.175416946411133 0.1490752547979355 1.813299685716629 74.45264661312103 235.1074530929327 816.9135045260191 2.590094208717346 3.835977301001549 0.3893455415964127 60.43886790424585 0.5247719511389732 0 3.608066655695438 0 85.62944088876247 99.07228276133537 35.63317445665598 7.113662898540497 8.182981699705124 1.02570728957653 85.95110766589642 0
109.2101404815912 146.2106486782432 9004.178773768246 14.98821625858545 9.442507885396481 109.4709113910794 1121.426117949188 1518.953285425901 14.77444532513618 370.5283271223307 4405.877271451056 72.08165297657251 1140.936750993133 1484.963274292648 2.632461920380592 4.016546539962292 5918.166341371834 7561.900692038238 6785.520331636071 44.48696248978376 725.5864041596651 50.55609510093927 658.4902517199516 85.05475368350744 606.1662629917264 40247.09964666516 9511.483385585248 292.9192393422127 447.8870712444186 564.6509733945131 564.8805742189288 106.9183522984385 33.84601446986198 2706.2832968086 23.47597210854292 3438.122085042298 12997.88540869206 8117.023897670209 2601.276435881853 54.57968874275684 23.15419917553663 319.5742296874523 10.01135724037886 5.672424204647541 322.158989161253 172.0406269058585 0.2517291605472565 0 0.7261345461010933 42.99584267288446 5.182354763150215 2.608145080506802 1.273846663534641 92.03246079385281 0 1670.403068758547 14.73787823319435 0 4.843648709356785 159.5092861577868 129.0184601396322 284.922029197216 0.1073465198278427 13.20907589048147 9.881538592278957 28.86702923476696 23.4668847322464 451.0115128457546 4175.784793242812 8857.849973656237 19.58470828831196 8.751535020768642 64.93333470076323 547.176047809422 3.680342644453049 0 46.626912496984 8.99748332798481 165.8412949889898 1333.880190201104 226.2471164092422 40.56677883118391 5.66925124078989 0.7750615328550339 40.43231349438429 0.1237111464142799
10.10736390948296 6027.98633697629 8339.05278801173 20.06787398457527 2.29213397949934 41.25910929590464 422.0722697749734 100.8068827912211 1410.566283755004 102.5374165847898 1040.116519719362 34.01470340788364 8189.17839615792 117.4713210463524 30.51918329298496 4115.128281258047 7189.623015500605 851.8820954486728 2002.201160907745 12.09499093145132 1069.682189725339 9347.372803874314 17182.92201283574 7632.533340342343 8595.564676277339 9511.483385585248 37315.70746548474 2898.891902603209 118.2507165372372 142.2148825824261 3911.046701788902 21.00586441159248 22.49965470284224 3657.256775781512 175.8165314570069 10880.58480202407 8348.175952106714 10631.86346960813 4970.088907435536 285.6712859794497 20.94358532875776 268.493342936039 18.0612984597683 9.827493622899055 3779.800199702382 3266.509345509112 0.705330565571785 0 3.575017109513283 306.9653446674347 48.70731034129858 7.050874374806881 14.55160821229219 100.9393635839224 0.1977704837918282 1552.818558633327 60.79981621354818 0.09967676550149918 1413.182350263 497.2981272116303 130.2625364288688 295.0404792949557 0 164.6440263316035 1181.782619737089 2001.951521553099 245.5756284147501 854.5780168622732 5327.20800217241 36004.44748155773 229.5264570936561 26.3656929731369 131.6178228780627 546.5892883613706 3.737170949578285 1.064237862825394 97.35545942932367 65.99677311629057 546.988937549293 1585.45961163938 521.1313764825463 146.0045306533575 13.26407911628485 0.3449823632836342 73.7294747531414 1.113525554537773
53.93224041908979 8.232986457645893 958.3719820231199 5021.396013617516 11.84011675417423 583.391905374825 25572.19414144009 566.9099625721574 1178.000326633453 3587.006297573447 52.33807647228241 1462.199901580811 15.47745919972658 773.9687305539846 99.04994259774685 1729.434029184282 311.3730849549174 27.52811447530985 71.62841454893351 3273.04141831398 9670.787983834743 99.78953639417887 3744.693270295858 15352.5820845589 1.513994172215462 292.9192393422127 2898.891902603209 30992.98752441257 2018.028884544969 6065.435936629772 1.132389329373837 47.41592118144035 781.9339281767607 2640.925587654114 403.9779386222363 5945.258939132094 363.2549952119589 3766.277681931853 1492.798136778176 431.2306544929743 134.0763048455119 6.041084811091423 40.94655968248844 64.89501871913671 7.15137792378664 17.62824488431215 152.1584966182709 0.8908374905586243 38.01838725805283 750.6259818226099 94.796610891819 861.8832929059863 705.6205211430788 8.294374875724316 126.4009309262037 7.781422637403011 127.8586361631751 21.8961648568511 120.4293085560203 2.853381365537643 1.99787013977766 1.684294119477272 222.3732263147831 58.82612451910973 60.5937223508954 68.55981985479593 2212.60597448796 2.766648828983307 5.114954903721809 144.1882702186704 2011.281039394438 164.861183360219 353.2720599621534 0.3156476840376854 3.68405769020319 6.876501604914665 20.24319471418858 44.25670836120844 346.7988131418824 13.48378382623196 67.66435781121254 19.86839307844639 107.9593231007457 9.056648127734661 1.986231058835983 1.576058119535446
