1346.651544637978 0 11.42454323917627 1.514083635061979 4.761971116065979 14.02963438630104 1841.837283454835 318.4519580416381 0.3086900413036346 23.70880220830441 21.14276104792953 0.7875647582113743 2.10427713394165 3390.232504628599 0.1825036704540253 1.670003652572632 163.9810943678021 2.41919744387269 11.21231323480606 2.694583840668201 27.10980974882841 0.1029170453548431 88.32319724559784 7.159714095294476 0.162761926651001 21.1040573976934 22.51374011486769 90.66309211403131 3145.81308337301 1816.993485487998 0.07425295561552048 24.34034089744091 82.26423340290785 216.505886644125 1.388930015265942 32.64281979203224 3.164219401776791 103.261455103755 30.81029032170773 6.296627633273602 0.8388207107782364 0.8850811347365379 0 0 0 0.09075376391410828 0 0 0 0.08268102258443832 0 0.5797464177012444 0.08810676634311676 0 0 0.07391902059316635 0 0 1.139262601733208 0 0 0 0.07714512199163437 0 0 0 0.726090669631958 0 0.4388433396816254 0.1501141563057899 1.214293390512466 0.06723861396312714 0 0 0 0 0 0 0 0 0 0 0 0 0 0
0 551.2542140856385 141.6357122585177 0.1131293997168541 0.5582760497927666 0.6250823065638542 0.2206077203154564 0.3420406952500343 1547.65140542388 0.09297436475753784 62.69274093955755 0.8462924063205719 1190.898913495243 0 40.18707194179296 109.9152068644762 21.64419202506542 1.064897239208221 5.919144362211227 0.2092548161745071 19.20804822444916 2282.561929389834 4.88581708073616 568.5550661981106 2611.051998279989 474.6925939694047 13793.125620462 94.35640354454517 0.4642708450555801 0.6473348811268806 21.91846531629562 0.09737803786993027 0 8.202028088271618 0.7767760530114174 45.83761515468359 292.7362429350615 152.7089020907879 13.99467414617538 33.12509602308273 0 542.8965209871531 0 0.1277816295623779 47.75509699434042 167.0037163496017 0.08329015970230103 0 0.2000206857919693 2.129995130002499 0.288988471031189 4.415744408965111 0.6260724365711212 2.629234276711941 0.1782602816820145 26.27419746667147 0.114456795156002 0 7.009249061346054 81.42107580602169 2.34373913705349 14.78583436459303 0.3006865531206131 0.8897758722305298 6.815311126410961 2.638852931559086 4.959514901041985 23.6550695374608 621.7446061745286 1433.265029422939 7.034486837685108 0.1951301023364067 0.4603073224425316 3.777813427150249 0 0 1.218359582126141 0 23.8642937913537 15.89117538928986 10.3563242405653 1.88977525383234 0.1595663130283356 0 1.96285454928875 0.1452276259660721
11.42454323917627 141.6357122585177 7658.019783265889 0 0.2280905693769455 3.07323033362627 246.7759067565203 56.77837452292442 0.850119024515152 35.11766754090786 15.56743958592415 0.09221339970827103 17.78107623755932 79.52632323652506 0 1.41960259526968 5860.798271931708 5.985567323863506 80.82594398409128 0.1920209228992462 70.33066253364086 214.3054773211479 7267.319827221334 1.323623411357403 26.40326401591301 8151.905473347753 12698.53965055943 114.5076711848378 44.85209216922522 113.5165336579084 1.802856236696243 1.288528554141521 1.827951662242413 376.0796851217747 15.02151092141867 1232.164777942002 4575.504610851407 1707.806341797113 609.7901023626328 12.24413190037012 2.333831883966923 88.27235999703407 6.253475144505501 0.6329444795846939 276.373762793839 2026.873467735946 0 0 0 6.284242205321789 0.6590193063020706 0.7012040615081787 0.2575215995311737 0.5403521060943604 0 1.366020195186138 0.8748437613248825 0 9.693841248750687 501.0486543923616 1.576963469386101 32.16095325350761 0 2.656675964593887 89.73802547901869 188.9445026665926 2.782855659723282 1.869585767388344 865.6569981426001 3120.983166515827 2.752387575805187 0.6502769887447357 2.365536972880363 0.1333850920200348 0 0 4.662185423076153 3.883396074175835 131.732157163322 59.462711147964 55.30546869337559 13.72859205305576 0.8553489148616791 0.678425595164299 0.246056467294693 5.204135052859783
1.514083635061979 0.1131293997168541 0 810.9212732687593 2.506023377180099 167.1457049250603 86.20840263366699 49.63143415749073 1284.079378791153 2125.901772610843 9.705492649227381 2071.228335961699 1.941034533083439 17.12834896892309 162.3346057832241 0.09535345435142517 0.2510145381093025 0.2252808883786201 0.8794019743800163 12405.12170248479 1.755852937698364 0.4377915263175964 0.227119043469429 2144.339611470699 0 2.208994802087545 0.6132147312164307 3040.325255177915 41.38192676007748 0.9959358721971512 0.07950837910175323 4.004566714167595 0.4744622558355331 34.01515577733517 4.489757731556892 171.3341224715114 0.7502864487469196 82.76518279314041 29.39240465313196 310.2483335062861 8.855746373534203 1.070550814270973 2.282582223415375 0.1791775152087212 0 0 9.389222472906113 0 4.577128835022449 47.86332066729665 1.278668526560068 104.3927686586976 54.51367714256048 0 40.1553423255682 0 0.9516364894807339 0.9139007702469826 0 0 0 0 18.1754297092557 0 0.3218673467636108 0 85.42719107866287 0 0 0.3307036757469177 234.5731749981642 1.826791040599346 0.08847343921661377 0 0 0.4404960200190544 1.616676799952984 0.3011579066514969 9.256406798958778 0 5.404883190989494 1.936634708195925 43.52208457142115 0.5783670544624329 0 0
4.761971116065979 0.5582760497927666 0.2280905693769455 2.506023377180099 90.49429308623075 512.1640919074416 17.94229494780302 348.8591175600886 40.72608534991741 32.7040373980999 115.2798382937908 53.46429769694805 40.3990351036191 53.90496806800365 1217.97805224359 0 1.913610741496086 2.814602896571159 1.261116676032543 9.359872475266457 1.533679991960526 1.968952544033527 1.711556762456894 17.01138480007648 1.950174123048782 7.208659209311008 1.844003967940807 6.630166746675968 23.61277006939054 4.559712618589401 0.7226386293768883 192.6008368358016 0 816.8453575335443 0.4102290347218513 49.22369369119406 5.687398731708527 408.9177965223789 126.3059425204992 1913.825412906706 294.1489018499851 22.80457693338394 1.608175054192543 0 0.1289477199316025 0 0 0 0 0.3291129469871521 0 0 0 0 0.3163265585899353 0.104238398373127 0 0 0 0 0 0 0 0 0.0904652401804924 0 0.4442447349429131 0 0 0 1.927337765693665 0 0 0 0 0 0 0 0 0 0.07340800017118454 0 0 0 0 0
14.02963438630104 0.6250823065638542 3.07323033362627 167.1457049250603 512.1640919074416 7425.555125579238 875.9529524818063 7463.886018518358 74.06704355031252 11933.57052097097 86.46294834092259 3280.023444924504 30.29971852526069 314.0154314264655 2363.803489260375 0.196333222091198 11.36795904487371 4.739367749541998 13.02869607508183 971.579039722681 10.57233075797558 1.34305527806282 10.05968687310815 47.26902974396944 1.135933801531792 20.70472727715969 6.584158033132553 494.4674273580313 372.3280099183321 23.79571373015642 0.7339674718677998 867.6865136809647 2.925728548318148 267.3172499388456 6.045955218374729 253.278483055532 6.292712219059467 306.102450478822 98.41227667406201 2488.857553057373 356.4853069856763 16.32733283936977 2.748681485652924 0 0.09871076792478561 0 1.264718778431416 0 0.5076060742139816 6.657612100243568 0.06654709577560425 8.385530896484852 4.916104651987553 0.06130200624465942 7.708599127829075 0.2170525938272476 0.3734723329544067 0.6367399021983147 0 0.1076999306678772 0 0 2.178758785128593 0 0 0 12.02250239998102 0 0.1489944979548454 0.1625753343105316 30.27464020252228 0.1279606334865093 0 0 0.4580501019954681 0.2663698941469193 0.225388590246439 0.3278426826000214 3.866629958152771 0 0.1050159335136414 0.1742878034710884 8.451040156185627 0 0 0
1841.837283454835 0.2206077203154564 246.7759067565203 86.20840263366699 17.94229494780302 875.9529524818063 12972.38147868589 6489.754481244832 166.3142441138625 6475.707797288895 109.8161408677697 61.39022960141301 33.32019141316414 10339.7509027943 23.84663077443838 3.771917320787907 371.518197838217 7.658521745353937 24.84473951533437 45.20994867011905 1278.831094287336 1.120387569069862 947.7850608155131 223.2207019999623 0.5541125163435936 73.40659977123141 86.53690650686622 11892.61065103859 2879.01283980161 6896.339541226625 1.155480287969112 73.58692122250795 210.4972368888557 816.3044417127967 196.4990171119571 2301.594573006034 47.71914308518171 1761.026397638023 981.4740164726973 223.3658419437706 121.6970463395119 9.795212522149086 38.87891353666782 0.2906739488244057 0.3289315849542618 1.802069656550884 4.054925419390202 0 2.746865794062614 193.7738209962845 5.531593315303326 95.69770894944668 27.80524469166994 1.103399999439716 27.33644523471594 0.1298232711851597 5.343582537025213 0.6399929001927376 2.914821028709412 0.2155450657010078 0 0 6.050344094634056 0.2224099636077881 1.93489146232605 0.1235765889286995 227.1899520382285 0.07935108244419098 0.8308312371373177 4.526989407837391 569.269136108458 10.20397345721722 3.004611574113369 0 0 1.925818987190723 7.494414635002613 3.153586685657501 58.74783343821764 0.6166097894310951 20.73927974700928 8.241307519376278 36.19697242230177 1.010244734585285 1.761188387870789 0.411896824836731
318.4519580416381 0.3420406952500343 56.77837452292442 49.63143415749073 348.8591175600886 7463.886018518358 6489.754481244832 10254.40872702003 10.56032875180244 6649.137084081769 193.841085549444 422.7635538168252 78.22824210301042 9791.368154495955 300.971484079957 0.7136902883648872 295.9995369911194 11.2623380869627 29.97638240456581 287.1792405322194 197.7311270684004 0.3322692736983299 242.2246264070272 21.06976364552975 3.502787195146084 68.85608902573586 46.47893323004246 284.0822717882693 1165.498510550708 679.4519321732223 2.081839229911566 1218.648792631924 25.77947632595897 537.8429853729904 14.59204100817442 444.4708498641849 25.71376011148095 582.8655699491501 273.9905438497663 1939.043514177203 106.3909372799098 49.50573001801968 10.53220461308956 0 0 0.5418583527207375 0.2358960174024105 0 0.09813376516103745 7.267722047865391 0.06956376135349274 4.126029588282108 0.9255171492695808 0 0.8353863954544067 0 0.4984802976250648 0 0.7313021719455719 0.104314811527729 0.0744340643286705 0 0.3274352923035622 0 0.6285560205578804 0 8.767773535102606 0 0.6828192695975304 1.742015279829502 25.94858917593956 0.07256413251161575 0 0 0 0 0.08525564521551132 0 4.655271597206593 0 0.07597095519304276 0.5213026702404022 2.964435018599033 0 0.3044160902500153 0
0.3086900413036346 1547.65140542388 0.850119024515152 1284.079378791153 40.72608534991741 74.06704355031252 166.3142441138625 10.56032875180244 1185.505151495337 57.24044076353312 1.896175839006901 131.7046490162611 23.60201691836119 2.42845818400383 727.0771991163492 116.1235526353121 1.697247058153152 0 0 378.5806131362915 49.07879386842251 2597.973191708326 10.19393202662468 7218.286541551352 103.1123993694782 2.08240769803524 474.1492594107985 4043.722316943109 16.61497762054205 27.11379731446505 0.1549924463033676 10.05066634714603 1.364897646009922 3.28236411511898 2.712304651737213 166.7278384417295 37.88384696096182 24.67973617464304 14.93775081634521 313.8903652355075 8.141706474125385 17.53157835453749 5.271345347166061 0.579066202044487 0.8162143677473068 0.5396088808774948 8.567066706717014 0 2.984501570463181 120.469475723803 4.111157648265362 109.8766537979245 49.08474318683147 5.487494681030512 24.3714127317071 0 3.235837273299694 1.407045304775238 245.2739659026265 0.2440064772963524 0.1734977923333645 0.2095947265625 13.15776930004358 22.93253611773252 52.70850165188313 3.995982065796852 826.5524078309536 0.2056466266512871 2.322527691721916 3.256724260747433 818.9270363003016 10.12919617444277 14.13406525552273 0 0 1.405126623809338 5.748429276049137 0.9617039263248444 23.97865018993616 0.3299204707145691 11.7825658544898 6.523052915930748 17.50279669463634 0 0.1119071617722511 0.0929911732673645
23.70880220830441 0.09297436475753784 35.11766754090786 2125.901772610843 32.7040373980999 11933.57052097097 6475.707797288895 6649.137084081769 57.24044076353312 36572.04405272007 250.4692176319659 4613.418788034469 44.52435805276036 844.545324139297 251.4678970351815 0.6497273296117783 68.32301614433527 17.26087810471654 39.08288759365678 3026.964676257223 183.9644328653812 0.1202431619167328 131.407512255013 616.5930179134011 1.800155006349087 79.31862586736679 28.68683469295502 4444.242377072573 973.0923961363733 122.9977908730507 3.497519612312317 143.0354075245559 9.594865053892136 678.1179821789265 42.56582764536142 1103.783046409488 29.29201949387789 1494.694724693894 360.0204094722867 856.67858466506 132.1975581943989 17.66314417868853 22.13124099373817 0.6397218033671379 0 0.2977785617113113 2.872192651033401 0 1.022413194179535 49.79451040178537 1.012707069516182 27.66574554890394 19.43232794106007 0.08776279538869858 15.28411002457142 0.2173012271523476 0.933362789452076 0.6754664853215218 0.103224940598011 0 0 0 5.989254347980022 0 0.3253794088959694 0 42.35389315336943 0 0.07071908563375473 0.2775857821106911 136.4328703396022 2.741548411548138 0.4301166087388992 0 0 0.1582866087555885 1.099659971892834 0.1994207054376602 12.80817352980375 0.2045243382453918 4.038573756814003 1.510242149233818 15.05610442906618 0 0.07030685245990753 0
21.14276104792953 62.69274093955755 15.56743958592415 9.705492649227381 115.2798382937908 86.46294834092259 109.8161408677697 193.841085549444 1.896175839006901 250.4692176319659 11596.77749011293 69.26977743953466 2102.226239912212 313.4189805909991 0.6546284630894661 0.597931981086731 615.4269854091108 4024.838193148375 1755.537731807679 66.96382389590144 10.4571893401444 2.011774249374866 29.20073790103197 4.185359098017216 213.6463064327836 3334.004857689142 360.4567811861634 33.72095147520304 1070.645926263183 32.28166335448623 526.1718951165676 455.0207118205726 1.233757086098194 6682.436780367047 19.42794474959373 639.3576305136085 4806.110556416214 5438.364141911268 1087.457814007998 85.8175986930728 30.73110355436802 893.8432159945369 9.05644229054451 0 12.66119122505188 0.4650975093245506 0 0.1504710763692856 0.1371843554079533 3.149276085197926 0.202803373336792 1.261721424758434 0.2580032497644424 168.9177376702428 0.2026213407516479 665.8705330491066 0.5110109448432922 0 0.06242593005299568 0 22.43333528935909 5.333074077963829 0 0.09262439608573914 2.991933576762676 0 5.834622241556644 85.11639659106731 184.6612265408039 300.2454914823174 8.986399184912443 0.3420500233769417 0.1241807639598846 60.40577486902475 0.8011629059910774 0 14.66043958812952 0.88129822909832 1.865134697407484 154.5572159290314 55.62878032773733 6.658434718847275 0.7794812619686127 0.1790429353713989 157.9419577792287 0
0.7875647582113743 0.8462924063205719 0.09221339970827103 2071.228335961699 53.46429769694805 3280.023444924504 61.39022960141301 422.7635538168252 131.7046490162611 4613.418788034469 69.26977743953466 10046.63333505392 12.31815676391125 97.24837352707982 1808.872570693493 0 1.031178019940853 5.173713639378548 9.258036304265261 7236.567442499101 0.3788962513208389 2.45037242770195 1.207551918923855 292.6052072122693 0.3352667167782784 17.27177599072456 3.94160258024931 887.469045817852 180.5526753552258 1.96108278259635 1.383865628391504 47.31278697401285 0.2510852962732315 149.4498766958714 1.854887112975121 466.0565557479858 6.521450139582157 299.6455459110439 53.2166911996901 1368.532385334373 26.45610393583775 5.427789077162743 3.752970643341541 0.1108341217041016 0.07394912838935852 0 8.612638995051384 0.1169945597648621 6.221666678786278 66.69326020777225 0.6043728739023209 105.1179778277874 55.85716754943132 0 56.24494433403015 0.06799363344907761 1.353444322943687 2.381916888058186 0 0 0 0 14.60157997906208 0 0.4121799170970917 0 90.25088712573051 0 0 0 219.0302973166108 1.854643531143665 0 0 0 0.3336315415799618 2.505788579583168 0.3075418397784233 14.87323054671288 0 5.223991617560387 1.121066823601723 74.14416659623384 0.3170517832040787 1.088007688522339 0
2.10427713394165 1190.898913495243 17.78107623755932 1.941034533083439 40.3990351036191 30.29971852526069 33.32019141316414 78.22824210301042 23.60201691836119 44.52435805276036 2102.226239912212 12.31815676391125 4338.654582872987 46.76400400698185 3.246294640004635 45.08693613857031 6.046933092176914 165.0880449861288 14.75435683876276 13.16502011567354 19.23735569417477 43.14313539117575 62.19480907171965 34.94312957674265 3246.797485530376 738.2627262994647 4736.904607653618 42.01309313997626 169.3711969256401 13.51719100773335 1926.234947301447 121.4006319493055 0.2789720296859741 947.8607099503279 67.29288527369499 1945.547031037509 5952.862328410149 7611.035994425416 1445.810028988868 113.236674502492 262.0097203329206 1615.591972790658 22.89559275656939 0.2472719997167587 79.60188335180283 1.618236623704433 0 0.1458012014627457 0.3469741642475128 1.941805750131607 0.7169092744588852 2.895134024322033 0.3500721305608749 592.6047145947814 0.4899918809533119 2637.781874842942 1.029067754745483 0 0.9360511153936386 0.75632394105196 61.72549688816071 9.467804901301861 0 0 6.656985566020012 0.4901816695928574 2.396563149988651 455.5041364952922 483.287914969027 769.8216910213232 3.190103631466627 2.893502570688725 0 204.1783028841019 3.901595421135426 0 44.06339003890753 16.1161915063858 34.311274535954 471.1976044774055 146.862860403955 11.12510436028242 1.530263990163803 0 346.3191828504205 0
3390.232504628599 0 79.52632323652506 17.12834896892309 53.90496806800365 314.0154314264655 10339.7509027943 9791.368154495955 2.42845818400383 844.545324139297 313.4189805909991 97.24837352707982 46.76400400698185 8956.929512888193 1.593118630349636 1.460318431258202 708.251495026052 22.09957993030548 70.40475914999843 112.4070024080575 237.5912026055157 0.4493598714470863 451.037769459188 16.46743169426918 1.760031491518021 145.9068017676473 109.656240850687 159.3295859470963 7276.873204007745 2916.338679209352 4.578970938920975 290.9169214330614 80.87822194769979 1579.555198431015 11.64009433984756 247.3305382430553 32.74383936077356 591.3671805597842 170.1598000824451 250.0649013780057 48.0547393783927 21.62035962194204 3.196285173296928 0.9554370939731598 0.1116021573543549 0.6582811400294304 0.2962436303496361 0 0 3.678517572581768 0.1028024479746819 0.818534642457962 0.2601956687867641 0.08016473054885864 0.1232133582234383 0.2977771535515785 0 0 3.351880721747875 0.1004319563508034 0 0 0.05714614316821098 0.09500420093536377 1.102187961339951 0.1298907548189163 5.497315499931574 0 1.236685708165169 1.296350568532944 12.12923072651029 0 0.5871675610542297 0.1619770228862762 0 0 0.6712152324616909 0.161827340722084 1.346405781805515 0.1442990601062775 0 0.5448043346405029 0.4278145134449005 0 0 0
0.1825036704540253 40.18707194179296 0 162.3346057832241 1217.97805224359 2363.803489260375 23.84663077443838 300.971484079957 727.0771991163492 251.4678970351815 0.6546284630894661 1808.872570693493 3.246294640004635 1.593118630349636 302.6022087410092 2.522430084645748 0.06856793910264969 0 0.1329053938388824 244.0120338201523 0.4542700126767159 61.31084229052067 0 976.7554673030972 2.227420315146446 0 11.97127952426672 119.2211985066533 3.323924355208874 0.2104056999087334 0 571.6568402051926 0.08326049149036407 2.304845869541168 0 380.0356903001666 0.3974525853991508 5.336154501885176 2.798440687358379 865.292253896594 67.95903751254082 0 2.350625991821289 0 0 0.1296861916780472 1.21731661260128 0 0.5742655992507935 6.755548253655434 0.1736788302659988 9.397936575114727 5.603666864335537 0 15.2455070912838 0 0.7033648043870926 1.368760824203491 0.1490816622972488 0 0 0 2.362267822027206 0 0 0 9.706201873719692 0 0.1394530534744263 0.3901069462299347 25.9676875025034 0 0.3559383153915405 0 0 0 0.1180620118975639 0 5.051072031259537 0 0.8084188476204872 0 34.48487189412117 0.08358953148126602 3.205782890319824 0
1.670003652572632 109.9152068644762 1.41960259526968 0.09535345435142517 0 0.196333222091198 3.771917320787907 0.7136902883648872 116.1235526353121 0.6497273296117783 0.597931981086731 0 45.08693613857031 1.460318431258202 2.522430084645748 3941.657094962895 3.19340156018734 0.2065785825252533 0.506097786128521 0.2491858005523682 2972.038861237466 4314.152718178928 4122.702290929854 1473.355121098459 45.69832061231136 3.353145495057106 2809.704130858183 2123.176996044815 28.22305932641029 18.08657754957676 0 0.08421747386455536 12.99479740858078 28.59149208664894 35.72238873690367 1450.606829501688 498.5376620814204 220.5524323582649 408.008777782321 24.53401795774698 2.370751082897186 30.38105583190918 10.62037555128336 3.103581756353378 0.5990454703569412 15.37909991294146 0 0 0.866963267326355 21.61864945292473 2.282665804028511 16.13392568379641 0.1085552126169205 20.33766168355942 0 5.175351977348328 1.828053086996078 0 2254.328890182078 2.924203224480152 0.1028394252061844 0 0 301.5431890189648 1234.116967178881 774.2465889751911 194.2691669389606 2.940041780471802 11.60987938940525 140.278694473207 398.5244136601686 0.6283770799636841 20.46740932762623 0.6056793928146362 0.3448074162006378 0 0.335868239402771 1.172631159424782 161.9636590331793 8.438690081238747 34.10380077362061 13.93329286575317 15.55353382229805 4.383878111839294 55.98751935362816 2.152258634567261
163.9810943678021 21.64419202506542 5860.798271931708 0.2510145381093025 1.913610741496086 11.36795904487371 371.518197838217 295.9995369911194 1.697247058153152 68.32301614433527 615.4269854091108 1.031178019940853 6.046933092176914 708.251495026052 0.06856793910264969 3.19340156018734 3294.802369698882 416.88346606493 6439.387295603752 1.431606322526932 739.5813681930304 11.45961558073759 5362.943208321929 2.172609850764275 7.167493209242821 4399.878038309515 6451.111222699285 117.4148315824568 579.8133803643286 2018.837632581592 1.99939689040184 10.723224516958 28.01599392294884 2973.841786384583 12.56430614739656 389.5697823539376 883.2933794334531 1473.912047546357 428.2396754473448 9.90359079092741 4.140769384801388 30.17158622294664 3.605477377772331 0.2826531529426575 15.18261719495058 90.48240101337433 0 0 0 0.4341206327080727 0.1502546817064285 0.3549826294183731 0 0.2657332792878151 0 0.1573021113872528 0.3234023675322533 0 0.7858697921037674 52.50000209361315 0.3288622722029686 5.995557270944118 0.08198275417089462 0 1.765899263322353 1.098357558250427 2.280497699975967 1.046727687120438 168.7550957202911 195.4051214307547 4.571975640952587 0 0.3822319582104683 0.5772528052330017 0 0 0.6428720653057098 2.882015481591225 9.260041065514088 8.571387082338333 4.112756729125977 1.548281215131283 0.4328182339668274 0 0 1.530116021633148
2.41919744387269 1.064897239208221 5.985567323863506 0.2252808883786201 2.814602896571159 4.739367749541998 7.658521745353937 11.2623380869627 0 17.26087810471654 4024.838193148375 5.173713639378548 165.0880449861288 22.09957993030548 0 0.2065785825252533 416.88346606493 729.2570936605334 2963.254135623574 4.786996822804213 2.608638748526573 0 5.443627141416073 0.2739752493798733 2.217557653784752 3837.754590712488 172.1609845981002 1.693956218659878 46.31653790175915 4.980762965977192 51.46910751610994 14.61379037797451 0.1039551869034767 546.4630290679634 1.402388237416744 192.9516187086701 442.8179299160838 834.2670613452792 225.6964370384812 8.415288381278515 1.551676996052265 4.508537024259567 1.019666567444801 0 0.4285599291324615 0 0 0 0 0.1953523308038712 0 0 0 0.5962084457278252 0 12.29192869365215 0 0 0 0.2712859660387039 0.6063925176858902 0.335781916975975 0 0 0 0 0.1049719676375389 2.096464984118938 10.69960404187441 24.59967214614153 0.538122832775116 0 0 1.064204968512058 0 0 0.08672370761632919 0 1.828503370285034 0.6171592846512794 0.2441059350967407 0.1642081141471863 0 0 0.4092843234539032 0.3292669057846069
11.21231323480606 5.919144362211227 80.82594398409128 0.8794019743800163 1.261116676032543 13.02869607508183 24.84473951533437 29.97638240456581 0 39.08288759365678 1755.537731807679 9.258036304265261 14.75435683876276 70.40475914999843 0.1329053938388824 0.506097786128521 6439.387295603752 2963.254135623574 3864.247363574803 10.17702852189541 17.706009529531 0.9570537060499191 81.34589562937617 0.804228700697422 0.5373038202524185 4855.272708922625 935.8170754984021 6.033690232783556 112.9523184113204 37.48741111904383 11.0828927308321 24.67586733773351 1.754225827753544 3959.754955280572 2.943955890834332 543.4645326137543 745.3610103800893 2273.044698338956 407.2969810962677 18.01347433775663 0.8292174860835075 9.573020733892918 1.977184884250164 0 5.732436798512936 3.572163686156273 0 0 0 0.2594141364097595 0 0.2362412959337234 0 0.3351585865020752 0 3.183416895568371 0 0 0 1.681066110730171 2.410492211580276 1.933467842638493 0 0 0.1505445092916489 0 0.3609346896409988 2.810808882117271 124.9688744172454 121.6325624734163 0.4732961431145668 0 0 0.5092726424336433 0 0 0 0 0.7426093146204948 0.8327578380703926 0.3804354146122932 0.6350391209125519 0 0 0 0
2.694583840668201 0.2092548161745071 0.1920209228992462 12405.12170248479 9.359872475266457 971.579039722681 45.20994867011905 287.1792405322194 378.5806131362915 3026.964676257223 66.96382389590144 7236.567442499101 13.16502011567354 112.4070024080575 244.0120338201523 0.2491858005523682 1.431606322526932 4.786996822804213 10.17702852189541 1573.434050239623 2.92793695628643 0 1.297909215092659 1002.382735185325 0.2012393623590469 17.3153319619596 3.586753208190203 4596.411893453449 216.8705037422478 4.474833928048611 0.9193707518279552 34.02012247592211 0.3317639231681824 159.7639308385551 8.201114922761917 359.2735499590635 7.60452251881361 386.7952287048101 85.11610206961632 513.7823863476515 37.12410089373589 4.018333964049816 6.04093386977911 0 0.1022919416427612 0 8.074414275586605 0 2.622912175953388 51.98831961303949 2.055169656872749 73.04260241985321 51.55779640376568 0 35.70260991901159 0 2.085426058620214 1.108638890087605 0 0 0 0 14.87317821383476 0 0.4195581078529358 0.2504476606845856 72.14374598115683 0 0 0 191.8287799954414 2.391022305935621 0.2001239955425262 0 0 0.2642980739474297 2.354093126952648 0 15.44499579071999 0.06276059150695801 5.468807801604271 2.205138131976128 43.22794056683779 0 0 0
27.10980974882841 19.20804822444916 70.33066253364086 1.755852937698364 1.533679991960526 10.57233075797558 1278.831094287336 197.7311270684004 49.07879386842251 183.9644328653812 10.4571893401444 0.3788962513208389 19.23735569417477 237.5912026055157 0.4542700126767159 2972.038861237466 739.5813681930304 2.608638748526573 17.706009529531 2.92793695628643 12540.64843218029 289.9026960134506 13374.4751900956 811.2714686766267 2.244869768619537 27.88207414373755 285.5965072289109 6668.417007513344 216.5125806108117 9082.240575782955 0.2591142505407333 3.87895305454731 108.5826894342899 4592.387010827661 260.5053155720234 4278.885581322014 545.54178904742 5449.820990920067 3145.261191025376 161.3937306702137 8.555798344314098 17.28505626320839 33.44382259994745 1.519683122634888 0 1.076332651078701 0 0 0 20.17105893045664 2.878687553107738 15.17362208664417 0 5.621679440140724 0.1296083778142929 0 2.54152075946331 0 471.7125920951366 0.3111521005630493 0 0 0 104.0714849382639 247.6620186939836 26.33844060450792 174.9460643157363 0 1.821158170700073 4.93763954937458 347.4877438172698 1.709471300244331 18.97551527619362 0 0 0.3232181221246719 0.8937857076525688 7.241037331521511 75.71400545537472 0 6.560795105993748 2.430953860282898 11.94963283836842 0 4.239995151758194 0.2731699645519257
0.1029170453548431 2282.561929389834 214.3054773211479 0.4377915263175964 1.968952544033527 1.34305527806282 1.120387569069862 0.3322692736983299 2597.973191708326 0.1202431619167328 2.011774249374866 2.45037242770195 43.14313539117575 0.4493598714470863 61.31084229052067 4314.152718178928 11.45961558073759 0 0.9570537060499191 0 289.9026960134506 1162.033001162112 721.9498904049397 2755.368359491229 263.5526772737503 14.99229791015387 9559.460940532386 503.9074212014675 3.341066688299179 4.624604672193527 0 0.1289537250995636 1.239659488201141 4.856632821261883 0.9787253886461258 65.48430317640305 27.02156680822372 20.0486743375659 12.25366467237473 65.25627183169127 0.1054346412420273 9.142554402351379 0.343883603811264 0.8668564930558205 9.197643592953682 168.2675815597177 0 0 0.2551546394824982 13.92724069952965 0.7630542814731598 23.19113567471504 0.6853021159768105 10.63535220175982 0.3321390226483345 0.7516235038638115 1.363466084003448 0 1329.233902707696 18.13079738616943 0 0.2496779188513756 0.07304995507001877 135.3299146592617 210.4652433618903 570.6323835328221 114.0328652560711 0.6390297114849091 19.48822927474976 1223.036197319627 195.2511746957898 1.03654982149601 7.749483488500118 0.1204537153244019 0 0.120407298207283 0.978408046066761 0 24.07156475633383 2.271603927016258 7.906262792646885 2.174496337771416 4.917880445718765 0 6.912637054920197 3.65274652838707
88.32319724559784 4.88581708073616 7267.319827221334 0.227119043469429 1.711556762456894 10.05968687310815 947.7850608155131 242.2246264070272 10.19393202662468 131.407512255013 29.20073790103197 1.207551918923855 62.19480907171965 451.037769459188 0 4122.702290929854 5362.943208321929 5.443627141416073 81.34589562937617 1.297909215092659 13374.4751900956 721.9498904049397 19938.05579937994 89.44852757453918 24.237753033638 611.093868419528 7497.404180012643 872.6029701530933 270.6434182822704 6029.467176157981 0 4.938695944845676 18.08404456824064 2073.500442396849 405.2029976844788 12743.16575811058 6287.771569170058 9017.990452550352 9313.688782200217 163.9247698783875 23.43228755146265 79.66736917942762 85.37706447392702 0 5.883554540574551 348.3595202341676 0 0 0.09056000411510468 10.13222918659449 0.7027171552181244 4.457961030304432 0 15.26642021536827 0.07868179678916931 4.45054829120636 1.464323833584785 0.07375424355268478 1551.558582432568 28.45691299438477 0 1.229453504085541 0.08361774682998657 96.17580084502697 645.4395831003785 1131.838712476194 45.26402439922094 2.388650342822075 58.20693495869637 993.1801229268312 104.8219088017941 1.088713377714157 5.380610622465611 0.5582683086395264 0 0.1634925380349159 2.911438278853893 16.75611075758934 82.70042525231838 11.28191445022821 26.1339642778039 31.38833626359701 3.712579131126404 2.727750957012177 31.65966045856476 6.397655457258224
7.159714095294476 568.5550661981106 1.323623411357403 2144.339611470699 17.01138480007648 47.26902974396944 223.2207019999623 21.06976364552975 7218.286541551352 616.5930179134011 4.185359098017216 292.6052072122693 34.94312957674265 16.46743169426918 976.7554673030972 1473.355121098459 2.172609850764275 0.2739752493798733 0.804228700697422 1002.382735185325 811.2714686766267 2755.368359491229 89.44852757453918 9480.107086084783 42.40121717751026 3.707098945975304 572.7752968966961 12671.49671491981 141.4942207932472 181.1994486004114 0.1896945908665657 4.800037987530231 49.50901297479868 74.71447438001633 48.18679377436638 1015.090453028679 60.71708319336176 235.8667152449489 223.0085839033127 852.4955185353756 12.68118138611317 13.09854912012815 10.25293401628733 5.177513927221298 3.371760375797749 1.441204108297825 36.90426310896873 0.1847353577613831 18.25732227414846 826.6741208061576 23.31584787741303 1291.565672710538 223.2187055870891 5.201428435742855 159.3564412593842 1.128191649913788 21.88522851467133 5.071627177298069 396.048043705523 0.5199863612651825 1.018348168581724 0.4309921897947788 62.69267068058252 53.05697072297335 303.1461133137345 22.46628218144178 2545.506945930421 0.4758586287498474 5.050515901297331 12.78320948779583 4161.93960159272 49.72698698937893 64.72264863550663 0 1.645140998065472 8.876787044107914 32.06809454783797 5.029154047369957 305.4032941684127 2.902853362262249 86.05237952619791 49.4787998944521 204.9533036127687 3.643217541277409 9.333097189664841 2.396721951663494
0.162761926651001 2611.051998279989 26.40326401591301 0 1.950174123048782 1.135933801531792 0.5541125163435936 3.502787195146084 103.1123993694782 1.800155006349087 213.6463064327836 0.3352667167782784 3246.797485530376 1.760031491518021 2.227420315146446 45.69832061231136 7.167493209242821 2.217557653784752 0.5373038202524185 0.2012393623590469 2.244869768619537 263.5526772737503 24.237753033638 42.40121717751026 1261.883955433965 222.4723825678229 6458.269389003515 21.64621162414551 5.484511896967888 6.703212425112724 201.2347436919808 5.821837410330772 0 137.8273015245795 5.904253482818604 572.4429468885064 850.2541717588902 1187.533810645342 190.2257130295038 28.97224390506744 48.22693800926208 728.5231767743826 12.15332382917404 0.1876182109117508 162.2183701395988 8.409140922129154 0 0 0.1696276217699051 0.3156208395957947 0.3271669149398804 0.4997320622205734 0.06374330818653107 277.6255376040936 0.08230029791593552 1273.737027749419 0.2047287598252296 0 0.7086417675018311 4.895336121320724 19.13809348642826 4.263219498097897 0 0 2.172608837485313 0.4559858664870262 0.5300587117671967 375.2580248937011 357.6171687245369 561.0717144012451 1.011392764747143 0.6100612208247185 0.1434949636459351 80.86633990705013 0.4088070020079613 0 15.08037407696247 2.798266738653183 45.75694688409567 176.3736683726311 85.84519796073437 5.271566726267338 0.1093958169221878 0 158.8910712748766 0
21.1040573976934 474.6925939694047 8151.905473347753 2.208994802087545 7.208659209311008 20.70472727715969 73.40659977123141 68.85608902573586 2.08240769803524 79.31862586736679 3334.004857689142 17.27177599072456 738.2627262994647 145.9068017676473 0 3.353145495057106 4399.878038309515 3837.754590712488 4855.272708922625 17.3153319619596 27.88207414373755 14.99229791015387 611.093868419528 3.707098945975304 222.4723825678229 30012.70550741255 15098.84893006831 22.15895717963576 207.592378295958 72.14233401417732 616.6856711730361 46.65938249602914 2.949534758925438 2445.933904599398 12.71822871267796 3263.912477273494 5144.057930193841 5794.965591326356 1775.579276993871 70.09307543933392 3.152297042310238 115.200061775744 10.94856297969818 0.3154563084244728 362.9328094422817 209.8449674323201 0.06677296757698059 0 0.05993000790476799 1.832365058362484 0.3271737769246101 1.241358458995819 0 106.8320074602962 0.06382820010185242 1063.558418050408 0.5747348368167877 0 1.650971420109272 155.0473838672042 98.21287111192942 67.19135747104883 0 0.2278164178133011 8.059910535812378 1.8748529702425 1.72826199606061 332.8048352897167 3384.97149360925 4421.301236718893 1.850206412374973 0.4537965655326843 0.8755487874150276 176.9000420421362 0.2735455259680748 0 6.471259653568268 2.062515214085579 24.37492619454861 59.28338282555342 33.55531322211027 8.462129443883896 0.6578627303242683 0 6.884370371699333 0.7884578332304955
22.51374011486769 13793.125620462 12698.53965055943 0.6132147312164307 1.844003967940807 6.584158033132553 86.53690650686622 46.47893323004246 474.1492594107985 28.68683469295502 360.4567811861634 3.94160258024931 4736.904607653618 109.656240850687 11.97127952426672 2809.704130858183 6451.111222699285 172.1609845981002 935.8170754984021 3.586753208190203 285.5965072289109 9559.460940532386 7497.404180012643 572.7752968966961 6458.269389003515 15098.84893006831 40728.94143489748 386.7734642401338 126.7461112625897 105.426852338016 1352.056717410684 7.809859145432711 8.108791574835777 2084.467711284757 87.49842997640371 8868.290141366422 4606.091219522059 8189.669721800834 3257.91883938387 103.5537151806056 12.64134669303894 132.3475880399346 39.38227445632219 0.9115171395242214 2374.500156953931 3043.754402771592 0 0.08718036115169525 0.7635258436203003 11.08696140348911 2.279307626187801 4.570099227130413 0.3287298679351807 142.2149468809366 0.6337363049387932 1632.086070723832 1.732107385993004 0 986.4820461422205 694.2964980751276 150.2814079299569 118.3987584486604 0 14.0508908033371 919.2309154346585 1789.649244211614 14.14466386288404 690.2318024784327 6278.610041283071 14288.17638202012 37.69110087305307 1.779369361698627 3.775627873837948 238.9007596224546 0.355960413813591 0 19.33352016657591 20.31858304142952 237.1427422612906 151.1384949535131 131.3537238910794 46.565031260252 1.562046520411968 0 13.42326581478119 14.13442995399237
90.66309211403131 94.35640354454517 114.5076711848378 3040.325255177915 6.630166746675968 494.4674273580313 11892.61065103859 284.0822717882693 4043.722316943109 4444.242377072573 33.72095147520304 887.469045817852 42.01309313997626 159.3295859470963 119.2211985066533 2123.176996044815 117.4148315824568 1.693956218659878 6.033690232783556 4596.411893453449 6668.417007513344 503.9074212014675 872.6029701530933 12671.49671491981 21.64621162414551 22.15895717963576 386.7734642401338 27483.7322184816 1627.402433678508 13690.90205900371 0.2506014853715897 21.57115642353892 687.7288927733898 1150.246396400034 388.5677173137665 6075.656221158803 280.8697808533907 2417.440776303411 1955.478326808661 664.6063156798482 98.55106680095196 28.25116104632616 55.54134418815374 9.869322463870049 1.774240717291832 2.754380710422993 48.05692668259144 0.1342788636684418 33.03801748156548 1517.332196965814 43.36573088914156 1079.285910136998 338.6998098939657 16.85864159837365 262.278824031353 1.639390889555216 49.22922780737281 9.58305849134922 484.517347253859 0.9695675671100616 1.263683300465345 0.4727287106215954 86.23983807861805 69.26320920884609 288.7806541472673 22.73833196610212 2599.55200868845 0.1764444559812546 2.294895380735397 10.33164716139436 5490.063772074878 77.75091471895576 75.58159241825342 0 0.8284123241901398 12.29943123459816 52.1494511552155 10.66283119469881 428.9655179604888 5.87429965287447 139.2264143787324 69.86741008609533 368.1797199621797 7.398700147867203 16.19037411361933 3.032405823469162
3145.81308337301 0.4642708450555801 44.85209216922522 41.38192676007748 23.61277006939054 372.3280099183321 2879.01283980161 1165.498510550708 16.61497762054205 973.0923961363733 1070.645926263183 180.5526753552258 169.3711969256401 7276.873204007745 3.323924355208874 28.22305932641029 579.8133803643286 46.31653790175915 112.9523184113204 216.8705037422478 216.5125806108117 3.341066688299179 270.6434182822704 141.4942207932472 5.484511896967888 207.592378295958 126.7461112625897 1627.402433678508 15505.27397142723 4619.763179477304 6.933336284011602 1421.73460463807 2928.781060039997 3016.26091741398 19.1598759368062 530.4298302084208 99.85649916529655 1599.277166929096 447.4842877425253 457.6797422319651 552.7430316209793 82.06773091107607 11.66514223814011 0.07138051837682724 0 0.4123416319489479 0.4120854511857033 0 0.1960328295826912 17.32134752720594 0.3301971629261971 7.467556767165661 2.185249052941799 0 0.4381334260106087 1.451334424316883 0.184324637055397 0.374776303768158 4.673823550343513 0.3504115790128708 0.05724253132939339 0 0.3733410313725471 0.5863963663578033 3.233417585492134 0 30.53439825028181 0.1144080311059952 2.342413537204266 1.675621472299099 66.27018078789115 1.526370689272881 0.5873457863926888 0 0 0.1318543888628483 0.5089845471084118 0 6.169399298727512 0.2846079766750336 1.292646575719118 0.7058258354663849 1.186943113803864 0 1.403407648205757 0
