980.6549112424254 0.9722904413938522 176.6241395547986 3.394891031086445 0.1151116937398911 18.95971547812223 4306.964676149189 1873.757239826024 3.347912810742855 68.11768595129251 13.78931070119143 1.176680713891983 0.3234198242425919 5580.715441972017 0 1.657673254609108 252.0199410393834 12.46796351671219 67.77549032866955 4.230686731636524 39.32230561971664 1.475052058696747 201.6561297029257 35.44675450772047 0.2512705698609352 106.9197701215744 31.01362524181604 64.59100413322449 2652.529316775501 2340.591033942997 0 12.70985686033964 42.01160615682602 111.5744518339634 2.099111311137676 37.1669802442193 24.28456122428179 69.57114394009113 16.48754685372114 0.7338552102446556 4.071443051099777 0.2215564548969269 0.5726110488176346 1.709171205759048 0.1082781553268433 2.173285931348801 0 0 0 2.783152565360069 1.078806638717651 1.259828016161919 1.757873833179474 0 0 0 0.3853282779455185 0 0.9125799536705017 1.731847278773785 0 0.9086427465081215 0 4.19931898266077 0.09436990320682526 1.419163294136524 4.414012871682644 0 2.007598474621773 8.125002436339855 14.08061078190804 2.76693594455719 5.037054464221001 0 0 0 0.5137397050857544 0 1.26360048353672 0.2179868370294571 1.399722434580326 0.1208324134349823 0.6661379337310791 0.1581904292106628 0 0
0.9722904413938522 243.3542796447873 627.9836508780718 0 0.6589498370885849 1.096376366913319 4.708179697394371 2.44119431078434 1023.421824559569 0.2901009023189545 61.8660501241684 1.393959194421768 461.0737571716309 2.254875250160694 28.51369784027338 2.876106984913349 226.2749859914184 4.149296045303345 127.0887371227145 0 0.1282876431941986 2521.510265916586 128.6476911976933 533.3436931446195 1753.195584230125 343.4841659292579 7425.869156070054 21.20229133963585 4.921226270496845 12.88900230079889 29.11256647109985 0.236537829041481 0.580986499786377 53.18865083158016 1.527201160788536 124.1548757702112 125.4828983694315 197.2464170232415 50.33643805980682 20.55431807786226 1.367264270782471 143.0337454974651 0.8522574603557587 0.3574368059635162 63.75811935216188 117.8052869066596 0 0 0 1.91136085242033 0.5380541980266571 1.235854461789131 0.1740601062774658 6.004650332033634 0.2240435928106308 32.68875581026077 0.9068643823266029 0.1063075289130211 1.393726453185081 69.38986857235432 7.480551078915596 53.57239134609699 0.1539751589298248 1.100504264235497 4.872038468718529 5.858833476901054 4.00010284781456 87.64977114647627 504.2750717774034 1388.849751137197 3.022849351167679 1.7094486951828 1.749376997351646 6.872535169124603 0.7386591285467148 0 13.70614126324654 0.1569191217422485 38.53957957774401 31.36096440255642 60.26861625909805 17.47332704812288 1.91977359354496 0 1.529956176877022 0.982326865196228
176.6241395547986 627.9836508780718 5054.147916585207 6.709934830665588 0.1022188514471054 22.18383044749498 1542.092093363404 256.99489569664 5.257860623300076 50.51568605005741 34.97924433648586 0.3403433188796043 7.421743340790272 417.5278357863426 0.1991623640060425 9.812840409576893 5972.579588495195 120.2810110971332 661.4196048080921 2.458328977227211 904.9160551577806 55.49659080803394 10723.46209468693 60.50691053271294 0.8744991049170494 9622.029824830592 5164.369227722287 463.480112016201 89.70925637334585 1680.345212467015 0.5107434168457985 6.781585030257702 8.145586594939232 1386.554583244026 28.4702278599143 1960.266359686852 5069.625679448247 2966.451189368963 1147.337923489511 30.7155596986413 10.31296550482512 16.08868183195591 10.37496288120747 0.7305697202682495 353.0894740968943 1007.504733137786 0 0 0.1567169725894928 14.33487086743116 1.851117104291916 2.193658143281937 0.7495686858892441 4.199743255972862 0.2458550557494164 2.633502751588821 2.342620655894279 0.1795341074466705 9.185270644724369 568.1806680336595 22.68841211497784 172.9688215330243 0 9.378918245434761 40.779993891716 68.31873771548271 18.44038581848145 20.61747685819864 900.5145640671253 3103.268840812147 18.96582189202309 3.850801862776279 12.36077012121677 3.457193061709404 0 0.8346848115324974 28.61501083523035 2.876474961638451 118.8068483322859 101.2118412181735 174.0789908021688 39.82378872483969 2.3764553591609 0.1365724056959152 0.9398970901966095 1.097014427185059
3.394891031086445 0 6.709934830665588 2237.685021176934 1.541356079280376 95.88548386096954 70.71076548099518 38.37447293847799 756.59967597574 987.1255455687642 4.50179199129343 5101.930238649249 1.88297913223505 26.85871293395758 72.07162595540285 0.5587230175733566 0.5617181360721588 1.427509240806103 0.3413616046309471 2409.386086918414 1.811329051852226 0.2225527912378311 2.637855418026447 1555.590596176684 0 4.496321268379688 1.482512630522251 3081.989967294037 166.3295904248953 1.872466705739498 0.08442574739456177 8.523982018232346 46.04422456026077 38.4678555354476 17.96384160965681 221.68084654212 5.448711156845093 167.0853192657232 53.09321203827858 92.1677203476429 33.30585838109255 0.6110015287995338 7.25754277408123 2.313861586153507 0 0 109.4526640623808 0 17.38717474043369 163.29119002074 44.48581846058369 207.9846144393086 308.594727396965 0.1922810524702072 118.052282191813 2.042420864105225 9.347280062735081 1.897627174854279 0.6586194187402725 0.1236702874302864 0 0 76.31141018867493 0.08386389166116714 0.3584516644477844 0 232.6601072326303 0.1264959275722504 0.1072124689817429 0.5301775932312012 161.7471077442169 3.94996339827776 1.289577305316925 0 1.871098637580872 0.2210546135902405 3.22695841640234 0 8.781906142830849 0.2089578807353973 3.561159521341324 0.1355996578931808 98.84837651252747 0.3465056270360947 0 0
0.1151116937398911 0.6589498370885849 0.1022188514471054 1.541356079280376 73.44589219987392 433.9989079162478 1.397146910429001 11.97360167652369 23.08809196949005 6.780946359038353 8.236383400857449 44.25803834199905 0.4401935338973999 3.057819053530693 2290.997015178204 0 0 0.9625755846500397 0.3531231284141541 3.411205358803272 0 1.747824355959892 0 24.94917693734169 0.2108200043439865 1.103731565177441 1.012176513671875 3.117682814598083 18.07645343244076 0.1070512533187866 0 584.2892111316323 0 585.579186424613 1.230623304843903 12.90608642995358 0.3411262780427933 57.16142281144857 2.391934365034103 2125.715654850006 450.8491813093424 0.1449139416217804 0.7281441539525986 0 0 0 0 0 0 0 0 0 0 0 0.2268876284360886 0 0 0 0 0 0 0 0 0 0 0 1.648591190576553 0 0 0 1.120175778865814 0 0.9022352695465088 0 0 0 0 0 1.142352789640427 0 0 0 0 0 0 0
18.95971547812223 1.096376366913319 22.18383044749498 95.88548386096954 433.9989079162478 10729.10984983295 1556.806617386639 4786.676698617637 159.4580674320459 7214.301578059793 133.8338471502066 1737.244811691344 9.95174041390419 751.4155364185572 1799.502719089389 0.4228584170341492 4.73163915425539 25.4525311216712 9.630828462541103 458.4740128442645 8.512606777250767 4.27305556833744 8.011488229036331 198.0660545229912 0 38.21393773704767 15.18872092664242 790.6251535266638 350.0127456709743 13.43436794728041 3.102541625499725 892.7592206001282 23.92907831072807 1064.312109529972 12.01720812171698 245.2937922626734 15.58137540519238 640.6980668604374 52.42631389945745 2819.095946192741 1222.286333054304 7.065164938569069 7.133419550955296 3.533509790897369 0 0.8799498751759529 2.900399558246136 0 0.196498766541481 16.06061865389347 6.930878147482872 26.3357617482543 14.6316285058856 0 11.69919611513615 0.1301549077033997 2.90538415312767 0 0.5319259166717529 0.2086227089166641 0 0.08011087030172348 4.311812557280064 0.09838737547397614 0.1865831464529037 1.943816930055618 39.58712749928236 0 0.1531889289617538 1.258323848247528 56.90415994822979 7.19886539131403 12.71607434749603 0.2915979027748108 0 0.3867095708847046 1.284507066011429 0.2778862118721008 11.12959826737642 0.117053709924221 1.26328544318676 0 38.93949262797832 0.270850658416748 0 0
4306.964676149189 4.708179697394371 1542.092093363404 70.71076548099518 1.397146910429001 1556.806617386639 11946.87736128271 2351.082466233522 468.9761781468987 3307.379385504872 34.73750972002745 9.566856890916824 3.144950397312641 7270.735711075366 4.035185493528843 14.24456129968166 372.5052351132035 27.43281130492687 99.53044555336237 40.3070138245821 931.7022160887718 14.89986674487591 1485.839511461556 997.2062199041247 0.4910521954298019 533.8734348192811 173.6553454250097 17387.78007459641 1968.34549280256 7719.981210649014 0.2890971228480339 68.16141343861818 347.9635323733091 340.0897438004613 53.9525023624301 952.2922129184008 115.2859627902508 903.440955132246 289.8643483370543 55.49250763654709 98.40628784149885 2.335547715425491 18.66430409252644 20.90723484754562 1.341155990958214 13.79126542061567 24.20602539181709 0.3890450894832611 16.042515411973 318.6872843056917 90.62429279088974 130.0946776494384 144.4905887171626 0.1692890971899033 24.2192530632019 0 39.42746511101723 1.305488415062428 24.02788385003805 7.849953182041645 0.202599011361599 2.827792555093765 16.90968374162912 26.003347851336 12.24679765105247 19.86945202201605 392.0580762028694 0.1016280800104141 10.13858220726252 42.39210814982653 536.788813970983 51.56539338082075 66.75097744166851 0.2115615978837013 1.657416939735413 3.169983446598053 19.53310165554285 2.725363165140152 67.72375125437975 4.137157641351223 24.23433304578066 4.36410728096962 75.35497832298279 3.253122687339783 0 0.4932526350021362
1873.757239826024 2.44119431078434 256.99489569664 38.37447293847799 11.97360167652369 4786.676698617637 2351.082466233522 7787.638530448079 177.2419431656599 2247.047160550952 128.7782318517566 631.6409993767738 2.599137894809246 6964.846333384514 183.6595131233335 1.966365948319435 271.4518254846334 44.71968784183264 112.7265288457274 250.2887886092067 62.49121710658073 9.920875012874603 201.1379196122289 373.4815195202827 0.7277317643165588 221.0244230441749 89.31827349960804 461.2769106477499 1081.46261715889 1056.21399268508 3.125105641782284 299.8985100388527 87.83920525759459 603.6733147054911 17.88948419690132 233.6916395276785 52.02612641453743 511.3734803497791 66.20028489083052 658.6926920562983 211.7254942208529 1.052313044667244 4.038119867444038 9.610137082636356 0.7025183588266373 4.39074333012104 5.785676345229149 0 4.23761098086834 120.1944368034601 30.13826578855515 57.65095724910498 25.49922505766153 0.513022243976593 5.566476389765739 0 12.6522177234292 0.2202010229229927 8.002167448401451 2.472102619707584 0.3822562694549561 0.4643770158290863 3.842754013836384 8.421838812530041 0.8311446905136108 5.378121167421341 194.9798787385225 0.09379420429468155 5.248136103153229 9.615288786590099 299.589945204556 42.00223327428102 43.72773380577564 0.1059115827083588 1.003119826316833 2.109629452228546 8.629895679652691 0 24.09131300449371 1.699840262532234 9.139445044100285 2.069035828113556 17.02284768223763 2.483388245105743 0 0
3.347912810742855 1023.421824559569 5.257860623300076 756.59967597574 23.08809196949005 159.4580674320459 468.9761781468987 177.2419431656599 1471.78695397079 578.7127855122089 7.921462535858154 784.5271326228976 23.61799170821905 80.36360105127096 470.9454688429832 45.41335119307041 5.55632258951664 1.589199379086494 1.219687208533287 1312.776121459901 21.21426380425692 3094.383406572044 14.33085683733225 11851.44070625305 220.464247353375 8.113457135856152 1020.985734969378 1454.769127435982 56.58574987202883 86.42361817508936 5.47494313120842 11.10808801651001 6.59854494780302 39.41485121101141 6.580924674868584 228.7788782268763 17.69707857817411 105.7248377129436 25.62548241019249 330.8613319694996 23.38586995005608 3.908241897821426 2.982849806547165 24.06831188499928 2.454429917037487 3.362930312752724 69.72179455310106 0 23.51558246463537 229.0602738410234 122.9269979223609 62.56088341772556 285.4010227322578 1.911068893969059 118.9200293049216 2.617815159261227 50.16730542480946 3.223018184304237 150.9820029586554 2.888828903436661 0.6958727538585663 4.386650383472443 85.54317208379507 182.684032432735 64.41764331609011 23.11575703322887 1083.196745850146 1.672864973545074 9.040533639490604 27.68810114264488 722.0168545395136 103.5445655733347 172.9127441048622 1.467170834541321 0.5300298929214478 6.560680970549583 22.36746149510145 2.010933384299278 85.37787711620331 12.88815478235483 33.00011850148439 10.59954588860273 76.66999607533216 5.13531830906868 0.1775177419185638 0
68.11768595129251 0.2901009023189545 50.51568605005741 987.1255455687642 6.780946359038353 7214.301578059793 3307.379385504872 2247.047160550952 578.7127855122089 17105.13229643553 86.54299911856651 1413.134722203016 7.964262805879116 976.6379252523184 58.99575531482697 0.7552625834941864 7.100386023521423 28.93550509959459 13.33614329248667 1005.42609578371 16.89653205126524 0.9587171599268913 19.60890225321054 978.2079982608557 0.1201182827353477 50.3626803830266 21.26846323162317 5973.591994911432 1312.74029712379 18.07030395418406 2.297214932739735 252.1107219979167 133.7730453759432 472.7925264164805 51.68928231298923 953.6536460518837 39.01113604009151 1390.597533494234 236.6697489023209 335.0961496010423 278.3736822605133 4.204505898058414 29.93594606220722 2.158948853611946 0.1748523712158203 0.9850484952330589 86.62542901188135 0.456868976354599 36.30878616124392 337.693663559854 91.86613761633635 228.7563264146447 469.2054266408086 1.573371201753616 142.765791118145 1.273387670516968 18.5810854062438 0.554468534886837 2.45019268989563 0.7862623631954193 0.1801788657903671 0 95.72232481092215 0.9270504638552666 0.8136863484978676 1.212206721305847 362.8080426156521 0 0.9426744058728218 2.291126750409603 333.251377388835 8.398110635578632 7.824341207742691 0.171890877187252 2.055813550949097 0.2866174802184105 6.534643337130547 0.6397397071123123 12.00031148642302 0.3264807984232903 7.290821447968483 1.499460816383362 128.3452228456736 0.1947736591100693 0 1.50301319360733
13.78931070119143 61.8660501241684 34.97924433648586 4.50179199129343 8.236383400857449 133.8338471502066 34.73750972002745 128.7782318517566 7.921462535858154 86.54299911856651 3669.281623892486 24.7587481290102 1506.030033759773 62.13419133424759 5.186206638813019 1.046659499406815 174.0874799266458 1712.993029356003 844.804228708148 20.03285602852702 18.13642202317715 11.83936024457216 29.35570254921913 18.74724278599024 633.5627724230289 1959.295528315008 1650.919120930135 20.87523270398378 113.3506252542138 68.82224531471729 232.9176161065698 190.7423927262425 3.672974050045013 8981.875532135367 16.75703738629818 536.4024740457535 5871.43125526607 8639.623172275722 1694.768859513104 69.30953288823366 119.9145449995995 866.9485336467624 4.592223897576332 0.1973213404417038 19.72562742233276 0.6801991164684296 0.5191236734390259 0 0 1.268558889627457 1.010257363319397 4.804267689585686 0 192.1129203438759 0.3817084133625031 830.9160129800439 1.048482447862625 0.1175027713179588 0.48732890188694 0.6863020956516266 15.23946876823902 6.061628974974155 0 0.2162104547023773 5.782655321061611 0.11116112023592 7.256228387355804 200.202645458281 98.47368893772364 220.3255596756935 11.20542794466019 1.06215301156044 0.5141934677958488 149.8850801661611 0 0.1461277008056641 29.47763389348984 1.109578892588615 7.309994369745255 136.2715711295605 18.23299989849329 2.144997887313366 0.5827760100364685 0 225.012522675097 0.7369258403778076
1.176680713891983 1.393959194421768 0.3403433188796043 5101.930238649249 44.25803834199905 1737.244811691344 9.566856890916824 631.6409993767738 784.5271326228976 1413.134722203016 24.7587481290102 3943.147281982005 0.6023404374718666 153.2048594802618 634.3682213872671 0 0.607554167509079 6.209487527608871 2.046137094497681 3606.697819374502 0.3387503623962402 1.232681274414062 0.3165972456336021 1443.854787304997 0.1866929158568382 6.517146036028862 3.421639367938042 655.5443302839994 124.3369558155537 1.783689372241497 0.5449069887399673 86.75711958855391 4.495723105967045 85.34259095042944 10.61433032900095 70.89340034872293 3.170765742659569 167.7809664011002 17.48297149688005 852.5601264759898 32.48236317187548 0.2444365099072456 0.7512240558862686 0 0 0.8815208077430725 57.90532238036394 0 9.314388915896416 37.59204280376434 10.84685598313808 262.5873645991087 168.2405704036355 0 223.2116601988673 10.33893299102783 3.088807888329029 0 0.8414675295352936 0.1154517829418182 0 0 60.50061497092247 0.1253635436296463 0 0 76.58963414281607 0 0 0.3797356486320496 45.30569122731686 0.4647923558950424 0 0 0 0 0.61628258228302 0 6.439196154475212 0 1.121248982846737 0 359.6483751833439 0 0 0
0.3234198242425919 461.0737571716309 7.421743340790272 1.88297913223505 0.4401935338973999 9.95174041390419 3.144950397312641 2.599137894809246 23.61799170821905 7.964262805879116 1506.030033759773 0.6023404374718666 1273.50009097904 1.422923676669598 1.432347178459167 2.00001585483551 0.398852713406086 16.331597648561 2.8820611089468 3.653137750923634 6.344395741820335 57.93135775625706 7.715833127498627 21.24878713488579 3113.886888936162 84.77168964594603 2433.326171040535 8.458693824708462 1.14485526829958 2.400726288557053 959.030041873455 4.253247320652008 0 744.4419998154044 102.9095578119159 2815.311918899417 5752.063624985516 5027.668149709702 958.7802148163319 67.43455896526575 226.541843265295 1040.349098920822 13.52178138494492 0 28.90524639189243 0.3196921944618225 0 0 0.1103981584310532 1.904923476278782 0 4.945763573050499 2.053646564483643 259.7041311636567 0 1301.858565025032 0 0.2762154042720795 0.2377033159136772 0.8822973072528839 6.828135721385479 3.648017555475235 0 0 6.727470368146896 0.2324152588844299 4.192504212260246 577.2904670014977 93.31388759613037 209.5359765589237 3.565289922058582 0 0.3010966181755066 186.5074978396297 0 0 64.99224289506674 1.397158741950989 137.8146329596639 265.6526461839676 40.49611070752144 39.49317360669374 22.0879064053297 20.03083419799805 320.9478654116392 7.183108806610107
5580.715441972017 2.254875250160694 417.5278357863426 26.85871293395758 3.057819053530693 751.4155364185572 7270.735711075366 6964.846333384514 80.36360105127096 976.6379252523184 62.13419133424759 153.2048594802618 1.422923676669598 3824.240426547825 25.66352169960737 4.701207481324673 421.6924659460783 34.51321409642696 146.9474109709263 101.7407157570124 95.93811947107315 5.316669948399067 340.2529456093907 249.8469288647175 0.2571285963058472 265.3437429815531 91.44979604333639 403.1330226883292 4844.93328756094 2257.034912832081 0.7822268530726433 134.4301413223147 136.8066671416163 431.7482131458819 18.5286076888442 234.792718693614 66.68756584823132 347.1264660656452 66.29349678009748 92.0568682923913 33.97193981707096 0.471858873963356 5.314843468368053 6.965712264180183 1.448574833571911 2.860004380345345 3.613067507743835 0 3.902639463543892 74.10408066213131 19.53539411723614 29.12694577127695 14.57802100479603 0.2775568962097168 3.15824943780899 0.1501320004463196 13.40130001306534 0 4.88351346552372 3.232118263840675 0.1036285683512688 1.513649016618729 4.096095696091652 7.180422767996788 1.097829401493073 2.959835477173328 101.3984011262655 0 3.994915291666985 20.67997347563505 156.1036517545581 20.66212491691113 25.90220264345407 0.08693818747997284 0.6844689249992371 0.38155797123909 4.254686638712883 0 19.55958663672209 1.397672310471535 6.136345043778419 1.2480588555336 18.94622468948364 2.899648979306221 0 0
0 28.51369784027338 0.1991623640060425 72.07162595540285 2290.997015178204 1799.502719089389 4.035185493528843 183.6595131233335 470.9454688429832 58.99575531482697 5.186206638813019 634.3682213872671 1.432347178459167 25.66352169960737 1236.017899036407 0 0.1102781966328621 0.5916940346360207 0.177256740629673 160.2941428422928 0 58.14690349251032 0.5463182032108307 1127.524298228323 7.604334257543087 1.042178988456726 51.77890751510859 39.97722566872835 9.103619053959846 0 0.2047974169254303 262.1559632197022 0.5876783132553101 58.29018411785364 0.3872555792331696 17.43970209360123 1.075617365539074 19.39546626061201 3.303465865552425 1330.405660405755 63.16029576957226 0 0 0 0 0.3728377521038055 2.287934973835945 0 2.015657067298889 11.51565869152546 0 17.86175468564034 20.8079999089241 0 33.81963224709034 0 0 2.91459733247757 0 0 0 0.1031403169035912 9.20561295747757 0.1512878686189651 0.4247879683971405 0 5.976256899535656 0 0.3596228063106537 0.7413145676255226 7.23021736741066 0 1.357331216335297 0 0.2543999254703522 0 0 0 2.117115586996078 0.1153417602181435 0 0 103.2975823283195 0 0 0
1.657673254609108 2.876106984913349 9.812840409576893 0.5587230175733566 0 0.4228584170341492 14.24456129968166 1.966365948319435 45.41335119307041 0.7552625834941864 1.046659499406815 0 2.00001585483551 4.701207481324673 0 2872.050580531359 8.527263142168522 0.8249249160289764 0.6877788156270981 0.2451213821768761 1196.494414523244 951.7949248924851 3871.799709156156 1481.028319835663 0.3300844132900238 6.28043969720602 5382.18787060678 1112.135431140661 36.7049048691988 163.424547277391 0.1899825036525726 0.2378195002675056 11.90636813640594 98.4268961623311 43.45066164433956 1603.11643512547 684.6576920151711 773.6932653486729 764.9035951048136 73.34506622701883 6.675240643322468 1.013827204704285 10.21487232297659 0.9592787697911263 0.6814166307449341 6.283824287354946 0.2207441478967667 0 0.41527359187603 14.63968199491501 1.543892659246922 9.461304411292076 1.474666908383369 0.3052337467670441 0 0 0.8727535530924797 0 2625.958592683077 3.713108561933041 0 1.096624977886677 0 718.182057030499 1216.041247285903 1933.893981181085 72.80853722244501 0 2.195255316793919 742.1270219683647 69.16839311271906 2.638672329485416 151.3642853796482 0.1097316816449165 0 0.7058482840657234 15.02108576893806 1.890212215483189 194.5025748237967 83.3670796379447 65.85687778890133 90.3272341042757 3.01689487695694 0 0.5825823545455933 1.112908139824867
252.0199410393834 226.2749859914184 5972.579588495195 0.5617181360721588 0 4.73163915425539 372.5052351132035 271.4518254846334 5.55632258951664 7.100386023521423 174.0874799266458 0.607554167509079 0.398852713406086 421.6924659460783 0.1102781966328621 8.527263142168522 1432.197210520506 229.9787582829595 3603.724894225597 0.5047966167330742 552.4870106056333 18.87581898272038 2773.408109053969 41.77902776747942 6.187793210148811 2583.27969186753 4122.492108546197 47.60035244375467 298.0259071215987 2293.907049752772 0.0919773280620575 3.331427566707134 9.708327636122704 704.5737170875072 2.67019260674715 133.3559497371316 1011.548360876739 265.9340608343482 61.37804107367992 3.063049159944057 2.018054373562336 1.666619867086411 0.8093873709440231 0.5767973661422729 45.4958348274231 56.42166280001402 0 0 0 1.701047994196415 0.3151059970259666 1.332720592617989 0 0.8414861336350441 0 4.023571766912937 0.7864982783794403 0 1.18430208414793 80.58382599055767 4.725384846329689 83.19881673157215 0 2.355154938995838 3.648104250431061 4.559661164879799 2.673579134047031 9.381691426038742 349.3578741028905 499.6042233929038 5.915793046355247 1.610749378800392 4.449484623968601 5.201992206275463 0 0.4895928800106049 4.428918145596981 0.1543334871530533 17.68016257882118 37.8260086774826 24.92210709303617 5.634625472128391 0.4937419295310974 0 0.1629131287336349 0.1218966543674469
12.46796351671219 4.149296045303345 120.2810110971332 1.427509240806103 0.9625755846500397 25.4525311216712 27.43281130492687 44.71968784183264 1.589199379086494 28.93550509959459 1712.993029356003 6.209487527608871 16.331597648561 34.51321409642696 0.5916940346360207 0.8249249160289764 229.9787582829595 225.3159740790725 2100.799452252686 5.908150255680084 9.431541353464127 0.4480249285697937 44.68236118555069 4.989761218428612 17.64809571951628 2253.55504938215 531.2226301580667 8.122247211635113 43.041972912848 62.91197285056114 23.60740531980991 42.99312405288219 1.595059737563133 1736.470163971186 4.532426334917545 490.7499604448676 868.2087226435542 1906.918869018555 587.065292134881 15.18319507688284 10.18657679110765 4.435924552381039 1.908168323338032 0.2617108225822449 1.658087074756622 0 0 0 0 0.5048981606960297 0 0.8759849816560745 0 31.58202195167542 0 95.52483352273703 0 0 0 0.3618868067860603 20.87478737533092 10.4817723557353 0 0 0.3275544941425323 0 0.8605406805872917 21.08167381584644 138.1508725583553 223.9379181489348 3.182933814823627 0.5989951565861702 0.7375070750713348 99.95024347305298 0 0 0.6874220594763756 1.539201200008392 1.804587170481682 7.579700842499733 3.004463195800781 0.9872297421097755 0 0 0.5502839311957359 0
67.77549032866955 127.0887371227145 661.4196048080921 0.3413616046309471 0.3531231284141541 9.630828462541103 99.53044555336237 112.7265288457274 1.219687208533287 13.33614329248667 844.804228708148 2.046137094497681 2.8820611089468 146.9474109709263 0.177256740629673 0.6877788156270981 3603.724894225597 2100.799452252686 2868.49186899513 2.081498622894287 40.08661188930273 2.448445461690426 308.9233684241772 7.447576634585857 9.827925458550453 3034.686591900885 1031.601857565343 16.31964960694313 94.96947459876537 361.7127372175455 3.57487778365612 16.71191975474358 5.534808106720448 2866.662924565375 4.946162015199661 318.4775716364384 907.524595528841 1181.156069740653 238.3967895582318 6.527817472815514 1.59133730083704 1.32964226603508 1.846692457795143 0 10.38872463256121 4.200722590088844 0 0 0 0.7620024085044861 0 0.3225728571414948 0.0734919086098671 26.5922723710537 0 56.1603025868535 0.1975852996110916 0 0.1324466913938522 5.799000345170498 35.36868836730719 59.84291976690292 0 1.048494815826416 0.678446426987648 0.7269230559468269 0.952673964202404 8.775118343532085 312.3293874338269 294.213933467865 2.467695966362953 0.9469204172492027 0.4436729103326797 79.44985898584127 0.1007744818925858 0 3.27193295955658 0.6519147306680679 6.325802437961102 27.05059207975864 9.30400038510561 2.346107870340347 0.321087010204792 0 0.2943664938211441 0
4.230686731636524 0 2.458328977227211 2409.386086918414 3.411205358803272 458.4740128442645 40.3070138245821 250.2887886092067 1312.776121459901 1005.42609578371 20.03285602852702 3606.697819374502 3.653137750923634 101.7407157570124 160.2941428422928 0.2451213821768761 0.5047966167330742 5.908150255680084 2.081498622894287 291.9027074798942 0.5751999318599701 0 0.95528893917799 832.2624795511365 0 5.184884399175644 2.805057436227798 1303.351321659982 198.0581474006176 1.932472817599773 0.187092237174511 48.91945654898882 20.46976819634438 79.04874362051487 14.74107474833727 246.5649382174015 6.997073374688625 246.802066758275 53.46560697257519 261.0347481295466 50.94104750454426 2.54304301738739 5.80049940943718 1.306815475225449 0.1118091493844986 0 101.5112196803093 0 25.18305281549692 210.9828557148576 51.84064447879791 257.5008928030729 371.9362471327186 0 174.4669381082058 0 6.594973877072334 0.3528580069541931 2.113254427909851 0 0 0 86.39428015053272 0.8116219192743301 0.1255333125591278 0.7904327213764191 253.0437953174114 0 0.5901204273104668 0 205.1794011369348 0.8544173017144203 4.177658692002296 0 0.3533842638134956 0 7.154561296105385 0 11.40260993689299 0.1470711380243301 7.370594635605812 1.701241031289101 152.859227411449 0.3126966655254364 2.040083408355713 0
39.32230561971664 0.1282876431941986 904.9160551577806 1.811329051852226 0 8.512606777250767 931.7022160887718 62.49121710658073 21.21426380425692 16.89653205126524 18.13642202317715 0.3387503623962402 6.344395741820335 95.93811947107315 0 1196.494414523244 552.4870106056333 9.431541353464127 40.08661188930273 0.5751999318599701 11595.61897265166 84.5679818764329 16678.84414234012 667.7960095107555 0.2601098418235779 94.32327518612146 1581.885330818594 2473.568981543183 124.2155052796006 10698.60953258723 0 3.897931955754757 22.81313421577215 2541.090396568179 142.920953951776 5315.761007986963 1916.200447700918 4939.783918611705 2537.075869448483 167.99644318223 14.3292136117816 3.52837909758091 36.02859295159578 0.4194374531507492 0.3193782120943069 6.86101109534502 0.2224340438842773 0 0 5.351481795310974 0.3221366852521896 6.395251505076885 0.2314292639493942 0 0 0 1.034028187394142 0 499.0633822828531 2.465428292751312 0.1950375959277153 1.732781946659088 0 493.7589307874441 187.0883243829012 309.4385785460472 52.95089954137802 0 5.590970396995544 80.20703930407763 53.60251947492361 2.342812187969685 109.7773928195238 0.08648467808961868 0 0.1446451395750046 8.916115261614323 3.968064673244953 68.76503844559193 24.34384544938803 17.74344216287136 11.04560136049986 0 0 0 0.3533906638622284
1.475052058696747 2521.510265916586 55.49659080803394 0.2225527912378311 1.747824355959892 4.27305556833744 14.89986674487591 9.920875012874603 3094.383406572044 0.9587171599268913 11.83936024457216 1.232681274414062 57.93135775625706 5.316669948399067 58.14690349251032 951.7949248924851 18.87581898272038 0.4480249285697937 2.448445461690426 0 84.5679818764329 1727.177905388176 494.9093194454908 4008.938505746424 463.6075917258859 17.59466354548931 6229.665520399809 137.903039932251 74.11466404795647 91.1406282633543 9.118122614920139 0.4567025154829025 26.64056171476841 59.22039284557104 22.92866075783968 1400.12647344172 868.6783649772406 241.1775342226028 427.2881837263703 94.76837814599276 7.934119641780853 10.08571492135525 8.667752087116241 0.1694765985012054 14.01730117201805 187.7975035011768 0 0 0.5724042654037476 20.37129986286163 1.087874263525009 9.760687798261642 1.873218804597855 0.5264251381158829 0.4576621651649475 4.39402063190937 0.2465019226074219 0 1536.487035244703 6.546070642769337 0.6350122392177582 2.865930922329426 0.9246519058942795 267.967992760241 600.6030530706048 1059.787902936339 65.24954618513584 0.9619347155094147 17.89052912592888 2049.158390276134 54.14205507189035 2.758186459541321 52.84109335392714 1.305593550205231 0 0.3319399058818817 8.870547331869602 1.548822954297066 103.0426376909018 56.91016799211502 49.71764803677797 50.28921896964312 1.329353213310242 0.4306555688381195 0.5890652686357498 0.2623664289712906
201.6561297029257 128.6476911976933 10723.46209468693 2.637855418026447 0 8.011488229036331 1485.839511461556 201.1379196122289 14.33085683733225 19.60890225321054 29.35570254921913 0.3165972456336021 7.715833127498627 340.2529456093907 0.5463182032108307 3871.799709156156 2773.408109053969 44.68236118555069 308.9233684241772 0.95528893917799 16678.84414234012 494.9093194454908 10672.0411619395 936.4581118524075 0.2734414339065552 1164.204013466835 9211.837735027075 3961.744109749794 189.195935189724 7454.372124768794 0.5179441794753075 3.398137450218201 13.69961982220411 2057.150626271963 160.2650124952197 6787.46942256391 7040.865354537964 7992.374876514077 6337.70956800878 355.1987536177039 30.48963390290737 17.23096100240946 53.42654712498188 0.8589532449841499 45.80047232657671 687.7797690480947 0.4617562964558601 0 2.402202218770981 63.21528594940901 4.318450450897217 4.734606608748436 3.592801779508591 0.2643779292702675 0 0.4999208003282547 1.764297068119049 0 1529.885889746249 42.32011517137289 0.9123151376843452 3.957506991922855 0.1254508346319199 231.3493485823274 751.5690319165587 1912.526548586786 38.63166923820972 1.261888921260834 34.95061796158552 3010.669461913407 97.82085983455181 8.616015754640102 51.5138676315546 0.09920809417963028 0 0.7268212139606476 16.33086974918842 8.196911163628101 162.7382838279009 80.31943336874247 102.1002665385604 76.39754460006952 2.377852454781532 0 1.573882758617401 0.4071197211742401
35.44675450772047 533.3436931446195 60.50691053271294 1555.590596176684 24.94917693734169 198.0660545229912 997.2062199041247 373.4815195202827 11851.44070625305 978.2079982608557 18.74724278599024 1443.854787304997 21.24878713488579 249.8469288647175 1127.524298228323 1481.028319835663 41.77902776747942 4.989761218428612 7.447576634585857 832.2624795511365 667.7960095107555 4008.938505746424 936.4581118524075 13143.19515401125 114.9906405732036 34.93789588660002 3429.864971756935 9497.695068567991 870.1957279294729 1275.824568651617 3.142996840178967 32.48707197606564 282.8006976544857 406.9334527477622 155.5045397058129 3122.309130579233 169.3458292484283 1359.077184975147 559.2676660493016 855.9253619685769 226.8766291886568 4.671532869338989 49.66139099001884 58.18943601846695 5.778864540159702 20.80961799621582 115.0945695862174 1.050786063075066 59.87312592566013 646.4265974760056 217.8026660084724 1161.505153030157 548.0878547504544 3.699367292225361 171.0134244635701 9.880587458610535 122.2446710988879 2.222280763089657 444.7733593508601 6.720963202416897 2.183751188218594 3.534699060022831 141.9073215946555 602.8335707485676 294.7749678716063 146.8995799645782 1735.083923317492 1.408553525805473 16.79154720157385 112.4423638731241 1961.526361815631 212.3185324668884 506.6913262307644 0.7696478068828583 9.677242018282413 16.7404060959816 88.29248261451721 4.058187805116177 262.3020988851786 34.58501917123795 88.32629801332951 25.85092984884977 194.9400813579559 11.0516234561801 0.3103700578212738 1.121599495410919
0.2512705698609352 1753.195584230125 0.8744991049170494 0 0.2108200043439865 0 0.4910521954298019 0.7277317643165588 220.464247353375 0.1201182827353477 633.5627724230289 0.1866929158568382 3113.886888936162 0.2571285963058472 7.604334257543087 0.3300844132900238 6.187793210148811 17.64809571951628 9.827925458550453 0 0.2601098418235779 463.6075917258859 0.2734414339065552 114.9906405732036 1486.520484246314 288.3099697232246 5786.530311018229 4.472952835261822 2.588256746530533 2.71486259996891 541.680602632463 0 0.2382085993885994 176.5016382411122 2.717111609876156 88.24976337701082 732.2853733971715 566.2816925272346 106.3914488106966 5.97125693410635 22.51882429420948 1093.008529394865 3.17691707611084 0.3086195513606071 80.46255796402693 0.4060351848602295 0 0 0 0.08754413574934006 0.1067400574684143 3.189648762345314 0.0873386338353157 198.9640006273985 0.09535576403141022 1414.002534240484 0.1770453527569771 0.3011875450611115 0.2877911478281021 1.309618480503559 13.62324152886868 14.14615873247385 0 0.2770343646407127 7.814661733806133 0 3.436163298785686 603.1044459864497 317.417871080339 893.9776725322008 1.024300865828991 0.1090403869748116 0.5988595262169838 213.0474204793572 0 0 85.14032683521509 0.8796493411064148 7.826231241226196 103.5076336115599 28.88758408278227 2.983840845525265 0.1268414109945297 1.028474926948547 188.0728770196438 0
106.9197701215744 343.4841659292579 9622.029824830592 4.496321268379688 1.103731565177441 38.21393773704767 533.8734348192811 221.0244230441749 8.113457135856152 50.3626803830266 1959.295528315008 6.517146036028862 84.77168964594603 265.3437429815531 1.042178988456726 6.28043969720602 2583.27969186753 2253.55504938215 3034.686591900885 5.184884399175644 94.32327518612146 17.59466354548931 1164.204013466835 34.93789588660002 288.3099697232246 28441.00724197924 8344.449110306799 94.12496922910213 113.6443248316646 538.4193009361625 127.4602306783199 47.78966633230448 5.365651331841946 2804.994375936687 24.24626758694649 2931.639884397388 6742.02395028621 5540.095830999315 1816.793872974813 42.19239515066147 20.02140834927559 39.9815212264657 11.31169654428959 3.218465641140938 176.693780772388 50.27845452725887 0.2225049734115601 0 0.4353072270750999 6.770728960633278 2.848457127809525 4.483648918569088 0.6250116601586342 256.3102881833911 0.7490113824605942 863.7056129947305 2.928170800209045 0.2439946234226227 1.907759316265583 164.4813641533256 265.7469988316298 698.7295198589563 0 4.233260273933411 11.61692384630442 12.04918912798166 7.969862081110477 351.9341423138976 2877.102208264172 3730.395297788084 8.469863168895245 5.893178887665272 16.05252007395029 604.3576732724905 0.4131329357624054 0.5817806124687195 31.71525422483683 2.543606467545033 85.34860818833113 222.0630529075861 126.302339926362 32.46749576181173 2.135041169822216 0.2669154405593872 4.751417577266693 1.208895914256573
31.01362524181604 7425.869156070054 5164.369227722287 1.482512630522251 1.012176513671875 15.18872092664242 173.6553454250097 89.31827349960804 1020.985734969378 21.26846323162317 1650.919120930135 3.421639367938042 2433.326171040535 91.44979604333639 51.77890751510859 5382.18787060678 4122.492108546197 531.2226301580667 1031.601857565343 2.805057436227798 1581.885330818594 6229.665520399809 9211.837735027075 3429.864971756935 5786.530311018229 8344.449110306799 33587.48803956062 1839.513818584383 136.4082774892449 392.847801104188 1241.398443602026 20.88939910382032 11.88066063821316 3628.081189282238 77.55722756683826 5208.657633885741 6761.029418826103 9036.731005445123 3811.11686219275 147.2882526814938 31.20382867008448 36.89610727876425 23.47092024236917 6.701739251613617 2314.802044272423 2287.790315672755 1.125368922948837 0 2.625279679894447 105.6989987641573 8.899361357092857 15.93013381958008 8.314442463219166 291.0160271897912 0.7561860084533691 1060.427682615817 14.6488983258605 0.5989352911710739 567.1486490443349 764.8662409484386 308.7717687189579 1065.543910123408 0.1463305652141571 92.25595009326935 1552.042347066104 1321.31735162437 72.09070836752653 1102.837867513299 5909.914262123406 15825.23360314965 119.7802635580301 13.82391943782568 48.04107296466827 851.2790589556098 0.4094156175851822 0.9252752736210823 87.11507280915976 9.21468286216259 382.1004378423095 418.2994394227862 506.2180257067084 164.0828890502453 10.39750400185585 1.39029137045145 7.885283678770065 3.500685542821884
64.59100413322449 21.20229133963585 463.480112016201 3081.989967294037 3.117682814598083 790.6251535266638 17387.78007459641 461.2769106477499 1454.769127435982 5973.591994911432 20.87523270398378 655.5443302839994 8.458693824708462 403.1330226883292 39.97722566872835 1112.135431140661 47.60035244375467 8.122247211635113 16.31964960694313 1303.351321659982 2473.568981543183 137.903039932251 3961.744109749794 9497.695068567991 4.472952835261822 94.12496922910213 1839.513818584383 21774.96837984025 1361.053933687508 7801.047397054732 1.320627510547638 55.97439607977867 420.7559034377337 859.6438578814268 207.4283387213945 3911.820196710527 207.9464673921466 2782.595005065203 1055.334127306938 176.2344455048442 275.9364109113812 6.405117996037006 59.82803877443075 54.67023333907127 1.933949522674084 18.1481673642993 77.83595295250416 0.616776131093502 31.60932353138924 497.6546188592911 138.5959416627884 440.6515739038587 313.0418009534478 3.924366623163223 75.13211724162102 0.1024759486317635 86.99504669755697 1.637914381921291 351.4081419333816 7.43391091376543 1.056549437344074 2.476230122148991 58.8670764490962 595.7550436258316 135.1171177625656 107.7636290714145 1166.860705129802 0.1943045556545258 5.36876866966486 74.59431733191013 1663.056392110884 205.2755736261606 596.8844467252493 0.2555647566914558 3.959573924541473 22.29797183722258 64.0428766310215 5.149605363607407 215.922700420022 35.33550706505775 74.73627749830484 25.68823608756065 111.0582039803267 11.84793709218502 0.2850851640105247 3.169883772730827
