789.4099179133773 1.112735971808434 41.87812106311321 2.972257547080517 0.1139149889349937 19.82828588783741 1149.120877340436 1018.947885289788 0.467307835817337 29.32917426526546 21.71758046001196 9.850198775529861 0.4798586592078209 4523.769860967994 0 2.156715348362923 202.3552931472659 6.834542028605938 20.79745880514383 6.246287241578102 23.48529209941626 2.004803366959095 78.44096828252077 21.39967470616102 0.2736847251653671 23.22945959866047 39.31888804584742 69.46063777804375 3202.611602574587 2821.30823892355 0.08083167672157288 9.74187770485878 39.11760073155165 202.8696064502001 5.572166256606579 59.24463877826929 11.83584619313478 140.1242822706699 23.31334645301104 2.093222059309483 2.379713498055935 0.4458318576216698 1.0423394292593 0 0 0.5172691717743874 0 0 0 0 0.114568218588829 3.038470253348351 0 0.2208733558654785 0 0.7902716025710106 0 0 1.051895506680012 0 0.5006234049797058 0 0 0.7650856822729111 0 0 9.653833977878094 0.1256866902112961 1.41762188076973 2.896010518074036 10.15981823951006 0 0.4574305862188339 0.1295386999845505 0 0 0 0 1.123664245009422 0.08827966451644897 0.1744948923587799 0 0 0 0 0
1.112735971808434 354.9145056977868 28.23509012162685 0.1210053861141205 0.4889891743659973 1.858729273080826 3.41715931892395 3.588491551578045 312.1367176026106 1.069288447499275 121.1431724354625 0.9946412965655327 461.3290270641446 1.627943463623524 2.623848639428616 132.3927325606346 208.5112230628729 11.30785784870386 43.37914288789034 0 4.303159810602665 2030.72413084656 12.21064748615026 368.5789178684354 1233.75580830127 673.1158201768994 6447.804239489138 29.45584252476692 4.51936137676239 5.147744357585907 29.78743170946836 0.5555382966995239 0.1276358515024185 46.22850964218378 2.308645322918892 202.4437827914953 581.4564957171679 245.4737777709961 106.8008143529296 8.703800953924656 0.2195910811424255 84.39143817126751 0.6711893826723099 0.8778757750988007 174.9349576979876 355.104219481349 0 0 0 0.979307048022747 0.4038636758923531 2.901597864925861 0.08055979758501053 4.583868525922298 0 21.45348306000233 1.050744205713272 0 16.2725739851594 49.29614517837763 2.677455566823483 33.53096207976341 0 1.124002940952778 32.4010953232646 7.386269986629486 10.90496876835823 61.48671269416809 349.3722315728664 2350.954519174993 1.234648317098618 0.310413122177124 1.423240847885609 6.62683879584074 0 0 9.414258368313313 1.940774708986282 18.75622625648975 15.72845407575369 42.11908829212189 10.82019583880901 0.1364896595478058 0 3.67502324283123 0.1344755291938782
41.87812106311321 28.23509012162685 4178.689497835934 2.491047911345959 0.4073783084750175 188.9118431434035 437.6408042088151 447.341124266386 2.924224458634853 97.10002040863037 45.49767834693193 2.861574463546276 5.066083282232285 235.2734827771783 0.2112530693411827 18.5497108399868 7924.987732730806 26.83037128299475 103.5453429743648 1.93864168971777 234.4767163172364 5.666199304163456 8375.701639354229 18.12314458191395 0.1280909031629562 9312.475481525064 6978.633695907891 813.1399691924453 92.09457881003618 790.661816932261 0.5684426501393318 5.430305637419224 2.475718230009079 1014.563994571567 95.86092773079872 2509.929118208587 2535.615156047046 3457.694533109665 2477.132736817002 71.78387694060802 18.73085428774357 11.24917627871037 12.75874337553978 1.280883513391018 14.31877813488245 548.2792797908187 0 0 0.1214359030127525 8.996822252869606 4.41430289298296 0.3834107741713524 0.4266070127487183 0.5834498852491379 0 0.5018969029188156 6.582084879279137 0 74.46232389658689 44.24224349856377 0.230298787355423 10.73691314458847 0 7.848407074809074 17.83211969584227 350.0204423591495 15.13258118927479 2.116338588297367 48.91961413621902 1909.371467702091 6.621453747153282 0.4550232067704201 1.899124167859554 0.5796338841319084 0 0 19.74266869574785 31.99383795261383 84.8410379588604 22.20278219133615 106.0318460837007 47.99224478751421 5.09407939016819 0.1150402054190636 0.671913743019104 0.8487672135233879
2.972257547080517 0.1210053861141205 2.491047911345959 3945.450662091374 10.44482457637787 87.26165240257978 499.184820830822 25.52320294082165 1983.47985753417 5039.296786554158 5.536190003156662 1117.35811522603 0.9832561686635017 55.36371254175901 261.6802412718534 0.8486549258232117 1.853151872754097 2.346479654312134 3.82262097299099 8046.526165805757 2.228903882205486 3.973421983420849 7.435663111507893 4091.229970633984 0.1113367453217506 2.249332532286644 3.781966470181942 7299.973002932966 221.4643004238605 5.843349292874336 0 5.817442558705807 17.63971611857414 77.95207911729813 37.88608383387327 563.0719798132777 6.920983508229256 259.7794829905033 70.42417252063751 298.0683795362711 63.55111711472273 0.4280741810798645 10.76991302520037 0.2539924159646034 0.2183174788951874 0.8568591326475143 360.9023886024952 0.8600547164678574 16.88666798174381 255.3264709189534 4.571602568030357 173.6425381675363 414.7040389701724 0.8370483219623566 327.0015802159905 0.4302416667342186 6.688532114028931 12.66382592916489 0.1246985793113708 0 0.5066970065236092 0 349.4540999978781 0.3633644208312035 0.9599482715129852 0.1306206583976746 508.1856587231159 0.1319680213928223 0.729205921292305 1.003250010311604 848.2494809478521 6.205738477408886 2.587431415915489 0.2343432009220123 0.2138513475656509 0.8695296421647072 6.198337696492672 3.076144441962242 49.65584025532007 0 18.32245980203152 3.718229569494724 229.4447647407651 1.251755073666573 0 0
0.1139149889349937 0.4889891743659973 0.4073783084750175 10.44482457637787 8.952965617179871 417.8860049471259 4.752884611487389 161.4322967752814 80.06731103360653 4.602464325726032 2.107082970440388 124.4584009125829 1.45514128357172 26.6955396309495 920.8610436916351 0 0.3173710405826569 0.3497963845729828 0.3129036128520966 8.756447553634644 0 1.643160909414291 0.5306940153241158 46.98600259423256 0 0.1273181885480881 0.816740058362484 10.86392360925674 359.9921141639352 0.2182539030909538 0.1181401684880257 90.63979907333851 0 13.64434599876404 0 23.277134090662 1.235279500484467 14.46321058273315 6.648904748260975 1566.26215095073 31.31246095895767 2.697497665882111 0 0 0 0 0 0 0 0 0 0.1633614003658295 0.1465522646903992 0 1.478349611163139 0 0 0 0 0 0 0 1.23908656835556 0 0 0 0.7546170428395271 0 0 0.4017254263162613 2.9355828166008 0 0.2515654265880585 0 0 0 0 0 0.1753644496202469 0.2039135545492172 0 0 0.1854847818613052 0 0 0
19.82828588783741 1.858729273080826 188.9118431434035 87.26165240257978 417.8860049471259 9675.435060754418 4470.883714392781 6298.469102114439 153.1985028758645 12509.28785102814 151.7265289872885 6644.045688338578 45.51898609101772 684.6649187579751 1464.166439086199 2.545489802956581 166.1026592478156 31.42665694653988 41.75678446888924 299.1418507769704 206.2103939950466 7.967292159795761 531.122336819768 227.2979368716478 0.7556286156177521 54.02146574109793 51.50094966590405 447.605992898345 662.6362954899669 103.4693224057555 3.156190045177937 1049.562844909728 24.08804766088724 625.2772470638156 22.54948474466801 1065.878957487643 72.39948530495167 761.2490579560399 233.4899958223104 2761.415508367121 353.8608643263578 46.43602532893419 12.43254585564137 1.017904289066792 0.09481686353683472 1.004753589630127 28.49628408253193 0 5.889151513576508 117.2493009641767 2.421066038310528 19.215600669384 43.56325690448284 2.968907110393047 42.05924914777279 4.080910794436932 3.519449926912785 4.723440900444984 1.555620446801186 0 0.3985854834318161 0.08442671597003937 30.57843296229839 4.742157876491547 0.2699324116110802 1.687639750540257 161.0928271785378 0.2807222232222557 3.041197121143341 6.353514574468136 285.9487127661705 7.832643330097198 12.74321846663952 1.499452643096447 0 1.547355122864246 1.853247530758381 1.869765542447567 32.13134906440973 1.425655283033848 8.103966310620308 2.595719397068024 65.1908763423562 0 0.9066962078213692 0
1149.120877340436 3.41715931892395 437.6408042088151 499.184820830822 4.752884611487389 4470.883714392781 14678.86675471067 4384.359203353524 293.1870050579309 8720.036154799163 68.30892296880484 230.0705623701215 35.38421435654163 9132.029529109597 21.47527896612883 3.419125229120255 187.1056098416448 19.47225353121758 22.90812854468822 81.79157613217831 1093.654782317579 63.62542114406824 1507.262041270733 1424.238278970122 9.088742330670357 81.00718167424202 149.165118329227 14267.18210245669 1364.628424242139 3439.845090650022 1.116315945982933 54.62582014501095 129.8402392342687 516.5809465125203 231.028369858861 3338.288418225944 109.2850619107485 1450.552124470472 432.2398043423891 792.4273659437895 281.9996411427855 10.35302355140448 51.98350130021572 2.500522643327713 0 2.099103979766369 47.00167812407017 0 2.601628310978413 481.3327380120754 14.95850155502558 195.8563382998109 52.22400765866041 2.518334679305553 5.718227900564671 1.452889882028103 22.21406085789204 2.621314361691475 6.641353584825993 0.1763940900564194 1.705584779381752 0.3654769733548164 23.31864193081856 5.225837014615536 1.702264487743378 5.130525328218937 952.4700585603714 0.10808365046978 2.711953721940517 12.76634852588177 1691.896486863494 29.0807468444109 63.69542909413576 0.431998185813427 0.3910044655203819 5.507862761616707 25.02385532855988 8.644885063171387 112.7860217317939 4.557482182979584 72.8665109872818 19.59495860338211 96.09254582226276 6.605237185955048 11.11547628045082 0
1018.947885289788 3.588491551578045 447.341124266386 25.52320294082165 161.4322967752814 6298.469102114439 4384.359203353524 7868.53940872848 24.18047011643648 1906.861902140081 90.54928543418646 1066.443450398743 31.41823686659336 4943.675273120403 278.3987623155117 7.508227169513702 844.3319263756275 27.26435630023479 83.17954316735268 285.3589851856232 256.5960647836328 18.95088536292315 939.9674877077341 196.3471329882741 3.434350371360779 126.527456484735 185.7237604036927 508.5131383016706 1840.481993049383 1034.470677874982 0.9268854260444641 1325.332890510559 28.48837788403034 634.5017326250672 33.90077609568834 756.1432750374079 117.161035142839 685.7335090115666 266.6833271756768 849.2760575935245 302.5219709202647 29.94944900274277 12.05101916193962 0 1.16986557841301 3.000449918210506 0.8318324461579323 0 0 30.94673228263855 0.2520950362086296 16.96131154149771 3.072806507349014 0.8653710782527924 0.2475329041481018 1.116728499531746 2.330317139625549 0 4.874760143458843 1.001253932714462 0.09284091740846634 0.2208808735013008 0.4827103763818741 6.563505880534649 1.58295001834631 0.5593735873699188 120.1034069061279 0.2098647654056549 6.365381434559822 12.86199014633894 153.6491460949183 4.624825201928616 16.71840888261795 0.6067378148436546 0 0.7463461458683014 1.358310751616955 2.909176424145699 19.39162362366915 1.515222489833832 5.929609537124634 2.264409750699997 4.613477997481823 0.2342696636915207 0.3912105783820152 0
0.467307835817337 312.1367176026106 2.924224458634853 1983.47985753417 80.06731103360653 153.1985028758645 293.1870050579309 24.18047011643648 1113.323054254055 187.9226652979851 20.0354011580348 704.7201750651002 49.72051771730185 5.626568399369717 751.5047860592604 76.14031410962343 31.38213387131691 2.186429895460606 12.7072130292654 781.0893186181784 25.80365439504385 3504.316948436201 6.105848304927349 9592.519967608154 297.719174169004 99.20133090019226 831.3638118803501 1721.592273429036 10.85872339457273 16.20867390930653 5.282770089805126 1.689815334975719 0 9.701219312846661 1.782352805137634 91.80363324284554 25.20828130841255 31.86318992823362 10.35874921828508 425.0823879688978 5.915351130068302 9.635267794132233 0 2.289994634687901 5.168542310595512 7.776901341974735 193.615148358047 0.6302962303161621 12.96990424394608 60.15503388643265 2.848703727126122 151.9499713033438 199.3499782755971 0.8108549565076828 227.705017156899 1.657471738755703 3.593937903642654 9.221027284860611 136.7723987028003 1.101116381585598 0.1339218765497208 1.244540095329285 209.3572372570634 45.27436678856611 33.81587606668472 12.18929528445005 1120.996986567974 1.924425594508648 8.846244841814041 81.87627802789211 478.2404514104128 13.20682715624571 39.18402900546789 0.7518909722566605 0.1472936123609543 2.137921266257763 6.088280126452446 0.438097208738327 47.06672055274248 2.298066429793835 8.388997055590153 3.393620386719704 122.1106527894735 0.2042744755744934 0.1607690900564194 0
29.32917426526546 1.069288447499275 97.10002040863037 5039.296786554158 4.602464325726032 12509.28785102814 8720.036154799163 1906.861902140081 187.9226652979851 38021.31194160134 104.4388954564929 7643.685515031219 13.74608870595694 597.0266011208296 22.94945543259382 1.006315469741821 87.19006934762001 36.63753595948219 57.39953178912401 11744.06558571011 197.6906400620937 9.231952100992203 382.7592791467905 218.4976298511028 1.013259798288345 42.13705715537071 42.7609841004014 6146.356797374785 1486.340823888779 85.26359482854605 1.238796629011631 67.51251491904259 51.0943798199296 572.9381056502461 64.42297364771366 1129.831520840526 71.06239935010672 1500.726220399141 195.0969002246857 252.581495217979 289.7624200135469 6.712650805711746 36.19682009518147 0.6639020219445229 0.1336598992347717 0.5582222267985344 78.15829063206911 0 2.482869565486908 159.9563757926226 1.962097585201263 41.50768377631903 100.2210877537727 1.767249092459679 45.33380424976349 3.987996660172939 5.105469025671482 2.016393750905991 2.025458477437496 0 0.9994591549038887 0.2207349166274071 81.23968521505594 0.6089635565876961 0.09815282374620438 1.352987393736839 246.8937783166766 0.443412259221077 2.180324003100395 4.949994966387749 472.8849252387881 4.023891918361187 3.07107525318861 1.246935404837132 0 0.7437710464000702 5.415362678468227 6.51498419046402 20.0812247171998 0.9541901722550392 14.28314275294542 2.166067980229855 44.31024116277695 0.5092574059963226 0.2129634395241737 0
21.71758046001196 121.1431724354625 45.49767834693193 5.536190003156662 2.107082970440388 151.7265289872885 68.30892296880484 90.54928543418646 20.0354011580348 104.4388954564929 13862.66316750646 213.0081430450082 2880.283900037408 375.0275620371103 9.852885328233242 4.743810810148716 685.796454295516 4211.885037347674 3242.849469527602 72.02677778154612 19.79101396352053 78.33016968518496 67.19107900559902 31.14675841480494 967.4138337373734 3437.34067055583 1440.803034991026 57.69636739045382 861.5009920671582 53.79746156185865 918.8696735501289 82.88890837877989 0.6705270037055016 6853.467627756298 13.33310765028 624.9730914831161 4631.469846837223 5095.92151004076 689.2398895174265 98.98995806276798 18.71826609969139 1029.987053193152 3.680200435221195 0 14.027538202703 3.886382862925529 0.1999919414520264 0 0.6673058494925499 3.661726742982864 1.552519299089909 0.9595327600836754 0.981570340692997 819.2254662960768 0.4088266715407372 1988.467199221253 2.531102351844311 0 0.4886532425880432 0 33.89943285286427 2.010301470756531 0.1166871562600136 0.7326135039329529 1.710878022015095 0.1223099306225777 11.15988291054964 208.4118942990899 284.8730255588889 285.4507256150246 12.45780412852764 1.60985641926527 0.7176870703697205 221.6902181431651 0.7934993579983711 0 186.9779835417867 18.5467714369297 18.19480167329311 478.2904643118382 150.081857226789 2.62769590318203 0.4661889970302582 0 741.2636240273714 0
9.850198775529861 0.9946412965655327 2.861574463546276 1117.35811522603 124.4584009125829 6644.045688338578 230.0705623701215 1066.443450398743 704.7201750651002 7643.685515031219 213.0081430450082 7415.779539212584 18.39473590999842 615.4914303570986 1194.354004584253 0.5323285758495331 20.90044137090445 51.40766055881977 61.47583892941475 4110.549042344093 4.164547845721245 6.606960974633694 7.110419929027557 584.3888343945146 1.246077291667461 38.9835672006011 22.53701077401638 356.9616177380085 714.348790384829 5.530132941901684 3.105910770595074 200.2915286421776 3.492071568965912 533.3157514035702 32.16004750132561 1509.511088587344 52.70429605990648 983.4324763715267 136.3658161312342 2188.454184673727 182.6964518725872 9.313851602375507 8.349332794547081 0.3026396930217743 0 0.2774761766195297 111.1529218554497 0.2224782556295395 22.2430190294981 148.9011508673429 3.472273156046867 32.6437045186758 220.7834708318114 2.345658369362354 332.0886174365878 4.710576876997948 3.813140735030174 18.49675630033016 0 0.2933991551399231 0.5250945687294006 0 189.3798114135861 0 0.3155018240213394 0.6734321713447571 163.2800492346287 0.9888830780982971 3.332529455423355 4.654156386852264 352.2273529320955 1.652726791799068 0.606524869799614 1.625153079628944 0.1781165450811386 0 5.290794394910336 0.4945036619901657 82.99910682439804 1.252448052167892 8.381947636604309 2.161836318671703 389.9965111166239 2.010486289858818 1.598722830414772 0
0.4798586592078209 461.3290270641446 5.066083282232285 0.9832561686635017 1.45514128357172 45.51898609101772 35.38421435654163 31.41823686659336 49.72051771730185 13.74608870595694 2880.283900037408 18.39473590999842 5693.40434011817 23.76297990977764 24.16259831190109 11.67371488362551 3.699929930269718 111.0541493669152 17.94389434158802 10.86126828193665 9.555357791483402 204.3971772789955 21.73322185873985 68.41777000576258 4104.299216277897 846.1776191443205 5460.816907458007 85.01416540145874 34.22834780812263 9.776381641626358 1528.284346118569 44.64798337966204 1.036965131759644 941.5538943707943 28.58945880830288 2646.067517347634 3734.135146766901 3279.334043174982 481.4582462906837 353.6825278550386 199.8556275442243 477.6825454384089 13.09737995266914 0 45.06907891482115 0.2632624432444572 0 0 0 4.078589461743832 1.515792533755302 1.198604136705399 0.2245310172438622 851.1323613449931 0.6770423352718353 3278.902850836515 1.658872336149216 0 0.6049653291702271 0.2631862238049507 22.57543909549713 2.508099019527435 0 0 1.382929570972919 0 5.781758427619934 1014.472996018827 285.2464818507433 426.5249255523086 11.21317894756794 1.921832337975502 1.706320405006409 300.8449003100395 0.5083654150366783 0 128.2364515736699 49.55365706980228 540.1470383629203 374.0226380378008 81.98783732205629 15.22729959338903 87.45607424527407 0.1438746005296707 299.5895747169852 0
4523.769860967994 1.627943463623524 235.2734827771783 55.36371254175901 26.6955396309495 684.6649187579751 9132.029529109597 4943.675273120403 5.626568399369717 597.0266011208296 375.0275620371103 615.4914303570986 23.76297990977764 15021.21817164868 42.01484179496765 7.456752568483353 739.5008342862129 77.55282007157803 117.0615995675325 233.8168177530169 166.2685590162873 13.39272900670767 490.5426233112812 138.1762548014522 1.793227262794971 122.3797498494387 151.1494773849845 492.6285525411367 11537.2976418063 2957.439208127558 3.637429364025593 355.4194802120328 21.2191773802042 1294.036723405123 18.86615895479918 559.6605050116777 101.7916379570961 767.7484278380871 175.1033286079764 342.1347057744861 86.84241931885481 18.03562463819981 6.737844400107861 0.1767996251583099 0.6099167317152023 1.114685416221619 0.3126796782016754 0 0 16.85904113948345 0 15.79750641435385 0.9347928017377853 2.305145472288132 0 6.336640909314156 0.4332740679383278 0 4.048559375107288 0.2070112749934196 0.3991730660200119 0.5435451492667198 0 5.420881778001785 0.282411590218544 0.4300351142883301 87.78720543533564 0.7441247403621674 7.105038292706013 13.41124093532562 96.82130388170481 1.643818199634552 10.88356521725655 4.254330687224865 0.1464001685380936 0.4218116104602814 0.9761790186166763 1.555177450180054 9.741381824016571 1.17000574618578 2.501399852335453 1.390533328056335 2.68875639885664 0.9323233962059021 0.7929145395755768 0
0 2.623848639428616 0.2112530693411827 261.6802412718534 920.8610436916351 1464.166439086199 21.47527896612883 278.3987623155117 751.5047860592604 22.94945543259382 9.852885328233242 1194.354004584253 24.16259831190109 42.01484179496765 275.9447786211967 0 0.6708362400531769 1.181137457489967 0.807749405503273 131.0245836377144 0.1368005275726318 24.37523620575666 0.5925491079688072 1088.311100132763 2.477900721132755 1.491434127092361 7.992378480732441 108.8592267930508 28.09850976616144 0.7109584808349609 0.2444355487823486 317.0467505007982 0.1371566951274872 73.19527123868465 0.2519260793924332 287.7709248512983 5.834041178226471 46.07470741868019 20.02473849058151 1006.800584450364 234.699308283627 4.825932502746582 0 0 0.3463991284370422 0.9711871147155762 2.680514335632324 0 0 7.395642340183258 0.3642806112766266 2.924292743206024 4.534839563071728 0 2.607016921043396 0.1414112746715546 0 0.3931071162223816 0.183583065867424 0 0 0 4.997694611549377 0.2410174161195755 0.2243300825357437 0 8.336839444935322 0 0.2239419966936111 0.1523666977882385 18.90132001787424 1.222095757722855 0 0.09134453535079956 0 0 0.1087477505207062 0 4.297850966453552 0 0 0 17.86954236030579 0 0 0
2.156715348362923 132.3927325606346 18.5497108399868 0.8486549258232117 0 2.545489802956581 3.419125229120255 7.508227169513702 76.14031410962343 1.006315469741821 4.743810810148716 0.5323285758495331 11.67371488362551 7.456752568483353 0 5037.219706468284 20.80652785301208 0.9034343734383583 5.243840247392654 0.1205221489071846 3113.152724005282 3374.271928586066 3317.807759284973 2216.903176292777 28.0771394148469 87.22641110420227 4127.907096937299 1770.401541694999 27.89090424776077 188.9806119501591 0.400577038526535 0.5362539887428284 2.730215720832348 64.8783403635025 74.22980723530054 1525.412614613771 558.6413222402334 417.97351064533 618.802539601922 53.51393029093742 3.198721371591091 1.92780377715826 10.88783054053783 3.945267237722874 2.132030889391899 27.79465380311012 0 0 0 7.712261319160461 1.982956446707249 47.13389747589827 0.1540459543466568 0.873696893453598 0 0.1848440244793892 8.542585261166096 0 3003.707852199674 5.067241340875626 0 1.327163726091385 0 467.3851120099425 659.7707651779056 1825.929229274392 632.8542438670993 0.2387094646692276 5.164900362491608 495.1062546893954 205.3701282292604 26.29984769970179 136.5855486616492 0 0.1479231864213943 9.649750277400017 26.29325131326914 10.63646104186773 119.9211988225579 18.77175064384937 34.98093108087778 36.13690123707056 5.425582177937031 0.5075846910476685 0.5188705325126648 0.4785977080464363
202.3552931472659 208.5112230628729 7924.987732730806 1.853151872754097 0.3173710405826569 166.1026592478156 187.1056098416448 844.3319263756275 31.38213387131691 87.19006934762001 685.796454295516 20.90044137090445 3.699929930269718 739.5008342862129 0.6708362400531769 20.80652785301208 2495.757397376001 374.7840484529734 4747.433395855129 12.48731961101294 598.0751957073808 33.65422296524048 8876.748202480376 30.11114306747913 0.9944969788193703 2639.052815511823 6261.454281382263 205.3761180266738 635.5276262164116 1867.489094264805 1.115663655102253 9.006809554994106 16.4381352737546 3832.170239701867 9.50704949349165 473.3565482646227 932.0136596113443 2234.29137557745 597.3060893341899 11.33989571034908 2.828142248094082 2.372688107192516 1.760756969451904 0.2301871031522751 23.56757552176714 147.3589810431004 0 0 0 1.976362109184265 0.2316552400588989 0.5247897803783417 0 1.042342625558376 0 3.615602754056454 0.4436523616313934 0.1438557058572769 4.992041192948818 23.62510074675083 1.193805053830147 15.93970464169979 0 1.157201617956161 8.049186021089554 5.658033795654774 4.470582619309425 6.089297272264957 129.2988197654486 691.90712787956 2.813222952187061 0.1299065500497818 0.5693218410015106 1.631358131766319 0 0 4.35331118106842 3.0012261942029 10.77696374058723 2.509934723377228 18.90254644304514 4.258812867105007 0.1794818192720413 0 0 0
6.834542028605938 11.30785784870386 26.83037128299475 2.346479654312134 0.3497963845729828 31.42665694653988 19.47225353121758 27.26435630023479 2.186429895460606 36.63753595948219 4211.885037347674 51.40766055881977 111.0541493669152 77.55282007157803 1.181137457489967 0.9034343734383583 374.7840484529734 1021.032957367599 2009.821599416435 21.34763308614492 8.943356096744537 6.683744922280312 39.10622004419565 5.838147655129433 26.70913600921631 4867.103234276175 984.3232973814011 15.92648945748806 116.3549463897943 25.86676926165819 171.8534048870206 12.97725055366755 0.8547527715563774 1038.808847233653 19.89205960184336 997.4849804788828 2099.765458799899 2023.007987260818 754.4745717123151 24.51824451982975 4.565467193722725 53.36051544547081 4.121251575648785 0 9.756603211164474 1.326793722808361 0 0 0.1130858659744263 0.2215330973267555 0.08433803170919418 0.2545182257890701 0.1135711520910263 34.56377133727074 0.07770407199859619 212.1455155462027 0.8097743391990662 0 0.1433188617229462 0.2712397426366806 28.52087081223726 3.112039551138878 0.3455567061901093 0 0.1103186756372452 0.5689539536833763 2.423930577933788 103.9064558148384 251.8464032411575 347.3439252600074 3.586848668754101 0 0.246635377407074 128.0028410032392 0 0 3.256845891475677 12.91182468086481 14.21792943775654 13.45316496491432 7.696953669190407 2.601388722658157 1.145137459039688 0 0.1797279119491577 0
20.79745880514383 43.37914288789034 103.5453429743648 3.82262097299099 0.3129036128520966 41.75678446888924 22.90812854468822 83.17954316735268 12.7072130292654 57.39953178912401 3242.849469527602 61.47583892941475 17.94389434158802 117.0615995675325 0.807749405503273 5.243840247392654 4747.433395855129 2009.821599416435 4569.460243672132 32.56733604520559 33.09383219480515 14.91718098521233 172.6044371575117 17.35101068764925 5.850367702543736 6287.049851514399 1252.533947877586 27.22514306008816 191.9870037958026 119.1221502572298 11.98879428207874 9.122136011719704 3.037808477878571 3598.423821464181 12.27560945600271 1009.96224835515 1161.630203060806 2565.519071422517 812.927566356957 21.98455041646957 4.08135037869215 5.154523625969887 3.567322671413422 0.08874329924583435 20.01624074578285 18.35807529091835 0 0 0 0.7897593602538109 0 0.9267311170697212 0 2.117380775511265 0 13.41672094911337 0.2528788223862648 0 0.6073471084237099 4.643552631139755 9.302140109241009 17.80749151855707 0 0 2.038519687950611 0.4832658097147942 3.443584024906158 43.5611175224185 287.0222829505801 372.2211969867349 5.113133691251278 0.1010683625936508 0.4713021144270897 13.38626997917891 0 0 4.890759125351906 9.458837896585464 8.904397137463093 9.38923392444849 12.20289276540279 5.754959680140018 0.2034559845924377 0 0 0
6.246287241578102 0 1.93864168971777 8046.526165805757 8.756447553634644 299.1418507769704 81.79157613217831 285.3589851856232 781.0893186181784 11744.06558571011 72.02677778154612 4110.549042344093 10.86126828193665 233.8168177530169 131.0245836377144 0.1205221489071846 12.48731961101294 21.34763308614492 32.56733604520559 1920.447380140424 2.697367779910564 0.6513918936252594 6.170747801661491 669.2570299059153 0.319141574203968 18.93829508125782 12.5249231159687 4121.108038820326 538.6987072303891 3.841566137969494 1.014475591480732 50.70999231189489 8.397989042103291 291.4570980742574 48.34938368201256 1177.544194757938 38.11962661147118 829.1443528607488 108.5068759322166 460.1521826833487 221.8928454518318 4.368483789265156 32.04021265357733 0.388862356543541 0 0.8267390429973602 232.393274307251 0.1637686938047409 19.54190103709698 317.0069438889623 5.971268184483051 100.4608674794436 310.299254335463 1.814216554164886 209.0285997837782 1.994888581335545 9.507309705018997 9.724371343851089 0 0 0.5586342066526413 0.1773898750543594 246.7430846020579 0.6219061613082886 0.2041576653718948 1.289693683385849 442.1891083419323 0.2221851348876953 1.834870077669621 2.168777912855148 852.8997958004475 10.86748380959034 1.752217687666416 0.5933012142777443 0 0.9004934877157211 5.59761730581522 4.001676738262177 60.07671204209328 1.476470254361629 21.50375240296125 8.994797796010971 240.2030733823776 2.432458698749542 0.5000554546713829 0.1868799179792404
23.48529209941626 4.303159810602665 234.4767163172364 2.228903882205486 0 206.2103939950466 1093.654782317579 256.5960647836328 25.80365439504385 197.6906400620937 19.79101396352053 4.164547845721245 9.555357791483402 166.2685590162873 0.1368005275726318 3113.152724005282 598.0751957073808 8.943356096744537 33.09383219480515 2.697367779910564 20706.42307271808 111.7951995804906 13938.3868028 621.4111918285489 0.294464647769928 24.24024188518524 943.6283677741885 6730.938871525228 249.0584809035063 9884.939839191735 0.2338342890143394 3.227302141487598 38.91920399665833 4082.448544345796 399.9416641071439 6148.756714843214 1629.77613594383 6343.239930942655 3509.99182831496 202.4675299152732 32.78615625947714 5.764247082173824 45.67357944697142 6.982900977134705 0.384033277630806 1.536361403763294 0 0 0 13.98670154809952 3.324093423783779 38.25240591913462 0.4684057533740997 0.08272799104452133 0 0.4604933336377144 12.87414217740297 0 708.0635249093175 3.297442957758904 0.1154970154166222 1.109952345490456 0 510.1754728406668 151.0122914910316 178.418947711587 801.6603879258037 0 1.666146792471409 23.23914581537247 356.7558883875608 72.46962204575539 282.8065531924367 0.1191308051347733 0 21.45321279019117 39.60181947052479 19.09109017252922 106.1003573089838 3.652080208063126 22.82315135747194 15.63020185381174 5.103991255164146 0.6803591847419739 0.3124572262167931 0.2859877943992615
2.004803366959095 2030.72413084656 5.666199304163456 3.973421983420849 1.643160909414291 7.967292159795761 63.62542114406824 18.95088536292315 3504.316948436201 9.231952100992203 78.33016968518496 6.606960974633694 204.3971772789955 13.39272900670767 24.37523620575666 3374.271928586066 33.65422296524048 6.683744922280312 14.91718098521233 0.6513918936252594 111.7951995804906 2477.045320905745 250.2199099585414 8368.294914506376 1075.953994110227 196.3920762389898 4535.733528025448 577.9741012826562 23.4201078042388 44.91572119295597 18.08576073497534 0.7654836177825928 2.184631302952766 14.67829221487045 2.297281585633755 58.53897549957037 48.2549013197422 44.31915981322527 29.91817059367895 67.49856227636337 0 38.69316125661135 0 1.303577035665512 32.30903708934784 110.1809142231941 0 0 0 2.764552168548107 1.563142210245132 53.74401724338531 0 1.467456549406052 0 7.091453850269318 1.554472848773003 0 1298.796376921237 8.914310805499554 0.8067071065306664 8.07569508254528 0 119.3788749873638 301.1306075677276 451.5089957267046 292.2710318863392 13.04849714040756 31.33165312558413 2051.342505335808 82.44693379849195 6.379604935646057 31.33060577511787 3.836502067744732 0 2.257659606635571 11.27332346141338 1.204776287078857 50.86233995109797 11.74949193745852 26.01052664965391 16.90420473366976 2.985461175441742 0 2.155286580324173 0.5148048549890518
78.44096828252077 12.21064748615026 8375.701639354229 7.435663111507893 0.5306940153241158 531.122336819768 1507.262041270733 939.9674877077341 6.105848304927349 382.7592791467905 67.19107900559902 7.110419929027557 21.73322185873985 490.5426233112812 0.5925491079688072 3317.807759284973 8876.748202480376 39.10622004419565 172.6044371575117 6.170747801661491 13938.3868028 250.2199099585414 17289.4722295478 456.9535447210073 0 1170.029114618897 9127.803740918636 4709.789009101689 156.4701478555799 6173.088284924626 0.1000077575445175 9.405681185424328 6.147785410284996 2727.237703852355 480.13857717067 9067.864586368203 6177.22605919838 9153.724189013243 8868.626998089254 446.0784267932177 57.69531842321157 20.33054315298796 56.38199267536402 1.341396413743496 4.464672297239304 79.78858176618814 0 0 0.3163512349128723 10.40367428958416 1.032611280679703 2.250895224511623 0.7599892318248749 0.8052697256207466 0 0.8519797846674919 3.458753250539303 0 2219.054464712739 6.31487575173378 0.2573899254202843 4.066735588014126 0 251.7943380922079 231.6046674400568 2150.145832747221 155.9092505276203 0.7322587668895721 14.9016230031848 811.9665747284889 62.92465175688267 9.024267040193081 59.21430726349354 1.066706135869026 0 1.464024230837822 16.4797685816884 56.12253763526678 137.58183503896 30.16332880407572 46.61621434986591 46.51870433986187 10.84550837427378 0.9169973582029343 2.544806301593781 0.8691988289356232
21.39967470616102 368.5789178684354 18.12314458191395 4091.229970633984 46.98600259423256 227.2979368716478 1424.238278970122 196.3471329882741 9592.519967608154 218.4976298511028 31.14675841480494 584.3888343945146 68.41777000576258 138.1762548014522 1088.311100132763 2216.903176292777 30.11114306747913 5.838147655129433 17.35101068764925 669.2570299059153 621.4111918285489 8368.294914506376 456.9535447210073 12600.52861759812 287.1679074019194 115.0257070660591 1990.855469621718 8328.578963294625 368.813790500164 319.3663198575377 5.571637280285358 14.4469616189599 36.80941318720579 146.0184979736805 65.62613845616579 1286.629612639546 136.0721731185913 449.143514662981 177.3061024397612 908.6017573848367 65.48115726560354 13.2121335119009 22.27642654627562 12.32601445913315 6.364921040832996 18.86748600751162 223.6502593681216 0 10.36414611339569 549.7247087210417 15.61031053960323 1546.465365283191 242.1999926567078 4.109851658344269 128.4010451287031 2.841073609888554 40.48493661731482 8.751441687345505 523.4636391699314 1.317418321967125 2.302437655627728 3.359559558331966 187.3247949779034 284.6918548941612 204.0992023646832 128.3094146475196 4080.450925163925 1.892410829663277 14.49450562894344 126.8079197853804 3365.0815384835 129.3450921624899 368.8335805609822 1.717236511409283 0.1200350001454353 19.86271307617426 56.16830854862928 9.974974013864994 245.4454603046179 5.468974784016609 103.8528255075216 34.20863551646471 197.8948651328683 10.43320067971945 3.533629424870014 1.031573012471199
0.2736847251653671 1233.75580830127 0.1280909031629562 0.1113367453217506 0 0.7556286156177521 9.088742330670357 3.434350371360779 297.719174169004 1.013259798288345 967.4138337373734 1.246077291667461 4104.299216277897 1.793227262794971 2.477900721132755 28.0771394148469 0.9944969788193703 26.70913600921631 5.850367702543736 0.319141574203968 0.294464647769928 1075.953994110227 0 287.1679074019194 582.871283993125 287.082433193922 4513.639516189694 20.47089275717735 1.746607176959515 3.370023272931576 219.8577502220869 0.3154743015766144 0 173.0065556541085 0 57.76101943850517 267.6578685939312 92.81591014564037 11.18724149465561 20.53729777783155 3.527492105960846 538.2696060836315 0.1300266087055206 0 27.51541495323181 0.8524424061179161 0 0 0 0 0.2862354516983032 0.1238240972161293 0 43.85585033893585 0 136.7260286808014 0.1101633757352829 0 0.273251861333847 0 10.20572465658188 2.250332698225975 0 0 2.354678951203823 0 0.7304395735263824 113.1452571377158 132.3714902997017 390.0434594228864 0.4113153368234634 0 0 35.48475363105536 0 0 33.25732518732548 0 28.28711188584566 16.22799495607615 14.06090462207794 3.353560477495193 11.14650344848633 0.2674397230148315 30.73520395904779 0
23.22945959866047 673.1158201768994 9312.475481525064 2.249332532286644 0.1273181885480881 54.02146574109793 81.00718167424202 126.527456484735 99.20133090019226 42.13705715537071 3437.34067055583 38.9835672006011 846.1776191443205 122.3797498494387 1.491434127092361 87.22641110420227 2639.052815511823 4867.103234276175 6287.049851514399 18.93829508125782 24.24024188518524 196.3920762389898 1170.029114618897 115.0257070660591 287.082433193922 39211.33948169649 12817.2022228986 100.7492261976004 116.9378741458058 157.3760955780745 402.1045826524496 8.641606442630291 1.498508282005787 1038.939659118652 47.33797322958708 2841.151844345033 7406.735566481948 3161.493722952902 1384.034900255501 34.9839603677392 8.744232416152954 68.54699157178402 10.37513019144535 1.180525183677673 374.6556798294187 358.68310546875 0 0 0.362724132835865 5.885592587292194 2.769553489983082 4.224373035132885 0.8233387693762779 106.0653709471226 0.4751028716564178 901.8642269894481 6.345726870000362 0 8.776902414858341 78.50583672523499 91.48632583022118 189.5361974835396 0.1026083901524544 1.153331443667412 22.37257712334394 11.25422827154398 22.12055514007807 647.2561584487557 2950.554804891348 4764.077418006957 4.49405138194561 1.321220390498638 2.614123903214931 343.8647578135133 0.2612065002322197 0.09352059662342072 43.0081277564168 34.59562004357576 68.52454924583435 101.7093683853745 169.4840431287885 41.08100070804358 2.936952129006386 0 2.377109616994858 0.3111149668693542
39.31888804584742 6447.804239489138 6978.633695907891 3.781966470181942 0.816740058362484 51.50094966590405 149.165118329227 185.7237604036927 831.3638118803501 42.7609841004014 1440.803034991026 22.53701077401638 5460.816907458007 151.1494773849845 7.992378480732441 4127.907096937299 6261.454281382263 984.3232973814011 1252.533947877586 12.5249231159687 943.6283677741885 4535.733528025448 9127.803740918636 1990.855469621718 4513.639516189694 12817.2022228986 33251.27209413797 2074.821704909205 153.6943214759231 379.0502157732844 1596.520980335772 3.316358685493469 4.75402893871069 2124.172638334334 266.1115100085735 6740.575565740466 6632.028811998665 8026.299924708903 5762.589129440486 179.2439945414662 51.87943015247583 62.01661269366741 32.72930549830198 7.668467298150063 2026.208890385926 2999.790489114821 0 0 3.081557683646679 46.1999339684844 26.58496706187725 13.42117381840944 4.70870915055275 141.0193834900856 0.1137364208698273 956.4406845793128 26.00045485049486 0.6192436814308167 1914.249234378338 299.4754568785429 127.4339761137962 293.5666644051671 0 58.39259122312069 1026.717948272824 3060.166423499584 159.2902599722147 1302.094631411135 4073.74919642508 24500.45255932212 68.93642209470272 7.03938078135252 11.7350644543767 421.4208372533321 0 0.1296414285898209 128.4233657121658 101.1274201497436 508.5898903310299 270.8599771857262 630.135926797986 302.0247485265136 32.9108665138483 0.3786604553461075 12.27203059196472 2.189775839447975
69.46063777804375 29.45584252476692 813.1399691924453 7299.973002932966 10.86392360925674 447.605992898345 14267.18210245669 508.5131383016706 1721.592273429036 6146.356797374785 57.69636739045382 356.9616177380085 85.01416540145874 492.6285525411367 108.8592267930508 1770.401541694999 205.3761180266738 15.92648945748806 27.22514306008816 4121.108038820326 6730.938871525228 577.9741012826562 4709.789009101689 8328.578963294625 20.47089275717735 100.7492261976004 2074.821704909205 23956.28967744112 1622.759193956852 8826.250888451934 1.274033308029175 40.33201255649328 342.6476190462708 1056.562079079449 438.245688483119 4973.792185604572 532.1191810443997 2511.925140090287 1156.532636292279 828.8841587975621 200.4106698483229 6.179183200001717 84.37549638003111 20.04200101643801 1.216594487428665 7.597672700881958 166.0277280136943 0 10.29429836571217 744.3214309960604 19.63130284845829 947.51525375247 182.1546357348561 6.035035736858845 91.87995555996895 4.979306794703007 51.83714726567268 5.928496189415455 339.2686887308955 2.210336409509182 2.065841302275658 2.078314773738384 164.2481716126204 279.7619073092937 96.36555041372776 92.91044388711452 4120.136952802539 0.5339272320270538 4.587434694170952 60.98556517809629 4010.885118722916 180.4530287459493 615.2790037319064 1.18316512554884 0.603764995932579 27.32296240329742 60.9197306856513 19.15366408973932 316.8630132377148 7.829218320548534 125.9840307980776 49.13051241636276 154.5275625959039 9.103639431297779 11.27864474803209 2.880216456949711
