741.3420172482729 0 125.7132779434323 4.20746585726738 0.1859740763902664 6.226533830165863 2595.223338998854 356.2251644954085 2.499874301254749 23.68535431474447 2.564978212118149 2.667668499052525 0 6125.587966158986 0 2.254671029746532 228.0727841705084 5.398356057703495 32.6428280621767 2.496447660028934 83.75885228812695 1.715853229165077 168.0268697813153 39.96027061343193 0 60.27725467830896 53.18604967743158 101.0296746492386 2878.373610086739 2248.278662472963 0 1.691827721893787 38.20297984033823 85.93526782095432 0 48.50012821704149 8.228898949921131 71.23385915905237 12.0582188591361 1.701538659632206 0 0 0.4364452511072159 0.8859754875302315 0 0.4478071555495262 0 0 0.1290126591920853 7.442642405629158 0.207118421792984 1.425449535250664 0.718329906463623 0 0 0 1.387737266719341 0 0.8134035989642143 0 0 0 0 0.3828000277280807 0.2386171072721481 0.354066789150238 16.90896698832512 0 0.1446351557970047 2.342542462050915 15.54946871101856 1.387659631669521 5.226735457777977 0 0 0.6719797626137733 0.2262725532054901 0 4.984621979296207 0.09785503149032593 1.295602224767208 0.1322815418243408 0 0 0 0
0 101.662863239646 86.87019024044275 0.9716324806213379 0 0.5432043448090553 4.890282817184925 1.106507867574692 448.5555871576071 0.08814290165901184 164.3137546777725 0.4800453782081604 968.837065987289 0.7265990749001503 2.887190103530884 145.9451322704554 59.32147084921598 4.136996373534203 15.85695982724428 0.09491509199142456 3.822347395122051 2191.432721838355 18.3987302929163 441.6626499816775 1575.398776620626 471.8575412109494 8125.984463840723 37.50014739483595 2.982841946184635 3.837592929601669 46.16545683890581 0.4765616208314896 0 183.549556799233 0.2101406753063202 31.05800468474627 32.0901957899332 64.32400353252888 10.84700639545918 2.26148895919323 0.1914039105176926 168.1968926489353 0.1366771906614304 0.3371637463569641 53.85719949007034 62.22525674104691 0 0 0 1.346394583582878 0.7378920316696167 3.724917933344841 0.2381385117769241 3.913793317973614 0 16.50276030600071 0.9461547657847404 0 8.52733039855957 26.41972862929106 3.267219766974449 88.09753732383251 0 0.3267495334148407 26.95621509850025 2.90673565864563 10.3447784408927 40.26682387292385 122.7472159415483 1222.059239372611 1.896498255431652 0.2118460163474083 0.5229669958353043 1.312060259282589 0 0 5.159229271113873 2.070852935314178 28.91182571649551 13.91570366919041 49.09978256374598 6.624027937650681 0.9659436941146851 0 1.339823573827744 0
125.7132779434323 86.87019024044275 5037.277716457844 12.91333114355803 0 71.2091229557991 963.4078998491168 1168.807730287313 2.257791116833687 115.1398614421487 4.716503940522671 1.277885884046555 0.5193491131067276 837.282363474369 0.1678203940391541 16.70848366618156 2893.980870306492 24.89470135420561 118.8640516996384 3.01839342713356 1458.545712672174 36.00045890361071 11423.95674319565 38.29604585468769 0.6780068278312683 5021.83615077287 8957.631674282253 308.1616024300456 183.375867344439 416.9036684557796 2.549572549760342 1.884265244007111 14.89984623342752 672.841515019536 17.24631276726723 2105.219300106168 3154.713615685701 1236.872701361775 130.1713481172919 57.06112907081842 0.8671607971191406 11.34302164614201 7.459269970655441 0.7363152131438255 228.7238829657435 820.3743621259928 0.1190925315022469 0 0 16.36491709947586 1.253046780824661 3.495030954480171 0 0.31853137165308 0 0.5099166333675385 2.211504653096199 0.1515334248542786 28.94911339879036 90.26251105964184 0.7603336572647095 13.48286623507738 0 3.329858236014843 65.04018594324589 70.46586306393147 17.54238935559988 0.6512851938605309 165.1697253808379 2383.983465075493 11.97443916648626 0.5699639171361923 2.893674969673157 0 0 0 10.92586139589548 11.58909782767296 75.35247331112623 14.63074059039354 65.26690842956305 20.21433790028095 2.041606947779655 1.232570648193359 0.681134819984436 0
4.20746585726738 0.9716324806213379 12.91333114355803 4628.888956874609 0.9108288511633873 168.1917267814279 361.3954471871257 111.4301420003176 729.543013073504 6139.824799157679 4.789041228592396 2967.427872516215 2.127752184867859 86.06742025911808 96.52034618705511 0.6068166643381119 7.476395525038242 1.619502231478691 1.001920342445374 5648.661077022552 14.41870894283056 6.324213087558746 20.58415737748146 1639.208288893104 0 15.8293083012104 27.35666797310114 2679.777862653136 112.6018208563328 4.653719164431095 0 3.117938585579395 3.737571828067303 37.51397351920605 4.133472487330437 326.3855588138103 8.454583913087845 124.0653059184551 58.33386392891407 101.2359283715487 3.678084678947926 1.994973063468933 1.84754990041256 1.091124728322029 0.2893067449331284 0.3489707857370377 236.4123540297151 0 9.694698758423328 188.2953811138868 6.937089912593365 134.2782174944878 194.93640640378 0.4395342171192169 173.3696789219975 0 5.360251128673553 0.545787125825882 0 0 0.2398272678256035 0.3088013231754303 155.408255405724 0.3910376504063606 2.052628740668297 1.024270206689835 310.0876370146871 0.1536252200603485 0.562098354101181 1.73603168874979 280.2872981131077 8.368365734815598 1.50293543189764 0 0.5717518031597137 0.520083025097847 2.13816150277853 0.2638755142688751 19.34736486524343 0.537715956568718 7.749577559530735 3.349246479570866 39.7885228395462 0 0.5395411252975464 0
0.1859740763902664 0 0 0.9108288511633873 186.8212886601686 540.8194940537214 4.563126496970654 129.3381054401398 19.88622583448887 4.886516429483891 28.23777536302805 31.70026870071888 2.098270833492279 5.254048466682434 837.3035292327404 0.2520740628242493 0.1556023061275482 4.143192157149315 2.443145386874676 3.502953097224236 0.1748812794685364 1.038176096975803 0 18.49749724566936 0 3.578105032444 2.321461260318756 1.161660552024841 23.1524905487895 0.3131951987743378 0.4925650209188461 596.581543982029 0 415.8544829636812 0.1893843412399292 56.60450927913189 5.767481401562691 233.2399859726429 128.101872459054 1569.106176815927 112.8420036882162 0.3767390251159668 9.765767484903336 0 0 0 0.84333735704422 0 0 0.6893362402915955 0 0 1.145949125289917 0.1846427917480469 0 0.2433338686823845 0 0 0 0 0 0 2.145896330475807 0 0 0 0.3090041875839233 0 0 0 0.4783036410808563 0 0.08790931105613708 0 0 0 0 0.3676443696022034 0 0 0 0 0 0 0 0
6.226533830165863 0.5432043448090553 71.2091229557991 168.1917267814279 540.8194940537214 11321.9521356523 2469.275401957333 11838.48311660439 214.6872642487288 10167.3332921192 77.24087724834681 5049.218170531094 3.352239273488522 593.77287350595 1830.164999842644 0 16.39443016052246 29.90636610984802 17.55289001017809 315.4376236200333 42.96083369106054 0.7064047306776047 43.03349667042494 138.4366587102413 0.674163892865181 68.32946953177452 36.44205167144537 701.0312328636646 568.4527816772461 28.23429864645004 2.813936896622181 1355.948186501861 1.632933437824249 340.7779944241047 3.267489403486252 501.9696349278092 41.17384564876556 498.7170027196407 224.0258936733007 2285.457047536969 143.2213369235396 5.869670890271664 16.34552232921124 0.1264825463294983 0.1535453200340271 0.4770882576704025 30.38690996915102 0 2.106807470321655 24.5294703617692 0.1313464194536209 53.14412501454353 31.01622852683067 0.1189054399728775 72.36446997523308 0.4934157803654671 0.5405730158090591 1.338202357292175 0.5742991864681244 0.35787233710289 0 0 32.00406242161989 0 0.5734738707542419 1.108144342899323 44.56019897758961 0 0.4477743878960609 2.505709461867809 43.62786435335875 1.421395510435104 1.458404809236526 0 0.4458078444004059 0.5373467206954956 0.4609681665897369 0 11.51018200814724 0.1108977422118187 1.746063582599163 0.1303192377090454 40.881951212883 0 0.1093209460377693 0
2595.223338998854 4.890282817184925 963.4078998491168 361.3954471871257 4.563126496970654 2469.275401957333 16771.88130761683 9323.96722137183 263.7806603983045 8048.872567467391 40.45323532819748 71.64440808445215 14.02271304279566 8126.164452575147 31.70447234809399 46.60170465707779 161.5633101314306 20.64994303137064 33.20313345640898 163.2574111521244 1773.204898521304 68.9027192518115 1065.929623432457 1387.798730485141 0.8261045813560486 426.1997326388955 447.2791669666767 16631.63722024858 3383.06485722959 5353.031814672053 2.900727547705173 32.25253025442362 275.8329712003469 695.8917345181108 59.90902145951986 5455.877671428025 138.5449162200093 2312.234201334417 1041.292504802346 443.6689168065786 19.42925667762756 11.80713437497616 44.33229789882898 12.83840664476156 8.328298360109329 13.96042996644974 150.4850409030914 0 7.478798136115074 1096.329341240227 24.91449818015099 131.3013684526086 140.3708112388849 1.351661331951618 36.32057194411755 0.2078153342008591 45.99440608918667 0.9383097141981125 26.2364654019475 1.805447280406952 1.039661429822445 2.060120441019535 60.71381155401468 10.70004311203957 17.30397659540176 13.15999933332205 966.8076695874333 0.1127924770116806 6.689219497144222 65.02982995659113 1028.27232593298 78.15650173276663 170.8110037669539 0.1878411471843719 3.705482892692089 9.72950778901577 23.07423865795135 9.925366148352623 245.4554214850068 8.417637899518013 101.0881501659751 34.2089299634099 54.86644887179136 2.693647965788841 2.804914325475693 3.934874825179577
356.2251644954085 1.106507867574692 1168.807730287313 111.4301420003176 129.3381054401398 11838.48311660439 9323.96722137183 18155.25262902677 23.79596643894911 5858.355431623757 256.2404257580638 1603.039677165449 6.617820650339127 7341.193022914231 390.9969457164407 8.330211490392685 759.1335456445813 92.52856311947107 137.8707604259253 360.1079108789563 420.1117084249854 7.322848334908485 662.1505967304111 298.8346255943179 2.761952109634876 695.3531294167042 290.2380591034889 571.9170743003488 2344.662482716143 1473.516301609576 7.864668406546116 1236.460926361382 7.733588486909866 1030.809181153774 9.312181934714317 951.7261027246714 144.1225413009524 964.3194229006767 449.1098059266806 1275.699243970215 158.6411581411958 9.650021210312843 27.69842381775379 0.8002080619335175 1.577142521739006 7.686736285686493 25.70130757242441 0 0.9578392803668976 128.2919872775674 2.165693044662476 15.8449275046587 26.14431979507208 0.2859830260276794 10.28153429925442 0.2934916764497757 2.937807276844978 0 3.734210513532162 0.275359570980072 0.4102646559476852 0.641920417547226 12.60600414872169 2.536721996963024 3.639669217169285 1.734588995575905 93.52756413817406 0.134779766201973 3.105117574334145 19.80618045479059 99.74152939021587 6.618157677352428 14.88486535847187 0 0 0.3942502737045288 1.834353521466255 2.692757576704025 21.786326803267 0 7.822746455669403 1.946589455008507 7.717808313667774 0 3.356134295463562 0
2.499874301254749 448.5555871576071 2.257791116833687 729.543013073504 19.88622583448887 214.6872642487288 263.7806603983045 23.79596643894911 460.3238409906626 509.4383317381144 17.01367423683405 791.2316574528813 99.31530903279781 17.80671059340239 687.8325830549002 148.8834883496165 5.644025832414627 1.572658181190491 1.009333670139313 689.0777599588037 31.12226948142052 3390.436206936836 14.56900845468044 9950.771764539182 190.7982667386532 23.30277186632156 1177.231744669378 1722.282062865794 44.92527182400227 42.81705483794212 10.83193162828684 1.639202147722244 6.104087494313717 25.78565275669098 1.473033204674721 120.3954725563526 6.461276426911354 39.84269408881664 17.19437148422003 127.2782673984766 1.788912951946259 4.968421995639801 0.7631446495652199 15.66573946177959 7.308926641941071 4.606394618749619 324.4513759538531 0 5.935097984969616 322.0191993191838 12.78853265196085 200.9123291149735 161.5342421010137 0.07704276591539383 102.5547420457006 1.188319005072117 35.96365638077259 0.6625885814428329 160.196267478168 0.2230336219072342 0.5371807813644409 1.582225322723389 158.5885899960995 63.39379343390465 32.13309352844954 11.54474752396345 1743.907266557217 1.409253507852554 2.208360642194748 27.79846101999283 759.7281310260296 80.4723894149065 125.855701752007 0.1314486414194107 1.768559716641903 10.23893595486879 11.5730017349124 3.025422096252441 123.7846625968814 3.653881952166557 49.08529637753963 19.88948508352041 25.86129578202963 0.6190450638532639 0 0
23.68535431474447 0.08814290165901184 115.1398614421487 6139.824799157679 4.886516429483891 10167.3332921192 8048.872567467391 5858.355431623757 509.4383317381144 33717.60671833158 40.10840877145529 6047.982210092247 4.697974935173988 1161.381729140878 68.13418541103601 0.7030893415212631 22.89506698399782 19.38887330889702 15.87004313617945 5023.767511829734 99.05384822934866 2.694250404834747 70.34993858635426 1297.428306430578 2.177711941301823 79.3521114140749 46.14079980552197 4349.736944280565 1238.331739909947 62.90693903714418 1.36970928311348 38.12799771130085 7.886822231113911 372.5089491680264 13.14852859079838 1959.075125940144 57.84285271167755 1159.856823794544 395.5382715687156 203.3143285289407 12.54012733697891 7.09096709638834 28.0186275690794 1.266659758985043 0.3649299144744873 1.811781644821167 407.4994675666094 0 14.93207032978535 452.8475685492158 10.16068855673075 175.1925840377808 350.4257953613997 0.206032894551754 201.2045368105173 0 11.06191133707762 3.610749185085297 1.79101288318634 0.5764214396476746 0.1067882478237152 0.1388036906719208 289.6882782652974 0.6305363029241562 1.109769582748413 0.4394598454236984 500.8391131982207 0 0.3074915558099747 8.399398647248745 551.7978530004621 10.35956315696239 9.98143345117569 0 1.120202794671059 0.3906531482934952 4.33128497004509 3.44167385995388 45.93678269535303 0.2996038794517517 27.41573978215456 4.071795284748077 100.1999656409025 0.848231241106987 2.97197425365448 0
2.564978212118149 164.3137546777725 4.716503940522671 4.789041228592396 28.23777536302805 77.24087724834681 40.45323532819748 256.2404257580638 17.01367423683405 40.10840877145529 10696.2087963894 72.84763298928738 1161.955955721438 289.134965762496 6.095791608095169 1.595146380364895 107.3222570046782 3587.635071396828 420.641616679728 18.79726924747229 6.474361062049866 52.12970259785652 13.89373882114887 24.00920516997576 847.5375828519464 3112.661446295679 993.066820025444 22.27762495726347 498.399004265666 13.0625761821866 604.0376557558775 257.0927267000079 3.87613508105278 7201.752365656197 13.88375949859619 1305.147155612707 5550.525474630296 4933.956556767225 1208.86191034317 53.00993520021439 15.60174874961376 1183.136877000332 15.32079122960567 0.4138786941766739 9.53281382471323 1.021297931671143 0.5980477333068848 0.4484184682369232 0.7441952973604202 7.245489165186882 3.8808359131217 2.034202344715595 2.038124218583107 792.0940159708261 1.499304637312889 1211.07709633559 8.973036356270313 0 0 0.3101091086864471 118.8505764901638 19.22217134386301 0.7412410378456116 0.2563883513212204 1.517488539218903 0.1117479279637337 8.966442085802555 55.64421361684799 67.85414290428162 347.7917859405279 6.99830537289381 9.666693188250065 1.447084441781044 120.3494919985533 7.630297318100929 0 101.2221479713917 15.30621699988842 23.94391733407974 384.7658485472202 119.0563067123294 4.463200032711029 4.03222443908453 0.6479709520936012 332.9924709573388 0
2.667668499052525 0.4800453782081604 1.277885884046555 2967.427872516215 31.70026870071888 5049.218170531094 71.64440808445215 1603.039677165449 791.2316574528813 6047.982210092247 72.84763298928738 8767.146031819284 5.444515518844128 535.5795823186636 1325.684035152197 0.1405925452709198 2.216926194727421 36.43345032632351 21.2453868240118 4228.709702037275 0.5674714893102646 0.5777179300785065 1.73857369273901 453.1586438640952 2.296519711613655 34.80723167210817 27.32272963225842 592.7977404892445 850.1712786331773 3.891330048441887 3.202771797776222 88.29470648616552 0.602312870323658 286.4843376651406 3.352053418755531 691.3388832956553 32.79002743214369 716.1205702722073 206.9225269109011 1127.987332060933 13.253706343472 7.918308138847351 7.682688526809216 0.09705240279436111 0.1336072683334351 1.921115279197693 199.7438202947378 0 8.850480414927006 70.56017262488604 0.8846821561455727 195.2564015984535 142.6520689204335 0.3665971755981445 262.310308560729 0.1000912040472031 1.41104032099247 1.244735464453697 1.294359236955643 0.1115377992391586 0 0.1080707684159279 154.337416768074 0.9453322291374207 0 0 126.0610036924481 0.0998193696141243 0.1389615833759308 0.768580436706543 113.6572329029441 0.8150478377938271 0.1203559041023254 0 0 0.3905796706676483 0.4326896369457245 0.1435683518648148 17.07185602933168 5.366261690855026 3.79583403468132 2.56790229678154 104.0990133136511 0 0 0
0 968.837065987289 0.5193491131067276 2.127752184867859 2.098270833492279 3.352239273488522 14.02271304279566 6.617820650339127 99.31530903279781 4.697974935173988 1161.955955721438 5.444515518844128 2412.553434364498 7.924591809511185 0.7255301028490067 11.53085840493441 1.778411090373993 60.91230969876051 6.462458655238152 1.722043298184872 4.984190806746483 348.8212559148669 1.566829860210419 76.04756981879473 5288.769737288356 124.8699435219169 3038.588003799319 11.4496851041913 18.90762606263161 4.556529872119427 641.6618066579103 9.700278252363205 2.281607441604137 947.4806801974773 2.910515829920769 465.9208181202412 1418.115852102637 1871.895244188607 425.2482511997223 99.06902153789997 56.34545047581196 710.1684033274651 4.182730831205845 0.1235915571451187 15.03075394779444 0 0.1184908300638199 0 1.031566873192787 4.430493697524071 6.694387637078762 0.9338282644748688 1.654806889593601 834.322335883975 0.5294224619865417 1514.932969994843 3.966834627091885 0.1182939857244492 0 0 96.42814150452614 19.4142954647541 0.2916233986616135 0 1.459500327706337 0.290693461894989 1.384277932345867 133.2219118773937 99.23856218159199 450.3566717132926 3.445601493120193 11.01913779228926 0 162.8787659332156 7.282927967607975 0 112.0255443006754 1.014586508274078 134.5029228627682 395.6345697343349 132.9278513714671 1.970707535743713 35.61942461133003 1.120272800326347 356.2817626222968 1.951538681983948
6125.587966158986 0.7265990749001503 837.282363474369 86.06742025911808 5.254048466682434 593.77287350595 8126.164452575147 7341.193022914231 17.80671059340239 1161.381729140878 289.134965762496 535.5795823186636 7.924591809511185 13925.85678514093 46.60230829566717 8.709245353937149 965.8080498576164 123.9061470776796 191.9842808991671 245.4160529077053 396.560319788754 5.902934618294239 719.4644891396165 231.8493566513062 2.653159148991108 483.2731255739927 331.9767843186855 569.5499213933945 10712.17346648872 3694.953541651368 7.61091510951519 252.8368466421962 10.74835243076086 1495.870234332979 1.630307421088219 555.1958270519972 126.6204224601388 1180.057952053845 246.2959823310375 375.3719060346484 46.35687565803528 6.604964919388294 11.29560275375843 1.421394273638725 0.7573114261031151 3.749439381062984 2.783975087106228 0 0.3156463280320168 67.67717570066452 1.655376434326172 13.57256057858467 5.499911762773991 0.6690804064273834 2.03647917509079 0.3745830729603767 2.724099144339561 0 2.247109413146973 0.1427407562732697 0 0.4048497006297112 3.415558189153671 3.627128019928932 2.101912997663021 1.658825732767582 79.98380763083696 0.3170914947986603 1.686375141143799 13.16931837797165 79.75707119703293 7.282498650252819 24.05980734527111 0.1278402656316757 1.149800181388855 1.191768661141396 1.630265094339848 0.7056573629379272 20.58652323484421 0.2425594180822372 6.074321120977402 1.991074003279209 5.87624903023243 0 0.1550051420927048 0
0 2.887190103530884 0.1678203940391541 96.52034618705511 837.3035292327404 1830.164999842644 31.70447234809399 390.9969457164407 687.8325830549002 68.13418541103601 6.095791608095169 1325.684035152197 0.7255301028490067 46.60230829566717 722.580679230392 0 0.2177062928676605 1.966695077717304 0.4648740440607071 171.9208733588457 0 24.84049259871244 0.1992714703083038 1438.757992163301 0.4639806002378464 0.7454523369669914 10.43447067588568 98.93762017786503 32.63823945075274 0 0.2154274731874466 581.8496191129088 0 30.61276748031378 0 201.9946764856577 2.254513338208199 23.52960973978043 11.04164288938046 1915.737664707005 119.8435817733407 0 0.5423678159713745 0 0 0 9.594814077019691 0 0.4785786867141724 6.965827517211437 0 10.86665703356266 9.003014862537384 0.1602234095335007 29.96360123157501 0 0 0 0.486955314874649 0 0 0 10.62114807963371 0 0 0 11.11030253022909 0 0 0.2818870544433594 9.253683187067509 0 1.722909614443779 0 0 0 0 0 4.383260115981102 0 0.8556382060050964 0 27.60406452417374 0 0.972392737865448 0
2.254671029746532 145.9451322704554 16.70848366618156 0.6068166643381119 0.2520740628242493 0 46.60170465707779 8.330211490392685 148.8834883496165 0.7030893415212631 1.595146380364895 0.1405925452709198 11.53085840493441 8.709245353937149 0 1960.483733922243 55.48493903130293 0.6262368559837341 13.02953549474478 0 2772.651856444776 3225.743563838303 4395.576421357691 1929.50551019609 28.85288015007973 10.35537406057119 6774.517589278519 1899.313551053405 13.18235950171947 601.6895756274462 0.6422697752714157 0.4995994865894318 6.74329748749733 248.243721678853 45.12092914432287 3678.992531761527 424.7424497008324 939.1683980971575 744.3724240288138 273.3069074824452 0.1335796266794205 8.725458033382893 29.47950299829245 7.559423252940178 20.89075610786676 85.55519643425941 1.670245334506035 0 0.1499037891626358 17.81023493409157 2.68388906866312 6.131013907492161 1.732066072523594 0.5214339941740036 0 0.2496478483080864 10.77614848315716 0 5046.672107391059 8.442173078656197 1.085646077990532 4.472769059240818 0 885.8809190243483 1430.512089878321 2060.200964100659 384.5126909911633 0 15.64039915800095 1133.313494116068 302.9658073559403 25.07988714426756 229.5985781401396 0 0 6.361997365951538 18.03631712496281 19.14974790811539 138.6601824685931 13.47384986281395 35.46611525863409 28.7650224417448 2.645664408802986 0 4.061160206794739 4.956212893128395
228.0727841705084 59.32147084921598 2893.980870306492 7.476395525038242 0.1556023061275482 16.39443016052246 161.5633101314306 759.1335456445813 5.644025832414627 22.89506698399782 107.3222570046782 2.216926194727421 1.778411090373993 965.8080498576164 0.2177062928676605 55.48493903130293 2414.898735307157 216.6098716333508 3940.637550584972 1.787795074284077 354.5814091190696 15.11012932658195 4852.151960499585 35.13110149651766 3.21449252218008 3925.732408098876 9798.556532099843 110.9114808812737 960.9991062507033 927.394148260355 3.043688595294952 1.725161120295525 129.4848253652453 1593.951801069081 5.619940154254436 638.7796206623316 2028.997151516378 955.05465939641 135.6628295183182 19.5396309569478 0.8299622535705566 49.44287097454071 2.467858672142029 0.5112565755844116 112.1887970492244 160.5354622453451 0 0 0 4.468780964612961 0.6838596686720848 3.435204960405827 0 0.2965281903743744 0 0.8867091983556747 3.614377215504646 0 7.281181745231152 88.9711953997612 3.073861643671989 143.8378858119249 0 2.91416172683239 5.272170335054398 7.082722514867783 8.993596591055393 3.083469718694687 251.9042530655861 995.7320097759366 8.110132552683353 0.8301843553781509 5.670849166810513 1.507807746529579 0 0.2932559549808502 13.62465134263039 3.166350647807121 53.10044933855534 18.21515567600727 52.80422957986593 9.269180215895176 0.9584779888391495 0 0 0.4488922655582428
5.398356057703495 4.136996373534203 24.89470135420561 1.619502231478691 4.143192157149315 29.90636610984802 20.64994303137064 92.52856311947107 1.572658181190491 19.38887330889702 3587.635071396828 36.43345032632351 60.91230969876051 123.9061470776796 1.966695077717304 0.6262368559837341 216.6098716333508 556.7806413993239 1853.737388581038 9.327993005514145 12.66075098514557 3.702299669384956 28.57544296234846 6.157061591744423 63.58076705783606 4999.630539610982 839.4845616817474 13.73496852815151 188.0945244655013 15.53774906694889 300.8969999104738 67.04348979145288 3.690656654536724 1830.461961939931 6.941599674522877 1672.569852948189 1600.197516851127 2027.776511527598 523.3479180932045 26.37817278504372 2.331001460552216 40.96583011746407 4.507372990250587 0 5.842888101935387 0.2411212176084518 0 0 0.1905213594436646 4.750433266162872 0.8378733322024345 1.113016679883003 0.1181397587060928 152.8121715262532 0.2384282201528549 184.3148513883352 2.157850354909897 0.1427799314260483 0.2634227871894836 1.101350471377373 184.5107239633799 54.98909280449152 0 0 1.14021585136652 0 3.206714443862438 43.7298481091857 141.5537174493074 493.7710032761097 3.473232366144657 2.476184174418449 0.6268814653158188 39.87938675284386 1.197838842868805 0 8.115651048719883 3.047120273113251 8.824865907430649 21.42597623169422 15.88697919249535 1.839854672551155 0.236507773399353 0 2.038225963711739 0
32.6428280621767 15.85695982724428 118.8640516996384 1.001920342445374 2.443145386874676 17.55289001017809 33.20313345640898 137.8707604259253 1.009333670139313 15.87004313617945 420.641616679728 21.2453868240118 6.462458655238152 191.9842808991671 0.4648740440607071 13.02953549474478 3940.637550584972 1853.737388581038 2067.094084732234 6.376010604202747 223.7026015892625 4.047533847391605 568.3904084265232 6.471568711102009 11.43911647796631 9043.279994733632 2889.578447319567 22.85194893926382 279.8211895227432 245.7684084549546 55.45879931002855 20.14209321141243 32.70680546015501 3137.556632243097 4.765793286263943 1617.198581553996 1561.967446647584 1893.66990570724 219.9761913120747 25.50836990773678 0.2093607932329178 36.23452225327492 2.831604674458504 0.4657037034630775 46.54467511177063 7.199593402445316 0 0 0.2042796909809113 2.045075304806232 0 1.105112731456757 0.9094402715563774 12.83250081539154 0.1476293355226517 10.73962856084108 1.135820679366589 0 1.312319040298462 34.72731728106737 58.00821406394243 227.1277376413345 0.1263822168111801 0.7452931553125381 1.738393567502499 1.44425343722105 2.459461644291878 24.92503370344639 286.6452545151114 750.5317940860987 3.241505794227123 0.6259733811020851 3.168243370950222 3.281042262911797 0 0 8.420458398759365 3.256586626172066 33.00370224565268 13.24132577329874 29.82968149334192 9.782376550137997 0.6418265700340271 0 0.8067285120487213 0.5741271376609802
2.496447660028934 0.09491509199142456 3.01839342713356 5648.661077022552 3.502953097224236 315.4376236200333 163.2574111521244 360.1079108789563 689.0777599588037 5023.767511829734 18.79726924747229 4228.709702037275 1.722043298184872 245.4160529077053 171.9208733588457 0 1.787795074284077 9.327993005514145 6.376010604202747 664.7229095026851 0.7810883298516273 0.1093141436576843 1.089150480926037 796.882188141346 0.4719101190567017 9.928496725857258 7.582467652857304 1907.213545545936 321.3220803141594 3.137100830674171 0.4833507090806961 17.96399264782667 1.062413781881332 117.3346072733402 3.904714167118073 570.0501437410712 16.86995102465153 332.8438276201487 114.4141312912107 300.4085232019424 4.642567873001099 6.01900526881218 9.618110664188862 0.392603725194931 0.08641582727432251 0.1208474114537239 225.991021156311 0 11.06339578330517 225.8273192495108 4.056269831955433 144.1710455864668 214.0336411967874 1.626315951347351 170.7371139675379 0 2.614630080759525 0.5938096642494202 0.3023691177368164 0 0 0 185.1618892624974 0.6031261086463928 0.1036280542612076 0.1833623498678207 233.022458769381 0 0.09857358038425446 0.2827965319156647 280.4991693124175 5.86177684366703 5.662974566221237 0 0.590991348028183 0.1344320178031921 1.646780148148537 0.7558758854866028 36.8435802012682 2.400111272931099 17.20425547659397 2.035975836217403 72.51843722164631 0 4.764909029006958 1.69688868522644
83.75885228812695 3.822347395122051 1458.545712672174 14.41870894283056 0.1748812794685364 42.96083369106054 1773.204898521304 420.1117084249854 31.12226948142052 99.05384822934866 6.474361062049866 0.5674714893102646 4.984190806746483 396.560319788754 0 2772.651856444776 354.5814091190696 12.66075098514557 223.7026015892625 0.7810883298516273 15529.77753832191 187.4125962555408 15696.81135118008 873.5650345236063 5.316984556615353 295.6738436222076 582.397916585207 8947.369356527925 232.3033696785569 13081.28560113162 0.3166502341628075 2.569639585912228 43.56659343093634 2866.637348406017 75.74853824824095 5199.407649859786 605.4874297678471 3495.046903476119 1932.817908838391 378.8526753410697 2.854460835456848 12.04186253249645 45.25512598454952 6.811272822320461 2.308559767901897 27.70106890797615 0.5626460686326027 0 0 11.19197700917721 2.251672521233559 8.455195389688015 0.4840572252869606 0.2691878974437714 0.7500830888748169 0.1477340161800385 11.58534402400255 0 604.4744929820299 3.003556922078133 0.5636410936713219 1.59437533468008 1.190077185630798 408.3636826872826 170.4481796249747 144.5997563898563 248.0004338920116 0 8.274471156299114 45.69163236767054 196.7135405316949 21.44418525695801 177.7519379407167 0 0 4.461811065673828 10.82872025668621 37.33829193562269 116.4718763753772 4.902102127671242 21.20675968378782 15.06170987337828 0.8971981108188629 0.1236674636602402 2.277258813381195 3.083767890930176
1.715853229165077 2191.432721838355 36.00045890361071 6.324213087558746 1.038176096975803 0.7064047306776047 68.9027192518115 7.322848334908485 3390.436206936836 2.694250404834747 52.12970259785652 0.5777179300785065 348.8212559148669 5.902934618294239 24.84049259871244 3225.743563838303 15.11012932658195 3.702299669384956 4.047533847391605 0.1093141436576843 187.4125962555408 1359.173097781837 468.216208294034 7196.135858751833 786.5850232169032 43.79310322552919 3390.078296139836 702.3606070801616 10.5180753916502 85.00032402575016 25.73742333799601 0.2669838666915894 4.349734902381897 60.47951501607895 4.344049781560898 574.4528292119503 64.30138233304024 185.327306240797 80.13672948628664 30.01394553482533 0 27.30713877826929 1.031664788722992 1.515681497752666 11.49996095150709 49.49716903269291 0.6661830395460129 0.1050121486186981 0 6.975410863757133 1.097844742238522 6.820553965866566 0.5164334774017334 0.8996727913618088 0.4542607069015503 2.931225746870041 4.271874360740185 0.1065762639045715 1011.153037637472 3.180860348045826 1.0263746753335 1.632186561822891 0.6397580504417419 147.1416624262929 161.1844565719366 205.422963745892 198.5580093488097 1.329274080693722 4.329057261347771 601.2413981184363 94.50899533927441 8.405070178210735 49.37496334314346 0.9242459163069725 0 1.066079661250114 4.846536666154861 0.1391340792179108 38.05820989608765 3.582208633422852 9.653828978538513 5.792576365172863 0.9196046888828278 0 0.2173179090023041 0.151982381939888
168.0268697813153 18.3987302929163 11423.95674319565 20.58415737748146 0 43.03349667042494 1065.929623432457 662.1505967304111 14.56900845468044 70.34993858635426 13.89373882114887 1.73857369273901 1.566829860210419 719.4644891396165 0.1992714703083038 4395.576421357691 4852.151960499585 28.57544296234846 568.3904084265232 1.089150480926037 15696.81135118008 468.216208294034 23257.64045336843 611.6031825840473 0.9820021763443947 1631.862421631813 9387.30146997422 3630.294069156051 463.8898627385497 5225.558859445155 0.3565310835838318 1.11270085722208 70.20745079219341 3757.457572832704 125.3420360460877 9510.050990082324 5326.460883781314 5781.575294971466 2646.984736092389 787.442022152245 3.104248285293579 14.89455071091652 83.09816201776266 1.305730849504471 16.80844079703093 312.880105599761 0.2943762019276619 0 0.3434005528688431 29.88583072274923 2.347777113318443 5.593719840049744 1.63396643102169 0 0.2725179493427277 0 5.541828833520412 0 2314.993454754353 16.59210906177759 0.2670313119888306 3.780798479914665 0.1386993229389191 177.2438063248992 456.4405734837055 1425.374518677592 96.24023791402578 0.34188162535429 10.99244733154774 2183.908462375402 79.81672675907612 5.455008022487164 40.07785633206367 0 0 0.9555111080408096 6.896221026778221 72.11123462766409 90.18044172227383 15.09126887470484 27.62967295944691 22.25460370630026 0.6035121083259583 1.232162237167358 0.6178880929946899 0.732768714427948
39.96027061343193 441.6626499816775 38.29604585468769 1639.208288893104 18.49749724566936 138.4366587102413 1387.798730485141 298.8346255943179 9950.771764539182 1297.428306430578 24.00920516997576 453.1586438640952 76.04756981879473 231.8493566513062 1438.757992163301 1929.50551019609 35.13110149651766 6.157061591744423 6.471568711102009 796.882188141346 873.5650345236063 7196.135858751833 611.6031825840473 13008.07404283434 150.3292103558779 48.17242868244648 2020.040040969849 9823.367035008967 553.7982752770185 431.3491592183709 8.064713701605797 14.73940993845463 69.76293994486332 195.3885632902384 16.78858742117882 1785.861368134618 66.97290486097336 595.2858195751905 297.9457525536418 557.8717731013894 5.155989795923233 14.10114757716656 11.4722810909152 42.15677156299353 19.3638047799468 29.12820487469435 557.8810316175222 0 20.65069779008627 1528.2619490996 42.8963795080781 1036.199510917068 421.2981990352273 3.350851975381374 151.3279116749763 1.253426663577557 98.49725275486708 7.809394679963589 230.7092863842845 3.128261879086494 2.582557786256075 3.131700806319714 259.218718290329 162.3546560704708 348.4225269109011 56.64030665904284 3345.69453394413 1.429606094956398 11.4089772850275 132.7891628816724 2552.734930053353 206.5038650408387 457.2594333291054 0.4032310470938683 6.161383382976055 35.21417382359505 51.1173140257597 9.682576805353165 491.4525643214583 9.58290634304285 186.5394531562924 75.35729387402534 121.4519525021315 3.284587860107422 2.606516607105732 5.431193225085735
0 1575.398776620626 0.6780068278312683 0 0 0.674163892865181 0.8261045813560486 2.761952109634876 190.7982667386532 2.177711941301823 847.5375828519464 2.296519711613655 5288.769737288356 2.653159148991108 0.4639806002378464 28.85288015007973 3.21449252218008 63.58076705783606 11.43911647796631 0.4719101190567017 5.316984556615353 786.5850232169032 0.9820021763443947 150.3292103558779 415.5196449309587 456.1913513913751 5933.437169149518 10.32391957193613 3.364032492041588 0.7101558595895767 573.6390968039632 3.629166908562183 0 909.1430519297719 0 131.722518786788 292.7383972778916 339.1352907195687 86.7568626999855 26.17352944612503 12.14206562936306 510.9855787679553 0.8639442324638367 0.08728586882352829 43.21653927862644 0.4485887587070465 0 0 0.1088090315461159 0.1002754122018814 1.059510476887226 0 0.1142270639538765 107.1060067936778 0.1542401313781738 224.1854500621557 0.6911038234829903 0 0 0.4254299104213715 48.03876515477896 29.95864703506231 0.1033862829208374 0 0.1641019433736801 0.4376721382141113 1.703978314995766 56.31831870228052 136.5272641479969 524.4066298455 0.08864255249500275 0.6048789918422699 0.579072430729866 17.19165093451738 0.1424610763788223 0 11.90157394111156 2.413321763277054 42.96241436898708 20.38070170581341 29.26074041426182 1.75639396905899 6.15148663520813 0 15.03067338466644 3.003182888031006
60.27725467830896 471.8575412109494 5021.83615077287 15.8293083012104 3.578105032444 68.32946953177452 426.1997326388955 695.3531294167042 23.30277186632156 79.3521114140749 3112.661446295679 34.80723167210817 124.8699435219169 483.2731255739927 0.7454523369669914 10.35537406057119 3925.732408098876 4999.630539610982 9043.279994733632 9.928496725857258 295.6738436222076 43.79310322552919 1631.862421631813 48.17242868244648 456.1913513913751 28607.35075552016 20264.95224989206 95.40425890684128 273.0075481310487 161.6270584836602 1476.899027831852 47.52717070281506 11.17397943884134 2031.57221211493 16.83235067129135 3775.003821268678 5282.182016514242 3772.461315833032 560.1059744656086 62.74429661035538 1.780546016991138 72.6619418412447 8.717317059636116 0.9153791218996048 745.948382742703 225.3740000501275 0 0 0.7382759228348732 19.34237734973431 7.097746215760708 8.358660064637661 0.5634165406227112 344.9723069667816 0.2896941900253296 430.0952203348279 14.81469961255789 0.104320727288723 5.059916563332081 274.4002622663975 517.4942184016109 1189.892746977508 0 1.402135655283928 13.89210107922554 14.81870087236166 11.35085576027632 238.3852455094457 1853.379385136068 5914.534051567316 6.653502203524113 8.136599346995354 7.942774794995785 94.48809771984816 2.290221557021141 0.1869454979896545 58.7743678316474 12.87188230454922 230.690976396203 132.6494783833623 270.8584391847253 48.7929995059967 4.506456278264523 0.1435420662164688 4.550305634737015 1.152077823877335
53.18604967743158 8125.984463840723 8957.631674282253 27.35666797310114 2.321461260318756 36.44205167144537 447.2791669666767 290.2380591034889 1177.231744669378 46.14079980552197 993.066820025444 27.32272963225842 3038.588003799319 331.9767843186855 10.43447067588568 6774.517589278519 9798.556532099843 839.4845616817474 2889.578447319567 7.582467652857304 582.397916585207 3390.078296139836 9387.30146997422 2020.040040969849 5933.437169149518 20264.95224989206 35273.32689704001 1399.436080299318 242.1245210766792 180.3567335829139 1841.311022765934 27.70230517536402 15.03069072961807 4028.588671676815 93.75834932923317 8753.897801749408 3935.81819050014 7649.675230570138 994.8399824276567 271.898789986968 4.440361633896828 49.63324573636055 37.53071237355471 4.365551769733429 3929.951360680163 2265.656452514231 3.675409883260727 0.1347468793392181 0.8117455989122391 66.83130387961864 10.8059630766511 31.67077254503965 2.311836786568165 342.1587026119232 1.10136141628027 579.9339692220092 27.19273842126131 1.024416409432888 1282.621156431735 458.600710503757 661.2161279022694 1477.351636394858 1.648471906781197 13.2943844422698 1883.824016712606 892.9567259028554 90.6445868909359 746.1528469845653 2928.143695220351 19374.66350784898 51.86040171980858 13.32902946323156 28.8961880505085 132.8020337000489 3.083666928112507 0.09608235210180283 115.5866952985525 59.98948554694653 528.2954868376255 213.1446800678968 516.8621345460415 119.0426979139447 10.34360878914595 2.641819417476654 6.72361546009779 6.535768091678619
101.0296746492386 37.50014739483595 308.1616024300456 2679.777862653136 1.161660552024841 701.0312328636646 16631.63722024858 571.9170743003488 1722.282062865794 4349.736944280565 22.27762495726347 592.7977404892445 11.4496851041913 569.5499213933945 98.93762017786503 1899.313551053405 110.9114808812737 13.73496852815151 22.85194893926382 1907.213545545936 8947.369356527925 702.3606070801616 3630.294069156051 9823.367035008967 10.32391957193613 95.40425890684128 1399.436080299318 27454.88310045749 1552.855348423123 12826.91538145393 0.8271879628300667 16.3984641507268 398.7181038334966 807.1367224529386 76.58061790466309 5529.179098710418 174.4351750165224 1898.030634097755 939.5155049115419 305.9815808013082 10.19144608080387 12.7201319038868 39.65395493805408 87.26838856935501 12.18873692303896 38.93220334500074 326.2924013882875 0 17.80240176618099 1599.516464561224 48.99754525721073 616.2306516617537 240.0456817820668 3.087756745517254 110.3173021003604 0.5387479513883591 177.1596270352602 2.998406141996384 254.0138848796487 7.762881241738796 2.693376667797565 5.211935378611088 154.0179705694318 206.8752046599984 208.7383327260613 60.08035492897034 3380.925729580224 0.8897512182593346 8.297103494405746 118.1996297314763 2885.27125877887 327.8752494007349 1051.012351796031 0.2350107207894325 3.417662665247917 47.78392045944929 62.27908444404602 24.13267078250647 584.5034401267767 14.59331809729338 210.1373134143651 85.42094568163157 128.55926502496 3.140061981976032 13.93480797111988 3.673712402582169
