1535.771003879607 0 163.9744974076748 7.009349703788757 7.302145279943943 82.28265872597694 3062.119432762265 1289.303487040102 1.925133883953094 32.0657110735774 2.828525602817535 3.359422966837883 0.4056116864085197 4852.991648517549 3.132949814200401 0.5310612693428993 213.6405889317393 1.142455667257309 9.490386337041855 9.741627365350723 38.04711072146893 0 313.3205984383821 53.10511646419764 0 97.31138377636671 33.47939112782478 138.6101450920105 4689.169383667409 4003.158313013613 0 8.573451951146126 237.7635340541601 349.8184781745076 2.890926033258438 64.45382808893919 15.77855385839939 164.2496122941375 41.67897434532642 16.38930968940258 17.17544042319059 0.1639827787876129 0.8045001327991486 0 0 0.8301666155457497 0 0 0 3.571950830519199 0.2785411104559898 1.877775631844997 0.09041721373796463 0 0 0.13471919298172 0.3914530873298645 0 0.1142681986093521 0.1094466894865036 0 0 0 0.55202317237854 0.1642433851957321 0.33636225014925 7.62199929356575 0 0.1291947513818741 1.472800329327583 14.2764817327261 0.8733100444078445 2.78563591837883 0 0 0 0 0.3938431143760681 4.044299833476543 0.1228511109948158 0.6786447986960411 0.7780402824282646 0.915568083524704 1.009205460548401 0 0
0 45.44664095342159 15.46189964562654 0 0.6371514573693275 0.8904340714216232 0.8543334826827049 0.07460854202508926 675.1498106569052 0 233.7929281294346 0 914.1988400891423 0.6742553487420082 1.086492277681828 54.05909229815006 15.04239491373301 15.76350247859955 2.95391858369112 0 3.593725487589836 1856.247501187027 1.418862089514732 482.6438384652138 930.8093490302563 234.9712042436004 7919.535846225917 24.51321837306023 0.4704382792115211 0.971573144197464 33.42571081221104 0.1357051879167557 0 139.6917654946446 0.4866681098937988 12.03685548901558 71.84924112260342 44.26991982012987 8.944625072181225 8.504506997764111 0 84.18234091252089 0 0 75.36889448016882 33.67259978502989 0 0 0 1.777633897960186 0.3776448965072632 15.71767497062683 0 8.291100025177002 0 21.67272840440273 0.1768162697553635 0 7.752670437097549 38.13005112111568 4.76148135215044 26.70837207883596 0 1.387099295854568 97.73975325375795 5.293418943881989 4.327467195689678 118.3509745672345 389.6877246946096 1574.580292932689 1.669332325458527 0.2201309055089951 1.781784065067768 4.346215717494488 0.115165576338768 0 11.0798501521349 0.1334665715694427 24.97951857745647 64.81761437654495 42.25439375638962 6.633144699037075 0.7551213502883911 0.2105200439691544 10.03148111701012 0
163.9744974076748 15.46189964562654 5645.796902559698 11.53330674767494 4.841229237616062 43.00624857842922 728.9447103068233 273.1981210410595 3.273956194519997 17.71402844041586 9.944635182619095 1.602821081876755 0.3191662803292274 449.7431594729424 0.8052089214324951 36.9072437286377 4226.447469741106 26.1691906452179 108.007954031229 2.290180094540119 397.6110891625285 116.0174758583307 7683.722399882972 664.1211769729853 0.3595761954784393 10797.14804723859 4122.078639321029 373.6278173401952 377.7841390371323 692.6351540312171 0.4393794536590576 4.784418389201164 16.22486867755651 951.4595618471503 12.9895643144846 826.1192417964339 2965.996187262237 1652.009304314852 569.5168044120073 27.14359752833843 7.472832553088665 3.071465224027634 2.980178959667683 2.060537695884705 40.7153075709939 225.8566698655486 0.09515112638473511 0 0.2195957228541374 8.530783779919147 1.472979865968227 1.671980082988739 0 0.4857122972607613 0 0.08251715451478958 1.222385913133621 0 16.87795060873032 46.46452771127224 0.07917306572198868 7.927903704345226 0.1404828578233719 3.767465986311436 24.17409874498844 36.37125228345394 19.06459557265043 1.896471045911312 117.6293358281255 968.8506230711937 20.12243210524321 1.409534208476543 9.643841363489628 0.2312826439738274 0 0 15.07057058811188 2.627124615013599 42.03578793257475 547.5473519340158 59.86230164766312 7.000621050596237 1.498395889997482 0 0 0
7.009349703788757 0 11.53330674767494 1167.267333127558 2.502447515726089 514.1313949152827 160.2355493158102 58.88214519619942 861.0280497744679 1918.306628279388 0.4196561053395271 287.5517165958881 0.2024773061275482 28.51705887168646 44.8588609546423 0 1.503474831581116 0.09706924110651016 0.1988058537244797 3597.054731421173 0.21795404702425 0 10.9592395350337 1325.605133384466 0 3.607229180634022 3.184692233800888 2989.34474747628 233.1327940970659 5.596901096403599 0 0.9194727391004562 48.78826542198658 112.594613455236 5.69271793961525 467.7867067456245 4.352877758443356 133.8494374081492 71.98870180547237 165.1883822083473 43.37607522308826 1.504983171820641 5.000312320888042 1.036554150283337 0 0.2727868854999542 107.919377207756 0 9.852622412145138 52.8444970920682 9.301054731011391 150.5928536504507 74.34463664144278 0 75.78310333192348 0 1.73200336098671 9.369466185569763 0.2081564143300056 0 0.1440707296133041 0 65.95157187432051 0 0.1822721809148788 1.025717109441757 320.3075288534164 0 0 0.9739248678088188 200.3943502902985 2.19610133767128 3.744350716471672 0 0.6409950256347656 0 0.6164549067616463 1.999695926904678 33.93768824636936 0.2683771848678589 8.190157853066921 1.894438460469246 127.7098068371415 0.5753106474876404 1.546385288238525 0
7.302145279943943 0.6371514573693275 4.841229237616062 2.502447515726089 39.26959538459778 533.3130849599838 20.39699663221836 419.8187041804194 48.45886962115765 19.45930496603251 81.35770680010319 60.68165990710258 18.02239555865526 145.7480141371489 631.659232199192 0.1331998854875565 12.70548494160175 17.24190906435251 18.16555193066597 29.32847423106432 1.512855336070061 0.2817544862627983 6.380887903273106 28.24976789206266 0.3999780938029289 74.04951953142881 36.97563861310482 8.559367202222347 145.5612350702286 7.530178546905518 0.6863132938742638 76.48547524213791 0.1233761310577393 1178.518587656319 4.044057175517082 206.3924239575863 37.55611084401608 779.4484709128737 143.9534638822079 716.024173617363 96.90507709980011 18.92783327400684 13.14409229159355 0 0 0 0.1086062788963318 0 0 3.5474484115839 0 0 0.2494483068585396 0.08973176032304764 0 0.2896389588713646 0.1227986663579941 0.1109371334314346 0 0.2889838889241219 0 0.113852433860302 0.2360579967498779 0 0 0 4.795955881476402 0.10537950694561 0.303280234336853 0.5428495481610298 6.154331117868423 0.136093482375145 0.2580544352531433 0.1876921504735947 0 0 0 1.420590430498123 6.671391546726227 0.4678943157196045 0.8035964965820312 0.09217993170022964 0.4590427279472351 0 0 0
82.28265872597694 0.8904340714216232 43.00624857842922 514.1313949152827 533.3130849599838 3936.380809105933 2015.903990805149 7767.073101095855 309.2631787359715 5551.312271520495 79.67898818850517 4969.18188341707 12.19262337684631 1065.871665216982 1542.436092764139 0 28.71765235811472 14.37527469545603 23.22203342616558 1017.111429728568 4.197741359472275 0.4838668406009674 59.15796237438917 548.8876867443323 0.4306433945894241 94.23897215723991 39.51178928464651 1142.336882226169 805.0034067481756 59.80547438561916 1.091677092015743 408.6264493092895 5.266256645321846 1015.556857019663 1.284053325653076 806.6871772184968 42.71510640531778 905.0332699120045 179.7731192782521 3413.524902626872 188.9278454259038 12.3020626232028 22.97413272410631 2.541719891130924 0 0.6406097486615181 30.80722882598639 0 3.445323936641216 59.47820206731558 6.554151348769665 36.83153853565454 16.82938343286514 0 19.73783099651337 0.4708897769451141 3.288274742662907 2.817247115075588 0.6798073947429657 0 0.07656551152467728 0.2109422758221626 21.50758943706751 1.023186326026917 0.4236798733472824 0.2557433545589447 118.4120206236839 0.1759166792035103 0.4350395351648331 2.215689688920975 105.258011341095 2.300651282072067 6.25037357956171 0.134322389960289 0 0 1.00341372936964 0.2647752165794373 25.25282457470894 0.5772553086280823 6.48500270396471 2.400603257119656 56.47108074277639 0.2903000563383102 0.4171019345521927 0.3074873983860016
3062.119432762265 0.8543334826827049 728.9447103068233 160.2355493158102 20.39699663221836 2015.903990805149 12168.41577512771 3165.993931993842 208.6987042278051 5948.688318222761 5.258312344551086 156.8539549261332 1.363500386476517 5693.872632838786 32.79195539653301 12.39754161983728 73.86245828866959 1.615897566080093 4.84693094342947 97.27157527208328 108.3381543457508 3.841238550841808 1192.457197032869 1459.157890163362 0.4424291476607323 122.9011028632522 185.8318571746349 14732.2810999006 2423.514442786574 4351.368187472224 0 11.2334154099226 559.4382026866078 880.6218977272511 69.05120425671339 2165.792385309935 101.4117113798857 1016.689126357436 544.9377795904875 277.8069639056921 190.3388189822435 4.942529886960983 42.15802572667599 19.56957887858152 0.2053693383932114 2.640117406845093 69.50524150580168 0.9155832231044769 16.46349854767323 429.2251150608063 32.1461423933506 134.9050842672586 47.30850242078304 2.435663692653179 39.11454675346613 0 17.85928926616907 3.694004841148853 9.507590487599373 0.7614322528243065 0.2659685686230659 0.3217554986476898 41.65723342448473 1.037877343595028 4.605654001235962 5.672137089073658 763.8378702253103 0.07837199419736862 0.7324870377779007 18.19842666387558 870.8788671568036 24.25149640440941 65.7204612120986 0 1.730138100683689 3.187703862786293 8.407620787620544 24.84470257908106 117.7691637352109 3.939365178346634 29.81653847545385 16.25864879786968 88.03255775570869 4.976244658231735 3.873305968940258 3.071747109293938
1289.303487040102 0.07460854202508926 273.1981210410595 58.88214519619942 419.8187041804194 7767.073101095855 3165.993931993842 4967.30846722424 18.69916351139545 1849.933871418238 85.55950386077166 740.3449483066797 14.64470392465591 4858.090072974563 578.797021895647 1.217144720256329 204.1769420057535 21.55706945806742 32.75435966253281 490.1838281750679 24.86126222461462 0.4570007622241974 390.7771975845098 273.4579534828663 0.6130309998989105 224.6125736758113 86.48276527225971 436.6669429242611 1519.034133017063 574.3255528062582 0.4675659090280533 448.5416029542685 8.732924610376358 1162.974540837109 2.925899185240269 207.742295846343 61.68578936159611 1338.447427682579 134.0173396393657 1271.228377990425 107.8449569568038 15.74550896137953 5.008977830410004 2.607532635331154 0.09887927025556564 0.357492670416832 8.961364440619946 0.2242280542850494 2.629027217626572 51.50576452165842 3.141947016119957 10.39767813682556 9.838050879538059 0.181412011384964 8.947314590215683 0.3442370146512985 1.648224987089634 0.4955058395862579 0.6355560347437859 0 0 0.2496751770377159 9.391329422593117 0.572185754776001 0.1143316179513931 0.8000298365950584 70.26967800408602 0 0.3055083677172661 6.339095011353493 93.47585181891918 3.299998551607132 12.82548273354769 0.1523331478238106 0 0.1383861601352692 0.8896650597453117 0.4823337346315384 15.87448292970657 0.8627156242728233 2.940970242023468 1.671634830534458 20.41314429789782 0.3154749572277069 1.293130248785019 0
1.925133883953094 675.1498106569052 3.273956194519997 861.0280497744679 48.45886962115765 309.2631787359715 208.6987042278051 18.69916351139545 1020.181991539896 104.554727345705 16.08934670686722 310.8539639189839 41.65167219936848 11.08029003441334 895.1517964303493 82.76679456979036 1.27184984087944 2.329197809100151 0.8158887252211571 586.4427315965295 25.05372770130634 2145.287791162729 9.885586820542812 10258.09029034525 74.83231722563505 23.69291449338198 1449.68395575881 1265.551189653575 12.44710671901703 57.41818948835135 2.751764230430126 2.119473993778229 1.423948109149933 13.68073110282421 0.758758008480072 188.3827849775553 13.3002637848258 13.47299130260944 4.282274402678013 703.2005506083369 1.450405091047287 1.825696371495724 0.157143697142601 20.97660821676254 1.386562690138817 0.3804657086730003 144.8233956322074 0.1904945075511932 14.2380074635148 197.4451711848378 11.50492697954178 273.5172592997551 66.5244622901082 0.4166637510061264 93.17632665485144 1.080306135118008 9.228049203753471 23.49329233169556 262.1213534250855 0.5976089239120483 0.4666789099574089 0.387371726334095 84.5095000192523 156.7790762484074 35.14740996062756 65.63439367711544 1836.744337253273 0.4979150593280792 4.103838816285133 14.11414812505245 910.2496800646186 27.56311831623316 121.1902289092541 0.4534045904874802 1.182003393769264 2.719733610749245 6.704731203615665 1.57786425948143 99.87924457341433 4.142209567129612 24.57394708693027 7.844179727137089 256.5845206454396 2.009575620293617 0.4301105812191963 0.7743872702121735
32.0657110735774 0 17.71402844041586 1918.306628279388 19.45930496603251 5551.312271520495 5948.688318222761 1849.933871418238 104.554727345705 24138.29197422415 3.731377877295017 4376.429186448455 0.6328364536166191 771.9294900968671 39.82453161478043 0.3868446499109268 4.079700820147991 1.013739936053753 1.21922317892313 5970.911628425121 1.500149585306644 0.1546636968851089 28.39283312112093 306.6685354039073 0.07160939276218414 8.312836997210979 4.834019020199776 3458.734743312001 701.4505358710885 16.52912390977144 0 15.68347190320492 48.2775692269206 411.0593591332436 8.684629745781422 689.3936346173286 13.42405001819134 461.2129197716713 109.4569855928421 261.2004871591926 126.5200498700142 1.667719423770905 20.24216381460428 0.8398342728614807 0 0 36.07595402747393 0 4.08146408945322 31.97809260338545 4.912729561328888 32.97464217990637 26.00816635787487 0.5300280451774597 41.62033725529909 0 2.082370229065418 2.749952480196953 0.3389540463685989 0 0 0 24.30793146789074 0 0 0.5085306167602539 121.5380006358027 0 0.09144638478755951 0.4287085086107254 88.94096668809652 0.673881396651268 1.765821702778339 0 0 0 0.09573043137788773 3.0526172965765 21.44097780436277 0.1090365722775459 3.446857802569866 0.5278403088450432 48.35134963691235 0.6794814169406891 0 0
2.828525602817535 233.7929281294346 9.944635182619095 0.4196561053395271 81.35770680010319 79.67898818850517 5.258312344551086 85.55950386077166 16.08934670686722 3.731377877295017 9221.496469072998 5.387100704014301 3991.803467430174 57.04486978799105 0.3550256937742233 1.436958506703377 601.4690155908465 3907.626492731273 2155.663560070097 4.739612340927124 5.199817575514317 64.03479330986738 13.20513590425253 16.0077837780118 1447.832897402346 6620.420754209161 1203.16256596148 1.437905333936214 89.07485558092594 3.610568262636662 789.9981813430786 72.652015209198 1.305656544864178 4390.635541945696 2.352202147245407 317.0654037222266 4657.930151537061 2000.915743306279 348.8873782083392 27.2857408747077 114.0146400183439 1023.892400726676 11.39448340982199 0.1720021888613701 44.76622988283634 0.5186032503843307 0.3999810814857483 0.343048095703125 0.5801855623722076 0.2383275032043457 2.827937558293343 0.8096881061792374 0 366.8507287427783 0.08857963979244232 970.5135952457786 1.873000174760818 0 0 0.5741901770234108 16.43524891138077 3.925841957330704 0 0 5.231818713247776 0.245301216840744 2.2996691390872 99.24277525395155 140.6607444360852 147.5754571929574 1.691415838897228 1.125168584287167 0.1101614385843277 86.0740394666791 1.123546093702316 0 49.68482730537653 2.213486567139626 8.311860539019108 542.1826642528176 126.7673953101039 3.160347610712051 0.09946928918361664 1.059632666409016 422.2079120501876 0
3.359422966837883 0 1.602821081876755 287.5517165958881 60.68165990710258 4969.18188341707 156.8539549261332 740.3449483066797 310.8539639189839 4376.429186448455 5.387100704014301 7229.160130828619 1.424407817423344 340.5639436170459 761.8390575274825 0 0.9579257443547249 1.650759249925613 1.273244678974152 3320.598375707865 0.3742711842060089 1.224468022584915 2.268947251141071 259.797249391675 0.1566577702760696 6.702799141407013 3.529565878212452 181.0557052269578 402.8352345600724 4.487481065094471 0 27.86504679173231 4.19663080573082 281.4361287727952 2.240037128329277 847.0997676700354 14.34648725390434 358.8043660223484 40.20263956487179 1178.63965985924 82.77932237833738 0.7685800939798355 11.53775519132614 0.1724705845117569 0 0 52.35420199483633 0.1117879077792168 2.582309521734715 17.5401246920228 1.433984652161598 113.0348064750433 34.3425203114748 0 37.68419273197651 0.07231089472770691 0.1616492867469788 9.072070553898811 0.1211342290043831 0 0 0 31.46794576942921 0 0 0 124.0404319390655 0 0.1635613739490509 0.2499945759773254 56.78831172734499 0.1852219700813293 1.158392891287804 0 0.2464456558227539 0.4135828614234924 0 1.105707764625549 29.54890659451485 0 1.633123360574245 0 130.8357741162181 0.5964156240224838 1.370926022529602 0.1365670263767242
0.4056116864085197 914.1988400891423 0.3191662803292274 0.2024773061275482 18.02239555865526 12.19262337684631 1.363500386476517 14.64470392465591 41.65167219936848 0.6328364536166191 3991.803467430174 1.424407817423344 3215.993761569262 6.874152332544327 0 0.8434612154960632 3.059851422905922 120.973010353744 12.42803616821766 0.5686338692903519 0.2192509695887566 194.4966211766005 1.759649768471718 30.95779478549957 4399.638809628785 1139.776347637177 4747.175741761923 1.955915443599224 12.97776865214109 0.2515827864408493 1025.295806027949 7.661331683397293 0 866.6004237756133 0.2174967974424362 47.86265683919191 1217.228573367 1139.057510428131 84.17214366048574 4.512463785707951 24.24761515110731 395.194358356297 0.5944418236613274 0.1056340709328651 78.35891186445951 0.1229951083660126 0 0.1415568590164185 0.1275127232074738 0.1097403988242149 2.57866133749485 1.26686368137598 0 332.4653563275933 0 959.8784484639764 0.5126553773880005 0 0.1664807051420212 1.322239652276039 18.09493287652731 4.097793757915497 0 0.09854751825332642 6.832522787153721 0.1899292320013046 0.9829025715589523 140.6378634423018 200.8908368051052 262.2050742059946 0.2414109855890274 0.5777640417218208 0.6841291710734367 83.50533783435822 1.178415931761265 0 39.27496753633022 1.178204461932182 2.740157894790173 443.4918551743031 94.03872885555029 1.889433152973652 0.1093629747629166 0.6997340172529221 427.266055777669 0
4852.991648517549 0.6742553487420082 449.7431594729424 28.51705887168646 145.7480141371489 1065.871665216982 5693.872632838786 4858.090072974563 11.08029003441334 771.9294900968671 57.04486978799105 340.5639436170459 6.874152332544327 5926.088127478957 69.5254660397768 0.9121105968952179 466.7483474984765 13.5431906953454 40.79962310940027 398.5715821906924 62.12240443378687 1.02621141076088 665.9062732905149 256.1969284564257 0.9215082749724388 329.2427462786436 117.6331344842911 388.7657024562359 4731.486347518861 2115.041179910302 0.1133540198206902 338.9414773285389 29.01591072231531 1289.883554600179 3.821798264980316 172.2958206832409 59.04631012678146 721.2281072959304 84.28409130871296 237.2046785354614 32.83863155543804 3.510106846690178 4.736711971461773 1.436049044132233 0.1005067452788353 1.445251032710075 2.424302503466606 0.3814816772937775 2.028783485293388 41.12055648118258 1.085144355893135 9.211433626711369 5.112695500254631 0 3.323250561952591 0.1751834228634834 0.9214992821216583 0 1.363878257572651 0.1078532263636589 0 0 3.537796027958393 0.4727475643157959 1.17059451341629 0.7495253011584282 57.19945875555277 0.1129065528512001 0.7545224502682686 5.588677026331425 75.82737262547016 4.102652363479137 10.58067092299461 0 0 0 1.325065240263939 0.5059408098459244 13.43325190991163 1.495020128786564 3.730920791625977 1.846958622336388 6.740151949226856 0.1225413084030151 0 0
3.132949814200401 1.086492277681828 0.8052089214324951 44.8588609546423 631.659232199192 1542.436092764139 32.79195539653301 578.797021895647 895.1517964303493 39.82453161478043 0.3550256937742233 761.8390575274825 0 69.5254660397768 308.8651253283024 0.9797087907791138 0.4632007107138634 0 0.2396822795271873 107.1931788548827 0.09973111003637314 7.01247675716877 1.163232661783695 799.724079079926 0.1144192144274712 1.686557285487652 2.952103018760681 41.43027428537607 30.35314790904522 4.344775088131428 0 176.2402519881725 0 38.42426236718893 0 76.77312929928303 0.3576476573944092 29.99003137648106 3.886605322360992 980.8809280693531 74.35611075162888 0 0.4972867369651794 0 0 0 3.652972146868706 0 0.1751534044742584 5.856987178325653 0 11.9955166131258 4.667840600013733 0 4.131432503461838 0 0 0.4065102338790894 0 0 0 0 2.342365399003029 0 0.3181237429380417 0 13.12865437567234 0 0 0 6.388887919485569 0.1136578395962715 0 0 0 0 0 0 2.677480578422546 0.1608926802873611 0.5713769197463989 0 9.413331121206284 0 0 0
0.5310612693428993 54.05909229815006 36.9072437286377 0 0.1331998854875565 0 12.39754161983728 1.217144720256329 82.76679456979036 0.3868446499109268 1.436958506703377 0 0.8434612154960632 0.9121105968952179 0.9797087907791138 3451.541787341237 107.944952249527 2.598895721137524 14.20710702985525 0.113659493625164 2118.656966485083 2484.66593451798 4299.947997666895 2222.356069996953 2.475641399621964 36.41314285993576 4593.005972720683 1142.974929407239 3.87094484269619 30.09854316711426 0.1275208741426468 0.3937044516205788 1.309391126036644 177.7255356162786 46.39612773060799 1276.480946980417 1148.219679549336 680.0384500548244 730.2066229507327 50.28160821646452 2.111511744558811 5.353923209011555 4.705826513469219 2.089952886104584 6.425400659441948 24.1665330529213 0 0 0.09903236478567123 21.23874401301146 0.1975880712270737 2.500762522220612 0.5503833889961243 0.3633524775505066 0 0 1.618994630873203 0 1747.084803618491 1.239529319107533 0.2090302854776382 0.2034092247486115 0 302.4726753756404 913.2200983390212 854.2605961039662 159.5688533484936 0 0.5532040670514107 749.386408559978 166.0332754477859 3.033164829015732 26.32894865423441 0 0.1130881533026695 0 2.214987464249134 8.80226819217205 585.5232739299536 54.21774572134018 11.98292426019907 12.22507210820913 2.479519203305244 0 6.120481565594673 0.2890006601810455
213.6405889317393 15.04239491373301 4226.447469741106 1.503474831581116 12.70548494160175 28.71765235811472 73.86245828866959 204.1769420057535 1.27184984087944 4.079700820147991 601.4690155908465 0.9579257443547249 3.059851422905922 466.7483474984765 0.4632007107138634 107.944952249527 1544.017850659788 179.618342295289 4956.607355616987 1.903651796281338 758.0622288286686 14.87663378566504 5872.271517179906 29.74905309081078 1.192374408245087 3112.587820112705 6276.37620960176 53.68405944854021 1148.517994739115 1721.8329782933 0.08227444440126419 9.55708185583353 74.44771171361208 2785.767438769341 7.66226302087307 331.4588847011328 2741.689316153526 1639.691774584353 418.8259975239635 9.108018271625042 5.764969103038311 15.20531411468983 1.446972526609898 0.2393123507499695 6.972894191741943 48.12810270488262 0 0 0 1.345609091222286 0.1790473163127899 0.2640998214483261 0 0.4432448074221611 0.6729003190994263 0.5598137304186821 0.1200235635042191 0 2.980244427919388 21.75095703452826 0.5719975903630257 5.09841800481081 0 0.5626111924648285 4.31013061106205 3.220693349838257 2.158828102052212 0.9572593793272972 73.91375714540482 220.6550447270274 3.470717385411263 0.3396039083600044 2.582667797803879 0.09457629173994064 0 0 5.753409832715988 1.468257680535316 13.42710233479738 130.5666005834937 19.62609716504812 1.816385067999363 0.9734138697385788 0 0 0
1.142455667257309 15.76350247859955 26.1691906452179 0.09706924110651016 17.24190906435251 14.37527469545603 1.615897566080093 21.55706945806742 2.329197809100151 1.013739936053753 3907.626492731273 1.650759249925613 120.973010353744 13.5431906953454 0 2.598895721137524 179.618342295289 620.4729316756129 1796.519570484757 1.091647252440453 3.074310511350632 6.815869316458702 7.166480734944344 2.636800482869148 81.20441437512636 5022.349934309721 953.635850712657 0.8060207068920135 20.83682986348867 3.229551956057549 85.69929455965757 10.70595827698708 0.5263481959700584 1020.062157712877 5.260480456054211 463.3299122899771 1089.438841052353 960.9810351133347 329.5949496179819 10.45534142106771 14.46227055042982 43.61650104820728 1.943148203194141 0 9.501916341483593 0.8127656430006027 0.3046270310878754 0 0.2036607563495636 0 0.1768280565738678 0 0 49.05729445070028 0.07482050359249115 153.4163235500455 0.6305162161588669 0 0 0.1917030736804008 11.9015264287591 3.060456275939941 0 0 1.789827533066273 0.24660973995924 0.1179643049836159 27.51058278977871 103.2650925964117 138.4281770214438 0.2654123902320862 0.3084384799003601 0.1321809887886047 35.22152455896139 0 0 4.586664848029613 2.8426219150424 7.036673627793789 11.83773175626993 11.68988111615181 1.151195876300335 0.1183464005589485 0.3462777733802795 2.387529104948044 0
9.490386337041855 2.95391858369112 108.007954031229 0.1988058537244797 18.16555193066597 23.22203342616558 4.84693094342947 32.75435966253281 0.8158887252211571 1.21922317892313 2155.663560070097 1.273244678974152 12.42803616821766 40.79962310940027 0.2396822795271873 14.20710702985525 4956.607355616987 1796.519570484757 2883.404317051172 1.36828675866127 45.41510999202728 2.253950282931328 77.94782391190529 1.936823971569538 6.553353309631348 9116.693117819726 810.4374973103404 2.139211162924767 102.343580506742 45.27490250766277 3.282178491353989 18.5548637881875 9.693747878074646 1390.584090389311 4.083235085010529 524.2344913184643 1535.636894114316 933.7877635359764 322.5391879230738 12.55232384800911 9.134192161262035 29.44314217567444 2.46541653573513 0.2552658393979073 2.756620690226555 1.880440451204777 0 0.1317684501409531 0 0.09447219222784042 0.09004358202219009 0.146147221326828 0 6.327317029237747 0 9.552615813910961 0 0 0.1151332259178162 2.256612621247768 2.588291868567467 4.767450988292694 0 0.09140971302986145 0.2313756942749023 0.5804107785224915 0.0784967765212059 16.12937728315592 77.6315034031868 96.98559212684631 0.5313882231712341 0 0.3132384866476059 3.375769399106503 0 0 2.226871222257614 1.895565569400787 5.800228036940098 20.26503053307533 5.766227558255196 0.5370293185114861 0 0.2333075776696205 0 0
9.741627365350723 0 2.290180094540119 3597.054731421173 29.32847423106432 1017.111429728568 97.27157527208328 490.1838281750679 586.4427315965295 5970.911628425121 4.739612340927124 3320.598375707865 0.5686338692903519 398.5715821906924 107.1931788548827 0.113659493625164 1.903651796281338 1.091647252440453 1.36828675866127 1268.000653110445 0.4536388963460922 0 3.741958044469357 683.8755218237638 0 6.991424776613712 3.373993813991547 2058.262426748872 659.7102641314268 5.187081784009933 0 23.01253470778465 34.20366581529379 473.4843896329403 7.933752864599228 1086.444743052125 15.17218329012394 594.3090581819415 134.3835227936506 587.0308236181736 208.8133958280087 1.871061809360981 22.29897759854794 0.865327425301075 0.1174363642930984 0 92.26802553236485 0.3962863832712173 10.31484536826611 59.79047071933746 9.740382209420204 109.9042516425252 57.35939444601536 0 195.694105617702 0 2.118331886827946 10.91934867948294 0.1020210683345795 0 0 0 60.55556546151638 0.5061209201812744 0.1828431710600853 0.08863355219364166 300.2545632496476 0.0827568992972374 0.2098754420876503 0.08696746081113815 194.6449396014214 1.730810850858688 1.70428205281496 0 0.1032846793532372 0.2629311978816986 0.6633281782269478 5.778241664171219 37.04067862778902 0.1177886873483658 6.062826186418533 0.8416424691677094 160.0442184284329 2.801763102412224 0.2017432898283005 0
38.04711072146893 3.593725487589836 397.6110891625285 0.21795404702425 1.512855336070061 4.197741359472275 108.3381543457508 24.86126222461462 25.05372770130634 1.500149585306644 5.199817575514317 0.3742711842060089 0.2192509695887566 62.12240443378687 0.09973111003637314 2118.656966485083 758.0622288286686 3.074310511350632 45.41510999202728 0.4536388963460922 11864.45196598768 194.8415556550026 10006.86994280666 854.7782322913408 0 53.8508678227663 428.1664613708854 2459.201098307967 244.0477531179786 9412.939056172967 0.1018873453140259 1.357135787606239 32.75260502845049 3001.941379897296 239.958942219615 4145.109291896224 1589.395158708096 3939.572997555137 2976.093651413918 91.02654495835304 12.81010837852955 8.182822503149509 23.69521652162075 1.95189793407917 0.5956054180860519 2.033451616764069 0 0 0.8070344179868698 11.35394433140755 0.3614497184753418 4.810063041746616 0.1367473155260086 1.301444530487061 1.600462079048157 0 0.7470250427722931 0 374.9190130978823 0.442841961979866 0.2198222652077675 0.1378668248653412 0 254.7171168252826 181.1153359115124 128.7170957699418 167.2393401935697 0 0.7459361106157303 19.22418742626905 194.0238803699613 4.043242111802101 66.22999238967896 0.2255013883113861 0 2.582009255886078 1.038990765810013 27.95833452045918 298.1417624652386 3.013920806348324 3.428843632340431 7.936428599059582 13.06497085094452 0.6042758226394653 6.934737473726273 3.67082554101944
0 1856.247501187027 116.0174758583307 0 0.2817544862627983 0.4838668406009674 3.841238550841808 0.4570007622241974 2145.287791162729 0.1546636968851089 64.03479330986738 1.224468022584915 194.4966211766005 1.02621141076088 7.01247675716877 2484.66593451798 14.87663378566504 6.815869316458702 2.253950282931328 0 194.8415556550026 1657.181023709476 288.5719228237867 5637.774858087301 487.1067425757647 117.558253981173 4959.08218742162 284.0229820758104 0.9993371292948723 4.344152048230171 11.43396050482988 0 0.5122608542442322 31.8769344240427 0.6912111639976501 31.8581510335207 38.92081040889025 36.98318912088871 15.2817288339138 33.14492069929838 0.309412807226181 17.67085175961256 0 0.6526409685611725 25.65552680194378 60.48624609410763 0 0 0 12.13743159919977 0.3680883422493935 33.30552496016026 0 2.176351808011532 0 3.570587478578091 0.4725941270589828 0 842.0717696622014 5.25927497446537 0.3303580954670906 0.8815451934933662 0 87.59504613280296 276.0151416882873 330.8304158747196 70.37803206592798 3.250110551714897 19.77836264669895 1000.033940069377 65.29920414835215 0.1001560315489769 8.179533772170544 1.042181998491287 0 0.3091079294681549 3.453177578747272 0 30.13155100494623 33.65647829324007 14.26513478159904 8.930811129510403 0 0 1.757945530116558 0
313.3205984383821 1.418862089514732 7683.722399882972 10.9592395350337 6.380887903273106 59.15796237438917 1192.457197032869 390.7771975845098 9.885586820542812 28.39283312112093 13.20513590425253 2.268947251141071 1.759649768471718 665.9062732905149 1.163232661783695 4299.947997666895 5872.271517179906 7.166480734944344 77.94782391190529 3.741958044469357 10006.86994280666 288.5719228237867 15992.83200793713 767.1754419803619 0 1121.078770555556 9147.787488274276 2391.358148671687 466.2985444739461 6178.605703130364 0.122575506567955 3.228861667215824 36.16322351247072 3910.095906466246 153.4110731855035 5024.620179444551 6656.617274582386 7639.392228573561 5635.687829263508 376.1703355386853 32.5261432081461 7.708817727863789 24.06334116309881 2.053379908204079 6.38989020138979 112.1046696081758 0 0.1011433675885201 0.5052099749445915 32.5247388035059 1.478918761014938 3.376461185514927 0.4697683304548264 0.1210770085453987 0.1540417522192001 0.1645106226205826 1.316048264503479 0 920.4880273044109 2.688400343060493 0 0.1120406612753868 0.1019107028841972 67.26982248574495 364.2973000258207 513.3174473196268 78.91194315254688 0.09904289245605469 3.642545327544212 980.7960143387318 111.3161645904183 3.234123356640339 33.59391658753157 0 0 0.1321313083171844 5.556469336152077 38.5591571778059 390.784678645432 167.6915114298463 25.08782988041639 18.49904493242502 4.372414372861385 0.4451840221881866 3.438255965709686 1.519510686397552
53.10511646419764 482.6438384652138 664.1211769729853 1325.605133384466 28.24976789206266 548.8876867443323 1459.157890163362 273.4579534828663 10258.09029034525 306.6685354039073 16.0077837780118 259.797249391675 30.95779478549957 256.1969284564257 799.724079079926 2222.356069996953 29.74905309081078 2.636800482869148 1.936823971569538 683.8755218237638 854.7782322913408 5637.774858087301 767.1754419803619 10437.58321687579 59.83100432902575 92.75602769851685 2993.567573696375 9831.663323789835 862.9147201552987 504.508022300899 2.07978168874979 12.5605471432209 268.2148404493928 665.5480922684073 89.04432906955481 3432.331980958581 418.0159159302711 989.6721851527691 527.5615068972111 1790.358562074602 173.4519268646836 10.62463442236185 38.48787117749453 71.77514234930277 3.963279508054256 13.75240229815245 370.038265965879 3.025314182043076 48.17427675426006 874.3197089955211 53.19427078962326 1177.441258594394 230.4270331338048 1.348584435880184 168.981396406889 0.8255526274442673 42.22343731671572 29.61709232628345 392.598293825984 3.620367407798767 0.7469702214002609 1.012606635689735 217.100138373673 392.0539586022496 288.2226477339864 111.8557499796152 3691.350604973733 0.297619141638279 6.628565691411495 77.80956525355577 3225.918558456004 96.67409796267748 549.3717236891389 0.08845667541027069 2.808573491871357 10.14028438180685 32.05126190930605 18.77590488642454 505.3964284360409 18.10453559458256 108.6380815431476 25.82299484312534 424.9766032323241 10.36295684427023 5.284986168146133 1.610511317849159
0 930.8093490302563 0.3595761954784393 0 0.3999780938029289 0.4306433945894241 0.4424291476607323 0.6130309998989105 74.83231722563505 0.07160939276218414 1447.832897402346 0.1566577702760696 4399.638809628785 0.9215082749724388 0.1144192144274712 2.475641399621964 1.192374408245087 81.20441437512636 6.553353309631348 0 0 487.1067425757647 0 59.83100432902575 435.6360819265246 821.9295212030411 5476.388021938503 3.396693363785744 0.7846424654126167 0 310.2853167355061 0.2446246743202209 0 738.772470086813 0.1231403276324272 16.09368141740561 135.8619419634342 173.1526559367776 13.99534219503403 0.9266858249902725 2.341765008866787 375.1000452637672 0 0 95.12606877088547 0.4027090072631836 0 0.1669340580701828 0.4099327623844147 0.2162224352359772 0.8899414911866188 2.355296462774277 0 197.6589473709464 0 1143.537790060043 0.4435736238956451 0 0.9787660092115402 1.766845740377903 26.13909806311131 7.560885280370712 0 0.4002383351325989 12.18261785060167 0.2494917362928391 2.508413851261139 205.14289598912 412.376264102757 855.0581519454718 0.08149273693561554 0.4896563142538071 0 166.8907705768943 0.2366953194141388 0 17.0804241746664 0 2.88657296448946 107.8545011281967 37.32658535242081 1.831509940326214 0 1.568894386291504 134.8255276829004 0
97.31138377636671 234.9712042436004 10797.14804723859 3.607229180634022 74.04951953142881 94.23897215723991 122.9011028632522 224.6125736758113 23.69291449338198 8.312836997210979 6620.420754209161 6.702799141407013 1139.776347637177 329.2427462786436 1.686557285487652 36.41314285993576 3112.587820112705 5022.349934309721 9116.693117819726 6.991424776613712 53.8508678227663 117.558253981173 1121.078770555556 92.75602769851685 821.9295212030411 19859.9941406399 13843.57411202788 45.94170260429382 511.2588524520397 254.5449396967888 389.1241560429335 67.15484456717968 15.99981366842985 4978.044321358204 34.54754138737917 2491.897922128439 7214.014792442322 6130.615110807121 1626.217165604234 62.28775262832642 38.49004999548197 235.2774029970169 8.754738442599773 1.651762410998344 156.1502097100019 26.30878508090973 0.08774663507938385 0.2226383984088898 0.4786494970321655 6.006214745342731 3.582925461232662 3.311080932617188 0.09078381210565567 354.9372564703226 0.07810036838054657 1125.051676720381 4.012491151690483 0 1.082840003073215 93.70565888285637 93.90438307076693 120.072428829968 0.926911324262619 1.925545364618301 21.02362842857838 8.694475404918194 5.20930777490139 416.6140019074082 1593.497592441738 2469.817724727094 2.298538394272327 4.286268152296543 10.96025440841913 250.8212821111083 1.240693725645542 0.4761871099472046 57.83514326810837 11.74309795349836 59.03316348791122 337.1399390995502 177.6255113855004 25.04644022136927 1.249380044639111 1.803660206496716 24.40867371112108 0.3146332055330276
33.47939112782478 7919.535846225917 4122.078639321029 3.184692233800888 36.97563861310482 39.51178928464651 185.8318571746349 86.48276527225971 1449.68395575881 4.834019020199776 1203.16256596148 3.529565878212452 4747.175741761923 117.6331344842911 2.952103018760681 4593.005972720683 6276.37620960176 953.635850712657 810.4374973103404 3.373993813991547 428.1664613708854 4959.08218742162 9147.787488274276 2993.567573696375 5476.388021938503 13843.57411202788 24667.3206294477 953.5680676624179 161.3556819036603 176.160877674818 1048.932528153062 28.46780837327242 11.61069482564926 4107.596434921026 83.09177432209253 3871.578290626407 6972.871704898775 7800.293239749968 3247.894916638732 215.0806764438748 26.76272625476122 115.6230494081974 17.91509981453419 11.70240070670843 1608.001785390079 1291.28463076055 0.2380000278353691 0.8611522242426872 1.428740486502647 75.427644520998 11.04887373745441 63.11608634889126 1.305082209408283 355.5230764001608 0.484501376748085 1046.402549237013 12.11740791797638 0.1229590773582458 783.750863827765 532.385170981288 147.0229689180851 353.9301999285817 0 28.51551286131144 1060.666811324656 625.4088619574904 71.36801686882973 924.4682579562068 4708.403605401516 14023.49849989265 87.76800385117531 9.344278760254383 49.18803859502077 294.3421658352017 1.172523997724056 0.6209912449121475 178.9476506710052 38.4155652448535 408.4466467872262 2298.390552632511 664.0113540887833 127.0154171660542 10.71265929192305 2.580071344971657 24.98926152288914 0.8298944979906082
138.6101450920105 24.51321837306023 373.6278173401952 2989.34474747628 8.559367202222347 1142.336882226169 14732.2810999006 436.6669429242611 1265.551189653575 3458.734743312001 1.437905333936214 181.0557052269578 1.955915443599224 388.7657024562359 41.43027428537607 1142.974929407239 53.68405944854021 0.8060207068920135 2.139211162924767 2058.262426748872 2459.201098307967 284.0229820758104 2391.358148671687 9831.663323789835 3.396693363785744 45.94170260429382 953.5680676624179 22970.08917342126 941.0150420069695 10783.69409348816 0.09170886129140854 5.461129531264305 298.6987761184573 882.900241561234 127.9894031435251 3699.605693913996 790.8690109476447 1311.259159632027 734.2426301538944 279.9593220949173 110.7718777135015 6.994124293327332 39.13581945747137 69.17335250228643 1.603605799376965 14.07466088235378 125.0906361117959 2.108233064413071 24.57091221958399 688.6411415040493 36.72105193883181 451.572382837534 87.00757004320621 0.2835922986268997 63.3888181000948 0 40.69590501487255 9.323510453104973 252.1989290565252 4.30167929828167 0.5747390240430832 1.141610890626907 70.14873117953539 347.5108709335327 116.5509992092848 69.02809133380651 2346.025267831981 0 4.483533754944801 28.47116456180811 2459.289591357112 111.2318104654551 648.2144232541323 0 2.387044362723827 11.50489068031311 20.25484973192215 23.9413954615593 437.0724763423204 11.21465517580509 68.84204568713903 27.74817877262831 218.22430703789 6.174216978251934 9.172245815396309 1.628124676644802
