469.5045490935445 0.1979461684823036 33.18635229021311 4.464900478720665 0 7.807192593812943 1719.994470700622 668.3273424059153 12.5996452793479 49.32248793542385 3.209431491792202 3.521563433110714 0.3197084218263626 3415.87751045078 0.3277861326932907 0.811319038271904 46.28688699007034 1.385134428739548 5.430156610906124 6.115045495331287 5.712323822081089 2.942094266414642 23.0518072322011 56.45962570980191 0 12.62513282895088 9.805280193686485 42.23321376740932 866.318256482482 2529.728500105441 0 2.397300697863102 5.678223051130772 33.38582960516214 1.015023000538349 32.48354049026966 4.544845975935459 45.47046970948577 11.42284615337849 3.37348597496748 0.9499435499310493 0.133605107665062 1.04304488748312 0.4116146825253963 0 0.07348939031362534 0.4920229315757751 0 0.3867888227105141 2.562801942229271 0.7749120257794857 0.3995851427316666 0.1309930197894573 0 0 0 1.331489622592926 0 1.268494285643101 0 0 0 0.7098564431071281 1.412075839936733 0.1504833772778511 0.4377458095550537 3.862179581075907 0 0 0.3829476311802864 4.804254002869129 1.045861519873142 2.458345513790846 0 0 0 0.3596836775541306 0.464869499206543 1.042160026729107 0 0.4767500162124634 0.2441382855176926 0.9641439169645309 0.1914650946855545 0 0.09580602496862411
0.1979461684823036 526.063510261476 308.3298956751823 0 0 0.08942002058029175 10.91889338195324 0.6969613060355186 214.0623047575355 0 109.0852481946349 1.881782867014408 490.1958618909121 0.5674149468541145 3.022317975759506 222.7917218953371 356.5499637126923 3.685919903218746 37.27011037617922 0 21.45393472909927 1518.071561641991 68.56385046988726 453.8972231894732 739.9163286685944 722.326171040535 7665.032951302826 19.74448887258768 2.754979409277439 11.35725690424442 24.38222190737724 0 0.5245117321610451 52.11535985022783 0 177.0604515522718 101.5108500644565 146.3346244990826 22.91072934120893 12.73690662533045 0.3280600011348724 24.10452273488045 0 0 100.6105140149593 340.7467879205942 0.1176145747303963 0 0 4.786322720348835 0 1.705922000110149 0 0.6890047267079353 0.106078565120697 5.005143158137798 0.07516486942768097 0 2.318381682038307 15.56983701884747 2.554682344198227 27.84107004851103 0 0.6208110973238945 10.25115302205086 18.70921049267054 0.8084405660629272 12.03705246001482 106.0503420904279 1057.919137224555 1.05684258043766 0.08349130302667618 0.2721218913793564 1.820825353264809 0 0 0.7298672944307327 0 10.48012465983629 5.894043043255806 8.01174309104681 2.021788239479065 0.4709420278668404 0 0 0
33.18635229021311 308.3298956751823 2506.574012227356 2.91515676677227 0 13.62701522558928 804.081811003387 222.7465412728488 5.235210329294205 16.35410198569298 17.54421595484018 0.5944209843873978 4.001707904040813 155.6164130158722 0.6814721971750259 4.975338324904442 3177.573933154345 30.70540031790733 180.3748394027352 0.8268290460109711 663.5754772722721 117.0415815338492 5598.329162381589 11.66991504281759 0.4764931201934814 5625.481365263462 4000.913019858301 201.8117726519704 75.11226238682866 1189.345552735031 0.9621875584125519 1.634881988167763 5.03700902312994 438.8303589448333 13.73968818038702 1085.011526480317 2439.857022590935 1268.563957214355 217.5416423901916 67.74223402887583 7.084363549947739 8.783061355352402 8.052429594099522 0.4598390460014343 132.8702973052859 453.6627188101411 0 0 0.08898456394672394 11.84793491661549 0.7473141551017761 0.1452950686216354 0.1552316397428513 0.3908520564436913 0 0 0.8403524160385132 0 5.743387661874294 0.7742339596152306 0.09777985513210297 0.5634036883711815 0.0985235795378685 2.271978832781315 17.99485300481319 101.5900567173958 1.143774807453156 0 26.93108813464642 845.3872385248542 1.363094426691532 0.1723350882530212 2.345247663557529 0.139472484588623 0 0 1.20999439060688 8.626745276153088 10.57885718345642 2.985917314887047 3.136429980397224 1.496181093156338 0.1034475341439247 0.5825895220041275 0 0
4.464900478720665 0 2.91515676677227 1782.279175132513 0.6281567886471748 85.68398384004831 338.2949844785035 69.13478146120906 1312.663002066314 5470.892217639834 1.563027068972588 641.9610743001103 0.1378266140818596 60.83567284047604 12.13096583634615 0.1708253771066666 0.8728013560175896 0.4296367466449738 0.607139378786087 3303.071587253362 0.9202862791717052 0.08586002141237259 1.10698227584362 1840.810949407518 0.08940446376800537 1.020300216972828 0.9947235211730003 1809.707704730332 125.6482239291072 34.3614232391119 0 2.604110158979893 8.523456275463104 18.87551059573889 6.109137423336506 381.0646997243166 3.257011793553829 54.07827983051538 20.25314049422741 91.85125820338726 16.37710165977478 0.1820372194051743 5.602725386619568 2.385827079415321 0 0.5863123163580894 79.85631170868874 0.4741627424955368 15.09154208749533 118.9641220122576 36.98555122315884 204.4434590563178 150.3623633533716 0.7073344215750694 106.7379594743252 0 8.75478845089674 15.05403554439545 1.64043140411377 0 0 0.1586733311414719 97.60865464806557 1.663363084197044 1.216317795217037 0.1007264479994774 303.9462075531483 0 0 0.9524774476885796 104.1998153403401 4.279984824359417 3.483499176800251 0 0.4299048036336899 0.1821932345628738 2.434901773929596 0.1503567844629288 26.10647206753492 0.3308358490467072 10.48205931484699 0.7047726884484291 111.0232803151011 1.760485924780369 0 0.555310845375061
0 0 0 0.6281567886471748 18.59836542606354 497.2435654997826 2.328340969979763 140.999254450202 57.29557459056377 3.790485739707947 15.06951320916414 157.0763213485479 0.6150998845696449 5.483164019882679 1049.400137290359 0 0.3290982618927956 0.2154748514294624 0.5546771436929703 1.519261755049229 0 0.3274076879024506 0.2169216424226761 4.192822977900505 0 0.7005730867385864 0.08226147294044495 0.8101512119174004 17.43915285915136 0.4002729505300522 0.152053564786911 173.4908610954881 0 192.0431653410196 2.529395043849945 10.20813753455877 1.317471727728844 121.712489977479 38.01837913691998 1518.825401827693 113.7883885502815 0.7162598669528961 6.920986279845238 0 0 0 0 0 0 0 0 0.1833464652299881 0 0 0 0 0 0 0 0 0 0 0 0 0 0 0.8512196987867355 0 0 0 0 0 0.1522917747497559 0 0 0 0 0 0.2275435924530029 0 0 0 0 0 0 0
7.807192593812943 0.08942002058029175 13.62701522558928 85.68398384004831 497.2435654997826 5114.995400428772 492.6745294928551 3053.205060847104 65.68649485334754 4610.898802690208 75.97425834089518 4179.358398232609 4.658567920327187 473.208487726748 1695.592471323907 0.3593731820583344 10.98535906895995 4.416628997772932 7.179657775908709 289.1748956367373 1.733918033540249 0.2014251202344894 7.215142138302326 127.4916319772601 0 11.68458604812622 4.974288418889046 154.3189038261771 315.7675659768283 41.66274448484182 0.7474613040685654 1219.262836404145 1.099598206579685 1136.683607086539 6.540017254650593 122.6681336313486 9.956298731267452 332.2389699742198 93.48630888015032 1209.745392248034 813.2836146950722 5.30311493575573 22.05058208853006 4.464419476687908 0 0.1090432107448578 16.3622137606144 0 4.118815205991268 65.84943263605237 23.67682423442602 8.125064104795456 22.80424162000418 0.3917670398950577 20.11098089814186 0 7.271263644099236 0 1.926496937870979 0.06856612116098404 0.1609627977013588 0 14.65118777751923 0.6845302134752274 0.2520237267017365 0 44.1099396571517 0 0.1320571191608906 0.7652762457728386 54.58836625516415 8.005842685699463 8.011690773069859 0 2.311771020293236 0.1597682535648346 1.436231911182404 0.5165239572525024 12.02239503711462 0 8.210432752966881 0.8362889215350151 28.81509786844254 2.151095300912857 0 0.5611435770988464
1719.994470700622 10.91889338195324 804.081811003387 338.2949844785035 2.328340969979763 492.6745294928551 6453.038714431226 3097.968819003552 463.2927116975188 7172.762166481465 11.70627690479159 129.2953961342573 0.771739549934864 5376.696942962706 38.2511620298028 4.332774259150028 122.8247257135808 2.52233549207449 9.185554783791304 155.76915769279 392.1482875421643 33.36571331322193 690.3332804217935 3151.394145499915 0.2663914784789085 108.5893728360534 231.3394557610154 13005.46901981533 616.8894674926996 2878.678445097059 0.2338343262672424 14.37418045848608 32.32786343991756 93.97267299890518 26.79534182697535 782.7376631200314 85.2004429474473 266.2902583554387 112.0264969579875 164.0848357230425 48.91802635788918 1.026690885424614 22.44027974456549 7.627432495355606 2.186177432537079 3.785248905420303 27.51275626569986 0 12.38619545102119 180.9076777249575 58.65137397870421 67.50311703234911 64.50963121652603 1.490576148033142 30.87220215052366 0.3388780653476715 22.36776495724916 3.4254350066185 15.1854115203023 0 0 0 33.54789412021637 4.085487220436335 3.783361673355103 29.4688563272357 145.915442109108 0.1003646999597549 0.4565066285431385 40.88666921108961 153.8649045154452 20.70905966684222 16.86160003766418 0 1.040745958685875 1.231922917068005 5.691752083599567 3.544002793729305 44.68666880577803 1.488772295415401 19.69587862491608 4.932495638728142 39.96006295084953 7.671977564692497 0 1.638240337371826
668.3273424059153 0.6969613060355186 222.7465412728488 69.13478146120906 140.999254450202 3053.205060847104 3097.968819003552 5880.99740928039 133.3850896656513 1502.198126066476 183.4258829876781 772.4073538854718 9.099692434072495 5543.570727676153 486.7589923292398 3.390592284500599 275.7440585196018 16.24026712030172 50.34702781587839 257.2116175480187 22.43402864038944 10.41918254643679 114.3511332161725 399.1346973739564 1.043781705200672 94.76609774678946 67.67519837617874 321.1351751945913 1008.014956966043 2097.546370107681 1.088085666298866 1082.308192484081 19.30889645963907 474.1653880290687 23.19650776684284 317.893887270242 51.57429641485214 764.2980901896954 202.8501479662955 905.9576806612313 188.5734781771898 3.890024609863758 28.77839779853821 5.207230936735868 0.1057989224791527 0.1982738524675369 12.54322458058596 0.294183611869812 5.063580721616745 67.43706734851003 27.0632613748312 11.39404224604368 20.4972660318017 0.3325390517711639 13.72228223830462 0 13.13808595389128 0.1094513833522797 9.377206984907389 0 0.3675999641418457 0 8.042437300086021 7.357041858136654 0.611260361969471 1.949215523898602 58.32935109734535 0 0.2975763939321041 1.256973035633564 77.3858912922442 16.24299154058099 14.99875519052148 0 0.6514367163181305 1.024093843996525 3.658907290548086 0.3483524993062019 22.5536223500967 0.6632231995463371 11.92151789739728 3.278385333716869 20.73544436693192 4.447060719132423 0 1.710018187761307
12.5996452793479 214.0623047575355 5.235210329294205 1312.663002066314 57.29557459056377 65.68649485334754 463.2927116975188 133.3850896656513 128.6269162967801 131.7294456511736 13.53831443935633 181.9124094694853 22.54836458712816 101.7540760338306 628.1887938976288 234.1647287160158 6.543016966432333 0.1040514707565308 3.045142836868763 473.2365040555596 124.1215786114335 936.5179732218385 109.8572709225118 3594.738627575338 161.9018548205495 21.15881880000234 229.8445042073727 1243.498301316053 195.8951915502548 271.7343624383211 4.193537287414074 4.272442035377026 17.30412313342094 29.43208781629801 18.22408740967512 468.1632933840156 43.26847393810749 103.050932712853 39.66525308042765 428.3672793805599 36.28475471585989 0.9063768982887268 13.43307235091925 49.60934547707438 1.684332504868507 1.918082617223263 78.65690663456917 0.9671486765146255 26.86189664155245 405.1100125238299 113.9398021250963 88.981405608356 118.5991516709328 2.686577156186104 102.2917084172368 0.7762721478939056 67.51604469865561 5.205413796007633 586.7772226408124 0.2748472616076469 0.5317087732255459 0.3161328211426735 79.4749211370945 148.7363882064819 37.39034724235535 92.92083952575922 875.4429247193038 0.9513130187988281 1.77580788731575 43.19384513050318 605.7713618241251 132.4332012310624 169.4583405479789 0.3421615287661552 2.981940217316151 20.76854414492846 24.69174973666668 9.223829418420792 194.4074513465166 4.026825919747353 62.76758247613907 16.94856192916632 119.9032680541277 13.45333528518677 0.6018196940422058 5.433894589543343
49.32248793542385 0 16.35410198569298 5470.892217639834 3.790485739707947 4610.898802690208 7172.762166481465 1502.198126066476 131.7294456511736 18616.49456883967 21.88104031980038 5052.21219599992 2.061461679637432 327.1643097475171 105.4159988388419 0.1179460287094116 3.961406864225864 3.10896335914731 4.331719223409891 5293.431794375181 2.478034287691116 0.08032679557800293 6.4527238458395 409.9820269607008 0 7.120351828634739 3.551646485924721 4911.618646722287 423.1512678638101 18.09631152451038 0.3208430632948875 21.24497204646468 9.530781053006649 83.5562353245914 12.97482274472713 486.8974899798632 9.922989048063755 236.9202031865716 55.93774877488613 226.3724025562406 74.72591670975089 1.268276296555996 19.00619975477457 6.548056222498417 0 0.5081838518381119 55.77510774880648 0.214088037610054 19.88120279461145 204.6727004274726 63.03245901316404 51.94402831047773 161.0312798395753 1.099041014909744 76.55669661611319 0 20.33208327740431 10.1319086253643 9.041888162493706 0 0.3775362521409988 0 57.63989597558975 2.016741774976254 0.2163000479340553 0.6709631532430649 181.200208581984 0 0 1.852668017148972 122.0249064564705 14.40222912281752 13.82762914523482 0 2.483780711889267 0.3970015496015549 4.677082248032093 1.748417071998119 37.16578856110573 0.2896029129624367 17.14877581596375 2.907745450735092 110.4091705828905 7.32644435018301 3.575068831443787 1.846489325165749
3.209431491792202 109.0852481946349 17.54421595484018 1.563027068972588 15.06951320916414 75.97425834089518 11.70627690479159 183.4258829876781 13.53831443935633 21.88104031980038 6655.757927589118 32.31460264325142 1748.63983617723 198.6916622743011 12.1654904037714 1.508677557110786 388.2904758937657 2404.335604451597 1903.954557739198 13.99842276796699 17.5224541798234 47.67686108499765 66.83860666304827 17.10603437200189 188.0949399992824 1539.211937703192 431.24609888345 5.898783251643181 360.4903107583523 35.37106991186738 386.824406504631 153.0843638814986 5.798300892114639 4069.557061776519 3.867091074585915 524.1164346411824 4944.303078301251 5573.585631657392 861.363476999104 101.7058960869908 36.50058922916651 455.128880225122 11.12749108672142 0.7951073497533798 4.48767377436161 0.287787914276123 0.08600302040576935 0 0.3523338437080383 3.743541058152914 0.9018362835049629 0.4239551573991776 0.6728679910302162 23.55342800170183 0.2873230576515198 158.618315204978 0.09611371159553528 0 0.06511782109737396 0.4420535862445831 4.49472089856863 4.675469025969505 0.4379678219556808 0.1293284371495247 0.07344372570514679 0 1.908057011663914 54.23322325199842 77.1774924248457 109.8092910125852 3.537841159850359 0.07422637939453125 0.2522108778357506 71.16969475895166 0.1289808452129364 0 0.9151047915220261 0.5753659009933472 21.313804641366 147.0160213410854 6.956260770559311 1.358233444392681 0.2344636768102646 0.07924827188253403 56.8136243969202 0
3.521563433110714 1.881782867014408 0.5944209843873978 641.9610743001103 157.0763213485479 4179.358398232609 129.2953961342573 772.4073538854718 181.9124094694853 5052.21219599992 32.31460264325142 3935.910555865616 1.556303791701794 287.3122999295592 1043.74435184896 0.127138614654541 1.349227357655764 3.212294105440378 6.032321937382221 1731.617050632834 0.2396580725908279 10.80267400294542 0.8810029476881027 322.5173629485071 1.701455026865005 5.137112610042095 2.628953814506531 133.7374062612653 375.4664956144989 7.770346391946077 0.273515947163105 46.90560308843851 3.35827025026083 121.4231292791665 14.40436848253012 882.2118580527604 6.183625038713217 302.3062356077135 50.49753467366099 1305.23027522862 117.2224919646978 0.8663788288831711 30.39417773485184 0.1158444955945015 0 0 40.37687692046165 0 11.24782187491655 33.1958694383502 7.006168231368065 122.7894449979067 120.961042791605 0 115.1893288120627 0 2.50360082834959 27.30290165543556 0.8632318675518036 0 0 0 32.588434047997 0 0.1573227941989899 0.4068582430481911 167.0036746114492 0.1374391168355942 0.07259795069694519 0 37.71996962279081 1.231693387031555 1.001375690102577 0 0.09025867283344269 0.07388333231210709 0.1474889069795609 0.109827809035778 22.73001085966825 0.2108642905950546 3.249447666108608 2.1402887403965 130.7589360997081 0.1118705496191978 0 0
0.3197084218263626 490.1958618909121 4.001707904040813 0.1378266140818596 0.6150998845696449 4.658567920327187 0.771739549934864 9.099692434072495 22.54836458712816 2.061461679637432 1748.63983617723 1.556303791701794 1222.098139844835 7.280995763838291 0.9254298955202103 52.60097558051348 3.570410363376141 129.509971126914 17.67025439441204 1.091933518648148 10.63027953356504 170.3050881624222 39.70926778763533 43.19059604406357 1581.761969849467 355.7019191905856 1755.024265475571 3.985696695744991 11.18969454616308 10.34740707278252 772.49385548383 9.164430923759937 1.656061053276062 256.6790471225977 25.024353697896 1610.601967804134 4492.655507273972 2079.873091123998 451.8034340590239 104.2837458178401 42.36087000370026 509.2713383212686 11.16465380787849 0 23.24244593083858 1.792592518031597 0 0 0.07544245570898056 0.1835291385650635 0.4692558795213699 0 0 111.126845292747 0 765.8416985496879 0.06957516074180603 0 0 1.318924434483051 9.464092165231705 15.79361511766911 0 0.2036460563540459 0.1856682375073433 0.5400168746709824 0.2803658321499825 463.3400065004826 287.938822709024 436.6317350715399 0 0.07589945942163467 0.08904898166656494 268.1720275133848 0.1352123245596886 0.7946168184280396 1.06865743547678 0 74.51852156221867 688.2834928184748 47.06113091111183 5.95239382237196 15.9823325574398 9.889134109020233 377.5559110343456 2.175383567810059
3415.87751045078 0.5674149468541145 155.6164130158722 60.83567284047604 5.483164019882679 473.208487726748 5376.696942962706 5543.570727676153 101.7540760338306 327.1643097475171 198.6916622743011 287.3122999295592 7.280995763838291 4645.60850238055 36.14813204854727 3.643061712384224 203.5248177237809 21.64116230607033 53.55038671195507 194.8627572655678 25.54499218985438 7.877333827316761 88.23263532295823 349.1011449322104 0.5123530104756355 74.77387734502554 55.3872834853828 266.5255023241043 4513.434803556651 3565.897816624492 1.321901760995388 55.12775665521622 20.52388146519661 668.6607685126364 11.51103150844574 260.2432580813766 41.25519471988082 808.7509184218943 132.3398899324238 307.5319814383984 79.29614854604006 2.75054158270359 14.46869684755802 5.47768047824502 0.3239772319793701 0 5.852988183498383 0.08030833303928375 3.443648487329483 49.05874205753207 19.23476145416498 7.293573819100857 11.80039245262742 0.6545697972178459 5.915775753557682 0 8.729127779603004 0.31107297539711 10.03315692394972 0.06137142702937126 0 0 6.91864350438118 5.513021744787693 0.6705415472388268 2.02276673913002 38.56544574722648 0 0.06840382516384125 1.72569465637207 56.99312893673778 9.522997323423624 11.45008885487914 0 0.05784262344241142 1.879334501922131 2.540151052176952 4.276926755905151 18.94628950208426 0.748169407248497 9.924141883850098 1.367050066590309 27.20119549334049 3.595876112580299 0 0.8835710510611534
0.3277861326932907 3.022317975759506 0.6814721971750259 12.13096583634615 1049.400137290359 1695.592471323907 38.2511620298028 486.7589923292398 628.1887938976288 105.4159988388419 12.1654904037714 1043.74435184896 0.9254298955202103 36.14813204854727 148.9890410602093 0 0.6508371159434319 0.1591468825936317 0.1088633835315704 10.87591192871332 0.6543958187103271 22.82975092530251 0.4539371132850647 232.7611844390631 2.194369927048683 0.8528694175183773 2.864886343479156 35.7231146171689 29.85772080719471 6.174853697419167 0.1823947578668594 124.6239123865962 0.09886512905359268 153.4816775694489 25.6617391705513 178.5042858719826 1.860768467187881 20.80789121240377 4.141728885471821 1206.569469727576 233.5918631702662 0 3.111930623650551 0 0 0 1.132487498223782 0 0 0.567031517624855 1.134271755814552 6.306175723671913 0.7998556047677994 0 9.463675141334534 0 0.1738495081663132 0 0.1082857400178909 0 0 0 3.920758530497551 0.08814194053411484 0 0 7.33813151717186 0 0 0.1017440184950829 2.16525911539793 0 0.3774470090866089 0 0 0 0 0 1.250664338469505 0 0 0 13.6255584359169 0 0 0
0.811319038271904 222.7917218953371 4.975338324904442 0.1708253771066666 0 0.3593731820583344 4.332774259150028 3.390592284500599 234.1647287160158 0.1179460287094116 1.508677557110786 0.127138614654541 52.60097558051348 3.643061712384224 0 1959.680500075221 8.893422842025757 0.3365354612469673 2.262562811374664 0.2202078551054001 774.6304909810424 4090.414713948965 3289.802142158151 1403.227759033442 44.43829865008593 11.75809792429209 3433.436634749174 1136.331049002707 22.25975108146667 95.48712927848101 1.953241147100925 0.08986509591341019 5.667930565774441 48.68379523605108 33.65910989046097 1722.311221569777 440.4499615952373 227.3813106194139 227.7044465616345 97.36313556879759 1.861482232809067 12.59321151673794 16.53477923572063 7.215343147516251 1.506816416978836 3.017819993197918 0.1573079749941826 0 0.1629820913076401 14.96985830366611 5.622968893498182 3.049595504999161 0.1143879890441895 3.146267414093018 0 1.851945407688618 6.111199729144573 0 1114.517124712467 0.06812514364719391 0 0.1532301977276802 0.2359922081232071 145.3637938126922 283.5854535549879 780.6466542929411 69.13205010443926 0.2120169773697853 0.3510305061936378 302.8178491964936 77.891980946064 28.38459122180939 61.46447929739952 0.09274826198816299 0.3919037505984306 9.683609634637833 4.980546690523624 4.667989924550056 82.08091271668673 7.310217320919037 23.94240443408489 14.45441088080406 3.879445217549801 2.66040825098753 21.83644378185272 5.781524464488029
46.28688699007034 356.5499637126923 3177.573933154345 0.8728013560175896 0.3290982618927956 10.98535906895995 122.8247257135808 275.7440585196018 6.543016966432333 3.961406864225864 388.2904758937657 1.349227357655764 3.570410363376141 203.5248177237809 0.6508371159434319 8.893422842025757 780.995432689786 259.6394672766328 1614.553404338658 0.8673819825053215 855.4513639137149 167.844494484365 5048.92413944006 23.10780813544989 0.204445093870163 1364.576028935611 3936.817020788789 29.04141400009394 398.7882231771946 1569.235426791012 2.865326620638371 3.105185989290476 44.15055001527071 1753.027550429106 8.413370877504349 608.5263327881694 707.9231114462018 1608.417279127985 150.2291511148214 20.78151851519942 4.640964806079865 3.448203593492508 3.047582648694515 0.5972748696804047 53.91563108563423 145.1897940635681 0.1285752803087234 0 0.07908317446708679 1.031470160931349 0.1900417879223824 0.06642590463161469 0.2714586555957794 0.4639791399240494 0.09562789648771286 0 0.2141553461551666 0 0.835010714828968 1.129623100161552 0.3256470113992691 1.983310535550117 0 0.2524158135056496 1.888551816344261 1.764549642801285 0.5183433890342712 0.6932519376277924 37.03586219996214 272.9358326420188 2.471916098147631 0.1356398090720177 0.4501874335110188 0 0 0 0.2314944937825203 0.7226023375988007 7.39075069129467 1.051939852535725 1.522056065499783 0.4814524799585342 0.3932503908872604 0.1587478071451187 0 0
1.385134428739548 3.685919903218746 30.70540031790733 0.4296367466449738 0.2154748514294624 4.416628997772932 2.52233549207449 16.24026712030172 0.1040514707565308 3.10896335914731 2404.335604451597 3.212294105440378 129.509971126914 21.64116230607033 0.1591468825936317 0.3365354612469673 259.6394672766328 174.9529907777905 1665.555274263024 2.051919095218182 8.790310017764568 1.395672112703323 58.30681719630957 0.5490453839302063 2.062102124094963 1556.200043469667 288.7897192537785 0.9532028287649155 33.77416479960084 23.90691494941711 24.18952894955873 7.868233345448971 0.932351291179657 556.6943275667727 1.172191545367241 315.425467774272 532.8986791074276 1212.539720404893 238.5777199119329 9.468876726925373 2.544328294694424 19.88132254034281 2.736528888344765 0 1.889950178563595 0.6556546986103058 0 0 0 0.369211383163929 0 0 0 0.5856436938047409 0 4.008597552776337 0.3110970854759216 0 0 1.111609183251858 0.3894062936306 4.224633067846298 0 0.1083078160881996 0 0.3156009465456009 0.2532780915498734 1.389865912497044 22.7851425409317 23.52702631056309 0.08621283620595932 0.2045770213007927 0.1158720925450325 3.364093296229839 0 0 0.1690298095345497 0.5218219757080078 4.100074946880341 8.788345143198967 0.8932996839284897 0 0 0 0.1201825216412544 0
5.430156610906124 37.27011037617922 180.3748394027352 0.607139378786087 0.5546771436929703 7.179657775908709 9.185554783791304 50.34702781587839 3.045142836868763 4.331719223409891 1903.954557739198 6.032321937382221 17.67025439441204 53.55038671195507 0.1088633835315704 2.262562811374664 1614.553404338658 1665.555274263024 1442.230597086251 2.923142429441214 60.27876854687929 5.584326282143593 549.2496761828661 3.95688197389245 5.855005919933319 2417.060328807682 976.349990144372 3.818724054843187 102.6354889832437 169.3275390304625 7.115646503865719 15.12356429547071 10.72285504639149 2354.187753681093 4.71225767582655 969.1772441267967 975.596623249352 2674.335964135826 389.1787507385015 25.48838151991367 5.034197129309177 14.90585372596979 4.880780942738056 0.09036725014448166 18.68402127921581 17.09438627958298 0 0 0.07850952446460724 0.3668050542473793 0.0978066474199295 0.08937676250934601 0 1.534503526985645 0 2.253113120794296 0 0 0.09251824021339417 12.0996930077672 2.485551409423351 29.25438260287046 0 0.5387127473950386 0.9052732586860657 2.223762810230255 0.4890633150935173 4.323774233460426 74.85225159674883 121.8437255620956 0.6499772481620312 0.1444360241293907 0.392875999212265 1.963943481445312 0 0 1.085424967110157 0.1274106502532959 9.257817707955837 21.07569693773985 2.01208058744669 0.8317904695868492 0.1633363664150238 0 0.2020819187164307 0
6.115045495331287 0 0.8268290460109711 3303.071587253362 1.519261755049229 289.1748956367373 155.76915769279 257.2116175480187 473.2365040555596 5293.431794375181 13.99842276796699 1731.617050632834 1.091933518648148 194.8627572655678 10.87591192871332 0.2202078551054001 0.8673819825053215 2.051919095218182 2.923142429441214 354.6500937826931 0.8529310747981071 0.2156800404191017 1.010905191302299 374.5215056650341 0 2.088581886142492 1.586682584136724 1166.981328472495 337.8391057811677 11.00941357389092 0 13.96182461082935 11.04032036662102 67.1711387000978 18.57208625972271 847.383715890348 9.384080395102501 204.9877417907119 50.88631176203489 319.9772893935442 77.67721436917782 0.1978160589933395 27.50607396662235 3.411209519952536 0.4535029977560043 0.1909927725791931 77.16523419320583 0 26.40479670464993 153.1650004014373 41.5060855075717 153.1974374502897 129.2233319580555 0.8307926505804062 142.729051604867 0.2029702365398407 10.10206212103367 12.4886360168457 0.3748644962906837 0.08566626906394958 0 0 83.66012073308229 1.618728950619698 1.162123292684555 0.6490707397460938 298.9762872196734 0 0.06701105087995529 0.3363695442676544 129.0332093834877 11.05761010199785 3.0967201218009 0 0.3226416707038879 0.7471404373645782 4.698565684258938 1.872974306344986 29.82788130640984 0.4867426082491875 12.82037346065044 2.2054732888937 127.9779214933515 4.716699168086052 0 0.2250609695911407
5.712323822081089 21.45393472909927 663.5754772722721 0.9202862791717052 0 1.733918033540249 392.1482875421643 22.43402864038944 124.1215786114335 2.478034287691116 17.5224541798234 0.2396580725908279 10.63027953356504 25.54499218985438 0.6543958187103271 774.6304909810424 855.4513639137149 8.790310017764568 60.27876854687929 0.8529310747981071 6190.383035093546 247.9364436939359 5867.271671123803 351.5530055239797 5.928643755614758 54.5603159442544 240.9028620496392 3406.78581739217 194.7141953110695 5183.576421931386 0.1848583444952965 0.6652941778302193 88.38274972885847 2234.500501297414 216.9339432045817 5350.56262422353 596.2306611016393 2734.568022504449 1859.186979673803 257.0633918493986 13.41524896770716 5.381307199597359 56.94826442748308 5.725002586841583 0.4575289264321327 1.286276116967201 0 0 0.3346957266330719 9.960831485688686 2.03095718473196 2.25138121843338 0.8588249832391739 0.1423186808824539 0.6351471990346909 0 3.977279432117939 0 230.2028317563236 0 0.06974175572395325 0.2476397305727005 0 72.87237717956305 49.95612532645464 57.19285782426596 48.96718724817038 0 0.587260976433754 18.19822601228952 46.0973047465086 17.8090522736311 38.24476205557585 0 0 8.508341245353222 4.251757152378559 25.80325624346733 84.01048957556486 1.962456315755844 14.56398475915194 7.514260731637478 2.396385163068771 0.3570557832717896 2.601484894752502 1.320141598582268
2.942094266414642 1518.071561641991 117.0415815338492 0.08586002141237259 0.3274076879024506 0.2014251202344894 33.36571331322193 10.41918254643679 936.5179732218385 0.08032679557800293 47.67686108499765 10.80267400294542 170.3050881624222 7.877333827316761 22.82975092530251 4090.414713948965 167.844494484365 1.395672112703323 5.584326282143593 0.2156800404191017 247.9364436939359 558.148565351963 1075.251948103309 4064.949695944786 850.9022045060992 97.56372637301683 5566.398728206754 208.036574460566 34.33818454295397 87.27848905324936 21.52026005834341 0.1752898246049881 4.470148727297783 42.2310184687376 4.143256962299347 333.8270389661193 46.13797561824322 130.0317296013236 37.42745930701494 110.0413357913494 4.51424977183342 9.841000556945801 5.686619982123375 4.357923217117786 6.14458329975605 51.77078156173229 0 0 0.5566459000110626 36.53891706466675 3.498430974781513 3.986915655434132 2.400189697742462 0.09746431559324265 0.4100979864597321 0.8299019485712051 4.466426193714142 0 749.7693441957235 0.9040411487221718 0.1154371723532677 0.6047694906592369 0.3979342877864838 75.14314182847738 60.16245147585869 775.3250216990709 41.34980719536543 1.045462436974049 5.835643664002419 1046.998703889549 26.40220658481121 12.52769134938717 34.16447380930185 0.8895528614521027 0.1023321747779846 3.073763936758041 3.668918378651142 0.9396214187145233 45.49989219009876 3.390642635524273 10.89216443896294 7.834733307361603 3.408239178359509 0.8557500839233398 0 0.4080661535263062
23.0518072322011 68.56385046988726 5598.329162381589 1.10698227584362 0.2169216424226761 7.215142138302326 690.3332804217935 114.3511332161725 109.8572709225118 6.4527238458395 66.83860666304827 0.8810029476881027 39.70926778763533 88.23263532295823 0.4539371132850647 3289.802142158151 5048.92413944006 58.30681719630957 549.2496761828661 1.010905191302299 5867.271671123803 1075.251948103309 7078.456492766738 413.1922632306814 6.870289981365204 910.3692311868072 5230.472291775048 2838.35337189585 188.8086712434888 3372.05221247673 0.7052774429321289 0.5738406330347061 23.40151046216488 1838.689285475761 227.0785863995552 9440.29267565161 5692.10458163172 4313.618581354618 3041.724548466504 628.4259545654058 31.67316183447838 21.22216489166021 99.06766082346439 2.817212916910648 18.40046770125628 27.81406958401203 0 0 0.08107767254114151 54.26939386874437 6.788336303085089 0.638531431555748 0.550066314637661 0 0 0 5.133803397417068 0 845.1782074794173 0.541692316532135 0 0.08646401762962341 0.3034657090902328 63.29346266388893 251.5618506222963 1277.976816765964 15.63263222575188 0 1.363410353660583 1012.496640436351 16.1917405501008 7.318034455180168 19.65686141699553 0 0.152194082736969 2.942251071333885 4.10669033229351 28.36977151781321 107.5334073230624 8.042928889393806 23.03657445311546 21.93096658587456 4.008659273386002 5.428647741675377 13.26059924066067 0.7175537198781967
56.45962570980191 453.8972231894732 11.66991504281759 1840.810949407518 4.192822977900505 127.4916319772601 3151.394145499915 399.1346973739564 3594.738627575338 409.9820269607008 17.10603437200189 322.5173629485071 43.19059604406357 349.1011449322104 232.7611844390631 1403.227759033442 23.10780813544989 0.5490453839302063 3.95688197389245 374.5215056650341 351.5530055239797 4064.949695944786 413.1922632306814 4676.008702881634 243.700942710042 26.30219205468893 1016.031953878701 6877.362917862833 847.0539323762059 1479.707886509597 8.830503538250923 9.14287693053484 103.4198437444866 118.0179603286088 60.94223706424236 1721.170938782394 49.69954296946526 344.7364990487695 175.4679432287812 496.0116798058152 55.33234400302172 1.827927470207214 36.01847647130489 38.03066345304251 1.595536187291145 2.102103419601917 65.91891001164913 0.07841841131448746 27.91699317097664 260.7245996445417 88.5561663210392 250.1557294800878 111.3624003455043 2.348599400371313 94.82820463180542 0.995211586356163 53.34162591770291 10.14306804537773 199.4523080214858 0.21455217897892 0.5925711579620838 1.03414985910058 77.92702066153288 96.78006333857775 41.41383681446314 43.22522968053818 541.8765898607671 0.4909874051809311 3.265417080372572 27.70766129344702 433.526634760201 98.57635497674346 121.5787694640458 0.7542912289500237 2.256051409989595 18.31423848867416 22.89678253978491 7.77816054224968 183.8557722344995 6.224770080298185 64.61471320688725 17.83157752454281 124.3931782916188 12.9020241945982 1.30901325494051 5.481451489031315
0 739.9163286685944 0.4764931201934814 0.08940446376800537 0 0 0.2663914784789085 1.043781705200672 161.9018548205495 0 188.0949399992824 1.701455026865005 1581.761969849467 0.5123530104756355 2.194369927048683 44.43829865008593 0.204445093870163 2.062102124094963 5.855005919933319 0 5.928643755614758 850.9022045060992 6.870289981365204 243.700942710042 164.0001848489046 317.2105198949575 3754.13609804213 9.899993404746056 1.000784851610661 2.687740936875343 337.4764819219708 0.1189558506011963 0 18.8615962639451 1.453260719776154 155.0146990790963 335.7849714979529 354.9735796004534 90.6675614118576 4.195328138768673 2.962000593543053 203.951882623136 7.483899012207985 0 24.35828697681427 0.5205038487911224 0 0 0 0.2271106317639351 0.08854527026414871 0.9208611696958542 0 24.90737430751324 0 195.2002515271306 0.07364059239625931 0 0.1680894643068314 2.601899571716785 6.743831157684326 16.31212787330151 0 0.1115292683243752 0.3727854117751122 0.6386703923344612 0.135171115398407 139.0813253298402 196.1731700450182 371.4416246190667 0.4967452511191368 0 0 81.70326878875494 0 0 0.2083239108324051 0 23.5178831294179 94.31798339635134 4.29713773727417 0.8514825627207756 0 0 22.64974195510149 0.1555291414260864
12.62513282895088 722.326171040535 5625.481365263462 1.020300216972828 0.7005730867385864 11.68458604812622 108.5893728360534 94.76609774678946 21.15881880000234 7.120351828634739 1539.211937703192 5.137112610042095 355.7019191905856 74.77387734502554 0.8528694175183773 11.75809792429209 1364.576028935611 1556.200043469667 2417.060328807682 2.088581886142492 54.5603159442544 97.56372637301683 910.3692311868072 26.30219205468893 317.2105198949575 18401.16800850257 7967.954805891961 11.5742367208004 103.4234268181026 218.7909663543105 273.9652311578393 14.52721101790667 6.694629363715649 866.8319676555693 11.06663014739752 2026.873590938747 5823.410972073674 3140.489615805447 632.0537614896894 65.49847526103258 10.53259086608887 165.2694787606597 12.54224393516779 0.2084507085382938 684.7849294319749 547.4500606581569 0 0 0 2.534112632274628 0.2305282205343246 2.576865836977959 0 35.79334716498852 0.2334471866488457 199.5964320078492 0.1343489065766335 0.2118689864873886 2.167974449694157 165.5509479418397 43.55340338498354 397.1686165332794 0.07210126519203186 2.942802183330059 14.91794060915709 42.77146837860346 2.280821196734905 199.9768835380673 1556.075793884695 3290.84795550257 0.665550772100687 0.9919038489460945 5.871982514858246 170.597696736455 0 0.5634206086397171 10.32750488072634 0 73.09826993942261 409.5351116582751 59.62437515705824 6.86467432230711 0.6125235185027122 0.4647433459758759 2.344025023281574 0
9.805280193686485 7665.032951302826 4000.913019858301 0.9947235211730003 0.08226147294044495 4.974288418889046 231.3394557610154 67.67519837617874 229.8445042073727 3.551646485924721 431.24609888345 2.628953814506531 1755.024265475571 55.3872834853828 2.864886343479156 3433.436634749174 3936.817020788789 288.7897192537785 976.349990144372 1.586682584136724 240.9028620496392 5566.398728206754 5230.472291775048 1016.031953878701 3754.13609804213 7967.954805891961 21090.65928867459 713.765626013279 91.3782129585743 329.9374860748649 959.7989529371262 2.861507892608643 9.987573653459549 1286.95652013272 65.65557368099689 6995.707385390997 5228.128932960331 4738.225508004427 1016.476411342621 494.175438221544 27.95345980674028 44.93702594190836 46.30415917187929 2.853589333593845 1782.677899181843 1633.835006207228 0.09395474195480347 0 0.4305040612816811 106.6329683810472 14.45395048707724 4.019886843860149 0.80232273042202 33.57160694897175 0 198.7889961600304 11.56270754337311 0.1458486169576645 284.4862181991339 132.964792817831 38.75139986723661 367.5887840986252 0 21.74568209052086 247.896827198565 1096.09732991457 13.53024823218584 493.2612355053425 1719.399853937328 6698.782580688596 12.72213937342167 3.371777772903442 21.77169992774725 172.7592206448317 0.07315235584974289 0.7912153527140617 11.76271276921034 12.00842829048634 142.4622393548489 368.7698835209012 89.80014644563198 37.59299688786268 6.527858823537827 2.283358067274094 8.189884170889854 0.7385776862502098
42.23321376740932 19.74448887258768 201.8117726519704 1809.707704730332 0.8101512119174004 154.3189038261771 13005.46901981533 321.1351751945913 1243.498301316053 4911.618646722287 5.898783251643181 133.7374062612653 3.985696695744991 266.5255023241043 35.7231146171689 1136.331049002707 29.04141400009394 0.9532028287649155 3.818724054843187 1166.981328472495 3406.78581739217 208.036574460566 2838.35337189585 6877.362917862833 9.899993404746056 11.5742367208004 713.765626013279 9916.324266701937 615.8198346607387 6746.433597527444 0.253433458507061 7.234415996819735 86.59877794235945 133.6228627562523 70.54829648137093 1903.502374567091 91.00329767912626 370.1483896300197 207.22410043329 225.4153411574662 42.56216920912266 1.538558840751648 25.73935251682997 41.47467463091016 0.9384734705090523 1.705215133726597 63.75505389273167 0.8608269840478897 31.2817527204752 348.4431022442877 115.7106550782919 147.0192950963974 127.2898779958487 3.702619761228561 75.41924928128719 0.2354286387562752 68.28727757558227 6.309459134936333 157.1792031154037 0.6649519726634026 0.2496478408575058 0.1436041593551636 71.14001081138849 85.60574345290661 22.89139534533024 41.96511702239513 449.6286648288369 0 0.59084153175354 31.4233623445034 465.632369056344 104.6349304616451 124.1284603364766 0.278962530195713 4.405529912561178 19.03146005421877 26.36931502446532 8.993172980844975 208.5410446450114 2.631774879992008 79.82200582325459 11.52838902175426 167.8418082743883 19.22825614362955 2.787086121737957 5.586225986480713
