544.2041361257434 0 47.30831629782915 3.040254689753056 0.2036470621824265 57.04404079914093 995.9039553552866 1352.331747166812 3.686229161918163 8.001778520643711 5.17055631428957 1.9799864590168 0.3929761946201324 6542.604684382677 0 0.3497491627931595 23.5768059566617 1.876449540257454 5.931252144277096 1.562750652432442 70.99426360428333 0.5876154899597168 65.39790971577168 28.71447868645191 0 7.062946781516075 14.6315916031599 86.86669959127903 995.552869066596 2572.968222275376 0.2837704718112946 13.63328440487385 6.197558559477329 205.1495588719845 3.64594879001379 65.24198377132416 5.104248858988285 143.5264669582248 33.33737064152956 8.051096931099892 3.978316500782967 0.6335721984505653 1.817584082484245 0 0 0.1124086901545525 0 0 0 1.58099091053009 0 0.5122636556625366 0.7396871596574783 0 0 0 0.6300448775291443 0 0.1011838167905807 0.1044488027691841 0 0.1074253991246223 0.4464436769485474 0 0 0 7.259649455547333 0 0.09160471707582474 0.4955905750393867 1.648683108389378 0 0 0 0 0 0 0 0.6831444203853607 0.1152754500508308 0 0 0 0 0 0
0 1106.293664760888 89.65520427376032 0.7686371207237244 0.09497949481010437 0.3980600088834763 7.874949052929878 1.304721966385841 997.1157411634922 0.2758675888180733 114.0542651191354 0.9082424938678741 594.886403657496 0.5444679781794548 2.897420451045036 130.5463020727038 295.8679056614637 6.339995115995407 71.05764801800251 1.674095280468464 22.1792893409729 3081.089822992682 32.75801281630993 656.2180915102363 4350.130496412516 552.8847645744681 7736.884948112071 20.65371856838465 1.987778127193451 5.306655079126358 39.46722977608442 0.7018154710531235 0.2432746738195419 143.4666184261441 1.899785317480564 96.34594374895096 87.4254374653101 143.8460784852505 38.56879868358374 6.951185151934624 2.048782244324684 161.4979658871889 0 0 114.6299146488309 32.7162407040596 0 0 0.1040424853563309 0 0.07680165767669678 2.092398747801781 0 9.839372500777245 0.9377996921539307 42.95211635529995 0.1821504756808281 0 10.89414814114571 33.40940748155117 1.473944559693336 32.09696386009455 0 0.4921782165765762 27.14504234492779 18.3174184858799 6.826121054589748 20.53228043019772 272.3246229067445 2593.600422933698 1.854669094085693 0.08679883182048798 0.3169909119606018 9.036728538572788 0 0 5.377119950950146 0.6442748606204987 35.3284538090229 32.53903736919165 25.87964003533125 12.7137316763401 0.7896029353141785 0 1.572173684835434 0
47.30831629782915 89.65520427376032 5184.575448125601 3.295635312795639 0.3067371100187302 34.5521274395287 119.5315207466483 303.4574466943741 4.509812898933887 3.241039350628853 117.6018241792917 1.375795483589172 14.02735644578934 256.3438282683492 0 34.06811383366585 7912.626693874598 181.8832938671112 396.6125012859702 0.7643517628312111 1293.212370887399 20.16271118074656 14485.10429860651 57.21802181005478 1.182452358305454 6851.494375370443 10493.81122523546 106.4636305272579 334.237023986876 443.300209492445 19.98084670305252 6.327566184103489 44.1475333571434 1030.921157859266 61.1821107417345 2206.468874625862 4026.137631893158 2689.380366973579 1403.53708242625 69.44138702005148 10.97646851837635 12.97201496362686 18.95309141278267 0 250.5923548191786 341.6672333776951 0 0 0.09067260473966599 0.2881777882575989 0.09158642590045929 1.48577968031168 0 2.118158936500549 0 1.70693077147007 0.5674780532717705 0 7.960539437830448 142.3952143713832 2.528739266097546 25.53199981153011 0 3.093335442245007 45.96980364620686 70.31332540512085 5.917711064219475 0.9830238595604897 357.163970656693 2229.856371000409 2.646816164255142 0.297302782535553 1.644434981048107 0.7200575321912766 0 0.2633576840162277 37.53592733293772 4.065990328788757 190.2702029943466 118.6196710467339 129.725593701005 67.1925717741251 1.534166604280472 1.666987180709839 0.6549640893936157 1.396800726652145
3.040254689753056 0.7686371207237244 3.295635312795639 1217.279069110751 0.9533990770578384 65.82191324234009 1046.387782491744 99.50304545462132 1202.833224847913 4651.920457869768 6.565591976046562 1702.609566539526 0.0776984915137291 88.96019048243761 72.60354600846767 7.072921939194202 0.520437516272068 0.9921925142407417 2.082619585096836 4572.200256697834 7.529515795409679 11.24189500510693 9.721205472946167 4778.45313885808 0.8461894914507866 2.156440280377865 15.95959737896919 2745.6341079548 156.6034017205238 20.12686575204134 0.2447696104645729 4.663300260901451 8.653816610574722 150.009535856545 16.29059261083603 791.7438450604677 22.8080446049571 264.5263283476233 92.04144797474146 161.0703617483377 18.00997577607632 2.784493371844292 8.064580693840981 0.9376590102910995 0.4872751086950302 0 73.31629540771246 0 16.50631663948298 65.86718671023846 18.07705771178007 77.0579737201333 114.2843591347337 0.1478194296360016 50.73373044282198 0 6.801248654723167 3.809298679232597 3.990448139607906 0 0 0 91.30229242146015 0.708979070186615 6.706432498991489 0.397337481379509 475.1211343556643 0.229937419295311 0 1.372505746781826 280.7956304252148 5.050518564879894 0.8851956427097321 0 0.2679414451122284 0.1064370274543762 3.164639540016651 0.4821230173110962 15.76988076418638 3.302297592163086 8.268300421535969 0.4030884951353073 55.26488640159369 1.36959170550108 1.294448375701904 0.1951734572649002
0.2036470621824265 0.09497949481010437 0.3067371100187302 0.9533990770578384 143.0773422271013 484.6254693642259 2.005840353667736 11.04780691862106 25.12758068740368 6.557848781347275 23.85057260096073 66.21758335828781 2.254724740982056 0.7976585775613785 607.3644829243422 0 0.4182691723108292 0.9528726786375046 1.39623735845089 3.401197716593742 0.2353696301579475 0 0 6.188464142382145 0 3.362831093370914 1.182667471468449 1.450567558407784 18.26427918672562 0.6919737309217453 0.6011466458439827 97.21139381825924 0 182.4728187397122 0 156.7918714210391 2.331760868430138 92.15957302600145 21.46692584455013 1716.478110551834 346.910326577723 6.07111120223999 2.151915028691292 0 0 0 0 0 0 0.1631608307361603 0 0 0 0 0 0 0 0 0 0 0 0 0 0 0 0 0 0 0 0.1174235492944717 0.4628611505031586 0 0 0 0 0 0 0 0 0.1384843587875366 0 0 0 0 0 0
57.04404079914093 0.3980600088834763 34.5521274395287 65.82191324234009 484.6254693642259 12301.32690690458 2500.600365824997 7454.972300026566 170.3415816500783 5193.667823933065 170.9798807948828 4936.767808653414 19.9138253107667 704.5218064188957 1844.407643407583 0.8437964394688606 8.312957517802715 12.45461725443602 18.77608269453049 284.4768587648869 27.34543097019196 1.601357996463776 29.27433054149151 109.0637300126255 2.568747229874134 35.65838971734047 25.48333401232958 283.8193370066583 384.9021033793688 183.507512960583 3.721483297646046 229.5070411115885 1.264705665409565 551.1346507593989 1.270212143659592 889.8191925957799 22.88020043075085 594.5500115379691 119.0094409361482 3925.175681859255 392.5121655836701 22.57664198428392 10.19436866790056 0.1206546574831009 0.1993720680475235 0 0.4505876079201698 0 0.1712028235197067 5.238444805145264 0.8842983841896057 2.172138892114162 1.095094859600067 0.5480222404003143 2.609906271100044 0.2813956290483475 1.04308557510376 0 1.664938390254974 0 0 0.5443596020340919 1.237474173307419 0 0 0.1583305299282074 22.90345413982868 0 0.9218025133013725 2.107338644564152 18.58967646956444 0.1727219000458717 0 0 0 0 1.210463710129261 0 7.80734971165657 0.2652587443590164 0.4144158214330673 0.132323756814003 1.796626150608063 0.553101122379303 0 0
995.9039553552866 7.874949052929878 119.5315207466483 1046.387782491744 2.005840353667736 2500.600365824997 9549.810992494226 7509.316338859499 324.3665703982115 4905.088840998709 10.22821597754955 83.84207042306662 1.528131857514381 6054.986724287271 8.136534437537193 78.07868580520153 12.55541624128819 0.9501912817358971 3.966365687549114 139.0759309306741 375.1568040326238 49.33993980288506 312.1881244704127 2750.103114269674 0.4489166364073753 10.0345131456852 243.5809654220939 19603.4749718979 257.3267748877406 5641.625665329397 0.1873314380645752 12.60460487753153 8.121509119868279 174.6865591555834 14.04011145234108 499.1809781715274 38.82813562452793 283.341073833406 120.3157631531358 36.42067128419876 11.74744076281786 1.131442822515965 13.77056469768286 0.9170225113630295 1.08735366910696 1.506471961736679 15.52711553871632 0.1102634593844414 16.9679174348712 96.61094062775373 30.69378601759672 82.64024991542101 38.29689263552427 0 39.92590939998627 0 12.68198519200087 0.7707641571760178 40.41180590540171 0 0 0.2280123680830002 25.74164713919163 3.061982788145542 8.692504145205021 9.099125370383263 414.4737339988351 0.1963235139846802 0.09095275402069092 20.80188228935003 375.3136621713638 10.62771967798471 0.9699966982007027 0 1.292005404829979 0 7.737889558076859 0.7210697829723358 54.77493334561586 1.599661350250244 19.09041494876146 7.173589073121548 8.648945517838001 4.896775707602501 0 3.628476649522781
1352.331747166812 1.304721966385841 303.4574466943741 99.50304545462132 11.04780691862106 7454.972300026566 7509.316338859499 15391.9264132306 112.7941471412778 1919.421230897307 90.95108617842197 407.7468819543719 6.814825244247913 5475.93261872232 15.95015971362591 6.931753523647785 59.21516429632902 8.16611060500145 16.62263455986977 172.3035389259458 298.0470990911126 5.825236462056637 288.6957279518247 565.2056881971657 0.7745658531785011 47.22270818799734 133.4515198394656 1453.75965179503 1290.390021495521 2607.792817786336 2.049465529620647 526.359245300293 4.098739832639694 330.1831350550056 2.025917038321495 333.5946367532015 25.20725332945585 362.0439624115825 93.83199326694012 316.4454612731934 54.31914392113686 6.292822271585464 5.248887673020363 0.5541694760322571 0.5712879300117493 0.3732766211032867 9.233721949160099 0 3.072680994868279 33.55632945895195 10.26929050683975 24.62180934846401 15.16530137509108 0.1216555908322334 10.88280416280031 0.2414019182324409 2.700912088155746 0 15.61249797046185 0.1572305113077164 0 0 4.454974330961704 0.4450693428516388 2.756655149161816 1.946227177977562 144.6499302908778 0.07927339524030685 0.8801101520657539 5.122241780161858 120.8009972572327 4.99545781314373 1.268544137477875 0 0.8818963766098022 0 6.805861778557301 0 36.57601693272591 0 9.998837038874626 4.244729764759541 2.705402910709381 1.075113773345947 0 0
3.686229161918163 997.1157411634922 4.509812898933887 1202.833224847913 25.12758068740368 170.3415816500783 324.3665703982115 112.7941471412778 2456.488107427955 480.2810669615865 9.483577914535999 945.51474314183 42.32100679725409 79.87856825441122 973.1566113382578 252.7921530157328 4.758906230330467 0 4.074976354837418 1492.066966168582 165.7317488491535 2893.234110526741 53.79018764942884 12950.93753754348 229.439314879477 9.661545090377331 230.7684604823589 810.777361266315 83.08793681114912 224.845555536449 3.862343579530716 4.61366631090641 31.04990495741367 114.7310099452734 12.48427982628345 1179.289823129773 124.3214547336102 210.554879270494 80.58873898535967 752.0922020226717 11.24083653092384 16.26884771883488 7.011115908622742 6.471823066473007 12.11196286231279 1.216273538768291 82.5815968811512 0 23.44823907315731 104.9956837892532 32.13442698866129 229.9780084043741 90.26591259241104 5.395005963742733 147.0838779062033 3.62860968708992 17.56560378521681 37.97846463322639 935.2613070607185 1.491842977702618 2.03578245639801 2.683776281774044 81.27751795947552 90.55421472340822 113.3528104946017 25.59303362667561 1797.707390390337 2.942205175757408 3.529728822410107 41.48528576642275 903.3902236819267 51.63261336088181 49.32889656722546 0.32607252150774 1.534785993397236 7.54182256758213 31.40112479031086 2.422235354781151 443.0360046103597 4.805517971515656 68.66630446910858 21.72963920235634 607.4077089950442 7.88687589764595 0.266342505812645 10.11934915184975
8.001778520643711 0.2758675888180733 3.241039350628853 4651.920457869768 6.557848781347275 5193.667823933065 4905.088840998709 1919.421230897307 480.2810669615865 26126.61109543592 53.98583402484655 3925.906879164279 4.700714595615864 1035.13008403033 29.84955304116011 1.91923825442791 2.37988668680191 5.950624488294125 11.93696947395802 6819.216350845993 3.092070326209068 2.280091553926468 4.090511374175549 538.9021011218429 0.5670642182230949 21.40822123736143 14.33142837136984 2827.482444472611 468.9913744851947 12.23828580975533 2.808818429708481 59.97439358383417 2.927890218794346 671.9570321962237 33.05175741761923 2087.332283437252 68.34807998687029 1111.958740778267 306.5184827595949 184.7341876327991 75.73300347477198 5.251969456672668 42.19822140783072 2.116575330495834 2.212286420166492 0 70.70923365652561 0.1608386933803558 26.85711891204119 120.7516254559159 30.28310873359442 70.01456137001514 105.0833070501685 0.2351999059319496 75.95058850944042 0.1570663601160049 10.20473650097847 1.975752167403698 1.990606635808945 0.2114083021879196 0 0.09471213072538376 82.35928275436163 0 5.380637399852276 0.1128307357430458 546.3419088125229 0.9897752553224564 0 2.145175270736217 423.9579112455249 7.043688230216503 0 0 1.245605319738388 0.2347913533449173 6.718547269701958 0.9678897634148598 36.61536145210266 0.6605397909879684 9.16940463334322 1.392530485987663 30.98474433273077 2.569410853087902 1.049360156059265 0
5.17055631428957 114.0542651191354 117.6018241792917 6.565591976046562 23.85057260096073 170.9798807948828 10.22821597754955 90.95108617842197 9.483577914535999 53.98583402484655 10578.77199093997 86.72134413570166 2448.879155933857 44.18017971515656 1.209473714232445 0.4994695112109184 298.7344507500529 3776.9532109797 3008.995541587472 27.90429526567459 14.86713093519211 13.9859820753336 39.1401584148407 21.22938337177038 1282.716464243829 3048.26545971632 2125.638722375035 9.493139252066612 132.2863780111074 18.12286901846528 813.6620039641857 254.8439115285873 3.69531537592411 5422.194455355406 8.68083118647337 432.2265374734998 4715.953134678304 4921.693907275796 696.5340710729361 71.51395484060049 209.9114533886313 1038.029929809272 2.967117920517921 0 29.88283541053534 0.442331463098526 0 0 0 0.9350568056106567 0.09770845621824265 0.1221834495663643 0 518.0202796906233 0.2541887015104294 1715.146548546851 0 0 0 1.800958558917046 18.05206760764122 12.49070197343826 0 0 0 0.4884986132383347 3.230732440948486 125.6795557513833 143.4934116080403 173.3324398621917 2.117406964302063 0.4198984205722809 0 109.2070713564754 0.3362992703914642 0 3.452319122850895 0.2783403694629669 12.87608019262552 451.0251781344414 43.52457075566053 1.776506051421165 0.2664622068405151 0 373.2796537354589 0
1.9799864590168 0.9082424938678741 1.375795483589172 1702.609566539526 66.21758335828781 4936.767808653414 83.84207042306662 407.7468819543719 945.51474314183 3925.906879164279 86.72134413570166 7949.054883308709 7.76986963301897 362.9693296402693 1553.139232106507 0 2.434229612350464 8.685512386262417 15.39865659177303 7861.002463556826 0.4342932179570198 1.455978028476238 2.034008778631687 544.6074881032109 0.6031596064567566 26.48861558735371 13.27177726477385 313.267030954361 322.5334369242191 3.786788016557693 3.035050697624683 104.8690351545811 0 570.3760307207704 3.931153506040573 675.3676829189062 17.63297535479069 633.0736602842808 74.85940434783697 1863.283881634474 36.92230766266584 9.014957062900066 8.386120215058327 0 0.6698392480611801 0 40.77199593186378 0 10.95187935978174 17.57386320829391 4.237269572913647 55.99653388559818 63.05739395320415 10.391432762146 85.01658720523119 0.1672428846359253 1.035091422498226 3.456414699554443 0 0 0 0.114960141479969 18.23033122718334 0 3.335472568869591 0 190.8966395705938 0 0.7797816693782806 0.77208311855793 72.77445737272501 3.387350216507912 0 0 0.0973239541053772 0 1.767015665769577 0.7099329829216003 16.0942684262991 0 1.501257583498955 0.3006789088249207 116.9360644817352 0.1748714447021484 0 0
0.3929761946201324 594.886403657496 14.02735644578934 0.0776984915137291 2.254724740982056 19.9138253107667 1.528131857514381 6.814825244247913 42.32100679725409 4.700714595615864 2448.879155933857 7.76986963301897 2328.8123389557 4.346963919699192 0.4333563446998596 3.37234241515398 3.038656212389469 68.32828256487846 13.38255240768194 1.875619851052761 1.541536472737789 83.258913628757 3.313453316688538 24.77209040522575 5078.399581432343 379.9749203920364 3297.107506796718 1.782610818743706 8.893257886171341 1.461690440773964 485.7127965018153 20.05661406368017 0.2411241307854652 1100.22962744534 2.149058632552624 142.1007629111409 3085.316098242998 1972.762884542346 150.2346710115671 9.848132133483887 68.57055975496769 946.1434995010495 2.934807851910591 0 111.2990542054176 0.1300022155046463 0 0.1052111610770226 0.1630953624844551 0 0.2458964139223099 0.5243370682001114 0 969.2019385918975 0.1411661356687546 4527.55282972753 0.194644920527935 0 0 0.4652122110128403 22.93614239245653 8.274188160896301 0 0 0.1444518566131592 0.1148198992013931 0.2709033191204071 555.7055410146713 371.5710837095976 407.401641368866 0.2848630547523499 0.1000147610902786 0 330.773489266634 0.699995830655098 0 4.769683241844177 2.207675576210022 8.829732045531273 641.3074810281396 53.77210464328527 1.771331399679184 0.2121040970087051 0.5541447177529335 369.5998843386769 0
6542.604684382677 0.5444679781794548 256.3438282683492 88.96019048243761 0.7976585775613785 704.5218064188957 6054.986724287271 5475.93261872232 79.87856825441122 1035.13008403033 44.18017971515656 362.9693296402693 4.346963919699192 7779.187168210745 1.802042037248611 6.240529432892799 101.3153373897076 6.938567832112312 20.4753937497735 167.8051411658525 258.7541472613811 5.414444364607334 270.0376509949565 453.2884933501482 0.2444705367088318 34.73832251876593 98.99475165456533 878.5161153450608 5777.986777357757 4415.678193517029 1.832746967673302 246.2110732719302 71.18609367311001 379.8274532705545 1.336437873542309 153.8786034807563 18.66412790119648 244.4906429126859 75.41509853303432 66.65041293948889 3.859192863106728 1.432822182774544 2.431156605482101 0 0.4342138394713402 1.032344728708267 0.9977384805679321 0 2.288593091070652 11.47633229196072 3.75082191079855 13.59105764329433 4.66221522539854 0 4.717191942036152 0.1208528503775597 2.961791388690472 0.2547453641891479 9.345891401171684 0 0 0.1787719577550888 3.397859215736389 0 2.187167458236217 0.7282948791980743 80.57051459699869 0 1.794085793197155 5.804210752248764 90.12755770981312 3.937229067087173 1.61460143327713 0 0 0 4.111176550388336 0.8847836852073669 32.65727051347494 0 7.94960555434227 3.480619072914124 0.1849325597286224 1.08621871471405 0 0
0 2.897420451045036 0 72.60354600846767 607.3644829243422 1844.407643407583 8.136534437537193 15.95015971362591 973.1566113382578 29.84955304116011 1.209473714232445 1553.139232106507 0.4333563446998596 1.802042037248611 296.7489002943039 0 0 0.270980566740036 0.1131248474121094 215.6837523207068 0 6.961792767047882 0 417.0450621694326 0.8137679845094681 0.1387095749378204 0.5599859654903412 11.10241569578648 0.8240886330604553 0.3292704820632935 0 63.28872580826283 0 2.294510915875435 0 2.942383304238319 0 0.7987477406859398 0 1009.921171844006 22.48394140601158 0 0 0 0 0 0.4833063930273056 0 0 0 0 1.330821722745895 0.2259104698896408 0 0 0 0 0 0 0 0 0 0.7128850072622299 0 0 0 4.346037805080414 0 0 0.1231960356235504 0.7807718515396118 0 0 0 0 0 0 0 0 0 0 0 0.4027486741542816 0 0 0
0.3497491627931595 130.5463020727038 34.06811383366585 7.072921939194202 0 0.8437964394688606 78.07868580520153 6.931753523647785 252.7921530157328 1.91923825442791 0.4994695112109184 0 3.37234241515398 6.240529432892799 0 3698.857659414411 32.85538142174482 0.6747317314147949 6.756800808012486 0.8812037259340286 3287.311241820455 3166.044795386493 5236.168364606798 2282.992975890636 26.17654792964458 5.180829949676991 3821.49689283967 2090.137035362422 6.716749832034111 97.67653428763151 1.258520513772964 0.2486984804272652 1.064794838428497 115.499950543046 59.60504382103682 4780.248770296574 1927.770126529038 669.2177102789283 1169.588338010013 78.33036307990551 1.710603460669518 6.604419864714146 45.56561643630266 0.1693500131368637 6.689273461699486 6.918801084160805 0 0 0.08687838912010193 0.6984608769416809 0 2.559693098068237 0 0.4320268929004669 0 0 0.1062917038798332 0 2059.117789968848 0.6559484153985977 0 4.327069386839867 0 77.97780077904463 572.1358831897378 497.9315892234445 68.99286738038063 0 10.0677332803607 754.2019854933023 68.5580572411418 3.597512274980545 8.061513334512711 0 0.1906170845031738 0.9176933169364929 1.639342859387398 4.067225903272629 203.4907519817352 36.02704419195652 8.107892706990242 10.9012813270092 0 0 0 0.8525249809026718
23.5768059566617 295.8679056614637 7912.626693874598 0.520437516272068 0.4182691723108292 8.312957517802715 12.55541624128819 59.21516429632902 4.758906230330467 2.37988668680191 298.7344507500529 2.434229612350464 3.038656212389469 101.3153373897076 0 32.85538142174482 2147.609751582146 582.695624127984 7324.068841680884 0.4790980145335197 1021.420610293746 13.78067310154438 3906.473763227463 14.92118861526251 8.626228280365467 4526.877770781517 5478.662845760584 89.31249945610762 429.054903306067 1303.588999405503 3.986087344586849 3.413810260593891 80.49543426185846 2575.237480789423 8.283685304224491 300.0431371703744 417.9251292124391 1437.320752769709 317.0486564859748 13.62039124965668 2.014840759336948 4.103557348251343 2.178828552365303 0 261.3895122259855 105.9369155913591 0 0 0 0.1130499318242073 0.08795270323753357 1.420239880681038 0 4.921127110719681 0 11.19085252285004 0.1637490466237068 0 5.034260541200638 146.4961094111204 14.28630536794662 83.27597696334124 0 2.511956870555878 12.25836934894323 20.65836270153522 3.22382465004921 3.223571747541428 655.2431879639626 1707.950417198241 0.9218974858522415 0.6775632798671722 0.9009557068347931 7.526837155222893 0 0 11.89153756201267 2.424266651272774 73.43435384333134 48.86838211864233 65.31005372852087 32.02488003671169 0.7154886424541473 0.7283698916435242 0.1059116199612617 0.4642256200313568
1.876449540257454 6.339995115995407 181.8832938671112 0.9921925142407417 0.9528726786375046 12.45461725443602 0.9501912817358971 8.16611060500145 0 5.950624488294125 3776.9532109797 8.685512386262417 68.32828256487846 6.938567832112312 0.270980566740036 0.6747317314147949 582.695624127984 167.9056189209223 3563.73361736536 2.617875374853611 18.43332857638597 0.6160259693861008 45.68210797011852 1.742400139570236 80.01716950535774 5267.694787688553 281.4024020805955 3.57585883140564 23.84939646720886 17.10542267560959 135.2822341173887 18.95562940835953 2.612052030861378 649.6955753266811 7.060218289494514 211.9768944531679 470.5652195960283 936.2274452671409 231.9648694470525 4.621968910098076 6.51687228679657 9.415461860597134 2.187958478927612 0 14.66176251322031 0.697388269007206 0 0 0.1341844350099564 0 0 0.1603734493255615 0 30.66213929653168 0 151.2675248160958 0 0 0.1141617670655251 5.127445250749588 27.16327782720327 36.02456682920456 0 0.1039021760225296 0.1140299141407013 0.2508756294846535 0 16.68912825733423 177.3928601145744 203.034977696836 0 0 0 36.55090726166964 0 0 0.6980713903903961 0.6616344451904297 5.621209092438221 13.35517609864473 3.205094337463379 1.095368109643459 0 0 0.243967592716217 0
5.931252144277096 71.05764801800251 396.6125012859702 2.082619585096836 1.39623735845089 18.77608269453049 3.966365687549114 16.62263455986977 4.074976354837418 11.93696947395802 3008.995541587472 15.39865659177303 13.38255240768194 20.4753937497735 0.1131248474121094 6.756800808012486 7324.068841680884 3563.73361736536 4941.055125281215 4.436532743275166 88.60901540517807 3.350230507552624 179.8241040706635 5.443057771772146 73.3711358755827 4837.417807735503 988.6463649347425 10.95450758934021 83.84358719736338 98.46975210309029 35.98184810578823 28.20260652154684 14.67067594081163 5054.103514574468 11.661491766572 651.1105288937688 500.1420388072729 2443.723204448819 406.6815531328321 7.009619347751141 0.90758166462183 5.902435272932053 3.317959576845169 0 134.3285848647356 9.570463038980961 0 0 0 0.1051330417394638 0.129819244146347 0.4044637456536293 0 62.38930084556341 0 197.9046533927321 0.2952029779553413 0 1.098898470401764 57.05597419291735 168.191053584218 445.6341079622507 0 1.52993293851614 0.763139471411705 0.8657984957098961 2.389102183282375 31.45483579486609 1303.810111694038 1712.09994649142 0.8491192534565926 0.1220188438892365 0.1341633051633835 75.88747844845057 0.1894508376717567 0 8.259946301579475 0.9706315696239471 24.81807732582092 37.42278512567282 24.83898673951626 8.613922312855721 0.1413970291614532 0.1626455932855606 0.342374250292778 0
1.562750652432442 1.674095280468464 0.7643517628312111 4572.200256697834 3.401197716593742 284.4768587648869 139.0759309306741 172.3035389259458 1492.066966168582 6819.216350845993 27.90429526567459 7861.002463556826 1.875619851052761 167.8051411658525 215.6837523207068 0.8812037259340286 0.4790980145335197 2.617875374853611 4.436532743275166 1429.179831318557 1.158679202198982 2.000399023294449 1.779524751007557 1365.6534300372 0.8693542629480362 9.384928479790688 5.459632597863674 1500.614523343742 152.7349435463548 5.936946228146553 0.899045430123806 22.90698934346437 1.523953430354595 277.6133350655437 13.27460063993931 1045.381033577025 25.45533162355423 423.5331082195044 120.7717982232571 402.7118049487472 33.21431507915258 2.610482797026634 18.00411585718393 0.3173870146274567 1.128212243318558 0 86.15963144600391 0 36.89956641942263 137.0797666236758 33.08392327278852 120.4195479974151 119.9025110006332 2.139854341745377 77.73251853883266 1.099112391471863 5.725255064666271 2.482476890087128 1.974464669823647 0 0 0 99.37640289217234 0 4.607133120298386 0.1480691581964493 735.4002818018198 0.3099724650382996 0 2.369118981063366 476.9810726568103 6.164210811257362 0.278180904686451 0 1.160013765096664 1.19957035779953 9.466815128922462 1.720191359519958 25.05593516677618 0.1026318669319153 12.85360019654036 1.58725530654192 101.4592052847147 0 0 0.7078242301940918
70.99426360428333 22.1792893409729 1293.212370887399 7.529515795409679 0.2353696301579475 27.34543097019196 375.1568040326238 298.0470990911126 165.7317488491535 3.092070326209068 14.86713093519211 0.4342932179570198 1.541536472737789 258.7541472613811 0 3287.311241820455 1021.420610293746 18.43332857638597 88.60901540517807 1.158679202198982 13863.08034045994 237.2958530038595 17306.89705838263 1256.888590082526 7.82575186342001 126.5835879072547 657.6805402636528 10191.54051400721 453.7719248458743 13155.81686069816 0.528735339641571 3.234739385545254 76.11132899671793 3449.221839927137 140.5101221427321 7278.76081879437 779.5081680193543 5379.351696908474 3176.104264914989 163.2249094471335 12.02587358653545 19.14750494062901 78.72877122461796 0.8321073055267334 1.817149542272091 3.914467588067055 0 0 0 1.536578193306923 0.5033998861908913 3.507805779576302 0 0 0 0.1214275360107422 0.9082679450511932 0 181.4099987819791 1.073585949838161 0.1405554115772247 0.3833564817905426 0 20.94645962119102 61.19454132020473 18.23706032335758 24.02944830805063 0 8.06856482475996 44.94234604388475 40.72551409900188 0.873035617172718 3.238487735390663 0.1012037098407745 0 0.6729407757520676 1.218456029891968 3.001574248075485 174.1016004011035 6.477399043738842 4.373138576745987 0.3899423629045486 0.5788010656833649 0.4595503062009811 0 0.2030400335788727
0.5876154899597168 3081.089822992682 20.16271118074656 11.24189500510693 0 1.601357996463776 49.33993980288506 5.825236462056637 2893.234110526741 2.280091553926468 13.9859820753336 1.455978028476238 83.258913628757 5.414444364607334 6.961792767047882 3166.044795386493 13.78067310154438 0.6160259693861008 3.350230507552624 2.000399023294449 237.2958530038595 2877.552708253264 560.7432991266251 6409.811539307237 602.159885160625 17.15231943875551 3269.728403672576 134.4649911150336 8.070513114333153 26.74384066462517 3.706018358469009 0.3283196166157722 1.573501713573933 29.85698866844177 7.096639916300774 832.6764124184847 387.0392417833209 125.0450405180454 154.6755761578679 25.49492344260216 0.5874404758214951 8.031396016478539 4.220627516508102 0.8311462700366974 71.04934273660183 164.0185348838568 0 0 0 0.4451143890619278 0 7.354042135179043 0.8058645874261856 4.698090136051178 0 6.178326226770878 1.178894720971584 0 2071.488830074668 6.936519704759121 0 2.407681383192539 0 117.3731006979942 959.5255777239799 1036.881476677954 70.02948284894228 2.349272154271603 16.6511732712388 4451.515533015132 46.03494850546122 5.397335380315781 18.93070493638515 0.6993010267615318 0 3.383440896868706 15.62212363630533 7.271043971180916 288.802899248898 180.214176595211 75.24871429800987 59.95843214541674 7.021721720695496 0.2961003482341766 0.1343750804662704 2.123886615037918
65.39790971577168 32.75801281630993 14485.10429860651 9.721205472946167 0 29.27433054149151 312.1881244704127 288.6957279518247 53.79018764942884 4.090511374175549 39.1401584148407 2.034008778631687 3.313453316688538 270.0376509949565 0 5236.168364606798 3906.473763227463 45.68210797011852 179.8241040706635 1.779524751007557 17306.89705838263 560.7432991266251 20174.02610037476 677.6649596393108 4.772053897380829 657.4273052513599 15478.39349066466 2118.575423933566 495.1238600313663 4975.48248115927 5.37551698833704 7.788388110697269 75.30634541809559 4249.63099258393 228.4808215796947 10037.96205113828 3941.038437910378 7272.793951012194 6939.427064612508 374.5932187512517 12.05686977505684 61.785987816751 146.3064585700631 0 20.25864201039076 116.4445706903934 0 0 0 0.3049624264240265 0.1553035378456116 1.628112599253654 0 0.7788379192352295 0 0.6140204444527626 0 0 456.8356612846255 4.716124601662159 1.066463701426983 4.021219499409199 0 22.4287264496088 206.2705622315407 348.1598420888186 17.28605265915394 0.08061885088682175 21.40216778218746 1044.836619228125 14.85882738977671 0.5440162196755409 2.293234944343567 0.2801911234855652 0 0 6.782718725502491 10.57060769200325 272.5463723242283 76.28152101486921 46.14685604721308 27.62398312985897 2.475054621696472 0.1949532032012939 0 0.3617439419031143
28.71447868645191 656.2180915102363 57.21802181005478 4778.45313885808 6.188464142382145 109.0637300126255 2750.103114269674 565.2056881971657 12950.93753754348 538.9021011218429 21.22938337177038 544.6074881032109 24.77209040522575 453.2884933501482 417.0450621694326 2282.992975890636 14.92118861526251 1.742400139570236 5.443057771772146 1365.6534300372 1256.888590082526 6409.811539307237 677.6649596393108 14991.50640984625 147.2096219956875 13.59409389644861 1059.025198698044 6559.215766943991 460.0910946875811 1194.270267762244 1.63140868768096 13.91606933623552 110.0275690034032 473.4978939816356 75.93263917416334 4603.355639219284 314.4478204473853 893.9152228981256 474.4183594882488 626.9177932143211 32.92719921469688 5.665636174380779 43.27998716384172 7.939391121268272 9.953396320343018 6.252203464508057 65.85440249741077 0 18.42955735325813 145.9011283442378 59.99858257174492 396.2601968497038 93.95120336860418 8.723074376583099 111.8307514935732 1.487995117902756 45.90069790184498 1.82982562482357 1019.636806041002 1.125961065292358 1.266537025570869 0.5664512738585472 44.71633709967136 81.03709097951651 227.4446353018284 70.63847026228905 1908.207078896463 0.621775321662426 5.044394858181477 103.8112537711859 1355.666500873864 102.5212493985891 59.866967625916 0.2989276498556137 3.327991366386414 9.727563269436359 59.37338370084763 4.784980997443199 723.0982864797115 10.01776108890772 120.3580658435822 42.99452894926071 148.4393816590309 25.04972196370363 0.4873138442635536 6.054447785019875
0 4350.130496412516 1.182452358305454 0.8461894914507866 0 2.568747229874134 0.4489166364073753 0.7745658531785011 229.439314879477 0.5670642182230949 1282.716464243829 0.6031596064567566 5078.399581432343 0.2444705367088318 0.8137679845094681 26.17654792964458 8.626228280365467 80.01716950535774 73.3711358755827 0.8693542629480362 7.82575186342001 602.159885160625 4.772053897380829 147.2096219956875 2001.383200198412 195.9255851283669 3502.651106975973 3.513853318989277 0.8435909077525139 0.3754885047674179 156.487447284162 1.526778973639011 0 979.2541825845838 1.808703809976578 102.0685211569071 420.2884091287851 722.9500429704785 81.5974780023098 6.647977814078331 23.09360221028328 1488.70604737848 22.81521320343018 0 400.2035677582026 0.4493396580219269 0 0 0.2828309759497643 0.1150902360677719 0 0.5489326417446136 0.08585286885499954 497.4378159865737 0 2501.635180741549 0.2017402872443199 0 1.541191205382347 0.5172059014439583 10.49631130695343 27.10507091134787 0 0 1.411777794361115 0.7602811753749847 0.2947580814361572 403.9770736321807 422.6531495451927 816.8773400336504 0.9690303057432175 0.2510419934988022 0 144.974148593843 0.2291572839021683 0 7.017829716205597 0 15.06022987514734 302.2499917000532 118.2009075284004 8.490731626749039 0 0.3952354937791824 385.4515753984451 0
7.062946781516075 552.8847645744681 6851.494375370443 2.156440280377865 3.362831093370914 35.65838971734047 10.0345131456852 47.22270818799734 9.661545090377331 21.40822123736143 3048.26545971632 26.48861558735371 379.9749203920364 34.73832251876593 0.1387095749378204 5.180829949676991 4526.877770781517 5267.694787688553 4837.417807735503 9.384928479790688 126.5835879072547 17.15231943875551 657.4273052513599 13.59409389644861 195.9255851283669 35787.22085732967 10604.81192302704 13.41144039481878 102.0007401406765 59.30245745182037 693.1666276752949 50.00674746185541 15.3414788171649 2210.735255882144 38.57063207775354 1569.139233581722 2916.987744815648 3931.853031829 1068.524889044464 13.39096585661173 9.53716117888689 59.89552042633295 8.792834751307964 0 830.5383119061589 75.08203545212746 0 0 0.1006494164466858 0.4692888334393501 0.2173916921019554 0.7476199641823769 0 188.6534288004041 0.1748752593994141 1017.575006261468 0.1069184541702271 0 8.421010099351406 313.0045281350613 306.4242920130491 919.2369173243642 0.1031392738223076 3.550980620086193 8.585741452872753 7.135067522525787 7.127363182604313 157.9995513185859 3262.742214478552 5837.043718665838 2.263080783188343 0.1489293873310089 0.5307824015617371 258.4983282312751 0.7493098899722099 0 35.97817662358284 1.565740458667278 110.0758767053485 142.6636517718434 102.8611253201962 58.39795303344727 2.553753882646561 0.5004170089960098 5.083956219255924 0.7805161774158478
14.6315916031599 7736.884948112071 10493.81122523546 15.95959737896919 1.182667471468449 25.48333401232958 243.5809654220939 133.4515198394656 230.7684604823589 14.33142837136984 2125.638722375035 13.27177726477385 3297.107506796718 98.99475165456533 0.5599859654903412 3821.49689283967 5478.662845760584 281.4024020805955 988.6463649347425 5.459632597863674 657.6805402636528 3269.728403672576 15478.39349066466 1059.025198698044 3502.651106975973 10604.81192302704 48983.12932357937 667.6167474687099 137.3559456467628 228.704660512507 2193.197650633752 25.12518075108528 26.58729223906994 3414.306522637606 228.7958589121699 8525.074473686516 7812.380505487323 10258.01366711408 5753.279365971684 286.0164667442441 15.16789174079895 71.74588453769684 92.20726608484983 0.4348365440964699 4125.018967017531 1379.849631384015 0 0 0.342416487634182 3.57626736164093 1.255869902670383 5.966351881623268 0 212.428006708622 0.7481027841567993 1297.600134812295 2.888140521943569 0 477.6851107701659 379.917543053627 251.3291506767273 739.2825251668692 0 37.55835767090321 1463.334331594408 1545.777661807835 36.382120013237 527.7349664121866 4122.157640978694 20203.54504003376 14.22821842879057 1.721537321805954 6.657585024833679 411.5039071440697 0.892171710729599 0.1087179034948349 150.6406550556421 28.89021226018667 1028.897657707334 745.2611379697919 594.0347945094109 345.1280555650592 10.82081467658281 1.229405276477337 5.394063510000706 4.152257770299911
86.86669959127903 20.65371856838465 106.4636305272579 2745.6341079548 1.450567558407784 283.8193370066583 19603.4749718979 1453.75965179503 810.777361266315 2827.482444472611 9.493139252066612 313.267030954361 1.782610818743706 878.5161153450608 11.10241569578648 2090.137035362422 89.31249945610762 3.57585883140564 10.95450758934021 1500.614523343742 10191.54051400721 134.4649911150336 2118.575423933566 6559.215766943991 3.513853318989277 13.41144039481878 667.6167474687099 27162.28231539577 595.6208786889911 11083.94064798951 0.8031032979488373 13.18320454657078 144.806570880115 1101.175046436489 92.01256025582552 4192.14535998553 193.8438913151622 1593.445186987519 778.0914622023702 150.7921732217073 37.78813276439905 3.168521150946617 49.18212121725082 3.625258550047874 1.511811196804047 2.255453296005726 26.95300830900669 0.09551971405744553 11.70361955463886 63.96472149342299 25.45391545444727 131.8365038409829 45.36128913611174 1.735557422041893 42.73947950452566 0.08600900322198868 19.97024657577276 0.3903630673885345 319.7622656598687 1.493119448423386 0.1222498416900635 0.8279230073094368 29.93060905486345 18.44878590852022 65.21533264964819 17.57694397121668 761.23152795434 0.1533938497304916 2.162603355944157 31.71144709736109 499.7394860610366 29.48531623184681 17.54624685645103 0 1.874599292874336 2.823660053312778 29.9676580876112 1.968786403536797 251.3815683946013 3.196185022592545 49.66310330480337 14.53596271574497 27.07808114588261 16.1241671666503 0.1733372658491135 1.015786670148373
995.552869066596 1.987778127193451 334.237023986876 156.6034017205238 18.26427918672562 384.9021033793688 257.3267748877406 1290.390021495521 83.08793681114912 468.9913744851947 132.2863780111074 322.5334369242191 8.893257886171341 5777.986777357757 0.8240886330604553 6.716749832034111 429.054903306067 23.84939646720886 83.84358719736338 152.7349435463548 453.7719248458743 8.070513114333153 495.1238600313663 460.0910946875811 0.8435909077525139 102.0007401406765 137.3559456467628 595.6208786889911 27281.83823800832 8173.313865087926 2.429135166108608 1119.628616057336 3569.046942539513 2948.107196167111 24.50580777227879 346.4423503503203 18.64312237501144 1190.662707954645 279.4718015044928 109.2630632743239 26.6688956618309 3.009341783821583 8.168543167412281 0 2.269867651164532 0.5427250787615776 0 0 0.8387645184993744 2.384365156292915 2.175537139177322 9.104676425457001 2.570734113454819 0 4.483476459980011 0 2.954578101634979 0 21.84842812269926 0.4013125747442245 0 0.389609232544899 1.387502253055573 0.8219689130783081 2.831331685185432 0.4121895134449005 49.09751811623573 0 3.909639522433281 11.55503237247467 31.58142374455929 3.791504040360451 0.4586996734142303 0.3914656192064285 0 0 1.254750743508339 0 23.46051822602749 0.6103189364075661 3.046038739383221 0.7213806211948395 0 1.144484996795654 0 0
