2285.576987691224 0.1171272844076157 383.8957243561745 16.54265098273754 0.9014423489570618 15.37995091080666 3072.691276781261 332.4822915121913 4.421525090932846 31.35019072890282 12.37857580184937 2.125549219548702 3.129189625382423 6205.474412858486 0.1610146760940552 1.808517038822174 174.0229532197118 0.9305823668837547 4.497011974453926 5.194192864000797 76.79590792953968 0 253.8546622619033 110.568285793066 0.8170642405748367 20.54239800572395 46.96931703388691 160.3171310350299 4646.573898546398 5953.366445846856 0.2266211733222008 8.552124761044979 155.1615799888968 174.5721405074 8.25105594843626 83.10891346633434 9.910755664110184 148.1922316104174 28.42708399891853 2.964428678154945 6.27357741445303 2.128240928053856 0.7940491959452629 0.11750578135252 0.1435678005218506 0.7015106305480003 0 0 0 2.787174575030804 0.1130336821079254 2.802141204476357 1.174248941242695 0.2434945628046989 0 0.2218558788299561 1.075353980064392 0 1.728299006819725 0.4315153658390045 0 0.2607885003089905 0 0.7303286343812943 0.8924364745616913 1.048445537686348 8.840939477086067 0 0.2057981789112091 5.917123079299927 10.06842537224293 0.2219606637954712 2.071500696241856 0 0 0.1074081808328629 0 0.8867656290531158 8.401201248168945 0.5780500620603561 3.736908085644245 1.194344945251942 1.637772992253304 0.2281974926590919 0.1325773000717163 0
0.1171272844076157 383.4244432672858 12.30463374406099 0.3233447298407555 1.156301334500313 1.215834274888039 0.8718668892979622 1.65497824549675 358.5833573117852 0.6339226588606834 218.4226229190826 1.933368511497974 506.274603664875 1.730639174580574 7.613950207829475 32.12566231936216 76.58475161343813 79.88063962757587 271.8272170573473 0.6516257598996162 5.40057173371315 1121.768565878272 4.48334277421236 633.7684242278337 3143.219738282263 954.4831593409181 6624.373205401003 24.16371899098158 5.427256919443607 0.699372835457325 49.39070403575897 5.50789187848568 0.1071166545152664 86.53742999583483 1.883581429719925 82.0702982917428 121.647997841239 163.7425381541252 47.01290126889944 7.198552332818508 0.6490518152713776 118.7735638022423 0.4314288273453712 0 49.4593897163868 15.52947375178337 0 0 0 0.1884077489376068 0 0.5554076358675957 0 10.43087268620729 0 26.42305336147547 0 0.1625456959009171 6.087949700653553 6.620971135795116 4.531491190195084 15.85829684138298 0 0 10.04238913953304 2.287494368851185 4.95465262979269 25.15656232833862 84.07815419137478 832.4944711402059 1.07191339880228 0.1820811927318573 0.1184280216693878 13.91284330934286 0 0 2.00772450864315 0 5.592901602387428 16.2298539429903 7.903292126953602 1.751483969390392 0.1262864321470261 0 5.726076610386372 0
383.8957243561745 12.30463374406099 5685.218836605549 22.0297941416502 1.467330574989319 92.97306550294161 539.8752989247441 663.4256559163332 4.168145775794983 43.75009401142597 11.02843248099089 1.776472419500351 5.62240781635046 1353.052611716092 0 60.23837243765593 7469.641982749104 2.289553456008434 32.97095205634832 4.943522147834301 672.6882594004273 14.07533942908049 8595.148937001824 104.9899292811751 1.711312592029572 7104.340776145458 11101.70365785807 154.6585435941815 583.9168643057346 1105.083699345589 0 8.024210080504417 62.85927003622055 648.0532045811415 30.19877348840237 1321.05662085861 735.7867249250412 1777.263927817345 738.3086920380592 22.64853144437075 13.22401510924101 2.021319285035133 8.344236761331558 0.896943025290966 64.45320835709572 608.9090825542808 0.21538046002388 0 0 4.28770037740469 1.058831609785557 2.228542827069759 0 0.2319028601050377 0 1.241184331476688 2.286692209541798 0 88.83613583445549 91.32380679249763 0.847831167280674 18.28590599447489 0 3.455606058239937 75.63149675726891 269.9238033369184 25.36857049167156 0.3291890770196915 55.37092237174511 2544.902403585613 16.97866571694613 3.067252039909363 9.052648805081844 0.238821342587471 0 0.1534347534179688 4.638029612600803 15.71198144555092 158.0042494311929 45.58856052160263 87.98146344721317 49.71549953520298 4.818179681897163 1.749594390392303 0.2341984063386917 0.9436526000499725
16.54265098273754 0.3233447298407555 22.0297941416502 1800.743439659476 5.138486877083778 167.2842715755105 739.9359481930733 168.8215217664838 1049.280382625759 3469.283827640116 10.96232284605503 1299.634465493262 7.623550891876221 241.5646102651954 128.3054333627224 0.27738057076931 1.41500897705555 1.456879936158657 3.392064400017262 2273.261736717075 5.982123322784901 0.8944883793592453 24.30040369927883 1149.026929289103 1.648270502686501 3.67573718726635 2.713319644331932 3397.129607930779 285.2369242981076 56.19098819792271 0.08219560980796814 13.32034672051668 17.42480794340372 74.71224574744701 9.224229499697685 589.0829198360443 12.72756476700306 214.0991402491927 44.51122859865427 218.8965441659093 26.1959086433053 4.145771458745003 7.908841125667095 0.1481321752071381 0 0 73.43686248362064 2.246074862778187 7.576193481683731 83.89693683385849 18.04231924563646 35.50096172094345 242.0154728889465 0 78.60025559365749 0.2405891641974449 19.26160602271557 26.73098310083151 1.580375015735626 0.5716939568519592 0 0 157.7364227771759 0 0.135494664311409 0.1982234269380569 368.8852404952049 0 0 0.4588746950030327 352.839901022613 13.5593630746007 6.260489381849766 0 0.3316969871520996 0.3720621317625046 4.254826098680496 0 123.7351783290505 0.3654242604970932 32.88661041110754 1.911514423787594 190.486591860652 4.403825782239437 1.678627915680408 0.08816226571798325
0.9014423489570618 1.156301334500313 1.467330574989319 5.138486877083778 0 45.84842094779015 5.775452062487602 34.78937136381865 94.56107245385647 6.703876100480556 70.23635309934616 93.94586415588856 39.44767905026674 8.849510483443737 810.2115586698055 0 3.462947033345699 2.202769406139851 3.940673626959324 17.18702606111765 1.17645438015461 1.558597482740879 1.521297447383404 30.68359958380461 6.76168517023325 5.417901881039143 3.730374731123447 6.983949296176434 30.60556130856276 0.6705197542905807 0.2719492018222809 55.08017112314701 0.2333696931600571 417.839728847146 0 37.75909523665905 23.539076782763 467.2323003932834 42.19692348688841 1675.755946323276 181.6351629197598 16.80583198368549 2.147563651204109 0 0.3001441657543182 0 0 0 0.1622866988182068 0.8119869828224182 0.2925228476524353 0.9254979640245438 0.111231803894043 0.5293145850300789 0.1307143270969391 1.497882887721062 0.1616798639297485 0 0 0 0 0 0 0 0 0 1.216878898441792 0 0.7190389707684517 0.6194039285182953 0.5560450553894043 0 1.127707034349442 0.2576876133680344 0 0 1.17748561501503 0.7580644488334656 0.6277714967727661 1.05251257121563 4.196387499570847 3.084818497300148 0.5211230516433716 1.284737512469292 2.647605486214161 0.3369627296924591
15.37995091080666 1.215834274888039 92.97306550294161 167.2842715755105 45.84842094779015 14398.07128025591 3267.774382859468 7778.161260902882 107.4750338643789 7822.458898544312 44.0769087523222 5047.167842060328 56.05334289371967 1327.524498395622 1444.342775955796 1.290585793554783 10.44569814950228 2.208944492042065 5.94428139179945 959.3382076397538 19.9656765833497 0.6507708802819252 61.25308161973953 101.0759916976094 7.059911198914051 10.09281486272812 7.912930570542812 338.0395398512483 298.3494856506586 151.5383613705635 0.2927068397402763 452.7998625487089 5.123638138175011 328.5136210545897 4.575293600559235 416.4611248001456 26.8643639460206 692.6268163695931 115.3054920583963 2195.525251105428 497.7915567904711 34.17041533440351 11.5753770917654 0 0 0 3.494857996702194 0 0.3909870088100433 5.151786260306835 1.231018990278244 5.48214752972126 14.62748363614082 0.1030044034123421 5.844997972249985 3.381269261240959 1.67732896655798 3.765823408961296 0.600814662873745 0 0.1404827982187271 0 11.21526856720448 0.2616674080491066 0 0.2823160663247108 22.86054203659296 0 0.3465193286538124 1.549159355461597 23.00690351426601 0.9730288237333298 1.31748066842556 0.5036726072430611 0 0.1109096184372902 3.385856240987778 0 18.56716103106737 3.804217167198658 13.25467398017645 8.747799828648567 12.62885981053114 5.438580974936485 8.24909582734108 0.2806343734264374
3072.691276781261 0.8718668892979622 539.8752989247441 739.9359481930733 5.775452062487602 3267.774382859468 29591.10161755234 2166.919843554497 602.2429152429104 14269.4946018979 28.30330022424459 60.93379671126604 18.88983887434006 7871.743077322841 40.95919616520405 57.65328712016344 24.12131282687187 1.893047347664833 7.824761912226677 356.7236740514636 410.4797733426094 4.8931550309062 947.9097743332386 2595.50662522018 3.828930735588074 23.00431930273771 182.627310231328 16575.51947310567 1355.705724880099 9844.548707611859 0 30.11475933343172 234.7861956506968 337.5305170640349 94.38773188740015 2188.089838199317 70.71221499145031 1055.123320281506 327.3045356348157 160.9405414909124 140.802917227149 5.005622237920761 32.47255325317383 0.5640575960278511 0.3361065462231636 1.120013415813446 41.75265525281429 0.5825419723987579 7.086348205804825 180.518006414175 34.20443199574947 123.3937990069389 123.0111873298883 0.789644218981266 22.5423456504941 1.429073430597782 27.57390505075455 7.076304502785206 14.22719483077526 0.3427375853061676 0.2056596204638481 0 83.2484694942832 4.44800028949976 4.501312270760536 13.57736870646477 491.949095711112 0.09350261092185974 0.4412568733096123 18.18738255649805 574.4645932912827 31.35933267325163 22.87512345612049 0.6707623675465584 0.3173526450991631 3.232283353805542 15.35536220669746 6.769235447049141 146.0466743558645 5.307216495275497 63.57480189949274 18.6625774204731 55.0960046723485 4.791099458932877 2.828821070492268 1.114056468009949
332.4822915121913 1.65497824549675 663.4256559163332 168.8215217664838 34.78937136381865 7778.161260902882 2166.919843554497 12072.57814838737 14.03322916477919 2492.840021513402 146.1741309165955 924.186516739428 99.52300152182579 8527.592309221625 62.82155074179173 1.899866625666618 162.7740605324507 7.14006157964468 16.93504620343447 638.4026884287596 68.10820761322975 0.4278553128242493 356.4395031407475 190.8740287944674 23.06271440535784 58.63895781338215 44.11903528869152 408.2605296820402 885.8333655744791 1214.537761583924 0.8622758835554123 247.7341881543398 12.34225212037563 534.9127279594541 7.741301350295544 631.5496290624142 84.59236557036638 953.7338311523199 142.0879669487476 333.7640448510647 369.2661440074444 61.40762060880661 16.52815040946007 0.1928959488868713 0.2876833006739616 1.3503697514534 1.064337357878685 0 1.04484336823225 22.80393919348717 10.23077843338251 10.73094519227743 4.304925948381424 1.705418333411217 3.741705030202866 7.676658496260643 4.007957749068737 0 1.838637009263039 0.7226885855197906 0.1004051268100739 0.2073986157774925 1.644035831093788 0.8701994493603706 1.009940952062607 0.6124444454908371 62.05853804945946 0.8363552391529083 0.6970081180334091 7.18501191586256 66.53432556986809 7.541757479310036 11.43716444075108 0.67105682939291 0.2016317620873451 0.620763823390007 6.091055512428284 0.3943987637758255 33.198610894382 8.252110555768013 30.97864358127117 18.0806605219841 4.690706305205822 9.919664740562439 11.52256714552641 1.072429984807968
4.421525090932846 358.5833573117852 4.168145775794983 1049.280382625759 94.56107245385647 107.4750338643789 602.2429152429104 14.03322916477919 1493.842300228775 118.3408095613122 8.735369808971882 520.9618112593889 16.74885655939579 27.08067892491817 1210.648671030998 90.43589673936367 9.423073075711727 4.394253693521023 8.166729584336281 663.9313960894942 33.52574834227562 1957.442620918155 27.20624385029078 12603.60366265476 91.40605875104666 43.18062461167574 878.3691958114505 1831.784754626453 46.24880034476519 21.23530317097902 1.319811791181564 3.252955220639706 8.762733809649944 20.11345983296633 4.758085504174232 219.9459026753902 25.6946838721633 64.63794355839491 8.792271211743355 366.2673872262239 8.985112473368645 1.141457013785839 1.974075675010681 5.056156225502491 5.412441022694111 2.504381127655506 72.66295284032822 2.317172303795815 7.221064351499081 109.9947072640061 20.47619245201349 180.159991286695 141.2827806472778 1.116390809416771 83.8256623595953 0.82577795535326 18.52460476011038 25.48153288662434 120.1985045000911 1.941460162401199 0.2530178502202034 0.7842256501317024 114.6990722343326 66.12855187803507 86.27587449550629 9.728184804320335 990.7088716328144 0.3914466351270676 4.582191221415997 24.13703883439302 647.9905496239662 49.40852396935225 87.00943001359701 0.6440003290772438 0.4185943901538849 6.493520803749561 10.62808860838413 2.886137217283249 109.9020403251052 6.386063486337662 39.90700437873602 15.34519513696432 127.9364262670279 4.869631320238113 0 0
31.35019072890282 0.6339226588606834 43.75009401142597 3469.283827640116 6.703876100480556 7822.458898544312 14269.4946018979 2492.840021513402 118.3408095613122 25776.56391922385 51.16956195235252 4136.768246799707 15.15041542053223 1497.152093321085 25.64350324124098 2.357800520956516 6.968767218291759 5.375853702425957 18.0787687972188 2884.34682315588 18.74265473335981 0.3360721915960312 55.61089234054089 269.6872452571988 6.876870818436146 11.66862994432449 8.884314313530922 5844.886200793087 805.4282223284245 143.8329243957996 0.5185730531811714 56.4697498306632 20.79133901000023 280.1188736483455 17.38971872627735 1002.749439701438 39.57894359529018 595.8354934304953 88.14392142742872 140.2956439778209 92.10928060859442 10.95177543908358 23.31584363430738 0.7133582234382629 0 0.4190121293067932 15.40901621431112 0.3578917682170868 3.561177082359791 29.13173505663872 4.940958619117737 14.29390925168991 48.69820065796375 0.3329710364341736 12.90921742469072 2.167023561894894 4.242988906800747 7.56382067501545 0.8018684834241867 0.1243517771363258 0 0 41.90972456336021 0.727790430188179 0.414636641740799 0.8309914320707321 117.6879484131932 0.1066105291247368 0.3259598761796951 1.898532442748547 128.2890529707074 5.028241947293282 6.11104553937912 0.1687957495450974 0.10002201795578 0.2337962985038757 1.720483258366585 1.52165587246418 45.85981479287148 2.194510228931904 16.7876885458827 5.198483616113663 27.74918329715729 1.567384347319603 2.006506085395813 0.4480482414364815
12.37857580184937 218.4226229190826 11.02843248099089 10.96232284605503 70.23635309934616 44.0769087523222 28.30330022424459 146.1741309165955 8.735369808971882 51.16956195235252 12763.26677723974 37.49063777923584 4778.485327370465 184.660764195025 0 1.52916145324707 580.3841025158763 1648.381119631231 4375.714761801064 35.77589181810617 8.708516798913479 35.86287478357553 26.26761830598116 28.68876039236784 3077.179742343724 5249.497548855841 3183.24632512033 23.60509594529867 491.0170329064131 14.45282457768917 1088.715208657086 442.3605002313852 4.394573204219341 5277.340200513601 5.421277657151222 608.3453829735518 4891.593937672675 5662.320146791637 767.5277831181884 7.815006673336029 39.3278381973505 1144.31316781044 4.946370080113411 0 29.77570309489965 1.176736302673817 0.2245503515005112 0.5045951902866364 1.763062842190266 4.016344085335732 8.082741305232048 3.426404170691967 0.9078173264861107 716.7456379160285 0.9241783171892166 2104.295345656574 4.149315237998962 0.4512923285365105 0.6447309106588364 2.934272825717926 74.5783694460988 10.09799768030643 0.4168548509478569 0.123895451426506 1.656838431954384 1.474803790450096 8.504828050732613 178.0145574659109 329.5562529712915 779.5193030834198 9.005446188151836 12.28257981687784 1.72190872579813 483.2838105857372 4.657436728477478 0 76.81843261420727 0.4782711267471313 11.90384319424629 666.627778403461 332.1447786986828 21.96871198713779 3.95672695338726 1.58850309252739 261.2901265993714 0.1001383885741234
2.125549219548702 1.933368511497974 1.776472419500351 1299.634465493262 93.94586415588856 5047.167842060328 60.93379671126604 924.186516739428 520.9618112593889 4136.768246799707 37.49063777923584 7041.900300234556 24.94674021750689 292.0065060481429 1758.482614919543 0 1.825957126915455 3.833828113973141 7.632536694407463 4208.290723867714 0.1956672519445419 9.057346150279045 1.780236817896366 392.2018027603626 7.908044032752514 7.760952822864056 10.02354346960783 196.0616052597761 362.3040361255407 5.046730220317841 0.4023318290710449 86.75230666995049 1.12566065788269 159.6011732444167 1.824499323964119 793.802443780005 26.7471938803792 316.2850680500269 29.64373999089003 1120.626107491553 84.84155778586864 16.29299617558718 5.118251256644726 0 0 0 19.78463160991669 3.635013982653618 1.419779688119888 13.75350289791822 2.727634489536285 11.43371020257473 44.83720345795155 0.3738000094890594 30.50803637504578 1.351650141179562 1.448342762887478 15.97178323566914 0.5799628272652626 0 0.2508046254515648 0 49.01730708777905 0.1197338476777077 0.4509915113449097 0.2379234284162521 64.5023625344038 0.1903321072459221 0.1129600182175636 0.8056007698178291 39.3042805492878 2.998906753957272 4.222091555595398 0.07428210228681564 0 0.8895397782325745 4.054434031248093 0 75.76694328337908 2.328560203313828 9.661271326243877 2.683836288750172 123.7186742872 1.090372852981091 4.375021241605282 0.2676363736391068
3.129189625382423 506.274603664875 5.62240781635046 7.623550891876221 39.44767905026674 56.05334289371967 18.88983887434006 99.52300152182579 16.74885655939579 15.15041542053223 4778.485327370465 24.94674021750689 4950.493201293051 41.99893426150084 2.004268020391464 19.04279844462872 7.572355784475803 58.6265691369772 38.05943666398525 16.93414192646742 30.89424137026072 56.80784806609154 14.36895240843296 44.40711496025324 6734.768951773643 1517.451849788427 3220.522079184651 40.14410112798214 76.34906008094549 27.38336500525475 816.0459705963731 147.9897631034255 1.402745380997658 1029.961238317192 90.5983332246542 3672.008041441441 3460.413644254208 2484.325395405293 418.2919351682067 88.21562993526459 231.1197885200381 866.3805778026581 32.73027251660824 0 26.1751431375742 0.9838182330131531 1.216968655586243 0.7311353981494904 3.458479583263397 4.158910095691681 9.898651927709579 1.219838880002499 0.9320330172777176 595.0031588375568 3.191417895257473 1723.203594133258 5.491460628807545 6.630707979202271 1.097564846277237 0.227542333304882 42.92251036316156 13.78836914151907 3.747170269489288 4.267158776521683 6.353563979268074 1.039780899882317 6.985492497682571 199.0505286231637 205.1506044715643 481.7674455046654 8.387131698429585 8.802656397223473 9.723078601062298 306.473103761673 5.936897590756416 0 86.19467605650425 50.6182279586792 802.4883992001414 724.6296459063888 334.1522825583816 60.04706684499979 195.4258478283882 48.57956525683403 298.8161053135991 5.203456580638885
6205.474412858486 1.730639174580574 1353.052611716092 241.5646102651954 8.849510483443737 1327.524498395622 7871.743077322841 8527.592309221625 27.08067892491817 1497.152093321085 184.660764195025 292.0065060481429 41.99893426150084 11775.18947716802 2.74429452419281 3.211143046617508 398.5930023342371 10.96098542958498 34.73722170293331 397.3583375588059 164.4479367956519 0.7298824414610863 761.7019432410598 378.3415702804923 21.15079212188721 89.68326186388731 107.7609005942941 781.3407169058919 9592.159557789564 4660.477072887123 1.156054139137268 119.7240356132388 96.33782928436995 942.2664192244411 9.604529589414597 408.158446200192 83.28121642768383 741.6143939346075 92.20061069726944 73.47552019357681 90.35311508178711 25.82870760560036 6.446972236037254 0.2639564126729965 0.7300654053688049 0.3875021636486053 0.8028624802827835 0 1.141342714428902 37.23848267644644 5.287034526467323 22.79323480278254 7.610216155648232 2.275234669446945 2.095203392207623 5.192781746387482 6.887676388025284 0.9622895121574402 5.043413281440735 0 0.1016288846731186 0.1845123246312141 6.538645178079605 1.499611511826515 0.7332084849476814 3.021123491227627 79.43322239071131 0.5663273707032204 1.166161946952343 12.66551765054464 85.24269216507673 12.57733830064535 19.92739696800709 0.8509989231824875 0.3472342193126678 0.6874200254678726 4.520004384219646 0.7267018258571625 48.46004790812731 3.62765871733427 26.31417371332645 9.553076878190041 8.56677783280611 2.716259345412254 2.947656005620956 0.2401608973741531
0.1610146760940552 7.613950207829475 0 128.3054333627224 810.2115586698055 1444.342775955796 40.95919616520405 62.82155074179173 1210.648671030998 25.64350324124098 0 1758.482614919543 2.004268020391464 2.74429452419281 416.9944270402193 0.3634044528007507 0.1541814059019089 0.4464594125747681 0.4243637025356293 232.6899732574821 0 32.57149244099855 0.5282232463359833 998.8319507166743 1.622891560196877 1.351733818650246 22.9399316161871 108.6019692495465 5.940100744366646 0.6030765399336815 0 272.9759852215648 0.4675704836845398 0.788937509059906 0 65.8290306776762 2.144913278520107 10.56632360816002 1.36434280872345 1715.270426139235 42.40458717942238 0.482215017080307 0 0 0 0 1.213243052363396 0 0.2117179930210114 1.939333871006966 0.1759495735168457 7.882607653737068 3.050306260585785 0 0 0 0 0 1.002022162079811 0 0 0 2.525054752826691 0 0.3342962563037872 0 6.319672748446465 0 0 0.4624924808740616 7.0145183801651 0.8120181560516357 1.110674485564232 0 0 0 0.8262494504451752 0 3.076859697699547 0.174956351518631 0 0 3.055885970592499 0 0 0
1.808517038822174 32.12566231936216 60.23837243765593 0.27738057076931 0 1.290585793554783 57.65328712016344 1.899866625666618 90.43589673936367 2.357800520956516 1.52916145324707 0 19.04279844462872 3.211143046617508 0.3634044528007507 2165.84438765049 20.9507961422205 0.6510315164923668 1.975485451519489 0.1683704704046249 2870.838056579232 4207.937524542212 3718.569012574852 2635.495644949377 4.457403995096684 8.055515602231026 4409.600317016244 731.3187297284603 16.89020599424839 34.34460685402155 0.1228866800665855 0.969763770699501 6.574970111250877 77.54636852443218 105.9846092090011 2105.043401993811 851.2102339938283 563.972844094038 925.9741216748953 74.61029092222452 8.868882603943348 2.812544845044613 10.55525846779346 7.339255541563034 6.849232636392117 16.16875638067722 0 0.1078473627567291 1.055881820619106 20.64712056517601 8.709274888038635 107.2968800514936 0.4427491873502731 0.3245222643017769 0.1061991527676582 4.189939871430397 16.61991193890572 0 2610.412496142089 11.73663190752268 0.6219987943768501 3.755025871098042 0.1532711982727051 764.5491179898381 1007.24276779592 1575.844938851893 299.590689137578 0.3010048270225525 7.462640725076199 574.3033359050751 298.2339965701103 60.92138338088989 292.6076853051782 0.3193490877747536 0.08390769362449646 11.07346525788307 22.56777890026569 21.80490051209927 385.358538761735 77.83209493756294 88.28667437285185 80.01485411822796 17.54631472378969 1.044870033860207 0.2954106256365776 2.241223193705082
174.0229532197118 76.58475161343813 7469.641982749104 1.41500897705555 3.462947033345699 10.44569814950228 24.12131282687187 162.7740605324507 9.423073075711727 6.968767218291759 580.3841025158763 1.825957126915455 7.572355784475803 398.5930023342371 0.1541814059019089 20.9507961422205 2108.082466341555 128.0148146525025 4619.80904584378 2.213620208203793 472.0721036046743 36.21792104840279 4951.947605811059 45.68178349733353 18.92126329988241 2424.198423363268 8232.545081011951 14.18261820822954 524.1450963169336 970.7120055630803 2.265286631882191 20.39877118915319 89.88318207859993 3902.260003656149 13.77127203345299 789.4250887259841 870.8060869127512 2983.601306118071 712.0009394437075 8.456863895058632 5.294285766780376 6.284424029290676 2.873772941529751 0.1140152141451836 76.35211979597807 178.310974240303 0 0 0.0949762836098671 1.993517518043518 0.3182155340909958 2.281404353678226 0 1.414483457803726 0.1084911748766899 3.593798615038395 0.4616164863109589 0.3292323797941208 29.44823628664017 69.34633231163025 2.524287924170494 64.54093214124441 0 1.49675840139389 31.62187965214252 20.88551476597786 17.43076579272747 2.733877710998058 242.0577821433544 1218.879461660981 4.028811059892178 0.09455490857362747 1.642715595662594 0.9989979118108749 0 0 4.569867506623268 2.200549438595772 48.58871118724346 32.62429527938366 45.238052777946 12.38910197466612 1.896593868732452 0 0.3168099299073219 1.161317825317383
0.9305823668837547 79.88063962757587 2.289553456008434 1.456879936158657 2.202769406139851 2.208944492042065 1.893047347664833 7.14006157964468 4.394253693521023 5.375853702425957 1648.381119631231 3.833828113973141 58.6265691369772 10.96098542958498 0.4464594125747681 0.6510315164923668 128.0148146525025 233.2512252405286 1945.489550098777 3.138522461056709 2.094514772295952 11.83271621912718 2.925931543111801 5.402812905609608 395.8481455594301 7147.453335173428 1068.334315478802 3.30452223867178 26.82309037446976 1.665896125137806 115.6339324936271 17.03203135728836 0.656518466770649 344.2091571688652 5.689269103109837 423.3434101566672 1018.492298066616 975.4832409769297 346.1133583411574 2.5061090067029 3.560495764017105 32.99095415323973 2.485831364989281 0.1072065681219101 20.00581156462431 0.1152443289756775 0 0 0.09037705510854721 0.09676437824964523 0.1038133352994919 0 0.4097684323787689 35.82697501033545 0 178.6287225112319 0.7148246467113495 0 0.6645661219954491 0.4845442995429039 55.91590459644794 10.13208808004856 0 0 1.769447773694992 0.4901263862848282 1.786325611174107 59.46915067732334 274.006074257195 757.407796472311 0.6038338392972946 1.535889714956284 0 101.687929995358 0.1111801788210869 0 4.93725647777319 4.305429726839066 4.306659378111362 97.12237580120564 22.35420389473438 2.093579038977623 0.148776113986969 0.1275434792041779 5.974845699965954 0
4.497011974453926 271.8272170573473 32.97095205634832 3.392064400017262 3.940673626959324 5.94428139179945 7.824761912226677 16.93504620343447 8.166729584336281 18.0787687972188 4375.714761801064 7.632536694407463 38.05943666398525 34.73722170293331 0.4243637025356293 1.975485451519489 4619.80904584378 1945.489550098777 2732.69634667784 11.75883356481791 8.351978838443756 25.83974144607782 37.83937052637339 19.45261330902576 328.9959181174636 5523.498891875148 2045.118387132883 10.32039853930473 85.43728887289762 12.08170133829117 10.64081539958715 35.92699528485537 2.105208963155746 3861.83849684149 7.699729740619659 1278.69312222302 1196.474948272109 2711.120350837708 849.1509071066976 7.933801747858524 5.949088484048843 8.846714816987514 8.859097577631474 0.08932464569807053 103.2476353347301 7.419178850948811 0 0 0.07326803356409073 2.588240928947926 0.3201541751623154 1.909018807113171 0.1054905578494072 13.36607875674963 0 46.45472147315741 0.3887490704655647 0.1435707807540894 1.618035301566124 8.291089326143265 35.73619855195284 78.83787094801664 0 0.4452265202999115 5.359213523566723 0.2342204004526138 4.26606547832489 41.61635083705187 465.1851268857718 1552.443194001913 1.741802707314491 0.6697706654667854 1.445427931845188 21.64935420453548 0.2167011424899101 0 5.045641303062439 6.690570309758186 12.12345685064793 54.98315788060427 23.38836491107941 5.184172727167606 0.204516775906086 0.3464444279670715 2.165041983127594 0.1154876574873924
5.194192864000797 0.6516257598996162 4.943522147834301 2273.261736717075 17.18702606111765 959.3382076397538 356.7236740514636 638.4026884287596 663.9313960894942 2884.34682315588 35.77589181810617 4208.290723867714 16.93414192646742 397.3583375588059 232.6899732574821 0.1683704704046249 2.213620208203793 3.138522461056709 11.75883356481791 708.3303322419524 1.323407649993896 0.5923995524644852 5.96000575274229 303.3726160526276 4.864092014729977 7.212738730013371 4.25399087369442 1157.218927673995 446.4502160847187 22.50934478640556 0.4743795096874237 52.65458775311708 4.145867340266705 171.0060839280486 6.843008518218994 646.0369961485267 25.33810181170702 348.4226005524397 47.28166380524635 417.9101036712527 62.78927429765463 10.88567768037319 10.40903972089291 0 0 0 46.04699258506298 0.7132631242275238 2.71942064166069 39.130235850811 7.440117634832859 20.48472566902637 97.59483452141285 1.504447355866432 52.66666220128536 2.647810488939285 5.988993510603905 20.25524391233921 0 0 0.1002895087003708 0 81.01430291682482 0 0.4953238666057587 0 156.2463591843843 0 0 0.653057873249054 172.445255510509 8.913181826472282 2.543863333761692 0.2617029994726181 0.09493401646614075 0.1192066669464111 2.830863200128078 2.566647082567215 96.90156200528145 2.105412483215332 14.11615786701441 4.965290948748589 88.17739482223988 1.360723786056042 2.953495554625988 1.062892414629459
76.79590792953968 5.40057173371315 672.6882594004273 5.982123322784901 1.17645438015461 19.9656765833497 410.4797733426094 68.10820761322975 33.52574834227562 18.74265473335981 8.708516798913479 0.1956672519445419 30.89424137026072 164.4479367956519 0 2870.838056579232 472.0721036046743 2.094514772295952 8.351978838443756 1.323407649993896 11351.66819427907 158.2135975509882 12730.99824026227 1242.764813795686 1.985666275024414 11.79418724775314 825.2998960018158 3117.516610331833 119.7653742432594 11568.57904369384 0.09611085057258606 8.98625073581934 15.18465415388346 4240.46730607003 463.2745002508163 4827.779909126461 1666.129405066371 5622.839082762599 3543.121526740491 128.5389286950231 35.81536608934402 5.821506932377815 33.86083555966616 10.08770627528429 0.8875730261206627 4.693315766751766 0 0 0.6029025986790657 25.74557208269835 9.404161937534809 66.78484444320202 4.254278391599655 0.6517720296978951 0.3108490854501724 9.383673280477524 22.95019490271807 0.8593639135360718 641.2778048813343 6.452770836651325 0.1939559802412987 1.42707072943449 2.392610013484955 594.3533607944846 324.392094284296 154.6832599192858 309.338399797678 0.09300176054239273 1.020513758063316 46.06683124601841 268.2388541325927 90.96619357913733 386.6405836045742 0.07137227803468704 0 10.2226799800992 21.71874313056469 49.46191231906414 412.4816055968404 22.13433960825205 70.37301497161388 37.62598003447056 24.77214779704809 1.274208158254623 3.46246362477541 2.823554813861847
0 1121.768565878272 14.07533942908049 0.8944883793592453 1.558597482740879 0.6507708802819252 4.8931550309062 0.4278553128242493 1957.442620918155 0.3360721915960312 35.86287478357553 9.057346150279045 56.80784806609154 0.7298824414610863 32.57149244099855 4207.937524542212 36.21792104840279 11.83271621912718 25.83974144607782 0.5923995524644852 158.2135975509882 1489.441475346684 315.2163745909929 7349.38318451494 576.6226573586464 118.3580755218863 5502.949821487069 146.5039417073131 3.920855768024921 2.186846129596233 9.600512273609638 0.6739838272333145 0.3548453599214554 18.887466840446 3.275370597839355 65.92092449963093 32.1806331500411 44.81791281700134 26.48561928421259 30.79356276243925 0.2107059508562088 11.91340186446905 0 0.5024943351745605 19.12420202046633 18.76339656114578 0 0 0.2364893406629562 3.114258408546448 1.418262965977192 32.26415881514549 1.311315417289734 2.014920562505722 0 4.027291640639305 0.7842315137386322 0.2113216668367386 774.9222517907619 6.3935362175107 0.6198139861226082 3.580491781234741 0.1057426780462265 99.01953388750553 90.71113078296185 284.9617644026875 77.5007621049881 0.392783559858799 13.32368332147598 538.6552288532257 49.47441762685776 4.521987162530422 29.02773997932673 2.435234896838665 0 0.5004061833024025 2.813984997570515 1.650787353515625 51.87584309279919 21.23280214518309 16.18480491638184 13.47937830537558 2.565814778208733 0.5078709572553635 0.1422803699970245 0
253.8546622619033 4.48334277421236 8595.148937001824 24.30040369927883 1.521297447383404 61.25308161973953 947.9097743332386 356.4395031407475 27.20624385029078 55.61089234054089 26.26761830598116 1.780236817896366 14.36895240843296 761.7019432410598 0.5282232463359833 3718.569012574852 4951.947605811059 2.925931543111801 37.83937052637339 5.96000575274229 12730.99824026227 315.2163745909929 17116.97965822369 570.3533572778106 3.134985037147999 254.5582147315145 14520.24922381341 1458.342924907804 417.5178038030863 5357.114681705832 0 13.3212134540081 67.55108138173819 3709.840123288333 331.4117590114474 7067.017627187073 2833.763405822217 6960.780787535012 6545.276305481791 367.5885449573398 45.84424306452274 10.9474952891469 43.56224486231804 1.766972981393337 8.961548089981079 114.1252920925617 1.140103578567505 0 0.3409816473722458 12.78136748820543 2.760309226810932 17.49998298287392 1.121573969721794 0.5143409967422485 0 5.907569333910942 4.206197962164879 0 1490.172321252525 16.24006285518408 0.7583703696727753 2.628303669393063 1.189852342009544 350.5502216443419 388.0733034610748 1474.330956868827 109.3531387075782 0.3797673583030701 10.79678995162249 1409.640119321644 111.8924465328455 17.88862292468548 117.7220399975777 0.1065706387162209 0 5.618633478879929 10.92271853983402 48.68888625502586 329.2202146276832 69.25577170401812 69.93880536407232 94.1281323581934 6.984110802412033 2.404086209833622 4.408666923642159 1.718175008893013
110.568285793066 633.7684242278337 104.9899292811751 1149.026929289103 30.68359958380461 101.0759916976094 2595.50662522018 190.8740287944674 12603.60366265476 269.6872452571988 28.68876039236784 392.2018027603626 44.40711496025324 378.3415702804923 998.8319507166743 2635.495644949377 45.68178349733353 5.402812905609608 19.45261330902576 303.3726160526276 1242.764813795686 7349.38318451494 570.3533572778106 10792.91555332392 127.7169919162989 65.9318858012557 3762.232960008085 16267.207232669 1001.794848047197 577.3211745172739 2.983435533940792 19.76797169446945 241.6229116842151 430.8621380329132 121.392318636179 2647.346018671989 410.1309794038534 1047.892264083028 366.1016192063689 688.8826989457011 113.2095575705171 13.37462072819471 32.13466647267342 23.88228932768106 15.1178387477994 16.27278242260218 155.6734951585531 3.914693906903267 27.59061300009489 478.8608690500259 125.4321418553591 996.2092197462916 416.7557717040181 6.280456312000751 107.7570940703154 7.780129969120026 109.6870232149959 41.2556319013238 318.2518433853984 11.58689224720001 1.245934300124645 4.616345576941967 276.9840321391821 169.9821230247617 184.432762414217 55.61143094301224 2370.523446165025 0.6331051215529442 14.98511143028736 188.8367433026433 2059.539652563632 227.3588504269719 522.6078008562326 1.658417172729969 2.051963575184345 18.46907456964254 57.91368231922388 20.48170763999224 672.134224832058 14.00610503554344 272.1775850951672 72.82333137094975 320.570572078228 23.02366364747286 6.786788128316402 3.341788217425346
0.8170642405748367 3143.219738282263 1.711312592029572 1.648270502686501 6.76168517023325 7.059911198914051 3.828930735588074 23.06271440535784 91.40605875104666 6.876870818436146 3077.179742343724 7.908044032752514 6734.768951773643 21.15079212188721 1.622891560196877 4.457403995096684 18.92126329988241 395.8481455594301 328.9959181174636 4.864092014729977 1.985666275024414 576.6226573586464 3.134985037147999 127.7169919162989 1914.905278019607 2277.515714339912 6059.654386207461 9.084563009440899 47.78008203208447 1.461414448916912 432.1285192295909 51.30059085041285 0.7850218489766121 958.8849960640073 0.837088480591774 110.815965346992 422.8720313310623 800.3881618082523 78.42381342500448 1.970211088657379 6.528305239975452 637.6712076738477 3.963468916714191 0 130.9523416385055 0.8824497610330582 0 0 0.3017436861991882 0.7066554874181747 0.7878517061471939 0.7809914201498032 0 151.9522303938866 0.1034200042486191 1156.49106991291 0.9655348807573318 0.1044267937541008 1.200101293623447 0.3162927478551865 16.66744938492775 8.642842389643192 0 0.1484098732471466 1.455971524119377 0.08582476526498795 1.283012390136719 79.47078144550323 138.3715875521302 979.7937081754208 0.9027265906333923 1.805719964206219 0.3790917098522186 125.3294207975268 0.8192784190177917 0 34.79560981690884 0.4085609912872314 9.482067629694939 77.9903990700841 63.01332785189152 3.436650097370148 0 0.3644424974918365 66.48420134186745 0
20.54239800572395 954.4831593409181 7104.340776145458 3.67573718726635 5.417901881039143 10.09281486272812 23.00431930273771 58.63895781338215 43.18062461167574 11.66862994432449 5249.497548855841 7.760952822864056 1517.451849788427 89.68326186388731 1.351733818650246 8.055515602231026 2424.198423363268 7147.453335173428 5523.498891875148 7.212738730013371 11.79418724775314 118.3580755218863 254.5582147315145 65.9318858012557 2277.515714339912 32167.07040695101 25327.99006490409 16.59673357009888 99.12949346005917 27.84352424740791 633.3929991945624 35.54661343246698 5.46570823341608 808.0862478166819 13.88355284929276 1428.849999800324 2660.221926413476 2361.551360808313 800.3136788830161 9.208588965237141 11.15633945167065 203.3971204906702 6.76205612719059 0.2350532487034798 464.8428844884038 133.8701737448573 0.1225912868976593 0.1311405450105667 0.3970723450183868 1.322508163750172 4.353243932127953 3.970760427415371 0.2944401800632477 151.6617592200637 0.4162632972002029 624.7009034305811 1.931346505880356 0.6249769032001495 18.18350540846586 83.99565313011408 164.4381053969264 323.3853366672993 0 0.4345076754689217 33.82503914088011 5.598207116127014 21.49844611436129 253.5763121545315 1950.610463477671 6533.103901043534 5.056519113481045 5.128858864307404 1.304787941277027 315.2035612985492 1.223108746111393 0.2341323345899582 34.58089669793844 4.398622542619705 78.73070497065783 354.8319762647152 164.9596791490912 28.89362756162882 2.430940628051758 0.768065370619297 23.27889931946993 0.2284911721944809
46.96931703388691 6624.373205401003 11101.70365785807 2.713319644331932 3.730374731123447 7.912930570542812 182.627310231328 44.11903528869152 878.3691958114505 8.884314313530922 3183.24632512033 10.02354346960783 3220.522079184651 107.7609005942941 22.9399316161871 4409.600317016244 8232.545081011951 1068.334315478802 2045.118387132883 4.25399087369442 825.2998960018158 5502.949821487069 14520.24922381341 3762.232960008085 6059.654386207461 25327.99006490409 38308.8622995913 603.8066070973873 156.0050861611962 305.8183954879642 1287.523271888494 32.52538549900055 20.09059123694897 2796.632591374218 166.8811115995049 6508.791395582259 1983.633388005197 8193.285328119993 4067.406699635088 122.43045116961 21.42802573740482 48.42254264652729 35.52208271622658 1.957759439945221 2104.368979617953 1545.558232188225 0.5577405542135239 0 0.8156715333461761 30.01574937999249 4.852168016135693 18.73540695756674 0.7529708221554756 97.23888679593801 0.2103018760681152 364.6031672954559 6.716986618936062 1.210670776665211 925.1147705763578 399.7261386588216 125.4843544661999 397.0934544280171 0.8905916437506676 94.99166986346245 1113.106970764697 1480.352563679218 170.3979096412659 284.9398475065827 2163.673896923661 18590.56370725483 70.60708320885897 12.84294195473194 37.37206771969795 267.7733559980989 0.7185030281543732 0.8307184427976608 43.63675254583359 47.10344276577234 604.7631552815437 367.712727278471 388.7394239678979 200.4896636083722 15.40495552122593 2.43671765178442 7.689856551587582 2.890427805483341
