367.3037334829569 0 23.0513912960887 0.2610864192247391 0 1.547284908592701 1935.802539139986 116.4529142081738 0.3521218001842499 186.3269952014089 19.09647744894028 0.3183220103383064 0.3145670965313911 2500.849684253335 0 0.3188869953155518 168.3741171434522 18.5273000895977 48.04734658449888 0.5730913281440735 96.33596373349428 0.5166378021240234 157.5655056163669 11.99351484328508 0 48.09916791319847 11.83939182013273 38.55522378534079 2597.315714880824 2880.687119916081 0 1.902517221868038 9.350087687373161 58.44977717101574 0 6.514899685978889 0.8314600810408592 15.78977335244417 2.246050722897053 1.158884555101395 0 0 0 0 0 0 0 0 0 0.4461247324943542 0 0.5006188750267029 0 0 0 0 0 0 0.2456266060471535 0 0 0 0 0 0 0.1263759136199951 1.920126169919968 0 0 0.09808512777090073 0.9961491227149963 0 1.420297384262085 0 0 0.9295048117637634 0 0 0.7752246260643005 0 0 0 0 0 0 0
0 49.23668269068003 16.43187999725342 0.1898362711071968 0.2932000607252121 0.9375374540686607 0.8470524773001671 0.9145662114024162 1117.077851377428 0 227.0446886718273 0.9046332389116287 969.102839872241 0.8933291360735893 7.520660348236561 208.0021585300565 13.25747982412577 0.9774493500590324 4.719923958182335 0 3.933280758559704 1909.052820034325 9.638094767928123 1068.960643291473 1063.827470138669 135.2468074113131 7937.484914705157 22.40474082529545 1.145692437887192 2.500336311757565 23.04497412592173 0.4327114522457123 0.9122697710990906 68.90304168313742 0.8991443663835526 24.13903570920229 187.7697689607739 79.94098448008299 17.550142981112 34.96065081655979 0.1145836859941483 171.1332163959742 0.4723405241966248 0 56.62961938977242 77.32538962364197 0 0 0.1605117619037628 1.508713640272617 0 0.3630557209253311 0 5.331820838153362 0 19.15937425196171 0 0 7.534134827554226 7.197079002857208 8.649358749389648 29.79907915741205 0.1473240554332733 0.7977352440357208 12.73017801344395 3.181076556444168 10.21196895837784 21.49841535836458 358.0179329589009 2294.125278219581 1.160024479031563 0 0 6.129035145044327 0 0 1.261358618736267 0.1648842841386795 9.377576261758804 14.25300764292479 9.057883307337761 2.745978280901909 0 0 0.766647681593895 0
23.0513912960887 16.43187999725342 6863.744199156761 2.065977871417999 0 8.969891913235188 714.9500722065568 166.6655627116561 0.7207608744502068 12.68599680811167 159.0180786848068 1.29774048179388 32.75307370722294 192.7569317445159 0.4315852671861649 15.57433512061834 2841.552071496844 61.26925607770681 156.2941236048937 0.4738182574510574 857.237481623888 13.31147203594446 14028.71614284813 94.5177998021245 2.31483355909586 6051.330260358751 6251.201457679272 621.3381337970495 34.00721220672131 462.1578857526183 7.523891277611256 1.190956071019173 4.232766397297382 946.8718069344759 63.04460993409157 2514.085598416626 2463.075823187828 1894.321594581008 1054.454316578805 64.08537412434816 1.597978085279465 8.407617077231407 12.33999467641115 0.2343183159828186 78.10923867672682 270.4382033720613 0.1785729378461838 0 0.3025888800621033 6.804572507739067 2.054510742425919 0.9004511013627052 0 0.2787869200110435 0 1.402029432356358 1.959201656281948 0 27.76601571589708 7.769029676914215 3.013063989579678 3.464978732168674 0 10.23472207039595 51.98006843030453 86.44326646625996 12.65261142700911 0.7646542340517044 108.7475375011563 1378.871301718056 10.14841679483652 1.69141149520874 7.714441478252411 0.9070935398340225 0 0 0.1682932376861572 4.065893948078156 19.51422058790922 70.7967576533556 5.559447959065437 2.794529974460602 0.6858077049255371 0 0 1.889517486095428
0.2610864192247391 0.1898362711071968 2.065977871417999 3137.022219493985 3.552318222820759 69.42942446470261 21.2619539424777 145.5225446373224 499.188551582396 3182.533645488322 3.43312531709671 5156.840959712863 0.2065064013004303 120.3090740442276 86.15139179676771 1.127135455608368 0.7820951864123344 0.9622976034879684 2.084366180002689 5713.393993273377 1.174010224640369 0.1467668116092682 1.299335464835167 1336.109810136259 0 2.398441486060619 3.16208540648222 3417.014723174274 159.131062105298 1.657726213335991 0 3.182962350547314 2.896127782762051 56.652687266469 7.458830133080482 573.0522549077868 4.48935291916132 137.3948809951544 50.73116015642881 494.4005885049701 8.980306878685951 3.266536511480808 3.812469184398651 0 0 0.7215180099010468 117.6406900659204 0.3215817809104919 12.59202012419701 34.8996168076992 8.099897019565105 122.3183079212904 83.79312293231487 0 30.94367053359747 0 3.83368968963623 3.462756216526031 0.6272301524877548 0 0 0 54.46454917639494 0.4467590302228928 0.4392948150634766 0 213.8803299516439 0 0 0.284670427441597 145.6590689197183 1.567794069647789 1.576828062534332 0 0.126335933804512 0 1.607245817780495 0.3593719601631165 98.35728406906128 0.5592879951000214 9.107696413993835 0.7288947403430939 139.1822076663375 0 2.831016063690186 0
0 0.2932000607252121 0 3.552318222820759 49.88758826255798 382.8086678087711 1.85548909753561 122.0511632785201 82.46566047519445 5.461854286491871 57.19608578085899 84.18961720913649 5.440701983869076 7.466944672167301 331.6983411088586 0 0.3393251597881317 9.811593055725098 11.88401113450527 12.18617610633373 0 0.7984351217746735 0.1804739385843277 33.19401122629642 1.603951260447502 10.38533842563629 3.411383487284184 6.021206356585026 20.37901476770639 0.3808238282799721 0.1783802509307861 62.09980282187462 0.1220963299274445 478.1963491290808 1.284984201192856 43.57755912840366 5.901015304028988 271.1249642148614 72.35913659632206 2064.67796125263 157.580686584115 5.911314398050308 2.320236667990685 0 0 0 0 0 0 0 0 0 0 0 0 0 0 0 0 0 0 0 0 0 0 0 0.253086268901825 0 0 0 0 0 0 0 0 0 0 0.8870906233787537 0.2561360001564026 0 0 0 0 0 2.939610004425049 0
1.547284908592701 0.9375374540686607 8.969891913235188 69.42942446470261 382.8086678087711 9705.834657020867 1049.694727435708 5160.107142575085 307.8100356459618 8443.743148297071 74.72721970081329 5214.782603092492 6.217381954193115 278.5537935495377 1502.392190806568 2.720395550131798 4.57339146733284 20.58900374174118 23.68954398483038 240.5151186361909 8.905610457062721 2.262518614530563 11.81383959203959 433.3048704192042 3.318624541163445 23.69965256750584 12.68688647449017 1239.932775236666 211.6713116616011 12.59917271882296 0.7349506318569183 92.79442173242569 2.121975526213646 310.7256667017937 13.99844575673342 252.8295255899429 17.82558342069387 466.2807593867183 148.7421928271651 2385.679176680744 318.6962549760938 8.453211076557636 8.081238329410553 0 0 0 1.661841548979282 0 0.5347495600581169 5.81635744869709 1.693933814764023 2.357889115810394 1.14766738563776 0 2.226471707224846 0.1048240885138512 0 0 0.5627892762422562 0 0 0 1.080576792359352 0.0774904191493988 0 0.2281367406249046 17.6075022444129 0 0.3622191101312637 0.4237182885408401 8.783283844590187 0.3687266707420349 0.131727397441864 0 0 0 0.5984401404857635 0.4870329946279526 7.756831981241703 0.5075981542468071 1.734458193182945 0.7003583908081055 1.104799002408981 0 0.1111900806427002 0
1935.802539139986 0.8470524773001671 714.9500722065568 21.2619539424777 1.85548909753561 1049.694727435708 10833.97534542531 4207.516651898623 46.76315415650606 5387.249521635473 23.10261754691601 63.31364604085684 3.455925129354 7272.042856417596 10.40602445602417 46.10090291500092 320.3435166627169 16.57564938813448 46.25010793656111 12.75385683774948 1591.062727458775 14.46332064270973 1336.486272111535 1061.990404419601 1.798022106289864 367.8071643859148 180.0308939516544 16415.46411827952 2111.832661904395 4983.706334255636 0.4416575282812119 12.91215765476227 181.2695858627558 480.1316148936749 66.20604577660561 1890.543836593628 59.60261164605618 948.6944265589118 358.1388403326273 168.0602745786309 30.74627032130957 5.554972462356091 17.40690461546183 0.9494122862815857 0.3612096458673477 1.097621738910675 20.62880249321461 0 13.29095375537872 149.890147022903 24.51541071385145 32.00645373016596 18.94543323665857 0.5208448022603989 6.331458777189255 0 15.55874682217836 0.4551165997982025 16.41793258488178 0 0.2983989417552948 0 14.2523795068264 11.951451420784 5.770222760736942 4.188171699643135 333.0933758914471 0 0.5959598124027252 14.22195692360401 233.8658590465784 14.12770123779774 25.38468522578478 0 0 0.2761648297309875 5.52226696908474 1.218182250857353 88.89244858175516 3.303525105118752 25.83155891299248 9.881700657308102 31.44125527888536 1.36908845603466 1.986973166465759 0.1855048984289169
116.4529142081738 0.9145662114024162 166.6655627116561 145.5225446373224 122.0511632785201 5160.107142575085 4207.516651898623 15205.14723708481 49.08114935457706 4896.799130372703 331.3686043992639 1830.058900527656 26.0058818757534 7475.602003164589 333.4168265238404 2.074953101575375 553.5998151823878 130.8958901911974 251.9225430414081 639.6608012840152 392.5708408728242 1.863191001117229 426.5312875509262 629.0071870312095 7.103476524353027 344.0253960043192 82.01854030042887 1033.181638382375 348.0837295427918 1002.357802949846 2.700159467756748 143.7923997864127 7.913656242191792 536.9270135238767 29.71780899167061 820.3592594265938 62.91456411778927 1057.637034296989 331.3673957362771 1896.051723219454 346.2641412839293 27.27816808968782 27.68447861820459 0 0 0.4351690709590912 5.052409209311008 0 2.191379591822624 29.17735350131989 3.102728083729744 5.956548228859901 5.178371787071228 0 1.027738995850086 0.1794623583555222 1.819633945822716 0 5.070672415196896 0.07738056778907776 0 0.1676780581474304 1.937471002340317 1.92363590747118 1.102401204407215 0.1558723151683807 68.49175705760717 0.4776555448770523 0.5499365478754044 3.100668661296368 53.79805985838175 2.419983491301537 4.031461223959923 0 0 0.3678729832172394 2.41256383061409 6.684058591723442 27.71168679744005 0.2451600581407547 7.424528241157532 2.436832644045353 6.400957897305489 0 1.961717344820499 0.2954647839069366
0.3521218001842499 1117.077851377428 0.7207608744502068 499.188551582396 82.46566047519445 307.8100356459618 46.76315415650606 49.08114935457706 648.6188848912716 193.94258595258 60.95250137150288 226.5905791372061 187.804330162704 14.96048713475466 768.6425135955215 20.29033558815718 0.8940286189317703 0.2200754806399345 0.7421355322003365 439.3485857918859 7.685096189379692 1977.376286312938 3.473715826869011 10862.65624409169 430.5431066900492 11.32316440343857 821.0639112740755 844.1631308495998 27.19295520335436 32.96936531364918 4.806244410574436 2.555497735738754 10.58760678768158 20.92235596477985 1.221608966588974 109.3649753779173 25.41723036766052 37.39193952828646 12.26827502250671 692.3508851155639 11.56800557672977 9.080883048474789 1.34785633534193 2.138361215591431 1.245891273021698 0.848789855837822 168.9151466265321 0.1410142630338669 21.03323635458946 150.1248674020171 32.41277211904526 37.06084204465151 81.66989182680845 1.847821526229382 26.22149530798197 4.621856741607189 29.0053301602602 4.7983737885952 200.9466469734907 0.6783320605754852 1.365261003375053 0.6303037777543068 79.65532347559929 79.06294145435095 21.91807983070612 12.32378800213337 1323.946244813502 0.9809711053967476 1.986766293644905 6.543929040431976 437.9718515202403 24.84561302512884 52.85767704993486 0.8433857783675194 1.466790974140167 2.093228377401829 9.76356428861618 6.514138333499432 80.10115513205528 6.131855756044388 25.93943686783314 3.693107418715954 73.86233208328485 2.262685045599937 0 0
186.3269952014089 0 12.68599680811167 3182.533645488322 5.461854286491871 8443.743148297071 5387.249521635473 4896.799130372703 193.94258595258 42127.14840474352 38.14646250754595 5581.632768556476 3.046591281890869 1221.214709609747 78.59612545371056 6.169530034065247 6.546793356537819 14.22741048783064 23.57156829535961 6193.835234165192 12.38217800110579 0.2581981122493744 25.60890061408281 1334.677859179676 2.423517540097237 30.08462766557932 20.34662173688412 10222.25870870054 1109.216614842415 17.39585368335247 0.5664822459220886 25.59030195325613 12.69641202688217 264.5897538363934 108.6700538471341 1347.420709133148 38.14766849577427 824.6014372631907 220.9109137654305 468.3702092766762 64.21816056221724 4.582054257392883 21.55321166664362 0 0 0.5696845352649689 64.36534551531076 0 6.102210260927677 23.44656171649694 2.814662672579288 65.43184372782707 65.68527354300022 0.2246147692203522 29.39917602390051 1.887333631515503 2.562605127692223 3.888240993022919 1.125812724232674 0 0 0 39.24506704509258 0.3341724947094917 0.1133321821689606 0.1786344647407532 145.2801242768764 0 0 0.2027070373296738 98.381596326828 1.174395672976971 1.210696861147881 0 0 0 0.1158502027392387 1.408716768026352 79.44702565670013 0.1045416742563248 4.984173841774464 1.359994389116764 76.94461373984814 0 0.3388964906334877 0.7763998508453369
19.09647744894028 227.0446886718273 159.0180786848068 3.43312531709671 57.19608578085899 74.72721970081329 23.10261754691601 331.3686043992639 60.95250137150288 38.14646250754595 8163.37733951956 42.20614558458328 1456.710025086999 516.4743331894279 1.859747782349586 3.564933426678181 76.98651578277349 2400.138881623745 1633.214709930122 14.908262334764 40.14632923901081 98.91441324353218 75.73820139467716 53.93729198724031 690.6334604620934 2513.58678060025 638.8665398135781 31.60990227758884 666.680502474308 102.4612588137388 249.721859306097 411.5278636068106 75.40519189834595 8429.297172077 5.532358504831791 645.0174096152186 3298.903941199183 3885.77601351589 660.1503954008222 45.57300682365894 93.09850934147835 691.2133624479175 7.586110040545464 0 6.613028980791569 0.1635060012340546 0.1173115149140358 0 1.111844003200531 0.4165107309818268 0.5872595906257629 0.4383632838726044 0 90.4342397749424 0 691.7822668775916 0 0 0.2991674020886421 0.1113864257931709 5.881147094070911 7.525800973176956 0 0.3250707387924194 0.6669250428676605 0 3.769007012248039 172.1646911948919 40.5636939778924 210.9061448797584 2.747686915099621 0 0.1299897730350494 55.08609749376774 0 0 8.056845888495445 1.80578225851059 25.9949754551053 173.3497538343072 7.222476556897163 2.66416922211647 0.7505959123373032 0.681667149066925 43.09989650547504 0.1432790607213974
0.3183220103383064 0.9046332389116287 1.29774048179388 5156.840959712863 84.18961720913649 5214.782603092492 63.31364604085684 1830.058900527656 226.5905791372061 5581.632768556476 42.20614558458328 8693.26163354516 4.012518256902695 533.7215610817075 1522.725017517805 0 2.293732963502407 16.88494151830673 26.42665238678455 5834.150056548417 0.7739304900169373 0.4680248498916626 1.681907005608082 635.9066081643105 0.9445547685027122 18.47761102020741 12.02487628161907 695.1772870868444 421.5673473775387 3.664828591048717 0.5117498338222504 41.05694215744734 0.9955490827560425 87.43617183715105 8.90550934523344 713.1563547477126 16.60247680544853 342.6344956532121 63.89639706164598 2304.099385365844 23.96931347995996 1.61158986389637 3.790803134441376 0.1468000560998917 0.08450669795274734 0 101.1022425293922 0 1.698138020932674 4.968508511781693 1.58847913146019 24.98080697655678 33.05361421406269 0 22.48628437519073 0 0 5.487002447247505 0.107358805835247 0 0 0 25.45593690872192 0.1065035760402679 0.1424898654222488 0 36.68460081517696 0 0 0.3716088384389877 29.6974690258503 0.7381991595029831 0 0 0 0 0 0.7658455967903137 54.51512118428946 0 1.029218092560768 0 51.59171840548515 0 0.1113403290510178 0
0.3145670965313911 969.102839872241 32.75307370722294 0.2065064013004303 5.440701983869076 6.217381954193115 3.455925129354 26.0058818757534 187.804330162704 3.046591281890869 1456.710025086999 4.012518256902695 2278.438699990511 25.73781604319811 1.908694893121719 13.45880442857742 6.390122540295124 23.98709060996771 8.416420325636864 1.606308072805405 0.4799247309565544 315.8738494962454 6.913243442773819 114.6786556988955 3723.235608540475 858.7415991351008 3581.405778244138 6.757413126528263 38.98089477419853 1.299174122512341 925.2317190393806 32.56575059890747 0.2278645932674408 1280.3317591995 16.09601846337318 251.4362608641386 2343.248667761683 1583.576384976506 253.8954624533653 10.19751331955194 14.94425923377275 1198.066229373217 2.019944667816162 0 37.68667393922806 0.42645063996315 0 0 0 0.1091130673885345 0 1.556090474128723 0 224.4715639948845 0 1813.449053697288 0 0 0.09901120513677597 0.3425140380859375 11.5501409098506 14.91622488200665 0 0 0.894959419965744 0.154910072684288 1.198583163321018 591.2423810809851 104.7242519855499 531.2818884029984 0.4976852983236313 0.5101643055677414 0 129.5313774272799 0.115137480199337 0 21.39997288584709 5.382204160094261 21.12184834480286 431.7147083729506 26.14564787596464 4.210688754916191 0.183550700545311 0 200.8572526723146 0
2500.849684253335 0.8933291360735893 192.7569317445159 120.3090740442276 7.466944672167301 278.5537935495377 7272.042856417596 7475.602003164589 14.96048713475466 1221.214709609747 516.4743331894279 533.7215610817075 25.73781604319811 14384.52189482749 12.26374565809965 4.048518665134907 949.8593943566084 266.8144174963236 568.3916063979268 339.2530418261886 522.3719539120793 3.702933192253113 714.3653205484152 607.0559920594096 8.549667626619339 527.298477910459 168.2385424673557 1180.880780354142 6377.602984420955 4200.390798486769 4.623606577515602 232.3768083006144 73.51989019662142 1649.242646791041 22.0430685505271 713.4774021357298 71.21044091135263 1837.19536203146 196.4075333401561 332.9898249953985 100.0785128623247 16.23607873171568 14.26868616789579 0.2255072593688965 0 0.3809003457427025 1.646744042634964 0 2.839468076825142 23.61913038790226 4.897744067013264 9.988261476159096 5.290505900979042 0.2168749272823334 0.4693952947854996 1.007114790380001 2.886328414082527 0 9.593569226562977 0.098011814057827 0 0.09985462576150894 1.120024770498276 5.610087916254997 0.7515317127108574 0.6031090691685677 93.46900811046362 0.2100109905004501 0.8420373499393463 3.982317179441452 60.89791271835566 3.763423196971416 8.206948578357697 0.1483242213726044 0.4256128668785095 1.294022664427757 2.508150056004524 1.484090015292168 25.66927171498537 1.265288308262825 5.149594187736511 1.293897986412048 7.859343126416206 0.3523353040218353 1.321718938648701 0
0 7.520660348236561 0.4315852671861649 86.15139179676771 331.6983411088586 1502.392190806568 10.40602445602417 333.4168265238404 768.6425135955215 78.59612545371056 1.859747782349586 1522.725017517805 1.908694893121719 12.26374565809965 279.7605444714427 0.4335062950849533 0 0.191156379878521 0.1290907561779022 364.1251868084073 0 11.7337853834033 0.09704819321632385 832.4833757430315 4.16729012876749 0.1129647791385651 12.61492098867893 82.23365058004856 5.806599013507366 0.548835501074791 0 60.69667550176382 0.1238062977790833 13.09816639870405 0.4624324142932892 81.79005523771048 0 18.53622872382402 1.466465383768082 1136.520101718605 57.21355864405632 0.3162218630313873 0.1599147766828537 0 0 0 2.217418342828751 0 0 0.1920269578695297 0 0.4227101504802704 0.7261025905609131 0 0 0.1232761144638062 0 0 0.3328096643090248 0 0 0 0 0 0 0 4.645138576626778 0 0 0 2.295089095830917 0 0 0 0 0 0 0 3.268539428710938 0 0.2805318832397461 0.1384162753820419 11.63114073872566 0 0 0
0.3188869953155518 208.0021585300565 15.57433512061834 1.127135455608368 0 2.720395550131798 46.10090291500092 2.074953101575375 20.29033558815718 6.169530034065247 3.564933426678181 0 13.45880442857742 4.048518665134907 0.4335062950849533 3080.073280967772 14.3273746445775 0.3164357990026474 1.658656217157841 0 2163.298413127661 2410.093624949455 5347.328287504613 1875.937515571713 33.74464150518179 5.26454121619463 2906.439742401242 2556.518079474568 8.622223183512688 149.2655159384012 0.1232178434729576 0.09650290012359619 6.000443875789642 229.2805478572845 54.9366629421711 1564.663790635765 322.136513017118 511.0465571656823 515.0146915987134 110.4012600779533 2.075142219662666 2.256932184100151 8.634875267744064 1.656146995723248 0.96934874355793 6.79755150526762 1.991797149181366 0 1.782789826393127 53.33058512210846 5.912573508918285 5.346787422895432 3.320903897285461 0.1499638259410858 0.7341791093349457 0.1538395583629608 7.103267200291157 0 2856.629115745425 4.292358666658401 0 1.214047282934189 0 487.5903538763523 1215.799614623189 1340.269584670663 110.5738895088434 0.567899763584137 0.763607531785965 464.2757124900818 200.9653082564473 27.06121714413166 198.5882566198707 0.1925098150968552 0.185630589723587 9.654661737382412 14.0079482793808 3.890039756894112 531.2982285171747 5.196616262197495 15.18858773261309 7.940509870648384 36.84798485785723 0 0 2.52464896440506
168.3741171434522 13.25747982412577 2841.552071496844 0.7820951864123344 0.3393251597881317 4.57339146733284 320.3435166627169 553.5998151823878 0.8940286189317703 6.546793356537819 76.98651578277349 2.293732963502407 6.390122540295124 949.8593943566084 0 14.3273746445775 1782.221057578921 391.5819626152515 4427.890878342092 0.6249077916145325 1256.860901430249 4.083516284823418 4702.069975674152 35.1208143979311 6.209360256791115 2664.637975297868 4548.20493940264 134.7133187204599 370.1771127358079 932.277435965836 4.064265318214893 3.679395534098148 54.66082488000393 894.5629502311349 5.823208540678024 806.1336344107985 533.7948236167431 667.9579334333539 290.7421445176005 14.85877734422684 0.8340384885668755 5.51652766764164 3.40585646033287 0 7.045843102037907 5.423470787703991 0 0 0 0.7799381017684937 0 0.2435751259326935 0 0.5756271779537201 0 1.233806289732456 0 0 2.955791465938091 0.8606429025530815 0.1606538742780685 1.860803842544556 0 2.543073497712612 1.275806806981564 2.727327056229115 3.329028874635696 0.4230811595916748 22.007334202528 63.90766760706902 2.111028879880905 0 1.591215446591377 0.3157785832881927 0 0 0 1.068235397338867 6.254491910338402 5.641318529844284 0.4505830109119415 0 0.1393445879220963 0 0 0
18.5273000895977 0.9774493500590324 61.26925607770681 0.9622976034879684 9.811593055725098 20.58900374174118 16.57564938813448 130.8958901911974 0.2200754806399345 14.22741048783064 2400.138881623745 16.88494151830673 23.98709060996771 266.8144174963236 0.191156379878521 0.3164357990026474 391.5819626152515 236.4667212441564 1487.628463298082 7.689269192516804 18.17812042683363 0.2356468513607979 56.03136971592903 8.008550420403481 66.48110546171665 2652.483355224133 232.3099736869335 11.9858340844512 244.0622826963663 80.50045260041952 11.09813690930605 91.14382404834032 37.26076214015484 1283.001755364239 6.797960706055164 545.8409593701363 888.8966347128153 1273.326218359172 356.103892326355 13.25478714704514 7.476176530122757 79.65176318585873 3.262510515749454 0 1.662322610616684 0 0 0 0 0.3500931560993195 0 0 0 9.812132351100445 0 59.94912860542536 0 0 0 0.1023919880390167 2.544564291834831 8.603348717093468 0 0 0 0 1.997442424297333 21.11415635049343 18.49733654409647 77.09743566066027 1.589774444699287 0 0 6.975939340889454 0 0 0.2114382982254028 0.4604424983263016 17.29475425183773 22.35700373351574 1.147482722997665 0.6170258969068527 0 0 4.482690617442131 0
48.04734658449888 4.719923958182335 156.2941236048937 2.084366180002689 11.88401113450527 23.68954398483038 46.25010793656111 251.9225430414081 0.7421355322003365 23.57156829535961 1633.214709930122 26.42665238678455 8.416420325636864 568.3916063979268 0.1290907561779022 1.658656217157841 4427.890878342092 1487.628463298082 1447.009299486876 10.771922506392 71.78956634551287 0.1196834519505501 191.2529475539923 15.25550182163715 14.21563999354839 2727.611092194915 592.1542993485928 26.3404653146863 432.4305912703276 203.5720362439752 6.399481907486916 116.1282941699028 47.89767275005579 4452.26184527576 8.467401280999184 948.2852041870356 616.4488340169191 2179.413031063974 448.7962494939566 18.63623640686274 8.362645201385021 20.5071297287941 7.489510387182236 0 7.143441013991833 0.1280903816223145 0.2387179434299469 0 0 0.9302494078874588 0 0.3079894781112671 0 2.575296603143215 0 11.43927738070488 0 0 0.3293733298778534 0.5514299422502518 4.812026306986809 20.57495129853487 0 0.5108487978577614 0 0.1342744082212448 1.867121614515781 5.252235859632492 64.74842532724142 111.1095356568694 1.625056341290474 0 0.1031507030129433 2.167942084372044 0 0 0.1126862913370132 0.2380439043045044 21.95424026250839 24.02869046479464 0.7539014518260956 0.2625487446784973 0.2568974494934082 0 0.4044382870197296 0
0.5730913281440735 0 0.4738182574510574 5713.393993273377 12.18617610633373 240.5151186361909 12.75385683774948 639.6608012840152 439.3485857918859 6193.835234165192 14.908262334764 5834.150056548417 1.606308072805405 339.2530418261886 364.1251868084073 0 0.6249077916145325 7.689269192516804 10.771922506392 1128.12736582756 0.1713753193616867 0.1597061902284622 0.6631727293133736 718.846005871892 0.4908226504921913 8.142906203866005 6.576901577413082 1855.571502506733 371.5721125230193 3.469792321324348 0.0922081395983696 13.1851485222578 0.7258672937750816 92.24043937772512 18.4208831563592 924.4940756335855 18.61957872658968 352.3748805820942 95.08095701038837 1142.818464607 24.63802056014538 1.277205839753151 9.489137329161167 0.1212031170725822 0 0 60.0470362380147 0.7739850282669067 4.479538179934025 11.04478786885738 1.967563927173615 61.76488664746284 39.75340755283833 0.09276998788118362 27.43893215060234 0 0.9232717752456665 3.2087582051754 0 0 0 0 36.99881164729595 0 0 0.1441836059093475 96.01096228510141 0 0.1118306517601013 0 60.88720543682575 0 0 0 0 0 1.324047699570656 0 77.91953532397747 0.4722921848297119 1.045449540019035 0.1621630936861038 84.32476149499416 0 1.213858604431152 0
96.33596373349428 3.933280758559704 857.237481623888 1.174010224640369 0 8.905610457062721 1591.062727458775 392.5708408728242 7.685096189379692 12.38217800110579 40.14632923901081 0.7739304900169373 0.4799247309565544 522.3719539120793 0 2163.298413127661 1256.860901430249 18.17812042683363 71.78956634551287 0.1713753193616867 15239.38458069414 139.6467487961054 14034.78511631489 304.4680544361472 0.9823273941874504 66.52260557562113 300.6034286618233 5383.990551389754 162.8507567495108 12371.89829352498 0.5891964584589005 1.168650932610035 38.78699027001858 5402.125122517347 173.4987937137485 4526.957374632359 565.9716513678432 4457.710552662611 2519.413563005626 350.3072913587093 5.832872413098812 3.155825838446617 17.36432654410601 1.366128019988537 0.8616478964686394 2.835499748587608 2.345572523772717 0.1274591684341431 0 14.05001084506512 1.677252046763897 4.988596461713314 3.078470341861248 0.3158896788954735 0.3202173709869385 0 4.583794347941875 0 517.2834050133824 1.312874048948288 0 0.2487433403730392 1.324731476604939 348.4716610908508 117.5901691392064 148.1232681423426 94.6460031196475 0 1.555278420448303 23.48037574440241 170.663010507822 24.00451555848122 177.26060795784 0 0 5.72517579048872 10.66918388754129 6.389276534318924 115.899529017508 1.510635405778885 10.33269835263491 4.588914230465889 30.28512003272772 0.6632036566734314 1.918071329593658 0
0.5166378021240234 1909.052820034325 13.31147203594446 0.1467668116092682 0.7984351217746735 2.262518614530563 14.46332064270973 1.863191001117229 1977.376286312938 0.2581981122493744 98.91441324353218 0.4680248498916626 315.8738494962454 3.702933192253113 11.7337853834033 2410.093624949455 4.083516284823418 0.2356468513607979 0.1196834519505501 0.1597061902284622 139.6467487961054 910.0157411321998 271.0444794073701 5751.910139426589 654.4589750245214 18.17564703524113 5382.668815173209 207.6645140200853 18.89509101212025 69.86831226944923 4.777388706803322 0.5189434736967087 11.18823017925024 64.78489103168249 5.501557901501656 321.2603920772672 45.85190815478563 92.59114663302898 35.30528167635202 47.96266204118729 0.3763438165187836 17.07020621746778 1.414692476391792 0.9302408397197723 19.01488251984119 63.31235831230879 0.2179914265871048 0 0.876045286655426 12.23575580120087 1.803009860217571 3.516013123095036 0.2385493963956833 0.2489817142486572 0 5.375143311917782 1.692900523543358 0 1001.919251553714 3.04222097992897 0.3098046332597733 0.3623428344726562 0 161.9981258139014 216.7403213530779 351.5038392692804 92.28586437553167 1.910391449928284 3.118998736143112 943.5996537059546 62.37447340041399 11.99022627621889 57.38251520693302 0.8386295214295387 0 1.725248947739601 4.891920052468777 1.149705946445465 23.68097805976868 8.818367563188076 5.895395405590534 2.251112259924412 7.670137673616409 0 0 0
157.5655056163669 9.638094767928123 14028.71614284813 1.299335464835167 0.1804739385843277 11.81383959203959 1336.486272111535 426.5312875509262 3.473715826869011 25.60890061408281 75.73820139467716 1.681907005608082 6.913243442773819 714.3653205484152 0.09704819321632385 5347.328287504613 4702.069975674152 56.03136971592903 191.2529475539923 0.6631727293133736 14034.78511631489 271.0444794073701 20455.8786489144 382.8624120131135 2.570275217294693 1938.581626847386 8844.461681045592 3014.662643224001 285.4896217659116 3424.48118750751 2.768018133938313 2.708999834954739 36.40249622613192 3462.645926244557 255.1873236969113 8792.562952131033 5435.722968906164 7011.648334272206 5882.990746974945 600.1215949580073 15.30900451540947 7.293331548571587 53.48657251894474 0.8388349860906601 5.849476881325245 131.167465403676 0.1978681534528732 0 0.7636265754699707 33.88333494961262 3.978021495044231 1.996423818171024 3.142556071281433 0.8491328433156013 0.7428451180458069 0.5027854740619659 3.03147541731596 0 1767.15856961906 3.100236564874649 0 0.6914306879043579 0.698983371257782 186.9049208685756 581.556946374476 1107.032402150333 45.02802846580744 0.5635578334331512 9.914635688066483 1381.632856465876 58.2105862274766 5.945010401308537 82.54753416031599 0 0.1650990545749664 2.320325247943401 5.434347964823246 11.64713533967733 384.9172250032425 14.5851171836257 13.92094164341688 12.14559969305992 21.73148649930954 0 0.2206858843564987 0.2319977432489395
11.99351484328508 1068.960643291473 94.5177998021245 1336.109810136259 33.19401122629642 433.3048704192042 1061.990404419601 629.0071870312095 10862.65624409169 1334.677859179676 53.93729198724031 635.9066081643105 114.6786556988955 607.0559920594096 832.4833757430315 1875.937515571713 35.1208143979311 8.008550420403481 15.25550182163715 718.846005871892 304.4680544361472 5751.910139426589 382.8624120131135 11492.2358597964 283.0426144301891 48.45662632584572 2956.636064261198 10044.69195773453 1016.709612257779 787.3545494228601 1.884844534099102 17.53671984374523 239.7260853946209 672.4542208835483 122.0410810932517 3627.253052458167 146.4696359932423 1337.943167261779 546.1248751878738 1940.898154109716 57.40196734666824 32.93180824816227 44.67054741829634 14.43426347523928 2.373916961252689 10.61672825366259 522.750792004168 0.5944124832749367 107.0635306313634 819.3539537861943 133.7484789565206 907.763106547296 382.5795916467905 5.149517200887203 84.18718883395195 2.022978194057941 106.2216559201479 15.12301182001829 688.2487451136112 1.081044241786003 0.7423214986920357 1.04462556540966 272.6486115828156 422.5542869344354 202.6150500252843 86.3093396499753 3977.700084678829 1.396896973252296 5.294429533183575 82.0988552570343 2369.971513830125 105.0043189302087 292.8482988327742 0.2461990192532539 5.152449771761894 7.502683572471142 53.94599071145058 16.75891453027725 694.4894742295146 22.42729276418686 179.4000284746289 38.40908339619637 425.4493482336402 9.162378080189228 4.537104979157448 6.381541684269905
0 1063.827470138669 2.31483355909586 0 1.603951260447502 3.318624541163445 1.798022106289864 7.103476524353027 430.5431066900492 2.423517540097237 690.6334604620934 0.9445547685027122 3723.235608540475 8.549667626619339 4.16729012876749 33.74464150518179 6.209360256791115 66.48110546171665 14.21563999354839 0.4908226504921913 0.9823273941874504 654.4589750245214 2.570275217294693 283.0426144301891 389.2703660577536 1243.594732314348 6499.746285095811 9.008505366742611 10.67059042304754 2.026018545031548 451.7682308405638 7.787211015820503 0.1372224390506744 924.566255889833 2.982552886009216 589.5184613242745 1112.802105985582 1058.969132475555 278.6954846158624 60.58552096784115 22.6776971668005 1182.919047772884 12.13668438792229 0 29.86240157485008 6.545505523681641 1.119947910308838 0 0.1877763718366623 0.1053242832422256 0.08635679632425308 0.6094301342964172 0 53.95674927532673 0 485.2970492467284 0 3.087921142578125 0.6312698125839233 0.2575154229998589 15.75292724370956 32.36975592374802 0 0.1097919344902039 0.3291641771793365 0 1.244858309626579 334.6140404641628 89.7898885011673 695.5292778164148 3.089182436466217 0.1497357934713364 1.51818585395813 39.16865479201078 0 0 23.09037664532661 0.3916066884994507 171.3189690262079 83.21062009036541 43.43646831810474 4.142971992492676 19.95283348858356 0.4590557217597961 84.09667682647705 0
48.09916791319847 135.2468074113131 6051.330260358751 2.398441486060619 10.38533842563629 23.69965256750584 367.8071643859148 344.0253960043192 11.32316440343857 30.08462766557932 2513.58678060025 18.47761102020741 858.7415991351008 527.298477910459 0.1129647791385651 5.26454121619463 2664.637975297868 2652.483355224133 2727.611092194915 8.142906203866005 66.52260557562113 18.17564703524113 1938.581626847386 48.45662632584572 1243.594732314348 25976.35642007738 7465.187479808927 159.2595452964306 291.8930177390575 205.0528955161572 547.6832509934902 90.75510253757238 28.40668603777885 1658.303324468434 17.2526620849967 2667.393814712763 5721.194068327546 3757.544162794948 935.0166010782123 44.06815387308598 12.79152367264032 220.8204427808523 10.67523378878832 0 218.1806390583515 54.05945201218128 0 0 0 1.120640449225903 1.003360688686371 1.281029120087624 0 144.7995551154017 0 874.3799869567156 0.4461909905076027 0 5.496484912931919 24.87073814123869 71.60685924440622 220.4692210182548 0 1.320798546075821 4.288947656750679 2.89361459761858 6.224138654768467 520.7792584002018 946.4710511937737 2774.699353702366 5.035303838551044 0.4016338735818863 2.519903250038624 145.5336147770286 0 0 6.682031616568565 1.131570480763912 60.30258905887604 404.8456235527992 14.07502021640539 3.235661387443542 0 0 22.19433774799109 1.32227611541748
11.83939182013273 7937.484914705157 6251.201457679272 3.16208540648222 3.411383487284184 12.68688647449017 180.0308939516544 82.01854030042887 821.0639112740755 20.34662173688412 638.8665398135781 12.02487628161907 3581.405778244138 168.2385424673557 12.61492098867893 2906.439742401242 4548.20493940264 232.3099736869335 592.1542993485928 6.576901577413082 300.6034286618233 5382.668815173209 8844.461681045592 2956.636064261198 6499.746285095811 7465.187479808927 28608.48957252502 1373.250753566623 107.0405658483505 60.84151671826839 1306.751355551183 24.70440152287483 15.24931933730841 2665.043747350574 162.7287205159664 7793.186476320028 5580.486954778433 5766.137312293053 2759.37391127646 286.0054445937276 9.430647805333138 64.55884222686291 37.02455185353756 0.3801656514406204 2562.981292210519 1743.229078546166 1.563701510429382 0 3.467987380921841 52.30567215383053 8.004588171839714 6.114580757915974 1.104883544147015 109.8406143039465 0 496.230613976717 8.646772168576717 0 489.6058921292424 102.9226485863328 140.5848522260785 456.1922485455871 0 18.08921802788973 1114.253681577742 998.3200814053416 75.33443440496922 522.5800780057907 3075.118962004781 18085.25047568232 40.44830384850502 2.154255330562592 4.311844319105148 109.8696333691478 0.1188479065895081 0.1499843299388885 5.30361220240593 17.31927882134914 158.6594127491117 886.8299450576305 55.15490999817848 24.44848430901766 1.563613064587116 0 9.966771304607391 2.995529443025589
38.55522378534079 22.40474082529545 621.3381337970495 3417.014723174274 6.021206356585026 1239.932775236666 16415.46411827952 1033.181638382375 844.1631308495998 10222.25870870054 31.60990227758884 695.1772870868444 6.757413126528263 1180.880780354142 82.23365058004856 2556.518079474568 134.7133187204599 11.9858340844512 26.3404653146863 1855.571502506733 5383.990551389754 207.6645140200853 3014.662643224001 10044.69195773453 9.008505366742611 159.2595452964306 1373.250753566623 30204.7701157406 1780.665936268866 10713.73198375851 1.030500173568726 16.50773170590401 464.2864974960685 1313.941881395876 159.6927093341947 4134.597467288375 158.3999111205339 2145.511611483991 896.2501865178347 540.4757975041866 58.53787478804588 22.46690312027931 41.11451388150454 5.06463061273098 1.102507784962654 11.99971845000982 260.8598973378539 1.240450263023376 68.78775780647993 567.8536913022399 84.46956867724657 313.8860346972942 197.9049812331796 2.946302637457848 45.19011286646128 0.3743769079446793 73.29723205417395 7.764335483312607 297.3842718601227 1.314316757023335 0.3346391469240189 0.5542501136660576 125.7302691936493 202.2948995381594 83.30803371220827 53.27884297817945 2069.882759660482 0 3.046214364469051 104.7050452753901 1303.819838374853 58.45217003673315 176.6417547613382 0.2533990144729614 3.199092246592045 3.664121456444263 28.66308058053255 7.852512359619141 353.9716629236937 10.05276859551668 103.9814217239618 21.99057760089636 259.0779660344124 5.137011393904686 4.00118463486433 3.788265474140644
2597.315714880824 1.145692437887192 34.00721220672131 159.131062105298 20.37901476770639 211.6713116616011 2111.832661904395 348.0837295427918 27.19295520335436 1109.216614842415 666.680502474308 421.5673473775387 38.98089477419853 6377.602984420955 5.806599013507366 8.622223183512688 370.1771127358079 244.0622826963663 432.4305912703276 371.5721125230193 162.8507567495108 18.89509101212025 285.4896217659116 1016.709612257779 10.67059042304754 291.8930177390575 107.0405658483505 1780.665936268866 18744.16920916736 9283.445151045918 6.057247899472713 777.127657815814 3217.628035388887 3427.366957314312 81.13991978019476 1272.623283565044 83.81771153211594 2161.751771599054 263.4967684745789 308.1673578470945 489.5880559757352 16.74475996941328 24.48018119484186 0.5309823304414749 0.4305431470274925 0 5.797294698655605 0 2.29229099303484 36.54837550967932 0.5936883091926575 14.1838433817029 4.899244025349617 0.2579150497913361 0.4703296050429344 0.4563280194997787 6.082126617431641 0 19.53486722707748 0 0.2695896029472351 0 1.661399029195309 15.31062979996204 5.37840423732996 2.365547023713589 131.5247707664967 0 0.9608368203043938 2.517980717122555 91.71414157003164 5.308029606938362 14.8036300316453 0 0.4374445676803589 0.1573545336723328 2.281239964067936 3.987829014658928 47.85213705897331 3.017413847148418 12.18056883662939 6.095754757523537 10.281693354249 1.111391544342041 2.127011582255363 0.1311974078416824
2880.687119916081 2.500336311757565 462.1578857526183 1.657726213335991 0.3808238282799721 12.59917271882296 4983.706334255636 1002.357802949846 32.96936531364918 17.39585368335247 102.4612588137388 3.664828591048717 1.299174122512341 4200.390798486769 0.548835501074791 149.2655159384012 932.277435965836 80.50045260041952 203.5720362439752 3.469792321324348 12371.89829352498 69.86831226944923 3424.48118750751 787.3545494228601 2.026018545031548 205.0528955161572 60.84151671826839 10713.73198375851 9283.445151045918 8734.898835219443 0.1036360710859299 5.191438272595406 1023.116193160415 3354.626871906221 123.3806724250317 2995.703552938998 99.46471366286278 1923.863368734717 683.8963117972016 125.1808866783977 19.84293507039547 4.510779842734337 10.9704781472683 4.623180598020554 0.2438835054636002 0.3347074687480927 1.463745340704918 0 2.472971335053444 36.09217734634876 10.5948738977313 21.86333362013102 3.018143020570278 0.3957758322358131 0.2427286207675934 0 6.294394925236702 0 71.19307795912027 0 0.3284925520420074 0.1218220070004463 4.311891794204712 60.08685689419508 9.878437362611294 9.5567746758461 230.1057970672846 0 0 5.801280297338963 187.7066927626729 10.40868525207043 52.65605497360229 0 0.4483595192432404 1.194632694125175 5.448388241231441 1.424214333295822 68.58208832889795 6.1612389087677 19.18622214347124 3.285667717456818 19.22984068095684 0.7166348695755005 0.4438688457012177 0.7932868003845215
