1610.181163243949 0 56.52964571118355 25.62528614699841 0.2162919342517853 53.4082202911377 2629.777973040938 396.037947691977 12.8363873437047 220.9722260162234 7.486124888062477 5.874955706298351 0.3103759363293648 4816.734809949994 0.161096379160881 2.021760560572147 221.8466417193413 7.162869520485401 37.88019914925098 72.94976598024368 13.75089625269175 2.581526301801205 380.5482087954879 90.46793603152037 0 34.94403867423534 23.18598113209009 196.6377491131425 2504.865734227002 3388.261969693005 0 1.727775722742081 37.23976496607065 82.26400747150183 0.4048009663820267 23.63422544300556 10.08938577771187 84.73532432317734 27.073351316154 0.4489323869347572 0.6929516494274139 0.5001772046089172 0 0.1085510700941086 0.5723475441336632 0.1602557748556137 0.3951693251729012 0 0 6.572696872055531 2.011709935963154 4.536552995443344 0.3824647068977356 0 0 0 0.6200334802269936 0 0.5633855611085892 0.242126427590847 0 0 0 0.4774205163121223 1.534880951046944 0.6607878059148788 8.175563186407089 0 0 2.746225863695145 11.73893813043833 0.2420832961797714 4.559770859777927 0 0 0 0.1528708934783936 0 3.751981630921364 0.1313749998807907 0.3243097886443138 0.1530500799417496 0.7406304478645325 0 0 0
0 199.5880798399448 54.86703258007765 0.3348688185214996 0.2198127880692482 0.5761810839176178 5.347505308687687 0.5438915118575096 471.4109557121992 0.6325714439153671 245.6928617507219 1.841319695115089 930.4603745639324 0.364284873008728 15.81893281638622 181.9485956504941 8.111298270523548 3.841963663697243 3.757448628544807 0.2872123047709465 25.07015755772591 2530.520818211138 34.93846015632153 631.8574765250087 1673.920316793025 115.050828538835 8072.659529469907 62.59930752962828 0.9362901896238327 0.4658766612410545 41.36249220371246 0.4016071334481239 0.3490102663636208 85.81287433952093 0 16.95904445648193 102.2771873772144 44.84537291526794 10.66865686327219 4.33494209498167 0.6031985580921173 85.73140127956867 0 0.1582648754119873 176.3787929564714 24.72656135261059 0 0 0.1163439676165581 0.9599642530083656 0.3498549982905388 0.9306086599826813 0.1321815550327301 3.767288163304329 0 17.90676365047693 0 0 1.260286584496498 16.41551890224218 0.5740018784999847 7.461099416017532 0 0.5607079342007637 14.42476265132427 1.709754705429077 1.108689032495022 37.66971661895514 118.2559652999043 1070.95105047524 0.5461680665612221 0.07824241369962692 0.217841200530529 3.337326176464558 0.1617170572280884 0 2.622718416154385 0 5.894750609993935 16.4515332877636 8.706277273595333 3.419866897165775 0 0 6.488945737481117 0.2597944736480713
56.52964571118355 54.86703258007765 3646.866836480796 11.25669007003307 0.6234645992517471 98.71880343556404 1274.102059572935 412.4314276427031 7.810770444571972 75.21619626879692 68.29558493196964 2.450117439031601 1.310656033456326 322.9759668707848 0.1342842727899551 4.076781682670116 5717.33147945255 48.47235275804996 230.6758322417736 3.208365753293037 941.8289437219501 46.59333410859108 10708.8770647943 94.96700499206781 0.6919125020503998 5558.344705693424 6606.609769880772 700.0843684896827 87.88525848090649 135.8563502132893 2.248761661350727 3.584888450801373 8.008264921605587 975.4161387905478 25.84374871850014 2276.922076299787 2757.218839749694 2653.447065211833 948.2218277454376 25.16764272004366 2.502772562205791 10.80894882977009 6.512046210467815 1.513764381408691 192.3745789304376 304.6527693942189 0 0 0.5832291021943092 15.49143832176924 1.05099068582058 2.313185580074787 1.707387588918209 1.500003434717655 0.1904719471931458 1.692782744765282 7.775419041514397 0 11.15552885085344 124.3552059754729 0.2454865723848343 8.415906727313995 0.5915947556495667 2.048001080751419 171.9278990700841 47.12358098477125 8.154451414942741 5.024147838354111 196.546406827867 1703.204470410943 10.91232631355524 0.2112235501408577 3.986013203859329 1.234034888446331 0 0 11.57182826846838 8.189036995172501 91.49512229859829 24.51930531859398 52.36450748890638 26.7389690130949 3.509107396006584 1.144440770149231 0.2718064934015274 0.4639877378940582
25.62528614699841 0.3348688185214996 11.25669007003307 3062.720848232508 3.819636456668377 139.6989019438624 228.8039382621646 70.36994918435812 1022.753335028887 5578.042885780334 2.36251138150692 1926.404493160546 0.1264192014932632 71.58463768661022 106.0215398594737 2.266666419804096 1.286479726433754 0.9516148939728737 1.218215227127075 5621.518494509161 0.9360837936401367 8.803379058837891 3.949567452073097 2303.615522257984 0.2010063901543617 2.707303151488304 11.40630252659321 3915.048580467701 93.94898747652769 8.932306416332722 0.2895034924149513 1.426905199885368 8.574153691530228 36.15836618095636 1.306616201996803 264.364681199193 9.013611912727356 113.6903565302491 37.09607075154781 85.6053904145956 2.190239787101746 0.3449597805738449 3.252184242010117 1.152895294129848 0.1387799829244614 0.6635907590389252 248.911172747612 0.09786210954189301 45.64823856204748 286.2081949859858 83.14725029468536 323.8990155607462 167.3724707737565 2.053963020443916 83.96640028059483 0 32.77110202610493 0.6669943779706955 1.487480834126472 0 0.5592344403266907 0.1226522028446198 328.2380030453205 0.6703505888581276 1.352461040019989 1.414684742689133 213.4803615286946 0 0.687692865729332 4.745737254619598 146.2612459212542 11.50991456210613 7.287255190312862 0 0.8991749957203865 0.5303203910589218 6.643408253788948 0.6980693936347961 228.0052334517241 0.4512653648853302 25.77185501158237 2.755896866321564 105.3537197113037 2.224168047308922 5.394132852554321 0
0.2162919342517853 0.2198127880692482 0.6234645992517471 3.819636456668377 45.17961558699608 1026.593384467065 7.159192889928818 148.8140079975128 52.68547205626965 12.66386494785547 13.07810149341822 121.7323443293571 0.490961879491806 3.490354873239994 1306.901985101402 0.2035051435232162 1.928334571421146 1.533773466944695 2.333674296736717 12.64902640134096 0.1090848222374916 2.154854282736778 0.5856753811240196 18.82385685294867 0.09363209456205368 2.610104814171791 2.323801010847092 8.215227916836739 147.5666416808963 0.5628666281700134 0.3619391769170761 297.580703727901 0.2794840037822723 144.318869099021 0.9135784804821014 158.6391458660364 3.926603242754936 230.2911447957158 58.02720528841019 1810.132983610034 205.6490543633699 6.040639601647854 0.9767561256885529 0 0 0.4858347177505493 0 0 0.4525174796581268 1.377653554081917 0.120524950325489 0.6703388392925262 0.8901853710412979 0 0.4853006154298782 0 0 0 0 0 0 0 0.5194235071539879 0 0.3392328023910522 0 0 0 0 0.3158788532018661 0.2109471410512924 0 0.6953174769878387 0 0 0 0 0.6169326901435852 1.758158057928085 0.4955635815858841 0.6948406845331192 0.1405963450670242 0.3059518933296204 0 0.3586813360452652 0
53.4082202911377 0.5761810839176178 98.71880343556404 139.6989019438624 1026.593384467065 13335.94830580056 2158.77004443109 7639.866850979626 168.5719029530883 6556.775591798127 129.5307561010122 5683.511633440852 10.44574879854918 693.0711988508701 1077.851512692869 2.135055713355541 72.99728461354971 22.31996753066778 30.5033835619688 742.0218807980418 8.99263134598732 2.544731579720974 116.5706479623914 306.25143904984 1.927819490432739 62.11491422355175 58.23153239488602 932.3924743831158 377.9412271976471 46.53972110897303 3.175409249961376 402.7105411216617 12.56863819807768 538.4745114967227 9.25685615837574 1069.304487854242 70.7939589843154 1048.271119080484 273.0035821422935 2914.318576924503 1211.309877902269 33.10193780064583 6.987195797264576 0.8101990148425102 0.2051914483308792 1.673353478312492 44.66399158537388 0 16.78917566686869 161.9430425316095 37.24042425304651 45.43506675213575 36.78884015977383 1.489199250936508 19.72068547457457 0.412043109536171 19.21883721649647 0.3907366991043091 0.8499811217188835 0.09686214476823807 0.1087679490447044 0 65.02824310213327 0.08959812670946121 1.709421023726463 0.7646962180733681 61.15691038966179 0.118949756026268 0.5765132829546928 11.21444446593523 56.34918139874935 5.530009582638741 9.949806220829487 0 0.3132870495319366 0 5.599808253347874 0.1756764948368073 81.21922304481268 1.301201201975346 16.16474977880716 2.910905934870243 25.41808003932238 1.327412873506546 1.787223100662231 0
2629.777973040938 5.347505308687687 1274.102059572935 228.8039382621646 7.159192889928818 2158.77004443109 13502.00556473434 3069.981317825615 618.5421879738569 11557.60235099494 29.43421177566051 136.1181390210986 2.847763538360596 7487.7619529441 46.65268709510565 61.76713900268078 266.519022166729 7.910454966127872 22.77343057096004 300.9231757298112 759.3154722899199 210.0996062904596 1770.200238294899 1489.576250515878 1.989865481853485 340.441141217947 640.3422294706106 16312.6235210523 1647.28289245069 5532.256203964353 0.856924407184124 15.99459284543991 231.5801467821002 469.8281426951289 27.38392057269812 1902.134881913662 161.9900337830186 1099.981290243566 456.9564357250929 120.0531692132354 22.35118823498487 5.455065697431564 17.33624909818172 4.855987161397934 2.693456761538982 20.90025838464499 87.33579131215811 0 49.22557584196329 804.4130038619041 129.250884950161 197.9923663958907 96.59954869747162 8.941373988986015 35.15898431092501 0.5195542275905609 70.15087556838989 2.383284538984299 34.55216278135777 3.834571681916714 0.715573288500309 1.217142678797245 134.3714572489262 13.70735863596201 61.86971551924944 29.17917370051146 276.5575851798058 0.1101401820778847 7.509637676179409 150.7561182752252 350.7003162577748 24.47147765010595 73.44514019787312 0 1.317122459411621 0.5392263233661652 22.68034678697586 2.800340846180916 240.6868010759354 2.028743579983711 85.27765978872776 10.77375409752131 87.43829368054867 8.608417078852654 0.5283926427364349 0
396.037947691977 0.5438915118575096 412.4314276427031 70.36994918435812 148.8140079975128 7639.866850979626 3069.981317825615 12126.60876923054 79.87241998314857 2612.158373504877 197.6895801946521 1019.621176965535 16.57847905904055 7062.454341508448 53.99102392047644 1.948839068412781 686.3926738798618 50.74058689922094 133.0566050410271 552.2168962657452 51.87710241228342 4.104291021823883 1091.53069575876 287.4430406466126 2.348504759371281 231.5277006775141 215.5387510210276 564.8557067587972 384.6205522343516 697.6196347102523 3.1337720900774 218.5948827564716 3.30549905449152 571.2950900346041 4.307597517967224 646.8107992112637 124.9745945557952 992.5644763112068 246.1028257161379 533.6349182650447 255.8254208490252 36.17282235622406 7.02468303591013 0.4052007496356964 0.9874317646026611 6.349597752094269 7.806471295654774 0 7.189208149909973 124.1644429638982 10.49314387142658 19.87458232045174 6.923235982656479 1.046744123101234 1.717543825507164 2.697870567440987 10.42315268516541 0 1.402968220412731 1.487935125827789 0 0.1020075380802155 9.239136375486851 1.565731011331081 2.35944914072752 2.268382735550404 29.1935487985611 0.3153847083449364 1.154269985854626 24.18222238868475 54.87645738571882 1.800596795976162 14.00194193422794 0 0 0 1.843119412660599 0 21.204704888165 1.502928160130978 7.091589264571667 1.474874801933765 6.0413988083601 1.513396441936493 1.2555251121521 0
12.8363873437047 471.4109557121992 7.810770444571972 1022.753335028887 52.68547205626965 168.5719029530883 618.5421879738569 79.87241998314857 651.850997209549 430.5944297909737 20.73813039064407 620.9398765340447 44.60935597121716 58.41957730799913 804.4605688303709 135.0872787833214 2.840732529759407 0.7042329013347626 1.003822162747383 641.4427008032799 81.50807510316372 3239.181055150926 63.58688855171204 8513.216400690377 168.7422186434269 10.14354827255011 838.6592454910278 2576.995250239968 77.11504316329956 268.0587357506156 3.949290059506893 3.261345982551575 13.30353762209415 31.94098108261824 2.461119219660759 243.9282453879714 17.56739332526922 86.23167361319065 31.43973822891712 223.3702879995108 3.332915261387825 2.233739338815212 0.372101254761219 9.434450447559357 4.576196663081646 1.587017901241779 246.3922461643815 0 38.42836382240057 566.4943211525679 94.5561730414629 102.4155882969499 190.025051176548 4.385519251227379 55.37982791662216 0.9725098982453346 35.49519168585539 2.707696944475174 339.7673665508628 1.372737757861614 0.0873616561293602 0.9893855154514313 277.418333157897 111.7347761690617 48.94960726797581 99.84882590174675 745.7474528998137 1.756043076515198 4.144883863627911 23.02069217711687 498.237685136497 13.42657241970301 138.8870922103524 0.193491518497467 0.4664187133312225 0.2703844606876373 11.74076022207737 0.588396430015564 104.4826288446784 2.408389635384083 29.49642488360405 7.116086632013321 53.81273720413446 6.035279005765915 0 0.6395822167396545
220.9722260162234 0.6325714439153671 75.21619626879692 5578.042885780334 12.66386494785547 6556.775591798127 11557.60235099494 2612.158373504877 430.5944297909737 30036.22764591873 41.77472787350416 4154.259636119008 4.708584405481815 2067.939134865999 61.23372190445662 1.377232261002064 33.02632389962673 10.53546289354563 16.31927757710218 7394.798838838935 15.51124284416437 10.78632933646441 79.12765425443649 701.1014081984758 0.9394159540534019 35.40998899936676 43.88758442550898 8474.437704972923 775.9179440736771 41.96259300410748 1.269635193049908 27.82939895242453 33.32860774546862 322.5798541754484 9.943568132817745 1123.904678702354 42.45112328976393 997.7273054644465 255.1439988613129 174.473146006465 32.12489183247089 9.044370219111443 15.30026572197676 2.377043150365353 0.7615559101104736 0.9888175874948502 372.7761524319649 0.2176729738712311 65.58738009631634 519.0230792686343 114.1983051225543 248.7975641414523 200.4587952792645 4.310096211731434 88.8060142993927 0.3821182548999786 57.61922761797905 1.757161378860474 1.663689598441124 0.3174946084618568 0.388135053217411 0.3570779338479042 338.439661949873 1.420608423650265 2.521191038191319 1.677681557834148 241.3225649148226 0.2501642629504204 1.253100134432316 10.31947045773268 184.8404137566686 18.11313702911139 12.08056472241879 0 0.6710046753287315 0 16.99083075672388 0.4951307773590088 216.0893788039684 1.191020436584949 50.29401838034391 3.239814281463623 93.8051777780056 5.508333921432495 0.3334514796733856 0.3050459623336792
7.486124888062477 245.6928617507219 68.29558493196964 2.36251138150692 13.07810149341822 129.5307561010122 29.43421177566051 197.6895801946521 20.73813039064407 41.77472787350416 13585.01558414102 47.39884892106056 5547.001474142075 181.9763747230172 0.9019847810268402 3.194738291203976 743.0688945427537 4247.751399248838 2874.246163345873 31.09104152023792 19.35272025316954 71.24093362689018 69.27531917393208 29.51378089189529 1311.74052618444 3258.784252211452 1808.305766262114 15.52125255763531 483.2547051385045 43.52570974081755 1681.634181708097 177.4785445332527 6.61048312485218 6485.603330254555 3.686249926686287 666.9587884098291 3896.712603658438 3556.917856402695 1163.780530408025 20.63827351480722 64.41073271632195 848.1738535910845 4.335913792252541 0.2327359765768051 75.1474012658 0.9817944318056107 0.09682369232177734 0.337897777557373 2.511783793568611 3.598424591124058 4.259710676968098 0.887397326529026 1.598939180374146 398.6315275877714 3.313315346837044 1016.262253373861 8.769867345690727 0.3393157720565796 0.3763748109340668 1.233148321509361 13.68913302570581 7.461969964206219 0.7659989520907402 0 0.4234826862812042 0.3314064145088196 1.795319087803364 243.25055257231 154.4525028988719 162.3100689351559 3.56911713629961 7.386587537825108 0.5797027945518494 97.69242233037949 3.19249215722084 0.2390670850872993 33.06908924132586 0.9128929376602173 39.06531658768654 295.1138470172882 142.8468874394894 13.70588966459036 2.775560431182384 0.6076068356633186 173.8196498677135 0.7851079106330872
5.874955706298351 1.841319695115089 2.450117439031601 1926.404493160546 121.7323443293571 5683.511633440852 136.1181390210986 1019.621176965535 620.9398765340447 4154.259636119008 47.39884892106056 9977.504303589463 4.471116654574871 335.8235962688923 1371.691483765841 0.4374216645956039 4.717273816466331 10.0007437095046 13.42245680093765 7667.765572883189 0.920831173658371 8.065611198544502 4.98089063167572 532.4203845784068 1.611262038350105 14.41598974168301 10.82377575337887 308.5259932428598 241.8369818925858 4.517675831913948 1.158105313777924 34.17222878336906 0.7976717576384544 160.7125882357359 4.652401685714722 1394.326579347253 26.086470708251 520.9916903674603 108.3953430652618 1520.702293582261 26.67493575811386 8.949024833738804 5.372451215982437 0.9185614883899689 0 0.9257287830114365 130.135834634304 0 17.40823264420033 122.9151433333755 23.72957856953144 141.4915337860584 70.39787278324366 2.384472787380219 82.43917148560286 0.294810563325882 14.53097411245108 3.526724830269814 2.82732305675745 0.1707410365343094 0.5098602250218391 0.1326831728219986 137.1751468107104 0.3318329751491547 0.09089630842208862 0.4680510386824608 65.1622670814395 0 0.8651777133345604 3.789839677512646 43.42207223922014 1.799268178641796 9.555962130427361 0 0 0.1390765011310577 2.44839246571064 0.3725903630256653 351.9168022274971 0.6210588589310646 12.76329665631056 1.728726834058762 172.1325670331717 6.529795840382576 0.267777606844902 0
0.3103759363293648 930.4603745639324 1.310656033456326 0.1264192014932632 0.490961879491806 10.44574879854918 2.847763538360596 16.57847905904055 44.60935597121716 4.708584405481815 5547.001474142075 4.471116654574871 3214.519848369062 9.700153164565563 0.832029677927494 11.220498457551 2.749107263982296 217.4736629500985 15.1053965613246 2.61146154999733 1.594900049269199 248.9341288730502 4.374845251441002 49.02597241848707 4289.504373811185 1346.27101007849 4670.90486689657 6.608107209205627 22.85192777961493 1.276206776499748 1167.840883024037 9.307410232722759 0 1257.405910678208 0 97.23807793110609 2085.236112587154 888.0828259214759 185.6675466522574 2.670537389814854 18.65777660161257 866.8885087966919 0.7324384450912476 0.4104341343045235 272.6186088100076 1.087096720933914 0.1589887142181396 0.08915688097476959 6.187940418720245 1.390445113182068 7.747582979500294 1.796691179275513 1.896136090159416 903.2452014386654 3.565873831510544 2349.137826062739 14.68888901174068 0.6071368306875229 0.5645459070801735 1.931391075253487 21.48666472733021 14.40768294036388 0.7885695919394493 0.08898408710956573 2.586331255733967 0 1.097142964601517 1033.912272036076 249.7927026674151 376.965005852282 0.4954905807971954 16.07223333418369 0.2633020654320717 174.490127556026 5.716642819344997 0.3081673160195351 73.70149364322424 0.1883421391248703 18.99622878432274 540.8811998292804 240.8925770148635 18.03570279479027 4.163268737494946 0.797251895070076 235.7113709673285 0
4816.734809949994 0.364284873008728 322.9759668707848 71.58463768661022 3.490354873239994 693.0711988508701 7487.7619529441 7062.454341508448 58.41957730799913 2067.939134865999 181.9763747230172 335.8235962688923 9.700153164565563 8715.473166145384 1.879652306437492 3.411927975714207 889.7210847660899 53.58662647753954 182.7691338211298 397.4732347950339 71.69804566353559 6.197629496455193 1443.874680757523 333.9063361734152 1.628662452101707 217.1776283979416 158.5610131546855 664.1888892278075 4581.174467220902 4248.579118363559 2.452862650156021 64.10136531293392 20.40713184326887 955.1324514225125 5.810512036085129 457.6011780649424 99.79972770065069 1452.065727330744 342.4372216314077 61.02265860885382 98.17058663070202 19.7165489718318 4.978245764970779 1.315428003668785 0.7266712337732315 4.428030081093311 3.323391959071159 0 1.594164684414864 66.22923391312361 2.762295871973038 11.33845494687557 2.645297132432461 0.1011722087860107 0.6410418227314949 1.426275461912155 5.09785783290863 0 6.006502263247967 0.8302529081702232 0.08261013031005859 0.1730756461620331 4.053851343691349 2.461872383952141 3.608322203159332 1.394325338304043 28.53321225196123 0.2550923749804497 1.948112495243549 19.37033058702946 47.68549764156342 0.7196706458926201 15.18144790828228 0.7361343502998352 0 0 0.573940135538578 0 21.25204029679298 0.8715519607067108 6.754170596599579 1.292202651500702 7.045186556875706 1.581600084900856 0.6962921917438507 0
0.161096379160881 15.81893281638622 0.1342842727899551 106.0215398594737 1306.901985101402 1077.851512692869 46.65268709510565 53.99102392047644 804.4605688303709 61.23372190445662 0.9019847810268402 1371.691483765841 0.832029677927494 1.879652306437492 592.6071880087256 0.5972835123538971 0.08988871425390244 0 0.4364264309406281 130.3562617525458 0.3362642526626587 76.29404513537884 0 901.7898085340858 5.213473200798035 0.1448362767696381 29.71690241992474 150.8130811974406 10.81006114929914 2.463310480117798 0 143.9782805964351 0.1192566379904747 11.84714156389236 0 290.1697150468826 2.426600158214569 7.267492562532425 2.041132867336273 1264.705775618553 63.73867724835873 0.1296887099742889 0.7777804434299469 0 0.4147835820913315 0 10.89047475159168 0 0.7692966610193253 8.015394754707813 3.412000238895416 15.58058013021946 4.718970626592636 0 5.676673531532288 0 0.7024179697036743 0.7819514274597168 0.1389677673578262 0 0 0 12.67299875617027 0 0.9288419783115387 0.1244406923651695 7.207595840096474 0.1335624754428864 0.1214485988020897 0.4539902731776237 3.809109002351761 0.5426393002271652 1.62438553571701 0 0 0 0 0 64.09003199636936 0 0.9111984372138977 0 17.18287701904774 0 0 0
2.021760560572147 181.9485956504941 4.076781682670116 2.266666419804096 0.2035051435232162 2.135055713355541 61.76713900268078 1.948839068412781 135.0872787833214 1.377232261002064 3.194738291203976 0.4374216645956039 11.220498457551 3.411927975714207 0.5972835123538971 1954.635174110532 8.939331531524658 0.5365830287337303 1.076561912894249 0.566947840154171 3308.079891905189 4791.545021891594 3218.091188006103 3381.390064761043 33.15906423330307 4.715780459344387 3404.267950795591 2283.639775969088 11.87031948566437 260.9959159418941 0.2286404818296432 0.1501681506633759 2.027650520205498 88.62366649508476 18.07042284309864 1490.640740536153 477.3287432417274 544.6262896880507 792.7645227238536 66.08256400376558 3.811125516891479 4.521781161427498 5.145788855850697 2.947033509612083 2.966114223003387 16.18985106050968 0.637371838092804 0 0.8525049388408661 26.74571572244167 1.624637931585312 21.86712633818388 2.467934347689152 2.071564801037312 0.8541989922523499 0.3448180481791496 5.804953865706921 0.1617923229932785 1165.185538768768 1.257047869265079 0.4399494528770447 0 3.46841835975647 232.0934477970004 940.592051550746 673.7177376076579 114.5475245118141 1.687159635126591 4.395289361476898 253.5263792946935 123.7315786480904 3.901612609624863 129.310948126018 1.544778898358345 0 1.435988530516624 6.954345360398293 2.782522886991501 133.044246070087 0.9831185191869736 17.89907729625702 12.42289007455111 24.32371670752764 0 8.01891154050827 0.2448463439941406
221.8466417193413 8.111298270523548 5717.33147945255 1.286479726433754 1.928334571421146 72.99728461354971 266.519022166729 686.3926738798618 2.840732529759407 33.02632389962673 743.0688945427537 4.717273816466331 2.749107263982296 889.7210847660899 0.08988871425390244 8.939331531524658 3632.476620048285 274.6099481359124 4606.747663609684 3.810965701937675 871.0352505370975 5.699802674353123 5564.194176778197 26.1069073304534 5.508731000125408 4658.917681351304 4356.289328314364 109.0115245953202 777.4496206641197 1762.593626499176 1.723362348973751 11.39940448105335 46.61526123434305 2869.233544051647 4.421282730996609 335.8818179666996 1356.378894418478 1614.924812927842 322.8041165918112 4.596685089170933 3.585512675344944 18.18407923728228 0.5201403424143791 0.0959392637014389 63.85925787687302 25.18605710566044 0 0 0.09615514427423477 1.575385577976704 0.704681932926178 1.062146879732609 0 2.642150774598122 0 2.762716926634312 1.025745443999767 0 1.852118484675884 41.23870328068733 0.8543268218636513 18.50951826572418 0 1.169370666146278 3.283363655209541 2.763322770595551 2.385259464383125 4.462940096855164 187.4565449208021 454.87483818084 3.868692688643932 0 1.508627481758595 1.617014147341251 0 0 2.991302192211151 1.712432578206062 24.6006508693099 15.9086669832468 14.71999178081751 4.482341654598713 0.4905765056610107 0 0.08763779699802399 0.1212082728743553
7.162869520485401 3.841963663697243 48.47235275804996 0.9516148939728737 1.533773466944695 22.31996753066778 7.910454966127872 50.74058689922094 0.7042329013347626 10.53546289354563 4247.751399248838 10.0007437095046 217.4736629500985 53.58662647753954 0 0.5365830287337303 274.6099481359124 845.1872677505016 1191.209967598319 8.049527175724506 6.128113098442554 1.663023166358471 27.91437868028879 2.917381472885609 76.00016348063946 3411.925613455474 489.7421013489366 5.31036664545536 85.56504579633474 26.8694665953517 223.8830026090145 26.35242719203234 2.528672583401203 820.008682243526 3.132353879511356 503.2395182177424 930.4159760847688 1331.711271844804 383.9230581521988 5.892321079969406 3.751252010464668 25.34089969098568 1.609623610973358 0.0982886478304863 19.80738119035959 0.7030416131019592 0 0 0.4594349563121796 0.649638943374157 0.3167136982083321 0.3822305649518967 0 44.28861314803362 0.4809038862586021 207.0499996691942 0.9496607184410095 0.2891361564397812 0.08201147615909576 1.161471374332905 26.22571748495102 12.48306678235531 0.3932704627513885 0.1930565908551216 0.9705325737595558 0 0.6936338245868683 72.40257434546947 183.5246903151274 189.0795780569315 0.1185488328337669 0.7538751363754272 0.08599235862493515 90.9370042681694 0.2433345541357994 0 2.730565927922726 0.2233578413724899 15.92009572684765 23.3235620111227 15.03755836188793 1.592721976339817 0.3203771859407425 0 3.511438131332397 0
37.88019914925098 3.757448628544807 230.6758322417736 1.218215227127075 2.333674296736717 30.5033835619688 22.77343057096004 133.0566050410271 1.003822162747383 16.31927757710218 2874.246163345873 13.42245680093765 15.1053965613246 182.7691338211298 0.4364264309406281 1.076561912894249 4606.747663609684 1191.209967598319 3251.106531843543 9.80116780847311 68.96961449086666 1.463221997022629 169.4742439314723 6.60065733641386 78.32986272871494 3925.384466268122 860.2474559322 13.87257475405931 341.1971165016294 208.2033091261983 14.82419126480818 50.1478928476572 19.74432292580605 4036.710533224046 1.125829264521599 663.3219181671739 855.9454067349434 2728.805037736893 674.1858312562108 8.247531220316887 4.430907912552357 13.96154878288507 1.497442521154881 0 24.46751665323973 1.111974842846394 0 0 0.568911075592041 1.963806122541428 0.206474781036377 0.6108743920922279 0 14.24076814949512 0 42.10023004561663 0.3813330233097076 0 0.5480134859681129 8.724180318415165 16.61025504767895 23.17901220917702 0 0.1169806942343712 0.9412667229771614 0.8086516708135605 0.772799052298069 41.44557146728039 289.2828690111637 235.591335952282 0.5694576874375343 0.08630827069282532 1.318438306450844 33.59520871192217 0 0 2.57930900156498 1.303035736083984 20.3957069888711 13.85163190215826 8.59927574545145 1.098786421120167 0.5409964025020599 0 0.2273205295205116 0
72.94976598024368 0.2872123047709465 3.208365753293037 5621.518494509161 12.64902640134096 742.0218807980418 300.9231757298112 552.2168962657452 641.4427008032799 7394.798838838935 31.09104152023792 7667.765572883189 2.61146154999733 397.4732347950339 130.3562617525458 0.566947840154171 3.810965701937675 8.049527175724506 9.80116780847311 990.9060633927584 2.22902213037014 1.951764300465584 5.626219220459461 646.6006998941302 0.3994830772280693 11.25231496244669 6.159080155193806 2264.135128073394 343.0541943535209 10.20340590924025 0.4046652093529701 18.82105185836554 9.000127643346786 169.5558223128319 5.154918611049652 961.9222533628345 20.87774489074945 625.7227308526635 157.5281044393778 277.6566598191857 28.99963686615229 14.39257531613111 9.964113526046276 1.927659057080746 0 0.5132244899868965 268.2951408773661 0.4693853110074997 67.63467388600111 584.6983176097274 137.5222493186593 237.0337247103453 199.201135635376 10.30863823741674 95.6010215729475 0.4884143993258476 53.7517796754837 3.883689254522324 1.129529744386673 0.09243343025445938 2.323269300162792 0.358981765806675 359.3936437740922 2.025679722428322 1.145062759518623 1.454414658248425 226.8541995882988 0.1305773109197617 1.370083793997765 2.969146013259888 184.735884770751 16.26054836064577 20.91137318313122 0.3033127784729004 1.47426214069128 0.2596074938774109 11.86802752315998 2.237465813755989 331.4911209344864 1.186863429844379 47.02142222225666 4.299366004765034 147.3321702927351 6.787096470594406 6.668315753340721 0.3599987328052521
13.75089625269175 25.07015755772591 941.8289437219501 0.9360837936401367 0.1090848222374916 8.99263134598732 759.3154722899199 51.87710241228342 81.50807510316372 15.51124284416437 19.35272025316954 0.920831173658371 1.594900049269199 71.69804566353559 0.3362642526626587 3308.079891905189 871.0352505370975 6.128113098442554 68.96961449086666 2.22902213037014 11678.4055223912 602.416899420321 14700.01188997179 269.9883049800992 4.558449380099773 106.4967730119824 1439.139793068171 7229.240185216069 69.45904372632504 9042.223659269512 0.5325483903288841 1.818261452019215 13.6699153482914 4837.623460792005 92.02215791493654 5423.021013893187 1286.023249097168 6044.599459856749 3684.434717357159 222.8805397972465 12.95785558968782 21.05376587808132 17.93433776497841 4.5646618232131 1.733099445700645 12.61300820112228 0 0 0.1307508647441864 21.3015998378396 1.233330145478249 34.36678214371204 1.678124912083149 0.7379222512245178 0.1367148756980896 2.705539658665657 4.242216192185879 0.1082711741328239 593.5269011482596 3.072804376482964 0 0.2314161732792854 3.769364506006241 260.5576431453228 406.2840567156672 201.7914970591664 156.3755364865065 1.150856614112854 7.756303325295448 85.67006024718285 156.6959146410227 8.300001412630081 208.513998799026 0 0.4225500524044037 0.7853726893663406 6.491563037037849 9.404919996857643 124.7047551870346 2.51013907045126 20.86443234980106 7.956550121307373 21.15057580173016 2.300456821918488 5.77677883207798 0.9891209602355957
2.581526301801205 2530.520818211138 46.59333410859108 8.803379058837891 2.154854282736778 2.544731579720974 210.0996062904596 4.104291021823883 3239.181055150926 10.78632933646441 71.24093362689018 8.065611198544502 248.9341288730502 6.197629496455193 76.29404513537884 4791.545021891594 5.699802674353123 1.663023166358471 1.463221997022629 1.951764300465584 602.416899420321 2147.138391532004 1605.067006468773 10454.81507480145 821.6705216467381 30.5753490626812 8227.197127319872 1247.732170052826 19.56196361035109 51.65705312788486 17.74191790819168 0 5.374117970466614 29.84940725564957 1.191746339201927 149.7096630185843 99.83200277388096 95.54195544868708 112.794338054955 30.65408582985401 0.5862069129943848 12.26742450892925 0.1957338750362396 3.076213166117668 50.42298437654972 124.3444532975554 0.2289757505059242 0 1.51064670085907 33.02553892880678 6.719166055321693 13.44997832924128 3.39317774027586 1.973262473940849 0.2348828315734863 5.406201653182507 9.349987141788006 0 1423.717191286385 10.47997778654099 0.09916658699512482 1.116098269820213 0.4709951132535934 92.003971606493 694.0566664338112 853.7938819229603 108.6727415472269 6.919372640550137 17.81312812119722 2058.561175115407 66.84063906222582 3.935584396123886 79.40571737289429 1.059220008552074 0 0 7.136673271656036 0.3160178661346436 75.93127965182066 12.84493292868137 25.83006625622511 28.39952034503222 4.475242406129837 0 1.338311061263084 0.3286002278327942
380.5482087954879 34.93846015632153 10708.8770647943 3.949567452073097 0.5856753811240196 116.5706479623914 1770.200238294899 1091.53069575876 63.58688855171204 79.12765425443649 69.27531917393208 4.98089063167572 4.374845251441002 1443.874680757523 0 3218.091188006103 5564.194176778197 27.91437868028879 169.4742439314723 5.626219220459461 14700.01188997179 1605.067006468773 19261.36557033658 506.0052235871553 10.00103658437729 1479.76501134783 11600.7761792317 3584.042231269181 564.8549810647964 5540.476412177086 1.464509785175323 6.026591569185257 28.31560980528593 4169.562287025154 98.20373064279556 6090.65770945698 4984.147272504866 7780.698098838329 5994.67160949111 230.1744366139174 14.49514057487249 12.45173611491919 21.71478199958801 1.92209704220295 23.14980456978083 341.4372108578682 0.9823417589068413 0 1.373978361487389 44.66397655755281 6.622858144342899 7.89723052829504 6.594948939979076 0.1860241442918777 1.289050310850143 0.3903445899486542 11.06110240519047 0 1377.529154732823 12.22960510104895 0.1502761691808701 1.626260600984097 0.126787468791008 120.7004246413708 1430.19515901804 1055.079741612077 64.00889924913645 0.4263055473566055 21.34301787614822 2122.882792234421 65.52874960005283 1.889080420136452 55.06937842071056 0.212746374309063 0 1.234343752264977 8.764767609536648 12.33545596897602 192.0879907608032 17.64487856626511 64.77691782265902 60.67271488904953 12.83541993796825 0 1.918643370270729 0
90.46793603152037 631.8574765250087 94.96700499206781 2303.615522257984 18.82385685294867 306.25143904984 1489.576250515878 287.4430406466126 8513.216400690377 701.1014081984758 29.51378089189529 532.4203845784068 49.02597241848707 333.9063361734152 901.7898085340858 3381.390064761043 26.1069073304534 2.917381472885609 6.60065733641386 646.6006998941302 269.9883049800992 10454.81507480145 506.0052235871553 10983.10177468508 175.7887394726276 32.10809323936701 1719.408084496856 10338.10618244112 768.800965629518 1613.349874779582 3.752138264477253 7.451763145625591 192.9346275776625 278.101356998086 35.53640542924404 2057.196912489831 115.3360238298774 748.372739315033 390.4299425557256 411.3460943475366 18.54163199663162 7.688654392957687 17.07032845169306 10.03932094573975 6.773908995091915 14.07947532832623 203.8631042838097 0 49.59893158078194 623.035954400897 87.82132612168789 728.8723627179861 149.1630681604147 8.045494697988033 59.64947926998138 1.723682790994644 47.26863978803158 1.342267014086246 226.1190633997321 2.374337896704674 0.7343775033950806 1.078899309039116 273.2460168898106 103.8351534679532 251.5714870542288 62.16764541715384 689.1623038649559 1.528122238814831 6.534540042281151 101.3198921978474 617.9689785689116 17.14151521772146 225.745444484055 0.2704196274280548 0.5405584573745728 0.8410653471946716 15.39102228730917 2.963832646608353 239.2091031968594 4.760241337120533 48.76696688681841 9.655317410826683 87.26728849858046 3.202624432742596 1.861449837684631 0.08209272474050522
0 1673.920316793025 0.6919125020503998 0.2010063901543617 0.09363209456205368 1.927819490432739 1.989865481853485 2.348504759371281 168.7422186434269 0.9394159540534019 1311.74052618444 1.611262038350105 4289.504373811185 1.628662452101707 5.213473200798035 33.15906423330307 5.508731000125408 76.00016348063946 78.32986272871494 0.3994830772280693 4.558449380099773 821.6705216467381 10.00103658437729 175.7887394726276 346.6193656623363 883.5537649318576 4388.839284703135 19.94735234975815 4.334499672055244 0.2102592512965202 361.2608325853944 2.34267333894968 0.09693105518817902 408.9154323190451 0.3164364099502563 82.92151467502117 448.9922179952264 365.9184029474854 87.51513356715441 1.057637192308903 5.107540607452393 253.2251439243555 0.499535083770752 0.100553885102272 348.6381137147546 4.599799245595932 0 0 1.44125796854496 0.277962937951088 1.736846067011356 1.02898134291172 1.211304113268852 354.3078157603741 0.7615553215146065 646.3170691356063 3.39325737953186 0.3421009927988052 0.2745777741074562 3.817697793245316 4.740837976336479 8.03668400645256 0 0 3.399344995617867 0.9168084114789963 0.07932345569133759 189.1416181325912 144.0305364653468 290.8739175200462 0.1041540578007698 2.386245734989643 0 25.77233334630728 1.174822516739368 0 21.31346376240253 0 16.99425645917654 122.6409978121519 76.93243069201708 8.279882431030273 1.54509199410677 0.3901297301054001 90.77049696445465 0
34.94403867423534 115.050828538835 5558.344705693424 2.707303151488304 2.610104814171791 62.11491422355175 340.441141217947 231.5277006775141 10.14354827255011 35.40998899936676 3258.784252211452 14.41598974168301 1346.27101007849 217.1776283979416 0.1448362767696381 4.715780459344387 4658.917681351304 3411.925613455474 3925.384466268122 11.25231496244669 106.4967730119824 30.5753490626812 1479.76501134783 32.10809323936701 883.5537649318576 29374.48088250309 12891.41560998559 117.989020138979 200.310295291245 91.7013733163476 2189.472125373781 42.09512021392584 10.46379286050797 1839.245318025351 18.34383438527584 2642.867981851101 5993.976505167782 4637.838273942471 1669.478877991438 33.20453248172998 9.76374326646328 94.62110918015242 6.767852701246738 0.8334204629063606 576.1677376329899 15.82221904397011 0.1531975269317627 0 2.288098841905594 4.645190365612507 3.132755272090435 3.664434298872948 0.9611043259501457 262.2935562953353 2.375646091997623 1209.911047428846 6.891307182610035 0.1864559352397919 2.543481357395649 91.18988183140755 146.1087623909116 380.2546012401581 0.8591711595654488 2.009999170899391 10.11166647821665 5.28476769477129 4.051626317203045 761.7838016822934 3043.656814038754 3523.081482797861 1.99235650151968 6.311792254447937 3.789120122790337 439.867784768343 1.915539443492889 0 30.85275662690401 3.384944215416908 124.6867060065269 201.2513488531113 138.5276422575116 40.49505215138197 2.282018683850765 0.6455168798565865 18.30001650005579 0.3755590468645096
23.18598113209009 8072.659529469907 6606.609769880772 11.40630252659321 2.323801010847092 58.23153239488602 640.3422294706106 215.5387510210276 838.6592454910278 43.88758442550898 1808.305766262114 10.82377575337887 4670.90486689657 158.5610131546855 29.71690241992474 3404.267950795591 4356.289328314364 489.7421013489366 860.2474559322 6.159080155193806 1439.139793068171 8227.197127319872 11600.7761792317 1719.408084496856 4388.839284703135 12891.41560998559 25456.60197390616 1157.520509399474 118.1625370457768 104.2864036858082 1999.556783862412 15.69374638050795 13.1056908890605 2037.935742042959 82.6598981693387 7027.772072076797 7632.148523338139 7173.439548589289 3437.273858502507 130.2251730337739 11.85900298506021 82.30449078977108 26.21580746769905 6.060010626912117 4382.18673826009 1243.503036379814 1.138569876551628 0 4.703477367758751 57.52677403390408 14.06551153957844 13.08423221111298 7.911536045372486 217.0502452403307 1.308940924704075 898.1899687945843 30.56676755845547 0.3691435307264328 231.0630169287324 628.199781306088 125.661332167685 529.8811077475548 0.7684446945786476 23.99315660446882 1764.808683440089 359.3583723679185 40.38970758020878 1024.997612118721 4761.275448046625 16103.50163719058 31.09415009617805 7.41522554308176 14.53297579288483 321.7303967103362 0.9283176064491272 0.368163488805294 70.43149241805077 32.63936953246593 503.8165735006332 360.8097938969731 365.247191503644 174.5053277239203 15.33290411531925 1.463112898170948 17.15511280298233 1.118887946009636
