1780.87784460187 1.02549621462822 348.4609101116657 0 0.1592738181352615 16.48788218200207 3555.451318338513 854.8900149986148 2.745157957077026 14.93203558027744 36.48818226903677 2.449577920138836 1.009097263216972 7968.006269566715 0 0 71.03519803285599 43.76131612807512 112.281827583909 0.4679528921842575 8.472840026021004 0.2026866972446442 43.41319210827351 10.33420115709305 0.1387935876846313 342.0399860739708 203.6725597456098 83.05016545951366 3329.184111766517 2904.959337875247 4.805628471076488 20.92740571498871 102.8578203842044 189.5787062048912 2.776869371533394 60.18203017115593 7.243440926074982 164.1209075003862 18.35484817624092 5.492970243096352 6.022611439228058 0.3605938255786896 0.5557090491056442 0 1.823377706110477 1.597858399152756 0 0 0 6.247816570103168 0 6.38318607211113 0.129707008600235 0 0 0.1682901531457901 0.5678956061601639 0 2.348794735968113 0.349103070795536 0 0.4053972512483597 0 2.960094898939133 1.246806412935257 0.3126186728477478 40.12997880578041 0.1104639619588852 5.194802731275558 28.98066584765911 31.44430202245712 2.206832386553288 6.706901550292969 0.21689473092556 0 0 0.1679084151983261 0 3.92423851788044 0.9616095051169395 0.8094467222690582 1.428142018616199 0 0 0 0
1.02549621462822 33.68493589013815 25.65635687857866 1.26899579167366 0 2.321542762219906 40.58951605856419 5.500528000295162 546.031351134181 4.261728674173355 62.11369232833385 0.2451084405183792 251.688039585948 4.345758348703384 3.642036750912666 369.9811618551612 52.44780637323856 0.7342780828475952 19.6390972584486 2.228711500763893 7.495550699532032 1597.217786133289 32.26554219424725 1125.396726481616 2499.318220838904 60.54742962121964 1777.915674179792 62.62975779920816 3.877574138343334 5.874984733760357 13.85015562176704 0.211791455745697 0.6743411794304848 22.80437860637903 0.5564946681261063 35.19072456657887 121.4857262000442 72.37826416641474 15.04373352229595 1.793003037571907 0 69.07663775980473 2.024645328521729 0 65.6959992647171 197.234988540411 1.967504918575287 0 0.1915484145283699 4.992215126752853 1.139180868864059 0.12028768658638 0 9.345705807209015 0 71.9641827493906 1.431402929127216 0 3.371817827224731 40.22692726552486 1.573337092995644 5.999877765774727 0 0.1078301817178726 30.37031403183937 4.057057864964008 11.36889918148518 92.27918673306704 99.94962903857231 1799.994205012918 3.85979937016964 0.9248266145586967 0.3947622925043106 5.916161999106407 0.1043860390782356 0.305741161108017 4.492794789373875 0 28.81825771927834 15.46444793790579 26.86984740942717 17.88123415410519 0.396220326423645 0 0.3641400635242462 0
348.4609101116657 25.65635687857866 7548.772857539356 7.025963246822357 0 143.819711394608 2901.251156516373 1070.511893622577 1.064367488026619 98.83696255832911 28.71304280310869 3.339841581881046 6.041923575103283 1119.382912285626 0.8038415610790253 6.44829472899437 5077.979974351823 66.45896293967962 201.2683128863573 4.26777607947588 871.8458732813597 16.74478061497211 10937.36993282288 28.25802125781775 13.6603341922164 11652.38378619403 13981.80389469862 966.3236569315195 258.2364758551121 2946.694894909859 16.66040522605181 6.366826571524143 37.01349496841431 559.8366392925382 25.85872229933739 1583.321645177901 2245.5876179263 2502.770841501653 731.0112987905741 56.09559071063995 4.183031685650349 15.52035936713219 9.926330238580704 0.553356871008873 111.5996321961284 726.810805901885 1.188822478055954 0 0.9973935484886169 16.31439223140478 3.358748413622379 2.586686350405216 0.9540405571460724 5.457216791808605 0 7.450368672609329 6.089733488857746 0 23.02820716798306 152.5749658569694 3.580385267734528 25.22718800604343 0.201664611697197 2.653392888605595 69.81868536025286 79.52653508633375 33.57331486046314 9.007741153240204 571.4574571847916 4034.847013905644 23.06058131158352 2.677486002445221 4.678341895341873 5.273313380777836 0 0.187813401222229 19.4981000944972 1.433811783790588 83.23833690583706 38.0691881403327 66.7873829677701 49.73144599795341 1.376650407910347 0.2500949800014496 0.9007805585861206 0.3398052155971527
0 1.26899579167366 7.025963246822357 1045.885090723634 0.6893945336341858 39.21875267475843 162.5569658651948 4.772678658366203 633.9987290203571 1532.480196997523 0.5116555839776993 2869.533604517579 0.1154844909906387 8.797878742218018 111.9324726611376 3.187401384115219 0.3706498742103577 0.661493144929409 0.1260197758674622 3219.220047652721 0.1341834962368011 7.209697335958481 4.445902749896049 1261.08548399806 1.910238102078438 2.576024740934372 28.35137161612511 1989.710825540125 18.43527357280254 2.052946642041206 0.08795586228370667 1.190700627863407 0.5773069113492966 12.43582472205162 8.844762481749058 166.9671461284161 2.596769332885742 49.27827326208353 32.07783295959234 166.9179666936398 12.83962580561638 0.1840892136096954 1.858434528112411 0.5934962034225464 1.336724907159805 1.230277992784977 214.5229942947626 1.268943697214127 29.87132792919874 77.7655265852809 2.897461727261543 71.35912780463696 236.3372432515025 0 146.8960519880056 0.1065870597958565 4.420814283192158 18.76384056359529 4.917101636528969 0.6788389384746552 0 0.1276810616254807 137.7953779101372 1.59060250222683 5.909192077815533 1.858926996588707 294.5309322476387 0 0.8411782532930374 8.70802091807127 381.7767561599612 6.755113631486893 2.103524789214134 0 0.3741090893745422 0.5248866155743599 5.596941865980625 0 21.70168823003769 0 11.27860088646412 0.8010849356651306 132.8635501936078 1.090863898396492 0 0.7384608089923859
0.1592738181352615 0 0 0.6893945336341858 10.20218081772327 189.7728054597974 3.076362758874893 4.43914820253849 14.99309396743774 4.117557913064957 1.541835844516754 178.618072964251 0 0.604720413684845 870.9031441062689 0.1427537053823471 0 0 0.4279628843069077 3.901290848851204 0 0.1895820200443268 0 10.23127961158752 0 0.5113995224237442 0.4335122853517532 5.301176771521568 74.96552529931068 0 0 26.21135810762644 0 33.61293981969357 0 30.03627918660641 0 46.2592635974288 15.3341107070446 1943.623791888356 35.25261661410332 8.038643032312393 1.095372766256332 0 0 0 0 0 0.9312750101089478 0 0 0 0 0 0.8145013451576233 0 0 0 0 0 0 0 0 0 0 0 0.6445540338754654 0 0 0 1.10512587428093 0 0 0 0 0 0 0 1.228922605514526 0 0.348154217004776 0 4.055315464735031 0.4452869296073914 0 1.230994939804077
16.48788218200207 2.321542762219906 143.819711394608 39.21875267475843 189.7728054597974 15457.55924773216 3245.115780755877 7651.216340765357 96.15449172258377 8310.645026572049 82.51081509888172 3066.724429681897 5.138088174164295 486.9439991042018 1437.888768181205 4.303704530000687 12.01163428276777 30.0544840618968 26.93235617130995 304.2959206551313 6.435646943747997 15.6118872538209 34.51680857688189 130.4565404132009 6.069488883018494 75.0661464035511 144.6200632825494 1026.743895366788 731.104020871222 33.14960642158985 3.250665165483952 519.9872207716107 1.549314297735691 650.3135638684034 13.76945249736309 761.784328609705 19.94901175051928 819.5327294394374 220.0795719921589 3512.942724771798 301.2561211064458 57.74415159225464 55.03010286390781 0 0 0.8536769449710846 20.02596236765385 0.7278785556554794 10.84503971785307 43.61943038552999 1.390120565891266 14.95698291063309 43.41066387295723 0.1541112512350082 25.58119176328182 0.2086650729179382 0.970613420009613 4.773802667856216 5.600647658109665 0 0 0.1346923857927322 15.24003538489342 3.302038565278053 1.049973361194134 4.895368531346321 100.5540855377913 0.459955208003521 0.9872467741370201 16.61495064198971 104.762581512332 2.432495437562466 2.164861999452114 0 0.2155121266841888 0.1318291872739792 1.572405621409416 0.2591361105442047 12.70825802534819 0.4488784968852997 3.939796432852745 0.8173423111438751 92.63560029864311 1.090017512440681 1.95323657989502 0.3566097319126129
3555.451318338513 40.58951605856419 2901.251156516373 162.5569658651948 3.076362758874893 3245.115780755877 16951.75979553908 4661.673484832048 212.2611030861735 7013.59305986017 47.7052568718791 95.3621766641736 14.71875086426735 8368.357191421092 40.94060227274895 36.72270175069571 187.8863785043359 27.66611290723085 43.46929767727852 124.3164879083633 512.1321903541684 128.812199421227 1659.592741504312 1451.761108331382 45.88653665781021 556.2243816331029 2011.178465247154 19461.71718172729 2597.434714443982 8689.48761048913 9.576159715652466 39.64350211620331 92.17377322912216 604.5385676398873 286.2998302802444 4763.058772243559 124.038125731051 1815.341900803149 1080.284790761769 880.9910906404257 208.8953745886683 7.98388297855854 70.82357233762741 5.289781488478184 3.819992177188396 22.40331287682056 82.15187542885542 0 21.13212966173887 1081.445711702108 9.701544933021069 140.5765210837126 160.0810244902968 2.104836046695709 9.887662567198277 1.195381864905357 26.89031680673361 2.80974268913269 63.44817037880421 4.329177506268024 0.9390670657157898 2.650641903281212 39.30716761946678 22.24673736095428 29.75323475897312 55.26679031550884 2107.891386561096 2.687607571482658 13.64241323620081 214.1982179433107 1862.650537289679 80.13040839135647 54.82457514852285 0.8566294237971306 1.222186215221882 4.934421464800835 20.755101300776 2.219803005456924 206.5572911202908 3.428627528250217 60.06423616409302 16.82850167155266 25.48186083137989 14.08256529271603 0 2.183331117033958
854.8900149986148 5.500528000295162 1070.511893622577 4.772678658366203 4.43914820253849 7651.216340765357 4661.673484832048 13735.71825672686 4.929467290639877 2368.412320539355 175.8451405391097 294.4154630601406 4.335463665425777 9047.008646436036 303.3039183095098 1.321196094155312 136.7293608486652 88.72608102858067 165.023449189961 26.61012604087591 36.00885441154242 4.193940512835979 139.7284550666809 29.83849797397852 2.073024183511734 701.1951865032315 434.0076017230749 144.4833322763443 3046.967768795788 1318.300308957696 9.639946602284908 1398.178255394101 10.88167106360197 966.4055958911777 21.77961410582066 509.6489575356245 34.62800942361355 1078.499449387193 245.4051396250725 650.703047119081 116.2523472607136 26.3723411411047 13.62730152904987 0.3218813389539719 2.864888399839401 3.745755262672901 2.343028888106346 0 0.4831688404083252 22.87532754987478 0.1027974411845207 14.15589302778244 3.404182896018028 0.297814667224884 1.748816639184952 0.7908123880624771 0.5877474546432495 0 11.76052711158991 0.9182614609599113 0.2151385545730591 0.1519335061311722 0.6986272633075714 8.619394972920418 2.691104933619499 3.457139372825623 83.20347738265991 1.009803049266338 12.22399463504553 56.84649094194174 85.22587458044291 5.323990106582642 18.72210513800383 0.1944395452737808 0.2156873643398285 0.4572797119617462 0.3166379034519196 0.6306537985801697 15.35525941103697 0.8140033632516861 4.444786868989468 0.9442978352308273 0.4706434905529022 0.5286361873149872 1.469464674592018 0.314280778169632
2.745157957077026 546.031351134181 1.064367488026619 633.9987290203571 14.99309396743774 96.15449172258377 212.2611030861735 4.929467290639877 715.2998508661985 447.0970174744725 3.909627825021744 644.9296561032534 15.55287829041481 11.29081698507071 403.2602930516005 7.300394982099533 0 0.3786676973104477 1.036326117813587 561.1758642867208 2.859885767102242 4232.710916996002 7.399728447198868 11143.12039320916 323.4561299234629 2.640427216887474 116.8649674504995 2016.607673957944 24.80980986356735 18.88725095242262 1.395931400358677 0.3995697945356369 3.504500992596149 4.52293598651886 5.431150197982788 286.1229902207851 47.03215765953064 27.33101726323366 21.07132358849049 167.7511495277286 4.621462285518646 4.524096176028252 2.922782465815544 1.921607717871666 29.48256570100784 1.139504328370094 140.3684670031071 5.866831660270691 57.56762078404427 156.6034822463989 4.11517246812582 124.0039747878909 262.8607102483511 1.986716389656067 121.8621936142445 1.591287389397621 11.07420472800732 56.11874700337648 26.55187541246414 0.4630893021821976 0.3504118919372559 0.3455793857574463 106.0385840088129 10.66135396063328 21.73890494555235 6.904569424688816 2261.464318655431 4.832759387791157 0.6522142216563225 12.66209066659212 790.132422760129 32.18958215415478 22.72942601889372 0.2334710359573364 0.597112849354744 2.814212054014206 8.160851582884789 0.1239030957221985 60.00442652404308 0.6759404167532921 13.42343684285879 2.203887291252613 289.8282500654459 3.769546583294868 0.1123872846364975 0
14.93203558027744 4.261728674173355 98.83696255832911 1532.480196997523 4.117557913064957 8310.645026572049 7013.59305986017 2368.412320539355 447.0970174744725 26792.56735620648 88.70308404415846 3786.226895622909 4.289117425680161 725.0261217132211 112.6372209191322 3.978187158703804 8.919259749352932 33.50013367086649 36.28695269674063 5234.24287583679 6.783087633550167 13.6184446066618 37.56176926195621 692.6408888176084 3.204273983836174 49.9370334520936 140.4142508134246 3040.391192935407 581.1524734795094 15.18118463456631 3.841457866132259 87.39358696341515 2.806939631700516 625.559398457408 79.48022651672363 1606.88427387923 33.55176579207182 1772.242664247751 443.5314703211188 1187.810037121177 247.5022882223129 4.022084586322308 29.42107529938221 0.2737282663583755 0.3669361621141434 2.467053890228271 152.5533436089754 1.633076950907707 25.74890487641096 174.0155307799578 6.49507674574852 74.29048474133015 305.931402169168 0.2656259462237358 154.5453348755836 0 3.051047198474407 27.29074957221746 6.567478679120541 0.2520753443241119 0.1226408705115318 0 89.49328763782978 0.9528060257434845 2.674690872430801 4.700286380946636 440.4927656278014 0.1217808499932289 0.761326938867569 15.35571723431349 470.0019285604358 4.611274391412735 6.582882896065712 0 0.3552236557006836 0.4399686008691788 3.661300800740719 0.2672416269779205 24.31432059407234 2.193727970123291 7.701883219182491 1.752542555332184 200.1356147229671 0.4600264728069305 0.974599227309227 0
36.48818226903677 62.11369232833385 28.71304280310869 0.5116555839776993 1.541835844516754 82.51081509888172 47.7052568718791 175.8451405391097 3.909627825021744 88.70308404415846 13734.75109127164 73.1273837685585 2084.1876649037 201.1609562262893 4.135686866939068 6.761907026171684 661.0661868229508 4551.687162488699 2110.258470349014 9.762348033487797 11.92851006984711 17.70032257586718 67.24074175953865 16.46013859659433 1183.166726335883 1954.381244182587 811.095064625144 10.40320560336113 304.5438657253981 104.2498701438308 451.505130559206 80.02114994078875 11.91853982955217 8406.426913291216 6.253357946872711 314.5764994621277 3410.764584027231 4652.189214684069 603.2798439562321 137.4015825465322 10.65125732123852 1175.81994214654 14.16141755878925 0 4.99848448485136 0.928760826587677 0.1810711026191711 0 0 0.6014079600572586 0.1495466381311417 0.6100657805800438 0.3034726679325104 464.9249501526356 0.220210500061512 1177.36883444339 0 0 0 0.3300374299287796 6.908592462539673 2.514198869466782 0 0 1.017424218356609 0.2640084028244019 3.084983929991722 250.567536495626 136.738319888711 151.4419045075774 1.11935156583786 0.1029813662171364 0 100.0483864620328 0 0 1.235793352127075 0 2.298968642950058 386.8694957792759 4.154958590865135 1.08724570274353 0 0.6758729219436646 131.6956262812018 0.5888882875442505
2.449577920138836 0.2451084405183792 3.339841581881046 2869.533604517579 178.618072964251 3066.724429681897 95.3621766641736 294.4154630601406 644.9296561032534 3786.226895622909 73.1273837685585 6314.205632254481 1.98680368065834 87.06168249249458 2034.917697504163 0 1.102177023887634 25.74840470403433 24.6997092962265 4272.38927411288 0.1228243038058281 0.5341557860374451 1.164428249001503 658.9950823262334 0 23.14427655935287 10.19354891031981 1163.023113645613 225.7087860107422 1.616645067930222 2.781362682580948 123.1923343464732 0 466.3172355294228 6.450032189488411 1060.382984615862 11.6234188452363 1061.721897594631 96.89630974084139 4540.932901158929 120.6179011836648 7.713947631418705 8.293468222022057 0.2180360555648804 0 0 123.8270527943969 2.893597424030304 47.67671501636505 25.45546331256628 1.030164077877998 37.76657237112522 162.3664300069213 0 241.4466623663902 0 1.458937861025333 38.10369339585304 0.5280019491910934 0.1484329551458359 0 0.09711850434541702 76.81529315561056 1.637083142995834 0.180317148566246 0.2156456857919693 76.9992483779788 0 0.5114089846611023 2.227437518537045 136.2485866397619 1.345422476530075 0 0 0.3940814137458801 0 3.138530254364014 0 35.03164729475975 0.1797064989805222 0.7607144489884377 0 562.2599691078067 0.4820980429649353 0.8964946269989014 0.1509060561656952
1.009097263216972 251.688039585948 6.041923575103283 0.1154844909906387 0 5.138088174164295 14.71875086426735 4.335463665425777 15.55287829041481 4.289117425680161 2084.1876649037 1.98680368065834 3230.654800467193 6.443060047924519 0 26.37120043486357 7.842264339327812 18.5295604839921 30.39106866717339 0.5073106065392494 2.823458187282085 70.23125227540731 11.40141122788191 63.09326432645321 5157.775917589664 234.3436070904136 4196.827831216156 6.799235820770264 4.36702886223793 2.549473613500595 659.0509431362152 2.349613547325134 0 593.2835030257702 7.223209574818611 296.2992532104254 4382.227749481797 2203.442047379911 260.0408995449543 9.706425838172436 7.428559839725494 2696.415219783783 7.066064432263374 0 34.75765789300203 1.984166249632835 0.2248766124248505 0 0 0.1127677336335182 0 0.5901488065719604 0.136656865477562 1037.938686236739 0 2884.615711539984 0 0 0 0.8357071131467819 15.26722179353237 8.924925923347473 0 0 1.514335252344608 0 0.9891833364963531 893.1328699812293 245.8156767636538 368.381581120193 0 0 0 183.7345056682825 0 0 6.795178472995758 0 18.78887378424406 946.7679658979177 22.22767481952906 2.406417086720467 0.3633479475975037 0.3742430806159973 551.7501143589616 2.716327846050262
7968.006269566715 4.345758348703384 1119.382912285626 8.797878742218018 0.604720413684845 486.9439991042018 8368.357191421092 9047.008646436036 11.29081698507071 725.0261217132211 201.1609562262893 87.06168249249458 6.443060047924519 10923.7194339484 13.67978814989328 1.022922486066818 144.0015926510096 105.3425948768854 194.8706580325961 25.56339684128761 45.44280750304461 3.763686850667 161.8749403655529 36.28659453988075 1.959133848547935 716.8934167474508 454.6850891411304 248.9713150262833 10272.63520195335 2330.084063723683 10.74157873541117 445.5701814517379 36.35690053552389 950.3275538086891 23.39974556863308 425.8311135098338 27.44668477773666 789.41823271662 158.9533395990729 142.3605175092816 58.68895837664604 5.895243510603905 7.819553524255753 0 4.392378345131874 4.445218965411186 1.244832426309586 0 0.4956578016281128 18.69451826065779 0 9.978530913591385 2.570604003965855 0.5653104335069656 0.6019928529858589 0.5746649205684662 0.4712961316108704 0 11.01318139582872 1.043869316577911 0 0.5119733586907387 0 11.62112940847874 3.330040514469147 2.889834493398666 94.60188334435225 0.9182389378547668 12.82599045336246 60.9994055852294 84.32100127637386 3.571058236062527 18.74403200298548 0.2646745145320892 0 0 2.796952247619629 0 17.6872283667326 0.7241386249661446 2.892614558339119 0.8122838139533997 0.1535656601190567 1.096889615058899 0.1499998420476913 0.2268571257591248
0 3.642036750912666 0.8038415610790253 111.9324726611376 870.9031441062689 1437.888768181205 40.94060227274895 303.3039183095098 403.2602930516005 112.6372209191322 4.135686866939068 2034.917697504163 0 13.67978814989328 467.3205773085356 0.2534193098545074 0 1.189321212470531 0.7233229801058769 142.3459919393063 0 32.086750254035 0.246589794754982 721.0975110381842 1.78466585278511 1.188608348369598 2.390380389988422 244.7175628840923 38.0917159691453 0.7253511622548103 0.09977162629365921 162.9916996508837 0.370423898100853 41.21923308074474 0 303.2142182514071 0.7310295403003693 25.77351082861423 17.62896433472633 1717.092050433159 29.10177399218082 1.030862897634506 0.7000069320201874 0 0.2181582450866699 0 5.841468252241611 0 2.215834870934486 1.10328833758831 0 4.09794057905674 5.011852860450745 0 20.90892454981804 0 0 1.259934857487679 0.8992750495672226 0 0 0 1.795905590057373 0.470665842294693 0.1632877141237259 0 10.65651160478592 0 0 0.1213784366846085 6.353741139173508 0 0 0 0 0 0 0 0.2798343002796173 0 0.2325338572263718 0 45.41634491086006 0.2051209211349487 0.3010749816894531 0.3121659457683563
0 369.9811618551612 6.44829472899437 3.187401384115219 0.1427537053823471 4.303704530000687 36.72270175069571 1.321196094155312 7.300394982099533 3.978187158703804 6.761907026171684 0 26.37120043486357 1.022922486066818 0.2534193098545074 2930.699266716838 5.431408114731312 0.1195838525891304 0.5312465205788612 0.1917600482702255 1670.669277347624 4713.555222861469 3666.978687979281 2412.938738241792 290.3030128702521 4.128538049757481 6961.248021490872 1865.694187231362 0.7937773466110229 267.819384843111 3.835647329688072 0.2190389931201935 0 32.95354995131493 32.82402122020721 1529.465502224863 637.8751093372703 266.8921015188098 495.1907206252217 34.74176916480064 0.4086484909057617 2.278899326920509 6.862711802124977 0 6.455963052809238 39.04875915497541 0.1692461222410202 0 0 8.191686972975731 0.2285671159625053 11.51454773545265 0.6301529407501221 2.098656930029392 0 4.950620844960213 0.9435083419084549 0 2891.186853289604 3.516908071935177 0 0.5923115462064743 0 603.6515339538455 935.4111803919077 1736.423664115369 55.66197545081377 1.76257660984993 9.074635364115238 1064.871342159808 63.66591939330101 3.919637128710747 129.5059806853533 0.9386320784687996 0 0.6412253379821777 8.250906080007553 2.278256371617317 109.920566663146 10.80466045439243 47.83914395421743 24.38750576972961 3.636950820684433 1.771375477313995 0 0.1540792435407639
71.03519803285599 52.44780637323856 5077.979974351823 0.3706498742103577 0 12.01163428276777 187.8863785043359 136.7293608486652 0 8.919259749352932 661.0661868229508 1.102177023887634 7.842264339327812 144.0015926510096 0 5.431408114731312 969.6181319132447 699.5345240831375 6158.846542790532 0.3109607398509979 1591.920297935605 3.469097167253494 2241.527685418725 5.251708351075649 3.101318724453449 4332.694109000266 6645.816447868943 59.4252220466733 151.2197575420141 2123.302299149334 11.45959201455116 3.553148061037064 23.35697412490845 3165.214767545462 2.041542693972588 134.3476605713367 606.029783308506 1508.621479786932 155.0901623517275 6.666282795369625 0.1752240806818008 3.715181775391102 0.52247154712677 0 77.74065394699574 300.3775854930282 0 0 0.4087379053235054 3.790718510746956 0.8767658323049545 1.13422566652298 0.3000331819057465 6.180368348956108 0 10.8622278496623 0.8165482133626938 0 3.821355119347572 101.2602883428335 2.461375802755356 36.22187864780426 0 0.1902272999286652 6.454551301896572 1.869505122303963 12.60127334296703 17.7009479701519 550.1599312797189 2142.212267443538 4.217948332428932 0.7087945863604546 0.9770693331956863 2.931741759181023 0.3050724267959595 0 12.08371104300022 0.3537793606519699 52.71845356374979 35.9064252525568 50.32326118648052 34.24196960777044 0.4030661731958389 0 0.5318931937217712 0.4641161412000656
43.76131612807512 0.7342780828475952 66.45896293967962 0.661493144929409 0 30.0544840618968 27.66611290723085 88.72608102858067 0.3786676973104477 33.50013367086649 4551.687162488699 25.74840470403433 18.5295604839921 105.3425948768854 1.189321212470531 0.1195838525891304 699.5345240831375 127.3964148461819 3976.569247946143 3.662286691367626 8.566459476947784 0.1207953244447708 69.41013226658106 1.07032173871994 7.10113900154829 3187.952505990863 350.5322139635682 3.751077726483345 140.7604968249798 121.135770842433 31.19343251734972 23.95469032227993 11.36579900234938 1302.248792603612 2.337412133812904 281.4422455877066 761.554643176496 2080.332232192159 459.6674356982112 43.10605704039335 1.653744168579578 24.70230460166931 1.577882826328278 0 1.08919220417738 0 0 0 0 0.4520866125822067 0 0 0 41.54070619493723 0.140056774020195 53.19590424746275 0 0 0.1138520017266273 0 26.07288034260273 15.07947453856468 0 0 0 0 0.8670259639620781 9.085351854562759 172.7451276034117 152.5329850018024 0.8055396601557732 0 0.3415507227182388 53.09453137218952 0 0 0.8997337371110916 0.7049341797828674 0.5759860202670097 8.511193826794624 1.505237564444542 0.1364751160144806 0 0 0.4864356964826584 0
112.281827583909 19.6390972584486 201.2683128863573 0.1260197758674622 0.4279628843069077 26.93235617130995 43.46929767727852 165.023449189961 1.036326117813587 36.28695269674063 2110.258470349014 24.6997092962265 30.39106866717339 194.8706580325961 0.7233229801058769 0.5312465205788612 6158.846542790532 3976.569247946143 2635.987085551023 3.539599977433681 50.8808563426137 0.7186432853341103 259.2308557704091 1.23353785276413 11.88520310074091 5777.801596201956 1162.891900628805 8.725600376725197 367.3713098168373 577.3807192146778 34.70392128825188 31.05994719266891 41.11074371635914 5660.368684925139 2.700049735605717 295.8524639904499 555.8772058561444 3465.807178251445 444.3802317529917 39.49106079339981 1.648816294968128 7.520445369184017 0.6167186871170998 0.1053008139133453 14.5172411352396 1.736525297164917 0 0 0 0.472392663359642 0 0.1396485567092896 0 11.79093809425831 0 21.14480928331614 0 0 0 1.97972609102726 20.65873317420483 31.2865654528141 0 0.1205270513892174 0.102761834859848 0.4516729786992073 3.060311354696751 21.67037232220173 255.8838475495577 390.0341853350401 2.719282872974873 0.1314460337162018 0.416085958480835 31.25391684472561 0 0 1.437335431575775 0 4.132298216223717 7.115899987518787 5.398928597569466 2.854731842875481 0 0 0.3011093288660049 0
0.4679528921842575 2.228711500763893 4.26777607947588 3219.220047652721 3.901290848851204 304.2959206551313 124.3164879083633 26.61012604087591 561.1758642867208 5234.24287583679 9.762348033487797 4272.38927411288 0.5073106065392494 25.56339684128761 142.3459919393063 0.1917600482702255 0.3109607398509979 3.662286691367626 3.539599977433681 1087.792845621705 0 3.348208829760551 3.433153092861176 816.8217849582434 1.781385436654091 4.284844316542149 20.88571310043335 3825.776485182345 75.41225833445787 1.713173039257526 0.5146519541740417 11.79934743791819 0.5423063337802887 82.70227359235287 14.63279227912426 461.3121916353703 18.1260681822896 306.2260469049215 77.93444191664457 562.2310163602233 55.88356794416904 0.5860072672367096 2.793756812810898 0.2009297162294388 0 0.2344663441181183 127.2290120497346 2.82024934887886 25.18578870594501 80.60866503417492 1.931294500827789 49.97617861628532 254.0170585438609 0 90.90509685128927 0.1421344429254532 3.288100399076939 29.04268048703671 1.382299683988094 0 0 0 91.03217647969723 1.997206136584282 0.4973195046186447 0.4172664880752563 264.0744088813663 0 0.32969930768013 2.629802010953426 318.3974349275231 2.992601066827774 0 0 0.1025233715772629 1.26846732199192 0.9134032651782036 0 13.34462548792362 0 3.075511336326599 0.1380912512540817 251.4475396573544 0.1557076871395111 0.1858253926038742 2.489804744720459
8.472840026021004 7.495550699532032 871.8458732813597 0.1341834962368011 0 6.435646943747997 512.1321903541684 36.00885441154242 2.859885767102242 6.783087633550167 11.92851006984711 0.1228243038058281 2.823458187282085 45.44280750304461 0 1670.669277347624 1591.920297935605 8.566459476947784 50.8808563426137 0 9982.56340122968 149.4216067790985 15275.90112389624 582.8579429984093 7.317236550152302 118.7980598285794 626.8071112334728 8194.953930288553 64.55998155474663 12469.30043508857 1.137753814458847 0 23.68414714932442 3212.454185731709 200.7440064176917 7073.819973744452 1520.421258360147 4946.458537459373 4188.812253907323 165.3980049267411 10.75214836001396 11.44701814651489 73.90078787505627 0 1.831052511930466 8.741211965680122 0.8138442039489746 0 0.2026554718613625 3.657890982925892 0.2131024301052094 21.87030722200871 0.2722210437059402 0 0 0.6509966105222702 0.4563162475824356 0 925.7619221881032 1.758338272571564 0.7617841362953186 0.6042037010192871 0 524.0851725265384 211.0171335488558 273.537509508431 92.67902049422264 3.022802874445915 6.820765167474747 68.51181180775166 88.90230076014996 8.508743405342102 214.4379143789411 0 0 0.7260560691356659 10.69488446414471 2.784538067877293 109.0847167596221 5.139824047684669 28.06472074240446 10.41231524944305 1.722665458917618 1.039634481072426 0 1.38048692047596
0.2026866972446442 1597.217786133289 16.74478061497211 7.209697335958481 0.1895820200443268 15.6118872538209 128.812199421227 4.193940512835979 4232.710916996002 13.6184446066618 17.70032257586718 0.5341557860374451 70.23125227540731 3.763686850667 32.086750254035 4713.555222861469 3.469097167253494 0.1207953244447708 0.7186432853341103 3.348208829760551 149.4216067790985 1656.068616196513 695.7061879038811 7840.674088433385 1102.995523072779 2.626970171928406 1902.818920113146 438.3473534733057 4.004789553582668 38.11124052852392 7.986164443194866 0 0.63589246571064 2.621873117983341 1.21058876812458 43.17513007670641 45.45148718357086 38.04835163801908 11.3419342264533 35.09408792853355 0.5725351944565773 6.022687330842018 0 0.3432759642601013 926.4233320206404 244.4490172341466 3.424223497509956 0 1.255728177726269 16.03830426186323 1.337565280497074 5.54710540920496 2.012932449579239 3.241249240934849 0.1787243038415909 27.42028748244047 1.395003281533718 0 1907.137336723506 14.54722497612238 0.5970576107501984 0.9877047538757324 0.836470901966095 349.2570819854736 247.9641257375479 616.1488464996219 158.7229950800538 188.5350361987948 15.35504300147295 3086.222982220352 107.2763503491879 8.239837497472763 121.8551016747952 1.883224368095398 0 1.115214109420776 5.908900298178196 1.838935375213623 88.79315230995417 12.99473985284567 31.51545207947493 11.75958507508039 4.053852610290051 0.09563348442316055 0 1.968922913074493
43.41319210827351 32.26554219424725 10937.36993282288 4.445902749896049 0 34.51680857688189 1659.592741504312 139.7284550666809 7.399728447198868 37.56176926195621 67.24074175953865 1.164428249001503 11.40141122788191 161.8749403655529 0.246589794754982 3666.978687979281 2241.527685418725 69.41013226658106 259.2308557704091 3.433153092861176 15275.90112389624 695.7061879038811 13503.50629102439 560.5651452690363 37.47133447229862 1318.803306221962 13441.52743337303 3621.75556601584 63.77781873941422 6998.149083934724 10.75038931518793 2.093517504632473 21.37387752532959 3747.073949076235 282.5826824232936 10702.04487368464 5993.422148652375 10217.04803767055 8907.6859818995 343.9964126423001 15.84003382921219 45.95677773654461 84.96817102283239 0 13.52832943946123 483.6644047945738 0.2439957037568092 0 0.2635373398661613 16.98668041080236 1.664327532052994 8.474562495946884 0.8369628041982651 1.002375088632107 0 1.678915217518806 4.542153365910053 0 2382.582292847335 15.728660620749 0.3571077287197113 2.449052557349205 0.220511794090271 270.2842546477914 537.9383573383093 2175.327744521201 62.20068786293268 3.20915449410677 26.38779039680958 3292.199514515698 54.43863908946514 3.076954983174801 37.21496892720461 0.5155841261148453 0.2067896798253059 0 6.873358100652695 6.180774688720703 87.51059976220131 22.28703222423792 49.40126225352287 22.47141750901937 2.832949623465538 0.6201981008052826 0 1.042464539408684
10.33420115709305 1125.396726481616 28.25802125781775 1261.08548399806 10.23127961158752 130.4565404132009 1451.761108331382 29.83849797397852 11143.12039320916 692.6408888176084 16.46013859659433 658.9950823262334 63.09326432645321 36.28659453988075 721.0975110381842 2412.938738241792 5.251708351075649 1.07032173871994 1.23353785276413 816.8217849582434 582.8579429984093 7840.674088433385 560.5651452690363 10087.18442242593 874.8966749832034 9.641887165606022 3772.911102548242 13296.81453938037 97.73701265454292 208.5927230641246 6.547332130372524 1.997100785374641 17.49540835618973 57.72261062264442 41.5215460062027 1251.615819342434 98.45020717382431 231.083341114223 181.7782068252563 448.3466223105788 26.28539624810219 7.633131541311741 7.648361176252365 7.038046590983868 42.57151728868484 21.8997753188014 208.2562550827861 1.30027374625206 44.64537663757801 786.9188679978251 13.88118790835142 1480.543118044734 368.1681000739336 5.052013784646988 86.49281556904316 5.241667233407497 29.22249880433083 32.54618239402771 899.0386959686875 5.400986164808273 0.6590052545070648 1.591801598668098 101.7720375359058 500.6925257891417 398.415719255805 233.1362757831812 5035.822105519474 8.581556558609009 10.40845204889774 246.4693504869938 2927.932650126517 161.9978280514479 487.0075122341514 2.635595589876175 1.280789941549301 10.29804030805826 40.71447043865919 3.81283463537693 373.9617651551962 6.070156238973141 85.99071548879147 23.42826490849257 259.8637153804302 15.45531929284334 3.214875221252441 2.741086833178997
0.1387935876846313 2499.318220838904 13.6603341922164 1.910238102078438 0 6.069488883018494 45.88653665781021 2.073024183511734 323.4561299234629 3.204273983836174 1183.166726335883 0 5157.775917589664 1.959133848547935 1.78466585278511 290.3030128702521 3.101318724453449 7.10113900154829 11.88520310074091 1.781385436654091 7.317236550152302 1102.995523072779 37.47133447229862 874.8966749832034 930.8671234846115 267.1542696505785 4494.379120975733 45.37987411767244 0.5360721796751022 1.800661854445934 316.0944644212723 1.458094090223312 0.09461937844753265 173.1193184703588 0.5239428803324699 149.3478899970651 909.0930734500289 997.7418451905251 134.928956322372 6.454509563744068 0.7741047739982605 779.6751426309347 12.93211150169373 0 42.51946756988764 4.845786020159721 0.5054353550076485 0 0 0.4325585812330246 0 0.3291990458965302 0 254.8737704232335 0 1079.404295928776 0 0 0.4996332898736 0.4333320558071136 10.93998649716377 8.837161839008331 0 0.1100236847996712 3.359261222183704 0.166512057185173 2.252381861209869 435.5039582252502 222.570699237287 657.7417117059231 0.7054650112986565 0.119535468518734 0.2820859551429749 130.4407481327653 0 0 11.45573963224888 0 5.32200663536787 125.0229167416692 9.24624390155077 1.088383808732033 0.1356826722621918 0 265.2341653108597 0
342.0399860739708 60.54742962121964 11652.38378619403 2.576024740934372 0.5113995224237442 75.0661464035511 556.2243816331029 701.1951865032315 2.640427216887474 49.9370334520936 1954.381244182587 23.14427655935287 234.3436070904136 716.8934167474508 1.188608348369598 4.128538049757481 4332.694109000266 3187.952505990863 5777.801596201956 4.284844316542149 118.7980598285794 2.626970171928406 1318.803306221962 9.641887165606022 267.1542696505785 28523.40903630108 12937.9312786907 85.99692223966122 539.882220864296 1002.221393160522 516.2750479951501 22.53682304173708 64.97844228893518 1560.59471680969 11.61634614318609 1298.107711717486 3358.292856931686 4476.220151789486 1181.416285395622 70.58538597077131 5.610447928309441 124.3031226843596 7.347190625965595 0.2456802725791931 240.6912091895938 81.22201986610889 0 0 0 2.819463007152081 0.7770789116621017 3.416666828095913 0.2516948506236076 512.3885090500116 0.5401709601283073 958.4100629687309 2.302348114550114 0 2.076072886586189 53.57752501964569 306.8336170613766 521.6938933953643 0.210488349199295 1.135733991861343 7.31608509272337 0.9981909096240997 14.2213349789381 533.8313892111182 4423.571338176727 7417.51148224622 5.263831272721291 2.846399188041687 2.286498241126537 586.505389586091 0 0.1013413220643997 23.76056963205338 1.30240099132061 90.13486595451832 242.37805878371 138.2145738750696 57.80983804166317 1.771867550909519 0 6.76972334086895 1.348230287432671
203.6725597456098 1777.915674179792 13981.80389469862 28.35137161612511 0.4335122853517532 144.6200632825494 2011.178465247154 434.0076017230749 116.8649674504995 140.4142508134246 811.095064625144 10.19354891031981 4196.827831216156 454.6850891411304 2.390380389988422 6961.248021490872 6645.816447868943 350.5322139635682 1162.891900628805 20.88571310043335 626.8071112334728 1902.818920113146 13441.52743337303 3772.911102548242 4494.379120975733 12937.9312786907 49414.35012356937 2535.285354055464 457.0771024525166 498.0561850667 1638.921432107687 14.99393337965012 71.76855052262545 2779.864897273481 156.2368432357907 8540.054772436619 9823.272416174412 12959.72655270994 4481.134983606637 239.0880372971296 14.09762363880873 105.3312940746546 40.91601761430502 1.276391573250294 1972.44588111341 2187.923149809241 2.191417723894119 0 5.698166638612747 80.46830359846354 24.35637107491493 19.9591109380126 4.143974937498569 582.8067817911506 0.2769696637988091 1161.554364666343 25.30588862299919 0.1480245590209961 537.7480347007513 335.2708888575435 259.9522116407752 398.3547659665346 0.4826797693967819 18.78509899228811 1256.998408339918 845.555452041328 147.0240320116282 1359.664749801159 3770.084310233593 21910.2368356958 97.32999604940414 6.866120129823685 14.95271851867437 763.901441603899 0.1009437516331673 0.4194445908069611 52.12015586346388 3.778307095170021 237.7205298319459 262.4887377843261 258.3726506307721 135.3824122771621 7.229721575975418 1.737871825695038 9.928226426243782 1.037113189697266
83.05016545951366 62.62975779920816 966.3236569315195 1989.710825540125 5.301176771521568 1026.743895366788 19461.71718172729 144.4833322763443 2016.607673957944 3040.391192935407 10.40320560336113 1163.023113645613 6.799235820770264 248.9713150262833 244.7175628840923 1865.694187231362 59.4252220466733 3.751077726483345 8.725600376725197 3825.776485182345 8194.953930288553 438.3473534733057 3621.75556601584 13296.81453938037 45.37987411767244 85.99692223966122 2535.285354055464 23460.28492771834 781.4433010816574 5641.675943382084 1.51247139275074 8.51758436113596 174.1036061793566 895.9956415966153 270.3730082213879 5734.770002767444 344.5306993722916 1931.718500815332 1323.508926771581 535.0025916993618 79.0932355672121 9.270062901079655 57.83899170160294 9.206242069602013 4.417901702225208 21.92966192960739 235.5826800614595 1.332735143601894 56.79889300465584 1253.563933417201 17.51687131822109 742.5675786063075 472.6184913665056 1.274566203355789 81.57384759932756 0.6752757281064987 42.12903352081776 24.02188546955585 570.030079588294 5.495014369487762 1.047600202262402 2.695855014026165 127.6022603437304 437.0928834378719 133.0906088501215 87.19166933745146 4781.297707416117 0.4609601423144341 7.306920371949673 166.3174633607268 3566.479755446315 262.6555016934872 662.8810691013932 0.3191398680210114 0.6678681373596191 16.50435904413462 52.53823050111532 4.458134114742279 408.727415509522 2.775878727436066 118.6108815148473 28.88461200892925 173.8125001937151 21.6511791869998 0.8765406161546707 3.454780898988247
3329.184111766517 3.877574138343334 258.2364758551121 18.43527357280254 74.96552529931068 731.104020871222 2597.434714443982 3046.967768795788 24.80980986356735 581.1524734795094 304.5438657253981 225.7087860107422 4.36702886223793 10272.63520195335 38.0917159691453 0.7937773466110229 151.2197575420141 140.7604968249798 367.3713098168373 75.41225833445787 64.55998155474663 4.004789553582668 63.77781873941422 97.73701265454292 0.5360721796751022 539.882220864296 457.0771024525166 781.4433010816574 19867.95598903298 7907.973097443581 12.65468376874924 1938.889437459409 3489.551169551909 3864.991284631193 9.507967337965965 248.2721518799663 21.5206862539053 1636.510992437601 186.6613852381706 314.1548545286059 39.39232256263494 17.12226547300816 7.330067850649357 0 2.981962606310844 3.41562682390213 2.917892582714558 0 0.5815892368555069 24.92940253764391 1.045357026159763 13.7091780975461 1.540501326322556 0.2537022456526756 0.4345087707042694 1.350196242332458 0.5609394609928131 0 10.53959309309721 0.7398815974593163 0.2585100382566452 0.8184940367937088 0.303788885474205 9.185462795197964 1.026820480823517 1.272358767688274 127.0180548205972 1.006641566753387 13.46309184283018 59.27899069339037 109.66090503335 6.448889426887035 14.71102511137724 0.2750072330236435 0 0.4535345658659935 2.202678993344307 0 17.99340471625328 0.8963569179177284 3.568920001387596 2.501124165952206 0.4937504678964615 0.2418277710676193 0.6758650839328766 0
