2887.461370274425 0 257.7968995645642 4.127663798630238 2.195265218615532 22.41151674836874 2358.785435020924 250.2698057740927 2.310701742768288 38.81299397349358 12.20140159875154 0.9226225987076759 1.084180109202862 5582.682028636336 0.2126123830676079 0 675.9800157174468 9.618180774152279 68.85098306834698 3.38055894523859 60.89118782430887 0.1031665280461311 148.7155634984374 18.73419175297022 0 233.6839909479022 43.34377271682024 120.4533351510763 6061.746029376984 2185.373527176678 0 17.13993144780397 29.22633618861437 222.5409132540226 0.7814010009169579 44.86989010870457 18.08283004164696 118.0543445125222 21.37162266671658 1.396349087357521 1.962140694260597 0.2412922978401184 0.6116059422492981 0.2613359689712524 0 0.3058276176452637 0.3628385812044144 0 0.1126126199960709 2.383130691945553 0.3965471982955933 2.027909174561501 0.1742065846920013 0 0 0 0 0 0.9449401870369911 0 0.2105104699730873 0.125374436378479 0 0.821188822388649 0.4246596619486809 0.2269261181354523 14.59709765017033 0 1.944015949964523 2.094906769692898 12.32737515121698 0.5272079929709435 1.80886310338974 0 0 0 0.5901675820350647 0 2.161203280091286 0.2296638935804367 0.2689108848571777 0.3381493911147118 0.1284476071596146 0.1512578874826431 0 0
0 153.5602014660835 15.04355238378048 0.2515173554420471 0.1099644228816032 0.2330247685313225 1.010149613022804 0.1411897987127304 694.1652927845716 0.109635092318058 67.06438080221415 0.2732064872980118 532.5208620801568 0.2975098192691803 15.12354470044374 81.94536352157593 4.3503338098526 1.905327454209328 4.539836794137955 0.2499168217182159 1.205547034740448 2969.945660442114 4.066477112472057 1418.996480457485 2182.795906759799 88.15744107216597 7682.176458507776 40.42993028461933 1.537370570003986 7.285798624157906 19.54396323859692 0.189056009054184 0 11.59159761667252 0 5.710060186684132 13.44395333528519 22.11806528270245 2.826858222484589 12.17298566550016 0.3942612409591675 45.2155743688345 0 0 96.40617835521698 75.09985783696175 0 0 0 2.214058145880699 0.7419768124818802 1.924841798841953 0.3258416801691055 0.919732078909874 0 6.470165215432644 1.876617446541786 0 23.93450670689344 9.636632271111012 0.9352050051093102 5.543906167149544 0 1.477259688079357 85.53967209160328 31.64510421454906 5.187076702713966 4.309967294335365 208.8896962255239 2022.436770170927 4.930427126586437 0.3856869488954544 0.6685463935136795 1.337878197431564 0.4495789110660553 0 6.354524277150631 0.6180139780044556 20.88149594515562 16.8115554228425 16.04060308635235 9.144408032298088 0.8333976417779922 0 0 0
257.7968995645642 15.04355238378048 6979.709743179381 8.190903313457966 2.314121633768082 590.885635137558 765.4465028867126 1191.757087752223 0.6275080218911171 89.30386972427368 60.61741076409817 1.936433389782906 4.345896191895008 982.114179648459 0.79374660551548 5.459977693855762 6415.180686220527 76.40124847739935 662.5433090776205 2.402928806841373 1958.800956383348 10.90804712474346 10127.41882780194 31.49582269787788 5.146169304847717 14995.67503880709 2949.329720675945 729.6972148045897 375.4400018900633 868.9903382211924 1.714154116809368 14.32799808681011 22.40601468086243 1243.838817715645 34.82316499203444 3378.816458456218 3960.31476701051 3208.695026777685 1767.85632186383 75.61673922091722 25.03317189961672 19.63171114772558 32.25919147580862 0.8653812110424042 124.3178325518966 779.2503714635968 0.3553862273693085 0 2.623135477304459 24.78601845353842 15.89528474956751 0.2232298851013184 3.949600517749786 0.581388995051384 0 0.5240624248981476 11.52462204545736 0 12.75210725516081 77.09088035672903 0.7418541386723518 5.202104412019253 0 4.107186950743198 101.5996287837625 196.6951170414686 8.135932430624962 2.103857070207596 163.2946217879653 2677.596412919462 11.75646290183067 1.263023287057877 3.987136512994766 0.5006143972277641 0 0 12.34335450083017 21.64136151969433 52.0830702483654 287.2891433686018 55.29730376601219 34.6203385591507 1.94281854480505 0.3238666355609894 0.1853798478841782 0
4.127663798630238 0.2515173554420471 8.190903313457966 4331.31973144412 2.418198108673096 152.4608826860785 35.62443655729294 51.04172120243311 903.3574961572886 3233.768910810351 8.227721482515335 1550.289425320923 0.9843595921993256 48.16277230530977 108.2578544616699 2.10631101578474 1.236020788550377 1.681526638567448 0.8130020648241043 6417.250482797623 4.489976070821285 4.652638405561447 3.908364586532116 2302.882716409862 0.2431013137102127 9.561796754598618 19.29237222671509 5076.504232659936 68.85246481001377 0.3689252808690071 0 8.70599489659071 2.502669349312782 38.60469082742929 0.6612464189529419 243.5964052528143 7.61438775062561 141.0506303086877 20.4572626054287 135.9584179222584 9.953517697751522 0.7275102585554123 5.058136731386185 0.1143900007009506 0.4842741787433624 0.8896012976765633 343.1649646833539 0.1437265276908875 26.57052742689848 77.80614193528891 9.017938621342182 156.3419153466821 80.59397552162409 0.4090121388435364 145.3449606820941 0.180650994181633 4.266058407723904 11.07010163366795 1.606126427650452 0 0.1214214265346527 0.1409190595149994 139.5608483701944 0.2777225971221924 2.070983722805977 1.870886906981468 672.6630248203874 0 0.2611249908804893 7.557365648448467 433.4377129971981 6.229133866727352 3.126925364136696 0 0.6654816940426826 0.2186256945133209 2.518583871424198 0.6381108462810516 90.02016457915306 1.221574202179909 14.53589686751366 4.452809534966946 103.9291204288602 0.465844452381134 0.2339152991771698 0.2915832102298737
2.195265218615532 0.1099644228816032 2.314121633768082 2.418198108673096 3.586449861526489 417.4277741387486 9.918029084801674 541.9192789047956 70.68650870025158 27.21773010492325 38.63696455955505 40.05721072852612 13.08395063877106 14.84534047544003 798.9140622317791 0 2.430927827954292 1.676441349089146 4.538326740264893 17.12247990071774 0.6698641031980515 0.4471147060394287 1.641258701682091 10.98676699399948 1.160024374723434 3.496150523424149 3.259017258882523 10.16643787920475 36.35944073647261 1.163927972316742 0 333.1362104266882 0.4472310319542885 553.4231372699142 0.5753585994243622 120.9832630977035 3.338554009795189 574.8913793116808 78.41939260065556 1999.445991769433 189.431508615613 9.98482571542263 7.415716648101807 0 0 0 0.1826944649219513 0 0 0 0 0 0 0 0.2455072849988937 0 0 0 0.1905207335948944 0 0 0 0 0 0.1126215308904648 0 0.6583418250083923 0 0 0 0 0.3661022931337357 0.1248223558068275 0 0 0 0 0 6.73553304374218 0 0 0 0.4247744753956795 0 0 0
22.41151674836874 0.2330247685313225 590.885635137558 152.4608826860785 417.4277741387486 12318.11669962108 4937.656818978488 9715.571158587933 240.4412356242537 16797.58416660875 68.43151354789734 4787.250829279423 48.56955544650555 669.0496421605349 1662.50608317554 2.644448049366474 83.82905348390341 7.46629049628973 14.62684186547995 361.3321424499154 220.1715305000544 4.649266742169857 151.3696648329496 166.0126959756017 6.159762308001518 401.901244699955 82.17281855270267 1547.899099051952 459.343989469111 142.5094712674618 0.8105936497449875 545.0365829244256 7.708263665437698 483.4063253104687 49.35956148058176 833.4683074653149 45.00632449239492 499.3578983694315 146.9260073900223 2615.437845803797 435.9566717296839 28.97249212861061 42.75220566987991 0.5258534997701645 0.554649829864502 2.667749986052513 26.20090086013079 0 5.517917208373547 32.58810593932867 1.709211274981499 13.51774562895298 17.40377928316593 0 29.60954347252846 0.2375982776284218 0.554842621088028 2.815945491194725 7.045993052423 0.1246500387787819 0.113267719745636 0 17.60241309553385 0.6241646334528923 2.223590701818466 9.234100475907326 129.7312137112021 0 1.033056885004044 29.24549729377031 97.00116999447346 2.668876752257347 7.09549156576395 0 1.051539346575737 0.1237872689962387 0.6840720847249031 1.618827015161514 89.7808844819665 2.231082491576672 4.606194384396076 1.090279377996922 48.99975029379129 0.1504468619823456 3.534437656402588 0.3465437144041061
2358.785435020924 1.010149613022804 765.4465028867126 35.62443655729294 9.918029084801674 4937.656818978488 18688.83071520925 6980.995594926178 256.1036428436637 8524.266683533788 78.65674712508917 62.50491709262133 10.72271575778723 8695.843753546476 34.37819208204746 17.38403859734535 120.4082703068852 16.73420037329197 23.01169022172689 43.48802168667316 951.0929635614157 18.91901028156281 396.4743079170585 421.9600864127278 2.903843201696873 360.1836506649852 293.7977638542652 12504.01374784857 3190.62595628202 8108.174466773868 1.095245636999607 99.80664660409093 617.8698563426733 1160.277886889875 59.75793174654245 6553.802943632007 198.6892942339182 2966.61792332679 1066.242844544351 618.219408378005 125.383862093091 6.441257856786251 71.53107773512602 2.307438515126705 1.558342717587948 9.288257010281086 66.41007374972105 0 22.94453878700733 234.0604203864932 14.71265759319067 90.95032892376184 47.16808612644672 1.062812514603138 18.82849904149771 0.6452082097530365 10.62616340070963 2.325937159359455 30.29174647480249 1.645455412566662 0 0.2172001451253891 26.35592103749514 5.815603725612164 15.73139667510986 23.81748630106449 825.2661190405488 0 4.532403469085693 70.15346188098192 754.2891050428152 19.83669750392437 99.58064559102058 0 0.509429007768631 0.6679586321115494 15.37535615265369 13.44034700095654 219.8607643768191 2.786292724311352 40.3415712416172 19.40276338160038 59.85404876619577 5.887291334569454 0.1005921065807343 4.03229533135891
250.2698057740927 0.1411897987127304 1191.757087752223 51.04172120243311 541.9192789047956 9715.571158587933 6980.995594926178 8570.419983290136 24.97670792043209 5178.097953043878 129.7706956490874 1061.790692515671 49.15431189537048 10076.18512658775 170.9193010628223 0.3611955642700195 506.3399569317698 16.46015679091215 52.06540416181087 542.1772882714868 337.7796925753355 1.279141917824745 380.4375749304891 65.97480104863644 4.138945631682873 855.186754219234 89.23944054543972 391.6941618472338 590.8074358925223 923.0417878776789 1.203892283141613 996.3580668494105 5.165821775794029 676.2700592502952 2.677230924367905 504.9159342646599 54.15323146432638 453.2067826762795 120.7272390201688 1311.075805135071 341.8346568495035 29.37998022139072 28.89145750552416 0 0.3908592164516449 3.38605522364378 8.685776680707932 0 1.545751810073853 14.48677176982164 0.4907766878604889 6.161081083118916 4.518984273076057 0.5498853549361229 12.8214323669672 0 0.1979856789112091 1.258138738572598 3.747089877724648 0.2476039454340935 0 0 4.446003116667271 0.7731120958924294 1.053050599992275 3.027116142213345 67.31088984757662 0.112952895462513 3.129242569208145 20.2934353351593 42.68144901841879 1.180668167769909 5.094789274036884 0 0 0.3633167818188667 0.1225639060139656 0.3371690735220909 28.15138668566942 3.562232777476311 1.736597344279289 1.504167295992374 11.5476333424449 0 0.9264826774597168 0.5439188480377197
2.310701742768288 694.1652927845716 0.6275080218911171 903.3574961572886 70.68650870025158 240.4412356242537 256.1036428436637 24.97670792043209 999.949319601059 352.3559129014611 4.127952739596367 714.8073495849967 6.827719636261463 12.64970836043358 1098.969918832183 260.9726083055139 0.4449449479579926 0.2089063599705696 0.2955530062317848 562.8313104212284 97.00602145493031 2813.532465092838 41.17858865857124 9758.822701394558 83.82524894922972 8.645309157669544 706.6903888955712 2791.713443122804 31.34374701976776 18.74427901953459 0.4476471692323685 3.430498242378235 8.600923746824265 19.77571639418602 3.228503867983818 177.4834729731083 18.5548937022686 49.42776465415955 16.48854307830334 437.2351956069469 5.703790776431561 0 1.462347894906998 3.320094227790833 1.292769856750965 0.6465280130505562 175.5243719145656 0.6179648637771606 15.55540269613266 104.3521995916963 5.183093421161175 377.3807975798845 46.26056395471096 1.517999142408371 103.8741038143635 0.9914727509021759 7.232184141874313 17.0917135104537 298.3360622376204 0.2586222589015961 0.3431902527809143 0.09058602899312973 106.1462725922465 136.1683648824692 219.7166288942099 45.61486741155386 2323.259983174503 0.1221266463398933 2.673685409128666 8.810951337218285 926.2475131452084 29.34775228053331 140.961886048317 0.6310931518673897 1.565948605537415 4.000375464558601 14.67624072730541 3.718222834169865 127.625958994031 5.33283507078886 40.37709984183311 19.93125580996275 152.2296133711934 6.180378623306751 0.9246150255203247 0.2860398143529892
38.81299397349358 0.109635092318058 89.30386972427368 3233.768910810351 27.21773010492325 16797.58416660875 8524.266683533788 5178.097953043878 352.3559129014611 41805.43183660507 156.1638206094503 8661.907537229359 27.62417065352201 1568.066042400897 107.7175572812557 3.638660475611687 16.49128515273333 28.76042824238539 22.5878940820694 6140.827250570059 76.69836615771055 3.783073775470257 39.98104582726955 531.251356780529 1.205904625356197 80.34357753396034 77.982397377491 8585.940912686288 987.3674189969897 19.10899479687214 1.968584172427654 165.0196221098304 24.09435683488846 633.0898380950093 14.77730856835842 2029.265572264791 78.06198795884848 1436.46468000859 200.9688277766109 451.7506085261703 98.83762869238853 10.78285133838654 37.61355719715357 1.182624489068985 0 2.785974785685539 161.8492040038109 0 18.16282296180725 77.45689030736685 5.757158637046814 86.87521933019161 59.53585843741894 0.2114679366350174 105.6993572041392 0 2.562949933111668 17.57909816503525 6.448031269013882 0 0 0 89.3459395095706 3.282578155398369 4.276882201433182 6.724356487393379 518.835212007165 0.1305065155029297 0.8098263442516327 22.15996742993593 329.8481912836432 3.172331437468529 7.328735373914242 0 0.4227569997310638 0.1701362431049347 2.413611836731434 0.4421499967575073 107.2290597707033 0.4113304764032364 10.4873016923666 2.716337189078331 93.25762642920017 0.34140345454216 0.8384878188371658 0
12.20140159875154 67.06438080221415 60.61741076409817 8.227721482515335 38.63696455955505 68.43151354789734 78.65674712508917 129.7706956490874 4.127952739596367 156.1638206094503 13640.80981583148 87.81926343590021 2926.677702486515 260.0099707841873 15.08633256703615 1.297056011855602 557.6754373684525 4946.223583497107 3172.529787570238 91.17926642298698 15.21858888119459 8.417757034301758 77.107298001647 13.01735571026802 1011.419981092215 3072.287227056921 1179.524725489318 43.98664297163486 774.5448959879577 22.40636151283979 311.6794780120254 258.837304905057 4.759805791079998 7434.247709222138 30.21572671830654 1196.919828824699 5575.483945436776 9463.242770634592 1662.584602102637 82.13986517488956 182.0946712642908 1574.574785836041 43.67610246688128 0 6.471010863780975 0.6116127073764801 0.4965319782495499 0 0 0.8502147793769836 0.1303669959306717 1.467758797109127 0.5433592200279236 155.0050479844213 1.790933825075626 1767.679797902703 0.1736022979021072 0 0.19686259329319 0 20.51190733164549 2.823732770979404 0.6802372336387634 0.1056339219212532 0.2769255340099335 0.2404656708240509 7.13772839307785 93.61626170575619 129.8514006435871 298.9668310433626 5.358348548412323 0.1365169137716293 0.6707617491483688 90.27807131409645 0 0 0.4881270825862885 6.724418342113495 67.1820997595787 585.0660724937916 18.36893755197525 1.017716512084007 3.458752334117889 0 356.060618236661 0
0.9226225987076759 0.2732064872980118 1.936433389782906 1550.289425320923 40.05721072852612 4787.250829279423 62.50491709262133 1061.790692515671 714.8073495849967 8661.907537229359 87.81926343590021 11484.44303888828 23.67694376409054 350.3683604001999 1434.555314540863 0 1.080538675189018 10.1499570608139 4.987807750701904 7757.985998898745 0 0.8253614902496338 0.6518417671322823 495.3837034478784 3.323938019573689 11.95054787397385 7.651767812669277 742.5586712583899 270.0787280425429 0.09667310863733292 1.013301566243172 133.494608707726 0.9654768034815788 285.4401956647635 8.779368452727795 980.1367210969329 12.31253181397915 376.0080034956336 34.76952034235001 1635.464301429689 57.48992629349232 8.024264007806778 5.90821049362421 0.103986032307148 0 0 197.4707449227571 0 37.38218316435814 32.88788311928511 9.966073043644428 71.57064352929592 206.3331553339958 0.4486311823129654 733.4563440904021 0.1171297803521156 6.511103250086308 30.11896531283855 1.630668967962265 0 0.3872224763035774 0.1089859902858734 377.2234687656164 2.641839742660522 0.7667580842971802 0 319.9507601559162 0 0.521266832947731 0.6685245782136917 191.0398150533438 4.895765714347363 17.99107313156128 0.1583332419395447 1.364788956940174 0 3.662425935268402 4.314261138439178 292.6541027650237 1.05406104773283 10.60828500241041 3.930872984230518 308.4349801316857 0.4395951479673386 0.1680375039577484 0.1284147351980209
1.084180109202862 532.5208620801568 4.345896191895008 0.9843595921993256 13.08395063877106 48.56955544650555 10.72271575778723 49.15431189537048 6.827719636261463 27.62417065352201 2926.677702486515 23.67694376409054 4963.944964341819 39.55618349462748 5.648830026388168 3.803892448544502 4.818108640611172 334.4205683320761 12.58052150905132 17.35750802606344 5.768988661468029 59.08246492594481 12.99420508742332 20.48011830449104 7731.558950841427 241.2520051151514 3265.335134640336 13.00492661446333 116.5250494405627 1.825057320296764 144.861908480525 82.58331403136253 0 942.6661822199821 21.18738017976284 729.228273794055 4245.115989923477 2761.989111073315 441.8205102458596 62.62773598730564 78.81834268569946 1316.058290198445 13.84683144837618 0 35.42974331229925 1.417700313031673 0 0 0 0.2512441277503967 0 0.4139247983694077 0 393.1756534725428 0.1331207156181335 3939.028886206448 0.1000434681773186 0 0 0.1470919996500015 30.35333389788866 1.421226277947426 0 1.122380077838898 2.90373332798481 0.3974407762289047 1.929316490888596 333.0066396892071 208.7186338454485 546.1398608461022 0.5912911891937256 0 0.5723909437656403 206.1742297858 0 0 2.477135665714741 10.25517898797989 133.9337575063109 849.8828905373812 47.58642498403788 28.45433899760246 6.075656592845917 10.5728343129158 657.6801980510354 0
5582.682028636336 0.2975098192691803 982.114179648459 48.16277230530977 14.84534047544003 669.0496421605349 8695.843753546476 10076.18512658775 12.64970836043358 1568.066042400897 260.0099707841873 350.3683604001999 39.55618349462748 16656.71397338808 27.40348521620035 0.8542354255914688 1075.264504112303 42.1326886638999 111.8420331403613 377.8840002119541 179.867648281157 0.2468282878398895 394.8992458730936 71.38233219087124 4.687716700136662 811.8274625428021 114.1159419193864 394.1625692471862 8272.866250552237 2312.564239412546 2.851345896720886 160.4051350131631 16.92242774367332 1519.043537206948 4.365734800696373 468.649454921484 75.2416680380702 798.1580242440104 109.9046971127391 226.9669686555862 66.35340968519449 21.91701868921518 13.45700166374445 0 0 2.03797048330307 5.84145637601614 0 0.551525890827179 7.948755033314228 0.7305614873766899 5.134532675147057 2.784700445830822 0 6.13441240042448 0 0.4346842169761658 0.8391563296318054 2.009806104004383 0.5565633773803711 0.2026516795158386 0.1343573033809662 1.085423141717911 0.9335364177823067 0.7616703063249588 1.900810420513153 42.84620076417923 0.3309759199619293 2.634208612143993 9.240717232227325 33.41181597858667 0.7765965536236763 6.717728190124035 0 0 0.2481654807925224 0.6479399800300598 1.320612296462059 16.71557799726725 0.6797559857368469 2.554424047470093 0.7811694294214249 3.207747295498848 0.267594151198864 0 1.286420941352844
0.2126123830676079 15.12354470044374 0.79374660551548 108.2578544616699 798.9140622317791 1662.50608317554 34.37819208204746 170.9193010628223 1098.969918832183 107.7175572812557 15.08633256703615 1434.555314540863 5.648830026388168 27.40348521620035 354.9277578294277 0 0.450657457113266 1.886303290724754 0.1205376833677292 200.5975666865706 0 30.85817608982325 0.9232728555798531 1348.408292688429 2.769620724022388 2.157484337687492 16.4106552824378 270.2158897072077 32.78933802992105 0.2393366023898125 0.1374028474092484 153.0065938010812 0.2577147632837296 48.88499107956886 0 528.5818829610944 27.34550600498915 56.18750644475222 9.569304771721363 1386.298285022378 55.4629817083478 7.758066087961197 4.811903402209282 0 0 0 15.61246545612812 0 0.4756209552288055 12.15207380056381 0 10.09402222931385 4.02121813595295 0 21.01371918618679 0 2.083290755748749 3.398690640926361 1.839574597775936 0 0 0 6.234887704253197 1.359228283166885 2.131111726164818 1.087713330984116 66.26541364192963 0 0 0.7121394127607346 38.73534420132637 0.7862861156463623 10.51066321134567 0 0.5838855057954788 0 0 0.1348339021205902 117.1634808778763 0.7337064743041992 0.5761360973119736 0.1340650022029877 60.68421140313148 0 1.500879347324371 0
0 81.94536352157593 5.459977693855762 2.10631101578474 0 2.644448049366474 17.38403859734535 0.3611955642700195 260.9726083055139 3.638660475611687 1.297056011855602 0 3.803892448544502 0.8542354255914688 0 5763.285224325955 8.30905681848526 0.4325626939535141 1.21120435744524 0 3384.092540219426 1841.431312255561 5530.857363373041 1569.898288011551 18.62314671278 20.47246717661619 4858.968437463045 1409.442007347941 3.37243565171957 164.7146818935871 0.1250433176755905 0.1170317009091377 2.627215437591076 59.42479953169823 42.36093531548977 2289.51321079582 526.7924897968769 362.9475566446781 483.9893485605717 39.02219178527594 1.844951495528221 14.89847667515278 23.07628680765629 1.339623808860779 7.855225130915642 8.269277200102806 2.416750021278858 0 2.070947870612144 43.71585815399885 0.9895656034350395 59.29833564162254 6.776195511221886 1.991897523403168 3.575805246829987 1.178810238838196 2.151661843061447 1.442195191979408 3307.343963451684 5.691729426383972 0 0 0 654.6772530823946 1184.233535245061 1305.785125404596 760.8474282994866 0.716791182756424 6.159803919494152 587.3276482000947 520.5926873534918 8.754876807332039 314.8903294056654 0 0 2.169487208127975 5.65668423473835 9.437713027000427 1160.015136450529 9.873185634613037 13.64262314140797 11.53721322864294 42.17170104384422 1.105716496706009 10.96925872564316 17.73037937283516
675.9800157174468 4.3503338098526 6415.180686220527 1.236020788550377 2.430927827954292 83.82905348390341 120.4082703068852 506.3399569317698 0.4449449479579926 16.49128515273333 557.6754373684525 1.080538675189018 4.818108640611172 1075.264504112303 0.450657457113266 8.30905681848526 2832.324695490301 393.0660572424531 3850.111556984484 2.947422929108143 1067.119849994779 5.944715656340122 4511.710425019264 20.93386836349964 1.995422087609768 2874.524795621634 5994.863772369921 291.055826626718 2084.236050590873 1589.839840635657 0.8474813029170036 17.04714287817478 213.4028823599219 4056.014963336289 13.75698070973158 978.9278743267059 2685.362551406026 3036.983385048807 1021.085120253265 13.83397996425629 6.294870458543301 17.67774783074856 5.145356796681881 0.1206164360046387 11.05215199291706 70.25060807913542 0 0 0 0.6603647693991661 0.6654000878334045 0.2670642286539078 0.1601050794124603 0.2859174311161041 0 1.855801396071911 0.4908616989850998 0 2.13149482011795 28.30388675630093 0.9929392039775848 12.24393902719021 0 0.975454069674015 2.168555155396461 5.073870941996574 0.8621245622634888 1.955959983170033 290.1732282117009 385.2889314293861 0.6242386922240257 0.8577252924442291 1.278724059462547 0.5858318507671356 0 0.1955230534076691 3.36197255551815 8.406245559453964 11.14383859187365 129.795940823853 8.239119470119476 3.157496720552444 0.4454603344202042 0 0.2403015345335007 0
9.618180774152279 1.905327454209328 76.40124847739935 1.681526638567448 1.676441349089146 7.46629049628973 16.73420037329197 16.46015679091215 0.2089063599705696 28.76042824238539 4946.223583497107 10.1499570608139 334.4205683320761 42.1326886638999 1.886303290724754 0.4325626939535141 393.0660572424531 291.5951720252633 4235.194427840412 16.64093111455441 6.538515947759151 0.4161452278494835 36.9612115547061 3.526340961456299 16.36635143309832 3929.123265229166 1025.134826205671 7.708900384604931 104.3107337579131 10.98166664689779 61.28664194047451 19.07925316691399 2.565332137048244 1158.531679980457 9.72060089558363 608.9317117035389 1111.268461659551 1777.529311940074 564.4073200747371 8.446117490530014 5.652439713478088 44.11848317831755 7.108305275440216 0 0.1738317012786865 0.7634970247745514 0.1145778149366379 0 0 0.2209916487336159 0 0 0 6.785181105136871 0.4300352707505226 47.13606419414282 0.1018299981951714 0 0 1.019597709178925 7.587184309959412 3.224513903260231 0 0.1176571026444435 0 0 0.7283223420381546 5.234988234937191 81.73268879950047 115.2609636709094 0.09945281594991684 0 0.7873726785182953 14.57731327414513 0 0 0.1932949125766754 8.809100121259689 9.398677431046963 63.16301684081554 1.033955857157707 0.3514275550842285 0.1948732733726501 0 1.280942611396313 0
68.85098306834698 4.539836794137955 662.5433090776205 0.8130020648241043 4.538326740264893 14.62684186547995 23.01169022172689 52.06540416181087 0.2955530062317848 22.5878940820694 3172.529787570238 4.987807750701904 12.58052150905132 111.8420331403613 0.1205376833677292 1.21120435744524 3850.111556984484 4235.194427840412 3451.02327606827 10.33666263520718 35.06072121113539 2.014317616820335 379.7798008173704 4.606128521263599 7.816592209041119 6199.232212990522 2032.019423797727 23.04966726899147 257.3726384714246 87.03436290472746 8.646807178854942 11.07819558680058 23.1589405760169 4249.481341838837 6.829740047454834 894.6931899935007 1835.848144739866 3070.162895597517 803.3900511488318 7.835812456905842 4.645273111760616 5.689504861831665 2.899150013923645 0.1483653485774994 11.43381603062153 15.89409449696541 0.1388556361198425 0 0 1.777692429721355 0.5297788083553314 0.1425156146287918 0.181883305311203 4.847016222774982 0 18.60526026785374 0.3628913760185242 0 0.7897222936153412 8.851684838533401 17.42446503788233 31.83849334716797 0 0 0 2.36791916936636 0.8503677770495415 15.81557628512383 910.2431581169367 871.8632072508335 0.3073891997337341 0 0.2761965990066528 10.16629111021757 0 0 1.881625384092331 3.348893910646439 9.614725552499294 172.6396621838212 14.84188691526651 2.65836189687252 0 0 0 0
3.38055894523859 0.2499168217182159 2.402928806841373 6417.250482797623 17.12247990071774 361.3321424499154 43.48802168667316 542.1772882714868 562.8313104212284 6140.827250570059 91.17926642298698 7757.985998898745 17.35750802606344 377.8840002119541 200.5975666865706 0 2.947422929108143 16.64093111455441 10.33666263520718 1096.748512081802 0.4527209773659706 0.3806365206837654 2.363421320915222 801.9683514609933 1.412020996212959 13.18284034729004 8.985438227653503 2768.447029359639 374.62909039855 1.465672738850117 0.6691459715366364 90.38136728107929 2.356088556349277 304.5733438432217 8.118943646550179 1128.832455791533 32.32508811354637 722.3829542174935 78.74565568566322 586.7946416437626 57.23002994805574 7.454931318759918 20.84636903554201 0 0.2956610023975372 0.2824631184339523 154.1344694793224 0.1502793878316879 7.858906701207161 50.58476769179106 2.996368266642094 64.36649603396654 56.46442691981792 0 171.4249536693096 0.1915040165185928 0.6925802454352379 23.17499408125877 0 0 0 0 86.86685783416033 0 0 0 356.0243955925107 0 0 0 203.822658509016 1.918009482324123 1.171258985996246 0 0.3414325416088104 0 1.530698880553246 0.3891455233097076 138.9280528351665 0.3326554894447327 1.717118009924889 0.7884154915809631 136.5063220113516 0 0.2556849718093872 0
60.89118782430887 1.205547034740448 1958.800956383348 4.489976070821285 0.6698641031980515 220.1715305000544 951.0929635614157 337.7796925753355 97.00602145493031 76.69836615771055 15.21858888119459 0 5.768988661468029 179.867648281157 0 3384.092540219426 1067.119849994779 6.538515947759151 35.06072121113539 0.4527209773659706 22839.1763471812 120.8852061480284 18406.01739088446 329.0257780104876 23.60007131099701 312.4440935254097 1420.773754730821 4678.740584373474 189.3580831065774 12013.39926545322 0.2274758368730545 4.292716629803181 12.86193238943815 4323.817631945014 184.3880896866322 8225.981209717691 1292.251736350358 7157.634807057679 3046.754665903747 235.330139644444 14.55279511958361 22.41657172888517 72.1558757647872 0.6200193464756012 0.5651871711015701 8.142733588814735 0.2555106952786446 0 0.17213174700737 12.37898637354374 0 21.4930184930563 1.33009347319603 0 0.120807982981205 0 0.6190510988235474 1.632695734500885 484.1946421712637 1.730836629867554 0 0 1.498552039265633 320.7718618437648 193.5725015774369 164.0761488601565 335.8699435591698 0.1279513537883759 1.98781368881464 56.76603019237518 248.9994141235948 2.365768678486347 192.6113612949848 0 0 0.549129992723465 3.889154620468616 29.77287618815899 522.2012788206339 3.020212009549141 8.136710293591022 5.364176161587238 27.39710453152657 1.431973367929459 13.98647904396057 18.16708362102509
0.1031665280461311 2969.945660442114 10.90804712474346 4.652638405561447 0.4471147060394287 4.649266742169857 18.91901028156281 1.279141917824745 2813.532465092838 3.783073775470257 8.417757034301758 0.8253614902496338 59.08246492594481 0.2468282878398895 30.85817608982325 1841.431312255561 5.944715656340122 0.4161452278494835 2.014317616820335 0.3806365206837654 120.8852061480284 2138.258120678365 227.6472780406475 7337.020092219114 756.1083236411214 73.47794132679701 4001.067237019539 424.917400225997 2.532617814838886 47.79313445091248 3.369734168052673 0.2427301555871964 1.258838593959808 4.7135409116745 0 40.16624701023102 16.88472545892 12.52320582419634 6.740767985582352 22.70989693701267 0 4.567220002412796 1.124857902526855 0.2194542437791824 11.28535455465317 79.8219748288393 2.384313158690929 0 1.02182624489069 32.54366105794907 0.7947539761662483 59.60826406627893 2.197191178798676 0 0.2269737124443054 1.586191140115261 0.3403924852609634 1.089335858821869 1560.249762780964 3.06565410643816 0.5081138014793396 0.5705692693591118 0 269.717734105885 749.2440991997719 519.7389651611447 415.1516162008047 0.9918973818421364 11.46379061043262 1557.426001876593 226.5364240705967 2.453930594027042 112.9844186082482 0 0 0.7136829048395157 2.377955213189125 0.9961476922035217 178.829058855772 15.64519214630127 21.53184805065393 8.809071533381939 11.95262889564037 0.5746320486068726 0 0
148.7155634984374 4.066477112472057 10127.41882780194 3.908364586532116 1.641258701682091 151.3696648329496 396.4743079170585 380.4375749304891 41.17858865857124 39.98104582726955 77.107298001647 0.6518417671322823 12.99420508742332 394.8992458730936 0.9232728555798531 5530.857363373041 4511.710425019264 36.9612115547061 379.7798008173704 2.363421320915222 18406.01739088446 227.6472780406475 22791.20044991374 239.2550566345453 10.62019734084606 2085.570118650794 8830.37075714767 1888.210682764649 388.3796472847462 4004.496687024832 1.067901916801929 6.299073994159698 31.10898963361979 3970.608060464263 202.5051385462284 11215.27280109376 9993.048509791493 9618.596691563725 7567.775053359568 505.2077866047621 33.28938130289316 43.78485254943371 95.59380760788918 0.9838804751634598 4.86783866584301 308.7051348090172 1.639962628483772 0 2.481398418545723 73.26812458783388 5.124425068497658 9.135281853377819 9.323069214820862 0.2415025383234024 0 0.9176252707839012 2.193389356136322 0 2218.281698785722 3.342511534690857 0.1289560794830322 0.5136082619428635 0.7232950925827026 206.7380969449878 452.028977252543 1283.904928505421 216.0888079702854 0.6136820763349533 15.40571512281895 1989.826583757997 172.9931541010737 0.1067851707339287 37.54923458397388 0 0 0.4698409587144852 5.90719635784626 56.06575399637222 756.4002424255013 41.6862385943532 43.4083598330617 26.2967409491539 9.27943129837513 0 3.016931772232056 2.008924603462219
18.73419175297022 1418.996480457485 31.49582269787788 2302.882716409862 10.98676699399948 166.0126959756017 421.9600864127278 65.97480104863644 9758.822701394558 531.251356780529 13.01735571026802 495.3837034478784 20.48011830449104 71.38233219087124 1348.408292688429 1569.898288011551 20.93386836349964 3.526340961456299 4.606128521263599 801.9683514609933 329.0257780104876 7337.020092219114 239.2550566345453 12737.91904582828 156.0249322801828 98.15662734955549 3428.347623363137 9539.747110061347 179.8558998629451 135.1718722805381 1.314869306981564 11.3052309975028 67.87472400069237 164.9966000169516 20.33298964053392 1767.77452326566 175.4677496775985 484.2204326987267 208.001926317811 837.487146101892 26.1696056202054 6.178075358271599 16.18152184039354 16.16931541264057 8.737779915332794 14.23042473196983 235.1705396845937 0.3226039409637451 59.04174488782883 529.2234310880303 28.48412492126226 1195.231912843883 125.7104338258505 2.284919783473015 75.30211085826159 0.6973405405879021 35.53049340844154 20.31751539558172 447.2582920715213 3.28420727699995 0.5366583317518234 1.595507562160492 113.669213347137 266.8907849788666 441.4030461683869 132.8520122244954 4389.736062318087 2.367729008197784 14.42264091223478 151.0224893912673 2933.372380830348 102.4721329137683 777.793488740921 0.5540431588888168 4.101979240775108 7.196862384676933 46.50540363788605 10.55519796907902 653.6693893671036 11.21780677139759 142.1926481574774 64.02690018713474 228.0941415950656 15.4258865788579 10.01570448279381 9.212836720049381
0 2182.795906759799 5.146169304847717 0.2431013137102127 1.160024374723434 6.159762308001518 2.903843201696873 4.138945631682873 83.82524894922972 1.205904625356197 1011.419981092215 3.323938019573689 7731.558950841427 4.687716700136662 2.769620724022388 18.62314671278 1.995422087609768 16.36635143309832 7.816592209041119 1.412020996212959 23.60007131099701 756.1083236411214 10.62019734084606 156.0249322801828 444.8250193446875 314.2279734015465 6179.66076541692 12.95542006194592 9.950221076607704 3.682741299271584 188.1613029614091 5.10066694021225 0 335.0204614326358 2.113333433866501 995.9625896960497 922.098998144269 742.9900298640132 60.47200659662485 72.38250231742859 30.19141215085983 694.9813223928213 0.8574362993240356 0 49.35912911593914 0.6693528741598129 0 0 0 0 0 0.5465661138296127 0 41.39078090339899 0.1207808032631874 1194.104874417186 0.4796217903494835 0 2.545502811670303 0.2473172098398209 13.93489445000887 4.245651617646217 0 1.888489484786987 1.679622888565063 2.301262021064758 4.652490682899952 77.89086337387562 256.1157576739788 943.090021237731 0.9244348257780075 0.1496867686510086 3.973417222499847 89.05302155017853 0 0 0.6415834724903107 0 238.1051765233278 44.04159663617611 10.7240574657917 1.901044234633446 5.38110314309597 1.346095755696297 21.2541967779398 0
233.6839909479022 88.15744107216597 14995.67503880709 9.561796754598618 3.496150523424149 401.901244699955 360.1836506649852 855.186754219234 8.645309157669544 80.34357753396034 3072.287227056921 11.95054787397385 241.2520051151514 811.8274625428021 2.157484337687492 20.47246717661619 2874.524795621634 3929.123265229166 6199.232212990522 13.18284034729004 312.4440935254097 73.47794132679701 2085.570118650794 98.15662734955549 314.2279734015465 41454.7668087706 15070.24541712552 205.0961336344481 465.6545952111483 278.6541932523251 339.6724192202091 33.233601950109 32.63599645346403 1153.012888789177 25.43863318860531 3017.837992072105 5761.384709507227 3431.96985130012 1430.57744923234 45.55337063968182 14.82299466431141 96.61652637273073 19.3575127646327 1.042878024280071 102.9691441357136 149.4067137986422 0 0 0.649697944521904 3.481742769479752 1.064848370850086 1.26271490752697 0.4697472229599953 78.40014526247978 0.1220627427101135 777.9653122872114 3.049476303160191 0 3.729303762316704 73.17996107786894 91.59720638394356 91.03077922016382 0.09852049499750137 0.6367646008729935 10.05250354111195 11.4385237172246 3.308247469365597 136.6594460010529 2345.790424071252 3729.339719444513 2.632987268269062 1.228435665369034 2.027983091771603 172.5839464664459 0 0 10.89207667857409 12.90635216236115 51.46066026389599 855.5972333773971 47.19827854633331 10.85374676436186 1.673902988433838 0 9.003510430455208 0.2695760130882263
43.34377271682024 7682.176458507776 2949.329720675945 19.29237222671509 3.259017258882523 82.17281855270267 293.7977638542652 89.23944054543972 706.6903888955712 77.982397377491 1179.524725489318 7.651767812669277 3265.335134640336 114.1159419193864 16.4106552824378 4858.968437463045 5994.863772369921 1025.134826205671 2032.019423797727 8.985438227653503 1420.773754730821 4001.067237019539 8830.37075714767 3428.347623363137 6179.66076541692 15070.24541712552 36941.54483802617 1901.144807212055 169.8891482055187 103.9301214367151 469.3612724095583 13.23215943574905 17.52167163789272 2284.258618317544 71.57964183390141 8171.50146228075 6608.709424734116 7149.795083686709 4291.160271130502 230.2225693017244 35.9750102981925 73.93366740643978 53.62852122634649 4.929360680282116 2356.237841799855 3149.766683995724 2.800118774175644 0 13.42182048410177 184.5946051776409 49.35990533977747 7.499181099236012 25.68517204374075 156.235089302063 0.6134267374873161 1473.218339599669 33.9567362293601 0 1042.390186689794 434.4509942606091 182.2792079970241 225.9733902662992 1.082205533981323 41.4413880854845 1573.892647922039 1585.192568473518 149.1238393485546 543.3067842274904 7393.396972060204 28436.82612308115 139.6439186632633 10.07429479807615 22.24704723060131 367.6989398747683 1.299171961843967 0.3027907833456993 89.52175275236368 67.53915460407734 473.6729902401567 1784.419720590115 391.0885397270322 176.5540224611759 10.44659642130136 1.537464313209057 17.38433432579041 1.317650534212589
120.4533351510763 40.42993028461933 729.6972148045897 5076.504232659936 10.16643787920475 1547.899099051952 12504.01374784857 391.6941618472338 2791.713443122804 8585.940912686288 43.98664297163486 742.5586712583899 13.00492661446333 394.1625692471862 270.2158897072077 1409.442007347941 291.055826626718 7.708900384604931 23.04966726899147 2768.447029359639 4678.740584373474 424.917400225997 1888.210682764649 9539.747110061347 12.95542006194592 205.0961336344481 1901.144807212055 22071.72424167395 1038.466386400163 4719.045448482037 0.1968819722533226 38.66055074334145 410.230049341917 1693.3544029966 107.2471254691482 7322.006014302373 445.9432542771101 3205.434842601418 1270.222729690373 779.9726370051503 77.24433449655771 11.00339117646217 66.12321577966213 18.1045163795352 2.528970941901207 11.89846238493919 393.9976259469986 0.5247172862291336 82.92522302269936 771.7706570103765 36.65610061585903 775.1009467691183 188.2027117013931 3.183237604796886 123.1436174064875 0 42.51925145834684 25.4018604233861 293.9626051038504 3.534641854465008 1.300707280635834 0.6170997992157936 175.3822565153241 182.6735548898578 214.025436475873 84.86738844960928 4268.499863378704 0.8045169040560722 4.68633171916008 126.1331155523658 3293.790942817926 119.6045188903809 838.1402624025941 0.5529546588659286 5.698367185890675 6.821333475410938 42.69271006435156 27.69113157689571 693.0164025574923 9.766240313649178 151.5666162669659 63.80539992451668 253.7357959151268 17.7128154784441 4.587971396744251 8.546538472175598
