1685.857039958239 0 121.4115759953856 1.503075204789639 0.1205609887838364 2.764078587293625 3557.43011637032 363.265208221972 0 24.33690064400434 0.1743793487548828 3.218842566013336 0 5118.032735653222 0 0.2362261563539505 221.8345925882459 0.4909953698515892 5.769817642867565 3.838240154087543 99.63748592883348 0.1135240793228149 257.8583757132292 9.192899569869041 0 46.68013547360897 9.998240858316422 81.23238381743431 5039.675794973969 5249.031519390643 0 0.5515197739005089 18.27259493619204 75.55967533588409 0.09497078508138657 11.24538610130548 2.408102355897427 13.58904326707125 6.582067608833313 0.2890398353338242 0.2049839198589325 0 0 0 0 0.2148394361138344 0 0 0 0.2634779661893845 0 0.3476599901914597 0 0 0 0 0.1531879156827927 0 0.1798582524061203 0 0 0 0 0.9717472940683365 0.4164955615997314 0.0874837338924408 1.923259094357491 0 0 0.3597646877169609 4.061817348003387 0 0.9802976995706558 0 0 0 0 0.3423068821430206 2.159483566880226 0.3033725023269653 0.617938756942749 0.1294400990009308 0 0 0 0
0 154.0946298465133 10.63146211206913 0 0.1156440079212189 0 0 0.09684111177921295 1174.58384937793 0 23.65410504490137 1.167359590530396 242.1355401352048 0.1029280349612236 4.441546730697155 180.71405711025 24.36127805709839 6.314956620335579 8.501263990998268 0 12.34130930155516 3410.929428555071 7.101100318133831 552.4428390190005 1155.076251909137 474.0236643180251 10926.21801377833 76.6012963950634 0.0723966583609581 0 21.71378020942211 0 0 3.598374672234058 0 18.31908605992794 66.20507133752108 16.86162920296192 3.052842743694782 15.62167698889971 0 100.8591495975852 0 0.2635156810283661 32.04789160192013 102.3164045587182 0 0 0 0.4989222809672356 0.8560960665345192 0.3675802797079086 0 4.186679385602474 0 29.92201013118029 0.3383833095431328 0.1162566989660263 1.181440263986588 6.161601774394512 0.9930242896080017 3.362777575850487 0 0.103657029569149 25.69143706560135 3.811517499387264 1.362848937511444 24.18910735100508 475.4957735687494 1405.761057518423 0 0.219465509057045 0.1237450242042542 4.055468112230301 0 0 3.421232119202614 0.4045333117246628 7.664768025279045 36.03089247643948 6.650816053152084 2.699704065918922 0 0 3.254637539386749 0
121.4115759953856 10.63146211206913 3317.014018543065 0.5510155558586121 0.69459518045187 215.6827708557248 196.1534570865333 1160.163636408746 1.909071922302246 120.5084554553032 10.63179007172585 2.006550423800945 7.826262339949608 1111.72437440604 0.419108547270298 10.0882823318243 4428.372315704823 5.625693939626217 120.7238927781582 0.4082351550459862 1723.455464534461 14.94433786720037 10631.75499092042 124.9223610311747 1.375855267047882 5755.910575889051 5998.184983842075 203.171706635505 235.9529848769307 160.4792260527611 0.1316460072994232 4.112789869308472 14.46612687408924 1236.546209439635 82.33072286844254 2394.125353977084 1644.446329154074 2190.676201194525 633.8259577006102 128.2224961146712 6.207088582217693 24.66030433773994 14.09318156540394 0.5784998759627342 80.82646034657955 792.0643839538097 0 0 0.1451438218355179 4.311894059181213 1.876669943332672 0.6840739622712135 0 0.3109430819749832 0 1.17429231852293 1.267443664371967 0 7.590261407196522 42.22058597207069 0 2.53275129199028 0 4.132190577685833 12.24772638827562 43.73429977893829 5.308357007801533 0.6237781345844269 160.6623032987118 1389.107424862683 9.763105787336826 0.2702371403574944 5.768412247300148 0 0 0 7.291629739105701 22.18928092718124 42.81396616250277 704.8207510784268 22.1491332501173 15.51570524275303 0.5460690334439278 0.09734337776899338 3.093593418598175 0
1.503075204789639 0 0.5510155558586121 1600.728684604168 0.8316722512245178 65.42522236704826 24.13815000653267 43.70781973004341 207.4876773357391 1932.864710435271 1.516954652965069 2231.001368768513 0.6956613510847092 98.24693820625544 33.10899236798286 0 0.3083801046013832 0.6446642652153969 1.122283294796944 4120.202338982373 0.08576471358537674 0 0.234168604016304 787.688232794404 0 1.193427048623562 0.3525866493582726 942.3236140459776 101.4764092415571 0.7132766768336296 0 1.709887377917767 2.122154012322426 64.01760573685169 7.060504451394081 217.715273745358 1.896922737360001 115.3296278119087 31.46039288491011 126.9712539240718 8.693540044128895 0 7.502043701708317 0.4008395671844482 0.2601213380694389 0 20.0715524405241 0 3.899524874985218 69.82868328690529 2.164743788540363 33.03665110468864 10.13910692185163 0 33.87904393672943 0 0.66183702647686 3.69745858758688 0 0 0 0 19.45838625729084 0 0.4899125024676323 0.4480912387371063 136.1941439881921 0 0 0 110.6478702649474 0.09901678562164307 0.476057767868042 0 0 0 0.1347295045852661 0 87.32803551852703 0.8176218271255493 1.359712891280651 0.1071838065981865 36.00792234390974 0.5053465589880943 0 0
0.1205609887838364 0.1156440079212189 0.69459518045187 0.8316722512245178 13.59347832202911 140.4006502553821 2.402080543339252 14.70524590462446 76.96659043431282 6.703191533684731 93.54173605889082 61.37952584028244 27.48490872234106 0.8838238269090652 1203.1389298141 0 0.7853294610977173 8.57229782640934 8.27944178134203 3.325597643852234 0.5886685326695442 0.5214278101921082 1.009725257754326 31.37552498281002 1.069368973374367 9.172168985009193 1.802263058722019 7.203887522220612 22.49012729525566 0.4705392122268677 0.3639830499887466 60.55398766696453 0 501.2578537985682 1.021584421396255 68.02020190656185 9.943384736776352 520.1979370564222 77.27206394076347 1604.390490435064 111.4381168931723 5.832732975482941 3.640211597084999 0 0 0 0 0 0 0.3431849479675293 0 0 0 0 0 0 0 0 0 0 0 0 0 0 0 0 0.2442629039287567 0 0.2648631483316422 0 0 0 0 0 0 0 0 0 0.2326060235500336 0.5163319408893585 0.3820566534996033 0 0 0 0 0
2.764078587293625 0 215.6827708557248 65.42522236704826 140.4006502553821 11941.64914514124 2548.712176527828 3410.893899522722 106.5087634697556 7565.51634491235 51.60585980862379 5452.183514349163 20.41273670643568 943.7256392501295 1986.095965839922 0.5580010861158371 33.13853134214878 7.709770932793617 6.153582349419594 382.516312725842 58.70579274743795 0 98.29500328749418 113.6044876277447 1.118871182203293 47.91398748755455 30.41234052926302 1159.360205218196 236.2367938347161 113.852959536016 0.6387359350919724 223.8888144753873 1.838794991374016 365.3677352964878 8.091794461011887 360.0800292640924 15.04552146792412 588.3471595272422 114.0044759884477 2631.931827560067 302.3006278052926 9.208756759762764 13.4378682076931 0 0.199490025639534 0.5973685756325722 1.996314071118832 0 0.7817178294062614 17.45398490875959 0.5359026789665222 4.31845236569643 0.7769116163253784 0.1957206875085831 1.178639873862267 0 0.3046355247497559 0 0 0.1824367120862007 0 0 2.781586460769176 0.502939447760582 0.4726459160447121 0.09162195771932602 12.84210810065269 0 0.5050244629383087 2.139275632798672 23.38865786790848 0 0.1032569259405136 0 0 0 0 1.013298124074936 18.62380646914244 0.5696360915899277 0 0.2199201881885529 3.152042105793953 0 0.28691166639328 0
3557.43011637032 0 196.1534570865333 24.13815000653267 2.402080543339252 2548.712176527828 25696.95402208343 3064.258876428008 287.0864479020238 8241.611721687019 11.26176372170448 41.7542138658464 12.53425615280867 10394.9602794759 9.132370829582214 3.695679843425751 27.59513802453876 2.033847950398922 3.406816773116589 12.70698392763734 150.3248081356287 0.7152760550379753 190.0545310489833 605.8468883298337 0.1336509436368942 19.34706044569612 76.10142301768064 14636.8756204173 2492.352844245732 3267.199804477394 0 9.221220001578331 336.0741007402539 1024.066071905196 174.7703036144376 3896.918405331671 97.84204778820276 1424.676829010248 880.5793515406549 404.7387022674084 72.71171469986439 3.464424923062325 59.25096184015274 0.4130369797348976 0.3345113396644592 1.257301576435566 27.76034481078386 0.175327479839325 10.0171550065279 303.5793088078499 20.35535295307636 60.93082132935524 18.24053847044706 0.4857844412326813 9.195316523313522 0.2080088704824448 5.80036323517561 5.026074387133121 17.76789075136185 0.7324194461107254 0.1629302576184273 0.9504321217536926 19.68220129609108 7.445516705513 6.880236551165581 3.774788908660412 279.9420471340418 0.2321196496486664 0.9268401488661766 6.307977758347988 606.2266784906387 1.886739455163479 35.156952932477 0.2432543337345123 0.3235179781913757 0 3.225558996200562 38.89635217189789 257.122780919075 3.049744047224522 12.06299734860659 24.71245940029621 69.50963896512985 5.921233668923378 7.867918789386749 0.8485223203897476
363.265208221972 0.09684111177921295 1160.163636408746 43.70781973004341 14.70524590462446 3410.893899522722 3064.258876428008 6339.887766230851 10.33502154052258 2734.661236625165 160.2065731808543 966.0301168039441 53.14779528230429 6378.964985039085 170.7045487314463 0.8041803687810898 410.1787285543978 18.7164358496666 35.63181561231613 376.5157599188387 218.7981803789735 0 661.1824839860201 70.24857777357101 2.181053377687931 308.8136152029037 96.34779446572065 966.1415761709213 968.1440148986876 1580.804867088795 1.042444989085197 136.2061761245131 2.923659238964319 519.911632142961 15.26220087707043 701.4136856272817 53.42057610303164 1105.7197426036 262.7808499783278 1568.79081646353 88.69779031723738 16.43756967782974 17.33889739215374 0 0.4428501278162003 4.433877475559711 1.795713059604168 0 0.4909921288490295 11.31972041726112 1.152236886322498 0.2512162625789642 0.1382566839456558 0 1.234031617641449 0.2459190785884857 0 0.3485899269580841 0.3895262777805328 0 0 0 0.7857588529586792 0.3889216333627701 0.1677272915840149 0.6946322321891785 7.393587410449982 0 1.811216689646244 9.072181895375252 19.06893641501665 0 0.7963373959064484 0 0.2487838119268417 0 1.268986493349075 1.325675129890442 17.36153964698315 3.382915340363979 0.3387165814638138 3.129445917904377 0.4323418289422989 0 0.9664780050516129 0.1466938257217407
0 1174.58384937793 1.909071922302246 207.4876773357391 76.96659043431282 106.5087634697556 287.0864479020238 10.33502154052258 149.699309758842 152.0329301282763 1.704227276146412 198.6356636434793 8.559824302792549 19.11049316078424 913.002970546484 7.930491842329502 5.174693308770657 1.075969636440277 0.6514961868524551 130.7543754205108 2.500632107257843 2533.730016969144 8.910054035484791 12167.17988372594 114.6459732726216 48.90848802030087 1066.314214520156 2698.129742376506 25.12057337909937 83.41604732722044 1.673087492585182 8.244326263666153 0.9077151268720627 14.88883187621832 0 252.6230439245701 24.2435986250639 38.20550943911076 5.305663093924522 474.6795070022345 2.798145592212677 1.361843191087246 1.728749796748161 0.6518421918153763 8.998424477875233 2.606905810534954 71.87817930430174 0 17.44311050325632 387.3060990124941 18.31580490618944 27.90847845375538 32.09359176456928 0.8279220312833786 28.72579785436392 1.543093211948872 5.195685535669327 11.35427956283092 53.18994382768869 0.7503582239151001 0.4310219958424568 0.263723686337471 74.91071597486734 19.15372738242149 27.84122813493013 8.534564986824989 892.6025232970715 0.9935710430145264 9.38774685561657 14.7318514212966 1009.944677121937 4.706743933260441 41.74761953949928 0.2839566841721535 0.6685715839266777 0.09542836993932724 2.540764510631561 0.2404857575893402 83.32050633430481 1.634846441447735 8.501709543168545 2.741471797227859 75.65477136522532 2.384590871632099 0.149376779794693 0
24.33690064400434 0 120.5084554553032 1932.864710435271 6.703191533684731 7565.51634491235 8241.611721687019 2734.661236625165 152.0329301282763 32335.16295599565 24.7523600384593 3308.865653309971 10.49807146936655 2174.433749999851 48.15052547305822 0.7523118481040001 9.600692320615053 7.912591408938169 7.72080110758543 3005.421814203262 42.70648321509361 0 72.11985134705901 761.3724034503102 0.4559799507260323 27.02638550102711 26.24017624557018 4784.334504615515 1150.867314573377 74.64801006019115 0.190331719815731 21.92010944336653 10.92512001097202 600.0347710028291 25.30287355184555 708.4245192557573 17.60454292595387 921.0980997569859 208.6954329684377 258.7290943190455 63.58974330127239 4.392853401601315 27.15913835167885 0 0 0.5747834667563438 32.8959639146924 0 4.6618457660079 108.7091834545135 7.004078537225723 27.63202656060457 20.76450496912003 0.22556322067976 7.308042213320732 0 0.1099139899015427 4.804292730987072 1.045141607522964 0 0.1047079488635063 0 23.56849583238363 0 0.2972903847694397 0.7660543769598007 124.5361376777291 0 0.3878623619675636 1.840930178761482 141.8290403299034 0.7811851799488068 0.8085927441716194 0 0.1778837293386459 0 0.9714743718504906 3.335050582885742 94.61542753875256 0.8032289370894432 6.296010829508305 1.767201378941536 35.34050910174847 0.1258851140737534 1.543313205242157 0.2110181301832199
0.1743793487548828 23.65410504490137 10.63179007172585 1.516954652965069 93.54173605889082 51.60585980862379 11.26176372170448 160.2065731808543 1.704227276146412 24.7523600384593 11018.73318045586 24.34260235726833 3330.161836721003 210.1792120784521 1.677835017442703 1.71165631711483 299.9131276085973 2292.203374899924 2366.322610631585 10.23737794905901 6.854507967829704 3.658974312245846 23.51157392561436 4.871150121092796 1064.537734039128 6305.826067462564 1323.221050396562 12.57099194079638 386.7389696836472 5.551226861774921 767.1888196468353 334.5191076472402 0.4058822840452194 4587.53509773314 12.77873805165291 558.3167195469141 6028.359980903566 6272.676808290184 1160.718794457614 45.76841526478529 45.84976045042276 2739.747461289167 7.351770363748074 0 8.789584100246429 0.3203475475311279 0 0 0 1.092249624431133 0.3057821542024612 0.9139279276132584 0.1956896632909775 162.5460671260953 0 731.2912520542741 0.09237145632505417 0 0 0 6.534936957061291 3.544015251100063 0 0.5117325708270073 3.201982244849205 1.097864776849747 0.5493049323558807 108.6181004866958 154.9558036848903 229.5018047839403 2.164259620010853 0.3129775151610374 0.105093702673912 83.89353512972593 0.3336523547768593 0.1007908955216408 14.47359138727188 13.51300109922886 17.12638525664806 448.0751412957907 26.16844142973423 3.700652703642845 0.2538854628801346 4.893710628151894 77.59149310737848 1.500362500548363
3.218842566013336 1.167359590530396 2.006550423800945 2231.001368768513 61.37952584028244 5452.183514349163 41.7542138658464 966.0301168039441 198.6356636434793 3308.865653309971 24.34260235726833 6393.355513595045 6.423695854842663 1273.375608846545 805.1798132807016 0 2.110027961432934 5.032098457217216 7.280285812914371 2781.764486774802 0.7040266916155815 3.812074139714241 2.419750563800335 729.010091163218 4.213672459125519 7.449786730110645 0.5309334322810173 717.6624949276447 418.7389669194818 4.660612940788269 0.1659313812851906 18.61381100490689 0.2430349960923195 227.5303566344082 1.999849058687687 439.8499087691307 12.99686889350414 289.7756384536624 35.33170473575592 1235.806197568774 5.230671629309654 11.17068529874086 4.250143386423588 0 0 0 24.52712668478489 0.188898578286171 1.885506190359592 24.37599355727434 0.9306673631072044 12.70389023423195 5.230419769883156 0.09152816981077194 22.13067002594471 0 0.5792682096362114 1.657120853662491 0 0 0 0 22.06805831193924 0 0.2670837044715881 0 65.77643472701311 0 0 0.0708186998963356 43.99967394024134 0.1056449711322784 0 0 0 0 0.7802662998437881 0.2233494967222214 97.91950379312038 1.25553572177887 2.540415465831757 8.764035254716873 46.8445346057415 0.3360428214073181 0.5574966669082642 0
0 242.1355401352048 7.826262339949608 0.6956613510847092 27.48490872234106 20.41273670643568 12.53425615280867 53.14779528230429 8.559824302792549 10.49807146936655 3330.161836721003 6.423695854842663 5305.251264683902 38.02195210009813 0 5.801310263574123 5.051496177911758 78.33952629566193 10.99523301422596 2.841008514165878 6.688829220831394 30.27641180902719 16.98010587692261 9.659230135381222 2702.128620378673 1065.816300041974 9071.120854079723 23.50707457214594 61.76060930639505 9.430319160223007 1905.580029793084 85.39644481241703 0 795.6544277071953 102.164986923337 1699.607856161892 3808.115968115628 4842.78949482739 323.8774212598801 141.0904462859035 32.90746080875397 1405.126948297024 18.21059235930443 0 16.80911596864462 0.9097697585821152 0 0 0.06587677448987961 0.8157116174697876 0.8149601519107819 0.6636675521731377 2.514752611517906 150.4853133633733 0.3880564868450165 658.6454721614718 0.3244577795267105 0 1.794074341654778 0.2797767370939255 4.360961191356182 2.240789525210857 0 0.5125574320554733 1.975164726376534 0 0.1377571523189545 181.6332068070769 142.4647218361497 231.8438061848283 0.964402362704277 0.1929023340344429 3.495811223983765 82.612015157938 0.7381693869829178 0 66.67860905826092 244.6739137321711 120.2493666559458 437.2942532077432 136.1593598723412 55.09486500173807 0.9689577519893646 35.45038379728794 91.94492380321026 12.77582585811615
5118.032735653222 0.1029280349612236 1111.72437440604 98.24693820625544 0.8838238269090652 943.7256392501295 10394.9602794759 6378.964985039085 19.11049316078424 2174.433749999851 210.1792120784521 1273.375608846545 38.02195210009813 9166.71626810357 21.74963990598917 1.227790661156178 850.8699641749263 38.69917715340853 73.28179957717657 590.650911860168 349.7635267302394 0.467596597969532 1044.56489045918 174.3880975395441 5.178003914654255 392.8148996904492 99.25180771201849 1359.032338708639 6582.535369042307 4518.744716875255 0.5491909757256508 203.5924509912729 39.87698648497462 1121.316873632371 12.3564078733325 862.2363832890987 63.95769016444683 1144.31679765135 248.0495215840638 493.8116376101971 27.38664907962084 13.8480856269598 9.336043164134026 0 0 3.00345029681921 4.226751700043678 0 1.002892680466175 31.08475821465254 1.248610071837902 3.850648835301399 1.202292934060097 0 0 0.2024702355265617 0.3310847282409668 1.588966190814972 2.134634777903557 0.08463207632303238 0 0 1.854121059179306 1.029402263462543 0.5613018348813057 0.7867235466837883 21.14500844478607 0 1.523680470883846 7.185144230723381 51.30874509364367 0.9137884974479675 1.119425311684608 0 0 0 0.1647506952285767 3.056664764881134 27.25812164694071 3.15464373677969 0.7746724560856819 3.507272124290466 4.644150614738464 0.2711856067180634 2.859166443347931 0.4157511740922928
0 4.441546730697155 0.419108547270298 33.10899236798286 1203.1389298141 1986.095965839922 9.132370829582214 170.7045487314463 913.002970546484 48.15052547305822 1.677835017442703 805.1798132807016 0 21.74963990598917 426.8572401851416 0.1798387914896011 0 0.1404626965522766 0 72.70415937900543 1.230402216315269 12.84806035459042 0.8620143607258797 816.8217469379306 0.604041151702404 0.302983358502388 4.359297402203083 56.70497091114521 13.81275947391987 3.14599135518074 0 391.6685550659895 0 29.80465694516897 1.852236926555634 63.95437063276768 1.385441407561302 18.35815718770027 3.314170092344284 1282.029524855316 60.52711509168148 0.3345469236373901 0.1591794788837433 0 0 0 3.162235751748085 0 0 1.030843295156956 0 0.4021957516670227 0 0 1.152576684951782 0 0 0.168305441737175 0 0 0 0 0.3932882994413376 0 0.1572370678186417 0 3.176550075411797 0 0 0 1.808000646531582 0 1.130484342575073 0 0 0 0 0 8.980809062719345 0 0 0 2.24441322684288 0 0 0
0.2362261563539505 180.71405711025 10.0882823318243 0 0 0.5580010861158371 3.695679843425751 0.8041803687810898 7.930491842329502 0.7523118481040001 1.71165631711483 0 5.801310263574123 1.227790661156178 0.1798387914896011 7115.804668746889 84.89701583981514 0.4203236103057861 4.214470975100994 0 2881.882599882782 2385.065892316401 7878.006683021784 969.3610266670585 6.100716412067413 29.14290504157543 4071.978746764362 1744.14867258817 0.4423200264573097 11.88027641177177 0.2363326624035835 0.229286752641201 0.1607756614685059 48.24811477959156 38.10725802183151 1444.070262625813 665.1213922277093 251.3160775154829 444.9283188283443 44.92300128936768 1.444490194320679 7.728375419974327 7.490388765931129 1.779860332608223 9.861315093934536 52.28037852048874 0 0 0.2137428522109985 3.569580025970936 1.103459306061268 10.77059761434793 0.2610421180725098 0.1142517104744911 1.652655467391014 1.891084849834442 1.925099223852158 0.1210857108235359 2117.496716372669 3.887108258903027 0 0.3660466969013214 0 488.6764638796449 999.7061211913824 1557.756768852472 126.5838450267911 0.6657251119613647 17.70156665891409 718.4014438092709 298.9395933523774 3.235561661422253 193.1612452119589 0.2880464196205139 0.07648209482431412 0.5487857237458229 6.397335343062878 12.71654054522514 377.4817523211241 156.6751235052943 12.41622228175402 18.84367538243532 26.95052313804626 0.6750356554985046 13.69750934839249 2.254535645246506
221.8345925882459 24.36127805709839 4428.372315704823 0.3083801046013832 0.7853294610977173 33.13853134214878 27.59513802453876 410.1787285543978 5.174693308770657 9.600692320615053 299.9131276085973 2.110027961432934 5.051496177911758 850.8699641749263 0 84.89701583981514 1631.632754445076 154.439594425261 4580.155925750732 0.8916786275804043 1445.483536239713 24.38801854848862 4814.1361541152 42.70723496004939 2.919987104833126 5024.393604278564 7506.609572887421 156.1421279236674 1096.942661836743 826.0643559247255 0.6386837363243103 4.807111501693726 242.4735202118754 3457.38911382854 21.72613639384508 981.8271447569132 654.7482410222292 2595.506137043238 709.7017518952489 23.9312347099185 3.108970656991005 6.447745762765408 3.114657685160637 0.1115777567028999 11.83237259835005 13.53395918011665 0 0 0 0.9393222406506538 0.4730164855718613 0.7963345497846603 0 0 0 0.2482647374272346 0 0 10.67007856070995 1.474494814872742 0 0.5863810479640961 0 6.340627387166023 2.015660397708416 1.554873324930668 4.778266333043575 0.4059493318200111 67.28809287399054 79.66121433675289 19.60544093698263 0.2836554944515228 5.914078094065189 0.1204833015799522 0 0 0.08109899610280991 7.78962230682373 11.66869352757931 32.70874491333961 0.5748186260461807 1.478723913431168 2.150914877653122 0.817895770072937 3.101756259799004 1.557977139949799
0.4909953698515892 6.314956620335579 5.625693939626217 0.6446642652153969 8.57229782640934 7.709770932793617 2.033847950398922 18.7164358496666 1.075969636440277 7.912591408938169 2292.203374899924 5.032098457217216 78.33952629566193 38.69917715340853 0.1404626965522766 0.4203236103057861 154.439594425261 261.2912508994341 1056.096300400794 1.943101815879345 3.511247970163822 2.349716566503048 5.777216643095016 0.9016432911157608 9.54415000975132 3728.639813713729 1318.282026149333 3.525405399501324 52.61733315512538 0.9014523699879646 69.76073638349771 35.69689502567053 0.7952252626419067 694.8954388052225 3.878718309104443 418.1956726685166 1634.453025057912 1390.095935761929 395.7718310058117 8.199655324220657 4.065356709063053 53.72935304790735 1.781704805791378 0 2.932003892958164 0 0 0 0.1027735620737076 0 0 0.09156364947557449 0 8.378900840878487 0 34.76776171475649 0 0 0 0 1.166977487504482 1.278795711696148 0 0 0.1551469415426254 0 0.1058895513415337 5.676015295088291 63.55750785768032 68.56941460818052 0.9621617943048477 0 0 9.859285652637482 0 0 0.4480539485812187 3.961138561367989 7.820837281644344 18.32255312800407 1.042744621634483 0.8865923807024956 0.3294480443000793 0 1.453070178627968 0
5.769817642867565 8.501263990998268 120.7238927781582 1.122283294796944 8.27944178134203 6.153582349419594 3.406816773116589 35.63181561231613 0.6514961868524551 7.72080110758543 2366.322610631585 7.280285812914371 10.99523301422596 73.28179957717657 0 4.214470975100994 4580.155925750732 1056.096300400794 1953.960893079638 3.402757801115513 72.75931368768215 2.238785855472088 276.4319558888674 3.390219949185848 7.704014509916306 2954.143814124167 1744.351675570011 12.76635763794184 113.7714629769325 36.59544682502747 1.32146629691124 42.56306149810553 8.949660077691078 3003.56709676981 10.05880576372147 1088.54997663945 1679.048711560667 3553.040830470622 846.004972986877 14.14540565013885 1.211064748466015 14.15845838189125 4.032481245696545 0 8.625225640833378 1.318038411438465 0 0 0 1.648120433092117 0.08686000853776932 0 0 2.302838273346424 0 3.505849726498127 0 0 0.2602371871471405 0.6977629363536835 0.3106024488806725 2.44686321914196 0 0.476480633020401 0.1854931563138962 0.3458400070667267 0.1997468918561935 2.643589608371258 141.7936726436019 107.8472505733371 0.3390494585037231 0 0 1.541053988039494 0.08855026960372925 0 0.6128887236118317 2.551397293806076 16.35247480869293 60.11914504319429 0.7635393738746643 3.13132505863905 0.3680731058120728 0.9565345048904419 10.25243513286114 0.3813469409942627
3.838240154087543 0 0.4082351550459862 4120.202338982373 3.325597643852234 382.516312725842 12.70698392763734 376.5157599188387 130.7543754205108 3005.421814203262 10.23737794905901 2781.764486774802 2.841008514165878 590.650911860168 72.70415937900543 0 0.8916786275804043 1.943101815879345 3.402757801115513 721.2231502905488 0 0 0.6079243198037148 814.3632123619318 0.1621720343828201 3.407280795276165 0.69925307482481 1283.656896278262 332.4749337881804 2.390325143933296 0.1741753369569778 7.058639653027058 0.9074817299842834 224.8025501407683 5.005946427583694 237.3674944788218 6.901636950671673 352.203904338181 68.61192828416824 253.5622682347894 27.05199152976274 0.9838547483086586 9.075893364846706 0 0 0 15.51981391012669 0 3.407558903098106 36.0668997168541 2.301744192838669 12.52007441967726 7.501810431480408 0 3.893731206655502 0 0 1.011747516691685 0.1122330576181412 0 0.1989927217364311 0 8.974543191492558 0 0 0 57.94457671046257 0 0 0.3441468179225922 52.77067100256681 0 0 0 0 0 0 0.3909565806388855 66.07356499135494 0.9283846020698547 1.872194059193134 0 20.76556213200092 0.3377851247787476 0.5724356770515442 0
99.63748592883348 12.34130930155516 1723.455464534461 0.08576471358537674 0.5886685326695442 58.70579274743795 150.3248081356287 218.7981803789735 2.500632107257843 42.70648321509361 6.854507967829704 0.7040266916155815 6.688829220831394 349.7635267302394 1.230402216315269 2881.882599882782 1445.483536239713 3.511247970163822 72.75931368768215 0 12021.23329348862 174.1472962796688 11336.38741847128 300.8168446794152 1.491617158055305 165.0279864370823 501.6580560058355 2539.436648011208 201.8195241466165 7658.623457327485 0 6.863990001380444 48.45326552540064 3270.417226418853 178.9278252348304 6391.260286062956 1367.81099383533 4243.185625337064 4481.975912198424 152.6674797832966 8.161087639629841 7.306880965828896 34.84372624009848 0.6700619831681252 1.182178363204002 9.46602676063776 0 0 0.1055866256356239 5.851585038006306 0.3901898488402367 3.087007649242878 0 0 0 0 0.415860041975975 0.7527056783437729 292.593604914844 0.5040440782904625 0 0 0 193.2172602713108 111.6561539396644 145.8267073184252 52.93812843412161 0 6.123192571103573 19.39807949960232 129.7084412351251 3.739806279540062 90.77537588775158 0 0 0.4185514450073242 0.7492337226867676 41.39716140925884 124.916254222393 11.54851514846087 7.535805501043797 23.93905420601368 17.38605207204819 0 16.30819764733315 0.6558725237846375
0.1135240793228149 3410.929428555071 14.94433786720037 0 0.5214278101921082 0 0.7152760550379753 0 2533.730016969144 0 3.658974312245846 3.812074139714241 30.27641180902719 0.467596597969532 12.84806035459042 2385.065892316401 24.38801854848862 2.349716566503048 2.238785855472088 0 174.1472962796688 1092.992578916252 262.9605407118797 3051.479771211743 433.413500495255 118.5023493394256 4943.653536610305 556.5839101374149 0.2917903810739517 49.21898917853832 4.448196940124035 0 2.138244062662125 4.485982857644558 0.4891341775655746 23.01598862558603 7.973778128623962 14.25709203630686 3.076966889202595 82.68897089362144 0 7.054340198636055 0 0.1455010175704956 10.4462928622961 113.4289056658745 0 0 0 4.166510224342346 0.9168346375226974 18.35968529433012 0 0.8971372842788696 0 2.560087502002716 1.523832991719246 0.5009588003158569 987.6761611476541 2.498701453208923 0.1383320093154907 1.140043281018734 0 185.12097556144 165.398192435503 455.8615296036005 95.7793853059411 2.435984395444393 22.95545119792223 869.7063583135605 140.4596083387733 0.487656906247139 64.45699573308229 0.466654434800148 0 0.1771514713764191 2.119560658931732 0.1460456848144531 15.28315763175488 19.22698759287596 3.77206115424633 4.557224087417126 1.566716752946377 0.1593343317508698 1.050954833626747 0
257.8583757132292 7.101100318133831 10631.75499092042 0.234168604016304 1.009725257754326 98.29500328749418 190.0545310489833 661.1824839860201 8.910054035484791 72.11985134705901 23.51157392561436 2.419750563800335 16.98010587692261 1044.56489045918 0.8620143607258797 7878.006683021784 4814.1361541152 5.777216643095016 276.4319558888674 0.6079243198037148 11336.38741847128 262.9605407118797 14585.05036862195 143.7134464606643 1.453825861215591 2245.154478505254 7938.324046254158 1272.656639099121 537.5537508949637 2900.422157518566 0.1749817430973053 9.809346005320549 89.14643129706383 3611.805936560035 300.1592574715614 10292.16684990376 6238.355283461511 7231.852909110487 6600.428389556706 720.8900299444795 23.77681417763233 31.09949605166912 70.78215989470482 0.2998233139514923 14.49088800698519 392.8499071970582 0 0 0.4703459441661835 9.806242890655994 1.689966820180416 2.589255131781101 0.2380115166306496 0.8772255182266235 0 1.25751681625843 1.530123218894005 0.1136107370257378 1333.853959128261 5.182960130274296 0 0.2297652438282967 0.6403167843818665 153.7179065868258 401.8347895666957 1396.042262502015 32.81242846697569 0.1268314570188522 9.755147524178028 1622.847656749189 80.84650980681181 2.078129313886166 63.7911778613925 0 0.0959380641579628 0 5.87335292249918 62.15408428013325 331.4485732018948 704.679138533771 20.19809614121914 43.97459189593792 16.22384553402662 0.2394571453332901 5.133173272013664 0.512214720249176
9.192899569869041 552.4428390190005 124.9223610311747 787.688232794404 31.37552498281002 113.6044876277447 605.8468883298337 70.24857777357101 12167.17988372594 761.3724034503102 4.871150121092796 729.010091163218 9.659230135381222 174.3880975395441 816.8217469379306 969.3610266670585 42.70723496004939 0.9016432911157608 3.390219949185848 814.3632123619318 300.8168446794152 3051.479771211743 143.7134464606643 8465.250520572066 35.61679195612669 46.57259301096201 2468.600915566087 10379.04728900641 279.095630466938 300.3638522513211 0.909861832857132 5.171473503112793 29.42616956681013 257.2725249603391 57.9231945052743 1990.477160319686 184.96888256073 495.030226662755 316.0126251280308 983.0641750395298 23.76369024813175 7.716274596750736 18.02591378241777 2.751071438193321 9.044649586081505 23.06616536527872 162.6464411392808 0.2012639045715332 45.93169305473566 1040.424459606409 51.68939340114594 441.8358503580093 81.78136829286814 4.315132766962051 44.80765967071056 1.835738614201546 11.94335373491049 20.09842453151941 370.4180978536606 3.180011458694935 0.1138483807444572 1.022672198712826 132.2304616272449 276.857649512589 253.0831320211291 96.00542100518942 1531.682863175869 0.3286009132862091 17.13392925262451 103.1146689802408 2477.573831424117 9.453354984521866 268.6240397021174 0.106335461139679 1.659623108804226 1.082490667700768 9.458119764924049 15.1899768486619 736.1591179966927 32.94473347067833 33.86977303773165 11.44995742291212 262.1282528862357 7.221809469163418 17.40516720712185 0.8185426592826843
0 1155.076251909137 1.375855267047882 0 1.069368973374367 1.118871182203293 0.1336509436368942 2.181053377687931 114.6459732726216 0.4559799507260323 1064.537734039128 4.213672459125519 2702.128620378673 5.178003914654255 0.604041151702404 6.100716412067413 2.919987104833126 9.54415000975132 7.704014509916306 0.1621720343828201 1.491617158055305 433.413500495255 1.453825861215591 35.61679195612669 197.5554567426443 806.9940023645759 6995.705842293799 7.831933036446571 2.701924175024033 3.134223759174347 281.494243465364 2.057986527681351 0 285.5365701690316 9.577111676335335 140.9110763892531 223.0957728475332 741.4669092223048 90.93052771687508 12.72283005714417 12.446472838521 429.7364562600851 4.505319714546204 0 35.75913009792566 0.8496493250131607 0 0 0.5384780988097191 0.07548924535512924 1.277381733059883 1.233063049614429 0.9537467956542969 179.8756574690342 0.2003879621624947 1144.157148465514 0.1789741963148117 0 0 0.3095730990171432 0.9623068943619728 2.130133852362633 0 3.116583108901978 4.948776789009571 0.2530135214328766 0.7010603547096252 104.2223289832473 317.4727880656719 846.8135716021061 0.3092029020190239 0.1603835225105286 0.4240067824721336 76.02327463775873 1.93525842577219 0 22.11647846549749 24.48918773233891 38.7650253623724 187.7524956315756 92.51502658426762 7.041057966649532 0.6344897300004959 3.605086788535118 74.98027182370424 8.168464064598083
46.68013547360897 474.0236643180251 5755.910575889051 1.193427048623562 9.172168985009193 47.91398748755455 19.34706044569612 308.8136152029037 48.90848802030087 27.02638550102711 6305.826067462564 7.449786730110645 1065.816300041974 392.8148996904492 0.302983358502388 29.14290504157543 5024.393604278564 3728.639813713729 2954.143814124167 3.407280795276165 165.0279864370823 118.5023493394256 2245.154478505254 46.57259301096201 806.9940023645759 27148.98490107059 17013.34707927704 48.14133445173502 216.721329703927 47.94673305749893 916.7372594475746 42.68934038281441 14.66358552873135 1241.978786744177 65.30459176003933 5113.519234187901 11996.64137872308 4039.349067077041 1267.407488338649 98.90106968581676 4.8436189442873 521.126484490931 16.14350201934576 1.113053128123283 295.9508721977472 79.12228372693062 0 0 0.2405760288238525 1.49837389588356 2.366149254143238 4.715335421264172 0.1045629233121872 268.3995997682214 0.2590743377804756 1206.612552694976 2.141003243625164 0.08488068729639053 4.737013928592205 31.66433963179588 38.6419363245368 81.9793890491128 0.1857887655496597 5.570059791207314 8.699473023414612 4.934369824826717 1.950238928198814 326.9899443387985 4523.407088153064 4960.404338300228 6.380051217973232 0.6240337044000626 5.668647445738316 348.0730538889766 1.312613368034363 0 35.40172887593508 30.3247956931591 89.18618949502707 1531.558178015053 60.91208083182573 11.3506830483675 4.022652968764305 9.309232503175735 144.7839156389236 8.146579563617706
9.998240858316422 10926.21801377833 5998.184983842075 0.3525866493582726 1.802263058722019 30.41234052926302 76.10142301768064 96.34779446572065 1066.314214520156 26.24017624557018 1323.221050396562 0.5309334322810173 9071.120854079723 99.25180771201849 4.359297402203083 4071.978746764362 7506.609572887421 1318.282026149333 1744.351675570011 0.69925307482481 501.6580560058355 4943.653536610305 7938.324046254158 2468.600915566087 6995.705842293799 17013.34707927704 37739.79356130213 1736.196572877467 59.69200469553471 25.34347331523895 1836.673157908022 10.95000889152288 3.104596637189388 2445.936699189246 217.8508304953575 7373.155611686409 2898.07732129097 5858.080585621297 1872.951732814312 457.2402260378003 18.90820860862732 230.1260034143925 39.4419280141592 3.523287892341614 2250.165686748922 3285.493006318808 0 0 1.43004172295332 21.13078036904335 8.944723345339298 6.954165659844875 0.1560863927006721 209.4119122326374 0 1030.311183653772 8.625287026166916 0.1006238460540771 430.3108100369573 139.4872645139694 32.50710643082857 72.62745402008295 0 13.76614983379841 700.6353485509753 824.322297513485 10.51147450506687 617.3408725112677 6094.619727380574 15160.96503667533 18.07502648979425 2.944009080529213 16.6917152479291 327.8440235927701 1.548747144639492 0.4748003259301186 42.64734400063753 63.22398526221514 233.1032819077373 3263.05747038126 125.0422118008137 51.33231018483639 5.764269843697548 2.638979688286781 103.7980676442385 4.886971354484558
81.23238381743431 76.6012963950634 203.171706635505 942.3236140459776 7.203887522220612 1159.360205218196 14636.8756204173 966.1415761709213 2698.129742376506 4784.334504615515 12.57099194079638 717.6624949276447 23.50707457214594 1359.032338708639 56.70497091114521 1744.14867258817 156.1421279236674 3.525405399501324 12.76635763794184 1283.656896278262 2539.436648011208 556.5839101374149 1272.656639099121 10379.04728900641 7.831933036446571 48.14133445173502 1736.196572877467 24672.16007270291 1382.816725891083 8094.527104709297 0.1057907566428185 10.97327727079391 192.733507476747 1562.359954759479 254.5399250537157 6388.411665230989 470.0782820805907 2568.743183240294 1794.051457308233 571.2167212069035 86.05693255364895 8.624675258994102 72.3363798931241 4.337531886994839 4.513949386775494 20.0277076587081 137.5781522467732 0.1069166511297226 39.19297181069851 1019.345002494752 57.23686094582081 345.7497859224677 78.49962130934 3.655176602303982 40.91386145353317 2.992482990026474 20.57463586330414 20.17324580997229 499.9148689806461 5.262888491153717 0.2943432033061981 2.419532313942909 114.2867275774479 349.1950519382954 242.7291062399745 119.1649902611971 1518.172654181719 1.053955890238285 18.18742305785418 73.59176345169544 2666.082192525268 25.65376174449921 515.4681784883142 0 1.763968385756016 2.030002199113369 13.99039297550917 52.35330279171467 871.5857845917344 43.12348020076752 38.13656637072563 30.95783752948046 287.4642728492618 9.164204321801662 44.56394477188587 3.081683784723282
5039.675794973969 0.0723966583609581 235.9529848769307 101.4764092415571 22.49012729525566 236.2367938347161 2492.352844245732 968.1440148986876 25.12057337909937 1150.867314573377 386.7389696836472 418.7389669194818 61.76060930639505 6582.535369042307 13.81275947391987 0.4423200264573097 1096.942661836743 52.61733315512538 113.7714629769325 332.4749337881804 201.8195241466165 0.2917903810739517 537.5537508949637 279.095630466938 2.701924175024033 216.721329703927 59.69200469553471 1382.816725891083 16774.69726731256 7345.259610392153 1.374329134821892 1152.501912377775 2701.39161432907 4627.998513136059 14.3403041139245 561.9277851209044 92.70004358887672 2330.114574752748 468.6027160547674 342.6664244383574 253.8086317181587 16.54386583715677 11.52807150036097 0 0.2350731864571571 0.3224951848387718 1.841362290084362 0 1.0554573610425 34.03982631117105 2.498293437063694 4.299911260604858 2.341447710990906 0 1.10597039014101 0.5369887053966522 0.1388169527053833 0 5.067958801984787 0.1417507082223892 0 0 3.057822823524475 3.85820184648037 1.177305579185486 0.7157237976789474 29.79477510601282 0 0.3720249384641647 1.749702207744122 54.75847095251083 0.1559133678674698 6.950596123933792 0.07101796567440033 0 0 0.476818323135376 4.062444716691971 47.41197770833969 2.219201534986496 1.077434852719307 6.024063467979431 7.918506033718586 0.6634537279605865 2.190034776926041 0
5249.031519390643 0 160.4792260527611 0.7132766768336296 0.4705392122268677 113.852959536016 3267.199804477394 1580.804867088795 83.41604732722044 74.64801006019115 5.551226861774921 4.660612940788269 9.430319160223007 4518.744716875255 3.14599135518074 11.88027641177177 826.0643559247255 0.9014523699879646 36.59544682502747 2.390325143933296 7658.623457327485 49.21898917853832 2900.422157518566 300.3638522513211 3.134223759174347 47.94673305749893 25.34347331523895 8094.527104709297 7345.259610392153 13767.80508167669 0 3.313870906829834 990.4325776621699 2944.264606207609 158.8321285992861 5302.16551900655 704.6487025395036 1883.658309608698 1362.783358961344 152.2776835858822 18.56715679168701 11.72796315699816 29.804144307971 1.68963935226202 0.6341142654418945 5.283540643751621 1.411799810826778 0 3.165458515286446 86.30177287757397 8.843930959701538 39.20278955996037 2.844533659517765 0.1935248076915741 2.121012464165688 0 2.687098458409309 1.046845138072968 174.876606233418 1.370162829756737 0 0.905345156788826 0.8796067833900452 147.8284330070019 58.62166010588408 32.312036678195 222.1651853621006 0 5.632661215960979 15.06321913003922 665.3261648267508 5.821468949317932 163.9946863651276 0 0.09577570110559464 0.4782174229621887 3.850422576069832 38.10197094082832 369.0416654571891 16.21125178039074 10.91294685006142 31.59336030483246 74.46836271882057 3.675759017467499 37.3959204852581 3.01289439201355
