138.5669522210956 0.5352191552519798 61.161087423563 0.5970887690782547 0.200119636952877 13.14111014455557 857.2764265090227 344.9548024013638 11.2860394269228 9.334456488490105 2.79616017639637 0 0.2376764565706253 2623.591514699161 0 0.9116010293364525 52.85907059162855 5.431348405778408 42.09989388287067 0.2194872125983238 6.511522255837917 0.6527367383241653 18.53525415807962 25.96759088337421 0.1053955107927322 56.45580292493105 13.45448506623507 26.46207077801228 1139.400317676365 1634.41880633682 0.1242546364665031 35.78201615065336 42.17143267393112 54.98118878901005 0 3.13409285992384 7.464564427733421 27.13830380886793 2.044409044086933 0 0.3339383900165558 0 0 0 0 0.2054515779018402 0.6942696571350098 0 0 0.8867698162794113 0.9597969949245453 1.414263479411602 0 0 0 0 0.09718438982963562 0 0.1613482236862183 0 0 0.0950208306312561 0 0 0.1841209530830383 0.4502216577529907 5.194712780416012 0 0.4273831099271774 2.075436480343342 4.270037263631821 0.1271528303623199 0.1598411649465561 0 0 0 0.1011020168662071 0.3586706221103668 4.172732688486576 0 0.6711680814623833 0.2002866938710213 0 0 0 0
0.5352191552519798 84.37740729004145 24.64787327498198 0.09995206445455551 3.328583590686321 1.022316455841064 12.24638371914625 2.665811479091644 801.0740836188197 0.984187975525856 453.5935577079654 8.824897900223732 1671.227079927921 2.702559612691402 42.38054672628641 113.0770829543471 30.4900077059865 5.433879606425762 116.8968125656247 1.050648368895054 8.856929495930672 1708.219622462988 9.268805824220181 1037.66995999217 1500.261308968067 881.7639188766479 4705.877626515925 51.62506104260683 4.774883821606636 10.60861314833164 154.5908236354589 0.2758618295192719 1.231480501592159 58.69627329707146 0.9606382846832275 33.6939454600215 125.9756982922554 82.19494380056858 22.92208424955606 18.91263915598392 0.5068739578127861 117.8248868882656 0.2247043773531914 0.1674708425998688 112.5141790509224 109.5756010636687 0.6847085654735565 0 0.2034009322524071 2.777819216251373 0.465451642870903 2.353658549487591 0.2270687744021416 19.48426005989313 0.1082128137350082 51.84965178370476 0.1962073966860771 0.2895695865154266 6.191774070262909 39.37638414651155 2.836672469973564 40.4229521676898 0.2470447868108749 1.214576885104179 15.02590764313936 5.222616083920002 8.342546470463276 58.6727931201458 487.4124785959721 1634.577909618616 5.733911268413067 0.4803447276353836 1.727859295904636 13.16386331617832 0.1031047105789185 0 16.73993427306414 0.9745694547891617 24.36702385544777 35.05126501619816 45.62818767875433 18.37069664895535 0.3661455065011978 0 3.617240875959396 0.4724631309509277
61.161087423563 24.64787327498198 4692.709880664945 0.09469924122095108 0.7112600654363632 51.65004746615887 994.9638695195317 517.4844792932272 1.100308053195477 4.572641022503376 20.5446110367775 0.4694299846887589 4.948936708271503 438.2401318177581 0.1448603868484497 2.908300094306469 7381.986925661564 19.70208835601807 244.9711873307824 0.4501178786158562 698.9887810051441 26.28981485962868 8803.305347949266 4.728246502578259 2.081005744636059 8059.738398931921 6963.177334144711 216.1110116094351 283.3700605221093 2282.8826918751 0.2766077369451523 21.11147653311491 9.761605717241764 824.0838232710958 45.53526389598846 1307.232427865267 2134.342681773007 2349.808859191835 886.3376803025603 46.50229796767235 10.18845321983099 9.029571339488029 11.7360714673996 0.6343938112258911 103.5789338722825 377.2559739723802 0 0 0.1523859351873398 8.331656366586685 0.3704247772693634 0.8012611418962479 0.6129068732261658 0.1521382182836533 0 0.4829801619052887 0.1673759073019028 0.3043447062373161 45.821139998734 19.69386605173349 0 1.774609126150608 0 7.38045709580183 171.7267526611686 118.3014618605375 14.35326714813709 0.1156447976827621 29.1197269782424 1430.139417387545 7.059878692030907 0.3770051971077919 5.067109771072865 0 0 0 3.345167107880116 21.34412489831448 41.8603488355875 7.897456154227257 33.769157782197 22.21439470350742 1.332718715071678 0 0.5446389317512512 0
0.5970887690782547 0.09995206445455551 0.09469924122095108 1428.795908428729 15.61512687802315 102.3830314800143 91.52909780293703 43.03064861148596 1022.2278040573 4423.481374628842 7.568037688732147 2183.651316866279 0.736619770526886 15.43480313569307 189.2953180447221 0 0 2.614882364869118 2.025276310741901 5182.062436208129 0 0 0.3300182819366455 2590.718520104885 0 2.050967343151569 0.8082157596945763 1054.587060518563 52.47179939597845 0.3109420016407967 0.09084926545619965 13.38153079152107 4.882548280060291 42.70247510820627 6.192106336355209 167.5747604519129 4.442938126623631 114.730682246387 44.14521015435457 140.1241790652275 10.08320441842079 0.7452763840556145 3.086898386478424 0.8317326158285141 0 0.1118118762969971 201.9002368673682 0.6014052629470825 23.5689170062542 65.02957761287689 9.911509081721306 120.7893940508366 55.52411335706711 0 121.610413312912 0 2.428514271974564 7.726183995604515 0.09203473478555679 0 0 0.07682564109563828 164.7521302625537 0 0 0 210.6210772171617 0 0.07218894362449646 0.09852328896522522 280.2105575874448 3.023567266762257 0.5028178915381432 0 0.5719014555215836 0.1145836114883423 3.857151240110397 0.1291223466396332 17.96072071790695 0.3397023975849152 11.08280136436224 1.301206797361374 79.23936919122934 0.6557649224996567 2.977561116218567 0.5034197121858597
0.200119636952877 3.328583590686321 0.7112600654363632 15.61512687802315 93.2818797826767 1037.056719638407 6.101942583918571 108.1790689080954 190.7298149093986 25.00664109736681 13.04028622061014 192.7155128195882 1.03376255184412 3.709224879741669 1431.480585664511 0.09640008956193924 0.5390439629554749 0.7928021922707558 0.08303820341825485 34.88173884153366 0.1542933583259583 3.784912757575512 1.002534717321396 46.03380911052227 0.5398159325122833 1.692789748311043 3.317375086247921 13.62703146785498 0.3086006864905357 1.049918055534363 0 129.1194275915623 0 115.0358571782708 2.17225655913353 35.08126475661993 0.5049527287483215 91.34528197348118 72.48363383114338 2320.68742531538 27.72535634040833 0.8845999538898468 3.017879456281662 0 0 0 1.280647426843643 0 0 0.08372442424297333 0 1.81998834758997 1.017490655183792 0 0.9400394111871719 0 0 0.2477595210075378 0.3515728786587715 0 0 0 0.310027152299881 0.157059371471405 0 0 0.933051124215126 0 0.0944855660200119 0 1.318472370505333 0 0 0 0 0 0 0 0 0 0 0.08951956778764725 6.154077142477036 0 0 0
13.14111014455557 1.022316455841064 51.65004746615887 102.3830314800143 1037.056719638407 10112.685188815 2346.078646235168 4883.203002937138 166.1394864171743 7873.876408472657 71.62829410657287 2967.264965258539 23.36099787801504 348.6286733672023 1886.217075757682 1.354721233248711 30.81083936989307 18.28632312268019 32.7735699377954 822.9907339960337 18.41077610850334 1.622415162622929 29.3235357478261 392.8983370065689 1.659541182219982 94.84176525101066 50.40465961396694 1030.46601407975 134.1964915692806 58.44722437113523 1.023019410669804 407.0617299899459 4.400779224932194 504.2090672180057 7.088724210858345 286.0114451795816 19.70013416558504 486.4595953226089 131.8982704281807 2427.770704202354 115.3302615731955 11.10297635942698 6.674737542867661 4.62638632953167 0.09973034262657166 0.3615621402859688 50.74262109398842 0.731642410159111 24.88436452299356 275.9049264639616 18.55245997011662 26.57352817803621 53.17678848654032 1.420277833938599 48.95875552296638 0 9.68182273209095 3.160940051078796 2.692400813102722 0.2129436656832695 0.2611848711967468 0.09937660396099091 78.35630633682013 1.633958615362644 0.3770351335406303 0.8637127876281738 198.5784841626883 0.2296848893165588 0.4169812798500061 2.203445464372635 219.8126642480493 16.26626051217318 14.96077519655228 0 1.750321969389915 0.8639121875166893 6.579404056072235 3.529358878731728 78.87383257597685 2.105378217995167 27.28357531875372 7.906729474663734 25.75614781677723 2.147643148899078 2.874920606613159 0.2924332618713379
857.2764265090227 12.24638371914625 994.9638695195317 91.52909780293703 6.101942583918571 2346.078646235168 6578.786373965442 3769.566625356674 534.0329010337591 2804.489826530218 51.69155912846327 8.218210034072399 7.010923206806183 8121.908485777676 13.56404888629913 34.70701102912426 144.7270620018244 23.82473776862025 45.71287047117949 59.34048270434141 1095.110818274319 28.40704172849655 984.8758816197515 2630.134914252907 2.695544674992561 620.9463500380516 837.7573168352246 14261.0265674293 849.5520601272583 2029.277519240975 1.303751319646835 105.5717133283615 75.86626172810793 365.648429825902 51.00525133311749 1553.047191239893 197.1524443998933 1166.978949546814 420.4910397157073 77.91889574378729 44.38320282846689 5.64069888740778 19.5150860324502 5.735366709530354 3.462011337280273 3.853093475103378 48.32923582941294 0.5490246713161469 35.44215016067028 354.3483583554626 20.66158401966095 121.6737581938505 34.19146277010441 1.008748948574066 32.33437637984753 0.1022912785410881 26.54942214488983 1.92109290510416 52.3357248082757 0.7069642543792725 0.2783451825380325 0.7349264919757843 54.88425523787737 17.25002484768629 24.4853463023901 21.28884652256966 529.9190813526511 0.1522293537855148 6.214871689677238 59.77832087129354 450.2447122558951 34.40328174084425 69.72020903229713 0 3.028751969337463 4.159814789891243 23.36163998395205 17.08560360223055 275.6782929599285 2.398694507777691 99.25624129921198 32.01776311546564 27.73764497041702 18.7379352375865 0 1.375950619578362
344.9548024013638 2.665811479091644 517.4844792932272 43.03064861148596 108.1790689080954 4883.203002937138 3769.566625356674 9873.22213793546 37.91140255331993 1729.747202448547 151.1978452578187 234.6804633662105 19.5391787737608 4723.952901236713 57.8773280531168 1.336859680712223 318.8931215181947 55.78472587838769 261.5524164065719 281.1417651772499 71.08153928816319 3.10027738660574 211.8258712515235 177.292360201478 0.7737514302134514 699.0770207755268 195.1229127645493 422.2353677600622 409.4408067688346 973.1407777890563 2.400749325752258 256.7297212332487 12.29977520555258 720.40094435215 4.528352215886116 209.9184168875217 75.39583694934845 569.8373118266463 123.321110881865 296.9640968218446 87.24477671086788 16.999795794487 5.285318158566952 0.1209971979260445 0.8158418536186218 1.92517264932394 1.351873494684696 0 1.448449946939945 29.30993060022593 1.99302626401186 7.288444235920906 3.723753362894058 0.1566582024097443 1.748233236372471 0 2.438390493392944 0.1638292670249939 6.548804588615894 0.4332378953695297 0 0.1622855439782143 2.745226837694645 2.96996171027422 3.491159945726395 2.870688803493977 42.83177939802408 0.1437232792377472 2.410031534731388 14.27685426175594 32.90569522976875 3.111830994486809 9.895298086106777 0 0 0.3142946064472198 1.406696848571301 1.824865311384201 15.91989418119192 0 5.495768271386623 2.266841769218445 0.573007270693779 0.2397868484258652 1.555320501327515 0.1848122626543045
11.2860394269228 801.0740836188197 1.100308053195477 1022.2278040573 190.7298149093986 166.1394864171743 534.0329010337591 37.91140255331993 1005.634298481047 174.6169638484716 71.23838683962822 1007.766602836549 101.3901212140918 28.77319470047951 1554.762434452772 82.130136936903 0.475882925093174 1.039976626634598 2.982738308608532 726.7552979066968 160.9295867085457 1644.447814851999 16.49382776767015 7473.525910936296 180.4601078853011 63.82506730407476 664.1036748215556 1414.844277285039 134.0636549517512 299.7630291953683 20.07108344137669 9.041695237159729 21.56350222229958 61.33662362396717 17.37269280850887 465.0368344858289 31.64405640214682 167.5866745635867 76.46057456731796 430.3736197650433 18.29846812784672 1.423788420855999 6.777534067630768 13.64732297509909 4.030340000987053 0.2709111422300339 146.7402426153421 0.5630564242601395 25.83106278628111 471.3308574259281 26.10255967825651 40.58394145220518 45.36649104207754 2.677235171198845 77.08557456731796 3.314968325197697 31.80369807034731 8.933969274163246 408.7020109668374 0.4697828441858292 0.312930129468441 1.718253932893276 129.8118351399899 284.3792111799121 75.86784387379885 45.42762093991041 1267.48632080853 3.406811594963074 5.749140419065952 6.871268637478352 602.8848228901625 59.5237590521574 257.2711845189333 0.9134073033928871 3.479677483439445 5.709755383431911 20.55056366324425 11.47594247758389 231.9854001179338 7.498659238219261 86.44963919371367 32.13184441626072 75.22346283495426 8.120351493358612 0.3489536046981812 2.630516827106476
9.334456488490105 0.984187975525856 4.572641022503376 4423.481374628842 25.00664109736681 7873.876408472657 2804.489826530218 1729.747202448547 174.6169638484716 18578.09185668826 140.7220004424453 4388.85070027411 17.65497355908155 352.80091496557 54.6397672444582 1.467560559511185 3.875408433377743 52.46393514052033 32.36312866210938 5067.701266780496 7.80385360866785 0.8447604551911354 5.53612295538187 983.2449010312557 2.189931817352772 54.75307556986809 25.34269837290049 6137.795700922608 517.504189170897 5.37127099186182 1.958193950355053 192.1127647012472 13.20267514139414 568.1224682033062 66.75247891247272 1077.252316877246 26.85133072733879 1504.912702642381 338.3997694402933 356.4872187450528 138.9869919717312 9.121761739253998 25.28791461139917 1.364518329501152 0.1002189964056015 0 98.81292580813169 0.8230402767658234 33.42462118715048 171.7857969403267 14.51154962182045 58.71831215918064 44.6348769068718 0.5359723269939423 68.95553690195084 0 5.661896333098412 6.052202150225639 1.978257097303867 0.09058152884244919 0.1848303079605103 0.1227044835686684 111.8182667940855 0.1958040595054626 0.3274543508887291 0.5814331769943237 187.7168557792902 0 1.041604250669479 0.6375539749860764 242.7979411631823 12.78253149241209 5.150293588638306 0 1.336840912699699 0.6643773838877678 5.367663607001305 9.761663757264614 51.60928135365248 0.115032896399498 25.51009410619736 7.705132745206356 42.40568210184574 7.943630427122116 5.603392288088799 2.211655288934708
2.79616017639637 453.5935577079654 20.5446110367775 7.568037688732147 13.04028622061014 71.62829410657287 51.69155912846327 151.1978452578187 71.23838683962822 140.7220004424453 7069.014172583818 93.06192447990179 1270.517461329699 192.6793729886413 10.35505159944296 2.564306259155273 208.9844887033105 2493.349828109145 1363.193166263402 89.20914828032255 14.26259679347277 53.39444028586149 25.96221068501472 43.72585570812225 655.5336270183325 1637.294478487223 1103.309498511255 27.14976502209902 585.158425912261 35.93161859363317 497.3732653707266 230.5573791489005 6.135362610220909 5995.3456088081 19.0311004370451 390.5223734378815 3835.571125634015 4929.834360562265 375.8349988535047 23.54280413687229 53.72035104781389 532.1849940493703 1.422040335834026 0 13.37428271025419 1.539094552397728 0.6918704658746719 0.1774844527244568 0.2435359507799149 1.153583541512489 0.4510952830314636 3.847167916595936 0 513.251491971314 0.615225538611412 990.9091583192348 0.2163149416446686 0 0.2262723743915558 0.1135396808385849 4.989849954843521 3.901233769953251 0 0 5.209384605288506 0 5.498988173902035 356.1927906498313 199.5653592944145 176.4422806352377 2.199815414845943 0.105704165995121 0.09896223992109299 204.8689423799515 0.2560130432248116 0 8.947194829583168 3.139090225100517 10.99601686000824 446.1814691573381 25.7635825574398 3.224413871765137 0.5610641241073608 0 341.827140815556 0
0 8.824897900223732 0.4694299846887589 2183.651316866279 192.7155128195882 2967.264965258539 8.218210034072399 234.6804633662105 1007.766602836549 4388.85070027411 93.06192447990179 6393.887741215527 11.29062456637621 32.5295372158289 1357.175524190068 0.08079603314399719 1.624903202056885 31.71112479269505 18.81768542528152 2427.049395665526 0.1831245347857475 12.35975866019726 0.4860682412981987 333.5896409004927 8.928772032260895 30.30327642709017 17.91440737992525 548.9382963106036 115.9002976864576 0.4043495506048203 1.18838556855917 117.0784940719604 0.8540036529302597 315.5645612925291 4.371984288096428 176.2906921282411 11.92073474824429 484.3390561044216 57.37684240937233 1383.223550900817 39.48721229285002 14.84750892966986 2.432761915028095 0 0.11244897544384 0 72.39453632384539 1.100492835044861 13.65445797890425 7.467510268092155 4.112457364797592 76.75856573134661 17.09434367716312 1.519006013870239 143.5865158587694 0 0 16.49429912865162 0 0 0 0.1526126191020012 102.5832999646664 0 0.7704969048500061 0 53.20024816691875 0.2460305392742157 0.5288179069757462 0.4564291909337044 73.74027750641108 0.5453240424394608 0.2617153823375702 2.428760632872581 0.1641199067234993 0 0.4458986520767212 0 4.43679566681385 0.1087038144469261 5.276813387870789 0.2203677147626877 176.9816995561123 0 0 0.1148778349161148
0.2376764565706253 1671.227079927921 4.948936708271503 0.736619770526886 1.03376255184412 23.36099787801504 7.010923206806183 19.5391787737608 101.3901212140918 17.65497355908155 1270.517461329699 11.29062456637621 2191.510283716023 4.913241319358349 16.10895290970802 12.83397743850946 4.955373346805573 16.30468051880598 4.07001356780529 28.76680769771338 4.748731233179569 187.4689584374428 12.53359354287386 118.7369297146797 4165.190987445414 226.9915951788425 3731.988231517375 14.9023664817214 7.236441612243652 2.368842475116253 964.7627738118172 10.05987796932459 0.39004997164011 714.370824880898 52.93920793384314 1866.548953793943 5107.566457100213 3253.432358935475 624.8884389847517 229.7860199064016 77.05648809671402 752.2801662683487 4.720796786248684 0 30.67305037379265 0.3562666028738022 0 0 0 1.679171144962311 0 2.822143867611885 0 640.3580834418535 0 1459.839098520577 0.1491116285324097 0.1627582907676697 0.5407999902963638 0.3768462091684341 7.998044364154339 1.42923104763031 0 0 4.233662955462933 0.6283523887395859 3.024471610784531 954.9140317961574 317.6675763130188 309.5034338086843 0.7408981323242188 0.1761755347251892 0.418157547712326 323.0468366146088 0.3315631449222565 0 3.502423696219921 12.14052526652813 120.0703315287828 488.5892251953483 36.51139018684626 26.49977421760559 46.33325746655464 0.4935452342033386 169.6012253314257 1.036221504211426
2623.591514699161 2.702559612691402 438.2401318177581 15.43480313569307 3.709224879741669 348.6286733672023 8121.908485777676 4723.952901236713 28.77319470047951 352.80091496557 192.6793729886413 32.5295372158289 4.913241319358349 3678.862037666142 0.8529374822974205 1.285528428852558 303.9281230792403 58.65507330745459 250.858427029103 64.85795250535011 53.53549088537693 2.432275637984276 165.4606881998479 124.6782726719975 0.9767781719565392 509.5477402731776 139.3097952120006 253.2441677600145 1748.589778728783 2728.682707592845 1.323378011584282 383.9353718459606 16.40684339404106 494.1494307368994 1.271265663206577 68.97258360683918 52.16764407604933 349.9708853587508 39.77124772965908 15.20199285447598 3.867012202739716 2.552634879946709 1.366046130657196 0.5231336951255798 1.011194750666618 1.529025919735432 0.9788047149777412 0 0.5595653355121613 19.69206216931343 0.3112222626805305 3.965719252824783 0.7472031265497208 0 0.2281697243452072 0.3315119296312332 1.251275137066841 0.2072963267564774 2.728891931474209 0.3462068885564804 0 0.4847426116466522 1.949076853692532 1.938984654843807 1.723328486084938 0.7679709196090698 22.51414918899536 0.122334286570549 2.055934816598892 13.27124030143023 20.0806435123086 1.494102381169796 2.555975615978241 0.1560588330030441 0 0.3188335075974464 0.260503925383091 1.477121844887733 10.57834109663963 0 4.662803143262863 2.524923905730247 0.3648168444633484 1.06669345498085 0 0.112292654812336
0 42.38054672628641 0.1448603868484497 189.2953180447221 1431.480585664511 1886.217075757682 13.56404888629913 57.8773280531168 1554.762434452772 54.6397672444582 10.35505159944296 1357.175524190068 16.10895290970802 0.8529374822974205 168.6716668754816 0.1438442170619965 0 0.5252109542489052 0.1133804395794868 315.9851561561227 0.2604877948760986 62.77076522260904 0 771.8171786442399 10.20534206926823 5.677792228758335 55.61921342462301 110.429317958653 9.79970870167017 0.3880547806620598 1.25767819583416 279.3409320339561 0.5881782621145248 225.5111401975155 0.1761381924152374 46.25675205886364 5.380625449120998 45.89959477633238 15.70174271613359 775.0610099285841 78.93463948369026 20.46338024735451 0 0 0 0 13.96390306949615 0 1.259728997945786 2.357740640640259 0.09084566682577133 22.87182094156742 1.211343824863434 0 31.21566215157509 0.1413483768701553 0 7.244286388158798 1.011985763907433 0 0 0 22.19904704391956 0.4208362698554993 0 0.3401338756084442 10.25895847380161 0 0.429285392165184 0.5799018740653992 16.90722372382879 0 0.3008215427398682 0 0 0 0 0 1.021785050630569 1.207470178604126 0.6425388604402542 0 74.64552228152752 0 0.1608327329158783 0
0.9116010293364525 113.0770829543471 2.908300094306469 0 0.09640008956193924 1.354721233248711 34.70701102912426 1.336859680712223 82.130136936903 1.467560559511185 2.564306259155273 0.08079603314399719 12.83397743850946 1.285528428852558 0.1438442170619965 2295.745129652321 5.324917815625668 0.6218401491641998 1.543818436563015 0.1737635731697083 3376.39024413377 2197.82703384757 2952.710769921541 2898.840213902295 20.2307328954339 17.36725563555956 3977.373550981283 1507.999949634075 7.523939117789268 134.2407542094588 1.534356296062469 0.8802980929613113 0.8039881363511086 48.84974452853203 74.00895576179028 2762.859954439104 837.0121006146073 633.9942192211747 838.448461741209 77.8270288258791 0.8450722545385361 5.043073289096355 19.04359833151102 0.9455833435058594 2.528840996325016 0.7222137898206711 0 0 1.312086969614029 40.61281235516071 0.6524929255247116 0.7708292603492737 1.582470640540123 0.1846513375639915 0 0.4798399358987808 2.778283104300499 0 2640.683095470071 0.4497716873884201 1.150924809277058 0.4534553289413452 0.899596095085144 191.5561957061291 955.8929179906845 1092.723815500736 84.1523240879178 0.1456944644451141 2.462393373250961 467.4972082078457 73.39278219640255 2.518513455986977 62.87547931075096 0 0.08600398898124695 0 1.548917569220066 27.31291022896767 39.81512121856213 5.031456209719181 8.627527356147766 7.916994296014309 2.556679725646973 0 0 0
52.85907059162855 30.4900077059865 7381.986925661564 0 0.5390439629554749 30.81083936989307 144.7270620018244 318.8931215181947 0.475882925093174 3.875408433377743 208.9844887033105 1.624903202056885 4.955373346805573 303.9281230792403 0 5.324917815625668 1063.101096265018 150.8851552829146 3296.210543178022 1.561488702893257 1338.646277345717 1.721986524760723 2845.2671629861 4.798717170953751 5.240507446229458 2743.625318817794 3805.006854243577 26.56779128313065 458.2994994446635 1898.666696980596 0.1818799898028374 26.27766960859299 26.52102684229612 2233.327343799174 1.893720261752605 93.42396505177021 1310.019907481968 683.1559719964862 77.90679701417685 3.915789425373077 2.035206861793995 33.11665545403957 0.6799751445651054 0 44.22894192487001 116.3004388213158 0 0 0 3.728656783699989 0.4803636446595192 0.7665250450372696 0 0.197640061378479 0 0.6158140823245049 0.4062162339687347 0 3.235483042895794 36.71825897693634 1.774661146104336 15.26718626916409 0 0.8622359111905098 2.945372752845287 2.722617395222187 2.356969349086285 1.041257739067078 124.732221737504 331.2411984875798 0.7145215943455696 0.1638827621936798 1.20778352022171 0.3271370381116867 0 0 7.192803449928761 0.3159915208816528 5.954684473574162 3.282776162028313 22.34101634472609 4.158050566911697 0.4911470115184784 0 0 0
5.431348405778408 5.433879606425762 19.70208835601807 2.614882364869118 0.7928021922707558 18.28632312268019 23.82473776862025 55.78472587838769 1.039976626634598 52.46393514052033 2493.349828109145 31.71112479269505 16.30468051880598 58.65507330745459 0.5252109542489052 0.6218401491641998 150.8851552829146 89.17646528035402 1293.863336727023 28.12862695008516 24.70055666565895 0 26.75333062559366 6.215023055672646 6.198745377361774 639.422565985471 193.2547976374626 12.16799598932266 147.4209706187248 48.8099357187748 19.56391355395317 27.17541774362326 8.607984997332096 1092.973263517022 9.06225099414587 339.1009007096291 859.2999697998166 1866.235912591219 353.6435087174177 4.615620978176594 1.209508575499058 10.64383514970541 1.459129802882671 0 6.488245949149132 0.4201420545578003 0.2442326843738556 0 0 0.6484411284327507 0 0.08861467987298965 0 11.7065097540617 0 33.17210181057453 0 0 0.1501318365335464 2.254300646483898 1.788303583860397 4.890207022428513 0 0 0.08611838519573212 0.1459985673427582 1.052365183830261 6.332242891192436 95.276357203722 110.1707421168685 0.5713945850729942 0 0.283049076795578 28.10271228849888 0 0 0.4078296273946762 1.485191941261292 1.871599353849888 1.246379420161247 0.8980884402990341 0.5834878087043762 0.2210015952587128 0 0 0
42.09989388287067 116.8968125656247 244.9711873307824 2.025276310741901 0.08303820341825485 32.7735699377954 45.71287047117949 261.5524164065719 2.982738308608532 32.36312866210938 1363.193166263402 18.81768542528152 4.07001356780529 250.858427029103 0.1133804395794868 1.543818436563015 3296.210543178022 1293.863336727023 3416.584530241787 17.08054371923208 139.147857375443 1.436680138111115 372.9343836680055 5.969103276729584 36.0430473536253 2567.119139298797 670.6392642855644 10.68389596045017 483.103168874979 399.5507527962327 1.144469365477562 32.97731953859329 50.92799400538206 2973.070118688047 6.666812613606453 418.2248300388455 1182.575980745256 2523.017109818757 487.2091512084007 3.328711122274399 1.576079770922661 18.53622227162123 1.859768442809582 0.2455113306641579 146.1814160868526 23.98447427153587 0.08728062361478806 0 0.1106064543128014 1.202217392623425 0.2574600502848625 0.2649257257580757 0.08954567462205887 1.546605423092842 0 2.405801266431808 0.7217536717653275 0 1.065476812422276 70.17480660229921 7.27151982486248 75.63067018985748 0 0.8352465033531189 0.8140173256397247 1.340828329324722 2.931570917367935 7.131967514753342 514.3716354742646 612.8939107581973 1.319564796984196 0.5855933278799057 0.6564295217394829 1.410635590553284 0.2025668323040009 0 14.20793196558952 2.441973470151424 22.02496922016144 16.34413349628448 38.01072222739458 15.25869436562061 0.5104274302721024 0 0.1518550515174866 0.3308932781219482
0.2194872125983238 1.050648368895054 0.4501178786158562 5182.062436208129 34.88173884153366 822.9907339960337 59.34048270434141 281.1417651772499 726.7552979066968 5067.701266780496 89.20914828032255 2427.049395665526 28.76680769771338 64.85795250535011 315.9851561561227 0.1737635731697083 1.561488702893257 28.12862695008516 17.08054371923208 615.3658361509442 0.2228926494717598 0.9626369401812553 1.032992757856846 681.4129619896412 11.51423089206219 28.20536553859711 12.88828540593386 3329.377035886049 256.5542509555817 1.146600089967251 0.8755643963813782 104.1705673858523 6.643060803413391 306.8426945246756 48.59607326239347 896.9343682080507 25.27158080041409 816.7253120616078 215.2800396829844 544.420159317553 90.70203103125095 16.29902523756027 27.10374465584755 2.736280344426632 0 0.1518462747335434 291.5592690706253 2.535313129425049 73.51165509223938 340.3785693272948 31.65208468586206 149.4967333972454 144.7012791484594 3.648221656680107 267.8813666030765 0.2172804325819016 8.015337608754635 17.41031961143017 0.5337980985641479 0.1867239326238632 0.3464156538248062 0.3935195952653885 378.782743409276 0.218842476606369 0 0 427.7891592979431 0 0.6825265660881996 0.4308298602700233 552.7506738379598 15.06589536368847 7.42715709656477 0 1.584004454314709 1.08534200489521 9.998368941247463 7.028809174895287 88.17866807430983 0.1161810383200645 38.48493229597807 25.58009088039398 229.0941476821899 8.446755841374397 5.110174268484116 0
6.511522255837917 8.856929495930672 698.9887810051441 0 0.1542933583259583 18.41077610850334 1095.110818274319 71.08153928816319 160.9295867085457 7.80385360866785 14.26259679347277 0.1831245347857475 4.748731233179569 53.53549088537693 0.2604877948760986 3376.39024413377 1338.646277345717 24.70055666565895 139.147857375443 0.2228926494717598 11092.11413952708 221.680173613131 9539.541396766901 745.4358926936984 3.864953674376011 92.14068840444088 1600.247360602021 5989.534255132079 83.15993145853281 10243.71028140932 0.1140783354640007 5.491120263934135 9.51196227222681 2930.801568388939 170.6314470618963 5262.155080996454 531.9639528542757 6041.879388593137 2555.517560146749 130.3106124922633 6.189970567822456 8.192202746868134 46.48405361920595 1.110881492495537 1.158332824707031 2.402499683201313 0 0 1.02679967880249 10.46684178709984 1.777451634407043 2.358581021428108 1.352908611297607 0.09700273722410202 0 0 2.337011694908142 3.337627410888672 590.2770661264658 1.784220114350319 0 0.3581464737653732 1.367103457450867 250.0963869541883 172.6221166625619 148.0916461870074 105.074942946434 0.1433872133493423 1.560308389365673 35.36178275942802 60.51680527627468 5.151603281497955 138.3027684465051 0 0.09589508920907974 0.1899619996547699 2.794654972851276 36.35818874835968 45.72819489985704 2.820693269371986 9.433744519948959 5.952218495309353 5.588338539004326 0.09238079190254211 3.334277093410492 0
0.6527367383241653 1708.219622462988 26.28981485962868 0 3.784912757575512 1.622415162622929 28.40704172849655 3.10027738660574 1644.447814851999 0.8447604551911354 53.39444028586149 12.35975866019726 187.4689584374428 2.432275637984276 62.77076522260904 2197.82703384757 1.721986524760723 0 1.436680138111115 0.9626369401812553 221.680173613131 498.6439048051834 268.2018552646041 4715.383268564939 360.2094668969512 71.89077065140009 2906.534408174455 224.9268477708101 6.467609770596027 38.25981067866087 33.22173865139484 0.2035557255148888 2.136069975793362 6.315158568322659 0.6446217745542526 77.94524405896664 43.28874643146992 26.68171216547489 14.31114781647921 19.84347385168076 0.4081792682409286 4.117431059479713 0.2225600630044937 0.4542372077703476 5.247656300663948 65.56599923968315 1.070291370153427 0.1039624884724617 0.100474089384079 20.74984769523144 0.972628727555275 7.110114194452763 0.1507923901081085 3.206792153418064 0.1171227023005486 4.846767023205757 1.073660522699356 0 1547.20455494523 3.23260834813118 0.2310614064335823 0.4112854599952698 0.9991058558225632 110.9217767342925 340.6891264691949 566.1564024165273 52.45216935873032 5.174510009586811 5.420742258429527 1445.591238617897 38.20007653534412 0.6415459811687469 15.02687933295965 1.922126047313213 0.5231265425682068 0 3.95442059636116 2.342661410570145 42.4127824306488 7.927782341837883 19.55225545167923 10.4987850189209 1.784644141793251 0.7302036881446838 0.357326976954937 0
18.53525415807962 9.268805824220181 8803.305347949266 0.3300182819366455 1.002534717321396 29.3235357478261 984.8758816197515 211.8258712515235 16.49382776767015 5.53612295538187 25.96221068501472 0.4860682412981987 12.53359354287386 165.4606881998479 0 2952.710769921541 2845.2671629861 26.75333062559366 372.9343836680055 1.032992757856846 9539.541396766901 268.2018552646041 12775.70426424593 304.3433876261115 3.558972902595997 1816.74212179333 5978.088639348745 1986.006353773177 79.04600613564253 4853.65950614959 1.530207380652428 9.353983797132969 4.374296739697456 2380.787732750177 355.3692912757397 8255.853226095438 4258.908371783793 8704.880724966526 5983.837053820491 379.1858101710677 13.25997111946344 19.99307246506214 81.64873027801514 0.3491635620594025 5.326203085482121 25.75514177978039 0 0 0.4012217074632645 27.3074736148119 0.7735941633582115 0.1979071050882339 0.1753610521554947 0 0 0.4196819663047791 0.9609907269477844 0 1128.267530031502 3.576774954795837 0.091853067278862 1.857131741940975 0 52.91630752384663 410.3411941304803 581.0217426195741 34.78309962898493 0.2963852137327194 16.67872945964336 680.2576312944293 37.06127262860537 0.9291360378265381 15.47652398049831 0.1846105754375458 0 0.1099958717823029 1.591471597552299 152.2613968625665 65.94694042205811 5.084563851356506 15.69356866925955 18.35070130228996 2.520630091428757 0.1855639964342117 1.301207885146141 0
25.96759088337421 1037.66995999217 4.728246502578259 2590.718520104885 46.03380911052227 392.8983370065689 2630.134914252907 177.292360201478 7473.525910936296 983.2449010312557 43.72585570812225 333.5896409004927 118.7369297146797 124.6782726719975 771.8171786442399 2898.840213902295 4.798717170953751 6.215023055672646 5.969103276729584 681.4129619896412 745.4358926936984 4715.383268564939 304.3433876261115 4940.451893121004 210.5871322378516 77.56533086299896 2653.91681946069 6914.88011790067 592.1237365081906 989.2229893878102 19.31551261246204 42.61980977654457 102.0680765360594 243.1389294043183 76.28090991079807 2637.188584819436 154.739736199379 1024.365195222199 488.6928045973182 302.8174356073141 53.2706087231636 4.421956762671471 34.80276171118021 13.29113956540823 4.872942745685577 0.9625403881072998 201.8502022027969 0.6081594675779343 47.44592710584402 451.6442212164402 36.03350475430489 384.1985118836164 98.93505463004112 3.667179234325886 132.1243520528078 3.200259484350681 46.40626179426908 8.310905180871487 520.1451620236039 1.173262491822243 1.362580817192793 2.022975280880928 228.9814556613564 241.6368039175868 180.9211878180504 115.8117128312588 1240.675735324621 2.225953534245491 9.656203635036945 55.74931376427412 894.7850677371025 62.49760776758194 325.8794951215386 1.164855740964413 2.146530993282795 4.384589955210686 30.26557078957558 29.5782527923584 278.4222044572234 6.393011696636677 102.3723419606686 39.63564684987068 117.2238031923771 8.244849644601345 7.896297819912434 3.588957265019417
0.1053955107927322 1500.261308968067 2.081005744636059 0 0.5398159325122833 1.659541182219982 2.695544674992561 0.7737514302134514 180.4601078853011 2.189931817352772 655.5336270183325 8.928772032260895 4165.190987445414 0.9767781719565392 10.20534206926823 20.2307328954339 5.240507446229458 6.198745377361774 36.0430473536253 11.51423089206219 3.864953674376011 360.2094668969512 3.558972902595997 210.5871322378516 192.4154380559921 897.682677641511 2847.27355222404 16.73709832131863 4.799738332629204 1.125213265419006 719.0059442818165 0.5333452224731445 0.2285107746720314 150.5616806074977 2.171035602688789 1056.884812511504 668.2055994719267 1113.987302340567 255.4538166299462 262.8421653285623 36.72552575170994 550.8874231278896 9.004153519868851 0 27.59476116299629 1.112740471959114 0.4264194890856743 0 0 0.09760903567075729 0 0.8134664669632912 0 128.3035772293806 0 404.9499554783106 0 0 1.961027346551418 0.4818678945302963 1.804381214082241 3.67032890021801 2.960207268595695 0 1.026894606649876 0.9397432655096054 2.84118690341711 168.9781465530396 198.1589343398809 467.6967053338885 0.9285575971007347 0.4424926340579987 0.3236732184886932 76.29789541661739 0 0 2.046868428587914 0 241.2909350395203 55.68252448737621 12.67692683637142 2.613001137971878 99.37371134757996 0 38.78547611087561 0
56.45580292493105 881.7639188766479 8059.738398931921 2.050967343151569 1.692789748311043 94.84176525101066 620.9463500380516 699.0770207755268 63.82506730407476 54.75307556986809 1637.294478487223 30.30327642709017 226.9915951788425 509.5477402731776 5.677792228758335 17.36725563555956 2743.625318817794 639.422565985471 2567.119139298797 28.20536553859711 92.14068840444088 71.89077065140009 1816.74212179333 77.56533086299896 897.682677641511 19303.23149878904 12207.21921391785 118.291924931109 468.5072756670415 813.7085672691464 435.3753487169743 57.55567444488406 29.60874186456203 1623.678951594979 28.12873784452677 1534.600570186973 5414.877337470651 4317.529118064791 1177.834153868258 31.13719657808542 6.978290259838104 119.8092546090484 4.977263659238815 0.3925411403179169 834.011630602181 200.6950576603413 0.09844864904880524 0.2288100272417068 0.08498707413673401 7.539066724479198 1.278636656701565 2.817797370254993 0.4617415368556976 243.8799251317978 0.08905167877674103 907.9073295071721 3.180476732552052 0.2445830106735229 8.167460165917873 202.8621810302138 48.31772790849209 352.0535638555884 0.2118758484721184 1.116627000272274 12.03236529231071 12.08683261275291 9.264559675008059 504.2256184741855 3355.17457613349 4503.09244094044 3.658618703484535 0.9515309035778046 5.085542477667332 466.3328325822949 0.2505371198058128 0 47.32659702003002 9.950517065823078 80.56498917192221 89.71729668974876 126.1215592473745 47.00793065875769 2.405465483665466 0 2.301357105374336 0.3522140681743622
13.45448506623507 4705.877626515925 6963.177334144711 0.8082157596945763 3.317375086247921 50.40465961396694 837.7573168352246 195.1229127645493 664.1036748215556 25.34269837290049 1103.309498511255 17.91440737992525 3731.988231517375 139.3097952120006 55.61921342462301 3977.373550981283 3805.006854243577 193.2547976374626 670.6392642855644 12.88828540593386 1600.247360602021 2906.534408174455 5978.088639348745 2653.91681946069 2847.27355222404 12207.21921391785 25214.40618964285 1846.812969423831 205.7898444011807 423.6689323112369 1643.057644531131 15.67569862306118 26.52016744762659 2715.73627435416 223.6080982387066 6334.422560460865 7686.039563238621 10402.15581445396 3888.226977340877 199.5464569106698 17.51357625424862 73.06442046165466 44.1388091519475 0.7327216938138008 2762.024777926505 1925.917691290379 1.224537789821625 0.1049130633473396 1.787228606641293 84.28224654495716 4.836337745189667 12.27801860123873 0.5152777880430222 103.5214700326324 1.367994695901871 485.2329605072737 7.17529558390379 0.3814725875854492 896.8713827431202 412.9080506414175 44.92627654224634 285.3215681090951 1.381714358925819 35.50254781544209 1558.067364186049 994.9125482961535 82.07214616984129 661.5583995655179 3369.733893021941 13365.13226568699 77.07848288118839 2.62059760838747 25.51229652017355 288.5858631059527 0.1094908490777016 0.4854199588298798 95.15203107148409 110.7009862363338 291.5041789412498 137.3989660665393 339.4610220789909 139.3250322267413 15.16220115125179 1.384477719664574 4.510997250676155 1.414637610316277
26.46207077801228 51.62506104260683 216.1110116094351 1054.587060518563 13.62703146785498 1030.46601407975 14261.0265674293 422.2353677600622 1414.844277285039 6137.795700922608 27.14976502209902 548.9382963106036 14.9023664817214 253.2441677600145 110.429317958653 1507.999949634075 26.56779128313065 12.16799598932266 10.68389596045017 3329.377035886049 5989.534255132079 224.9268477708101 1986.006353773177 6914.88011790067 16.73709832131863 118.291924931109 1846.812969423831 10397.98184552044 854.2117825746536 3059.541255891323 1.435552828013897 72.18946366012096 206.5499603748322 875.7239051610231 109.3498807922006 3094.364663235843 210.4033221751451 2359.808034911752 948.6572333946824 178.1667577475309 56.15022008121014 8.731702089309692 38.46662140637636 15.72174618393183 3.17211390286684 4.305710203945637 200.4850165843964 1.012826323509216 52.87111083418131 477.8119453564286 47.50294703245163 235.0492203384638 91.91931584477425 2.601220972836018 132.6238804832101 0.6387699171900749 40.27878244966269 6.526954308152199 213.5216680243611 1.109524980187416 0.6365242227911949 1.409710757434368 201.5218365117908 131.9002896398306 73.35567463189363 57.98185380548239 1056.118547186255 0.1272451281547546 10.61527574807405 70.61476000398397 847.0350476279855 62.25878892093897 212.245456315577 0.1821590512990952 3.225132115185261 5.102831326425076 26.3470122590661 25.6454791277647 238.5687856674194 3.246004536747932 99.48061770945787 36.30340481549501 91.94713208079338 7.055790446698666 3.642303116619587 3.149074517190456
