2578.20159227401 0 212.5998575538397 0.6191865280270576 0.5478300824761391 37.24568644165993 2157.966879792511 1050.481349997222 3.176842086017132 11.78773625940084 13.65476981550455 2.044935464859009 0.5752039700746536 5191.961448900402 0 1.206785149872303 183.6148399040103 12.1365225687623 27.77182963490486 0.7083077505230904 37.52015092968941 1.402439780533314 191.3099828884006 16.08542387187481 0.12528295814991 46.13929580897093 23.82159293442965 22.97621489316225 3503.510394088924 3677.419235810637 0 40.01369777321815 117.5812851786613 164.6216557845473 1.343959830701351 38.39135740697384 8.345483526587486 78.99685353785753 9.6539216786623 1.788242854177952 3.370953686535358 0.8947013318538666 0.14622662961483 1.104822069406509 0 0.1824967563152313 0 0 0 0.7060353234410286 0.3020617365837097 1.087895683944225 0.361259363591671 0 0 0 0 0 0.4518254846334457 0 0 0 0 0 0.3316320404410362 0.3687420785427094 2.7649956792593 0 0.1432138532400131 0.710434190928936 7.063441470265388 0.8592453375458717 0.1319242566823959 0 0 0 0 0 1.665703378617764 0 0.8277086392045021 0 2.303299814462662 0.523700475692749 0 0
0 100.6225847005844 2.100684128701687 0 0.2051974236965179 0.1051532775163651 4.19152357429266 1.087449535727501 638.0370130091906 0.5782831087708473 58.73224879056215 4.832323312759399 863.3513335809112 0.4511376023292542 5.675741389393806 174.0386333540082 8.707834646105766 3.59560190141201 1.68113274872303 0.1134578958153725 24.64994122087955 2557.034798502922 12.45854620635509 790.3045934140682 1790.786764554679 92.41465089470148 3802.840995587409 58.72340060025454 2.177291192114353 1.441536098718643 36.87094432860613 0.09084337949752808 0 2.638516500592232 0.1281057745218277 14.45430526137352 41.07690957188606 20.919527746737 7.430766306817532 11.09602188318968 0 162.7306513339281 0 0 153.1284011751413 42.76280811429024 0 0 0.1416063755750656 2.013127781450748 0.1114973127841949 10.6583704277873 0.1165248230099678 9.677035763859749 0.1411471217870712 35.75213336199522 0.2344300746917725 0 25.85043829679489 2.480179339647293 1.001549810171127 3.399704404175282 0 1.491931736469269 159.6530552878976 22.49087338894606 10.57435397058725 28.62011815607548 120.4707727432251 3403.481669694185 5.434745937585831 0.2359444424510002 0.4197389930486679 6.932589076459408 0 0 2.850541643798351 0 9.472686909139156 23.5720554292202 10.22913880646229 2.568434707820415 0.3416805863380432 0 4.727071195840836 0
212.5998575538397 2.100684128701687 8824.745547957718 0.4839700683951378 0.5953313857316971 31.11811669915915 1828.148984014988 1353.839984893799 5.036957576870918 92.68282014876604 75.23615726083517 2.903534717857838 8.181114166975021 918.2507613301277 0.1027465909719467 4.345858342945576 8067.170577347279 216.668477319181 356.1067037805915 0.9956021457910538 1575.388056129217 1.906353272497654 15762.78733153641 63.16490571945906 0 9850.85117650032 8469.776183240116 243.6992618665099 267.6454241350293 1130.136947318912 0.3370551466941833 13.65459393709898 11.24339202046394 1834.720833539963 19.05666705220938 1706.513647742569 2839.604361914098 4467.434699907899 967.5846589356661 104.7583341822028 8.212740913033485 35.42239078134298 9.638351067900658 1.032831601798534 26.86475995928049 79.86337606608868 0 0 0 4.94373694062233 0.1158447787165642 2.036702029407024 0.6816357895731926 0.3630586341023445 0.1673611998558044 0 1.217203140258789 0 20.06851013749838 4.437458708882332 0 3.342396259307861 0 3.07515000551939 28.89890827983618 26.36517007648945 11.20066083967686 0.8287226930260658 96.32373005896807 1729.936504513025 20.23827950656414 2.79962120205164 4.460941210389137 0.4221189916133881 0 0 2.864305846393108 4.882298618555069 11.4821609929204 10.19388877600431 11.35791861265898 5.549365252256393 2.025524646043777 0.2157735675573349 0 0
0.6191865280270576 0 0.4839700683951378 3428.74193828553 5.097203277051449 190.1868861168623 23.9084287583828 82.39974006265402 293.1366625726223 2062.531139522791 8.019570462405682 5044.550298027694 2.382930755615234 49.01457991451025 100.2535392045975 0 0.3411856815218925 0.2533512189984322 0 4244.083662480116 0 0.2125193849205971 0.3178836330771446 2572.247657358646 0 0.6050257012248039 1.083446137607098 6201.09837346524 57.97300423681736 0.3184345960617065 0 36.88169082254171 1.746414601802826 56.63561900705099 0 110.0756780281663 3.098296888172626 79.03044317662716 9.874268174171448 297.3775833621621 14.35179515182972 0.26998320966959 0.2233566492795944 0.1008223444223404 0.7141276970505714 0 62.78017097711563 0.4465568661689758 4.785435825586319 48.42035503685474 1.954950086772442 90.30403584986925 160.83182695508 0 56.90205898880959 0 1.927921950817108 9.557857736945152 0.2522733733057976 0 0 0 31.53456562012434 0 3.342200696468353 0 82.25431492179632 0.126334473490715 0 0.3500874787569046 271.2909244969487 1.350825674831867 0 0.2807025611400604 0.2039524018764496 0.1152535229921341 0.588660903275013 0 27.58142657577991 0.2239364832639694 2.116683483123779 0.9811941832304001 48.22829273343086 0 0 0
0.5478300824761391 0.2051974236965179 0.5953313857316971 5.097203277051449 135.9280566722155 1411.087028287351 5.238857306540012 43.82904036343098 53.33958822488785 13.7965791746974 7.531166426837444 198.0771795138717 11.99062952399254 4.816595532000065 1659.696769349277 0 0.3501072451472282 0 0 10.46588903665543 0.1130357831716537 1.335114330053329 0.2205219715833664 27.43583048135042 0.676650732755661 0.638292133808136 0.7785650566220284 8.390240766108036 5.288070172071457 1.047836750745773 0 158.3304018676281 0 54.39034540951252 2.128755763173103 47.24450047314167 4.381849721074104 93.87145290523767 13.96881932020187 2818.393621362746 84.15105060487986 1.542304262518883 4.364631578326225 0 0 0 0.1024590879678726 0 0.1949775218963623 0.5730197429656982 0 0.3781686425209045 0 0 0.6408233046531677 0 0.1084593757987022 0.403408944606781 0 0 0 0 0 0 0 0 1.209182992577553 0 0.241127610206604 0 3.474099859595299 0 0 0 0 0 0 0 0.9924515634775162 0 0 0 0.5913659110665321 0 0 0
37.24568644165993 0.1051532775163651 31.11811669915915 190.1868861168623 1411.087028287351 17036.0950357765 1597.080874741077 6636.258013062179 141.5147874653339 10404.01240940392 134.5250079929829 3793.031604155898 64.6080814525485 630.5845601335168 3586.462909862399 0.4167458117008209 15.55154937505722 4.547248803079128 3.697664283216 523.8540196865797 4.198130413889885 0.6240039095282555 16.68596574664116 284.5513002797961 2.314295910298824 16.23468243330717 12.2231318205595 1154.349932231009 679.5884803980589 32.07273929566145 0.9090694189071655 632.3733894228935 9.549896836280823 579.5617212727666 5.89527653157711 711.8906369358301 44.72101058065891 837.613483607769 113.1365639194846 4963.34902985394 425.6815497949719 22.2737335935235 26.53548591583967 1.610997997224331 0.9555601477622986 0 8.3276057690382 0.3825184553861618 12.17450328171253 93.89388770610094 9.339533671736717 54.17134136706591 106.3619565591216 0.3660709112882614 28.34358748793602 0.2472032457590103 5.664127856492996 4.473586186766624 2.055173315107822 0 0 0 13.16611412912607 0 6.757974125444889 0.3868719488382339 49.00666054338217 0 0.1602575778961182 3.137488663196564 217.4282520189881 4.063073754310608 2.069127142429352 0 0.3779014497995377 0.6027167290449142 1.13808611780405 1.613235622644424 16.33254506438971 0.1158010885119438 4.566114515066147 2.10133708268404 24.24572593718767 0.2939209043979645 0.1185754388570786 0
2157.966879792511 4.19152357429266 1828.148984014988 23.9084287583828 5.238857306540012 1597.080874741077 23791.20660644025 4356.066643416882 503.2628568634391 7859.912844978273 38.22861281037331 70.74421742558479 9.952610500156879 6838.935242280364 25.08704093843699 36.38265345990658 151.0964811071754 14.78208219259977 15.29243593662977 33.17683057487011 1184.799869731069 18.7349029108882 1514.768926948309 1054.724815398455 1.110511243343353 228.7811327055097 523.466502673924 17921.82836087793 1741.201432257891 5049.9561239779 0.5000558793544769 88.83916148543358 296.5108631998301 747.4072544723749 35.87861544638872 1523.298288553953 124.9670174196362 1441.930239453912 476.9879333153367 184.4199250638485 119.6835693120956 5.623644314706326 26.53763449192047 3.12950686365366 4.280808039009571 1.537354290485382 11.32820987701416 0 16.79139852523804 271.8719487637281 30.09315759688616 137.8181115910411 123.9335805103183 1.377309441566467 16.79627350717783 0.2154563441872597 23.92659597843885 2.734207853674889 29.75846164673567 0.2371953576803207 0.1092111468315125 0.2218759879469872 19.32801223546267 2.038636803627014 20.10965862125158 8.17081980407238 168.146177276969 0.4132471904158592 2.555022768676281 47.31672320514917 502.9639841839671 19.85322068631649 15.79489902406931 0 0.684058390557766 1.036002986133099 8.569453626871109 12.37027562409639 66.97808670252562 1.188374429941177 35.71013786643744 11.78256085515022 49.06798874586821 1.250380121171474 0.3065459430217743 0
1050.481349997222 1.087449535727501 1353.839984893799 82.39974006265402 43.82904036343098 6636.258013062179 4356.066643416882 10539.29941745102 214.3348865881562 3694.623049005866 61.23204594105482 808.5790787935257 17.2875382900238 7630.64458630234 107.4321752339602 2.862834721803665 586.0988276451826 41.30382694303989 100.7572830095887 272.8371776491404 191.9853093773127 2.57762610912323 660.3198822513223 542.0852606371045 0.451829731464386 235.2087180987 144.9150999486446 559.1850725114346 636.3758555501699 1481.573765732348 0.09806177765130997 425.8873092755675 7.566236555576324 417.3026949688792 3.351250343024731 263.9662164822221 54.12673085927963 421.1432661861181 57.81415838748217 538.2781574949622 58.65685560554266 6.261758029460907 8.15659087151289 5.982327722012997 0.8429091721773148 0.2700493335723877 15.59504191577435 0.1237809136509895 14.92902993410826 323.5218718349934 30.06662499159575 104.8352013528347 207.5420725792646 0.3717887699604034 26.57837380468845 0.4625357687473297 29.35190010070801 3.005350261926651 12.72441149502993 0 0 0 24.2059046626091 0.3259994611144066 8.658539347350597 1.171733677387238 160.7357593849301 0.1598683595657349 1.20906525850296 14.26518625020981 514.1456978172064 21.89576148986816 10.72096371650696 0 0.4922071546316147 1.419815801084042 7.917094945907593 0.9805532395839691 47.46599598228931 0.6543066874146461 28.63801689445972 9.286235339939594 45.7237129509449 3.587405622005463 0.1294718384742737 0.7470340728759766
3.176842086017132 638.0370130091906 5.036957576870918 293.1366625726223 53.33958822488785 141.5147874653339 503.2628568634391 214.3348865881562 1591.395875953138 584.5331002026796 9.476708747446537 272.5599586218596 37.82627721130848 36.86563362181187 372.2582736611366 77.46457836031914 3.70829651504755 0.8706751689314842 0.439720518887043 295.673930734396 37.53524708747864 3361.476022735238 22.13066540658474 9067.388744138181 77.704589612782 8.954902164638042 524.9093992114067 2917.895318999887 73.99954517930746 56.97311767190695 2.961823545396328 16.52624762058258 12.21946249902248 56.41042195260525 4.257757395505905 157.0071579068899 11.56363098323345 103.7644619867206 21.27329356223345 297.7347413226962 20.45985724776983 3.483815997838974 0.9975151419639587 8.214997828006744 12.4697475284338 1.535367578268051 21.35920949280262 0.7282242476940155 13.34294880181551 255.0316823422909 21.64528346806765 204.0849479213357 125.0605124682188 2.793896220624447 43.889250010252 2.46417049318552 20.0927567332983 3.984702706336975 206.7944410517812 0.3516163006424904 0.1179841011762619 0.4462505802512169 20.62907025963068 50.50258313119411 247.5628936141729 6.99712710827589 815.8035826459527 3.466426461935043 4.750019930303097 61.6900719627738 966.0740122720599 41.74558618664742 49.5188946723938 0.537950374186039 1.596872411668301 6.330246828496456 11.61464085429907 0.150696650147438 61.97033394128084 4.076956443488598 37.17019730061293 13.47336477786303 42.43955136835575 4.334281913936138 0 0
11.78773625940084 0.5782831087708473 92.68282014876604 2062.531139522791 13.7965791746974 10404.01240940392 7859.912844978273 3694.623049005866 584.5331002026796 38861.05170158297 82.21224858611822 3077.373597674072 13.82989379018545 875.4782650470734 56.64650988578796 2.103157266974449 12.0614456012845 5.919472493231297 2.91715595126152 5802.359254255891 23.05555845797062 1.377460017800331 48.60460250079632 1275.551141656935 0.8446421250700951 24.94851037114859 34.60348946601152 8695.317129231989 1081.148175783455 13.84665837883949 0.3435331657528877 228.3666560649872 54.35762949287891 685.7346245348454 16.42327933013439 1003.189531907439 52.18813195079565 1224.193783685565 214.9900928363204 307.741995871067 204.6227835044265 5.722794406116009 14.02903705090284 1.278172358870506 4.474144384264946 0.5324598923325539 43.79485230147839 0.1669377088546753 31.4564917460084 432.8796653673053 38.46652553975582 240.2996975257993 461.4117139428854 1.113397605717182 81.460124976933 2.089326903223991 32.55641120672226 10.39363373816013 6.840494967997074 0 0 0 67.42052766680717 0 21.23665122687817 0.5130992904305458 195.9034117534757 0.2352693155407906 0.2718761637806892 7.069306418299675 906.8783239126205 19.10248248279095 4.326290592551231 0 0.6343926414847374 1.753137417137623 7.745597541332245 5.81682662665844 40.81176184117794 0.5606282651424408 19.73025842010975 6.091315187513828 84.15469355881214 0.6869391649961472 0.2854667901992798 0.1499380171298981
13.65476981550455 58.73224879056215 75.23615726083517 8.019570462405682 7.531166426837444 134.5250079929829 38.22861281037331 61.23204594105482 9.476708747446537 82.21224858611822 11860.70626679808 84.88391479104757 2305.574908405542 32.53453288972378 2.28909157961607 0.9235733151435852 823.7450432851911 3132.044406160712 1065.093703307211 32.8549727872014 8.792966946959496 16.52243199199438 51.90650314092636 35.92299116402864 637.7747913748026 3000.973912633955 1210.862880513072 33.35240766406059 198.4765097871423 18.1381976082921 470.7912689819932 276.535777322948 3.598696835339069 6345.099184818566 11.74546383321285 1053.476941816509 6562.332122094929 5965.7853814587 1356.167878307402 135.7610752955079 182.2940032109618 1875.349645584822 12.17146583646536 0 9.778085432946682 0.3137650117278099 0 0 0.2413815557956696 7.013969369232655 0.3340684771537781 2.117393352091312 0.6045452952384949 412.504007153213 0.1688946187496185 1237.212996460497 0.236143447458744 0 1.404110230505466 0.1351633667945862 4.998893551528454 3.669257842004299 0.5865844488143921 0 1.938089527189732 0.4114859700202942 6.972677491605282 229.3546926900744 94.04337957501411 229.7529805675149 11.97492463886738 0.0833982527256012 0.1027330830693245 108.1703553646803 0.1928606405854225 0 24.88345390558243 16.17863020300865 12.29104030132294 199.3140607774258 21.68036215752363 5.529664993286133 1.35016630589962 0 261.2242906093597 1.360836863517761
2.044935464859009 4.832323312759399 2.903534717857838 5044.550298027694 198.0771795138717 3793.031604155898 70.74421742558479 808.5790787935257 272.5599586218596 3077.373597674072 84.88391479104757 10327.1406288594 21.69466745108366 390.9581542685628 2451.300165623426 0.7950478941202164 0.6766222417354584 2.987442769110203 0.8697146326303482 5089.351491123438 0.7848349288105965 21.57694686949253 2.873797990381718 2398.83438937366 1.864277511835098 6.91484172642231 9.393391460180283 1461.97483150661 409.8997230306268 3.086327746510506 0.547623910009861 305.6722765788436 2.989295892417431 354.2837624400854 3.394817978143692 784.6566525772214 35.59988117218018 509.5778942480683 51.54005558043718 2760.107281886041 113.7042896449566 5.712406404316425 1.741478756070137 0.1319166868925095 0.5201581567525864 0 33.29837351292372 1.520059645175934 10.852773681283 93.4394106566906 5.211100615561008 124.0571783781052 183.1513904035091 0.3122131749987602 145.862823843956 7.549393974244595 5.537702791392803 26.0303353369236 0.3909188061952591 0 0 0 40.45712329447269 0.1221630126237869 2.264053627848625 0 105.9307452440262 0 0.1022242978215218 2.191643312573433 330.5865080356598 4.740222528576851 0.9724301248788834 0.2052720338106155 1.213306985795498 0.1273563206195831 1.426155142486095 0.4904975444078445 76.78657630831003 0 7.105726681649685 1.270326912403107 155.1401395574212 0.1545889973640442 0.1809406131505966 0
0.5752039700746536 863.3513335809112 8.181114166975021 2.382930755615234 11.99062952399254 64.6080814525485 9.952610500156879 17.2875382900238 37.82627721130848 13.82989379018545 2305.574908405542 21.69466745108366 5484.847227163613 1.644111350178719 0.8679922893643379 10.62671799957752 0.4305711984634399 10.85581530630589 3.179046258330345 6.108398884534836 7.702039457857609 230.9103909209371 26.99319591373205 42.26540813595057 4783.111376732588 155.4001807048917 3742.855984948575 35.41941974312067 9.822137825191021 8.876739971339703 926.7014710456133 102.9595454335213 0.2546235322952271 736.6325900480151 84.2257209867239 3859.993824504316 5266.701741822064 4392.259380578995 666.5221558734775 273.743198685348 363.3514211922884 1556.306005470455 12.42840012162924 0 30.86605735868216 0.1546672731637955 0 0 0.1550306230783463 2.059922054409981 0.4710116758942604 0.6143892034888268 4.756075799465179 526.7721368223429 0 1314.859423242509 0.2240190505981445 0 2.758258566260338 0 5.385252118110657 1.936679318547249 0 0.3108906745910645 2.71222448348999 1.794078946113586 2.560009621083736 491.3262607678771 136.6255646198988 281.9252908304334 8.043919026851654 0.1495844721794128 0.7174004316329956 136.3737469911575 0.09012731164693832 0 36.97797846794128 127.8819117546082 639.110880613327 260.6790547445416 140.9279374927282 93.59014467895031 31.07435231655836 17.57268274575472 312.0554582923651 7.144550561904907
5191.961448900402 0.4511376023292542 918.2507613301277 49.01457991451025 4.816595532000065 630.5845601335168 6838.935242280364 7630.64458630234 36.86563362181187 875.4782650470734 32.53453288972378 390.9581542685628 1.644111350178719 12457.31463531032 16.43033611774445 1.144993655383587 432.2231879234314 35.48741079866886 68.43000894039869 150.5921637713909 152.0619861856103 3.498631544411182 562.9387543797493 157.5783282518387 0.08070158213376999 155.7398295775056 91.57706413418055 258.6893840432167 5285.482031084597 2815.372163645923 0.5198255777359009 314.9444081410766 19.55812811851501 341.8564927652478 1.59469647705555 142.1409659907222 34.78638885915279 230.1963730826974 28.10802938789129 118.10614810884 5.757155805826187 0.7822067886590958 1.410197623074055 2.927668012678623 0.1258658319711685 0.2384099960327148 0.2493651285767555 0 2.166332945227623 41.55464673042297 2.21556618064642 11.93462547659874 7.562797658145428 0.5585329532623291 3.98726300150156 0.09443534910678864 4.382899403572083 0.8242982476949692 7.124800585210323 0 0 0 0.7127492129802704 0.5719735473394394 4.678997546434402 0.1006985157728195 39.28870318830013 0 0.8449436202645302 5.095350757241249 90.32941766828299 4.327835850417614 3.970586642622948 0 0 0.3033300563693047 2.252041377127171 0.7005446553230286 17.30906018614769 0 6.653737269341946 2.911204896867275 10.60023231804371 0.589878261089325 0 0
0 5.675741389393806 0.1027465909719467 100.2535392045975 1659.696769349277 3586.462909862399 25.08704093843699 107.4321752339602 372.2582736611366 56.64650988578796 2.28909157961607 2451.300165623426 0.8679922893643379 16.43033611774445 683.9391807615757 1.41807621717453 0 0 0 222.0682075247169 0.3047630488872528 36.20305825769901 1.369311936199665 741.5389544516802 1.112252682447433 0.2695551589131355 7.530500024557114 132.4259657263756 10.31271076947451 1.070464700460434 0.1590102314949036 343.0243703946471 0.4984464645385742 11.96056026220322 1.832644164562225 227.6184798851609 1.247526124119759 22.02913638949394 9.090218275785446 1669.55877738446 83.8128225505352 0 1.736232459545135 0 0 0 0 0 0.8641414120793343 2.026102542877197 0.6535000428557396 7.039553329348564 10.29912267625332 0 17.40566652268171 0 0 6.731519997119904 0.9100941866636276 0 0 0 0.9627775996923447 0.2388184666633606 0.9881769865751266 0 7.052394241094589 0 0 0.6229663342237473 10.12693318724632 0.1629447788000107 0 0 0 0 0 1.488829016685486 9.774719789624214 0 0 0 17.51846559345722 0 0 0
1.206785149872303 174.0386333540082 4.345858342945576 0 0 0.4167458117008209 36.38265345990658 2.862834721803665 77.46457836031914 2.103157266974449 0.9235733151435852 0.7950478941202164 10.62671799957752 1.144993655383587 1.41807621717453 3754.975120350718 6.682386055588722 0.6748835220932961 1.140226267278194 0 3407.45453479141 2785.148558735847 2102.255842670798 2002.853443652391 18.0519403219223 7.012915439903736 6320.418425455689 1370.295452401042 26.86725944280624 413.4372567683458 0.5842522382736206 2.148808129131794 20.93837390840054 139.5065423920751 64.16530609130859 2589.417195573449 1123.372864760458 693.6188229247928 965.3595976457 176.5923674628139 5.458539940416813 5.841442823410034 25.96101893484592 7.752720944583416 4.37528757750988 16.03795649856329 0 0 0.9604803919792175 31.09708447009325 1.803793527185917 44.22515341639519 2.378522574901581 0.5944681167602539 0 0.237303651869297 5.734650604426861 0 3709.025636807084 2.540830828249454 0.09803304076194763 0.9294091388583183 0 466.6777953654528 1315.001058921218 1080.773955293 156.1811411604285 0.3537866696715355 4.409874707460403 285.3790761679411 462.8575284853578 49.25786308944225 107.3235988095403 0 0.1752013340592384 6.971761509776115 16.4460721835494 23.82873956859112 130.7204114943743 8.094871871173382 38.74898299574852 25.58211512118578 6.122148223221302 0.3146714419126511 1.178832739591599 0.2639351487159729
183.6148399040103 8.707834646105766 8067.170577347279 0.3411856815218925 0.3501072451472282 15.55154937505722 151.0964811071754 586.0988276451826 3.70829651504755 12.0614456012845 823.7450432851911 0.6766222417354584 0.4305711984634399 432.2231879234314 0 6.682386055588722 2633.338384047151 1000.690243333578 5045.889404691756 0.3539902716875076 713.1322424486279 9.045640096068382 5552.636636584997 21.95720457285643 0.1132770106196404 4418.358735583723 3471.836957447231 61.55369252711535 615.1225710213184 947.834778867662 0.2519659847021103 12.43611604720354 35.5042532235384 1603.900983288884 3.432129599153996 414.1626978591084 611.2011990845203 699.4085614234209 169.8096950277686 24.82842387259007 4.291589714586735 1.014515966176987 1.502174399793148 0.2930645942687988 5.789706625044346 1.506967097520828 0 0 0 1.134344667196274 0 0.2647446393966675 0.4975672662258148 0.9052193909883499 0 0.2346518188714981 0.1343523412942886 0 1.514261320233345 0.2324484810233116 0.1383708268404007 2.133768603205681 0 0.1178945675492287 2.146961413323879 2.305277407169342 1.749865554273129 0.3138153702020645 127.3650969490409 311.2651175931096 4.822211913764477 1.113741554319859 1.020348161458969 0 0 0 0.6368246003985405 0.5798300206661224 1.538269445300102 2.042786717414856 3.778828822076321 0.9352494180202484 0.9738472700119019 0 0 0
12.1365225687623 3.59560190141201 216.668477319181 0.2533512189984322 0 4.547248803079128 14.78208219259977 41.30382694303989 0.8706751689314842 5.919472493231297 3132.044406160712 2.987442769110203 10.85581530630589 35.48741079866886 0 0.6748835220932961 1000.690243333578 771.3601311147213 3122.805123120546 1.133417949080467 13.8161473274231 1.101398594677448 75.91360648721457 7.5550357401371 6.390690952539444 6135.01454026252 678.229988463223 5.295635715126991 59.93449093401432 28.63476134091616 10.55524533241987 8.910115629434586 3.051202476024628 987.8646632060409 3.502799928188324 627.7152739018202 1700.619098559022 1339.616292819381 566.5534534677863 20.53010025620461 7.052406668663025 47.19701166450977 3.660271063446999 0 4.01836834102869 0.9950010776519775 0 0 0 0 0 0.1310625821352005 0 8.732070349156857 0 32.36525749415159 0 0 0 0 6.536427803337574 3.874635957181454 0 0 0.422509677708149 0.09869320690631866 0.3877172991633415 11.0303486213088 96.87674432247877 143.3440400063992 0.3635848686099052 0.3756218925118446 0 12.23252361267805 0.1122683957219124 0 0.2561947554349899 3.398296535015106 4.393912933766842 58.04100579023361 1.671932019293308 0.5732211992144585 0 0 3.669391632080078 0
27.77182963490486 1.68113274872303 356.1067037805915 0 0 3.697664283216 15.29243593662977 100.7572830095887 0.439720518887043 2.91715595126152 1065.093703307211 0.8697146326303482 3.179046258330345 68.43000894039869 0 1.140226267278194 5045.889404691756 3122.805123120546 2599.409072183073 0.1688189804553986 37.27308619022369 2.328801922500134 278.1981327459216 4.8884462043643 1.574664458632469 3509.867112956941 503.9787150397897 6.802834868431091 128.502774938941 63.83080650866032 1.067169919610023 4.098840035498142 7.397119767963886 1847.119440048933 6.432463601231575 669.5474693328142 779.2134674265981 1338.34283631295 574.4882290586829 26.37234806269407 3.035038955509663 2.18157135695219 2.507251366972923 0 3.035667039453983 0 0 0 0 0.08002660423517227 0 0.3475813120603561 0 0.2005506157875061 0 0.8709771856665611 0 0 0.4121761620044708 0.8021768778562546 0.8291811496019363 1.244803495705128 0 0 0.2594679221510887 0.1058531254529953 0.2486132830381393 1.097470194101334 49.84993004798889 87.61478146165609 0.3766956403851509 0 0 0.5354296788573265 0 0 0 1.45449398458004 4.349220842123032 7.281157545745373 0.7435542196035385 0 0 0 0.2194096446037292 0
0.7083077505230904 0.1134578958153725 0.9956021457910538 4244.083662480116 10.46588903665543 523.8540196865797 33.17683057487011 272.8371776491404 295.673930734396 5802.359254255891 32.8549727872014 5089.351491123438 6.108398884534836 150.5921637713909 222.0682075247169 0 0.3539902716875076 1.133417949080467 0.1688189804553986 704.3159193024039 0.27669408172369 0 1.139981739223003 1221.33641641587 2.073028087615967 3.746106907725334 1.411238744854927 5082.429662831128 214.5788328573108 0.7990733683109283 0.1794819682836533 89.75540685653687 4.866763643920422 155.0529001653194 2.788130521774292 350.9330807924271 10.62419050186872 286.5183735266328 37.37467048317194 654.4068847671151 59.5150510892272 1.393081672489643 3.727522820234299 0 2.463610745966434 0 34.25803620368242 0.7517090141773224 16.58861468732357 129.5144209414721 13.17624726891518 95.65693926811218 188.5267399549484 0.2411814481019974 76.6300058811903 0.1227050423622131 10.48940966278315 10.7540058940649 0.9779719710350037 0 0 0 35.20493052899837 0 5.990268185734749 0 86.63249488919973 0.5276321321725845 0 1.288971215486526 410.8055198192596 7.132159158587456 0.4549166113138199 0 0.2180812954902649 0 1.349007450044155 2.239348292350769 43.34511895477772 0.09788166731595993 8.160642102360725 1.464383713901043 70.27527640759945 2.400891579687595 0 0
37.52015092968941 24.64994122087955 1575.388056129217 0 0.1130357831716537 4.198130413889885 1184.799869731069 191.9853093773127 37.53524708747864 23.05555845797062 8.792966946959496 0.7848349288105965 7.702039457857609 152.0619861856103 0.3047630488872528 3407.45453479141 713.1322424486279 13.8161473274231 37.27308619022369 0.27669408172369 21977.74045988917 290.9913743212819 21882.64522728324 433.8830672428012 3.828588113188744 79.46556733548641 792.8135396316648 6549.091728813946 114.8946928977966 7765.14128690213 0 5.607657089829445 21.99379684776068 4128.885740488768 121.2514055743814 5460.450654760003 1225.361696518958 4508.243426017463 1623.269199676812 270.37224817276 16.28962275385857 5.282076820731163 46.7995238751173 12.96352265775204 1.745988182723522 9.853732667863369 0 0 1.035770885646343 26.10735799372196 0.5379207730293274 30.82387499511242 1.516124688088894 0.8173903003334999 0 0.1131658032536507 6.773348271846771 0 693.48940641433 1.797564029693604 0 0.7487519904971123 0 411.6880630031228 335.9353925436735 83.38889659196138 173.9071182832122 0.2726967334747314 5.578343734145164 27.0097269192338 560.8227300345898 68.32555538415909 147.155182890594 0 0.08250851929187775 11.51770962774754 27.30929718911648 70.5062126070261 190.4736405685544 11.91711526364088 47.15961460769176 27.76353660970926 15.8471160903573 0.224383182823658 0 0
1.402439780533314 2557.034798502922 1.906353272497654 0.2125193849205971 1.335114330053329 0.6240039095282555 18.7349029108882 2.57762610912323 3361.476022735238 1.377460017800331 16.52243199199438 21.57694686949253 230.9103909209371 3.498631544411182 36.20305825769901 2785.148558735847 9.045640096068382 1.101398594677448 2.328801922500134 0 290.9913743212819 1955.529514528811 198.1617253497243 5168.215952664614 534.8418798297644 38.92307436466217 2933.225150592625 324.0230432525277 7.406618878245354 28.60680269449949 13.51547381281853 1.592780336737633 0.5044244229793549 15.21378423273563 0.9321801066398621 44.57003432512283 22.53551804274321 20.93435275554657 13.98602124303579 55.44868248701096 3.425954461097717 37.79150325804949 0.09697069972753525 1.38649521023035 12.96137270331383 16.27944726496935 0 0 0 11.74700900167227 0.2555089816451073 16.29039396345615 0.8199378773570061 0.4809994176030159 0.09119260311126709 2.464613147079945 1.641230188310146 0 1840.210342407227 1.569149315357208 0.3364253342151642 0 0 181.2076979279518 427.8880416080356 314.5293018817902 71.91776109486818 4.163145191967487 11.2933808863163 1148.139170512557 157.0524074360728 9.305399931967258 32.60544312745333 2.571759663522243 0 4.905927114188671 5.83056315779686 0.2004303336143494 38.40226148068905 9.293797247111797 11.86868360638618 8.615720205008984 2.318213149905205 0.8925476372241974 0.2540363073348999 0
191.3099828884006 12.45854620635509 15762.78733153641 0.3178836330771446 0.2205219715833664 16.68596574664116 1514.768926948309 660.3198822513223 22.13066540658474 48.60460250079632 51.90650314092636 2.873797990381718 26.99319591373205 562.9387543797493 1.369311936199665 2102.255842670798 5552.636636584997 75.91360648721457 278.1981327459216 1.139981739223003 21882.64522728324 198.1617253497243 23654.79862113297 436.4667838513851 1.624441735446453 786.8250174224377 12875.47438604385 2721.603894338012 411.9206528589129 4105.197818562388 0.112524725496769 15.96196481585503 41.53339804708958 4029.033898748457 265.6070040464401 8078.733625650406 7595.509853370488 10345.27521237731 6584.300470039248 763.1925314292312 54.98407779633999 44.34078505635262 89.80214042961597 1.10030822455883 1.76745467633009 14.3018933981657 0 0 0.876060463488102 19.85507151484489 2.822111293673515 9.762000367045403 1.975504353642464 0.4635969549417496 0.6161903142929077 1.268015220761299 1.706619173288345 0 1160.995591595769 0.5619110763072968 0.2544251158833504 0.2169971168041229 0 130.7492669373751 266.8587244525552 403.2917413637042 48.9482252523303 0.108149878680706 5.326624937355518 323.4639464616776 115.8148067072034 10.99016042053699 20.27889411151409 0 0 2.323504261672497 2.825633555650711 80.73629280924797 68.36358981579542 4.334954351186752 16.45631377398968 9.291252128779888 4.256612867116928 0.938564270734787 1.053014099597931 0
16.08542387187481 790.3045934140682 63.16490571945906 2572.247657358646 27.43583048135042 284.5513002797961 1054.724815398455 542.0852606371045 9067.388744138181 1275.551141656935 35.92299116402864 2398.83438937366 42.26540813595057 157.5783282518387 741.5389544516802 2002.853443652391 21.95720457285643 7.5550357401371 4.8884462043643 1221.33641641587 433.8830672428012 5168.215952664614 436.4667838513851 15138.84354298562 87.19706710427999 28.72579731047153 2961.518900506198 15941.59979639202 485.7923789471388 761.4844330474734 3.183672182261944 76.65177872776985 155.449455536902 471.0992353484035 45.03133813291788 2626.748247273266 114.3272459357977 955.1190863400698 368.8370485901833 1264.021439917386 124.8414305225015 12.31712400913239 26.43061991035938 34.12036033719778 13.9276345744729 8.39435963332653 123.7071844264865 1.276685431599617 61.37766110152006 918.4327688291669 76.68346494436264 985.6104945093393 691.9042871594429 5.965498864650726 294.8079566285014 3.299415968358517 80.51128377020359 43.486851349473 378.3231483250856 1.226823680102825 0.5871968194842339 0.7144185230135918 237.9362576603889 62.58574643731117 282.573111154139 38.50041469931602 1514.935488410294 1.83063605427742 8.544787354767323 195.6097351536155 3290.603796005249 154.8870669528842 132.0161461606622 0.6470411568880081 3.131969586014748 17.02693592011929 44.3532889559865 23.72204133868217 386.9927769601345 5.322031036019325 164.7770505994558 65.63390488177538 364.5158415734768 20.27669647336006 2.304166875779629 2.106251917779446
0.12528295814991 1790.786764554679 0 0 0.676650732755661 2.314295910298824 1.110511243343353 0.451829731464386 77.704589612782 0.8446421250700951 637.7747913748026 1.864277511835098 4783.111376732588 0.08070158213376999 1.112252682447433 18.0519403219223 0.1132770106196404 6.390690952539444 1.574664458632469 2.073028087615967 3.828588113188744 534.8418798297644 1.624441735446453 87.19706710427999 657.4132831990719 209.1285260170698 4184.04612249881 7.481381669640541 1.114735290408134 0.598321259021759 298.0508920997381 3.967643052339554 0 158.5700559020042 0 62.98100034147501 204.7201333269477 244.1043711975217 12.79436398297548 10.16907035559416 16.53531084954739 466.1432715803385 0.7453845739364624 0 107.4230775609612 0 0 0 0 0.3698538541793823 0 1.400779351592064 0 75.66785360872746 0.09753230214118958 513.6483995318413 0 0 0.6253625452518463 0.4509040862321854 10.91341898590326 6.429116979241371 0 0 5.309313468635082 2.579401381313801 0.57633076608181 175.4066373109818 363.7608302608132 1048.277472756803 0.5279687121510506 0 0.2611638233065605 78.47565045952797 0 0 18.56009325385094 0 12.16665340960026 41.64015266299248 18.23723625391722 2.019982554018497 0.872467041015625 0 85.82957587391138 0
46.13929580897093 92.41465089470148 9850.85117650032 0.6050257012248039 0.638292133808136 16.23468243330717 228.7811327055097 235.2087180987 8.954902164638042 24.94851037114859 3000.973912633955 6.91484172642231 155.4001807048917 155.7398295775056 0.2695551589131355 7.012915439903736 4418.358735583723 6135.01454026252 3509.867112956941 3.746106907725334 79.46556733548641 38.92307436466217 786.8250174224377 28.72579731047153 209.1285260170698 32755.80457027256 9049.093899704516 38.49655794352293 132.7378350794315 136.1545965895057 136.1963845640421 17.96360336989164 4.956210732460022 1945.599046073854 32.78024826198816 3860.99866002053 7747.689606145024 4636.681804575026 2036.145789392292 155.3668055981398 18.14161016792059 315.5203748047352 16.16065516322851 0.348409466445446 186.8480077832937 17.01608831435442 0 0 0 3.480252653360367 0.4070033803582191 3.330696225166321 0.2617939859628677 204.4033451452851 0.08902530372142792 731.1743444502354 0.3568888306617737 0.4957228004932404 7.040557362139225 32.59478817135096 112.5538407191634 179.79484847188 0 2.344197809696198 23.23114306479692 15.97276286780834 5.191723555326462 277.7461269125342 2497.863191612065 4697.655035659671 7.721056059002876 1.511185020208359 3.089377894997597 240.6758460700512 0.1139548346400261 0.3006805777549744 14.08923250436783 13.37036660313606 40.37494998425245 669.7332291230559 53.92872349172831 12.20907843858004 0.859516441822052 0.1744447648525238 23.59969858825207 0
23.82159293442965 3802.840995587409 8469.776183240116 1.083446137607098 0.7785650566220284 12.2231318205595 523.466502673924 144.9150999486446 524.9093992114067 34.60348946601152 1210.862880513072 9.393391460180283 3742.855984948575 91.57706413418055 7.530500024557114 6320.418425455689 3471.836957447231 678.229988463223 503.9787150397897 1.411238744854927 792.8135396316648 2933.225150592625 12875.47438604385 2961.518900506198 4184.04612249881 9049.093899704516 41988.70629189909 1443.493471726775 69.03524642437696 191.5942132845521 1527.100835204124 6.514638677239418 14.48263897001743 3065.06686668843 125.8905714079738 8127.816924408078 7414.475534662604 10679.46843377501 4143.574275836349 846.2592948675156 21.45044035464525 208.6031508371234 43.03581221401691 1.441912338137627 2047.315174967051 853.1444281712174 0.3335387408733368 0 0.5714308694005013 47.35991119593382 2.139831364154816 23.92861488461494 4.359333246946335 303.1647073328495 0 971.9581643864512 4.299563646316528 0.2494632452726364 2294.403646558523 67.62229895591736 184.987951464951 299.3876364305615 0 60.22869525104761 2196.441015772521 1492.046332985163 61.93832951039076 674.0186998471618 5955.117493987083 30736.15821151435 137.9942609593272 9.37650354206562 24.09945446252823 397.4240817055106 0.4796431660652161 0.6046213060617447 41.3613773137331 28.57020133733749 203.1821063905954 867.4175484403968 216.1955760493875 76.33476983755827 7.138892725110054 0.6718991920351982 30.7173059284687 1.956442981958389
22.97621489316225 58.72340060025454 243.6992618665099 6201.09837346524 8.390240766108036 1154.349932231009 17921.82836087793 559.1850725114346 2917.895318999887 8695.317129231989 33.35240766406059 1461.97483150661 35.41941974312067 258.6893840432167 132.4259657263756 1370.295452401042 61.55369252711535 5.295635715126991 6.802834868431091 5082.429662831128 6549.091728813946 324.0230432525277 2721.603894338012 15941.59979639202 7.481381669640541 38.49655794352293 1443.493471726775 29807.08997905254 1052.306505389512 8406.429234236479 0.6585096791386604 94.26724813878536 447.4591234400868 1494.206160761416 149.6983668059111 5589.888542354107 258.6444137617946 2743.424591377378 1141.263644129038 721.4088959619403 216.0958354324102 9.419941782951355 60.84732926636934 39.29167167842388 12.57509138435125 6.173594012856483 65.98510891199112 1.060245126485825 49.30140056461096 1078.167543068528 87.25740158557892 726.1627671420574 604.6055927202106 4.34155460447073 176.873284317553 2.066664457321167 83.23350767791271 24.71831919252872 311.3079273328185 0.9857616052031517 0.3822850063443184 0.4436311200261116 94.53753791004419 73.3656782284379 217.6104080155492 26.18714106082916 1269.211923673749 1.549260713160038 3.605270586907864 99.40938337892294 3014.196949139237 175.2428406178951 163.578533090651 0.2417931705713272 3.802957125008106 19.3511326611042 44.51169610768557 62.89971818029881 411.2277209833264 7.039553806185722 159.4248595610261 60.99881459772587 274.8794179484248 14.94317095726728 3.405880004167557 0.9545606374740601
3503.510394088924 2.177291192114353 267.6454241350293 57.97300423681736 5.288070172071457 679.5884803980589 1741.201432257891 636.3758555501699 73.99954517930746 1081.148175783455 198.4765097871423 409.8997230306268 9.822137825191021 5285.482031084597 10.31271076947451 26.86725944280624 615.1225710213184 59.93449093401432 128.502774938941 214.5788328573108 114.8946928977966 7.406618878245354 411.9206528589129 485.7923789471388 1.114735290408134 132.7378350794315 69.03524642437696 1052.306505389512 26793.99280243367 5917.296295762062 0.7080487608909607 491.7771526947618 3785.951289735734 3816.079404585063 2.264460563659668 333.1490094065666 121.9672383740544 1857.453180871904 103.7354075759649 180.9476985484362 55.62136544287205 4.614164173603058 5.638292573392391 5.196400351822376 0.4051836431026459 0 1.744350790977478 0 2.989466734230518 89.64171516150236 4.055860482156277 26.02483034878969 14.47780239582062 0.3246269300580025 4.305890344083309 0.2068150863051414 4.643093109130859 0.4025726020336151 20.51967546343803 0 0 0 3.640867799520493 1.604084067046642 8.833225481212139 1.139433763921261 73.65761920064688 0 0.3106751814484596 6.178725279867649 187.7069996073842 14.50381635129452 13.03864098340273 0 0.1103524789214134 0.5425594002008438 4.739809364080429 1.616770848631859 50.96206093579531 0.9281195998191833 17.76790456473827 3.778411693871021 18.15539209544659 0.6040821075439453 0.4704567790031433 0
