597.1611075922847 0 36.52033024281263 7.920754671096802 0 3.961996234953403 2321.650759369135 179.0370211675763 17.6881046667695 25.09870997071266 3.83984337002039 0.8065531849861145 0 4298.62391974777 0.2511175274848938 0.6296455040574074 87.5224251896143 3.192971870303154 49.43581222742796 0.2658014521002769 9.104551121592522 0.1035465821623802 86.29523097723722 66.06419249624014 0 30.43789601325989 5.250037334859371 71.97115556895733 2589.097178220749 1936.533785626292 0 1.682295128703117 8.113765999674797 55.09525763988495 0 14.67724576592445 0.3359379172325134 20.10238412767649 7.864963933825493 0.4965918064117432 0 0 0 0 0 0 0.267731100320816 0 0 1.025562152266502 0.9358204528689384 2.218127936124802 0 0 0 0 0.2555415481328964 0 0 0 0 0 0 0.2288816720247269 0.460405170917511 0 4.923920542001724 0 0.1296982318162918 0.3640002384781837 6.112085945904255 1.967206813395023 0.9353993013501167 0 0 0 0 0.2032326608896255 3.602631025016308 0 0.9136879295110703 0.4482170641422272 0.4264165312051773 0 0 0
0 420.6752854138613 28.79711771011353 0 5.406661227345467 0.6450550854206085 2.283679358661175 0.9727316200733185 1183.041134752333 0.1132926493883133 96.70207394659519 5.547258742153645 325.8924306258559 0.6776125654578209 32.71518976986408 49.65297608822584 7.59701432287693 5.469035223126411 1.904096886515617 0 3.522200353443623 2237.909434273839 13.464246571064 797.3333529233932 1458.619028240442 46.96544184535742 6689.587157681584 14.82686611264944 3.430369883775711 2.675775825977325 37.98997455835342 1.108799889683723 0.4935162365436554 163.0009233281016 0.2163615971803665 23.12264230847359 121.4102853909135 50.75297421216965 6.550423748791218 17.45326161384583 0.1609654277563095 115.5182474255562 0 0 50.20130448043346 219.8847396224737 0.2514476999640465 0 0.08576459437608719 0.6309020966291428 0.2445904463529587 3.185583479702473 0.1541791409254074 9.452417433261871 0 56.35902260988951 0.08931718766689301 0 15.068921841681 8.214970111846924 6.152879744768143 26.50994198769331 0.1074975058436394 0.7548726797103882 30.84066596627235 33.06007924675941 7.201420068740845 27.65207765996456 211.5392869114876 3223.548352211714 2.216128125786781 0.2600520849227905 1.071446433663368 7.832017153501511 0.1001217886805534 0 1.140110313892365 0 21.30499213933945 18.44372941553593 16.28847278654575 5.57771871984005 0.4513018056750298 0 5.664069250226021 0.4786683320999146
36.52033024281263 28.79711771011353 13165.68697439879 19.40814767032862 1.010519310832024 15.83388820290565 1548.861369237304 553.9418578371406 7.57512990385294 223.6983876228333 11.37443052977324 0.6279400140047073 0.1170870587229729 507.3902462869883 0.4030435755848885 19.95745514333248 4264.543640747666 28.24768590927124 994.9649741202593 1.388946421444416 737.028033785522 19.5795908048749 16916.70190151036 116.782741047442 1.068158231675625 7458.441093169153 7628.609528519213 834.5440229475498 198.7978214770555 1725.424053780735 0.7023709118366241 4.912549875676632 5.643699936568737 966.8898347988725 24.93429805338383 3380.939318917692 1471.915202066302 3187.028424777091 1011.744729436934 30.74900339543819 6.717712506651878 3.726661875844002 14.07008600980043 0.7263145446777344 108.0161108225584 2376.515573039651 0.169341042637825 0.1356425881385803 0.333331286907196 5.693279653787613 1.925789006054401 4.465670980513096 0.7951904982328415 0.47365602850914 0 0 5.305905386805534 0 33.96245192736387 46.83172872662544 1.968655779957771 17.81349494308233 0.4236230999231339 38.85462753474712 45.0385912284255 417.8581848293543 30.75729302316904 0.7102043107151985 157.0927256643772 3526.077080793679 27.2129465341568 5.112252555787563 18.70033589750528 0 0 0.6508698165416718 8.636177964508533 6.436868071556091 108.5605445876718 29.79372383654118 53.7561146914959 28.37198650836945 1.787305057048798 0 0.5849911272525787 1.188970133662224
7.920754671096802 0 19.40814767032862 2743.28207128495 11.32978984713554 92.16972391307354 154.6221479028463 27.11391112208366 1105.026634447277 3247.502758011222 0.7474766448140144 6445.853606246412 2.018837943673134 56.2802687138319 122.3307532668114 0.3976518735289574 1.729228861629963 0.1131384894251823 1.477849200367928 5580.810082435608 2.532811537384987 0 3.42593852430582 2060.449753843248 0 8.373258799314499 2.069911263883114 2965.844187259674 183.0842464119196 4.691310614347458 0 1.247058160603046 3.108903504908085 50.9490100890398 1.337264753878117 222.1433862671256 1.708344548940659 80.36189568787813 33.53940292447805 175.9632719010115 3.561464458703995 0.1461692452430725 4.525049440562725 1.193468302488327 1.470317505300045 0.1324348449707031 562.267722517252 0.441983550786972 46.56608994305134 199.4601148813963 82.9799769744277 177.2535329610109 717.4102967903018 2.084930777549744 252.8835901841521 0.1458726525306702 28.00756994634867 1.982717022299767 0 0 0.2808438688516617 0.1621029675006866 321.7521322369576 1.292387768626213 3.681944295763969 0 502.4111704602838 0 0.1272776126861572 3.296357467770576 213.0439285635948 28.04560953378677 1.16487318277359 0.1310619562864304 2.155638635158539 1.458143875002861 12.40080124884844 0.1511609703302383 70.64154198020697 0.7455924451351166 27.38530340045691 7.876513659954071 74.73179882764816 1.353478655219078 0 0.2763386368751526
0 5.406661227345467 1.010519310832024 11.32978984713554 22.8667231798172 127.1566568166018 2.900153614580631 171.117523431778 140.8140704110265 9.276793137192726 82.896375015378 256.2303739562631 4.076822444796562 2.586549088358879 1848.514278866351 0 0.3930483758449554 4.738695621490479 2.930425271391869 19.71479696035385 0.1651386916637421 7.891808517277241 0.3841623663902283 61.8067836612463 0.2105350643396378 11.22917047142982 14.17049035429955 5.753264434635639 902.5558713302016 0.5521771013736725 1.345503985881805 16.78639307618141 0 723.525763630867 0.8665153384208679 55.16643192619085 12.58490592241287 296.922937899828 63.58861336112022 2995.98548167944 59.95234626531601 11.06270392984152 3.15157362818718 0 0 0.1245485693216324 0.1403613388538361 0 0.1798511147499084 0 0 0.1852052956819534 0.1508426815271378 0 0.2561251297593117 0.6729769110679626 0 0 0 0 0 0 0 0 0.1428327560424805 0 0.928140714764595 0 0.1688275188207626 0.5724473893642426 1.217733331024647 1.407385528087616 0 0 0 0 0 0 0.2471043765544891 0.3585681319236755 0.3789052665233612 0.2467370927333832 0.8281949162483215 0.2136745452880859 0 0
3.961996234953403 0.6450550854206085 15.83388820290565 92.16972391307354 127.1566568166018 15021.74459917098 2923.746439635754 7915.314071193337 188.7222320139408 11718.4743103385 195.484063833952 4705.50074531883 11.91323262453079 951.7540211826563 1911.572475515306 0.8389167785644531 2.887242674827576 16.28295104205608 12.88338475674391 275.4097934290767 4.175475291907787 1.183380536735058 8.76403946429491 404.5687805041671 1.411581806838512 50.84106511622667 27.83424024283886 483.3933700844646 616.0287312567234 35.82289896160364 3.111192770302296 288.4178108051419 1.394755505025387 728.378804937005 11.00356648117304 998.1941235437989 66.02552375197411 1170.662788257003 436.0007630288601 3765.996611252427 362.8521289527416 122.0413081347942 45.17758357524872 0.9398460686206818 0.2869786024093628 0.7188306450843811 17.66477544605732 0.1960267126560211 18.81102608889341 85.74671173095703 38.26856471598148 43.07080301642418 45.81879860907793 0.8190503120422363 22.61731080710888 0.4405236542224884 17.33807969093323 0 0.2458555549383163 0 1.019840121269226 0 23.7014162838459 0.1571516543626785 0.716900646686554 0 117.9093890115619 0.2099457681179047 3.316828392446041 2.60359863191843 145.324046343565 19.87779241800308 9.426270626485348 0 0.164756178855896 1.226016581058502 6.64084005355835 1.193327248096466 61.50088080018759 3.039152920246124 34.17472122609615 19.75057013332844 28.06445044279099 3.692375980317593 9.200179815292358 4.677972301840782
2321.650759369135 2.283679358661175 1548.861369237304 154.6221479028463 2.900153614580631 2923.746439635754 16821.63269633055 6480.816841803491 507.8844223096967 9445.265555761755 6.895628601312637 51.5763274282217 0.3735362887382507 11081.02532210201 24.0414317920804 16.24545430392027 105.060971789062 4.118804134428501 58.03190261870623 9.958003096282482 977.8122822195292 11.77483183145523 652.7863078117371 2085.83354216814 0.2096641510725021 494.724023707211 315.7942840233445 21289.12600848079 1901.425570040941 5780.818772338331 0.1892476007342339 18.46795719116926 17.46968755871058 239.2129570618272 5.695811092853546 645.5492467582226 19.8391110599041 400.1891501545906 175.2643928676844 96.72254837304354 6.230235509574413 0.678930290043354 9.642299965023994 2.733381532132626 0.6711223721504211 2.008515015244484 40.89057126641273 0 34.95043110847473 252.0988305583596 136.7805494219065 143.9976459890604 137.314513400197 4.456291556358337 19.58948624134064 0.7541657984256744 60.84567397087812 0.5824524760246277 7.432017646729946 0.7844832614064217 1.632222957909107 0.8374447301030159 34.71433405578136 7.298840194940567 3.070900589227676 3.395456314086914 277.0627830401063 0 2.459597401320934 10.46858718246222 387.0247712507844 89.66253457218409 38.09807617217302 0 2.366152189671993 5.089129224419594 25.20867078751326 2.38184218108654 123.4233285486698 1.38211464881897 63.85948397219181 30.09765896946192 41.47488971799612 1.707572057843208 0.1267096698284149 1.309276685118675
179.0370211675763 0.9727316200733185 553.9418578371406 27.11391112208366 171.117523431778 7915.314071193337 6480.816841803491 11710.85579238087 186.7363330423832 3297.087784178555 223.656960055232 624.8826551288366 14.07403942942619 4330.475901335478 91.37914157658815 3.401573687791824 312.7039308622479 32.74452113360167 265.3908864110708 72.09039280563593 61.52832102030516 3.56535742431879 387.6956367269158 576.3978582322598 1.274907827377319 449.6144411489367 94.787891946733 370.2261353507638 704.0128045082092 1257.549848072231 5.199845783412457 204.5877254232764 10.65046875178814 516.9751607999206 4.499273054301739 658.2723879888654 58.51881352066994 914.2043348178267 270.8587124198675 1482.540680669248 74.34034584462643 73.94581410288811 26.24913863092661 1.044512614607811 0.3244585543870926 1.198735676705837 6.66617189347744 0.7221029996871948 3.666512183845043 128.2100246399641 45.33906481415033 54.76705992221832 30.10231772065163 2.037709563970566 2.837471827864647 0.1620094329118729 18.25967083126307 0 0.7887901663780212 0.3145188391208649 0 0.4052419736981392 6.979162074625492 3.440375253558159 2.350817039608955 0.1756894290447235 200.1606864109635 0 2.339370675384998 4.709918215870857 244.4336684718728 35.71792074292898 16.78725027292967 0 1.762509301304817 2.683399096131325 10.24473840743303 1.244551241397858 61.70835392177105 1.588465489447117 36.94364576786757 18.31387868523598 22.41046553850174 4.326988101005554 4.816866628825665 2.825557142496109
17.6881046667695 1183.041134752333 7.57512990385294 1105.026634447277 140.8140704110265 188.7222320139408 507.8844223096967 186.7363330423832 1295.846554405987 940.468140900135 13.36280234158039 553.1356728449464 10.65687259286642 217.1609044373035 639.688889272511 224.1991430148482 6.650605253875256 2.468705207109451 2.904804483056068 735.2428978830576 44.34469266980886 3836.677578471601 12.87007181346416 10707.11380723864 73.90410228818655 12.11853994429111 1422.272357180715 1450.988994851708 450.7250276356936 290.2718891724944 2.097842082381248 16.24145162850618 35.07013704627752 163.9911658316851 2.914405345916748 1000.977975338697 31.03263717144728 325.0805202051997 140.8593109995127 393.6788877472281 12.86148624122143 7.531862169504166 10.6669072508812 11.37080288678408 5.332613728940487 8.690636113286018 561.2798031792045 0.2685078680515289 73.15409459918737 470.1331748738885 190.699869774282 230.4694878458977 594.0055996254086 6.255572155117989 337.6770424991846 4.569588109850883 102.4081840142608 0.7590773850679398 48.17932726442814 2.753514237701893 2.974153950810432 5.380232565104961 272.9159358888865 45.29252933710814 157.9174746796489 5.624676071107388 2529.48570228368 3.077600285410881 14.92019818723202 52.97362075746059 1312.48094573617 257.4289958775043 172.9724772423506 1.338388584554195 4.819349609315395 22.47907288372517 42.81217506527901 4.62442547082901 345.1774675026536 13.01285554468632 113.2310269474983 54.62579242885113 135.8850891441107 4.306583344936371 1.125314757227898 3.181032344698906
25.09870997071266 0.1132926493883133 223.6983876228333 3247.502758011222 9.276793137192726 11718.4743103385 9445.265555761755 3297.087784178555 940.468140900135 36604.57354737818 31.88798002153635 3590.85070874542 1.827264785766602 1891.263144075871 64.1018845513463 1.394314356148243 17.64682761579752 7.52765491604805 20.3633358925581 2223.511332720518 45.52217397838831 0.9965673387050629 57.92389005422592 1625.595605105162 0.2621137797832489 100.0319797247648 29.95917627960443 7056.310442425311 2707.959723070264 104.4917784333229 0.973394513130188 66.82719283550978 7.54135824739933 662.3044293299317 10.58419664204121 1632.723665855825 29.56337149441242 1078.046886540949 295.6875331699848 301.5608083307743 29.18607407808304 8.58176264166832 35.89994086325169 4.655442491173744 0.6099392473697662 0.7853179126977921 1009.376171782613 1.51971024274826 194.1339756920934 976.050788000226 394.7182154357433 290.0404310300946 1782.522062636912 6.987150490283966 594.6951712593436 0.4473275244235992 174.3136573806405 5.003412872552872 1.012039214372635 0.2478672862052917 0.2598440051078796 0.116053432226181 707.3672870993614 1.429790884256363 6.644480898976326 0.1613836586475372 1165.875193849206 0 0.8384922221302986 3.268997088074684 746.1084392517805 162.8523362502456 7.884443961083889 0 9.554216727614403 7.478074818849564 56.55912288278341 2.861655160784721 326.0622862502933 2.618327036499977 132.0484018102288 36.51540090888739 221.6070411875844 8.05916254222393 13.94315449893475 1.178595617413521
3.83984337002039 96.70207394659519 11.37443052977324 0.7474766448140144 82.896375015378 195.484063833952 6.895628601312637 223.656960055232 13.36280234158039 31.88798002153635 13724.61414740235 15.4026879966259 2262.895797200501 215.9054136574268 0.245862178504467 0.1505051255226135 264.9993052408099 6060.403582550585 405.6008344888687 1.809498451650143 9.12737962603569 6.758093260228634 22.78113512694836 32.69640181958675 592.3975889608264 3646.549394026399 2524.059258215129 19.44672310352325 323.7200839072466 28.30245201289654 1238.798126518726 458.8289999887347 11.56484287977219 7492.173500448465 3.528444409370422 341.7828651145101 5642.059058897197 4568.842922694981 845.205840498209 62.00274534523487 130.0138079673052 2075.214111670852 23.65095853060484 0.6725997030735016 25.04285746067762 1.94311111420393 0 0 1.196383386850357 2.412417382001877 0.8113982826471329 5.255588985979557 2.45006000995636 391.5193770974874 0 1623.644137650728 1.061593033373356 0.1198446899652481 0.1634811013936996 0.5143163800239563 67.7441104799509 18.5690038651228 0 0 2.631214022636414 0 11.51973647624254 150.7018371447921 332.8159607797861 620.8314773291349 11.73662034422159 1.899380281567574 1.199698373675346 138.5235935971141 0.73574298620224 0 9.6594198346138 8.413923725485802 20.32109558582306 320.8061098605394 46.43768292665482 10.6508926898241 0.5550536960363388 0.3324909508228302 303.762069016695 4.27437025308609
0.8065531849861145 5.547258742153645 0.6279400140047073 6445.853606246412 256.2303739562631 4705.50074531883 51.5763274282217 624.8826551288366 553.1356728449464 3590.85070874542 15.4026879966259 11317.43358281255 1.207795150578022 413.3593783378601 1673.973412558436 0.2123181521892548 0 1.88653602451086 2.608947813510895 4783.883435890079 0.7842077016830444 16.55288508534431 0.485161691904068 770.1898780465126 0.2300621196627617 9.586633808910847 15.28340414911509 489.9134589210153 235.5048066228628 7.678943246603012 0.1011032164096832 37.87771835178137 0.2454236522316933 111.177292317152 1.058067679405212 946.4825833514333 4.510221421718597 206.2743243798614 37.72989994287491 2119.665331214666 11.67000435292721 5.129671096801758 1.791978619992733 0 0 0.1418845653533936 209.7729453742504 0 26.40245889127254 88.8817950040102 40.68217725306749 80.74002112448215 277.4397413507104 0.319749116897583 624.5109546929598 0.1015891656279564 17.97459910809994 4.604967728257179 0 0 0 0 184.7021726518869 0 0.3820400238037109 0.5723174214363098 327.9154178351164 0.1465828120708466 0 1.1152303814888 108.7645611837506 9.565744936466217 4.583865135908127 0 0.5652984976768494 2.344771720468998 5.137272253632545 0 153.1160230115056 0 19.12627011537552 6.220977276563644 264.2650271803141 0.130061462521553 8.480445623397827 0
0 325.8924306258559 0.1170870587229729 2.018837943673134 4.076822444796562 11.91323262453079 0.3735362887382507 14.07403942942619 10.65687259286642 1.827264785766602 2262.895797200501 1.207795150578022 4081.633947893977 9.586405828595161 0 0.6549870520830154 0.4169274568557739 58.23982658237219 0.3180033266544342 0.3296112567186356 0.2432089224457741 21.85156248509884 0.4765188097953796 8.381560638546944 5072.26869738102 82.17957025766373 4261.627399161458 0.8374062180519104 10.05993778258562 0.5575650036334991 236.1821873039007 23.07193525135517 0 2862.910455942154 0 27.8747990205884 3097.337588332593 1014.112834870815 87.90431855618954 3.520439505577087 17.55566413700581 1811.919397771358 10.18115547299385 0 52.29209922999144 7.260501772165298 0 0 0.2564614564180374 0.2561520338058472 1.046944409608841 2.955990053713322 0.3420142531394958 647.8907872959971 0 3311.103312008083 1.410552158951759 0 0.298881933093071 0.403265118598938 68.6097723543644 10.88495084643364 0 0.1221014261245728 5.5194131731987 0.6361784189939499 2.199534170329571 214.8586900681257 282.5286590754986 795.4268382415175 0.5715669095516205 1.349191725254059 0.4175018668174744 294.1514322012663 0.1814081966876984 0 17.19961509108543 1.645252913236618 8.45227612555027 408.0259433165193 87.35381412506104 10.07018913328648 0.7820789664983749 0 272.1718876063824 0
4298.62391974777 0.6776125654578209 507.3902462869883 56.2802687138319 2.586549088358879 951.7540211826563 11081.02532210201 4330.475901335478 217.1609044373035 1891.263144075871 215.9054136574268 413.3593783378601 9.586405828595161 7219.03149344027 12.71285629272461 4.484880238771439 575.2964940369129 42.30444248020649 363.9014131724834 68.70669143646955 60.96536031365395 6.093931339681149 625.7188601493835 714.8251983523369 0.8652393519878387 471.4147438034415 111.3763263747096 623.0077706202865 5685.130436688662 4217.018017955124 5.855613857507706 38.12102293223143 37.43818018585443 779.8073144555092 3.285837203264236 455.9231489598751 38.0596400052309 909.8370711654425 158.0472520366311 404.9805496633053 41.44712624698877 27.8414184898138 8.587777823209763 1.195749022066593 0.3558776453137398 2.38964381814003 4.082224763929844 0 9.844592534005642 96.0628986954689 40.00934571027756 43.93113970756531 23.60492918640375 0.8076395094394684 2.529234208166599 0.2482211962342262 16.30762971937656 0 1.59135490655899 0.5127092301845551 0 0.149633452296257 4.990024030208588 4.588080763816833 1.48822820931673 0 185.5993512347341 0 1.817084565758705 6.910746909677982 234.6616304367781 33.15825893729925 20.49145725369453 0.1487621366977692 1.032211855053902 4.886881992220879 12.06502956151962 0.224063441157341 83.60541827231646 2.162495106458664 25.76144392043352 13.71019165962934 17.09833408892155 2.640657529234886 7.867403402924538 1.108111754059792
0.2511175274848938 32.71518976986408 0.4030435755848885 122.3307532668114 1848.514278866351 1911.572475515306 24.0414317920804 91.37914157658815 639.688889272511 64.1018845513463 0.245862178504467 1673.973412558436 0 12.71285629272461 701.8015746846795 1.973910123109818 0.3091214075684547 0 0.09466245025396347 213.6396301388741 14.03662374615669 64.97043903172016 5.112072966992855 811.3343707993627 1.209023870527744 1.102431938052177 53.14349621534348 44.19081801176071 13.2138621583581 14.10226226598024 0 73.29864472895861 0.1278250068426132 5.072978883981705 0.5612933933734894 45.19675542414188 1.560627922415733 163.4395261332393 71.63666814565659 1357.163011088967 78.31436610221863 0.9143856316804886 3.917789965867996 0 0.130650520324707 0.2271355539560318 1.354800492525101 0 0 1.70187059044838 0 3.7487902790308 0.5374925583600998 0 3.865939721465111 0 1.002274438738823 0 0 0 0 0 0.1831911653280258 0 0.5812739729881287 0 7.040400430560112 0.1267987638711929 0.2339586764574051 0.8473083525896072 5.989134550094604 0.2895025610923767 0.5635231733322144 0 0 0 0 0 0.314516007900238 0 0.574501097202301 0.1050790622830391 2.079062759876251 0.4647261500358582 0 0
0.6296455040574074 49.65297608822584 19.95745514333248 0.3976518735289574 0 0.8389167785644531 16.24545430392027 3.401573687791824 224.1991430148482 1.394314356148243 0.1505051255226135 0.2123181521892548 0.6549870520830154 4.484880238771439 1.973910123109818 4273.830127052963 4.998695462942123 0.1428619921207428 0.6778170168399811 0 3309.738052532077 4013.21979931742 3000.081543438137 2723.495654568076 1.583475112915039 6.474895492196083 4216.093621298671 1398.731521502137 26.48745110630989 306.0195411816239 0 0.1631223559379578 4.908726811408997 58.13059405237436 14.36896032840014 2048.071522757411 819.9110911637545 196.0250455290079 410.2667865231633 53.28054819256067 0.6719088330864906 0.4182529002428055 18.98301208019257 3.460028328001499 3.952547080814838 14.76513879001141 0.7070828452706337 0 0.216976523399353 14.88597363978624 6.361185044050217 127.161208614707 1.203679442405701 1.352584071457386 0 0.0907118022441864 14.63895140588284 0 3388.860703326762 4.345028549432755 1.613195098936558 6.065991893410683 0 746.5348127558827 2007.197219505906 1202.866570070386 904.4265845790505 0.1219641044735909 2.255929447710514 228.2431100234389 535.1006793454289 135.8108788356185 332.8070800974965 0 0.1046589761972427 28.42404115945101 25.42045232653618 3.168592803180218 297.5238769724965 20.90685275942087 51.44509433954954 41.20725025981665 7.33377855271101 0 0 0.2826720625162125
87.5224251896143 7.59701432287693 4264.543640747666 1.729228861629963 0.3930483758449554 2.887242674827576 105.060971789062 312.7039308622479 6.650605253875256 17.64682761579752 264.9993052408099 0 0.4169274568557739 575.2964940369129 0.3091214075684547 4.998695462942123 521.6237384155393 179.9117014929652 3768.524074219167 0.1865994557738304 172.5909146443009 5.413268409669399 3165.504870787263 28.64764210581779 3.238128885626793 4037.296928226948 3750.169851854444 40.67667742073536 715.998935803771 1047.64051130414 1.051298819482327 2.610932402312756 58.3902829438448 1539.242533408105 0.4309402704238892 114.8708713278174 185.6253661960363 393.2505894899368 63.02515832334757 2.795775517821312 0.8166265040636063 0.09672600030899048 0.6718190535902977 0.1198188215494156 10.18402301520109 172.1871556267142 0 0 0 1.366402126848698 0 0.8763654157519341 0.1333644688129425 1.009711876511574 0 0.2042615413665771 0.6220909953117371 0 2.943128071725368 5.561593621969223 0.6782930493354797 6.438288971781731 0 1.194743253290653 3.40806270390749 11.15611312538385 2.106562852859497 0.5637404546141624 76.22801502048969 333.998866096139 2.328928671777248 0.8391111195087433 1.079220056533813 0.163515567779541 0 0 1.081575229763985 0 11.28562940657139 4.361602082848549 4.744050331413746 1.171587243676186 0 0 0 0
3.192971870303154 5.469035223126411 28.24768590927124 0.1131384894251823 4.738695621490479 16.28295104205608 4.118804134428501 32.74452113360167 2.468705207109451 7.52765491604805 6060.403582550585 1.88653602451086 58.23982658237219 42.30444248020649 0 0.1428619921207428 179.9117014929652 1031.183953568339 746.5994194969535 0.2286400124430656 2.485052369534969 0.7900723367929459 28.68226154893637 4.719045929610729 45.1659359484911 5686.145780727267 866.4010202661157 2.494947195053101 63.086236089468 19.70474691689014 253.6272552981973 45.14056725800037 4.353313788771629 1190.694353997707 1.21993076056242 290.0428111478686 1014.626255370677 1013.728666134179 224.4966541826725 9.954945661127567 3.771381177008152 35.47651305794716 3.840410575270653 0 9.13027798384428 5.184877589344978 0 0 0 0.7268310189247131 0.1269894391298294 0.5117724537849426 0 21.85565537214279 0.1146833300590515 100.6493214666843 1.232258453965187 0 0.1272761970758438 1.84803494811058 79.78158186376095 64.54317431151867 0 0 1.367072641849518 0.1550081968307495 1.692929096519947 60.00016586482525 804.2632008492947 886.1636710241437 1.602460980415344 0.1421162635087967 0.199078306555748 43.11234696209431 0 0 5.801879107952118 0.1680670529603958 8.386012680828571 27.26193885505199 19.28869461268187 4.559092327952385 0 0 0.9540262669324875 0
49.43581222742796 1.904096886515617 994.9649741202593 1.477849200367928 2.930425271391869 12.88338475674391 58.03190261870623 265.3908864110708 2.904804483056068 20.3633358925581 405.6008344888687 2.608947813510895 0.3180033266544342 363.9014131724834 0.09466245025396347 0.6778170168399811 3768.524074219167 746.5994194969535 3143.357081413269 0.4549916908144951 34.38998186588287 0.4652167707681656 789.6250850111246 11.98498349636793 2.173612102866173 4657.173914633691 843.0844132900238 18.15607400983572 520.3767254278064 354.1022453010082 1.342369973659515 45.87350389361382 43.38741803914309 3457.175399415195 1.836270786821842 647.3202030807734 1023.36929371208 1366.886213153601 216.1214339137077 10.21187767386436 3.867336720228195 2.17913544178009 1.136081367731094 0 5.693270526826382 45.83609776943922 0 0 0.1602615118026733 0.5141039788722992 0 0.9801516830921173 0 4.111026763916016 0 9.100138738751411 0.6711012795567513 0 0.8776895403862 5.668658465147018 31.37623623013496 70.62040601670742 0 0.3174253702163696 1.360032171010971 0.563243955373764 3.269952990114689 7.602927394211292 429.8297258764505 468.874512411654 2.355034478008747 0.8420069292187691 0.5826630219817162 6.030293464660645 0 0 2.80189935863018 0.5151947140693665 11.80045238137245 9.125307202339172 7.42365850508213 2.633840225636959 0.3962847888469696 0 0 0
0.2658014521002769 0 1.388946421444416 5580.810082435608 19.71479696035385 275.4097934290767 9.958003096282482 72.09039280563593 735.2428978830576 2223.511332720518 1.809498451650143 4783.883435890079 0.3296112567186356 68.70669143646955 213.6396301388741 0 0.1865994557738304 0.2286400124430656 0.4549916908144951 215.3980188816786 0 0 0 474.8412894830108 0 0.9905770197510719 0.8038372695446014 1246.8993781358 81.13786228001118 0.3833575919270515 0.1065040826797485 5.527491979300976 0 25.9798139706254 0.1811972409486771 174.7538865432143 1.359927885234356 44.08233072608709 9.81658012419939 369.6833119466901 2.28375731408596 5.416257172822952 1.326744064688683 0 0.9071952998638153 0 331.6770302131772 0.891365647315979 38.60802083462477 153.1777221262455 77.44655132293701 91.90421859920025 455.9187129735947 0.973564624786377 275.4141999036074 0 26.97345997393131 0.5130128860473633 0 0 0.2259261757135391 0 222.8417651057243 0 2.640786290168762 0 371.269857108593 0 0 1.103518798947334 143.0018710792065 28.33428163826466 1.066164374351501 0 1.937614470720291 0.9553364962339401 9.106839075684547 0.5761082768440247 131.215362533927 0.5196684747934341 19.40244714915752 4.644836068153381 114.2308930009604 1.017657399177551 1.321166634559631 0
9.104551121592522 3.522200353443623 737.028033785522 2.532811537384987 0.1651386916637421 4.175475291907787 977.8122822195292 61.52832102030516 44.34469266980886 45.52217397838831 9.12737962603569 0.7842077016830444 0.2432089224457741 60.96536031365395 14.03662374615669 3309.738052532077 172.5909146443009 2.485052369534969 34.38998186588287 0 15094.58581618965 1014.953131854534 11500.48426494747 805.8964522853494 0.8942357301712036 101.3273082301021 841.8853185921907 9223.145143710077 167.3163641244173 8686.41319476068 0 3.390295408666134 80.88730812072754 4147.43847386539 40.45767419040203 7154.486348390579 911.5788797214627 5716.895957589149 4008.511298440397 224.5801309123635 15.82236072421074 2.803984984755516 78.32836516946554 2.934836208820343 1.248390391469002 7.382335498929024 0.4317532330751419 0 0 11.11315392702818 5.530435271561146 37.75459974259138 0.2528772875666618 1.191011443734169 0 0 10.84089836478233 0 658.1173024401069 2.242852352559566 0.8908635601401329 5.816806733608246 0 732.3496014252305 796.8744198009372 139.4276116639376 794.1419536992908 0 2.024720542132854 22.60829959064722 465.0034899488091 116.0815400034189 359.9883361384273 0 0.7396008595824242 32.8320147767663 26.94456331431866 5.095877483487129 379.6257103160024 12.94829897582531 68.66577085107565 55.20226766914129 6.797843754291534 0.1332950443029404 0 0.7715125232934952
0.1035465821623802 2237.909434273839 19.5795908048749 0 7.891808517277241 1.183380536735058 11.77483183145523 3.56535742431879 3836.677578471601 0.9965673387050629 6.758093260228634 16.55288508534431 21.85156248509884 6.093931339681149 64.97043903172016 4013.21979931742 5.413268409669399 0.7900723367929459 0.4652167707681656 0 1014.953131854534 1034.476451054215 758.3927041888237 4933.149683192372 205.0840093642473 11.20570197701454 3167.303093478084 415.1994130685925 26.11227287352085 698.8424218520522 2.486972406506538 0.5240049436688423 3.215309053659439 62.42135946452618 4.512679740786552 531.5539372041821 283.485528036952 56.05431072413921 64.05997145920992 60.66823241114616 0.4531077444553375 4.922812648117542 2.593468144536018 0.1608762145042419 21.37929796427488 120.0152588933706 0.4307940974831581 0 0.3849607780575752 3.545927748084068 2.142731800675392 24.17020128667355 1.919075466692448 1.180412031710148 0.2289436757564545 6.619725957512856 2.570521265268326 0 2325.84353300184 2.863193765282631 0.3178793042898178 1.675482481718063 0.6247461140155792 208.953456774354 690.7279645800591 807.023156017065 266.7789940088987 2.307322293519974 16.35032695531845 2288.452674947679 111.5162765458226 12.85357220470905 49.03059060871601 0.9578414335846901 0 4.067382991313934 3.862300664186478 2.417829513549805 104.7465668022633 28.00766430050135 14.29807474464178 15.34775225073099 4.756981790065765 0 0 0.2785488963127136
86.29523097723722 13.464246571064 16916.70190151036 3.42593852430582 0.3841623663902283 8.76403946429491 652.7863078117371 387.6956367269158 12.87007181346416 57.92389005422592 22.78113512694836 0.485161691904068 0.4765188097953796 625.7188601493835 5.112072966992855 3000.081543438137 3165.504870787263 28.68226154893637 789.6250850111246 0 11500.48426494747 758.3927041888237 20914.0775558576 793.3704216480255 1.249134682118893 1228.842748947442 17180.61010929197 4025.490284398198 450.2919338345528 6500.706208877265 0.6474426165223122 5.605660669505596 51.43518198281527 4528.990057066083 101.2861845940351 13263.3949072808 5005.771656639874 7783.739720582962 7123.687852315605 395.5613168627024 34.36482443660498 3.689024582505226 144.0904111340642 0.2197819352149963 21.56318017095327 895.9491115808487 0.2812781631946564 0.09801390767097473 0.2926310300827026 4.745874159038067 2.520979687571526 5.212682507932186 1.252018436789513 0.2659463882446289 0 0.4378540143370628 2.495258413255215 0 2512.891641512513 4.32569382339716 0.9925676733255386 1.18039345741272 0 409.7605789527297 780.79057264328 1902.713297009468 206.66031293571 0 18.09425407648087 2413.638589829206 154.8236727118492 15.87950593978167 129.395138964057 0 0 5.556073181331158 9.81563276052475 12.60277093946934 242.5531821846962 66.99664262682199 28.18351102620363 27.53978522121906 3.150489844381809 0.4808054566383362 0.3453176021575928 1.435897052288055
66.06419249624014 797.3333529233932 116.782741047442 2060.449753843248 61.8067836612463 404.5687805041671 2085.83354216814 576.3978582322598 10707.11380723864 1625.595605105162 32.69640181958675 770.1898780465126 8.381560638546944 714.8251983523369 811.3343707993627 2723.495654568076 28.64764210581779 4.719045929610729 11.98498349636793 474.8412894830108 805.8964522853494 4933.149683192372 793.3704216480255 12985.53311633319 44.38761873543262 71.08647041767836 4603.669074326754 7815.728301532567 2025.772503055632 684.5357825756073 2.12800071388483 47.60446292161942 147.4175387769938 600.8477632552385 22.84752890467644 2583.464386641979 63.39290829747915 1196.400658808649 555.6438768729568 663.5138938650489 26.55916544049978 18.52757816016674 38.39096850156784 28.1021541506052 10.6403749063611 31.90729383379221 475.9868104308844 2.038220122456551 103.9626858532429 1072.752664238214 362.0376052558422 1532.863603897393 647.4139496311545 13.66656448692083 266.4597713574767 5.920614168047905 225.7147500514984 2.47031806409359 34.6464616432786 4.5210240483284 3.7460647970438 11.53772423416376 284.422127738595 65.01574616134167 90.6624965891242 14.0075526162982 3200.307372421026 1.769574418663979 16.32392811775208 113.7884123548865 3125.903314694762 488.5221109688282 419.3248642459512 0.9614202007651329 13.36560677736998 32.38822863996029 118.2386755272746 15.33978019654751 1073.514348469675 17.61780025810003 286.1424932181835 129.0669015794992 314.5984510779381 18.57298300415277 17.78415524214506 17.14229882508516
0 1458.619028240442 1.068158231675625 0 0.2105350643396378 1.411581806838512 0.2096641510725021 1.274907827377319 73.90410228818655 0.2621137797832489 592.3975889608264 0.2300621196627617 5072.26869738102 0.8652393519878387 1.209023870527744 1.583475112915039 3.238128885626793 45.1659359484911 2.173612102866173 0 0.8942357301712036 205.0840093642473 1.249134682118893 44.38761873543262 936.6602822244167 109.5360588282347 7061.773005023599 1.580996252596378 0.8986891657114029 0 493.0211712494493 3.287155315279961 0 1624.176733508706 0.7648205459117889 44.69073642045259 584.1193755865097 334.4569415673614 31.28017456829548 1.39296930283308 4.210005447268486 1317.153061017394 12.66807016730309 0 121.6700383424759 17.90451397746801 0 0 0.1401388794183731 0.8945357799530029 0 2.06624797731638 0 81.57501527667046 0 422.0473124906421 0.7760900110006332 0 1.331634722650051 4.587275698781013 15.68114201724529 28.93706277012825 0 0 6.519574984908104 0.8529045432806015 1.185542084276676 94.78733278810978 404.8853341713548 1079.480866789818 0.2652164250612259 0.3198239952325821 0 33.15996066480875 0 0 1.724190846085548 0.5092905014753342 10.79100039601326 63.74809724837542 30.8238702788949 3.826780319213867 0 0 94.5419957190752 0.185149759054184
30.43789601325989 46.96544184535742 7458.441093169153 8.373258799314499 11.22917047142982 50.84106511622667 494.724023707211 449.6144411489367 12.11853994429111 100.0319797247648 3646.549394026399 9.586633808910847 82.17957025766373 471.4147438034415 1.102431938052177 6.474895492196083 4037.296928226948 5686.145780727267 4657.173914633691 0.9905770197510719 101.3273082301021 11.20570197701454 1228.842748947442 71.08647041767836 109.5360588282347 28689.61074828357 10301.84675886482 195.2593852579594 277.0006402134895 567.0759346410632 664.3863478302956 119.9205964654684 8.008465021848679 3189.92550714314 22.57417816668749 4017.563049100339 6915.825332187116 6730.665357165039 1404.076784186065 45.2581670358777 12.50138649344444 140.7799441441894 16.39433263987303 0.7163834944367409 306.2073674649 1305.584537044168 0 0 0.3630554974079132 5.346967704594135 2.543043151497841 11.07082859426737 0.1708719879388809 127.4956942200661 0 537.7987846657634 5.385598011314869 0.5435101389884949 20.36670496314764 120.8958383649588 409.048335775733 860.9352882951498 0 7.357011348009109 36.05008465051651 55.64693948626518 22.70053266733885 144.0228850468993 3907.590728513896 7621.248293153942 13.09798397868872 5.091213971376419 5.366576477885246 150.7498355582356 0.6913826465606689 0.5250671356916428 40.90952585637569 4.967780128121376 125.1700510978699 163.7973093912005 135.0316818580031 26.64425019919872 0.6764084994792938 0 16.6327114328742 0.8570407032966614
5.250037334859371 6689.587157681584 7628.609528519213 2.069911263883114 14.17049035429955 27.83424024283886 315.7942840233445 94.787891946733 1422.272357180715 29.95917627960443 2524.059258215129 15.28340414911509 4261.627399161458 111.3763263747096 53.14349621534348 4216.093621298671 3750.169851854444 866.4010202661157 843.0844132900238 0.8038372695446014 841.8853185921907 3167.303093478084 17180.61010929197 4603.669074326754 7061.773005023599 10301.84675886482 30892.8515336886 2695.440414376557 123.220139361918 104.4167018309236 1451.319452412426 80.00226717442274 6.046355195343494 3295.677594795823 156.1071643456817 13047.78603498638 6323.154952868819 10696.85933370888 4236.943336091936 210.7856388390064 26.54155049473047 98.97959747165442 64.40321946889162 1.251221880316734 3003.66120301187 5949.073719270527 0.2739546000957489 0 0.8588608652353287 15.32252144813538 5.016088426113129 30.44057927280664 1.43080361187458 208.5908593460917 0 1378.416455850005 12.07721918821335 0.2495753914117813 2119.865268841386 190.0765148922801 482.9551043957472 927.0469936951995 0.4238456934690475 121.8237526640296 1633.556864023209 2747.617168918252 84.18382710963488 993.971262909472 5884.568357259035 29599.30643053353 74.0100015476346 8.687528543174267 20.19049660861492 399.661790497601 0.2533074393868446 1.20064852386713 71.58987376093864 24.07332806289196 560.4522531628609 423.7650231271982 286.7446155697107 107.6476280540228 2.465901136398315 0 27.60706778615713 2.305652990937233
71.97115556895733 14.82686611264944 834.5440229475498 2965.844187259674 5.753264434635639 483.3933700844646 21289.12600848079 370.2261353507638 1450.988994851708 7056.310442425311 19.44672310352325 489.9134589210153 0.8374062180519104 623.0077706202865 44.19081801176071 1398.731521502137 40.67667742073536 2.494947195053101 18.15607400983572 1246.8993781358 9223.145143710077 415.1994130685925 4025.490284398198 7815.728301532567 1.580996252596378 195.2593852579594 2695.440414376557 24910.95046828687 2142.306241281331 9980.557561449707 0.4341379702091217 32.38016357272863 311.8549819663167 976.9470696523786 38.43937958776951 4510.960105486214 208.9308595508337 1933.907811552286 1211.357504233718 319.3791040554643 30.9115546643734 7.719919055700302 60.23835965245962 25.52949850261211 3.570414327085018 17.43009257316589 253.9190050289035 1.065171495079994 59.63415815681219 687.1043183580041 209.1998249739408 470.2858661413193 394.4607166796923 11.11785896867514 95.22380869835615 2.134404994547367 155.3190117776394 1.801167465746403 71.69909230619669 7.198055543005466 4.655767560005188 15.26132064312696 149.5050021409988 175.0759388655424 163.0062423273921 34.56218445301056 1869.879759803414 0.2481527924537659 4.902056246995926 70.443029910326 1919.059079147875 577.1974398493767 646.3667817562819 0.6231961250305176 5.583834894001484 43.89478731155396 85.66022388637066 9.246715217828751 845.3306082636118 10.37360516935587 189.6863092929125 75.36543875932693 173.9869242012501 11.08830051124096 18.57394489645958 5.690062522888184
