799.1574467495084 0 265.0273447483778 3.091893412172794 0.8781788647174835 19.2342666387558 1709.52006958425 420.7881130576134 1.993211969733238 28.32682090997696 1.990444175899029 2.683925420045853 1.443992093205452 3749.142988316715 0.08068320155143738 0.4298446178436279 160.7986109256744 0.1668432354927063 37.79523884505033 4.961186967790127 49.55294618010521 3.595927350223064 81.08834804594517 20.89269139617682 0 101.4846756830812 25.92165894061327 55.1053306683898 3189.881329931319 2821.488878086209 0 32.96381256729364 10.67235285043716 51.39683577418327 1.58423937112093 29.94058831781149 19.45690309256315 37.85162056237459 10.59722366183996 2.625361055135727 1.08678413182497 0.3130902945995331 0 0.6420233249664307 0 2.893299788236618 0 0 0 6.571771487593651 0.388392947614193 2.117702893912792 0.8268932178616524 0 0 0 0 0 2.098808102309704 0 0 0.09722043573856354 0 0.6404334604740143 0.1268936544656754 2.438917055726051 8.031886503100395 0 0.5730914101004601 3.845873922109604 8.853405684232712 0.5604927316308022 3.243372365832329 0 0 0 0 0.5653099864721298 1.560073375701904 0 0.3686930760741234 0.1480971127748489 0.210647739470005 0 0 0
0 99.89397174119949 146.7128419652581 0 0 0 4.555356524884701 0.4179728850722313 445.3434182554483 1.045796759426594 51.92104681581259 0.7127032801508904 791.6998089328408 0.4563746675848961 8.216124802827835 60.48443679511547 20.11758318543434 6.235721372067928 8.100345700979233 0 5.921620458364487 1715.759971432388 5.913664430379868 573.5661778375506 1038.236476808786 219.7216384187341 6208.584834910929 68.20234032720327 1.049483940005302 0.691156692802906 48.76068710535765 0 0.1361794024705887 7.811220519244671 0 11.58012615144253 29.64173751324415 11.3994649425149 3.811810657382011 5.529207073152065 0 30.71145683526993 0 0 265.0647273659706 154.9167675897479 0.2781777381896973 0 0 0.8565336540341377 0.08786290138959885 8.459763638675213 0 8.537265576422215 0 42.295529268682 0.4344682171940804 0 1.965878576040268 8.761866733431816 3.36498286575079 8.959054611623287 0.08579612523317337 0 67.42581913620234 10.09736347943544 7.539155721664429 175.4329155534506 316.5246724933386 1637.016759380698 1.919886901974678 0.1004222109913826 0 16.10503204911947 0 0 2.614986978471279 0.2326042503118515 8.810920782387257 10.9308840483427 6.357680842280388 4.335083797574043 1.13852821290493 0 8.548235818743706 0
265.0273447483778 146.7128419652581 3790.223446268588 7.441172830760479 0.9590520039200783 46.6598015204072 1168.672373309731 689.6485695429146 3.660930015146732 129.6789104864001 16.83986262232065 0.7008049562573433 8.902154251933098 933.2712805122137 0.1263050138950348 6.616484560072422 3751.816742457449 7.02049071341753 384.9689835757017 5.730864897370338 913.3117120191455 18.39560224860907 8698.945637300611 9.766655847430229 0.2168930098414421 7058.302058879286 6114.865840561688 267.2367068082094 336.8389583155513 1356.86801802367 0.6899769604206085 15.58969675004482 32.04926626384258 1527.422280684114 107.463965266943 2392.432210206985 2448.53754068166 2606.472608119249 1075.845108449459 57.69745457917452 4.89781291782856 16.59268344938755 6.934641256928444 0.1151041612029076 152.1084519848228 1252.49828415364 0 0 0.2295384630560875 4.915615141391754 0.8067780062556267 2.671101205050945 0.8270733058452606 1.102785304188728 0 1.03348233550787 1.428874738514423 0.1291968822479248 21.83255758136511 45.11029843240976 0.8138566389679909 4.668919838964939 0 4.946928203105927 78.71530659496784 391.1412224173546 13.39656192809343 4.293701440095901 129.1884826049209 1992.739947229624 9.05014456063509 0.5875600650906563 4.49159349501133 0.6690623462200165 0 0.1092004477977753 38.87469055503607 8.41769303381443 181.1166632026434 37.51671108603477 86.87121982127428 57.26902420818806 7.646512538194656 0.1975648552179337 0.14322729408741 0.2565881013870239
3.091893412172794 0 7.441172830760479 659.9483060911298 1.494335882365704 41.51884586364031 118.7884300798178 91.67963283881545 517.0906458497047 1956.527986474335 0.8339331150054932 465.6830262094736 0.2243617027997971 79.69766740500927 45.66571132093668 0 0.1483753621578217 0.09526260197162628 0.1718845441937447 2146.051163583994 0.09438596665859222 0 1.715303681790829 1015.732258863747 0 0.7373325377702713 2.81011201068759 2799.026509962976 33.2815852239728 1.563020683825016 0 9.582116208970547 1.308128833770752 20.86526542156935 0.8023334294557571 69.01946716755629 0.8172629773616791 43.00663535296917 13.74650929123163 83.19970816373825 4.080865137279034 0 0.341071754693985 0.118240050971508 0 0 49.92421367764473 0.1727970093488693 7.147051319479942 135.4425775930285 13.27567867934704 105.9848270118237 101.8874519839883 0.1552877426147461 32.60032096505165 0 6.146876648068428 5.455007612705231 0 0 0 0.9685585498809814 78.59469029307365 0.2600760757923126 0 0 171.4879318103194 0 0.07182952761650085 0.2597565650939941 122.0275192111731 0.9620801135897636 1.384249724447727 0 0.3042620047926903 0 1.553862884640694 0 3.13921444863081 0 3.504604130983353 1.774143263697624 26.63589470088482 0.5645753443241119 0 0
0.8781788647174835 0 0.9590520039200783 1.494335882365704 25.10058546066284 207.4901702105999 6.701809585094452 88.4779022783041 34.17698130011559 16.70911468565464 10.38439586013556 64.98868265748024 1.770842254161835 17.62550456821918 724.9858166724443 0 0.6174982711672783 0.3792708069086075 0.8222449794411659 4.393532179296017 0.1274612098932266 1.147667169570923 0.2759894207119942 10.87217194586992 0 1.621246486902237 1.025261983275414 3.434166289865971 176.880807608366 2.991445772349834 0 56.37866014242172 0 63.45339035242796 0.5230457633733749 56.57673773914576 2.544188305735588 152.0722231715918 83.63875826448202 1247.067683182657 74.84231238812208 2.479262083768845 0.5414499640464783 0 0 0.07407742738723755 0.08639675378799438 0 0 0.2656319960951805 0 0 0 0 0 0 0 0 0 0 0 0 0 0 0 0 0.6227944269776344 0 0 0 1.362006686627865 0 0.3683121353387833 0 0 0 0 0 0.3876555860042572 0 0 0 0 0 0 0
19.2342666387558 0 46.6598015204072 41.51884586364031 207.4901702105999 6251.163469731808 1186.450741432607 5889.838006455451 42.18759260326624 4364.137395922095 107.0936736240983 1909.218210369349 15.68067407608032 740.2948222644627 1186.071061268449 0.9878849685192108 12.95942809432745 9.500285439193249 18.58541013300419 312.6491746678948 7.708255648612976 4.214069046080112 15.52646294236183 129.1229871809483 0.1507588028907776 26.32823240384459 20.3756472915411 357.3485455140471 361.5273910537362 79.74142077565193 1.553998619318008 1080.653588496149 2.49552208930254 413.7837173417211 22.2866412550211 864.0776792913675 34.26489117741585 720.9929138049483 340.7338500097394 2209.643041014671 310.9339823275805 11.10873149335384 11.54555989801884 0 0 0.08878955245018005 6.922645218670368 0 0.2547405362129211 82.54064724594355 6.468197055160999 18.73724177479744 17.15034902840853 0.114393450319767 5.217001482844353 0.1071265116333961 2.966549582779408 0 3.265975587069988 0.2216708213090897 0 0.2592954039573669 11.21593533456326 0.8383401036262512 0.20342917740345 0.5662046074867249 61.84300389140844 0 0.2815851047635078 2.279322639107704 61.68341747671366 0.7753696292638779 8.727955870330334 0.3734172880649567 0 0 2.16656394302845 2.404118359088898 19.3595795109868 0 3.06769086420536 1.676587902009487 14.3898708820343 0.1022427305579185 0 0.1290300041437149
1709.52006958425 4.555356524884701 1168.672373309731 118.7884300798178 6.701809585094452 1186.450741432607 13752.87216794491 4058.738339010626 430.9688952639699 9549.219922110438 7.207279972732067 14.07272906601429 18.9303836748004 5159.45946200937 14.83685694634914 51.78610180318356 57.78737473487854 1.608376987278461 12.22054660320282 147.3806165233254 611.6423948556185 60.48186108469963 646.5998022854328 1065.385560981929 1.4504209831357 121.613641217351 609.1112874895334 10708.10920209438 1267.583354387432 5185.057678453624 0.09390733391046524 112.586119748652 131.9580109789968 419.7252954244614 66.21224711835384 2491.366234511137 87.93464479595423 1114.490736059844 488.4716510251164 290.105449937284 80.24448132514954 6.947145059704781 28.06582200527191 1.752933368086815 0.6635128855705261 9.980956256389618 63.83773964643478 0.6805556118488312 12.60212660580873 1114.529101483524 89.79972517490387 152.5965266749263 200.6060735657811 8.867039822041988 32.96863941848278 0.08961231261491776 48.12171610444784 2.989313393831253 52.09293711185455 1.890179321169853 0.2496140450239182 1.505633883178234 85.10953772813082 9.04277852922678 22.22086522728205 77.32069616764784 730.8956196531653 0 2.443047687411308 65.27977351844311 753.7044996619225 17.66547984629869 78.21872033178806 0.2192606031894684 2.274069830775261 1.000381723046303 17.72377316653728 7.261758834123611 111.0966756865382 3.091894887387753 80.26492337882519 16.69589810818434 61.77074268460274 8.386890254914761 6.176549285650253 2.174703441560268
420.7881130576134 0.4179728850722313 689.6485695429146 91.67963283881545 88.4779022783041 5889.838006455451 4058.738339010626 11895.52763957158 59.41752717643976 2395.947795182467 12.41486573219299 616.6754719540477 6.390402376651764 6848.942381244153 188.3798233345151 0.6839079782366753 214.8285792730749 1.447935126721859 52.80713796243072 338.3245615400374 94.61267533898354 5.217668823897839 143.6036998853087 274.2796191945672 0 205.2557987608016 69.89222274720669 552.2013146206737 469.4560993686318 925.5949161946774 0 2079.852335754782 3.357652261853218 145.0475392267108 8.363996908068657 230.4031115397811 31.03874007612467 218.9516589716077 90.81573008000851 410.572489477694 49.81494206935167 1.226114273071289 2.451320827007294 0.4002241194248199 0.3005055636167526 5.882346399128437 7.918429799377918 0 1.934239119291306 251.8355173245072 24.67757861316204 27.8138744160533 26.02004947513342 0.3574730306863785 4.074684493243694 0.07848642021417618 8.562852092087269 1.441390156745911 5.341990448534489 0.1050862148404121 0 0.183048889040947 10.03414652496576 0.3204795569181442 2.669380344450474 4.656536594033241 155.5308218225837 0.08200489729642868 1.995314083993435 11.85847029089928 174.3125448450446 4.264654941856861 21.787269577384 0 1.487754166126251 0 3.576862387359142 2.356637924909592 22.43409743905067 0.4748267456889153 19.02084896713495 4.197755448520184 14.28462056070566 1.407818250358105 0.2561874389648438 0.3361295163631439
1.993211969733238 445.3434182554483 3.660930015146732 517.0906458497047 34.17698130011559 42.18759260326624 430.9688952639699 59.41752717643976 198.5694725066423 134.9000202491879 1.812296867370605 417.3888536766171 8.324327349662781 36.71160945296288 515.0341295003891 21.90023451298475 4.902629986405373 0.08602587878704071 1.30355803668499 731.888492487371 8.234496369957924 2223.094108574092 4.20412689447403 7866.177289687097 37.9963501393795 35.1151637211442 512.4128387495875 2424.656281419098 23.75061876326799 39.1586838811636 1.072902746498585 1.347707845270634 4.178868323564529 11.33134407550097 2.293710716068745 233.7736717388034 14.79867012053728 19.51881290227175 9.464690938591957 138.5488209277391 3.465637639164925 0 0.2052906155586243 4.184170722961426 1.893287532031536 6.256859391927719 124.2083066105843 0.3333057761192322 13.94152196496725 648.8267051130533 60.2234957665205 164.0055498257279 214.3945185914636 1.605510756373405 92.99876101315022 0.07626230269670486 29.3533154502511 44.14643001556396 199.1896546557546 1.839230000972748 0.1918414533138275 1.943257756531239 152.3310396596789 25.00924600660801 60.55613674223423 6.786791622638702 1630.001768156886 0.6093877330422401 5.454735636711121 8.083023920655251 1004.156691148877 16.69485916942358 115.8640892207623 0.2640958055853844 1.696156710386276 0.6357466503977776 16.79272743314505 5.885344460606575 66.25858679413795 0.804783321917057 51.05697093904018 11.7865002527833 80.67113322019577 3.384717494249344 0 1.709646090865135
28.32682090997696 1.045796759426594 129.6789104864001 1956.527986474335 16.70911468565464 4364.137395922095 9549.219922110438 2395.947795182467 134.9000202491879 15554.88147351891 9.805473700165749 1016.993449315429 2.997283145785332 938.4211424551904 91.35414995253086 1.778698310256004 8.551727458834648 0.591169461607933 3.030735086649656 2707.818664364517 26.60211698710918 6.512872852385044 39.26215421408415 402.1389255523682 0 23.72387653589249 57.6291114911437 5258.760804370046 310.3471822217107 49.6442766264081 0.4291275814175606 193.4943503402174 8.797289974987507 228.4303174093366 5.432801604270935 559.544134452939 15.24573616683483 402.5906917154789 115.2291804328561 344.5281709507108 41.82619501650333 2.07296721637249 7.359691567718983 0.1313997954130173 0 2.551208421587944 37.41096234321594 0 5.362263508141041 186.5735278278589 22.34681262820959 43.94161984324455 76.48572190105915 0 18.61477626115084 0.1205814033746719 9.895398415625095 3.508647233247757 3.003199554979801 0 0 0 52.52850523591042 0.2284883558750153 1.307242035865784 4.867238618433475 138.0974979996681 0 0 4.975749514997005 116.5056075081229 1.14460264891386 2.442725792527199 0 0.1538224667310715 0 1.351022556424141 0.7437664568424225 13.91476310044527 0.4842456877231598 7.118506893515587 1.558474041521549 28.86777922511101 1.064042195677757 0.2072715610265732 0.1290751248598099
1.990444175899029 51.92104681581259 16.83986262232065 0.8339331150054932 10.38439586013556 107.0936736240983 7.207279972732067 12.41486573219299 1.812296867370605 9.805473700165749 8241.733918227255 4.018247418105602 3863.871126316488 77.27540102601051 0.1137367635965347 0.4790726527571678 87.57922627031803 3319.616974301636 3076.523399226367 3.131070949137211 4.174083210527897 3.115039072930813 30.53167183697224 1.663793012499809 571.3055462762713 3268.880198307335 1976.381427228451 4.314954079687595 91.39677543193102 7.72698076069355 1076.853496834636 147.4279044270515 1.486117877066135 3675.095795795321 14.0695973187685 503.9365041479468 3951.74037899822 4401.311163172126 987.6751843690872 11.49059123545885 23.02892172336578 1066.985051885247 11.44516959041357 0.09237924218177795 24.98836693912745 0.7717195823788643 0 0.11630879342556 0.5017029419541359 0.2778571918606758 1.088829785585403 1.322982899844646 0.218899093568325 304.2933585196733 0 903.9070145338774 1.057298913598061 0 0.293858103454113 0.245762787759304 39.25653617829084 15.33332481235266 0.1029628366231918 0.225090816617012 1.737507820129395 0.4959945678710938 1.401302486658096 213.89725664258 216.969822190702 121.4718850031495 1.050684481859207 1.048903085291386 0 195.211907684803 2.201275691390038 0 20.79928760975599 0 56.22745253145695 434.920458547771 29.31807295233011 2.489040747284889 2.471329554915428 0.1105832681059837 320.2131502702832 0.2682975977659225
2.683925420045853 0.7127032801508904 0.7008049562573433 465.6830262094736 64.98868265748024 1909.218210369349 14.07272906601429 616.6754719540477 417.3888536766171 1016.993449315429 4.018247418105602 4409.518112450838 1.32478553801775 246.044783346355 1387.374287649989 0 0.2113791555166245 0.07731128484010696 0.5781960412859917 2228.903177019209 0 9.130771927535534 0.4098948165774345 282.0767119675875 0 1.207970522344112 1.916940785944462 383.7313390821218 75.6403883099556 1.592591233551502 0 98.32966092601418 0.2968261763453484 78.01482556015253 1.581411004066467 348.0651763603091 3.447376824915409 109.4575818553567 26.6091386154294 1254.542810000479 18.38326252996922 0.3242306262254715 1.345527477562428 0 0 0 43.38621558248997 0 7.09878958761692 42.6450343132019 7.093036897480488 136.6413679048419 53.56231343001127 0 58.15391224622726 0 1.860669918358326 7.578937649726868 0.1303422302007675 0 0 0 49.92446479201317 0 0 0 103.0887628495693 0 0 0 34.58938923478127 0.4797725677490234 0.2677525952458382 0 0 0.1756846606731415 0.2427890598773956 0.4233579933643341 4.970034077763557 0 1.841886855661869 0.3905991315841675 104.9779210090637 0 0 0
1.443992093205452 791.6998089328408 8.902154251933098 0.2243617027997971 1.770842254161835 15.68067407608032 18.9303836748004 6.390402376651764 8.324327349662781 2.997283145785332 3863.871126316488 1.32478553801775 3459.755713656545 15.18115834146738 0.181071862578392 8.311422720551491 13.9587437659502 88.34743954241276 22.02570030093193 0.4414502307772636 11.41728067398071 71.88633222877979 19.29048155993223 31.99129563570023 4744.852069340646 454.7823006659746 3949.518480300903 61.64996834099293 10.65239857882261 28.91137193143368 1788.630620442331 19.91455906629562 0 602.7176430672407 76.8778904825449 1717.882034614682 5169.078312136233 3167.129413753748 908.040669195354 110.4943808168173 55.49114464223385 723.5400106012821 12.66911023855209 0 172.2245011925697 4.541678808629513 0 0 1.259862430393696 6.134485758841038 2.697809338569641 1.960868343710899 0.6791813150048256 778.4843764677644 0.2200911119580269 1940.575378157198 3.689538434147835 0 1.661162406206131 1.265374846756458 45.77182968705893 30.44161415845156 0.1105617731809616 0.2066582888364792 3.626109182834625 0.3462960124015808 1.403180673718452 964.9465461373329 453.7666805237532 434.2192273065448 12.0677944868803 2.526695348322392 3.960378117859364 341.3929774090648 4.052905313670635 0 67.27329764515162 20.03748606145382 353.4863244816661 964.3595029339194 87.44526036828756 5.690920256078243 95.5836718454957 0.4382063373923302 683.5667171701789 0
3749.142988316715 0.4563746675848961 933.2712805122137 79.69766740500927 17.62550456821918 740.2948222644627 5159.45946200937 6848.942381244153 36.71160945296288 938.4211424551904 77.27540102601051 246.044783346355 15.18115834146738 6315.862100575119 7.933347195386887 1.222838819026947 426.4702197983861 6.3542824909091 110.4515594281256 262.2744361869991 144.8534233346581 6.508251257240772 206.9911135584116 182.5108116865158 0 329.3520747050643 88.65173488855362 469.9884552285075 3975.817676763982 3118.256905343384 0.7375532016158104 284.6841116994619 60.5654228925705 1212.852908939123 14.76676962524652 419.7100242599845 63.47028447687626 1147.154615648091 309.3191227391362 192.1094950288534 84.16833166778088 6.773884691298008 5.597692377865314 0 0.3159577995538712 7.579478479921818 2.946582742035389 0 0.2308551445603371 95.42760752886534 5.687012806534767 12.35116282105446 9.264438286423683 0 1.414334081113338 0.08778733015060425 3.449507035315037 0 9.456606291234493 0.5117104649543762 0 0.1115584969520569 3.702201344072819 2.38914592564106 3.463318280875683 4.46471019089222 82.10395990312099 0 1.441520676016808 15.09202498942614 101.9584547281265 2.985871821641922 23.17123255878687 0 0.8639965578913689 0.134312778711319 1.621948577463627 1.941328264772892 21.32283814251423 0.7449585795402527 10.16843489557505 2.045451268553734 4.951098181307316 0.3448777347803116 0.3010643422603607 0
0.08068320155143738 8.216124802827835 0.1263050138950348 45.66571132093668 724.9858166724443 1186.071061268449 14.83685694634914 188.3798233345151 515.0341295003891 91.35414995253086 0.1137367635965347 1387.374287649989 0.181071862578392 7.933347195386887 283.8549629598856 0 0.1155535504221916 0.1091223955154419 0 207.4290587380528 0.5172005593776703 54.49086116999388 0.1404431909322739 562.2816038653255 0.1027869805693626 1.520979054272175 9.497097417712212 63.19594465196133 29.45363544672728 5.718936078250408 0 120.62076099962 0 3.193251237273216 0.7374743819236755 64.10657224059105 0 13.40781140327454 1.773881673812866 873.9205197766423 47.25092893838882 0 0 0 0 0.08761673420667648 1.195734143257141 0 0 0.6421089768409729 0 0 0.2023849934339523 0 2.083624124526978 0 0 0 0 0 0 0 0 0 0.1355618536472321 0 2.583393059670925 0.2315382659435272 0 0 3.168668299913406 0 0 0 0 0 0.7349783182144165 0 0.3399965763092041 0 0 0 0 0 0 0
0.4298446178436279 60.48443679511547 6.616484560072422 0 0 0.9878849685192108 51.78610180318356 0.6839079782366753 21.90023451298475 1.778698310256004 0.4790726527571678 0 8.311422720551491 1.222838819026947 0 1980.622551210225 0.1203880906105042 0.1075804606080055 0.4682827815413475 0.35733562707901 3008.890889585018 1966.06571110338 2418.85544488579 906.1273263767362 1.3092425391078 2.193635225296021 2572.352483250201 2261.99561997503 2.390707604587078 14.58536075055599 0.1466266214847565 0.1396725624799728 0.6013533025979996 70.97743037343025 79.43526637554169 1276.641404546797 478.7955494821072 374.4777809157968 273.4239879846573 63.92406918853521 0.376932367682457 1.185654982924461 10.65749484300613 0.6209122836589813 2.152327194809914 33.91504783183336 0 0 0 2.728047892451286 0.2109164297580719 11.0594157576561 0.2638366222381592 0.1719837635755539 0 0 1.288766227662563 0 1819.076116070151 1.489407449960709 0.09982380270957947 0.9071247279644012 0 329.2514209002256 974.8216954618692 1522.612846247852 56.71309468150139 0 5.854526370763779 456.5709978044033 259.5091871023178 6.304424703121185 138.2791904360056 0 0 0.6924206092953682 4.340821079909801 3.047533676028252 66.77726067602634 6.240959584712982 16.01663009077311 13.31428407132626 4.768934793770313 0.8650363087654114 0.4821163192391396 0
160.7986109256744 20.11758318543434 3751.816742457449 0.1483753621578217 0.6174982711672783 12.95942809432745 57.78737473487854 214.8285792730749 4.902629986405373 8.551727458834648 87.57922627031803 0.2113791555166245 13.9587437659502 426.4702197983861 0.1155535504221916 0.1203880906105042 1374.827191002667 19.03908130526543 2712.116781827062 0.8877434134483337 176.5890007391572 18.78260847181082 2993.58222707361 7.996806681156158 0.4896621704101562 1077.130255497992 2048.110767312348 7.423912927508354 556.3303721435368 1130.160709105432 1.280151046812534 12.79967894777656 51.44664551317692 2535.583543039858 10.74203926324844 349.214385278523 1234.552305482328 817.0121757388115 161.8423307090998 4.66907699406147 2.340881526470184 46.47447131574154 2.272292383015156 0 24.31343849003315 332.0599058791995 0 0 0 0.962239570915699 0.3043197840452194 0.3566793352365494 0 0.1252421140670776 0 0.7382170706987381 0.3512095883488655 0 1.671540945768356 21.06816478818655 0.8686189278960228 7.756858706474304 0 0.1484867483377457 4.537270531058311 24.97223091125488 2.013437144458294 0.47199946641922 191.0273462682962 398.9791495874524 1.60928800702095 0.08258472383022308 0.6896752342581749 0.5252862945199013 0 0 8.427728407084942 0.1480814218521118 24.93272085487843 13.86163941025734 19.77121309190989 7.704195857048035 0.8459335491061211 0 0.108182929456234 0
0.1668432354927063 6.235721372067928 7.02049071341753 0.09526260197162628 0.3792708069086075 9.500285439193249 1.608376987278461 1.447935126721859 0.08602587878704071 0.591169461607933 3319.616974301636 0.07731128484010696 88.34743954241276 6.3542824909091 0.1091223955154419 0.1075804606080055 19.03908130526543 379.7802361771464 1350.575080409646 0.2905960530042648 1.150228500366211 0.8293380066752434 4.660284474492073 0.3194505199790001 52.75052788853645 2469.870883092284 512.805360622704 0.2989005446434021 7.416103042662144 2.181631647050381 287.5809272751212 10.6094448491931 0.9626345112919807 690.8431436866522 6.562439247965813 354.0854694843292 824.7121166959405 1136.926748417318 252.749680891633 2.138021886348724 1.559214122593403 34.94725532829762 2.254598371684551 0 9.860055275261402 0.6701174899935722 0 0 0 0 0 0.09569300711154938 0 52.68832846730947 0 213.7326357960701 0 0 0 0.1116975247859955 34.47240190953016 22.36739718914032 0 0 0.2488555610179901 0.270135261118412 0.2799908891320229 46.88786559551954 269.0088482871652 159.4926562309265 0.0748954564332962 0 0 138.5939435735345 0 0 0.5292953699827194 0.7725609987974167 30.86301621049643 14.44596068561077 0.6386232748627663 0.2233541160821915 0.5738724768161774 0 0.9730495810508728 0.11580990254879
37.79523884505033 8.100345700979233 384.9689835757017 0.1718845441937447 0.8222449794411659 18.58541013300419 12.22054660320282 52.80713796243072 1.30355803668499 3.030735086649656 3076.523399226367 0.5781960412859917 22.02570030093193 110.4515594281256 0 0.4682827815413475 2712.116781827062 1350.575080409646 3422.300733074546 0.7485244274139404 22.81627874076366 2.701134249567986 373.3058347329497 0.6188609525561333 23.03226087242365 3119.145048193634 721.3439134284854 1.558764852583408 175.7100910618901 164.2339654192328 36.06562419235706 17.39857624471188 15.14374072104692 3655.748217452317 14.94854725897312 741.1155047565699 993.6545621007681 2447.074988946319 505.6903196647763 7.166242726147175 2.697812624275684 22.14137175679207 3.203414991497993 0 31.30108754336834 54.71178061515093 0 0 0 0.09933910518884659 0.1183230206370354 0.3399123325943947 0 18.52195066958666 0 57.27671293914318 0 0 0.241827629506588 8.803958348929882 26.71695034205914 96.79771683365107 0 0.1146964281797409 2.108766920864582 2.407645136117935 1.72565733641386 57.07953917235136 579.1604386717081 615.6955837607384 0.2244943603873253 0 0 53.29133747518063 0 0 1.868025176227093 0.4239868223667145 21.38201266527176 14.98000183701515 6.15394764393568 1.606733657419682 0.4560415297746658 0 0.7098038420081139 0
4.961186967790127 0 5.730864897370338 2146.051163583994 4.393532179296017 312.6491746678948 147.3806165233254 338.3245615400374 731.888492487371 2707.818664364517 3.131070949137211 2228.903177019209 0.4414502307772636 262.2744361869991 207.4290587380528 0.35733562707901 0.8877434134483337 0.2905960530042648 0.7485244274139404 473.0401138588786 1.210763365030289 0.3038986921310425 1.559542790055275 642.5628597959876 0 0.9757650643587112 3.646253012120724 3970.157302960753 93.14240039885044 3.201021082699299 0.081505186855793 49.15672962367535 1.677735038101673 68.50196688622236 2.064072459936142 187.9457881972194 4.80122659355402 125.9652936756611 35.4968481734395 351.7850834280252 13.15474877506495 0.8570339754223824 2.783604271709919 0 0 0.4177629798650742 71.47031203657389 0 7.915332086384296 176.6577939018607 14.35737824440002 140.382612220943 126.9617344737053 0.3734009563922882 53.74402019381523 0 6.56471986323595 7.992804706096649 0.193251445889473 0 0 0 101.3742946460843 0 0.4753289744257927 0.1184849366545677 229.2821667939425 0 0 0.2108786627650261 124.8173553347588 1.196500785648823 0.6071848049759865 0 0 0 1.03226163983345 0.4363821148872375 4.822548300027847 0.1956718116998672 6.205574221909046 0.3038946241140366 63.44639763236046 0.8026107549667358 0 0
49.55294618010521 5.921620458364487 913.3117120191455 0.09438596665859222 0.1274612098932266 7.708255648612976 611.6423948556185 94.61267533898354 8.234496369957924 26.60211698710918 4.174083210527897 0 11.41728067398071 144.8534233346581 0.5172005593776703 3008.890889585018 176.5890007391572 1.150228500366211 22.81627874076366 1.210763365030289 6787.516676284373 348.9125231206417 8807.852405808866 252.1195253804326 0.09658779203891754 34.78272012621164 690.4706370383501 3241.279156595469 34.58937626332045 6645.222746983171 0 1.999446727335453 5.212759807705879 2842.397196851671 406.8130919858813 4921.376197710633 1048.783027730882 4949.802218906581 2112.811561696231 240.7047346755862 5.551991857588291 9.085230953991413 31.43629311025143 0.5754273384809494 0 22.8515660315752 0 0 0 2.803666055202484 0.3985646069049835 5.86201549321413 0.08891201764345169 0.4204626232385635 0.1589145064353943 0 1.022868901491165 0 596.9035495892167 3.028788693249226 0 0.9955075532197952 0 280.8131046891212 213.0714672207832 106.206387899816 59.59827869385481 0 4.774406619369984 12.80065459758043 276.7292814776301 8.252054162323475 174.3682274222374 0 0 0.6517876237630844 5.189885526895523 6.355991505086422 120.5876799970865 3.200485549867153 7.015623353421688 3.348961144685745 6.363331407308578 0.451753705739975 0.146825447678566 0
3.595927350223064 1715.759971432388 18.39560224860907 0 1.147667169570923 4.214069046080112 60.48186108469963 5.217668823897839 2223.094108574092 6.512872852385044 3.115039072930813 9.130771927535534 71.88633222877979 6.508251257240772 54.49086116999388 1966.06571110338 18.78260847181082 0.8293380066752434 2.701134249567986 0.3038986921310425 348.9125231206417 794.6041636243463 528.065485291183 4967.269660167396 292.7091242149472 143.6142174378037 4227.707959271967 822.5736534520984 15.95039463788271 10.84706402570009 7.729487232863903 0.3531132340431213 3.42314025759697 8.4180548787117 2.601418927311897 41.68324422091246 8.830314964056015 19.95207738131285 5.531386531889439 49.82316537946463 0.3486995697021484 1.10708137601614 0.2947757542133331 1.061197780072689 61.47924310714006 104.336321555078 0.4155409634113312 0 0.2317182049155235 5.73584309220314 1.078963182866573 7.897794112563133 0.8775533810257912 0.7627795860171318 0 1.696559488773346 1.349679939448833 0 1423.893737182021 10.21682200580835 0.7757474929094315 2.11469566822052 0.3756517097353935 247.1033416613936 124.810651615262 532.1155799999833 91.45867747813463 4.106765829026699 24.04290479421616 1054.790021009743 298.7156073302031 5.745737932622433 133.923043243587 0.9151514023542404 0 0.3404256701469421 9.609355337917805 2.197956413030624 41.3739709854126 9.174580238759518 21.72856428474188 12.41048376262188 4.339114665985107 0.2908178716897964 0.09282742440700531 0.5622176826000214
81.08834804594517 5.913664430379868 8698.945637300611 1.715303681790829 0.2759894207119942 15.52646294236183 646.5998022854328 143.6036998853087 4.20412689447403 39.26215421408415 30.53167183697224 0.4098948165774345 19.29048155993223 206.9911135584116 0.1404431909322739 2418.85544488579 2993.58222707361 4.660284474492073 373.3058347329497 1.559542790055275 8807.852405808866 528.065485291183 7676.496632367373 151.6540641114116 0.175792783498764 1035.738213822246 9484.827387779951 2057.530620612204 123.937123388052 4182.695703446865 0.7762105241417885 2.841549918055534 11.7096396163106 4685.840524546802 806.0477346852422 7842.337442517281 4408.197619408369 7112.435628004372 3348.410865694284 726.2654800191522 4.637801922857761 28.18406052142382 55.26307184249163 0 2.616120256483555 139.9298820123076 0 0 0 2.875953391194344 0.339323990046978 1.474292926490307 0.1032251790165901 0.7777496874332428 0 0 0.3019431009888649 0 1685.290004432201 3.424454584717751 0.1934164687991142 0.4772649630904198 0 256.2167769446969 612.2816905230284 1993.166175097227 36.56328711658716 0.4022687748074532 8.262484729290009 1053.627578914165 123.2055298760533 2.65577457845211 46.26721227169037 0 0.1644077003002167 0 5.695445671677589 16.45225610584021 209.0487291812897 13.08513981848955 18.54868324100971 24.40860825031996 2.29544922709465 0 1.57978355884552 0.5048856288194656
20.89269139617682 573.5661778375506 9.766655847430229 1015.732258863747 10.87217194586992 129.1229871809483 1065.385560981929 274.2796191945672 7866.177289687097 402.1389255523682 1.663793012499809 282.0767119675875 31.99129563570023 182.5108116865158 562.2816038653255 906.1273263767362 7.996806681156158 0.3194505199790001 0.6188609525561333 642.5628597959876 252.1195253804326 4967.269660167396 151.6540641114116 6294.697422370315 49.06537645310163 33.42981718480587 1488.387621827424 7983.395190179348 202.9698069989681 88.91133324056864 1.226476065814495 19.51694013923407 29.89181132614613 88.26419223099947 30.70962272584438 885.6128523051739 38.21249713003635 270.89449570328 129.1863977313042 233.9078669026494 17.72917856276035 5.880410805344582 9.45722634345293 5.590950585901737 2.590851202607155 18.99001745134592 151.4431644678116 0.5839597880840302 19.525396078825 1102.990024395287 101.0629111081362 709.3760142698884 308.2976394072175 4.519756965339184 70.76173519343138 2.077597886323929 53.54041612148285 8.379445679485798 284.3188301101327 4.556436128914356 0.6050314456224442 2.01866202801466 203.7390075549483 77.42295740544796 133.9221780151129 43.92360075563192 1585.265196599066 0.1876598745584488 11.79211471229792 22.40128207951784 1523.462780378759 35.11846531927586 258.1484797298908 0.1871943026781082 3.25124403834343 1.009358815848827 27.17363368719816 8.207821927964687 124.5244768634439 1.40785626322031 86.08233920484781 24.45196960866451 105.7034965902567 10.83989872038364 1.099731855094433 2.028912559151649
0 1038.236476808786 0.2168930098414421 0 0 0.1507588028907776 1.4504209831357 0 37.9963501393795 0 571.3055462762713 0 4744.852069340646 0 0.1027869805693626 1.3092425391078 0.4896621704101562 52.75052788853645 23.03226087242365 0 0.09658779203891754 292.7091242149472 0.175792783498764 49.06537645310163 306.9295451492071 568.9807699844241 3703.454282402992 8.701756849884987 0.08687233179807663 0 1091.550418868661 0.5043420493602753 0 35.67799160629511 0 19.88197332620621 149.8725167363882 98.31203556805849 49.35154052078724 6.938175313174725 0 355.1378980055451 0 0 192.287186563015 10.86669210344553 0 0 0 0.433016337454319 0.09097006171941757 4.85944652557373 0.09262995421886444 141.6753468960524 0 691.4705301970243 0.08550003916025162 0 0.2812720835208893 1.682744883000851 12.30470238626003 16.31538027524948 0.09306581318378448 0 8.544371165335178 1.079343974590302 1.344954371452332 261.2378111705184 291.0303966253996 686.4054612889886 0.07492405921220779 0.2852343320846558 0 149.8550573959947 0.3973288685083389 0 13.36865504831076 0 2.259751968085766 53.78473505377769 12.89704456925392 2.575502321124077 0 0 62.91423501074314 0
101.4846756830812 219.7216384187341 7058.302058879286 0.7373325377702713 1.621246486902237 26.32823240384459 121.613641217351 205.2557987608016 35.1151637211442 23.72387653589249 3268.880198307335 1.207970522344112 454.7823006659746 329.3520747050643 1.520979054272175 2.193635225296021 1077.130255497992 2469.870883092284 3119.145048193634 0.9757650643587112 34.78272012621164 143.6142174378037 1035.738213822246 33.42981718480587 568.9807699844241 24761.13760372996 12866.6383766979 16.50306203961372 236.0629799515009 235.1607989370823 1033.540148846805 28.5243256688118 21.52075467258692 1689.852324962616 35.77700471132994 1939.521906241775 4253.135485768318 3129.354102745652 797.4235552549362 15.23719529807568 5.756951749324799 181.7563712373376 7.987401902675629 0.3593593612313271 331.9898892492056 817.9647001326084 0 0 0 2.360604345798492 2.397108748555183 3.015165209770203 0.08273620158433914 285.5982284024358 0 1283.227790087461 1.740310773253441 0 1.983008228242397 109.0791830345988 168.9627900496125 376.2836224660277 0 0.1073323339223862 17.96320185810328 28.67767602950335 6.236398495733738 431.5064633265138 2952.440465316176 3430.417456202209 3.683964490890503 0.6440416648983955 1.279949620366096 578.3750595748425 0 0.1019796431064606 25.83479915559292 1.232711531221867 105.4982425346971 170.5836020335555 61.58413624018431 13.3183776512742 4.976692050695419 0 19.46389721333981 0
25.92165894061327 6208.584834910929 6114.865840561688 2.81011201068759 1.025261983275414 20.3756472915411 609.1112874895334 69.89222274720669 512.4128387495875 57.6291114911437 1976.381427228451 1.916940785944462 3949.518480300903 88.65173488855362 9.497097417712212 2572.352483250201 2048.110767312348 512.805360622704 721.3439134284854 3.646253012120724 690.4706370383501 4227.707959271967 9484.827387779951 1488.387621827424 3703.454282402992 12866.6383766979 21878.28358113021 1411.231434606016 67.07900680601597 148.2255012318492 2200.750015519559 6.222327332943678 7.704301461577415 1871.521969892085 224.9500076025724 4953.135175086558 3396.923417016864 3891.978300869465 1536.862674459815 156.8401991426945 1.536733090877533 44.35105916857719 15.0315104201436 1.320085637271404 2622.910456940532 2948.519882954657 0.4845251217484474 0 0.1146615222096443 19.86434084177017 2.560056209564209 14.47665993869305 1.007355332374573 173.6045761480927 0.1097429022192955 767.427226267755 5.84436708688736 0 452.1684344634414 199.1788686737418 156.7126872763038 471.5899472609162 0.2099190428853035 20.02779757231474 1120.847656413913 1985.480232782662 70.06547836214304 807.9519045054913 4062.477799326181 14293.72316554934 32.29084876179695 1.159805305302143 13.10588061064482 482.255364574492 0.2709458768367767 0.357894591987133 99.96552091091871 18.15463771671057 466.4433915168047 201.9254977703094 259.3914698436856 161.1531815454364 22.16450661420822 0.1104326173663139 15.80624517798424 1.407458946108818
55.1053306683898 68.20234032720327 267.2367068082094 2799.026509962976 3.434166289865971 357.3485455140471 10708.10920209438 552.2013146206737 2424.656281419098 5258.760804370046 4.314954079687595 383.7313390821218 61.64996834099293 469.9884552285075 63.19594465196133 2261.99561997503 7.423912927508354 0.2989005446434021 1.558764852583408 3970.157302960753 3241.279156595469 822.5736534520984 2057.530620612204 7983.395190179348 8.701756849884987 16.50306203961372 1411.231434606016 14774.9714293927 581.8480534106493 3517.053911060095 0.2184418514370918 47.60749423503876 127.5673369169235 430.9838354811072 168.4363994598389 3363.966950118542 265.9078480824828 1345.229601867497 614.5940647944808 218.2839346155524 46.80605192482471 6.903947040438652 28.21759951114655 10.20808050781488 0.4880826100707054 29.76596314460039 132.9632611647248 0.7717191055417061 21.98095051944256 1486.256521835923 121.9756653159857 567.9313005581498 318.9149746075273 14.64779318124056 62.87111083418131 5.284749142825603 74.16318783164024 8.624502256512642 552.8410120159388 9.61974773555994 0.7490267008543015 7.346573151648045 159.240509390831 162.247203618288 222.6888332664967 105.677965298295 1766.900659531355 1.786810524761677 10.96919959783554 42.82524345815182 2123.918049737811 60.99895511567593 615.5211988836527 0.1505194306373596 4.275803089141846 3.541192688047886 42.13579641282558 12.56345038861036 228.5512402281165 8.2302156239748 114.1828229799867 34.62584459036589 152.0446495488286 11.95851820707321 8.893880695104599 0.5841865465044975
3189.881329931319 1.049483940005302 336.8389583155513 33.2815852239728 176.880807608366 361.5273910537362 1267.583354387432 469.4560993686318 23.75061876326799 310.3471822217107 91.39677543193102 75.6403883099556 10.65239857882261 3975.817676763982 29.45363544672728 2.390707604587078 556.3303721435368 7.416103042662144 175.7100910618901 93.14240039885044 34.58937626332045 15.95039463788271 123.937123388052 202.9698069989681 0.08687233179807663 236.0629799515009 67.07900680601597 581.8480534106493 14069.23883858323 6225.562818396837 1.221220098435879 484.3215734362602 2566.040100902319 2426.349962092936 25.52897433936596 532.1550670415163 310.9529201462865 2038.455540984869 546.6649020463228 250.6746813058853 1193.379332870245 6.553650557994843 8.480576738715172 0.3274898529052734 0 3.828674860298634 0.863841712474823 0 0.1221601814031601 26.25826411694288 2.586588837206364 13.4885963127017 2.508367083966732 2.196957588195801 0.1124453917145729 0.2264434695243835 1.00064042955637 0 23.90218195319176 0.6574878618121147 0 0 1.187370739877224 8.131937831640244 6.425750486552715 7.110588878393173 44.32546383142471 0 1.272844798862934 7.03143535554409 80.68680270016193 1.217677243053913 28.44112059473991 0.171481117606163 0.3173722922801971 0 1.592948444187641 0.8241073340177536 14.68839435279369 0.3652393594384193 6.03049173951149 3.122540548443794 6.37921530008316 0.3754653036594391 0 0
