1437.181502833962 0 20.47096176445484 4.722469851374626 0.4966895878314972 150.0598656609654 4417.002134151757 2696.734489157796 0.1980388164520264 313.4306268468499 10.22096031904221 5.503205806016922 0.5183726996183395 7154.619092106819 0.9317269846796989 0 148.6617738232017 5.213749051094055 32.38853871077299 5.658987395465374 47.78818377107382 0 189.9535817429423 21.08129684627056 0 11.23377235978842 19.29094848036766 84.51986026018858 2728.947185501456 4093.971918135881 0.381101593375206 0.747690461575985 83.85381661355495 73.40194776654243 3.611883670091629 73.86332026869059 11.1253474354744 75.33848593384027 21.45620702952147 4.876773998141289 2.076762966811657 0.1939279288053513 0 0 0.2788588851690292 0.505575455725193 0 0 0 1.164872139692307 0 0.6451961547136307 0.1297989338636398 0 0 0 0 0 1.240269131958485 0 0 0 0 2.454895280301571 0.2547830119729042 0.7583974450826645 2.676553755998611 0 0.3022444844245911 1.456754289567471 6.70981901884079 0 0.8960464969277382 0 0 0 0.9003654718399048 0.2412994205951691 3.514183036983013 0.4359451532363892 0 0 2.653005942702293 0 0 0
0 105.1300713792443 132.156724460423 0 0.1381425559520721 0.0849582850933075 0.2778567671775818 0.3420360535383224 743.0180778428912 0.2831390500068665 34.2465532720089 2.016594588756561 714.3579546362162 0 9.22433540225029 78.20579711347818 13.09484240412712 4.593044191598892 10.95190312713385 0 6.460899956524372 2538.762719787657 19.02920354902744 700.9683075919747 1075.105735249817 289.2060702592134 6734.400043152273 15.6175659969449 0.2342782691121101 0.5547856986522675 104.0310211032629 0.2634450793266296 0 34.61974237114191 0.7093510776758194 29.27013531327248 68.78450369089842 38.30474491417408 7.505043126642704 9.248000785708427 0.6123741865158081 173.8570695146918 0 0.1290951371192932 88.92645882815123 97.87754142284393 0 0 0 2.198612920939922 0.1283253729343414 2.166094556450844 0.3193425536155701 4.30957006663084 0 26.93789927661419 0.3837571069598198 0.1785772144794464 7.149699829518795 25.52964004874229 1.165514327585697 12.07546984404325 0 1.155675768852234 21.7173790037632 10.2658821195364 6.236023455858231 14.07324163615704 249.4950698912144 920.4047578573227 1.804993599653244 0 0.5862817540764809 3.341147132217884 0.1332472413778305 0 4.025567173957825 0.2252873480319977 10.64039121568203 24.32351619005203 13.56341991573572 2.221208930015564 0.2286863029003143 0 4.022870093584061 0
20.47096176445484 132.156724460423 6215.444662719965 0.6193059980869293 0.2128991410136223 46.01569798588753 197.1901742890477 101.1531082764268 5.442174851894379 31.7281366288662 32.84119705855846 0.2048862650990486 1.194362580776215 85.23609371483326 0.263828806579113 14.72994994372129 1595.715943656862 51.19245301932096 312.0285566076636 0.4158384874463081 534.2666774988174 93.33526154607534 12648.20957496017 64.76483228802681 0.4974277839064598 3021.695024557412 4101.125129327178 160.1817320734262 16.86689937114716 63.46269847452641 8.036262817680836 0.7221416905522346 2.568556658923626 201.2407461851835 38.21897199749947 1553.167957730591 3864.368223823607 732.1109963357449 311.1393007561564 61.26560117304325 8.736237391829491 5.407093435525894 12.06808669865131 0.9301153942942619 280.1181898191571 1158.057345494628 0.1729346364736557 0 1.0171252861619 11.18075068295002 1.53564564883709 4.641773663461208 0.6273522078990936 1.31101132184267 0 1.234209068119526 1.725420199334621 0.1354027390480042 15.79566336423159 234.8270340487361 1.421521656215191 28.31975345313549 0 14.52683414518833 38.90088250488043 102.020056553185 26.04480647295713 1.594111599028111 782.8611469864845 1805.841450929642 9.407844446599483 1.354667313396931 8.578125566244125 1.110705107450485 0.3721740394830704 0.1280381232500076 31.31472563743591 11.58586219698191 92.17729578912258 555.0450323149562 62.69543582201004 11.23655019700527 2.256115108728409 0.3113085925579071 0.1589766293764114 0.9363204389810562
4.722469851374626 0 0.6193059980869293 954.7043806314468 1.311442144215107 39.99090152233839 138.9069788455963 39.19532040506601 843.8636532127857 2005.920689165592 3.767006404697895 2999.223642468452 1.00226067006588 44.70495962351561 34.68837092071772 0.6120763123035431 0.4002491533756256 3.390273436903954 1.978889636695385 3241.282786563039 0.4024389833211899 0.1155932545661926 0.8116511777043343 1497.337129198015 0.08868230879306793 2.046251818537712 1.11675701290369 1654.458665721118 96.17817707359791 1.796899929642677 0.5734934657812119 1.2701081559062 2.300699457526207 35.93687848001719 8.578481063246727 206.8002491593361 2.274167738854885 100.1052570715547 26.89400468021631 81.44255340099335 16.52857784926891 0.1572210043668747 3.598857365548611 0.5924821943044662 0 0 153.3167308419943 0.364893302321434 26.53999990224838 74.64090283960104 5.262794151902199 123.615625962615 208.566135391593 0 159.8724157512188 0 1.727809965610504 7.558740869164467 0 0 0 0 114.246208935976 1.276614010334015 0 0 163.1754365190864 0 0 0 219.3253983706236 1.797019779682159 0.8505297899246216 0.09409108757972717 0.5629173815250397 0 0.5824012458324432 0.7010629624128342 71.71399345993996 0.09453698247671127 3.61304222792387 0.4974570125341415 132.522969648242 0.9802984744310379 0 0
0.4966895878314972 0.1381425559520721 0.2128991410136223 1.311442144215107 193.8593073189259 973.1034663766623 6.284733153879642 139.0166761279106 41.87575685977936 18.92795589566231 21.5128505975008 134.8374560624361 9.416638731956482 14.7410054653883 961.4114503636956 0 0.4051328599452972 3.645730644464493 1.957968153059483 7.442352272570133 0.0959315150976181 0.8223223388195038 0.8173197954893112 6.03008384257555 2.766666531562805 3.32694261521101 1.184205256402493 5.898216441273689 373.7360069304705 2.43327422440052 2.032934263348579 716.89561740309 0 604.7753731906414 1.887608394026756 98.11854623258114 11.4038267582655 212.2664808556437 83.93282037973404 2757.324260979891 281.795337729156 23.1098138615489 3.44957060366869 0 0.1276503652334213 0 0 0 0.6900407671928406 0.5169137716293335 0 0.1922261267900467 0 0 0 0.1684669107198715 0 0 0 0 0 0 0 0 0 0 0.624261200428009 0.5069758892059326 0.3217019438743591 0.1294544786214828 2.36285562068224 0 0.1568115204572678 0 0.1441687047481537 0 0.728169322013855 0 0.9123232513666153 1.9649758040905 0.4673822075128555 0.1810103356838226 0 0.2572298943996429 1.047961562871933 0
150.0598656609654 0.0849582850933075 46.01569798588753 39.99090152233839 973.1034663766623 7880.76189481467 3319.907689385116 5348.804331429303 121.5300306901336 6201.296587884426 137.3218666389585 4280.885120026767 34.47003869712353 983.7067208103836 2538.582875840366 0.9935242086648941 97.55829213559628 49.80630208551884 50.32225396484137 210.222913056612 28.96096289902925 0.7605547830462456 161.6043293699622 153.2812565341592 4.824344508349895 59.82646308839321 31.75536801666021 729.5104702487588 485.8387135192752 394.1029960438609 9.946595303714275 306.4303343631327 7.556222066283226 751.595104701817 50.38515325635672 708.19826682657 56.75665420293808 838.8088976293802 322.1337531432509 3348.152613446116 286.2143819481134 58.33653031289577 13.48951687663794 0.09975939989089966 0.2340108379721642 0.7488200142979622 12.53524965792894 0 5.714266717433929 37.89702159166336 3.602911911904812 13.6254547983408 16.40003595501184 0.9100988581776619 8.553042307496071 1.993817001581192 1.170251160860062 0.1500504463911057 1.024124309420586 0.1093337908387184 0 0.06914795935153961 13.98600676655769 0.1166824623942375 0.5847959965467453 1.170438878238201 52.96028433740139 0 1.699786029756069 3.835448645055294 68.21654992550611 0 1.331733480095863 0.3177052959799767 0 0 4.172667972743511 3.771166741847992 35.27778159081936 5.648214645683765 2.518332064151764 1.664989642798901 36.38635858893394 0.6776685640215874 4.414366960525513 0
4417.002134151757 0.2778567671775818 197.1901742890477 138.9069788455963 6.284733153879642 3319.907689385116 13596.52842970937 3438.27305894345 289.0065025165677 7903.581864774227 49.0428499802947 186.6030067354441 6.244093649089336 6716.332997493446 13.08061018586159 8.415314316749573 107.9947110936046 24.30473237484694 38.99659410119057 54.5436182692647 220.5742214098573 1.642124831676483 1410.643306754529 955.5782922133803 0.6598915308713913 57.66332018375397 68.74963001161814 19058.24532988667 2014.635122757405 4935.864772282541 4.63858412951231 13.65428272634745 113.4482545927167 423.1169207841158 76.59983637928963 1983.655803747475 80.42343621701002 1262.513518705964 425.0865522921085 411.6327689811587 213.6656414344907 2.706705994904041 23.6571751832962 3.255437478423119 0 1.913901396095753 57.13485699892044 0 9.562061622738838 276.9908965751529 27.80674773454666 109.0023628175259 80.50428641587496 0.1723082214593887 28.00541703402996 0.5345097109675407 10.70125373452902 2.238394252955914 7.845965214073658 0.122231088578701 0.2746998146176338 0.4001385569572449 41.66326566040516 10.00257258117199 5.150846242904663 5.21754664927721 395.2460185363889 0 1.857821270823479 10.30682461708784 548.2859287187457 4.98052691668272 18.38364265859127 0.087461918592453 1.988216452300549 0.6611860245466232 7.178993806242943 9.451737970113754 254.3570714965463 3.359723672270775 17.18582583218813 10.47647048532963 108.9479248076677 4.540953762829304 0.4214268922805786 2.553323745727539
2696.734489157796 0.3420360535383224 101.1531082764268 39.19532040506601 139.0166761279106 5348.804331429303 3438.27305894345 10056.74527142197 23.94003643840551 2045.052519962192 159.650387018919 959.8749514520168 32.85179482400417 5677.697932139039 210.6172520592809 1.896532088518143 547.7524382099509 56.26629114151001 150.981203339994 198.5207578465343 153.1103560477495 0.8120738714933395 656.1963341906667 305.5499470978975 5.041489012539387 88.32712838053703 91.02277503907681 503.7906059324741 996.1893315985799 3055.152250394225 10.08494532853365 719.0280106291175 15.6692249327898 921.0363236889243 13.86106357723475 506.0124474465847 88.3028971478343 821.6881380602717 334.613570459187 1315.499575167894 207.6040241718292 59.6930475383997 12.08988502621651 0 0.6706442832946777 1.310622200369835 4.363327354192734 0 0.7611784338951111 61.86807251721621 3.08881202340126 15.88071529567242 12.83075988292694 0.5477813482284546 4.997230365872383 1.600700385868549 0.1057318896055222 1.153067827224731 6.470908008515835 0.2826105803251266 0 0.2188944295048714 1.449543289840221 4.698470443487167 1.253670163452625 2.775725156068802 87.19213556498289 1.083858132362366 1.984935984015465 5.338930390775204 129.6622313857079 3.225488126277924 4.865981817245483 0 0 1.071015059947968 6.125251978635788 2.423256196081638 64.17206691205502 5.010555289685726 5.79040615260601 4.319325521588326 24.83752551674843 0.9865657463669777 6.930491961538792 0
0.1980388164520264 743.0180778428912 5.442174851894379 843.8636532127857 41.87575685977936 121.5300306901336 289.0065025165677 23.94003643840551 1381.399923302233 351.021102771163 8.658664897084236 755.1893664896488 124.6627702414989 5.630740210413933 421.955346390605 26.87067955732346 4.182604424655437 2.483203187584877 1.416444584727287 770.4464752972126 13.87114809453487 2865.99846380949 11.20248896628618 10515.99549473077 136.0837576389313 26.24551216512918 507.313692972064 1635.407900162041 7.792214773595333 23.0916470810771 33.92152100801468 0.9402072951197624 0.7011919543147087 8.210891954600811 2.1308713555336 45.06476865708828 9.013468161225319 20.96895503252745 5.370334006845951 288.6527871713042 5.752302721142769 15.86037012189627 1.762965440750122 2.831177450716496 5.471407040953636 3.778691679239273 187.1873294860125 0.2952297627925873 20.35928834974766 119.6011341735721 10.4989173412323 111.5059983953834 172.3927586823702 0.7148159965872765 179.7197374552488 4.496108084917068 2.778434284031391 5.157210864126682 59.47522093355656 0.9779507368803024 0 0.08799293637275696 121.4818927943707 25.82132805883884 43.13170349597931 4.152020588517189 798.6715454831719 2.461050607264042 5.640147753059864 16.36441303789616 534.0072520077229 11.70011782646179 35.04347845166922 0.8126807138323784 0.590904213488102 2.960915386676788 5.009035088121891 0 26.21582320332527 3.311482198536396 18.32302268594503 4.319098964333534 46.25620137900114 2.34710830450058 0.6698839515447617 1.115378975868225
313.4306268468499 0.2831390500068665 31.7281366288662 2005.920689165592 18.92795589566231 6201.296587884426 7903.581864774227 2045.052519962192 351.021102771163 15758.9839483127 118.3790525197983 5516.069716960192 19.09203330427408 2064.665417574346 86.05700144171715 0.3226118683815002 30.99014189094305 63.28312343358994 53.48504032939672 2249.686361774802 18.10536871850491 0.946679413318634 122.100320763886 701.7164060547948 2.952552825212479 60.2359182536602 32.03526272624731 5960.875347137451 1253.48504498601 123.0083385407925 11.43099746108055 48.44273228943348 16.14827997982502 577.5894950553775 54.00018683075905 1247.539177253842 50.4024266526103 1498.451340682805 346.1263778358698 427.6469739153981 239.609168253839 5.218134395778179 29.9061841443181 0.2729033678770065 0.4143910929560661 0.6108631119132042 187.7013777270913 0 36.58847837150097 229.3665091022849 17.87904658913612 125.5264743417501 247.5389427617192 0.09088507294654846 122.0578474849463 0.6169633716344833 7.162393793463707 10.7781166434288 0.9670333415269852 0 0 0.1719845682382584 126.9692119285464 1.933559492230415 0.4225242435932159 0.5727129727602005 287.2654940634966 0.2094898596405983 0.8613365218043327 3.820847183465958 428.1670724898577 0.8332814276218414 1.60909079015255 0.187845304608345 1.1984898224473 0.1320964992046356 2.838053598999977 2.896296009421349 167.1505819708109 1.671672388911247 10.1611202955246 2.830378651618958 175.0827127695084 0.266144298017025 0.7059329003095627 0.1581717878580093
10.22096031904221 34.2465532720089 32.84119705855846 3.767006404697895 21.5128505975008 137.3218666389585 49.0428499802947 159.650387018919 8.658664897084236 118.3790525197983 8195.836416691542 71.45109072327614 2367.09290163219 131.7574506774545 3.93888958543539 4.404768727719784 669.9338443353772 4283.692551419139 1412.888658955693 18.4346914216876 56.67840720713139 17.65451906621456 103.774782538414 33.18752824515104 299.2316281422973 2301.263743884861 557.8021928146482 40.16855473071337 305.9405725970864 74.46972989290953 729.9819118529558 70.77149526029825 4.865380063652992 5521.121504634619 15.53076299279928 606.5393145605922 4237.98714017868 5385.227096218616 1022.294027447701 68.8254461362958 22.52764382958412 1005.771627999842 10.84059706330299 0.1677567511796951 12.94181687384844 4.235556289553642 0.1336909681558609 0 0.2794940173625946 1.930262014269829 0.183901384472847 1.752447679638863 0.1826736181974411 183.0773935392499 0.7586689665913582 956.1248718723655 0.6040809750556946 0 0.7747239470481873 1.235154241323471 12.24932205677032 8.789466544985771 0.4246732294559479 0.9417025223374367 1.289565920829773 0.927507609128952 6.300182737410069 117.5000092610717 118.5803238898516 246.1248294636607 8.823500946164131 0.08615050464868546 0.6800471842288971 91.13286996632814 0.2135280892252922 0 15.36738660186529 4.27154890447855 17.38430242985487 289.85015270859 11.17753975838423 5.093436881899834 0.8018003106117249 1.472719863057137 97.87742882221937 1.383310213685036
5.503205806016922 2.016594588756561 0.2048862650990486 2999.223642468452 134.8374560624361 4280.885120026767 186.6030067354441 959.8749514520168 755.1893664896488 5516.069716960192 71.45109072327614 4412.344577297568 11.1873147264123 363.503517486155 2018.274319089949 0 4.755732595920563 32.37479382753372 25.17342948168516 6605.116556577384 0.5535430088639259 2.608044967055321 2.503651283681393 725.4114313349128 1.635833784937859 27.91886163502932 9.254075117409229 1962.656456775963 276.2503035068512 4.931779503822327 8.113997623324394 30.97465214133263 0.34047582000494 276.980686865747 23.19001507759094 1037.657529637218 19.8362231105566 473.5923972353339 62.39749709516764 2592.993790954351 62.89037127792835 7.222829520702362 2.513967409729958 0.1276649236679077 0.08808452636003494 0 140.4818446040154 0.3226526975631714 64.89847523719072 73.42885642498732 7.364579372107983 224.3183922991157 218.9098318517208 0.3817125856876373 302.5407192781568 0.6933315545320511 1.08038441836834 12.67251996695995 0 0 0 0 163.6605440378189 0.7013695389032364 0.3191362768411636 0 133.9918309599161 0.2040581107139587 1.072178669273853 1.022555753588676 190.2566003277898 0.8294698521494865 2.303430765867233 0.1682021617889404 0.1948618665337563 0 0.7712046578526497 0 199.3243415057659 0.7661142125725746 3.248909771442413 0.2202533185482025 286.6779302507639 0 1.734040223062038 0
0.5183726996183395 714.3579546362162 1.194362580776215 1.00226067006588 9.416638731956482 34.47003869712353 6.244093649089336 32.85179482400417 124.6627702414989 19.09203330427408 2367.09290163219 11.1873147264123 4392.618034027517 15.41104709357023 3.853904269635677 10.33169947564602 2.918654143810272 259.5595921203494 16.15432026982307 4.003010146319866 9.719577923417091 257.0785273388028 11.3029922246933 93.76201822608709 4448.844645418227 423.9661663919687 2828.907744191587 11.40074741095304 49.05147708952427 5.435034058988094 1253.74370316416 19.74381676316261 0 2196.361776091158 3.663863480091095 217.7212599813938 4001.838710069656 3941.392219923437 465.9084668681026 26.90237226337194 56.24437952786684 2114.819094575942 0.8247160017490387 0.1854490637779236 67.67243105173111 1.972964681684971 0 0 0.07110808789730072 1.172061026096344 0.3791147693991661 1.752555981278419 0.1511047184467316 595.6426677256823 0.08305560052394867 2997.377717338502 0.3626895770430565 0 0.6761480867862701 1.159088917076588 12.7650837674737 13.24845670163631 0 0.09903444349765778 2.973050951957703 1.495449595153332 2.809889249503613 665.532446064055 283.8608351945877 670.3965165317059 0.9150920435786247 0.1542913317680359 0 260.6339952647686 0.3519693240523338 0 50.73059630393982 1.516227126121521 22.24243038892746 810.7901290878654 25.06626402586699 6.10585505515337 0 0 488.06980355829 0.9683997631072998
7154.619092106819 0 85.23609371483326 44.70495962351561 14.7410054653883 983.7067208103836 6716.332997493446 5677.697932139039 5.630740210413933 2064.665417574346 131.7574506774545 363.503517486155 15.41104709357023 5126.72549469769 20.91862858831882 0.9020038768649101 394.2970923855901 63.15272320061922 142.5209665372968 132.9883117824793 122.3475241139531 1.104316368699074 498.1755562350154 121.5039035826921 1.06659796833992 77.56948878616095 69.36545019596815 497.5883868858218 7502.460998944938 3386.62815362215 9.690527014434338 168.509271427989 27.52711332589388 1154.503536149859 8.173810958862305 311.2312202528119 57.71466856449842 617.806566298008 91.87130860984325 164.2252547070384 22.54769735783339 8.543812967836857 4.020273618400097 0 0.7574746832251549 1.081928983330727 3.20468332618475 0 0.4593071639537811 13.21774934232235 1.244960390031338 5.445504002273083 1.940218105912209 0.6412775665521622 1.312314823269844 1.159755162894726 0.4313703775405884 0.8281728029251099 5.442545562982559 0.1331379562616348 0.07695805281400681 0.4539962038397789 1.114474177360535 4.818368025124073 2.192006967961788 2.235584914684296 23.1334560662508 0.4695748537778854 2.015859521925449 4.958799563348293 38.57293695956469 0.7025411874055862 2.981364168226719 0.09738600254058838 0 0 2.51921334862709 0.7996065616607666 24.63851433247328 1.039700493216515 1.249198295176029 1.107608139514923 4.444275207817554 1.120284676551819 0.5990989357233047 0
0.9317269846796989 9.22433540225029 0.263828806579113 34.68837092071772 961.4114503636956 2538.582875840366 13.08061018586159 210.6172520592809 421.955346390605 86.05700144171715 3.93888958543539 2018.274319089949 3.853904269635677 20.91862858831882 954.9670375138521 0 0.4941039979457855 1.409493438899517 0.6159131154417992 205.142639502883 0 42.33392277359962 1.138679943978786 408.3764873817563 2.630927786231041 1.552944801747799 10.0684911236167 57.15253943949938 23.53723312914371 1.317663952708244 0.4535813853144646 106.4344006255269 0.1534604132175446 17.16881864517927 3.935599461197853 50.88951992243528 1.525568656623363 21.83525318652391 5.399427928030491 1705.8622167781 58.1054805368185 0 0 0 0 0.5573993623256683 0.9196694642305374 0 0.8264827132225037 1.904224246740341 0 3.653343498706818 1.824727319180965 0 2.382912680506706 0 0 0.9508532285690308 0.3396093100309372 0 0 0 0.5962260663509369 0.1690820008516312 2.500524386763573 0.179505929350853 1.069391399621964 0 0 0.4050921052694321 2.212920472025871 0 0 0 0 0 0 0 4.984282821416855 0 0 0 4.474241971969604 0 0 0
0 78.20579711347818 14.72994994372129 0.6120763123035431 0 0.9935242086648941 8.415314316749573 1.896532088518143 26.87067955732346 0.3226118683815002 4.404768727719784 0 10.33169947564602 0.9020038768649101 0 1409.394693940878 20.21484163403511 1.198695778846741 3.922322139143944 0 2807.142502270639 2398.796974629164 4281.219956442714 1760.956225425005 31.15474845468998 17.30050674080849 3365.59527656436 1404.293426468968 8.969335868954659 32.41615329682827 3.022389210760593 0.3590748012065887 3.594260513782501 39.02289022505283 19.15553567558527 681.0865683853626 435.9649646356702 141.1254656612873 157.586404800415 32.13941987603903 8.779248967766762 26.48793116956949 2.021676354110241 2.184337481856346 15.41757633537054 49.83998012542725 0 0 1.139170408248901 20.75850263983011 3.312925733625889 46.31549954414368 2.358595311641693 2.50824062526226 0.1020586118102074 4.988296665251255 1.257650978863239 0 2912.443523667753 2.79599779099226 0 1.669387377798557 0.3470761626958847 778.0834353417158 1878.480467446148 1536.912578575313 367.0686321929097 2.445988446474075 7.933262847363949 682.8265139237046 332.3754131123424 12.67960087954998 104.6987036094069 0.3429965376853943 0.5770512372255325 4.116268381476402 47.2837340310216 6.956199698150158 204.1613251715899 24.15872456878424 47.57835405319929 31.04768390953541 11.50546246767044 5.765338644385338 26.97261862456799 1.338989078998566
148.6617738232017 13.09484240412712 1595.715943656862 0.4002491533756256 0.4051328599452972 97.55829213559628 107.9947110936046 547.7524382099509 4.182604424655437 30.99014189094305 669.9338443353772 4.755732595920563 2.918654143810272 394.2970923855901 0.4941039979457855 20.21484163403511 812.0374714955688 206.6500331908464 2617.063991725445 1.60473146289587 851.3731455951929 46.67987275123596 5377.110558219254 41.95145510882139 1.300468154251575 963.1466680243611 1723.253047555685 123.460266828537 310.1340546607971 846.6658686771989 3.451492436230183 1.748782962560654 46.73473954200745 3958.169853746891 49.04417125880718 1308.259640395641 3216.936746999621 3828.57514090091 673.022640094161 45.94022902101278 14.74669514596462 14.91245666146278 10.36755772680044 0.1353270560503006 31.86385501921177 171.6612247601151 0.5813238024711609 0 0.9590586572885513 3.352701209485531 1.433379583060741 0.9908246695995331 0.1105894967913628 0.4101522192358971 0 0.5336525365710258 0.5569323897361755 0 8.950398206710815 29.1648818179965 0.5897554978728294 10.19611750543118 0 6.503279946744442 4.35187029838562 23.15620348602533 9.198705986142159 1.008919283747673 150.4315226823092 282.3037422150373 6.476024813950062 0.111698679625988 1.827640138566494 0.3288667052984238 0.2900349199771881 0 6.125081688165665 13.47771769016981 24.09646195173264 82.80523309856653 8.677784509956837 2.937032610177994 0.6405214071273804 0 0.09695419669151306 0
5.213749051094055 4.593044191598892 51.19245301932096 3.390273436903954 3.645730644464493 49.80630208551884 24.30473237484694 56.26629114151001 2.483203187584877 63.28312343358994 4283.692551419139 32.37479382753372 259.5595921203494 63.15272320061922 1.409493438899517 1.198695778846741 206.6500331908464 381.8375252708793 2155.612854041159 10.08628560602665 19.94807799905539 3.264663763344288 85.33449130505323 12.37234979122877 44.05275528877974 2965.610634557903 369.1189188957214 20.31502789258957 103.8023978322744 25.93713193386793 425.4024550020695 19.70673509687185 3.214946903288364 1172.091624297202 13.03552573174238 640.8024728894234 1696.976469188929 1856.741556279361 513.9302358478308 35.16513406485319 3.967469789087772 23.2645528614521 4.455895684659481 0 10.72321070730686 1.64196465164423 0.3567618802189827 0 0 2.555279672145844 0.1730209216475487 0.7295270934700966 0.300346314907074 17.91676199436188 0.08712811022996902 276.4786543250084 0.08925344794988632 0 0.5043919607996941 3.05491890758276 14.86998099088669 34.55132579058409 0 0.943797342479229 0.4248674958944321 0.7476967945694923 3.131123602390289 73.95604249835014 298.2228296026587 494.8975404798985 3.197497397661209 0.08720242232084274 0.236916184425354 61.80551773309708 0.3749159723520279 0 2.710705809295177 2.585019171237946 4.042811565101147 24.55535179376602 6.058225251734257 1.754195384681225 0.1776389852166176 0 0.3431005626916885 0.3462261557579041
32.38853871077299 10.95190312713385 312.0285566076636 1.978889636695385 1.957968153059483 50.32225396484137 38.99659410119057 150.981203339994 1.416444584727287 53.48504032939672 1412.888658955693 25.17342948168516 16.15432026982307 142.5209665372968 0.6159131154417992 3.922322139143944 2617.063991725445 2155.612854041159 1427.424959301949 7.010572701692581 151.0017837136984 6.504812143743038 744.9251199364662 14.99924472719431 8.559087172150612 4757.252605505288 807.7829344570637 32.83329778909683 136.1462561562657 116.5981699675322 43.01392761617899 5.847913146018982 11.55277606844902 3235.019310280681 50.47603949159384 1673.185337662697 2183.837902478874 3308.855996847153 712.9974475353956 46.12604556977749 6.426543369889259 11.52668704092503 7.994983278214931 0.2613739222288132 53.87765815109015 22.8193471878767 0 0 0 2.09226693212986 0.3326059281826019 0.566578134894371 0 2.874777935445309 0.2326856404542923 19.8117001876235 0.6056458801031113 0 2.773652009665966 19.34396681189537 4.319739557802677 73.19069300591946 0 0.8472780957818031 0.8055614531040192 3.453882120549679 3.569852814078331 15.33149912208319 472.5168991312385 472.201548345387 3.834383331239223 0.4449309110641479 2.095206879079342 10.2441630885005 0.09150045365095139 0 6.260442636907101 10.64943507313728 15.89812375605106 81.6340945661068 9.137215159833431 4.286173790693283 0.5682502388954163 0 0.2369553670287132 0.199169784784317
5.658987395465374 0 0.4158384874463081 3241.282786563039 7.442352272570133 210.222913056612 54.5436182692647 198.5207578465343 770.4464752972126 2249.686361774802 18.4346914216876 6605.116556577384 4.003010146319866 132.9883117824793 205.142639502883 0 1.60473146289587 10.08628560602665 7.010572701692581 604.9289142042398 0.0897769033908844 0 1.346855081617832 492.7544517293572 0.5271233767271042 7.195540122687817 4.049092017114162 3167.616579070687 147.0729555413127 3.473004341125488 1.579831041395664 6.511093303561211 0.8661900162696838 91.79563345015049 5.394224390387535 423.0512226819992 7.867476761341095 216.7865256518126 47.8465523570776 665.5390825793147 44.03879873454571 0.8471297547221184 2.597543612122536 0 0.08682715147733688 0.2605175971984863 141.5985908433795 0.5243281722068787 41.46705770492554 99.7240489795804 10.51181669533253 129.0081942602992 192.3873339220881 0.1534306406974792 161.8492459207773 0.1790158227086067 2.090217843651772 9.405598431825638 0 0 0 0 119.3802723512053 0.3115698397159576 0 0.1079787760972977 172.9465431421995 0 0.09713437408208847 0.08542182296514511 232.8645660802722 0.3385366275906563 1.697688803076744 0 0.6346660703420639 0 2.251362606883049 2.377562686800957 153.2600552886724 0.1298533380031586 6.438753932714462 1.634741902351379 185.3405030220747 0.9257427677512169 0.743436373770237 0
47.78818377107382 6.460899956524372 534.2666774988174 0.4024389833211899 0.0959315150976181 28.96096289902925 220.5742214098573 153.1103560477495 13.87114809453487 18.10536871850491 56.67840720713139 0.5535430088639259 9.719577923417091 122.3475241139531 0 2807.142502270639 851.3731455951929 19.94807799905539 151.0017837136984 0.0897769033908844 11835.77646704018 136.7039414644241 15509.66622331738 281.542667016387 36.5748138204217 128.2528804689646 733.4876960143447 4890.450118973851 270.839099176228 6269.863351970911 1.382252670824528 0.1380426436662674 95.56953594833612 3639.914677858353 280.1387847065926 6709.714882746339 1838.305532440543 5774.685822844505 2615.017966777086 237.445911064744 21.69394374638796 54.65052503347397 41.37514574825764 2.331369243562222 2.20817755907774 14.7087530195713 0 0 0.8179084360599518 22.22547920793295 1.049454905092716 20.82260851562023 1.715348146855831 3.33821015805006 0.1184047609567642 12.42351967096329 1.937362506985664 0 798.3245643302798 1.58709766715765 0 1.290971480309963 0 763.0222588405013 284.0721750184894 360.8709466904402 311.0334263369441 0 3.892020255327225 35.16199956834316 370.6048349142075 17.8388958349824 157.9034511372447 0 0.1737576127052307 3.596240572631359 95.4222961217165 48.58143059164286 361.2891967967153 15.35694447159767 35.52290932834148 29.27094153314829 30.05607122182846 7.303176671266556 48.34760594367981 4.146388024091721
0 2538.762719787657 93.33526154607534 0.1155932545661926 0.8223223388195038 0.7605547830462456 1.642124831676483 0.8120738714933395 2865.99846380949 0.946679413318634 17.65451906621456 2.608044967055321 257.0785273388028 1.104316368699074 42.33392277359962 2398.796974629164 46.67987275123596 3.264663763344288 6.504812143743038 0 136.7039414644241 630.9170768633485 632.1272450387478 5592.633623510599 403.4939075931907 54.17211909592152 3380.102165848017 163.9640705734491 1.47859364002943 2.79706409573555 57.3409286737442 0 0.2129600793123245 25.17949317395687 3.516301557421684 200.5837058871984 62.77604708075523 53.71468990296125 28.31495930999517 33.55090533196926 0.7155841141939163 43.60402625799179 1.924158990383148 0.5159216225147247 55.76437298953533 191.3027771189809 0.4871092140674591 0 0.12066550552845 6.068995840847492 0.6670781001448631 103.8930051252246 1.223492324352264 1.437961086630821 0 8.849449209868908 0.4397178664803505 0.6271979808807373 1034.788029924035 6.83154958486557 0.1404404193162918 3.256273329257965 0 111.5732629150152 695.5483390018344 411.3236220926046 145.1282657310367 4.138493433594704 25.38047430664301 2243.45970480144 64.09434311836958 2.171730846166611 8.884080469608307 1.765928357839584 0 0.9496876895427704 4.809814035892487 2.372826367616653 36.33278716355562 41.74312076717615 32.32113562524319 17.07684963941574 1.244741827249527 0.1008150801062584 0.8524153530597687 0
189.9535817429423 19.02920354902744 12648.20957496017 0.8116511777043343 0.8173197954893112 161.6043293699622 1410.643306754529 656.1963341906667 11.20248896628618 122.100320763886 103.774782538414 2.503651283681393 11.3029922246933 498.1755562350154 1.138679943978786 4281.219956442714 5377.110558219254 85.33449130505323 744.9251199364662 1.346855081617832 15509.66622331738 632.1272450387478 16979.68909552693 713.8323254287243 27.35253262519836 2289.979595139623 11194.49525462091 5086.659328624606 223.9849096089602 3054.147324904799 5.635395795106888 2.826204992830753 38.41344737261534 2981.172415442765 520.6549510806799 10059.75280355662 7198.003618642688 9557.464317180216 6732.159198626876 529.5580839961767 86.22421631217003 51.8036715388298 127.40107575804 0.1515688747167587 28.75630410015583 422.6998902782798 0 0 1.430159464478493 36.68606661260128 5.085930466651917 8.29688211530447 2.391439437866211 0.3241184502840042 0.2822433114051819 8.472312696278095 2.855666533112526 0.3577237725257874 2737.778647959232 15.82369979470968 0.2578890174627304 5.793572202324867 0 380.3552433848381 1114.6000463292 2053.75119510293 100.4159855023026 0.6970812156796455 56.59383472800255 2076.979385793209 130.046831086278 3.014789588749409 58.07476429641247 0.364933542907238 0.8552878946065903 1.396761655807495 52.46180943399668 115.0135096907616 277.6000483706594 102.7152543142438 93.36385042220354 73.22185855358839 18.96331524848938 2.899494737386703 41.47701987624168 7.650630310177803
21.08129684627056 700.9683075919747 64.76483228802681 1497.337129198015 6.03008384257555 153.2812565341592 955.5782922133803 305.5499470978975 10515.99549473077 701.7164060547948 33.18752824515104 725.4114313349128 93.76201822608709 121.5039035826921 408.3764873817563 1760.956225425005 41.95145510882139 12.37234979122877 14.99924472719431 492.7544517293572 281.542667016387 5592.633623510599 713.8323254287243 7904.994096510112 131.6124584823847 47.94855785369873 1683.533067189157 9238.938613183796 672.5466008335352 551.4088549986482 26.70500890165567 10.16683813929558 106.9176726341248 268.6431825757027 101.4872847124934 2155.176962956786 141.0025817453861 828.6863075122237 313.1754316315055 654.9251755774021 105.7595970630646 26.76984316110611 18.3600098118186 17.62828458845615 15.81050693243742 32.18730376660824 350.0378190651536 3.723276659846306 67.54705869406462 874.7307568788528 94.94864191114902 1109.025009810925 404.7487824112177 4.068420045077801 205.0028614848852 4.376067005097866 47.78155711293221 18.65192154794931 452.1712106838822 4.395158976316452 0.2988201752305031 2.365753941237926 227.1248785927892 371.4611927345395 509.6912799701095 128.4479228556156 2977.791749984026 2.212333619594574 9.551946066319942 135.1268935874104 2998.347988799214 87.76366195827723 285.7975533604622 0.5903025940060616 10.22548830509186 17.38972403109074 57.05068626254797 11.70264647901058 640.3943047747016 22.36333868652582 106.7459882050753 54.04491641372442 394.383491538465 21.52657055109739 19.1937947794795 4.694325163960457
0 1075.105735249817 0.4974277839064598 0.08868230879306793 2.766666531562805 4.824344508349895 0.6598915308713913 5.041489012539387 136.0837576389313 2.952552825212479 299.2316281422973 1.635833784937859 4448.844645418227 1.06659796833992 2.630927786231041 31.15474845468998 1.300468154251575 44.05275528877974 8.559087172150612 0.5271233767271042 36.5748138204217 403.4939075931907 27.35253262519836 131.6124584823847 525.9359481334686 462.1137144640088 4067.81114090234 29.7719189748168 10.63099576532841 20.18426695466042 518.0340911075473 4.794900879263878 1.766462042927742 931.3458305373788 2.638513684272766 395.8033682927489 460.0077829807997 798.225822918117 147.6768120825291 15.77504431456327 56.04219661653042 1134.277740702033 7.084676682949066 0 126.484074883163 2.451727025210857 0 0 0 3.630737781524658 0.2454415261745453 2.634308770298958 0 138.1498572155833 0.7780923247337341 1642.867612928152 0.1100432053208351 0 1.635659217834473 1.245781049132347 3.15596054494381 9.228147774934769 0 0.5028889775276184 4.149527877569199 1.244009330868721 1.148233190178871 309.6229527741671 193.1624022200704 772.6310311853886 1.599002674221992 0.1413969695568085 0 61.72395918518305 0.4206737130880356 0 73.73065941035748 0 142.3522950708866 93.23219336569309 40.20307493209839 8.651612751185894 9.390128366649151 3.090533256530762 189.1041508167982 4.61432409286499
11.23377235978842 289.2060702592134 3021.695024557412 2.046251818537712 3.32694261521101 59.82646308839321 57.66332018375397 88.32712838053703 26.24551216512918 60.2359182536602 2301.263743884861 27.91886163502932 423.9661663919687 77.56948878616095 1.552944801747799 17.30050674080849 963.1466680243611 2965.610634557903 4757.252605505288 7.195540122687817 128.2528804689646 54.17211909592152 2289.979595139623 47.94855785369873 462.1137144640088 26146.35765342414 8283.495408847928 54.63367520272732 90.41543743759394 38.32934749126434 689.2145749926567 17.3317014425993 3.773182742297649 1022.413432665169 47.33452145010233 2005.030316226184 6811.798389643431 2571.956390507519 757.9172537624836 73.00239000469446 8.490114726126194 68.94143681228161 10.98659384250641 1.694866426289082 629.0236259773374 168.6658131480217 0 0 0 5.70081527531147 1.606133691966534 2.230690181255341 0.8201132863759995 44.16506025195122 0 761.2443954795599 3.732469797134399 0 1.874827586114407 227.0126693770289 48.49316485226154 420.0856131985784 0 1.984986677765846 4.175750620663166 16.4715550839901 6.447807036340237 478.787001311779 3801.012842670083 4996.954124338925 4.1942148655653 1.538408175110817 6.598599411547184 164.281924687326 0.8406872153282166 0.1221870854496956 29.6712761297822 10.44354778528214 99.43011811375618 606.1773451194167 82.60654377192259 20.49443195015192 1.384690538048744 0.219832643866539 2.311304554343224 0.4409437030553818
19.29094848036766 6734.400043152273 4101.125129327178 1.11675701290369 1.184205256402493 31.75536801666021 68.74963001161814 91.02277503907681 507.313692972064 32.03526272624731 557.8021928146482 9.254075117409229 2828.907744191587 69.36545019596815 10.0684911236167 3365.59527656436 1723.253047555685 369.1189188957214 807.7829344570637 4.049092017114162 733.4876960143447 3380.102165848017 11194.49525462091 1683.533067189157 4067.81114090234 8283.495408847928 28147.2142707482 1153.88471353054 83.57596387714148 93.7506800070405 1147.873978450894 5.687857948243618 10.28494261950254 1098.309836164117 170.5045095160604 5107.51354072988 4785.195391476154 3577.802016019821 1476.326121866703 246.7745182290673 36.36454439908266 78.1097114533186 49.51458068937063 4.822947479784489 3924.311736285686 2966.239344343543 0.1674267202615738 0.1152696385979652 1.328517518937588 45.51236084103584 5.140423774719238 33.18163435906172 3.004823081195354 53.16424127668142 0 703.3990113437176 6.162272818386555 0.5914561897516251 596.5185805112123 462.5557149127126 46.37682194262743 430.6051516532898 0 46.00805276632309 885.7681567072868 1242.872793771327 121.3168276548386 937.4141992256045 5112.501206353307 15590.4218993932 49.69329189509153 3.423621065914631 22.55865844339132 172.4552968591452 1.187982939183712 0.7275756597518921 101.2790363356471 61.00153764337301 348.0967575237155 971.0289877280593 298.2606532275677 95.66154537349939 6.789509482681751 0.9876717031002045 10.40214231610298 2.501034028828144
84.51986026018858 15.6175659969449 160.1817320734262 1654.458665721118 5.898216441273689 729.5104702487588 19058.24532988667 503.7906059324741 1635.407900162041 5960.875347137451 40.16855473071337 1962.656456775963 11.40074741095304 497.5883868858218 57.15253943949938 1404.293426468968 123.460266828537 20.31502789258957 32.83329778909683 3167.616579070687 4890.450118973851 163.9640705734491 5086.659328624606 9238.938613183796 29.7719189748168 54.63367520272732 1153.88471353054 25911.88523681462 1635.057602033019 8460.913418583572 4.45765520632267 11.98052670061588 316.1337286159396 912.10359762609 231.5207071900368 5118.865718975663 298.0426237434149 2364.507070727646 903.0904864892364 535.5099782720208 167.9983517229557 35.82372933626175 37.13739803433418 14.17993548512459 3.380000025033951 19.11610532552004 213.8703894019127 0.7352812439203262 42.91165275126696 655.9804428741336 67.50088480114937 407.292333945632 267.8094271197915 2.259379215538502 133.0987201407552 9.617429450154305 41.55727551877499 9.289606690406799 294.3393897935748 2.260848551988602 0.6618103235960007 0.6967403739690781 135.9711777865887 364.9304795712233 143.9996466338634 87.16410492360592 1737.405647858977 0.7537688612937927 5.024748794734478 103.8739701882005 1924.907722592354 69.7059381455183 262.1741936355829 0.5613427385687828 7.557223096489906 9.259019926190376 72.70785876363516 26.98973186314106 674.3404289931059 12.12790299206972 103.4775313138962 42.47701363265514 304.1433755233884 14.62471851706505 31.89354860782623 6.003110110759735
