509.8062765449286 0.97495998442173 96.8626637160778 11.62252169847488 0.4885240718722343 6.88473604619503 1957.842401117086 99.35235125571489 85.34061110019684 90.49340803921223 10.87094118446112 5.498127371072769 3.805376343429089 3228.781324855983 2.491437532007694 1.187996655702591 104.9772529751062 0.9737803786993027 6.490763023495674 11.99406537413597 318.6484148576856 2.453251220285892 262.9330598264933 252.8312591686845 0.1925923228263855 18.15353689342737 17.35430566221476 197.5570390895009 3618.948634713888 4127.458681769669 0.2749314233660698 5.00850073993206 78.53894994407892 548.1021830514073 4.608032584190369 111.7418386638165 5.037122428417206 535.3836685940623 82.08466944098473 8.001462191343307 15.90340957790613 1.248258136212826 7.121694698929787 12.43101711571217 0.2222631648182869 0 0.94780632853508 0 0.1231740787625313 10.3139733672142 0.1159904897212982 11.96829011291265 1.425829641520977 0.09537859261035919 0 0 3.23616524040699 0 0.5520209819078445 0.1139208525419235 0 0.1528071910142899 2.154960110783577 0.7698282599449158 2.019167006015778 2.484653741121292 21.84902927279472 0 0 5.154139161109924 33.65638744831085 18.01560002565384 22.82617103308439 0 0 2.238856121897697 4.678300760686398 0.8753548264503479 17.50395669788122 1.036941803991795 5.274414755403996 2.79211787879467 1.369420759379864 0 0.111593596637249 0
0.97495998442173 135.1331804096699 564.9736065417528 0 1.156683743000031 1.141744866967201 5.294384017586708 3.228407822549343 524.7577271908522 2.502391412854195 98.68253009021282 4.213004350662231 497.531757414341 3.320707954466343 30.69052721560001 226.5947491675615 104.1719023957849 2.207297459244728 76.98565374314785 0 19.97893233597279 1379.330010153353 134.5294674709439 1031.994127884507 2021.202990174294 606.450023047626 10085.05555551499 58.41114033013582 2.300129026174545 5.980284936726093 5.166900724172592 0.3166868686676025 0.2367890402674675 78.75647174566984 3.029498904943466 205.9330456331372 218.3217709586024 316.2692621946335 82.91192875802517 16.13692653179169 0.537251353263855 89.88988289237022 2.45376344025135 0 20.77316275238991 36.00940455496311 0.1393172740936279 0 0 0.4934029653668404 0 0.8174978047609329 0.1296019554138184 2.768300890922546 0 23.99804025143385 0.1617077738046646 0 0.4116306006908417 173.3841148167849 0 152.3201327621937 0 1.189783707261086 2.902165830135345 8.861152738332748 1.798512361943722 9.878948122262955 253.4289596453309 1381.588958591223 0.8301665931940079 0 0.5252120047807693 4.15677048265934 0 0 5.060139946639538 0.6797139644622803 21.83100132644176 10.49567379057407 10.14293593913317 7.289955317974091 1.173242591321468 0 1.70605930685997 0
96.8626637160778 564.9736065417528 4279.234055265784 7.462763890624046 0.3253972828388214 111.8836934193969 1081.529807396233 716.4849743172526 147.9160486087203 620.983156889677 16.27055602520704 3.856027729809284 3.991296827793121 711.8075398728251 1.147521547973156 32.58363767713308 9190.534612983465 9.556744486093521 383.5828465372324 10.639001339674 922.244315892458 284.8278957158327 8005.681605815887 68.8124530762434 6.486380890011787 5772.966854080558 17171.70149386674 144.9728872999549 90.18859103322029 560.8085549622774 0.09236568212509155 7.394849322736263 0.17789426445961 590.6916358694434 26.87474022805691 962.6914308145642 274.9079670086503 1848.277237020433 877.9485987946391 67.16080353409052 9.466596245765686 2.772084712982178 7.84223947674036 4.941953592002392 500.572997584939 626.641804754734 0.7980848327279091 0 0 21.52722860872746 0.9650306850671768 7.676612533628941 2.912849418818951 2.944434568285942 0.6883672475814819 2.763131752610207 4.723853640258312 0 44.98843370378017 738.2845293954015 1.338563650846481 76.83383988589048 0.9526857361197472 17.01047071069479 132.4366944953799 706.926652662456 40.52211453765631 3.564482316374779 332.0849559530616 4826.66556122154 41.08490318804979 7.045620761811733 20.76568711549044 0.7809721753001213 0 0.6950398534536362 129.4782520383596 7.608284398913383 368.0657515600324 95.04691724479198 225.8173324540257 158.1948497146368 14.81313914060593 1.216584801673889 0.3260557651519775 4.521192975342274
11.62252169847488 0 7.462763890624046 3120.405842602253 0.5742626115679741 115.9430345445871 114.8285079225898 64.24826610833406 1684.417747303843 4457.719888441265 1.704824827611446 5775.87296423316 2.182522341609001 64.06652143597603 31.79925611615181 1.009510964155197 1.092545904219151 0.124103270471096 0.3109816610813141 3326.999422185123 2.126116015017033 0.1681067198514938 3.374024577438831 3265.907012432814 0 2.295826464891434 3.732302844524384 6698.541304878891 177.2145556434989 1.888444036245346 0.2820628359913826 3.379212513566017 3.760817766189575 38.88551390171051 3.538653060793877 167.0501259639859 2.421530991792679 104.6396268755198 39.25473915785551 29.94055358320475 16.81648100167513 0.40910355001688 3.332796528935432 13.68006623536348 0 0.1514246165752411 243.3659847006202 0.1861045360565186 3.792015954852104 220.3219856470823 12.40067057311535 139.7755864113569 161.2938339710236 0.6609528660774231 90.84040137380362 0 22.01330585032701 5.918112456798553 0.1250923275947571 0 0 0 103.7287396341562 0.3682076930999756 6.048355489969254 0.3527032434940338 267.4266962260008 0 0 0.8774840161204338 312.1896573975682 22.40348697453737 10.79327125102282 0 0.2779708802700043 0.1225974634289742 5.235328003764153 0.2839885056018829 18.91002599149942 0.3911938369274139 10.73964951187372 4.693691782653332 82.61979063600302 2.219391226768494 0 0.2319911271333694
0.4885240718722343 1.156683743000031 0.3253972828388214 0.5742626115679741 89.53958585858345 164.0614325627685 5.467206731438637 671.969650529325 71.42270644754171 7.120270408689976 0.5029925107955933 52.84858460724354 1.251635104417801 19.89289423823357 837.2338309586048 0 0.5041336566209793 0 0.09546642005443573 0.3716238439083099 0.8027891144156456 4.811640933156013 1.156505823135376 10.60599267482758 0 0.4029703885316849 4.090428099036217 3.287564665079117 215.8616164848208 3.085909076035023 0 805.1580135077238 0 5.759620532393456 0 7.54659016430378 0.356332004070282 3.310786135494709 1.746597699820995 1333.243700191379 15.9675517976284 0.290566623210907 0 0 0 0 2.177774459123611 0 0 0.1985864192247391 0.8262335062026978 0 0.3916727006435394 0 0 0 0 0 0.2306873425841331 0 0 0 0.9116329848766327 0 0 0 3.287840068340302 0 0 0 0.3571261167526245 0.1058928295969963 0 0 0 0 0 0 0 0 0 0 0 0 0 0
6.88473604619503 1.141744866967201 111.8836934193969 115.9430345445871 164.0614325627685 11721.93624770641 728.8765189573169 8963.379932031035 248.5761113613844 10812.33735585958 9.533099666237831 2267.182723812759 12.53130932152271 755.6151138395071 2208.947343468666 0 24.03787472844124 0.4818777963519096 2.815509259700775 349.7474772334099 73.48377717286348 2.777405738830566 68.33822699636221 74.6655576005578 6.589437425136566 13.55570025742054 24.68579181283712 357.3719252571464 977.3259968310595 88.70088343322277 0.4191101640462875 2064.644218876958 0.5809693485498428 137.0491846874356 0.36644247174263 333.52819865942 8.181586198508739 173.5810682997108 63.94369699060917 2018.739750795066 47.63015715777874 7.577566765248775 4.746894598007202 0.9515902400016785 0.1025383472442627 0.1134234517812729 7.304428368806839 0 0 15.64074596762657 0 3.986076422035694 9.792955949902534 0 3.766774237155914 0 1.296192646026611 1.380756378173828 0.2210065722465515 0.3538058400154114 0 0 7.42310419678688 0 3.192260637879372 1.953230664134026 12.5335354283452 0 0 3.282890982925892 12.87302128225565 1.874318242073059 0.6572673618793488 0 0 2.518727377057076 0.108955442905426 0.2131509184837341 4.739020213484764 0.760298416018486 0.5973307490348816 0.3806637451052666 9.850030064582825 0 0.3471087142825127 0
1957.842401117086 5.294384017586708 1081.529807396233 114.8285079225898 5.467206731438637 728.8765189573169 10628.49047587812 5168.497413933277 777.0411666333675 8234.470135547221 5.998465433716774 43.94957103580236 5.438537821173668 9523.343254514039 76.37447707355022 46.4236471131444 59.53408696502447 0.39185880869627 3.512591943144798 125.1789184361696 1116.767670176923 116.4621526226401 1531.721993044019 6811.382136248052 1.590904712677002 26.21180932223797 347.0249840021133 25544.67751356214 1201.764452949166 5190.78174906224 0.2430665567517281 29.32999050617218 14.72930970042944 151.2358485907316 12.29584766924381 685.2513895407319 22.29652725160122 299.7134210467339 130.3161220178008 51.70185265690088 21.82989345490932 1.293147332966328 6.94305370002985 122.0803404226899 1.174997702240944 1.324985049664974 102.2261180058122 0 9.776489309966564 436.1209440305829 25.31191777437925 259.9587574601173 169.7817868441343 6.859880208969116 9.998447522521019 0 113.1098877117038 0 34.14012065529823 1.061261430382729 0.637868843972683 0 86.45555502921343 4.060386694967747 39.33273037523031 53.63819605112076 234.4055632203817 0 3.800561159849167 25.44297179579735 303.2422887682915 134.4181081801653 103.5376456007361 0 0.1388609409332275 3.581163622438908 37.1241589486599 6.249201685190201 191.8278703317046 3.275791324675083 84.45686995238066 23.63513683527708 29.04098034650087 7.444952175021172 0 2.32078693062067
99.35235125571489 3.228407822549343 716.4849743172526 64.24826610833406 671.969650529325 8963.379932031035 5168.497413933277 11840.33620413393 95.77744067460299 8058.175720013678 20.82873032987118 921.4986683428288 49.18133664876223 6175.649115666747 154.310115903616 2.320609174668789 246.6375614628196 2.773918308317661 16.72993315011263 206.8204017430544 603.6717383861542 4.789514437317848 611.186607375741 198.4298042953014 1.526704020798206 72.46403061598539 128.5333177670836 396.2575594112277 2223.637381017208 1436.702621772885 0.1698457971215248 1550.308455117047 5.359767258167267 289.8423826918006 2.540415957570076 380.4256455153227 24.27104252576828 311.1283752694726 140.1038248687983 532.8868503719568 209.1426497399807 31.79421474039555 16.04011568427086 10.05004275590181 0.9778520613908768 1.976330697536469 5.764730781316757 0 0 14.48381943255663 0.2465866580605507 8.833973616361618 6.568682216107845 0.1350331753492355 0.7361483573913574 0 8.334162138402462 0.3999922573566437 4.039663523435593 1.575097873806953 0 0.3944583162665367 2.075726896524429 1.244834877550602 3.133378252387047 9.757501438260078 18.07854556292295 0 0.5810153856873512 34.61193499714136 25.37101062387228 15.27918142080307 8.740477524697781 0 0 0.6029570549726486 3.157075807452202 2.08013391494751 12.05036043375731 3.004441171884537 8.286373399198055 4.215854480862617 3.321314066648483 1.346833363175392 3.701556213200092 0
85.34061110019684 524.7577271908522 147.9160486087203 1684.417747303843 71.42270644754171 248.5761113613844 777.0411666333675 95.77744067460299 1327.567118637264 292.5227121114731 3.430555380880833 1785.712197586894 5.134427852928638 159.9125165045261 1588.235433548689 146.7860079109669 51.93187152594328 0.5167933404445648 6.849247649312019 932.883797518909 1235.83448278904 3589.671673513949 183.9712954834104 10059.79454031587 14.47282473742962 25.60262224823236 957.9865384921432 1588.112055435777 572.1373439356685 2071.428516328335 0.299180343747139 18.87088567763567 243.0918465331197 275.9583152905107 36.94205003976822 1435.457004643977 86.13416676223278 367.3634025752544 179.7546263188124 557.3783960193396 34.37659549713135 1.367159351706505 25.76973254978657 104.0670125707984 5.334925979375839 0.9574079588055611 276.3282115310431 0.2228094413876534 9.551416367292404 321.2027441635728 13.19332010298967 150.0441958606243 133.1498828902841 4.303013496100903 290.1930809393525 0.298930324614048 75.85297355055809 15.24630938470364 310.4074655920267 1.679716438055038 0.4012822583317757 0.9423671439290047 85.1490935459733 74.92790520191193 162.8737734556198 61.35564734041691 1205.04663426429 0.488463893532753 2.312048755586147 23.68473868072033 871.1904057040811 251.6590200662613 222.7710370793939 0.1173966601490974 0.2980466783046722 24.78285525739193 67.8472198843956 14.01032003760338 222.8528134450316 13.67001040279865 101.9116661846638 26.85850286483765 245.8736534267664 5.160125084221363 0.563711017370224 1.627722859382629
90.49340803921223 2.502391412854195 620.983156889677 4457.719888441265 7.120270408689976 10812.33735585958 8234.470135547221 8058.175720013678 292.5227121114731 35485.42380475998 31.9044861420989 4003.071026727557 16.56632452458143 3536.688343219459 39.44060131907463 9.102992035448551 42.21301661431789 1.652612537145615 7.508818306028843 2844.11196937412 342.2727393507957 14.73709665238857 398.1126677617431 1828.437523916364 1.340723805129528 39.46102744340897 126.7956653535366 12534.64365486801 1592.202909119427 234.7539147511125 0.8425454199314117 79.76602724194527 13.72642832994461 486.870374456048 9.775782629847527 1179.46233279258 35.67857795953751 825.3277030289173 244.327002055943 191.8697796538472 90.75583997368813 10.553686670959 23.83568288385868 37.21911314874887 1.727172791957855 0.6587986350059509 184.1708505377173 0 5.228702366352081 277.318263836205 14.65014192461967 126.8092993870378 185.2716024443507 1.405555196106434 56.38224669545889 1.562193639576435 31.98818186670542 3.558871999382973 7.897789351642132 1.261183105409145 0 1.740923851728439 77.47345197200775 0.859467938542366 19.84542661160231 19.36595430970192 243.4135658890009 0.1388852000236511 0.3090619146823883 20.56092329323292 253.7611220031977 41.09840915352106 22.64637347310781 0 0.164236918091774 1.386908426880836 12.38369687646627 2.048174232244492 51.83119140565395 3.407770022749901 37.92762091755867 6.128561548888683 38.53067965805531 3.086310908198357 0.3243435025215149 0
10.87094118446112 98.68253009021282 16.27055602520704 1.704824827611446 0.5029925107955933 9.533099666237831 5.998465433716774 20.82873032987118 3.430555380880833 31.9044861420989 8144.985397316515 10.15464961528778 4859.546009242535 156.2285783365369 0 4.091763094067574 559.6899390146136 1559.055417016149 1796.133160822093 7.829886704683304 19.57790825515985 2.783102512359619 121.3525473847985 5.84537098556757 488.9355185925961 7376.463714063168 1028.680885724723 8.3001604154706 760.919421672821 7.145080260932446 458.6878816261888 69.19778677821159 3.812612868845463 8942.38120982796 4.54372201859951 317.1052844747901 1689.332972154021 4218.55576672405 490.7540219947696 11.59747605025768 2.120555624365807 199.1979659348726 4.115243300795555 0.9303115755319595 6.670697540044785 0.8130268827080727 0 0 0 0.3725945055484772 0 0.5612210631370544 0.1305755376815796 23.48986020684242 0 255.241764895618 0.243078276515007 0 0.8821496441960335 0.7500891089439392 2.024550393223763 5.422741889953613 0 0.3136282712221146 0.3961073160171509 0.3738484159111977 0.7218513637781143 86.30884656310081 24.68309278786182 205.6077481210232 2.065168887376785 0.4579413458704948 1.0857038423419 13.3710613399744 0 0 0.2159458994865417 0 3.336201429367065 39.44097812473774 1.739630863070488 0.5070589780807495 0 0.2955312132835388 12.73126424849033 0
5.498127371072769 4.213004350662231 3.856027729809284 5775.87296423316 52.84858460724354 2267.182723812759 43.94957103580236 921.4986683428288 1785.712197586894 4003.071026727557 10.15464961528778 9194.665906913579 12.47938361763954 362.1354437321424 1264.730694010854 0.3547685891389847 1.929058030247688 0.1931682974100113 1.995916597545147 5626.776201307774 2.297411650419235 14.31696704030037 1.954054191708565 1179.362565547228 5.187888115644455 7.197151713073254 12.95917616784573 1099.147554926574 855.4743459001184 7.591463133692741 0.5575852319598198 113.4836701080203 2.3131507858634 248.6061328276992 2.214417159557343 1054.78920263797 12.89839340746403 364.6644501313567 97.72322180867195 1095.535842888057 40.81666630506516 12.31358084082603 11.96586401760578 9.79383410513401 0 0 101.4127788841724 0 4.045998007059097 104.5113451182842 2.322288818657398 28.66650504618883 92.02362990379333 0.1756909489631653 44.37230798602104 0 13.92176152765751 5.377159893512726 0.1009655594825745 0 0 0 35.73575933277607 0 1.584298595786095 0.2351578623056412 82.10516687482595 0 0 0.5282418578863144 113.0977518931031 14.93436123430729 4.032094165682793 0 0 0 3.17354416847229 0 24.49888788163662 0 8.676650427281857 0.7379100918769836 110.2930505126715 0 7.296860963106155 0
3.805376343429089 497.531757414341 3.991296827793121 2.182522341609001 1.251635104417801 12.53130932152271 5.438537821173668 49.18133664876223 5.134427852928638 16.56632452458143 4859.546009242535 12.47938361763954 2236.015168063343 276.5632269382477 4.32776765525341 9.771359547972679 7.057269163429737 21.6334690079093 20.10387509316206 8.670392252504826 11.71520843356848 2.334493599832058 26.59071628004313 10.07127413153648 8099.097515240312 1366.855776615441 1314.149719156325 7.444072499871254 430.2136972844601 4.875139161944389 594.3331749290228 78.37292684614658 1.906152591109276 2592.184556886554 20.95584012567997 1282.849912248552 8858.833506256342 9209.7538959831 1535.306508794427 104.831682652235 121.4058696329594 940.1355526670814 17.91819103807211 0.8531070202589035 41.32049691677094 0 2.536474704742432 0 0.1446473747491837 0.6270145252346992 0.7202922329306602 0 0.5945892259478569 561.6863036304712 0 2529.596138566732 0.8394265696406364 0 0.2278304100036621 2.599169835448265 2.898640468716621 12.88996884226799 1.721214592456818 0 1.780721552670002 0.3025742843747139 0.6352133229374886 1091.548087537289 114.2441504001617 957.4707874134183 1.071019448339939 0.5795146971940994 2.814577877521515 50.50212529301643 0.1463626027107239 0 2.181810162961483 0 58.55950572341681 484.9077128767967 44.4181494936347 27.53957553952932 19.04588213562965 2.844014421105385 522.1490556150675 0
3228.781324855983 3.320707954466343 711.8075398728251 64.06652143597603 19.89289423823357 755.6151138395071 9523.343254514039 6175.649115666747 159.9125165045261 3536.688343219459 156.2285783365369 362.1354437321424 276.5632269382477 12145.39522054046 103.3548165559769 3.975006513297558 423.1386476159096 6.126778744161129 28.83066988736391 142.5010479912162 860.5502866432071 4.767510779201984 946.0218921378255 579.7981620654464 7.131400279700756 130.3198607489467 141.8071447461843 623.743266582489 11265.49919188023 4739.427052468061 6.140814177691936 182.7811873853207 23.00184429436922 1105.983567021787 9.447499856352806 692.7036797255278 86.00317982584238 1149.495740681887 387.7281636968255 435.7683835327625 327.4251655861735 160.4401105120778 55.23067013174295 16.80766949057579 1.063170038163662 1.910456754267216 9.698254160583019 0 0.4776225239038467 28.25308530777693 1.671281181275845 23.80014666169882 7.952052727341652 0.4950117617845535 0.4604335427284241 1.240712150931358 14.9108907058835 0 3.341062322258949 2.284628927707672 0 1.345341563224792 3.546140968799591 1.943980626761913 3.032586894929409 16.87015727907419 39.88928157836199 0.08876441419124603 0.90874894708395 44.2150059491396 70.1631540581584 34.50580628216267 34.37623308598995 0.1809589713811874 0 2.454078629612923 8.998697072267532 4.746428981423378 44.17443024367094 12.227603495121 22.20740674436092 9.397878721356392 4.788486875593662 1.109372414648533 6.491598211228848 0.08845622092485428
2.491437532007694 30.69052721560001 1.147521547973156 31.79925611615181 837.2338309586048 2208.947343468666 76.37447707355022 154.310115903616 1588.235433548689 39.44060131907463 0 1264.730694010854 4.32776765525341 103.3548165559769 883.2258458435535 0 1.00920220464468 0 0.3556851446628571 37.96487695723772 1.068867310881615 80.28960484266281 4.745836570858955 1142.204407960176 4.946077987551689 2.141216196119785 60.12788205593824 98.11484966427088 146.5444593131542 42.35903320461512 0 568.1773857176304 3.160290785133839 14.27461968362331 1.749556034803391 293.75134152174 1.022791936993599 35.76433350890875 13.6182769164443 1613.397614225745 126.0743010938168 1.843767881393433 2.413620807230473 4.552018821239471 0 0 32.90814030170441 0 0.6788269877433777 8.127749107778072 0 3.266375184059143 14.37845483422279 0 21.23209570348263 3.764156818389893 0.2574959322810173 0.4920338541269302 0.301687054336071 0 0 0 17.69810557365417 0 0.7272147983312607 0.2646244615316391 10.15911735594273 0 0.1553735733032227 0 32.18557865172625 1.586553543806076 1.886239148676395 0 0 1.142178535461426 4.871092319488525 0 0.09885499626398087 0 0.1322597116231918 3.503061175346375 49.76762080192566 0 0 0
1.187996655702591 226.5947491675615 32.58363767713308 1.009510964155197 0 0 46.4236471131444 2.320609174668789 146.7860079109669 9.102992035448551 4.091763094067574 0.3547685891389847 9.771359547972679 3.975006513297558 0 2059.822878211737 36.88472849875689 0.451764851808548 14.98411477357149 0.2640010491013527 2050.659112401307 3891.104179739952 4210.946738623083 1938.726546891034 22.10663713514805 21.1876702234149 4888.643048979342 2524.376111991704 3.564990893006325 95.45442032814026 0 0 0.444847896695137 180.6584518700838 107.8404045701027 1860.935292482376 452.2411694899201 917.2872706130147 1054.602524235845 88.55518019199371 6.980327576398849 4.945496395230293 40.13409552723169 2.611363455653191 0.4143887758255005 10.30247892439365 0.83739073574543 0 0 8.591742374002934 0 2.459031999111176 1.672922767698765 7.190519794821739 0 15.42188321053982 1.983573436737061 0 1760.397727161646 27.25083480775356 0 3.993194028735161 0.6878184974193573 306.9239442422986 1026.383533224463 2713.030571445823 67.26958771795034 0.1603178679943085 18.80016735196114 419.3972724080086 214.0203818455338 11.27491625398397 77.99762336164713 0 0 0.9801577255129814 14.48239866644144 22.46569849550724 139.0829565152526 43.17628494650126 37.96076099574566 58.01547323167324 4.801534071564674 4.371044337749481 13.4543372541666 1.020153880119324
104.9772529751062 104.1719023957849 9190.534612983465 1.092545904219151 0.5041336566209793 24.03787472844124 59.53408696502447 246.6375614628196 51.93187152594328 42.21301661431789 559.6899390146136 1.929058030247688 7.057269163429737 423.1386476159096 1.00920220464468 36.88472849875689 2559.811282619834 419.4210649430752 5932.656469494104 1.890474870800972 454.3048296123743 34.918600872159 2667.481195807457 27.62501976639032 7.778328590095043 2579.420999616385 6403.854453966022 23.26946674287319 99.10514818876982 393.8889195546508 0.8349924683570862 3.160654433071613 4.060853056609631 5734.712833151221 5.262349747121334 539.7164477407932 1013.843771673739 2076.406657040119 335.7080507650971 23.50338228791952 1.149309903383255 3.244841016829014 2.315337404608727 2.710088469088078 76.69589057564735 395.818219833076 1.157755002379417 0 0 8.738643161952496 0.473288893699646 3.022040203213692 1.124266304075718 4.283931992948055 0.7371679544448853 9.069942444562912 3.547812908887863 0.1694207489490509 20.4338126257062 653.0319042727351 3.291158363223076 148.9460929706693 0.6313964426517487 17.46035323292017 25.61951220780611 193.1817869246006 19.17992562055588 1.817775830626488 394.0715731531382 2069.451450102031 29.58983863145113 4.395094208419323 15.23170483857393 8.889516107738018 0 0.6414413452148438 78.60313022136688 2.13887631893158 200.1265697181225 73.62722988426685 132.5109228789806 75.88897144049406 7.293640345335007 0.879986360669136 0.4112729504704475 0.455687090754509
0.9737803786993027 2.207297459244728 9.556744486093521 0.124103270471096 0 0.4818777963519096 0.39185880869627 2.773918308317661 0.5167933404445648 1.652612537145615 1559.055417016149 0.1931682974100113 21.6334690079093 6.126778744161129 0 0.451764851808548 419.4210649430752 606.7978976517916 1616.481231823564 0.583998829126358 2.766624599695206 0.5355357974767685 34.15367592126131 0.6842155456542969 8.122347258031368 2165.97233916074 82.80397845059633 0.7746268063783646 23.68745695799589 0.8811177164316177 4.546535089612007 1.686270833015442 0 789.2563116401434 1.664178445935249 145.3660052716732 273.0083485394716 463.9031122326851 88.37998620420694 3.892554007470608 0 4.616950124502182 1.691862121224403 0 1.428690746426582 0.9257081300020218 0 0 0 0.1045637279748917 0 0 0 6.842782735824585 0 91.45832891762257 0 0 0 2.324375495314598 3.641896188259125 7.790732018649578 0 0 0.2675524055957794 0.491984486579895 0 2.340656518936157 42.41038020700216 108.1236695572734 0.4368576407432556 0 0 21.3903099745512 0 0 0.2403493672609329 0 0.5881184339523315 28.8117952644825 0.6656768992543221 0.2688818871974945 0 0 1.970394730567932 0
6.490763023495674 76.98565374314785 383.5828465372324 0.3109816610813141 0.09546642005443573 2.815509259700775 3.512591943144798 16.72993315011263 6.849247649312019 7.508818306028843 1796.133160822093 1.995916597545147 20.10387509316206 28.83066988736391 0.3556851446628571 14.98411477357149 5932.656469494104 1616.481231823564 2069.867847971618 2.415922813117504 11.5895986482501 11.54238802194595 286.5850708559155 10.41623875498772 25.91366164386272 3179.679484292865 1953.209552653134 6.484716728329659 56.76658222079277 16.90771028399467 2.943904556334019 1.290881164371967 1.607054978609085 2433.17965323478 4.473545543849468 600.0433336570859 731.7372602149844 1922.854471474886 394.0462901368737 18.984843082726 0.7679726630449295 8.852390721440315 3.573974184691906 0.1347737014293671 17.79489257931709 89.67532849311829 0 0 0 0.5229361206293106 0.1017855480313301 0.3777036815881729 0 16.16838403046131 0 189.7261410579085 0.1186065226793289 0 2.010268032550812 333.1570418700576 13.11673191934824 250.3745270296931 0 1.489809609949589 1.883400917053223 20.68686730414629 1.646003045141697 10.40350095927715 572.1465648338199 1155.695504739881 4.031611107289791 0.3682531043887138 1.062564492225647 57.64514105021954 0 0 22.62590516358614 0 43.56417564302683 99.43277758359909 29.73082403093576 12.59036689251661 0.7250784039497375 0 3.661511600017548 0
11.99406537413597 0 10.639001339674 3326.999422185123 0.3716238439083099 349.7474772334099 125.1789184361696 206.8204017430544 932.883797518909 2844.11196937412 7.829886704683304 5626.776201307774 8.670392252504826 142.5010479912162 37.96487695723772 0.2640010491013527 1.890474870800972 0.583998829126358 2.415922813117504 322.2928048744798 5.338623151183128 0.1608551889657974 4.5057078525424 926.425744369626 0.2576704323291779 5.310645408928394 5.361973740160465 2721.707214064896 389.573093444109 2.461919896304607 0.3417662084102631 11.0187913775444 2.420812621712685 129.82616096735 5.668837308883667 391.3827872872353 5.161099508404732 241.0993862375617 69.68968898802996 89.59345930069685 32.54830560833216 2.369919791817665 8.944135613739491 15.09709846228361 0.6851756498217583 0 151.0667214989662 0 5.04944734275341 172.6692244634032 6.71854630112648 72.4771748483181 138.1203467473388 0 49.6505389213562 5.418588638305664 17.76154819130898 5.47333613038063 0.2167476788163185 0 0.3580538630485535 0 53.98780436813831 0 5.093674063682556 0.8236805200576782 171.3916770592332 0 0 0.767149344086647 191.1843786090612 18.86989273130894 5.157973766326904 0 0 0 7.013349302113056 0.7225314080715179 21.8408213108778 1.226380057632923 9.409475401043892 2.732104808092117 42.4907778725028 0.4492001831531525 1.078425526618958 0
318.6484148576856 19.97893233597279 922.244315892458 2.126116015017033 0.8027891144156456 73.48377717286348 1116.767670176923 603.6717383861542 1235.83448278904 342.2727393507957 19.57790825515985 2.297411650419235 11.71520843356848 860.5502866432071 1.068867310881615 2050.659112401307 454.3048296123743 2.766624599695206 11.5895986482501 5.338623151183128 11069.57373037934 416.6165026724339 12352.3501021415 510.8757683187723 26.61158680915833 21.01233917474747 1376.24440767616 3975.245459467173 654.4405702278018 10562.32625804842 0.3279552161693573 7.580834783613682 107.6342910304666 4704.93349506706 264.2654719352722 4981.007841296494 1049.872084267437 5361.570241428912 2499.218070037663 115.3339252471924 22.17524657398462 9.762168876826763 62.05837069451809 15.11943959444761 1.241835474967957 4.705960758030415 2.820379078388214 0 0 26.06085427850485 0.2208104282617569 13.48768428713083 8.753942862153053 13.89948034286499 0 10.34259957075119 7.653946354985237 0.5252879858016968 1047.355208322406 11.67089633643627 0 2.297796845436096 1.263554885983467 660.0573559105396 377.5851799473166 728.5755193158984 221.6034116968513 0.1606283038854599 8.285555064678192 44.81188244372606 750.5896685048938 40.81267619878054 270.6758929565549 0 0 7.963432282209396 30.91591927409172 82.86894573271275 105.6724572852254 13.00030746310949 31.2728066444397 23.90320552140474 12.53270165622234 1.878231756389141 3.572457954287529 0.6726450026035309
2.453251220285892 1379.330010153353 284.8278957158327 0.1681067198514938 4.811640933156013 2.777405738830566 116.4621526226401 4.789514437317848 3589.671673513949 14.73709665238857 2.783102512359619 14.31696704030037 2.334493599832058 4.767510779201984 80.28960484266281 3891.104179739952 34.918600872159 0.5355357974767685 11.54238802194595 0.1608551889657974 416.6165026724339 1290.066123835742 1408.516728870571 8008.119851380587 36.60862669348717 20.39297217130661 6210.336514562368 471.6266965270042 14.6367023140192 77.16280651837587 0.1235874965786934 0.4968890845775604 10.26932603120804 48.82084865868092 17.84391622245312 345.1408694535494 81.41574594378471 239.5101914778352 230.7208314463496 57.48139141499996 2.872918412089348 0.7676966637372971 5.708304449915886 1.8934111520648 88.9196745455265 61.52415665239096 0 0 0 4.576301328837872 0.4908644929528236 25.73618276417255 0.1397803872823715 0.9716895967721939 0.1747801601886749 2.32450920343399 4.423915736377239 0.2821398973464966 1043.462603874505 49.41177035868168 0.1786217242479324 6.618815205991268 0 44.26359421759844 260.3276079669595 1530.664780989289 64.4697739481926 2.909375309944153 9.977515429258347 2260.153959102929 34.13163025677204 3.981656491756439 11.58355511724949 0 0.4147932529449463 0.4803369045257568 16.02800134569407 6.215437397360802 128.6622907966375 55.49859208613634 78.08560118824244 80.96776922047138 2.982599452137947 0 0.2198961228132248 1.354237288236618
262.9330598264933 134.5294674709439 8005.681605815887 3.374024577438831 1.156505823135376 68.33822699636221 1531.721993044019 611.186607375741 183.9712954834104 398.1126677617431 121.3525473847985 1.954054191708565 26.59071628004313 946.0218921378255 4.745836570858955 4210.946738623083 2667.481195807457 34.15367592126131 286.5850708559155 4.5057078525424 12352.3501021415 1408.516728870571 17441.264815934 363.5001785010099 22.45080038160086 462.6606126725674 9062.765592977405 2254.633957087994 247.6466809213161 2479.858382113278 0.6998768597841263 6.571248851716518 16.24943000823259 5212.618044756353 417.5132693499327 6214.835239470005 4659.220999874175 9937.148410849273 6486.624966785312 424.4403971284628 35.32410587370396 27.04513082653284 133.3517929539084 8.607508711516857 50.21580497175455 99.19728685170412 3.361893758177757 0 0 16.25591699033976 1.002503953874111 11.26319537311792 2.331201665103436 13.7651302292943 0 8.809397235512733 7.138045623898506 0.211054727435112 1637.848436035216 130.9706232175231 0.1692019701004028 38.18466603010893 1.440677314996719 198.6235622316599 864.9949326738715 4719.866813741624 55.95628580451012 0 79.27525769174099 3530.863923199475 140.5402161628008 17.64115326851606 61.90837904065847 0 0 1.348341777920723 71.89204782247543 70.00340547412634 342.858687415719 104.8701017871499 191.1087232902646 238.6037348806858 12.01193064451218 8.3987006098032 15.12702955305576 2.979134768247604
252.8312591686845 1031.994127884507 68.8124530762434 3265.907012432814 10.60599267482758 74.6655576005578 6811.382136248052 198.4298042953014 10059.79454031587 1828.437523916364 5.84537098556757 1179.362565547228 10.07127413153648 579.7981620654464 1142.204407960176 1938.726546891034 27.62501976639032 0.6842155456542969 10.41623875498772 926.425744369626 510.8757683187723 8008.119851380587 363.5001785010099 10661.32251643389 23.5857969969511 32.41757355630398 3715.614757537842 14224.92971783876 1839.800268776715 2288.962235972285 0.51860561221838 11.33212604373693 247.7273232266307 456.5510218515992 69.63722711056471 2194.422800920904 71.28867893666029 1080.240142405033 507.6428826376796 210.663082703948 130.3106583207846 4.332596205174923 42.15214406698942 216.7906723320484 1.496404364705086 6.875015124678612 192.3102684542537 0.3763305991888046 8.172661051154137 372.33961597085 19.63192741572857 862.1345388963819 171.0919532924891 8.421661600470543 75.85202068835497 0.8054331541061401 166.1744024381042 2.729739144444466 553.1247253865004 5.821173600852489 1.75166779756546 3.873695209622383 85.13815873116255 292.9679220467806 463.2750723958015 243.0871368125081 1245.622325792909 0 4.090740516781807 29.74184636771679 1912.872136063874 523.3146136924624 739.3278213366866 0 1.04834159463644 50.78226866573095 159.4343169257045 29.59143136441708 434.2678859755397 22.15905303508043 210.3889798521996 60.49309015274048 86.85172959417105 6.522035144269466 3.140467047691345 2.673601776361465
0.1925923228263855 2021.202990174294 6.486380890011787 0 0 6.589437425136566 1.590904712677002 1.526704020798206 14.47282473742962 1.340723805129528 488.9355185925961 5.187888115644455 8099.097515240312 7.131400279700756 4.946077987551689 22.10663713514805 7.778328590095043 8.122347258031368 25.91366164386272 0.2576704323291779 26.61158680915833 36.60862669348717 22.45080038160086 23.5857969969511 912.7112418860197 1203.151137180626 4097.139147982001 14.57688353210688 19.58921382576227 4.478157266974449 175.7169463410974 2.276288419961929 0 315.8306384757161 6.74824158847332 1163.342331856489 2690.052367687225 2515.854687809944 424.6858326345682 219.6551637202501 47.99200370907784 2346.653582543135 1.977826833724976 0 98.12776805460453 3.095011815428734 2.083637475967407 0 0.2043189704418182 5.404805421829224 0.164815217256546 0.2158179581165314 0 227.8138483315706 2.655686378479004 1516.678679808974 0.2966839522123337 0 0 23.88180229067802 1.772125080227852 55.0644523948431 0 1.92274808883667 2.250714659690857 0 0.1193751692771912 789.3579215109348 262.573056936264 1667.823933437467 1.1267991065979 0.4727545231580734 0.1139901280403137 73.66108225286007 0.2164112031459808 0 1.378279685974121 0 313.2412920445204 211.6229058355093 19.13982136547565 4.317116290330887 78.65269815921783 1.286806046962738 85.25561182200909 0
18.15353689342737 606.450023047626 5772.966854080558 2.295826464891434 0.4029703885316849 13.55570025742054 26.21180932223797 72.46403061598539 25.60262224823236 39.46102744340897 7376.463714063168 7.197151713073254 1366.855776615441 130.3198607489467 2.141216196119785 21.1876702234149 2579.420999616385 2165.97233916074 3179.679484292865 5.310645408928394 21.01233917474747 20.39297217130661 462.6606126725674 32.41757355630398 1203.151137180626 28060.91495739669 28696.6974157393 11.36273065954447 305.0863806009293 32.23445846885443 554.6268297284842 21.55335891991854 3.449265472590923 1982.993243888021 16.2246526107192 2034.902351677418 3729.85727699846 4838.466509148479 1223.629346817732 80.12191672623158 1.307954497635365 53.19014320522547 12.15802832692862 0.7707078605890274 248.6900164112449 556.9832015410066 0 0 0 5.158051915466785 0.1197338774800301 1.19220083206892 0.4818671643733978 152.1738772392273 0.3189881443977356 1850.408121027052 0.6173045188188553 0 3.057603783905506 1761.369163066149 44.26189091056585 993.9648897647858 0 5.633910790085793 7.701898351311684 116.3821583390236 10.22928582876921 589.6350829452276 2255.809783816338 7546.175221681595 9.552875675261021 0.7872461527585983 8.73163253068924 237.3599120676517 0 0 135.0647623091936 4.246623024344444 258.0159873887897 388.5137402787805 179.4967402145267 87.7880732640624 8.94306406378746 0.1455134451389313 32.02859404683113 1.265868827700615
17.35430566221476 10085.05555551499 17171.70149386674 3.732302844524384 4.090428099036217 24.68579181283712 347.0249840021133 128.5333177670836 957.9865384921432 126.7956653535366 1028.680885724723 12.95917616784573 1314.149719156325 141.8071447461843 60.12788205593824 4888.643048979342 6403.854453966022 82.80397845059633 1953.209552653134 5.361973740160465 1376.24440767616 6210.336514562368 9062.765592977405 3715.614757537842 4097.139147982001 28696.6974157393 21923.96242894977 1440.564945027232 113.2835831716657 86.31319733709097 501.2969064190984 5.010654702782631 3.473286978900433 2755.42174565047 170.871372051537 9234.099466778338 5534.465639404953 10611.28596014529 4881.0190859586 581.8023083657026 43.5089356303215 72.96532592922449 59.25351244211197 1.50249856710434 1865.949718542397 641.3247053101659 0.2422179877758026 0 0 11.56584276258945 0.223550908267498 11.21618846058846 0.8746012225747108 74.85864098370075 0 688.6622167676687 3.678440243005753 0 213.8627313375473 2176.189684547484 33.86644901335239 1694.512000143528 0 19.22454237192869 570.0907482802868 1467.600481137633 50.84852097928524 362.2589083611965 3393.316958390176 15060.07601708919 30.55442926287651 3.258630439639091 21.9287661537528 138.3095214143395 0.1662321239709854 0.1062740311026573 185.4110295474529 10.18925645947456 459.1389581561089 260.999012067914 292.5967516973615 216.0810893774033 22.79328829050064 1.900187611579895 7.902821093797684 0.9657370001077652
197.5570390895009 58.41114033013582 144.9728872999549 6698.541304878891 3.287564665079117 357.3719252571464 25544.67751356214 396.2575594112277 1588.112055435777 12534.64365486801 8.3001604154706 1099.147554926574 7.444072499871254 623.743266582489 98.11484966427088 2524.376111991704 23.26946674287319 0.7746268063783646 6.484716728329659 2721.707214064896 3975.245459467173 471.6266965270042 2254.633957087994 14224.92971783876 14.57688353210688 11.36273065954447 1440.564945027232 23759.2655120641 1264.39833445102 8319.555667921901 0 9.643238306045532 234.4989557042718 773.4720541164279 68.06295439600945 2067.505821816623 178.5220083966851 1180.910622000694 544.8798453137279 80.07546533644199 63.47549466043711 6.012542523443699 34.78379567712545 254.2133121863008 2.071866244077682 3.406515866518021 319.8604809045792 0 7.098121553659439 623.0397174209356 31.74182203412056 478.5665204077959 330.1845166087151 12.31416412442923 97.69290185719728 6.755888938903809 187.0216665491462 4.881282344460487 240.5513595342636 3.69758789986372 3.767913594841957 0.8907478526234627 160.1618755012751 171.2072763592005 162.7116836234927 116.5773744806647 1057.016664162278 0 8.155772387981415 22.07608891278505 1532.185678131878 563.2331023700535 772.0435491204262 0 0.6427485048770905 51.4643629565835 152.2099446505308 32.92434075474739 428.9353616759181 20.05945234745741 200.6072793751955 52.75816661864519 89.19803155213594 11.5403341203928 4.045821852982044 3.103410094976425
