644.186407931149 1.174462184309959 25.28747583925724 6.230362989008427 0.2740489840507507 15.81886313855648 2338.043423704803 507.7466479092836 16.93989583104849 70.79871403425932 3.685080245137215 0.7267222926020622 0.07956861704587936 3443.013087801635 0.1426491588354111 2.696614280343056 153.1071874573827 2.458682559430599 17.59823075681925 5.096171177923679 32.37562073767185 4.25879181176424 53.43096870183945 185.8203779459 0 67.58584319800138 29.26583144813776 228.0819299295545 2347.496770091355 2000.687417797744 0 2.242103539407253 63.19183368235826 196.4986735582352 2.040843762457371 19.17143671214581 8.137811705470085 86.11731497198343 20.13716728240252 6.124023929238319 3.653609283268452 0 0.9974885433912277 0.1015091687440872 0.2543506622314453 0.1113904714584351 0.3051814064383507 0.09149002283811569 0 8.9362987652421 0.211287334561348 3.913784690201283 1.388442181050777 0 0 0 0.5865130349993706 0 0.331143781542778 0 0 0 0 0.2413987591862679 0.3372133448719978 0.8137101456522942 14.97430366277695 0 1.205666199326515 1.108093723654747 9.597757622599602 2.534608162939548 2.642699971795082 0 0 0.7134941816329956 0 0.9137336760759354 5.288320876657963 0.6661853194236755 0.8123184368014336 0.08991710841655731 1.774654239416122 0 0 0.2326569855213165
1.174462184309959 39.64167028665543 88.81108056753874 0 0.251111775636673 0.3001281246542931 1.030850157141685 0.7203714102506638 331.3056108504534 0.2430032342672348 35.56399868428707 2.285680525004864 841.7812320888042 1.765555381774902 11.3572458550334 39.48773816227913 240.8637193143368 10.43446572124958 40.45071125775576 0 8.241878226399422 2271.571441285312 16.86391191929579 309.1292874068022 1053.230645656586 642.3814056739211 5980.60656119138 10.12034548074007 4.158161483705044 9.577701695263386 11.80724667012691 0.4181360602378845 1.090272560715675 117.946867287159 2.888221718370914 256.2642348185182 422.3539803922176 316.6158273294568 105.4255233183503 26.3661123290658 0.09890834242105484 97.12610522657633 0.6700433641672134 0 36.58816953003407 139.0692323222756 0 0 0 1.391746036708355 0 0.4512654319405556 0 18.68102774769068 0 64.85283620655537 0.4291827976703644 0 39.9937776774168 36.61363065987825 5.141342811286449 93.52929145842791 0.08885286003351212 3.328572161495686 31.00871149450541 55.53739978373051 1.703112758696079 11.35150357335806 528.0726568549871 1648.173953078687 1.002327166497707 0 3.223234467208385 7.410184770822525 0 0 38.00990605354309 0.2799364626407623 92.47420705109835 61.83821033686399 74.75746320188046 25.20752560347319 0.1700928658246994 0.7370809316635132 4.12384057790041 0.4621362686157227
25.28747583925724 88.81108056753874 7006.127680435777 0.5497576743364334 0.1348734200000763 0.9779316186904907 360.470826998353 15.50740543007851 8.030790604650974 7.025839149951935 7.739273458719254 0.1020480096340179 0.7635081857442856 50.76392725855112 0 47.17591818422079 3094.748884595931 15.60870051383972 96.78826344013214 0.1772186532616615 717.1888771057129 77.62072664499283 7735.736694931984 211.2631868496537 0.4983607977628708 5209.064151309431 8604.567155458033 350.0353295430541 40.11828701943159 664.1469532102346 0.1931453496217728 0.09016901254653931 7.387880675494671 639.5080869495869 21.74305355548859 688.5366999581456 2040.262490652502 1282.494611680508 616.158857986331 36.23174998909235 4.72678754478693 7.472581043839455 3.371581897139549 0.5813905000686646 68.85051033645868 114.074864692986 0 0 0 5.260128393769264 0 3.06120140850544 0 0.1048202738165855 0 0 0.1952218413352966 0 70.27310444414616 7.930953025817871 0.1444675028324127 0.6609659045934677 0 8.094044595956802 91.3691498041153 144.4867021515965 12.47975215315819 0.1845089644193649 19.49012807756662 463.9329639077187 13.03194491565228 1.778397209942341 7.519436411559582 0.0763724073767662 0 0.2109168320894241 4.681827932596207 2.749496638774872 33.52090854942799 55.25036363303661 18.14000525325537 4.894463017582893 1.167357832193375 0.2484453916549683 0 0
6.230362989008427 0 0.5497576743364334 1900.76682921499 0.8064248859882355 35.15412044525146 207.6899999827147 36.22240782901645 714.5829780697823 1204.378247682005 2.112950302660465 2588.358789235353 0 61.25368373095989 82.20664650201797 0 0.2653877660632133 0.8755338750779629 0.6359778456389904 2030.318229310215 0.4149638265371323 0 0.4350599050521851 793.4930465295911 0 0.7789886891841888 0.8827093169093132 1855.725954182446 50.18061395734549 2.357102237641811 0.06455869227647781 2.90118458122015 1.050636269152164 19.23825252056122 1.379944145679474 105.1129762530327 2.999909326434135 33.61142212897539 15.81300649046898 190.6938533559442 7.278461158275604 0.8677122741937637 1.414944864809513 0.09023993462324142 0 0 63.44534843415022 0.7620236128568649 3.010029904544353 31.76239503920078 6.236971415579319 178.6317477300763 152.0666148886085 0 26.74664141237736 0 6.197602190077305 0 0 0 0 0 22.33107464760542 0 0 0 78.96699479967356 0 0 0 108.1245773434639 1.857275955379009 0.1831012368202209 0 0.2671704888343811 0 2.048447296023369 0.2608833312988281 14.96115774661303 0 3.901952810585499 0.5959394797682762 38.19553595036268 1.779088467359543 0 0
0.2740489840507507 0.251111775636673 0.1348734200000763 0.8064248859882355 0 401.9170507714152 4.917979851365089 33.59083599597216 35.1862760707736 11.68677316606045 65.40185926109552 70.09165628254414 0.2649561539292336 6.36413662135601 503.5157116875052 0 0 11.76193880289793 10.90048303455114 6.580127976834774 0 1.311991527676582 0 15.64013942331076 0.09433992952108383 7.335961855947971 3.101698607206345 3.696440041065216 106.1027319729328 0.118867002427578 0.3788166716694832 11.4845664948225 0.2540187239646912 736.212520442903 0 30.74506250023842 4.576886981725693 270.923881649971 39.03229102492332 360.2318206578493 22.88683015108109 4.150581389665604 2.208289086818695 0 0 0 0 0 0 0 0 0 0 0 0 0.3659017980098724 0 0 0 0 0 0 0 0 0 0 0.1104782000184059 0 0 0.2788935899734497 0 0 0 0 0 0 0 0 0.2095501869916916 0 0 0 0 0 0 0
15.81886313855648 0.3001281246542931 0.9779316186904907 35.15412044525146 401.9170507714152 9755.108915831894 1878.135153200477 3487.230508636683 20.42115128040314 6310.864232942462 109.6562777683139 2319.492773417383 2.533692188560963 1147.010315019637 734.1326694488525 0.2255501076579094 2.738331500440836 38.26911103725433 27.09687503427267 431.0140720494092 1.055039495229721 0 2.052138477563858 78.30705470219254 0.5038717687129974 25.69171229749918 9.719158016145229 101.5382419526577 1723.178227342665 5.2627217695117 1.043093413114548 577.5698644667864 0.9668348059058189 719.6818726062775 3.340678170323372 163.1607776209712 19.97985942661762 772.5252647846937 52.75286198407412 1265.202482745051 218.8414072990417 19.53729429095984 6.524837844073772 0 0 0 1.093276470899582 0 0.4382465183734894 5.490437753498554 0.2470428943634033 11.07477843761444 4.55728367716074 0 2.590159520506859 0.6615766957402229 0.8618330359458923 0 0.5771278738975525 0 0 0 1.017686635255814 1.646637916564941 0 0 25.40725164115429 0 0.106014259159565 0.4671205133199692 16.55579388141632 2.327742516994476 1.762064695358276 0 0 0 0 1.728577129542828 1.018804229795933 0.2922894060611725 0.5708224773406982 0 2.97676420211792 0 0.6109284162521362 0
2338.043423704803 1.030850157141685 360.470826998353 207.6899999827147 4.917979851365089 1878.135153200477 6806.652792796493 3856.689803566784 266.5937261506915 3635.493583582342 15.50019589811563 15.66835512965918 0.6266168132424355 5666.230560645461 4.080309644341469 16.12498699128628 246.6172936335206 9.859630707651377 41.39047551527619 133.7618754133582 685.8867624625564 12.66874278336763 625.8210802003741 1457.20461936295 0.2667743936181068 274.9852912016213 78.51919024437666 13178.23965512589 1601.665867567062 3599.803390920162 0.06708913296461105 22.6489956304431 86.41799387335777 382.4649721384048 37.45274264365435 741.6009920686483 34.10440029203892 551.3751834332943 247.285487242043 173.7852644771338 91.01117097586393 5.781490355730057 18.58876388520002 3.258479543030262 0.6045340523123741 0.3827598169445992 13.61767024546862 2.177007675170898 7.121775634586811 219.5868193283677 23.75961081683636 66.6261443644762 50.22185327112675 0.5058822482824326 4.015337556600571 0.07593518495559692 16.87158758938313 7.158680975437164 1.464970551431179 0.2632010504603386 0 0.8351770639419556 6.79832885414362 4.008143074810505 1.50743904709816 0.7504597753286362 231.2361558750272 0 2.173396855592728 4.193183533847332 206.2526158317924 31.44350814074278 29.88233192265034 0 1.638639718294144 0.2267311215400696 8.523387044668198 7.579204276204109 90.21153044700623 0.6997583359479904 37.22623463720083 4.012639433145523 28.0643797069788 13.48833602666855 1.052972555160522 1.325430899858475
507.7466479092836 0.7203714102506638 15.50740543007851 36.22240782901645 33.59083599597216 3487.230508636683 3856.689803566784 4404.876252364367 58.47087593376637 2617.955371819437 102.3097237162292 532.098474547267 0.8326032608747482 4757.149448938668 72.90228508412838 2.062817089259624 58.97915380448103 29.24935365840793 26.82374271377921 181.1243769936264 16.84332126379013 2.2310935780406 28.69307471811771 318.1943560279906 0.5063174217939377 49.3266610018909 19.7935308739543 370.8256974667311 1065.145806863904 402.0522508174181 0.7296377196907997 242.8606825396419 11.71084976196289 555.2663885727525 3.663245767354965 132.3036002963781 15.93015157431364 332.1529926210642 43.45681092888117 202.6913395673037 22.06724977493286 1.351347334682941 6.249492056667805 2.047159731388092 0.5254807695746422 0.4183093756437302 2.327860772609711 0.7562896609306335 1.789725102484226 44.35474864393473 3.794063255190849 16.7438433021307 18.53975520282984 0.07545974105596542 0.6464495956897736 0.08519384264945984 4.042070165276527 0.9180327653884888 0.8347158059477806 0 0 0 5.305507361888885 0.9193242341279984 0.4069378525018692 0.09037025272846222 61.1241313368082 0.1029139161109924 0.08686486631631851 1.184344664216042 50.2720494940877 3.438814260065556 7.049501165747643 0 1.156126618385315 0.535646915435791 0.4857564866542816 0.2674234285950661 20.20264638215303 0.9877734631299973 8.307604730129242 0.9045229032635689 6.360819414258003 3.133831314742565 0 0
16.93989583104849 331.3056108504534 8.030790604650974 714.5829780697823 35.1862760707736 20.42115128040314 266.5937261506915 58.47087593376637 348.2735790759325 352.9413200095296 6.608145028352737 159.2185143977404 45.96231893450022 70.07384115457535 727.8585172519088 605.6681939810514 3.282991819083691 2.456383973360062 0.3597688004374504 719.9437190145254 152.275270588696 1276.395335204899 252.2739874646068 5206.471387043595 59.2977377474308 18.34911662340164 302.231853350997 1089.970701083541 74.87842957675457 118.97370685637 1.93949368596077 3.018351309001446 7.795331448316574 36.83998481184244 6.617922559380531 169.3402157127857 23.01396463066339 85.94747789949179 29.22192374616861 460.2882975712419 14.66326513886452 2.983465231955051 3.33612447977066 6.781363487243652 1.178146727383137 2.024357095360756 82.52903493493795 2.814771458506584 16.9397706463933 192.4583975747228 18.02851986885071 29.42879937589169 218.3776034489274 4.748744323849678 26.10895998030901 6.037313170731068 29.00994478911161 2.805853106081486 197.9979216754436 0.27211594581604 0.3643455877900124 0.2981165945529938 27.74210857599974 154.8290771320462 18.56316906958818 82.98960608243942 976.2552135139704 0.1327870786190033 2.244506247341633 24.12591722607613 438.4561277106404 68.86271483451128 114.4676617011428 1.240055561065674 3.07537067681551 1.011831060051918 8.393756665289402 3.822816856205463 73.95729961246252 4.386462911963463 29.29081731289625 5.741415917873383 22.08951851725578 7.484608389437199 0.4404391869902611 0.861779697239399
70.79871403425932 0.2430032342672348 7.025839149951935 1204.378247682005 11.68677316606045 6310.864232942462 3635.493583582342 2617.955371819437 352.9413200095296 12991.96364344656 54.83099201321602 1743.737676918507 1.609272710978985 2024.929216984659 50.18014131486416 0.4895800650119781 6.199042864143848 22.33947198465466 17.21224387362599 1651.593187153339 6.618064641952515 0.4836641624569893 10.85785003751516 560.1706579700112 0.2465293407440186 23.87764143198729 8.190772268921137 4725.865462437272 586.9508393928409 41.18475022912025 0.4894398897886276 85.96364590153098 6.86870339512825 503.1584030129015 12.67118070274591 667.0364765152335 16.60562910884619 732.5533339641988 133.9141023010015 538.1110799685121 164.623174034059 10.86170417070389 32.14938192814589 1.028517007827759 0 0 105.9923733994365 0.374544583261013 8.366897985339165 106.129662103951 16.26023902744055 247.3506434261799 328.8873997554183 0.1884184330701828 32.60829928517342 0.1438246816396713 11.83211605250835 0 0 0 0.2674058079719543 0 44.17148097604513 0 0.4885119721293449 0.6400521695613861 263.0417851209641 0.1864733174443245 0.06837058067321777 0.183787003159523 251.4770695120096 5.809777602553368 3.751720681786537 0.06505399197340012 1.31470000743866 0 5.225310832262039 4.1273293197155 41.31610061973333 0.8151506260037422 12.90563254058361 1.043105252087116 54.46006165444851 2.733111746609211 0 0.1472488939762115
3.685080245137215 35.56399868428707 7.739273458719254 2.112950302660465 65.40185926109552 109.6562777683139 15.50019589811563 102.3097237162292 6.608145028352737 54.83099201321602 6309.324013210833 28.08216669410467 1539.876018427312 35.52431213483214 14.11074108630419 0.8982452675700188 313.8308537080884 3059.913024224341 850.7757436186075 6.52250774204731 4.749514698982239 14.82320792227983 9.883630611002445 13.2805731780827 307.5210610181093 1511.296004295349 968.2760957852006 7.982174456119537 100.0510501116514 7.721171535551548 310.9233619123697 210.8523059561849 0.8255230188369751 3863.753340624273 15.3192932382226 510.0740208104253 2984.19112829864 2917.080111339688 643.4550637155771 91.20078055560589 47.73241140693426 998.1596052572131 4.427316330373287 0 4.711487226188183 0.4464890211820602 0 0 0 2.342911578714848 0.4400911256670952 0.9296934008598328 0.1017562299966812 297.3728007525206 0 921.257330365479 0.08996156603097916 0 0.6464572697877884 0.5665430948138237 29.21242815256119 9.680864609777927 0 0.2280869260430336 0 0.4757985323667526 3.699103496968746 35.0019993558526 132.4568951278925 245.2308472767472 2.488461136817932 0.1256887018680573 0.2834619805216789 174.3523846417665 0.153840035200119 0 12.05339229851961 1.161217018961906 31.37620667368174 329.633665561676 21.94112168252468 2.230876080691814 0.07323861122131348 0.3550107106566429 161.3856113106012 0.7116066813468933
0.7267222926020622 2.285680525004864 0.1020480096340179 2588.358789235353 70.09165628254414 2319.492773417383 15.66835512965918 532.098474547267 159.2185143977404 1743.737676918507 28.08216669410467 5827.142820283771 0.2935651391744614 238.5155469290912 1206.670564629138 0 0.4526599571108818 10.39517793059349 6.581359855830669 2562.249682225287 0.08736402541399002 16.42877574265003 0.241471603512764 283.5378138944507 0.935304082930088 7.91398860886693 6.641380496323109 361.6342981010675 71.60079547017813 0.929986909031868 0.1667897775769234 43.20930854976177 0.1168535873293877 140.2280754446983 0.2043846622109413 358.4790381044149 3.86412113904953 172.2470346838236 10.26490490138531 1348.909094057977 32.72199928760529 1.325542517006397 1.330717265605927 0.9271697402000427 0 0 39.27645189315081 0 0.3085448071360588 14.18208012729883 0.4806229174137115 81.74878136068583 92.17485866695642 0 28.17223022133112 0.5145353078842163 0.8266495168209076 0.1322738826274872 0.1111610978841782 0 0.07280533015727997 0 22.65250442177057 0 0 0 28.09406424313784 0 0.09061376750469208 0.7160071507096291 36.79521863907576 0.2518826276063919 0.5666372999548912 0 0 0 0 0.3709220439195633 8.880655564367771 0 3.19004037976265 0 56.26563520729542 1.393513143062592 2.735599040985107 0.4625565707683563
0.07956861704587936 841.7812320888042 0.7635081857442856 0 0.2649561539292336 2.533692188560963 0.6266168132424355 0.8326032608747482 45.96231893450022 1.609272710978985 1539.876018427312 0.2935651391744614 2689.135394610465 0.3122174739837646 2.40019616484642 1.877494126558304 1.922276295721531 40.83631819486618 8.853669695556164 1.375270880758762 0.941136971116066 282.3265457823873 1.250521764159203 33.42343109101057 2755.337960422039 592.0067092403769 3122.3423198089 2.053443945944309 1.818033643066883 0.4912270754575729 851.2377021536231 3.916860438883305 0 476.5032662078738 17.55120154470205 440.8759843483567 2914.474926911294 833.6859456449747 172.6068930029869 16.96096101403236 61.46890606731176 829.4208258911967 7.574470698833466 0 6.982960402965546 0.2013893127441406 0 0.24289171397686 0.4528973996639252 0.09912426024675369 0.2276211529970169 0 0.2050661370158195 516.1940868571401 0 1302.097445830703 0.09595197439193726 0.1134683787822723 4.586705341935158 0.2368226796388626 36.39500884711742 7.670692883431911 0 0 2.972196653485298 2.669598206877708 0.1450167000293732 73.02739057689905 190.0642361789942 289.0010295882821 0.3511485308408737 0 0.1005925908684731 217.9121567979455 0.1287473291158676 0 14.90495983511209 0.7198542952537537 41.02175346016884 582.7900301069021 35.50556227564812 7.228897929191589 2.53639817237854 0.1900085359811783 313.7591527923942 2.428107738494873
3443.013087801635 1.765555381774902 50.76392725855112 61.25368373095989 6.36413662135601 1147.010315019637 5666.230560645461 4757.149448938668 70.07384115457535 2024.929216984659 35.52431213483214 238.5155469290912 0.3122174739837646 6404.304323270917 20.83474311232567 5.5481858253479 200.7657886371017 14.43660506978631 34.04739966988564 164.3031078390777 46.24460119009018 7.995452724397182 85.58559621870518 614.4962133131921 0 113.1189386881888 49.54388696700335 807.3411680832505 4970.525870576501 1457.801285199821 0.4163002818822861 116.6003201380372 57.75078315287828 732.9505166448653 5.251473270356655 484.5044181570411 19.97245518863201 342.6949542984366 58.77868182957172 202.9877276942134 27.32603272050619 1.851604655385017 12.2555860131979 2.745709426701069 0.4410451650619507 0.7746555283665657 4.810426317155361 0.09929026663303375 1.725091874599457 50.62078677117825 2.52520164847374 15.51083568483591 17.80801590532064 0 0.1303953528404236 0 5.220781497657299 1.134463012218475 0.8042038902640343 0.09258521348237991 0 0.1126045733690262 2.005504667758942 3.870761051774025 1.651494532823563 0.3576368540525436 76.5309322103858 0 1.070014886558056 2.196939654648304 53.1763674095273 8.135531038045883 12.50340913981199 0.08365079015493393 0 0.0800856351852417 3.163394130766392 1.469573698937893 27.7187377884984 0.344248503446579 5.17453021556139 2.014306597411633 12.40796652436256 2.152042657136917 0 0
0.1426491588354111 11.3572458550334 0 82.20664650201797 503.5157116875052 734.1326694488525 4.080309644341469 72.90228508412838 727.8585172519088 50.18014131486416 14.11074108630419 1206.670564629138 2.40019616484642 20.83474311232567 351.8315134644508 0 0 3.311848558485508 2.287682760506868 248.9989154711366 0 49.34025621414185 0 780.7098422199488 3.115578800439835 2.892813578248024 15.11168587952852 46.66910151392221 18.48990118503571 0 0.08697346597909927 118.6653132736683 0.1240514516830444 82.0674406811595 0.873079925775528 9.845001354813576 2.929957158863544 90.32591117918491 3.759341187775135 794.4367089420557 127.04410482198 1.432609468698502 0.1244665756821632 0 0 0 0.3677133619785309 0 0 0 0 0 0.1868204325437546 0.2503091096878052 0 0.5858201831579208 0 0 0 0 0 0 0 0 0.268565870821476 0 1.010275758802891 0.2557720541954041 0.1083108335733414 0.2377326264977455 0.3182394281029701 0 0 0.1341933906078339 0 0 0 0 0 0 0 0 0 0 0.1070222929120064 0
2.696614280343056 39.48773816227913 47.17591818422079 0 0 0.2255501076579094 16.12498699128628 2.062817089259624 605.6681939810514 0.4895800650119781 0.8982452675700188 0 1.877494126558304 5.5481858253479 0 1753.67950297147 26.31896220892668 0.4474511742591858 2.861922793090343 0 2238.016327403486 3920.608102455735 5278.056445986032 714.9109615162015 3.211786359548569 18.06116358190775 3922.984969548881 720.4863341450691 34.08662362396717 68.76700229942799 0.1019788533449173 0 12.50317254662514 81.41269168257713 52.51417458057404 1395.490807421505 339.138189420104 333.1078965812922 482.0813909694552 58.02475184947252 1.581409841775894 2.413144275546074 4.698499977588654 3.378349713981152 5.623035997152328 8.382259048521519 0 0 0.1973811909556389 18.77183295786381 1.292574390769005 21.51447653025389 0.2350178509950638 0.1251461505889893 0 0.3584496080875397 5.519666761159897 0 1030.979569666088 0.6974680200219154 0.1519064232707024 0.4034067615866661 0 287.7319721058011 930.8424268364906 493.3742790445685 275.0836262851954 0 1.109757140278816 226.3777559623122 175.7211457639933 45.19565564393997 94.39293893426657 0.1911619603633881 0.1721574813127518 4.413710698485374 4.738087527453899 8.673694230616093 134.2064124271274 6.864227660000324 14.79270426928997 9.594825811684132 4.730173841118813 1.285495541989803 0.11231629550457 0.3139605298638344
153.1071874573827 240.8637193143368 3094.748884595931 0.2653877660632133 0 2.738331500440836 246.6172936335206 58.97915380448103 3.282991819083691 6.199042864143848 313.8308537080884 0.4526599571108818 1.922276295721531 200.7657886371017 0 26.31896220892668 734.3905263021588 244.920569576323 1696.268931351602 0.283443957567215 895.7464210167527 21.13352835178375 3034.263387955725 23.61047373712063 1.536528304219246 1476.893914073706 4083.992162227631 96.13958963006735 272.455557204783 2321.709970124066 0.5517752394080162 2.116890631616116 45.41144454479218 1894.043644472957 5.617165505886078 310.0839532017708 1588.691212818027 648.6749682351947 146.9036674126983 12.66841959953308 1.599359788000584 4.179528012871742 1.307638689875603 0 128.7231483161449 83.71222399920225 0 0 0 0.4449243769049644 0 0.6621417701244354 0 0.4375065863132477 0 0.3588216379284859 0.08295167237520218 0 0.6637906804680824 19.91027282178402 0.3037213832139969 16.58887027949095 0 0.264738917350769 6.954284906387329 6.156626060605049 1.579521588981152 0.1216698661446571 168.7265834733844 408.4003721177578 1.331088505685329 0.2394989430904388 0.6080170050263405 0 0 0 4.579743765294552 1.800756148993969 30.9589760825038 67.87833359837532 30.88060364127159 5.225396886467934 0.5640504360198975 0 0 0
2.458682559430599 10.43446572124958 15.60870051383972 0.8755338750779629 11.76193880289793 38.26911103725433 9.859630707651377 29.24935365840793 2.456383973360062 22.33947198465466 3059.913024224341 10.39517793059349 40.83631819486618 14.43660506978631 3.311848558485508 0.4474511742591858 244.920569576323 580.7671213150024 1933.139858387411 4.704952642321587 5.430859439074993 5.518942341208458 11.10393730551004 5.34497869387269 26.97253303974867 1447.486219763756 318.1769025325775 6.336970411241055 29.96229472011328 12.76597895473242 53.77785184234381 46.09962997585535 0.08898253738880157 1360.343710079789 4.90550958365202 475.2349967807531 869.1948834359646 1610.128963194788 497.2790899947286 33.30091728270054 6.779375851154327 24.58470021188259 1.536641269922256 0 5.409139208495617 0.1144159659743309 0 0 0 0.1723179966211319 0 0.1392804831266403 0.1378404051065445 23.62113758921623 0 87.59907547384501 0.34685218334198 0 0 0.6924479007720947 14.86417198181152 6.672607086598873 0 0.1689891889691353 0.2433205842971802 0.2377563640475273 0.7232759967446327 11.95453325659037 100.4685277044773 176.0964270830154 0.1834359467029572 0 0 40.31824930012226 0 0 0.6797109767794609 0.4790929555892944 4.310076810419559 8.179512046277523 2.555098734796047 0.6161396354436874 0.1189247742295265 0.4524379670619965 0.9471757858991623 0
17.59823075681925 40.45071125775576 96.78826344013214 0.6359778456389904 10.90048303455114 27.09687503427267 41.39047551527619 26.82374271377921 0.3597688004374504 17.21224387362599 850.7757436186075 6.581359855830669 8.853669695556164 34.04739966988564 2.287682760506868 2.861922793090343 1696.268931351602 1933.139858387411 1762.41576975584 2.218143574893475 51.4438586011529 2.690555587410927 97.36473189294338 5.701943542808294 26.19034732878208 3678.275780014694 1127.710490003228 16.13987973332405 52.44014873728156 128.8101584240794 4.187626540660858 35.44286727905273 4.499436117708683 2770.719620108604 5.646240301430225 718.8021920993924 1623.133662216365 2527.369770869613 631.9127027988434 32.46139211207628 4.852439656853676 6.385028943419456 2.417968422174454 0.08819186687469482 25.65027053654194 3.21851073205471 0 0 0 0.2405049204826355 0 0.08826826512813568 0 3.929167442023754 0 17.78107768297195 0 0 0.1970301270484924 2.929950378835201 3.120339162647724 10.76449405401945 0 0.1051911786198616 0.137662872672081 0.2443569824099541 1.077606022357941 7.001184344291687 90.55446299910545 130.4607935845852 0.3432916924357414 0 0.742910273373127 10.00934129208326 0 0 1.524564027786255 0.5263579487800598 9.18740014731884 7.610696643590927 4.922955378890038 0 0.2467478513717651 0 0.1400041133165359 0
5.096171177923679 0 0.1772186532616615 2030.318229310215 6.580127976834774 431.0140720494092 133.7618754133582 181.1243769936264 719.9437190145254 1651.593187153339 6.52250774204731 2562.249682225287 1.375270880758762 164.3031078390777 248.9989154711366 0 0.283443957567215 4.704952642321587 2.218143574893475 222.7201324999332 0.199430949985981 0 0.8071887046098709 261.5282468795776 0.2841662093997002 3.220069870352745 1.410134598612785 1101.913733612746 80.77981042489409 2.263198010623455 0 14.3355351947248 0.9061324447393417 75.1393605992198 1.903483882546425 181.6717508137226 2.762700445950031 113.2838339433074 17.0141095072031 605.7703794538975 25.05407459288836 1.904635295271873 5.666697986423969 0.2470993250608444 0 0 109.2305047810078 0 6.980937972664833 43.28186540305614 5.36926244944334 231.1213186383247 274.3166224583983 0.09951603412628174 28.4816812351346 0 5.611826449632645 0 0 0 0 0 46.34542395919561 0 0 0 145.245656222105 0 0 0 164.0909545868635 1.451800525188446 2.098739951848984 0 0.5911588370800018 0 2.209187164902687 0.2855095267295837 12.801558829844 0 3.857592515647411 0.4898082464933395 49.66344006359577 2.930186301469803 0 0
32.37562073767185 8.241878226399422 717.1888771057129 0.4149638265371323 0 1.055039495229721 685.8867624625564 16.84332126379013 152.275270588696 6.618064641952515 4.749514698982239 0.08736402541399002 0.941136971116066 46.24460119009018 0 2238.016327403486 895.7464210167527 5.430859439074993 51.4438586011529 0.199430949985981 9473.496276587248 315.7395182475448 7296.804471842945 151.2098389193416 1.066178016364574 386.7232715338469 510.1364290416241 1234.397479370236 149.9866777658463 7485.241338305175 0 0.2535202503204346 80.1140578687191 3281.228836350143 236.0066309347749 3716.838689416647 518.0849884524941 3207.209657788277 2307.720531120896 170.3343429714441 6.07147279381752 3.153544940054417 17.55552951991558 2.667720511555672 2.297663815319538 2.487774379551411 0 0.1522506773471832 0.1712152734398842 16.89138332009315 0.7829646542668343 22.24096658825874 0.3243393898010254 0 0 0 7.065475657582283 0.165812149643898 112.5831629410386 1.115908361971378 0.09823565185070038 0.3705644458532333 0 127.1537924408913 130.3559948205948 28.63089114427567 199.1771639063954 0 3.11031698435545 14.90850933641195 133.4785940647125 30.11000901460648 64.91386017948389 0 0.2165633141994476 3.001326642930508 4.422750741243362 25.68943577259779 63.2163477614522 0 9.910915017127991 3.995231330394745 2.19947849214077 2.704058080911636 0 0.339309424161911
4.25879181176424 2271.571441285312 77.62072664499283 0 1.311991527676582 0 12.66874278336763 2.2310935780406 1276.395335204899 0.4836641624569893 14.82320792227983 16.42877574265003 282.3265457823873 7.995452724397182 49.34025621414185 3920.608102455735 21.13352835178375 5.518942341208458 2.690555587410927 0 315.7395182475448 1630.524959482253 1253.423034824431 3818.718093391508 501.1334662809968 78.26276957988739 5879.512393504381 217.7698355913162 25.52404452860355 63.59883268177509 3.183147847652435 0.9266468286514282 4.557637147605419 38.41846446692944 4.350873112678528 100.1035927683115 87.71092259883881 73.36069200187922 26.7758529111743 64.19174301624298 3.779647350311279 18.36235296726227 0.4681099057197571 1.531904399394989 8.188973173499107 71.56542803347111 0 0 0.618679940700531 13.16454553604126 2.120772406458855 16.80096005648375 0.6559049487113953 11.99743825942278 0 29.3739060908556 2.814649865031242 0.261817030608654 568.2085702195764 3.849942542612553 0.5958603993058205 1.189442247152328 0 79.123072527349 121.4578204974532 487.3251961991191 99.48183536529541 2.16819704324007 8.284838050603867 602.7689817398787 53.84221076220274 16.33247916400433 23.54961083084345 6.500068120658398 0.1439075618982315 1.898727372288704 8.128543674945831 2.545942671597004 47.74717443436384 13.37475766986609 19.11832069605589 13.99838840961456 1.219128116965294 1.532035112380981 1.952652998268604 0.450914591550827
53.43096870183945 16.86391191929579 7735.736694931984 0.4350599050521851 0 2.052138477563858 625.8210802003741 28.69307471811771 252.2739874646068 10.85785003751516 9.883630611002445 0.241471603512764 1.250521764159203 85.58559621870518 0 5278.056445986032 3034.263387955725 11.10393730551004 97.36473189294338 0.8071887046098709 7296.804471842945 1253.423034824431 11484.18655986339 954.010443456471 0.6420892626047134 645.9702887907624 10820.01092921942 3769.345715649426 98.49111471325159 3594.589934952557 0 0.5974770113825798 22.81253361701965 2163.728677034378 263.1698126271367 6166.880580581725 4024.914600677788 5548.04034692049 5782.657258972526 337.6125550493598 14.72899080067873 17.98213205486536 32.58918073028326 0.5240490362048149 6.821874715387821 22.21748967468739 0.1348155736923218 0.09444132447242737 0.09762789309024811 9.636520087718964 1.324531137943268 5.047382704913616 0 0.1981915682554245 0 0 3.639885105192661 0 769.1086445003748 0.4672295451164246 0.0962931364774704 0.2320849299430847 0 107.1111426129937 560.1447607725859 422.600679397583 92.31173690408468 0 3.071118012070656 401.6169359758496 51.31066709011793 15.85644022375345 34.23167482018471 0 0.08478961139917374 1.868626490235329 3.39779107272625 28.8047843426466 108.119103230536 4.376187354326248 15.44616694003344 9.467717900872231 0.8410699367523193 0.129999503493309 0 0.1359875649213791
185.8203779459 309.1292874068022 211.2631868496537 793.4930465295911 15.64013942331076 78.30705470219254 1457.20461936295 318.1943560279906 5206.471387043595 560.1706579700112 13.2805731780827 283.5378138944507 33.42343109101057 614.4962133131921 780.7098422199488 714.9109615162015 23.61047373712063 5.34497869387269 5.701943542808294 261.5282468795776 151.2098389193416 3818.718093391508 954.010443456471 6669.244352918118 48.43414873629808 38.52125621587038 1658.398424807936 6727.547436863184 1070.872726112604 573.6429853066802 1.704083330929279 20.57871003448963 164.709101550281 375.3161672130227 92.26595336943865 1760.336354315281 101.9824557229877 718.4037286452949 393.8502634689212 848.5905161350965 123.8102630749345 8.542901188135147 29.07325821369886 21.54460687190294 3.353761598467827 5.16590341180563 177.0498300567269 4.304009668529034 48.12800846993923 756.9171020761132 90.275873221457 968.298187866807 581.0488675683737 5.541613958775997 44.77698470652103 4.34872655570507 81.68090007454157 17.61020730435848 45.23702223598957 1.403728894889355 0.2645323276519775 1.280226528644562 67.54983555525541 81.59123435616493 55.81005734950304 19.12867750227451 1732.191251866519 0.1060540080070496 2.530110381543636 19.80870472639799 1165.390151917934 134.6619006618857 201.5372628644109 2.1175487190485 7.86951258033514 4.022718988358974 35.74172834306955 18.88608002662659 305.9938437864184 8.516609981656075 108.1486209928989 16.83469480276108 100.9883858710527 34.05230816453695 0.5812609270215034 2.54101025313139
0 1053.230645656586 0.4983607977628708 0 0.09433992952108383 0.5038717687129974 0.2667743936181068 0.5063174217939377 59.2977377474308 0.2465293407440186 307.5210610181093 0.935304082930088 2755.337960422039 0 3.115578800439835 3.211786359548569 1.536528304219246 26.97253303974867 26.19034732878208 0.2841662093997002 1.066178016364574 501.1334662809968 0.6420892626047134 48.43414873629808 146.9821607545018 642.3935118317604 2699.537325188518 1.977124407887459 0.2607751563191414 0.1614610999822617 303.7051759883761 0.08999110013246536 0 134.7262825518847 1.387208983302116 105.7617494687438 1043.769134953618 217.9286561980844 58.26070177555084 5.172854565083981 8.485042825341225 334.5387661010027 0 0.07715755701065063 12.64856640249491 0.1486822813749313 0 0 0 0 0.6147654056549072 0.3815323039889336 0 96.71073335409164 0 595.7845647335052 0 0 5.692902371287346 0.3857317939400673 23.64398334920406 14.09784954041243 0 0 2.634584933519363 5.52678170800209 0 29.46459335833788 179.7566205188632 531.5881209746003 0 0 0.2526218146085739 87.53985419124365 0 0 5.747224941849709 0 8.700115039944649 53.02664239704609 12.45854288339615 3.106766380369663 0 2.302671909332275 25.8868772983551 0
67.58584319800138 642.3814056739211 5209.064151309431 0.7789886891841888 7.335961855947971 25.69171229749918 274.9852912016213 49.3266610018909 18.34911662340164 23.87764143198729 1511.296004295349 7.91398860886693 592.0067092403769 113.1189386881888 2.892813578248024 18.06116358190775 1476.893914073706 1447.486219763756 3678.275780014694 3.220069870352745 386.7232715338469 78.26276957988739 645.9702887907624 38.52125621587038 642.3935118317604 19336.56069713831 15746.52613571286 105.4826110415161 91.08293045312166 549.1040556430817 170.383092135191 31.02281356602907 13.35769882798195 1656.88394445926 18.9650876969099 1792.757441014051 5677.178137458861 3373.521760422736 1059.006925486028 69.99448097497225 7.914410844445229 75.19190518558025 5.118884220719337 0 696.8246023729444 49.98767962306738 0 0 0 3.045272350311279 0 1.10385823994875 0.224626213312149 133.9125047773123 0 697.6937403157353 0.5679256767034531 0 2.234335705637932 67.97917509078979 87.89617381244898 194.7372198179364 0 1.316091991961002 7.453129753470421 6.831663176417351 4.655657865107059 168.4415950477123 1521.280495710671 2551.205921828747 3.993358418345451 2.239307440817356 4.213591814041138 249.686892606318 0 0 52.3414206430316 2.522298760712147 123.461998462677 176.5589898750186 123.476508140564 28.78458941727877 1.599881201982498 0.5339882969856262 2.971782937645912 0.7651048451662064
29.26583144813776 5980.60656119138 8604.567155458033 0.8827093169093132 3.101698607206345 9.719158016145229 78.51919024437666 19.7935308739543 302.231853350997 8.190772268921137 968.2760957852006 6.641380496323109 3122.3423198089 49.54388696700335 15.11168587952852 3922.984969548881 4083.992162227631 318.1769025325775 1127.710490003228 1.410134598612785 510.1364290416241 5879.512393504381 10820.01092921942 1658.398424807936 2699.537325188518 15746.52613571286 27882.57722032815 1009.177753850818 78.17902801185846 354.5743135884404 372.8704420700669 12.33747070282698 15.24728146195412 2865.123897790909 117.9767805114388 5334.280999056995 5472.769505977631 7575.034406580031 3317.912855729461 288.8260327726603 19.73319344967604 53.76274143904448 17.87007214128971 0.6124922782182693 2391.669938996434 888.5936598628759 0 0 0.09262369573116302 10.75344963371754 0.585106372833252 3.987673796713352 0.1178988367319107 96.45392407476902 0 490.8605564311147 1.435684874653816 0 753.9219676330686 147.8973902389407 77.81596772372723 305.88493090868 0 40.47868553549051 1227.28554495424 1263.994048170745 25.07448365539312 335.4160351082683 2211.886155374348 7367.441004700959 22.65943212807178 3.012866787612438 20.73036562651396 204.9089814200997 0 0 104.9630981013179 18.80240167677402 444.0765605270863 587.0233714208007 305.0471086874604 127.1254950538278 7.357021518051624 0.1316593140363693 7.364829339087009 1.265989042818546
228.0819299295545 10.12034548074007 350.0353295430541 1855.725954182446 3.696440041065216 101.5382419526577 13178.23965512589 370.8256974667311 1089.970701083541 4725.865462437272 7.982174456119537 361.6342981010675 2.053443945944309 807.3411680832505 46.66910151392221 720.4863341450691 96.13958963006735 6.336970411241055 16.13987973332405 1101.913733612746 1234.397479370236 217.7698355913162 3769.345715649426 6727.547436863184 1.977124407887459 105.4826110415161 1009.177753850818 9372.003312326968 1307.723071504384 2771.000764258206 0.2573250830173492 15.82379364222288 301.5684056133032 774.1669536046684 142.4374184757471 2092.135602489114 99.13053580373526 1127.404371373355 609.3752343058586 359.8824540302157 92.82291175425053 6.8091936185956 29.01648437231779 13.57886718958616 0 2.686361193656921 117.3337674215436 3.63598594814539 17.71919590979815 404.7911968007684 44.61856835335493 335.8200408667326 328.5294885113835 1.522037863731384 42.32994858920574 0.1998612433671951 36.32586628198624 4.558821089565754 48.19319421797991 0.8376620262861252 0.06960573047399521 0.436070054769516 46.41549102216959 80.50503274798393 52.98951095342636 16.95123706012964 817.6703391000628 0 1.387382425367832 11.927300311625 576.6749134287238 96.43796805292368 128.0780535638332 0.3043608292937279 2.865397199988365 3.445203803479671 18.44440790265799 15.94486717879772 166.0438031814992 4.276777192950249 53.11898873746395 10.39711056649685 51.93204540759325 19.59016388654709 0 3.045607954263687
2347.496770091355 4.158161483705044 40.11828701943159 50.18061395734549 106.1027319729328 1723.178227342665 1601.665867567062 1065.145806863904 74.87842957675457 586.9508393928409 100.0510501116514 71.60079547017813 1.818033643066883 4970.525870576501 18.48990118503571 34.08662362396717 272.455557204783 29.96229472011328 52.44014873728156 80.77981042489409 149.9866777658463 25.52404452860355 98.49111471325159 1070.872726112604 0.2607751563191414 91.08293045312166 78.17902801185846 1307.723071504384 11650.7203640677 3633.800238028169 0.4090753644704819 367.8547950685024 2109.587979286909 2846.794628344476 19.63392033427954 521.9045160710812 50.34209214895964 1121.084109265357 207.0803469121456 254.4446921870112 63.09149931371212 2.911052368581295 9.405518867075443 0.8501994609832764 1.465514533221722 1.147325158119202 0.7104566022753716 0.2495456635951996 1.65365831553936 47.16204878687859 3.528943352401257 18.82586174458265 6.476557113230228 0 0.2570135109126568 0 4.62329288572073 0 2.648913122713566 0.1385346055030823 0 0.3384401053190231 0 8.392579436302185 2.872828260064125 1.296036645770073 79.36707093566656 0 1.683179125189781 4.400132440030575 55.40631179511547 13.50353665649891 26.45569462329149 0 0 0.3449275642633438 3.1916129514575 5.442703045904636 26.26284731924534 0.8663198947906494 7.493950054049492 1.564392514526844 5.238689973950386 1.309866048395634 0 0.218809962272644
