1408.829576574266 0.7566461786627769 96.25667563825846 9.046909943223 0 6.70112793520093 2296.369888685644 150.0646522268653 21.43605323135853 113.3329568430781 9.863896228373051 5.434361264109612 0.1379527449607849 3719.343037780374 0.2435793280601501 1.066883891820908 166.3384651392698 6.400548696517944 45.53329980373383 6.11066135764122 42.08626890927553 2.329929061233997 196.5534861236811 136.1282824873924 0 23.58927797526121 49.89602287858725 382.4230978116393 5709.428998734802 4245.307293944061 0 2.218584604561329 16.90494678169489 274.6802081763744 3.113239914178848 69.87431968003511 17.96597384661436 111.1534831151366 29.92471613734961 4.1888258010149 1.68843487650156 0 0.9382054507732391 0.9302264004945755 0.1773631572723389 0.437568724155426 0.142203688621521 0 0.294334888458252 3.542569100856781 3.124713569879532 3.403072409331799 1.015082664787769 0 0 0 4.847124181687832 0 0.8970019817352295 0 0 0 0.1105467826128006 0.6599811539053917 0.09033194929361343 0.3449560403823853 21.40558150410652 0 0.4606191888451576 3.703167818486691 29.21201837062836 1.513971790671349 0.9768789485096931 0 0 0.09992814809083939 0.2840624526143074 0.2887572348117828 2.99126610904932 0.389440506696701 1.307585351169109 0.09340320527553558 2.339933164417744 0.1154845878481865 0 0
0.7566461786627769 436.7033344432712 307.6218042001128 0.1156278625130653 0 0.2091614454984665 24.6873214840889 1.177196003496647 506.3377228155732 0.3545713350176811 62.58108838647604 1.609269313514233 950.6049414202571 2.705378629267216 2.098503045737743 739.9809664860368 138.5725122466683 13.85304610431194 98.40219289064407 0.1051172763109207 26.12342876195908 2916.889856152236 141.602520942688 1058.340604178607 1722.849552258849 682.8106461688876 10547.13188869506 93.71982574462891 2.463303588330746 3.90890833735466 26.46668653190136 0 0.1396135538816452 38.43173731118441 0.4779601991176605 142.3875723332167 76.2750413864851 170.2825234159827 36.07659112662077 15.74019698053598 0.2561469674110413 56.26000599563122 0 1.056251496076584 194.7933657988906 31.71537755429745 0.1744969710707664 0 0 1.055888496339321 0.2939815446734428 3.949362434446812 0.1484589278697968 8.038669876754284 0.1430000811815262 58.72620784491301 1.139781892299652 0 7.161029890179634 35.50948922336102 8.700573936104774 68.77612792700529 0 0 22.41880497336388 3.121817655861378 9.648863710463047 258.3497790619731 452.9279007315636 2075.919396132231 5.245604075491428 0.9482079148292542 0.2406411170959473 11.66909582912922 0.1298050880432129 0 10.31551213562489 3.366251140832901 25.74166334420443 32.87255258858204 34.85434030741453 6.198548212647438 0.381279855966568 0 5.411761969327927 0
96.25667563825846 307.6218042001128 7506.395489066839 1.672898039221764 0.07441789656877518 7.000591933727264 718.2659213095903 193.4744215421379 28.25428936630487 29.86590538918972 14.01316612958908 1.056222029030323 2.531589277088642 327.4592867083848 0.4121237695217133 32.15591551363468 5448.62150683254 25.39330496639013 523.6294701471925 0.529995858669281 928.5416258201003 181.0489853769541 14001.44612229243 125.439713537693 4.121102541685104 5506.903476700187 9198.384850420058 601.2303258106112 129.7164716050029 487.4973484426737 0 1.335853170603514 6.087706744670868 505.3170856386423 21.25742780417204 1305.793536193669 6047.082510538399 1537.357237271965 601.6758040115237 61.2048786431551 10.26689422875643 2.03071054071188 8.545116946101189 1.09384448081255 445.4775090590119 521.751853376627 1.720888115465641 0 0 3.367647364735603 1.777331382036209 4.802019663155079 1.353806987404823 2.00321252644062 0.4195219650864601 1.973781399428844 0.6908103302121162 0 121.4766759127378 94.70225185900927 1.165405109524727 20.73488287627697 0.5381284803152084 5.326142564415932 183.1990892663598 92.87367532402277 32.00370592623949 11.8688824698329 217.2556300014257 3500.889649532735 16.38695402443409 3.352148801088333 1.902885518968105 1.002856351435184 0 0 18.92913866788149 6.792043015360832 60.52721234411001 348.3508647680283 52.87077046185732 17.41003614664078 0.3456823751330376 0 0 0
9.046909943223 0.1156278625130653 1.672898039221764 1524.030541352928 0.4823541790246964 81.31086429953575 191.3296535462141 94.37322740256786 394.5156430080533 3118.249102726579 2.042017810046673 4558.706075079739 1.744837746024132 65.46552500128746 96.75808377563953 0.4617191106081009 0.1475549340248108 0.08474109321832657 0.2799510508775711 3975.326398931444 0.3214250952005386 0.4613476768136024 1.715608522295952 1527.574094310403 0 1.086410485208035 0.8836370259523392 2828.93983540684 54.74992668628693 3.529162876307964 0 3.62059124559164 0.4422137513756752 19.80414103716612 1.024129286408424 243.8533856496215 1.05099206417799 44.00997188687325 16.21754164248705 514.0061783418059 5.555309288203716 0 0.418326124548912 1.412446409463882 0 0.2035088390111923 49.0188656821847 0 6.400163725018501 68.86776315420866 43.71620869636536 52.43450832366943 98.99849497526884 0.8919917643070221 44.15205574035645 0 21.26921213418245 9.147020064294338 0.1137948483228683 0 0 0 30.09970950335264 0 0.1409667581319809 0.7845838442444801 297.1914419829845 0 0 0 229.7180022150278 5.503587312996387 0.5191071853041649 0 0 0 1.06546938419342 1.001032948493958 61.94897268712521 1.718730725347996 6.910640865564346 0.1538618057966232 94.60306733101606 0.3286671489477158 0 1.232739686965942
0 0 0.07441789656877518 0.4823541790246964 35.99375307559967 73.83017046004534 0.7069837301969528 40.03006317466497 10.56838192045689 0.7951378747820854 3.932075388729572 21.82570634037256 6.571679756045341 9.313485845923424 686.3834229186177 0 0 0 0.153952956199646 0.5352369472384453 0 0 0 2.864869587123394 0.2935993894934654 0 0 1.190312139689922 151.2775581777096 0.5423339903354645 0 68.84183704853058 0 78.90841686725616 0 13.58631934970617 0.218169778585434 62.54192832112312 12.42620381712914 991.2362388819456 75.5051366686821 1.450096875429153 0.4745116233825684 0 0 0 0 0 0 0 0 0 0 0 0 0 1.031690388917923 0 0 0 0 0 0 0 0 0 0 0 0 0 0.06440049409866333 0 0 0 0 0 0 0 0.2165845632553101 0 0 0 0 0 0.1624867916107178 0
6.70112793520093 0.2091614454984665 7.000591933727264 81.31086429953575 73.83017046004534 12095.98239990696 1577.847777199 7557.86395566538 31.45796225965023 9560.807683326304 53.50280146673322 3146.422866206616 19.73297427594662 597.1292326301336 996.4951568692923 0.1308871954679489 4.397823397070169 1.956187155097723 2.751578200608492 211.2789314463735 2.638293847441673 0.6268021389842033 9.132762316614389 66.23830576241016 0.9774151593446732 2.413379020988941 5.142633728682995 499.8540272563696 937.8351769410074 42.54769892245531 0 556.3627143464983 0.1542848497629166 265.6883738897741 2.147898480296135 238.697731461376 7.621017977595329 467.4705557748675 160.9475611746311 2059.163971163332 645.233681127429 17.98794046789408 4.501481406390667 0.170580729842186 0.09215039014816284 0.2366511523723602 3.143288932740688 0 0.3992064297199249 10.37553990632296 6.490300886332989 8.468956373631954 6.32949211448431 0 4.716679111123085 0.1095988675951958 6.560604631900787 0 0.2716878056526184 0 0 0 1.81997587531805 0 0.1763976365327835 0.195037379860878 39.84961851686239 0.0857667550444603 0 0.08960844576358795 39.48041700571775 2.091949559748173 1.029213830828667 0 0 0.1212956458330154 0.2077880352735519 0 6.966183349490166 0.7026698887348175 1.870298899710178 1.280756466090679 5.086242839694023 0.1105415001511574 1.124153539538383 0.1453319191932678
2296.369888685644 24.6873214840889 718.2659213095903 191.3296535462141 0.7069837301969528 1577.847777199 26848.13278944045 5916.672788884491 277.4770204648376 8003.020144566894 42.83429081737995 49.58732963353395 8.168487630784512 9243.336351778358 12.36042842268944 30.8483526930213 88.05653876811266 5.500907227396965 25.22817170619965 50.24840714037418 802.0906000286341 70.55036871135235 539.8115644082427 1190.374023668468 1.036869511008263 173.1710667014122 838.2457579448819 12277.37734682113 3157.963102076203 6570.656149618328 0.2230490371584892 50.75680665671825 99.59901900589466 594.7763338238001 45.93722628802061 3052.446129791439 72.74075207859278 1303.62379475683 471.5157711133361 385.3470707535744 106.1474673599005 3.034079045057297 29.62380804121494 12.06776586174965 2.935137711465359 2.181547529995441 22.72051580250263 0 5.622267484664917 98.84984923899174 56.8953563272953 75.22305931150913 52.64674079418182 0.5560791939496994 14.50904002040625 0.2673587426543236 48.05716786533594 1.243260987102985 32.95145682245493 0.5291157886385918 0 0.2396141737699509 13.41125208884478 7.856560669839382 8.295245498418808 16.17220167070627 423.8294048979878 0.4395105913281441 1.20924761146307 34.19563336670399 377.1269418001175 23.25119311362505 12.7266694009304 0 0 0.6877644509077072 4.62365810573101 8.704720705747604 59.73772059381008 2.809198439121246 17.07322531193495 3.844090670347214 24.22321169823408 2.161824695765972 0.5052030384540558 4.085369810461998
150.0646522268653 1.177196003496647 193.4744215421379 94.37322740256786 40.03006317466497 7557.86395566538 5916.672788884491 8726.665259886533 207.195051215589 3227.597800884396 60.66801469027996 1793.460015311837 19.78185601532459 6009.091322079301 526.62226883322 1.397963389754295 119.070351600647 5.396120700985193 34.32930946722627 171.7054220661521 51.6396062746644 2.484349012374878 217.2605237364769 475.1575423181057 2.010467395186424 38.05091784149408 78.42718435823917 1327.782579090446 2402.311856232584 959.1977264732122 0.1651838049292564 349.3975155390799 5.880783714354038 257.0295713767409 3.995796300470829 347.8241194933653 33.73919355124235 407.4577934741974 112.6695930324495 1340.600862242281 306.7698368132114 14.88539386540651 4.515430584549904 6.585154786705971 0.8175267577171326 0.4312501028180122 16.28472635149956 0 7.447824694216251 112.5908162742853 73.77419994771481 49.99776389449835 43.1838031411171 2.402648970484734 6.123454220592976 3.101110108196735 51.66051569581032 0.936682440340519 1.516230054199696 0.2746410891413689 0 0 5.825768582522869 3.593355402350426 1.366118296980858 1.161652915179729 381.4790479689837 0.146673172712326 0.7132436260581017 6.778282523155212 411.7057625129819 18.84172016382217 6.406984135508537 0 0.310660719871521 0.4177519381046295 4.548032246530056 0.5211391150951385 48.62388984113932 2.328087024390697 17.9098959416151 3.259656891226768 35.5166255608201 3.333028979599476 2.264326944947243 0.8978238701820374
21.43605323135853 506.3377228155732 28.25428936630487 394.5156430080533 10.56838192045689 31.45796225965023 277.4770204648376 207.195051215589 1117.225793838501 388.7677964493632 5.449142605066299 236.9814282059669 10.69852022826672 151.4625094458461 560.2002328783274 221.3174649178982 5.070246011018753 0.3830179497599602 2.429588176310062 199.5314576104283 120.0256428048015 3322.681649915874 55.1075144931674 10445.82014328241 39.77039971202612 24.11558953672647 359.6340768113732 1958.807288467884 112.9649774804711 94.82624492049217 0.3694635033607483 5.665808714926243 5.811334781348705 45.81203280389309 5.346168488264084 350.4126524403691 22.11362230032682 107.7739589437842 23.77451232820749 605.1881154552102 9.77279531955719 0.4897144883871078 2.59144476801157 28.93214447796345 1.81752397865057 2.060050822794437 116.1417787522078 0 18.11373260617256 125.7325087040663 67.47167873382568 147.248722076416 165.5363685116172 3.428655222058296 145.2380592525005 0.2540671825408936 66.80055522173643 36.09719461202621 403.7213359996676 1.892985187470913 0.09287627786397934 0.786308117210865 70.94760104268789 110.9927496314049 39.98721923679113 80.56498271971941 2163.811126716435 0.7302332296967506 3.281884849071503 39.48128846287727 902.2367261648178 50.45701453089714 40.91138327121735 0.1155160516500473 0.2071123570203781 4.776784300804138 9.886129088699818 0.347109779715538 124.7609464600682 4.0756701156497 41.29228223860264 6.26863918453455 169.0731891989708 3.189949110150337 0.3819852918386459 1.501698285341263
113.3329568430781 0.3545713350176811 29.86590538918972 3118.249102726579 0.7951378747820854 9560.807683326304 8003.020144566894 3227.597800884396 388.7677964493632 29074.8004629463 46.96489003300667 3219.969279080629 9.992789439857006 1541.190258402377 71.19152181595564 0.6498946249485016 5.353683143854141 4.076713591814041 3.571736097335815 2989.41409894824 9.737236633896828 1.332883760333061 18.48471005260944 1113.504716180265 0.9362282454967499 9.792238410562277 17.22276195138693 7642.891167916358 805.9890003688633 48.79752815514803 0 53.20796251296997 4.862250849604607 286.3509499579668 12.32450816780329 1599.603366710246 20.0566366687417 661.2063121646643 142.2561586275697 583.7392093315721 85.61542424559593 3.900222688913345 13.63452776521444 2.070226982235909 0.1831385940313339 0.4437897950410843 102.6548227667809 0 20.40365853905678 224.3952729851007 145.0650065094233 84.6407933011651 202.7078731432557 0.841655358672142 78.19912122935057 0.1861468702554703 68.33881375193596 14.77794229239225 0.3914117962121964 0.1377453655004501 0 0.3526953756809235 51.85848787426949 2.496043138206005 0.3449306190013885 1.164720602333546 719.2863532453775 0.3746980354189873 0 2.940591856837273 606.3698922917247 17.24309295415878 3.048036217689514 0 0 0.5847736001014709 6.903878763318062 1.412206307053566 129.3880229517817 0.1100731119513512 18.68613021820784 3.070040062069893 147.5209052711725 3.305471494793892 0.3640447929501534 0
9.863896228373051 62.58108838647604 14.01316612958908 2.042017810046673 3.932075388729572 53.50280146673322 42.83429081737995 60.66801469027996 5.449142605066299 46.96489003300667 10679.53746542335 33.59594336897135 2203.609803393483 228.1767061725259 13.61088138818741 0.9499664604663849 319.4760393798351 3736.298205785453 835.7880727574229 4.777298338711262 35.45931956171989 4.7144815325737 43.05639488250017 14.25291968137026 979.7985979244113 1908.898274533451 853.8292663916945 34.57228044420481 308.3143588751554 28.74478866159916 367.672773398459 139.3448163196445 5.433604136109352 6053.925291620195 18.55517470091581 661.7394581064582 5807.0721828565 6126.961865402758 1321.781341139227 210.9767526313663 47.59990901499987 1364.420356929302 13.3724508062005 0 6.340615034103394 0.6988716274499893 0 0 0.2003372758626938 1.095564596354961 0.9594049975275993 1.939323544502258 0.8281422257423401 143.2217653468251 0 831.6807959377766 0.7865182012319565 0 0 1.028175473213196 13.59090971946716 6.790203951299191 0 0.148046687245369 0.2335070595145226 0 7.8009372651577 197.1619233712554 107.9688241034746 123.4066056981683 9.106625869870186 0.4162058979272842 0 87.86450810730457 0 0 0.2955795899033546 2.017845422029495 8.494108654558659 401.4464390873909 3.733832143247128 1.420373447239399 0.9514078199863434 0 75.18872340768576 0.3027869462966919
5.434361264109612 1.609269313514233 1.056222029030323 4558.706075079739 21.82570634037256 3146.422866206616 49.58732963353395 1793.460015311837 236.9814282059669 3219.969279080629 33.59594336897135 8410.929723456502 5.983165808022022 491.2288533784449 2196.356100097299 0.1473494917154312 0.4792563170194626 1.516600370407104 1.24328938126564 4778.6096059829 0.6092886030673981 12.17583068460226 0.2334139049053192 624.1438096985221 1.351533256471157 2.36507823318243 2.049795813858509 833.3008145689964 292.597666028887 3.349883116781712 0.2088564485311508 89.31129471585155 0 127.1337122246623 0.2757222354412079 819.6352877095342 6.595205925405025 209.7321696728468 22.29337514191866 2198.226779796183 22.80972664058208 2.40619283169508 1.879988797008991 0.3869427666068077 0.408968910574913 0 31.75285388529301 0 14.62775141745806 23.65321915596724 27.85693915933371 42.74331747740507 49.40574705600739 2.685152113437653 52.65886027365923 0.09760947525501251 6.385388776659966 12.28143230080605 0 0 0.09574133902788162 0 14.54035191237926 0 0 0 102.2758902683854 0.9069666862487793 0 0.3790285065770149 79.67858894914389 2.321404851973057 0.1244018152356148 0 0 0 0.5229214876890182 0.5594964027404785 68.5761047527194 0.408845342695713 5.062331646680832 0 83.15386933088303 0.1265634000301361 0.1039452105760574 0.1468795090913773
0.1379527449607849 950.6049414202571 2.531589277088642 1.744837746024132 6.571679756045341 19.73297427594662 8.168487630784512 19.78185601532459 10.69852022826672 9.992789439857006 2203.609803393483 5.983165808022022 3942.051794506609 43.28661230951548 5.186722435057163 6.303742125630379 3.503958500921726 145.3338683620095 31.22737090289593 3.073982037603855 1.681358955800533 57.6061213389039 7.771310113370419 20.24026493728161 5997.729257412255 594.3950548619032 2477.095234543085 16.40560745447874 29.58656827360392 1.531949900090694 962.9265910312533 54.04092054069042 0.08930559456348419 899.1684049591422 58.77391384541988 2055.072724141181 5248.009977832437 3246.983314722776 515.3864766657352 136.4193543046713 195.7327507063746 2204.121125631034 26.24115586280823 0 40.96659368276596 0.1015085577964783 0 0 0 0.8813030421733856 0.2657609656453133 0 0.1642089635133743 436.7845835387707 0 2322.217210501432 0.0976506695151329 0 4.136478625237942 0.8359801843762398 39.42126058787107 8.829972594976425 0 0.09330553561449051 1.346186704933643 0.1334173083305359 2.838914804160595 740.8674825280905 286.8024766519666 317.730254560709 4.879272118210793 0.3922271952033043 0 223.9078622758389 0 0 1.525838874280453 32.14573013782501 468.3904193863273 901.2113963961601 27.52931854128838 21.37299160659313 16.15012681484222 0.2200112193822861 161.3015465661883 5.309883818030357
3719.343037780374 2.705378629267216 327.4592867083848 65.46552500128746 9.313485845923424 597.1292326301336 9243.336351778358 6009.091322079301 151.4625094458461 1541.190258402377 228.1767061725259 491.2288533784449 43.28661230951548 11392.29365886003 156.1836269572377 3.228587731719017 297.2819555960596 20.33441413193941 93.24714866653085 90.28919599950314 115.5757921151817 6.632910832762718 482.0058630853891 447.9968824610114 3.63356464356184 75.19821669906378 139.4624141082168 1308.751526784152 7855.424743331969 3548.258527100086 0.6002275422215462 334.3850967101753 38.74810333549976 1066.289736289531 9.621442787349224 737.0677367672324 69.71440217643976 1280.468286860734 246.0941141620278 667.0916293635964 214.6110388785601 39.39720387011766 9.962409608066082 10.96857857704163 0.8562577143311501 0.729526124894619 6.322501420974731 0 2.874199606478214 51.93137355148792 36.63927333801985 33.04315209388733 19.17653887718916 2.204968981444836 2.4921535551548 1.80414479970932 26.8928170055151 0.5412798225879669 0.8322544023394585 0.2838139757514 0 0.6492195352911949 3.660242423415184 3.444537006318569 0.6115341782569885 1.117194898426533 213.9581491053104 0.08568520098924637 1.456492230296135 9.378709502518177 236.8615938574076 15.58869358897209 5.271929785609245 0 0 0.840779609978199 3.323390997946262 0.2484568953514099 31.39096418768167 1.77156101167202 13.64171009510756 2.209287159144878 17.94861056655645 2.233557835221291 2.615697294473648 0.4733162522315979
0.2435793280601501 2.098503045737743 0.4121237695217133 96.75808377563953 686.3834229186177 996.4951568692923 12.36042842268944 526.62226883322 560.2002328783274 71.19152181595564 13.61088138818741 2196.356100097299 5.186722435057163 156.1836269572377 790.59374255687 0.1528475880622864 0.2474868968129158 0.1965645328164101 0.1105498969554901 150.9876000136137 0.3539211302995682 18.80937849730253 0.1590219140052795 624.292586684227 0.7956503108143806 0.4278491139411926 3.354128934442997 50.64619987457991 88.90232753008604 2.525918155908585 0 267.1181040033698 0.1025524735450745 40.515237018466 2.204591900110245 148.9125195145607 7.556608438491821 61.66966355592012 8.63914430141449 1149.662790514529 175.3538127765059 5.617724984884262 3.710803836584091 0 0.1122570708394051 0 0.3602431863546371 0 0 2.847750097513199 0 2.285972282290459 0 0.1203660070896149 0.9272550791501999 0 0 1.934966266155243 0 0 0 0 0 0 0 0 4.066120125353336 0 0 0 6.444198101758957 0.398267924785614 0 0 0 0 0 0 2.420022487640381 0 0.7824371755123138 0 6.36703097820282 0 0 0
1.066883891820908 739.9809664860368 32.15591551363468 0.4617191106081009 0 0.1308871954679489 30.8483526930213 1.397963389754295 221.3174649178982 0.6498946249485016 0.9499664604663849 0.1473494917154312 6.303742125630379 3.228587731719017 0.1528475880622864 4232.80091766268 9.646019004285336 0.8353036418557167 2.429976001381874 0 5054.228664331138 2796.836816012859 3826.900670722127 1528.812359854579 14.54251094907522 10.07467977702618 4429.543005347252 2330.447764188051 10.32698124647141 33.90197913348675 0 0 4.13722288608551 117.9598909765482 49.44590155780315 1848.803405366838 707.0611317828298 454.9232341870666 509.1364069655538 116.01240786165 2.346247896552086 0.6711093634366989 13.06941336393356 14.72157523036003 8.12029005587101 34.66815640777349 0 0 0.1044929400086403 7.981770642101765 1.528801076114178 63.69595020264387 0.362695075571537 2.832052290439606 0 1.371303535997868 5.386857122182846 0 2127.932906627655 4.40687607973814 0.326303094625473 1.335787028074265 0 223.1661537662148 865.41069791466 806.6364023536444 506.6417290940881 0.8687967211008072 4.246702834963799 620.2664963975549 237.004288457334 29.89393226802349 42.75913388282061 0 0 4.407421603798866 7.551280029118061 5.917762249708176 769.8968671187758 8.462377145886421 17.14252630621195 6.014507621526718 0.5372036248445511 0.7184889242053032 0.4475300908088684 0.6506949663162231
166.3384651392698 138.5725122466683 5448.62150683254 0.1475549340248108 0 4.397823397070169 88.05653876811266 119.070351600647 5.070246011018753 5.353683143854141 319.4760393798351 0.4792563170194626 3.503958500921726 297.2819555960596 0.2474868968129158 9.646019004285336 3323.197853460908 838.5748753398657 5027.171324491501 0.1958698704838753 1049.788179181516 28.73758928477764 4967.334380090237 14.18534092605114 6.854271970689297 4343.930529080331 6444.601330138743 37.9260134473443 380.0621396936476 713.50991820544 0.3791257962584496 0.8402690403163433 43.75053922086954 2751.699018873274 5.151583530008793 456.3765728473663 1274.172475166619 851.5255997404456 192.2858756482601 15.87512102723122 2.484176091849804 2.017346248030663 3.717524461448193 0.6539163589477539 52.88880023360252 15.88277914375067 0 0 0 0.7937755584716797 0.4292501285672188 1.124222315847874 0.1589224934577942 1.569132976233959 0 2.582111172378063 0.5235166996717453 0 3.61672206223011 28.86875919252634 4.23436988145113 46.06769170612097 0 0.3896467313170433 7.877773880958557 1.749471232295036 4.969817392528057 12.10747051984072 294.2127276286483 418.7585731819272 2.94734063744545 0.4042187184095383 0 1.785108782351017 0 0 1.461172975599766 1.66133126616478 10.45329564064741 71.65612775087357 10.32209085673094 1.777247361838818 0 0 0 0
6.400548696517944 13.85304610431194 25.39330496639013 0.08474109321832657 0 1.956187155097723 5.500907227396965 5.396120700985193 0.3830179497599602 4.076713591814041 3736.298205785453 1.516600370407104 145.3338683620095 20.33441413193941 0.1965645328164101 0.8353036418557167 838.5748753398657 879.0053037852049 3480.532045729458 0.1103971675038338 15.84775178879499 2.698448926210403 30.42079450190067 1.50333096832037 46.05591261386871 3516.688434451818 886.0392847284675 4.507218442857265 28.46348294615746 13.71119225025177 139.3639273196459 4.643900834023952 1.078527987003326 990.0173317790031 6.860155813395977 659.0595464706421 1557.024343669415 1531.530979461968 437.0829833969474 9.568583182990551 2.135400451719761 15.06719490140676 2.55454545468092 0.09712481498718262 7.55427647382021 0.3550664559006691 0 0 0 0.1264473497867584 0.103587307035923 0 0 38.86887220293283 0 154.2683892771602 0.2255588173866272 0 0.1471599191427231 1.007511898875237 15.8883226364851 10.77898750454187 0 0.08903998136520386 0.2276675328612328 0.1169392839074135 0.2066633403301239 48.87040417641401 129.4576291888952 130.6181185767055 0.8554469123482704 0 0 49.97122696787119 0 0 0.4467390030622482 2.353004515171051 2.016139857470989 41.75173426419497 3.270954214036465 1.167331837117672 0 0 0.4694196060299873 0
45.53329980373383 98.40219289064407 523.6294701471925 0.2799510508775711 0.153952956199646 2.751578200608492 25.22817170619965 34.32930946722627 2.429588176310062 3.571736097335815 835.7880727574229 1.24328938126564 31.22737090289593 93.24714866653085 0.1105498969554901 2.429976001381874 5027.171324491501 3480.532045729458 2204.584923021495 0.2152659893035889 146.9732436686754 10.0229411944747 394.7625548020005 7.359254382550716 27.810591340065 7401.453293420374 1854.565377190709 12.39332245290279 126.4340752735734 123.61671410501 14.58931128680706 2.221104875206947 15.3652950078249 3653.791464991868 10.34202056378126 1185.070270009339 1019.573099121451 2663.437395319343 434.2941339761019 18.23942855745554 1.278946824371815 3.172132730484009 4.151057630777359 0.19315255433321 28.91026135534048 2.330248698592186 0 0 0 0.985150046646595 0.2138870358467102 0.3036736473441124 0.2260930761694908 6.182603694498539 0 33.64578265696764 0.3213510140776634 0 0.4539567902684212 13.46263568103313 10.94233553856611 47.57517545670271 0 0 1.549717381596565 0.7443656772375107 1.480669222772121 24.18492284417152 230.401461713016 272.3917756676674 0.8107728883624077 0.1794188469648361 0 15.47345298528671 0 0.1262272298336029 2.439059756696224 2.722001403570175 6.094258382916451 20.35363651812077 5.654670715332031 3.674228310585022 0 0.5733036398887634 0.5671396702528 0.246774360537529
6.11066135764122 0.1051172763109207 0.529995858669281 3975.326398931444 0.5352369472384453 211.2789314463735 50.24840714037418 171.7054220661521 199.5314576104283 2989.41409894824 4.777298338711262 4778.6096059829 3.073982037603855 90.28919599950314 150.9876000136137 0 0.1958698704838753 0.1103971675038338 0.2152659893035889 914.5662956014276 0 0 0 752.2088053300977 0.1025791689753532 0.2744230404496193 0.4937781989574432 1317.882662333548 54.93778841942549 1.273448415100574 0 6.415122482925653 0.2347561568021774 19.65921796858311 0.3966776728630066 234.169272378087 2.282278388738632 47.84170580655336 10.42805390805006 577.4280153289437 4.226633861660957 3.973615564405918 0.8715249300003052 0 0 0 31.90139601379633 0 5.281054027378559 42.03886149823666 30.28279554843903 24.12839798629284 55.03694893419743 0.6439521014690399 26.97653682529926 0 15.58139669150114 5.678381614387035 0 0 0 0 12.13636577129364 0.28908371925354 0 0.9155213534832001 152.9086427986622 0 0 0.1890584230422974 124.6802901476622 4.239857077598572 0.5669997930526733 0 0 0 0.6182454526424408 0 50.67447865754366 0 1.33165019005537 0.3624776378273964 61.20527805387974 0.3940877169370651 0 0.3188809752464294
42.08626890927553 26.12342876195908 928.5416258201003 0.3214250952005386 0 2.638293847441673 802.0906000286341 51.6396062746644 120.0256428048015 9.737236633896828 35.45931956171989 0.6092886030673981 1.681358955800533 115.5757921151817 0.3539211302995682 5054.228664331138 1049.788179181516 15.84775178879499 146.9732436686754 0 22381.89962954074 222.7907076478004 20946.00842453539 413.6693012192845 0.7978028282523155 80.16543321311474 1899.415607146919 6236.658042788506 288.4099566861987 11693.52833999693 0 1.743436187505722 112.4686278179288 5060.586730405688 247.5526018589735 6347.34304395318 1567.938965275884 4431.379876494408 2264.215119279921 411.2707924768329 12.17893924564123 3.96552200615406 55.97042966634035 12.96956514567137 1.309895768761635 3.642885081470013 0 0 0 9.926970846951008 0.8903824388980865 51.64487669616938 0.4658740013837814 0.627716138958931 0.1261866241693497 0.09466937184333801 7.505699701607227 0 357.0010139793158 2.358734272420406 0.2165365815162659 1.142499849200249 0 199.9043350592256 101.7859055772424 93.52049380540848 431.5472450256348 0 2.04856975376606 60.41904854774475 244.3951056525111 40.86641623079777 54.01408964395523 0.1531996428966522 0 9.757185220718384 10.46677784621716 31.09534578025341 204.862842053175 3.596174001693726 10.75849372893572 8.717390604317188 3.195372804999352 1.772526331245899 0.263706661760807 0
2.329929061233997 2916.889856152236 181.0489853769541 0.4613476768136024 0 0.6268021389842033 70.55036871135235 2.484349012374878 3322.681649915874 1.332883760333061 4.7144815325737 12.17583068460226 57.6061213389039 6.632910832762718 18.80937849730253 2796.836816012859 28.73758928477764 2.698448926210403 10.0229411944747 0 222.7907076478004 1693.848589390516 727.3696843385696 5365.20684004575 301.9057390317321 76.25827739387751 3911.198427729309 523.6906449198723 10.02139332890511 29.74461521953344 1.636737480759621 0.5688774287700653 0.4393559396266937 86.4958995655179 8.752760350704193 523.1390811055899 166.628450371325 665.5875355303288 243.8685029372573 118.7531336545944 0.7429542019963264 0.8266386687755585 3.284298546612263 9.957747578620911 51.11921186745167 174.3271224349737 0.8168880268931389 0 0 9.210148870944977 2.331480875611305 42.42016915977001 0.6896554976701736 0.1037364155054092 0.4142731130123138 2.505104228854179 4.917903564870358 0 1559.526914648712 17.22789664566517 0.5717020705342293 8.953174255788326 0.2120566442608833 106.899460978806 374.0994766652584 599.5275647118688 417.6087741702795 6.338572658598423 16.5679195523262 2147.54773312062 176.8867361545563 22.65341544151306 23.7999544069171 0.7655250951647758 0 4.787788704037666 6.038237906992435 3.5036431401968 161.6884095966816 10.96870619803667 25.2116838619113 17.08216719329357 3.10531984269619 0.6315468698740005 0.3282168358564377 0.3767654746770859
196.5534861236811 141.602520942688 14001.44612229243 1.715608522295952 0 9.132762316614389 539.8115644082427 217.2605237364769 55.1075144931674 18.48471005260944 43.05639488250017 0.2334139049053192 7.771310113370419 482.0058630853891 0.1590219140052795 3826.900670722127 4967.334380090237 30.42079450190067 394.7625548020005 0 20946.00842453539 727.3696843385696 28389.05617625266 254.8713957518339 0.9136496782302856 1045.223591342568 15066.77137456089 2903.425742462277 387.3942175656557 3890.150158084929 0 2.934962086379528 38.20752476155758 4558.740425921977 366.4436623677611 9788.968313917518 6141.951869577169 6328.671396937221 5200.249583564699 642.5515805408359 22.97761275619268 9.843277536332607 72.43852838873863 1.991038478910923 38.83664171397686 161.5910384207964 0.2071748971939087 0 0.374137282371521 3.668833561241627 1.311928950250149 9.930794067680836 1.680128514766693 0.3555616140365601 0.1352976411581039 0.2212268188595772 0.9873577207326889 0 1331.634540595114 7.871657997369766 1.230852007865906 2.586320474743843 0 64.68050497770309 562.7551949992776 588.2814305946231 150.2403343245387 1.086108691990376 10.37218488007784 1280.097346633673 54.55067673325539 4.149041920900345 9.234014704823494 0 0 1.197001725435257 9.914672181010246 43.46208600699902 276.12746437639 14.83881088346243 19.2723456248641 17.5641291514039 1.04713174700737 0.9432711452245712 1.541658878326416 0.4621038436889648
136.1282824873924 1058.340604178607 125.439713537693 1527.574094310403 2.864869587123394 66.23830576241016 1190.374023668468 475.1575423181057 10445.82014328241 1113.504716180265 14.25291968137026 624.1438096985221 20.24026493728161 447.9968824610114 624.292586684227 1528.812359854579 14.18534092605114 1.50333096832037 7.359254382550716 752.2088053300977 413.6693012192845 5365.20684004575 254.8713957518339 17965.91967516392 64.57897481322289 46.88255417346954 1575.821793943644 11069.44778818637 699.7772383727133 424.3924948424101 0.6248367428779602 7.359725967049599 114.0966577678919 352.6249111518264 37.67784905433655 2122.209623746574 131.6528189182281 624.4582399427891 284.4041655883193 1694.536768242717 30.88228129595518 2.634437091648579 16.75012853741646 114.2655705288053 6.219844974577427 4.974592059850693 178.7244450002909 0.1252035945653915 42.1233342140913 575.3720874860883 372.3320753201842 1304.605063594878 357.5938772186637 7.302992030978203 170.1801691353321 0.7401956170797348 286.4484050571918 26.64924282580614 266.6405567899346 3.203632682561874 0.1846049800515175 1.91506116092205 111.9997290968895 184.484234161675 96.09304510802031 97.51922598481178 3965.93008467555 0.1262434870004654 8.648809559643269 78.02846574038267 3436.426665998995 221.2178824990988 133.8639216721058 0.2547927871346474 0.3888876661658287 16.39063703268766 52.08192728459835 6.193451672792435 569.7912838459015 5.999081701040268 159.1509763523936 26.72790237516165 313.255921036005 29.30423144996166 1.868170738220215 2.391346454620361
0 1722.849552258849 4.121102541685104 0 0.2935993894934654 0.9774151593446732 1.036869511008263 2.010467395186424 39.77039971202612 0.9362282454967499 979.7985979244113 1.351533256471157 5997.729257412255 3.63356464356184 0.7956503108143806 14.54251094907522 6.854271970689297 46.05591261386871 27.810591340065 0.1025791689753532 0.7978028282523155 301.9057390317321 0.9136496782302856 64.57897481322289 527.431046590209 516.9417592212558 4199.96920350194 4.248520046472549 4.424418821930885 0.4966328293085098 240.1200920417905 4.048337124288082 0 241.6676903069019 0.6377089470624924 209.2396167218685 187.1300599947572 607.7694248780608 57.52341924607754 10.98306645452976 22.29035719484091 561.2518506646156 48.21320390701294 0 52.55195493996143 0.2252862900495529 0 0 0 0 0.09699077159166336 0 0 105.368560180068 0 1171.659427650273 0.09527862071990967 0 1.371810853481293 0.2856442779302597 16.21390701830387 11.88245590776205 0 0.4147341251373291 0.6963223665952682 0.3911879807710648 0.4722281843423843 325.2803156077862 187.7294563725591 316.9855174869299 1.151548758149147 0.08770988136529922 0.1250530630350113 86.26272537559271 0 0 0.7043877840042114 0.1746507287025452 40.89379172772169 67.78218422085047 5.056858070194721 1.448555946350098 3.062941789627075 0 26.10842909663916 0
23.58927797526121 682.8106461688876 5506.903476700187 1.086410485208035 0 2.413379020988941 173.1710667014122 38.05091784149408 24.11558953672647 9.792238410562277 1908.898274533451 2.36507823318243 594.3950548619032 75.19821669906378 0.4278491139411926 10.07467977702618 4343.930529080331 3516.688434451818 7401.453293420374 0.2744230404496193 80.16543321311474 76.25827739387751 1045.223591342568 46.88255417346954 516.9417592212558 27103.44956468791 13036.7809901759 77.4330780506134 56.51873176917434 88.81459848582745 426.5063773393631 3.713596567511559 4.393840827047825 680.6999030485749 32.57958050817251 3030.781839765608 5500.669453985989 2473.56994792074 635.9410953521729 67.88329421728849 4.230101302266121 26.12301477044821 7.122378543019295 1.461799092590809 275.4430508315563 17.6096795424819 0.3102190569043159 0 0.09135538339614868 5.106112241744995 1.551081292331219 2.8930524289608 0.8738274797797203 154.9233166649938 0 833.6066640466452 2.327056489884853 0 4.772362589836121 125.6696260944009 130.2193421348929 350.4936380311847 0 1.359244719147682 10.49986919760704 6.467341259121895 9.657249838113785 409.9280629828572 2104.72033624351 2684.311478607357 4.643974117934704 2.502504900097847 1.132284969091415 313.4623503759503 0.1361437141895294 0.5597320720553398 16.65110379457474 9.185263425111771 53.18789459019899 344.9378117322922 62.15006663650274 11.16341985762119 0.6168712675571442 0.6382163166999817 4.314927078783512 0.4701334536075592
49.89602287858725 10547.13188869506 9198.384850420058 0.8836370259523392 0 5.142633728682995 838.2457579448819 78.42718435823917 359.6340768113732 17.22276195138693 853.8292663916945 2.049795813858509 2477.095234543085 139.4624141082168 3.354128934442997 4429.543005347252 6444.601330138743 886.0392847284675 1854.565377190709 0.4937781989574432 1899.415607146919 3911.198427729309 15066.77137456089 1575.821793943644 4199.96920350194 13036.7809901759 28357.47134068608 1609.750853225589 108.4283546358347 261.1890545189381 786.8589764982462 3.15142136067152 8.67838042974472 2268.996525518596 182.9111313968897 8089.480867907405 3869.841326504946 7253.001668654382 3307.076253138483 321.8703227564692 25.28745959699154 23.25018449127674 43.76670864224434 3.763226605951786 2239.718632139266 981.8624992370605 0.5917045623064041 0 0.100569099187851 12.7338188290596 2.542380630970001 19.07631972432137 1.365818277001381 129.7962518259883 0.3153551369905472 628.7008786052465 7.662432558834553 0 907.2007554545999 337.9138755127788 143.9857568070292 554.0494768247008 0.2487051784992218 17.64501111954451 975.9002822712064 574.8388017788529 98.59484017640352 864.2515534162521 3496.739265322685 12046.31046409905 37.260029502213 5.589778333902359 4.230122439563274 286.5482675135136 0 0.9792169407010078 64.63490357995033 43.08998335897923 262.1457446739078 725.0039270594716 193.593820951879 75.88953683525324 3.829996913671494 1.123988196253777 12.92367617785931 1.894490420818329
382.4230978116393 93.71982574462891 601.2303258106112 2828.93983540684 1.190312139689922 499.8540272563696 12277.37734682113 1327.782579090446 1958.807288467884 7642.891167916358 34.57228044420481 833.3008145689964 16.40560745447874 1308.751526784152 50.64619987457991 2330.447764188051 37.9260134473443 4.507218442857265 12.39332245290279 1317.882662333548 6236.658042788506 523.6906449198723 2903.425742462277 11069.44778818637 4.248520046472549 77.4330780506134 1609.750853225589 27951.0005953759 1757.930814340711 7765.712266474962 0.07918658852577209 32.89393505081534 246.900675944984 1295.822538554668 131.5648042708635 4880.909783445299 333.8607068881392 1926.485996946692 891.3750053867698 794.8794775679708 83.61882420629263 7.75664059817791 43.36419099569321 90.8013826161623 3.929206416010857 9.276304014027119 113.7559762820601 0 36.28598106652498 490.6354976445436 304.5170273035765 489.5989822819829 255.8114998340607 6.727013222873211 70.20799972116947 0.4479164406657219 237.9961948916316 12.79020003974438 232.0467102602124 3.951261274516582 0.3565985485911369 2.281909763813019 58.52248146384954 144.3762455508113 78.26698015630245 87.57876951247454 2541.031967096031 0.3666956424713135 1.388542987406254 86.71682541072369 2448.473720937967 172.7183463126421 118.4925607442856 0.1546090990304947 0.4859016686677933 10.22582753002644 37.47173225879669 14.73194795846939 401.8156471699476 5.878423482179642 111.4313853755593 19.25828736275434 202.2359814047813 20.70506424456835 0.1107810363173485 1.78758017718792
5709.428998734802 2.463303588330746 129.7164716050029 54.74992668628693 151.2775581777096 937.8351769410074 3157.963102076203 2402.311856232584 112.9649774804711 805.9890003688633 308.3143588751554 292.597666028887 29.58656827360392 7855.424743331969 88.90232753008604 10.32698124647141 380.0621396936476 28.46348294615746 126.4340752735734 54.93778841942549 288.4099566861987 10.02139332890511 387.3942175656557 699.7772383727133 4.424418821930885 56.51873176917434 108.4283546358347 1757.930814340711 17342.28140785545 9474.489452958107 0.7408874928951263 2371.73506975174 2248.122936025262 3618.220611438155 21.51984056830406 1055.21729362011 68.36829110980034 2507.914608832449 365.8443124182522 482.4948025718331 164.1962508484721 16.7470558360219 16.31260545551777 5.201220385730267 0.2206101566553116 0.5809916108846664 3.06188290566206 0 3.303880974650383 32.25695257633924 20.58328752219677 31.4754149839282 7.861724570393562 0.6109788492321968 2.861911818385124 0.3036048710346222 16.0590960457921 0.3413373604416847 2.094564601778984 0.2277379184961319 0 0.2862708121538162 1.396288514137268 5.500258818268776 0.637675978243351 1.492374509572983 154.3986664637923 0.2538317441940308 2.197449579834938 6.257166400551796 186.0580584332347 10.31468661129475 5.533242776989937 0 0.2209196835756302 0.525752380490303 1.287863805890083 3.000847548246384 33.62285123020411 1.801029898226261 8.970930896699429 3.9029161632061 12.82201875001192 1.100765556097031 1.180825509130955 0.5199186950922012
