546.1079506352544 0 67.26877679675817 1.962675392627716 0 6.512884132564068 1578.119001574814 386.9277659878135 2.203260831534863 23.37081445753574 2.025595352053642 0.7706533670425415 0.108151413500309 4239.216609105468 0 0.09799093753099442 190.0603347793221 0.08335556089878082 5.714082919061184 2.9574334025383 133.2642170861363 0.1779698953032494 159.4102684557438 19.0096139088273 0 47.28935597091913 29.42357559502125 106.7489562109113 2227.68953756988 1957.192052267492 0.09499791264533997 5.055488981306553 63.71683625131845 50.99133089184761 0.577466681599617 10.7710343375802 8.915360555052757 28.6262049973011 6.773410879075527 1.190351448953152 0.2067936286330223 0 0.7049311622977257 0 0 0 0.2906356155872345 0 0 0 0 0.6690154075622559 0.1627354323863983 0 0 0 0.1289305984973907 0 0.2014181092381477 0.08961230516433716 0 0 0 0.08559158444404602 0.1628811955451965 0.7956371009349823 0.8002526387572289 0 0.08139142394065857 2.333180703222752 0.5054977387189865 0 0.08774588257074356 0 0 0 0 0 0.4669278562068939 0.2666482180356979 0 0 0 0 0 0
0 295.1291006654501 325.9895732551813 1.011608369648457 0.302330955862999 1.069576844573021 2.716805681586266 0.178933322429657 863.6559104472399 2.006640091538429 105.2105220258236 2.926392123103142 612.40404150635 0.5972456336021423 21.5473161265254 71.35172627866268 6.991640418767929 0.9317135065793991 1.700308300554752 0.3850744664669037 4.61123201996088 2641.957684598863 14.34949975460768 958.3080688416958 1381.064100876451 402.4666814059019 9388.16933786869 58.59777779132128 1.737707786262035 0 48.43721821904182 0 0.1823090091347694 15.04470519721508 0.1430374383926392 18.5110322907567 146.0964194908738 41.45114299654961 4.280583053827286 34.91670292615891 0 107.0207584649324 0.1083260849118233 0.6732599213719368 107.3644516840577 107.1841653436422 0.1245355531573296 0 0 5.32632277905941 0.4727484360337257 2.535731807351112 0 4.410880990326405 0.1078559905290604 16.58360610157251 0.9634018242359161 0 23.11434762179852 52.32149840891361 1.481235414743423 12.10760919004679 0 5.278873629868031 17.91442228853703 52.2549811899662 10.2184234932065 38.23356813192368 95.28851043432951 2803.772700116038 5.169042892754078 1.253468848764896 7.677450366318226 2.467214368283749 0 0.1228556707501411 19.36449640989304 0 60.44142152369022 110.4196786135435 52.43003455549479 10.91825281083584 1.624196022748947 0 1.036987416446209 0.5562571585178375
67.26877679675817 325.9895732551813 7260.927912250161 17.24927863478661 0.1846063733100891 48.05436088517308 1522.065501324832 400.539571210742 31.01117830723524 325.8194416239858 19.15562333911657 1.2356266528368 15.41956740617752 266.0008143484592 0.2782685309648514 6.104355789721012 3539.620936237276 4.256550997495651 52.0227241627872 10.36178830265999 549.045395411551 159.3261897340417 9442.997068114579 46.94935274124146 0.2730385810136795 7768.929737865925 4469.123409435153 746.8396281898022 164.9082640111446 118.162286259234 1.028200477361679 8.910469081252813 49.89577685296535 932.4226990193129 39.58374188840389 1896.821562021971 4370.800788141787 2436.494017440826 916.8719663247466 92.80108792334795 6.227950140833855 42.04981863498688 9.726277083158493 1.116928927600384 165.4121699258685 87.63976392149925 0.7201908677816391 0 1.084099486470222 12.19154440611601 1.880517788231373 6.240962900221348 2.62945219874382 1.458294123411179 0.7136436253786087 0 1.258558951318264 0 82.08581783622503 42.71193889528513 0.5248481184244156 1.549740396440029 0.2782472372055054 32.15130830556154 113.2574118897319 444.052492775023 59.26936338841915 0.1744594126939774 11.96447678655386 1941.983481250703 39.45250421762466 3.317828997969627 28.75726424157619 0.4397242665290833 0.1525497436523438 0.6404481902718544 57.9074332267046 8.499068789184093 178.8100672364235 465.4781246706843 131.0174371823668 42.72222942858934 7.848117485642433 0.5806615948677063 0.3351735323667526 0.8329504728317261
1.962675392627716 1.011608369648457 17.24927863478661 1407.430371403694 1.476055659353733 207.9517412818968 94.37553202360868 66.68913851678371 646.466974504292 7584.303718432784 3.083466224372387 1441.229956783354 0.6482612043619156 46.41230291500688 114.4939947873354 0.5125604346394539 0.742402471601963 0.4282990768551826 1.682428278028965 4401.723871588707 2.354882672429085 2.115361116826534 4.389385148882866 1767.122824147344 0 4.843195524066687 6.432780221104622 765.1636888086796 71.10064511746168 2.404968693852425 0.08878401666879654 4.195242486894131 16.05020409077406 55.00603982061148 5.406168013811111 289.1423305794597 3.25952934473753 90.43150236457586 35.2294777482748 287.9456228464842 9.18445498496294 0.5011427104473114 5.053027659654617 2.121567726135254 0.2751160115003586 0.1586137861013412 111.720603056252 0.3296089917421341 16.90024321526289 57.69825936108828 6.262757189571857 292.9453612864017 142.9154958501458 0.4834616258740425 89.19268694519997 0.09773294627666473 5.854426011443138 4.980804570019245 2.739884153008461 0 0.09416750818490982 0 31.6067925170064 1.968933284282684 0.8141180202364922 0.8595233112573624 679.6084083765745 0 0.09283697605133057 2.010028481483459 364.4609164446592 8.493399955332279 4.841614060103893 0 0.3783392310142517 1.092549487948418 4.57267290353775 0.7038345634937286 67.33125024288893 0.4679632633924484 14.74817825108767 6.386514194309711 133.2305931448936 2.729150652885437 0.1035389229655266 0.2927533239126205
0 0.302330955862999 0.1846063733100891 1.476055659353733 156.7844681739807 908.1375190988183 0.9475332796573639 40.01953792572021 19.80418039858341 8.046481750905514 6.501613579690456 34.86068679392338 17.42900338768959 10.24704476445913 1076.308072254062 0 0 0.247509628534317 0.4728139564394951 6.644572831690311 0 0.1674154251813889 0.1376371830701828 6.344319902360439 0 0.7290434092283249 0.6326067298650742 0.7322593852877617 64.90804573893547 0.08285478502511978 0 169.914610773325 0 156.0677127018571 2.902213096618652 43.08767059445381 4.609635725617409 162.3676254749298 52.35232258588076 1962.534807376564 295.7680390551686 11.04817332327366 5.531516924500465 0 0 0 0.3114297389984131 0 0 0 0 0.2943501472473145 0 0 0.2937204763293266 0 0 0 0 0 0 0 0 0 0 0 1.694442361593246 0 0 0 1.197256095707417 0 0 0 0 0 0 0.7212481498718262 1.08384881913662 0 0 0 0.7125137150287628 0 0.7596011161804199 0.2595887184143066
6.512884132564068 1.069576844573021 48.05436088517308 207.9517412818968 908.1375190988183 12813.41134820879 516.491082213819 5055.940123129636 88.1626625135541 7317.612837396562 56.22879118472338 2867.114578180015 41.1637379527092 448.392802618444 2132.498370304704 0.2050337046384811 10.97346220910549 10.79601377248764 15.18796833604574 532.7451679557562 13.23812472820282 1.678578034043312 19.82441240176558 321.6004922166467 0 39.04038412868977 18.90952730923891 667.5224342904985 566.6601964309812 12.83049819245934 1.454565443098545 836.4068245925009 12.73364984244108 365.4156139492989 16.02987514436245 723.9968383163214 27.51189178228378 635.0970088914037 154.8913920000196 4403.273416671902 251.9326693192124 43.74846670031548 22.85666689276695 1.063760407269001 0 0.1088743507862091 15.67262563854456 0.1892167180776596 2.687526471912861 10.38860695064068 2.469241499900818 29.45885989814997 19.4459243491292 0.134526327252388 11.32232450693846 0.1664669439196587 1.086353436112404 1.343184180557728 1.453021220862865 0 0 0 3.825666949152946 0.6621915772557259 0.1880552917718887 1.783565901219845 105.2448231205344 0 0.09680274873971939 1.2944340929389 65.17636763304472 1.314603410661221 1.45525398850441 0 0 0.3859882354736328 1.213900335133076 2.537750117480755 38.04721606522799 1.763477928936481 4.157979041337967 0.9530240222811699 43.88665099442005 0.1597795039415359 0.682113915681839 0.1298131793737411
1578.119001574814 2.716805681586266 1522.065501324832 94.37553202360868 0.9475332796573639 516.491082213819 14661.11162379384 3702.799612961709 129.3054661899805 5825.603319883347 14.06863610446453 9.235398061573505 3.101659528911114 5107.397481068969 9.329328142106533 8.818135283887386 204.7258369922638 3.207516528666019 6.661792911589146 20.31394551694393 992.7141187638044 29.4338380843401 1146.542432568967 838.883545473218 0.2213946506381035 131.3053224012256 323.9602057188749 13198.12500495836 1553.803954005241 2872.942619875073 0.07637204229831696 27.81484993174672 162.7452367767692 366.6100412607193 29.52027575671673 1225.559842966497 90.04088924080133 539.0762773454189 211.8753239959478 93.89316775649786 27.02686685323715 2.670982956886292 13.15030847489834 2.668003410100937 0.8008703663945198 0.609752930700779 18.09639310091734 0.2560224533081055 8.136563636362553 21.06771801412106 3.818136483430862 65.83994732797146 41.84293282032013 0.2463081032037735 14.58365893363953 0 4.427237652242184 0.4324642419815063 29.17359693348408 0.218985989689827 0 0 5.984034106135368 14.04412733763456 8.675814874470234 34.87973006814718 211.0632279291749 0 0.1660790145397186 43.31204374134541 166.1288579106331 16.72240973263979 8.806820884346962 0 0.9301646426320076 0.5641464591026306 4.20977321267128 4.412127375602722 52.56928893923759 4.66918108612299 16.99541191011667 5.952026396989822 47.94668223708868 1.128795936703682 0.1119619533419609 0.6985772848129272
386.9277659878135 0.178933322429657 400.539571210742 66.68913851678371 40.01953792572021 5055.940123129636 3702.799612961709 9827.979251004755 13.6910002976656 5048.610800914466 107.6409763433039 340.4486691579223 47.40492273122072 6358.51605091989 139.6693179011345 0.2770005688071251 491.3941485919058 17.38132978975773 40.06796859204769 316.1149803362787 429.2205577641726 0.8108715265989304 458.753781221807 117.6520333811641 0.2581233531236649 253.3044622763991 118.4885325133801 494.2471601814032 1470.769108038396 835.542304225266 1.280316151678562 1591.617032136768 15.91098502278328 497.3824317976832 8.495520107448101 402.413064558059 51.37595222145319 625.374910838902 142.5965678095818 1091.557657308877 104.5818295329809 41.85952880978584 22.22680522501469 0.1274031400680542 0.2813651710748672 0.1654229760169983 2.181711412966251 0 1.356357470154762 2.802076131105423 0.7342585772275925 6.958085648715496 4.492310039699078 0 2.062393225729465 0.1059374958276749 0.0818786695599556 0 2.488312937319279 0.2616560608148575 0 0 1.420803517103195 0.6441312357783318 1.088909506797791 3.489131592214108 20.21913883835077 0 0.4977840334177017 11.47136026620865 20.18551250174642 0.6804200038313866 0.3217132687568665 0 0 0.1852851808071136 0.7579515352845192 1.357610791921616 9.882552444934845 2.498451717197895 1.099730931222439 0.9185869917273521 6.578415520489216 0.5360841155052185 0.5364122837781906 0
2.203260831534863 863.6559104472399 31.01117830723524 646.466974504292 19.80418039858341 88.1626625135541 129.3054661899805 13.6910002976656 441.4260915964842 200.0470106825233 2.217822082340717 227.2473402991891 8.475962527096272 15.30404464155436 743.7143747881055 69.72979365289211 2.726541794836521 0.3327402323484421 0.1862663850188255 606.2121636420488 41.27394154667854 1853.716282077134 35.77518854290247 6713.670804172754 63.70211954414845 42.73969551920891 879.8147484138608 990.0905907675624 38.20266984775662 3.285607196390629 0.7629210874438286 1.283343136310577 15.53994235396385 22.54543535411358 1.285965263843536 202.8976986482739 12.51902870088816 39.67207961529493 14.24327742308378 406.1886712312698 4.754002913832664 0.2127306386828423 3.335083723068237 9.161248251795769 3.668887265026569 0.6170858070254326 76.78441840410233 0 32.02444852143526 99.69835854321718 15.70822381228209 151.4484144821763 110.0638415589929 0.18834288418293 79.03667997568846 0.1991805285215378 15.4048413708806 9.36732192337513 460.9349166601896 0.6421763673424721 0 0.09460412710905075 21.69717126339674 155.3361715376377 10.20366971939802 202.1760252416134 1188.833094604313 0.9460242465138435 1.249707445502281 34.16982121020555 565.9103652685881 30.91327104717493 34.25105514377356 0 0 5.999111525714397 10.74306503683329 1.897070914506912 76.5755347982049 7.733479686081409 41.32963971048594 15.39020847529173 106.3998047113419 3.022289730608463 0.3033780455589294 0.6117507815361023
23.37081445753574 2.006640091538429 325.8194416239858 7584.303718432784 8.046481750905514 7317.612837396562 5825.603319883347 5048.610800914466 200.0470106825233 41386.59972161055 83.34134759753942 3482.384807754308 22.59897045046091 1203.2045949772 90.31290795654058 0.8336501196026802 26.00509521365166 17.51824737340212 29.28818708658218 4697.080922983587 110.4508197158575 4.520413756370544 125.2413529902697 985.0729964077473 0.1907149627804756 81.15563881769776 71.84908962994814 6961.543779511005 842.3218178898096 36.54491440951824 1.564035542309284 152.2609453946352 83.67880297452211 750.321303896606 43.87994360178709 1937.248369656503 59.5505022034049 1213.917509891093 354.5737002268434 760.7222517058253 114.8830312564969 18.92420410364866 48.94277200847864 0.7350781634449959 0.3711263239383698 0.0967804417014122 58.93591146916151 0.1892834603786469 16.05949538946152 48.05543513596058 5.380678050220013 122.3921358883381 90.93618749082088 0.6305050328373909 57.22948648780584 0 5.190178252756596 4.095062375068665 6.654277980327606 0 0.3149079829454422 0 21.83240048587322 3.337676554918289 1.275957562029362 6.367651455104351 400.29450070858 0 0.3131809458136559 6.586186088621616 251.2124334871769 11.28407264500856 7.126098535954952 0 0.6446637138724327 1.247396752238274 4.897051475942135 7.378730893135071 69.56783279031515 2.027955889701843 15.38930719345808 6.056121371686459 79.37399730086327 2.034555912017822 0.3682610690593719 0.4122592955827713
2.025595352053642 105.2105220258236 19.15562333911657 3.083466224372387 6.501613579690456 56.22879118472338 14.06863610446453 107.6409763433039 2.217822082340717 83.34134759753942 9398.707132868469 17.67835434526205 2977.677586838603 88.37443985790014 0.1135348007082939 0.1376069933176041 498.7977513596416 4757.955607481301 1788.650323495269 24.16138935089111 23.0751396715641 5.783471927046776 48.12720809131861 5.162195198237896 987.709632255137 3382.35345299542 1046.240121856332 8.900733076035976 558.9220262244344 9.358464933931828 977.5169612765312 281.5607341229916 2.501020707190037 4670.865476608276 5.374626383185387 468.1290449053049 5260.092105045915 4233.875599112362 623.695464655757 69.25089795142412 112.0937360078096 1591.126015029848 21.49202804267406 0 27.80078034847975 0.1051755398511887 0 0 0 0 0.4010470509529114 1.193634264171124 0.247146800160408 237.8260918259621 0 938.1930540427566 0.3520147427916527 0 0.6562156528234482 1.027965441346169 4.424278050661087 14.26085390150547 0 0.09098458290100098 1.321130104362965 0.7465538531541824 1.390406489372253 254.2048942223191 107.3376989588141 534.3806120827794 0.8431235104799271 0.2517416477203369 0 54.07422108948231 0.8789524361491203 0 11.56021168082952 3.574201241135597 19.88613713532686 527.5467879474163 24.51804825663567 1.169607162475586 1.566542625427246 3.287879556417465 104.48694832623 3.039156079292297
0.7706533670425415 2.926392123103142 1.2356266528368 1441.229956783354 34.86068679392338 2867.114578180015 9.235398061573505 340.4486691579223 227.2473402991891 3482.384807754308 17.67835434526205 6321.058339476585 5.51170152425766 45.90504439175129 1085.855633854866 0.1086078733205795 0.5035364478826523 1.978008061647415 4.448566801846027 5795.682214334607 0.8272121846675873 3.260051302611828 1.020390011370182 866.6178084090352 0 12.07734726369381 7.535652972757816 639.4907626435161 96.22526098787785 0.7754447795450687 0.2697299048304558 41.72604195401073 0.8265566974878311 113.5843896865845 5.496827095746994 1280.028527528048 13.7992334663868 212.4017465412617 46.43705570697784 1551.241587795317 28.98775348067284 6.867063984274864 14.93584488332272 0 0 0 140.9579220935702 1.920836374163628 15.83652169257402 9.217657662928104 1.578503340482712 83.70426708459854 76.5110894665122 0.3302235901355743 223.4970789030194 0 0.99080690741539 17.5353292748332 3.372507035732269 0 0 0 59.94951742142439 3.538024112582207 0.2677018865942955 2.359410464763641 308.5351227372885 0 0 1.262777335941792 105.5709221959114 3.614325024187565 0.7791424095630646 0 0.1442793011665344 0.505361370742321 4.02167284488678 2.900463357567787 197.5833901762962 0.3774516880512238 5.259094923734665 0.8447128385305405 323.2375822216272 0.9158809781074524 0 2.474273324012756
0.108151413500309 612.40404150635 15.41956740617752 0.6482612043619156 17.42900338768959 41.1637379527092 3.101659528911114 47.40492273122072 8.475962527096272 22.59897045046091 2977.677586838603 5.51170152425766 2947.262826554477 14.52353895455599 1.676837921142578 23.66316344588995 6.883847214281559 261.877474963665 15.98869302123785 5.066877022385597 25.01207496225834 50.81591840833426 29.45172686874866 17.09053770452738 2138.452036552131 807.4091282188892 2039.156241983175 12.15892865508795 61.77277603000402 1.287206940352917 1972.653481677175 150.5931475535035 0 283.4032698646188 9.370552375912666 1141.697731032968 4906.946199588478 2346.957118876278 373.8044995367527 210.4711818099022 92.61614176630974 1513.071874044836 23.55775447189808 0.2922083884477615 120.2484843283892 0.6426492482423782 0.1275047361850739 0.2373155951499939 1.245090484619141 0.1068058609962463 2.734762646257877 2.95344640314579 0.07725281268358231 575.9785201475024 0.1190328374505043 2035.898294940591 1.495137520134449 0 1.894924446940422 3.168132893741131 6.006544977426529 9.620339117944241 0 0.08855177462100983 3.720182627439499 3.681487269699574 4.240465447306633 869.0632377192378 146.350359916687 967.8136206716299 1.333423092961311 0.7054411098361015 0.2471970915794373 67.39066787809134 1.214207537472248 0 51.37909019738436 6.258972823619843 144.5961426198483 938.2839134037495 113.0080426931381 18.2547402381897 31.56540751457214 24.72709749639034 360.4282335564494 5.419052064418793
4239.216609105468 0.5972456336021423 266.0008143484592 46.41230291500688 10.24704476445913 448.392802618444 5107.397481068969 6358.51605091989 15.30404464155436 1203.2045949772 88.37443985790014 45.90504439175129 14.52353895455599 6552.648687839508 3.558378383517265 0.6855926066637039 612.3955754637718 11.56926412135363 40.23700974136591 153.6576059237123 350.8613329529762 1.606551721692085 417.8091029152274 154.0994408875704 0.3100117892026901 262.7129604294896 136.110099542886 434.1600517332554 4527.202752549201 1632.842215184122 1.280159145593643 1449.376557722688 41.83505697548389 533.4316848292947 8.346461117267609 198.1727684810758 44.07885017991066 408.2360181771219 111.1114937514067 183.8491211906075 21.21597104519606 6.241307348012924 12.64077493548393 0.4882129058241844 0.2921383827924728 0.1742354407906532 0.9343812763690948 0 0 2.198534704744816 0.1206671372056007 3.291564837098122 1.911119513213634 0 0.2858855724334717 0 0.3190949261188507 0 1.17779777944088 0.1824360564351082 0 0 0.6096315458416939 0.8610805198550224 0.3503156006336212 3.526997283101082 10.0469943434 0 0.2806069925427437 9.777088157832623 10.18955577164888 0.08245687186717987 0.1242280378937721 0 0 0 0.4269995167851448 0 6.243451401591301 2.601163133978844 1.147396400570869 0.9112631306052208 1.443865366280079 0 0 0
0 21.5473161265254 0.2782685309648514 114.4939947873354 1076.308072254062 2132.498370304704 9.329328142106533 139.6693179011345 743.7143747881055 90.31290795654058 0.1135348007082939 1085.855633854866 1.676837921142578 3.558378383517265 473.9109970927238 0 0 0 0 146.7152709588408 0.1221648752689362 37.45625077188015 0 571.9430190771818 1.126901924610138 0.8996854424476624 26.79126551747322 45.97955416142941 29.34853548556566 0 0 434.4670870825648 0 2.731202162802219 0.1821724325418472 361.6930128633976 3.752859391272068 8.701365821063519 1.58581780642271 1857.979826420546 118.6936534270644 0 3.533491909503937 0 0.08189180493354797 0 8.168006673455238 0 2.315438404679298 1.572040893137455 0.261104017496109 29.7838883548975 12.0453509837389 0.1106695234775543 36.47470711171627 0 0.3677968308329582 2.141772583127022 0.08938106894493103 0 0 0 2.478114157915115 0.4146631732583046 0 1.183163985610008 62.89539288729429 0.1306966990232468 0 0.5010092258453369 17.81192604452372 0 0.862579420208931 0 0 0 0.1402142196893692 5.018933475017548 65.66930975019932 0.697705864906311 1.969397358596325 9.764523863792419 87.31341168284416 0 1.149883627891541 0
0.09799093753099442 71.35172627866268 6.104355789721012 0.5125604346394539 0 0.2050337046384811 8.818135283887386 0.2770005688071251 69.72979365289211 0.8336501196026802 0.1376069933176041 0.1086078733205795 23.66316344588995 0.6855926066637039 0 1238.311548784375 4.36673342436552 0 0.6578254252672195 0.227934904396534 735.4276871085167 2551.21072562784 2636.695321656764 1875.962720677257 0.729208379983902 2.44063325971365 4728.524526908994 1196.149676889181 2.32258927077055 1.887565292418003 0 0.4363227114081383 1.325549609959126 30.94330721348524 17.56013530492783 859.6254007816315 303.6102132126689 171.2252863645554 194.0742856115103 22.18753464519978 2.557781867682934 10.99460443854332 7.835447266697884 6.937269404530525 2.332451976835728 1.722804524004459 0.1931153237819672 0 0.4125722795724869 15.60111913830042 13.89535036683083 24.59868404269218 2.351105958223343 0 0.3604124784469604 0 12.79646767675877 0.7946214973926544 1102.21424331516 0.7021105512976646 0 1.247242569923401 0.3619342148303986 168.6208678260446 342.7901739999652 1096.161909207702 69.13582497090101 0 0.3859844580292702 378.1129670664668 97.93996676057577 20.08951406180859 34.4905456751585 0 0 2.010517880320549 6.097836889326572 1.612959325313568 257.1756499633193 16.30687392503023 14.88679801672697 8.210138350725174 49.51509019732475 1.824522778391838 2.999673306941986 10.53807491064072
190.0603347793221 6.991640418767929 3539.620936237276 0.742402471601963 0 10.97346220910549 204.7258369922638 491.3941485919058 2.726541794836521 26.00509521365166 498.7977513596416 0.5035364478826523 6.883847214281559 612.3955754637718 0 4.36673342436552 1632.304503262043 183.132397569716 3929.037395343184 2.954700402915478 1110.381697565317 8.639181643724442 5220.401117965579 4.908597834408283 1.285315208137035 4438.866684034467 3389.675949119031 72.97575267776847 649.2497662976384 1294.157577715814 1.138727925717831 11.51417912170291 121.7690085247159 3560.54883491993 34.45365120470524 2003.95363291353 2040.503459982574 2089.219255842268 727.8346212506294 69.26905193924904 5.555972285568714 25.63912758231163 5.94147302955389 0.09806014597415924 13.41397397220135 17.11683325469494 0 0 0 0.4913425520062447 0.08860846608877182 0.6090968996286392 0 0.1049221009016037 0.1598573923110962 0 0.3743595406413078 0 3.843637987971306 9.067552201449871 0.2268199697136879 0.7906214147806168 0.1487096548080444 3.103593893349171 1.860602267086506 20.15952772647142 1.819333255290985 0.4426996931433678 10.92669814825058 183.5729221403599 4.596439868211746 0.2256234437227249 1.528044000267982 0 0 0 3.398259721696377 7.431673169136047 26.25437177717686 127.0289323031902 12.89514843374491 5.195201143622398 0.9609234631061554 0 0 0.5356303453445435
0.08335556089878082 0.9317135065793991 4.256550997495651 0.4282990768551826 0.247509628534317 10.79601377248764 3.207516528666019 17.38132978975773 0.3327402323484421 17.51824737340212 4757.955607481301 1.978008061647415 261.877474963665 11.56926412135363 0 0 183.132397569716 514.9057158529758 1477.042231023312 4.245186045765877 3.03958947211504 0.2552261799573898 4.274498179554939 1.097072504460812 10.83838172256947 3515.526519611478 186.3369074314833 2.000350393354893 63.5183492898941 1.51297277957201 281.4487583637238 29.38080191612244 0.1690397709608078 703.6507873609662 2.618602111935616 278.6482952162623 560.3244463205338 1290.070025607944 220.9149219542742 12.66857594996691 4.659754157066345 17.78845972567797 2.834455139935017 0.1120482534170151 1.29783821105957 0.3263111561536789 0 0 0 0 0 0 0 1.075149960815907 0 6.827114760875702 0 0 0.08003000915050507 0.3714208900928497 0.1681882739067078 1.665563262999058 0 0 0 0.2190531715750694 0 3.244674772024155 7.579040519893169 37.38625305891037 0 0 0.2173812463879585 1.120157234370708 0 0 0.4429982081055641 0.8353213220834732 3.996728174388409 16.06689427793026 0.6375278830528259 0.1801371872425079 0 0 0.415277823805809 0
5.714082919061184 1.700308300554752 52.0227241627872 1.682428278028965 0.4728139564394951 15.18796833604574 6.661792911589146 40.06796859204769 0.1862663850188255 29.28818708658218 1788.650323495269 4.448566801846027 15.98869302123785 40.23700974136591 0 0.6578254252672195 3929.037395343184 1477.042231023312 2999.292662665248 6.644149430096149 51.13674018532038 0.3272959142923355 125.0481889173388 1.962428122758865 0.5773397907614708 3713.16989839077 325.655890263617 5.126876085996628 127.3072131052613 42.07807444781065 11.85444756597281 34.67112004011869 8.952513195574284 1887.769279152155 7.119327627122402 633.2270775213838 1367.548051632941 1555.113384880126 352.4931977763772 21.29299581050873 3.541607536375523 15.41122080385685 2.350322850048542 0 8.953184455633163 5.007689528167248 0 0 0 0.1946081593632698 0 0.2992873042821884 0 0.3018670082092285 0 0.3890426456928253 0 0 0.72519401460886 3.250644207000732 0.2191098555922508 3.107625812292099 0 0.6340575143694878 0.4477479159832001 2.567059449851513 0.6833144798874855 1.277452185750008 9.78048749268055 86.68398547917604 0 0.134086012840271 0.2091605514287949 0.1003382652997971 0 0 1.130952745676041 3.771798640489578 5.928500339388847 81.99141522496939 4.992382489144802 0.8493814915418625 0 0 0.2920231223106384 0
2.9574334025383 0.3850744664669037 10.36178830265999 4401.723871588707 6.644572831690311 532.7451679557562 20.31394551694393 316.1149803362787 606.2121636420488 4697.080922983587 24.16138935089111 5795.682214334607 5.066877022385597 153.6576059237123 146.7152709588408 0.227934904396534 2.954700402915478 4.245186045765877 6.644149430096149 1465.375314123929 4.448465600609779 0.8554294183850288 7.335284762084484 991.2089425548911 0 16.67762973159552 6.903478756546974 1077.062557689846 211.5682213045657 3.374343872070312 0.2455091997981071 41.43751083314419 18.27308056503534 247.710774526 20.69995975494385 1292.186087027192 26.46505293250084 457.827938079834 159.1705661043525 655.6608096882701 57.38076759129763 5.39212454110384 25.05304682999849 1.897773370146751 0.1063416078686714 0 140.8365049511194 0.3427887260913849 23.05635412782431 72.72931645065546 7.015948891639709 263.5192872956395 180.4011076688766 0.3393386900424957 110.1048358231783 0 8.023709312081337 10.95536437630653 3.514934740960598 0.1756764054298401 0.1970625221729279 0 38.98706007748842 5.688095077872276 0.9988051876425743 1.91752814501524 793.8796339035034 0 0.3471767157316208 1.176691725850105 426.3518304899335 13.49197480082512 5.540382154285908 0 1.141337662935257 0.7575075626373291 8.135541439056396 2.948514863848686 142.8447366580367 0.5724457055330276 24.77337251603603 10.57353904098272 218.4992995113134 4.360917404294014 0 5.159678220748901
133.2642170861363 4.61123201996088 549.045395411551 2.354882672429085 0 13.23812472820282 992.7141187638044 429.2205577641726 41.27394154667854 110.4508197158575 23.0751396715641 0.8272121846675873 25.01207496225834 350.8613329529762 0.1221648752689362 735.4276871085167 1110.381697565317 3.03958947211504 51.13674018532038 4.448465600609779 10807.3367433548 140.4242710694671 10322.51410221308 533.02609295398 0 136.1897515952587 292.206601805985 5219.389372289181 395.5839007645845 6243.270061388612 0.3563730344176292 6.001842938363552 170.0297299548984 4577.657121837139 147.066552631557 5875.877208270133 592.7659283950925 4229.482867132872 1984.202837571502 142.2547282800078 10.03061527013779 12.27786042541265 40.59243645519018 7.329836793243885 0.9568765312433243 0.4141894653439522 2.066440410912037 0.4393003582954407 1.576845765113831 12.79174453020096 11.05230961740017 36.83073914796114 3.320777244865894 0.1040316373109818 2.614420160651207 0 9.066590681672096 1.521351337432861 273.958362236619 0.296397902071476 0 0 1.041954562067986 178.3983635827899 37.86120984703302 176.2227219194174 101.4905330836773 0.1081619188189507 0.9724621176719666 38.47022408246994 164.2436756044626 29.46083558350801 26.19340541958809 0 0.4738677889108658 3.068433687090874 4.910683616995811 14.28591569513083 228.1355658620596 6.118095271289349 12.52734500169754 9.181720286607742 49.87796083837748 1.333169937133789 0.3925065845251083 4.184054926037788
0.1779698953032494 2641.957684598863 159.3261897340417 2.115361116826534 0.1674154251813889 1.678578034043312 29.4338380843401 0.8108715265989304 1853.716282077134 4.520413756370544 5.783471927046776 3.260051302611828 50.81591840833426 1.606551721692085 37.45625077188015 2551.21072562784 8.639181643724442 0.2552261799573898 0.3272959142923355 0.8554294183850288 140.4242710694671 546.6661645546556 715.1875973641872 7555.162502229214 325.6158548668027 78.38229830563068 7936.346200309694 439.6592297181487 4.267232291400433 0.7655017077922821 2.534600451588631 0.1433448642492294 1.744121938943863 16.33871608972549 0.7673316895961761 66.06169600039721 68.86706790328026 64.36804413795471 20.44194354116917 70.87394385039806 0.3093137368559837 2.314102441072464 0.2674119472503662 2.552748501300812 12.58873406052589 26.76673905551434 0.9949991405010223 0 0.1931101754307747 8.550229527056217 5.024066545069218 11.46489033102989 1.299323938786983 0.4770648926496506 0.6387452781200409 0.9778909683227539 4.461659938097 0 1064.976916350424 9.918241299688816 0 0.2192859873175621 0.4133170992136002 56.876698307693 124.8893284425139 855.2875603213906 72.26385679841042 3.244104743003845 3.742179177701473 2362.802022591233 38.23951990902424 4.641124658286572 17.40884225070477 0 0.08738665282726288 0.9112863317131996 9.034608565270901 1.305263131856918 59.31538587808609 27.03741934150457 30.33488737046719 11.47589042782784 4.832056745886803 0 0.2957522124052048 0.389310210943222
159.4102684557438 14.34949975460768 9442.997068114579 4.389385148882866 0.1376371830701828 19.82441240176558 1146.542432568967 458.753781221807 35.77518854290247 125.2413529902697 48.12720809131861 1.020390011370182 29.45172686874866 417.8091029152274 0 2636.695321656764 5220.401117965579 4.274498179554939 125.0481889173388 7.335284762084484 10322.51410221308 715.1875973641872 12552.95195094496 1053.297712676227 0.7658111825585365 1761.866518054157 6764.310548238456 5511.727311857045 385.2208923324943 3178.847962588072 0.3317869603633881 11.2457623668015 98.26488529145718 3868.557905420661 288.9573008492589 11868.5140055716 5488.326147146523 7550.254417072982 6340.282113872468 442.506774097681 24.00724014639854 27.88543862104416 60.52044014632702 12.2577872723341 7.253636352717876 7.199686780571938 0.5702480375766754 0.2072731554508209 0.7796294093132019 21.24773891270161 16.07328636944294 21.39900726079941 3.316547200083733 2.103623420000076 2.309370920062065 0.08244718611240387 17.60689517855644 0.8310154601931572 1409.545834995806 3.318732738494873 0.5107001066207886 0.3390063121914864 0.828573003411293 196.4344827011228 418.4280886873603 2031.770161293447 88.33674427866936 0 1.984450839459896 1795.539090439677 110.2648411095142 26.36562336981297 51.28479328006506 0 0.07436556369066238 3.847839191555977 19.0814108774066 39.44923247396946 749.4824719578028 87.72635398805141 54.73882004618645 34.70505650341511 58.67495240271091 0.53125 5.916427910327911 11.48148800432682
19.0096139088273 958.3080688416958 46.94935274124146 1767.122824147344 6.344319902360439 321.6004922166467 838.883545473218 117.6520333811641 6713.670804172754 985.0729964077473 5.162195198237896 866.6178084090352 17.09053770452738 154.0994408875704 571.9430190771818 1875.962720677257 4.908597834408283 1.097072504460812 1.962428122758865 991.2089425548911 533.02609295398 7555.162502229214 1053.297712676227 8414.980817034841 43.04716634750366 32.93279486894608 1764.895394004881 5680.618499740958 348.5361660271883 15.73046385496855 0.2175545766949654 7.369400441646576 147.7266388759017 185.6452957689762 33.62940223515034 1589.803724437952 97.35440070182085 382.4584715738893 161.0064818635583 1047.861153155565 28.40609921514988 5.323203153908253 15.7911804318428 27.78134682774544 4.064241401851177 1.462035864591599 150.9708283543587 1.743974104523659 35.29158782213926 138.0112316608429 27.34466291964054 993.3883238956332 205.0412032008171 2.25720838457346 142.6747127324343 0.4175773337483406 34.27395333349705 16.12984033674002 585.6810261085629 0.5846282690763474 0.09212306886911392 0.2655657082796097 50.56535761803389 358.6702968627214 134.6246257647872 354.6832975000143 1828.064310006797 0.5490671843290329 2.095889270305634 101.9022530540824 1355.933299168944 109.3409944325686 79.57032468169928 0 2.740981079638004 12.013004116714 32.75496239215136 8.996339000761509 361.8334664106369 14.88820779323578 92.06301409751177 41.33552923798561 342.9962785467505 6.989803463220596 2.544828355312347 7.489318139851093
0 1381.064100876451 0.2730385810136795 0 0 0 0.2213946506381035 0.2581233531236649 63.70211954414845 0.1907149627804756 987.709632255137 0 2138.452036552131 0.3100117892026901 1.126901924610138 0.729208379983902 1.285315208137035 10.83838172256947 0.5773397907614708 0 0 325.6158548668027 0.7658111825585365 43.04716634750366 169.3695322200656 548.9980400055647 3647.078532323241 2.281190112233162 1.800271175801754 0.1095731630921364 426.0083910822868 0.649951696395874 0 66.82012271881104 0 14.22062767297029 424.4082782566547 202.1336600109935 61.07318103313446 1.909405745565891 7.038238286972046 485.7115471512079 5.93146276473999 0 301.5807387307286 8.412807419896126 0 0 0 1.005799502134323 0.3599763512611389 1.103850699961185 0 192.3652065172791 0.3716168403625488 615.5925473123789 0.1884155347943306 0 1.326374262571335 5.464091464877129 1.168778814375401 7.162982486188412 0 0.122656911611557 5.265676632523537 2.206557475030422 1.738121725618839 398.5812118574977 100.9508439749479 1141.69383071363 0.08320958167314529 0 0.7361468747258186 23.87563425302505 0 0 21.75708463042974 0 8.028611339628696 177.1424251794815 25.32764976471663 1.382446348667145 0.7513483911752701 0 49.29371476173401 0
47.28935597091913 402.4666814059019 7768.929737865925 4.843195524066687 0.7290434092283249 39.04038412868977 131.3053224012256 253.3044622763991 42.73969551920891 81.15563881769776 3382.35345299542 12.07734726369381 807.4091282188892 262.7129604294896 0.8996854424476624 2.44063325971365 4438.866684034467 3515.526519611478 3713.16989839077 16.67762973159552 136.1897515952587 78.38229830563068 1761.866518054157 32.93279486894608 548.9980400055647 26504.52237378061 9165.823122642934 45.31415580958128 403.3193216845393 101.60002823174 725.2074195370078 72.65891084447503 43.11218391358852 2857.714903153479 30.66093112528324 3304.971855759621 10631.76415272802 5716.470734894276 1389.807737216353 118.5360569879413 18.54735611379147 199.2096446529031 10.75528100132942 1.305276066064835 476.2572484090924 131.2257473245263 0.3087874054908752 0 0 10.64750673621893 1.178999245166779 2.59620775282383 0 60.42926767468452 1.103644013404846 381.967167750001 2.904395088553429 0 12.25822773575783 108.4917291179299 24.86797575652599 170.7655200064182 0 9.120429717004299 6.445720158517361 75.94305172562599 10.66087428480387 360.1775938645005 726.9760490134358 4820.788872249424 5.928997948765755 3.124503515660763 17.33311575651169 67.26598089933395 0.2393470406532288 0.6459321454167366 46.19036367535591 9.727885916829109 153.9367790445685 1691.006716661155 160.7526573091745 23.91858657449484 6.584431298077106 0.2113412022590637 3.870417609810829 0.493261381983757
29.42357559502125 9388.16933786869 4469.123409435153 6.432780221104622 0.6326067298650742 18.90952730923891 323.9602057188749 118.4885325133801 879.8147484138608 71.84908962994814 1046.240121856332 7.535652972757816 2039.156241983175 136.110099542886 26.79126551747322 4728.524526908994 3389.675949119031 186.3369074314833 325.655890263617 6.903478756546974 292.206601805985 7936.346200309694 6764.310548238456 1764.895394004881 3647.078532323241 9165.823122642934 25216.22281178832 634.6957499310374 207.2989753745496 79.8584861010313 1383.705712802708 22.00805217027664 36.46862801909447 3507.652726277709 95.53475312888622 6083.813830383122 8693.176366023719 8429.002022735775 2648.997629180551 283.7259253785014 14.75861059874296 109.5574116483331 25.39418426156044 6.513971492648125 2105.921132475138 435.8764147087932 1.654250495135784 0.266044095158577 0.6644704341888428 43.20489218086004 8.572715163230896 11.63935899734497 4.466894954442978 49.93442841619253 2.420577183365822 294.2768220752478 9.026196151971817 0.2250661849975586 738.5973813086748 303.9185200706124 20.59827081859112 162.1808531805873 1.516134843230247 93.35625499486923 1051.581698715687 1937.511731140316 142.2923773564398 815.8938037231565 952.5236736238003 14706.40610039234 80.84221529215574 11.41411069780588 79.09640800207853 69.52097904682159 0 2.978757232427597 174.1254018619657 28.43139870464802 759.0501502007246 2747.613188125193 507.0885485038161 155.9496571794152 25.28204750269651 1.075439810752869 4.30495198816061 5.34128537774086
106.7489562109113 58.59777779132128 746.8396281898022 765.1636888086796 0.7322593852877617 667.5224342904985 13198.12500495836 494.2471601814032 990.0905907675624 6961.543779511005 8.900733076035976 639.4907626435161 12.15892865508795 434.1600517332554 45.97955416142941 1196.149676889181 72.97575267776847 2.000350393354893 5.126876085996628 1077.062557689846 5219.389372289181 439.6592297181487 5511.727311857045 5680.618499740958 2.281190112233162 45.31415580958128 634.6957499310374 12305.79168118536 866.1025572530925 3572.126695297658 0.4252117797732353 21.70324414968491 472.6792190745473 595.2976902201772 124.0316262692213 4483.650345012546 412.0023203641176 1450.519306693226 533.7910012081265 318.7209050357342 36.22550999373198 11.7540787383914 30.83963410556316 28.9882690757513 1.542341127991676 1.073449492454529 94.37875901162624 1.597364015877247 37.44497755169868 141.1924136504531 38.7494171410799 518.3721570074558 170.722776286304 2.363537706434727 65.9771753847599 0.2008564993739128 42.73277805745602 8.93932731449604 428.5804726481438 0.3699043095111847 0 0.7910570800304413 33.51206191629171 361.7206545770168 47.84210121631622 198.2138832136989 1439.923277333379 0.1180122494697571 1.307033322751522 78.52348494529724 1326.142635785043 145.4431998357177 103.2981266975403 0 3.576950073242188 14.9302681311965 35.35083499550819 17.36503901332617 411.9373077079654 9.722716085612774 97.94198166579008 46.29381649196148 269.7854771986604 18.14573846757412 2.445233523845673 7.378241464495659
