942.1042198091745 0 116.5299248099327 17.76033741980791 0.2553707212209702 62.1828543394804 2532.097039595246 1387.899847365916 4.484305568039417 90.54382595419884 6.102510325610638 16.21203412860632 0.2495128512382507 6506.133588805795 0 0.1127075850963593 393.440255202353 10.90232389420271 76.55432575196028 18.62564509361982 69.92732081562281 1.192077174782753 173.2955416813493 29.1487657353282 0 47.6098805218935 28.19904212653637 90.90819566696882 1466.08642924577 4441.124737508595 0 4.17739437520504 17.56276041269302 92.01431233435869 1.703130610287189 25.63662011921406 9.347011037170887 58.03852365165949 19.49928537756205 5.458499148488045 0.8136804103851318 2.156838089227676 0.5587445572018623 0.106813982129097 0 0.9647994041442871 0.1159246191382408 0 0.9589746445417404 2.599225670099258 1.452877923846245 4.235781565308571 0.768808588385582 0 0.1568227708339691 0 0.43649061024189 0 0.5405062660574913 0 0.1084354221820831 0 0.2504371777176857 0.9111402928829193 0.7200778871774673 0.7683229744434357 10.79552432149649 0 0.4993202611804008 1.408029817044735 3.133877947926521 0.7233899831771851 1.686170227825642 0 0 0.09890442341566086 0.4582083001732826 0 1.794626958668232 0 0.9084919095039368 0.5255909338593483 0.7074945867061615 0 0 0
0 115.0403363332152 130.0316135510802 0.3401717096567154 0 0 1.929273597896099 0.1873805224895477 543.781259983778 0.3560529723763466 116.1178159192204 2.555025860667229 624.911568492651 0.3869376555085182 6.545014142990112 197.5559247583151 104.7567229643464 7.62333832681179 10.32874931395054 0 15.75518801808357 2312.552508495748 52.97300891578197 522.952529668808 1535.254204504192 483.9979097545147 8688.477082274854 48.52452957630157 1.144939586520195 5.112104050815105 81.85104909539223 0.1761362850666046 0.4565172120928764 85.91809102147818 2.351071879267693 46.36705523729324 54.78699622303247 29.78470014035702 8.774271085858345 3.042435996234417 0.6308211833238602 37.4380829334259 0 0 1040.934689231217 109.3227533921599 0 0 0.2495893985033035 1.165643893182278 0.4776883721351624 98.73250409215689 0.4709138721227646 4.308749601244926 0 26.40439289808273 0.3739320859313011 2.327252820134163 6.781567625701427 9.784242928028107 9.415770344436169 11.68439439684153 0 4.20894331485033 783.8881195038557 3.836213111877441 77.84315282851458 99.91133324056864 511.5744148120284 2953.998194813728 2.862460307776928 0.6813873872160912 3.282921947538853 8.078949823975563 0 0 4.02693909406662 0 11.36819066107273 24.12678002566099 9.768851421773434 2.966024279594421 1.704938605427742 0 21.8327262699604 0
116.5299248099327 130.0316135510802 2229.703032538295 7.597241953015327 0.1175008937716484 148.6630683392286 2524.825428150594 459.0161042064428 6.380605831742287 79.38560966402292 11.16558559983969 7.636892266571522 0.1711269840598106 513.6995437443256 0.600833959877491 7.117827340960503 3772.512671709061 26.99764901399612 325.3548747971654 7.54824124276638 197.1190764680505 287.8815319687128 7489.891464233398 139.6098100244999 0 4704.712220385671 3701.068183526397 1005.974913500249 70.33298812806606 399.0755953863263 0 2.349871776998043 3.475822187960148 365.7407895550132 39.93698607385159 1647.134093135595 3210.085819989443 969.0435378775001 510.9237720072269 87.62358397990465 7.229757890105247 0.9373918771743774 10.43828549981117 0.1003848314285278 307.45450553298 1113.031209006906 0.1118295565247536 0 0.09845368564128876 2.754452280700207 0.5809412002563477 3.616100929677486 0.1748171150684357 1.010704219341278 0 1.165573924779892 1.030427388846874 0 2.277980856597424 61.69353909790516 0.511825367808342 6.694853335618973 0.3954320549964905 3.675694741308689 21.67876373231411 71.5681381598115 11.2292381003499 1.482905492186546 186.0654154494405 1891.302218213677 2.410984098911285 0.6344631165266037 3.935074962675571 0.3628069907426834 0 0 24.74962616711855 7.399300843477249 63.0629843249917 13.60708573460579 42.02020855993032 22.27513293921947 2.012774363160133 0.4822430312633514 0 0
17.76033741980791 0.3401717096567154 7.597241953015327 2741.958546720445 1.00131031870842 144.8702206835151 191.0860903412104 122.3269349560142 667.8826017826796 3447.20257730782 2.829723201692104 2839.987033255398 0.2089240923523903 99.11223334819078 9.561854265630245 0 5.673612862825394 0.9903193339705467 2.225225925445557 5019.600045077503 1.935968197882175 0.3046606183052063 4.693668819963932 1900.024048283696 0 4.351466633379459 2.415927834808826 6290.32913812995 118.6771782487631 11.92644101381302 0 4.768807418644428 1.729377686977386 45.26522380113602 24.55956174433231 417.7598518431187 8.600594222545624 113.0580461472273 54.58132101595402 48.08760856837034 5.932589873671532 1.475902020931244 8.815494813024998 0.9366612285375595 0.403355672955513 0.2729314565658569 110.6998147889972 0 28.49587374925613 103.440640591085 26.94727083295584 81.07348378002644 120.8891122937202 1.147710829973221 44.39890448004007 0 11.09689430892467 3.024378679692745 0 0 0 0 105.7899559140205 0.6388205662369728 2.206412762403488 0.9617736786603928 123.5310532823205 0 0 0.2677636593580246 146.3738183379173 3.870106086134911 3.41406124830246 0 0.503508023917675 0 1.426034994423389 1.114108920097351 12.1668256893754 0.2351023703813553 14.82994029670954 3.11141212284565 60.33178348839283 2.007175698876381 0 0
0.2553707212209702 0 0.1175008937716484 1.00131031870842 86.8841055855155 1077.768831960857 1.591517023742199 122.3307499662042 43.12831373512745 2.313780292868614 16.75341691076756 133.8991212695837 0.6482742354273796 7.804294176399708 971.8980637639761 0 0.1565427333116531 0.8806397840380669 0.4537433534860611 6.000464290380478 0.2533710226416588 1.644879713654518 0.2048873752355576 3.126712337136269 0 0.9880622029304504 0.3508445546030998 2.245486080646515 79.75598161667585 0.4371823966503143 0.5455199405550957 801.6582379713655 0 84.6344818547368 2.726797312498093 53.64506347477436 3.783995799720287 106.9708042517304 62.05252889543772 2196.321568913758 110.2581290155649 4.450310707092285 2.113439381122589 0 0 0 0.1156274601817131 0 0 0 0.3632404580712318 0 0.3892262876033783 0 1.453955426812172 0 0.3221674934029579 0 0 0 0 0 0 0 0 0 0.4287070780992508 0 0 0 0.4034817963838577 0 0 0 0 0 0 0 2.13281013071537 0 0 0 0 0 0 0
62.1828543394804 0 148.6630683392286 144.8702206835151 1077.768831960857 10766.84327338636 3975.076324544847 4865.149967804551 335.0918585807085 4944.406798191369 98.42973352968693 4885.744434729218 8.493853867053986 937.4243484511971 1772.085851423442 0.1908490508794785 63.27446698397398 16.22766578197479 19.1172171421349 507.6656751781702 16.45538939535618 0.7998995557427406 45.08615548163652 406.4637981653214 0.5733943805098534 41.10155797749758 22.04145520180464 1650.61399936676 1145.934298120439 111.9030857756734 1.563781782984734 347.0634301751852 7.739992737770081 366.4579809531569 27.19747871160507 630.2703551948071 43.24752210825682 538.2079157084227 236.4747709557414 3316.484577924013 285.7182946503162 16.85832037031651 16.04530313611031 0.4376588463783264 0.1169018298387527 1.42971359193325 28.41572197526693 0.1906355619430542 11.3869900777936 88.81904934346676 26.73042429983616 60.64136306941509 49.048120893538 0.4066769555211067 15.4871104285121 0.2308243960142136 8.23262719810009 2.298791699111462 0.4193084910511971 0 0.07783195376396179 0.08740290999412537 35.30652630329132 2.004741743206978 1.585039220750332 2.147643558681011 133.0032956376672 0 0.2159429714083672 2.28789234906435 93.85313409566879 4.270846106112003 8.547071538865566 0 0 0.5887647271156311 2.929368086159229 0.9988772422075272 21.43631115555763 0.6337190568447113 10.91708990186453 2.124921217560768 30.38923320919275 1.109756238758564 0 0
2532.097039595246 1.929273597896099 2524.825428150594 191.0860903412104 1.591517023742199 3975.076324544847 19580.18982082605 3555.152289792895 413.3425611704588 13455.00432027876 14.19585474580526 486.2768551930785 1.734429083764553 6390.693591035903 7.458210602402687 1.12819991260767 437.056724563241 11.47529523074627 56.03747245669365 236.4968698471785 591.9708279520273 8.377716653048992 1254.79880746454 744.7327171415091 0 382.7505324110389 277.3456068262458 18458.60239107162 1643.414349079132 6915.154337346554 0 25.777831338346 93.98779767006636 372.4041881486773 108.1029382422566 1826.759222023189 66.6163687184453 715.0773099213839 359.9372703880072 345.2712572291493 32.32509219646454 3.412739291787148 17.54693329334259 2.234861500561237 2.569858990609646 10.76578238606453 41.50721023976803 1.388777852058411 15.99313869327307 160.7802250161767 47.59447749704123 173.2201657742262 60.15548399835825 0.986297719180584 10.07740189880133 2.4720314219594 23.05277431756258 2.840700425207615 4.397683158516884 0.6113353446125984 0.6429851204156876 0.3878382965922356 35.11050255596638 20.45173393189907 7.016780681908131 12.074064463377 376.2790400832891 0 1.353190846741199 27.29750577360392 188.0649462789297 15.35712269693613 47.9152901917696 0 1.505442313849926 2.774229995906353 12.89445449411869 13.38315384089947 52.20482490956783 1.340345792472363 35.62653080374002 6.052603170275688 43.61673873662949 1.699726909399033 0.1104739531874657 0.5465317666530609
1387.899847365916 0.1873805224895477 459.0161042064428 122.3269349560142 122.3307499662042 4865.149967804551 3555.152289792895 5855.349601894617 186.7467431500554 1372.360595740378 116.3028504773974 1762.157001823187 11.9603032246232 5307.642754010856 224.1679690405726 0.2693398892879486 755.3330986127257 29.54771613329649 156.6237815693021 568.5110867917538 123.9013644605875 5.866732254624367 293.6155381500721 590.6383503302932 0.9836027845740318 157.7543352916837 73.29695493727922 817.956062451005 1041.95537853241 1722.695306949317 1.801256328821182 257.9554863348603 10.86424816399813 429.2620494291186 17.48875636607409 436.3470822647214 50.3763173520565 563.9683129116893 209.5098631232977 1591.134963281453 174.5176704823971 12.00875831395388 12.51680107414722 3.566265292465687 0.7254910543560982 4.226896889507771 14.63209865242243 0.4051428586244583 11.50676988065243 184.7688674405217 59.69197893887758 116.7239532917738 43.29110033065081 1.523623645305634 6.351598963141441 1.349599808454514 27.51264207065105 1.208577074110508 2.030663415789604 0 0.09134990721940994 0 18.80442690849304 12.06850229203701 2.865518115460873 7.291958175599575 361.2685998827219 0 0.4331479668617249 9.862059935927391 168.4592357948422 16.89459064602852 43.45665457844734 0 1.083019912242889 0.6698330342769623 7.867796830832958 4.957771323621273 27.50334573537111 0.5293098837137222 30.60538007318974 8.512876383960247 26.1061048656702 3.471304230391979 0 0.2313807904720306
4.484305568039417 543.781259983778 6.380605831742287 667.8826017826796 43.12831373512745 335.0918585807085 413.3425611704588 186.7467431500554 1386.285064205527 420.244318112731 12.68529653549194 977.0850175023079 49.92729727178812 118.8584102466702 1085.344047904015 36.08000916242599 2.632782727479935 2.255168981850147 0.6188587546348572 775.328101195395 18.94021964818239 3362.849106088281 9.477069959044456 8888.372204110026 146.8412239402533 34.62023343145847 892.5790927484632 1992.685449451208 62.4869587495923 200.8802034556866 11.76510119438171 2.294283702969551 12.10020752996206 28.1717631444335 5.686426810920238 153.5286314859986 8.430318832397461 48.00913834571838 17.46124193817377 207.1766923964024 6.934598051011562 1.038883790373802 0.8022395223379135 7.001366220414639 6.575256958603859 8.210054263472557 228.3796863555908 1.219124838709831 34.79296880960464 180.4816155210137 54.67109985649586 232.4186460971832 179.877770267427 1.84144439548254 57.79831324517727 1.143623024225235 28.01079103350639 27.66483952850103 172.4891516938806 2.702449709177017 1.174508146941662 2.712349534034729 207.2534576430917 106.3823963776231 173.9147343635559 87.85216346383095 976.4672319665551 0.3698552399873734 8.646814055740833 38.39679194241762 305.2275299727917 33.15521071851254 122.6217479407787 0.6394711583852768 1.045567356050014 7.612450145184994 31.7292569950223 8.588035643100739 69.0174600481987 1.634922377765179 52.87113259732723 17.98359414935112 80.28813854604959 2.818562284111977 0.4580518007278442 0.8873573839664459
90.54382595419884 0.3560529723763466 79.38560966402292 3447.20257730782 2.313780292868614 4944.406798191369 13455.00432027876 1372.360595740378 420.244318112731 31164.56387994438 24.00152686238289 1607.634644120932 1.623014993965626 1261.033509157598 11.40456935018301 0.153188943862915 45.23947712779045 8.66465749591589 13.86834405362606 4710.427356943488 11.55721306055784 0.48888248950243 23.30322696268559 631.1691633090377 1.523152112960815 23.39167775213718 16.87791610509157 8601.492288894951 677.9849151670933 85.01870153844357 0.1598930805921555 33.17300501465797 5.684807993471622 268.7849174812436 55.53150619566441 1076.88399092108 32.38353409618139 530.2678004130721 181.4234477132559 158.5311771854758 33.75352496653795 1.896461755037308 19.48891119658947 0.763589434325695 0.1142627447843552 0.6620133221149445 96.50834486633539 0.1686058044433594 22.53653909265995 131.6719937771559 40.14240645617247 89.97689205408096 129.2287692427635 0.2897131741046906 110.3586517870426 0 12.67148143053055 3.690595060586929 0.2504482567310333 0 0.2512216418981552 0 98.9742953851819 0.9493544548749924 2.652930118143559 1.083702065050602 155.6718847453594 0.1284173578023911 0 2.062483660876751 172.0819135159254 6.277707301080227 2.462297804653645 0 0.5836723670363426 0.3206600546836853 3.963039509952068 5.123569309711456 31.40947750210762 0.5620077401399612 15.48306917399168 2.58881988376379 40.99404271692038 1.399110451340675 0.2660021185874939 0.1301976144313812
6.102510325610638 116.1178159192204 11.16558559983969 2.829723201692104 16.75341691076756 98.42973352968693 14.19585474580526 116.3028504773974 12.68529653549194 24.00152686238289 10909.97139000148 56.42617720365524 2622.757300630212 59.9173239916563 0.8241946548223495 2.62464801222086 444.8317718803883 2509.667442582548 1446.913332857192 17.81955774873495 9.224990621209145 52.77690450847149 45.46197859197855 21.63495808839798 1130.733141615987 2977.780226588249 1159.762313783169 16.67897592484951 147.2432497665286 20.09269820898771 878.0388059467077 145.2329419925809 2.583930425345898 7815.45968568325 13.47821352630854 919.5159684792161 8306.187172658741 5996.707302749157 1951.395476236939 184.5504174232483 299.155292250216 1916.910274647176 10.65457950532436 0.2598595917224884 19.5652330070734 0.5185131207108498 0 0.1649658381938934 0.2083340436220169 2.165773719549179 0.754849873483181 4.829180955886841 0.2389187887310982 535.4728755280375 0.3056613877415657 1033.044927991927 1.02577155828476 0 1.532699331641197 0.2114981636404991 70.66579108685255 11.74935259670019 0 0.8897406235337257 11.10230398178101 0.5066267848014832 10.56374322623014 197.1362631767988 126.3660667538643 243.7866595089436 3.241611868143082 2.79441574960947 0.8389325067400932 264.1811653599143 0.6577228307723999 0 13.84973378479481 7.211322590708733 48.88764786720276 684.0622429102659 36.41925651580095 4.349048539996147 1.400622427463531 0.3245858997106552 174.9225642085075 0
16.21203412860632 2.555025860667229 7.636892266571522 2839.987033255398 133.8991212695837 4885.744434729218 486.2768551930785 1762.157001823187 977.0850175023079 1607.634644120932 56.42617720365524 8210.426884420216 4.894100219011307 640.3759851828218 1089.414381712675 0 7.452325902879238 15.85324133187532 10.87465770542622 4332.523110963404 1.893042080104351 18.95563673973083 3.575309373438358 1845.272611759603 1.000096581876278 10.7775609716773 8.745116718113422 871.8556423410773 420.0579571500421 16.78399959206581 0.8285114467144012 117.5920957326889 1.135451793670654 263.8687814921141 104.4947862699628 1197.616680756211 31.28989035636187 423.9918326288462 98.41962817311287 1489.190060049295 50.20093160122633 4.629343867301941 7.032250843942165 0.7908137515187263 0 0.088079534471035 106.8325980976224 0 56.61551059037447 70.48260016739368 43.74566586315632 66.24795249849558 203.1261617541313 0.4877854883670807 301.6346734687686 0 11.09151737391949 6.882026180624962 0.2712637037038803 0 0.1050924062728882 0.08025189489126205 148.2978014871478 0.3117533624172211 1.057147167623043 0.198736384510994 89.19305717200041 0 0 0.1609928905963898 122.5834129676223 5.942351907491684 0.8580643981695175 0 0.4898716807365417 0 3.633530661463737 8.987167567014694 32.13264492154121 0.1130131185054779 23.03005100041628 4.302817851305008 96.22418724745512 3.289445340633392 0.2048383355140686 0.6988510191440582
0.2495128512382507 624.911568492651 0.1711269840598106 0.2089240923523903 0.6482742354273796 8.493853867053986 1.734429083764553 11.9603032246232 49.92729727178812 1.623014993965626 2622.757300630212 4.894100219011307 3754.019873797894 2.743086837232113 0.5612453371286392 6.873522348701954 1.532531589269638 61.83633023500443 3.235736697912216 1.562837690114975 1.274951435625553 237.6606212332845 1.547448724508286 35.60658571124077 5430.572447612882 718.0619592815638 3345.544009946287 4.658671200275421 8.233268827199936 0.2001904994249344 1640.778033308685 12.07907401770353 0 1331.036051787436 1.880268052220345 113.5332174375653 2581.850743174553 2583.563040331006 235.6949274614453 12.46109472215176 78.16280386596918 1178.448354996741 8.276192978024483 0.2274252623319626 40.56210904568434 0.1125737205147743 0 0 0.4376351088285446 0.0964692234992981 1.009239599108696 6.12844143807888 0.1911117061972618 795.668928399682 0 1585.023843698204 0.4386299550533295 0 0.5988700538873672 0.2753200605511665 74.09330974519253 6.930898398160934 0 0.3845024704933167 19.82735525071621 0.4064378440380096 5.693515568971634 380.8447450771928 140.9833477064967 289.685749694705 0.5000748261809349 1.082440279424191 0 368.7628521025181 0.2196305990219116 0 12.6183400079608 4.340381123125553 8.628884874284267 890.6430159285665 34.44398678839207 4.376191958785057 0.5195760354399681 0.6952439546585083 168.7299220785499 0
6506.133588805795 0.3869376555085182 513.6995437443256 99.11223334819078 7.804294176399708 937.4243484511971 6390.693591035903 5307.642754010856 118.8584102466702 1261.033509157598 59.9173239916563 640.3759851828218 2.743086837232113 9349.733553167433 9.142607554793358 1.123723238706589 940.5484016239643 32.71944373100996 196.4022989496589 362.9862737283111 136.7215835005045 5.505784742534161 394.8832650333643 317.1597521305084 3.183499969542027 185.2441040687263 84.06929127126932 632.4785433039069 5288.2699726969 3464.031088173389 0.9571388438344002 176.4117023721337 20.70095632970333 420.3048064187169 13.77153852581978 399.6654676645994 49.2034573033452 419.9277194961905 128.7827817127109 364.448048889637 36.06798889487982 3.541565351188183 5.767772436141968 2.128293260931969 0.5987476781010628 2.8836884573102 8.050992205739021 0.192305788397789 6.516803056001663 74.9512355029583 34.81966952979565 54.60905231535435 22.47014667838812 0.8330773189663887 3.590875826776028 0 12.76556867361069 2.33056578040123 2.808377221226692 0.5442619994282722 0.08845995366573334 0 7.226540066301823 11.09378076344728 3.43713453412056 4.537145435810089 175.1558033414185 0 1.040688522160053 6.622885271906853 80.95977398753166 9.540756441652775 20.03653725236654 0 0.9136895760893822 0.6503763273358345 4.095026768743992 3.196337804198265 22.45652693510056 0.4238239079713821 19.50983639806509 3.275434672832489 16.90875356644392 1.260596998035908 0 0.5081613138318062
0 6.545014142990112 0.600833959877491 9.561854265630245 971.8980637639761 1772.085851423442 7.458210602402687 224.1679690405726 1085.344047904015 11.40456935018301 0.8241946548223495 1089.414381712675 0.5612453371286392 9.142607554793358 442.8989270925522 0 0.1147359311580658 0.2050678208470345 0.2407387942075729 49.91218593716621 0 83.3250897526741 0.5666941553354263 468.0301618725061 1.063521727919579 0.7869057208299637 13.77930274605751 17.71146836131811 13.88161646574736 0.6530717238783836 0.09675755351781845 228.9764154702425 0 11.5022354349494 0.1844020187854767 432.3989600166678 1.571173474192619 5.944293394684792 1.239475198090076 1207.841511130333 50.6151166036725 0.1469871252775192 0.1676701903343201 0 0.1256230026483536 0 5.305959060788155 0 0.1356385797262192 4.281077928841114 1.526021011173725 9.737369805574417 9.370360434055328 0 2.935285151004791 0 0 0.7130779325962067 0.349631704390049 0.1163451224565506 0 0 5.526922635734081 0.357985146343708 1.116161376237869 0.6487399563193321 4.314607970416546 0 0 0.1126274093985558 5.762754991650581 0.341266855597496 0 0 0 0 0 0 2.826678603887558 0 0 0 8.256319552659988 0 0 0
0.1127075850963593 197.5559247583151 7.117827340960503 0 0 0.1908490508794785 1.12819991260767 0.2693398892879486 36.08000916242599 0.153188943862915 2.62464801222086 0 6.873522348701954 1.123723238706589 0 2578.346471726894 17.92361757904291 0.7830504775047302 2.864332005381584 0.09872347116470337 2889.319028779864 3713.040850892663 5238.959769546986 1870.213183864951 24.76741962134838 10.77870447188616 5406.465486973524 821.7886684164405 1.998440824449062 97.89174318313599 1.758576169610023 0 1.437553852796555 88.686114564538 38.87576358020306 714.9424873366952 154.9052155390382 199.779993660748 179.8582163527608 45.70906844735146 4.160618357360363 2.561728589236736 3.574805118143559 0.6094898208975792 10.92258491367102 220.7809908166528 0.5144182071089745 0 0.204456739127636 3.263469532132149 1.787832506000996 6.058007702231407 1.978841491043568 1.247599326074123 0.3110386207699776 4.115726232528687 0.8206810727715492 0.1478134989738464 524.6846902370453 9.377404674887657 0.8749866634607315 8.253954544663429 0 89.29473718255758 634.6501252129674 523.2229310944676 62.7576240375638 0.2922653928399086 18.68078888952732 2689.557675346732 6.006841063499451 4.080477982759476 46.26547113060951 0.2388302609324455 0 0.8283645585179329 51.69579029083252 11.85534197837114 156.5325770303607 14.98948168754578 78.07902332395315 61.97415018826723 3.66104269772768 0.7888724207878113 0 0.9935277253389359
393.440255202353 104.7567229643464 3772.512671709061 5.673612862825394 0.1565427333116531 63.27446698397398 437.056724563241 755.3330986127257 2.632782727479935 45.23947712779045 444.8317718803883 7.452325902879238 1.532531589269638 940.5484016239643 0.1147359311580658 17.92361757904291 1101.178026922047 182.6403641030192 2430.593470260501 6.128364644944668 291.6844803541899 161.5997600257397 4596.900470390916 49.96395763009787 0.7081444561481476 2200.366472251713 5206.066867098212 144.2057293504477 1023.721442684531 1186.482933573425 0 5.114838168025017 39.63963798433542 2915.00982889533 27.78462376445532 1074.387905277312 2325.492081061006 2578.597970202565 598.9378439486027 40.49114748835564 5.189786933362484 4.344889424741268 4.929431118071079 0.1160320416092873 79.49668914079666 246.3983530178666 0.1286670714616776 0 0.1014455482363701 3.288199357688427 0.2614383548498154 1.149389393627644 0.1000005081295967 0.1268109083175659 0.1189247816801071 0.558193027973175 0 0 8.30288128554821 15.91613750904799 0.9390024840831757 2.457721635699272 0 5.509344540536404 5.201131351292133 18.38846604526043 9.201712168753147 0.8222734034061432 73.84568086266518 512.9071455523372 3.683806672692299 0.76408701390028 5.517557851970196 0.3837212771177292 0 0.1075624972581863 4.132743537425995 3.181446395814419 21.22848863899708 1.887316167354584 9.952742606401443 4.991721503436565 0.1613687872886658 0 0 0
10.90232389420271 7.62333832681179 26.99764901399612 0.9903193339705467 0.8806397840380669 16.22766578197479 11.47529523074627 29.54771613329649 2.255168981850147 8.66465749591589 2509.667442582548 15.85324133187532 61.83633023500443 32.71944373100996 0.2050678208470345 0.7830504775047302 182.6403641030192 680.6417006924748 1862.102867364883 5.918302983045578 5.043690986931324 4.075029134750366 21.55132756382227 6.602518767118454 16.8989759683609 3258.598495617509 675.858739413321 6.608208894729614 61.97838512808084 14.08808045834303 35.12555485218763 15.94557104259729 2.469853945076466 1498.171528369188 8.678160578012466 939.4281107187271 2614.706629224122 1586.305283010006 939.0214803516865 31.38888146728277 12.39630834013224 71.11323610693216 6.035239569842815 0.8026235476136208 9.737588934600353 2.344299711287022 0 0 0.171408012509346 0.9301330596208572 0.6606112420558929 0.5240990966558456 0.08867242187261581 25.13114073127508 0.08356823027133942 66.91666170954704 0.823692686855793 0 0.2465925663709641 0.3468393832445145 60.75602378696203 26.55996310710907 0 0.2665415406227112 1.004843451082706 0.57602309435606 1.046179033815861 20.87311533093452 147.6317915767431 331.8281565085053 0.539657436311245 1.023258194327354 1.30601529031992 61.03884728997946 0.2914364635944366 0 9.825258068740368 2.438061930239201 20.80985236167908 38.41750357300043 15.98068714886904 3.13210341334343 0.8420334160327911 0 0 0
76.55432575196028 10.32874931395054 325.3548747971654 2.225225925445557 0.4537433534860611 19.1172171421349 56.03747245669365 156.6237815693021 0.6188587546348572 13.86834405362606 1446.913332857192 10.87465770542622 3.235736697912216 196.4022989496589 0.2407387942075729 2.864332005381584 2430.593470260501 1862.102867364883 3496.952300310135 5.979322172701359 41.75830905884504 9.902153871953487 198.8444377779961 10.59950330108404 14.59004675596952 3878.482130818069 784.4982176274061 24.37593500316143 292.9218730442226 121.1375486329198 1.024482876062393 8.579275228083134 16.72608770430088 4068.719352841377 11.79807946830988 1436.998625427485 1987.28952280432 3366.130250670016 1295.172494053841 30.2086208537221 3.165017478168011 8.217581123113632 6.598201096057892 0.116135761141777 21.65894496440887 28.34458636492491 0.1016369014978409 0 0.08465826511383057 0.3014456853270531 0 0.7353214174509048 0 2.532674230635166 0 2.577068515121937 0.4714977443218231 0 1.738425716757774 2.945383109152317 8.710749216377735 12.95922865718603 0 0.5334187299013138 0.9335767850279808 1.24399795383215 2.673207081854343 9.749709203839302 90.1228506565094 150.9222849607468 1.108839631080627 0 0.6663251370191574 2.140374392271042 0 0 1.311677925288677 2.823306679725647 7.96703102439642 11.00740101933479 2.955861039459705 0.8215081244707108 0 0 0 0
18.62564509361982 0 7.54824124276638 5019.600045077503 6.000464290380478 507.6656751781702 236.4968698471785 568.5110867917538 775.328101195395 4710.427356943488 17.81955774873495 4332.523110963404 1.562837690114975 362.9862737283111 49.91218593716621 0.09872347116470337 6.128364644944668 5.918302983045578 5.979322172701359 974.4653460159898 2.82979641109705 0.2591995075345039 4.327664017677307 1268.229710772634 0.2710370495915413 5.945146009325981 2.708772145211697 4770.801824375987 327.9073419198394 15.38391495496035 0.1804214641451836 24.79108543694019 1.154918722808361 161.9883551225066 52.95956937968731 945.0188011005521 19.51032259315252 321.1948141977191 117.2146920338273 308.3172164484859 25.79351353645325 0.6979309991002083 12.19290509819984 0.4527106732130051 0.3697994276881218 0.4093410447239876 104.1540829911828 0 29.14503877609968 120.6316547915339 36.26854753494263 83.44314235448837 130.2205290347338 1.050872065126896 38.52620728313923 0 9.948445320129395 2.127184838056564 0.6481360495090485 0 0 0 100.4367841556668 1.462300568819046 0.6863401159644127 1.130480028688908 149.0242416039109 0 0 0.6908283829689026 144.1965763792396 2.911245286464691 3.415959648787975 0 0.2110592871904373 0 2.250795312225819 1.972134053707123 32.18027010560036 0 10.40263449400663 3.353582367300987 68.63926392793655 0.8866689503192902 0 0.494183287024498
69.92732081562281 15.75518801808357 197.1190764680505 1.935968197882175 0.2533710226416588 16.45538939535618 591.9708279520273 123.9013644605875 18.94021964818239 11.55721306055784 9.224990621209145 1.893042080104351 1.274951435625553 136.7215835005045 0 2889.319028779864 291.6844803541899 5.043690986931324 41.75830905884504 2.82979641109705 11168.8082332015 351.370334982872 6284.978962950408 220.8966520130634 9.276004835963249 16.57229595631361 732.4815962165594 4609.043024003506 179.0957406535745 7731.398415260017 0.3955414444208145 2.222492821514606 13.85006068646908 3141.858596667647 451.609417386353 6761.760742753744 1174.83591581136 4563.700181648135 2630.327461719513 396.2512155994773 47.01336012780666 14.38989309966564 49.90205846726894 0.3845549374818802 1.182258665561676 71.75387411564589 0.1966997981071472 0 0.2790036350488663 5.977953381836414 0.4033224657177925 6.626132361590862 1.132588349282742 2.526024267077446 0.4097331166267395 9.682931244373322 1.328767880797386 0.2364293336868286 568.2090085968375 11.60275669395924 2.330217599868774 8.939865864813328 0 160.4627569541335 279.9278228729963 569.6065824627876 77.98328623175621 0.1912022680044174 19.03066585212946 583.6037238165736 12.16027917712927 5.305530704557896 79.76756399124861 0.1050670444965363 0.09088336676359177 2.074539959430695 73.65980637818575 61.42077240347862 350.3677850216627 7.252547927200794 72.46214047074318 51.47287757694721 6.378114446997643 1.046086519956589 2.658857300877571 0.7981637790799141
1.192077174782753 2312.552508495748 287.8815319687128 0.3046606183052063 1.644879713654518 0.7998995557427406 8.377716653048992 5.866732254624367 3362.849106088281 0.48888248950243 52.77690450847149 18.95563673973083 237.6606212332845 5.505784742534161 83.3250897526741 3713.040850892663 161.5997600257397 4.075029134750366 9.902153871953487 0.2591995075345039 351.370334982872 866.787250675261 1276.880977198482 5184.871506422758 778.5477230027318 111.0663528218865 5912.299249999225 552.4531148374081 11.55113303661346 78.53930492699146 47.69458995014429 0 1.929745323956013 114.1461101323366 3.931737557053566 148.8885277584195 39.61917732656002 99.82074075937271 35.19349408149719 29.72261812537909 1.508626028895378 9.50754775851965 1.39839793741703 0 128.202214345336 230.7588989436626 0.2042138800024986 0 0.4473304152488708 3.672217331826687 1.677221193909645 19.73612084984779 0.9911371245980263 1.654032967984676 0 6.523809708654881 0.9575160294771194 0.4178311079740524 163.6364401727915 8.645853340625763 2.579046316444874 2.67564868927002 0.1086868271231651 22.27753438800573 184.9193427115679 156.8443470746279 45.4748957529664 6.637611865997314 23.32215313613415 3339.907700151205 5.212519884109497 2.780598431825638 12.72807689756155 2.020522251725197 0.08922642469406128 0.4260164648294449 18.74788835644722 2.811338186264038 45.68183249980211 9.253119066357613 33.37039938569069 25.5400225892663 1.824856080114841 0 2.612774305045605 1.361641459167004
173.2955416813493 52.97300891578197 7489.891464233398 4.693668819963932 0.2048873752355576 45.08615548163652 1254.79880746454 293.6155381500721 9.477069959044456 23.30322696268559 45.46197859197855 3.575309373438358 1.547448724508286 394.8832650333643 0.5666941553354263 5238.959769546986 4596.900470390916 21.55132756382227 198.8444377779961 4.327664017677307 6284.978962950408 1276.880977198482 11458.02765061706 307.0556333810091 3.268587201833725 1053.572457067668 7607.997565478086 3406.140813589096 496.1364123001695 2418.394287124276 0.2311809808015823 3.612765029072762 44.85850719362497 3691.158884316683 438.4829738438129 7710.295558057725 5462.575932234526 5833.164439849555 4997.089829809964 472.9128738418221 74.38409399986267 20.99765111505985 50.73345097154379 0.3271724805235863 22.65794648975134 1001.771268457174 0.1284698396921158 0 0.4169944077730179 11.04762393981218 1.944913610816002 3.300323314964771 1.211066827178001 0.837600365281105 0 1.389974638819695 0.9405032992362976 0.09683771431446075 334.4228826612234 27.33075827360153 0.7717946022748947 4.924818888306618 0.1251984834671021 46.13639194518328 457.7545163184404 632.5440327972174 28.24432215839624 0.9445210471749306 12.61886641383171 4883.143771149218 4.964636169373989 2.397168934345245 13.82954145222902 0.7167099416255951 0.1080200746655464 0.6932358220219612 91.84967915713787 53.17648008465767 292.1680130958557 30.24471795558929 152.3529230877757 131.4071205332875 4.874212563037872 1.379604332149029 0.1768675446510315 1.508262783288956
29.1487657353282 522.952529668808 139.6098100244999 1900.024048283696 3.126712337136269 406.4637981653214 744.7327171415091 590.6383503302932 8888.372204110026 631.1691633090377 21.63495808839798 1845.272611759603 35.60658571124077 317.1597521305084 468.0301618725061 1870.213183864951 49.96395763009787 6.602518767118454 10.59950330108404 1268.229710772634 220.8966520130634 5184.871506422758 307.0556333810091 18265.26665763557 122.6274124458432 110.2567478567362 3235.333747409284 13156.43294697255 651.4494890347123 1032.19314674288 10.06442581862211 13.80445402860641 167.2775391563773 420.3986150249839 126.859724290669 2209.522078536451 82.90921018272638 678.5930183008313 372.1943438276649 398.799709610641 29.29401278495789 7.968908056616783 20.20170823484659 31.54018533229828 10.52311342209578 47.61861801147461 190.3830239921808 1.713049523532391 77.32516814395785 622.4446002617478 233.4514913372695 1075.503181144595 264.3639913871884 4.283164441585541 47.99791634827852 9.833756171166897 136.486799556762 16.09034147113562 336.4244415462017 6.954463720321655 1.952590920031071 8.003182299435139 193.7505000606179 403.879025362432 381.7602229863405 237.6730026677251 2278.298103399575 1.345199935138226 14.81476218998432 219.9290733411908 833.3527409508824 148.0828930810094 523.9268570765853 0.8564763814210892 7.616430401802063 30.42690763622522 106.1048022434115 43.14989701658487 279.4026039838791 6.464760154485703 244.7569071352482 65.61477575451136 227.8637838959694 10.27904423326254 3.178646326065063 4.215754240751266
0 1535.254204504192 0 0 0 0.5733943805098534 0 0.9836027845740318 146.8412239402533 1.523152112960815 1130.733141615987 1.000096581876278 5430.572447612882 3.183499969542027 1.063521727919579 24.76741962134838 0.7081444561481476 16.8989759683609 14.59004675596952 0.2710370495915413 9.276004835963249 778.5477230027318 3.268587201833725 122.6274124458432 2249.685457587242 555.5267509073019 4726.853216089308 44.26366873830557 4.731257043778896 51.8017129227519 662.4019013047218 0.762924924492836 0 772.7277274802327 1.011918276548386 569.4183837845922 650.1750420928001 348.6891439259052 83.74948432296515 64.35532005131245 20.40845163166523 431.778996065259 3.695223689079285 0.510350726544857 74.36068803071976 0 0 0 0 1.003138735890388 0 19.94027154147625 0.2246621400117874 260.4846214056015 0 950.3029755875468 1.203279279172421 0.7621513605117798 1.646156489849091 1.034736879169941 100.764675617218 33.80106042325497 0.09365721046924591 0.1899046301841736 249.9844103604555 2.59653889387846 21.69696649163961 282.1127651780844 348.9360399991274 1808.322686858475 0.08834310621023178 0.4048652797937393 2.968632400035858 273.233215674758 0 0 9.219732113182545 0 195.310579419136 174.3353247717023 25.90554349124432 7.640362076461315 18.48603534698486 1.366399168968201 19.3825251236558 0
47.6098805218935 483.9979097545147 4704.712220385671 4.351466633379459 0.9880622029304504 41.10155797749758 382.7505324110389 157.7543352916837 34.62023343145847 23.39167775213718 2977.780226588249 10.7775609716773 718.0619592815638 185.2441040687263 0.7869057208299637 10.77870447188616 2200.366472251713 3258.598495617509 3878.482130818069 5.945146009325981 16.57229595631361 111.0663528218865 1053.572457067668 110.2567478567362 555.5267509073019 29509.83761561662 13140.19497054815 178.8515590503812 135.2100665569305 56.0595088750124 742.4222581535578 12.34574483335018 5.118049524724483 1084.565265975893 18.84575219452381 2161.872580915689 9345.651381783187 2521.367871791124 1069.493452079594 70.49556755274534 16.39838692545891 127.2628245353699 9.675602816045284 1.353772424161434 675.8766062036157 178.0862225964665 0 0.1433315426111221 0.5244229584932327 4.11948349326849 2.461222536861897 1.939619593322277 0.8376651629805565 194.5695608109236 0.5450542122125626 543.7917391657829 3.696831449866295 0 2.187832206487656 33.6725999340415 314.1601407900453 344.6155142635107 0 1.583476543426514 7.675659961998463 1.709676191210747 3.203788138926029 355.249466471374 2524.461597129703 4359.854743592441 1.820115581154823 4.918185211718082 3.529254637658596 355.2543547451496 0.8147131279110909 0.2555337995290756 41.77332559227943 4.163339272141457 42.57261358946562 256.3573056086898 93.14287020266056 13.72827889025211 0.3170642405748367 0.1110958307981491 1.842710070312023 0
28.19904212653637 8688.477082274854 3701.068183526397 2.415927834808826 0.3508445546030998 22.04145520180464 277.3456068262458 73.29695493727922 892.5790927484632 16.87791610509157 1159.762313783169 8.745116718113422 3345.544009946287 84.06929127126932 13.77930274605751 5406.465486973524 5206.066867098212 675.858739413321 784.4982176274061 2.708772145211697 732.4815962165594 5912.299249999225 7607.997565478086 3235.333747409284 4726.853216089308 13140.19497054815 28167.35278351605 2588.184635989368 71.71213065832853 87.39394373446703 1179.681036241353 3.495144434273243 5.491224177181721 1544.610917508602 176.5538674145937 6879.774226598442 5370.593942582607 3802.226966418326 2063.988277412951 281.9786376357079 21.74214431643486 75.30470113456249 34.07367686182261 2.513459756970406 2551.400283515453 3016.135280698538 0.2704540565609932 0 0.6563363596796989 14.02384231239557 3.73651834577322 3.240459106862545 2.428176388144493 189.9055861011147 0.08702875673770905 611.8573132157326 5.600750111043453 0.09483236074447632 16.95880146324635 176.5891102254391 416.944500669837 446.0000948980451 0 10.74920758605003 206.8244542554021 306.7450570836663 26.09155566990376 492.0689769461751 4744.670058116317 14533.41017839313 5.589100442826748 2.876499369740486 11.33286792039871 445.3887528404593 0.2805715501308441 0.4621026217937469 123.6776215583086 31.88345567137003 225.5428116545081 357.6424381434917 244.7653670534492 125.607263982296 5.450777068734169 0.9561615437269211 5.92683033645153 0.7123739123344421
90.90819566696882 48.52452957630157 1005.974913500249 6290.32913812995 2.245486080646515 1650.61399936676 18458.60239107162 817.956062451005 1992.685449451208 8601.492288894951 16.67897592484951 871.8556423410773 4.658671200275421 632.4785433039069 17.71146836131811 821.7886684164405 144.2057293504477 6.608208894729614 24.37593500316143 4770.801824375987 4609.043024003506 552.4531148374081 3406.140813589096 13156.43294697255 44.26366873830557 178.8515590503812 2588.184635989368 28226.85267600417 1123.92399982363 12540.57947846502 1.316734649240971 20.70993595570326 301.7860390096903 1311.554466098547 268.7994570434093 4176.985848359764 189.6598993465304 1661.19228708744 925.450245603919 370.1978666558862 34.79175420850515 28.11301288753748 36.68819681555033 31.15635802596807 3.778331860899925 51.08213268220425 211.6889841854572 2.068112179636955 52.88005980849266 472.083353318274 139.8070629686117 551.6201053634286 208.8089457899332 6.094982258975506 57.16394682228565 28.38268603384495 94.5918789729476 10.92236652970314 422.8467876762152 10.82670115679502 2.031452417373657 9.92753492295742 153.5223064720631 498.9004689753056 347.0452032834291 317.3779311552644 1521.804537810385 0.1108645275235176 10.07933893799782 207.23137242347 605.0562266409397 137.4898990914226 558.8035688996315 0.1163424327969551 4.948982946574688 32.84093079715967 126.1427768692374 46.35979854315519 321.6802407503128 5.522563792765141 200.7042551636696 67.60084518045187 130.7126664668322 10.33449400216341 1.973766148090363 2.147595673799515
