1138.264119133353 0.6868955343961716 171.947168186307 25.12152096629143 0.3060006946325302 8.222128167748451 2919.555669084191 1010.027673974633 34.13546188175678 82.07765116542578 1.631758809089661 2.860797390341759 1.544126272201538 5685.856179513037 0.5856059342622757 0.3110677376389503 250.936165869236 0.9728254303336143 21.94020789861679 9.690272770822048 133.5425340235233 3.539265766739845 303.5443639308214 99.83350612968206 0.08664323389530182 62.33121428638697 12.87119495868683 176.8282467871904 2138.952087074518 2421.130757577717 0 0.4973923563957214 42.85002189874649 65.99434757232666 3.028713807463646 30.43477293103933 4.637618362903595 15.19467992335558 10.41855040937662 4.319022178649902 0.4379004463553429 0 0.1016518026590347 0.09136990457773209 0 0.3547791838645935 0.3330117240548134 0 0.2257130816578865 7.093645974993706 0.2840124517679214 10.16015058755875 0.2049206420779228 0 0 0 0.4063634127378464 0 1.783770106732845 0 0 0 0 1.711730644106865 0.4227472171187401 0.2047877162694931 22.39398086071014 0 0.07908644527196884 0.7323513254523277 23.8374822512269 2.373613886535168 3.587450757622719 0 0 0.09748969227075577 0.7025708556175232 0.8939431607723236 5.993535593152046 0 1.924664877355099 0.5997254550457001 2.226271219551563 0.2933131828904152 0 0
0.6868955343961716 50.95232923328876 20.45690760761499 0.08912793546915054 0 0 0.2126290649175644 0.197569765150547 226.9603312388062 0 104.8617016151547 0.07469126582145691 688.108123280108 0.3365414962172508 1.686521649360657 52.38888309895992 24.00812830775976 5.638387411832809 5.652984209358692 0 1.925291806459427 1466.680303320289 2.475823380053043 221.7405543997884 1464.990564502776 235.5876984000206 4873.141761988401 8.370392501354218 2.017078801989555 2.680092066526413 41.95828356593847 0.1152061522006989 0.3234820067882538 9.622860252857208 0.9920955970883369 13.23368678241968 20.56349345296621 29.01739627122879 9.768396846950054 3.486061438918114 0.7696250677108765 31.7120009586215 0.1157272085547447 0.1378684043884277 15.38638453185558 167.9088048785925 0 0 0.15436951816082 1.681075282394886 0.1948723867535591 1.083438701927662 0 2.283519215881824 0 3.065330199897289 0.7181895449757576 0 2.676767908036709 16.93140029162169 1.660754039883614 7.101931259036064 0 0.6551221013069153 12.09541963040829 16.90564562380314 3.437898576259613 8.855630874633789 251.4787193909287 1103.223007515073 0.7953786328434944 0.5690888687968254 0.6389399394392967 1.316803947091103 0 0.06936944276094437 3.931131601333618 0.1660937517881393 17.44118986278772 8.063827387988567 12.83450059592724 7.495289787650108 0.1532793194055557 0 2.83513605594635 0
171.947168186307 20.45690760761499 1709.881309710443 39.56460753083229 0.09792472422122955 19.01229736208916 923.0533125549555 664.0584729723632 3.767982318997383 130.1254535540938 5.54949788749218 0.95083998888731 4.830123737454414 748.9405257999897 0 56.48704464733601 3541.565759159625 20.61082419008017 288.6926074698567 3.431608483195305 305.7418630346656 9.003167025744915 7292.557504944503 37.58490286767483 0.2499191910028458 4888.923774555326 12427.90634878725 284.5293256044388 131.4343881160021 209.813298791647 0 0.6738704219460487 2.531931281089783 123.7816131524742 2.525234535336494 298.1259315684438 3842.843749143183 218.662592805922 71.14531472325325 7.466776378452778 0.1543602049350739 7.422974020242691 0.9820691049098969 0.7105311006307602 97.833924010396 1102.684200249612 0.1335043162107468 0 1.384231850504875 14.31052158027887 3.106316789984703 4.224205188453197 0.5896893739700317 0.2156373113393784 0 0.1635751128196716 4.510522499680519 0.1386904567480087 13.88664060086012 69.08909315615892 1.310949064791203 14.05245207995176 0 13.95233643054962 44.07910000532866 152.085269138217 11.16814520210028 0.1234599649906158 356.6453713476658 2411.629760622978 5.746166288852692 2.564998492598534 6.173650324344635 0.9370324686169624 0 0.3373580053448677 11.94790463149548 1.943057432770729 47.68214450031519 12.60796457529068 58.88838467746973 21.67212191969156 0.6942144334316254 0.3870794177055359 0 0.5063627362251282
25.12152096629143 0.08912793546915054 39.56460753083229 1369.718816637993 6.440214343369007 70.20139141380787 553.4626000225544 120.8443709239364 1268.826341979206 5123.069637514651 2.897184737026691 2088.967031240463 5.635899662971497 170.7666064724326 140.3705877959728 10.01636261492968 3.543553426861763 0.6739233136177063 1.526474379003048 3873.56646835804 14.43617668747902 1.361722514033318 91.46557415276766 3182.109177947044 0 12.21196077764034 20.92950152605772 2458.229610815644 317.0009918659925 12.76310433447361 0.09021876752376556 2.018991634249687 25.88659927994013 152.9542139396071 26.47866053879261 353.6330389007926 4.68047907948494 115.2341507896781 66.45822685956955 322.5135013833642 10.03068958222866 3.258243918418884 8.334174156188965 2.08725855499506 0.4950786679983139 0.2448792606592178 218.7332793548703 1.184448689222336 19.14026079326868 221.3492461517453 9.541310876607895 78.9578013792634 343.1723878979683 1.447036527097225 231.7923350557685 0 9.885693117976189 39.47966323792934 1.143564626574516 0 0.1069964542984962 0 170.5659771934152 0.701326459646225 0.5515633374452591 0.5908292159438133 277.6837272047997 0.1210140958428383 0.08770914375782013 1.595601625740528 674.4358905851841 20.62337773293257 5.166915155947208 0 1.115802727639675 1.703014053404331 7.264037758111954 4.413749396800995 29.26719149947166 1.700322024524212 19.72047279775143 3.22003547847271 129.8014125525951 2.180549904704094 1.855541706085205 0.7589572668075562
0.3060006946325302 0 0.09792472422122955 6.440214343369007 260.8845502436161 860.7171514704823 1.453242242336273 269.8864667564631 100.1411614269018 5.614971898496151 87.56673144549131 149.0539837479591 11.37503998726606 126.9504986330867 995.0610894858837 0 0.8356783837080002 19.38171869516373 8.927762866020203 3.863356687128544 0.5577562004327774 0.215039998292923 0.1129069477319717 17.62695991247892 0.09554482996463776 6.817612126469612 2.775451645255089 6.874717772006989 156.0294768214226 0 0.2503001689910889 766.484322719276 0.2222254872322083 533.1183742806315 1.046261832118034 44.49782586842775 6.489383354783058 264.2362234070897 46.24270814657211 1548.284132756293 73.56215040385723 1.934846043586731 1.83618152141571 0 0 0 0 0 0 0.1651190668344498 0 0 0.8001053631305695 0 0.6020365655422211 0.8628225326538086 0 0 0 0 0 0 1.396186873316765 0 0 0 1.16429802775383 0 0 0 1.047560662031174 0.08858317136764526 0.3980248272418976 0 0 0 0 0 0.8739774525165558 0.2541160583496094 0 0 2.648163601756096 0 0 0
8.222128167748451 0 19.01229736208916 70.20139141380787 860.7171514704823 9709.193965569139 228.0396703705192 4290.461348380893 140.472255885601 8372.33073894307 128.8091365545988 3398.273572444916 28.96342143416405 705.1952558942139 1189.928439944983 0.6020377576351166 5.120679423213005 28.55023165792227 18.57418788224459 323.2381646558642 8.832398466765881 0.5138141512870789 39.34956519305706 34.3897352963686 0 20.32560370117426 7.038774080574512 177.5805482715368 720.1895833909512 9.575759321451187 0.1250671148300171 573.9413533434272 2.16422813385725 576.5203652605414 7.340102605521679 240.0440958067775 14.83874156326056 582.9908930510283 111.6068532392383 2612.453151062131 341.4982115849853 2.021429911255836 8.644466891884804 0.2208114117383957 0 0 16.5545192360878 0.2466876357793808 4.011895693838596 34.02133316546679 0.5877425298094749 8.294550232589245 28.49603569507599 0 45.5510119497776 0.552448570728302 1.153060741722584 11.09098015725613 1.016134142875671 0 0.1014655083417892 0 17.9247340708971 0.1854089349508286 0 0.3822911977767944 32.79745572060347 0 0.2481561079621315 0.1586247235536575 68.95104345679283 3.816677637398243 2.488379217684269 0 0 0.1873308196663857 0.5713942870497704 1.356275275349617 6.524107746779919 0.2594204694032669 1.278651341795921 0.2041535079479218 42.35278709977865 0.5642534792423248 2.413162752985954 0
2919.555669084191 0.2126290649175644 923.0533125549555 553.4626000225544 1.453242242336273 228.0396703705192 13058.62795717269 3169.498563285917 174.0548141300678 5722.137531667948 4.367787931114435 5.42914417386055 1.257661499083042 6732.059533953667 10.76037315279245 50.61475103348494 99.70147599279881 2.314870752394199 24.47356829792261 60.56196694821119 1046.362165018916 6.839915797114372 2676.707685023546 1114.698821268976 0.1731397211551666 203.5444289520383 106.0108009949327 15941.02518311888 1023.788001380861 9096.685873448849 0.07485847920179367 2.03986769169569 30.29187003523111 255.850357092917 24.87960559129715 392.7799734026194 34.06535971909761 184.8108294457197 91.29324792325497 92.76089477539062 10.78978878259659 0 7.716968938708305 5.525969207286835 0 1.126933023333549 32.07408601790667 0 5.392096504569054 158.5920251309872 9.254854626953602 53.47344472259283 52.12611166387796 1.367495559155941 14.64816445112228 0.276382602751255 7.866620227694511 2.906307689845562 9.475341692566872 0.08124652504920959 0.4591029137372971 0.215504415333271 17.55711010843515 1.310039855539799 1.461566813290119 6.558309860527515 214.0922295898199 0 0.8892535865306854 7.975901544094086 390.714794754982 24.02099968492985 17.86585277318954 0.3004892989993095 1.569155789911747 1.435144796967506 9.674062587320805 4.022130891680717 73.28962925821543 0.5499154254794121 19.4156681522727 11.65427038818598 87.61438956856728 4.160969391465187 0.1093185991048813 1.058750942349434
1010.027673974633 0.197569765150547 664.0584729723632 120.8443709239364 269.8864667564631 4290.461348380893 3169.498563285917 8115.983166582882 202.2202030420303 5436.681079749018 170.7333127260208 1390.16407456249 33.88113974779844 5062.825981933624 239.3033858761191 4.905707098543644 486.7056128010154 38.45633409917355 96.78377507254481 355.6096024215221 277.0727596469223 6.957025088369846 754.245539098978 533.1022886931896 0.6876588314771652 324.8564594201744 60.44360351189971 646.8741985745728 1445.017145909369 1090.923236094415 0.538846492767334 145.1649407595396 12.86622565984726 615.8517677336931 15.51862037926912 392.2219032123685 38.65588527172804 653.6631386466324 156.6131082847714 1481.1059149988 181.3208065107465 5.326190456748009 12.59369571506977 7.521452277898788 0.1759508326649666 0.6443709284067154 46.29247550666332 0.1050648912787437 9.681612551212311 304.2861175537109 17.5972039103508 71.91379122436047 87.35350592434406 1.132573455572128 33.6639167368412 0 13.46735348552465 3.953226439654827 4.549952283501625 0 0.1092372015118599 0.2486010938882828 24.25570043176413 1.236975021660328 0.8656187430024147 1.912902504205704 340.7601872570813 0 1.347432278096676 4.77965571731329 628.7139425128698 46.76023947447538 15.7470490410924 0 1.223839670419693 2.952489748597145 8.065895058214664 2.992445260286331 51.46246429532766 1.238140530884266 22.17152019590139 9.874937273561954 44.68641386181116 1.568136788904667 0.2109076380729675 0.6063979864120483
34.13546188175678 226.9603312388062 3.767982318997383 1268.826341979206 100.1411614269018 140.472255885601 174.0548141300678 202.2202030420303 1075.376918829978 295.9111160710454 7.726228773593903 779.5655555054545 20.40607322007418 189.224966570735 945.2435173988342 298.1672865822911 16.89306109398603 2.888703748583794 4.189245939254761 664.9096796512604 130.6453544795513 2414.659452192485 78.36900867521763 4011.631962627172 66.69171518832445 59.24163066595793 1253.585289932787 1497.072768680751 440.0688081383705 207.4849986732006 2.863191664218903 6.029960662126541 96.7666430324316 221.1869713738561 60.7532295063138 844.3400179296732 67.10132833570242 226.7967864349484 157.3023685514927 577.9928858876228 12.44986832886934 0.744871512055397 7.335796803236008 17.39638199657202 7.142265483736992 3.517044372856617 232.5173052251339 3.907509848475456 18.0961799249053 200.4203286319971 10.06028895825148 332.1655347123742 245.0901025235653 1.358056537806988 429.8626696318388 0.2872082889080048 16.03800106048584 107.3928477987647 474.8782673850656 1.770724222064018 0.4410715699195862 1.199265711009502 143.0069653093815 154.5731758028269 31.37491004168987 151.3980264142156 1540.443596497178 0.5973419547080994 13.80351653695107 35.25838956981897 1085.79990299046 75.94378661364317 102.9932511970401 0.2096672579646111 1.696787908673286 8.650137521326542 16.85421112179756 10.57161766290665 103.603017680347 4.698301047086716 31.13456068187952 19.62907170504332 248.3916593566537 4.935839176177979 0.5697885304689407 1.623174950480461
82.07765116542578 0 130.1254535540938 5123.069637514651 5.614971898496151 8372.33073894307 5722.137531667948 5436.681079749018 295.9111160710454 27235.40046992898 23.70538522303104 1718.17133153975 5.053502522408962 1892.618237879127 35.53409721702337 7.694560497999191 12.16256333887577 9.606244798749685 9.533240340650082 3930.70212271437 63.6633386015892 0.3477554321289062 269.2742889449 450.6618592217565 0 39.20186644047499 17.9622368067503 7972.254451781511 994.198231600225 39.72601311281323 0.1014085114002228 19.33089787513018 14.66098675876856 615.9489340037107 33.93659426271915 464.8772531226277 19.27739898860455 445.5612434744835 88.25468426197767 270.093960031867 24.12742060422897 0.2906494960188866 15.09944397956133 2.375157095491886 0 0.4131016731262207 106.6679118871689 1.518918767571449 14.76388505101204 177.2991733625531 7.957774497568607 34.65446083247662 195.7809453234076 0.6858180910348892 123.0325651392341 0.2075382694602013 5.787052564322948 22.03115050494671 1.53523350507021 0 0.1723131388425827 0 98.31437090039253 0.7992084994912148 0 0.9279085099697113 171.9685447663069 0 0.615410104393959 1.824837990105152 437.3104677200317 13.12555260956287 4.285994410514832 0.2440365329384804 0.7557120323181152 0.8060454651713371 4.344184264540672 5.882884129881859 18.90119642019272 0.6452131122350693 7.085742175579071 4.451750546693802 75.5277409106493 1.532740153372288 0 0
1.631758809089661 104.8617016151547 5.54949788749218 2.897184737026691 87.56673144549131 128.8091365545988 4.367787931114435 170.7333127260208 7.726228773593903 23.70538522303104 6550.50888492167 23.12431135773659 2734.320509813726 120.8600813224912 6.98278584331274 11.02453166991472 686.8928266242146 2939.329497270286 1197.725498653948 9.56216923892498 19.60910346359015 27.41121637076139 59.51521806418896 9.071358814835548 1279.900314763188 3736.334649629891 1000.721314422786 5.963841773569584 204.7241873890162 4.333471275866032 568.4767613187432 150.1837753802538 3.296675510704517 5705.395833104849 5.100825577974319 908.805083796382 6128.504345722497 6411.353829398751 1057.859657891095 162.1072897687554 231.2081913724542 1512.133189499378 5.573765359818935 0 12.38845648616552 0.871916227042675 0.1026026830077171 0 0 1.793124414980412 0 0.5216600075364113 0.1953248977661133 163.3179951608181 0 599.1499401405454 0.1022237688302994 0 1.731423616409302 0.1064716577529907 8.261619940400124 2.693102300167084 0.07291760295629501 1.071200862526894 0.9958083778619766 0.4957892075181007 2.597713127732277 60.99833635985851 68.63855632394552 167.921260163188 7.312893830239773 0.07713087648153305 0.1596159040927887 48.68261903524399 0 0 0.6826597526669502 7.503619320690632 40.70347937196493 542.9866763055325 23.83522711694241 6.515926733613014 2.900013357400894 0.3274244368076324 137.5952753275633 0
2.860797390341759 0.07469126582145691 0.95083998888731 2088.967031240463 149.0539837479591 3398.273572444916 5.42914417386055 1390.16407456249 779.5655555054545 1718.17133153975 23.12431135773659 7082.780766934156 6.263055056333542 607.2343198657036 689.9411064311862 0.399708479642868 1.509187169373035 8.558333732187748 4.508063800632954 6097.328009404242 0.7345379367470741 1.225575417280197 1.624424196779728 669.5958962738514 0 3.992935486137867 3.60965371131897 933.4389710873365 350.9120601639152 0.9446222707629204 0 17.80651127547026 0.9305583164095879 283.503484107554 12.22493764013052 192.4593524038792 4.606227770447731 211.0378235131502 31.06573850661516 1040.852835483849 17.17238610237837 0 1.594451859593391 0 0 0 199.8642470762134 1.117158710956573 22.9734105989337 78.82445979863405 3.108168214559555 30.7319043725729 233.9807022213936 0 515.8099029511213 0 1.633853577077389 45.71679254621267 1.960966765880585 0 0.07623500376939774 0.3051198422908783 102.1686716303229 0 0 0.297760933637619 64.90860389173031 0 0 0.2534462586045265 208.3519247546792 4.545647442340851 1.494651459157467 0.1413172483444214 0 0.2444145679473877 3.388289473950863 0.2330045998096466 19.48406325280666 0.3536871671676636 1.071743100881577 0.5415842086076736 236.6644902452826 0 0 0
1.544126272201538 688.108123280108 4.830123737454414 5.635899662971497 11.37503998726606 28.96342143416405 1.257661499083042 33.88113974779844 20.40607322007418 5.053502522408962 2734.320509813726 6.263055056333542 5223.484627082944 12.86745532602072 0.2688365802168846 5.381660789251328 12.26010929048061 157.9033425673842 39.26510597020388 0.6959054172039032 7.173255689442158 125.7094936072826 31.25113706290722 18.15635396540165 5961.50250685215 740.3574373945594 4599.816377408803 9.281378656625748 25.42608954757452 3.102903708815575 1465.672077894211 23.79226525127888 1.712060034275055 448.7212119400501 91.06227111816406 2235.169835276902 5280.492840535939 4225.82670905441 411.2428348511457 241.4943538606167 53.43248929828405 1786.108345977962 26.41822189092636 0 45.27965494990349 1.12555368989706 0.09147250652313232 0 0.3331195712089539 0.9587869197130203 0 0.1075147464871407 0.486019104719162 345.0334154143929 0 580.4158074110746 0.09487664699554443 0.4796070754528046 0.2723272144794464 0.2489912956953049 15.98595557361841 6.101842001080513 0 0.1009208559989929 0.1122767776250839 0.4653085023164749 0.4113089740276337 177.4341086745262 123.8052138239145 239.1915473788977 4.1366296261549 0.1829971522092819 0.1994638666510582 48.22159592062235 0 0 1.34334322810173 154.5418132990599 446.5609203949571 616.8742062672973 114.3086047023535 168.0063052326441 24.74230790138245 32.83176228404045 418.4715455546975 6.017384648323059
5685.856179513037 0.3365414962172508 748.9405257999897 170.7666064724326 126.9504986330867 705.1952558942139 6732.059533953667 5062.825981933624 189.224966570735 1892.618237879127 120.8600813224912 607.2343198657036 12.86745532602072 8479.076482508332 32.33997442573309 4.35664427280426 804.013041421771 33.62067537009716 109.5109352022409 328.5588842183352 411.4101873897016 11.40455255657434 987.3214927241206 515.0617552474141 0.7318212538957596 346.4615778364241 61.06609205156565 777.0030527710915 4188.360752888024 2949.409774728119 0.323552630841732 397.3876894786954 101.4945098161697 843.6285062022507 16.4910855665803 581.9786057509482 40.49097234755754 548.240302182734 96.73735795170069 687.040298499167 60.93705549091101 1.01763553917408 6.032357893884182 5.317805372178555 0.0976162776350975 1.863430500030518 11.32620769739151 0 3.256711468100548 132.6694412976503 7.65620693564415 68.79439464956522 22.18012776225805 1.087163537740707 7.911943286657333 0.446297213435173 8.082992374897003 1.579046994447708 9.399517312645912 0.42110725492239 0.3901433050632477 0 5.715720303356647 3.464310966432095 0.5962595865130424 0.8783490881323814 212.5947570577264 0.1145804524421692 0.9253152385354042 3.82796672731638 314.2788519673049 24.3112475797534 17.97194241732359 0 0.174589104950428 2.627411834895611 6.688058577477932 2.905130885541439 32.69411978125572 0.8456802666187286 13.51715216785669 6.683792322874069 28.4480719268322 2.192199021577835 0.3489478677511215 0.3843026012182236
0.5856059342622757 1.686521649360657 0 140.3705877959728 995.0610894858837 1189.928439944983 10.76037315279245 239.3033858761191 945.2435173988342 35.53409721702337 6.98278584331274 689.9411064311862 0.2688365802168846 32.33997442573309 336.1508227735758 0.1247247979044914 0.1412133872509003 1.367899268865585 1.037525527179241 77.23658438026905 0.2096125334501266 17.66393958777189 0.2825532928109169 426.2582912296057 0.4733761847019196 1.055093385279179 7.058603540062904 97.65194752067327 23.64120773226023 0.1014925315976143 0 178.195168890059 1.149048946797848 108.7308745458722 1.378969624638557 45.69636807590723 0.1070055589079857 21.27462692558765 4.752926141023636 1649.797824621201 235.6883966773748 0.2415764033794403 0.1502607017755508 0 0 0 14.63721138238907 1.55262890458107 4.880122065544128 6.365565106272697 0 3.347307652235031 44.3037541359663 0 87.42438058555126 0 0.1801144331693649 20.45925778150558 0.240221843123436 0 0 0 20.52225366234779 0.1481599509716034 0 0.1958468556404114 8.32948625087738 0 0.3325056657195091 0 28.91493209451437 0.1245798841118813 0 0 0 0 0.2669428288936615 0 2.903636455535889 0 0 0.325150340795517 128.2525341212749 0 0 0
0.3110677376389503 52.38888309895992 56.48704464733601 10.01636261492968 0 0.6020377576351166 50.61475103348494 4.905707098543644 298.1672865822911 7.694560497999191 11.02453166991472 0.399708479642868 5.381660789251328 4.35664427280426 0.1247247979044914 2105.07327645272 167.2487448528409 1.931703470647335 25.16539804637432 0.1256754249334335 5048.268693946302 2492.851339191198 3909.595075517893 1827.795783959329 4.958917230367661 43.40669339895248 2914.467882484198 1609.482542037964 9.384296886622906 150.1156799048185 0 0.1037243381142616 3.647334635257721 343.2403543591499 64.90915211290121 1636.742777362466 335.7603920698166 809.0696870721877 858.93668987602 29.89567989110947 3.627873815596104 1.117876619100571 8.324215061962605 24.47248690575361 1.336497262120247 10.07411802560091 0.8918682858347893 0 0.746818445622921 51.7396065890789 1.345099166035652 57.69598830491304 6.245634488761425 0.1040894314646721 0.2690393179655075 0 13.71717532724142 0.2426549643278122 2326.949755646288 3.492613360285759 0.580148383975029 0.8053721860051155 0.7122772336006165 782.0851674303412 885.2698817029595 1234.790017224848 357.0178269743919 0.24671820551157 7.035179033875465 353.0571097508073 336.2787975147367 79.84180410951376 263.5270797610283 0 0.2683244720101357 7.270867526531219 18.30537468194962 26.0029171705246 208.1318688318133 20.19918469339609 30.72077054530382 46.83965438604355 14.37986397743225 0.9147834777832031 0.8085864782333374 1.252514563500881
250.936165869236 24.00812830775976 3541.565759159625 3.543553426861763 0.8356783837080002 5.120679423213005 99.70147599279881 486.7056128010154 16.89306109398603 12.16256333887577 686.8928266242146 1.509187169373035 12.26010929048061 804.013041421771 0.1412133872509003 167.2487448528409 1851.23363789171 158.0047239735723 5187.31926792115 1.223869793117046 940.1292264387012 40.7987302467227 4236.299340300262 18.79139041900635 0.641320675611496 2283.668067447841 9721.260455660522 41.13685330748558 1097.714149869978 1039.590235225856 0.433806300163269 3.408682279288769 50.54250886291265 4262.905229754746 9.350241482257843 657.6393612995744 2306.91768617183 2318.73668577522 304.2818701639771 15.20221555233002 3.189674377441406 7.590156495571136 1.40872597694397 0.5278176367282867 19.91448459029198 146.3432479649782 0 0 0.1162286773324013 3.942428521811962 0.8715263605117798 2.444117486476898 0.4300572350621223 0.3102852255105972 0 0.2321985960006714 1.262806765735149 0 45.2051562294364 17.89543841034174 0.2010242789983749 5.762232713401318 0 33.64576824754477 21.07956650108099 38.42116378992796 14.7287774309516 0.247711606323719 167.5338673219085 324.2458980903029 13.87242282181978 2.876742340624332 7.708120457828045 0.2292879596352577 0.08413771539926529 0 2.787181317806244 3.49804276227951 20.87599610537291 2.702828519046307 8.382743626832962 4.749373883008957 0.9630111008882523 0.1227924376726151 0 0
0.9728254303336143 5.638387411832809 20.61082419008017 0.6739233136177063 19.38171869516373 28.55023165792227 2.314870752394199 38.45633409917355 2.888703748583794 9.606244798749685 2939.329497270286 8.558333732187748 157.9033425673842 33.62067537009716 1.367899268865585 1.931703470647335 158.0047239735723 704.4119614958763 880.9639876037836 1.588888354599476 2.616515032947063 4.019777998328209 11.43033574521542 4.628624893724918 83.77390766888857 3458.995107993484 863.0409552678466 3.790631651878357 43.51554457843304 1.31339355558157 58.83974138647318 27.17454309761524 0.9293426498770714 1014.979902759194 3.098850466310978 863.0127780213952 1974.865009382367 2139.590860024095 628.8116596117616 45.00942552089691 26.2488579377532 105.5093725472689 2.754105739295483 0.09121564030647278 5.510316036641598 0.6815247684717178 0.09400694817304611 0 0 0.5880404636263847 0.1138179004192352 0.7655794322490692 0 16.99617179483175 0 132.6311131045222 0.2214223593473434 0 0.2210282534360886 0.4101110398769379 17.62997221946716 7.018056370317936 0 0.2117645740509033 1.243415199220181 0 1.931486167013645 21.23548077046871 126.6844912916422 223.8612915351987 2.618171721696854 0.2488851249217987 0 41.7433752939105 0 0 0.7131389826536179 2.517332747578621 22.91258896887302 63.45069333910942 5.574873395264149 0.2776444405317307 0.4827007800340652 0.09958471357822418 0.5533034130930901 0.1138503700494766
21.94020789861679 5.652984209358692 288.6926074698567 1.526474379003048 8.927762866020203 18.57418788224459 24.47356829792261 96.78377507254481 4.189245939254761 9.533240340650082 1197.725498653948 4.508063800632954 39.26510597020388 109.5109352022409 1.037525527179241 25.16539804637432 5187.31926792115 880.9639876037836 4486.685054264963 2.270960547029972 34.68738968670368 9.173565670847893 235.2170797139406 7.24589578807354 2.034044176340103 3462.632437676191 1946.570398278534 8.383271627128124 86.89380892366171 22.25933965295553 2.303851053118706 18.77530108392239 3.620570287108421 2319.941724330187 5.079956814646721 1354.562092021108 1402.472775608301 3318.857994534075 687.7803313732147 40.09255891293287 9.805737487971783 14.24653341621161 3.682251684367657 0 6.899068929255009 8.265905313193798 0 0 0 0.9065187051892281 0 0.2962777316570282 0 1.667739234864712 0 9.769852377474308 0 0 8.274896554648876 5.489713676273823 5.11817828565836 2.786450915038586 0 2.225678138434887 1.816333271563053 6.661845229566097 1.520046092569828 3.704096280038357 98.18535360693932 110.8007187992334 1.033890105783939 0.1020322814583778 0.3445942178368568 4.137678891420364 0 0 0.1135969534516335 5.725353136658669 24.47489428520203 7.492944739758968 3.143947511911392 0.9762099087238312 0 0 0 0
9.690272770822048 0 3.431608483195305 3873.56646835804 3.863356687128544 323.2381646558642 60.56196694821119 355.6096024215221 664.9096796512604 3930.70212271437 9.56216923892498 6097.328009404242 0.6959054172039032 328.5588842183352 77.23658438026905 0.1256754249334335 1.223869793117046 1.588888354599476 2.270960547029972 695.96077170223 1.00244427472353 0.1482288390398026 4.119190968573093 485.8258450999856 0 2.067807555198669 0.1154466569423676 1709.960248567164 276.0457378104329 2.289950028061867 0 7.097067944705486 3.082341134548187 209.7361450791359 22.24123485386372 221.8584498763084 6.340734265744686 176.4673644676805 36.00884881615639 387.9322615116835 17.7585489526391 2.015957832336426 8.933586820960045 0.8727217465639114 0 0 108.565081551671 0.3909902349114418 11.06559941917658 109.5051393657923 3.631559513509274 27.88915514945984 177.0195332989097 0.5956682115793228 186.5514895692468 0 2.200025729835033 25.38393701612949 0.5884103178977966 0 0 0 84.63724924623966 0 0 0.3829077333211899 88.87353605031967 0 0 0.4708803445100784 281.9026816636324 7.001276075839996 5.433894634246826 0 0 0.2496664822101593 2.8361581787467 4.057619944214821 12.20423763245344 0 7.93392252177 0.8450669348239899 119.7370021492243 0.9734121859073639 0 0
133.5425340235233 1.925291806459427 305.7418630346656 14.43617668747902 0.5577562004327774 8.832398466765881 1046.362165018916 277.0727596469223 130.6453544795513 63.6633386015892 19.60910346359015 0.7345379367470741 7.173255689442158 411.4101873897016 0.2096125334501266 5048.268693946302 940.1292264387012 2.616515032947063 34.68738968670368 1.00244427472353 13849.34789541364 292.17273850739 11548.67590434104 466.1769696176052 0 43.46701963990927 882.5419303104281 5494.896525047719 617.3261780887842 9975.121151767671 0 1.329381104558706 61.09620463103056 4666.12224444747 273.8691091313958 4109.723034091294 547.1720063760877 3829.840903885663 2542.166235283017 82.47436520457268 20.27229732275009 3.391186356544495 17.09289255738258 30.88463880866766 0.2392433881759644 5.700037956237793 0.123328372836113 0 0 40.88034994900227 1.493737526237965 35.12893933802843 2.731949478387833 0.2815433964133263 0.8015877604484558 0 15.2832480892539 0.789932981133461 600.1723543927073 4.708828620612621 0.5002113729715347 0.6932093724608421 0.263860210776329 617.9240973442793 172.8141440227628 224.2097506523132 266.7140565142035 0.1370010524988174 1.736841067671776 25.09470348060131 300.7719951048493 84.72110641747713 272.6421535164118 0 0.4158874526619911 8.855330228805542 17.35884509980679 59.08900608122349 162.9802300259471 6.755941241979599 25.97677803784609 21.89701785892248 11.4390641823411 1.681220576167107 0.1908720880746841 0.9695488959550858
3.539265766739845 1466.680303320289 9.003167025744915 1.361722514033318 0.215039998292923 0.5138141512870789 6.839915797114372 6.957025088369846 2414.659452192485 0.3477554321289062 27.41121637076139 1.225575417280197 125.7094936072826 11.40455255657434 17.66393958777189 2492.851339191198 40.7987302467227 4.019777998328209 9.173565670847893 0.1482288390398026 292.17273850739 1660.232688441873 486.5412325561047 5224.984698690474 444.0960895270109 173.0273919552565 4145.025928393006 427.323417276144 35.49155653268099 122.0064941570163 13.2630522698164 0 8.185339473187923 65.60161868482828 12.08675342798233 367.4410161226988 86.89583775401115 111.676615871489 124.8714524433017 57.33604524284601 1.559689611196518 3.73762371391058 0.3001800775527954 1.632846742868423 16.19685335457325 21.07904497534037 0 0 2.034926474094391 15.23596584051847 1.837957248091698 18.16549602150917 2.951481088995934 0.4607358947396278 0 0.4944184795022011 0.8520800918340683 0 1009.871987998486 2.219104647636414 0.3383754417300224 1.009328030049801 0 142.8077589794993 262.7329395413399 717.3056185469031 73.43327371031046 2.325761623680592 29.55765378475189 1329.005379639566 49.32704292237759 6.632491208612919 24.43789792060852 0.5342971310019493 0 0.6262767985463142 3.709329575300217 7.767453566193581 75.42984163761139 9.642555765807629 18.46795631200075 36.30884899944067 5.275121785700321 0.6315850913524628 0.3050611317157745 0.238679014146328
303.5443639308214 2.475823380053043 7292.557504944503 91.46557415276766 0.1129069477319717 39.34956519305706 2676.707685023546 754.245539098978 78.36900867521763 269.2742889449 59.51521806418896 1.624424196779728 31.25113706290722 987.3214927241206 0.2825532928109169 3909.595075517893 4236.299340300262 11.43033574521542 235.2170797139406 4.119190968573093 11548.67590434104 486.5412325561047 15874.8464609459 467.2146709561348 0.1003573536872864 1077.963009811938 13336.13532501459 2050.92834059149 408.5868788510561 3966.750765301287 0.2665160819888115 1.505398087203503 24.22424905002117 4258.869272552431 187.4738766178489 5725.630929633975 5322.737172722816 6496.477499067783 5110.053197517991 147.160493530333 25.09448164701462 5.344808980822563 32.35917326807976 2.600665502250195 4.779701620340347 51.8589870929718 1.029153630137444 0 1.539633139967918 18.99094621092081 2.351398065686226 7.351227886974812 3.6420509070158 0 0.2370045036077499 0 2.488603673875332 0.3406030088663101 1079.806334383786 3.374416917562485 0.2226163446903229 0.2236512154340744 0.7319818139076233 231.0418644323945 416.1224098652601 1133.826621644199 57.23363700509071 0 6.124597363173962 1069.074915885925 72.20056516677141 15.1451401039958 59.81280837208033 0 0 2.799052841961384 6.106076307594776 58.09550173580647 135.0717988908291 17.93782117962837 27.57654567062855 62.37112395465374 9.305822461843491 0.5289855971932411 0.3495953977108002 1.36218686401844
99.83350612968206 221.7405543997884 37.58490286767483 3182.109177947044 17.62695991247892 34.3897352963686 1114.698821268976 533.1022886931896 4011.631962627172 450.6618592217565 9.071358814835548 669.5958962738514 18.15635396540165 515.0617552474141 426.2582912296057 1827.795783959329 18.79139041900635 4.628624893724918 7.24589578807354 485.8258450999856 466.1769696176052 5224.984698690474 467.2146709561348 8192.505418561399 50.88611245155334 53.69589144736528 2756.064228743315 6246.091795243323 1624.13511954248 275.0952018722892 2.459809213876724 8.199645049870014 436.0667329728603 769.7048424631357 152.2387611716986 1910.725076451898 80.29268784821033 592.2119192779064 468.7362465858459 689.4344308525324 21.97116702049971 1.833667181432247 22.79386729747057 32.62039813399315 3.951208248734474 5.964051872491837 137.6695892065763 1.509908057749271 34.99720606207848 744.7854911535978 39.92430427670479 859.469502300024 242.2713085860014 9.403300389647484 149.4600869938731 0.5007696449756622 52.20371643453836 39.7934160605073 169.9715394228697 1.840670451521873 0.6234714314341545 1.014787413179874 100.0374847128987 72.32975279539824 53.50799139589071 34.01387824863195 1975.254912100732 1.155428439378738 14.72429476678371 35.51991601288319 2226.192486554384 164.6894945502281 209.9828695952892 0.4632168188691139 6.051678158342838 13.815843321383 51.23671317100525 35.11660089343786 286.4177114143968 7.83873026818037 109.0037400126457 51.56959811598063 292.6726340502501 18.4070350676775 0.2484716475009918 3.115085124969482
0.08664323389530182 1464.990564502776 0.2499191910028458 0 0.09554482996463776 0 0.1731397211551666 0.6876588314771652 66.69171518832445 0 1279.900314763188 0 5961.50250685215 0.7318212538957596 0.4733761847019196 4.958917230367661 0.641320675611496 83.77390766888857 2.034044176340103 0 0 444.0960895270109 0.1003573536872864 50.88611245155334 541.7213718891144 1624.854208737612 5544.831887550652 1.262655824422836 0.8128013461828232 0.7304321452975273 714.2449587583542 0.3307364732027054 0.1672778651118279 60.80232514441013 6.384858131408691 56.46803557127714 165.6438613682985 341.5746819674969 10.88064247369766 1.804200656712055 0 427.4405425861478 2.125405214726925 0 63.20256094634533 0.3944386169314384 0 0 0.6384560465812683 0 1.023977719247341 0 0 141.9662489891052 0 226.5744241178036 0.3702367767691612 0 0.391004353761673 0.3402342051267624 16.56262417882681 10.74983967095613 0 0.1697861701250076 0.2941150665283203 0.2220259308815002 0.6606000810861588 120.8347660452127 239.684210896492 630.0993727445602 0.2053369283676147 0 0.8216133564710617 36.40748656541109 0 0 2.984514616429806 0.1511042714118958 9.643208384513855 364.2576531916857 44.04477601498365 8.393043845891953 0 0 143.8928379118443 0
62.33121428638697 235.5876984000206 4888.923774555326 12.21196077764034 6.817612126469612 20.32560370117426 203.5444289520383 324.8564594201744 59.24163066595793 39.20186644047499 3736.334649629891 3.992935486137867 740.3574373945594 346.4615778364241 1.055093385279179 43.40669339895248 2283.668067447841 3458.995107993484 3462.632437676191 2.067807555198669 43.46701963990927 173.0273919552565 1077.963009811938 53.69589144736528 1624.854208737612 27355.24132208526 13786.59500233829 59.73911209404469 112.4919834285975 48.68341064453125 363.0010442137718 11.61776971817017 2.112143620848656 964.8524059206247 16.40438878536224 2978.56406018883 7792.333394147456 3042.398512005806 843.1597751751542 67.84955275058746 16.04191850870848 212.3329424783587 9.125129535794258 0.9010011553764343 279.5037614330649 172.2136741802096 0 0 0.3381804302334785 3.289306044578552 0.5312516987323761 2.55388581007719 0.3414400070905685 143.4993030428886 0.1157997101545334 841.0830848962069 1.242428824305534 0.1967749297618866 7.846041910350323 71.68752535432577 209.3825569152832 196.0908786654472 0 4.145899184048176 15.01157171279192 7.924614459276199 8.011581264436245 447.5446630716324 3710.891820207238 4613.432086765766 2.759205095469952 0.2991877123713493 6.270657353103161 301.2246555387974 0.3759046345949173 0 13.78800202161074 9.661118552088737 95.93865821510553 464.6389744579792 77.82690583914518 12.35712791979313 1.521129868924618 0.110906720161438 10.72655469179153 0.3611258864402771
12.87119495868683 4873.141761988401 12427.90634878725 20.92950152605772 2.775451645255089 7.038774080574512 106.0108009949327 60.44360351189971 1253.585289932787 17.9622368067503 1000.721314422786 3.60965371131897 4599.816377408803 61.06609205156565 7.058603540062904 2914.467882484198 9721.260455660522 863.0409552678466 1946.570398278534 0.1154466569423676 882.5419303104281 4145.025928393006 13336.13532501459 2756.064228743315 5544.831887550652 13786.59500233829 29414.52283133566 1006.149076752365 46.23414270952344 35.95312584936619 1203.641330778599 5.082330659031868 3.199600353837013 3274.528298549354 75.88949525356293 5275.873762957752 4912.624484762549 6059.851049475372 1921.615214012563 194.5968252271414 11.96509651839733 62.7699332088232 27.75057921558619 4.067426718771458 1960.228868693113 2422.831616133451 0.1510542780160904 0 4.63339114934206 56.58705319464207 12.38598737120628 17.32686208188534 7.358812548220158 82.01622695475817 0.2365154176950455 343.3809745013714 16.00623653829098 1.029786437749863 577.5517160370946 233.5179807767272 153.2491532117128 261.1983211785555 0.3234071731567383 48.15203133225441 983.7644266784191 1730.430913731456 72.01777715235949 673.5204456821084 5308.043552741408 14462.0790451318 47.91659605503082 7.579111345112324 27.11215713620186 179.8105706498027 0.5947417318820953 0.3442364484071732 49.68378375470638 49.81177527457476 364.6087549552321 314.3104571402073 319.4986407160759 184.8939808383584 15.67613117396832 0.7586565986275673 8.393038675189018 0.6372597366571426
176.8282467871904 8.370392501354218 284.5293256044388 2458.229610815644 6.874717772006989 177.5805482715368 15941.02518311888 646.8741985745728 1497.072768680751 7972.254451781511 5.963841773569584 933.4389710873365 9.281378656625748 777.0030527710915 97.65194752067327 1609.482542037964 41.13685330748558 3.790631651878357 8.383271627128124 1709.960248567164 5494.896525047719 427.323417276144 2050.92834059149 6246.091795243323 1.262655824422836 59.73911209404469 1006.149076752365 19164.29568329453 1645.178528033197 9497.613874979317 0.08255754411220551 6.152964383363724 451.5210972391069 1286.672513388097 174.5193985626101 1728.576032288373 92.13707598298788 967.0264107137918 579.1421044841409 390.0921971127391 28.36921276152134 6.12076473236084 22.32258430123329 60.42064913362265 0.5563958063721657 3.629005767405033 226.3713238462806 1.00886757671833 48.40472445636988 1113.927849158645 67.24317120760679 386.9305585250258 401.4177355244756 13.74604948610067 187.8174554258585 0.4994233027100563 76.78603011369705 41.74274731427431 195.6570636034012 1.129732251167297 1.301868863403797 1.39737506210804 157.1713624000549 109.938872680068 32.199422493577 21.62735258042812 1823.107385285199 0 3.413555398583412 16.79380962252617 2874.026970110834 233.8402583450079 388.1357214674354 0.6673154160380363 13.92189645767212 19.40242277830839 81.49937744438648 39.82860351353884 457.9128117635846 7.90565450489521 161.6417208835483 91.22776858508587 441.0565369576216 26.27730391174555 1.406717851758003 9.818511813879013
