761.9413436204195 0 21.93300487846136 7.625950314104557 0.2177817821502686 18.5368890017271 1699.284588880837 499.7494943663478 4.446012057363987 91.85951679199934 8.347512498497963 2.288391351699829 0.7970892041921616 5322.492678254843 0.1434945613145828 1.80775548517704 149.640989780426 22.8898107893765 96.83664148673415 2.63274272531271 49.30592270195484 0.1044806391000748 60.05450351536274 54.07682422548532 0 30.74437317997217 12.35093235224485 127.3388632461429 2510.265147767961 2462.485850907862 0.0947735607624054 6.473432585597038 59.10363090783358 243.1893267780542 0.3930264413356781 72.7906890809536 10.09354180842638 66.91090989857912 30.44479439407587 1.169485092163086 0.1549968272447586 0.2295268774032593 0.1515945643186569 0.1021334603428841 0.2492814883589745 0 0.5073632523417473 0 0.1729733496904373 3.051447652280331 0.2286810576915741 0.6193571537733078 0.5597367063164711 0 0.1481300443410873 0.09935832768678665 0.3763668909668922 0 0.8205143436789513 0 0.210090696811676 0 0.4132212698459625 1.36129292845726 0 0.3074472844600677 7.75284506380558 0 0.4062114730477333 1.294351495802402 9.534367360174656 0.5775298178195953 1.434439241886139 0 0.2380935251712799 0.2363268733024597 1.163803964853287 0 3.699855290353298 0.2092589884996414 0.3421556726098061 0.4057663232088089 1.65197417140007 0 0 0.4030607938766479
0 146.1848417520523 16.9545408859849 0.5944232419133186 0 0.7425321340560913 11.05719309300184 0.4128537103533745 368.8607126027346 1.082964703440666 115.7339556068182 0.7009778395295143 890.0857000797987 0.647607795894146 3.764341041445732 46.70360051095486 35.84551568329334 41.15838767588139 37.95812127739191 0.2768906727433205 8.905707083642483 2025.594610534608 10.16975025087595 862.5235062912107 1186.813440933824 332.2505192682147 5475.589902095497 72.69382079690695 1.005283333361149 0.7397011518478394 83.7437584400177 0.1362838894128799 0.07941843569278717 10.88317456096411 0.1297429949045181 22.8501148968935 94.68919812887907 67.66626013815403 11.0329946577549 2.883092656731606 0.3282284736633301 46.90336987376213 0 0 111.5777297616005 9.856601372361183 0.4261815547943115 0 0 1.219059683382511 0 1.501563645899296 0.3050337806344032 5.36119219660759 0 17.33622939139605 0 0 4.175493568181992 8.109637767076492 3.846155732870102 12.36195730417967 0.1635829955339432 0.2392843142151833 28.4898428991437 4.448510438203812 1.811521410942078 15.10881811380386 83.92698663473129 620.5993062704802 0.6848292350769043 0 0.09520118683576584 5.142357014119625 0 0 1.430578634142876 0.5901525020599365 9.784659489989281 10.31467372924089 10.59064268320799 6.663521654903889 0.5685063004493713 0 0 0.1926114410161972
21.93300487846136 16.9545408859849 3692.47684443742 0.9886590838432312 0.1552159339189529 43.6403745636344 1348.84291209653 105.8360337615013 3.599921315908432 67.34698885306716 16.058788664639 0.5425340160727501 6.165547102689743 107.4389138221741 0 2.096206799149513 2974.177090100944 56.53370460867882 480.2534440308809 0.1552860513329506 2373.610966935754 5.556225307285786 10241.47449164093 8.80663325637579 0.2438072487711906 7875.200039364398 6795.785709574819 492.1490136161447 35.80871865153313 951.7787945866585 2.232059061527252 1.681025288999081 5.374641060829163 414.9981978833675 48.82066432386637 1365.370390631258 1059.764119260013 1637.49823705852 1109.524833019823 57.67007990926504 4.075638398528099 7.528666645288467 8.836091987788677 0 115.3945898190141 243.7730238586664 0.1312519460916519 0 0.8286817222833633 7.177878469228745 0.4415114372968674 1.757804691791534 1.374117307364941 2.580765038728714 0.1372186243534088 1.379514634609222 1.032245375216007 0.1030131131410599 21.08273002505302 222.6523591950536 2.945283561944962 82.69399303942919 0 5.450818724930286 38.51076021790504 75.75700344890356 14.32900943607092 0.8709251433610916 443.8554882332683 2202.384212322533 13.64104497432709 2.117174528539181 5.464195005595684 0.9922453165054321 0 0 12.05423464626074 6.554420232772827 127.8592987135053 88.89996276050806 93.55940179526806 74.32046216726303 7.656632706522942 0 0.2696630954742432 0.8361770510673523
7.625950314104557 0.5944232419133186 0.9886590838432312 3566.252268053591 0.9775103032588959 103.1259567067027 388.6007257029414 39.91397682577372 787.8757172450423 4210.419473938644 4.206072106957436 4870.366451360285 1.667863950133324 51.02433817088604 93.24249953776598 1.200004138052464 1.722349300980568 0.9603064432740211 1.228954937309027 3870.08145545423 2.775898084044456 2.412362068891525 0.6752193421125412 1952.748380258679 0 1.264002859592438 6.886593088507652 3587.368223384023 121.764608182013 4.348689146339893 0 6.263931877911091 23.55711600184441 64.45040572434664 2.69358329474926 421.6341152116656 10.73499077558517 94.98717446625233 41.27846267074347 455.0447455644608 9.457687333226204 2.406434424221516 2.275024875998497 1.75424063205719 0.2610298991203308 0.1594616323709488 301.5085503458977 1.515429332852364 18.18108733743429 188.8225008025765 4.855738937854767 31.32465647161007 148.5151982977986 2.742758676409721 69.27576274424791 0 10.72575967013836 40.67448902875185 3.014784343540668 0 0.1940381973981857 0 119.549440421164 1.881598718464375 0.1192603036761284 0.381937175989151 274.099819175899 0.128875657916069 2.246005035936832 3.402187824249268 203.8823647126555 8.130366735160351 9.621928237378597 0 2.203047968447208 1.303866386413574 9.333206541836262 1.384787783026695 80.61199196428061 0.3159600496292114 20.23753579705954 2.476635426282883 162.7793885245919 3.371966637670994 0 0.13308085501194
0.2177817821502686 0 0.1552159339189529 0.9775103032588959 13.25745096802711 486.6596606820822 1.609460785984993 66.87995095551014 10.32783478498459 8.03354324400425 61.80985194444656 16.28061182796955 19.72744971513748 1.396945156157017 1490.949959777296 0 0.6362620666623116 6.156044319272041 5.799731977283955 1.765317164361477 0.1577808111906052 0 0.5253638476133347 4.513750538229942 0 1.462212979793549 1.682710260152817 1.119450226426125 19.28839768469334 0.1247528642416 0.2751167863607407 27.18197083473206 0 606.8932731449604 0 32.6174982637167 4.903816148638725 169.1254537776113 18.18526093661785 2336.0503673926 228.9369750767946 7.509616285562515 4.307609111070633 0 0 0 0 0 0 0 0 0 0 0.2245665788650513 0 0 0.4865599572658539 0 0.1415345668792725 0 0 0 0 0 0 0 0.1039508879184723 0 0 0 0.7558530271053314 0 0 0 0 0 0 0.4067545831203461 0.3372239619493484 0 0 0 0.3425532281398773 0 0 0
18.5368890017271 0.7425321340560913 43.6403745636344 103.1259567067027 486.6596606820822 11528.01073084027 1017.515690989792 4606.83053329587 44.64592330902815 9276.097594879568 80.80050850659609 3159.002867497504 32.53906735777855 413.2987507209182 1262.535379134119 0.1501543968915939 110.3608655780554 25.2366390787065 75.95313464477658 154.7448070719838 15.18906251341105 1.018949247896671 21.82573092728853 85.82587016373873 0.2519704848527908 51.55454476177692 19.26035349816084 345.4676547572017 497.6194551885128 132.643872000277 0.8466918244957924 1248.044570252299 34.34606622904539 315.918802164495 1.206949718296528 346.6882985159755 23.032211124897 416.3075462058187 87.09493334591389 1626.308295115829 305.475633226335 14.05629452317953 7.922027230262756 0.2848240360617638 0.2662613689899445 0.1493566185235977 12.45026136934757 0.3814753890037537 1.64190549403429 14.93732076883316 0 3.449405133724213 6.614481896162033 0 1.897238947451115 0 1.941329263150692 1.709454268217087 0.7717732414603233 0.09506740421056747 0.1588543802499771 0.1846773624420166 5.844388216733932 0.5793552100658417 0.5310901999473572 0.4344025701284409 16.72557335346937 0 1.509001351892948 2.843272566795349 19.81078141182661 1.114050470292568 0.929267130792141 0 0 0 0.3715972229838371 0 16.02924808859825 0.141302615404129 3.752403028309345 0.9609783291816711 11.83345332741737 0.6480921134352684 0 0
1699.284588880837 11.05719309300184 1348.84291209653 388.6007257029414 1.609460785984993 1017.515690989792 19509.31219426543 4013.708480238914 397.562061958015 4564.03935547173 54.41606062650681 10.24155627191067 12.43459110707045 6745.810477368534 15.30407735705376 91.64733369648457 578.3137014061213 47.58563463389874 221.4201404005289 22.38568601757288 1490.863034851849 38.06782612204552 566.4980612546206 1510.632009327412 0.6187876984477043 507.996833525598 763.8039338812232 17663.58648733795 2118.488815717399 4283.592491216958 0.7929999530315399 26.33505994081497 379.6328226700425 814.5921398848295 28.92499484866858 2438.073193117976 190.2179347351193 1286.370784014463 800.3937192559242 148.6797813400626 87.10916809737682 7.882557325065136 27.60830162465572 15.39686430990696 11.8082886710763 11.90158838778734 114.4787526875734 0.6552411913871765 12.91530539095402 585.3934464156628 17.25418102741241 108.1047708168626 79.17097702622414 10.59717281162739 11.35551572591066 0.2455250471830368 64.81610798835754 6.406587921082973 59.31084255874157 11.77989084273577 2.109904371201992 6.616151005029678 40.96429146826267 25.17851488292217 15.91203546524048 33.93511708080769 706.514430731535 0.27981948107481 20.43276554346085 125.4320744425058 716.6002439260483 80.64753571152687 57.4884911775589 0.1025447323918343 2.638529874384403 7.433458395302296 43.26209752261639 8.955559685826302 248.7706037536263 7.334643363952637 140.0573476627469 19.62985181063414 133.6937845274806 19.5111958310008 0.3977548405528069 2.900894649326801
499.7494943663478 0.4128537103533745 105.8360337615013 39.91397682577372 66.87995095551014 4606.83053329587 4013.708480238914 13502.90638163686 11.05092149972916 4114.324100203812 272.7599576897919 447.8000614568591 95.33935715258121 5613.527339726686 82.16447012126446 0.2212376818060875 455.3521709740162 93.42365666106343 317.8103796690702 128.247736364603 64.05421477556229 0.4440616369247437 134.1892609149218 92.62601400911808 2.102663278579712 162.8656136579812 57.42939395830035 213.474099047482 1779.501180656254 1300.464350290596 2.968058228492737 1310.604954302311 34.8588826879859 896.0668881721795 1.341183841228485 354.6347210258245 49.78984389454126 795.1971674114466 194.0350202098489 567.3177907764912 280.485608458519 33.33219909667969 12.23843656480312 0.2489682734012604 0.3296038061380386 0.1040111854672432 4.154009692370892 0 0.9755797833204269 20.16844589263201 0.9471365809440613 2.265806250274181 2.476592719554901 0.1034072116017342 1.734347999095917 0.4075995236635208 3.137541472911835 0.3160146400332451 2.286886170506477 0.7543483152985573 0 0.09889771789312363 0.7238354682922363 1.268506288528442 0.1115977987647057 0.4514815509319305 24.86712698638439 0.230416864156723 2.087264366447926 7.716387949883938 28.35863252729177 2.6664704605937 3.053714372217655 0.1662333756685257 0 0.2611557766795158 1.929524913430214 0.9128420352935791 14.93578161299229 0.6424942836165428 4.948223300278187 0.7531339675188065 4.386009454727173 0.3878985196352005 0.1588390320539474 0.120489239692688
4.446012057363987 368.8607126027346 3.599921315908432 787.8757172450423 10.32783478498459 44.64592330902815 397.562061958015 11.05092149972916 1694.323445275426 587.710200920701 3.363132208585739 556.8762108534575 10.92732756584883 18.0680316016078 487.6259691864252 34.74997973442078 3.508453451097012 1.825127482414246 2.357686057686806 578.2486341297626 39.56889063864946 1675.123516663909 6.260454468429089 12471.7772103548 28.49792774766684 9.249674379825592 781.1096964403987 2069.762849733233 51.93230047076941 53.60704386979342 0.7944044694304466 1.656390115618706 18.79307586699724 37.28033123165369 0.315719336271286 236.6731957346201 21.70461226254702 47.26354245841503 22.75437872856855 502.5356824100018 2.140147976577282 0.4894683063030243 0.4987199530005455 22.878672555089 1.313769400119781 0.7505824640393257 426.6627855971456 1.348772682249546 18.25758194923401 462.7148912250996 24.78822334110737 99.1906153857708 176.3251218795776 6.016336657106876 61.85704999417067 0.670699268579483 60.70749581605196 44.64161792397499 143.0433277860284 1.504227630794048 1.851558290421963 1.695747300982475 125.699596747756 76.74832037091255 22.76058604568243 7.276730798184872 1863.888102948666 0 4.224048599600792 10.2719686999917 886.5036237686872 91.229113034904 85.9282014593482 0.2774917334318161 2.542173132300377 11.9008015319705 31.38793074339628 3.740467324852943 125.4009144604206 8.51111463457346 87.721415117383 16.2391219586134 151.201065659523 8.336082227528095 0 2.761872991919518
91.85951679199934 1.082964703440666 67.34698885306716 4210.419473938644 8.03354324400425 9276.097594879568 4564.03935547173 4114.324100203812 587.710200920701 48714.36226776242 125.3545933961868 4575.657725408673 32.21503663063049 2247.204809516668 120.6626649051905 8.555359654128551 45.57987895607948 28.84519100189209 50.35785476118326 6565.472992114723 43.55939737707376 3.581167168915272 23.09082146733999 1299.397150367498 1.128798112273216 46.39215499535203 44.53620211780071 9191.608978383243 1798.9620712623 52.76588247716427 1.739097312092781 117.9793309047818 153.0832349509001 980.1097042560577 10.98954386264086 2259.967079766095 83.05316162854433 1416.960419133306 434.0779957398772 557.9221715629101 135.113012291491 22.14510973542929 27.98661375045776 3.388540640473366 0.1257784962654114 0.6587655320763588 314.2266387417912 3.999339193105698 10.56992495059967 293.1104014739394 3.498967871069908 32.06123238801956 146.3535589426756 7.710347473621368 101.3355800360441 0.1727363765239716 12.5170559361577 54.90953236073256 5.690344251692295 0.7409050241112709 0.7564341798424721 0.3065382689237595 104.1208740472794 5.030526772141457 1.226055704057217 2.131597310304642 320.1220343112946 0 2.699365466833115 6.678606905043125 282.1073796898127 16.93648869544268 13.24509647488594 0 0.9551916271448135 1.141788139939308 10.72266840934753 2.513545915484428 131.0482558980584 1.471474714577198 30.41133060306311 3.112021304666996 199.6585415899754 5.682918734848499 3.107153475284576 0.3817454278469086
8.347512498497963 115.7339556068182 16.058788664639 4.206072106957436 61.80985194444656 80.80050850659609 54.41606062650681 272.7599576897919 3.363132208585739 125.3545933961868 13633.13829473406 49.76637827605009 2042.068846225739 129.5434339605272 0.3215673044323921 0.6226709187030792 218.4379054009914 6055.480952300131 1644.039054103196 22.19299282133579 34.87323430925608 12.03808129578829 50.30837027728558 13.44569797813892 840.6116359755397 2155.099469766021 1847.398440174758 17.47708671540022 642.430473767221 38.76286568492651 751.7393441572785 362.1603973433375 8.015660293400288 4416.850803986192 8.055136941373348 513.3942347615957 5648.320511505008 5534.039670594037 835.5020504966378 108.1386738568544 74.93321714550257 1439.851739786565 7.026214830577374 0 36.47947021573782 0.3046996891498566 0 0 0 4.578332051634789 0.3016411438584328 0.5861812084913254 0.3505887091159821 296.4567950591445 0.1782788783311844 1110.368426181376 0.7080692574381828 0 0.3848498687148094 0.6484656631946564 27.91700176149607 2.955472320318222 0.1277127861976624 0.3255540132522583 1.162288010120392 0 5.866775907576084 464.0910896733403 285.3996141925454 401.4383410289884 7.767933569848537 0.9669665098190308 0.5771510154008865 216.8039123639464 0.2993873879313469 0 2.291453465819359 0.1891178339719772 30.06722272932529 373.1434024497867 19.63014005869627 1.249477244913578 1.488169588148594 0.5246273279190063 159.7701430097222 0
2.288391351699829 0.7009778395295143 0.5425340160727501 4870.366451360285 16.28061182796955 3159.002867497504 10.24155627191067 447.8000614568591 556.8762108534575 4575.657725408673 49.76637827605009 6635.461586594582 10.83861946314573 260.8316919207573 1307.314001083374 0.3529003411531448 3.035276852548122 8.932842202484608 11.75237985700369 2870.516946688294 0.2960414364933968 0.3529963344335556 1.928846657276154 321.2022446542978 0.2141824066638947 3.77987901866436 2.729828618466854 509.4167318120599 336.1302389279008 3.988015562295914 0.7027406245470047 109.2614057436585 1.522677272558212 203.2480728551745 0.7828803211450577 695.7279176414013 10.07781331241131 312.6444557309151 34.34904266893864 2100.290267311037 18.79334186017513 3.187554150819778 4.80263414978981 0 0.1024441197514534 0 44.58707866072655 0.1653678715229034 0.1515787839889526 16.72534017264843 0.6608229726552963 1.924881845712662 17.30776087939739 0.3975043892860413 22.99446062743664 0 1.487428084015846 18.89163133502007 0 0 0 0 15.66768231242895 0 0 0 35.65738301724195 0 0.09345556795597076 0.09813761711120605 20.20552947372198 1.139719560742378 0 0 0 0.2275914996862411 0.9343017935752869 0 29.40331614017487 2.727802276611328 2.719649977982044 0.1142417639493942 75.05572527647018 0 0.0996430441737175 0.1344817727804184
0.7970892041921616 890.0857000797987 6.165547102689743 1.667863950133324 19.72744971513748 32.53906735777855 12.43459110707045 95.33935715258121 10.92732756584883 32.21503663063049 2042.068846225739 10.83861946314573 4261.409499205649 16.60125593096018 0.4295920729637146 6.942014694213867 18.27350572496653 125.3692748099566 42.90644609183073 3.857523716986179 9.356987737119198 66.05345270037651 8.730644978582859 35.83702834695578 6690.865686751902 219.506003305316 4762.883429832757 35.17861741781235 86.36372148245573 7.428572610020638 1365.585326604545 89.07996892929077 0.3100878149271011 661.6421293467283 43.10655526816845 971.3725473806262 5708.635104246438 4532.38721434027 506.5613563358784 186.3383766189218 179.8332199975848 1749.080827966332 22.62610088288784 0 265.4054840430617 1.787703931331635 0 0 1.076749168336391 2.210709825158119 0.5220736041665077 1.217520505189896 1.858229465782642 642.7397746294737 2.387959778308868 2476.568307213485 1.127521649003029 0 0 1.110178083181381 75.93658566474915 10.63620693236589 0 2.067342400550842 2.714503183960915 1.024343773722649 2.672743313014507 1932.3994782269 676.5908183157444 976.9955203458667 5.13898578286171 0.5615852922201157 0.7787299156188965 450.3109722211957 1.868921756744385 0.1032795310020447 6.606642872095108 16.65048541128635 435.8914639502764 767.9966317936778 69.58137864619493 13.88134355098009 16.10528864711523 4.739027291536331 589.7145444154739 0.8859484195709229
5322.492678254843 0.647607795894146 107.4389138221741 51.02433817088604 1.396945156157017 413.2987507209182 6745.810477368534 5613.527339726686 18.0680316016078 2247.204809516668 129.5434339605272 260.8316919207573 16.60125593096018 7926.947402901947 2.302392274141312 1.280159562826157 494.7106953188777 86.21475486457348 341.5589758008718 132.6609637737274 87.81809711456299 0.4425165802240372 148.996977865696 125.7882947698236 0.07516347616910934 139.4052265137434 53.93730641156435 340.9785294756293 6670.138931050897 2862.583568692207 1.358912400901318 161.8201868534088 67.74874634295702 727.6016459539533 2.736831553280354 265.785794429481 35.28659396618605 421.7724101766944 125.4637141302228 104.4978229552507 32.20646969974041 7.69594669342041 2.503245435655117 1.995648741722107 0.7642493844032288 0.2715425491333008 4.135469891130924 0 0.783751517534256 24.37792957574129 1.955148443579674 3.842642240226269 3.142601437866688 0.3587934672832489 2.66127685457468 0 2.32826429605484 0 3.685887105762959 0.2430280074477196 0.1697618365287781 0.3692330196499825 1.538778051733971 1.651403993368149 0.7417511492967606 1.66950586438179 33.2209839001298 0 2.666550114750862 8.058161273598671 36.54124420136213 2.999512299895287 4.690915673971176 0.1262708157300949 0 0.280683159828186 2.134354718029499 0.3505528643727303 13.38851650059223 0.3842486888170242 6.318786770105362 2.682025752961636 5.484830528497696 0.4748654812574387 0 0
0.1434945613145828 3.764341041445732 0 93.24249953776598 1490.949959777296 1262.535379134119 15.30407735705376 82.16447012126446 487.6259691864252 120.6626649051905 0.3215673044323921 1307.314001083374 0.4295920729637146 2.302392274141312 172.1413957029581 0.162188857793808 0.1018286049365997 0.1570913717150688 0.2241134271025658 156.8486538678408 0 12.79303827881813 0.08770664781332016 995.0763859525323 0 0.2610686868429184 11.01323071867228 86.53692156821489 9.553846530616283 0.5774797946214676 0 324.786990404129 1.06691525131464 4.185671113431454 0 383.607626542449 0.7450850754976273 3.27287932485342 0.5447327345609665 1035.630237981677 19.20237293839455 0 0.2377270609140396 0 0 0 10.45554437488317 0 0.9329745471477509 3.651648841798306 0 0.9371138215065002 5.544646985828876 0 10.61968043446541 0 0 7.609229147434235 0.2563679814338684 0 0 0 6.895241878926754 0.1654373854398727 0 0 9.461833901703358 0 0 0.5400563776493073 3.875260502099991 0 0 0 0 0 0 0 6.29401221126318 0 0 0 37.44603028893471 0 0 0
1.80775548517704 46.70360051095486 2.096206799149513 1.200004138052464 0 0.1501543968915939 91.64733369648457 0.2212376818060875 34.74997973442078 8.555359654128551 0.6226709187030792 0.3529003411531448 6.942014694213867 1.280159562826157 0.162188857793808 1159.381945550442 6.584297709167004 0 1.906264901161194 0 2174.978077150881 2059.660424366593 6255.33579505235 1732.229051195085 0.2756975442171097 4.913624100387096 4066.383006952703 2544.295119859278 12.85199620574713 18.8838514238596 0.1252574920654297 0.09416090697050095 6.201261147856712 25.31231317669153 13.67029087245464 1010.760855920613 619.1754262670875 117.464835062623 281.6489190682769 27.06629633903503 3.492464073002338 4.18227231502533 6.99033810198307 3.585655242204666 2.705192998051643 16.70441441237926 2.110142067074776 0 0.6256316229701042 13.48099029064178 2.497494153678417 9.452926650643349 1.691612653434277 1.367874473333359 0 0 7.106860384345055 1.215275645256042 2266.603578723967 2.963527671992779 0.9950103163719177 1.237614654004574 0.2483270764350891 299.6845929026604 744.9724981933832 1541.830167084932 75.24737629294395 0 4.484851852059364 249.5058054178953 117.6481037437916 14.6127602905035 35.09937926381826 0 0 2.54232282936573 3.668466880917549 1.268742978572845 153.7139107510448 11.88282365351915 8.287925742566586 17.50160648673773 7.162055969238281 0.8618384227156639 1.733343005180359 0.2704237103462219
149.640989780426 35.84551568329334 2974.177090100944 1.722349300980568 0.6362620666623116 110.3608655780554 578.3137014061213 455.3521709740162 3.508453451097012 45.57987895607948 218.4379054009914 3.035276852548122 18.27350572496653 494.7106953188777 0.1018286049365997 6.584297709167004 781.0119337514043 350.3485963046551 3389.947076231241 0.9841881915926933 1820.351110346615 15.81501334905624 3622.583574585617 18.1371109187603 1.597474582493305 3188.189623158425 6264.263346284628 125.0016528107226 518.9233552180231 2025.444654777646 2.27473683655262 5.236688651144505 34.75813614577055 2283.23881071806 6.052177578210831 338.0934863686562 1129.294689908624 3146.902419775724 588.784833624959 9.911208443343639 2.37923464179039 8.495479837059975 1.727564170956612 0.1851102709770203 30.35946820676327 21.77968627214432 0 0 0.488807700574398 0.8766523227095604 0.4678525030612946 0.8715969547629356 0.3778584226965904 1.588357105851173 0 4.33142314851284 0.9125922843813896 0.1598426103591919 4.90697468817234 60.83640624582767 10.6639085188508 85.73780138790607 0.249588280916214 1.945812895894051 6.150357753038406 6.169186733663082 2.068822540342808 2.197586163878441 393.4817357584834 783.8248506784439 1.854703150689602 0.1609486043453217 1.246013067662716 3.343510985374451 0 0.1186244264245033 6.385916270315647 1.193367496132851 45.28047590702772 56.53292167186737 31.21636724472046 16.95491832494736 0.9671346098184586 0 0.2623213827610016 0.5587257668375969
22.8898107893765 41.15838767588139 56.53370460867882 0.9603064432740211 6.156044319272041 25.2366390787065 47.58563463389874 93.42365666106343 1.825127482414246 28.84519100189209 6055.480952300131 8.932842202484608 125.3692748099566 86.21475486457348 0.1570913717150688 0 350.3485963046551 926.5705682858825 1507.452845606953 3.321518987417221 48.37337792664766 7.115701146423817 70.13162675499916 4.730293236672878 169.6871080026031 3562.733616508543 795.2061127051711 10.1876415759325 154.5252359099686 133.8084187358618 280.7870197370648 26.8821430131793 7.967011593282223 1033.051136069 11.06903780251741 709.9842116907239 1463.762044094503 2167.41152427718 622.8516358695924 28.6998745650053 4.37403778731823 51.04848823696375 3.535649672150612 0 18.06554571539164 0.3682747110724449 0 0 0.1064863279461861 1.207922607660294 0 0.3671576976776123 0 47.510746486485 0.09457565099000931 163.8696594163775 0 0 0.140840619802475 0.6857036277651787 24.51515670120716 3.583600349724293 0 0 1.042277969419956 0.2162891924381256 0.8619137927889824 75.10994706302881 205.3440400138497 248.8890846967697 0.5848285555839539 0.1644143611192703 0.3022017329931259 73.88493931293488 0 0 1.087165504693985 0.509393610060215 21.74069555103779 72.84959007054567 4.525512211024761 1.31177781522274 0.5650872439146042 0 1.360787317156792 0
96.83664148673415 37.95812127739191 480.2534440308809 1.228954937309027 5.799731977283955 75.95313464477658 221.4201404005289 317.8103796690702 2.357686057686806 50.35785476118326 1644.039054103196 11.75237985700369 42.90644609183073 341.5589758008718 0.2241134271025658 1.906264901161194 3389.947076231241 1507.452845606953 3353.202525693923 4.598302111029625 294.7537183500826 9.041502520442009 1010.474018760026 6.733567669987679 33.37384416162968 5459.158136814833 3114.000532947481 35.97109372168779 421.9242741987109 849.740208491683 32.7429736033082 30.23958275094628 33.77332031726837 3225.150766856968 8.932183235883713 742.9636098705232 679.3891687095165 3002.662444762886 656.0594538748264 26.44130718708038 2.433814115822315 6.322442777454853 4.405501075088978 0.1626016646623611 45.67852950841188 2.627931736409664 0.07821742445230484 0 0 0.8813453018665314 0 0.7727567404508591 0 5.763986304402351 0.07552072405815125 17.92205508053303 0.4491949304938316 0 0.8631545752286911 7.003822065889835 15.48469177633524 45.5996765717864 0.2127135246992111 0.3590588197112083 2.68997248262167 2.154511012136936 1.799271143972874 8.789080657064915 352.535209223628 450.4314329996705 2.286101125180721 0.08489581197500229 0 14.91250003129244 0.1543591618537903 0 1.542684838175774 2.421862594783306 15.81064640730619 63.00922787189484 9.858275875449181 3.689171962440014 0.1559257060289383 0 0.2583395019173622 0
2.63274272531271 0.2768906727433205 0.1552860513329506 3870.08145545423 1.765317164361477 154.7448070719838 22.38568601757288 128.247736364603 578.2486341297626 6565.472992114723 22.19299282133579 2870.516946688294 3.857523716986179 132.6609637737274 156.8486538678408 0 0.9841881915926933 3.321518987417221 4.598302111029625 630.5476780384779 0.9497357830405235 0 0.2094790264964104 595.3078754767776 0.1152632907032967 2.196477882564068 1.657739132642746 1227.894796520472 199.8918128311634 2.207565426826477 0.3462352380156517 23.09783405810595 4.322493843734264 111.1351938992739 0.8131837695837021 408.9381527677178 9.260685317218304 186.192147873342 37.65704932063818 664.3832092583179 15.82004355639219 3.52324316650629 4.266045346856117 0.8477273657917976 0 0 152.8622686266899 1.608016848564148 6.218502014875412 82.03560030460358 0.1269783079624176 14.24406784772873 60.09251276403666 3.229782849550247 45.54200062155724 0 3.639311663806438 33.72784999758005 0 0 0.158870130777359 0.3364487886428833 54.59476161748171 0.8428691625595093 0 0.1490711122751236 124.9547385647893 0 0 1.366881608963013 89.11487872898579 4.51902224868536 4.667749017477036 0 0 0.2172204256057739 2.895139306783676 0 48.10873731970787 0.2853684797883034 6.218274362385273 0.3758758753538132 130.5527151674032 0.4155660271644592 0 0
49.30592270195484 8.905707083642483 2373.610966935754 2.775898084044456 0.1577808111906052 15.18906251341105 1490.863034851849 64.05421477556229 39.56889063864946 43.55939737707376 34.87323430925608 0.2960414364933968 9.356987737119198 87.81809711456299 0 2174.978077150881 1820.351110346615 48.37337792664766 294.7537183500826 0.9497357830405235 10387.83277565241 151.874263830483 12231.86261534691 758.2898954004049 0.5254630818963051 414.5605068430305 599.9938183054328 6282.285118222237 353.4166450724006 7356.55572681874 0.3126452267169952 1.620076239109039 65.23040758818388 3218.978219740093 110.885641105473 6608.274002335966 1154.411772802472 4385.215324364603 3485.799260482192 86.43711987882853 12.79764247685671 14.34042435139418 46.35641894489527 8.463463537395 2.472525626420975 9.529894351959229 1.973289079964161 0 1.860919557511806 13.8628613948822 12.41669836640358 21.78775773942471 2.928054504096508 8.169618926942348 0.9244897961616516 0 23.39153549820185 2.441975116729736 776.478222116828 8.12369567155838 0.08867915719747543 6.624349653720856 1.625379323959351 411.7032142430544 121.975517347455 219.6272446364164 163.5264895483851 0.1134408488869667 17.14014807343483 91.95347955077887 270.3206366896629 38.23891540616751 76.28611981123686 0.2322209924459457 0.1602650284767151 3.116176061332226 7.109883926808834 14.62952923774719 107.9224493205547 4.708557277917862 16.05390185117722 12.02578518539667 18.46243382245302 2.257869064807892 0 0.5331754684448242
0.1044806391000748 2025.594610534608 5.556225307285786 2.412362068891525 0 1.018949247896671 38.06782612204552 0.4440616369247437 1675.123516663909 3.581167168915272 12.03808129578829 0.3529963344335556 66.05345270037651 0.4425165802240372 12.79303827881813 2059.660424366593 15.81501334905624 7.115701146423817 9.041502520442009 0 151.874263830483 1238.100939959288 509.1978865787387 6781.625812217593 271.7761737778783 54.3590345531702 4610.333874434233 387.1669516190886 0.35277359187603 1.513698726892471 10.5799358189106 0 0.2251880988478661 2.3400863930583 0 14.31250785291195 34.40300937741995 12.40304457396269 5.293149746954441 9.097204782068729 0 2.791193105280399 0 1.012600108981133 14.07226817309856 12.41905595362186 2.276558011770248 0 0.8089887425303459 6.0307946652174 1.875405944883823 17.54901067167521 0.8933791667222977 0.487735740840435 0.2559024393558502 0.4623527154326439 3.542730540037155 0.5575001239776611 784.8082378357649 1.991567961871624 1.290819510817528 2.568871445953846 0.2033958286046982 116.7237323075533 81.49248216301203 365.7732910737395 70.92650002241135 1.730423338711262 13.24407698959112 467.0111565515399 72.66164044290781 5.976440966129303 11.81199645996094 1.133858054876328 0 0.7809548750519753 0.8489355444908142 0.2407263591885567 28.21567472070456 4.765866704285145 8.635124109685421 11.28936438262463 4.96366360783577 1.916571870446205 0 0
60.05450351536274 10.16975025087595 10241.47449164093 0.6752193421125412 0.5253638476133347 21.82573092728853 566.4980612546206 134.1892609149218 6.260454468429089 23.09082146733999 50.30837027728558 1.928846657276154 8.730644978582859 148.996977865696 0.08770664781332016 6255.33579505235 3622.583574585617 70.13162675499916 1010.474018760026 0.2094790264964104 12231.86261534691 509.1978865787387 14579.98485003412 312.6503922641277 0.3933373391628265 2007.58111256361 13227.47703835368 4107.243148341775 275.8483086749911 4039.299148827791 2.157230600714684 2.709999784827232 13.10901802033186 2686.683216407895 179.7973848804832 8495.472539745271 8346.070970647037 5338.105129219592 5906.258263543248 278.254769064486 16.07155709713697 16.56322733312845 47.17942354083061 2.866879433393478 12.3515285551548 371.7337092086673 0.4259393364191055 0 1.13480531424284 12.08794034272432 4.49237547814846 3.947946339845657 1.594674326479435 3.260111823678017 1.412912607192993 0 7.035010159015656 0.4037217050790787 2330.213735304773 30.03690859675407 0.3531931042671204 7.854523628950119 0 248.4161787927151 586.4730151370168 2245.591383330524 54.07424101233482 0.3909429088234901 46.38971358537674 2482.06573895365 75.76825016736984 11.34640863537788 28.09801651537418 0.3471056967973709 0 0.4525100439786911 5.069272756576538 19.02619376033545 408.6932857260108 59.87946378439665 35.5555639192462 76.41903238743544 9.282969012856483 0.2906467765569687 2.240423947572708 0.1420871019363403
54.07682422548532 862.5235062912107 8.80663325637579 1952.748380258679 4.513750538229942 85.82587016373873 1510.632009327412 92.62601400911808 12471.7772103548 1299.397150367498 13.44569797813892 321.2022446542978 35.83702834695578 125.7882947698236 995.0763859525323 1732.229051195085 18.1371109187603 4.730293236672878 6.733567669987679 595.3078754767776 758.2898954004049 6781.625812217593 312.6503922641277 10064.11744782329 48.23216997087002 22.60424386709929 2640.46745441854 8574.555341936648 474.7844432294369 352.291293412447 2.774950355291367 5.928071573376656 183.7193499654531 240.7945734634995 14.3495732396841 1294.282366104424 64.43638834357262 436.0411451682448 223.9527914598584 1114.067704059184 32.34733566641808 6.585682563483715 14.0191563218832 39.98501182347536 3.923165157437325 3.020963318645954 747.5441854447126 4.491349294781685 53.63695283979177 971.7241120040417 36.83308134973049 569.8941714987159 356.3627200201154 13.92089954763651 99.62939224392176 1.672781057655811 116.5552641525865 51.27175924926996 512.7022385820746 5.803045958280563 2.641127854585648 5.864153824746609 246.7354099974036 299.3487972393632 96.05054593086243 87.51947424560785 2082.026649713516 0.5509152039885521 15.34667210280895 40.60852986574173 1732.71567466855 148.002159640193 161.2962532117963 0 4.371786884963512 16.6731966137886 67.82728186994791 8.378484465181828 363.090948164463 7.481780610978603 160.8769024088979 21.34915021061897 313.7139594256878 23.18898852914572 7.106625266373158 4.892193332314491
0 1186.813440933824 0.2438072487711906 0 0 0.2519704848527908 0.6187876984477043 2.102663278579712 28.49792774766684 1.128798112273216 840.6116359755397 0.2141824066638947 6690.865686751902 0.07516347616910934 0 0.2756975442171097 1.597474582493305 169.6871080026031 33.37384416162968 0.1152632907032967 0.5254630818963051 271.7761737778783 0.3933373391628265 48.23216997087002 304.6755106896162 759.5931766852736 3218.380025729537 4.519127726554871 2.454953484237194 0.1183467209339142 627.3765781745315 2.141504518687725 0 48.72450561821461 8.878556549549103 52.78904907405376 546.9994356259704 431.940612308681 43.59919680655003 5.014305077493191 15.36515036225319 417.4913586825132 1.919441044330597 0 370.1772745996714 0.683437317609787 0 0 0 0 0.2005152106285095 0.5510246306657791 0 124.2052055448294 0.09595254808664322 532.9564771205187 0.103653758764267 0 0.1273882240056992 1.014039762318134 56.78636219352484 24.05330189317465 0 0 0.6713682189583778 0.2656294256448746 0.2243110537528992 189.5544114857912 720.7092140242457 993.2995510697365 0.2596522271633148 0.3545364439487457 0 97.09245872497559 0.704279899597168 0 4.084810353815556 0 5.946134954690933 200.1720949783921 18.97547593712807 2.080294162034988 0.2546178102493286 0 59.24719645082951 0
30.74437317997217 332.2505192682147 7875.200039364398 1.264002859592438 1.462212979793549 51.55454476177692 507.996833525598 162.8656136579812 9.249674379825592 46.39215499535203 2155.099469766021 3.77987901866436 219.506003305316 139.4052265137434 0.2610686868429184 4.913624100387096 3188.189623158425 3562.733616508543 5459.158136814833 2.196477882564068 414.5605068430305 54.3590345531702 2007.58111256361 22.60424386709929 759.5931766852736 32839.41598329693 16796.09050720185 89.7111879363656 103.301687322557 458.7917880788445 443.9259689897299 14.1693909689784 4.880119107663631 480.6481118425727 23.54062650352716 1851.78488394618 4687.348089590669 2330.638941526413 847.2388656809926 69.17041286826134 3.611267857253551 168.075943313539 9.138823561370373 0.5585328638553619 475.5326506793499 27.74974378943443 0 0 0.3375625014305115 3.364148989319801 0.9859591275453568 3.025626361370087 0.2748959437012672 194.4319279268384 0.1026358306407928 618.8422080725431 3.207794964313507 0 4.306438893079758 159.2962245121598 255.3094970211387 333.5525590851903 0 2.410000368952751 14.11472433060408 6.933634586632252 5.433222979307175 365.222346521914 3356.180993512273 4790.540499351919 4.067507550120354 0.1628885194659233 1.768174074590206 333.9806897938251 0.3522558510303497 0.09077295660972595 17.06745935976505 4.391153559088707 147.6636628583074 765.8761499151587 133.6162227168679 48.96364448219538 3.713916383683681 0.2151565700769424 9.339490160346031 1.363762408494949
12.35093235224485 5475.589902095497 6795.785709574819 6.886593088507652 1.682710260152817 19.26035349816084 763.8039338812232 57.42939395830035 781.1096964403987 44.53620211780071 1847.398440174758 2.729828618466854 4762.883429832757 53.93730641156435 11.01323071867228 4066.383006952703 6264.263346284628 795.2061127051711 3114.000532947481 1.657739132642746 599.9938183054328 4610.333874434233 13227.47703835368 2640.46745441854 3218.380025729537 16796.09050720185 29583.61112649739 2525.576084554195 57.38329028338194 157.4307279288769 1334.078426226974 8.051150418817997 11.5013499557972 1407.737670496106 172.8303253501654 6628.975360311568 7003.982727497816 5984.003316812217 3821.983446694911 326.6748075783253 9.436096504330635 155.3738012090325 29.38426663726568 1.775892466306686 3097.341789200902 887.0098946094513 3.994252495467663 0.4896201491355896 0.7647211402654648 33.91380082815886 3.744361259043217 18.46341226249933 9.329688794910908 189.4229363501072 0.7778153568506241 505.0575165599585 9.876452066004276 0.5679547116160393 1022.63099283725 492.7288545966148 261.3845752850175 620.9113174378872 0.5429331064224243 59.43916457891464 1446.986647166312 1403.8098154217 88.23814627528191 457.6135930716991 5142.884310409427 18790.71806042641 62.29930566996336 5.022132612764835 26.47575208544731 296.5050323605537 1.212442271411419 0.2400842010974884 59.03642598539591 26.7194172218442 572.2294188067317 875.8449488729239 397.1356902644038 246.2660710513592 21.69452998787165 1.11271670460701 10.60809488594532 1.447379946708679
127.3388632461429 72.69382079690695 492.1490136161447 3587.368223384023 1.119450226426125 345.4676547572017 17663.58648733795 213.474099047482 2069.762849733233 9191.608978383243 17.47708671540022 509.4167318120599 35.17861741781235 340.9785294756293 86.53692156821489 2544.295119859278 125.0016528107226 10.1876415759325 35.97109372168779 1227.894796520472 6282.285118222237 387.1669516190886 4107.243148341775 8574.555341936648 4.519127726554871 89.7111879363656 2525.576084554195 20456.10174945742 1205.207538820803 9293.702436544001 0.6392367780208588 13.13932111114264 682.4527468979359 937.9493587091565 66.06219936162233 4355.077984258533 284.4855357557535 1631.64586058259 1284.312071107328 309.1355312764645 85.15758134424686 43.65088691562414 55.66315573453903 60.61487678438425 3.642925679683685 13.10453143715858 496.1639570891857 2.096678867936134 48.91641196608543 1222.161285273731 60.98209737986326 363.6552164405584 280.3684396147728 28.59347224980593 74.81443668156862 0.4281258434057236 177.2676088139415 43.19948040693998 506.4152706637979 8.447487093508244 4.507075719535351 10.78595054149628 162.8168247938156 346.0631755515933 72.44851891696453 109.4213957414031 2236.237176716328 0.3563428223133087 20.1552701741457 120.6163504570723 2199.691186949611 240.3357261270285 310.3036185726523 0 9.314944177865982 30.06811887025833 91.92037952691317 13.86060205101967 469.7907431423664 20.55286498367786 220.6159944832325 41.52780728042126 341.8018376007676 28.39644017070532 9.491398423910141 3.163415662944317
