1843.762210540473 0 79.27249260991812 6.709352567791939 0.1214356198906898 21.9918866455555 2752.528016284108 1109.121690005064 6.292613595724106 136.0519006848335 6.548387423157692 1.149607412517071 0.1150329411029816 7240.45077996701 0.1026989668607712 0.4960558712482452 166.7010455951095 1.556425251066685 16.0756314471364 5.480029411613941 38.49362003058195 0.2489087656140327 81.72611173242331 114.5840308442712 0.09442630410194397 61.02833734452724 40.06448712199926 138.9284957721829 5841.745285920799 2820.641308814287 0.0947839692234993 1.59166394174099 112.1774518787861 300.7528495341539 0.3930662572383881 62.30470497906208 9.319489218294621 148.0273845717311 28.05878988653421 1.060408793389797 2.332425720989704 0 0.107259102165699 1.353322297334671 0.1158215627074242 1.097428992390633 0 0 0.1107184961438179 14.66895743459463 1.135232672095299 1.658334888517857 1.636266238987446 0 0 0.1146633476018906 1.067496232688427 0 0.5174319818615913 0.1789503544569016 0 0.231083370745182 0 2.188846997916698 0 0.3161972239613533 25.9963004887104 0 1.639405444264412 7.773040920495987 30.64808664470911 3.374499052762985 4.659166157245636 0 0 0.1012424901127815 0.5026424899697304 0 8.718845508992672 0.3670414611697197 2.209871083498001 0.2637294232845306 1.176903232932091 0.4341344684362411 0 0
0 387.6982701271772 3.28233714401722 0 0 0.08023432642221451 0.8915817141532898 0.5229758322238922 673.8688857257366 0.1912209242582321 169.0454975143075 1.391170889139175 1207.97758282721 0.5113218352198601 4.456166721880436 68.7532307729125 3.984380155801773 13.44622977077961 2.571400076150894 0 1.55067940056324 2268.268362909555 3.00232645124197 801.9820428714156 2172.813168928027 96.44332554191351 4678.196663051844 13.21222267299891 0.6877702623605728 0.6572536751627922 22.22920042276382 0.2158969044685364 0 313.5012435168028 0 8.068216413259506 43.56887463480234 21.65829207003117 6.390168450772762 4.734495535492897 0.2043164223432541 102.8683663010597 0.2005141973495483 0.1030074208974838 71.36071991175413 6.761287212371826 0 0 0.1279155015945435 0.5463422760367393 0.192907840013504 0.7393291816115379 0 5.718261115252972 0 46.38635084033012 0.4981414824724197 0 2.554318696260452 2.867360815405846 8.736065201461315 9.729694940149784 0 0.1760526299476624 14.74894635379314 1.482895076274872 2.428676910698414 16.49921222031116 73.14639807492495 756.1173409894109 3.479726046323776 0.4778683856129646 0.4536942914128304 9.106904417276382 0 0 2.023216128349304 0 6.701697252690792 18.68882293999195 9.289547294378281 0.7771537750959396 0 0 3.613890513777733 0.1422416120767593
79.27249260991812 3.28233714401722 6540.061986334622 6.229023315012455 0.0823628157377243 78.45224261283875 3075.843585290015 850.5423862114549 4.495111837983131 284.373907007277 39.45713644474745 0.5739527940750122 2.064693175256252 827.4483097493649 0.1876916885375977 20.89350345730782 7899.148642256856 49.46689141541719 432.4271057248116 3.245462134480476 403.6033790186048 3.943549931049347 9640.922119311988 154.8375571072102 0.3217784613370895 8911.743746452034 7940.824546307325 1667.699067108333 109.5660464689136 664.7356093078852 0.730954997241497 1.508940018713474 8.505359277129173 1473.78378765285 26.74392998218536 2526.231256298721 795.8001123443246 2913.80242922157 1049.305274292827 43.51323018968105 3.260293215513229 2.478412695229053 9.962597206234932 1.972543947398663 106.2633420825005 2178.447762399912 0 0 1.014526128768921 38.84302643686533 3.444595463573933 5.705179430544376 0.4749400168657303 1.965778551995754 0.1998696178197861 3.610761396586895 8.431125327944756 0 63.00513395667076 310.1161766648293 6.144388094544411 109.1252426505089 0 61.21067156642675 49.9977343454957 91.07083769887686 59.94312296807766 2.330694578588009 876.4891901165247 5135.23675224185 91.64464762806892 15.35896697640419 26.32864245772362 2.251160003244877 0.2837304696440697 1.458849012851715 39.45984990894794 4.983765870332718 160.1807970777154 484.1044123023748 145.5088047087193 28.08522090315819 0.5724618881940842 0 0.3478100895881653 0.1748616695404053
6.709352567791939 0 6.229023315012455 1429.423367992043 7.833552159368992 28.97566205263138 460.1571145430207 30.16359075158834 973.7966704666615 3050.473551265895 0.1031315177679062 3980.840613692999 0.1435914933681488 47.78158169239759 166.1160832047462 0.5940618515014648 0.477718323469162 0.3210633993148804 0.537588931620121 2285.153107136488 3.12882474809885 0 2.330108761787415 1413.670207679272 0 1.71263100206852 1.456048414111137 2862.971067920327 73.28123403340578 1.222899414598942 0 1.50875236093998 2.334360793232918 22.20907707512379 2.899561196565628 77.10132346302271 1.46651715785265 54.06382567435503 15.1377497240901 185.3649057000875 8.399770736694336 0 1.991395369172096 2.590673446655273 0.490399107336998 0 153.4002306908369 0 27.75250118225813 163.0704810544848 14.28494764119387 151.7226449474692 137.6969074904919 0.1810581386089325 155.6640995591879 0 4.744507819414139 2.857167080044746 0 0 0 0.1092055812478065 83.24693577736616 0.6467921882867813 0.5853848308324814 0 253.4585595875978 0.1270343214273453 0.2734488993883133 2.265193097293377 409.7607828676701 10.86692232638597 1.49273356795311 0 0.4447085484862328 0.104536697268486 3.215104781091213 0.602795273065567 23.23209846764803 0.1060795336961746 11.44730570167303 1.768331244587898 18.51272495090961 0.4542562067508698 0.6163204908370972 0
0.1214356198906898 0 0.0823628157377243 7.833552159368992 23.7626701593399 347.4873400777578 1.371529929339886 9.849511235952377 206.5893008112907 10.03848907351494 9.577046394348145 68.91710631549358 0.8196327537298203 153.7758478447795 1342.997752226889 0 0.1043799519538879 0.5952655598521233 0.8809211254119873 7.692886747419834 0 0 0.1183100491762161 13.34947422891855 0 2.37916499376297 0.7775993198156357 4.105284951627254 419.2440203875303 0 0.128638282418251 554.7727871313691 0 99.80055236816406 0.2270313650369644 5.131064921617508 3.390777289867401 45.39859126508236 2.439436018466949 893.4377297908068 21.57126963883638 0.6740456819534302 0 0 0 0 0 0 0 0.3833724558353424 0 0.1593781560659409 0 0.239728644490242 0 0 0 0 0 0 0 0 0 0 0 0 0.3320424854755402 0 0.1602969169616699 0 0.3581883609294891 0 0.2242826670408249 0 0 0 0 0 0 0 0 0 0.455446869134903 0 0 0
21.9918866455555 0.08023432642221451 78.45224261283875 28.97566205263138 347.4873400777578 12249.95382839441 1177.85113658756 5988.419753044844 80.65489160269499 8539.223955672234 89.46845163404942 2630.482916116714 7.386671289801598 1642.004528015852 1278.511511743069 1.190078891813755 21.54364338517189 28.45973090082407 66.03370176255703 285.901861384511 42.0417452454567 0.08125463128089905 28.86584143340588 53.20477294921875 0.9771748483181 82.53683356940746 33.43297354876995 47.32665407657623 1453.656573846936 41.69784958660603 1.540405064821243 1362.515553869307 3.464741818606853 548.8100018203259 3.356672644615173 187.186830252409 31.40927004814148 579.9648924171925 66.00042620301247 965.8093511238694 184.5606491342187 7.737956069409847 4.443570293486118 1.735314056277275 0.2847667634487152 1.575985856354237 10.46316010504961 0 2.643857628107071 29.85274963080883 2.040487855672836 15.46231943368912 8.35079949349165 0.6930142119526863 8.119231775403023 0.508125402033329 2.136492788791656 1.028867959976196 0.2306936755776405 0.3679868578910828 0.08107927441596985 0.4008117467164993 8.711848013103008 0.1034653410315514 0 0 27.19601491838694 0.4723091870546341 2.708900198340416 6.187273316085339 43.99099987000227 2.954977184534073 0.7545013427734375 0.09833812713623047 0 0.1758879423141479 1.392619431018829 1.613221406936646 12.49403694272041 1.525896929204464 7.056929051876068 1.096523605287075 13.23558022081852 0.5097588300704956 0.1334626376628876 0
2752.528016284108 0.8915817141532898 3075.843585290015 460.1571145430207 1.371529929339886 1177.85113658756 24498.66264078021 3615.287946745753 316.6753928363323 10229.26994650066 15.86388144642115 21.30023269355297 0.9065517857670784 7522.237124539912 15.59656403213739 121.8506007865071 390.4441025927663 7.372078523039818 44.84261314570904 109.2663561850786 3065.112515263259 4.995276421308517 2226.2802298069 2726.478196524084 0.1014479622244835 326.498407535255 709.1523255482316 22978.49262986332 2483.288249671459 10581.21652546525 0 17.23159081488848 165.5274193510413 591.9608456641436 17.06828030943871 2614.216623023152 53.74740820378065 1320.352085150778 478.7185906767845 314.1130895838141 177.4109252020717 2.476968467235565 30.9781207293272 14.38054306060076 2.224020592868328 39.09573105722666 58.78033101558685 0 42.99047394096851 785.9876253530383 59.78944390267134 73.94059996306896 112.251369677484 1.77250499278307 9.019577965140343 0.4870845749974251 49.92991956323385 0.452729731798172 15.76307602971792 5.895282454788685 0.565057285130024 2.310987375676632 38.18004100769758 16.43444001674652 4.187261015176773 11.93619152903557 639.9778273999691 0 23.8144004791975 113.5594323575497 988.6633385047317 86.38659288734198 46.92990769445896 0.2657736539840698 2.376107908785343 6.32990675419569 27.35431139916182 2.588422000408173 229.7484494298697 16.17681100964546 79.26523867994547 14.09198861569166 33.81683691591024 7.460062138736248 0.185767650604248 0.4924746006727219
1109.121690005064 0.5229758322238922 850.5423862114549 30.16359075158834 9.849511235952377 5988.419753044844 3615.287946745753 12538.01824574172 45.62739548832178 4450.50649356842 177.4880425706506 659.9384884163737 11.56001618504524 8276.306274011731 358.052896283567 1.789577998220921 456.7700140923262 29.84969545155764 99.19706479460001 198.7669265344739 286.8282559216022 0.5759912431240082 366.5164718106389 376.7870233058929 0.7579586207866669 352.7942277491093 178.5901064872742 352.0962244048715 1694.464558795094 1978.384206838906 2.103984251618385 528.024053119123 10.65385287255049 1151.896846726537 13.08532472699881 408.7212384715676 67.98024614900351 779.2455116733909 144.4900986999273 871.3488270938396 312.5470769330859 16.94797292351723 12.18699549138546 3.939877904951572 1.159467920660973 9.419435113668442 3.619722485542297 0 2.963211491703987 138.356052108109 10.09192644059658 16.41431886702776 15.19296638667583 0.5746807754039764 1.177545808255672 0.6951070949435234 10.1157978028059 0.7975531816482544 0.6224474534392357 1.456848211586475 0.7367786094546318 1.351510986685753 2.215953946113586 1.598816357553005 0.1556331962347031 0.1335117071866989 136.8800149336457 0 9.907703146338463 38.55844923853874 185.2828184217215 19.88639568537474 8.283993616700172 0.5334911644458771 0.8137644976377487 1.491384036839008 4.466687992215157 0.8403360843658447 51.18895860016346 4.765291154384613 21.63027904927731 5.037837341427803 3.35793973505497 2.866430155932903 1.160135164856911 1.08899998664856
6.292613595724106 673.8688857257366 4.495111837983131 973.7966704666615 206.5893008112907 80.65489160269499 316.6753928363323 45.62739548832178 1159.837457574904 496.9473802819848 33.81692363321781 644.3476097807288 203.5794418230653 42.48865751177073 723.2478989958763 17.14471542835236 5.26843448728323 3.251126296818256 2.963090486824512 803.1637568920851 6.316941767930984 2783.556770734489 5.408024698495865 8980.124581202865 277.9752534255385 32.28659268468618 1042.956301629543 1125.257905699313 85.81836801022291 56.50393363833427 6.99032436311245 3.011690154671669 11.62449162453413 60.90591184794903 0.8148761838674545 160.6631888970733 18.70621622353792 53.24978367239237 23.47392769902945 526.5399737432599 15.96520741283894 13.64237387478352 0.5650128275156021 16.48243092000484 6.128412038087845 2.369570672512054 53.52429692447186 0 13.68490427732468 359.8232358023524 26.35764637589455 82.56931623071432 43.34080290049314 1.931635662913322 24.40032474696636 8.16086732596159 39.84251782298088 5.991053208708763 8.753387697041035 0.7556598708033562 1.122348569333553 0.9561106562614441 33.85223787277937 15.82423368096352 11.36149106174707 1.741823129355907 1466.939658463001 2.365136846899986 7.831065006554127 29.41363180428743 744.7915328070521 102.5733831226826 61.54586243629456 1.734501272439957 0.4329640418291092 5.749391496181488 13.436214633286 1.764230959117413 106.0658802762628 1.563610784709454 39.45647565275431 8.108632571995258 19.82117703557014 2.592374593019485 0.6678889095783234 1.439527131617069
136.0519006848335 0.1912209242582321 284.373907007277 3050.473551265895 10.03848907351494 8539.223955672234 10229.26994650066 4450.50649356842 496.9473802819848 29532.49209123477 55.04673141241074 3462.845675393939 4.824238918721676 1793.590954229236 133.8963730484247 7.038836732506752 37.26747692376375 20.75514677911997 55.35466187447309 4261.44915702194 204.1294219121337 0.3559341579675674 133.539335899055 291.417205825448 0.5607872009277344 79.7460169121623 57.46262476593256 2933.623647905886 1701.457763776183 96.36979316920042 0.9183158203959465 55.82361234724522 23.36092486977577 684.7923604175448 20.17487759143114 1359.928157813847 46.75379161536694 1204.671478658915 235.7245139330626 368.2907684743404 219.0764738321304 5.804986171424389 26.0598276257515 3.556655660271645 1.214331902563572 4.101134300231934 127.9873696863651 0 28.16788337379694 285.8322926610708 16.12201761454344 141.9043604433537 131.5958491563797 0.2381399273872375 114.2776047661901 0.1770709156990051 13.87712135910988 4.908981174230576 1.494231685996056 1.724212251603603 0.1843798086047173 0.4318940490484238 78.5883201956749 0.2811991944909096 1.358531922101974 0.9677877575159073 358.1523055657744 0.4583417400717735 5.222156964242458 14.22635085135698 543.7427534982562 18.5638242661953 2.497521802783012 0.3341348171234131 0.467032864689827 0.1289464980363846 7.534341961145401 0.775207631289959 55.53925131261349 3.542467646300793 17.65834408253431 3.366813331842422 25.27767850458622 3.340277478098869 0 0.2566562443971634
6.548387423157692 169.0454975143075 39.45713644474745 0.1031315177679062 9.577046394348145 89.46845163404942 15.86388144642115 177.4880425706506 33.81692363321781 55.04673141241074 12433.72496124357 28.71239887177944 3578.580822773278 136.9599981978536 12.81446251273155 0.2920655310153961 1004.072619102895 2736.078957431018 1648.346613958478 7.105252653360367 8.530488133430481 58.59760235995054 63.3317187204957 29.79661709070206 1566.306003920734 6112.46749702096 830.6325918585062 6.341523751616478 244.981214158237 19.27989912778139 334.681000739336 134.6456210911274 3.730247981846333 9073.982399255037 7.150320157408714 482.2194269448519 8924.249424450099 4880.010659024119 1063.096751071513 51.62320240586996 68.30749809741974 1568.635123036802 6.271886251866817 0.134558230638504 64.72882852703333 0.9195550978183746 0 0 0 2.048645555973053 0.3362569212913513 5.940770342946053 0.2561644092202187 411.0309987068176 0.09454113990068436 2466.365765243769 1.216748416423798 0.1499969363212585 0 5.510923147201538 151.7798893153667 142.1161608621478 0 0.8947985768318176 22.92848894745111 0.999987855553627 10.4755729213357 365.9023383632302 800.9185779839754 1321.541242703795 4.915319301187992 0.622635118663311 0.517025351524353 402.5108351334929 0.4237599670886993 0.3242475688457489 9.270063899457455 4.118524968624115 44.31066939234734 1001.543067477643 36.67086215317249 3.099252358078957 0.1602356880903244 0.3075337707996368 216.7494236826897 0
1.149607412517071 1.391170889139175 0.5739527940750122 3980.840613692999 68.91710631549358 2630.482916116714 21.30023269355297 659.9384884163737 644.3476097807288 3462.845675393939 28.71239887177944 8341.447067014873 2.592673346400261 414.2435367926955 1158.85876468569 0 3.254824176430702 10.9388502985239 27.66604243963957 5735.271739512682 0.6866184994578362 5.018033757805824 0.5818711891770363 453.2875361442566 0.2146877348423004 26.48473071306944 13.7374380081892 815.518112577498 419.6000304147601 1.175271026790142 0.5193068385124207 34.00181699544191 0 312.4096862524748 4.60522285848856 250.856307387352 11.42046570777893 369.2210745736957 31.90790939331055 1112.522407114506 82.98975630104542 6.109392389655113 5.599590457975864 0 0.1058143004775047 0 83.61887449771166 0 11.85376965254545 60.19035341590643 2.747397966682911 91.77414847165346 67.47269728779793 0.2659982815384865 72.63031282275915 0.2370540723204613 2.830900780856609 12.21805100142956 0 0.2402075678110123 0 0.09697497636079788 62.94531159102917 0 0 0 109.3605321198702 0 0.475583478808403 1.269808903336525 173.793321326375 1.573510810732841 0 0 0 0 0.4384483844041824 0 8.62469344586134 0.3055769577622414 2.47250534594059 0 60.59435854107141 0 0.3159807920455933 0.1030662506818771
0.1150329411029816 1207.97758282721 2.064693175256252 0.1435914933681488 0.8196327537298203 7.386671289801598 0.9065517857670784 11.56001618504524 203.5794418230653 4.824238918721676 3578.580822773278 2.592673346400261 2963.611184976995 7.694949977099895 2.260920934379101 5.402113579213619 1.979905940592289 40.86278299987316 4.992836773395538 0.8271078616380692 0.6109583079814911 378.5063558369875 3.15651685744524 169.2791717424989 6302.582448944449 2186.172157242894 5592.266938917339 3.791770651936531 9.318229489028454 0.6473076045513153 1401.137345768511 6.259853854775429 0 2240.771399132907 2.191392958164215 77.40385895222425 3511.343450471759 1699.638619169593 335.4705766439438 7.648258306086063 17.17708226293325 1163.037537515163 0 0 83.30616000294685 0.1162789762020111 0.1326048821210861 0 0.7303498089313507 0.7895216271281242 0.2294147685170174 3.416972987353802 0.190004363656044 502.5075764656067 0.3415368273854256 2465.501232303679 0.8119029924273491 0.245007187128067 0.5061640292406082 2.439502656459808 46.23938041180372 32.76114689558744 0 0.638890266418457 16.39741501957178 0 7.483221225440502 351.540110886097 271.887538202107 652.5086711794138 0.8945129439234734 0.5899459198117256 0.230061948299408 213.8734657838941 0.508271113038063 0 13.45557955652475 0 10.16497283428907 1057.869485341012 22.25509554892778 1.691731564700603 0 0 407.8195075690746 0
7240.45077996701 0.5113218352198601 827.4483097493649 47.78158169239759 153.7758478447795 1642.004528015852 7522.237124539912 8276.306274011731 42.48865751177073 1793.590954229236 136.9599981978536 414.2435367926955 7.694949977099895 14179.09036599845 197.9142671301961 1.653329432010651 531.7353380024433 27.34932781755924 111.3566366508603 138.9114333465695 280.3291954100132 0.40024084597826 416.5949277356267 541.6793308630586 1.259825490415096 338.399893656373 192.0296244770288 635.2418863624334 5663.041692785919 3726.24225781858 1.003688752651215 172.8273492529988 18.39754401892424 1635.859100848436 8.064644575119019 476.2880486175418 52.02749843895435 759.7977746129036 120.4382809773088 625.7864118218422 253.8913635835052 6.191460654139519 5.243472203612328 3.623523645102978 0.8656604140996933 12.78621655702591 5.087133951485157 0 2.445358470082283 117.9271840304136 6.577762305736542 9.494196087121964 14.3482998535037 0.3832191526889801 0.6551327556371689 0.705820120871067 9.833996795117855 0.09330259263515472 1.181587271392345 1.308599695563316 1.172500513494015 3.743381895124912 0.8144276887178421 2.334827765822411 0.3577773869037628 1.210440509021282 142.7055031433702 0.1033716052770615 14.70528966933489 44.1839042454958 180.1793431639671 20.32168558239937 14.06610486656427 0.7438906505703926 0 1.64370871335268 7.479582399129868 4.023340776562691 51.63205842673779 4.101908959448338 18.70394480973482 3.863068133592606 6.259213306009769 0.7352361604571342 0.393694207072258 0.4706123471260071
0.1026989668607712 4.456166721880436 0.1876916885375977 166.1160832047462 1342.997752226889 1278.511511743069 15.59656403213739 358.052896283567 723.2478989958763 133.8963730484247 12.81446251273155 1158.85876468569 2.260920934379101 197.9142671301961 137.8357775956392 0 0.6487640663981438 2.797064863145351 7.828624002635479 281.6076686754823 0.2073543965816498 10.41310748457909 0.352148026227951 331.458734087646 1.953599773347378 6.607226677238941 16.14532247930765 105.8686131164432 394.5297019332647 0.4657642766833305 0.467723585665226 628.2810001820326 0 74.64237470924854 0.118990570306778 404.4260841161013 5.616871260106564 75.05461233109236 9.071086935698986 467.9201773405075 195.2037322446704 11.34785029292107 1.814330220222473 0 0 0 21.53172196447849 0 8.185918852686882 20.02060171961784 0.8670414090156555 25.34247162938118 20.88803747296333 0 60.34673276543617 0 0 4.951731383800507 0 0 0 0 33.29776673018932 0 0 0 24.18641130626202 0.08981949836015701 0 0.5630145072937012 45.02650406211615 0.4057726636528969 0.6265907883644104 0.1106514483690262 0 0 0 0 3.111139625310898 0.09954793006181717 1.673585295677185 0.1898478865623474 76.35792845487595 0 0 0
0.4960558712482452 68.7532307729125 20.89350345730782 0.5940618515014648 0 1.190078891813755 121.8506007865071 1.789577998220921 17.14471542835236 7.038836732506752 0.2920655310153961 0 5.402113579213619 1.653329432010651 0 4556.221855066717 6.931360505521297 0.1305121183395386 0.3947551995515823 0 2558.923115104437 1768.130063578486 4283.75264903903 1797.915150567889 8.952724054455757 7.096982903778553 6174.464525789022 1595.975219547749 5.926783464848995 48.57539201527834 0 0 3.099283844232559 42.30441777408123 5.869144022464752 1266.022657133639 408.8792004287243 312.1364101544023 293.5034883841872 24.72951596975327 2.301441818475723 0.8638346940279007 7.714222356677055 9.743780598044395 2.601320013403893 90.00399763137102 0 0 1.058338060975075 49.12855260819197 15.63065201789141 51.62462167441845 1.561234086751938 0.5847794488072395 0 0.1149481013417244 28.97028087079525 0 3868.291383430362 6.315094716846943 0.228040374815464 2.38188523799181 0 1278.148621194065 1084.870017111301 2790.48334427923 532.3178685083985 0 11.35756284743547 1314.809328489006 540.3477474823594 75.87424330413342 158.7997708395123 0 0.1004065275192261 20.26869495213032 15.32828057557344 1.642024308443069 337.0126672834158 43.41996751725674 32.74506083130836 12.70090299844742 1.826887488365173 0.2918526381254196 0.3043174594640732 0.124639131128788
166.7010455951095 3.984380155801773 7899.148642256856 0.477718323469162 0.1043799519538879 21.54364338517189 390.4441025927663 456.7700140923262 5.26843448728323 37.26747692376375 1004.072619102895 3.254824176430702 1.979905940592289 531.7353380024433 0.6487640663981438 6.931360505521297 2387.137889705598 93.94831912219524 4222.768808357418 1.199935898184776 410.4215099141002 3.08836979418993 4592.234766714275 81.91690862923861 1.131928578019142 5581.541891016066 8192.194349169731 223.579048588872 372.0459327921271 1371.232162617147 1.442169509828091 2.929037131369114 53.19817111641169 4239.367455542088 5.934648841619492 451.1928972005844 252.216063387692 1881.065271668136 629.3988662883639 13.25455212593079 3.579417310655117 0.3063220381736755 2.284584552049637 1.208824537694454 30.57285130023956 67.07305731624365 0 0 0 11.78491143137217 1.554360873997211 1.935285970568657 0.3277431130409241 0.8204369470477104 0 2.718250721693039 1.764986120164394 0 3.4465636536479 58.87293205410242 6.512499615550041 78.49938583374023 0 7.530911304056644 2.559182301163673 3.893236182630062 24.92799544334412 1.199685022234917 515.5292500257492 1251.061145365238 30.17092707753181 4.15172103792429 7.9437310770154 2.555516466498375 0 0.5274447947740555 11.28006844967604 2.002004474401474 51.25577463209629 77.01867328584194 59.49666069447994 6.085269123315811 0.8322681784629822 0.2008480578660965 0.7213729918003082 0.7153394669294357
1.556425251066685 13.44622977077961 49.46689141541719 0.3210633993148804 0.5952655598521233 28.45973090082407 7.372078523039818 29.84969545155764 3.251126296818256 20.75514677911997 2736.078957431018 10.9388502985239 40.86278299987316 27.34932781755924 2.797064863145351 0.1305121183395386 93.94831912219524 912.8899403735995 1082.412848472595 2.580428421497345 2.347289472818375 4.888056501746178 13.93370994180441 5.631994932889938 128.2069252952933 4542.988825775683 1017.425133340061 1.534222610294819 30.24250745773315 3.472704485058784 69.07297324389219 15.49022971838713 0.1962645873427391 776.1943321153522 4.610250160098076 396.304580450058 1319.425007000566 836.1299378052354 330.94738150388 16.99971009045839 5.394491136074066 13.4923315346241 1.291779018938541 0 12.03215003758669 1.917039327323437 0 0 0.3543287962675095 1.174091599881649 0.2331987470388412 0.1227806657552719 0 38.59002216905355 0 309.3327156156301 0.3784182593226433 0 0 4.249277755618095 99.44463920593262 79.10484980046749 0 0 1.893997594714165 0 1.419718138873577 71.69286243617535 549.6684398725629 875.0932404324412 0.9699945673346519 0.3469023108482361 0 155.4995523542166 0.08353167027235031 0 6.332003057003021 1.345657780766487 22.56339732557535 35.85759498924017 17.11281507462263 1.196564838290215 0 0 1.415847733616829 0
16.0756314471364 2.571400076150894 432.4271057248116 0.537588931620121 0.8809211254119873 66.03370176255703 44.84261314570904 99.19706479460001 2.963090486824512 55.35466187447309 1648.346613958478 27.66604243963957 4.992836773395538 111.3566366508603 7.828624002635479 0.3947551995515823 4222.768808357418 1082.412848472595 2748.088339060545 7.276969417929649 18.64744853228331 1.805540233850479 433.4143846407533 11.28811386972666 7.80779206007719 6419.052212655544 2024.328475609422 19.34472937136889 87.4905237108469 117.2071096077561 8.60170005261898 20.31050001084805 3.041852995753288 5231.893517576158 7.898131608963013 927.8650274351239 1156.435699760914 2166.402694769204 700.2709689512849 36.59902880340815 6.472465455532074 0.4541145861148834 4.067318603396416 0 22.79590164124966 7.962829887866974 0 0 0 3.706666067242622 0.9164354056119919 0.6908697038888931 0 4.89265488088131 0.1939078122377396 23.82894282788038 0.6332414820790291 0 0.4409365206956863 11.95104560256004 33.04266252368689 97.20772881805897 0 1.401338830590248 0.9447385668754578 1.19944953918457 6.672521784901619 7.535763755440712 408.1242136508226 1046.43153308332 6.313040114939213 0.5801851227879524 2.015548840165138 13.02834887057543 0 0 10.34260950982571 3.736952498555183 32.45866416394711 28.09458643198013 30.59945527464151 2.274083085358143 0.219823494553566 0 0.7036433517932892 0
5.480029411613941 0 3.245462134480476 2285.153107136488 7.692886747419834 285.901861384511 109.2663561850786 198.7669265344739 803.1637568920851 4261.44915702194 7.105252653360367 5735.271739512682 0.8271078616380692 138.9114333465695 281.6076686754823 0 1.199935898184776 2.580428421497345 7.276969417929649 436.6756948679686 1.760299637913704 0 1.144508272409439 518.9041044339538 0 8.356355488300323 5.049514442682266 2452.151528909802 218.6907330527902 2.68254429847002 0.2560557276010513 10.04112863540649 1.247052706778049 95.54455480724573 4.083800755441189 197.3714840859175 7.704837389290333 191.3251583352685 30.78386940807104 367.0574465617537 41.96776577830315 0.5902140438556671 5.030058465898037 0.498168833553791 0.4846626371145248 0 120.2721593528986 0 19.67893625050783 122.4005275815725 8.774266771972179 137.1906218156219 93.26379776746035 0 44.01652898639441 0.3355440944433212 4.041494868695736 8.613294377923012 0 0.3216589987277985 0.0802147164940834 0.09960548579692841 85.69883599132299 0 0.4232557192444801 0 201.9191792011261 0.09088150411844254 0.1798986494541168 1.349006086587906 312.4672693684697 5.109571069478989 0.2255939766764641 0 1.411107040941715 0.0964762270450592 1.959712795913219 0.1910447627305984 14.63899098336697 0.2924209237098694 7.249793604016304 1.658304117619991 32.64185824990273 0.3614445775747299 0 0
38.49362003058195 1.55067940056324 403.6033790186048 3.12882474809885 0 42.0417452454567 3065.112515263259 286.8282559216022 6.316941767930984 204.1294219121337 8.530488133430481 0.6866184994578362 0.6109583079814911 280.3291954100132 0.2073543965816498 2558.923115104437 410.4215099141002 2.347289472818375 18.64744853228331 1.760299637913704 12785.65311458707 107.4146266877651 11959.31922708452 370.5449877902865 0.2782720923423767 29.83781189471483 510.496185772121 5557.113603278995 156.5280926004052 11495.41911316663 0 0.8047674298286438 70.26336900144815 2681.010549649596 26.82370992004871 7670.969012208283 1454.490400664508 5560.69422069937 3048.720071800053 132.6131230071187 16.841154538095 1.882193937897682 46.51701321452856 7.544641256332397 0.8179603517055511 19.30216018110514 0 0 0.3259678110480309 31.97660506516695 10.46254578977823 17.7090747654438 1.563484273850918 0.5469454526901245 0 0 16.99670783430338 0 633.0465595275164 5.293199464678764 0 1.586958974599838 0 668.6822744235396 88.19162211567163 198.7507190853357 238.1558621153235 0.1381115168333054 8.08742056787014 26.83143319189548 244.8090629950166 49.8196003511548 104.3171186968684 0.09786374866962433 0.2754700481891632 13.30479504913092 11.66291188448668 3.462010845541954 332.8434729352593 3.180674225091934 20.50747365504503 3.964922547340393 1.093030326068401 0.1526008248329163 0.861227959394455 0.6775115728378296
0.2489087656140327 2268.268362909555 3.943549931049347 0 0 0.08125463128089905 4.995276421308517 0.5759912431240082 2783.556770734489 0.3559341579675674 58.59760235995054 5.018033757805824 378.5063558369875 0.40024084597826 10.41310748457909 1768.130063578486 3.08836979418993 4.888056501746178 1.805540233850479 0 107.4146266877651 1923.534615978599 157.080369874835 6619.216275326908 687.5412113666534 46.89343447238207 4160.18287909776 136.3607363551855 2.766174651682377 7.699678920209408 12.75047229975462 0 0.2490558698773384 70.04083364456892 0 8.95704010874033 15.54924196004868 10.12766433507204 4.505798816680908 16.13847354054451 0.3103547394275665 32.00414423644543 0 2.494819678366184 16.12522714585066 18.14252251386642 0.1778358817100525 0 0.1019827798008919 10.06553216278553 3.060528978705406 12.73335012048483 0.3144155442714691 3.691654786467552 0 13.70729351043701 6.353323414921761 0.3158171772956848 1023.621149808168 1.845208071172237 1.581393890082836 1.803070537745953 0.3971551656723022 272.8571427240968 138.1639858111739 386.4681163132191 260.3733343556523 3.734369240701199 16.43001259863377 360.3232491537929 164.0008692890406 20.54108453541994 34.97654628753662 2.639128834009171 0 2.574527859687805 3.863187879323959 1.044667094945908 20.1755568832159 6.477363906800747 12.50151006877422 2.373739570379257 1.500901080667973 0.4584831744432449 0.1436934471130371 0.1240800321102142
81.72611173242331 3.00232645124197 9640.922119311988 2.330108761787415 0.1183100491762161 28.86584143340588 2226.2802298069 366.5164718106389 5.408024698495865 133.539335899055 63.3317187204957 0.5818711891770363 3.15651685744524 416.5949277356267 0.352148026227951 4283.75264903903 4592.234766714275 13.93370994180441 433.4143846407533 1.144508272409439 11959.31922708452 157.080369874835 13203.76825277507 234.9232293888927 0.4007800370454788 1255.652025021613 9878.057979866862 5582.386071674526 232.5743338465691 6887.15087697655 0 0.4885647967457771 73.26787891983986 4206.354816995561 98.71876608580351 12070.13755463064 5216.86852131784 9369.269358716905 6064.718666248024 328.3720168247819 31.17974582314491 15.64052240550518 84.6486267670989 0.8772591575980186 3.672197431325912 369.2434835806489 0 0 0.6776665523648262 24.1164163723588 3.343165144324303 4.635112263262272 0.5453013330698013 0.1215345039963722 0 0.1465995907783508 6.212819091975689 0 2060.928534150124 13.45328864455223 1.075518101453781 7.593444675207138 0 443.6703526675701 288.1327717602253 1879.368013776839 136.4261231347919 0.1534854769706726 40.20303374528885 2270.731047287583 181.9325812608004 19.8879996612668 43.71635109931231 1.055395200848579 0.3782984763383865 3.77722604572773 6.696278654038906 15.96526300907135 317.6282736733556 47.19794112443924 29.72088027745485 14.60189847648144 1.306859254837036 0 2.232838481664658 0.3619346469640732
114.5840308442712 801.9820428714156 154.8375571072102 1413.670207679272 13.34947422891855 53.20477294921875 2726.478196524084 376.7870233058929 8980.124581202865 291.417205825448 29.79661709070206 453.2875361442566 169.2791717424989 541.6793308630586 331.458734087646 1797.915150567889 81.91690862923861 5.631994932889938 11.28811386972666 518.9041044339538 370.5449877902865 6619.216275326908 234.9232293888927 11183.52518568933 268.6911627054214 69.52213954180479 4517.487632699311 11045.55606019497 1279.464703015983 844.9373350590467 7.114870578050613 5.899947136640549 216.1325806155801 379.2174926102161 21.51184789836407 1878.895322933793 46.81708592176437 828.7923204004765 402.9099303111434 388.8441688790917 68.09411580860615 12.22289827466011 15.7181386500597 104.2841219231486 11.01191402971745 41.44430811703205 118.2224908098578 0.6110877320170403 71.10057661682367 2305.720794595778 173.601166665554 849.1396079808474 228.0000028163195 9.935263358056545 24.2456482052803 8.512235343456268 234.1875431537628 1.831661820411682 220.643163241446 5.713235080242157 3.915280468761921 5.631893180310726 65.20843870192766 240.2444554641843 78.80176048725843 87.91569488495588 4492.335425727069 2.718515582382679 18.58591425418854 167.5704833194613 4311.268199115992 600.6512087658048 439.649999961257 3.499419547617435 5.590197131037712 41.42165461182594 116.208261795342 9.420418120920658 905.9591744616628 11.25056411325932 321.5482742413878 59.01618278771639 104.2648202851415 23.32984390854836 2.095773689448833 6.259104184806347
0.09442630410194397 2172.813168928027 0.3217784613370895 0 0 0.9771748483181 0.1014479622244835 0.7579586207866669 277.9752534255385 0.5607872009277344 1566.306003920734 0.2146877348423004 6302.582448944449 1.259825490415096 1.953599773347378 8.952724054455757 1.131928578019142 128.2069252952933 7.80779206007719 0 0.2782720923423767 687.5412113666534 0.4007800370454788 268.6911627054214 2040.223702579737 623.085922986269 3756.228084728122 3.974361672997475 1.011901810765266 0.2640278786420822 164.7377210408449 0.3055448234081268 0 879.9732314795256 0 24.54976588487625 694.1393165513873 212.262088239193 48.91285027563572 2.160262264311314 3.208395674824715 398.0538001805544 0 0 93.59960567206144 0 0 0 0 0.2419029474258423 0.08878530561923981 2.721080988645554 0 137.6418271064758 0 1536.364476181567 0 0 0.41351617872715 0.2845827341079712 34.85292092710733 14.90020047128201 0 0 8.417367719113827 0 1.986986726522446 255.6796843707561 286.657042786479 972.7171023264527 1.136477448046207 0.1508514732122421 0 199.3074324280024 0.3126583248376846 0 1.837634138762951 2.091254949569702 9.762830041348934 138.7689546048641 11.09247678518295 1.024314075708389 0 0 102.5701401233673 0.1629385650157928
61.02833734452724 96.44332554191351 8911.743746452034 1.71263100206852 2.37916499376297 82.53683356940746 326.498407535255 352.7942277491093 32.28659268468618 79.7460169121623 6112.46749702096 26.48473071306944 2186.172157242894 338.399893656373 6.607226677238941 7.096982903778553 5581.541891016066 4542.988825775683 6419.052212655544 8.356355488300323 29.83781189471483 46.89343447238207 1255.652025021613 69.52213954180479 623.085922986269 33796.302020289 17761.84152596444 139.930891007185 200.2733609229326 219.0889769047499 395.1928059458733 37.13857163488865 8.411374799907207 2904.376639798284 23.65108916163445 3076.200732342899 5373.843855112791 4762.460810437799 2055.880863912404 54.4416247010231 24.42504688352346 127.8683057427406 10.37724707275629 0.4846939072012901 208.5086936876178 117.6918980777264 0.3305405080318451 0 0.3175514414906502 9.78007198870182 2.870056107640266 4.71828393638134 0.6755335927009583 99.51746718585491 0.487230658531189 784.9958940371871 3.82619958370924 0 4.04249869287014 115.2600287869573 211.8531917855144 468.9827762395144 0.349122941493988 6.080049782991409 17.36290831118822 12.48192227631807 19.48661721497774 210.2681127563119 2191.581553347409 5967.840772517025 17.17080891877413 3.041468165814877 8.737378410995007 285.3760004192591 0.9785748720169067 0.1190067157149315 50.05585654079914 6.52077853679657 151.2047504708171 243.2274337783456 156.793907597661 18.73156456649303 0.8379087895154953 0.3267153203487396 11.58977164328098 0.7182594835758209
40.06448712199926 4678.196663051844 7940.824546307325 1.456048414111137 0.7775993198156357 33.43297354876995 709.1523255482316 178.5901064872742 1042.956301629543 57.46262476593256 830.6325918585062 13.7374380081892 5592.266938917339 192.0296244770288 16.14532247930765 6174.464525789022 8192.194349169731 1017.425133340061 2024.328475609422 5.049514442682266 510.496185772121 4160.18287909776 9878.057979866862 4517.487632699311 3756.228084728122 17761.84152596444 40568.02083404362 3146.326184846461 133.832355581224 149.2778441607952 1194.591741763055 7.69713569432497 19.81164532899857 3318.881034448743 77.56464038789272 5984.076312273741 3694.673192888498 7159.680254988372 3275.258785419166 118.3383885324001 11.66720058768988 43.85546314716339 25.75132798403502 3.05924703925848 3331.83396936208 4255.828713707626 0.7946145683526993 0 1.666234999895096 80.34024761617184 9.323015347123146 18.7726603448391 3.507879093289375 161.6842923983932 0.6018842309713364 1323.653113372624 14.62468136101961 0.6775752902030945 1179.971753381193 438.1552339568734 440.1513940691948 811.0379282832146 0.09984436631202698 92.36287749558687 1638.913453362882 1311.211546190083 196.2078737542033 531.3354453369975 4785.265794485807 32622.30453445017 297.9281061142683 15.50577310472727 44.95820585638285 611.5683548375964 1.450004652142525 1.715526275336742 142.0680676996708 15.05703514069319 481.7292789742351 700.3111284598708 568.740325011313 131.9977463185787 4.153667874634266 1.791965365409851 11.34291981160641 2.438127376139164
138.9284957721829 13.21222267299891 1667.699067108333 2862.971067920327 4.105284951627254 47.32665407657623 22978.49262986332 352.0962244048715 1125.257905699313 2933.623647905886 6.341523751616478 815.518112577498 3.791770651936531 635.2418863624334 105.8686131164432 1595.975219547749 223.579048588872 1.534222610294819 19.34472937136889 2452.151528909802 5557.113603278995 136.3607363551855 5582.386071674526 11045.55606019497 3.974361672997475 139.930891007185 3146.326184846461 22877.18412514031 1672.966632843018 9078.740771695971 0.5676621496677399 7.095956489443779 507.0550121366978 574.1131086945534 36.82514125853777 3718.010758496821 66.08667922765017 1578.173686660826 832.2923574894667 231.6893265023828 78.09735761582851 4.357616998255253 24.58995880186558 65.46524984389544 2.28170371055603 41.20505608618259 180.1550002619624 0.2955983728170395 72.93611796945333 1601.134839706123 128.0917419269681 307.5242588743567 236.0131146535277 5.851125046610832 35.22657259553671 1.317446909844875 153.8542621508241 4.91341557353735 242.8408116549253 5.667185932397842 2.347172282636166 2.73316864669323 101.1045308336616 351.0341800674796 40.20108456164598 76.21079176664352 2141.013171471655 1.375669293105602 13.26631048321724 128.8680161833763 2726.331054449081 411.4513086900115 326.2482086494565 0.46581120043993 4.338949516415596 41.24073822796345 77.31123401969671 4.549949169158936 586.8550303801894 10.65027881413698 206.4043369069695 32.55025888979435 79.713164485991 14.88211482018232 0.7713963091373444 2.705997608602047
