622.395362496376 0 58.63711474090815 0.1185319423675537 0.2744369059801102 13.49422826617956 590.2449663802981 532.4996835887432 0.4022990092635155 22.00350974500179 10.19803687185049 0.6262568756937981 1.414052918553352 5192.115201603621 0.08470772951841354 0.5484521239995956 40.71221993863583 1.146979004144669 9.110660277307034 0.2415760904550552 23.26730509102345 0 64.31772266328335 16.12450841069221 0.3630997538566589 9.350671373307705 14.72337691485882 47.14658402651548 3110.274045545608 1721.764563381672 0 13.62645219638944 94.96612276881933 151.5039856061339 0.7250948995351791 11.7173403352499 8.351779624819756 52.53814047947526 14.03243208676577 1.244015134871006 2.619805820286274 0.4782951101660728 0 0 0 0 0 0 0 0 0 0.6423242092132568 0 0.07601206004619598 0 0 0 0 1.36956898868084 0.1473802924156189 0 0 0 0.7096763402223587 0 0 1.496231995522976 0 0 0.09065357595682144 1.302370510995388 0 0.09145574271678925 0 0 0 0 0 0 0 0 0 0.292620837688446 0 0 0
0 92.47967947274446 3.036483384668827 0.07706622779369354 0 0.4581191353499889 3.7141138240695 0.3428730368614197 346.7359354272485 1.139952130615711 101.2173282876611 0.3009718656539917 625.1544778347015 0.125739723443985 2.1759172976017 66.34162399172783 11.01797293126583 5.143387287855148 7.403224632143974 0.0756324902176857 5.479268714785576 2446.022347576916 2.070787124335766 770.9369421675801 1004.949302777648 234.5554807037115 3532.72307317704 56.77822860330343 0.3971741758286953 0.3841413035988808 81.54339752346277 0.3400334790349007 0.07638199627399445 27.08447291702032 0.8016151562333107 11.57500261068344 38.18674581497908 61.1342199370265 6.868911243975163 2.454694122076035 0.6326985433697701 69.61244162172079 0 0 107.4738566055894 232.6244735270739 0.09321268647909164 0 0 0.4473581239581108 0 0.5840185061097145 0.1910482868552208 2.322273768484592 0 4.087301217019558 0 0 11.57311235368252 44.12537511438131 1.455220803618431 23.25115276128054 0 2.062276296317577 19.50284340232611 40.99991028010845 4.835522152483463 6.923042304813862 312.9374903962016 1524.584937877953 1.529640659689903 0.4969866573810577 1.676920227706432 1.146656706929207 0.08028177171945572 0 3.79510023444891 0.8926104307174683 55.99764287471771 9.792763166129589 17.05243706703186 15.44705252349377 0.4654655605554581 0 0.3422525227069855 0
58.63711474090815 3.036483384668827 3940.073482275009 0 0.1563881486654282 14.39253737404943 410.8533149063587 681.6252591013908 2.857235759496689 43.15181869268417 20.39742287993431 0.1478578746318817 1.395307451486588 311.9196179099381 0.3332187384366989 4.852659732103348 7143.182652488351 24.44348157942295 528.2204906865954 0.137506291270256 1077.932671897113 30.06395797431469 8747.188584826887 6.938675574958324 0.1384618580341339 8921.94420837611 4294.093814365566 130.2418610751629 212.0599362030625 999.0019753314555 1.402261570096016 6.102857813239098 19.4975059106946 343.4336891025305 9.142702609300613 343.4237858504057 186.8245596885681 912.2669023126364 360.1820936948061 11.80690073221922 5.462864302098751 1.356044590473175 1.640845231711864 0 64.25410957634449 599.3776398450136 0 0 0 0.9282609149813652 0.1371199041604996 1.312928140163422 0.1230362728238106 0.5879471898078918 0 0 0.3555211946368217 0 14.90657404065132 91.24879183620214 1.559002697467804 3.617161318659782 0 2.764049842953682 17.9001000970602 122.7654438391328 5.588744543492794 0 28.87896332144737 734.8423466831446 2.92664523422718 0.3080706894397736 3.20021179318428 0.0906684473156929 0 0 3.925553984940052 0.482916533946991 106.9397513270378 10.54694364964962 27.70184822380543 27.57353477180004 3.462245106697083 0 0 0.2389907389879227
0.1185319423675537 0.07706622779369354 0 1631.744097679853 3.451852038502693 73.43063449859619 3.446264065802097 31.00681114196777 275.8857271671295 6288.116639249027 5.939178422093391 2881.009607307613 1.809180676937103 12.33787608146667 58.06049913167953 0 0 0.6098200231790543 0.07710912823677063 3370.527090638876 0 0 0 410.7721440792084 0 1.164305925369263 0.5946422219276428 2473.132940076292 27.05305270850658 0.1895658597350121 0.1615053117275238 9.657252438366413 0.3423686251044273 39.96118784695864 0.6588353887200356 120.2037397921085 6.73454362899065 56.06527748703957 8.774411469697952 71.87996076047421 10.08162079006433 0.513346865773201 1.565286591649055 0 0 0 6.395261511206627 0 3.900813102722168 18.78362781554461 7.527869313955307 58.09453540295362 44.99280635267496 0.2473586201667786 6.02180615067482 0 0.9526505619287491 0 0.08577604591846466 0 0 0 5.161160103976727 0 0.07570712268352509 1.277926653623581 184.6934682577848 0 0 0 113.8905470296741 2.918119363486767 0 0 0.2971079871058464 0.0738336592912674 1.03496765345335 0 4.717145018279552 0.07417116314172745 4.563086166977882 0.503737673163414 3.095106028020382 0.1151989251375198 0 0
0.2744369059801102 0 0.1563881486654282 3.451852038502693 14.95531406998634 362.4683872759342 5.232743769884109 28.96855404227972 97.80592812597752 33.08514819294214 5.537289783358574 68.08328656852245 10.96354351937771 19.05184528976679 1009.772176146507 0 0.1707444116473198 0.3324501141905785 0.09363393485546112 8.372500255703926 0.1563774943351746 0.683987945318222 0.2737036421895027 46.37043530493975 0.1348077654838562 0.7272396311163902 0 12.27723613381386 146.5862174779177 1.339460462331772 0.101977065205574 95.6267020329833 0 39.67043113335967 1.104361549019814 154.8567332997918 4.369517281651497 92.32635130733252 10.44169863313437 2014.439599134028 74.39877206087112 2.117065355181694 5.073575608432293 0 0 0 0 0 0 0 0 0 0.07740679383277893 0 0 0 0 0 0 0 0 0 0 0 0 0 0.2751290425658226 0 0 0 0.541640043258667 0 0 0 0 0 0 0 0 0 0 0 0 0 0 0
13.49422826617956 0.4581191353499889 14.39253737404943 73.43063449859619 362.4683872759342 10388.12165860832 500.4316042363644 4758.752823915333 167.9893438592553 8975.476468995214 98.59870483726263 3071.340301670134 42.69728289917111 559.5896403230727 2453.357620120049 0.3330799415707588 5.631431721150875 7.745262213051319 6.070015702396631 480.751128397882 5.097832530736923 0.3891702964901924 12.56556428968906 86.24664023518562 2.030844762921333 15.51234029233456 7.428053013980389 477.1074034459889 298.4455191381276 47.31004839390516 1.168607123196125 451.0652457848191 1.306329607963562 354.0269132703543 3.68709059804678 638.5433197394013 28.56744840741158 267.1790562383831 53.04037984088063 3678.531948134303 279.6731702238321 12.25495164096355 8.587003722786903 0.2314717769622803 0 0 1.575748398900032 0 1.412440124899149 13.24716970324516 3.112566892057657 17.15952484682202 15.82796692103148 0 11.73262597620487 0 4.120494842529297 0 0.9738734737038612 0 0 0 0.9003774672746658 0.0719812735915184 0.08432190120220184 1.23424132168293 90.73744619637728 0 0 0.3874083235859871 88.50681338831782 1.52014272660017 0.7695892155170441 0 0.0667407363653183 1.217572778463364 1.04228737205267 0.4761868715286255 12.13636496663094 0.1658479571342468 5.356567345559597 1.474432975053787 0 1.436281085014343 0 0
590.2449663802981 3.7141138240695 410.8533149063587 3.446264065802097 5.232743769884109 500.4316042363644 9443.207323294133 2776.732768442482 200.1889233738184 4644.586262129247 40.78393643349409 7.884369790554047 11.68885486200452 3886.060815956444 7.356432288885117 4.255400829017162 18.73402233421803 5.044242326170206 7.068872835487127 4.181403875350952 616.3982185944915 21.91086985915899 302.1005602106452 588.5522638633847 1.371810674667358 22.88674337789416 186.4307561963797 12435.8080361411 1008.012262411416 2572.459203965962 0.7325147986412048 47.29115020856261 119.4412494078279 600.3432301022112 69.74490884691477 1667.027932539582 118.1726769283414 872.1079048849642 519.0776119530201 80.26206134259701 121.4393296763301 4.281464919447899 23.87196207791567 0.363466739654541 0.1835843995213509 1.250840865075588 7.44438835978508 0.2702818810939789 8.487983521074057 54.52249542623758 21.81743941456079 93.78143693506718 63.31941825896502 0.1955584026873112 1.428353346884251 0 2.557195011526346 1.098930835723877 8.77131125330925 0.621037632226944 0 0 7.239127531647682 3.498300224542618 2.949109792709351 4.722945228219032 333.5632747374475 0.1767005324363708 0.3002721704542637 16.45802086591721 330.9409389011562 7.902067363262177 8.225815989077091 0 0.575582817196846 0.7164947614073753 4.328154072165489 2.636358372867107 37.63307839632034 0.8159705325961113 16.29450457915664 7.537212803959846 1.917389273643494 0.3720563873648643 0 0.2359050288796425
532.4996835887432 0.3428730368614197 681.6252591013908 31.00681114196777 28.96855404227972 4758.752823915333 2776.732768442482 10357.68274946883 70.23117575421929 2972.407709371299 105.9668879136443 223.4240120910108 28.65107900649309 4647.394246462733 228.550098516047 0.4258381873369217 214.9606583975255 11.24474343657494 45.03982578963041 95.84140325337648 227.044984780252 2.263758726418018 577.0677148066461 222.1719428226352 1.14394199103117 94.60783626884222 158.4978710375726 625.9947860129178 758.0614896453917 1986.517510261387 1.094401005655527 229.0589472725987 16.11528249084949 587.7007882595062 8.53834593296051 337.413168694824 31.56524460762739 323.3987493626773 93.37438024580479 436.5308356806636 62.45845501869917 5.289344176650047 5.045937716960907 0.2303867861628532 0.2099349796772003 1.507088661193848 1.755722813308239 0 2.192174047231674 15.17748830467463 6.685039233416319 34.29666156321764 19.97283586487174 0 0.6223903596401215 0.06995506584644318 3.284620843827724 0 1.287251435220242 0.2348572760820389 0 0.08629695326089859 0.3542664051055908 1.205414190888405 0.4226194396615028 1.013390548527241 123.5307572893798 0.159009076654911 0.4844672903418541 6.934208527207375 142.3597745150328 4.27457058802247 3.686372131109238 0 0 0.6164743155241013 1.575674548745155 0 24.97703640908003 0.1029838770627975 8.66800644993782 3.415542595088482 0 0.2887166738510132 0 0
0.4022990092635155 346.7359354272485 2.857235759496689 275.8857271671295 97.80592812597752 167.9893438592553 200.1889233738184 70.23117575421929 382.6895660832524 607.39671048522 3.012866102159023 660.5288900732994 19.45773442834616 4.942524515092373 773.4649847522378 3.566162593662739 0.8509466797113419 0.4699229151010513 0.7179885804653168 516.6285034120083 12.53967041522264 2190.367267124355 1.772274442017078 7745.245980665088 52.6925497725606 36.45102211833 256.4434266835451 2382.200140208006 14.24001453816891 37.84109826385975 3.476234212517738 3.686296790838242 1.389326356351376 8.500570796430111 1.046721003949642 42.29867357760668 7.265336573123932 9.873223409056664 9.234856724739075 199.6298906356096 1.326062373816967 0.4162947982549667 0.1047792881727219 4.181782051920891 3.041737601161003 5.054164245724678 27.87748039513826 0 2.362000085413456 63.23246669024229 18.34584492444992 34.0820550173521 77.03813022375107 0.5638617426156998 18.54553178697824 0.1249732077121735 3.536006279289722 0.1701821982860565 88.33442363142967 1.191527247428894 0.1225332170724869 0.3254621177911758 23.21132938563824 28.87277143448591 6.980559565126896 11.27885280549526 1155.06714181602 0 1.495470877736807 10.02044475823641 515.4373587891459 39.36510265991092 62.60833447426558 0 0.307787612080574 8.678990073502064 8.725434765219688 0.8223626017570496 97.18761623650789 1.748229332268238 34.92766129598022 19.40035543590784 10.61912817507982 1.233895257115364 0 1.116932392120361
22.00350974500179 1.139952130615711 43.15181869268417 6288.116639249027 33.08514819294214 8975.476468995214 4644.586262129247 2972.407709371299 607.39671048522 14981.81529764086 157.3024836815894 4175.961532481015 40.37925987318158 646.8272446468472 138.2511482834816 1.566042274236679 3.445578809827566 17.52170091494918 14.58198814466596 4931.456836521626 43.20662615075707 2.642982214689255 32.86953388899565 1036.575731135905 2.826251521706581 33.2410200163722 25.75599878653884 7292.633874621242 867.704990144819 39.16915848106146 2.340750560164452 224.2432662025094 23.98147946596146 996.9095825254917 34.86937227845192 2543.152680188417 132.2195259928703 1106.473324395716 302.8154166936874 446.085486009717 232.9864932745695 8.173385269939899 30.59722007066011 1.127985656261444 0.8882595077157021 0.6865929290652275 31.59991887956858 0.6197044849395752 19.99271477013826 138.5131346285343 57.93682850152254 207.8872578218579 240.8535034880042 0.0774419829249382 22.07058031111956 1.630496859550476 10.36840676888824 1.056407831609249 4.162157535552979 0 0 0 27.45688772946596 1.792907476425171 3.75657407194376 1.799549259245396 840.3077591061592 0 0.1289826557040215 1.520431078970432 735.7228542603552 12.57227778434753 4.487451404333115 0 0.7277243323624134 2.222640410065651 6.041656691581011 2.353950589895248 44.7707118242979 0.8205505013465881 29.3443069010973 12.50378395244479 8.675398357212543 1.727975517511368 0 0.1774794906377792
10.19803687185049 101.2173282876611 20.39742287993431 5.939178422093391 5.537289783358574 98.59870483726263 40.78393643349409 105.9668879136443 3.012866102159023 157.3024836815894 6115.990351825953 48.62034414336085 1911.086823709309 45.58161002025008 1.912932574748993 0.3306484818458557 67.54965240880847 1690.779374249279 921.8029680363834 22.53269471600652 5.681168090552092 21.47978314757347 41.35681015625596 10.83699817582965 716.7289115861058 1076.401301681995 280.6485079973936 21.12881489470601 109.8568721525371 20.05820303410292 268.8666514083743 141.2966737262905 3.111972630023956 4770.683053761721 15.68132228404284 458.5329276844859 3419.105821207166 5828.306559804827 860.6689283698797 26.83071071654558 54.77658397704363 1024.401480451226 5.048138037323952 0 2.171966597437859 0 0 0 0 1.090713880956173 0 0.3083976432681084 0.4858845174312592 129.8332995995879 0.2234331741929054 305.5447995662689 0 0 0.1218511983752251 0.1559059917926788 3.477239996194839 0.2218188345432281 0 0 0.5500035509467125 0 1.791375827044249 75.14172003418207 34.15582859516144 34.44194953888655 0.9756722487509251 0 0 37.0997199267149 0.1250768005847931 0 2.135621912777424 2.89297004789114 21.30039720982313 104.0493204444647 6.617042541503906 0.7451556473970413 0 0.2296325266361237 41.22635301947594 0
0.6262568756937981 0.3009718656539917 0.1478578746318817 2881.009607307613 68.08328656852245 3071.340301670134 7.884369790554047 223.4240120910108 660.5288900732994 4175.961532481015 48.62034414336085 3597.140140153468 13.05544931441545 103.3757524751127 1686.609195016325 0 0.2171635553240776 5.143555447459221 3.121086820960045 3649.700813531876 0.2262798100709915 0.08766010403633118 0.2275225967168808 95.92966312170029 0.5521718934178352 9.139902912080288 2.249454390257597 129.2697202637792 136.664062473923 0.5884290263056755 0.4558066762983799 85.15558678656816 0.1061432138085365 216.5570290386677 0 551.769281513989 14.46534485369921 163.2057228796184 21.47187338769436 1104.772549845278 43.69932848960161 2.057155206799507 2.299642771482468 0 0.1682396829128265 0 12.69511307775974 0 2.889606930315495 12.58351292461157 2.833481281995773 100.0311259776354 34.58158262073994 0.09130682796239853 24.59566723555326 0 0.6128032803535461 6.233881592750549 0 0 0 0 7.975914418697357 0.32108074426651 0 0 325.1508266553283 0 0.07761133462190628 0.4156244695186615 110.1136703640223 0.8335616663098335 0.08878052979707718 0 0 0 0.5457425564527512 0.4814217388629913 0.7832786217331886 0 1.257250539958477 0.1961519122123718 15.22593277692795 0 0 0
1.414052918553352 625.1544778347015 1.395307451486588 1.809180676937103 10.96354351937771 42.69728289917111 11.68885486200452 28.65107900649309 19.45773442834616 40.37925987318158 1911.086823709309 13.05544931441545 3989.16142872721 10.49986408650875 0.4491868540644646 6.842658184468746 2.114250965416431 87.54693388938904 5.992766715586185 4.773969203233719 8.532852713018656 142.7406013607979 21.1807970777154 55.67695055156946 4403.392259411514 139.7531971484423 2719.593147434294 17.91511151194572 13.09779584035277 4.599909126758575 1072.718447379768 71.02238797396421 0.1338851749897003 988.0337075255811 58.27079690992832 1542.282294601202 3558.505312636495 2527.980741858482 458.1524662747979 92.51581134647131 151.1012801751494 1833.673941656947 3.796711422502995 0 7.855294905602932 0 0.4926155507564545 0 0 0 0 0.4226504638791084 0 273.312970250845 0.08326885849237442 663.1600184291601 0 0 0 0 4.653603628277779 0.3637569546699524 0 0.3140202760696411 0.2631479129195213 0.4979015588760376 0.2644066624343395 229.6982276812196 109.3181068375707 113.4969768077135 1.26677755266428 0 0 76.424939699471 0 0 5.957018084824085 18.04578875005245 190.8398057296872 302.8898865431547 12.07449839264154 0.1047629714012146 1.072244167327881 0 134.1182444319129 0
5192.115201603621 0.125739723443985 311.9196179099381 12.33787608146667 19.05184528976679 559.5896403230727 3886.060815956444 4647.394246462733 4.942524515092373 646.8272446468472 45.58161002025008 103.3757524751127 10.49986408650875 9327.939294714481 10.27637809514999 0.955460786819458 138.6640955805779 5.934077575802803 25.98399478569627 45.60190112143755 110.7724318914115 0.4201007187366486 286.5447058044374 47.89670897275209 0.2528263032436371 45.04402562230825 81.03028747811913 260.4027688279748 4294.486947968602 3033.610070645809 0.4833389818668365 168.0468325950205 9.265147261321545 335.1653308682144 1.245586201548576 145.6532896719873 18.64205181598663 141.3361236564815 37.69030813500285 60.1126531586051 15.94728317856789 1.072009928524494 2.014659158885479 0 0.2088291123509407 0.5796042755246162 0 0 0.05300493538379669 2.033777885138988 0 3.139438670128584 0.4293636083602905 0 0.2357866615056992 0 0 0 2.789316643029451 0.1016876474022865 0 0 0.07783078402280807 0 0 0.7011193558573723 11.08588440343738 0 0.2858293280005455 1.575967587530613 10.52961124107242 0.3367860093712807 0.1161164566874504 0 0 0 0 0 2.811974667012691 0 0.8904246389865875 0.1480269730091095 0.09973788261413574 0 0 0
0.08470772951841354 2.1759172976017 0.3332187384366989 58.06049913167953 1009.772176146507 2453.357620120049 7.356432288885117 228.550098516047 773.4649847522378 138.2511482834816 1.912932574748993 1686.609195016325 0.4491868540644646 10.27637809514999 369.5419449359179 0 0.09405204653739929 0.1597817689180374 0.1875865831971169 130.5331118926406 0.09005303680896759 15.55691079795361 0 946.7448284551501 0.6501938700675964 0.3269094973802567 2.958983331918716 141.8361020237207 5.509877048432827 0.2272131219506264 0 244.5072375237942 0 6.48054476082325 0 349.8808797001839 0.1661810502409935 2.67521046847105 0.7001355439424515 703.683887720108 21.28130359202623 0.254585325717926 0.1326723694801331 0 0.3634862154722214 0 0.1730011254549026 0 0 0.15212282538414 0 0 0.1007075086236 0 0.3493613451719284 0 0 0 0 0 0 0 0 0 0 0 3.506922751665115 0 0.1881657391786575 0 4.273101650178432 0 0 0 0 0 0 0 0 0 0.1161256358027458 0 0 0 0 0
0.5484521239995956 66.34162399172783 4.852659732103348 0 0 0.3330799415707588 4.255400829017162 0.4258381873369217 3.566162593662739 1.566042274236679 0.3306484818458557 0 6.842658184468746 0.955460786819458 0 1945.777498885989 8.481044083833694 0.3346180766820908 1.640436805784702 0.1438204199075699 1442.7600325495 3189.011008769274 4027.917330376804 880.631795860827 13.82074099034071 8.986233152449131 6321.345455363393 1326.314264945686 10.00840845704079 17.87558522820473 0.2418004125356674 0.09869299829006195 2.257268831133842 48.98671754449606 24.64811927080154 1851.991940453649 461.8931890055537 325.2172235101461 970.1207671090961 46.80614802986383 2.687667638063431 1.149051442742348 7.441812291741371 0.5547139644622803 4.397923067212105 5.430451288819313 0 0 0 1.110920652747154 0.1092664301395416 31.87253626435995 0 0 0 7.363181114196777 0.7078529298305511 0 2785.665468975902 1.748095571994781 0 0.3226293325424194 0 320.6028871461749 963.7553388848901 872.2837397828698 36.56276239454746 0 0.7899603396654129 737.781983114779 121.9979980364442 1.270202592015266 31.56972911208868 0 0 0.3688445687294006 3.45477469265461 0.4386151432991028 98.18055699020624 14.23464668542147 15.08459044247866 13.73242218792439 4.515538305044174 0 3.339044064283371 0.2396405786275864
40.71221993863583 11.01797293126583 7143.182652488351 0 0.1707444116473198 5.631431721150875 18.73402233421803 214.9606583975255 0.8509466797113419 3.445578809827566 67.54965240880847 0.2171635553240776 2.114250965416431 138.6640955805779 0.09405204653739929 8.481044083833694 809.1566044315696 114.5933498740196 1850.600734177977 0 878.7206047475338 15.29772664606571 3861.486566931009 10.71589286625385 0.8199785798788071 4111.869834255427 5637.742673128843 15.8541629165411 232.0937603749335 1139.724676668644 1.118663460016251 2.737146228551865 33.16980933398008 2277.393212653697 5.196477510035038 88.27996485680342 35.04656864702702 1384.011050485075 380.4841379821301 3.325751751661301 1.3184929266572 0.1179297119379044 0.258172944188118 0 35.666050106287 60.75683286041021 0 0 0 0 0.1587192863225937 0 0 0.2516380921006203 0 0.1633216887712479 0.1058791354298592 0 0.4021990597248077 15.34960394352674 0.3546916842460632 6.342165231704712 0 0 0.9751953408122063 4.273111760616302 0.4128701761364937 0 86.8077934756875 214.0838776677847 0 0 0.5025112926959991 0.3369414731860161 0 0 0.3773295283317566 0.2856635451316833 11.62167808413506 0.1027089133858681 3.67834859341383 1.9669429063797 0.4197893887758255 0 0 0
1.146979004144669 5.143387287855148 24.44348157942295 0.6098200231790543 0.3324501141905785 7.745262213051319 5.044242326170206 11.24474343657494 0.4699229151010513 17.52170091494918 1690.779374249279 5.143555447459221 87.54693388938904 5.934077575802803 0.1597817689180374 0.3346180766820908 114.5933498740196 177.0936022177339 2000.713159970939 1.876205150038004 1.590772315859795 1.706935666501522 12.97883768752217 1.093587160110474 187.8072365820408 1145.37949372828 801.6393374875188 2.981694508343935 12.06936409696937 6.422600563615561 149.2827521562576 7.373746909201145 0.4427992105484009 593.3948490172625 13.76359716802835 380.5745473876595 1251.65026345849 1035.134307794273 267.6064726859331 5.811094596982002 0.3750255182385445 36.81953646242619 0.6962902247905731 0 2.772268041968346 0.112417533993721 0 0 0 0.07739080488681793 0 0.1147584840655327 0 66.53380946069956 0 185.9351615831256 0 0 0 0 6.784082554280758 0.695868544280529 0 0 0.08221638202667236 0 0.1859821081161499 19.16079662740231 201.2757727950811 171.3533583283424 0 0 0 92.60310027748346 0 0 1.03339921683073 0.7108438611030579 12.30828516930342 27.25185153633356 1.771932616829872 0.4441255107522011 0.1117965579032898 0 0.2445354163646698 0
9.110660277307034 7.403224632143974 528.2204906865954 0.07710912823677063 0.09363393485546112 6.070015702396631 7.068872835487127 45.03982578963041 0.7179885804653168 14.58198814466596 921.8029680363834 3.121086820960045 5.992766715586185 25.98399478569627 0.1875865831971169 1.640436805784702 1850.600734177977 2000.713159970939 2191.016524985433 1.149994067847729 59.27050586789846 6.822060637176037 685.65504963696 4.993941910564899 6.970580421388149 2588.489631988108 1648.832591660321 3.273881800472736 55.06569296866655 142.408389441669 3.072574034333229 5.918324634432793 8.054179720580578 3840.60204461962 13.73826507478952 591.4823932722211 613.8268086910248 2321.373298503458 535.6066881269217 11.06827874481678 0.5933501869440079 1.239535950124264 2.443105772137642 0 13.44788517802954 10.57250291109085 0 0 0 0 0 0.6300776153802872 0 2.439924225211143 0 10.45225381851196 0 0 0 3.398322716355324 3.057536922395229 5.003700941801071 0 0 0.5713074803352356 0.3711062967777252 0.9716141819953918 4.956441588699818 232.3391030654311 217.0750398859382 0.08278214186429977 0 0 5.3260647803545 0 0 0.4158856421709061 0.8722948059439659 6.364605128765106 2.029155485332012 1.431912899017334 0 0 0 0 0
0.2415760904550552 0.0756324902176857 0.137506291270256 3370.527090638876 8.372500255703926 480.751128397882 4.181403875350952 95.84140325337648 516.6285034120083 4931.456836521626 22.53269471600652 3649.700813531876 4.773969203233719 45.60190112143755 130.5331118926406 0.1438204199075699 0 1.876205150038004 1.149994067847729 355.6177602522075 0.1819907277822495 0 0.2108723074197769 272.3111834749579 0.1523972526192665 4.549703769385815 1.044948663562536 1908.512341491878 80.06549486145377 0.597821980714798 0.2922343909740448 31.99922772496939 0.4677550941705704 101.5050903707743 1.003018572926521 331.1200836077332 14.8588023558259 108.5180091261864 21.5149107798934 222.0915741175413 27.8274931460619 1.418024450540543 2.627822816371918 0.4807838499546051 0 0 8.351811766624451 0 1.509896084666252 28.67804774641991 12.50622440874577 42.54042539745569 52.0118584856391 0.280621774494648 7.712994918227196 0 1.70323096960783 2.450802326202393 1.130842462182045 0 0 0 3.89998297393322 0.2073601186275482 0.7726529687643051 0.9512024372816086 169.6534562110901 0 0.1041576191782951 1.807714521884918 152.8581615388393 4.246136322617531 0.1496740132570267 0 0.45091712474823 0.3745390400290489 2.491509027779102 0.4688427448272705 7.937724329531193 0 7.776952676475048 3.072693660855293 3.971644252538681 0.07327115535736084 0 0
23.26730509102345 5.479268714785576 1077.932671897113 0 0.1563774943351746 5.097832530736923 616.3982185944915 227.044984780252 12.53967041522264 43.20662615075707 5.681168090552092 0.2262798100709915 8.532852713018656 110.7724318914115 0.09005303680896759 1442.7600325495 878.7206047475338 1.590772315859795 59.27050586789846 0.1819907277822495 7910.887453272939 270.1310393735766 15307.14489528537 435.9666236191988 12.17369640618563 32.95867769792676 1807.11606015265 3576.540801122785 226.7940790094435 9674.263445995748 0.2329570800065994 1.816669702529907 73.13663560897112 3817.521890349686 122.5582996681333 4186.532621532679 224.5502065047622 3739.744950734079 3640.184066213667 72.25513464957476 19.86815623193979 6.457790955901146 16.38877345621586 2.068697527050972 0 2.378505952656269 0 0 0 0.9539949744939804 0.5484838634729385 74.12519055604935 0.1016516610980034 0 0 1.198645830154419 1.254260390996933 0 525.5527437925339 0.3142590969800949 0.1028826758265495 0 0 230.9529041722417 148.4985511377454 58.98741282522678 67.38543995469809 0 0.3607743382453918 25.87265752255917 164.9797389507294 4.492229402065277 42.74708140641451 0.2721704244613647 0.3965950608253479 1.492523223161697 6.201977670192719 4.033895038068295 39.25735680758953 1.501310586929321 7.552927330136299 5.538292646408081 3.930819004774094 0 0 0.5691508054733276
0 2446.022347576916 30.06395797431469 0 0.683987945318222 0.3891702964901924 21.91086985915899 2.263758726418018 2190.367267124355 2.642982214689255 21.47978314757347 0.08766010403633118 142.7406013607979 0.4201007187366486 15.55691079795361 3189.011008769274 15.29772664606571 1.706935666501522 6.822060637176037 0 270.1310393735766 1171.24068506062 516.9055454358459 5466.771433331072 404.1985945999622 121.5534693226218 5203.851225070655 580.6678906828165 3.210212856531143 7.264320775866508 23.92860978096724 0.5316700488328934 0.4503038004040718 17.99778070300817 0.4166650474071503 106.8445403948426 71.62941654771566 82.95305386185646 54.05821774154902 26.36081875860691 0.1060798242688179 6.796744272112846 0 0.1264349967241287 31.34864403307438 30.06818903982639 0 0.9616351723670959 0 2.884282231330872 0.5817828550934792 12.85398177057505 0.7882500290870667 0.351666234433651 0 1.096681490540504 1.266909427940845 0 2491.882410347462 4.000661499798298 0.1028858795762062 0.3680483996868134 0 289.8377507999539 314.4800534620881 813.1986673697829 62.93196003884077 0.9541406854987144 5.320564888417721 1967.049393802881 141.1528812795877 6.469390265643597 44.787692733109 0.3852845057845116 0.3356715738773346 0.4745489060878754 4.3945372402668 0.7684585452079773 161.4280166849494 15.81060776114464 30.35139185190201 44.9568609520793 4.835485979914665 0 0 0.471070408821106
64.31772266328335 2.070787124335766 8747.188584826887 0 0.2737036421895027 12.56556428968906 302.1005602106452 577.0677148066461 1.772274442017078 32.86953388899565 41.35681015625596 0.2275225967168808 21.1807970777154 286.5447058044374 0 4027.917330376804 3861.486566931009 12.97883768752217 685.65504963696 0.2108723074197769 15307.14489528537 516.9055454358459 18388.9461485222 263.0058164522052 1.740794643759727 415.6711070612073 10984.1640599966 845.2204572856426 367.9049206711352 5613.496820293367 0.2503805905580521 5.120128102600574 71.97795261442661 3797.572122991085 95.61538466066122 6167.425663925707 867.7554322704673 8453.868542149663 8403.980845756829 324.4727043136954 39.43463872373104 17.26721777021885 44.4785006120801 0 3.063532665371895 12.81223509460688 0 0 0 0.5149458348751068 0.3868403136730194 3.678168743848801 0 0 0 0 0 0 872.6361736506224 1.73758465051651 0 0.672362208366394 0 71.62091933190823 294.8770003095269 350.4370454251766 13.32182312756777 0 8.804744072258472 620.4103612974286 28.30277570709586 0.3576124906539917 6.576840750873089 0 0 0 0.53125961124897 3.054704092442989 53.44979272782803 8.516303077340126 15.92676766961813 18.31999569386244 0.9710236638784409 0 0.2905473411083221 0.8034413903951645
16.12450841069221 770.9369421675801 6.938675574958324 410.7721440792084 46.37043530493975 86.24664023518562 588.5522638633847 222.1719428226352 7745.245980665088 1036.575731135905 10.83699817582965 95.92966312170029 55.67695055156946 47.89670897275209 946.7448284551501 880.631795860827 10.71589286625385 1.093587160110474 4.993941910564899 272.3111834749579 435.9666236191988 5466.771433331072 263.0058164522052 5543.771993309259 136.5514256805182 84.34703359007835 1800.889602072537 8728.054080419242 170.347226742655 427.7819554433227 9.269066408276558 12.38789293169975 54.6036365032196 164.836338095367 59.22414334863424 1085.50158367306 46.39761940389872 233.9061798229814 312.3257134407759 717.1326405033469 26.73204162716866 7.794921666383743 11.10924468189478 15.88373609632254 10.01079412549734 20.4137037396431 45.73163110017776 0.2436317950487137 18.47305737063289 216.4969386346638 87.96964825317264 1126.002838596702 258.7679760456085 1.577279664576054 31.76645521447062 5.98237793520093 17.27386666461825 1.288500674068928 783.8295606076717 1.693290263414383 0.5513929650187492 0.5437006801366806 48.83072852343321 331.7626324743032 157.4560114070773 88.60794699192047 2273.266197700053 0.2367902919650078 6.92020321637392 79.77580632641912 1924.464301712811 88.28792788460851 183.0712839961052 0.07361578941345215 1.953319046646357 16.44185397773981 42.38223055005074 4.317845769226551 368.1086517646909 6.187123194336891 136.3124400749803 64.65466060116887 41.86658399924636 2.234176509082317 4.78331995010376 5.745852321386337
0.3630997538566589 1004.949302777648 0.1384618580341339 0 0.1348077654838562 2.030844762921333 1.371810674667358 1.14394199103117 52.6925497725606 2.826251521706581 716.7289115861058 0.5521718934178352 4403.392259411514 0.2528263032436371 0.6501938700675964 13.82074099034071 0.8199785798788071 187.8072365820408 6.970580421388149 0.1523972526192665 12.17369640618563 404.1985945999622 1.740794643759727 136.5514256805182 373.7689620777965 1032.793822579086 4613.801744423807 25.38811583071947 0.7405002266168594 0.4666572064161301 1218.080331653357 5.728945821523666 0.1007399782538414 279.282546184957 16.55843003094196 817.0031570866704 743.482837446034 624.4060607776046 149.0246418341994 45.92961601167917 106.4768978506327 620.7431352064013 6.997698113322258 0 7.541195809841156 0.3097240477800369 0 0 0.1346358209848404 0.4006448090076447 0.506941482424736 0.38787741959095 1.680337451398373 155.2739437520504 0 608.9548764899373 0 0 0.2918699383735657 0 11.9740246757865 3.354447349905968 0 0 0.3932787179946899 0.3639364391565323 1.31024158000946 49.70088628679514 280.8164586797357 827.4732580929995 0.1428121030330658 0 0 69.31081346422434 0 0 5.50884523242712 7.30166520178318 387.7564541399479 33.63381100445986 18.81695602089167 11.11909725517035 3.162029720842838 4.58131468296051 20.33772286772728 0
9.350671373307705 234.5554807037115 8921.94420837611 1.164305925369263 0.7272396311163902 15.51234029233456 22.88674337789416 94.60783626884222 36.45102211833 33.2410200163722 1076.401301681995 9.139902912080288 139.7531971484423 45.04402562230825 0.3269094973802567 8.986233152449131 4111.869834255427 1145.37949372828 2588.489631988108 4.549703769385815 32.95867769792676 121.5534693226218 415.6711070612073 84.34703359007835 1032.793822579086 16582.08152361214 8667.313285592943 15.71828649193048 55.92416546493769 83.20886823907495 342.7541669085622 13.1963060349226 5.927400335669518 1312.613513987511 57.35863012075424 2297.126617893577 4676.359362259507 3431.208241399378 1210.965708769858 44.96827889233828 4.341915301978588 167.9343273565173 5.777782902121544 0.27284175157547 383.5519939139485 169.2839923575521 0 0 0.4159274995326996 0.6092804707586765 0.2804318591952324 1.333491116762161 0.1627810895442963 194.065048456192 0.3085173964500427 610.1972246021032 0.5759060308337212 0.09919919073581696 0.7153428792953491 60.63202907890081 59.90077873319387 78.16002184897661 0 1.310969568789005 5.919181503355503 6.791277982294559 7.504244554787874 272.6983648687601 3001.940349660814 3798.436946026981 1.528959229588509 0.3826341181993484 0.9621258229017258 300.1882521659136 0.5724006742238998 0 9.753153644502163 6.873759627342224 82.54987228661776 98.40813745558262 34.90664404630661 11.32382006943226 0.278485581278801 0.0951087698340416 3.714519307017326 0.10519128292799
14.72337691485882 3532.72307317704 4294.093814365566 0.5946422219276428 0 7.428053013980389 186.4307561963797 158.4978710375726 256.4434266835451 25.75599878653884 280.6485079973936 2.249454390257597 2719.593147434294 81.03028747811913 2.958983331918716 6321.345455363393 5637.742673128843 801.6393374875188 1648.832591660321 1.044948663562536 1807.11606015265 5203.851225070655 10984.1640599966 1800.889602072537 4613.801744423807 8667.313285592943 21624.2569231838 1581.472722657025 78.07878462225199 220.6827026754618 425.0277818292379 4.664790220558643 11.99836442619562 1986.323597632349 115.6570748835802 7283.768459282815 3681.405703403056 8301.462291762233 4743.819911260158 223.7853906527162 18.23610870540142 53.90385289490223 37.12761717289686 1.039493300020695 2462.767379328609 2071.228875428438 0 0 0.1540270149707794 5.989786028862 1.478031173348427 7.694060362875462 0.8531091511249542 89.93552110344172 0.09616231173276901 308.8817130029202 1.933093041181564 0.10263841599226 748.9417831078172 385.5964925289154 46.9023983925581 122.4014601558447 0 40.41683711856604 1057.428486607969 1249.76193138212 49.35505323857069 346.6822727099061 3063.35277095437 11955.85080890357 37.41812931001186 1.415685750544071 19.64511124789715 178.3985256776214 0.0874885693192482 1.065476953983307 61.27617613971233 18.27507722377777 834.5005273148417 156.2025967761874 312.566671602428 223.8127377033234 19.11245366930962 0.9083626568317413 3.822829075157642 5.128338515758514
47.14658402651548 56.77822860330343 130.2418610751629 2473.132940076292 12.27723613381386 477.1074034459889 12435.8080361411 625.9947860129178 2382.200140208006 7292.633874621242 21.12881489470601 129.2697202637792 17.91511151194572 260.4027688279748 141.8361020237207 1326.314264945686 15.8541629165411 2.981694508343935 3.273881800472736 1908.512341491878 3576.540801122785 580.6678906828165 845.2204572856426 8728.054080419242 25.38811583071947 15.71828649193048 1581.472722657025 14739.14355507493 991.2533676587045 5346.569295745343 0.5923284888267517 30.44978534057736 420.6653008833528 1181.092074327171 283.1869254261255 3686.944508828223 141.5443035140634 1345.656768988818 1780.105432912707 329.192534096539 118.9446296542883 9.590620182454586 44.93186270445585 17.55131647735834 1.459850609302521 13.67512295395136 47.62293174862862 0.1198768690228462 24.26892871782184 275.770175665617 94.56806384027004 863.0096893310547 329.7478555366397 0.835357341915369 22.54527270793915 8.578883118927479 19.87308280542493 1.537593901157379 628.8685719966888 1.826399356126785 0 0.495917797088623 44.45831403136253 288.1075776070356 93.04518028348684 65.5104704387486 2518.970588136464 0 4.271294418722391 61.43093850463629 2170.368656795472 90.16549852862954 182.2365333512425 0 2.732087798416615 13.54511161148548 46.88368944823742 18.89000319689512 322.0226409323514 6.824248902499676 131.3442803770304 66.32968197017908 32.6297806724906 4.395508296787739 5.234119407832623 2.464429207146168
3110.274045545608 0.3971741758286953 212.0599362030625 27.05305270850658 146.5862174779177 298.4455191381276 1008.012262411416 758.0614896453917 14.24001453816891 867.704990144819 109.8568721525371 136.664062473923 13.09779584035277 4294.486947968602 5.509877048432827 10.00840845704079 232.0937603749335 12.06936409696937 55.06569296866655 80.06549486145377 226.7940790094435 3.210212856531143 367.9049206711352 170.347226742655 0.7405002266168594 55.92416546493769 78.07878462225199 991.2533676587045 14108.32044291124 3334.973199579865 0.9256125316023827 1137.085397113115 1546.889321364462 2744.070827361196 3.162302047014236 255.6919711753726 94.57768275588751 502.1769842728972 112.9500195607543 62.60850521922112 81.00070669874549 3.165299214422703 3.878636166453362 0.08891678601503372 0.1621429920196533 0.3065926805138588 0.08218590170145035 0 0 3.084029696881771 1.66104095056653 9.147265590727329 2.525808028876781 0 0.2007997334003448 0 0.462040901184082 0 4.573155909776688 0.2800411880016327 0.301999032497406 0 0 2.780179135501385 0.8558485135436058 1.586189910769463 33.01669304072857 0 0.3711286708712578 3.111888252198696 24.44840279966593 0.8353691175580025 3.596388638019562 0 0.2277127653360367 0.5337644889950752 0.9328800141811371 0.4636598825454712 5.875808887183666 0 1.734687924385071 0.562797799706459 1.493678629398346 0 0 0
1721.764563381672 0.3841413035988808 999.0019753314555 0.1895658597350121 1.339460462331772 47.31004839390516 2572.459203965962 1986.517510261387 37.84109826385975 39.16915848106146 20.05820303410292 0.5884290263056755 4.599909126758575 3033.610070645809 0.2272131219506264 17.87558522820473 1139.724676668644 6.422600563615561 142.408389441669 0.597821980714798 9674.263445995748 7.264320775866508 5613.496820293367 427.7819554433227 0.4666572064161301 83.20886823907495 220.6827026754618 5346.569295745343 3334.973199579865 8010.095238965005 0.2668693140149117 23.81165632233024 597.9877972304821 3121.579974263906 90.47012843936682 769.3354500159621 156.0963049456477 1489.357395287603 1262.310338892043 37.11662812530994 27.2867139056325 0.8635044246912003 11.67135456949472 0.4869240522384644 0 1.009158834815025 0 0 0.6195122599601746 6.849644295871258 2.187589257955551 28.90963730216026 3.744807131588459 0 0 3.42719578742981 0.6173273324966431 0 30.74449978768826 0.1965762674808502 0 0.1397081315517426 0 11.80423251539469 3.626585938036442 2.576688513159752 61.43250532448292 0 0.8364055901765823 7.779047459363937 47.5435491129756 4.149431020021439 12.71882125735283 0.06275087594985962 0 1.39349502325058 4.874939650297165 7.121744900941849 30.29594053328037 0.07449371367692947 10.89199402928352 6.260718777775764 2.525122582912445 0 0 0
