819.0925896018744 0 230.5806653052568 2.258394256234169 0.619059756398201 14.68255300074816 1499.694169819355 381.2359817624092 13.7675398811698 25.2828002423048 22.33683589100838 1.146395578980446 0.8319445326924324 3600.310622882098 0.08018597960472107 1.098229922354221 166.9828475862741 9.881614238023758 68.45307134091854 0.7082504779100418 55.65302244573832 0.2133021578192711 175.463133469224 83.77021117508411 0 48.269247405231 42.17395659536123 227.0579568296671 2510.856498748064 2677.914755150676 0.3648888394236565 4.273876309394836 41.4796674773097 128.4938993379474 0.3198961317539215 11.44094295054674 2.033070556819439 116.9768359363079 13.21570384129882 0.7317452281713486 2.529467046260834 0 0.210198387503624 0 0 0.3854104280471802 0.2299021482467651 0 0 3.295988894999027 0.3225982189178467 2.369807586073875 0 0 0 0 0.4623195976018906 0 0 0 0 0.3258993774652481 0 0.1366193294525146 0 0 6.803400583565235 0 1.061356209218502 4.74963317066431 2.052393235266209 0.9011765792965889 1.760861665010452 0 0 0.9391352087259293 0.7325725927948952 0 14.96300968527794 0 2.173887021839619 1.131468802690506 0.3102630525827408 0.06649338454008102 0 0
0 67.59313662350178 4.231078028678894 0 0.2837435752153397 0.5857834219932556 1.18151593208313 0 767.8706016093493 0.3317336440086365 5.502059660851955 0.3066550642251968 506.1074023991823 0.111789882183075 9.518874533474445 44.70587819069624 0.1477698385715485 11.13308493793011 0.5421444922685623 0.4265361428260803 0.9941832423210144 2003.185583025217 1.679503872990608 401.256788611412 868.2654819041491 114.3823156580329 1884.576313339174 15.60786680877209 1.083600625395775 5.823253951966763 82.83005037903786 0 0.1181401237845421 26.50145737826824 0 16.21825875341892 32.88891646265984 8.540336728096008 7.925097465515137 6.865991063416004 0 86.7144703567028 0 0 58.08777044713497 13.61264487355947 0 0 0 0.8473136425018311 0 0.3159124851226807 0 2.970532156527042 0 5.827985793352127 0.0989077091217041 0 0.2870944887399673 4.994969181716442 0.7765877246856689 12.45382487773895 0 0.09962672740221024 14.574981585145 1.891882568597794 0.1580335050821304 11.81822419166565 70.85566968470812 241.2554264962673 0.3688048422336578 0 0.2258035019040108 3.759227491915226 0 0.1501549482345581 0.3250304684042931 0 5.82043831795454 5.500968784093857 6.701783299446106 1.23430061340332 0 0 0.9436360597610474 0
230.5806653052568 4.231078028678894 2798.103786341846 3.389402091503143 1.220428377389908 79.17280705273151 560.9954398721457 602.1614703759551 0.4948450475931168 20.31720527261496 112.5954369679093 2.403501965105534 2.607562780380249 892.866142988205 1.309759326279163 3.916872143745422 8988.109781503677 79.12603608518839 467.072289057076 1.237597495317459 700.3961201012135 18.80302321910858 5912.892875231802 20.19313659891486 0.1055198162794113 6206.889956891537 4095.568481393158 206.6921664699912 416.729684561491 918.5047089830041 2.252755291759968 7.140908785164356 27.41941107809544 1038.98250811547 51.41232390701771 2424.622999116778 932.8385790809989 2291.456772640347 985.5646588653326 82.78307162225246 15.24407287687063 4.349942147731781 15.63470792770386 0.8658071607351303 46.24184013158083 465.6429795920849 0 0 0.06933747977018356 4.830793082714081 1.851263321936131 0.4657199308276176 0 0.3861561715602875 0 0 5.994293421506882 0 8.867033489048481 70.71483197063208 0.5734572112560272 17.66722585260868 0.1234084516763687 1.644375622272491 71.91418291628361 201.9178977608681 3.372974440455437 0.4874590113759041 164.1401411443949 1906.730027765036 2.373391821980476 1.859843641519547 3.071955993771553 0.1621741354465485 0 0 17.97643668949604 4.281231909990311 179.6969901397824 23.96444287896156 105.7170055359602 48.2572835534811 2.80295330286026 0.2942457795143127 0 0.2637772858142853
2.258394256234169 0 3.389402091503143 1906.04023501277 0.8686338365077972 49.18861041218042 108.3835425376892 19.43997959047556 571.3580997139215 2007.019911617041 2.822849176824093 2640.562418982387 0.08719874918460846 24.49051178246737 20.45946069061756 1.072146743535995 0.1247073635458946 0.1592144966125488 0.09044764935970306 2692.538711205125 1.483261540532112 0.7607046067714691 1.251622065901756 1116.139754123986 0 1.906440198421478 3.524529583752155 2272.394247256219 44.33219599723816 1.448386400938034 0.07573909312486649 1.180104523897171 2.207675568759441 21.66414218395948 1.000260435044765 118.9348323717713 2.157746016979218 52.94456356018782 21.89206852018833 39.73386560380459 20.00742586702108 0.9857626259326935 3.142471596598625 0.3557461947202682 0 0.2086906060576439 134.7225261554122 0 1.154513403773308 8.87610425055027 6.696841530501842 151.9244286045432 80.0694068595767 0.1573830470442772 32.32710583508015 0 3.191433884203434 0 0 0 0 0 111.0822763442993 0.1044265180826187 0 0 316.6486491411924 0 0 0.3889119178056717 220.7074142470956 5.995801173150539 0.138401597738266 0.08291712403297424 0 0.4503710344433784 1.71507553011179 0 9.024090476334095 0.1179508566856384 5.879095070064068 1.479183070361614 6.360738463699818 0.762555256485939 0.474828839302063 0.2471514791250229
0.619059756398201 0.2837435752153397 1.220428377389908 0.8686338365077972 0 399.8412475436926 6.085838064551353 462.6922029033303 156.8819525912404 17.26125933974981 14.06003803014755 67.47048423439264 0.858440950512886 6.093957930803299 376.004519701004 0 0.11025520414114 0.3915683180093765 0.4807075411081314 2.468387097120285 0.3612672239542007 0.917433001101017 0.5048912093043327 29.11465384066105 0.3099080920219421 0.3364136666059494 0.7685641050338745 4.503918804228306 34.64307866245508 0.4643240198493004 0.3198477700352669 41.88832972943783 0 123.8523847013712 0.5629532933235168 43.57435865700245 1.084420904517174 222.9644650667906 140.2230587899685 1048.26125241816 76.17825677990913 7.15484020113945 0 0 0 0 1.930211372673512 0 0 0 0 3.579481303691864 2.8871169090271 0 2.142329812049866 0 0 0 0 0 0 0 1.15537928044796 0 0 0 4.077272810041904 0 0 0 1.322035297751427 0 0 0 0 0 0 0 0 0 0.1238112822175026 0 1.693323314189911 0 0 0
14.68255300074816 0.5857834219932556 79.17280705273151 49.18861041218042 399.8412475436926 6192.603701852262 4809.815911538899 4002.183757506311 160.4452443644404 7268.457643344998 79.61287689954042 2842.012420013547 4.762814939022064 482.4435617774725 479.5424789339304 12.14278647303581 13.67506645619869 6.408180259168148 6.038602218031883 233.6814587563276 69.16834362596273 1.974267721176147 66.66718442738056 159.3459181524813 0.3451933041214943 27.23657713085413 45.97163363546133 708.7336997389793 349.0850319154561 34.85810294747353 1.458868227899075 872.9581622332335 10.13395647704601 372.3424972593784 8.334748163819313 201.2803417816758 10.68940906226635 540.9194158799946 214.060780711472 624.6378842890263 138.7887382730842 18.81921681016684 3.906836032867432 0 0.1323628574609756 0.5848205238580704 11.52870913594961 0 0.8035837113857269 7.133306615054607 2.014138132333755 28.16157844662666 8.433190882205963 0 12.39375475049019 0 2.655514881014824 0 0.1834336668252945 0.1221080496907234 0 0 13.89601750671864 0.1538144648075104 0.3919763788580894 0.4708315506577492 56.52010250091553 0 0.2165588662028313 2.872600331902504 30.24971535801888 2.667999364435673 0.5072480961680412 0 0 0.7000362277030945 1.613859161734581 1.69869028031826 10.54371032118797 0.161373570561409 2.544105105102062 1.019259952008724 9.4494658857584 1.593471772968769 0.1882465034723282 0.2080667018890381
1499.694169819355 1.18151593208313 560.9954398721457 108.3835425376892 6.085838064551353 4809.815911538899 10981.59852256253 4167.147494807839 179.2619717866182 6830.432774446905 80.3796754591167 76.75614953786135 2.653377212584019 7513.325346354395 22.58927418291569 131.0259636491537 63.30190835148096 6.365714713931084 11.69531919062138 47.90651902556419 1113.725203387439 13.92771169543266 940.3030747398734 1062.663984961808 0.3524002283811569 120.1499607004225 454.298317566514 15749.95801576972 1677.069391962141 3696.78029859066 2.015848193317652 36.16895437985659 197.8482514321804 455.4741566628218 25.65762069821358 1484.905674725771 33.7054310888052 1162.952398642898 410.3636222109199 143.6862665936351 202.1445469856262 6.828223995864391 39.42076237499714 2.586704738438129 1.356059536337852 6.791523091495037 11.19329020380974 0.2782857418060303 1.622218675911427 161.0008805394173 10.93768806010485 97.20175282657146 5.896220326423645 0.6468666717410088 0.4608080685138702 0.06697040796279907 11.80025348812342 0 1.957388944923878 1.286775968968868 0 0.1794262081384659 3.899540580809116 2.483280450105667 0.6853827908635139 3.088116265833378 301.6915676221251 0 2.319065779447556 27.90178437530994 196.4711186811328 55.84629774093628 18.12298464775085 0 0 12.21815644204617 30.35730189830065 0.2844215333461761 365.4899932146072 1.98894440382719 75.56093651801348 34.34835095703602 9.963640727102757 6.39939696341753 2.393009752035141 1.979419372975826
381.2359817624092 0 602.1614703759551 19.43997959047556 462.6922029033303 4002.183757506311 4167.147494807839 6206.327179219574 8.205997087061405 2172.233228303492 286.8969459496439 466.3210817053914 10.46415508165956 6591.46514640376 115.4565886035562 8.757580153644085 151.5700005590916 25.25873605906963 68.23146551847458 105.5356303229928 312.4413119927049 1.082776427268982 518.574192084372 129.6768956854939 1.364773914217949 116.0593291819096 128.4331207722425 455.0539174564183 1080.466434251517 654.0244738534093 2.510969635099173 899.2640059143305 9.47227305918932 981.0410560257733 8.797128617763519 250.4271534830332 24.38961626589298 948.3481146469712 288.3073263019323 148.2829382419586 131.9695929512382 25.0878142490983 4.211953103542328 0.2093452662229538 0.2538085579872131 1.169788658618927 3.315597474575043 0 0.162762388586998 6.749734409153461 1.689046435058117 4.515825711190701 1.353333249688148 0.2235416173934937 1.671176321804523 0 2.727226980030537 0 0.1059407293796539 0.6403845548629761 0 0.2253732904791832 1.300736039876938 0.1653607189655304 0.1711581647396088 1.118644177913666 28.93602006882429 0 1.760835655033588 9.683862343430519 17.01462322473526 4.387544997036457 0.5809360668063164 0.1162800863385201 0 0.252458930015564 0.8338555991649628 0 12.2496206574142 0.4488971754908562 4.164049886167049 1.745396956801414 0.6604588553309441 0.518977664411068 0 0.8286609053611755
13.7675398811698 767.8706016093493 0.4948450475931168 571.3580997139215 156.8819525912404 160.4452443644404 179.2619717866182 8.205997087061405 1017.360153593123 461.6223988756537 2.452029652893543 858.1896681338549 53.12283094227314 12.34576485306025 967.8860096186399 19.10730607062578 1.908603519201279 3.828348375856876 0.4527819454669952 444.7489761859179 8.633778385818005 3238.035170644522 2.985122703015804 7079.352610506117 158.6536041274667 20.90724137425423 270.9525012895465 971.0735078155994 95.73271404951811 445.5527664273977 16.21592502295971 12.0262513384223 38.74102452397346 37.62729253619909 11.44869416207075 574.5170105472207 17.64748422801495 96.29539623111486 72.09633492678404 288.5275241285563 11.48906652629375 9.64834089577198 5.707126513123512 8.388783484697342 0.3467549681663513 9.77197340130806 186.452208891511 0.3400723189115524 2.935303933918476 148.5715327337384 6.568006858229637 57.02565591037273 93.0906729772687 0.6444262266159058 74.49532869458199 0.5201161205768585 14.00049032270908 3.442173734307289 71.13435833156109 0.9242809191346169 0 0.09827128797769547 140.2029211521149 68.2493968307972 23.76493632048368 5.47106596827507 877.4156693294644 0.4607440084218979 3.141130723059177 4.807548686861992 325.8514050021768 78.02716816216707 253.4867658168077 0.207659125328064 0.320838026702404 8.832412704825401 24.78299649804831 1.706346571445465 318.1704925522208 13.87506257742643 65.12415032088757 24.53213779628277 31.81528266519308 4.510716624557972 0.3752385154366493 3.908239617943764
25.2828002423048 0.3317336440086365 20.31720527261496 2007.019911617041 17.26125933974981 7268.457643344998 6830.432774446905 2172.233228303492 461.6223988756537 18893.57185551524 108.0782343521714 4577.391257964075 5.02375353127718 999.9888545572758 41.79673693329096 12.37607351690531 4.461655117571354 8.113456383347511 8.331692315638065 3364.162510737777 11.7832166031003 2.756849251687527 18.82171200215816 558.5428513213992 0 21.14785659313202 33.34654441475868 5079.43367408216 790.6400416567922 7.582654982805252 1.347094163298607 62.9421004652977 16.22516591101885 477.0706097222865 29.53212596476078 1640.744820572436 32.9256157875061 1341.983935661614 453.6594482883811 332.9554141759872 450.0385518446565 15.67425230890512 62.68057449907064 0.7633976936340332 0.1100128889083862 0.7655899971723557 196.261688426137 0 3.823806561529636 10.40017348527908 12.64655061066151 199.711130566895 90.0739933475852 0 18.46885964274406 0 7.296810507774353 0 0 0 0 0 103.6056408658624 0 0 0 438.4306785240769 0 0.2179542630910873 1.315553113818169 348.7224271297455 9.767032504081726 0.1441040188074112 0 0 1.512973479926586 2.760093696415424 1.263610616326332 36.38717000931501 0.7723537981510162 10.79379896819592 4.294319197535515 6.973766334354877 1.702568888664246 0 0.6415051817893982
22.33683589100838 5.502059660851955 112.5954369679093 2.822849176824093 14.06003803014755 79.61287689954042 80.3796754591167 286.8969459496439 2.452029652893543 108.0782343521714 7666.988949727267 74.2890589684248 319.0706315115094 178.5488041825593 0.4805463999509811 3.993244737386703 329.903690174222 2614.119922794402 1102.158858917654 16.65572075545788 31.94550796598196 2.831066206097603 61.11031024158001 12.27171572670341 57.42204318940639 1273.067584499717 262.1983683630824 37.69739901274443 468.7480261698365 45.17133081704378 84.42279393225908 223.6740833967924 11.50456612557173 7485.598839990795 9.313389077782631 981.0695356503129 3397.058215342462 8931.217872586101 2210.821698069572 19.54332477599382 29.56133176758885 730.2455341890454 18.34253434091806 0 3.822502605617046 3.094797119498253 0.3333646059036255 0 0.09410950541496277 0.8020929098129272 0 0.7627558559179306 0.4277357161045074 150.9618314281106 0 419.017477363348 1.085698790848255 0.1015152409672737 0 1.462238699197769 13.44889715313911 1.716585524380207 0 0 0 0.4742768853902817 1.28252274543047 38.48659031093121 140.751275934279 127.9950500577688 1.117282822728157 1.040629640221596 0 159.7985837087035 0 0.2570895701646805 15.72595303505659 3.449057906866074 39.52215877920389 129.0641367733479 19.62538315355778 3.559242144227028 0 0.1785095185041428 21.64041543751955 6.609994411468506
1.146395578980446 0.3066550642251968 2.403501965105534 2640.562418982387 67.47048423439264 2842.012420013547 76.75614953786135 466.3210817053914 858.1896681338549 4577.391257964075 74.2890589684248 7943.426345601678 2.974668897688389 290.8361908867955 436.4807465821505 0.09125883132219315 0.690594919025898 4.592391237616539 3.861107371747494 3774.911139138043 1.030726045370102 1.85158234834671 2.892779998481274 145.5514581352472 0.3112162351608276 7.298026651144028 4.345160350203514 299.657499589026 399.6640183627605 0.8423682376742363 0.897685594856739 47.70063481479883 0 263.431500852108 1.946909189224243 99.33759753406048 9.093084953725338 474.6491931602359 138.0569875314832 391.4147957712412 57.97811662405729 6.702571146190166 2.309533819556236 0 0 0 102.7226478159428 0 0 0 0.1339117884635925 119.4084291979671 55.50996592640877 0.09760228544473648 167.0935950726271 0 1.705079764127731 14.20859834551811 0 0 0 0 73.90114542841911 0 0 0 80.90946475416422 0 0.1790208667516708 0 68.41905096173286 0 0 0 0 0 0 0 2.358854815363884 0.4433051943778992 0.1008604317903519 0 52.55495108664036 0.3056645095348358 0 0
0.8319445326924324 506.1074023991823 2.607562780380249 0.08719874918460846 0.858440950512886 4.762814939022064 2.653377212584019 10.46415508165956 53.12283094227314 5.02375353127718 319.0706315115094 2.974668897688389 1076.073093883693 4.441786505281925 0.6978140100836754 5.065036609768867 1.702356524765491 104.8951378241181 10.94417706876993 1.445795461535454 0.2869550511240959 259.2784403562546 1.969291917979717 23.52644008398056 1923.439068026841 242.7416141033173 1679.623324148357 2.372527815401554 9.647028557956219 0.591001957654953 359.5792916119099 3.513702735304832 0.6183224245905876 1154.222867779434 1.824252188205719 534.3353745043278 3147.446161717176 1337.140587352216 449.5076090246439 2.26702918112278 19.96382068097591 1862.294657148421 5.273484364151955 0.09859764575958252 108.2802428081632 3.66144722700119 0 0 0.6051446795463562 0.2808715328574181 0.9447468370199203 0.2228621244430542 0.3541843742132187 837.1132088825107 0 2516.428864859045 2.252794370055199 0 0.1172074824571609 1.992810152471066 26.63376837968826 6.727685034275055 0 0.3350216820836067 21.23721320182085 0.7715134918689728 0.6259890198707581 570.9902788624167 436.3714058771729 650.7547570317984 0.3942809626460075 1.39413171261549 0 692.4013828262687 0 0 47.14402729272842 0.1356665194034576 25.31709148734808 924.5999241992831 59.25924614071846 5.646160624921322 0 0 286.354346960783 0
3600.310622882098 0.111789882183075 892.866142988205 24.49051178246737 6.093957930803299 482.4435617774725 7513.325346354395 6591.46514640376 12.34576485306025 999.9888545572758 178.5488041825593 290.8361908867955 4.441786505281925 9056.545897968113 7.121414639055729 7.082878887653351 304.9302610456944 26.38544383645058 122.8549655228853 68.28449019789696 302.5369981154799 0.688905268907547 736.3296377062798 157.5689467899501 0.5321781039237976 139.589589856565 162.1817097999156 569.5220100469887 4657.99619018659 2625.273645453155 1.942949332296848 46.8669742718339 8.430240839719772 664.1233395859599 1.143364556133747 135.4042511731386 17.2144813388586 727.9459845013916 96.15824968367815 33.764235034585 37.99103133380413 4.298115745186806 2.652464732527733 0.177638903260231 0.7744943648576736 2.195133790373802 1.12206643819809 0 0.2533527165651321 4.931451730430126 0.3817843049764633 5.053957208991051 1.458401039242744 0 0.3409054353833199 0 0.9632852524518967 0 0 0.1196776777505875 0 0.1984686478972435 0.7333451732993126 0 0.8313067257404327 0.3837394118309021 13.90355256944895 0 4.23779433965683 7.795609153807163 9.964081563055515 4.13697937130928 1.421625837683678 0 0 1.001406371593475 1.681314945220947 0 21.73934981971979 0.09170679003000259 5.060156121850014 2.056953437626362 1.091027796268463 0.07802967727184296 0 0.3934614807367325
0.08018597960472107 9.518874533474445 1.309759326279163 20.45946069061756 376.004519701004 479.5424789339304 22.58927418291569 115.4565886035562 967.8860096186399 41.79673693329096 0.4805463999509811 436.4807465821505 0.6978140100836754 7.121414639055729 80.90213517844677 0.3531966879963875 0.0941559299826622 0.1105941608548164 0.3313818275928497 21.39069042354822 0.4809427931904793 36.63492336124182 0.6514602228999138 614.898316860199 1.328380063176155 0.1979121342301369 4.144011147320271 40.72750197350979 4.400328204035759 0.4050728529691696 0.3293739482760429 479.3830039948225 0 1.827963083982468 0 5.571358799934387 0.421789139509201 6.690960042178631 1.798194445669651 548.9231961220503 106.1001773178577 1.461717009544373 0 0 0 0 30.39731245487928 0.9977209568023682 0.3501396924257278 0.5387761816382408 0 56.34219671040773 11.47481919825077 0 43.52637229859829 0 0 3.521003127098083 0 0 0 0 31.69093086570501 0 0 0 19.61338622868061 0 0 0.1290556639432907 16.41516741365194 0 0 0 0 0.189973309636116 0 0.3469442129135132 1.051392063498497 0 0.1820127442479134 0.1633822023868561 38.29560042917728 0 0 0
1.098229922354221 44.70587819069624 3.916872143745422 1.072146743535995 0 12.14278647303581 131.0259636491537 8.757580153644085 19.10730607062578 12.37607351690531 3.993244737386703 0.09125883132219315 5.065036609768867 7.082878887653351 0.3531966879963875 2570.183174900711 29.55765809118748 2.477966882288456 3.988667473196983 0.8295138031244278 1245.923080168664 1974.572666242719 5417.722280286252 1599.068357743323 5.33963431417942 14.09955489635468 4123.779072925448 1436.425052389503 11.6408227533102 533.3723839148879 1.36454950273037 0.3893521651625633 5.159309074282646 114.1842336878181 82.22525922209024 5027.69421838969 831.3243486210704 946.3468815982342 1201.524149700999 442.4047069698572 15.07486724108458 5.898468524217606 85.60919781029224 0 8.328114047646523 39.46194315701723 0 0 0.2062822729349136 2.615674838423729 0.08753159642219543 2.478942543268204 0.1090489998459816 0.1126480102539062 0 0.1404724419116974 0.1939657852053642 0 2261.71057677269 4.041507475078106 0 0.9667605459690094 0 586.2086260914803 332.3800695091486 970.6233086884022 31.72096490114927 0.5740621238946915 5.43415080755949 262.0825696736574 16.16802705824375 0.3064880520105362 130.4061729237437 0 0 0 4.368369445204735 6.459127068519592 691.4167182445526 148.4008723497391 80.13400876522064 163.498588822782 15.96854776144028 0.5069674253463745 0.748841404914856 4.762840777635574
166.9828475862741 0.1477698385715485 8988.109781503677 0.1247073635458946 0.11025520414114 13.67506645619869 63.30190835148096 151.5700005590916 1.908603519201279 4.461655117571354 329.903690174222 0.690594919025898 1.702356524765491 304.9302610456944 0.0941559299826622 29.55765809118748 1168.612454406917 591.6601562127471 4139.172529011965 0.3833071067929268 1002.667432524264 6.538921557366848 3748.936934657395 31.94184259325266 0.6379461288452148 3894.123001918197 5008.576938770711 87.20335108786821 617.8711941018701 1761.019032672048 1.863179832696915 4.355248793959618 41.08157368004322 1312.414928227663 4.381090261042118 421.6512437686324 83.28922905772924 910.2570903152227 333.4345636665821 15.61465130001307 1.9589998498559 0.1731937974691391 5.303394436836243 0.3553008139133453 29.62126413732767 106.0714450106025 0 0 0 1.860223799943924 0.5831160619854927 0.1695689857006073 0 0.1866529881954193 0 0.1659944951534271 0.4305625855922699 0 1.83583802729845 41.13936904072762 0.5844203606247902 19.67898290604353 0 0.2620853036642075 4.699284844100475 7.434374414384365 1.942974001169205 0.1363265365362167 182.908435344696 447.54193649441 1.300647974014282 0.3315484225749969 2.66485982388258 1.559420190751553 0 0 4.484885640442371 0 31.2817752212286 3.874383866786957 19.68028929829597 6.345911145210266 0.3376936018466949 0 0 0
9.881614238023758 11.13308493793011 79.12603608518839 0.1592144966125488 0.3915683180093765 6.408180259168148 6.365714713931084 25.25873605906963 3.828348375856876 8.113456383347511 2614.119922794402 4.592391237616539 104.8951378241181 26.38544383645058 0.1105941608548164 2.477966882288456 591.6601562127471 196.70814550668 2688.377860784531 0.9937830492854118 9.970086216926575 11.09677274525166 26.05013899877667 4.693533524870872 16.5120532438159 1672.59643728286 337.0217504277825 4.087291158735752 89.82278396189213 21.43520103394985 107.3169204071164 16.09358769655228 3.22877375036478 1246.129145123065 10.44151585549116 833.0154138952494 871.9253483563662 1173.892625197768 430.6602984070778 10.1706367880106 1.957275852560997 7.514910034835339 4.480467759072781 0.1371389031410217 28.4249664247036 2.028254874050617 0 0 0.2800912261009216 0.07834157347679138 0.2243975698947906 0.2722673863172531 0.1946420967578888 66.58936038613319 0.272253654897213 98.26856034994125 1.26830643415451 0 0 1.493098519742489 49.32100204378366 13.59781245142221 0 0 1.307176113128662 0 0.3085849285125732 82.70310401916504 506.3945142328739 438.0986916050315 0.2164438888430595 0.4148762822151184 0.1069698855280876 184.211856611073 0 0 6.948787659406662 1.152788922190666 12.38256998360157 14.42322416603565 10.5821346193552 2.256109066307545 0 0 0.4695811048150063 0
68.45307134091854 0.5421444922685623 467.072289057076 0.09044764935970306 0.4807075411081314 6.038602218031883 11.69531919062138 68.23146551847458 0.4527819454669952 8.331692315638065 1102.158858917654 3.861107371747494 10.94417706876993 122.8549655228853 0.3313818275928497 3.988667473196983 4139.172529011965 2688.377860784531 2223.562463186681 1.286267355084419 61.43623629957438 2.204895779490471 170.6495611742139 5.712251015007496 16.51458923518658 1911.442929752171 1049.149791538715 12.43453489989042 402.6214786991477 229.1803833171725 10.99530576169491 27.44711671769619 36.55596652626991 3518.227008409798 9.355932645499706 897.8313560634851 492.1768418103456 1350.246684834361 471.6542117595673 12.59918884932995 1.587906904518604 4.214602664113045 5.762409031391144 0 24.29833799600601 12.71766774356365 0 0 0 0.1827975139021873 0.08517880737781525 0.3442814722657204 0 9.872100152075291 0 13.03560141474009 0.1317153126001358 0 0.2856199443340302 18.41427756845951 19.43147220462561 26.07291463017464 0 0.1124035492539406 1.594824276864529 0.3549218773841858 1.50537908822298 14.84809771925211 284.4493227228522 360.3389385342598 0.1056253612041473 0.1533736139535904 0.3772792816162109 30.06668404489756 0 0 4.54367657750845 0.7557723820209503 11.96989105641842 3.757139109075069 7.103901848196983 1.702054768800735 0 0 0 0
0.7082504779100418 0.4265361428260803 1.237597495317459 2692.538711205125 2.468387097120285 233.6814587563276 47.90651902556419 105.5356303229928 444.7489761859179 3364.162510737777 16.65572075545788 3774.911139138043 1.445795461535454 68.28449019789696 21.39069042354822 0.8295138031244278 0.3833071067929268 0.9937830492854118 1.286267355084419 246.1743663996458 1.092746339738369 0.7266615778207779 1.507514327764511 272.476984359324 0 1.924192674458027 2.400825425982475 1250.254378326237 96.27428772300482 0.5131003856658936 0.1046057567000389 7.773293897509575 0.4378795549273491 54.52238023281097 0.3578912317752838 53.46165795624256 3.042817264795303 134.2599759250879 40.35222984105349 100.2997562587261 24.52120403200388 0.5964856147766113 4.870970666408539 0 0 0 66.82316786795855 0.1686653345823288 1.097526118159294 4.554241426289082 2.865680210292339 79.2730914875865 43.18725015968084 0 27.77030121535063 0 0.2726450562477112 3.557138681411743 0 0 0 0 49.527403883636 0 0 0 109.3538537174463 0 0 0 80.27398210018873 1.240849167108536 0 0 0 0.1600841879844666 0.3054725900292397 0 4.539013154804707 0 2.102501064538956 0.9058274775743484 12.36846336722374 0 0 0
55.65302244573832 0.9941832423210144 700.3961201012135 1.483261540532112 0.3612672239542007 69.16834362596273 1113.725203387439 312.4413119927049 8.633778385818005 11.7832166031003 31.94550796598196 1.030726045370102 0.2869550511240959 302.5369981154799 0.4809427931904793 1245.923080168664 1002.667432524264 9.970086216926575 61.43623629957438 1.092746339738369 15517.72441586107 83.46766661852598 10735.98118273169 435.95207503438 0 49.5398687645793 808.6755415052176 4628.751636900008 134.7085775360465 11378.93638852984 0.530943937599659 2.544065237045288 49.18310492485762 2218.923833876848 94.44170971214771 3578.247090235353 105.5851625204086 4424.561224035919 1814.308311760426 340.7887205928564 15.14220149815083 2.612733855843544 68.86165880411863 0.1302922368049622 0.1840294301509857 5.273833096027374 0 0 0 0.2694833874702454 0 0.3902804106473923 0 0 0 0 0 0 66.45914313197136 0.2807036340236664 0 0 0 104.9311784654856 6.221972554922104 12.01434337347746 2.37872314453125 0 1.851305462419987 9.884837307035923 1.609115295112133 0.5828189253807068 26.37817975878716 0 0 0 0.3150743767619133 2.608758151531219 52.95091120898724 5.746570840477943 2.840084344148636 1.336211673915386 0 0 0.335064023733139 0.5599365830421448
0.2133021578192711 2003.185583025217 18.80302321910858 0.7607046067714691 0.917433001101017 1.974267721176147 13.92771169543266 1.082776427268982 3238.035170644522 2.756849251687527 2.831066206097603 1.85158234834671 259.2784403562546 0.688905268907547 36.63492336124182 1974.572666242719 6.538921557366848 11.09677274525166 2.204895779490471 0.7266615778207779 83.46766661852598 738.4199658483267 152.4849933311343 4401.780531980097 796.7179128527641 64.07105607539415 2318.640755049884 278.7949608117342 2.065684504806995 53.81878840178251 61.43022340536118 0 1.966377057135105 29.42158301919699 4.374759510159492 170.4265393763781 77.18842927366495 27.48603865504265 17.78704111278057 36.24023447930813 0.1758056432008743 70.8329128921032 4.36961305141449 0.2975275814533234 24.38574599474669 44.93242993950844 0 0 0 2.936184525489807 0.373644232749939 3.33972155302763 0 1.478643894195557 0 6.398496754467487 0.5699650049209595 0.1442092955112457 1131.47879653424 5.11773619800806 0.2358360886573792 1.014667481184006 0 259.4224619790912 41.12977421283722 394.7114907428622 29.28181210905313 5.873423472046852 10.53985729068518 528.2093842029572 5.935232140123844 0.6217673867940903 42.2443435639143 0.4813735038042068 0 0 1.603755354881287 1.395137503743172 316.9972239434719 100.1477546095848 41.58145426213741 57.35577104985714 9.370973259210587 1.184329479932785 0 0.7138715535402298
175.463133469224 1.679503872990608 5912.892875231802 1.251622065901756 0.5048912093043327 66.66718442738056 940.3030747398734 518.574192084372 2.985122703015804 18.82171200215816 61.11031024158001 2.892779998481274 1.969291917979717 736.3296377062798 0.6514602228999138 5417.722280286252 3748.936934657395 26.05013899877667 170.6495611742139 1.507514327764511 10735.98118273169 152.4849933311343 18469.77966866642 744.9425964802504 1.558828830718994 512.4767730683088 5714.222047373652 3523.477931410074 375.1386466473341 6059.304194994271 1.999395482242107 6.694553092122078 47.0796827301383 2647.464132912457 244.2444472312927 9141.295065745711 912.9782470315695 8152.462020672858 5062.799089923501 1352.118941739202 38.45594834536314 8.428134232759476 234.05351639539 1.011046521365643 3.509159803390503 100.4672297090292 0 0 0.07386943697929382 3.348751679062843 1.015581108629704 0.6922999620437622 0 0 0 0 2.630504615604877 0 829.5760300457478 4.069218635559082 0.2842969298362732 0.1577499955892563 0 62.39684277772903 203.4127063602209 1584.336405806243 12.25150743871927 0 9.398360379040241 1056.264902852476 6.234888553619385 0.5780059248209 14.40241038799286 0 0 0 4.728585816919804 7.678222715854645 268.4942328631878 76.33006928861141 70.77841138839722 93.15395762771368 6.939681097865105 0.6222231239080429 0.1511401981115341 2.912431567907333
83.77021117508411 401.256788611412 20.19313659891486 1116.139754123986 29.11465384066105 159.3459181524813 1062.663984961808 129.6768956854939 7079.352610506117 558.5428513213992 12.27171572670341 145.5514581352472 23.52644008398056 157.5689467899501 614.898316860199 1599.068357743323 31.94184259325266 4.693533524870872 5.712251015007496 272.476984359324 435.95207503438 4401.780531980097 744.9425964802504 5610.897433258593 58.56782972812653 28.33317343145609 2121.566171325743 7005.08477139473 751.2365363799036 1280.609737254679 7.448152437806129 7.183409959077835 228.1122119277716 286.7223206534982 48.74889041483402 2590.124223224819 59.9036273509264 773.0869356691837 437.1829938217998 338.0561178326607 53.32713272422552 5.19736135751009 30.78464661538601 23.32260432094336 5.461180664598942 47.27470938116312 220.2059619426727 0 11.41486055403948 534.6312835365534 57.25447959452868 801.6824725940824 137.5026112496853 1.795750390738249 11.39458110183477 0.1903689131140709 86.45617589354515 0 175.0793850570917 2.645073689520359 0.2698798105120659 0.7436783164739609 114.7995565235615 272.5996028482914 41.16517482697964 26.92229730635881 1916.345540344715 0 6.811137713491917 69.19776184111834 1054.145700022578 303.2224877402186 534.9826873391867 0.1398687362670898 1.035852633416653 54.9607727304101 127.5056196674705 4.53208526968956 1650.018986344337 25.12789964675903 358.0425350219011 142.1876403391361 44.86265616863966 31.62895206362009 0.7296940460801125 8.645096674561501
0 868.2654819041491 0.1055198162794113 0 0.3099080920219421 0.3451933041214943 0.3524002283811569 1.364773914217949 158.6536041274667 0 57.42204318940639 0.3112162351608276 1923.439068026841 0.5321781039237976 1.328380063176155 5.33963431417942 0.6379461288452148 16.5120532438159 16.51458923518658 0 0 796.7179128527641 1.558828830718994 58.56782972812653 253.7763375490904 130.6057548224926 2068.476169101894 2.758679330348969 0.9891073554754257 0.9735511541366577 362.6236519217491 0.1671789735555649 0.1338354349136353 597.1583321914077 0.6993210911750793 131.3789268285036 383.2417326420546 236.2118021398783 78.65821202844381 2.429370641708374 9.139605760574341 974.5154835283756 7.047786474227905 0 299.5374713689089 2.158929519355297 0 0 0 0.1813754737377167 0 1.291637130081654 0.09943936765193939 140.5296495482326 0 547.4971619844437 0.5137302279472351 0.1555472761392593 0.3927474245429039 0.8288499340415001 4.129543617367744 7.13300846517086 0 0 35.82782791554928 0.4180398359894753 0.3508588150143623 130.6496222242713 156.0650948807597 333.2186392992735 0 0.2244410663843155 0.0998256504535675 122.8196659684181 0.1745236068964005 0 25.59274369478226 0.5536832809448242 23.83486797660589 114.149179123342 23.1867880821228 1.666372746229172 0 0 32.37303254008293 0
48.269247405231 114.3823156580329 6206.889956891537 1.906440198421478 0.3364136666059494 27.23657713085413 120.1499607004225 116.0593291819096 20.90724137425423 21.14785659313202 1273.067584499717 7.298026651144028 242.7416141033173 139.589589856565 0.1979121342301369 14.09955489635468 3894.123001918197 1672.59643728286 1911.442929752171 1.924192674458027 49.5398687645793 64.07105607539415 512.4767730683088 28.33317343145609 130.6057548224926 17603.86508210003 7717.466345787048 60.25198388844728 246.2829305380583 88.92472438514233 329.1403981372714 24.35842542350292 17.54133581370115 1513.840689502656 32.18179608881474 3145.733829759061 2914.28528098017 2740.038878791034 1218.914138421416 58.28114791959524 5.51435711234808 30.31717018783092 16.33108951151371 0.3612101450562477 145.0218749418855 69.43478644639254 0.1587024256587029 0 0.5826134011149406 1.527957387268543 0.2820595502853394 1.246861808001995 0.933230422437191 115.614674448967 0.4746475368738174 294.8563772365451 3.039862513542175 0 2.360991694033146 128.1985479742289 79.31855009496212 224.5040580034256 0 0.7524938061833382 18.10789944976568 6.829098917543888 4.136175334453583 179.6314257979393 1225.207089550793 2078.576521605253 0.9676745608448982 3.348120301961899 2.292067185044289 279.2424031570554 1.019367635250092 0.2156510576605797 23.48459052294493 1.696082189679146 66.50595334172249 34.89799937605858 46.87614668905735 9.948603190481663 0.1934129372239113 0 1.435665152966976 0.3978107273578644
42.17395659536123 1884.576313339174 4095.568481393158 3.524529583752155 0.7685641050338745 45.97163363546133 454.298317566514 128.4331207722425 270.9525012895465 33.34654441475868 262.1983683630824 4.345160350203514 1679.623324148357 162.1817097999156 4.144011147320271 4123.779072925448 5008.576938770711 337.0217504277825 1049.149791538715 2.400825425982475 808.6755415052176 2318.640755049884 5714.222047373652 2121.566171325743 2068.476169101894 7717.466345787048 25142.30559515581 2089.015636913478 210.1059403866529 308.8930164277554 774.3706645220518 19.09788302332163 23.38462831825018 2376.302464187145 207.8902246430516 10152.58369962126 4019.603367313743 6522.362842641771 3113.0661438182 569.6836929172277 19.73313911259174 27.1464546173811 96.4482564330101 6.055359929800034 2212.277658626437 1617.913668803871 0 0.1010936051607132 0.5281572341918945 26.9453969374299 5.762401916086674 5.178294591605663 0.7553087994456291 115.3281661644578 0.1025097668170929 252.5984179675579 22.17129642516375 0 622.6518142223358 601.1553230434656 137.7542003616691 699.858500123024 0 42.65889967232943 1176.942601837218 2061.293987967074 41.85893645137548 526.9684772565961 3748.413443319499 14907.10239464045 22.44890880584717 10.54115287959576 27.7657872363925 361.1501131281257 0.3429803103208542 0 103.2511733695865 11.16658657044172 838.540479876101 218.6075490564108 499.0065188780427 216.0484612137079 8.743552483618259 0.8541118800640106 3.005385741591454 3.576816692948341
227.0579568296671 15.60786680877209 206.6921664699912 2272.394247256219 4.503918804228306 708.7336997389793 15749.95801576972 455.0539174564183 971.0735078155994 5079.43367408216 37.69739901274443 299.657499589026 2.372527815401554 569.5220100469887 40.72750197350979 1436.425052389503 87.20335108786821 4.087291158735752 12.43453489989042 1250.254378326237 4628.751636900008 278.7949608117342 3523.477931410074 7005.08477139473 2.758679330348969 60.25198388844728 2089.015636913478 13117.85799139738 1928.961295098066 10679.34208453447 1.430371895432472 14.80885627865791 604.1418823376298 925.43210882321 92.57748009264469 3659.915494188666 71.34497687220573 1938.470019623637 926.9108364358544 270.9737793058157 160.427679091692 8.635300539433956 50.26950616389513 12.66283159703016 1.763479925692081 22.92062897235155 248.3676724135876 0 11.08002836257219 356.3539762273431 41.06913626939058 380.6699576675892 114.1944198533893 1.378912456333637 9.063703075051308 0.3139166086912155 51.29199084639549 0 55.1778559088707 1.636179372668266 0.6824469491839409 0.0871889665722847 109.1739547327161 104.1166528686881 11.84543777257204 13.62147713452578 1268.151868142188 0 2.63570287078619 43.29380860924721 809.4314793124795 176.5397959724069 208.7330167591572 0 0.4715589284896851 26.19157744199038 59.83988048136234 4.860500894486904 848.2619748711586 11.63965720683336 193.1742142811418 77.36039288341999 19.53878130763769 16.6567655429244 3.17689037322998 7.043269030749798
2510.856498748064 1.083600625395775 416.729684561491 44.33219599723816 34.64307866245508 349.0850319154561 1677.069391962141 1080.466434251517 95.73271404951811 790.6400416567922 468.7480261698365 399.6640183627605 9.647028557956219 4657.99619018659 4.400328204035759 11.6408227533102 617.8711941018701 89.82278396189213 402.6214786991477 96.27428772300482 134.7085775360465 2.065684504806995 375.1386466473341 751.2365363799036 0.9891073554754257 246.2829305380583 210.1059403866529 1928.961295098066 14301.47668680176 3672.402018837631 3.678749203681946 383.9084621667862 1921.750949822366 3808.242616273463 6.747272320091724 265.8461400829256 45.23510850220919 2600.961016848683 241.2174607180059 76.20390792191029 104.2764711230993 8.097173750400543 6.808984696865082 1.693933740258217 1.808746196329594 2.6312136054039 1.315254524350166 0 0.09226488322019577 29.6821276023984 0.8881155401468277 22.50853464007378 0.698104627430439 0.08900003135204315 0.8869768753647804 0.1382511705160141 3.490653187036514 0 1.563929468393326 0.9941354319453239 0.123963437974453 1.336276575922966 0.4968620836734772 1.873066104948521 1.743089467287064 0.2063714638352394 56.90680330991745 0 5.537810541689396 18.36571380496025 31.62245349213481 24.25277934595942 22.2222101315856 0.08660813421010971 0 4.189672216773033 10.03816521912813 0.2257023006677628 140.5384843200445 0.9757135212421417 26.90831684321165 9.157775610685349 2.343018189072609 0.9725922346115112 0 0.1545005142688751
