767.2351729348302 0 41.08326407521963 6.208204224705696 0 2.135115697979927 1818.081390418112 753.5037244334817 20.58332027494907 68.05434577912092 16.22603744268417 0.8452355116605759 0.4912631437182426 5358.346428915858 0.2234986498951912 1.086872085928917 267.0802982747555 5.540100254118443 49.38892009854317 1.354392275214195 31.61123342812061 1.181391589343548 84.88047170639038 116.4528185501695 0.1064558923244476 17.69800400733948 38.61822697520256 296.1283314377069 5279.948553048074 2623.900150172412 0.188690148293972 1.594768725335598 48.67733681201935 205.6355917677283 0.4464629292488098 130.7239818871021 15.60729371756315 165.4995440617204 45.31795619428158 2.02591846883297 3.096509166061878 0.3553881049156189 1.243407428264618 0.5021263062953949 0 0.1222622469067574 0.2631979063153267 0 0 15.85530982911587 0.6689941808581352 6.253683462738991 0.8093132227659225 0 0.110921137034893 0 0.9435025677084923 0 3.72909951210022 0 0.07486365735530853 0 0 5.943509213626385 1.103527061641216 0.1372368186712265 34.26812875270844 0 0.1894174963235855 1.341965325176716 54.37435264140368 1.046138092875481 8.135439574718475 0.2037406787276268 0.09681716561317444 0.07162677496671677 0.5973851382732391 0 8.594600312411785 0.08978386223316193 3.193934254348278 1.382502257823944 2.939065352082253 0.3226634189486504 2.488749384880066 0
0 185.541955165565 15.83429825305939 0 1.071325585246086 0.3034567311406136 1.165421806275845 0.4212637692689896 466.135155595839 1.163734629750252 124.2989700585604 3.16565029323101 353.0251815840602 0.5419974476099014 13.25471667945385 60.6805481761694 9.184875160455704 2.937240593135357 9.803775161504745 0.2134590297937393 3.233465552330017 2154.333973824978 6.984771363437176 389.3942220285535 2712.232572510839 280.492630533874 7024.179134376347 13.04517642408609 1.878086157143116 1.018047094345093 60.70561144500971 1.130378320813179 0 19.68031631410122 0 21.86655544489622 150.308497056365 33.92673237621784 9.195044562220573 11.69428260624409 0 297.2497229576111 0.4254806637763977 0 44.00073474645615 71.28770367056131 0 0 0 0.5215534344315529 0 0.8848607763648033 0.3424897417426109 5.787080354988575 0 51.11389684677124 0.1911611780524254 0 2.109295412898064 10.61054113507271 7.711752809584141 20.88906178623438 0 0.2752979546785355 8.762781888246536 0.1562750488519669 2.337059855461121 58.40150044113398 294.3533457517624 937.8203152418137 0.7033249735832214 0 0.2781490981578827 15.77798004448414 0 0 2.557712703943253 0 6.488267719745636 16.13213282823563 7.180170141160488 1.996379807591438 0.4664218723773956 0 3.946344330906868 0
41.08326407521963 15.83429825305939 5926.922846607864 2.101524129509926 0 6.108795173466206 1215.667944990098 135.0457322746515 1.872893363237381 18.71494173258543 41.73408887535334 0.1015295460820198 3.536238677799702 138.1634988635778 0 25.05203232914209 4241.544039063156 91.71581425517797 547.0420656651258 0.2962881401181221 1258.144655577838 21.59396176785231 9896.312065392733 114.9382321685553 0 7342.875522010028 10411.53759896755 770.3085616976023 90.77998499572277 755.6002125740051 0.606568768620491 0.3561657518148422 3.883588284254074 358.9243311733007 3.898970767855644 1348.789369225502 3880.044040128589 940.1225830391049 196.9646564796567 37.88494124263525 3.544045552611351 23.63157026469707 7.405142113566399 0 77.06024394929409 822.7401099354029 0.2395132556557655 0.1095053851604462 0 0.9143370911478996 0.09356973320245743 1.472631953656673 0 1.983694016933441 0 0 0.3856281042098999 0.1114535331726074 7.573612026870251 153.7531024813652 2.445836551487446 51.87956912815571 0 2.240342848002911 34.35595559328794 6.395778000354767 10.06216794997454 0.3846524432301521 773.8835224062204 1680.75272141397 10.97854230552912 0.3162487298250198 2.542789228260517 0.8945980221033096 0 0 11.62218748033047 1.57796747982502 34.71740331500769 37.18667175620794 35.20521742850542 8.609582424163818 1.525168560445309 0 0 0.1795819252729416
6.208204224705696 0 2.101524129509926 335.4626553058624 7.348788551986217 209.3643339499831 20.70370632410049 37.33357510715723 266.2331291288137 2518.807628884912 9.162663102149963 4059.599873125553 2.789507545530796 42.30145893990993 121.2763765007257 0.1367104202508926 1.043412081897259 2.588745415210724 2.027904078364372 1656.76782656461 1.029850870370865 0.4527171552181244 1.985476478934288 620.3668587878346 0 5.057534441351891 5.941400811076164 2905.58222720027 54.88543324172497 2.446680679917336 0.8074563220143318 3.101912349462509 3.103148758411407 21.34717833995819 0.2989595532417297 245.9217783808708 4.671829700469971 73.81437215209007 26.16856659203768 274.7368977144361 10.00891870260239 0.4977069795131683 1.059347406029701 0 0.1491794437170029 0.1373896151781082 47.46906926482916 0.8326620832085609 28.3441975414753 47.44579180330038 2.136517159640789 24.5562642365694 103.0852553620934 0.1392983645200729 56.51400376856327 1.564081713557243 2.798095747828484 6.135822415351868 0.59821667522192 0 0.09825713932514191 0 33.3844927251339 0.9798168540000916 0.6505852565169334 0.5853790640830994 154.9032124057412 0 0.115451492369175 0.7440352067351341 187.8629092723131 3.426642067730427 1.21648944914341 0.09260235726833344 0.128185898065567 0 0.7997249886393547 0.5696294903755188 50.42754448205233 0.2798802554607391 5.31047285348177 1.629550479352474 278.2779385522008 0.6191260516643524 0 0.2624535262584686
0 1.071325585246086 0 7.348788551986217 47.03074386715889 530.716979265213 8.424439065158367 29.13236487656832 60.71021372824907 27.02380236983299 50.1523879095912 120.727401226759 14.70263269543648 9.081614546477795 1890.236340194941 0 0 2.829375550150871 1.564053311944008 17.21832973510027 0 3.732849791646004 0.1253185719251633 41.1776462122798 0.1052742153406143 3.759337052702904 1.172018103301525 13.02868092805147 258.3530075699091 0 1.299640797078609 219.8350288420916 0 349.1750294417143 1.728800654411316 41.17424988001585 7.418921194970608 149.4227530062199 67.61913216114044 2510.771613642573 76.03621226549149 0.7108617722988129 0.1656666696071625 0 0 0 0 0 0 0.2441494762897491 0 0.7076307907700539 0 0 0 0.1936828792095184 0 0 0 0 0 0 0 0 0 0 0.7917340844869614 0.2959331870079041 0 0 0.7378274351358414 0 0 0.1009062752127647 0 0 0 0 0.6021837294101715 0 0 0 2.367517046630383 0 0 0
2.135115697979927 0.3034567311406136 6.108795173466206 209.3643339499831 530.716979265213 9180.921611145139 1165.611372955143 4486.484658390284 26.63075385987759 14205.53110449016 213.8290404826403 5135.927874304354 57.0990826934576 722.5630675032735 1475.488757662475 0 15.12587771564722 38.55262585729361 30.05202130228281 1300.73765681684 0.9110495299100876 0.8714849501848221 5.071047566831112 78.7297533378005 1.90493232011795 59.28143557906151 19.65617070347071 332.177592203021 313.7842565923929 42.11302339285612 8.243908941745758 170.7737109437585 2.041677631437778 410.1781155392528 1.47643955051899 302.4446167349815 52.59781084209681 489.1905512809753 154.1003335118294 1432.441607356071 154.1792547479272 6.399570502340794 5.315039560198784 0 0 0 1.256682962179184 0 0.9286612868309021 15.87398906797171 0.6404937952756882 5.179139547049999 1.702713139355183 0 13.88550756126642 4.179143987596035 1.810152173042297 0 0.1271091252565384 0 0 0 3.158602342009544 1.078351706266403 0.1158112064003944 0 29.69520781189203 0.8284716755151749 0.7931947559118271 0.5290860906243324 50.37430872023106 1.309008583426476 6.477600604295731 0.1883122026920319 0 0 0 0.2446785271167755 2.875692799687386 0.1634025722742081 0.6375046074390411 0 6.648028150200844 0 0.2756530866026878 0.2879005074501038
1818.081390418112 1.165421806275845 1215.667944990098 20.70370632410049 8.424439065158367 1165.611372955143 23083.42959237844 5501.948142893612 414.3148417323828 7959.220348577946 107.3885716274381 47.03858109563589 14.85582534223795 10854.3542662859 86.18227165937424 6.965527899563313 878.7486116886139 49.58203181624413 186.571837708354 15.29968348145485 990.5267372056842 12.28849507123232 1079.435948736966 1548.795045509934 2.397465229034424 284.1916524767876 384.1212163865566 12843.61484945565 3139.21983191371 4214.578110389411 7.733192227780819 49.9871336594224 505.1987747773528 925.2900797948241 51.02070917934179 3584.754301764071 165.3466201871634 2822.518866859376 1131.344070062041 237.2653320431709 174.0301702320576 25.54138359427452 45.95922222733498 1.686553992331028 0.3949887529015541 5.088843293488026 28.36755998432636 0 3.697488456964493 232.2864650115371 8.014524757862091 45.02146591991186 60.90447019040585 0.6011401861906052 8.587121814489365 10.83235697448254 10.44743109494448 1.004849709570408 13.98178077489138 0.3866636157035828 0.4904016628861427 0.1341729909181595 18.10599745810032 18.83004222810268 4.053222209215164 0.8295342847704887 410.3315839096904 0.09031170606613159 2.555837385356426 14.2090934291482 597.5506181195378 8.282168358564377 50.17867483198643 0.298637717962265 0.9931282848119736 0.2127332910895348 2.693731442093849 3.827032163739204 53.9958311021328 2.043620482087135 28.80228623747826 13.16470266133547 97.37363868206739 6.636530734598637 11.44406709074974 0.5138425230979919
753.5037244334817 0.4212637692689896 135.0457322746515 37.33357510715723 29.13236487656832 4486.484658390284 5501.948142893612 13141.53881318122 14.27503664791584 4378.735002063215 202.9700567796826 438.7447547540069 29.67220183461905 7416.507307209074 151.7615584880114 1.22374215722084 495.5459219366312 29.25675725191832 94.12228115648031 261.6571174412966 42.81714107096195 0.7437717691063881 151.3569433689117 84.84706889092922 1.341836862266064 77.98588562756777 92.03817818313837 296.7568463236094 462.3646589405835 1299.151264339685 5.054608911275864 56.56156121939421 31.90730071812868 419.9312551692128 6.639088854193687 583.7362048998475 49.35064819455147 386.7115647867322 175.9304747730494 467.9539453834295 68.75283454358578 4.34825511276722 5.548091851174831 0 0.134857103228569 1.176565110683441 0.6715757846832275 0 0.1282655447721481 17.19275433570147 0.1896094903349876 4.891328081488609 0.9136580675840378 1.555344961583614 1.299488119781017 0.8965446949005127 0.5474842935800552 0 3.759487830102444 0 0 0 0.3382212221622467 4.169497065246105 0.330019399523735 0.1891516894102097 33.14605582505465 0 0.1714712083339691 2.51986188441515 50.01589599251747 1.366313330829144 6.610650487244129 0.094801165163517 0 0 0 0 4.719170302152634 0.4149548560380936 2.064585119485855 1.038793914020061 3.778743527829647 1.008448295295238 3.582877181470394 0.5312632918357849
20.58332027494907 466.135155595839 1.872893363237381 266.2331291288137 60.71021372824907 26.63075385987759 414.3148417323828 14.27503664791584 948.3810769170523 286.7502797842026 10.72509824484587 250.779089204967 24.59889647364616 17.82753589749336 937.3091511204839 90.82763039320707 1.533429019153118 1.293854981660843 3.503384955227375 184.8875306248665 51.59209533035755 3192.607393138111 12.04933847486973 9054.353162139654 116.1874438822269 41.61466922610998 647.9012245535851 1026.402139350772 49.92464998364449 170.7117881327868 7.885405920445919 1.766041725873947 4.188705056905746 13.00721392035484 0.6139535307884216 211.0371780022979 16.62216582149267 41.13836160302162 24.25162424147129 414.14026863873 8.513536393642426 5.778140731155872 2.080755576491356 2.16021541506052 1.975807122886181 1.168997667729855 108.8084094673395 1.645769111812115 6.028064899146557 233.3068590089679 8.935968048870564 81.09421572834253 179.300929710269 1.411780320107937 76.06595050543547 4.589559748768806 11.68371175229549 19.83671517670155 166.5017664805055 0.7865334525704384 0.6556807309389114 0.437389113008976 76.35477527976036 128.0739175602794 41.74710277467966 15.95235186070204 2085.653602145612 1.61088764667511 1.799787431955338 8.680150516331196 1362.195329688489 13.8127873390913 71.09381864964962 1.84592118114233 0.8032215014100075 1.977618135511875 5.29304976016283 1.542707249522209 75.68451545387506 0.8674009218811989 29.65732803940773 12.09012734889984 301.4586266502738 5.789371363818645 0.7446572780609131 1.572260312736034
68.05434577912092 1.163734629750252 18.71494173258543 2518.807628884912 27.02380236983299 14205.53110449016 7959.220348577946 4378.735002063215 286.7502797842026 27514.46343587339 278.0658276826143 4946.660039506853 47.65692546218634 1960.318401396275 113.6266364455223 0.2657308280467987 25.61439432576299 81.45085295289755 75.75146505236626 2176.344263672829 6.709807716310024 1.195716336369514 14.40232094377279 507.973752386868 2.931049421429634 153.0078451111913 55.71853015571833 2121.992838799953 1795.774898648262 48.70514449477196 16.57818637788296 83.99546561390162 42.04718947410583 656.3397303968668 12.43407200276852 1714.530713878572 107.3924159109592 2288.857633069158 559.2309465184808 402.7158167138696 164.663614615798 29.52909306436777 33.89988636225462 0 0.2707238644361496 0 120.8939615413547 1.115122094750404 9.96132180839777 154.9979951679707 1.74904315918684 39.59167331457138 179.1064285710454 0.7133478969335556 75.60361584275961 5.306801237165928 2.887471303343773 10.45079002529383 1.233746886253357 0 0.1265298575162888 0 72.64335651695728 1.819841578602791 0.9911327809095383 0 383.3548449277878 0.5485223531723022 0.7317801341414452 1.052691534161568 516.7170255556703 2.149183109402657 8.500361867249012 0.105123944580555 0.4897791892290115 0.2890644669532776 2.251229152083397 1.045868113636971 104.4317726269364 0.1110411658883095 9.616570018231869 1.972411021590233 567.1055165678263 1.974779933691025 0 0.991027370095253
16.22603744268417 124.2989700585604 41.73408887535334 9.162663102149963 50.1523879095912 213.8290404826403 107.3885716274381 202.9700567796826 10.72509824484587 278.0658276826143 12615.70935443044 132.0840730816126 2723.640621490777 319.1759047880769 3.075181841850281 2.147568255662918 593.0213520973921 3254.743563912809 3072.728531308472 75.09947789460421 13.72003426402807 31.22696567326784 67.58746784180403 19.79243007302284 1208.529013864696 4026.297025956213 800.0846502408385 43.04324000328779 995.7737445756793 32.5915377214551 713.2258961945772 541.8219338059425 3.630489461123943 4963.240810804069 8.727355927228928 1074.075982153416 7359.487272188067 6013.175788588822 1644.611782126129 50.96290211379528 39.9050791785121 2192.112974181771 17.59418141841888 0 30.72550393640995 1.0596739128232 0.4750374108552933 0 0 4.637790635228157 0 3.458170592784882 0.2135395109653473 107.2170585095882 0.08207310736179352 1424.557033158839 0.4959951341152191 0 0.5610589757561684 0.1714929789304733 13.86433621495962 7.869194723665714 0 0.07292043417692184 6.497178249061108 0 9.594340227544308 488.7136216834188 199.2818659618497 365.2879435196519 9.324088260531425 0.5285584107041359 2.202021218836308 281.0748700872064 0 0 2.59881055355072 3.700588032603264 17.52014862746 187.3248225450516 5.861474007368088 1.662014573812485 0.2224276065826416 0 84.92552839964628 2.461405992507935
0.8452355116605759 3.16565029323101 0.1015295460820198 4059.599873125553 120.727401226759 5135.927874304354 47.03858109563589 438.7447547540069 250.779089204967 4946.660039506853 132.0840730816126 6143.367181800306 19.99935141205788 470.0025702118874 1312.937922120094 0 2.139474123716354 32.30327367037535 24.92476613819599 4164.005965083838 0.3724166080355644 34.66712023317814 0.7271846234798431 1525.528403684497 2.974783323705196 59.11624699085951 22.50771660357714 1536.798654742539 286.2352335080504 0.6339761838316917 7.511669471859932 46.57988012582064 0.2832000553607941 168.3300354406238 0.9247738420963287 635.6946959197521 30.72450483590364 433.569094799459 84.19217617064714 1004.886290676892 40.76179049909115 6.298720210790634 1.193380773067474 0.6588586568832397 0 0 8.945078797638416 0 38.38124049454927 5.983085833489895 1.204679548740387 3.563566379249096 40.60273601859808 0 54.86805907636881 7.357860922813416 0.5188773348927498 1.999826848506927 0.2881309688091278 0.07509653270244598 0.09353101253509521 0 18.14833964407444 0.1235907599329948 0.7205049991607666 0 32.64875462651253 0.1644510850310326 0 0.3884267061948776 30.1575766056776 0.8022352680563927 0.237811915576458 0.09254263341426849 0 0 0.7585472837090492 0 46.85336931049824 0 3.238487787544727 0.09539134800434113 164.4345530867577 0 0 0.7285405844449997
0.4912631437182426 353.0251815840602 3.536238677799702 2.789507545530796 14.70263269543648 57.0990826934576 14.85582534223795 29.67220183461905 24.59889647364616 47.65692546218634 2723.640621490777 19.99935141205788 5718.393426463008 29.7179806381464 5.079712435603142 3.534605607390404 0.9031999036669731 33.24593769013882 8.190476290881634 14.07260604202747 4.091274701058865 86.28608111292124 19.77049363404512 22.17469994723797 3595.635751083493 661.249083250761 4111.379095211625 14.38381127268076 56.79391593486071 4.016176529228687 2029.977982878685 77.99500273913145 0.2268248349428177 497.3479737117887 44.09570020437241 1382.302788071334 4984.200974494219 2529.939818061888 1064.166589744389 116.5080918669701 38.59823194146156 2811.11106710881 17.34547168016434 0 26.69124852120876 0.1428734213113785 0 0 0.08373607695102692 0.8607416152954102 0 2.366579413414001 0 144.5180844664574 0 1704.988907210529 0.08497602492570877 0 0.2298572361469269 0.1321599781513214 14.84890497475863 4.979373507201672 0 0 4.20175589621067 0 2.637737356126308 1013.600643478334 235.4636449664831 395.4372368976474 2.511626467108727 1.02064448595047 0 367.1432505175471 0 0 1.427794583141804 25.04073530435562 62.58696404099464 254.5100439190865 12.10710488259792 2.942687474191189 8.506375908851624 0.4542608857154846 162.4147938415408 0
5358.346428915858 0.5419974476099014 138.1634988635778 42.30145893990993 9.081614546477795 722.5630675032735 10854.3542662859 7416.507307209074 17.82753589749336 1960.318401396275 319.1759047880769 470.0025702118874 29.7179806381464 13508.0460453555 23.3529936671257 1.645500831305981 532.558872859925 57.96240199357271 127.5485358908772 342.1274683773518 48.08046477288008 1.272391885519028 175.7597781792283 136.7684344500303 2.243015050888062 122.6317055597901 106.3379593715072 375.3725504204631 4481.382045280188 3529.672783181071 12.15459319204092 126.9880726635456 65.99076455831528 1028.854551754892 7.180542357265949 692.1704440489411 73.0460663177073 875.042489670217 207.9761624261737 324.8196525499225 153.2804719209671 6.209024630486965 7.561512671411037 0 0.1250189244747162 1.583747245371342 0.4459417387843132 0 0.3374289274215698 23.7843145057559 1.000344283878803 5.404057934880257 2.41172543913126 0.4112755730748177 0.7020896673202515 1.253852427005768 0.9209175184369087 0 3.96199194341898 0 0 0.08063128590583801 0.5940962284803391 6.568380750715733 1.592804476618767 0.1099813058972359 45.90119270980358 0.6330023854970932 1.94354734569788 2.931184738874435 68.57430052012205 1.462683901190758 9.523163735866547 0.09924182295799255 0 0.08256344497203827 0.6456127986311913 0.6990483403205872 8.840515673160553 0.2407445982098579 2.489347666501999 0.7868001461029053 5.569486245512962 1.203914932906628 1.376904785633087 0
0.2234986498951912 13.25471667945385 0 121.2763765007257 1890.236340194941 1475.488757662475 86.18227165937424 151.7615584880114 937.3091511204839 113.6266364455223 3.075181841850281 1312.937922120094 5.079712435603142 23.3529936671257 762.291876129806 0.1529326140880585 0 0.1335130929946899 0.238647997379303 218.549623914063 0 90.84580465406179 0.2775845974683762 1010.146275416017 3.704660229384899 2.415542311966419 28.64789907634258 135.8842650428414 12.36699017137289 3.442518055438995 0.3276017680764198 307.8383051902056 0.1122124940156937 11.01924724876881 0 304.0211611762643 1.703191615641117 8.7547956854105 3.315870322287083 1385.223419710994 51.93186014890671 5.750701405107975 0.4550015032291412 0 0 0 2.590319186449051 0 0 5.463514856994152 0.4137991368770599 2.795134119689465 3.155425578355789 0 2.163047328591347 0 0.289704442024231 0.1328278928995132 0.4361006170511246 0 0 0 0.5126732438802719 0.4316095411777496 0.6822592467069626 0.1211246401071548 18.4197088778019 0.1324102580547333 0.1028039008378983 0 20.84154519438744 0 0.8839628621935844 0 0 0 0.4309505671262741 0 11.73260251432657 0 0.100312702357769 0.5030407309532166 41.73276679217815 0.2270125299692154 0 0
1.086872085928917 60.6805481761694 25.05203232914209 0.1367104202508926 0 0 6.965527899563313 1.22374215722084 90.82763039320707 0.2657308280467987 2.147568255662918 0 3.534605607390404 1.645500831305981 0.1529326140880585 5438.009934008121 14.10691087692976 0.4863907918334007 3.672718919813633 0.5340917110443115 2833.742339633405 2963.489658415318 4496.964667975903 1459.032422788441 3.33687835931778 9.794302932918072 5352.193112552166 1021.89665581286 19.65698502212763 41.12320969998837 0.3638540282845497 0.2164772599935532 2.2139523178339 47.67994433641434 6.20104107260704 2114.13655616343 552.3621289283037 443.3495019674301 516.1714313104749 81.6048903092742 2.6028718277812 8.914693385362625 23.45049450546503 2.696158178150654 11.34457086771727 79.00894021242857 0.2101582139730453 0.1988761872053146 0 12.25202429294586 1.833719067275524 13.50085335969925 0.9058997929096222 0 0 1.937703177332878 2.89560241997242 0.3646888360381126 3408.741275683045 7.940627321600914 0 5.087906129658222 0 863.920727416873 1354.601273410022 1554.270983792841 219.7260152250528 0.1658697724342346 22.52248165756464 1153.949510037899 336.7903691381216 5.431180030107498 136.0972660034895 0 0 0.1226962059736252 2.28035569190979 5.484143808484077 32.98536093533039 7.350507438182831 20.66769593209028 10.33996085077524 5.873338751494884 0.9616819620132446 6.366814017295837 0.3227095007896423
267.0802982747555 9.184875160455704 4241.544039063156 1.043412081897259 0 15.12587771564722 878.7486116886139 495.5459219366312 1.533429019153118 25.61439432576299 593.0213520973921 2.139474123716354 0.9031999036669731 532.558872859925 0 14.10691087692976 1431.715555511415 110.554902870208 3723.690868102014 1.665047287940979 655.9068339020014 8.466679386794567 4218.247645780444 18.80577782541513 1.808647602796555 3566.614336695522 5472.278148628771 114.9525433704257 807.4864365234971 1462.03167656064 0.7042959779500961 3.173222817480564 25.17534454911947 1920.440941251814 0.3867330253124237 222.375045016408 1960.162524826825 643.0153679400682 69.25224519520998 5.397031866014004 1.184492610394955 7.342858299612999 1.1857795342803 0 19.03810127079487 41.10916871577501 0.1027118712663651 0 0 0.6066901460289955 0 0.4345893710851669 0.1215958967804909 0.2196086794137955 0 0.7989616170525551 0 0 2.182696089148521 27.64126153290272 4.229121677577496 71.07736283540726 0 1.401498064398766 5.281316854059696 0.6596579626202583 4.764006704092026 2.103451460599899 453.7672296836972 298.9997118636966 5.70158239454031 0.09570218622684479 0.1287182420492172 0.574676439166069 0 0 3.849000982940197 0.2203259021043777 17.09165333211422 23.94748383760452 21.5129386857152 4.134140774607658 0.207840122282505 0.111209824681282 0 0
5.540100254118443 2.937240593135357 91.71581425517797 2.588745415210724 2.829375550150871 38.55262585729361 49.58203181624413 29.25675725191832 1.293854981660843 81.45085295289755 3254.743563912809 32.30327367037535 33.24593769013882 57.96240199357271 0.1335130929946899 0.4863907918334007 110.554902870208 483.79176902771 2278.631110489368 21.9337058737874 8.046558953821659 1.044319443404675 28.16049143671989 4.085628695785999 13.5135605558753 2662.589280389249 318.8604764342308 16.02069020271301 128.6483384370804 11.93958253413439 62.83789917826653 36.17613620311022 0.8512188121676445 539.6735094189644 3.891028523445129 685.7116215154529 1902.563592456281 1162.058351017535 181.2745366320014 18.7850858643651 1.289159536361694 37.0627970546484 1.513438150286674 0 9.379926599562168 0.6782761290669441 0 0 0 1.006393276154995 0.09541857987642288 0.2900410369038582 0 19.52187931537628 0.1320310682058334 150.9511470869184 0.07903202623128891 0 0 2.829313844442368 37.93453059345484 19.47261270135641 0 0.09654377400875092 1.358190469443798 0.2005215138196945 2.152484126389027 32.49364411085844 310.2675769776106 346.7118374183774 1.452904403209686 0.06771039962768555 0.1029952093958855 129.5621014162898 0 0 0.6594279780983925 1.816908478736877 10.92027006298304 25.3491346091032 4.329525202512741 0.5421825498342514 0.4073872044682503 0 1.575302146375179 0
49.38892009854317 9.803775161504745 547.0420656651258 2.027904078364372 1.564053311944008 30.05202130228281 186.571837708354 94.12228115648031 3.503384955227375 75.75146505236626 3072.728531308472 24.92476613819599 8.190476290881634 127.5485358908772 0.238647997379303 3.672718919813633 3723.690868102014 2278.631110489368 1792.852836996317 18.6714840605855 62.91355351358652 7.675001472234726 353.7979287803173 8.102832823991776 21.12148512899876 6191.183735541999 2304.454342976213 38.43725287914276 290.5151083320379 174.8729575052857 4.844460137188435 19.21933840215206 6.035309381783009 2788.545852661133 3.469625689089298 1125.947058930993 1382.837411768734 1920.25124707073 217.4107633754611 26.83101686835289 1.61644221842289 8.189998298883438 1.086175464093685 0 30.94220685958862 7.36027903854847 0 0 0 0.5003214031457901 0.09148396551609039 0.5472300425171852 0 4.273199044167995 0 20.78227909654379 0.1049514710903168 0 1.182687796652317 11.35352405905724 23.47372983396053 79.84455308318138 0.07760922610759735 0.1893139556050301 1.418377995491028 0.271888330578804 1.893234990537167 17.43662795424461 544.9539854824543 463.3307700753212 1.160289146006107 0 0.4742110967636108 22.1462694555521 0 0 3.730289414525032 3.069927111268044 21.85378421843052 17.9114541336894 12.38496880978346 3.23706342279911 0.5268701612949371 0 0.3624664545059204 0
1.354392275214195 0.2134590297937393 0.2962881401181221 1656.76782656461 17.21832973510027 1300.73765681684 15.29968348145485 261.6571174412966 184.8875306248665 2176.344263672829 75.09947789460421 4164.005965083838 14.07260604202747 342.1274683773518 218.549623914063 0.5340917110443115 1.665047287940979 21.9337058737874 18.6714840605855 304.0824296921492 0.2301361039280891 0.6107049137353897 0.4201271533966064 243.3107464760542 1.090889416635036 37.39732556790113 11.58088198304176 2577.534147962928 243.4388030022383 1.859423391520977 3.31530225276947 19.66250562667847 0.5097296684980392 108.8725547939539 1.854707330465317 301.0892588943243 17.54580184817314 287.7373020499945 66.04172206670046 380.6408623084426 11.43626908957958 2.261994369328022 3.603980533778667 0 0 0 21.81426728516817 0 1.440081432461739 14.29454428702593 0.2342260032892227 8.922160357236862 40.65987786650658 0.3793309479951859 24.30156684666872 1.112972445785999 0.241720624268055 2.962177895009518 0.2339241802692413 0 0 0 18.3905973508954 0 0.1756059527397156 0 56.16488070785999 0.1022684946656227 0.093625508248806 0.2318471446633339 60.89475067704916 0 0.1161027103662491 0 0 0 0.2530580461025238 0 36.6678616926074 0 0.7184518650174141 0 163.4640338048339 0 0 0
31.61123342812061 3.233465552330017 1258.144655577838 1.029850870370865 0 0.9110495299100876 990.5267372056842 42.81714107096195 51.59209533035755 6.709807716310024 13.72003426402807 0.3724166080355644 4.091274701058865 48.08046477288008 0 2833.742339633405 655.9068339020014 8.046558953821659 62.91355351358652 0.2301361039280891 13416.97233511508 149.5886639654636 15340.61653444171 858.3032619357109 0.3501439690589905 89.03362522274256 838.9585012868047 4503.60459639132 137.0540340170264 9722.558023065329 0.2381454333662987 0.3217436000704765 21.69187732040882 2533.045424051583 29.99283756315708 7011.31870098412 1586.769265472889 6979.48951228708 2999.890639789402 162.9735396206379 9.469129785895348 33.75878220051527 67.26995647698641 2.88163086771965 0.6390992254018784 15.82096585631371 0.2773492783308029 0.1944261342287064 0.3788943067193031 39.331986784935 3.206456579267979 19.74016353487968 0.7076445296406746 0 0.7254495099186897 8.487513571977615 5.561661288142204 0.5819302424788475 603.647071018815 2.997495241463184 0 1.184064634144306 0 619.9158215895295 229.5458275228739 152.3709813505411 256.8012226447463 0.1230722591280937 1.999411799013615 76.76400802284479 412.2004083767533 16.50993337482214 231.3151469677687 0 0.1362404823303223 1.634617447853088 2.869115099310875 13.41974854469299 36.91731902956963 5.891378447413445 6.808702036738396 5.29946344345808 7.740535125136375 1.142265498638153 8.798460364341736 0
1.181391589343548 2154.333973824978 21.59396176785231 0.4527171552181244 3.732849791646004 0.8714849501848221 12.28849507123232 0.7437717691063881 3192.607393138111 1.195716336369514 31.22696567326784 34.66712023317814 86.28608111292124 1.272391885519028 90.84580465406179 2963.489658415318 8.466679386794567 1.044319443404675 7.675001472234726 0.6107049137353897 149.5886639654636 2159.7805486992 371.3422484695911 6282.116436675191 471.3271069079638 100.9859300777316 4611.586973577738 257.3578571155667 1.892152279615402 9.369764007627964 26.40852706134319 0.2283435016870499 0.1171595975756645 31.25095784664154 0 122.9560505077243 46.33828434348106 107.9635818451643 20.61635490506887 95.9504671394825 0.6194459497928619 31.89173427969217 0 0.2478743344545364 15.25511223822832 121.0004756301641 0 0.1402802318334579 0.0920432060956955 8.190217830240726 0 9.792687006294727 0.7705270349979401 1.331861399114132 0 8.293147072196007 1.474904723465443 0.66629309207201 926.9894202798605 4.89201458543539 0.3922043219208717 5.216206908226013 0 238.2955901324749 332.4530150219798 322.299803443253 111.7285786271095 5.168785601854324 28.93299478292465 1122.31056343019 141.1560135856271 0.8470340818166733 35.96683528274298 3.529652521014214 0 0.6668458878993988 0.4805227369070053 1.052331447601318 12.88901989907026 3.475134186446667 8.30659731477499 2.595806449651718 4.706191189587116 0.5685380473732948 4.329697765409946 0.1965700834989548
84.88047170639038 6.984771363437176 9896.312065392733 1.985476478934288 0.1253185719251633 5.071047566831112 1079.435948736966 151.3569433689117 12.04933847486973 14.40232094377279 67.58746784180403 0.7271846234798431 19.77049363404512 175.7597781792283 0.2775845974683762 4496.964667975903 4218.247645780444 28.16049143671989 353.7979287803173 0.4201271533966064 15340.61653444171 371.3422484695911 24878.83684057742 388.3034317940474 1.305436864495277 353.3421760648489 12514.45055286586 3548.217091172934 231.9707530513406 4074.329655505717 0.9957694634795189 0.3426332324743271 12.89351397752762 2793.716423504055 57.04503885656595 13220.38643540442 7603.746405020356 9694.760935992002 5646.275680504739 920.5795870274305 10.81465326249599 36.0716872215271 216.2767570540309 0.1387255787849426 11.79693461209536 555.3566064015031 0.1351898610591888 0 0.08979172259569168 6.654536239802837 0.08387083560228348 2.993010222911835 0.3962850943207741 0.7544719874858856 0.5667409896850586 0 0.9631691724061966 0.3230594992637634 1177.317214079201 16.74555414915085 0 3.186954192817211 0 249.2601427510381 357.8805548772216 594.7342411950231 59.76105941832066 0.08081876486539841 20.56836745142937 2007.908095933497 100.8888517990708 0.7747215777635574 35.43753001838923 0.1156948357820511 0 0 3.796937860548496 49.18233738839626 34.72424254566431 7.564361155033112 20.16191393882036 10.88984945416451 2.350424237549305 0.2230105996131897 0.8562646508216858 0
116.4528185501695 389.3942220285535 114.9382321685553 620.3668587878346 41.1776462122798 78.7297533378005 1548.795045509934 84.84706889092922 9054.353162139654 507.973752386868 19.79243007302284 1525.528403684497 22.17469994723797 136.7684344500303 1010.146275416017 1459.032422788441 18.80577782541513 4.085628695785999 8.102832823991776 243.3107464760542 858.3032619357109 6282.116436675191 388.3034317940474 8858.59875497967 81.38918953388929 47.76391392946243 2107.179309040308 8198.567307643592 423.6229646578431 286.9482244551182 7.720339849591255 6.083535604178905 68.84855663776398 132.2626037672162 12.98238042742014 1553.643082737923 131.9768701344728 542.5066881626844 316.3444112017751 699.3131985068321 31.6975988522172 52.1270425543189 12.72581426054239 13.12195978313684 5.587089538574219 30.95431927591562 281.0849653482437 3.430924460291862 19.83172596246004 1250.36204636842 43.84100469946861 710.0079851076007 527.6276489570737 5.870529927313328 139.7805639505386 27.30701727420092 64.61665016412735 24.53503219783306 389.1852159798145 4.308234333992004 2.304999388754368 2.444046050310135 180.9326320886612 307.5978916063905 268.0891086757183 98.0646385550499 4190.733938843012 1.103384025394917 12.23299510031939 233.4547748789191 4526.027480177581 52.73060839623213 322.1703904271126 1.273372150957584 2.537609912455082 4.491168685257435 22.60163494199514 4.471771031618118 358.4789897203445 3.707387268543243 155.0545228645205 60.13772149384022 1005.828096717596 36.16641962528229 19.71938420087099 6.902239345014095
0.1064558923244476 2712.232572510839 0 0 0.1052742153406143 1.90493232011795 2.397465229034424 1.341836862266064 116.1874438822269 2.931049421429634 1208.529013864696 2.974783323705196 3595.635751083493 2.243015050888062 3.704660229384899 3.33687835931778 1.808647602796555 13.5135605558753 21.12148512899876 1.090889416635036 0.3501439690589905 471.3271069079638 1.305436864495277 81.38918953388929 2262.711239844561 606.0933543667197 5632.432132124901 4.612310066819191 5.822688698768616 0.3124748840928078 549.2994683235884 5.854695819318295 0 127.3903802633286 0.5206242203712463 101.2170646190643 718.1043764054775 166.1497826352715 49.60481181740761 5.605885349214077 2.476290464401245 1411.86595711112 27.79892635345459 0 22.03970028460026 0 0 0 0 0.222638912498951 0 0.8126696348190308 0 29.27167120575905 0 403.4836181551218 0 0 0 0.2596644833683968 9.1076495423913 6.172410167753696 0 0 1.337098851799965 0 1.346390672028065 169.9678246155381 99.09215246140957 395.4138823524117 0.3898757845163345 0.09326600283384323 0.1854747757315636 71.94340049475431 0 0 0.6546744629740715 2.232909440994263 13.93303553760052 54.49273607134819 4.0333591401577 0.6432842463254929 0.1465479880571365 0.294643223285675 42.63639275729656 0
17.69800400733948 280.492630533874 7342.875522010028 5.057534441351891 3.759337052702904 59.28143557906151 284.1916524767876 77.98588562756777 41.61466922610998 153.0078451111913 4026.297025956213 59.11624699085951 661.249083250761 122.6317055597901 2.415542311966419 9.794302932918072 3566.614336695522 2662.589280389249 6191.183735541999 37.39732556790113 89.03362522274256 100.9859300777316 353.3421760648489 47.76391392946243 606.0933543667197 35286.34845812619 17631.75742954761 79.82184485346079 264.4323246851563 114.4662161394954 387.6566408723593 62.56976739317179 2.579720012843609 1549.560237035155 7.599931664764881 3036.171462155879 5158.610603757203 4206.628537021577 610.1341917589307 74.94729261100292 4.107033960521221 74.50979881733656 4.844690829515457 0 289.2971353530884 28.54443057626486 0 0 0 1.591515488922596 0.1900483891367912 4.48661382496357 0.1736223176121712 94.12529410421848 0 822.8924275711179 1.009075567126274 0 5.43977752327919 100.0030910074711 246.3342109173536 534.0302952975035 0.2946327328681946 1.584911465644836 16.07466566562653 3.826430633664131 9.216897197067738 410.958000831306 4291.36415951699 4523.907738521695 5.719760097563267 1.735242269933224 3.174359828233719 587.9793359488249 0.3973858058452606 0 25.67851623147726 2.899365767836571 108.8989537209272 195.118739053607 114.9624780640006 20.52535074949265 1.733602829277515 0.2020290195941925 10.14296206086874 0.2662810385227203
38.61822697520256 7024.179134376347 10411.53759896755 5.941400811076164 1.172018103301525 19.65617070347071 384.1212163865566 92.03817818313837 647.9012245535851 55.71853015571833 800.0846502408385 22.50771660357714 4111.379095211625 106.3379593715072 28.64789907634258 5352.193112552166 5472.278148628771 318.8604764342308 2304.454342976213 11.58088198304176 838.9585012868047 4611.586973577738 12514.45055286586 2107.179309040308 5632.432132124901 17631.75742954761 40199.18589936942 1276.283385798335 160.3658364787698 200.6319627538323 1037.011697843671 14.06030189245939 3.946094259619713 2640.098930262029 24.31012599170208 7694.676850765944 3080.488918185234 7301.802105985582 1456.292409308255 360.1444971114397 4.738464280962944 67.85639241337776 52.32048518955708 0.07515310496091843 2461.095586366951 3497.651451125741 0 0 0 9.277659542858601 0.7472930997610092 10.44225438684225 0.7138647586107254 59.75663369894028 0.2877435758709908 524.2346245497465 2.500948220491409 0.3611688688397408 782.3065117299557 480.9612840265036 223.3892676308751 855.1992617994547 0.1170563623309135 62.43840494006872 1211.384614743292 437.688521631062 84.75596407055855 532.4897576272488 7345.798385597765 17061.09895259142 93.74414378404617 2.390245825052261 19.17848948389292 402.1264155954123 0.3095365911722183 0.2109879106283188 64.91700164973736 16.51528838276863 222.0166768059134 264.7456115558743 281.1851767972112 53.20305495709181 8.587632477283478 0.9926233142614365 5.016531340777874 0.340575635433197
296.1283314377069 13.04517642408609 770.3085616976023 2905.58222720027 13.02868092805147 332.177592203021 12843.61484945565 296.7568463236094 1026.402139350772 2121.992838799953 43.04324000328779 1536.798654742539 14.38381127268076 375.3725504204631 135.8842650428414 1021.89665581286 114.9525433704257 16.02069020271301 38.43725287914276 2577.534147962928 4503.60459639132 257.3578571155667 3548.217091172934 8198.567307643592 4.612310066819191 79.82184485346079 1276.283385798335 15126.03446850181 1163.250968582928 5141.739488691092 1.871932856738567 24.19926410913467 339.9732621312141 602.0096295103431 40.18460103869438 4299.574739992619 263.0989568904042 2076.542303033173 1118.576677262783 522.3768908157945 110.9028348624706 55.84779816120863 44.65685749799013 6.629832409322262 2.156362943351269 23.75625565648079 192.0632933080196 0.9879567846655846 11.34372082352638 824.4354139938951 29.33468997478485 198.4652520492673 385.1443102061749 6.315180823206902 89.27207855135202 12.92551998049021 38.26507357507944 12.15040013939142 205.9591971188784 3.219517588615417 1.4602882117033 0.8614153191447258 102.3033702820539 175.7609284743667 101.9236899912357 45.46278188377619 1954.865570105612 0 6.445852443575859 135.9772074818611 2553.779737897217 37.0190384760499 239.9053735509515 0.09495250135660172 1.817731037735939 3.315214715898037 13.14139301329851 5.893880605697632 285.3807554170489 5.560163997113705 90.75190544873476 39.6670605391264 882.6508798524737 23.24807476997375 33.03160019218922 1.561395302414894
