1522.03106341511 2.186648085713387 220.0423503890634 1.964909955859184 0 25.79948262125254 3706.012168712914 560.3028775602579 10.10930465906858 29.09305103123188 3.353516437113285 2.80712903290987 1.201407074928284 4914.728215232491 0 0.3699304163455963 140.1380396559834 3.018457658588886 4.774247489869595 3.315163284540176 150.9632741361856 0.8763749822974205 254.9855053946376 65.72377503663301 0 236.8530574887991 18.48638567328453 84.9162717089057 4216.231523878872 2133.900057345629 0.07889588177204132 7.956901118159294 281.6199187040329 120.9885593801737 7.389559395611286 215.3464838713408 8.211209878325462 105.6024534329772 36.66519786417484 10.05144300311804 0.7263123095035553 0.7075639888644218 1.088865078985691 0 0 0.1030786707997322 0.2794590294361115 0 0 11.39697340875864 0 9.868515469133854 1.493069678544998 0 0 0 0.72791638225317 0 5.898037046194077 0.2776779308915138 0 0.1413581073284149 0.1582203507423401 9.782503753900528 1.749287560582161 1.307394906878471 26.70708319544792 0 0.1723611503839493 1.714158184826374 47.48593571037054 0.9758723229169846 10.34469241648912 0 0 0.1340463161468506 0.1779472827911377 1.305539608001709 8.432224504649639 0.4607081487774849 1.956620886921883 0.253611333668232 1.977076105773449 0 0 0
2.186648085713387 114.9831047803164 97.79819978028536 1.006623283028603 0.2400577962398529 0.1273922622203827 26.17558327317238 0.2677239701151848 445.0879974141717 0.7663610279560089 81.68177788704634 2.888847827911377 743.6415674760938 0.9634265601634979 4.232566229999065 271.814342930913 23.9619802236557 2.368162140250206 8.320389322936535 0 53.33874151110649 1574.559794984758 54.26819358021021 849.3102919831872 1859.635168023407 606.7996403723955 10356.61437268555 90.65983866155148 9.524472683668137 46.79874583333731 123.8844279125333 0 7.825715824961662 17.40849025547504 0.3201442882418633 39.45307845622301 89.96351286023855 26.05669069290161 17.09434515982866 9.597951218485832 0 129.5299317911267 0 0.167498841881752 85.95074249058962 51.05802300572395 0 0 0 1.195964366197586 0.2368679940700531 0.241362027823925 0 3.068047858774662 0.1326383650302887 7.911637678742409 0.2261203229427338 0 5.089410021901131 23.99492095410824 0.9699765145778656 11.99177595973015 0 1.027920864522457 8.077663615345955 1.604338340461254 1.715654142200947 8.436505757272243 194.4063446968794 1508.320611573756 1.467927522957325 0.3384300842881203 0.3216688930988312 3.230003081262112 0 0 6.882368639111519 1.199634313583374 10.85814014822245 14.16420262306929 19.79732140898705 5.544741213321686 1.150922641158104 0 1.046625413000584 0
220.0423503890634 97.79819978028536 4602.249586611986 0.18962262570858 0 48.10332123562694 751.6006739586592 777.9119099751115 3.548831842839718 40.12141542509198 35.875986777246 1.751910135149956 7.421196542680264 544.8327786996961 0.1065889298915863 3.615645490586758 1049.958597712219 45.38354255259037 115.6933702006936 0.9385131075978279 1042.024414889514 21.56512770801783 7000.943158432841 18.26108559966087 0 8435.709876932204 3835.664586395025 98.92009410262108 359.1105675250292 519.3362007439137 3.496539428830147 6.936049781739712 37.03984041512012 347.7412908449769 17.01105937361717 1926.698440998793 3341.1430253461 828.9909683838487 586.7750938013196 35.69205209612846 2.951586306095123 4.822180658578873 7.024111695587635 0.1081390082836151 118.0398729071021 177.6947136372328 0 0 0 2.299622520804405 0.5372659713029861 1.179930925369263 0 0.09588508307933807 0 0 1.211059056222439 0.1156740188598633 11.36558905243874 28.50688200443983 0.1265978962182999 1.444348409771919 0.1460899114608765 6.842592239379883 73.85125404596329 42.21512661129236 6.189204722642899 0.2924628332257271 65.55591499060392 1305.417240008712 8.549313344061375 0.1534697711467743 6.243060037493706 0.2720901966094971 0 0 5.590556025505066 8.221110761165619 12.37135330587626 161.4225176051259 18.5954691618681 9.671395093202591 0.9030949249863625 0 0 0.6143465042114258
1.964909955859184 1.006623283028603 0.18962262570858 2135.467565782368 3.040569141507149 321.8865975141525 62.58300887048244 28.13556438684464 801.6615988686681 6616.087704241276 0.6021477580070496 998.820333249867 3.723810344934464 25.09079742431641 31.77329234778881 0.2100643068552017 0.1188246011734009 0.4922869428992271 0.1586079373955727 4944.368188545108 0.6206357404589653 3.249484963715076 0 2244.392282791436 0.702186182141304 0.9033099561929703 1.583835154771805 2495.502906955779 57.30680623650551 0.8459079787135124 0.09591207653284073 2.310791105031967 5.258499681949615 34.34028991311789 15.74969977140427 273.506423547864 1.424032129347324 98.14568186551332 63.53760512918234 79.95032340288162 2.733656145632267 0.4901791960000992 1.734231077134609 0.8190657198429108 0 0 74.56554071605206 1.219416417181492 7.100859828293324 103.5312367081642 4.485649637877941 116.0396495759487 36.93922233581543 0.5856844186782837 31.36891856044531 0 2.764047235250473 11.18561917543411 1.222294226288795 0 0.1862748265266418 0.5361332073807716 99.20539461821318 0 0.3557807356119156 0.7889241576194763 253.2207099944353 0 0 0.09628922492265701 191.8689724132419 4.795540813356638 6.880238093435764 0 0.0619550533592701 0.5001489520072937 5.055317968130112 1.100136786699295 41.77394282072783 0 11.99179359525442 2.195239424705505 43.50652941316366 1.010805264115334 0.1790624260902405 0
0 0.2400577962398529 0 3.040569141507149 94.54703539609909 311.4387688785791 2.187280587852001 29.63012462109327 71.21850556135178 4.89823867380619 8.879225954413414 129.2192016243935 7.123553983867168 2.852618888020515 1802.901738509536 0 0 1.014155231416225 0.1610628962516785 6.919104963541031 0 0.2287944704294205 0 14.89519664645195 0 0.7925949618220329 0.3366380631923676 2.241473317146301 38.43859207630157 0 0 270.7166459858418 0 31.24216710031033 0.9974589347839355 30.78401053696871 2.544046238064766 29.72895234823227 16.65730471909046 1706.305755615234 8.126197099685669 0 2.991176784038544 0 0 0 1.24457523971796 0 0.3474167287349701 0.2340072095394135 0.1107742860913277 0.9891012534499168 0.2653429806232452 0 0.169329047203064 0 0 0.8312551379203796 0 0 0 0 0.8433137908577919 0 0 0 0.906918503344059 0 0 0 2.479299895465374 0 0 0 0 0 0 0 0.3365118205547333 0 0 0 0.3872185796499252 0 0 0
25.79948262125254 0.1273922622203827 48.10332123562694 321.8865975141525 311.4387688785791 8445.127315327525 1395.097222059965 4791.630018621683 108.7116323336959 6143.311212196946 169.7358416467905 3923.637080937624 59.3813293799758 684.6044537350535 1855.127315804362 0.2029532268643379 18.92561406642199 46.556167319417 20.00470519065857 601.9399178922176 14.64690753817558 0 30.68652650713921 332.2393747791648 0.09012436121702194 52.32317721843719 16.23918953537941 462.8235220760107 952.3010306507349 44.07382135093212 0.3874414414167404 941.9629668965936 2.458354495465755 499.9922369420528 9.778064638376236 575.2131545245647 32.39561861008406 718.0958789288998 211.1710721105337 2343.32488168031 99.86967123299837 4.061751924455166 15.06218533962965 0.5313167572021484 0 0.5816119611263275 17.47486468404531 0.1750069409608841 2.021052017807961 24.69931598007679 1.391317397356033 34.7726089656353 10.67431087046862 0 13.03122542053461 0.33870729804039 0.3367513939738274 7.541259557008743 4.024538032710552 0 0 0 35.14247304946184 1.441523253917694 2.18003211915493 1.195848762989044 62.8614362552762 0 0 0.5165918841958046 43.04291018843651 1.390286475419998 3.133916333317757 0 0 0.1302375793457031 1.885613106191158 0.2325376272201538 27.13203052431345 0.1811727434396744 2.826648883521557 0.6106382980942726 22.16157887876034 0 0 0.2010122686624527
3706.012168712914 26.17558327317238 751.6006739586592 62.58300887048244 2.187280587852001 1395.097222059965 22420.5909909904 4805.574414946139 814.6133959963918 8131.869662940502 15.1075354591012 55.84973464906216 12.81213984638453 5598.913614783436 24.94282197952271 85.80055645108223 36.74425581842661 9.033569142222404 6.93545188754797 37.7332670353353 1622.799961090088 63.42359811812639 1214.771159563214 2456.270472690463 6.534104786813259 292.0586553066969 1085.658568777144 13743.82792562246 3532.032768845558 4525.728871215135 0.4873333796858788 34.68014127016068 314.3315681219101 911.7716138884425 166.3025650009513 3233.183004580438 144.6916997283697 1764.848044082522 987.9099182412028 341.1634432226419 35.63639657199383 7.577843405306339 29.97815909981728 8.85732926428318 0.6251465678215027 1.847160279750824 31.66533978283405 0.5152256786823273 3.412190824747086 336.0086345374584 7.745047196745872 214.5549169182777 20.22240203619003 0.8512252122163773 7.681704327464104 0.1588213592767715 8.191368795931339 7.100875571370125 48.63278782367706 1.733602054417133 0.3908910900354385 0.7165947556495667 28.42727486789227 57.17640221118927 31.67013712972403 22.85319479554892 670.2329272404313 0 1.824750639498234 26.23267067223787 752.5017059892416 26.60878475010395 224.2935221269727 0 0.8254158943891525 4.757469415664673 19.08538376539946 17.89368689805269 154.7760642766953 3.921868063509464 39.84720050543547 13.46906676888466 34.6466873139143 2.911509819328785 0 0.08311286568641663
560.3028775602579 0.2677239701151848 777.9119099751115 28.13556438684464 29.63012462109327 4791.630018621683 4805.574414946139 10077.18610690534 17.88623335957527 2747.703504353762 143.675411708653 627.4364778846502 39.14356592297554 5760.559758782387 152.2315617650747 0.5688370689749718 165.9802730828524 44.5291136726737 32.06767246127129 217.8870664015412 288.8932567685843 1.735425516963005 539.1524932458997 118.6621372103691 0.5066734254360199 534.5738425329328 151.2786771506071 335.7399582192302 1613.307823378593 921.6593617200851 0.3749206960201263 336.3155118077993 9.787173099815845 530.3039914891124 9.197855412960052 347.8759530857205 40.80236131697893 695.1695933640003 186.1878400966525 661.9238875582814 68.67603711038828 3.818364299833775 8.300760433077812 0.5987086296081543 0.1920619234442711 0.3752156645059586 1.024097308516502 0.2060566842556 0 11.68750769644976 0.1843987107276917 11.46735785901546 0.1727457791566849 0 1.332974314689636 0.1120463907718658 0.5354164689779282 0.5416334867477417 3.099925011396408 0 0 0.1107777953147888 1.775463052093983 2.695479586720467 2.358156025409698 3.210295662283897 28.78348511457443 0 0.3263259083032608 7.490277089178562 27.3207887634635 0.6196733415126801 6.655611760914326 0 0 0.1087587177753448 0.211308091878891 0 7.353954590857029 1.289531819522381 2.310122922062874 1.222191140055656 4.464937373995781 0 0.1311880499124527 0
10.10930465906858 445.0879974141717 3.548831842839718 801.6615988686681 71.21850556135178 108.7116323336959 814.6133959963918 17.88623335957527 878.2337877452374 556.5773557722569 1.487637095153332 521.6387549862266 70.06568104028702 10.40255893021822 1263.266341514885 277.5442607477307 2.797331780195236 0.6761134639382362 0.7271770089864731 352.1819603294134 133.8591044917703 1805.227303653955 101.4566727429628 11243.70045020431 238.662829451263 50.88492168486118 478.0241869390011 1639.658097505569 51.01814194023609 158.7311518266797 22.22092007100582 1.253611721098423 11.44632370769978 23.06419003009796 4.336134321987629 172.2645981535316 15.89201737195253 42.24964632838964 16.33294123411179 509.5055369287729 3.414182335138321 8.278353899717331 0.7412757873535156 2.588269084692001 0.461292140185833 0.3691417798399925 163.1965336129069 1.341430559754372 14.51397099345922 165.0917196497321 5.930926613509655 129.723276913166 64.30834722518921 2.534117661416531 79.65180297940969 0.7103125676512718 3.986694797873497 14.67308259755373 306.3067367300391 0.7126583978533745 0.563351958990097 0.7303551957011223 211.4300077408552 114.6283634230494 62.38025622814894 92.92515174299479 922.8587593063712 0.2235537096858025 1.60344847291708 30.56055770814419 538.0073258280754 13.52598205953836 54.02049079537392 0.249069057404995 0.4020074382424355 0.6891772225499153 10.93561297655106 2.321715407073498 53.28345184773207 4.638902924954891 22.05397158116102 4.232164993882179 64.50216034799814 1.043627418577671 0.5122819542884827 0
29.09305103123188 0.7663610279560089 40.12141542509198 6616.087704241276 4.89823867380619 6143.311212196946 8131.869662940502 2747.703504353762 556.5773557722569 30386.46076112241 49.71036504209042 3462.938186436892 20.2876585572958 1084.740221202374 87.22868966311216 1.894306123256683 6.576175771653652 20.62910501658916 12.76087442785501 6112.050824359059 22.90517768263817 3.141955398023129 19.73179183900356 2202.280628271401 0.383039653301239 30.25959917157888 42.78904545307159 5700.246316865087 1062.180353455245 22.67540995031595 0.5083217993378639 73.733582675457 32.3659385740757 540.6668059304357 77.05893026292324 1901.40053524822 31.94022922962904 1570.163983531296 808.9004515036941 336.6721283942461 73.78170431405306 7.273532941937447 38.39167856425047 1.923520907759666 0 0.3006122708320618 135.2156471312046 0.2007373869419098 14.44194726645947 188.8157389461994 4.922018103301525 159.7521054893732 48.2449599429965 0.6525944918394089 41.54794315248728 0 8.25937095284462 18.51250179857016 4.528636142611504 0 0 0 143.343849465251 0.4074280336499214 0.5161302089691162 1.547319903969765 462.7414986416698 0 0.5533869117498398 2.035681262612343 313.112859018147 9.117444828152657 28.63830803334713 0 0.4249017238616943 0.6650823578238487 10.05825255811214 6.471228584647179 106.8773465752602 1.185017287731171 24.81782347708941 2.891958810389042 72.89196014404297 0.7851656451821327 0 0
3.353516437113285 81.68177788704634 35.875986777246 0.6021477580070496 8.879225954413414 169.7358416467905 15.1075354591012 143.675411708653 1.487637095153332 49.71036504209042 8147.862160757184 37.78415218740702 1369.648806378245 161.0239781886339 0.7507883757352829 0.8544863760471344 336.6943165883422 2259.354869388044 1364.402314126492 18.56525727361441 9.177623338997364 5.618369154632092 33.17228633910418 7.301773987710476 445.6132610365748 2165.650299578905 291.8782492429018 4.826924078166485 256.992797292769 5.130152247846127 118.025347456336 384.4550996124744 3.978136122226715 7646.868127577007 4.926071032881737 513.2689704075456 4371.861314371228 3452.847511209548 962.5573236271739 35.26403120905161 42.74996429681778 1078.335253074765 6.741541922092438 0 5.002091877162457 0.1086729317903519 0 0 0.1747427433729172 0.3104782998561859 0.236703984439373 0.1994787007570267 0.07922182232141495 322.2184695675969 0.2694935575127602 756.1437294892967 0.1748242527246475 0.09349493682384491 0.5401808470487595 0 2.220984287559986 0.3676317557692528 0 0 0.8206533640623093 0 1.146932989358902 130.0515131950378 208.7284014374018 197.5134835615754 1.191501937806606 0.07614815980195999 0.0741088017821312 203.2318090796471 0.13664510846138 0 6.848231047391891 0.3819023966789246 10.43181392550468 171.7862926125526 13.82329070568085 2.895431719720364 0.6508190706372261 0 58.16213209927082 0.207346573472023
2.80712903290987 2.888847827911377 1.751910135149956 998.820333249867 129.2192016243935 3923.637080937624 55.84973464906216 627.4364778846502 521.6387549862266 3462.938186436892 37.78415218740702 8263.11095687747 18.47006279975176 282.6812747195363 1458.574005737901 0 2.095877304673195 14.98514575511217 6.35063000023365 3655.02217438817 0.6359856426715851 10.68876054137945 2.21843321621418 342.3663643077016 0.5174343064427376 9.032282091677189 6.541779287159443 164.5732439085841 181.6410339325666 3.058877840638161 0.5662198588252068 47.61179861426353 0.6161231622099876 140.071957975626 2.922373786568642 828.4246869087219 13.42281001061201 434.8873811364174 114.9900020286441 1213.139220744371 30.98117563873529 1.259855195879936 6.009293653070927 1.485391020774841 0 0 123.7880189493299 2.27247030287981 19.28246095776558 44.59069433063269 2.629117846488953 210.0475575625896 87.91503840684891 0.5532688722014427 75.13747034221888 1.220325112342834 1.133883014321327 29.27974417060614 4.059810534119606 0 0.169493556022644 0.2161119878292084 164.9534925073385 3.063899368047714 1.108057975769043 1.152215510606766 209.656834371388 0 0.4890258088707924 0.8852905631065369 167.2958510369062 2.147761419415474 7.568722702562809 0 0.1490098536014557 0.1799047067761421 1.678779013454914 0.9384283721446991 65.58197689801455 0 6.544302150607109 0.2206586003303528 95.65752759575844 0.1705442368984222 1.790414154529572 0
1.201407074928284 743.6415674760938 7.421196542680264 3.723810344934464 7.123553983867168 59.3813293799758 12.81213984638453 39.14356592297554 70.06568104028702 20.2876585572958 1369.648806378245 18.47006279975176 4602.249155350029 25.20405575633049 16.75718832015991 45.54664419591427 8.656297221779823 82.5642067939043 57.7855059877038 7.919527180492878 42.53847924619913 164.8790933638811 74.0652063190937 105.1716294810176 4688.379714883864 563.2024745419621 3913.354006834328 25.48162291944027 14.65295572578907 13.26184717565775 1298.24847830832 51.43213015049696 0 709.9085421040654 183.9215491116047 3740.014545358717 4215.828730039299 2700.449175335467 890.1619493439794 344.8137904182076 48.23305562883615 1342.096475154161 48.12337759137154 0.08945239335298538 35.86770824342966 0.3970920145511627 0 0 0.6607516407966614 2.065664865076542 0.1848924160003662 0.560728907585144 0.6771542802453041 665.6179442927241 1.874765455722809 1665.905805885792 0.7543749287724495 3.989529848098755 10.87986861914396 1.885439738631248 3.046761639416218 5.966571435332298 3.178768634796143 0.4293256402015686 141.9667839109898 8.701160073280334 2.964641116559505 580.6773584485054 408.1736793145537 454.4105544984341 0.474603459239006 0.4875368252396584 0.3460160940885544 413.842147834599 0 0 8.800777398049831 48.61938817799091 935.8451020270586 355.80885823071 85.61229302734137 48.28992182761431 62.61246618628502 7.022220402956009 119.4067062437534 2.847884640097618
4914.728215232491 0.9634265601634979 544.8327786996961 25.09079742431641 2.852618888020515 684.6044537350535 5598.913614783436 5760.559758782387 10.40255893021822 1084.740221202374 161.0239781886339 282.6812747195363 25.20405575633049 9523.29867234081 19.12847509980202 0.8387311697006226 235.2815207615495 52.94952731207013 44.16702922433615 177.2620711475611 278.6424270495772 1.293746143579483 494.0890289619565 81.14684790372849 0.3670219928026199 524.9762190133333 89.0912249609828 236.8024719506502 5408.468344368041 1632.200037356466 1.073513343930244 265.7557090073824 23.69917768985033 734.2433539628983 5.331378132104874 359.408042550087 44.67645712196827 807.1023251488805 134.4094516932964 284.2573016285896 31.3269844353199 2.671310797333717 6.749429367482662 0.121068112552166 0.3931269198656082 0.6986166015267372 1.119102627038956 0 0 9.703479371964931 0.5933270081877708 4.728785537183285 0.2710195109248161 0.1877726092934608 0.2389043122529984 0 0.3748033940792084 0.09800948202610016 3.767262935638428 0.2561773434281349 0 0 0.2678518742322922 4.100514262914658 2.221177704632282 1.357097096741199 21.42545623332262 0 0.6685740649700165 5.265714325010777 26.64026248455048 0.4178668782114983 7.614367075264454 0 0 0.1811040192842484 0.2318997606635094 0.7879884839057922 7.30730414390564 1.125537030398846 1.276669286191463 0.5150844231247902 1.425246588885784 0 0 0
0 4.232566229999065 0.1065889298915863 31.77329234778881 1802.901738509536 1855.127315804362 24.94282197952271 152.2315617650747 1263.266341514885 87.22868966311216 0.7507883757352829 1458.574005737901 16.75718832015991 19.12847509980202 768.9151018708944 0 0.1372801214456558 0.2449160814285278 0.1391787230968475 188.713551223278 0 18.95418336987495 0 586.004982970655 2.571812175214291 0.5991392210125923 5.90070104598999 39.08707221597433 39.53247151523829 0.911663793027401 0.3477847278118134 329.7138280272484 0 4.58086134493351 0.1823748648166656 622.5416163429618 1.280132487416267 14.18814655393362 2.489566430449486 1633.11472401768 36.06277264654636 3.195099145174026 0.818719208240509 0 0 0 28.50993109494448 0.1617755442857742 2.290956549346447 18.01745826750994 0.8950398415327072 46.82530830800533 16.70617028325796 0 25.60890737175941 1.494712710380554 0.3785155043005943 10.93994343280792 4.067656062543392 0 0 0.1007699519395828 40.4940739274025 3.517055541276932 0.4183138906955719 4.257080167531967 60.63041007518768 0 0.9729233384132385 0 43.03438245505095 2.768149085342884 1.672728389501572 0 0 0.2505016922950745 0.5618346929550171 0 44.47264347225428 0 0.296877346932888 1.225550152361393 37.52190092206001 0 0 0
0.3699304163455963 271.814342930913 3.615645490586758 0.2100643068552017 0 0.2029532268643379 85.80055645108223 0.5688370689749718 277.5442607477307 1.894306123256683 0.8544863760471344 0 45.54664419591427 0.8387311697006226 0 1475.14340300858 6.748475313186646 0.4925243258476257 1.709932833909988 0 1223.162371121347 3076.098634339869 4940.505186788738 2192.516814149916 44.48665877431631 35.10410045832396 2678.072007626295 1515.112590380013 4.579881198704243 19.29087284952402 2.203379951417446 0.1237447485327721 0.9170351251959801 86.02024593949318 12.09469345211983 884.8103578537703 261.6367529481649 373.0993832498789 368.2372759133577 15.33493706583977 0.1627269983291626 15.77169181406498 4.95075187087059 0.3146393001079559 5.735628619790077 2.450872749090195 0 0 0.1248732581734657 8.685875624418259 2.507238201797009 2.782664500176907 0.113064706325531 0.5283924341201782 0 6.79791896790266 2.44905249029398 0 1011.779355637729 1.617290578782558 0 0.3463330715894699 0 161.9865840151906 821.0142692402005 530.0177238583565 83.57698150724173 0.1551457643508911 1.296904757618904 455.1940818428993 113.7495480328798 0.4880833402276039 8.164909534156322 0 0 0 2.384450823068619 2.266390204429626 285.967545889318 149.1319103315473 13.15728265792131 9.186329074203968 1.762815974652767 0.1381801664829254 0 0
140.1380396559834 23.9619802236557 1049.958597712219 0.1188246011734009 0 18.92561406642199 36.74425581842661 165.9802730828524 2.797331780195236 6.576175771653652 336.6943165883422 2.095877304673195 8.656297221779823 235.2815207615495 0.1372801214456558 6.748475313186646 680.9348496496677 231.3548105061054 2590.235260948539 2.060995250940323 574.8870064690709 5.505253814160824 3222.085227288306 7.124713532626629 0.2562430799007416 2245.782277740538 3858.953642360866 8.72755292057991 571.0027380436659 634.4627871960402 0.7107287049293518 22.29441976547241 81.25046689808369 2854.330711625516 4.532744169235229 737.1701068356633 1454.144568040967 1965.834246560931 872.0604135170579 13.02899856120348 0.8498546332120895 5.866329938173294 1.805555276572704 0.2997449189424515 16.38154086470604 24.95487174391747 0 0 0 0.6464890763163567 0.503142386674881 0 0 0.3010769337415695 0 0 0 0 2.843143746256828 17.28316181898117 0.1180339455604553 2.922099888324738 0 0.2868774756789207 3.035941109061241 0.6430800408124924 1.104401834309101 0.2415143698453903 64.70919492095709 246.8473901376128 2.027695327997208 0 0.8897941783070564 0 0 0 3.322383493185043 2.383527517318726 5.027404695749283 71.6620520055294 8.087387666106224 3.406749777495861 0.1682074666023254 0 0 0
3.018457658588886 2.368162140250206 45.38354255259037 0.4922869428992271 1.014155231416225 46.556167319417 9.033569142222404 44.5291136726737 0.6761134639382362 20.62910501658916 2259.354869388044 14.98514575511217 82.5642067939043 52.94952731207013 0.2449160814285278 0.4925243258476257 231.3548105061054 89.29732110351324 2187.084849379957 7.629020147025585 2.838245928287506 0.4105700999498367 13.31811095774174 3.286477535963058 7.530597396194935 1397.979322552681 200.7426692694426 2.640770435333252 79.33109783381224 3.909454829990864 19.47358691692352 92.2098056897521 1.213866874575615 1127.465411044657 2.70143011957407 668.97536393255 1705.594835862517 1632.329113401473 429.0230834409595 27.78445653617382 4.71942163258791 24.37184152752161 2.532785691320896 0 4.496191181242466 0.3393481075763702 0 0 0 0.5515081882476807 0.0717526376247406 0.144490972161293 0 12.35770696401596 0 26.29895789176226 0.08306541293859482 0 0 1.146790564060211 1.366527527570724 1.44789257645607 0 0 0.4640708193182945 0 0.3719000443816185 6.700619451701641 68.78542997688055 118.6162632256746 0 0 0 22.99856165796518 0 0 0.2239009588956833 0.9899853616952896 6.064301587641239 7.937291786074638 1.138230532407761 0 0 0 0.2334181591868401 0
4.774247489869595 8.320389322936535 115.6933702006936 0.1586079373955727 0.1610628962516785 20.00470519065857 6.93545188754797 32.06767246127129 0.7271770089864731 12.76087442785501 1364.402314126492 6.35063000023365 57.7855059877038 44.16702922433615 0.1391787230968475 1.709932833909988 2590.235260948539 2187.084849379957 1245.836705327034 3.83019033074379 19.57516702264547 0.9157532677054405 45.83627319335938 1.675224281847477 1.664469845592976 5351.775445595384 1248.143146030605 2.340034253895283 92.40202267467976 11.06388027220964 4.649529688060284 55.84577187150717 2.033561900258064 2840.117134109139 5.319923751056194 1115.385444641113 2379.570606447756 2429.07569770515 741.4118531271815 38.18195798993111 0.8797881752252579 6.859641209244728 2.830193400382996 0 30.48856859654188 2.981500834226608 0 0 0 0 0 0.08841656148433685 0 0.8297941088676453 0 3.492981806397438 0.09466308355331421 0 0.0988142117857933 6.473173432052135 0.8712444454431534 6.327685043215752 0 0.1751274019479752 1.77422259747982 0.3580954670906067 0.3497933521866798 2.806842721998692 112.3391576260328 263.0734671503305 0.6789344623684883 0 0.207456648349762 3.128031738102436 0 0 1.163004346191883 2.066613987088203 2.432181484997272 47.91388458013535 6.482062786817551 1.342139013111591 0 0 0.7021160572767258 0
3.315163284540176 0 0.9385131075978279 4944.368188545108 6.919104963541031 601.9399178922176 37.7332670353353 217.8870664015412 352.1819603294134 6112.050824359059 18.56525727361441 3655.02217438817 7.919527180492878 177.2620711475611 188.713551223278 0 2.060995250940323 7.629020147025585 3.83019033074379 839.3047815859318 0.242208831012249 0.7741422653198242 1.492372520267963 510.8282070606947 0.1115028485655785 6.184469453990459 2.721203655004501 1151.017816931009 175.3886747136712 2.788521938025951 0.07951710373163223 22.8443685323 1.340500622987747 113.5423801243305 12.62221386283636 694.6710340678692 11.87529097497463 388.0530742108822 182.3066105023026 398.3835406526923 22.38492564111948 2.276596575975418 14.63604494929314 0 0 0 53.35439783334732 0.2390608713030815 5.568210043013096 64.8721259906888 2.510182149708271 73.16042369604111 22.72731418162584 0 31.36992240697145 0.195403054356575 1.643509835004807 8.441426768898964 0.1118883937597275 0.1528971940279007 0.2875891923904419 0 70.12246853858232 0 0 0 173.5713849961758 0 0 0.2453302592039108 121.6557663083076 1.939373478293419 10.56166392564774 0 0.1284254491329193 0 2.19697180390358 2.703003644943237 47.03374087810516 0.212619885802269 5.458985395729542 0.4140755236148834 46.23477915674448 0.550020769238472 0.1177073493599892 0.6995638012886047
150.9632741361856 53.33874151110649 1042.024414889514 0.6206357404589653 0 14.64690753817558 1622.799961090088 288.8932567685843 133.8591044917703 22.90517768263817 9.177623338997364 0.6359856426715851 42.53847924619913 278.6424270495772 0 1223.162371121347 574.8870064690709 2.838245928287506 19.57516702264547 0.242208831012249 10661.50774423778 286.3829882517457 14776.74241717905 282.7396489828825 10.84039680659771 276.6560825705528 612.0223414599895 2818.729879580438 354.0794382840395 11900.89898215979 0.5764978677034378 3.045317709445953 42.62386381626129 2651.600468948483 110.7812894433737 4587.875543326139 769.3852585554123 4651.991433009505 3098.574718683958 84.91914559155703 5.574680149555206 21.04750381410122 32.69724729657173 0.2943859472870827 1.50823075324297 0.8089882433414459 0.1364764720201492 0 0.08013007044792175 6.82216589897871 0.6764189228415489 5.269741252064705 0.08865439891815186 0 0 1.409731335937977 0.4640821665525436 0.2212608233094215 468.2478746250272 0.8405011296272278 0 0 0 316.36400077492 328.1379143074155 112.8410712331533 137.1691620722413 0 0.1460522264242172 54.33882787078619 222.2503763213754 1.22392276674509 35.65615410357714 0 0 0.2398046180605888 1.847708202898502 13.60699072480202 81.61396981030703 3.752348512411118 2.467319376766682 1.341653093695641 2.435602962970734 0 0 0.194580465555191
0.8763749822974205 1574.559794984758 21.56512770801783 3.249484963715076 0.2287944704294205 0 63.42359811812639 1.735425516963005 1805.227303653955 3.141955398023129 5.618369154632092 10.68876054137945 164.8790933638811 1.293746143579483 18.95418336987495 3076.098634339869 5.505253814160824 0.4105700999498367 0.9157532677054405 0.7741422653198242 286.3829882517457 873.6459527984262 630.3906149789691 7203.137439653277 857.6283541917801 82.26624538004398 3986.898900605738 486.3785217702389 10.33733081072569 96.48358453810215 49.98327726870775 0 1.5665188357234 8.86908046901226 0.6884171441197395 26.95143492519855 12.08016401529312 10.32000911235809 6.56484866887331 42.65073555707932 0 7.87776130437851 0 0 14.73324654996395 9.525425016880035 0 0 0 4.269693367183208 1.322930291295052 0.8478813245892525 0 1.508821927011013 0 1.525866657495499 1.727076135575771 0 360.086810156703 0.8579680472612381 0 0.3959411978721619 0 28.99228272587061 51.8240863904357 149.7952715903521 30.07532869279385 8.156853064894676 3.927184574306011 614.6664232164621 34.70901191979647 0.5336703807115555 1.511673495173454 0.4786398857831955 0 0 1.558812715113163 0 13.44090862572193 8.694430463016033 7.264698520302773 4.540013857185841 0.6097451075911522 0 0.2342382520437241 0
254.9855053946376 54.26819358021021 7000.943158432841 0 0 30.68652650713921 1214.771159563214 539.1524932458997 101.4566727429628 19.73179183900356 33.17228633910418 2.21843321621418 74.0652063190937 494.0890289619565 0 4940.505186788738 3222.085227288306 13.31811095774174 45.83627319335938 1.492372520267963 14776.74241717905 630.3906149789691 10559.91141233593 496.2578097805381 4.285096190869808 1234.278800353408 8974.923254594207 2211.713225856423 421.6303002908826 4506.283453457057 0.5989498272538185 8.909616447985172 49.08649262785912 3502.614789828658 171.6183862388134 8522.132330939174 6567.099039822817 6973.016898266971 5789.101947516203 230.3497974127531 20.71375185251236 54.43709491193295 52.30017854273319 0.3318062424659729 39.95350123941898 75.87148074060678 0 0 0.1053884625434875 12.11531270295382 3.238653644919395 6.041983850300312 0.09964827448129654 0 0 6.504859805107117 4.121055327355862 0 975.8242736011744 11.08141942322254 0 0.1175805553793907 0 85.04382974654436 668.0816309452057 578.7322120815516 74.32247441262007 0.7622224539518356 15.30205535143614 1576.880549132824 90.24794614315033 1.332492828369141 14.57601019740105 0 0 0.1027954593300819 5.983636736869812 42.95097044855356 207.3749867081642 372.8666584566236 28.62809836119413 21.0012051910162 1.706711769104004 0 1.068650752305984 0
65.72377503663301 849.3102919831872 18.26108559966087 2244.392282791436 14.89519664645195 332.2393747791648 2456.270472690463 118.6621372103691 11243.70045020431 2202.280628271401 7.301773987710476 342.3663643077016 105.1716294810176 81.14684790372849 586.004982970655 2192.516814149916 7.124713532626629 3.286477535963058 1.675224281847477 510.8282070606947 282.7396489828825 7203.137439653277 496.2578097805381 7942.401731021702 354.4865317046642 101.5264715701342 2703.366864733398 8147.059838816524 267.7659884244204 199.1526819244027 31.73639470338821 3.692955724895 66.23034290224314 199.5490647554398 49.54646910727024 1791.222790561616 158.5036792084575 460.0044111907482 268.258408151567 679.2618127912283 8.440576523542404 2.621053032577038 18.83582856506109 11.836031422019 3.545562736690044 3.138624675571918 106.4612990319729 0.9996565878391266 20.47468670457602 554.5237822905183 17.47365215048194 616.1187990158796 59.5847035124898 0.8843355476856232 55.82739512622356 0.279139906167984 16.72798044979572 15.60323475301266 276.4339462146163 1.517227493226528 0.5880162864923477 0.6657808274030685 163.8135838657618 306.1304807439446 238.7118081524968 49.85413053631783 1548.526614621282 0.7949305400252342 4.411277160048485 49.57023449987173 1553.133228175342 36.56052635237575 311.8099712058902 0.7727871239185333 0.8774925023317337 7.091688074171543 33.62010227888823 11.90923771262169 273.0140204131603 6.707007147371769 87.46180607378483 20.19677859544754 89.12589275836945 6.176446981728077 0 0.8865964859724045
0 1859.635168023407 0 0.702186182141304 0 0.09012436121702194 6.534104786813259 0.5066734254360199 238.662829451263 0.383039653301239 445.6132610365748 0.5174343064427376 4688.379714883864 0.3670219928026199 2.571812175214291 44.48665877431631 0.2562430799007416 7.530597396194935 1.664469845592976 0.1115028485655785 10.84039680659771 857.6283541917801 4.285096190869808 354.4865317046642 325.6365840882063 553.0526229441166 4130.259117759764 29.49727000296116 0.6435420215129852 4.47914245724678 783.5202767699957 0.1681846082210541 0 79.71788582205772 0.4430305063724518 56.48669385164976 395.1707217767835 75.31280303746462 55.3800201267004 6.538441896438599 0 518.9796855822206 2.295848906040192 0 20.38494088500738 0.3530042767524719 0 0 0 0 0 0.2776241600513458 0 146.4386323615909 0 372.2089364901185 0.4748876392841339 0 0.4712222367525101 0.7400778234004974 1.243165776133537 0.5803917944431305 0 0.07716283947229385 0.8948026522994041 0 0.7993600815534592 63.68736936897039 48.12156771868467 142.2495853975415 0.5008485019207001 0 0 32.2440427467227 0 0 6.100985281169415 0 1.78517384827137 45.66348484903574 23.76087641716003 2.21435558795929 0.1435001939535141 0.768667995929718 6.137746185064316 0
236.8530574887991 606.7996403723955 8435.709876932204 0.9033099561929703 0.7925949618220329 52.32317721843719 292.0586553066969 534.5738425329328 50.88492168486118 30.25959917157888 2165.650299578905 9.032282091677189 563.2024745419621 524.9762190133333 0.5991392210125923 35.10410045832396 2245.782277740538 1397.979322552681 5351.775445595384 6.184469453990459 276.6560825705528 82.26624538004398 1234.278800353408 101.5264715701342 553.0526229441166 37102.01351398975 15994.18946503103 45.23234985023737 683.5136698633432 325.3403220623732 1819.871776796877 48.15117701143026 70.30431434512138 914.7232457101345 14.15347543358803 2087.350577794015 7565.860491000116 2050.673122033477 771.6021491512656 69.01534523814917 4.711140789091587 91.55871888995171 5.46572595089674 0.2236431464552879 554.4626533836126 46.9381802752614 0.07986973971128464 0 0.1814692690968513 1.208972990512848 0.4659496322274208 1.329658500850201 0.5120359510183334 142.8943751528859 0.07627511769533157 477.1420866176486 1.529440060257912 0 6.086820222437382 106.7554364949465 22.92243251204491 122.2355365157127 0.2481252923607826 2.885422840714455 15.61011356860399 6.913151405751705 9.754149809479713 383.1845673248172 2040.930620118976 4990.771906159818 4.678920663893223 1.84028996527195 3.058985359966755 426.2167313992977 0 0.1414750218391418 23.59800630807877 3.733885258436203 53.08433444797993 486.6509644761682 75.94908621162176 22.3460076674819 5.520758330821991 0 2.067358903586864 1.002825327217579
18.48638567328453 10356.61437268555 3835.664586395025 1.583835154771805 0.3366380631923676 16.23918953537941 1085.658568777144 151.2786771506071 478.0241869390011 42.78904545307159 291.8782492429018 6.541779287159443 3913.354006834328 89.0912249609828 5.90070104598999 2678.072007626295 3858.953642360866 200.7426692694426 1248.143146030605 2.721203655004501 612.0223414599895 3986.898900605738 8974.923254594207 2703.366864733398 4130.259117759764 15994.18946503103 24854.27160998434 1319.440345689654 88.9216745197773 310.2220516204834 1410.675936110318 22.83902100473642 8.982399873435497 1670.715363182127 65.45179567486048 4968.27721761167 4427.477212198079 3733.95954208076 2045.523061104119 132.7673961445689 11.43747262656689 76.35242658108473 19.0649132579565 2.047815017402172 1958.201652444899 633.096046961844 1.386584281921387 0 0.611038438975811 14.61410735547543 4.402710683643818 4.131185546517372 0.3652839213609695 67.66650184988976 0.6075340956449509 234.3590697050095 7.870839342474937 0.1855328902602196 337.0204681009054 321.1498700082302 17.25913713872433 126.5097424685955 1.17996621131897 89.93600227683783 955.037276417017 330.5026824846864 71.13509480655193 524.8755295723677 2650.909652553499 12901.8572531119 91.3200461268425 3.087813712656498 21.61939898878336 206.0475786179304 0 0.7094673812389374 52.69997749477625 25.80918400734663 181.6076156571507 1339.932518087327 234.7414203956723 74.81590584665537 8.646189920604229 0.09753546863794327 6.706044964492321 1.860091343522072
84.9162717089057 90.65983866155148 98.92009410262108 2495.502906955779 2.241473317146301 462.8235220760107 13743.82792562246 335.7399582192302 1639.658097505569 5700.246316865087 4.826924078166485 164.5732439085841 25.48162291944027 236.8024719506502 39.08707221597433 1515.112590380013 8.72755292057991 2.640770435333252 2.340034253895283 1151.017816931009 2818.729879580438 486.3785217702389 2211.713225856423 8147.059838816524 29.49727000296116 45.23234985023737 1319.440345689654 15508.00409549475 628.6077275648713 2879.918292500079 2.486981473863125 7.732955358922482 223.4098705351353 885.5935881063342 125.4882396459579 3309.798969723284 230.5587805360556 1462.662069864571 845.7095685377717 196.9749471843243 11.10590083897114 10.01861723512411 29.77789698541164 17.26696629077196 1.378773495554924 3.413052521646023 68.36995433270931 1.590321987867355 11.78368623554707 460.044278293848 12.85575132071972 406.5168003216386 47.70702142268419 1.774622932076454 27.97555294632912 1.15619632601738 19.44663982838392 12.94907502830029 381.1612271144986 2.611014403402805 0.7080241218209267 0.8179381713271141 108.9539857208729 406.0696120113134 213.5238211676478 77.94637616723776 1378.52810575068 0.1626694649457932 2.833193637430668 51.84189607203007 1658.663346201181 47.7574509754777 442.2327255010605 0 0.3225543722510338 5.216691084206104 34.3598215430975 17.65958607941866 264.3293329179287 8.821674555540085 60.61743158102036 19.90268687903881 75.67382932454348 4.227205947041512 0 0.5842132940888405
4216.231523878872 9.524472683668137 359.1105675250292 57.30680623650551 38.43859207630157 952.3010306507349 3532.032768845558 1613.307823378593 51.01814194023609 1062.180353455245 256.992797292769 181.6410339325666 14.65295572578907 5408.468344368041 39.53247151523829 4.579881198704243 571.0027380436659 79.33109783381224 92.40202267467976 175.3886747136712 354.0794382840395 10.33733081072569 421.6303002908826 267.7659884244204 0.6435420215129852 683.5136698633432 88.9216745197773 628.6077275648713 15926.10053310171 4357.248014956713 1.218631267547607 591.6545221954584 3827.688913222402 3943.340667054057 22.22501301765442 554.8638568967581 91.71962907165289 1968.210566356778 166.8522788733244 240.0136615633965 117.7256781160831 3.545454412698746 5.957349732518196 1.109239973127842 0.3741287887096405 0.7692096754908562 0.9017665386199951 0 0.9051903784275055 25.05325271934271 1.20789972692728 28.03926131874323 0.3490490615367889 0.4788718372583389 0 0.0732216089963913 0.2262032479047775 0 24.93982931226492 0.5994794368743896 0 0 1.261298954486847 41.27453426271677 16.40125776827335 6.248570241034031 96.39298482239246 0 0.211617536842823 4.60224761068821 189.3426785469055 3.501998074352741 48.10396302491426 0 0 0.5064413622021675 2.444750405848026 1.258085086941719 34.53053249418736 0.3117492496967316 6.401588641107082 2.993251889944077 8.612427830696106 0 0 0.4426820501685143
