1194.263293728232 0.1005348414182663 51.75275962054729 2.015046045184135 2.06678730994463 31.27298552542925 1590.081236343831 1023.400447033346 3.230986058712006 26.69687852263451 5.386504001915455 6.193121641874313 0 3186.641293205321 0 2.40480213612318 82.93142410367727 3.098478779196739 9.823245823383331 3.130133986473083 54.19178300350904 0.9218469932675362 121.7626749053597 30.53638906776905 0 11.23869390785694 7.47528288513422 79.72060222178698 4065.973177853972 3243.085820809007 0 0.8142863214015961 28.5646195858717 182.2120938450098 0.6653234139084816 64.97059319913387 9.504297584295273 32.34710650891066 5.735329516232014 3.484038434922695 0.573321096599102 0 0.3807896226644516 0 0 0 0.139003574848175 0 0 0.9991040602326393 0 2.605645105242729 0.1002588272094727 0 0.5377346128225327 0 0.5087311416864395 0 0.2298041954636574 0 0 0.1076008602976799 0 0.3854955434799194 0.1047231703996658 0.09982509911060333 3.900939665734768 0 0.353856161236763 0.1083482801914215 6.138175994157791 0.08431215584278107 1.002334259450436 0 0 0 0.3186341896653175 0 0.5924741551280022 0 0.2499851137399673 0.1173184588551521 0 0 0 0
0.1005348414182663 150.9001587256789 39.49271608144045 0 0 0 0.240162618458271 1.105858340859413 293.6597133874893 0.2475466653704643 24.42187572270632 0.07606595009565353 290.8073255494237 1.036556839942932 6.107897318899632 79.60318725556135 112.8635599017143 20.98905454576015 55.64231661707163 0 4.036847434937954 1750.4853656739 22.5121868699789 454.9803356304765 2123.285392835736 665.1966726407409 4632.566117942333 6.282474234700203 1.401609636843204 0.229962483048439 7.759256757795811 0 0.2045928537845612 104.7541331499815 0.161598339676857 90.24836590141058 43.52454160153866 187.1632626950741 45.77567768096924 8.481402896344662 0.2381870672106743 181.5378974676132 1.238124281167984 0 20.3587726354599 30.29788402467966 0 0 0 0 0.1357843428850174 1.422635570168495 0 1.7646679058671 0 17.26105874031782 0 0 1.585296615958214 5.197224989533424 1.237494364380836 4.249996609985828 0 0.1291582137346268 5.604092307388783 0.8236241117119789 1.423653163015842 3.513314470648766 75.06314864754677 254.0252632722259 0.3943929299712181 0 0 0.605878472328186 0 0 0.6893539652228355 0 3.500736109912395 9.22624135017395 7.930424928665161 0.1836106330156326 0 0 0.4180209040641785 0
51.75275962054729 39.49271608144045 5158.22075329721 5.077718891203403 0.5062413811683655 134.5402721241117 1152.478106345981 742.465056873858 3.471468739211559 230.2919796481729 67.6967903226614 2.581123508512974 2.216464221477509 338.7535129711032 1.580866158008575 7.978667363524437 3923.183899544179 45.7690467312932 354.1375390514731 3.102320767939091 694.9702712520957 7.705079950392246 10786.78101787716 201.4199202731252 0.7369126304984093 4254.356238752604 8020.723796293139 483.677623860538 137.1115228421986 426.6263035275042 0 0.5716992393136024 22.40735813975334 1687.157803587615 51.17180585861206 2381.887267202139 2030.270528301597 3162.403543908149 1292.469368115067 62.34033115953207 4.29104033857584 18.74912937730551 9.704306535422802 0.3396266102790833 79.64838870614767 368.5836144834757 0.1945632621645927 0 0 0.6712995916604996 1.246443957090378 6.152529194951057 0.5879719480872154 0.1608296036720276 0.1106981188058853 0 0.2080289795994759 0 12.08124849945307 62.91491500288248 0.2531812191009521 12.21205092221498 0.1375112533569336 1.746069364249706 83.93943714350462 16.24154876172543 14.51946951448917 0.132808193564415 175.7695336416364 875.7274265363812 12.89215997606516 1.070583418011665 3.202535875141621 0 0 0 5.526467800140381 2.605968832969666 35.71847374737263 14.92481960356236 29.12902387976646 8.551552250981331 0.7873292863368988 0 0.5530081540346146 0.1192142516374588
2.015046045184135 0 5.077718891203403 2300.972430922091 0.8907204642891884 80.81747885793447 42.04396659880877 39.25138663500547 471.591794423759 882.1828590482473 0.2782671600580215 4474.119024410844 0 23.32835400104523 96.77275187522173 0.1112409457564354 0 0.3814109489321709 0.50212761759758 3066.811953030527 1.983919598162174 0 2.295779287815094 499.2319285646081 0 0.1556995809078217 0.6019900068640709 2508.123999215662 73.36018609255552 1.893519725650549 0 0.9823994487524033 2.941374316811562 31.47082763910294 9.716481380164623 175.2765819579363 1.823756344616413 36.69910965114832 20.93967790901661 138.4326491132379 4.091798983514309 0 2.217782691121101 0.3989111557602882 0 0 118.6877883672714 0.572537899017334 5.734843768179417 36.94482446461916 3.225062556564808 103.9112606868148 130.9700541049242 0 187.0222370401025 0 4.086078181862831 12.05931411683559 0.6178707554936409 0 0.06475333869457245 0.08313561230897903 42.25931734591722 0.3365662842988968 0.2377506941556931 0 189.7416746541858 0 0.1668154522776604 0 283.4920837432146 2.826044514775276 1.156936660408974 0 0.3253585249185562 0.4697365462779999 4.355912618339062 0.876982182264328 51.97779976576567 0 5.2038743942976 0.2941341325640678 137.6862219497561 0.1216762810945511 0 0
2.06678730994463 0 0.5062413811683655 0.8907204642891884 1.922973215579987 438.9957963004708 7.858832150697708 84.56276234984398 31.3375426530838 18.86331536248326 15.14842975139618 75.63471797853708 0.1109003722667694 188.1910850070417 482.8125331327319 0 1.158562988042831 6.409293442964554 3.428716957569122 10.16284363716841 0.2934213802218437 0.4490649998188019 0.454013280570507 5.875439383089542 0.4275347590446472 3.753248415887356 0.846951425075531 4.003309719264507 436.3259663954377 2.856445096433163 0 205.9213059097528 0.09686050564050674 204.952517285943 0.2345390543341637 61.65811613947153 8.329593040049076 222.5465383827686 217.1999850943685 1049.987090609968 126.4566313847899 16.74281345307827 2.096095249056816 0 0 0 0 0 0 0.6860900819301605 0 1.027075409889221 0 0.3804337680339813 0.5971189141273499 0 0.7170654535293579 0 0 0 0 0 0 0 0 0 5.052106529474258 0 0.2570809796452522 0.2962731942534447 1.868631429970264 0 0 0 0 0 0 0 0.1448991149663925 0.9520276188850403 0.912578858435154 1.692501366138458 0 0.9166093915700912 0.728744238615036 0.1870240420103073
31.27298552542925 0 134.5402721241117 80.81747885793447 438.9957963004708 8151.00492939353 4479.851323969662 3927.334963906556 113.4697073996067 8368.697769936174 19.83308961987495 4260.299512267113 1.111733160912991 711.7550549544394 986.1147411465645 1.001464016735554 23.84213125705719 7.76058391854167 7.784719914197922 409.2842928692698 34.13142985850573 1.820922255516052 79.4550813883543 107.1808424964547 0.2867498770356178 14.85298335552216 12.34604302793741 966.6890280023217 801.0983965098858 119.0203310139477 0.1823881864547729 264.3823834806681 5.280931524932384 444.0722407884896 7.128670483827591 257.9510724321008 11.00639998167753 373.544447503984 249.5830712467432 1443.695223629475 303.2717402875423 12.38410207629204 9.542819328606129 0.09303826838731766 0 2.692541860044003 2.379204615950584 0 1.826391510665417 13.01019063591957 2.131240680813789 11.29863645136356 3.574852526187897 0.09224757552146912 4.378548741340637 0 2.759329102933407 0 0.486427940428257 0 0.1743809878826141 0.4565380215644836 0.5646329820156097 0.4705664962530136 1.710493743419647 0 43.71581410616636 0.1020702719688416 0.3495709672570229 0.6409592106938362 52.54596602171659 3.580463036894798 3.575101979076862 0 0 0.5589182376861572 1.883699208498001 0 4.487101539969444 1.849949732422829 5.545950219035149 6.960041970014572 12.80280710011721 0.1504537314176559 1.223076328635216 0
1590.081236343831 0.240162618458271 1152.478106345981 42.04396659880877 7.858832150697708 4479.851323969662 8326.753946918994 5176.65471559763 97.49228961765766 9891.321051638573 6.44634011387825 37.30919013172388 0.1039697676897049 6559.927030596882 25.3037544041872 1.713912047445774 85.26692320778966 4.147511322051287 12.57828778028488 64.07768285647035 493.799283631146 0.614782378077507 888.0398095287383 471.188437525183 0.1751710548996925 45.12293763458729 56.33337932825089 14837.20782154053 2048.774802435189 3681.593473672867 0.0773017629981041 5.124641120433807 63.06114542856812 521.5576926209033 67.66315939277411 637.7515923827887 20.77802807092667 584.7882983312011 316.3156477734447 121.9715045765042 59.24239761382341 2.05719543248415 18.52651133388281 0 0.2200242429971695 1.230465926229954 10.67691887170076 0 0.8112631738185883 17.50991931557655 3.204369980841875 28.64094791561365 18.21751742064953 0.3386123180389404 11.50626965612173 0 3.300488315522671 1.026933886110783 1.611007362604141 0 0 0.0956621840596199 6.075944654643536 0.4572051092982292 1.39776249974966 0.529620498418808 48.478764526546 0.1698237806558609 1.293290629982948 3.989429660141468 69.89232783392072 1.859384946525097 1.622028686106205 0 0 0.3787741288542747 2.810480289161205 0.1747148036956787 3.652133159339428 0.3722897469997406 2.057539954781532 1.383461125195026 4.557000987231731 0 0 0
1023.400447033346 1.105858340859413 742.465056873858 39.25138663500547 84.56276234984398 3927.334963906556 5176.65471559763 9639.770881123841 60.43361625820398 2967.317655712366 128.3640929311514 1432.712453834713 9.027107194066048 6355.132412668318 173.3629078939557 7.136447042226791 370.3608429022133 49.96940303593874 83.7498796582222 409.4293568991125 248.3956050910056 5.193381696939468 600.0921731777489 276.9269977509975 1.662254326045513 133.9865166023374 83.04697127267718 828.59862934798 1062.867609754205 2080.777337364852 1.096918068826199 72.58967303484678 8.401214621961117 867.5023861080408 9.131315857172012 780.4838754422963 58.85079400986433 843.8611979186535 493.7978049330413 483.1942040994763 69.91003381460905 38.45103670656681 9.381086587905884 0 1.144061490893364 0.9676406756043434 3.897266834974289 0 1.237194195389748 25.32034355401993 4.776591196656227 38.25863360613585 4.7873205691576 0.7656733840703964 3.263211339712143 0.09415306150913239 3.229330390691757 0 4.466311417520046 0.08557102084159851 0.6133773028850555 0.2168616652488708 1.556405365467072 3.900349192321301 3.898934945464134 0.5239979550242424 102.4580277241766 0.3975252136588097 3.635423451662064 6.251241557300091 99.71544893831015 9.564633883535862 8.098766393959522 0.2686680108308792 0 2.822102472186089 6.380616195499897 0.3069729506969452 11.51271885633469 3.502279192209244 12.79829425364733 6.590217009186745 9.119735963642597 0 2.32714381814003 1.179008081555367
3.230986058712006 293.6597133874893 3.471468739211559 471.591794423759 31.3375426530838 113.4697073996067 97.49228961765766 60.43361625820398 551.8383696228266 239.0113425813615 4.285450264811516 605.3856651708484 37.76682697236538 27.67906739190221 929.3344507366419 20.14517371356487 1.230571135878563 3.046209238469601 2.338159188628197 372.0873708575964 4.747495904564857 2509.918528556824 2.54788676649332 6783.289897680283 174.2397712171078 41.2900553420186 262.4430546090007 1147.1981607005 105.9517942629755 66.00958988815546 0.1893242448568344 0.691168338060379 10.58865179121494 64.85122618079185 11.73035262525082 251.7409793063998 6.832987233996391 69.56949765235186 44.6744779124856 346.2207009643316 15.29292857646942 18.6511091068387 4.569055788218975 4.108392313122749 2.891312189400196 3.224230855703354 126.9239209741354 0.6679934859275818 6.587435364723206 58.26707977056503 11.09038693457842 213.0329344570637 109.3253248631954 0.2411318719387054 212.7418292462826 1.48648739606142 16.36099182069302 17.04911103099585 76.75046313554049 0.7569628432393074 0.1617721319198608 0.400459885597229 63.35794545710087 46.98272961378098 116.0374927967787 27.87698057293892 791.3336801454425 1.565300822257996 1.864026971161366 6.468331061303616 504.8433867543936 28.98543301969767 52.35377179086208 0 0.1707271188497543 8.066180385649204 16.98028641939163 5.244904689490795 62.72181730717421 0.8470587506890297 23.12867368757725 10.59650431573391 99.5870096758008 0.5529680326581001 0 0.3732588887214661
26.69687852263451 0.2475466653704643 230.2919796481729 882.1828590482473 18.86331536248326 8368.697769936174 9891.321051638573 2967.317655712366 239.0113425813615 22428.6854875572 9.455323904752731 4972.139610022306 0 795.1065834313631 92.06610613316298 0.4187033697962761 25.92962519079447 6.09492264688015 8.920543342828751 2568.071590445936 66.40293817222118 0 143.6499694883823 369.5665545538068 0 18.67041569948196 13.27487910538912 2955.378317274153 1418.774836756289 163.6124629080296 0.2474178895354271 12.50775126367807 24.03638032451272 635.3666387610137 76.47022845596075 1654.774786278605 21.74927616119385 735.6243901289999 334.8903708271682 519.4939767345786 158.3276108652353 2.259321443736553 52.41167389601469 0.4728811457753181 0.4088334813714027 0.4873985648155212 105.056981921196 0.6018274277448654 15.35311169922352 141.56998026371 16.5345871374011 146.1586268246174 127.5694059059024 0.3501516059041023 169.4747680053115 0 14.83989932388067 10.75763230770826 1.975514270365238 0 0.4202783405780792 0.1850115209817886 55.46244925260544 0.3184302374720573 4.468315348029137 0.481423981487751 317.3883046209812 0.2060839012265205 0.9430149421095848 2.159682296216488 494.8456752002239 12.7719209715724 7.944118171930313 0 0.3461928963661194 2.4823167771101 8.89826700091362 0.6714441478252411 35.27524080127478 1.026518955826759 11.89276421815157 3.284113422036171 99.67247036844492 0.09371552616357803 0.1548751592636108 0
5.386504001915455 24.42187572270632 67.6967903226614 0.2782671600580215 15.14842975139618 19.83308961987495 6.44634011387825 128.3640929311514 4.285450264811516 9.455323904752731 6501.076816044748 5.152409583330154 1734.978885062039 85.84329956769943 0 0.4052702412009239 337.132984392345 2082.164882056415 793.5294952690601 2.345412060618401 11.18381817638874 8.995113998651505 18.27239163964987 6.381055168807507 665.9772870540619 2312.202585399151 1282.537451542914 4.335309229791164 253.5262514054775 14.55092218518257 428.5699673742056 72.49517025053501 5.006763845682144 4401.076180748641 5.901193119585514 521.9648091867566 2778.277360916138 3476.181215710938 1645.057790011168 9.93567781150341 35.91411139816046 1530.905323423445 19.29588877409697 0 5.548805981874466 1.323374420404434 0 0.4137896001338959 0 0.1030722931027412 1.371145993471146 0.6203960180282593 0.09744960069656372 780.1243102699518 0.2249827161431313 735.8772763386369 1.771804884076118 0 0 0.4467502683401108 58.16977623105049 4.984349556267262 0 0.1145300343632698 0.7091090679168701 0.3323678895831108 1.621200285851955 129.7051508724689 222.3633013814688 317.2680176869035 1.12458098679781 2.428326718509197 0 146.4338571429253 2.065297685563564 0 31.16445813328028 0.6372729539871216 22.67085907608271 462.5354130193591 51.63370667397976 16.85654688626528 0 3.758356757462025 226.7881145477295 1.731249690055847
6.193121641874313 0.07606595009565353 2.581123508512974 4474.119024410844 75.63471797853708 4260.299512267113 37.30919013172388 1432.712453834713 605.3856651708484 4972.139610022306 5.152409583330154 6326.870933137834 0.1666626334190369 345.4491624832153 1530.238118544221 0.07119658589363098 1.283328250050545 3.010667040944099 3.41133925318718 3866.13448369503 0.8088106960058212 0.6147571578621864 2.68941430747509 686.0907766819 0 2.43622425198555 1.92795953899622 967.1630937308073 380.891673695296 9.977836333215237 0 9.232835322618484 0.8362635374069214 139.2746436521411 3.825659394264221 1388.204529494047 4.936686262488365 172.9726596549153 54.5431200414896 1157.091165773571 39.63119297474623 1.163968972861767 10.35809803754091 0 0 0 39.52440662682056 1.460762277245522 2.973685413599014 19.48472116887569 1.991026289761066 69.07135172188282 50.57009173929691 0.248599112033844 178.6141548827291 0.08853683620691299 4.358928337693214 13.68429701030254 0.09852179884910583 0 0.08355031162500381 0.07459152489900589 27.03886247426271 0 0 0 85.7594947963953 0 0.181431919336319 0.07936209440231323 111.2799962386489 0.5658252388238907 0.9963694587349892 0 0 0.490503191947937 3.188357584178448 0 84.60215834528208 0 2.144388876855373 0.2839926555752754 206.3803793117404 0.1396202594041824 0 0.4887772053480148
0 290.8073255494237 2.216464221477509 0 0.1109003722667694 1.111733160912991 0.1039697676897049 9.027107194066048 37.76682697236538 0 1734.978885062039 0.1666626334190369 4217.355344362557 1.282046526670456 1.144511841237545 11.28622046113014 1.205519810318947 63.77004366368055 5.199774891138077 0.1245734244585037 1.24987481534481 144.386348105967 0.9343005567789078 51.14535862207413 3222.458160161972 812.3631729781628 3901.143122442067 1.728812925517559 9.86413498967886 0.1465954333543777 1741.352220125496 4.097237527370453 0 1070.456348009408 0 57.99535050243139 799.5850138291717 659.410513728857 131.9797499254346 1.724431149661541 14.11552960425615 1696.489192783833 8.469584077596664 0 9.169149212539196 0.1562989056110382 0 0 0.1419381499290466 0.07562308758497238 0.57347122579813 0 0 483.543352983892 0.09548433870077133 542.7911862060428 0.7263700589537621 0 0 0 66.56162133812904 3.063005842268467 0 0 0.1512253731489182 0 0.3870069980621338 285.5403626263142 282.2475157901645 341.9846659973264 0 0.8128407374024391 0 124.7461826130748 0.3458970934152603 0 14.72686000168324 0 7.356781095266342 326.873316526413 22.18874803185463 3.190697677433491 0.1096300408244133 2.101518757641315 93.127576649189 4.514442324638367
3186.641293205321 1.036556839942932 338.7535129711032 23.32835400104523 188.1910850070417 711.7550549544394 6559.927030596882 6355.132412668318 27.67906739190221 795.1065834313631 85.84329956769943 345.4491624832153 1.282046526670456 5703.101590365171 9.541935384273529 6.044672042131424 298.8300618939102 33.17567826062441 68.62706995010376 144.8783039785922 150.4029576331377 2.811534278094769 406.7476245574653 200.8114137947559 0.9681609570980072 71.90957122668624 47.10680968314409 494.6099337488413 6515.804294947535 2978.718539133668 0.5435459613800049 58.08467754349113 74.86849530041218 1129.658720180392 2.392348818480968 397.5521672926843 29.07437775284052 647.2145760059357 143.648780670017 129.6081597022712 31.08603122085333 8.247211627662182 5.394672721624374 0.4554628990590572 1.140471741557121 1.392342805862427 2.637503191828728 0 0.676885649561882 9.83198531344533 2.138633947819471 23.01611707732081 3.077649027109146 0.1710018217563629 1.143036298453808 0.1194108501076698 3.132532127201557 0.2578642964363098 4.620965965092182 0.1818659752607346 0.4993680864572525 0 1.092963546514511 3.261577241122723 4.994763679802418 0.8244126811623573 75.12194618955255 0.2891380786895752 2.875082857906818 4.608340062201023 74.84629479795694 6.238346427679062 6.350117564201355 0 0 0.7620188593864441 3.148738197982311 0.1313247978687286 9.716405730694532 0.5936835184693336 5.058667428791523 1.799736805260181 4.719831556081772 0 0.5128515586256981 0
0 6.107897318899632 1.580866158008575 96.77275187522173 482.8125331327319 986.1147411465645 25.3037544041872 173.3629078939557 929.3344507366419 92.06610613316298 0 1530.238118544221 1.144511841237545 9.541935384273529 381.3390565663576 0 0.07590785622596741 0.2497323751449585 0.1450199633836746 181.8771179318428 0.4072586223483086 46.26512629538774 0.3554231822490692 1191.020335070789 2.975888982415199 0.4208955019712448 4.920695684850216 187.268810518086 16.13277470320463 1.648904621601105 0 364.9672029018402 0.1169780269265175 30.693708691746 0 148.5785365179181 0.4071042835712433 3.397154495120049 6.319136522710323 1334.708214335144 62.54049779474735 0.4604169651865959 0 0 0 0 0.868028312921524 0 0.2023554295301437 0.5033213496208191 0 7.106629349291325 1.508980363607407 0 6.992579266428947 0 0 0.4851205050945282 0.9677099213004112 0 0 0 0.4299320876598358 0.8421059027314186 1.058622673153877 0.598109096288681 6.805878810584545 0 0 0 11.30114459246397 1.068837493658066 0.1928974986076355 0 0 0 0 0 6.065590150654316 0 0 0 21.81448113173246 0 0 0
2.40480213612318 79.60318725556135 7.978667363524437 0.1112409457564354 0 1.001464016735554 1.713912047445774 7.136447042226791 20.14517371356487 0.4187033697962761 0.4052702412009239 0.07119658589363098 11.28622046113014 6.044672042131424 0 4152.089880406857 5.196847379207611 1.087800838053226 2.242723792791367 0 3014.779967278242 3538.398301705718 5901.342846930027 1964.471096329391 55.65424218028784 21.65278160572052 4338.922217316926 907.3467488437891 30.36872418224812 61.08134908974171 0.1410293877124786 0.391597718000412 11.97762181609869 67.13956755399704 38.90797076374292 1682.957000143826 483.0393084436655 275.5859669372439 470.0602274090052 28.24860969185829 1.018766447901726 5.866877026855946 8.922827832400799 1.071328051388264 7.109495624899864 52.08698327839375 0.08423411101102829 0 0.1874876469373703 8.057824566960335 0.3997234776616096 50.2200817540288 0.2971597760915756 0 0.2107089087367058 0 2.722259506583214 0.2259334921836853 1432.626962676644 8.232612043619156 0.1784723401069641 0.9817287251353264 0 583.6245164126158 969.9267753362656 1387.066342368722 290.403307698667 0.763689398765564 6.042879290878773 639.7003686726093 323.9307677745819 12.64888810366392 115.2635667175055 0.1246775388717651 0 7.944702349603176 18.3445393666625 1.325598642230034 64.76784238964319 9.708011381328106 22.99390826374292 13.2981359064579 5.693091087043285 0 0.182713657617569 0
82.93142410367727 112.8635599017143 3923.183899544179 0 1.158562988042831 23.84213125705719 85.26692320778966 370.3608429022133 1.230571135878563 25.92962519079447 337.132984392345 1.283328250050545 1.205519810318947 298.8300618939102 0.07590785622596741 5.196847379207611 1220.160595096648 262.5753188207746 2389.754805594683 0.8924875482916832 248.6212082952261 14.4291605874896 3732.898159131408 6.773397769778967 3.405619539320469 3674.086028732359 6014.642110571265 14.12648793309927 240.097025513649 303.8717736154795 0.3973067477345467 1.461642861366272 21.19630042463541 1387.823397651315 4.237324640154839 271.3495871350169 113.1872393041849 995.2812085449696 239.6759793832898 4.760344363749027 0.962556853890419 3.279876455664635 0.395394392311573 0 167.0887011140585 79.80217318981886 0 0 0 0.2798074409365654 0 0.4270299673080444 0 0.2795343101024628 0.07142490893602371 0.1532547622919083 0 0 1.742388308048248 39.23921386152506 2.94471774995327 32.46726720780134 0 0.2121912389993668 7.342204466462135 1.936426118016243 1.701284065842628 2.5920584872365 465.4608572125435 812.6336383223534 1.494670450687408 0 0 0.08823879808187485 0 0 6.572656281292439 0.913947656750679 31.27200464904308 47.38331064581871 19.86701947450638 3.514616183936596 0.6329565122723579 0 0.1170710623264313 0
3.098478779196739 20.98905454576015 45.7690467312932 0.3814109489321709 6.409293442964554 7.76058391854167 4.147511322051287 49.96940303593874 3.046209238469601 6.09492264688015 2082.164882056415 3.010667040944099 63.77004366368055 33.17567826062441 0.2497323751449585 1.087800838053226 262.5753188207746 108.0230560004711 867.0192648395896 1.087832622230053 3.528997927904129 8.043447218835354 14.04971835762262 8.463639095425606 99.2853065058589 3503.531226851046 1200.663703583181 4.958617016673088 101.0390284173191 2.414486512541771 85.65684592723846 21.11648072302341 0.3371959775686264 1020.002801299095 3.740176424384117 628.8274370506406 849.5906359702349 1623.25914876163 843.5850163251162 11.3673172518611 5.354558743536472 23.67324458062649 2.076992191374302 0.1058151945471764 7.014296241104603 0.4286769554018974 0 0 0 0.6253700107336044 0.1609511822462082 0.5589679032564163 0.2865868285298347 33.85900117456913 0.08956416696310043 48.24381921440363 0.09625253081321716 0 0.1021117866039276 0.5373791828751564 29.81165320426226 8.103798843920231 0 0.1298359930515289 0.2542538493871689 0.1156147792935371 1.098826803267002 38.27297211438417 141.4114195927978 280.9676548540592 0.4572489857673645 0.242338240146637 0.235100120306015 13.52501878142357 0.2363739088177681 0 3.380018651485443 0.1725075393915176 2.470354631543159 28.014962926507 6.308664925396442 1.730559848248959 0.5317376106977463 0.4920169413089752 10.0658930465579 0.1754032522439957
9.823245823383331 55.64231661707163 354.1375390514731 0.50212761759758 3.428716957569122 7.784719914197922 12.57828778028488 83.7498796582222 2.338159188628197 8.920543342828751 793.5294952690601 3.41133925318718 5.199774891138077 68.62706995010376 0.1450199633836746 2.242723792791367 2389.754805594683 867.0192648395896 2343.413097478449 1.969635583460331 13.68796230852604 7.163550011813641 135.0238530412316 4.523675233125687 16.07920277863741 3612.425279647112 1382.473283328116 3.92760094255209 104.3424057140946 20.70707377791405 1.135564342141151 13.64836879074574 4.492298476397991 2542.860078498721 3.786088727414608 686.4541151747108 244.2921508178115 2057.457227930427 774.3601747080684 13.68137992173433 1.986286863684654 1.844121009111404 1.627495430409908 0 40.59420166909695 2.113757461309433 0 0 0 0 0 0.6892853826284409 0.4142369329929352 1.450790971517563 0 3.750104255974293 0 0 0.1399373412132263 1.54529657959938 4.663329757750034 13.58019187301397 0 0 0.2888956367969513 0.3983572795987129 1.559129044413567 10.57392878830433 118.0647788345814 260.9196839779615 1.091927275061607 0 0 0.857544332742691 0 0 1.348732270300388 0 4.948410823941231 14.30694852769375 4.276348285377026 1.877365067601204 0.1227263212203979 0 0.8645520806312561 0
3.130133986473083 0 3.102320767939091 3066.811953030527 10.16284363716841 409.2842928692698 64.07768285647035 409.4293568991125 372.0873708575964 2568.071590445936 2.345412060618401 3866.13448369503 0.1245734244585037 144.8783039785922 181.8771179318428 0 0.8924875482916832 1.087832622230053 1.969635583460331 603.5678232014179 1.388410523533821 0 1.639867544174194 361.7462613284588 0 0.9317749291658401 1.054863102734089 3060.80970095098 264.9963136725128 3.210069306194782 0 4.028123691678047 2.214864231646061 118.7171834036708 8.188027739524841 363.5809381753206 4.056823872029781 139.5640540719032 51.10079094022512 374.5287479758263 28.58191045373678 0 9.605624042451382 0 0.4536027014255524 0 46.85619529336691 0.3640948832035065 4.813276454806328 33.04123479127884 4.531579986214638 82.34504841268063 52.87908422201872 0 106.3508445173502 0 4.721108004450798 5.502595528960228 0.1851812526583672 0 0.1107420399785042 0 27.53388778120279 1.32876119017601 0.9271413683891296 0.6676552593708038 126.9684042558074 0 0.1012033149600029 0.08507004380226135 205.445724748075 3.362655222415924 0.2343793362379074 0 0 0.3046861290931702 2.793199487030506 0.8565235435962677 34.94073587656021 0.3965059220790863 6.547877177596092 1.300587885081768 86.5892064794898 0 0 0
54.19178300350904 4.036847434937954 694.9702712520957 1.983919598162174 0.2934213802218437 34.13142985850573 493.799283631146 248.3956050910056 4.747495904564857 66.40293817222118 11.18381817638874 0.8088106960058212 1.24987481534481 150.4029576331377 0.4072586223483086 3014.779967278242 248.6212082952261 3.528997927904129 13.68796230852604 1.388410523533821 8502.57407040149 162.6442832797766 11198.60468286276 507.3033655434847 4.83925811201334 25.83284546434879 655.1810033246875 3130.337034542114 362.3168272860348 8292.673460774124 0 0.9135137349367142 103.8591616600752 3657.972932487726 161.7077983692288 4918.420272000134 528.7608041614294 5124.261335395277 3129.625151947141 42.70416940748692 7.513960056006908 3.448364354670048 31.00036745518446 0.3767596706748009 0.4984850659966469 4.213637225329876 0 0 0.2093892693519592 3.096536912024021 1.074418962001801 20.98997142910957 0.09814662486314774 0 0 0 0.09836748987436295 0.1061863154172897 227.6354582682252 1.037678845226765 0 0.203596219420433 0 155.8129485175014 121.15464861691 101.9897946342826 110.7558916136622 0.09064814448356628 0.9095422998070717 14.95206625759602 120.6574631407857 6.300385735929012 34.27443124353886 0 0 0.4325364530086517 6.128593996167183 2.749274164438248 22.37930200248957 0.5941300615668297 6.456919007003307 5.978590279817581 0.9785063937306404 0 0.8509976044297218 0
0.9218469932675362 1750.4853656739 7.705079950392246 0 0.4490649998188019 1.820922255516052 0.614782378077507 5.193381696939468 2509.918528556824 0 8.995113998651505 0.6147571578621864 144.386348105967 2.811534278094769 46.26512629538774 3538.398301705718 14.4291605874896 8.043447218835354 7.163550011813641 0 162.6442832797766 1021.984475150704 278.5685764327645 4438.815301969647 833.3031594976783 120.266087397933 6095.592881865799 128.0099632292986 15.44763733446598 12.73091965913773 2.550502754747868 0.2237366512417793 1.189500220119953 40.29639086872339 1.825020924210548 112.9553707763553 27.74400815367699 48.3298017308116 22.2395147010684 93.55120229721069 1.710563063621521 89.52726163715124 0.2328271567821503 0.2162997424602509 32.20812468230724 57.94829075038433 0 0 0 0.3645945861935616 0.2037600949406624 9.561758115887642 0.07574600726366043 1.187166452407837 0 3.725846506655216 0.4082076996564865 0 465.6983857303858 7.680961310863495 1.037973694503307 1.382409617304802 0 181.2203233540058 178.2826615422964 456.025376483798 69.60266168415546 7.658120438456535 16.19889204949141 1000.637891530991 68.15074874460697 1.604427948594093 26.3029433041811 0 0 0.2351851686835289 3.580412402749062 1.101463258266449 18.71685234457254 9.668558657169342 9.083829514682293 5.152456685900688 2.786527916789055 0.1643771678209305 0.4469793140888214 0
121.7626749053597 22.5121868699789 10786.78101787716 2.295779287815094 0.454013280570507 79.4550813883543 888.0398095287383 600.0921731777489 2.54788676649332 143.6499694883823 18.27239163964987 2.68941430747509 0.9343005567789078 406.7476245574653 0.3554231822490692 5901.342846930027 3732.898159131408 14.04971835762262 135.0238530412316 1.639867544174194 11198.60468286276 278.5685764327645 19074.55897366256 530.9821607396007 5.417760424315929 661.6456412002444 11437.91855870932 3396.751775924116 265.2303946167231 2720.837894357741 0 0.7048387490212917 27.76270303875208 2306.700057514012 240.2809373810887 9889.185716114938 3020.686189182103 6891.455437138677 6825.68996732682 172.6047114729881 14.88686065375805 3.776917219161987 57.67433058470488 0.1056370660662651 13.69355221092701 267.914550229907 0.1944358646869659 0 0 1.329698048532009 0.6471626982092857 5.506468810141087 0.3321636244654655 0.244341716170311 0.1394469439983368 0 1.087665177881718 0 592.1057806387544 18.20597721636295 0.08794642984867096 2.675126120448112 0 201.1889710277319 395.0863049849868 769.1970798671246 42.426065787673 0.1181858777999878 20.63383132219315 1149.137791670859 47.81597177684307 0.3011997416615486 21.43653071671724 0 0 0.9808648228645325 5.896885104477406 6.759889893233776 44.13085643947124 10.11850511282682 15.83003340661526 10.93611860275269 2.79034985601902 0.1827125698328018 0.7867503762245178 1.528312921524048
30.53638906776905 454.9803356304765 201.4199202731252 499.2319285646081 5.875439383089542 107.1808424964547 471.188437525183 276.9269977509975 6783.289897680283 369.5665545538068 6.381055168807507 686.0907766819 51.14535862207413 200.8114137947559 1191.020335070789 1964.471096329391 6.773397769778967 8.463639095425606 4.523675233125687 361.7462613284588 507.3033655434847 4438.815301969647 530.9821607396007 12620.25875867158 236.0797390118241 53.20080260932446 1427.900557816029 10298.06223848462 731.7493432946503 435.9372856989503 0.9784052297472954 3.010849267244339 114.0241011530161 461.320743624121 120.1312182247639 1976.272866383195 106.0994069948792 714.7094902396202 481.7596864178777 941.9946548044682 40.07757646590471 38.86182010918856 23.79760939627886 12.77391398698092 5.654995210468769 14.11065019667149 237.503047965467 1.298753455281258 27.52037897706032 338.1793050691485 51.91906104236841 1088.015395767987 270.9631172791123 1.988447368144989 380.566770337522 1.111959539353848 61.06966013461351 20.21637918055058 205.9261453673244 5.594861127436161 1.182905256748199 1.457467503845692 132.4194759055972 157.1621073484421 161.6430149748921 60.18889434635639 1853.797425627708 0.5959319993853569 8.072402246296406 26.29289241880178 2016.42155969888 114.2755867429078 168.2762494981289 0 1.293045438826084 23.36557956784964 83.70622544363141 8.408664107322693 253.9511566311121 1.739863514900208 120.0982233099639 47.39006956666708 377.385062135756 4.266103863716125 2.298784524202347 3.425912044942379
0 2123.285392835736 0.7369126304984093 0 0.4275347590446472 0.2867498770356178 0.1751710548996925 1.662254326045513 174.2397712171078 0 665.9772870540619 0 3222.458160161972 0.9681609570980072 2.975888982415199 55.65424218028784 3.405619539320469 99.2853065058589 16.07920277863741 0 4.83925811201334 833.3031594976783 5.417760424315929 236.0797390118241 749.9568004608154 849.5010105222464 4679.746935136616 7.419424176216125 3.60491369664669 0.1702721565961838 286.283780016005 2.007115930318832 0.6682935059070587 428.0771440267563 0.6990972310304642 46.54832241684198 200.4912834018469 284.3385708034039 80.38585765659809 8.191330894827843 14.76952692121267 513.9091019779444 3.27045726776123 0 74.61088587343693 0.5259579867124557 0 0 0.1032641008496284 0 0.09349515289068222 0.1847764998674393 0.1860736533999443 107.3487319126725 0 439.1035449206829 0 0 0 0.312852144241333 31.92680005729198 9.148164823651314 0 0 0 0 0.2237636893987656 231.5921606495976 229.7345240041614 333.9672552421689 0 0.3270477503538132 0 71.79620055109262 0.127072885632515 0 5.013886161148548 0.8176809549331665 9.934019319713116 56.03750935941935 11.14275459945202 2.060578390955925 0 1.133412033319473 23.75550377368927 0.993023008108139
11.23869390785694 665.1966726407409 4254.356238752604 0.1556995809078217 3.753248415887356 14.85298335552216 45.12293763458729 133.9865166023374 41.2900553420186 18.67041569948196 2312.202585399151 2.43622425198555 812.3631729781628 71.90957122668624 0.4208955019712448 21.65278160572052 3674.086028732359 3503.531226851046 3612.425279647112 0.9317749291658401 25.83284546434879 120.266087397933 661.6456412002444 53.20080260932446 849.5010105222464 23521.33921563625 17761.95673082769 10.84675721824169 86.09326691180468 19.71996311098337 444.6542621552944 19.2695382013917 2.731457516551018 1257.812072724104 7.897886700928211 1652.782103873789 2197.632825158536 3240.363459393382 1351.188295207918 26.74330493062735 4.358555436134338 83.2462900057435 4.347668379545212 0.3432599753141403 491.9728100672364 63.24108945578337 0 0.5473801642656326 0.6689058765769005 0.4746495932340622 1.13084252923727 0.3601042553782463 0.270679883658886 290.5236906334758 0.9231651350855827 497.794943459332 1.152812175452709 0 4.410517863929272 71.07694137096405 216.8755500763655 133.2799859493971 0 0.7234837263822556 4.188748262822628 1.925494439899921 2.15987204015255 374.9653924927115 2191.19175118953 4127.767660625279 1.742750868201256 2.825277119874954 1.123870566487312 157.7042710781097 2.481086686253548 0 32.97401556372643 1.655966281890869 78.92595310509205 315.4578762501478 116.5033611431718 21.96363458037376 0.9182958155870438 1.64762844145298 80.63233797252178 0.1238345578312874
7.47528288513422 4632.566117942333 8020.723796293139 0.6019900068640709 0.846951425075531 12.34604302793741 56.33337932825089 83.04697127267718 262.4430546090007 13.27487910538912 1282.537451542914 1.92795953899622 3901.143122442067 47.10680968314409 4.920695684850216 4338.922217316926 6014.642110571265 1200.663703583181 1382.473283328116 1.054863102734089 655.1810033246875 6095.592881865799 11437.91855870932 1427.900557816029 4679.746935136616 17761.95673082769 34018.71648482233 795.6702738702297 67.83877544105053 61.71841651201248 779.2159372791648 7.67659654468298 3.282551370561123 3364.716308645904 128.9613049998879 8671.660875827074 3810.057999901474 8696.808153085411 3863.698661759496 188.5467652082443 11.55804539471865 80.36839354783297 31.5525520965457 0.225009061396122 2052.551024511456 2073.782318644226 0 0.1124057769775391 0.2568799033761024 9.819858521223068 4.200181894004345 5.324818998575211 1.469009943306446 133.9960055053234 0.5610152184963226 306.7055464759469 3.517792522907257 0 365.8796990588307 396.7421954423189 291.8188311830163 260.153198286891 0 101.9156802594662 1620.541760832071 762.4160616025329 40.5198227763176 963.3394301235676 3918.583960689604 12169.34993613511 38.6807169765234 4.05445471405983 8.41669350117445 103.6115827336907 0.4995545148849487 0.7823635637760162 70.01529219001532 10.39157407730818 326.3462700918317 371.281099319458 275.4559986665845 65.30632118135691 4.767591774463654 0.6857988238334656 25.51308288425207 0.6786621510982513
79.72060222178698 6.282474234700203 483.677623860538 2508.123999215662 4.003309719264507 966.6890280023217 14837.20782154053 828.59862934798 1147.1981607005 2955.378317274153 4.335309229791164 967.1630937308073 1.728812925517559 494.6099337488413 187.268810518086 907.3467488437891 14.12648793309927 4.958617016673088 3.92760094255209 3060.80970095098 3130.337034542114 128.0099632292986 3396.751775924116 10298.06223848462 7.419424176216125 10.84675721824169 795.6702738702297 19432.1890934445 1783.952378828079 13224.42383302376 0.1074844673275948 3.51627691835165 324.2573927342892 1233.357463348657 258.9540603607893 3698.305811792612 172.4489606842399 1620.891744352877 1058.41798298806 400.9689946398139 51.86800215393305 4.809226825833321 51.84251177310944 6.162127330899239 1.011304758489132 7.520357824862003 174.0390432700515 1.119892306625843 22.30953858047724 249.9011803343892 34.44148682802916 395.0138597488403 212.6736095547676 1.099202118813992 270.0045240744948 0.3482209742069244 40.35602769255638 13.30881393700838 100.4574278891087 2.530351050198078 0.2295611277222633 1.199346505105495 84.76378203183413 85.95970856398344 56.47659084200859 20.66863560676575 916.9042472690344 0.2826050221920013 1.673562906682491 15.5280225276947 1254.115496564656 50.33649950474501 74.24321439862251 0 0.4097440615296364 12.52188416570425 39.26210577785969 6.64526242762804 126.3449669256806 3.735065847635269 56.33282410353422 21.14059053361416 246.1670966893435 1.635759145021439 0.4340069890022278 1.293735593557358
4065.973177853972 1.401609636843204 137.1115228421986 73.36018609255552 436.3259663954377 801.0983965098858 2048.774802435189 1062.867609754205 105.9517942629755 1418.774836756289 253.5262514054775 380.891673695296 9.86413498967886 6515.804294947535 16.13277470320463 30.36872418224812 240.097025513649 101.0390284173191 104.3424057140946 264.9963136725128 362.3168272860348 15.44763733446598 265.2303946167231 731.7493432946503 3.60491369664669 86.09326691180468 67.83877544105053 1783.952378828079 20154.48445589468 3793.339421864599 1.014629110693932 266.0807397328317 3734.140754364431 3008.730518721044 13.03958663344383 1357.856547940522 90.10372498631477 1492.563404276967 545.1409187987447 327.9767128676176 170.2427839897573 30.70462900400162 13.82797912508249 2.151945628225803 1.731826886534691 4.170821227133274 4.603171050548553 0 1.702650085091591 27.65829792618752 5.957536898553371 66.858293607831 11.25656719505787 0.3266361057758331 6.798834122717381 0.515646792948246 9.564749643206596 0 24.62768086791039 0.6234369724988937 1.124802760779858 0.622919388115406 2.0600321367383 21.29965844750404 13.21478278189898 4.85925929248333 204.5259982272983 0.4097466692328453 6.198406092822552 8.871167458593845 198.897863086313 13.14663802087307 23.14812541753054 0.2364056706428528 0.2339200153946877 5.340965367853642 14.12653937190771 2.854326739907265 25.01935517415404 3.615003608167171 17.68679393827915 5.759129822254181 12.38936664164066 0.3438861966133118 1.312986105680466 0.3072907328605652
