770.720518566668 1.019232496619225 77.05509786307812 2.252845898270607 1.2418317720294 8.010976865887642 2723.169013444334 797.9139861166477 1.095620051026344 153.841074116528 19.17026494443417 6.525018312036991 0.54045220464468 6258.277556013316 0 2.219372868537903 88.70293606445193 16.33349506929517 66.25994229316711 10.17546315491199 62.53680865466595 0.6155584901571274 144.0358259007335 15.06364455074072 0.1597787588834763 70.76413126289845 43.27143609151244 80.48616492003202 2379.766310691833 3335.983971599489 0.1545703262090683 8.991523690521717 60.94990040361881 268.6889393776655 5.71757747977972 117.1286853253841 18.67650651931763 237.6308179758489 49.72162739187479 9.017548844218254 9.75182119011879 0.2391971200704575 0.1163087487220764 0 0.783195286989212 0.2825149223208427 0.3138017430901527 0 0 1.240223407745361 0 0.4801070839166641 0 0 0.09621457755565643 0.09821669012308121 0 0 2.095191486179829 0.3659093454480171 0 0.208653911948204 0 3.600326612591743 0.09526108950376511 0.6068925783038139 3.209437392652035 0 1.95008822530508 8.273402012884617 8.389801703393459 0.1331806480884552 2.550878144800663 0 0 0 0 0.4251618981361389 1.920556783676147 0 0.2936384677886963 0.07981698215007782 0.5789061188697815 0 0 0
1.019232496619225 174.0257624089718 72.10631135851145 0 0.9200346246361732 0 3.310046248137951 1.169877141714096 557.854487746954 0.2584244459867477 109.040468737483 0.8031275346875191 500.9355397224426 2.892640106379986 17.16607091575861 107.522036716342 316.5220868960023 13.5877383351326 101.9626355096698 0 7.398418232798576 2183.739636540413 21.80184224247932 253.4382416456938 3148.817615352571 648.3387804105878 6373.143008336425 13.35833469778299 2.272742420434952 1.984064199030399 27.5853878185153 0 0.1925574913620949 213.659559443593 0.9136766642332077 212.2174590379 176.8983296826482 176.3123545497656 56.77334634959698 16.87911436706781 0.5699916332960129 104.070402443409 0.4190501123666763 0 181.9014279097319 8.257134169340134 0 0 0 1.44941695779562 0 1.276531428098679 0 3.277507156133652 0 15.65304809808731 0.4673884212970734 0 0.8082261607050896 8.829746477305889 2.104327253997326 16.58692337572575 0 0.1480371057987213 16.77312953770161 2.591428652405739 4.577860482037067 49.73716180026531 291.8222985267639 1064.136146061122 0.3331892490386963 0 0.4563977718353271 1.223690673708916 0 0 2.628873534500599 0.7992784380912781 7.992285944521427 13.43078629672527 8.551748521625996 3.604650437831879 0 0 4.599650964140892 0
77.05509786307812 72.10631135851145 3784.755931921303 0.279944583773613 0.09333287179470062 2.555978499352932 1427.194604411721 94.74017949402332 0.8368819132447243 25.51567578315735 39.36832801625133 0.9542694836854935 2.076510533690453 213.1578985899687 0.1982986032962799 32.08301873505116 5883.214792482555 140.4903668500483 438.3890287131071 1.545980527997017 2247.289336822927 39.77134650945663 11892.53533655405 25.86331064254045 4.900136098265648 10414.8393051587 5162.50501973927 509.5186414793134 23.57027791813016 611.9602067023516 2.326238162815571 1.21987572312355 1.836013056337833 1067.509320870042 20.8891808539629 1618.603374034166 3657.392105214298 1391.076649226248 205.3450315222144 40.66274594515562 2.429577976465225 18.20866367220879 5.338275857269764 0.4539333581924438 191.9123517200351 194.3272764906287 0 0 0.09675776213407516 23.01296588033438 2.186879031360149 6.749363332986832 0.583020843565464 0.1232121661305428 0 1.45196295529604 2.897196464240551 0.1379243135452271 8.812526278197765 77.02560887485743 0.9234340265393257 7.720064654946327 0 8.686509862542152 88.41009365767241 19.7100522518158 41.46803264319897 1.176011823117733 506.9562717601657 2182.394454076886 31.27959997951984 0.6616802364587784 12.39322586357594 0.39127366989851 0 0 25.61655262857676 18.36572638899088 52.19777259975672 17.13108629733324 39.14097518473864 11.96939243376255 0.8156644254922867 0.660748153924942 2.299074232578278 0.6489021778106689
2.252845898270607 0 0.279944583773613 2957.830838352442 7.353860393166542 44.83635634928942 82.0321152433753 38.6622512191534 760.9538223296404 3158.109571348876 2.551332406699657 565.8147177435458 0.4019585326313972 28.49411388486624 101.3771308809519 0 0.06896711885929108 0.4509907700121403 0.4642639607191086 3527.688329681754 0.2497620806097984 0 0.4632144570350647 2092.507424853742 0 0.7246715240180492 0.3686983585357666 3743.773935332894 23.18992376700044 1.558808080852032 0.06437457352876663 0.3984789922833443 1.163457989692688 26.53956358134747 2.733139678835869 82.62448889762163 2.349716708064079 38.64816892147064 8.484947569668293 104.8091644868255 4.905330300331116 0.1492713540792465 1.194115221500397 0.09291263669729233 0 0 108.1913326978683 1.540193557739258 2.002748258411884 58.58867800980806 12.90738122165203 161.4062064513564 64.23268681019545 0.2492346614599228 101.2252230420709 0 4.387020319700241 14.7869161516428 0 0 0 0 216.7555260360241 0 0 0 335.7642234638333 0 0 0.2600312158465385 404.0941273123026 2.321030460298061 0.7513002008199692 0 0.06363551318645477 0.07850567996501923 0.835491456091404 0.6148654222488403 60.24173287302256 0 4.483321204781532 0.9879103824496269 103.6394114494324 0 0 0
1.2418317720294 0.9200346246361732 0.09333287179470062 7.353860393166542 52.20587736368179 413.90997441113 4.31177644431591 210.0010217353702 63.86124981939793 11.29163324832916 35.98058766126633 61.83303756266832 2.5256028175354 833.2463242188096 680.3137558922172 0 0 3.369212567806244 0.2109222263097763 4.953127138316631 0.1308190524578094 2.892568409442902 0.1300231218338013 73.50933886319399 0.3821781799197197 3.067856654524803 2.232504770159721 7.123471349477768 159.7255827188492 1.498296976089478 0.1351528018712997 48.00943571329117 0 563.6041516289115 1.215795516967773 51.56219740211964 6.596029803156853 235.1319493278861 87.36716346442699 3403.868739113212 201.9864548295736 7.16795602440834 0 0 0 0 2.124769769608974 0 0 3.25512208789587 0 3.63324449211359 0.4934976696968079 0 3.944510772824287 0.1092275381088257 0.2376088798046112 3.97023606300354 0 0 0 0 3.630870193243027 0 0 0 6.852389939129353 0 0.2299249470233917 0 7.54299034923315 0.1341327577829361 0 0 0 0 0 0 5.062009617686272 0 0 0 15.99738928675652 0 1.120653867721558 0
8.010976865887642 0 2.555978499352932 44.83635634928942 413.90997441113 8441.106848739088 1062.640045370907 5660.559585519135 104.7189643457532 7315.534683071077 75.09815914183855 4880.857348911464 8.247967705130577 815.2550067417324 928.1972643360496 0 1.355504229664803 12.08288827165961 2.696063287556171 344.0138675048947 0.4086028784513474 0.411190465092659 1.378724753856659 94.74678867310286 0 14.64090203493834 6.123492576181889 522.5678123980761 125.3540272824466 9.665420159697533 1.276039771735668 273.3664273917675 3.39631374552846 272.3668171241879 4.960962906479836 218.3127081990242 17.72987290471792 313.9216800518334 84.72293936088681 1651.854409638792 200.0582457259297 9.990227393805981 5.180188156664371 0 0 0 4.399044170975685 0.2617985010147095 0 8.794862560927868 0.8959594741463661 6.14532233774662 3.985782936215401 0.06553811579942703 14.97538564354181 0 0 3.236315801739693 0 0 0 0 15.31636653095484 0.1114705130457878 0 0.1091292053461075 25.04739139229059 0.08721273392438889 0.3222043588757515 0.7257262766361237 36.39937567710876 0 0.4441251680254936 0.08109714090824127 0 0 0.3615284115076065 0 18.11866708099842 0 1.3122683390975 0.5882197916507721 37.37476493418217 0 0.5311785340309143 0
2723.169013444334 3.310046248137951 1427.194604411721 82.0321152433753 4.31177644431591 1062.640045370907 11133.62107779458 4191.730847872794 59.47289881855249 6096.725105587393 68.1309023052454 23.24332728609443 4.908703319728374 6720.973196446896 4.35242236405611 13.95092236995697 416.2712334021926 54.96758437529206 209.0832374021411 35.94140088930726 207.8230310231447 11.96334153413773 1112.876494783908 449.7990713901818 0.4204864054918289 506.3301214948297 270.1713446676731 11425.05826914683 1827.44985948503 5512.356398936361 0.7454661875963211 44.46286526322365 277.0704963281751 1094.141027469188 140.1437975540757 2736.521697860211 207.2126140110195 1748.054439779371 553.2560830116272 318.453017115593 129.7788227573037 8.736772358417511 31.35781656205654 0.8809276893734932 5.025296181440353 9.173625066876411 15.97199679911137 0.2953928709030151 0.3827959895133972 158.2441198602319 20.81215388327837 26.31758198142052 16.99585277587175 2.952889204025269 12.04247468709946 0.4034035056829453 11.96971073001623 4.530970998108387 13.05519500374794 2.210924446582794 0.1629360541701317 0.7927686795592308 34.68232228606939 5.695143565535545 11.55647123605013 8.229873567819595 430.933424115181 0.1712313666939735 9.942052684724331 90.99684344604611 766.9048757553101 13.03373323753476 82.92013315856457 0 0.22001763433218 0.4368180781602859 9.384355440735817 8.355501070618629 183.6429670080543 1.724787145853043 32.27596231549978 8.393586352467537 88.68691399693489 4.809716187417507 6.409404218196869 1.023174591362476
797.9139861166477 1.169877141714096 94.74017949402332 38.6622512191534 210.0010217353702 5660.559585519135 4191.730847872794 7341.201985962689 16.48694688081741 6095.186852656305 189.3710868731141 1284.903282221407 19.0061088129878 4028.774307481945 153.8573354408145 2.667061612010002 83.4855157546699 33.3181830868125 71.20353858917952 436.0055375508964 32.4202454648912 0.5586309134960175 113.8859271109104 132.4821446761489 1.101339221000671 107.2231627069414 58.67338163778186 444.9529659748077 430.4596627615392 734.466822989285 2.695961497724056 75.26215540990233 19.079026684165 847.6282021291554 19.27382811158895 595.2629617787898 95.12413414567709 951.6649762354791 349.2241532765329 973.1271184980869 124.019063949585 31.5359810963273 14.83221933245659 0 0.5835024118423462 0.4085860550403595 2.418481849133968 0 0 9.475079368799925 1.943746201694012 2.471373587846756 2.438634745776653 0.3084649816155434 5.626935809850693 0.6635942831635475 1.890861302614212 0.599486455321312 0.8936374559998512 0 0.184525340795517 0.1796049848198891 5.970938332378864 0.2584218531847 0.4295596703886986 0.3470006436109543 34.76869332790375 0.1134932935237885 2.337441079318523 12.19563646242023 55.30087263509631 0.248599074780941 4.043800286948681 0.09142939001321793 0 0 1.237135358154774 1.985917247831821 15.27785678952932 0.1560335829854012 2.358513884246349 0.2042311057448387 7.884902909398079 0.1397812962532043 4.050309650599957 0
1.095620051026344 557.854487746954 0.8368819132447243 760.9538223296404 63.86124981939793 104.7189643457532 59.47289881855249 16.48694688081741 240.6887437477708 189.8869713321328 6.067470289766788 876.197209648788 27.04981470108032 11.53155649453402 928.7701961249113 26.32576813548803 1.567039400339127 1.191189527511597 1.621004797518253 348.8400787934661 14.55266950279474 2735.51132953912 1.776843674480915 8447.429022863507 244.9985300078988 15.3901079595089 615.9919717237353 1365.15966437757 4.54536747187376 20.73218091577291 2.94470103085041 2.081139989197254 0.6938201785087585 6.912692233920097 1.105594754219055 65.00313542038202 4.852642975747585 9.610221929848194 3.567488126456738 286.3209983929992 4.078659854829311 1.161765329539776 0 1.801632717251778 6.667499423027039 1.126938857138157 70.03645132482052 1.283187448978424 0.8001985922455788 42.8858722448349 7.620813526213169 71.67859688401222 19.60103901475668 0.6785349249839783 61.90479217469692 0.7032126039266586 4.086057797074318 11.15188726037741 138.6139766052365 0.6545989438891411 0.1153113692998886 0 111.9727835133672 71.20742762088776 32.42752568423748 14.57840266078711 1022.468850344419 0.4113424718379974 4.880464144051075 27.82264526933432 518.5697899460793 9.306382484734058 57.37141713500023 0.32501220703125 0.4840814173221588 0.7478162050247192 2.025355830788612 0.7222454994916916 26.04941979050636 0.6890539899468422 9.053986854851246 2.996043562889099 38.61863084882498 0.7118812724947929 0.09177413582801819 0.7689269185066223
153.841074116528 0.2584244459867477 25.51567578315735 3158.109571348876 11.29163324832916 7315.534683071077 6096.725105587393 6095.186852656305 189.8869713321328 25844.6196240969 121.3820548765361 3582.644374597818 8.551924206316471 1334.375876333565 42.24594423174858 0.374251589179039 9.176007587462664 25.15774381905794 10.78902161866426 12688.67091525346 4.808857314288616 0.2054220288991928 16.17910161986947 1429.497737973928 0.1559543833136559 44.07260763645172 20.641039095819 2689.377358958125 478.3380469866097 64.77340887486935 1.683861371129751 71.50375555828214 13.14283729344606 655.1641805879772 48.03320278227329 1001.47236604616 30.26061225682497 1003.551754310727 112.5072645843029 442.243933185935 95.61267625540495 4.356947399675846 18.44014190137386 0 0.4423638135194778 0.2086938321590424 74.03203655034304 0.87273009121418 1.73140100389719 60.70942955464125 13.18794741481543 87.45998448133469 29.16548143327236 0 77.17362866550684 0.07844173163175583 7.26216509193182 10.60605765879154 0.6035845130681992 0 0.3466374650597572 0 108.9578595086932 0.2969320565462112 0.222785659134388 0.4128974601626396 315.3174313604832 0.1053128764033318 0.9024678245186806 4.546767570078373 381.4407135546207 2.771337367594242 2.745104394853115 0 0.4167708903551102 0 1.77378536015749 3.451215177774429 59.41404419392347 0.4485782980918884 7.578898742794991 0.8400747776031494 92.4521196782589 0.1095143482089043 0.2669887840747833 0.2368384674191475
19.17026494443417 109.040468737483 39.36832801625133 2.551332406699657 35.98058766126633 75.09815914183855 68.1309023052454 189.3710868731141 6.067470289766788 121.3820548765361 9284.670318368822 92.45836200937629 1723.205772943795 146.6949510462582 2.327383033931255 1.16647069901228 148.3308750167489 2569.679599303752 289.9111958369613 42.77835847437382 19.70865865796804 20.0810040012002 59.40905805677176 19.17474041506648 557.2716472819448 2276.314300633967 582.5564869269729 26.45408457890153 204.1537602096796 23.10322815179825 258.0864439681172 272.9618479087949 1.361487958580256 5788.475037004799 6.849003858864307 641.5549157895148 4432.971087314188 6506.552247285843 1526.015135701746 91.84917858242989 80.74741853773594 615.5609275698662 7.166181109845638 0 17.12240643054247 0.5376877188682556 0 0 0 0.1264089494943619 0.1804964765906334 2.114137440919876 0 221.2548334077001 0.2287841737270355 793.9889378473163 0.2077963799238205 0 0.0687473937869072 0.371336966753006 10.86998913437128 2.686934292316437 0.1803992390632629 0.8657163977622986 1.809140563011169 0.3273594379425049 2.749514970928431 153.0231252983212 273.762205734849 344.5765260383487 3.992724251002073 0.3077373802661896 1.030103273689747 157.2562378272414 0 0 7.006852604448795 1.217580243945122 14.89254953712225 365.7857293188572 25.02704112231731 5.578859142959118 1.45145483314991 0 306.5598045885563 0
6.525018312036991 0.8031275346875191 0.9542694836854935 565.8147177435458 61.83303756266832 4880.857348911464 23.24332728609443 1284.903282221407 876.197209648788 3582.644374597818 92.45836200937629 9379.022070556879 5.270111888647079 441.6834820471704 1190.931205630302 0.09111588448286057 0.927565161138773 17.61814227700233 3.26996573060751 6962.71462489292 0.4248336628079414 1.404685534536839 1.655796505510807 259.2828738391399 0.3721056208014488 23.53751452639699 8.418650221079588 128.4930594563484 182.6333238855004 3.472403045743704 1.671124946326017 66.83701990544796 0.1856411695480347 307.7785456553102 3.423637330532074 310.7456364482641 23.45028338581324 387.8289650343359 29.95319259911776 1296.336337357759 45.21756549924612 2.320977278053761 2.289494395256042 0.1227901503443718 0.2414452135562897 0 94.13784981518984 3.177398040890694 3.789385229349136 18.49481065571308 7.16929580271244 92.7306190431118 16.69931323826313 0 196.899435736239 0 1.781848482787609 39.01116559654474 0.1199960336089134 0 0.07255974411964417 0 139.1469679698348 0 0 0 137.3590418882668 0.07064998894929886 0.5827521160244942 0.9029802307486534 129.3632832840085 0.3854541666805744 0 0 0.2230672836303711 0 0.2446110099554062 0.4908693134784698 102.2564854547381 0.08326352387666702 0.9938093274831772 0.1431337296962738 192.6914352923632 0.1217394396662712 0 0
0.54045220464468 500.9355397224426 2.076510533690453 0.4019585326313972 2.5256028175354 8.247967705130577 4.908703319728374 19.0061088129878 27.04981470108032 8.551924206316471 1723.205772943795 5.270111888647079 3196.073093801737 8.797176618129015 1.096842564642429 2.082089751958847 7.665994718670845 42.52653403580189 23.38409639894962 2.227693051099777 1.052050940692425 95.04763532429934 2.982809118926525 9.743843510746956 3478.568095140159 323.7340107262135 3877.419229201972 2.513119742274284 10.71549182385206 1.241662703454494 1184.766779370606 20.61436901986599 0 1674.080966278911 3.206092961132526 134.3826596438885 4098.387887656689 1020.196250285953 296.5426824837923 10.86018303781748 15.87100028246641 952.2460151910782 0.7358682006597519 0 80.94011358171701 0 0 0 0 0 0.2774276435375214 2.159009732306004 0 532.9252694919705 0.07676799595355988 1663.707385525107 0.1908852756023407 0 0 1.053977698087692 31.019994571805 6.831179887056351 0 0 1.280028373003006 0.3225060030817986 1.200695682317019 586.3797222673893 615.4501212611794 774.6385449841619 0.2865550518035889 0.09042897820472717 0.6510239914059639 268.2747078761458 0 0 26.66552788764238 1.406807720661163 10.20261318981647 870.1322927474976 66.05775117129087 10.2497868463397 0.2387876585125923 0.4410871565341949 738.0705175101757 0
6258.277556013316 2.892640106379986 213.1578985899687 28.49411388486624 833.2463242188096 815.2550067417324 6720.973196446896 4028.774307481945 11.53155649453402 1334.375876333565 146.6949510462582 441.6834820471704 8.797176618129015 7044.413812849671 12.30412769317627 3.88706336915493 195.0896471776068 54.85856033861637 151.2460179105401 254.0400989130139 90.59376816824079 1.064959093928337 279.4589353352785 130.4962325878441 0.928331695497036 201.973700478673 119.5887772627175 466.5784362778068 5035.436619464308 2739.887893475592 1.294925980269909 387.5903033986688 67.95050627738237 1548.007305774838 21.25063095986843 421.7698922231793 63.22975809127092 1096.148176148534 201.3663848340511 199.6822909638286 37.64847330003977 4.915604963898659 7.268191240727901 0.06751778721809387 1.82533960044384 2.043822571635246 1.109643064439297 0 0.1785004884004593 11.4609722495079 1.595511734485626 1.788184385746717 1.194221269339323 0.5250920802354813 1.322290264070034 0.08319775760173798 0.8695909082889557 0 2.718221761286259 0.5298446714878082 0.07715286314487457 0.2497053295373917 0.8235264793038368 2.934667155146599 2.043502531945705 1.862881250679493 29.87852998077869 0.6380109414458275 5.446775659918785 25.7987958304584 45.4114805161953 0.5687094368040562 5.740600146353245 0.08607115596532822 0 0 1.13786081969738 2.17071658372879 12.59414256364107 0.0956529974937439 2.269656546413898 0.2818727567791939 9.523517161607742 0.442670963704586 0.7181273400783539 0.1979431807994843
0 17.16607091575861 0.1982986032962799 101.3771308809519 680.3137558922172 928.1972643360496 4.35242236405611 153.8573354408145 928.7701961249113 42.24594423174858 2.327383033931255 1190.931205630302 1.096842564642429 12.30412769317627 371.2727647721767 0.9772597849369049 0 0.342716746032238 0 134.2365599572659 2.27986153960228 100.0432060658932 1.339884534478188 1763.979366771877 9.063544042408466 0.9909051582217216 26.29376263916492 82.03973386436701 2.463712371885777 2.089234873652458 0 97.2795839831233 0 9.090551003813744 88.05107222497463 478.6736301407218 3.305274657905102 7.64345844835043 5.052838131785393 1542.528457887471 26.25728111714125 0 0 0.133643850684166 0.3953974545001984 0.4315065518021584 26.21689184010029 0.9555420279502869 1.526474207639694 15.2748813405633 4.811970949172974 35.05087662488222 11.37961570173502 0 90.87766569107771 0 3.190681427717209 32.1843070089817 1.49715881049633 0 0 0 71.22728189080954 0 0.3081106767058372 0.7061158418655396 69.11244707554579 0 0.3248808309435844 1.17896581441164 81.79635410755873 0.1815310716629028 1.803942196071148 0 0 0 0.4239266812801361 12.58716803789139 148.2101841345429 0 5.490739360451698 1.156913138926029 219.5871149003506 0 3.175467371940613 0
2.219372868537903 107.522036716342 32.08301873505116 0 0 0 13.95092236995697 2.667061612010002 26.32576813548803 0.374251589179039 1.16647069901228 0.09111588448286057 2.082089751958847 3.88706336915493 0.9772597849369049 2857.754276327789 7.616032265126705 1.10889145731926 3.623001925647259 0.4309080392122269 3235.944098547101 2496.111989147961 1687.429983966053 2048.560540504754 18.2129433453083 8.203104473650455 4311.565713994205 2812.592727601528 19.39932485669851 80.80160859972239 0.5488720238208771 0 22.84535133838654 74.41573853045702 41.446049913764 2237.562498129904 619.1876148879528 347.93088555336 354.2075168117881 158.5949029177427 4.045518040657043 3.279320955276489 13.98969063162804 0.6532508507370949 9.31433892250061 29.25330905616283 0.131547674536705 0 0 19.47857467085123 1.244780048727989 2.099436305463314 0.4203125685453415 0.3362846970558167 0.239138275384903 0.1347859650850296 2.726698249578476 0 3300.406875267625 3.963405519723892 0.3607973903417587 0.5404542163014412 0 552.0668256655335 625.2414992004633 1537.192234531045 226.3831453919411 0 5.251444354653358 456.7711491808295 203.7585281655192 5.636888265609741 150.4286982119083 0.08250273764133453 0.09320808202028275 2.456062734127045 12.07914593815804 7.780613914132118 167.9771044850349 37.48345772922039 47.001863963902 50.27474385499954 10.55032178014517 1.204697817564011 3.057094752788544 2.817095577716827
88.70293606445193 316.5220868960023 5883.214792482555 0.06896711885929108 0 1.355504229664803 416.2712334021926 83.4855157546699 1.567039400339127 9.176007587462664 148.3308750167489 0.927565161138773 7.665994718670845 195.0896471776068 0 7.616032265126705 1137.150870829821 1194.916242048144 3744.495506457984 1.277872622013092 782.275502577424 10.62521173804998 2920.009271081537 8.185519799590111 70.97617910802364 3765.736020177603 4356.75331504643 102.3107546046376 67.14457236975431 746.6618167459965 2.947923064231873 0.9149768389761448 5.636020716279745 877.8251854330301 5.841253004968166 709.5093642137945 2079.141937561333 247.5516776628792 68.997279856354 16.34624420106411 1.223632089793682 5.22040519118309 0.8598189055919647 0.1567425578832626 190.7966196089983 24.61322518438101 0 0 0 4.271459251642227 0.5730761215090752 1.840587340295315 0 1.113271489739418 0.3026103079319 7.75906527787447 0.9510244652628899 0.126519650220871 1.169405527412891 23.53952004015446 4.363053187727928 27.55334744602442 0 1.425886765122414 6.912035830318928 5.281854934990406 4.836718320846558 9.974127262830734 778.2665985226631 1357.023693948984 4.694378100335598 0.3916487172245979 2.866264022886753 0.09782401472330093 0 0.1522561013698578 6.065546929836273 4.674546673893929 24.27817989885807 18.92633214592934 15.81233943253756 2.632028006017208 0 0 0.8053143322467804 0.717043399810791
16.33349506929517 13.5877383351326 140.4903668500483 0.4509907700121403 3.369212567806244 12.08288827165961 54.96758437529206 33.3181830868125 1.191189527511597 25.15774381905794 2569.679599303752 17.61814227700233 42.52653403580189 54.85856033861637 0.342716746032238 1.10889145731926 1194.916242048144 303.0622746944427 1497.502597484738 8.774184219539165 33.39438924193382 1.137997627258301 124.0359407141805 4.121812701225281 33.74951092153788 4036.607431575656 634.2407004237175 13.30686828121543 38.58716597035527 50.33585425838828 101.83772996068 27.296187736094 1.072735674679279 1607.706496097147 2.713287204504013 574.4312056601048 1135.100338660181 1532.569124557078 343.7162461094558 17.53799632191658 2.711176045238972 2.92591667920351 1.862040027976036 0 9.375433668494225 0.1346268653869629 0 0 0 0 0 0.2719534635543823 0 41.41795973479748 0.1181091815233231 156.7287532687187 0 0 0.6123638302087784 0.3468786329030991 11.84437496960163 4.292503036558628 0 0 0.2662327662110329 0.1874133870005608 0.6078269630670547 41.75379110872746 243.2036562860012 240.437636166811 0.7301515713334084 0 0.5707754418253899 50.74588498473167 0 0 1.145616635680199 1.086177617311478 5.489023394882679 8.767187260091305 3.635626748204231 2.453566387295723 0.1065774783492088 0 0.36761374771595 0
66.25994229316711 101.9626355096698 438.3890287131071 0.4642639607191086 0.2109222263097763 2.696063287556171 209.0832374021411 71.20353858917952 1.621004797518253 10.78902161866426 289.9111958369613 3.26996573060751 23.38409639894962 151.2460179105401 0 3.623001925647259 3744.495506457984 1497.502597484738 1073.340652123094 2.834083639085293 193.0798586085439 3.410774514079094 729.9444472789764 2.986563049256802 85.33323727548122 7553.60657409206 1460.024892687798 36.07978657633066 59.5027501732111 276.7675871066749 15.93428364396095 4.504180923104286 4.856096230447292 1421.360577125102 2.516597338020802 377.7363368310034 942.1269905120134 565.1845196411014 119.9311652854085 12.35389089584351 0.9025856703519821 13.13144652545452 0.9071335271000862 0 61.28405731916428 1.948412962257862 0 0 0 0.8454428911209106 0 0 0 2.097021609544754 0.0789235532283783 13.21905080229044 0 0 0.3647064864635468 3.530897699296474 9.08113906532526 16.90495616942644 0 0.345203660428524 1.380968503654003 0.6597642749547958 1.264936156570911 33.31987182050943 217.3590153828263 329.3521572872996 1.215043939650059 0 1.170332126319408 2.983936101198196 0 0 1.748208269476891 2.266018703579903 7.263412773609161 7.926330350339413 4.615906350314617 1.223927699029446 0 0 0.2199214398860931 0.1536737978458405
10.17546315491199 0 1.545980527997017 3527.688329681754 4.953127138316631 344.0138675048947 35.94140088930726 436.0055375508964 348.8400787934661 12688.67091525346 42.77835847437382 6962.71462489292 2.227693051099777 254.0400989130139 134.2365599572659 0.4309080392122269 1.277872622013092 8.774184219539165 2.834083639085293 1514.021419204772 0.7126504629850388 0 1.436613857746124 770.9554403275251 0.1805917322635651 12.5333004295826 4.542664915323257 2791.98474662751 134.2800079397857 5.032117255032063 0.4925204701721668 27.19131141155958 0.9494812488555908 233.3980660289526 15.89703752100468 424.3732924833894 10.58753606677055 364.6738813519478 34.70445428043604 362.7058026939631 36.03003019094467 1.502026461064816 3.809714831411839 0 0.07773268222808838 0.1043575331568718 64.15464020520449 0.6359531432390213 2.873620226979256 43.83922618627548 9.46427358686924 82.58933444321156 24.410849429667 0.4066518172621727 83.92294775694609 0.1726591214537621 3.652700111269951 16.11582004278898 0 0 0 0 106.9610842987895 0.1142807975411415 0.1183868870139122 0 218.1839729547501 0 0.4517717882990837 0.6924972087144852 257.6626463904977 1.347388215363026 0.4563585966825485 0.07367310672998428 0.1248161941766739 0 1.196320898830891 2.455528795719147 67.18155582994223 0 4.577536813914776 1.563315361738205 117.9676785320044 1.276622861623764 1.244771361351013 0
62.53680865466595 7.398418232798576 2247.289336822927 0.2497620806097984 0.1308190524578094 0.4086028784513474 207.8230310231447 32.4202454648912 14.55266950279474 4.808857314288616 19.70865865796804 0.4248336628079414 1.052050940692425 90.59376816824079 2.27986153960228 3235.944098547101 782.275502577424 33.39438924193382 193.0798586085439 0.7126504629850388 12869.40299461037 236.0753802061081 17208.24692545086 425.9991261661053 3.718730859458447 301.4689933359623 1869.970222491771 3299.026864364743 178.9107185080647 8815.566082753241 0.3279711231589317 1.682065457105637 121.2010997310281 2227.562631502748 236.1302340552211 6655.782171115279 1524.641487307847 3683.808944948018 1848.090855613351 553.219080299139 18.32755622267723 8.757530570030212 64.69521451741457 2.101978778839111 9.319089569151402 19.73343224823475 0 0 0 10.71221364289522 0.7284539043903351 1.710100062191486 0 0 0 0 2.430354855954647 0.3773976042866707 521.6577693969011 1.762548521161079 0.2038500905036926 0.415529377758503 0 270.3257802650332 91.4897700920701 212.3868879005313 136.9347064048052 0.2419715151190758 10.88051648437977 195.9723655506968 176.9229676127434 8.646986372768879 132.660420358181 0 0 2.20777552574873 8.729600816965103 35.86775486171246 92.13197955489159 2.64279193431139 15.17201306670904 5.667447775602341 11.06587750464678 1.390179514884949 10.55294500291348 0
0.6155584901571274 2183.739636540413 39.77134650945663 0 2.892568409442902 0.411190465092659 11.96334153413773 0.5586309134960175 2735.51132953912 0.2054220288991928 20.0810040012002 1.404685534536839 95.04763532429934 1.064959093928337 100.0432060658932 2496.111989147961 10.62521173804998 1.137997627258301 3.410774514079094 0 236.0753802061081 1229.170265980065 584.696028880775 5375.945034973323 963.819742821157 31.52584725618362 3892.308251455426 533.2142323702574 1.985780842602253 16.25689122825861 7.328548267483711 0 1.554592102766037 48.48914954066277 3.797665163874626 196.1519949883223 63.45700864493847 174.4441965743899 38.78896052390337 93.38721742480993 2.66884633153677 7.923814222216606 0 0.2559664025902748 94.42996306717396 38.5113111063838 0.1241608485579491 0 0.3246274888515472 23.21312740445137 1.955228492617607 11.33403886854649 1.257122032344341 0.8907283991575241 0.2463742420077324 3.162569865584373 1.408095337450504 0.2780823111534119 1859.946373187006 4.02653656899929 0.5890477746725082 1.346466340124607 0 156.3042287454009 483.6365969330072 539.3821550756693 182.9689755290747 2.644825294613838 24.49755591154099 1245.138485558331 85.31861804425716 0.9554020315408707 29.95001971721649 0.9759289473295212 0 1.050508975982666 5.126096308231354 3.846485950052738 52.61682964116335 20.38792250305414 18.92802323400974 21.6236812248826 2.340684145689011 0.295690506696701 0.5477753654122353 0.1402051597833633
144.0358259007335 21.80184224247932 11892.53533655405 0.4632144570350647 0.1300231218338013 1.378724753856659 1112.876494783908 113.8859271109104 1.776843674480915 16.17910161986947 59.40905805677176 1.655796505510807 2.982809118926525 279.4589353352785 1.339884534478188 1687.429983966053 2920.009271081537 124.0359407141805 729.9444472789764 1.436613857746124 17208.24692545086 584.696028880775 15809.83015476912 150.3797001764178 5.358807109296322 1829.223962526768 12067.39409516752 2972.874404162169 125.2227440439165 3734.040001146495 0.4809509664773941 2.782352887094021 18.27681281417608 2522.040604647249 324.3648227453232 9234.900374576449 7236.384502805769 5659.727416753769 3702.79301623255 878.7513149380684 45.3956491574645 37.14548314362764 101.3326273486018 1.929649017751217 48.78646138310432 184.3331034108996 0.1233857944607735 0 0 57.22217863798141 4.96358472853899 2.846636459231377 1.219521589577198 0.696805015206337 0 0.2553905844688416 7.335441432893276 0 1206.943928599358 18.68562665581703 1.190501525998116 2.774634480476379 0.2003203481435776 109.3548583835363 604.6474235281348 937.602200075984 62.01942506432533 0.4862317964434624 66.51111610233784 2132.404756009579 64.34242946654558 2.731054581701756 25.66769558936357 0.2288149073719978 0 0.1593411862850189 18.69459807127714 136.4656850919127 172.0949506983161 34.46810986846685 69.99340146780014 69.11517423391342 8.451820582151413 0.8864002376794815 9.134790405631065 0.4640634804964066
15.06364455074072 253.4382416456938 25.86331064254045 2092.507424853742 73.50933886319399 94.74678867310286 449.7990713901818 132.4821446761489 8447.429022863507 1429.497737973928 19.17474041506648 259.2828738391399 9.743843510746956 130.4962325878441 1763.979366771877 2048.560540504754 8.185519799590111 4.121812701225281 2.986563049256802 770.9554403275251 425.9991261661053 5375.945034973323 150.3797001764178 9707.36741065979 95.18632576614618 17.96128556877375 1089.174755964428 7475.644161589444 152.364438008517 331.9130665808916 2.353825837373734 12.75643218308687 38.31143640726805 189.5442426875234 45.94470721483231 1336.160915888846 64.58854638040066 328.3650653511286 113.5599013268948 1026.567236863077 40.69146919995546 3.607268422842026 13.21311844140291 8.300007827579975 11.17904734611511 5.562834836542606 173.0955920219421 1.754598423838615 3.797797754406929 461.9103878438473 56.162134680897 723.1719276979566 85.21396527439356 1.089605890214443 139.8924320861697 1.082596927881241 42.3817055746913 27.36753535270691 621.5133106335998 3.00567602366209 0.3844612538814545 1.381563328206539 285.6218874305487 327.6261126250029 220.7816938310862 197.9568073451519 3476.513926409185 1.014713309705257 7.716073341667652 91.90407135337591 3567.055373959243 61.63379570841789 462.2634074576199 0.181963749229908 2.191232450306416 5.691022798418999 35.69563523679972 6.989306420087814 421.5397646427155 5.104789294302464 93.96615136414766 27.58406288176775 246.3836489915848 8.712557703256607 5.832199439406395 2.365194246172905
0.1597787588834763 3148.817615352571 4.900136098265648 0 0.3821781799197197 0 0.4204864054918289 1.101339221000671 244.9985300078988 0.1559543833136559 557.2716472819448 0.3721056208014488 3478.568095140159 0.928331695497036 9.063544042408466 18.2129433453083 70.97617910802364 33.74951092153788 85.33323727548122 0.1805917322635651 3.718730859458447 963.819742821157 5.358807109296322 95.18632576614618 573.5693139880896 445.9494979679585 2873.531957186759 3.345298059284687 0.2521909475326538 0.3933988735079765 302.145437836647 1.38391287624836 0.108413927257061 806.2061121016741 0.8417733311653137 118.5081103518605 574.3502590507269 259.8830476105213 99.2700944468379 7.877333886921406 12.60357400774956 665.8924771025777 1.834713071584702 0 447.3948239609599 0.7729995995759964 0 0 0 0.365993857383728 0 5.137246839702129 0.0790901780128479 186.7797755599022 0 1812.332668028772 0 0.1077946648001671 0.1490994542837143 1.682876572012901 38.28473233431578 25.6189161837101 0.06536899507045746 0.1061130315065384 6.371429331600666 1.040505155920982 1.73768138885498 453.3704407736659 759.7947032004595 1873.5892810449 0.1770870462059975 0 0.5836179181933403 169.7714931666851 0 0 36.8096716105938 4.921072483062744 20.04898201674223 199.1923890262842 52.22785760462284 13.82078777253628 0.1657310873270035 0.262397900223732 177.7382061555982 0
70.76413126289845 648.3387804105878 10414.8393051587 0.7246715240180492 3.067856654524803 14.64090203493834 506.3301214948297 107.2231627069414 15.3901079595089 44.07260763645172 2276.314300633967 23.53751452639699 323.7340107262135 201.973700478673 0.9909051582217216 8.203104473650455 3765.736020177603 4036.607431575656 7553.60657409206 12.5333004295826 301.4689933359623 31.52584725618362 1829.223962526768 17.96128556877375 445.9494979679585 26030.01558959112 11596.79644465446 97.57942566648126 75.26399794965982 307.8013955280185 521.487434387207 34.22796436399221 1.559452183544636 2653.162262924016 19.05857308954 2605.099135942757 4550.41394007206 3403.864152655005 862.9096731022 72.06578456610441 6.132246628403664 29.36548665165901 8.185119800269604 0.1599699556827545 428.5443189889193 8.006408415734768 0 0 0.2514060288667679 4.747796006500721 0.9777142554521561 5.645719610154629 0 154.823658823967 0.2453494518995285 682.7353769615293 2.19774454087019 0 2.044415086507797 18.76098239421844 159.9807726293802 153.8707013428211 0.1481711566448212 2.271752499043941 7.602359160780907 3.054269149899483 5.778696298599243 616.7494834661484 3344.192093409598 4440.211935684085 4.625108994543552 0.9753208309412003 7.045671500265598 216.5849752426147 0.180917039513588 0 22.15270545333624 7.887365117669106 58.93748801201582 97.66044002771378 67.57467547804117 18.60414747148752 0.4458184391260147 0.09431031346321106 8.60004298388958 0
43.27143609151244 6373.143008336425 5162.50501973927 0.3686983585357666 2.232504770159721 6.123492576181889 270.1713446676731 58.67338163778186 615.9919717237353 20.641039095819 582.5564869269729 8.418650221079588 3877.419229201972 119.5887772627175 26.29376263916492 4311.565713994205 4356.75331504643 634.2407004237175 1460.024892687798 4.542664915323257 1869.970222491771 3892.308251455426 12067.39409516752 1089.174755964428 2873.531957186759 11596.79644465446 30843.4374384284 1541.107120491564 41.71242965757847 137.0094010531902 1242.48339869827 10.79343554377556 2.768388997763395 3100.086122855544 162.3596190139651 6483.153518229723 5425.868448629975 5485.894630271941 1514.039067752659 364.8922605514526 25.36251889914274 64.72142417728901 40.19076354056597 2.167353384196758 3149.960322462022 727.4878017902374 0.5305874645709991 0 0 169.3061182722449 11.37083231657743 41.80943665653467 3.699354887008667 153.7462261840701 0.3496672809123993 632.6243034303188 24.15857715159655 0.4411789029836655 746.7954657748342 230.2216231524944 232.5379798188806 218.775829538703 0.1803441271185875 45.11136212199926 1835.55037984997 927.5299412831664 138.1160725429654 877.6948826014996 6058.306082181633 17120.5405562222 94.71206165850163 3.488944575190544 22.37184335291386 180.5709546282887 0.5459799990057945 0 109.3886745646596 117.0034652873874 372.5936707854271 249.4617299064994 281.7709491699934 140.2746976539493 10.07761736214161 1.784516282379627 37.43505615741014 1.71163272112608
80.48616492003202 13.35833469778299 509.5186414793134 3743.773935332894 7.123471349477768 522.5678123980761 11425.05826914683 444.9529659748077 1365.15966437757 2689.377358958125 26.45408457890153 128.4930594563484 2.513119742274284 466.5784362778068 82.03973386436701 2812.592727601528 102.3107546046376 13.30686828121543 36.07978657633066 2791.98474662751 3299.026864364743 533.2142323702574 2972.874404162169 7475.644161589444 3.345298059284687 97.57942566648126 1541.107120491564 14542.28968735784 880.8340756185353 7887.205976612866 0.4752780422568321 19.80186872556806 307.0278020277619 972.4376980029047 267.5738842710853 6114.600001059473 259.1668480709195 2025.902871277183 930.6393469981849 550.6789953112602 124.4312306642532 8.278888121247292 60.3815851137042 13.13017743080854 5.458524659276009 11.95637398958206 126.9820751547813 1.292151108384132 4.419716037809849 514.968555867672 61.75474094972014 321.924860842526 73.43357540667057 1.305308625102043 80.15319816023111 0.4252744540572166 59.54359857738018 15.87781185656786 656.8192149251699 3.045270040631294 1.013750568032265 1.644960433244705 223.177267357707 485.5173674821854 141.1809568405151 208.2249141335487 2844.217479713261 0 6.972690649330616 121.6399911046028 3730.898199811578 86.0889591127634 740.9432125240564 0.09301140904426575 2.075667895376682 8.290360108017921 43.59718068689108 21.56325995922089 562.5861782133579 6.203502215445042 97.43908169865608 31.61143258213997 294.1056228131056 9.502498388290405 31.0660992115736 1.74862477183342
