555.6424093544483 0.4203027635812759 65.43705316632986 4.739206299185753 3.750230647623539 50.97201503440738 2795.062339216471 1872.072412319481 0.1758407205343246 61.72492349147797 51.64989628270268 2.955020196735859 8.34614073485136 6593.736919347197 0 0.9373287260532379 161.6913057938218 15.48051577061415 44.11079611629248 8.209201112389565 52.1664707660675 0.875226154923439 163.0163759738207 17.08276753872633 0 103.0099526382983 20.42379789799452 124.8132588267326 1716.036548551172 4080.948710910976 1.242422714829445 71.75157263875008 59.27003002166748 445.1912613548338 7.612883970141411 166.8103243857622 15.58650270104408 438.5504523403943 94.29905470833182 4.528492629528046 6.071113385260105 0.6928483098745346 1.383359894156456 0 0.2162807136774063 0.3810074329376221 0 0 0 2.283390484750271 0 1.371514141559601 0.210010290145874 0 0 0 0.1526968032121658 0 1.503544859588146 0.1072663366794586 0 0 0.4235697090625763 0.4124165773391724 0.3920776396989822 0.4517721682786942 6.630385540425777 0.07473621517419815 1.509183011949062 3.677678592503071 11.17054233700037 0.1049870550632477 0.790118895471096 0 0 0 0 0.4043255597352982 2.455736488103867 0.1001265048980713 0.3596055805683136 0.2000019624829292 2.247484058141708 0 0.3812486976385117 0
0.4203027635812759 279.0564616322517 132.5126888304949 0 1.515567123889923 0 1.451680324971676 0.7756090983748436 799.5745876133442 0 17.96810039877892 0.2686810567975044 347.0282510071993 1.291239947080612 8.674409471452236 589.1274004802108 505.5241864472628 2.641786433756351 156.1043194681406 0.1873477101325989 22.75259242206812 1808.843232102692 98.49229537695646 187.7146910056472 1869.46404838562 634.6660102829337 6912.559001140296 43.41575821489096 1.020777173340321 3.190242938697338 3.825223967432976 0.1340716928243637 0 69.57963883876801 1.288492634892464 132.1981236487627 167.1925185844302 172.826249986887 21.16261944919825 39.86876267939806 0.3097831234335899 38.29265746474266 0.4533325284719467 0 90.83821840584278 45.33536417782307 0 0 0 0.9172573760151863 0.0914640799164772 1.65108934044838 0.2487063407897949 1.194599978625774 0 12.9966769143939 0.2392492890357971 0 7.062440656125546 33.11460516601801 5.295367494225502 6.019524864852428 0.1289585530757904 0.2885557860136032 37.45544756948948 6.151530466973782 1.480732172727585 74.38465259969234 257.8312945067883 1035.385714225471 1.217917732894421 0.09989526867866516 1.042239919304848 5.364602297544479 0 0 8.636431761085987 0 26.39114286750555 9.47652006149292 14.56402435153723 3.470363453030586 0 0.2670782506465912 1.447557136416435 0.1891836524009705
65.43705316632986 132.5126888304949 6013.657112337649 0.3103726729750633 0.1030782982707024 4.309934876859188 469.7752915620804 83.36479663848877 3.450140610337257 15.12952172756195 36.88999965041876 0.271186076104641 46.49863737076521 132.1087573170662 0.6799840927124023 13.17042718082666 3819.882107637823 49.95652648806572 140.9708079025149 0.1876770704984665 1645.144090056419 186.779575034976 12195.02429646254 5.314317367970943 3.602738656103611 7514.832880958915 4418.851128436625 235.7485494166613 24.06935592740774 829.7744210362434 8.688904464244843 1.462439455091953 1.610559806227684 637.2580052018166 7.744556002318859 1503.020355299115 3279.772886380553 1393.712900437415 266.0073608756065 60.55949265509844 6.5833875015378 6.870291844010353 6.580177091062069 1.018695868551731 246.186024621129 685.482507057488 0 0 0.168092355132103 11.79318821430206 1.407996222376823 0.4237882643938065 0.3582305237650871 1.632972531020641 0 2.843430608510971 2.041046738624573 0 14.23664955049753 223.5936841368675 1.412718549370766 29.31240340322256 0 7.277969837188721 264.1567519456148 60.90289563685656 9.32072639465332 2.465149030089378 730.2203405350447 2466.536481797695 15.35360667109489 0.2651148438453674 11.27529157698154 0.7898717671632767 0 0.09360895305871964 35.49938198924065 3.853134594857693 157.0817439481616 53.7388848438859 98.14919805526733 34.07837376743555 1.560041189193726 0.4749757051467896 0.6976924017071724 1.202180549502373
4.739206299185753 0 0.3103726729750633 1822.838862322271 11.53199356794357 165.513144813478 45.85381127893925 78.81696628034115 1015.770932503045 3904.036958873272 5.779175296425819 759.473441105336 1.201091852039099 31.99673407524824 119.0516141057014 0 0 1.302769780158997 0.8137897774577141 3598.005104616284 1.186968117952347 0 0.6088603585958481 2335.469324328005 0.1677067652344704 3.669652830809355 0.5635127052664757 3839.006779156625 26.05587059259415 3.775349333882332 0.0665108785033226 4.721530839800835 0.788333848118782 37.36632154509425 5.002211377024651 105.9906900301576 2.725286439061165 77.19192447513342 35.02242068201303 207.7480820044875 5.698801778256893 0.3670447692275047 1.909506767988205 0.285732813179493 1.434712402522564 0 48.00162889808416 0.4170086085796356 8.484472177922726 62.70873511582613 6.843661427497864 53.93951390683651 31.75311368703842 0.1441415175795555 169.9948915988207 0 4.895000725984573 3.788784340023994 0.2112237140536308 0 0 0 133.1887360215187 0 6.833287738263607 0 372.6801528334618 0.3917050659656525 0.2697455957531929 0.3515206873416901 283.0871110782027 1.625273019075394 0.5816787406802177 0 0.106004498898983 0.187343955039978 2.31934268027544 0.2370679974555969 18.19787026941776 0 4.16812951117754 0.2650076672434807 59.51062301546335 0.3673549219965935 0 0
3.750230647623539 1.515567123889923 0.1030782982707024 11.53199356794357 36.46405642479658 741.6953184008598 11.79311206191778 53.01186238229275 148.572507366538 19.46328379958868 29.41568942368031 162.7351964190602 21.01938728243113 5.666893295943737 1213.953343592584 0.4368009343743324 0.08841260522603989 1.042381949722767 0 39.5844769179821 1.07719162106514 6.228486433625221 0.3929711282253265 128.854840785265 0.529530942440033 2.046177186071873 1.667022548615932 15.82914872467518 1.78570368885994 2.039987936615944 0.5932226926088333 19.99212547391653 0 483.0036889612675 1.223363369703293 128.0140945166349 6.289337888360023 386.3550901189446 269.2425866574049 2822.885631427169 136.498304143548 12.61588072776794 1.558109670877457 0 0 0 0.9674148634076118 0 0 0.7990077286958694 0.09888680279254913 0 0.3648066520690918 0 2.454580828547478 0 0.2637375295162201 1.065343484282494 0.1822549998760223 0 0 0 1.185091115534306 0.1744091361761093 0 0.09915288537740707 3.697561174631119 0 0 0 4.997178547084332 0 0.297454833984375 0 0 0 0 0.4575333595275879 4.970883563160896 0 0 0.2957949340343475 8.448436096310616 0.5837917923927307 0.4320110380649567 0
50.97201503440738 0 4.309934876859188 165.513144813478 741.6953184008598 5199.624404493719 1511.01341630891 3322.264089558274 182.0231535956264 9398.215818196535 58.60453255102038 5509.840703863651 21.44045152142644 339.3958473578095 1246.090680345893 0.1174352988600731 3.471114777028561 9.200758051127195 3.314320683479309 2524.628767106682 4.491686247289181 0.2820880115032196 4.06278558075428 196.6701083406806 0.5500098913908005 18.6772914044559 3.731612175703049 399.2363131716847 85.09968432784081 39.93663290515542 1.277881644666195 374.0579078681767 1.081132136285305 439.9990119338036 3.960408963263035 469.7102414593101 13.23160135746002 319.8266966640949 167.2548691146076 1728.665687344968 77.23433102667332 10.19633962213993 2.637679427862167 0 0.08642931282520294 0 10.32358310371637 0.214142695069313 0 12.63602679222822 3.454019278287888 6.268961250782013 2.669453255832195 0 25.92588291317225 0 1.436478763818741 7.553644090890884 0.1149342730641365 0 0 0 21.75772158801556 0.3436381220817566 0.6821615546941757 0.09582711011171341 56.56706445664167 0.06944753974676132 0.232087105512619 0.6367486715316772 56.32886701822281 0.4052187278866768 0.7339027225971222 0 0 0 1.484855599701405 0.1184324696660042 32.27803760021925 0.3013677000999451 1.601185359060764 0 93.56611853837967 0 2.28285339474678 0.1702496856451035
2795.062339216471 1.451680324971676 469.7752915620804 45.85381127893925 11.79311206191778 1511.01341630891 12225.19922973216 4992.250185910612 58.99428625404835 7896.540675543249 70.22223227098584 15.20481990650296 26.25936306267977 6076.079684592783 10.83554200828075 1.866229757666588 113.228244818747 21.94864315167069 35.63285234943032 60.43902092054486 197.4647842943668 3.387855589389801 292.0033126994967 327.6742055155337 0.2901072576642036 235.6860122084618 53.02057271823287 10826.6249579452 1453.040710549802 7453.150070559233 3.070709269493818 84.3829817995429 52.97526586800814 773.5948411226273 96.707404486835 2162.930624466389 77.67275254428387 1636.511669170111 712.3028998412192 281.4232449270785 94.52963665127754 7.752814866602421 36.2330484688282 1.336391493678093 0.9052477069199085 3.99052456766367 12.27186994254589 0.3259649574756622 1.004051961004734 86.16451670974493 9.645189747214317 39.58590794354677 6.329403795301914 0.2924319207668304 0.6900142729282379 0.06094998493790627 11.69759277999401 2.025302022695541 10.90398305654526 1.694049343466759 0.07009591162204742 0.7354319617152214 15.43007246404886 7.438090570271015 8.864037096500397 5.562733568251133 279.3378696590662 0.2739364430308342 6.029746197164059 14.93493989855051 394.4693171083927 7.294456109404564 31.03278734534979 0.07853718101978302 0 0.2769035622477531 13.13541711866856 2.903527639806271 78.97745537757874 0.7377326637506485 16.26657655835152 6.027293615043163 55.81986322253942 0.2343800216913223 3.745243325829506 0.1264177858829498
1872.072412319481 0.7756090983748436 83.36479663848877 78.81696628034115 53.01186238229275 3322.264089558274 4992.250185910612 4621.396335855126 4.96090641617775 4929.362044606358 72.88066916912794 784.1003915145993 19.32321878895164 4960.785820178688 66.92424715310335 0.2489072158932686 156.5481593087316 16.69924350827932 56.49726615101099 800.7946381643414 43.35587651282549 0.3568648919463158 132.8745509274304 132.4691203385592 0.4010923653841019 133.7372697629035 20.41076321154833 561.8233494274318 468.9906843602657 1397.292698446661 1.775811459869146 243.952020984143 9.526662413030863 629.4627377614379 13.75648999214172 445.5572881065309 34.08453471958637 498.483725130558 193.0818437971175 272.4266004264355 31.60655792802572 7.892572216689587 5.709669128060341 0.5522728711366653 0.3750201314687729 0.7888869196176529 1.369934611022472 0 0.1679717451334 23.05468410253525 2.715740993618965 5.961498759686947 0.8905905485153198 0.07353613525629044 1.703724525868893 0 2.763731859624386 0 1.356421791017056 0.2095714956521988 0 0.09272665530443192 4.688509784638882 0.5253046154975891 1.744711324572563 0.1793674677610397 48.80591777712107 0.06586439907550812 1.462125904858112 3.926974013447762 70.9814789518714 0.9584814757108688 6.255078814923763 0 0.1343179047107697 0.1822339296340942 0.8895880728960037 0.3644718453288078 16.17155112326145 0.1052993014454842 2.573073290288448 0.7531638070940971 9.178174115717411 0 0 0
0.1758407205343246 799.5745876133442 3.450140610337257 1015.770932503045 148.572507366538 182.0231535956264 58.99428625404835 4.96090641617775 364.0733164474368 177.8013304322958 4.118056371808052 300.0700546354055 47.21930967271328 2.036817282438278 574.2291917577386 130.6858924627304 0.8162104561924934 0.1019667014479637 0 171.4311300367117 15.82446539402008 3180.601718962193 10.90259695798159 7314.555570617318 429.2374937981367 3.568899087607861 191.3910267576575 1308.558583527803 2.291396543383598 6.378748558461666 0.9511672034859657 2.608850687742233 0 6.413190022110939 0.2138376235961914 25.27046055346727 2.436464756727219 11.57524187117815 3.186999201774597 618.9361605122685 3.385726012289524 2.571304127573967 0.8717855289578438 0.8114699646830559 2.294440343976021 1.012119315564632 210.4980809986591 2.974538944661617 3.220046490430832 82.77005411684513 7.534455291926861 52.37441862374544 18.44780849665403 0.09699907898902893 144.3631779849529 0.9346809536218643 6.861850634217262 22.7506507486105 149.9272789806128 0.3690645024180412 0.3664683289825916 0.0822393074631691 260.7869408428669 56.88000483810902 43.58795285224915 25.14412596821785 1199.160951070487 2.570320568978786 2.413709707558155 6.775254271924496 633.3246933370829 5.052977435290813 50.3066685795784 0.4052202999591827 0.4231002554297447 0.6166716068983078 3.079767495393753 0.1756786108016968 25.45037979632616 0.5018674433231354 6.007156655192375 1.801770456135273 82.47196529060602 0.1659921109676361 1.812309980392456 0.1316374987363815
61.72492349147797 0 15.12952172756195 3904.036958873272 19.46328379958868 9398.215818196535 7896.540675543249 4929.362044606358 177.8013304322958 30815.45502072945 86.15491284057498 5514.606231123209 25.31598988547921 709.2383492253721 49.00721592456102 0.1206911355257034 4.189467914402485 19.03022115305066 6.896344888955355 9165.763411059976 8.746261917054653 0.2142306640744209 7.797807492315769 1132.300888977945 0.3663262501358986 48.32539250329137 11.16494768485427 1675.827776078135 175.9334351196885 60.88223381340504 3.357448343187571 81.26301728188992 3.969485752284527 383.4871795997024 18.28515189141035 484.1788212433457 23.84107571840286 815.2544435970485 259.8362389951944 257.7720699086785 62.94867120683193 3.1598831564188 12.40470863133669 0.07964037358760834 0.2305611744523048 0.2441035285592079 70.94730179011822 0.2173258513212204 0.8992488011717796 31.90985706448555 6.697044812142849 26.22269738465548 6.233397595584393 0.110744521021843 12.35006830841303 0.07077151536941528 3.653741329908371 3.494408413767815 0.2047804296016693 0 0 0 43.74736757576466 0 0.3987720236182213 0.1414058804512024 156.779226988554 0 0.1715692132711411 0.1786949709057808 141.4567221775651 0.7038889825344086 0.4851346462965012 0 0 0.2142282351851463 1.109814412891865 1.18032118678093 10.97956892848015 0 1.91586247086525 0.5324624851346016 41.94408597052097 0.1401631832122803 0.4302667379379272 0.105620838701725
51.64989628270268 17.96810039877892 36.88999965041876 5.779175296425819 29.41568942368031 58.60453255102038 70.22223227098584 72.88066916912794 4.118056371808052 86.15491284057498 9024.220812536776 41.87911597639322 2084.450348109007 98.6871920414269 0.8467317894101143 2.481538943946362 142.1035061478615 2775.227218933403 577.7351723834872 69.97372717782855 14.03135140240192 9.811526030302048 31.73795035108924 24.96134676039219 213.5610064715147 2921.821220614016 306.6500602290034 33.33198263496161 88.68930955976248 34.64773605391383 253.1116577535868 175.8470895439386 1.964780382812023 4331.379349023104 3.271963089704514 506.3793471716344 3632.46029766649 4553.313820928335 921.4836317971349 54.94462798535824 36.07217738032341 505.1230176538229 2.488749414682388 0 19.57754531502724 1.586698852479458 0 0 0 0.6509009003639221 0.06731902062892914 0.9893751218914986 0 62.07995631545782 0 415.490064099431 0.07605946809053421 0 0.0914909616112709 0.3528744727373123 10.66897285729647 1.170162051916122 0.2836621701717377 0.2024820297956467 1.848351858556271 0.276860736310482 3.941841151565313 109.7382891327143 57.87745075672865 137.3402680233121 8.369871072471142 0.06421623378992081 1.005932033061981 94.96076015383005 0 0 17.35041326284409 2.670665249228477 8.124392002820969 201.8927165195346 33.9949806779623 1.606085382401943 0.5274558588862419 1.531798601150513 90.04004396498203 0
2.955020196735859 0.2686810567975044 0.271186076104641 759.473441105336 162.7351964190602 5509.840703863651 15.20481990650296 784.1003915145993 300.0700546354055 5514.606231123209 41.87911597639322 6140.474756829441 13.36971213296056 114.6217573620379 1345.825898543 1.169324159622192 0.491025909781456 8.605327688157558 2.345142886042595 6103.224736656994 0.156964935362339 0.5557824969291687 0.491143636405468 224.0579918920994 0.2052799835801125 18.50903537869453 3.734743677079678 202.3033280223608 48.8479387126863 1.493682362139225 1.721331894397736 96.38279967010021 0 147.0201553925872 0.7446877509355545 262.2625700682402 4.91140117123723 176.4549186676741 33.37157143652439 686.9931992962956 14.30334957689047 0.8596023470163345 0.5558127984404564 0 0 0.1736336722970009 66.5322557091713 1.317990601062775 3.616734378039837 32.34657867252827 3.504668511450291 22.47672241181135 23.78218760341406 0.2101200968027115 153.9491370767355 0 1.041214063763618 15.40110948681831 0 0 0.1105248406529427 0 78.01813070476055 0 0 0 160.6453992500901 0 0.1922608390450478 0.1420663073658943 146.0939631834626 0.0791749432682991 0 0 0.09048541635274887 0.1698626130819321 0.9399116635322571 0 46.64041716605425 0.2553294226527214 1.220729477703571 0.1814771145582199 175.8279509395361 0 0.1668161302804947 0.3515772819519043
8.34614073485136 347.0282510071993 46.49863737076521 1.201091852039099 21.01938728243113 21.44045152142644 26.25936306267977 19.32321878895164 47.21930967271328 25.31598988547921 2084.450348109007 13.36971213296056 2459.414362505078 19.06319613009691 5.236674323678017 27.54729545861483 15.32859979197383 157.3954914584756 16.47641851752996 19.15083960816264 13.40295451879501 85.49606263637543 26.5566528365016 22.3010563775897 3021.197405964136 920.7606828324497 4765.931897811592 32.27917156368494 14.6253488175571 14.72202344238758 1641.872436568141 39.71378707140684 0.2842393144965172 1054.614856258035 72.365981310606 2242.002230502665 6214.189672209322 5547.397165045142 1280.09033568576 162.7809737250209 364.1527571678162 567.1840900927782 34.53723467886448 0 140.5531392619014 0.52782092243433 0.1182509735226631 0 0 3.822799734771252 0.8538718074560165 0.9286136329174042 0.08494823426008224 396.2851949855685 0.2734182551503181 2364.299299508333 0.4362086057662964 0 0.5572627708315849 0.7190784513950348 49.81220107525587 9.510279297828674 0.100306898355484 0 10.90501254796982 0.8444637060165405 5.280584998428822 935.7209637612104 320.4292283505201 683.0129093825817 6.398891597986221 0.100892536342144 2.095904529094696 422.0017577111721 0 0 106.0935588628054 23.54772636294365 211.8264399692416 911.5372930839658 166.7031391710043 8.592189356684685 13.02288926392794 3.674289107322693 449.0596327409148 5.145103201270103
6593.736919347197 1.291239947080612 132.1087573170662 31.99673407524824 5.666893295943737 339.3958473578095 6076.079684592783 4960.785820178688 2.036817282438278 709.2383492253721 98.6871920414269 114.6217573620379 19.06319613009691 6459.984706297517 3.744197905063629 0.7969192788004875 229.5586815848947 23.72615376859903 64.12171497568488 219.7899252548814 49.36390969529748 1.784920141100883 182.1723636910319 81.04601143300533 0.7023011222481728 171.6408829241991 35.12249243631959 406.6041786000133 3931.075776811689 2879.16347585246 2.294767204672098 228.8852572329342 17.2833364084363 731.2956438623369 13.83780437707901 359.3447123020887 27.96219999343157 604.1629236154258 150.1601880937815 49.17626184225082 12.80917266011238 4.329189285635948 3.655558921396732 0.1079550832509995 0.6485180109739304 2.140014305710793 0.4951182156801224 0 0.4800233244895935 13.03721997141838 0.5791655853390694 7.462724752724171 0.4203051701188087 0 0.4841514304280281 0 2.106882020831108 0 2.024660639464855 0.3390715271234512 0.1711755841970444 0.3187213316559792 2.322576783597469 1.431897833943367 1.449265174567699 0.5018363296985626 35.11614827439189 0 1.885309010744095 7.151530578732491 48.15164817869663 0.3806426525115967 2.714513145387173 0.0795026421546936 0 0.4921446591615677 0.3799915835261345 0.7499892860651016 10.60838986188173 0.2956870719790459 1.88065180182457 0.1052442044019699 6.617097720503807 0 1.10761022567749 0.19523024559021
0 8.674409471452236 0.6799840927124023 119.0516141057014 1213.953343592584 1246.090680345893 10.83554200828075 66.92424715310335 574.2291917577386 49.00721592456102 0.8467317894101143 1345.825898543 5.236674323678017 3.744197905063629 171.2315812706947 1.732890091836452 0.1572872251272202 0.2158774733543396 0 126.402884863317 4.835697799921036 31.84298803657293 5.516151949763298 1070.441205695271 3.79860370606184 0.6044745296239853 4.315484568476677 70.12771898508072 2.540574133396149 4.188305020332336 0 146.5172073468566 0 7.579597726464272 2.760809347033501 493.1230079680681 26.55581983923912 15.3569812849164 33.00335820019245 1024.178863182664 67.58393560349941 5.756911396980286 0.1345459222793579 0 0 0 11.61830672621727 0.3649054169654846 0.6976542174816132 10.74950528144836 1.766108632087708 6.711887687444687 1.340192571282387 0 24.95021787285805 0 3.31079874932766 6.112515389919281 0.1227488219738007 0 0 0 33.11119349300861 0 0.5159202963113785 0.3052803725004196 36.30859219282866 0 0 0 31.81376004964113 0 0.1350653767585754 0 0 0 0.09381767362356186 8.61489038169384 100.290013089776 0 0.503395639359951 3.001926422119141 103.8207985311747 0 0 0
0.9373287260532379 589.1274004802108 13.17042718082666 0 0.4368009343743324 0.1174352988600731 1.866229757666588 0.2489072158932686 130.6858924627304 0.1206911355257034 2.481538943946362 1.169324159622192 27.54729545861483 0.7969192788004875 1.732890091836452 3250.376886337996 6.975481681525707 0.1958415061235428 1.1459701359272 0 2628.65470905602 2095.046442463994 3213.289659492671 1618.467045374215 229.3356381952763 8.754326991736889 4765.471187084913 2053.399653494358 3.972527801990509 22.56677631288767 0.6460375338792801 0.1309748888015747 0 34.25871993601322 21.79184917360544 1133.407133534551 264.2558625414968 236.5944410711527 149.0424341782928 39.84107683598995 0.6782778799533844 3.581915646791458 2.700059667229652 0 9.122016325592995 18.93323600292206 0 0 0 6.930888570845127 0.4875333234667778 5.455777384340763 0.2770397216081619 0 0.117144763469696 0.4351352527737617 0.09341099858283997 0 1839.276396200061 2.604944750666618 0.1062977090477943 0.1897605285048485 0.7176565527915955 330.7084708437324 793.7816844061017 992.433603964746 132.9723145440221 1.270898342132568 4.378195360302925 161.4620418176055 106.3142705261707 0.8676336407661438 127.526580311358 0.2185511738061905 0 0.1164176464080811 4.154992066323757 2.456730648875237 94.23251209408045 6.73974284529686 15.91184438765049 21.8900979757309 3.385722413659096 0.6206121072173119 0.253089427947998 0
161.6913057938218 505.5241864472628 3819.882107637823 0 0.08841260522603989 3.471114777028561 113.228244818747 156.5481593087316 0.8162104561924934 4.189467914402485 142.1035061478615 0.491025909781456 15.32859979197383 229.5586815848947 0.1572872251272202 6.975481681525707 2095.432226411998 175.647911451757 3608.187821410596 1.042703181505203 826.3678199499846 7.423561178147793 4183.430350132287 1.018700942397118 83.15878742933273 4961.570021986961 3963.123471088707 88.65051714330912 141.4451381489635 1289.809603966773 2.473848290741444 3.034860834479332 9.047544427216053 1237.57675954327 3.242613919079304 205.1327553838491 956.9481789320707 610.120679192245 56.8174823820591 7.043460100889206 0.6826210394501686 5.806591279804707 1.505379505455494 0.4441528841853142 210.3851503506303 48.38727860152721 0 0 0 3.902863450348377 0.8920523151755333 0.2603772878646851 0.1274208426475525 1.308739520609379 0 3.573320724070072 1.023488752543926 0 1.817862637341022 74.15501557290554 2.739750690758228 50.23808778822422 0 1.142716608941555 10.25697851926088 6.359791822731495 1.591383546590805 11.41481603682041 801.6283241733909 1223.54434993118 2.307857073843479 0.121901199221611 2.210262842476368 1.341828785836697 0 0 17.41310752928257 1.018338158726692 37.39929654449224 29.72374092042446 30.03293746709824 9.219159342348576 0.4770891442894936 0.2278072088956833 0 0.1595376133918762
15.48051577061415 2.641786433756351 49.95652648806572 1.302769780158997 1.042381949722767 9.200758051127195 21.94864315167069 16.69924350827932 0.1019667014479637 19.03022115305066 2775.227218933403 8.605327688157558 157.3954914584756 23.72615376859903 0.2158774733543396 0.1958415061235428 175.647911451757 759.7574163898826 1530.56926368922 16.57481415942311 24.59340339899063 0.7337536066770554 53.86975852400064 3.902005568146706 14.13443975150585 2962.348036248237 572.0305211693048 9.01037336140871 18.85739756003022 34.36720632761717 57.76761507242918 14.49507149681449 0.960808053612709 1305.292708858848 0.9198295697569847 351.8828865736723 630.4374998211861 1336.175571806729 188.512051589787 21.45520625263453 0.5870259702205658 0.8848297595977783 1.064923852682114 0 4.857518881559372 0.3088117390871048 0 0 0 0.1605548560619354 0.07113523036241531 0.1453302055597305 0 17.08554954081774 0 99.16006793826818 0.06858958303928375 0 0.3762648403644562 0.1071821674704552 20.51776138693094 2.659715138375759 0 0 0.9563377425074577 0.4104700461030006 1.061284646391869 58.13614469766617 83.49680896103382 168.7386500015855 0.7868748232722282 0 0 48.50310087203979 0 0.09733089804649353 0.6810659021139145 0.6194465905427933 5.929450206458569 2.677838698029518 2.316490091383457 0.3456590324640274 0 0 0 0
44.11079611629248 156.1043194681406 140.9708079025149 0.8137897774577141 0 3.314320683479309 35.63285234943032 56.49726615101099 0 6.896344888955355 577.7351723834872 2.345142886042595 16.47641851752996 64.12171497568488 0 1.1459701359272 3608.187821410596 1530.56926368922 1739.411561369896 5.078684151172638 147.2200875915587 1.012899532914162 391.3619853779674 2.823976442217827 233.0555357113481 5465.699629724026 708.3531665429473 28.46695113554597 37.21960856765509 232.3492813408375 2.810814712196589 5.767244912683964 2.512368224561214 2003.868398763239 1.059524215757847 227.1236708536744 180.7901508435607 1016.258317824453 76.73654033243656 11.84156892448664 0.5194689482450485 0.210466630756855 0.8258093073964119 0.1945052742958069 47.58464859426022 2.29980506002903 0 0 0 0.2897924259305 0 0 0 3.164104461669922 0 12.84652548283339 0 0 0.7933985441923141 2.668981395661831 11.0836991071701 9.79961521178484 0 0.3307047784328461 1.33782821893692 0.2079629749059677 0.4072128459811211 27.71143105626106 149.1176307424903 213.0156256556511 0.62558663636446 0.1039921566843987 0.5734592080116272 7.042855262756348 0 0 0.7399779707193375 0.4460978657007217 4.048395670950413 2.729651689529419 3.677269198000431 0.2323189750313759 0 0 0.09349427372217178 0
8.209201112389565 0.1873477101325989 0.1876770704984665 3598.005104616284 39.5844769179821 2524.628767106682 60.43902092054486 800.7946381643414 171.4311300367117 9165.763411059976 69.97372717782855 6103.224736656994 19.15083960816264 219.7899252548814 126.402884863317 0 1.042703181505203 16.57481415942311 5.078684151172638 1649.433962106705 1.151418134570122 0.1081312000751495 1.330440185964108 684.9111513644457 0.3209073767066002 34.77477748692036 6.364756442606449 4749.585340507329 84.68025552108884 3.740850083529949 2.519943717867136 69.54675686731935 0.814807802438736 243.3423684388399 3.326689891517162 186.7718523144722 14.93542315065861 382.4557869955897 112.7765988893807 222.8665070310235 25.49369325488806 4.215017288923264 3.978183373808861 0 0 0 32.42391923069954 0.1048527806997299 0.2345940992236137 27.7450654655695 2.525047108530998 15.54192241281271 10.42314156144857 0 59.62629645317793 0.1389966607093811 2.243750542402267 1.919703975319862 0.3992669284343719 0 0 0.08433795720338821 33.97711076587439 0 0.1619337052106857 0 98.58359560370445 0 0.08624377101659775 0.2111455276608467 86.33713221549988 0.1492790728807449 0 0.06522210687398911 0 0 0.8050351664423943 0 14.09527183324099 0.09018574655056 0.8602528125047684 0 26.84609841555357 0 0.4951420575380325 0
52.1664707660675 22.75259242206812 1645.144090056419 1.186968117952347 1.07719162106514 4.491686247289181 197.4647842943668 43.35587651282549 15.82446539402008 8.746261917054653 14.03135140240192 0.156964935362339 13.40295451879501 49.36390969529748 4.835697799921036 2628.65470905602 826.3678199499846 24.59340339899063 147.2200875915587 1.151418134570122 9695.618757516146 264.2832528799772 19284.19893628359 295.8128751367331 7.461841911077499 531.0288805365562 1869.030730582774 4107.871025905013 110.5028537660837 9514.335220485926 1.431440606713295 2.453550212085247 15.60810603201389 2338.65984326601 191.1576507166028 5636.930371329188 663.6747332513332 4116.94092432037 1803.183375384659 103.8608860000968 8.69452752918005 9.927184700965881 26.52434445172548 0.1484823673963547 7.012692034244537 31.7816020399332 0 0.1072737798094749 0 3.020354941487312 0.1067626997828484 4.734115801751614 0 0 0 0.2034064382314682 1.196065559983253 0.2895566374063492 553.8559707254171 3.601602919399738 0.08149674534797668 0.1874216198921204 0.3250125050544739 282.3335513323545 206.421657115221 266.9149025157094 117.1495072469115 0.6033541113138199 13.93689116835594 145.2837121710181 127.340166926384 0.9340457767248154 160.5517097190022 0.2061081081628799 0 1.283453345298767 3.994529530405998 6.779541149735451 138.0089595466852 4.126381143927574 11.50607281178236 7.066349074244499 6.335915327072144 0.4533834606409073 1.206983357667923 0
0.875226154923439 1808.843232102692 186.779575034976 0 6.228486433625221 0.2820880115032196 3.387855589389801 0.3568648919463158 3180.601718962193 0.2142306640744209 9.811526030302048 0.5557824969291687 85.49606263637543 1.784920141100883 31.84298803657293 2095.046442463994 7.423561178147793 0.7337536066770554 1.012899532914162 0.1081312000751495 264.2832528799772 882.6491729468107 1118.129630416632 1727.098418883979 773.2697893753648 7.332283824682236 2818.896874755621 392.7967310845852 1.531687580049038 10.21556861698627 1.439609192311764 0.06990807503461838 0 50.39799954742193 2.055337592959404 268.3179052174091 61.75773844122887 287.0796377360821 77.66828086972237 183.8709199279547 1.345608562231064 8.954001694917679 2.605582296848297 0.1351146399974823 41.53629856556654 98.22703084349632 3.043585002422333 0 0 6.398156829178333 0.1018953397870064 18.72117277234793 1.077830225229263 0.1043798699975014 0 1.886453956365585 0.8339800164103508 0 1056.051254615188 5.38858288526535 0.2905983552336693 0.400235503911972 0 105.3547451198101 542.4657720178366 497.0821867883205 134.8865872472525 8.044896125793457 5.127199836075306 730.3335274904966 41.05795355886221 0.1002020239830017 29.75814316421747 1.004596903920174 0 0 7.197703443467617 2.128650829195976 70.4584828466177 23.83286130428314 31.23685918748379 25.70498107373714 1.889395326375961 0.1385576277971268 0 0.4427056163549423
163.0163759738207 98.49229537695646 12195.02429646254 0.6088603585958481 0.3929711282253265 4.06278558075428 292.0033126994967 132.8745509274304 10.90259695798159 7.797807492315769 31.73795035108924 0.491143636405468 26.5566528365016 182.1723636910319 5.516151949763298 3213.289659492671 4183.430350132287 53.86975852400064 391.3619853779674 1.330440185964108 19284.19893628359 1118.129630416632 12563.67529606819 361.510977357626 23.28742983937263 1999.554519042373 10971.11587785929 2090.107345990837 178.0128434114158 5125.546474225819 2.328766986727715 3.525170467793941 9.698920033872128 1565.761842042208 261.5489590987563 8675.524904057384 4507.909087225795 5162.933559343219 3017.659481935203 311.7859629243612 24.40749827027321 25.78317365050316 43.45981985330582 1.082485757768154 31.37661521881819 347.8305842801929 0 0 0 35.79673019051552 3.427866339683533 0.4515876844525337 0.7266219854354858 0.6256123185157776 0 0 3.954033330082893 0 1697.043003834784 26.95220444351435 0.2030798494815826 3.606874190270901 0 163.5550793930888 1188.370668545365 1639.920114077628 49.73110800236464 0.128260150551796 63.69568594545126 1692.085466988385 73.33631324023008 0.1753689125180244 58.39937624335289 0.1165138483047485 0 0.2248677462339401 18.23656362295151 30.34776129573584 411.3591720163822 26.70770558714867 80.69907549768686 54.19405537098646 3.142248496413231 0.6618004441261292 0.195670947432518 0.5583072006702423
17.08276753872633 187.7146910056472 5.314317367970943 2335.469324328005 128.854840785265 196.6701083406806 327.6742055155337 132.4691203385592 7314.555570617318 1132.300888977945 24.96134676039219 224.0579918920994 22.3010563775897 81.04601143300533 1070.441205695271 1618.467045374215 1.018700942397118 3.902005568146706 2.823976442217827 684.9111513644457 295.8128751367331 1727.098418883979 361.510977357626 11471.67982187122 82.67720012366772 9.950188543647528 569.8679890185595 8564.998392730951 145.629552051425 62.35726121068001 0.5511450320482254 28.10828650742769 10.17046336829662 156.0245120897889 33.82859104126692 1407.47414752841 52.6321738883853 354.3654742613435 188.5872977748513 1246.224391885102 28.59781246632338 14.95484390854836 6.24623291939497 8.546744428575039 4.217474408447742 4.544191718101501 207.5888554900885 3.682715274393559 7.023702226579189 585.3112674131989 85.15152405947447 841.9368618577719 59.79008697718382 2.946829624474049 105.248239018023 1.827334925532341 91.42286796867847 12.67068100720644 423.7985586896539 2.009182788431644 0.9641065821051598 0.7245353683829308 228.3645661100745 225.9027480706573 320.6238573342562 144.8948035687208 3504.188473448157 0.2068889588117599 4.5715496763587 22.46090352535248 3382.830685473979 56.1640285551548 312.9377480968833 0.9429154396057129 1.598902300000191 8.398327574133873 67.15508347004652 3.394312731921673 481.1113971471786 6.205981820821762 97.23505155369639 37.4612685739994 353.3806430846453 3.989785201847553 13.45756733417511 1.661373361945152
0 1869.46404838562 3.602738656103611 0.1677067652344704 0.529530942440033 0.5500098913908005 0.2901072576642036 0.4010923653841019 429.2374937981367 0.3663262501358986 213.5610064715147 0.2052799835801125 3021.197405964136 0.7023011222481728 3.79860370606184 229.3356381952763 83.15878742933273 14.13443975150585 233.0555357113481 0.3209073767066002 7.461841911077499 773.2697893753648 23.28742983937263 82.67720012366772 653.5834723189473 641.0781698897481 3581.852917514741 20.19180629402399 0.2234484776854515 2.400197923183441 140.2536145672202 0.872005932033062 0 90.67104392498732 2.323895506560802 211.3184854611754 544.5637762621045 315.5451867878437 87.93456947803497 25.38195849210024 51.87072836607695 291.4026521220803 19.3694154471159 0 233.9498324170709 1.374866873025894 0 0 0 0.508859395980835 0.2231020480394363 0.949570819735527 0 107.5216310098767 0.1546007841825485 877.0741226896644 0.3448615893721581 0 2.936876825988293 0.5590184181928635 57.79369069635868 8.4487534314394 0 0.3594369068741798 6.16828989982605 1.09416639059782 0.6183425486087799 555.8289986252785 473.64377271384 984.2518943995237 0 0 0.4654803201556206 156.0513814985752 0 0 70.59270095825195 0.3668462038040161 4.186592571437359 140.0477740839124 72.940065510571 2.892929345369339 0.2734019085764885 0 81.33414540439844 0
103.0099526382983 634.6660102829337 7514.832880958915 3.669652830809355 2.046177186071873 18.6772914044559 235.6860122084618 133.7372697629035 3.568899087607861 48.32539250329137 2921.821220614016 18.50903537869453 920.7606828324497 171.6408829241991 0.6044745296239853 8.754326991736889 4961.570021986961 2962.348036248237 5465.699629724026 34.77477748692036 531.0288805365562 7.332283824682236 1999.554519042373 9.950188543647528 641.0781698897481 20041.6119406037 7074.385288663208 98.57937052845955 86.37535788118839 801.860820684582 1078.999415315688 31.05804052948952 4.584819566458464 2974.641657270491 11.04843851923943 3026.592701911926 4358.296151086688 5426.231581106782 789.6543049030006 173.5932226255536 8.138299755752087 19.50155804306269 11.35435736179352 0.7192428708076477 872.055929325521 15.66546120494604 0.168020635843277 0 0 3.317298829555511 0.196713998913765 3.085497327148914 0.4109399020671844 167.0304075106978 0 843.8659204766154 1.597092427313328 0 2.638277657330036 29.63177240639925 331.9789217039943 226.3697993084788 0.1419280841946602 1.074811995029449 19.48175587505102 5.046914555132389 4.025884810835123 1143.5509410128 3469.650502324104 5471.134338863194 5.090015187859535 0.2660002112388611 3.913215905427933 377.5137197747827 0.1081705465912819 0 22.80598314851522 8.649705618619919 96.25708396732807 104.8047944009304 51.86434674263 9.633942730724812 0.2220000103116035 0.2397895902395248 5.653676331043243 0.4928518384695053
20.42379789799452 6912.559001140296 4418.851128436625 0.5635127052664757 1.667022548615932 3.731612175703049 53.02057271823287 20.41076321154833 191.3910267576575 11.16494768485427 306.6500602290034 3.734743677079678 4765.931897811592 35.12249243631959 4.315484568476677 4765.471187084913 3963.123471088707 572.0305211693048 708.3531665429473 6.364756442606449 1869.030730582774 2818.896874755621 10971.11587785929 569.8679890185595 3581.852917514741 7074.385288663208 34289.58882768452 1041.694174256176 21.39709480106831 148.3301238715649 1195.111344911158 6.320393271744251 2.227944158017635 2175.020590540022 72.12702935189009 5701.008780248463 4747.747927024961 6246.38075510785 1332.166036427021 269.5506475046277 14.25130999833345 41.17882525920868 26.47543548792601 2.248776659369469 3058.026920333505 1394.015878282487 0 0 0.2163973227143288 53.42546836286783 5.985924564301968 3.517598710954189 1.514494828879833 133.0151373520494 0.07972483336925507 844.1065822392702 9.07364309579134 0 510.8191714808345 419.3385663554072 311.204565487802 192.9710956513882 0.4307948723435402 42.75209987908602 2021.515398643911 839.7821169942617 24.36685886979103 1296.149255022407 4146.687168054283 11970.91048327833 49.32832442969084 1.361768171191216 21.8859728127718 408.9124396592379 0 0.1056090816855431 110.486315228045 15.81605990976095 494.6198095232248 223.3059711307287 344.8582201749086 133.340743213892 3.918932266533375 0.5802445113658905 11.67004954814911 1.076705515384674
124.8132588267326 43.41575821489096 235.7485494166613 3839.006779156625 15.82914872467518 399.2363131716847 10826.6249579452 561.8233494274318 1308.558583527803 1675.827776078135 33.33198263496161 202.3033280223608 32.27917156368494 406.6041786000133 70.12771898508072 2053.399653494358 88.65051714330912 9.01037336140871 28.46695113554597 4749.585340507329 4107.871025905013 392.7967310845852 2090.107345990837 8564.998392730951 20.19180629402399 98.57937052845955 1041.694174256176 17208.43866910785 779.7509195581079 7460.609345734119 1.081708762794733 39.88042145594954 124.3987600281835 1137.011436484754 203.0230291858315 6150.303121246397 219.6414205729961 2159.936302006245 1095.555732958019 605.93690957129 86.67552089691162 11.19286691397429 52.30006520450115 12.21453659236431 3.831023581326008 10.91382069140673 77.94949369132519 1.131155721843243 6.53810865432024 548.2908290624619 63.44204316288233 412.8404244557023 43.88098575174809 2.461267605423927 44.49512418359518 4.533355824649334 81.55921592563391 7.697598613798618 713.0128506198525 5.413910999894142 1.585933797061443 0.9579098597168922 137.2449851185083 492.8930290490389 330.0794404521585 189.2392975911498 2817.034693285823 0.1976581066846848 7.047191370278597 44.37968260794878 3052.052355848253 58.21998845785856 664.9898827821016 0.07351713627576828 0.8668468743562698 8.654543273150921 66.00177181512117 7.529123678803444 485.6228902339935 8.384507462382317 100.5985596477985 38.30900859832764 274.6722239106894 6.204381823539734 23.50520176440477 1.163312666118145
