452.9608521610498 0 22.10286276787519 1.807090856134892 0 9.249946817755699 2984.981986016035 902.9778492823243 7.563340082764626 42.63107308745384 12.32716922461987 0.433851882815361 1.493759676814079 4188.465753868222 0.2069810032844543 2.45593635737896 378.2074953243136 7.264911726117134 29.75988574326038 2.083789937198162 67.34109248220921 0.5273182094097137 413.4952638149261 66.74830029904842 0.4179970324039459 19.23690625280142 13.07507098466158 235.008475638926 4235.679591402411 5216.523934982717 0.07738102227449417 6.36944954097271 34.95065721124411 145.3022738397121 1.114252477884293 15.99500929564238 3.378992460668087 130.0813184306026 29.68326534330845 2.317033156752586 1.579247944056988 0 0.6286373138427734 0 0 0.1336433589458466 0.5257365703582764 0 0 1.117510117590427 0 1.445501290261745 0.2894916832447052 0 0 0 0.5893833637237549 0 3.971567489206791 0 0 0 0 0.351030558347702 0.2217588573694229 0 8.634029269218445 0 0.2370957434177399 0.6090532317757607 11.08333192765713 0 0.3524098098278046 0 0 0 0.490759089589119 0 1.545936673879623 0.2333908826112747 0.1198743581771851 0.6093059778213501 1.328221797943115 0 0 0
0 68.54939657449722 55.20285605639219 0 0.2140137851238251 0.2898313403129578 1.708039678633213 0.1842048168182373 323.0341773033142 0.1843149214982986 55.07713857293129 0.4890813156962395 439.5857240408659 0.186589851975441 14.54693621397018 454.9355237782001 21.16805366426706 8.856423422694206 9.340500190854073 0.2475859969854355 5.06223414093256 2077.545922994614 28.60551615804434 850.2417408376932 1382.673964604735 159.3488561585546 7512.866840012372 37.89698880910873 0.8154592961072922 3.909840300679207 32.37074911594391 0.2327923625707626 0.3806724399328232 27.86943413317204 0.2261799424886703 31.07717301696539 121.5585095509887 59.49857398867607 14.03605679422617 23.4707368016243 0.4152728319168091 219.9858579039574 0 0 36.45017766952515 50.48839183151722 0 0 0 1.092593044042587 0 0.2972793728113174 0.1042552664875984 0.2721066474914551 0 2.890854015946388 0.2199713364243507 0 7.824581071734428 4.084186002612114 0.4468003958463669 3.893137849867344 0 0 21.751051440835 11.34903380274773 0.9321531504392624 9.090534538030624 43.23525778949261 241.9690938293934 2.097374953329563 0.1124524101614952 0.1549480855464935 0.5616871938109398 0 0 2.023381799459457 0 8.233425721526146 5.582028582692146 8.115989461541176 0.7076530754566193 0 0 0 0
22.10286276787519 55.20285605639219 9515.748027220368 0 0.4868612289428711 49.08849096298218 1913.156479433179 475.900699287653 6.186729766428471 45.83838339149952 60.86112328618765 0.7909504547715187 15.79236084967852 139.7512270286679 0.491555854678154 165.7936161607504 12833.05746429414 65.86433008313179 727.8610161542892 0.8610823825001717 1232.627376623452 27.91369882971048 12392.78276542574 298.7519866898656 5.720592796802521 6325.702212616801 9669.46458697319 1228.991918839514 69.67116094380617 167.6281081810594 8.46043948829174 4.002599038183689 7.867381140589714 1682.300930328667 75.21041993796825 2709.964549086988 2780.277419298887 4748.125025548041 785.798255816102 174.7843394726515 9.818057805299759 7.282631784677505 22.57071658223867 0.5628838688135147 96.71609450876713 1296.316284239292 0 0 1.033634349703789 14.64478930085897 5.420479267835617 2.716703280806541 0.5903111845254898 5.814290046691895 0 0.5504007488489151 6.051205173134804 0.1472275704145432 49.09355287998915 103.6107674241066 2.544030129909515 39.09467428177595 0 5.845176838338375 81.07363268733025 229.3282445296645 27.49550622701645 5.165414437651634 313.0023535043001 3257.700592018664 18.85230849683285 1.46275419741869 4.935695886611938 0.5734354928135872 0.126859188079834 0.1247193440794945 27.30068915337324 5.265928417444229 100.4589671567082 68.20847099274397 112.8610197454691 34.42492371797562 2.594142556190491 0 1.001947060227394 0.6851398944854736
1.807090856134892 0 0 1940.956997089088 1.330014199018478 47.06396527588367 24.82114498317242 29.68811190873384 182.166360527277 3227.374582290649 7.492082320153713 2109.326706625521 3.872614070773125 16.68908292800188 107.3617471009493 0 0 2.296018145978451 0.2143569067120552 4234.293427526951 0 0 0 1124.443753540516 0.5295888260006905 3.990008890628815 1.411173745989799 4224.734679490328 49.75881212204695 0.7970406040549278 0.3003300204873085 3.174895063042641 1.494924522936344 30.06186942011118 1.254994407296181 70.97790954262018 1.357990004122257 52.58913804590702 10.21069203317165 197.6444647535682 7.836723014712334 0.4794163107872009 3.035979360342026 0 0 0 30.77928561717272 0.1710778176784515 6.662728033959866 35.9677552729845 4.789694249629974 43.12085717171431 41.55225194990635 0.5844017267227173 63.52035348117352 0 1.269563660025597 2.663136765360832 1.678311288356781 0 0 0 11.23869293183088 0 0 0 168.0327541008592 0 0 0.3940936774015427 139.3098064661026 3.836642794311047 0 0 0.6675668582320213 0 3.312174566090107 0 10.06717579811811 0 8.475789926946163 4.911522626876831 19.96630450338125 0.2356224358081818 0 0
0 0.2140137851238251 0.4868612289428711 1.330014199018478 23.5891095250845 501.1818144544959 11.79234682768583 106.4330686703324 45.55101610720158 19.05260474979877 31.55804577469826 78.67693251371384 6.968819797039032 40.35591202229261 700.1805215030909 0 0.6039825081825256 3.576183594763279 1.449837952852249 14.87598042935133 0.2412385195493698 0.4219000861048698 0.6100253611803055 33.00038369745016 0.4460236728191376 4.239871881902218 2.012165322899818 13.88647902756929 850.6744856908917 0.319585807621479 0.7980545982718468 299.709714397788 0 148.3861333057284 1.023319125175476 61.07795618474483 1.897726967930794 138.9411199465394 32.82472445070744 1947.894971832633 44.42115159332752 4.077041178941727 0 0 0 0 0.6461917012929916 0 0 0 0 0.9966666251420975 0.6520228981971741 0 0.1565938144922256 0 0 0 0.1429213285446167 0 0 0 0 0 0 0 3.893211223185062 0 0 0.2864571362733841 2.568095251917839 0 0 0 0 0 0 0 1.068072915077209 0 1.588543653488159 0.7845637649297714 0 0 0.4791323989629745 0
9.249946817755699 0.2898313403129578 49.08849096298218 47.06396527588367 501.1818144544959 11358.73944170773 3127.995977163315 5693.911356054246 45.18397679924965 9378.726254805923 175.2170265763998 2204.752690576017 22.25615398585796 661.9433706514537 1120.017275691032 0.2320435270667076 18.4486440345645 46.07942486554384 16.33517896384001 549.6626644358039 7.578013278543949 0.1404207795858383 50.07397206872702 134.4156192317605 6.005562283098698 48.7191644012928 23.22845819592476 978.102311141789 862.84793452546 40.64319644123316 4.928099349141121 1158.20917841047 2.194219365715981 358.4595864936709 2.320730090141296 263.8718116432428 14.30637732893229 494.5562032833695 115.8898773863912 2324.739363692701 134.5632583126426 7.847567692399025 10.45697811990976 0.7396194934844971 0 0.9380858689546585 16.04592336714268 0 2.45568086206913 24.85430716723204 2.254815734922886 13.51439122855663 15.58421532809734 0.447841078042984 6.428598970174789 0.09347313642501831 1.099350295960903 0 0.6612652987241745 0.1246035546064377 0 0 4.030935741961002 0 0.1043269038200378 0 96.09659773856401 0.1206111460924149 0.3696826845407486 0.6057899370789528 86.59491941332817 1.893101833760738 0.1358895152807236 0 0 0 0.9801131784915924 0 8.221642710268497 0.8458575904369354 4.215364426374435 2.837289065122604 3.972602888941765 0.2727277874946594 0.4020429849624634 0
2984.981986016035 1.708039678633213 1913.156479433179 24.82114498317242 11.79234682768583 3127.995977163315 8780.435313209891 10167.70252861083 436.5851330682635 7928.598537832499 109.0195269808173 41.04145556688309 25.97854137420654 6839.285681590438 105.3443331569433 1.692884258925915 108.584670394659 45.25573148950934 17.447001978755 27.72686961293221 446.8510135188699 0.6719997674226761 1214.097444552928 1050.341365300119 9.266605347394943 131.9592306986451 135.81585136801 16023.13456032053 2952.780271530151 7635.070112004876 3.832611717283726 47.41717594861984 131.3878724053502 593.4403449743986 53.57353653013706 1332.212896093726 51.9628544896841 1249.345237627625 442.2437657564878 234.3164314180613 127.7525527700782 11.68484251946211 49.20702932029963 0.1876230686903 0.8018656820058823 9.089762322604656 37.49813782423735 0 15.80608799308538 128.9371814131737 8.347768262028694 116.9180626422167 72.21060775220394 2.943415716290474 19.13362625986338 0 6.750739358365536 0.6440659612417221 5.311219111084938 0.3675645217299461 0.6903805956244469 0.8710368871688843 17.62556067854166 2.357946127653122 0.9119807630777359 4.191256366670132 477.2474706918001 0 3.944416053593159 27.58793503046036 343.1313463449478 7.451284766197205 1.283747300505638 0 0.9097699075937271 0.197318434715271 6.838742859661579 4.147001683712006 56.74169533699751 1.261907987296581 32.78699619323015 9.991701677441597 28.82142791152 3.449231863021851 1.119429565966129 0.3645151033997536
902.9778492823243 0.1842048168182373 475.900699287653 29.68811190873384 106.4330686703324 5693.911356054246 10167.70252861083 9770.510613072664 39.73622297495604 3983.056414730847 366.3271454498172 555.5877880305052 40.78028998523951 7772.097885239869 66.34710110723972 3.112847357988358 699.4766133204103 85.1545567214489 73.75842961668968 394.9520227983594 188.1127768084407 1.256335534155369 1504.956717938185 275.8069852888584 12.9393338561058 124.2278562486172 60.90529330074787 893.6507000774145 639.8150618337095 2161.381429292262 8.967293992638588 89.78208221122622 17.63559360802174 708.0578041896224 18.8695959225297 615.1756836920977 42.67637386918068 1065.532647952437 305.0905572399497 851.4837884232402 125.6428871452808 16.19508728384972 17.15253330022097 0.08764591068029404 0 4.335885368287563 10.58987017720938 0 3.18901402503252 40.50805442035198 3.806761473417282 20.74726288020611 18.1653846129775 0.8080823719501495 6.1208750680089 0.4958956614136696 3.148769102990627 0.6933518946170807 3.732858300209045 0 0 0.3151133209466934 5.034401468932629 0.3982825130224228 0.6184964329004288 0.5016914308071136 141.3131905123591 0.1425112336874008 3.524150513112545 5.311850398778915 106.4812061041594 2.073544546961784 2.340213924646378 0.340881273150444 0.6714818254113197 0.090403713285923 2.63687789440155 0.1327768415212631 17.55944906920195 0.8998734354972839 8.33284754306078 4.567906215786934 7.741900257766247 1.01666559278965 0.7828519195318222 0.9197791814804077
7.563340082764626 323.0341773033142 6.186729766428471 182.166360527277 45.55101610720158 45.18397679924965 436.5851330682635 39.73622297495604 1103.653783999383 324.126707136631 12.97094886749983 273.910803489387 45.30478245019913 22.94588699936867 1267.125871405005 136.0462445989251 2.455400936305523 8.978640705347061 2.97112037986517 139.4095293432474 15.55168481916189 2418.508555911481 18.9859337285161 7114.153858661652 242.6710643023252 55.18335376679897 761.6007204428315 1399.957496896386 112.6867321133614 309.6929894462228 4.228444561362267 6.822639271616936 16.55324053764343 51.73558992147446 14.42005752027035 542.9296724200249 20.64850459992886 154.7048540264368 67.75576815754175 713.6472357437015 23.93592102825642 9.035358890891075 11.32193526625633 1.342104323208332 2.70328988134861 1.894619934260845 28.77989590913057 0.153136819601059 8.203159689903259 104.1805973500013 5.144791632890701 62.42581474781036 38.53403317928314 2.263276718556881 19.88212264329195 0.4096987694501877 5.640051789581776 0.9121025800704956 646.3527382537723 1.998546957969666 0.5386436879634857 1.106372877955437 13.23987981677055 40.70852392911911 118.2200929448009 70.2738726362586 1097.053915351629 0.1780815869569778 4.383838653564453 43.84946324676275 515.4241911843419 24.47489301115274 40.75504633784294 0.1877857893705368 0.6843899413943291 5.251748815178871 11.76066412031651 1.895488500595093 199.8352058008313 9.011016860604286 48.51770673692226 21.90565089136362 29.53448601067066 1.082584351301193 0 2.535864561796188
42.63107308745384 0.1843149214982986 45.83838339149952 3227.374582290649 19.05260474979877 9378.726254805923 7928.598537832499 3983.056414730847 324.126707136631 22344.24497972429 241.6431751921773 5350.144364073873 44.41463961452246 889.451212849468 151.1868560314178 0.297622062265873 4.743058979511261 92.45643331110477 23.38341648876667 4541.689211294055 8.110420607030392 0.09624909609556198 22.43765293061733 1005.38104101643 14.95742446929216 98.45973492413759 48.26859039068222 3434.534967727959 1530.832928095013 25.99769530445337 9.98311311006546 80.80926765501499 15.0435104817152 742.7946267426014 21.31850951910019 1281.831448949873 34.64960647374392 1514.942452803254 259.5228223353624 440.6717624366283 161.3462690934539 17.34418615698814 43.02170698344707 0.1506074965000153 0.3829190880060196 0.6236025840044022 129.4587160274386 0.09595946222543716 28.52107983827591 182.1438326835632 16.36586005240679 125.8844560608268 195.5805230811238 1.855454906821251 74.6258646696806 0.1558816283941269 10.31248745322227 8.854974411427975 5.610557898879051 0.1374746710062027 0.3181374073028564 0.5787123441696167 58.15605521202087 1.411927312612534 0.4092374891042709 1.703543543815613 824.122707657516 1.53545106947422 0.4652263000607491 0.8544225767254829 694.842055156827 14.755575068295 3.711226999759674 0 1.901742540299892 0.8761926740407944 15.78426843136549 0.9509814083576202 73.51039691269398 1.313371278345585 40.64108185470104 12.65823195874691 84.13182402402163 3.530844315886497 0.6861327290534973 0.168316587805748
12.32716922461987 55.07713857293129 60.86112328618765 7.492082320153713 31.55804577469826 175.2170265763998 109.0195269808173 366.3271454498172 12.97094886749983 241.6431751921773 10085.91051032394 117.6969251409173 2804.864560991526 244.0739957019687 3.440304979681969 3.374077878892422 396.6065285429358 2697.516812898219 1309.244768641889 86.56074648350477 31.73592898249626 40.4927819147706 61.39846277236938 51.84885068237782 988.7700355276465 1733.607906527817 721.5851050391793 64.07402615249157 307.7655869945884 21.90886133164167 551.0507794991136 347.387332290411 2.891647912561893 8668.010814107955 12.35999274253845 681.1514690667391 3958.456877268851 6995.10384632647 1770.336367271841 69.86624940484762 73.08150411397219 490.2593621015549 13.18235071003437 0 9.954714223742485 0.5621217340230942 1.886777698993683 0 0.3055597469210625 5.828774087131023 0.5547928214073181 5.197978831827641 0.4074604213237762 86.57829973846674 0.687217116355896 491.3829254433513 0.4433618485927582 0 1.078041732311249 0 17.2141221165657 3.843314193189144 0 0 0.2610287517309189 0.3407371342182159 24.87559913098812 106.5239339098334 255.3198141306639 373.1600683107972 23.92562296241522 1.17522881925106 0.4847293198108673 104.5738351494074 0 0.3694468438625336 1.773140668869019 0.2320374548435211 11.21159674972296 223.6709434390068 8.832108348608017 6.470984950661659 1.33857811242342 1.323550626635551 96.20565304160118 0
0.433851882815361 0.4890813156962395 0.7909504547715187 2109.326706625521 78.67693251371384 2204.752690576017 41.04145556688309 555.5877880305052 273.910803489387 5350.144364073873 117.6969251409173 8588.345948711038 18.65427216142416 182.9548411741853 2134.305520936847 0.1701643168926239 2.139435321092606 37.71352127194405 10.5459627956152 6472.495345763862 0.09264790266752243 0.6531528830528259 0.8589822873473167 639.4706577435136 7.219728767871857 40.52349863946438 18.39887890219688 1157.194007508457 169.8644604533911 1.149328537285328 4.752508863806725 42.09235865622759 0.1462404578924179 252.5427005961537 1.937472060322762 314.1069735586643 11.04718632996082 376.7607119381428 38.7719846740365 2132.227683864534 32.34750687330961 3.518989726901054 4.961794003844261 0 0 0 28.03100851178169 1.242872387170792 12.90935681015253 49.83206637948751 3.447346240282059 82.91024060547352 49.23078443855047 0.2083386778831482 42.42562279850245 0 4.859627939760685 8.115532845258713 0.7354093194007874 0 0 2.435080528259277 15.93412704765797 1.615572452545166 0.5104988217353821 0.9930620789527893 244.7663978636265 0 0.2265973687171936 0 174.374883018434 3.891021229326725 1.879514366388321 0 0.7758923172950745 0.9731289744377136 6.582205682992935 0 18.82234896719456 0.1374958455562592 10.61086791753769 2.793982535600662 77.64428307116032 1.70588219165802 0.6042542606592178 0
1.493759676814079 439.5857240408659 15.79236084967852 3.872614070773125 6.968819797039032 22.25615398585796 25.97854137420654 40.78028998523951 45.30478245019913 44.41463961452246 2804.864560991526 18.65427216142416 3615.282266095281 13.93858408927917 1.884428471326828 9.662878841161728 7.97946859151125 46.4949938505888 24.00684362649918 15.75215133279562 3.362543441355228 280.0612820237875 21.35427379608154 77.54630552977324 3823.144867509604 574.9288915023208 3804.974448435009 34.29775171726942 17.42940912395716 2.38833562284708 1287.46207229048 32.59663662314415 0.5930107161402702 765.7278231903911 54.26067000627518 1309.623885191977 7204.970573812723 5241.063713811338 1080.794806942344 125.9629390984774 110.0196689143777 1513.615210458636 39.0749980956316 0 54.93620225787163 1.304779045283794 0.3117104768753052 0 0.8183687478303909 2.377948090434074 0 1.538661479949951 0.3184037357568741 294.7426788508892 2.323285341262817 1491.769996538758 0.4590592533349991 0 0.1440568268299103 2.302573084831238 31.70641474425793 20.27249934524298 0 0.4306075274944305 0.8036684915423393 0.7111824452877045 5.834453947842121 438.4638010710478 577.5062943473458 859.5833428055048 4.924353986978531 0 0.09544264525175095 250.0507518425584 0.384611502289772 0 7.786253727972507 9.264959514141083 77.62567017972469 862.2130730450153 58.10111300647259 95.61776987463236 3.147175714373589 16.96234700083733 333.0502743050456 0
4188.465753868222 0.186589851975441 139.7512270286679 16.68908292800188 40.35591202229261 661.9433706514537 6839.285681590438 7772.097885239869 22.94588699936867 889.451212849468 244.0739957019687 182.9548411741853 13.93858408927917 11868.97115285695 8.609814181923866 3.396635413169861 598.4098818451166 73.88174946606159 70.79101028293371 193.1698573082685 111.2171278297901 1.343846969306469 906.6348372325301 137.9709206521511 11.43283086270094 96.50191809982061 61.00578024983406 454.8592274822295 4137.929429378361 3480.073930099607 4.437969423830509 479.2049778401852 13.82582248002291 869.9054394289851 9.944701105356216 177.4393828809261 23.78108335286379 778.446063157171 103.1612333208323 73.16490782797337 106.5028627216816 0.9364047795534134 3.765840440988541 0 0.3147099614143372 0.2657961696386337 2.758202463388443 0 1.165126547217369 10.28885020315647 0.2095908299088478 6.043368674814701 2.00341060757637 0 1.353148609399796 0.1159091144800186 0.1523634344339371 0 3.402217760682106 0.4014743864536285 0 0.09299339354038239 1.668084502220154 0.4372147247195244 0.08203237503767014 0.749430887401104 37.5298378020525 0 1.885844700038433 1.499095059931278 34.98765015602112 0.159431129693985 0.08648822456598282 0 0 0 1.283217646181583 0 11.38580048829317 0.2429690510034561 2.85876626521349 1.378939561545849 3.084795132279396 0 0.1765634268522263 0
0.2069810032844543 14.54693621397018 0.491555854678154 107.3617471009493 700.1805215030909 1120.017275691032 105.3443331569433 66.34710110723972 1267.125871405005 151.1868560314178 3.440304979681969 2134.305520936847 1.884428471326828 8.609814181923866 479.5610497146845 0 0.2396076321601868 0.8045587539672852 0.5449640303850174 545.4218778461218 0 65.5473256111145 0 1438.855962142348 9.911262989044189 2.323236688971519 40.010667078197 307.7640064582229 8.541936971247196 1.856489576399326 0.07667657732963562 185.339861318469 1.317306861281395 15.74989307671785 0.7373940944671631 125.7751939073205 0.3069265931844711 14.71649834513664 4.168526850640774 1877.762503929436 21.74354863911867 0.2383290678262711 0.4977958798408508 0 0.1996885985136032 0 6.421995460987091 0 0.4181484431028366 6.820731967687607 0.7307645082473755 26.62423187494278 13.97714546322823 0 11.30355406552553 0 1.998835720121861 0.2194606363773346 8.601060181856155 0 0 0.1144315451383591 1.192298114299774 0.1824278086423874 2.019921697676182 2.963385216891766 48.146847397089 0 0.1039943546056747 0.4813125431537628 24.38418371975422 0.3807177245616913 0 0 0 0 1.356058850884438 32.84700161218643 2.459651321172714 0.140888437628746 0.7008850872516632 0 13.71385115385056 0 0 0
2.45593635737896 454.9355237782001 165.7936161607504 0 0 0.2320435270667076 1.692884258925915 3.112847357988358 136.0462445989251 0.297622062265873 3.374077878892422 0.1701643168926239 9.662878841161728 3.396635413169861 0 3494.421505570412 116.1061013862491 2.452802032232285 12.10167867690325 0 4161.136392429471 2243.416800476611 4664.486789442599 1220.884241312742 48.37167210131884 36.37305869162083 7496.006223008037 1956.752032116055 22.2290673404932 583.8039468601346 1.60387397557497 0.9315676465630531 15.01799716800451 223.6432401016355 69.31308066099882 3473.271987043321 750.2217356860638 714.5048221573234 870.8924238309264 102.4482441470027 4.923500172793865 3.088761121034622 28.30231969058514 0.148642361164093 6.702776700258255 71.10755652189255 0 0.1777354776859283 0.7119228318333626 9.83344092965126 1.996735133230686 38.19554367661476 1.04388477653265 1.996041506528854 0.4733926951885223 0.1028807163238525 0.9456496462225914 0 3199.283110402524 10.33782370388508 0.4760526120662689 3.469875186681747 2.206449270248413 324.0849147886038 519.0323617234826 1241.054330356419 387.3809594064951 0.1290577501058578 18.4937134757638 801.354805290699 425.5618442073464 16.46626637876034 85.01162210851908 0 0 6.501433379948139 27.06889932602644 8.633152484893799 687.3445707783103 95.00533828139305 121.4164439439774 82.09227478504181 15.72977162897587 3.289665356278419 0.5639597773551941 3.738626107573509
378.2074953243136 21.16805366426706 12833.05746429414 0 0.6039825081825256 18.4486440345645 108.584670394659 699.4766133204103 2.455400936305523 4.743058979511261 396.6065285429358 2.139435321092606 7.97946859151125 598.4098818451166 0.2396076321601868 116.1061013862491 1398.651757113636 309.621808834374 4032.320654407144 1.695092670619488 917.1574231907725 11.91235011070967 6944.105438739061 50.83100757747889 5.654172725975513 6369.516576774418 6193.164971806109 145.7977512851357 1234.926976066083 1174.30859272927 4.412537917494774 7.178110681474209 45.92647517472506 3239.383894436061 24.78899802267551 637.158970348537 927.2055955380201 1274.565325282514 372.4214601665735 50.43630170077085 5.43006543815136 3.506320588290691 5.877724565565586 0 8.175098121166229 90.18934392184019 0 0 0 0.42918711155653 0.2763349115848541 0.3917391300201416 0 0 0 2.047729000449181 0 0 6.340450555086136 8.381838075816631 1.077698692679405 18.04261909425259 0 1.476681627333164 3.755353778600693 2.771493315696716 4.214157603681087 2.033057145774364 140.1526927947998 217.3679482191801 2.378974258899689 0 0.3014315962791443 0.1350335329771042 0 0.6005812287330627 2.863088101148605 0.9116426706314087 9.459685683250427 12.66009559482336 13.85763838887215 0.8185363709926605 0.5686996281147003 0 0 0
7.264911726117134 8.856423422694206 65.86433008313179 2.296018145978451 3.576183594763279 46.07942486554384 45.25573148950934 85.1545567214489 8.978640705347061 92.45643331110477 2697.516812898219 37.71352127194405 46.4949938505888 73.88174946606159 0.8045587539672852 2.452802032232285 309.621808834374 376.6814113035798 4014.19810000807 29.6274047344923 12.94178795814514 19.87434485554695 51.48824516683817 19.38271825015545 33.65229222923517 1540.427212975919 530.3482040762901 24.24461764097214 94.74730955064297 11.4768373221159 86.57542511075735 69.57186783105135 1.93007093667984 2584.91085100919 7.377566166222095 1094.482423081994 1444.055951304734 1569.202449686825 829.0781201198697 29.53829384595156 6.461447671055794 7.683704070746899 3.610437154769897 0 17.94205290824175 2.116345949470997 0.464377760887146 0 0 2.072800740599632 0.3282217457890511 0.3588797077536583 0.2595206201076508 16.41035064309835 0.09658362716436386 140.8744522705674 0.4258891493082047 0 0.4683000892400742 0.504996083676815 25.95927958935499 21.79317062348127 0.2019056603312492 0.7357861399650574 0.4795927181839943 0.813141867518425 9.465908065438271 44.3183648660779 416.8787099644542 508.9429057016969 3.860934294760227 0 0.2982683554291725 53.76765412837267 0.1110500767827034 0.3084381222724915 5.646863259375095 2.172361582517624 10.39006646722555 27.52346836775541 15.57638905197382 3.672351457178593 0.4068204015493393 0 1.636608488857746 0.1494997441768646
29.75988574326038 9.340500190854073 727.8610161542892 0.2143569067120552 1.449837952852249 16.33517896384001 17.447001978755 73.75842961668968 2.97112037986517 23.38341648876667 1309.244768641889 10.5459627956152 24.00684362649918 70.79101028293371 0.5449640303850174 12.10167867690325 4032.320654407144 4014.19810000807 3634.995966687799 7.976814188063145 62.50039734691381 5.374109335243702 279.0456051900983 8.196815930306911 5.875113345682621 3798.740189343691 1386.052714675665 12.67439974844456 142.6454920172691 67.19604947417974 8.042918235063553 17.87399623543024 5.465606085956097 4310.216208957136 4.649083882570267 759.7405658066273 800.9039712995291 1258.443360872567 291.4660628959537 16.84141619503498 2.184479236602783 3.351893246173859 2.042662501335144 0 27.39702048897743 13.77928970009089 0 0 0 0.5812567472457886 0 0.533916637301445 0.09466137737035751 5.831230722367764 0 5.560518957674503 0 0 0.3310155868530273 6.750016391277313 9.752974160015583 27.12453023344278 0 0.133158341050148 0.4982218369841576 1.528536930680275 2.169087193906307 8.633702576160431 260.9699014574289 209.475129917264 2.592876151204109 0.5235575586557388 0 2.679824240505695 0 0 3.158511586487293 0.2611904144287109 6.489085085690022 18.05134352296591 12.46870163083076 4.290062308311462 0 0 0 0
2.083789937198162 0.2475859969854355 0.8610823825001717 4234.293427526951 14.87598042935133 549.6626644358039 27.72686961293221 394.9520227983594 139.4095293432474 4541.689211294055 86.56074648350477 6472.495345763862 15.75215133279562 193.1698573082685 545.4218778461218 0 1.695092670619488 29.6274047344923 7.976814188063145 868.33868932724 0.3029423728585243 0 0.4542750343680382 422.8200698196888 4.78857908397913 32.07587958872318 14.98345784842968 4571.552021361887 327.610027462244 0.8710927516222 2.88898915797472 27.17142935842276 1.385573953390121 223.7459215372801 3.174183815717697 364.0727751106024 16.18616697192192 441.1218523904681 63.96343976259232 847.7502082437277 45.49021968245506 5.539151184260845 8.197843924164772 0 0 0 37.97613305598497 0 7.187901049852371 60.16336879134178 4.317828953266144 31.07100194692612 41.86567531526089 0.8962552100419998 23.2048471942544 0 2.165776431560516 0.7640531957149506 2.064324021339417 0 0 0.2443142235279083 11.49395053833723 0.9288477897644043 0.5191882252693176 0.48871248960495 174.0614571422338 0.3515410646796227 1.218560799956322 3.394631735980511 149.4425511881709 3.168275289237499 0.7251088619232178 0 0 0 1.265559688210487 0 22.09068525582552 0.9290703237056732 12.3105980604887 4.534239411354065 23.65014715492725 1.410412907600403 0.5037941187620163 0
67.34109248220921 5.06223414093256 1232.627376623452 0 0.2412385195493698 7.578013278543949 446.8510135188699 188.1127768084407 15.55168481916189 8.110420607030392 31.73592898249626 0.09264790266752243 3.362543441355228 111.2171278297901 0 4161.136392429471 917.1574231907725 12.94178795814514 62.50039734691381 0.3029423728585243 16659.17801354825 20.94183626770973 24044.49468040466 48.51023010909557 1.684385642409325 71.95151227712631 557.9673168286681 1197.797647297382 272.2764238342643 10469.15542323142 0.3395614251494408 2.251044787466526 65.56479622423649 3944.277802065015 112.9616972729564 5171.697750493884 266.6151774153113 6013.552782721817 3313.672961011529 268.1188418343663 13.49035327881575 2.388286203145981 55.61046321690083 0.1361052691936493 0.2542310357093811 5.821394443511963 0 0 0 3.28271272778511 0 2.946183033287525 0 0.6659271121025085 0 0 0.4817367643117905 0 479.6518443822861 1.42137385904789 0 0.2109212204813957 0.8267357349395752 125.393464460969 62.03708890080452 69.65362935513258 117.4136591851711 0 2.164098493754864 46.67012746632099 142.0634255707264 4.750798031687737 29.9610623717308 0 0.1140271350741386 4.026541352272034 6.056528955698013 5.792384132742882 183.6132232248783 5.851372197270393 24.66977052390575 10.6025599911809 2.474269956350327 0.3496117740869522 0 0
0.5273182094097137 2077.545922994614 27.91369882971048 0 0.4219000861048698 0.1404207795858383 0.6719997674226761 1.256335534155369 2418.508555911481 0.09624909609556198 40.4927819147706 0.6531528830528259 280.0612820237875 1.343846969306469 65.5473256111145 2243.416800476611 11.91235011070967 19.87434485554695 5.374109335243702 0 20.94183626770973 2032.221347026527 163.3485491648316 7210.940242357552 1350.771886974573 202.3837870284915 4852.621798038483 143.2178558334708 12.35138635337353 92.96293164789677 29.39840444922447 0 1.342859447002411 23.20128456503153 0 108.6366168186069 90.22527535259724 44.40270526707172 17.16505733132362 171.0676064267755 1.900097221136093 172.4044420272112 0.3556724488735199 0 11.37172122299671 32.86323537677526 0 0 0 1.428535252809525 0 5.083063215017319 0 0.6620113775134087 0 1.459380216896534 0.1695729792118073 0 894.1601168438792 4.281749881803989 0.6453718245029449 2.524924077093601 0 38.42049193382263 212.6351849660277 289.5379364341497 50.27697965502739 2.586901262402534 19.55615480989218 713.8125545457006 39.50369213521481 1.062357246875763 11.28038976341486 0.2183574438095093 0 0.243476077914238 3.543015003204346 0.5788656175136566 132.8643939197063 30.55876023322344 23.99718697369099 19.95143389701843 3.074782192707062 0 0 0
413.4952638149261 28.60551615804434 12392.78276542574 0 0.6100253611803055 50.07397206872702 1214.097444552928 1504.956717938185 18.9859337285161 22.43765293061733 61.39846277236938 0.8589822873473167 21.35427379608154 906.6348372325301 0 4664.486789442599 6944.105438739061 51.48824516683817 279.0456051900983 0.4542750343680382 24044.49468040466 163.3485491648316 26338.93490801007 579.0594299659133 7.770209714770317 1103.707645572722 8103.9608476758 4370.057842582464 1005.472047179937 3414.996114917099 1.219988435506821 8.070623859763145 41.78486670553684 3841.271793015301 289.2676694244146 12140.95352923125 3897.680930510163 7883.476531080902 6242.541448697448 1015.331109687686 59.14831790328026 22.24072127789259 167.2004817649722 0.1540685296058655 4.523552432656288 95.24370709061623 0 0 0 7.362417578697205 1.341800600290298 1.857748202979565 0.4491079151630402 1.039475619792938 0 0.1219583377242088 0.5673682615160942 0 1599.799516588449 10.99035746604204 0.5120206475257874 1.15087615698576 0 83.15037391334772 216.2030302211642 1202.532463341951 71.86407635360956 1.889916598796844 10.54178554564714 1159.947018615901 59.4491019025445 1.306265830993652 19.70770607888699 0 0 0.3588320016860962 9.147783122956753 22.62440729141235 339.4713476374745 106.0669366270304 113.7493282258511 89.25620852410793 11.42310777306557 1.584290608763695 3.597048312425613 4.588190108537674
66.74830029904842 850.2417408376932 298.7519866898656 1124.443753540516 33.00038369745016 134.4156192317605 1050.341365300119 275.8069852888584 7114.153858661652 1005.38104101643 51.84885068237782 639.4706577435136 77.54630552977324 137.9709206521511 1438.855962142348 1220.884241312742 50.83100757747889 19.38271825015545 8.196815930306911 422.8200698196888 48.51023010909557 7210.940242357552 579.0594299659133 6084.129309244454 308.5740333721042 102.0763884782791 2894.992575027049 6123.500055354089 858.3265816792846 970.9304089099169 9.423289857804775 19.92554488033056 203.850081436336 413.4551339969039 104.6086573302746 3094.813633911312 136.159146040678 973.5385659709573 490.21626727283 1332.820883587003 105.1103567630053 27.75526747107506 60.35077259689569 1.753078706562519 4.871763661503792 18.24937152862549 170.1831274032593 1.01261094212532 64.15594278275967 582.0557660236955 45.23416506499052 1343.207570955157 275.8059241101146 20.88805640488863 106.1664533764124 1.493557989597321 35.58620192855597 15.4549456089735 1357.076639406383 3.115014351904392 2.604745775461197 2.110352084040642 85.42191538214684 215.5570591539145 298.1488337442279 186.5764075815678 3548.457932434976 1.428663954138756 18.94951682537794 163.235901221633 2819.63402017951 85.78699769079685 94.23329449445009 0 6.568753316998482 22.39848741143942 92.48038631677628 12.31467306613922 914.2069035917521 19.21856225281954 305.0579959079623 108.9491620734334 265.0750736072659 24.7362367361784 1.838711440563202 5.587356433272362
0.4179970324039459 1382.673964604735 5.720592796802521 0.5295888260006905 0.4460236728191376 6.005562283098698 9.266605347394943 12.9393338561058 242.6710643023252 14.95742446929216 988.7700355276465 7.219728767871857 3823.144867509604 11.43283086270094 9.911262989044189 48.37167210131884 5.654172725975513 33.65229222923517 5.875113345682621 4.78857908397913 1.684385642409325 1350.771886974573 7.770209714770317 308.5740333721042 1079.148383170366 609.3073131293058 5297.150917351246 6.277172245085239 15.86416418850422 1.911653555929661 326.5628931745887 10.33589855581522 0.2564534693956375 449.7542001456022 12.63522259891033 378.4304764270782 1226.342042662203 1387.786895148456 414.8130582273006 24.72527349740267 32.97408138215542 1222.812621444464 16.25985796004534 0 116.384855158627 6.044817313551903 0.3292340338230133 0 0 0.4383170902729034 0.4438168108463287 0.3255791962146759 0.2871895655989647 60.46784348785877 0 329.3682645186782 0.2850088030099869 0 0.4556336402893066 0.6580532789230347 32.85398591309786 16.22710183262825 0 0 17.15050622820854 0.1912155151367188 2.045671567320824 207.684571556747 457.5299318134785 593.327796831727 1.232147619128227 0 0.1399336457252502 63.6754135042429 0 0 9.314724445343018 0 20.54053166508675 136.3875130936503 21.44107738137245 5.769404590129852 0 0 51.84445425122976 0
19.23690625280142 159.3488561585546 6325.702212616801 3.990008890628815 4.239871881902218 48.7191644012928 131.9592306986451 124.2278562486172 55.18335376679897 98.45973492413759 1733.607906527817 40.52349863946438 574.9288915023208 96.50191809982061 2.323236688971519 36.37305869162083 6369.516576774418 1540.427212975919 3798.740189343691 32.07587958872318 71.95151227712631 202.3837870284915 1103.707645572722 102.0763884782791 609.3073131293058 32553.84362695366 12481.76456867158 61.19627012312412 140.8174908086658 27.39280633628368 732.1635215654969 68.87767919152975 3.974734969437122 2468.380764909089 62.32740724086761 3824.109190478921 5043.321515314281 4057.895925454795 1226.489369161427 89.05261396616697 10.41025570780039 31.34769432246685 17.27282456308603 0.1267002075910568 438.5491451472044 336.4451783895493 0.1127885058522224 0 0.1837838143110275 5.965066567063332 0.5624634996056557 6.402427956461906 0.9678648337721825 78.50415935367346 1.149195827543736 503.3924428299069 1.703865595161915 0.8106250017881393 6.566386811435223 97.93120227754116 137.8568522781134 424.6133609041572 2.619318172335625 2.179224543273449 16.07373189926147 8.864186711609364 23.8709012567997 280.1917861774564 3683.97753315419 4142.461370356381 7.928164631128311 1.344082228839397 3.164384074509144 184.5307604968548 0.5328341275453568 0 53.92174555361271 14.93526794016361 154.2567808926105 227.0973647534847 178.364951685071 45.28471390902996 4.247643746435642 0.2674767225980759 11.07399207353592 1.247187614440918
13.07507098466158 7512.866840012372 9669.46458697319 1.411173745989799 2.012165322899818 23.22845819592476 135.81585136801 60.90529330074787 761.6007204428315 48.26859039068222 721.5851050391793 18.39887890219688 3804.974448435009 61.00578024983406 40.010667078197 7496.006223008037 6193.164971806109 530.3482040762901 1386.052714675665 14.98345784842968 557.9673168286681 4852.621798038483 8103.9608476758 2894.992575027049 5297.150917351246 12481.76456867158 38241.31256284565 1891.89472669363 89.10607638955116 89.1228913962841 1089.250945232809 31.94289407134056 3.786870621144772 3324.680057696998 168.6757273823023 6826.674023866653 6766.213253259659 8702.430377587676 2099.509181670845 451.1081492826343 22.79298323392868 51.92020501196384 49.66474296152592 2.365825064480305 1880.285724312067 3879.289516165853 0.2684497237205505 0.09728469699621201 4.369742572307587 42.28538025170565 17.30925097316504 18.47736583650112 3.972931861877441 106.85378587991 0.3788722082972527 527.4476135447621 25.95664695650339 0.5598264262080193 1564.099876590073 402.1282935738564 192.3840294778347 643.9363143742085 2.003800585865974 48.02656438201666 1241.351136133075 2509.515205450356 126.4516632631421 486.2455657571554 6167.725741140544 21153.88295974582 71.14372529089451 8.042300701141357 22.08176376670599 189.6477404609323 1.1509670317173 0.6050289943814278 181.1766405031085 25.91592990607023 843.1908506527543 633.087490491569 831.794417090714 300.9494830965996 36.29666981846094 5.593232497572899 17.69627536088228 7.318301811814308
235.008475638926 37.89698880910873 1228.991918839514 4224.734679490328 13.88647902756929 978.102311141789 16023.13456032053 893.6507000774145 1399.957496896386 3434.534967727959 64.07402615249157 1157.194007508457 34.29775171726942 454.8592274822295 307.7640064582229 1956.752032116055 145.7977512851357 24.24461764097214 12.67439974844456 4571.552021361887 1197.797647297382 143.2178558334708 4370.057842582464 6123.500055354089 6.277172245085239 61.19627012312412 1891.89472669363 12415.00440010428 2491.121563609689 16893.27892698348 2.891209803521633 29.24345729500055 699.5913662239909 1560.919441618025 220.2579229697585 6412.155390575528 205.6978270560503 3090.192321576178 1714.492987856269 687.9225294589996 185.4254439175129 20.32769318670034 118.0489538609982 1.299555510282516 2.166655734181404 23.79562312364578 148.1712761521339 0.3069566637277603 47.08911975473166 338.2312455251813 27.71644029766321 368.5239383652806 236.6558360159397 6.707171373069286 92.10236000269651 0.3314266800880432 22.60684099793434 12.02164118736982 505.3191675692797 2.873967237770557 0.905118502676487 0.8328248932957649 71.57239703834057 119.1462441757321 66.62453880906105 88.30857094377279 1786.267978131771 0.5399217158555984 5.110051438212395 164.1122508943081 1556.389440000057 53.12085350602865 53.68157086521387 0 2.303546831011772 16.06136168539524 43.87607849389315 13.55714289098978 408.7830845415592 11.35257016867399 145.0503945574164 53.42464996874332 125.1675649285316 10.30366591364145 0.3745808154344559 2.85956184566021
4235.679591402411 0.8154592961072922 69.67116094380617 49.75881212204695 850.6744856908917 862.84793452546 2952.780271530151 639.8150618337095 112.6867321133614 1530.832928095013 307.7655869945884 169.8644604533911 17.42940912395716 4137.929429378361 8.541936971247196 22.2290673404932 1234.926976066083 94.74730955064297 142.6454920172691 327.610027462244 272.2764238342643 12.35138635337353 1005.472047179937 858.3265816792846 15.86416418850422 140.8174908086658 89.10607638955116 2491.121563609689 20732.72026422247 9212.493782900274 4.112005807459354 610.9830405190587 3164.169623479247 4220.568396121264 16.36303302645683 252.4245071485639 24.72609403729439 1897.55989766866 208.374528285116 52.52278992533684 244.9374327883124 2.894793137907982 11.53101568669081 0 0.1370544582605362 0.5927543565630913 7.029054686427116 0 2.450513616204262 34.2595297396183 2.048137277364731 32.04206614941359 8.87742068618536 0.1050298064947128 2.683425724506378 0.607597291469574 1.664189584553242 0 36.85864082723856 0 0 0.09855841845273972 4.321515366435051 9.44526693969965 3.74748606979847 1.902823492884636 175.3059112504125 0 3.390359669923782 3.137728556990623 161.2666594311595 4.172075368463993 3.703024372458458 0 0.4824667274951935 1.660705327987671 5.012542694807053 0 45.48053599894047 1.00912481546402 13.94931796938181 8.626658357679844 10.92191984504461 1.774077944457531 0.2225783169269562 0.3620167970657349
