438.0693304985762 0.5192729458212852 60.86239324882627 2.5758276283741 0.07236240059137344 17.07557471841574 2516.816793099046 420.2700050920248 1.882691413164139 48.68375913053751 1.530606336891651 1.4568100720644 0.2615996599197388 2558.171317897737 0 0.09696906805038452 105.4343566857278 0.9205736964941025 16.85547395050526 3.257616765797138 23.26905130594969 0.5751041173934937 123.0690469071269 11.65378504991531 0 6.030378188937902 6.446445934474468 100.9785644710064 1364.853258371353 921.3153740987182 0 5.357866358011961 6.26503948867321 41.97698472067714 0.6201872825622559 9.179543651640415 4.119679398834705 19.22039233148098 6.111723981797695 0.3929058350622654 0.6451291367411613 0 0.1619518995285034 0 0 0.4340090975165367 0 0 0 0.1555002704262733 0.07081867754459381 1.093185238540173 0 0 0 0 0 0 0.5973238870501518 0 0 0 0 0.07130669057369232 0 0.1613633632659912 2.009352006018162 0 0 0.921878807246685 2.717623002827168 0.290611557662487 0.5016169510781765 0 0 0 0 0.3099713325500488 0.6294929757714272 0 0.1702588722109795 0.08104812353849411 0 0 0 0
0.5192729458212852 191.9134290292859 190.2573968097568 0 0.7306255027651787 0.5795249938964844 16.5037899762392 2.031625896692276 281.9139956235886 1.097206845879555 152.1780121102929 0 231.2082565799356 2.560206957161427 7.212067544460297 130.5698948428035 23.18496090918779 0.9011594280600548 3.593765586614609 0 5.167621619999409 1380.04907502979 191.3398367464542 762.9319985210896 1539.319409362972 281.4859118759632 5643.967325679958 60.85597080737352 5.130949586629868 8.444059483706951 25.44026347994804 0.07403180748224258 0.2648832947015762 53.53737908601761 1.377942994236946 58.67465205490589 47.86612301319838 135.656235255301 13.6227473244071 18.04543067514896 0 51.58360098302364 1.752030253410339 0.3275020271539688 121.996429361403 133.5869149565697 0 0 0 0.4568865075707436 0 0.670593835413456 0 1.273558251559734 0 2.162842929363251 0.1816508695483208 0 10.80365586280823 8.557550355792046 0.4325041919946671 12.36684393137693 0 0.1267193853855133 30.84519258886576 4.410532176494598 1.38598109036684 3.070137530565262 85.87592025101185 1072.623115696013 1.473681256175041 0 0.8024757876992226 2.427624709904194 0 0 3.04302041977644 2.227778196334839 8.976198278367519 3.179638542234898 5.754820622503757 3.008498094975948 0.1617141515016556 0 0 0
60.86239324882627 190.2573968097568 6803.524652078748 3.376673229038715 0.4356982558965683 35.04183074086905 1348.94872027263 146.1997563131154 1.15814183652401 41.85360917076468 45.95086937397718 0.6136375591158867 3.921888597309589 183.1548501253128 0 9.686220392584801 6869.009614825249 50.40876264870167 562.2765290215611 1.457583576440811 451.9651824086905 23.13619717955589 10443.86499295384 43.43241877108812 1.25985187292099 6720.526417471468 3775.620121069252 1164.594787281007 102.3484120033681 902.9969454929233 6.118228763341904 4.484244484454393 12.0953913256526 1211.872925106436 49.35737305879593 1684.580645471811 3363.191705606878 1590.598898988217 318.5554603338242 55.06427925825119 2.369182541966438 4.532783165574074 9.589506961405277 2.016892831772566 95.6363742351532 558.615774281323 0 0 0 2.874118581414223 0.530477412045002 1.161118574440479 0 1.180784448981285 0 2.327755078673363 1.682991705834866 0 58.54166840016842 45.10192885994911 1.597140453755856 11.9274079054594 0 15.81949216127396 34.37356654554605 34.19576386362314 9.867613062262535 10.72449191659689 191.3055402562022 1335.913964323699 16.48252733051777 2.980359621345997 3.662171341478825 3.968100540339947 0 0.6555014550685883 10.934345677495 20.13447508215904 25.80885075777769 9.621010512113571 18.92726492881775 11.06459658592939 0.6128341555595398 0 0 0
2.5758276283741 0 3.376673229038715 1995.743501767516 3.398146346211433 189.6733431592584 31.60828597098589 123.6226878911257 285.0994479730725 1208.910168580711 3.476114399731159 4208.407455280423 1.539958573877811 107.8933600485325 69.0386364236474 0 1.917040295898914 0.6227450743317604 0.89525256305933 5110.534868508577 2.554095201194286 0 2.45484371483326 1385.040407337248 0 1.945042550563812 1.210108332335949 2404.130487367511 119.4398964829743 6.09857977181673 0.1635958217084408 14.3991274125874 2.203084230422974 66.677389934659 5.811448499560356 180.4092952683568 3.355298265814781 140.7877830788493 77.16866862028837 317.121083393693 25.03438041359186 0.1170128658413887 5.554869502782822 0.3139786347746849 0 0.117091029882431 58.59251973032951 0 3.173528499901295 18.05936016887426 3.264684833586216 64.24478237330914 74.86764115095139 0.6793761625885963 22.46519689261913 0 3.040763475000858 3.176867499947548 0.1315501034259796 0 0.08184660226106644 0.08670624345541 42.11181170493364 0.2771430388092995 0 0.4626071974635124 189.3900932520628 0 0.1711534112691879 0.2082463651895523 283.7000038251281 2.691052839159966 1.063099637627602 0 0.3414836823940277 0.1653055399656296 1.782026588916779 1.539233326911926 16.67236083000898 0.09587711840867996 8.854253210127354 1.316737979650497 45.7227927595377 0.6978490948677063 0 0.2145480513572693
0.07236240059137344 0.7306255027651787 0.4356982558965683 3.398146346211433 7.082658797502518 467.7902401536703 4.593410216271877 29.09395832195878 90.76038631796837 18.67326003313065 61.94978892803192 186.290147960186 72.34883239865303 4.079146683216095 898.3291637077928 0 3.511803917586803 14.83010678738356 22.83250873535872 9.683010272681713 0.6740620732307434 1.666583493351936 1.808525949716568 20.78338116407394 1.174058474600315 21.58922699838877 5.190708816051483 3.743699196726084 8.24984710291028 0.7146654203534126 0.5166689306497574 125.0232111513615 0.05986286699771881 677.6576145961881 1.547935664653778 53.47017570585012 10.07220675051212 354.8018348142505 239.6392036527395 1453.045812427998 46.36157487332821 11.88507628440857 1.604883432388306 0 0 0.255969226360321 0.1537716537714005 0 0 0 0.1883490830659866 0.1513640582561493 0.6437871158123016 0 0.3407354950904846 0 0 0 0 0 0 0 0.2548691928386688 0 0.09731391072273254 0 0.2144556790590286 0 0 0.1772046238183975 1.458034411072731 0 0.08672364801168442 0.1077869907021523 0 0 0 0 0 0 0 0 1.064790457487106 0 0 0
17.07557471841574 0.5795249938964844 35.04183074086905 189.6733431592584 467.7902401536703 11307.20030937716 1645.989246986806 3770.597230460495 28.69108171015978 13596.94857873768 50.31821423023939 4031.669634584337 72.75965724885464 379.8307193107903 772.2547022625804 0.07345283031463623 10.05087523162365 12.55040637031198 10.74571733921766 691.3630043901503 18.73269541561604 0.7561587914824486 14.32780732959509 55.60274539887905 1.424697726964951 16.90089369565248 9.0113894790411 907.8397359475493 173.9639813005924 32.89193412661552 0.3911741971969604 641.476241607219 3.745948743075132 772.4825473725796 7.055137246847153 289.7950802072883 14.51469651609659 387.6464402787387 276.5641840361059 1355.972924668342 184.2527881935239 12.40522584319115 5.986664071679115 0.2374198883771896 0 0.4585897475481033 3.109901688992977 0 0.1881865486502647 2.31368463486433 1.327944315969944 1.747746914625168 2.996878996491432 0.06113813444972038 2.720130063593388 0.3526822030544281 0.778882309794426 0.09271401166915894 0.6315692514181137 0 0.0709209144115448 0.06677740812301636 2.081539936363697 0 0.143575981259346 0.2815560549497604 23.26440576836467 0 0.1072020158171654 1.406677797436714 24.01598409563303 0.9983152523636818 0.5146349668502808 0.1127864941954613 0.1727345734834671 0.1857239902019501 0.15145318582654 0.5220003128051758 5.565031703561544 0.2213010191917419 0.524809904396534 0.6373236328363419 1.74393717199564 0 0.0908234566450119 0
2516.816793099046 16.5037899762392 1348.94872027263 31.60828597098589 4.593410216271877 1645.989246986806 16739.83626162261 4590.917491097003 185.5604263730347 1198.745923399925 7.573359563946724 5.853160597383976 7.842819564044476 6907.094443876296 4.518585927784443 5.009322866797447 201.4525064453483 4.798862654715776 33.71587650477886 12.05246629193425 1106.23903780058 21.94960670918226 738.1767173670232 342.722834136337 0.6932752802968025 37.17145925760269 155.9692574515939 11823.69917161763 2042.052536159754 5051.47135457024 0.1602000072598457 43.22788445651531 167.0701796188951 417.686696048826 58.16301073879004 1159.608257211745 126.8987266346812 612.3050076067448 338.9222559295595 114.151543173939 28.97275632619858 1.369065999984741 13.63257991522551 3.351706329733133 1.47639375180006 10.11614044010639 9.685192137956619 0 3.525571122765541 44.00495355576277 10.8308722525835 51.53051705658436 22.32135070115328 2.96179273724556 6.686452329158783 3.266923308372498 12.44273987784982 1.524957694113255 48.49257343634963 0.1504462733864784 0.2284788191318512 0.1421954482793808 8.068437181413174 8.852051474153996 8.97116868942976 18.92086378484964 393.0789838768542 0 1.082039423286915 64.63372465595603 404.8385797329247 29.12918922305107 19.38607217371464 0.2264497578144073 1.609189555048943 2.851475775241852 14.57978843525052 9.222014270722866 128.5039945840836 1.908385969698429 49.09260123968124 13.37289349734783 42.37497055530548 2.080342166125774 2.09503698348999 0.5733956769108772
420.2700050920248 2.031625896692276 146.1997563131154 123.6226878911257 29.09395832195878 3770.597230460495 4590.917491097003 7080.518601328135 22.44487599283457 4197.276647619903 132.8151788450778 730.9308700039983 52.47103514522314 3295.401706442237 118.3624428883195 0.4412152320146561 201.3947358168662 39.05708780139685 72.52726666629314 404.7903070226312 82.86787629500031 1.754748079925776 213.2396328486502 69.04704042896628 1.595272876322269 64.51193913072348 37.98993124440312 681.8482673950493 630.1411713585258 608.214673563838 1.459072835743427 328.8717016726732 9.058435708284378 1034.57576065138 8.662347845733166 539.091895531863 50.98632510378957 775.5938097387552 296.0324269123375 343.9133179597557 98.62285158783197 9.683646231889725 7.258153825998306 0.6460900008678436 0 0.9499021098017693 2.103098787367344 0 0.6248186379671097 4.492628749459982 1.916394099593163 3.966288059949875 4.881771400570869 0.09070406854152679 2.479551121592522 0.09593752026557922 1.594538476318121 0 1.453130446374416 0.2837956249713898 0 0 2.398061119019985 0.1307595744729042 0.532777089625597 0.8332873061299324 52.54010821133852 0.1431678235530853 0.2248712815344334 5.53296110406518 58.44498565047979 2.137612037360668 2.779730536043644 0 0.1548168435692787 0.121497742831707 1.148629896342754 0.7282775342464447 11.31323727965355 0.2929687723517418 5.002164792269468 1.684542067348957 2.41823747754097 0 0 0
1.882691413164139 281.9139956235886 1.15814183652401 285.0994479730725 90.76038631796837 28.69108171015978 185.5604263730347 22.44487599283457 527.553595110774 157.7676129713655 13.81636833399534 290.147604458034 17.37051912397146 23.56190213561058 642.7605455517769 143.7653187736869 0.947657473385334 0.4006656184792519 0.2103793993592262 251.4312580302358 74.79690784215927 1646.494970083237 14.41458374261856 6017.633711859584 135.8612378835678 22.63317795842886 175.5253975093365 2215.621737286448 82.84692105278373 74.08199889212847 1.392416581511497 7.265109434723854 15.11719392240047 36.5887171253562 9.272330075502396 264.8741792589426 13.27372110635042 58.98839217424393 50.6980532258749 473.6933730095625 8.999836333096027 1.845011159777641 2.542593568563461 7.126402385532856 0.8268328011035919 0.9686305373907089 16.32292716950178 0 1.677281618118286 24.52335888892412 7.22588213160634 18.37848031520844 16.91180115938187 1.038289934396744 8.867030628025532 0.4246977418661118 14.40459712594748 0.314732126891613 339.685607790947 0 0.6273287273943424 0.3442973233759403 11.17159586399794 80.98927704244852 18.95931178331375 7.386116929352283 667.6465564183891 0.1105569377541542 2.586751602590084 7.636687692254782 359.0302119031549 39.35627642646432 47.2659874111414 0.5914335176348686 0.6225162856280804 5.465277455747128 10.87937013432384 4.885169431567192 61.7644879668951 2.062910981476307 32.90394274145365 11.94922699779272 13.09607540816069 0.1421440988779068 0.1602980941534042 0.8471661582589149
48.68375913053751 1.097206845879555 41.85360917076468 1208.910168580711 18.67326003313065 13596.94857873768 1198.745923399925 4197.276647619903 157.7676129713655 17848.54949626327 25.50447849184275 1487.275630019605 12.21836217492819 1600.271823573858 32.31052570044994 0.06261208653450012 26.45248662680387 9.647682532668114 12.03699234873056 1397.454769216478 23.2645503282547 0.3512371331453323 23.45150734856725 433.5330517143011 1.453988708555698 15.26140559092164 10.30902907252312 4847.12368067354 963.1726002283394 76.36231852695346 0.5526962429285049 133.7386574782431 13.8562811166048 463.9907119013369 33.58737199753523 416.4435917213559 18.87594110518694 878.0160204954445 435.6426725611091 415.4655794762075 138.3526664152741 2.423105992376804 25.7252411544323 1.113438963890076 0 0.1017455458641052 62.14247023314238 0 4.117903634905815 33.82634713873267 6.898861952126026 60.46349724382162 69.73053477704525 0.7159566059708595 24.79368703067303 0.073185995221138 8.413496267050505 3.807813704013824 0.4863345623016357 0 0.1817309632897377 0 44.40726815909147 0.2379874959588051 0 0.7541534304618835 245.5211286246777 0.2632141709327698 0.4945064187049866 3.047396972775459 334.9630459174514 7.14847157895565 2.491584055125713 0 1.166556216776371 0 3.174077682197094 3.819789260625839 29.65685727447271 0.3425531536340714 18.2771677672863 2.098190404474735 29.11127917468548 1.099613420665264 0 0
1.530606336891651 152.1780121102929 45.95086937397718 3.476114399731159 61.94978892803192 50.31821423023939 7.573359563946724 132.8151788450778 13.81636833399534 25.50447849184275 9326.308152161539 11.54635179042816 2588.224058680236 32.69276364520192 0.7868786454200745 1.675899244844913 281.1983157768846 3600.809644952416 718.7279702946544 7.575736351311207 9.484569311141968 51.48769886791706 47.6702804043889 28.73370409756899 962.7903364449739 2155.900626152754 634.060062982142 12.84156086295843 194.4488711133599 11.66737424582243 366.6327630057931 158.5904595032334 3.751735188066959 5135.709014259279 10.84383375197649 1189.47095990181 6781.198549702764 4297.297315664589 949.8985526263714 48.30018625408411 46.32634694874287 1440.755987405777 24.24372656643391 0 3.534382194280624 0.4144245907664299 0 0 0 0.4333658590912819 0.3172745704650879 0.5250682160258293 0.5062604919075966 287.4559080973268 0.3630418553948402 639.5838403403759 0.8754496946930885 0 0.9826341196894646 0.1060624271631241 12.25135573744774 0.1243135929107666 0.06880798935890198 0.7893228307366371 1.156510293483734 0 0.910224087536335 86.1530035212636 172.6075259745121 177.299899622798 1.137038305401802 0.3427923172712326 0.2635331749916077 200.8421371728182 0.1161456927657127 0 9.850498400628567 8.885418325662613 43.06159675121307 433.7849914804101 43.10213455557823 45.88871363550425 0.6690432578325272 3.864173799753189 67.93754121661186 0
1.4568100720644 0 0.6136375591158867 4208.407455280423 186.290147960186 4031.669634584337 5.853160597383976 730.9308700039983 290.147604458034 1487.275630019605 11.54635179042816 6775.767716571689 4.788298271596432 407.1348095349967 1319.452428743243 0 0.5411987826228142 3.910568214952946 3.70582502707839 5597.564051017165 0.1358665376901627 1.382141962647438 1.500814437866211 794.0086682327092 0 4.508084531873465 1.310962621122599 572.284735340625 255.3396472856402 1.348658729344606 0.1692512184381485 69.66935519501567 0.4183501712977886 190.6156442798674 6.962994076311588 280.4531384930015 8.179061762988567 262.5895965769887 87.52915164083242 1798.199036683887 46.32569901645184 2.418788276612759 5.212284572422504 0 0 0 48.41011264920235 0 1.055427357554436 1.938980951905251 1.670905165374279 15.44273495674133 29.39386444911361 0 70.22497905045748 0 1.277290351688862 2.217852160334587 0 0 0 0 27.04056069999933 0 0 0 52.44758342951536 0 0 0.2032922804355621 189.6341437548399 0.4813690930604935 0 0 0.5693526864051819 0.08537247031927109 0.4434989765286446 0.6194895505905151 9.039528287947178 0 1.442021280527115 0.107573390007019 28.32758701592684 0 0 0
0.2615996599197388 231.2082565799356 3.921888597309589 1.539958573877811 72.34883239865303 72.75965724885464 7.842819564044476 52.47103514522314 17.37051912397146 12.21836217492819 2588.224058680236 4.788298271596432 1975.161947965622 11.13289564102888 0.3078025877475739 5.694063551723957 1.369631573557854 86.7044605538249 11.82336912304163 2.002989128232002 7.003153130412102 63.14409011602402 9.342317447066307 38.56844092905521 3943.773251600564 477.7135371342301 1948.275258719921 22.11992054432631 38.85613599792123 12.07634131610394 403.4300823509693 115.5707224234939 0 413.5544027760625 100.7708465456963 2048.750366657972 7463.809683859348 3401.728485532105 1142.269402459264 157.6349986866117 56.17897799611092 1486.984241396189 4.337548285722733 0.5421921610832214 13.79687929153442 0.2275291755795479 0 0 0.29107965528965 0.8002268821001053 1.942944176495075 0.5476959571242332 1.108141243457794 763.8313417807221 0.8236545994877815 1437.137233860791 1.696388810873032 0 19.90669223666191 0.279779426753521 20.98427117615938 1.172106631100178 0.8480909988284111 7.290219224989414 2.244220085442066 1.811935134232044 4.871065378189087 371.8867230787873 363.0053419172764 412.8680188283324 6.352203458547592 2.806111328303814 0 345.2443426325917 1.0624730437994 0 24.39353577792645 69.08798682689667 358.8197933211923 1231.780671320856 349.4399500712752 85.60531486570835 58.17850784212351 15.03564187884331 272.266529224813 0
2558.171317897737 2.560206957161427 183.1548501253128 107.8933600485325 4.079146683216095 379.8307193107903 6907.094443876296 3295.401706442237 23.56190213561058 1600.271823573858 32.69276364520192 407.1348095349967 11.13289564102888 3592.97493603453 14.89100777730346 0.3246272504329681 336.0455827452242 12.54300075024366 61.17697897180915 293.5023247003555 91.34834003075957 4.872054349631071 403.5501736924052 113.859172411263 0.2212689816951752 32.58445513993502 33.9310414493084 927.7774105034769 3696.049106981605 1602.240851487964 0.2310748100280762 134.7125108540058 9.851661942899227 371.8875886797905 8.083911836147308 658.4559648185968 34.75057377293706 350.9436853900552 97.56550668925047 851.1324297711253 27.39361648634076 2.9612056016922 4.492310807108879 0.4728354550898075 0.2965100556612015 0.5942204222083092 1.35036662966013 0.1188135966658592 0.6051920801401138 6.617183808237314 1.432792272418737 7.855807449668646 3.882507555186749 0.522227980196476 2.226290114223957 0 1.866573449224234 0 5.633945666253567 0 0.28365708142519 0 0.7504908218979836 2.06911252066493 0.8474461399018764 0.8548823744058609 55.5585264749825 0 0.9684226140379906 3.559795074164867 49.31424682214856 4.272884402424097 3.481212433427572 0 0.1851814687252045 0.1369172111153603 1.634551897644997 0.397658109664917 18.12863145023584 0.256751075387001 3.134534187614918 1.032230563461781 2.589505854994059 0.4641153700649738 0 0.385033518075943
0 7.212067544460297 0 69.0386364236474 898.3291637077928 772.2547022625804 4.518585927784443 118.3624428883195 642.7605455517769 32.31052570044994 0.7868786454200745 1319.452428743243 0.3078025877475739 14.89100777730346 317.9289172738791 0 0 0 0.08963365852832794 219.676318615675 0.6242859289050102 32.10830168426037 0.2603264451026917 638.6268765702844 2.907949432730675 0.2153524905443192 5.434477105736732 45.59869141876698 5.567103363573551 0.0796564519405365 0 756.9734615162015 0 6.348933205008507 0.9396018385887146 411.2738791257143 0.4858311340212822 8.115641102194786 2.55074006319046 1054.710511505604 61.33517403900623 0 1.879707455635071 0 0 0 4.848234064877033 0.6181740760803223 0.7590060234069824 0.2818840742111206 0.1022110730409622 3.935500368475914 11.95864098519087 0 5.603512495756149 0 0.2722818851470947 2.962813317775726 0 0 0 0 7.455155059695244 0 0 0 22.64833573251963 0 0.2553949356079102 0.1434086561203003 22.39233031123877 0 0 0 0 0 0.5490929484367371 0 9.394166022539139 0 0.3916319608688354 0 35.63833168148994 0 0 0
0.09696906805038452 130.5698948428035 9.686220392584801 0 0 0.07345283031463623 5.009322866797447 0.4412152320146561 143.7653187736869 0.06261208653450012 1.675899244844913 0 5.694063551723957 0.3246272504329681 0 3342.209305480123 2.342867568135262 0.1000136882066727 0.3938191905617714 0 4364.410957887769 2353.373205974698 5301.755909897387 1500.359699875116 13.23123249411583 11.51850692182779 1933.331670314074 1864.24865065515 5.400162003934383 40.94311240315437 0.2244308367371559 0.08282024413347244 2.694797597825527 62.83434861153364 45.11581850796938 1069.86137830466 282.3996822535992 252.1817824989557 214.5420585349202 47.72296447306871 0 0.1179704368114471 5.763507030904293 2.424240857362747 2.533319637179375 9.442832879722118 0 0 0.06552725285291672 4.750596903264523 0.6149996966123581 3.158090002834797 0.08235158771276474 0.273615937680006 0 0.7995389550924301 3.327995706349611 0 3641.823954828084 1.043954782187939 0.1791327819228172 0.1817222833633423 0.3704659044742584 385.8812960982323 644.6974346414208 869.6877510771155 111.159502774477 0 1.058187931776047 379.6267067566514 212.4787832759321 24.81691932678223 32.87066703662276 0 0 9.067019045352936 14.2774451225996 11.4978950843215 249.8886866271496 5.212041355669498 46.41180156171322 22.09816899895668 14.95756617188454 0.1162703558802605 0 0.7423465251922607
105.4343566857278 23.18496090918779 6869.009614825249 1.917040295898914 3.511803917586803 10.05087523162365 201.4525064453483 201.3947358168662 0.947657473385334 26.45248662680387 281.1983157768846 0.5411987826228142 1.369631573557854 336.0455827452242 0 2.342867568135262 1825.486636936665 202.2393540516496 2690.404463686049 1.231360390782356 80.38643277436495 3.148730404675007 3403.439937159419 5.716600820422173 0.501638188958168 2211.010213114321 4313.024288080633 56.16765403002501 417.0099179148674 702.9477309137583 1.913472138345242 10.08730027452111 49.69448604434729 1705.383419640362 17.38255325704813 1090.126059241593 1274.117715641856 1354.276855714619 309.5892053246498 24.78045975789428 2.199646919965744 1.858662500977516 4.520855449140072 0 5.328369490802288 30.11449670046568 0 0 0 0.5799838975071907 0.07674963027238846 0.08887018263339996 0 0.1039374470710754 0 1.528739899396896 0.09785715490579605 0.07621786743402481 2.93311657756567 3.06984606385231 0.1268664002418518 3.41647706925869 0 0.7133505642414093 1.397865287959576 1.051555037498474 1.361052550375462 4.171169780194759 54.51452784240246 103.9762493297458 1.508579052984715 0.1130982935428619 0.5508963093161583 1.056661307811737 0 0.1218557693064213 0.8672897294163704 7.78898811340332 2.905573256313801 1.777657903730869 1.128163889050484 0.8226960971951485 0 0 0.09149079024791718 0
0.9205736964941025 0.9011594280600548 50.40876264870167 0.6227450743317604 14.83010678738356 12.55040637031198 4.798862654715776 39.05708780139685 0.4006656184792519 9.647682532668114 3600.809644952416 3.910568214952946 86.7044605538249 12.54300075024366 0 0.1000136882066727 202.2393540516496 636.2135293930769 1407.706760697067 3.498469226062298 0.3153789788484573 0.653209462761879 8.761084534227848 0.8614947274327278 14.14882440119982 1386.100118070841 317.3011859282851 5.209776811301708 67.29270870611072 5.846586279571056 50.76947324723005 45.70204851031303 0.1010316908359528 1934.253926113248 7.147708021104336 989.123658888042 2135.058557637036 1279.392614487559 292.8184558674693 19.89957980811596 2.139315322041512 33.72122943401337 2.934031322598457 0 2.443877495825291 0.2067537605762482 0 0 0 0 0 0.1793789118528366 0 18.40995773673058 0 83.84321280568838 0.1705870255827904 0 0.3430321142077446 0.09667190909385681 3.410624496638775 0.8847938477993011 0 0 0.3106052652001381 0 0.2815199345350266 31.36519587785006 97.87614689767361 155.9887499734759 0.180377833545208 0 0.07515395432710648 48.60912049561739 0 0 0.4728711619973183 3.19549848139286 2.385470606386662 7.132308572530746 2.307545639574528 1.562269985675812 0 0 0.5679698288440704 0
16.85547395050526 3.593765586614609 562.2765290215611 0.89525256305933 22.83250873535872 10.74571733921766 33.71587650477886 72.52726666629314 0.2103793993592262 12.03699234873056 718.7279702946544 3.70582502707839 11.82336912304163 61.17697897180915 0.08963365852832794 0.3938191905617714 2690.404463686049 1407.706760697067 1941.40346866101 3.06953552365303 6.291954681277275 0.6082393527030945 409.2166055589914 1.235108062624931 3.029590278863907 2623.680349510163 1462.348798789084 13.34539783373475 152.1019054725766 78.57676127925515 6.177396476268768 44.74262807890773 6.472989052534103 3475.878550775349 9.069823756814003 1196.616406545043 1068.368929989636 1610.190336924046 446.1971498355269 26.37072965502739 0.6875498443841934 3.943533718585968 3.399557195603848 0.07379192858934402 2.420879647135735 1.706659771502018 0 0 0 0 0 0.2994585335254669 0 1.829931579530239 0 7.915905885398388 0 0 0.07308948785066605 0.7770921736955643 1.026239559054375 3.298906229436398 0 0.1349285989999771 0.3056263327598572 0.1553938388824463 0.3647551462054253 7.502093307673931 47.3927464261651 68.28150958567858 0.5697665214538574 0.09546496719121933 0 9.219225153326988 0 0 0 2.136448070406914 1.266063421964645 0.8974528983235359 0.9281312748789787 0 0 0 0 0
3.257616765797138 0 1.457583576440811 5110.534868508577 9.683010272681713 691.3630043901503 12.05246629193425 404.7903070226312 251.4312580302358 1397.454769216478 7.575736351311207 5597.564051017165 2.002989128232002 293.5023247003555 219.676318615675 0 1.231360390782356 3.498469226062298 3.06953552365303 668.0213073976338 1.26708410680294 0 1.433008812367916 766.7765188291669 0.1246856674551964 3.283803954720497 2.018801167607307 2801.88951798901 223.8743789978325 4.34931293129921 0.06455060839653015 34.39161263033748 1.693672649562359 134.6033515743911 5.152772791683674 214.1161975935102 3.957494854927063 236.9750787168741 111.6626550108194 641.6594502739608 44.47149376571178 0.9373951852321625 12.42402988672256 0.08597523719072342 0 0 38.36540061235428 0 1.076945573091507 10.88399323821068 2.615012131631374 33.20412975549698 44.99430507421494 0.5411670133471489 37.17434983700514 0 4.870151050388813 2.460730209946632 0 0 0.1045681014657021 0 32.78678603470325 0.4335009902715683 0 0.09683653712272644 123.5943902134895 0 0.1276858523488045 0.3471776694059372 180.5137524828315 1.331507496535778 0.7267864719033241 0 0.8467891216278076 0 0.5208195969462395 1.371182605624199 17.45331873744726 0 6.309299863874912 1.945240266621113 22.43781397491693 0.3971157222986221 0.1268738508224487 0
23.26905130594969 5.167621619999409 451.9651824086905 2.554095201194286 0.6740620732307434 18.73269541561604 1106.23903780058 82.86787629500031 74.79690784215927 23.2645503282547 9.484569311141968 0.1358665376901627 7.003153130412102 91.34834003075957 0.6242859289050102 4364.410957887769 80.38643277436495 0.3153789788484573 6.291954681277275 1.26708410680294 9527.80163596198 258.3558024838567 8043.356225952506 57.8272642865777 1.870201885700226 7.739876843988895 395.4342854917049 1640.171051546931 171.5672455839813 8111.867194309831 0.1018800735473633 1.683573000133038 19.28700180351734 2756.117074713111 247.4589023068547 5398.920617491007 965.2566964179277 3204.74859393388 2005.577867336571 167.2427968122065 1.544833153486252 6.436126507818699 42.34871079772711 2.248897135257721 0 2.240757308900356 0 0 0.0812283381819725 3.439396359026432 0.2321971952915192 1.942784234881401 0.9657972306013107 0 0.1292754411697388 0.5137361288070679 2.29129846394062 0 827.0106923207641 0 0.1087288483977318 0 0 229.1374640986323 105.3624397963285 80.82223153859377 57.11665423959494 0 0.1965023428201675 18.79197014868259 139.2555075697601 15.92013782262802 21.46314539760351 0 0 6.964186631143093 8.569128960371017 65.40766261518002 104.3253554180264 0.8987538665533066 24.24829492345452 10.82931632548571 7.442365773022175 0.9656732976436615 0.7964370846748352 0
0.5751041173934937 1380.04907502979 23.13619717955589 0 1.666583493351936 0.7561587914824486 21.94960670918226 1.754748079925776 1646.494970083237 0.3512371331453323 51.48769886791706 1.382141962647438 63.14409011602402 4.872054349631071 32.10830168426037 2353.373205974698 3.148730404675007 0.653209462761879 0.6082393527030945 0 258.3558024838567 1307.594912581146 363.8828176036477 4998.171148404479 617.151198759675 65.86752060055733 2798.968100562692 704.7710156738758 33.46647373214364 55.47087884694338 9.110171362757683 0.471749484539032 5.911257863044739 25.15896520763636 4.932223469018936 89.35618583112955 15.72297795861959 37.6569844558835 20.06243634223938 105.7305449470878 0.3336111307144165 9.146225534379482 0.7872430831193924 0.4559015184640884 6.595570527017117 27.41382691264153 0 0 0 0.5346885919570923 0 2.034435525536537 0.3533975034952164 0.81008380651474 0 1.516263455152512 0.3991406634449959 0 1250.281479924917 0.8054453581571579 0 0 0 84.37960863858461 132.0444800928235 225.8131196498871 22.98324359208345 0.6673330962657928 4.782296717166901 403.3693679645658 33.69663559272885 2.251838941127062 4.257810980081558 0.4595906361937523 0 0.7584365755319595 2.007717706263065 0.2382749915122986 17.92852759361267 1.574146896600723 6.61085419729352 3.208573400974274 0.5701132267713547 0 0 0
123.0690469071269 191.3398367464542 10443.86499295384 2.45484371483326 1.808525949716568 14.32780732959509 738.1767173670232 213.2396328486502 14.41458374261856 23.45150734856725 47.6702804043889 1.500814437866211 9.342317447066307 403.5501736924052 0.2603264451026917 5301.755909897387 3403.439937159419 8.761084534227848 409.2166055589914 1.433008812367916 8043.356225952506 363.8828176036477 16112.41943649948 364.0992509573698 1.236738875508308 312.2859735563397 8189.250076457858 3706.079271309078 474.0083678476512 4532.961821913719 0.2788337022066116 6.992172591388226 36.41063001006842 2646.232559625059 464.8463385626674 8851.875538900495 6275.4678690359 6826.349507600069 4011.842157393694 546.7887209430337 7.391306228935719 16.78524403274059 77.7402955442667 0.3361615017056465 13.62488155812025 180.5058113485575 0 0 0 2.148777097463608 0.0705234706401825 0.4876793250441551 0 0 0 0.64368736743927 0.8660242930054665 0 1945.65431650728 3.979561626911163 0 0.7521276995539665 0 64.08692529797554 298.5312115624547 743.7624406069517 26.39105224236846 0 5.09835459291935 1132.64511603117 36.96060567349195 0.8446747809648514 5.245076060295105 0 0 1.015251412987709 5.683644838631153 156.6614481657743 111.7072223722935 4.67832600325346 11.56243096292019 12.56386267393827 1.898845717310905 0.4425033628940582 0 0
11.65378504991531 762.9319985210896 43.43241877108812 1385.040407337248 20.78338116407394 55.60274539887905 342.722834136337 69.04704042896628 6017.633711859584 433.5330517143011 28.73370409756899 794.0086682327092 38.56844092905521 113.859172411263 638.6268765702844 1500.359699875116 5.716600820422173 0.8614947274327278 1.235108062624931 766.7765188291669 57.8272642865777 4998.171148404479 364.0992509573698 8905.206002425402 259.582100071013 60.44672894477844 853.6000445373356 10412.07157514617 415.7554813846946 419.1295548453927 6.565989218652248 5.551853165030479 82.35985074192286 184.6758264936507 67.32629320025444 1216.833613544703 84.2580756098032 311.240745883435 236.5591180846095 552.1122491918504 13.3766712397337 4.472246639430523 8.250363804399967 24.67979373782873 5.730240359902382 8.340985313057899 215.2770173102617 0.126523420214653 19.29594232514501 181.0598243698478 44.70962903648615 951.2693259045482 267.7750812359154 7.182574294507504 85.74267912656069 1.583961512893438 70.25602125003934 13.68721362948418 526.3208394683897 1.404795803129673 2.282201837748289 0.5107384659349918 161.2049633413553 135.5505026131868 177.8843912184238 42.91612167656422 2715.718772597611 0.1784974634647369 5.638334635645151 66.67406452447176 2471.846575964242 171.3878266960382 129.2881312146783 0.2700164690613747 5.533332232385874 18.8911758698523 57.15237524360418 23.7773260846734 319.8057931736112 6.390015166252851 196.8511905223131 61.20593074709177 197.5609943345189 6.866612285375595 0.3273940235376358 2.288673594594002
0 1539.319409362972 1.25985187292099 0 1.174058474600315 1.424697726964951 0.6932752802968025 1.595272876322269 135.8612378835678 1.453988708555698 962.7903364449739 0 3943.773251600564 0.2212689816951752 2.907949432730675 13.23123249411583 0.501638188958168 14.14882440119982 3.029590278863907 0.1246856674551964 1.870201885700226 617.151198759675 1.236738875508308 259.582100071013 213.8323984891176 469.4298228919506 5701.069439195096 19.81571387499571 1.535068921744823 3.389403723180294 499.7794828340411 0.4569995552301407 0 73.90915228426456 5.829509727656841 270.8939344808459 330.1067388653755 276.7788716703653 95.11302318423986 26.51837051659822 5.607302308082581 495.0668297708035 1.182310193777084 0 24.09926240891218 0.5314468890428543 0 0 0 0.1569280177354813 0 0.4229648485779762 0.08328992873430252 126.3544050902128 0 258.5844749584794 0.2632160261273384 0 6.85550381988287 0.8082217872142792 2.572546757757664 7.48832418769598 0 2.361160516738892 3.39967929571867 0.8775455355644226 1.235638119280338 97.35841679573059 144.9072745963931 743.5137245059013 2.124924868345261 0.8995618745684624 0.4047344699501991 34.7004401832819 0 0 9.500742770731449 4.177216768264771 98.89878974854946 110.7644467279315 23.48918320983648 1.100836642086506 25.52154735475779 0 58.88664816319942 0
6.030378188937902 281.4859118759632 6720.526417471468 1.945042550563812 21.58922699838877 16.90089369565248 37.17145925760269 64.51193913072348 22.63317795842886 15.26140559092164 2155.900626152754 4.508084531873465 477.7135371342301 32.58445513993502 0.2153524905443192 11.51850692182779 2211.010213114321 1386.100118070841 2623.680349510163 3.283803954720497 7.739876843988895 65.86752060055733 312.2859735563397 60.44672894477844 469.4298228919506 17587.403163068 11030.97211875767 26.31731580942869 133.79139720276 28.08510396629572 152.9050995260477 53.04973860085011 3.61800903826952 2539.439205363393 37.80516893416643 3971.428430959582 6204.307669587433 3040.371711682528 869.9847633242607 92.06453792005777 5.574592985212803 41.86730023473501 14.26909757405519 0.7871324792504311 486.6827239841223 227.8639867976308 0 0 0.3601350486278534 4.204728849232197 0.7255657911300659 5.027434043586254 0.2995477020740509 102.682672098279 0.1435860767960548 636.8304002061486 4.707155413925648 0 4.004178777337074 123.2515141889453 54.71748866140842 324.1166349351406 0 1.37223906815052 15.72547629475594 11.15610038489103 10.62182953953743 770.7020194903016 2975.997406288981 5697.562597572803 2.441354617476463 1.590252954512835 4.973555639386177 399.6785817742348 0.2144841253757477 0 29.03176345676184 10.6347910836339 76.29699196666479 88.33897267282009 57.77151515334845 21.56788496673107 4.477061949670315 0 4.031215645372868 0
6.446445934474468 5643.967325679958 3775.620121069252 1.210108332335949 5.190708816051483 9.0113894790411 155.9692574515939 37.98993124440312 175.5253975093365 10.30902907252312 634.060062982142 1.310962621122599 1948.275258719921 33.9310414493084 5.434477105736732 1933.331670314074 4313.024288080633 317.3011859282851 1462.348798789084 2.018801167607307 395.4342854917049 2798.968100562692 8189.250076457858 853.6000445373356 5701.069439195096 11030.97211875767 29375.89905405045 618.6615252606571 72.33777241408825 61.78186249732971 692.2069450318813 13.91406010836363 6.542730078101158 3432.43454003334 187.5202459394932 6123.558807268739 2954.662500612438 5688.772373311222 1301.085712946951 300.6512892879546 10.09572951495647 22.64972731471062 40.55091832578182 2.990849524736404 2690.421821855009 2550.939083352685 0 0 0.06528290361166 14.94194071739912 0.8333775475621223 4.706494547426701 0.8052583113312721 51.96359725296497 0.1078891232609749 273.2529516369104 7.154794108122587 0 1391.532876573503 198.0209505856037 33.4108577594161 215.2215410619974 0.257175400853157 21.6257558837533 605.6712132096291 731.3547184243798 43.90854626893997 721.0364777222276 2940.248100489378 13982.5975420028 39.67759465053678 3.751716926693916 9.598134249448776 184.9058934003115 0.1811293140053749 0 66.43780317902565 79.4742391705513 176.6406292244792 112.2054570689797 104.2537892088294 54.14053429663181 5.686908818781376 0.193260669708252 2.025323480367661 0
100.9785644710064 60.85597080737352 1164.594787281007 2404.130487367511 3.743699196726084 907.8397359475493 11823.69917161763 681.8482673950493 2215.621737286448 4847.12368067354 12.84156086295843 572.284735340625 22.11992054432631 927.7774105034769 45.59869141876698 1864.24865065515 56.16765403002501 5.209776811301708 13.34539783373475 2801.88951798901 1640.171051546931 704.7710156738758 3706.079271309078 10412.07157514617 19.81571387499571 26.31731580942869 618.6615252606571 18249.6832603924 2665.478559050709 7514.279273342341 1.118906959891319 39.31767393648624 471.2150851488113 1589.841697920114 322.0429172664881 4269.713912062347 322.5473349839449 2364.431075979024 1508.209467124194 355.2186110503972 100.9557363577187 6.385211050510406 56.69853983074427 24.75896422564983 1.164637617766857 12.35602347552776 155.2591496407986 0.901308074593544 28.19591949507594 283.4645638093352 71.01678482443094 479.9851860776544 273.4355859905481 12.11969373747706 55.48883249610662 3.266335316002369 91.97075934335589 11.53947819024324 642.3813907317817 0.4454561769962311 3.561991438269615 0.7997681088745594 111.8245684430003 189.8275487422943 111.3199743255973 61.47230308502913 2516.575614728034 0.3183948174118996 8.684510167688131 94.71053985506296 2739.574940286577 188.6525977067649 141.8946439884603 0.6439522951841354 7.229684103280306 20.53881587833166 78.41011302173138 42.20588551461697 464.659437213093 9.256865195930004 239.0417894013226 65.33090485259891 207.5336342565715 13.15758646279573 2.514796651899815 2.692358784377575
1364.853258371353 5.130949586629868 102.3484120033681 119.4398964829743 8.24984710291028 173.9639813005924 2042.052536159754 630.1411713585258 82.84692105278373 963.1726002283394 194.4488711133599 255.3396472856402 38.85613599792123 3696.049106981605 5.567103363573551 5.400162003934383 417.0099179148674 67.29270870611072 152.1019054725766 223.8743789978325 171.5672455839813 33.46647373214364 474.0083678476512 415.7554813846946 1.535068921744823 133.79139720276 72.33777241408825 2665.478559050709 9318.04322848469 2812.864091459662 2.499475114047527 213.8674362525344 1822.656465511769 2627.82726547122 16.76971293985844 1181.264467280358 92.14850371330976 1520.101065311581 421.9224436990917 226.7505224235356 203.9769659861922 6.945530466735363 9.825458534061909 2.62679910287261 0.217114545404911 0.6845148056745529 1.558758623898029 0 0.2354687750339508 11.7189781293273 2.160686660557985 17.50183637067676 4.428533889353275 0.8722652457654476 1.81617146730423 0 5.720074698328972 0.1961768344044685 51.60142840072513 0.07650309056043625 0.1954075768589973 0.1188313812017441 1.671460956335068 16.51133842766285 10.65508887544274 1.389589473605156 147.6845243908465 0.1025936231017113 3.058474138379097 4.361694898456335 164.6544110029936 16.47888541966677 13.73072028532624 0 0.07543937861919403 2.738975629210472 5.323765732347965 3.250109530985355 46.56642860919237 1.410542562603951 16.01780857145786 7.810222983360291 7.803660504519939 1.354490421712399 0 0.2970468401908875
