1661.791243650019 0 27.02098000794649 0.3229585289955139 0.2619228214025497 38.36084195226431 4342.488527920097 1495.934526398778 9.162079721689224 54.33924234285951 5.193731166422367 2.047414138913155 0.2285397723317146 12330.83564281091 0.111224003136158 0.6325282454490662 115.27253613621 2.858034376055002 11.50296676158905 3.306326068937778 62.95978613942862 0.6162097677588463 180.0176054388285 44.07784836366773 0.08278452605009079 75.14488790929317 13.96806832402945 153.177781611681 4586.608286395669 3536.194190211594 0.1513079777359962 3.625232934951782 78.38003998249769 231.1908881366253 0.6340005993843079 128.7989393174648 2.734932400286198 178.9173105694354 55.82773406803608 24.16526857763529 8.355714872479439 0.095421202480793 1.722129166126251 0 0 0.1186391189694405 0 0 0 3.408385396003723 0 3.986868388950825 0 0 0 0 0 0 0.4427666664123535 0 0 0 0 0 1.494107931852341 0 10.01664367318153 0 0.1903097033500671 1.175813406705856 13.3679636567831 0.1817032396793365 1.844105243682861 0 0 0 0 0 0.8971218839287758 0 0.2205135598778725 0 0 0 0 0
0 278.6725119203329 286.9564186185598 0 0 0.1989634484052658 2.06642697006464 0.3205086588859558 692.4263661652803 0.09438472986221313 125.8816727474332 0 833.1413812860847 0.5594648122787476 0.8929069638252258 202.7238312885165 40.84934340417385 14.86409230530262 38.09198296815157 0 11.5081415772438 3047.670185536146 41.29796236008406 822.7938115671277 1753.634111747146 720.3204325512052 11498.86531797796 50.51957757771015 0.2136373296380043 0.4653910845518112 25.47906003892422 0.1345504522323608 0.1633302569389343 25.22351748496294 0.4007737189531326 45.85980426520109 222.9431403204799 45.22654420137405 12.85417125374079 2.211079381406307 0.3997936919331551 253.8330130428076 3.159007206559181 0.1298817247152328 71.09036282449961 94.12305945158005 0.3331096917390823 0 0 1.179247967898846 0.1542201340198517 2.984951376914978 0 1.221981875598431 0 13.47999821603298 0.5335050523281097 0 4.855811543762684 4.721522130072117 1.538560025393963 13.11536519229412 0 0 6.849824585020542 1.891328006982803 3.352139547467232 7.261095710098743 272.3876802921295 1456.50707384944 4.233203500509262 0.3625988215208054 0.6461768820881844 3.075804002583027 0 0 4.627407684922218 0 8.965440832078457 14.56434182077646 12.93594026565552 2.373609378933907 0.2768188267946243 0 8.986482001841068 0
27.02098000794649 286.9564186185598 7783.265522383153 0.7866796031594276 0 26.68067236989737 178.7122940570116 174.7644667215645 22.65315467864275 15.64800060912967 51.51926086097956 0.7525350302457809 6.599985115230083 128.1214696913958 0.3897720649838448 9.536933265626431 3166.053393438458 94.38613758981228 540.9805584773421 1.407640337944031 1304.46882750839 65.99629879742861 10965.25883971155 187.7923549860716 0.274413488805294 6970.844480924308 7190.613290898502 307.0398724377155 40.17918306589127 244.8623104430735 0.3935279324650764 0.6378695145249367 4.769326865673065 623.4633779898286 20.3592936694622 1665.212420344353 602.0080518126488 1230.420022234321 769.0001731440425 23.20803655683994 9.565175645053387 3.771175533533096 12.07216744124889 0.1065296828746796 357.2437939271331 401.9903787374496 0.2385961264371872 0 0 11.44841524958611 0.3193462863564491 11.92486977577209 0.1035338491201401 0.3377738371491432 0 2.144423872232437 0.2279781550168991 0 1.985292002558708 23.09288719296455 1.436712391674519 33.75745875388384 0 0.1238451227545738 18.89423179626465 10.72042644023895 21.87758556753397 2.942975468933582 780.4998609349132 2189.314339011908 18.62359456717968 0.3626480773091316 5.945896960794926 0.7343476116657257 0 0 5.85064822435379 28.55042046308517 24.89342857897282 21.06811460852623 19.84614587575197 7.227662451565266 0.129588708281517 0.3801268637180328 0.271780788898468 0.1579129993915558
0.3229585289955139 0 0.7866796031594276 2598.661141492426 0.6676500663161278 60.16822215914726 27.96012477576733 16.74710741639137 105.0274844020605 889.1158276684582 0.09178249537944794 5224.793421320617 0 16.84365940093994 28.12008558958769 0 0.06866984069347382 0.07407280802726746 0 4808.768841095269 0.2068181857466698 0 0.5899560004472733 665.4083813130856 0 0.3808484524488449 0 2864.657796092331 25.5065950602293 0.9808155372738838 0 0.3897270709276199 1.075827457010746 18.54287054389715 0 66.95908030867577 0.1335845440626144 20.61913573741913 2.759809717535973 96.7162846699357 2.854367427527905 0.2201287448406219 0.3744105473160744 0 0 0 55.50402280688286 0 0.9805198833346367 10.91571047157049 0.7288916707038879 6.40570917725563 5.402275681495667 0 51.36032092571259 0 0 0 0 0 0 0 0.6755399629473686 0 0 0 22.55916833132505 0 0 0 23.14267178624868 0 0 0 0 0 0 0 0.2659994959831238 0 0.09604229032993317 0 4.751010060310364 0 0 0
0.2619228214025497 0 0 0.6676500663161278 2.413689017295837 344.1788795813918 3.391234554350376 69.9032124504447 90.95888608694077 11.072824023664 7.308435298502445 96.0108365342021 2.352263674139977 42.45904974639416 909.7508613020182 0 0 1.933198854327202 0.8716664165258408 3.337569855153561 0 0 0.1805434599518776 27.01851170510054 0 0.8227610811591148 0.267691932618618 5.089378856122494 3.298946484923363 0.7279124110937119 0 322.1962763369083 0 120.6116445213556 0 10.07397875189781 2.455147907137871 124.2691996619105 42.33743087202311 720.3553024679422 73.17893101274967 0.5198430866003036 0.5523894429206848 0 0 0 0 0 0 0 0 0 0 0 0 0 0 0 0 0 0 0 0 0 0 0 0.4170064851641655 0 0 0 0.06735131144523621 0 0 0 0 0 0 0 0 0 0 0 0 0 0 0
38.36084195226431 0.1989634484052658 26.68067236989737 60.16822215914726 344.1788795813918 10586.97596174106 2993.131947286427 8575.26500153169 40.77352169156075 18802.29669577256 5.632449790835381 3874.671402409673 0.9753349050879478 1905.978543970734 483.0038889348507 0.1634742841124535 24.81852582097054 3.008751638233662 6.738432858139277 530.0749206580222 15.45673625916243 0.4724677801132202 83.52207133546472 56.8672537393868 0 33.02727775648236 5.531162019819021 1013.226958107203 602.2545746341348 108.5026708170772 0.08670674264431 742.5055977404118 12.98247228935361 161.1540716551244 0.4979323968291283 198.0145355314016 2.157629288733006 231.0250120647252 78.16819633170962 1970.350527208298 99.18722013011575 0.2550637796521187 3.775244884192944 0 0 0 0.5669284909963608 0 0.1141795292496681 6.622819602489471 0 8.327160604298115 0.4402559846639633 0 8.016248404979706 0 0 0.5515127405524254 0.5679298415780067 0 0 0 1.106387212872505 0 0.3612671121954918 0 23.5508781298995 0 0.1108073443174362 0.1013276055455208 24.69955645874143 0.06398057192564011 0.5763991475105286 0 0 0 0 0.2141388654708862 1.503146417438984 0 0.07814615964889526 0.1314596235752106 1.676841601729393 0 0 0
4342.488527920097 2.06642697006464 178.7122940570116 27.96012477576733 3.391234554350376 2993.131947286427 19752.42569446191 8412.156026627868 462.2181490287185 4154.640216652304 8.273841958492994 49.73113873973489 2.297528125345707 9216.167826473713 19.43308540433645 6.937749199569225 72.65660220757127 6.749888099730015 12.3190318569541 94.00828316807747 165.3754382394254 8.192717701196671 678.9718298353255 1127.628260053694 3.500345446169376 104.0552586019039 60.81315079331398 23402.2717586793 2287.210874371231 6296.311618838459 0 17.44528843089938 114.8332510069013 1093.709901824594 4.746759161353111 1954.269781608135 20.23197723925114 1248.187562324107 284.2447192296386 393.8345024399459 103.610265634954 0.3197321742773056 25.10794414579868 0.1864058971405029 1.039644934237003 2.14570938795805 3.102245159447193 0 1.403688088059425 111.1851180270314 0.6808258444070816 213.1701966486871 3.65091572701931 0 1.734266124665737 0 0.5939361229538918 0.102153055369854 4.200719319283962 0 0 0 6.102659486234188 0.2922767549753189 3.824474863708019 0.9563291072845459 367.2148727551103 0 0.6845011711120605 10.47687210142612 614.809657856822 3.123405881226063 10.35892198979855 0 0 0.9109249264001846 3.175118304789066 2.014343366026878 52.69740469008684 0.2147198468446732 7.164381422102451 1.199220888316631 17.22603223472834 0.09814593940973282 0 0.3552254736423492
1495.934526398778 0.3205086588859558 174.7644667215645 16.74710741639137 69.9032124504447 8575.26500153169 8412.156026627868 14410.25536947697 19.10206096619368 6553.386380400509 12.89217071607709 285.7062169127166 3.339717656373978 13693.97813168168 104.2861137837172 0.6924570649862289 237.1873753927648 10.18556908518076 41.37060450017452 121.6742506437004 121.8176711685956 1.447824589908123 593.0712888613343 77.10511776432395 0 243.6521362476051 39.20712113380432 1056.092960122973 2586.790106263012 1318.517223522067 0.2822267115116119 626.4807895049453 16.95019497722387 432.5818204656243 2.85089472681284 404.8948558308184 7.411045454442501 620.4454558640718 318.4726553596556 758.626454949379 211.8056096434593 1.393170811235905 3.513751141726971 0 0.1098633036017418 0 0.1863783076405525 0 0.07871463894844055 6.053945615887642 0 7.836577773094177 0.5081021785736084 0 0.1022368296980858 0 0 0.2369590699672699 0.8744738027453423 0 0 0 0.8885730057954788 0.4837671369314194 1.017695352435112 0.207022026181221 23.42143842577934 0 0.2276217043399811 3.31225698441267 20.72997529059649 0.2376802489161491 0.6452067866921425 0 0 0.06986971199512482 0 0.6647072657942772 1.396225437521935 0 0.4065045118331909 0.204446941614151 0.2107158228754997 0 0 0
9.162079721689224 692.4263661652803 22.65315467864275 105.0274844020605 90.95888608694077 40.77352169156075 462.2181490287185 19.10206096619368 2076.159879349172 323.807725533843 3.157313734292984 564.075464554131 20.3365366384387 16.20406822487712 875.5345043316483 149.5946222245693 4.036377564072609 0.8493812084197998 2.718242667615414 487.4613135382533 48.41051259636879 3647.618487402797 80.41772165894508 13969.36687864363 84.08369326591492 12.60575377196074 712.3802967742085 1916.403367236257 78.82122029736638 139.305023483932 0.3496846482157707 0.1588693931698799 28.39285456389189 91.96817265450954 1.075057953596115 321.2627612277865 50.83842332661152 91.64431249350309 31.69040518254042 581.8779146894813 9.335745647549629 3.196273431181908 2.169629141688347 0.3750499337911606 3.853895343840122 1.19237032532692 30.22191625088453 0 8.327123053371906 308.472688652575 3.012080304324627 278.2947307601571 15.97935651987791 0.5628405138850212 70.0917571336031 0.08174765110015869 5.000998646020889 32.38108636438847 348.6766585558653 0 0 0.2167367413640022 30.73942141234875 99.52608595788479 114.4678334221244 49.58194298297167 1582.911205239594 0 1.467092327773571 35.06743474304676 828.9333866909146 4.575436860322952 89.13553221523762 0.1050311550498009 0.1629665195941925 1.747742615640163 4.87612072378397 2.057384826242924 76.80627087503672 3.727456115186214 11.24041801691055 1.179869510233402 109.2636633813381 0.4021992683410645 0.1516495198011398 0.4978961423039436
54.33924234285951 0.09438472986221313 15.64800060912967 889.1158276684582 11.072824023664 18802.29669577256 4154.640216652304 6553.386380400509 323.807725533843 27826.46590401232 13.68524414673448 4422.198922932148 0.6780561506748199 1612.017453186214 101.0746114999056 1.011836238205433 2.078327056020498 4.320989266037941 2.557535640895367 2745.225670736283 7.348518624901772 1.470065541565418 46.23928331211209 898.9418820142746 0.1670403927564621 11.47433143481612 4.830850891768932 5687.347933132201 1293.519359730184 43.64245517551899 0 24.38103772327304 17.32377253472805 666.6131582148373 1.055714130401611 1362.193846777081 11.54456911236048 727.8630848228931 96.92091518267989 724.7201066613197 67.63556402176619 0.4442928060889244 18.95432738214731 0 0 0.5331152752041817 8.26238364726305 0 0.7756217569112778 33.22569225728512 0.6134967505931854 29.57392590492964 29.35825594514608 0 16.90272992104292 0 0.1775593310594559 0.7760658636689186 0.4499758780002594 0 0 0 6.642956607043743 0 0.4842788949608803 0.09205502271652222 98.86223832517862 0 0 0.6152485981583595 76.33362828940153 0.08414226770401001 1.662018954753876 0 0 0 0.8726502433419228 0.6783570647239685 5.305441051721573 0 1.356918901205063 0 9.51582995057106 0 0.06893733888864517 0.2964433431625366
5.193731166422367 125.8816727474332 51.51926086097956 0.09178249537944794 7.308435298502445 5.632449790835381 8.273841958492994 12.89217071607709 3.157313734292984 13.68524414673448 15464.65556666255 2.046063050627708 4088.675373569131 119.7150516472757 1.29108028113842 0.7545894458889961 289.9092389121652 5320.082557313144 3481.265066146851 0.7414981946349144 16.79702577739954 17.94660963863134 83.82208103686571 4.093977995216846 1059.895231597126 4926.881614364684 1304.129033848643 5.796744793653488 196.9876108765602 15.68580713868141 393.2588180080056 64.10407900065184 0.3201089203357697 5321.791145123541 15.04340900480747 491.8892122134566 4605.981577016413 6120.522759944201 1977.112851716578 83.69539809972048 54.66972049325705 1271.007540866733 9.106229491531849 0 15.68516591191292 0.1161430925130844 0 0 0 0.115396648645401 0.1842849850654602 0.1176674664020538 0 137.5314824804664 0 582.2585306614637 0.2155645713210106 0 0.1010220870375633 0 13.26568607240915 1.052522145211697 0 0 0.2144179195165634 0.162422239780426 0.2717473581433296 50.36368388682604 67.12253030389547 284.4899097681046 0.7280723825097084 0.5149354636669159 0 53.57924119383097 0.6200937852263451 0 7.906179815530777 22.04900346696377 4.392015174031258 424.6270666494966 59.17607809603214 4.839594133198261 0 0.07962750643491745 101.4167697802186 0
2.047414138913155 0 0.7525350302457809 5224.793421320617 96.0108365342021 3874.671402409673 49.73113873973489 285.7062169127166 564.075464554131 4422.198922932148 2.046063050627708 8178.567093297839 0.2032076269388199 259.246008772403 1428.372868448496 0 0.3173060566186905 0.7343485578894615 0.4834205657243729 5543.931916102767 0.1638153642416 0.1572916358709335 2.516186863183975 812.3372965455055 0 1.901427358388901 0.2410885840654373 2557.260318715125 239.0790902487934 3.181966885924339 0.08848681300878525 12.31118509918451 1.767138250172138 66.68234496563673 0 362.4965588450432 1.549505658447742 74.18682368099689 14.16476701200008 1823.115625299513 8.778049103915691 0 0.7921737879514694 0 0 0 52.44089432060719 0 2.011754177510738 27.76099174469709 0.4352514520287514 29.71421917527914 25.82834529131651 0 83.21966126561165 0 0.5189605876803398 3.949809610843658 0 0 0 0 9.849780671298504 0 0 0 115.2693595141172 0 0 0.5581408143043518 39.71653643250465 0.3523870334029198 0 0 0 0 0.1307755261659622 0 1.311616271734238 0 0.1758925244212151 0 34.1792908757925 0 0 0
0.2285397723317146 833.1413812860847 6.599985115230083 0 2.352263674139977 0.9753349050879478 2.297528125345707 3.339717656373978 20.3365366384387 0.6780561506748199 4088.675373569131 0.2032076269388199 6520.025527693331 17.01807617396116 7.912504583597183 1.845894649624825 3.456044793128967 199.3048470616341 45.87925221771002 0.1998153850436211 4.258450821042061 104.2988357767463 28.92025430500507 28.93483419716358 7497.00372672081 1832.659793458879 6424.014931924641 9.927565827965736 20.30851545929909 6.907126545906067 1793.502469472587 8.282806172966957 0 708.6769595146179 37.00015616416931 1423.10067569837 5860.11721817404 3549.133174538612 762.2195365428925 20.18255253881216 138.2184531018138 1403.138817697763 12.58977103978395 0 71.32246100902557 0 0 0.07668640464544296 0 0.9306460693478584 0.6489758342504501 0.1752884462475777 0 268.4070664420724 0 1186.580420270562 0.4203544855117798 0 0 0 21.10659185796976 0.3145522177219391 0 0.3026975989341736 0.3518656641244888 0.2786931023001671 0.48479263484478 136.7029721364379 109.5759713277221 450.6045273989439 3.415484435856342 0.8698757961392403 0 91.83873903751373 0.301423117518425 0 19.18039957433939 57.00038732588291 663.3861486017704 899.0225201025605 93.37161035835743 7.737766675651073 4.509118050336838 0.3184669986367226 270.9626845344901 3.841563880443573
12330.83564281091 0.5594648122787476 128.1214696913958 16.84365940093994 42.45904974639416 1905.978543970734 9216.167826473713 13693.97813168168 16.20406822487712 1612.017453186214 119.7150516472757 259.246008772403 17.01807617396116 8316.292305469513 14.69696076959372 1.219176836311817 315.3292344249785 32.97328114882112 53.08557116985321 116.8137284293771 144.9638726003468 1.264704573899508 551.2244301363826 99.96915924921632 0.9261371195316315 261.2578457929194 48.22728770971298 830.705890506506 9085.454741004854 2736.01732699573 0.5684775933623314 42.83292306214571 55.24316073581576 1960.394515823573 1.913198970258236 608.7905587628484 35.07593933492899 1725.057926449925 735.2930084206164 1024.887988258153 714.5101103149354 6.668616361916065 7.604348983615637 0 0.6626799553632736 0.1069208756089211 0.2324969545006752 0 0.1818496659398079 4.87470992654562 0 8.02911576628685 0 0 0.5221471786499023 0.1447066813707352 0 0 0.5455266162753105 0.1642774641513824 0 0 0.2450991123914719 0.1690783351659775 1.181257590651512 0 21.40365067496896 0 0.2537910416722298 1.940113924443722 28.81033575534821 0.2875478640198708 1.576058320701122 0 0 0.09453842043876648 0.3584395051002502 1.68816140294075 2.730533644556999 0.08110520243644714 0 1.790336072444916 0.6538010090589523 0 0 0
0.111224003136158 0.8929069638252258 0.3897720649838448 28.12008558958769 909.7508613020182 483.0038889348507 19.43308540433645 104.2861137837172 875.5345043316483 101.0746114999056 1.29108028113842 1428.372868448496 7.912504583597183 14.69696076959372 585.0722986236215 0 0.330976739525795 0 0.08631997555494308 137.0241024419665 0.406555213034153 2.52312633395195 1.003614254295826 1002.146411836147 3.069399654865265 2.699668034911156 1.523567020893097 118.0125337019563 7.801075920462608 0.8922445848584175 0 26.03625854849815 0 8.438383307307959 1.763714268803596 166.1059638261795 19.87051397562027 69.27111781388521 7.650156982243061 1101.404342010617 15.63859962671995 18.78656116127968 0 0 0 0 1.162015527486801 0 0.1002752631902695 2.209981471300125 0.482524186372757 2.310853838920593 0.3732827752828598 3.926632165908813 2.168275028467178 0 0 1.08852955698967 0 0 0 0 0.3204292356967926 0 0 0 7.726177394390106 0 0 0 2.513098426163197 0 0 0 0 0 0 2.243864461779594 2.629935815930367 0 0.1276201605796814 0 7.438779219985008 0 1.734122931957245 0.4247291684150696
0.6325282454490662 202.7238312885165 9.536933265626431 0 0 0.1634742841124535 6.937749199569225 0.6924570649862289 149.5946222245693 1.011836238205433 0.7545894458889961 0 1.845894649624825 1.219176836311817 0 5156.696088671684 10.80567693710327 0.2172088027000427 1.988713435828686 0 2353.601861067116 4244.831634379923 5119.951812386513 3093.143623694777 7.702612057328224 5.449472218751907 3093.197698555887 2062.791024729609 2.87329164147377 10.80580558627844 0.1154505386948586 0 1.021565027534962 41.06826771050692 17.43599258363247 2385.061904847622 755.5903679728508 174.3926267176867 396.9076145142317 104.1434862539172 2.196988083422184 1.776516579091549 9.975393950939178 0.2486020773649216 12.57168508321047 44.59784259647131 0.988856703042984 0 0.1274815052747726 99.47729399800301 2.681676864624023 14.11862381547689 0.1658106297254562 1.6850665807724 0.1087320372462273 0 3.406652398407459 0 1450.624339334667 3.670180857181549 0.1246198415756226 0.2947647571563721 0.1212190538644791 172.4256766587496 1407.277007609606 744.9579869285226 199.5655749961734 0.1304828822612762 2.650017216801643 884.4779164269567 305.9362908005714 1.170081779360771 25.22869198024273 0 0 0.1238524541258812 2.402707740664482 14.904097661376 38.32958739250898 9.379171945154667 10.60585086792707 5.644294194877148 1.295000493526459 0 0.3351248800754547 0.4244649708271027
115.27253613621 40.84934340417385 3166.053393438458 0.06866984069347382 0 24.81852582097054 72.65660220757127 237.1873753927648 4.036377564072609 2.078327056020498 289.9092389121652 0.3173060566186905 3.456044793128967 315.3292344249785 0.330976739525795 10.80567693710327 1828.18175971508 281.3262184783816 3758.837673857808 0.0928545743227005 745.4626301974058 37.35175653547049 3340.139895662665 23.61002673208714 3.023728713393211 4653.34955445677 9108.010451540351 78.84448119997978 196.5230330713093 970.1876490265131 1.332496456801891 1.077925190329552 21.17774210125208 1603.525902077556 0.6874093264341354 286.14713563025 57.6575016900897 648.6148991957307 305.9509265348315 18.62274195998907 6.126242123544216 1.661739841103554 2.340693272650242 0 28.8237015157938 34.19951035827398 0 0 0.1011455059051514 2.837763383984566 0.2870524823665619 1.500788129866123 0 0.3009867966175079 0 0.6765297949314117 0.09225483983755112 0 0.4646560996770859 0.7729916945099831 0.5903619527816772 1.489764228463173 0 0 8.409612506628036 2.479056052863598 3.6235506311059 0.4350499659776688 31.29120346158743 195.444705568254 5.145886838436127 0 0.6456678658723831 0.2920113950967789 0 0 0.1738345623016357 2.819201096892357 1.683552034199238 0.8036007434129715 1.362220466136932 0.7474596798419952 0 0 0 0
2.858034376055002 14.86409230530262 94.38613758981228 0.07407280802726746 1.933198854327202 3.008751638233662 6.749888099730015 10.18556908518076 0.8493812084197998 4.320989266037941 5320.082557313144 0.7343485578894615 199.3048470616341 32.97328114882112 0 0.2172088027000427 281.3262184783816 648.9120436757803 1962.415077805519 0.547074131667614 21.37716870009899 2.351279988884926 88.54356341809034 2.295197647064924 75.55859640985727 6067.707992874086 1719.063404195011 5.25267505645752 45.30763386934996 14.23055867478251 54.49235247820616 9.101863779127598 0.1733428537845612 1399.015616998076 5.125301778316498 416.034885160625 950.0349568650126 1527.33673876524 660.5547595769167 19.69700000435114 7.966386839747429 45.91034260392189 4.362259358167648 0 5.321969397366047 1.099613182246685 0 0 0 0 0 0 0 4.01382490247488 0 37.59905438125134 0 0 0 0 4.089214041829109 0.2477965280413628 0 0.09998846799135208 0.2088583782315254 0 0.4683093205094337 3.26915966719389 26.71703277528286 131.590690895915 0.4504489898681641 0 0.1649796217679977 7.663216099143028 0 0 0.6169592887163162 5.328125797212124 0.9242703467607498 16.8281259611249 2.214622028172016 0.8581850454211235 0.1228466928005219 0 0.9320923164486885 0
11.50296676158905 38.09198296815157 540.9805584773421 0 0.8716664165258408 6.738432858139277 12.3190318569541 41.37060450017452 2.718242667615414 2.557535640895367 3481.265066146851 0.4834205657243729 45.87925221771002 53.08557116985321 0.08631997555494308 1.988713435828686 3758.837673857808 1962.415077805519 2643.44294270128 0.6001962944865227 91.33237639814615 7.932160019874573 362.1177688017488 5.284949027001858 25.55641101300716 8247.810423336923 3533.677253626287 15.55035643652081 37.58517043292522 65.59620307385921 20.00152481347322 6.622005894780159 2.317886978387833 2918.392245035619 6.061491876840591 342.5310445949435 334.1326889693737 1053.829175978899 443.987612336874 13.58197275549173 4.404180265963078 11.84392492473125 3.247611738741398 0 12.0079640597105 5.087433941662312 0 0 0 0.3836718201637268 0 0.4794604331254959 0 1.879782125353813 0 6.842038564383984 0 0 0 0.2116583213210106 1.533399939537048 0.467346116900444 0 0 0.9291060343384743 0 0.9440947622060776 2.195476196706295 23.00493806600571 94.26134421676397 1.143936224281788 0 0 2.394257321953773 0 0 0.2193448469042778 4.80029821395874 0.2251474857330322 4.337314084172249 1.144142977893353 0.4703748524188995 0 0.1858385354280472 0 0
3.306326068937778 0 1.407640337944031 4808.768841095269 3.337569855153561 530.0749206580222 94.00828316807747 121.6742506437004 487.4613135382533 2745.225670736283 0.7414981946349144 5543.931916102767 0.1998153850436211 116.8137284293771 137.0241024419665 0 0.0928545743227005 0.547074131667614 0.6001962944865227 1046.128090374172 0.1826407015323639 0 3.787598334252834 1253.253350935876 0 0.8703364580869675 1.459766805171967 6288.441698275506 145.6262752562761 5.154380671679974 0.1241952106356621 2.70652512460947 2.863680742681026 65.68082592636347 0.2481779158115387 193.9716883078218 1.772671572864056 76.34295800700784 12.04745482653379 500.0977841168642 6.881907969713211 0.1245096772909164 2.61521290242672 0 0.103556290268898 0 128.0406301990151 0 1.059172466397285 15.56880253553391 0.1258791089057922 21.72543947398663 2.586566753685474 0 22.73330033570528 0 0.208399586379528 0.7200057506561279 0 0 0 0 7.618072524666786 0 0.3443557024002075 0 70.667590752244 0 0 0.1628642678260803 55.95434568077326 0 0 0 0 0 0 0.3941192179918289 1.318471819162369 0 0.07921324670314789 0.8980083465576172 12.6176571175456 0 0 0
62.95978613942862 11.5081415772438 1304.46882750839 0.2068181857466698 0 15.45673625916243 165.3754382394254 121.8176711685956 48.41051259636879 7.348518624901772 16.79702577739954 0.1638153642416 4.258450821042061 144.9638726003468 0.406555213034153 2353.601861067116 745.4626301974058 21.37716870009899 91.33237639814615 0.1826407015323639 10184.83721675724 253.4212446808815 19037.99429296702 1064.553374186158 1.70281108468771 651.0445376560092 373.473065495491 7672.823688685894 176.0991931930184 14665.07101020962 0.09448911994695663 0.1556925550103188 16.05903716385365 2956.301405437291 28.81508451700211 4602.951749078929 231.083012111485 3437.184461422265 2168.306086860597 265.8828569352627 17.38834422826767 3.373096935451031 35.0942467674613 0 1.759010784327984 6.403052195906639 0 0 0.1078304797410965 26.79190534353256 0.1362099945545197 10.1218538954854 0.1748690009117126 0.4271378219127655 0.1640659272670746 0 0.9917182922363281 0 239.0460245013237 1.885471731424332 0 0 0.2540571093559265 64.92344146221876 212.1418151110411 41.22669167816639 112.2445144504309 0 2.728197701275349 44.34666867554188 134.8318876326084 0.8880576938390732 21.54869675636292 0 0 0 0.973623514175415 18.5803087502718 12.76044550538063 3.528049364686012 1.334108531475067 2.508871033787727 1.694039553403854 0.3855699151754379 0 0.1166319102048874
0.6162097677588463 3047.670185536146 65.99629879742861 0 0 0.4724677801132202 8.192717701196671 1.447824589908123 3647.618487402797 1.470065541565418 17.94660963863134 0.1572916358709335 104.2988357767463 1.264704573899508 2.52312633395195 4244.831634379923 37.35175653547049 2.351279988884926 7.932160019874573 0 253.4212446808815 2380.100281260908 987.8653977587819 5215.679193854332 513.6428585276008 52.97298662364483 6515.733715154231 499.7998211607337 3.306898720562458 12.70012591034174 2.613985858857632 0 1.509548239409924 23.49078537523746 1.404327884316444 206.9210485443473 155.3217731490731 38.53737664222717 39.23121959716082 15.21422404050827 0.7001511454582214 20.51314343512058 1.454257518053055 0 59.33269880712032 167.2152586430311 2.494503110647202 0 0.2197725772857666 58.83251627534628 1.30254739522934 14.21670228987932 0.4255944937467575 0.5398766100406647 0.09899505972862244 0.7596505880355835 0.9304863139986992 0.2747510671615601 856.4702850580215 20.64238929748535 0.1004891842603683 2.696675010025501 0 97.93795709311962 405.9825978428125 413.8182487264276 120.3950990512967 0.9991390183568001 25.61503813415766 1417.214225329459 196.5256890431046 0.5814448669552803 13.09974567592144 0.3582687228918076 0 0 3.427409216761589 2.360383197665215 33.58253759890795 12.09756019711494 13.62329687178135 5.184707202017307 0.9448591023683548 0.0941208228468895 0.2196624577045441 0
180.0176054388285 41.29796236008406 10965.25883971155 0.5899560004472733 0.1805434599518776 83.52207133546472 678.9718298353255 593.0712888613343 80.41772165894508 46.23928331211209 83.82208103686571 2.516186863183975 28.92025430500507 551.2244301363826 1.003614254295826 5119.951812386513 3340.139895662665 88.54356341809034 362.1177688017488 3.787598334252834 19037.99429296702 987.8653977587819 16496.44831515849 1292.404817577451 3.079812034964561 3461.337216094136 11296.21565618366 4076.72823959589 264.1703241094947 5394.875667195767 0.3076292425394058 1.118595145642757 28.1927427276969 4472.012162469327 151.3017845749855 10692.65243367106 1756.907282993197 6314.261781200767 5953.022957250476 399.5767361819744 42.41491082310677 23.43003157526255 62.85934081673622 0.639732614159584 81.27645699679852 255.2067996636033 0.2575853168964386 0 0.2791581749916077 98.31860972195864 2.120580926537514 24.16554300487041 0.2803997471928596 0.4598478376865387 0.136205181479454 0 4.032842472195625 0 837.9024948850274 20.85980844497681 0.2461322695016861 4.01091843098402 0.3011519312858582 49.42967554181814 874.8239171802998 507.3748025074601 145.7536249011755 0.08948103338479996 45.71542487293482 1646.194817557931 199.8496890217066 1.065209746360779 23.18192647397518 0 0 0.1339035928249359 6.953948326408863 149.3350537717342 50.23524139821529 14.48882223665714 22.96437916904688 16.52081318199635 1.868252009153366 1.155502602458 0.4819151312112808 0.7588425874710083
44.07784836366773 822.7938115671277 187.7923549860716 665.4083813130856 27.01851170510054 56.8672537393868 1127.628260053694 77.10511776432395 13969.36687864363 898.9418820142746 4.093977995216846 812.3372965455055 28.93483419716358 99.96915924921632 1002.146411836147 3093.143623694777 23.61002673208714 2.295197647064924 5.284949027001858 1253.253350935876 1064.553374186158 5215.679193854332 1292.404817577451 15062.68323542923 93.49681559950113 26.45434463769197 1883.779032818973 17554.12283375114 377.3884830623865 763.306627176702 0.6391246914863586 1.307676024734974 134.7213701754808 551.0911683700979 5.784040145576 2469.343270771205 82.98784904181957 619.2001186087728 270.1668844819069 1521.198456943035 31.15010365098715 3.033444218337536 14.17079450935125 0.6459790542721748 8.167697355151176 5.221701368689537 97.07482875138521 0.7809737920761108 20.67782147228718 801.415150642395 11.37947133183479 1337.248186819255 39.33779185265303 5.817102313041687 78.46116074174643 0.9585441723465919 13.8676029369235 21.65859715640545 338.7399003878236 0.5087597221136093 0.2011249661445618 0.1112152263522148 59.23642698675394 109.0142769888043 616.0475454777479 91.81402318924665 3194.72721837461 0.278773695230484 3.000392206013203 111.7901568338275 3118.851057335734 18.31175763905048 229.501547113061 0.255271889269352 0.1172204613685608 7.009200476109982 17.519107863307 9.713217109441757 224.1342201903462 3.818860091269016 44.61208657920361 8.153067134320736 172.2829692363739 1.13975366204977 1.481625854969025 0.481733426451683
0.08278452605009079 1753.634111747146 0.274413488805294 0 0 0 3.500345446169376 0 84.08369326591492 0.1670403927564621 1059.895231597126 0 7497.00372672081 0.9261371195316315 3.069399654865265 7.702612057328224 3.023728713393211 75.55859640985727 25.55641101300716 0 1.70281108468771 513.6428585276008 3.079812034964561 93.49681559950113 1077.501357056201 1555.48556060344 7349.901827663183 6.099381797015667 3.322146624326706 0.08514712750911713 227.6889714002609 1.666169196367264 0 271.1635822877288 1.658141314983368 145.3286785706878 523.30821852386 611.6237222254276 95.27722480148077 1.249870628118515 24.09320533275604 693.9844241440296 6.242903657257557 0 81.17307131737471 0.1523600518703461 0 0 0 0.08723118901252747 0 0.6142064556479454 0.08186067640781403 168.8907841593027 5.092419624328613 1006.78199544549 0 0 0.2764809131622314 0 7.707852482795715 0.6080818921327591 0.7092233300209045 0 0.1834282130002975 0.1289835423231125 2.087344199419022 141.4095290228724 84.94515743851662 768.7540901079774 2.377628497779369 0.6397484168410301 0 26.7719090282917 0.3539628908038139 0 14.84785022586584 0.8587496131658554 264.6453607976437 67.44787199050188 76.45935295522213 2.751415237784386 8.574913084506989 0.2082521021366119 66.06274376064539 0
75.14488790929317 720.3204325512052 6970.844480924308 0.3808484524488449 0.8227610811591148 33.02727775648236 104.0552586019039 243.6521362476051 12.60575377196074 11.47433143481612 4926.881614364684 1.901427358388901 1832.659793458879 261.2578457929194 2.699668034911156 5.449472218751907 4653.34955445677 6067.707992874086 8247.810423336923 0.8703364580869675 651.0445376560092 52.97298662364483 3461.337216094136 26.45434463769197 1555.48556060344 39450.44410276413 15944.26567281038 96.92089918255806 135.0008911900222 366.9966313354671 775.3466631248593 16.67646980285645 6.135594353079796 4347.183145776391 41.89996478706598 3300.524503238499 5058.104179315269 5470.204481780529 2774.391088604927 48.10828480124474 34.95446317642927 146.5164293497801 24.43138832598925 0 539.1068250611424 40.02951553463936 0 0 0 3.401702292263508 0.3710597008466721 2.22146613150835 0 123.1570606008172 0 906.446850053966 0.90961754322052 0 0.9282485023140907 10.81672833114862 110.2871214300394 49.79079977422953 0 0.796173058450222 6.189874343574047 1.643683321774006 7.566918611526489 153.1960551440716 1888.153918638825 5356.78513956815 6.735100254416466 0.3680714592337608 2.442788287997246 252.5803444460034 0.5164494141936302 0 24.53823530673981 46.67242663353682 27.69899372011423 472.154811732471 83.25918935984373 15.73320253938437 0.3597559779882431 0.9338412806391716 12.3707167878747 0.5744875967502594
13.96806832402945 11498.86531797796 7190.613290898502 0 0.267691932618618 5.531162019819021 60.81315079331398 39.20712113380432 712.3802967742085 4.830850891768932 1304.129033848643 0.2410885840654373 6424.014931924641 48.22728770971298 1.523567020893097 3093.197698555887 9108.010451540351 1719.063404195011 3533.677253626287 1.459766805171967 373.473065495491 6515.733715154231 11296.21565618366 1883.779032818973 7349.901827663183 15944.26567281038 41237.92489320785 985.8391030207276 37.59498365595937 131.023096986115 1503.210791915655 2.645872749388218 5.830283775925636 2361.731467939913 116.7862977087498 10725.69045369327 5553.691766008735 5335.649022586644 4078.068712696433 152.0670004785061 34.85412766039371 49.29583890736103 53.89568893611431 0.9026388674974442 2963.709466874599 1296.742520228028 1.161824375391006 0 0 72.48398290574551 2.980987623333931 19.05028911679983 0.1389257162809372 63.87915972620249 0.1103452146053314 548.0092679560184 3.806697376072407 0 236.3267235308886 104.1169943064451 85.05044146627188 103.3253238722682 0.6510262787342072 22.42755560576916 1207.945532977581 512.7332123219967 70.49130090326071 289.7373500093818 3688.922939531505 14589.48007507622 100.1727693527937 4.178673818707466 18.76518562436104 162.2349081486464 0.4091830402612686 0.556665875017643 45.27000170946121 160.7726368308067 170.26057010144 328.8465291112661 176.8991520032287 64.52219330519438 4.652003772556782 1.109101146459579 9.473280645906925 1.466256216168404
153.177781611681 50.51957757771015 307.0398724377155 2864.657796092331 5.089378856122494 1013.226958107203 23402.2717586793 1056.092960122973 1916.403367236257 5687.347933132201 5.796744793653488 2557.260318715125 9.927565827965736 830.705890506506 118.0125337019563 2062.791024729609 78.84448119997978 5.25267505645752 15.55035643652081 6288.441698275506 7672.823688685894 499.7998211607337 4076.72823959589 17554.12283375114 6.099381797015667 96.92089918255806 985.8391030207276 33932.83572633192 1239.288185872138 12160.04633128643 0.07948095351457596 7.285986594855785 345.6887092590332 2300.048757210374 14.40943430364132 7076.370483890176 120.0335095748305 2318.932151392102 1021.48400131613 968.9948676005006 107.5426569059491 5.450876958668232 51.43681678920984 1.657107129693031 4.517453469336033 5.773403018712997 58.65380403399467 0.09324377030134201 12.20089907944202 612.8829423710704 10.03262726217508 627.6723352298141 29.50254338979721 11.88626781105995 104.3317767381668 0 11.42408327758312 5.706775210797787 357.8339049890637 0.270506739616394 0 0.1443749815225601 95.48702055215836 138.8757501021028 500.0992893874645 44.71755277365446 2278.804507441819 0.2731011062860489 1.664409168064594 88.74725304543972 2554.146257407963 12.23226236552 269.310913272202 0 0.4460474848747253 5.891715936362743 15.29864273220301 9.938226222991943 183.3903914913535 5.247965052723885 26.6361922994256 9.001154042780399 46.70785002410412 0.5550610944628716 6.093592926859856 0.7391763031482697
4586.608286395669 0.2136373296380043 40.17918306589127 25.5065950602293 3.298946484923363 602.2545746341348 2287.210874371231 2586.790106263012 78.82122029736638 1293.519359730184 196.9876108765602 239.0790902487934 20.30851545929909 9085.454741004854 7.801075920462608 2.87329164147377 196.5230330713093 45.30763386934996 37.58517043292522 145.6262752562761 176.0991931930184 3.306898720562458 264.1703241094947 377.3884830623865 3.322146624326706 135.0008911900222 37.59498365595937 1239.288185872138 21017.21521292999 4147.539192087948 1.423739418387413 250.9075405411422 3734.856462601572 3774.516077369452 1.194414690136909 1379.77931837365 39.31989505887032 2455.51977469027 814.1480816341937 1470.363647587597 1205.857795216143 6.076462969183922 22.12330883741379 0 0.3485852405428886 0.4958822056651115 0.3223043754696846 0 0.2629243806004524 24.76516276597977 0.09600005298852921 56.87213721871376 0.8020929619669914 0 1.062008649110794 0.3739139437675476 0.09835208207368851 0 2.529670350253582 0 0.09594733268022537 0 0.7951795011758804 1.983235746622086 5.029395565390587 0.9633858427405357 104.3311715424061 0 0 1.968051359057426 135.9276352450252 0.3745362609624863 11.10472787171602 0 0 0.6220035254955292 1.356167167425156 1.119666434824467 15.69604834914207 0.1751128882169724 3.259853236377239 0.5067630484700203 2.04127012193203 0.0912165492773056 0 0.1618872582912445
3536.194190211594 0.4653910845518112 244.8623104430735 0.9808155372738838 0.7279124110937119 108.5026708170772 6296.311618838459 1318.517223522067 139.305023483932 43.64245517551899 15.68580713868141 3.181966885924339 6.907126545906067 2736.01732699573 0.8922445848584175 10.80580558627844 970.1876490265131 14.23055867478251 65.59620307385921 5.154380671679974 14665.07101020962 12.70012591034174 5394.875667195767 763.306627176702 0.08514712750911713 366.9966313354671 131.023096986115 12160.04633128643 4147.539192087948 16005.36350611225 0.1108842343091965 5.596917606890202 672.5141807869077 4701.131706316024 16.131103284657 3138.023941405118 31.99946660548449 2366.317032568157 872.2326008118689 291.330506131053 44.88301457464695 0.8781953603029251 16.51257731765509 0.09932711720466614 0.4666280001401901 1.996818713843822 0.3907623589038849 0 0.3890244513750076 66.53415256738663 0.8634819164872169 104.4970365017653 0.4669249951839447 3.095226943492889 0 0 0.4387342929840088 0.2659479975700378 39.92671709507704 0.1121224462985992 0 0 1.082702934741974 15.13463717699051 73.03158760070801 1.582667052745819 252.2599355429411 0 1.708261840045452 17.66860845685005 315.5746036544442 2.622721076011658 45.44559681415558 0 0 0.3918841779232025 2.351511791348457 6.775169745087624 41.51369849592447 0.2606356739997864 5.59121835231781 1.04259354621172 2.398027271032333 0.9086302816867828 0 0
0.1513079777359962 25.47906003892422 0.3935279324650764 0 0 0.08670674264431 0 0.2822267115116119 0.3496846482157707 0 393.2588180080056 0.08848681300878525 1793.502469472587 0.5684775933623314 0 0.1154505386948586 1.332496456801891 54.49235247820616 20.00152481347322 0.1241952106356621 0.09448911994695663 2.613985858857632 0.3076292425394058 0.6391246914863586 227.6889714002609 775.3466631248593 1503.210791915655 0.07948095351457596 1.423739418387413 0.1108842343091965 173.5637743026018 0.3252146616578102 0 36.15323841199279 0.2300135493278503 10.10347200185061 134.8243837654591 74.34151528030634 21.81052177399397 0.4602266773581505 0.3635542690753937 8.974883668124676 0 0 3.962500929832458 0 0 0.3178625404834747 0 0.08686412125825882 0 0 0 22.59911043196917 0 102.3111552894115 0.3017343729734421 0 0 0 5.413995996117592 0 0 0 0 0 0 4.027339495718479 35.90059647709131 116.3979149907827 0 0.2850069850683212 0 26.5896557867527 0.2201061174273491 0 3.151857495307922 0.3364260792732239 0.2947587594389915 65.24880998581648 10.48743815720081 0.4427555873990059 0 0 3.270698301494122 0
