1083.21297519654 1.150979287922382 101.0840490758419 2.776261389255524 0.1713647842407227 23.3744697496295 2637.49713177979 960.0840936526656 2.326246544718742 127.5339871644974 14.43329092860222 1.717870682477951 2.632692329585552 3085.351667925715 0 5.09323488920927 142.6606261581182 3.596563048660755 10.17544081062078 18.26674017682672 86.80865933001041 2.691873513162136 96.05830103158951 110.0242252126336 0.2891282960772514 19.89992775768042 20.45940901339054 101.6621946617961 3562.567920185626 3797.292364917696 0.317551277577877 3.448081746697426 19.56778495758772 137.9524051398039 2.250504769384861 161.7547635361552 13.91197250783443 150.6391502991319 72.55897225439548 1.724755756556988 2.993028476834297 0.8146658763289452 1.370326079428196 0 0.2154993563890457 1.175470195710659 0 0 0.9759823679924011 0.717570424079895 0.9700107425451279 0.7575806528329849 0.1197919100522995 0 0.1102975159883499 0 0.750136986374855 0 5.78266929090023 0.1450656205415726 0.1020692065358162 0 0 1.608824118971825 0.7767516598105431 0.9537790641188622 11.26223164051771 0 0.9876002296805382 2.740224219858646 9.540292978286743 0.6588989943265915 0.51470085978508 0 0 0.1941266804933548 0.7005951255559921 0 5.077359482645988 0 1.570483259856701 1.049087777733803 0 0.1359425336122513 0 0
1.150979287922382 621.5969723910093 458.8549733459949 0 0.2810721695423126 0.4214112386107445 2.490421481430531 1.369185417890549 1013.853964969516 0.07408195734024048 84.76344832777977 0.2413939088582993 660.6189546138048 0.9275554344058037 19.26096873730421 154.337725892663 178.5402151048183 40.26591566950083 127.9659945890307 0.09924441576004028 16.69875653088093 3129.970412604511 132.68524338305 1038.358196809888 1852.341876134276 995.0870664268732 4712.55805337429 89.37417035549879 3.102384507656097 4.742736630141735 15.2708650380373 0 0 69.44340049475431 2.082661017775536 190.5240690559149 80.72750172019005 152.9093966856599 56.644880451262 29.71628977358341 1.492338269948959 87.27404147386551 1.39808714389801 1.408275917172432 11.75012740492821 192.960771009326 0.6027233451604843 0 0.09425284713506699 2.518007844686508 0.6777128353714943 0.887446828186512 0 3.197256356477737 0.2689446657896042 4.89011799544096 0.6058115065097809 0 1.042398929595947 130.6658904254436 2.059891790151596 31.17933978140354 0.7770415842533112 0.3876492083072662 7.488831460475922 25.33318094909191 2.489570803940296 7.478138342499733 254.695182338357 1867.578120797873 1.327312797307968 0 1.976797267794609 0.3859752491116524 0 0.09900467842817307 25.65832790732384 2.15392878651619 47.52336279302835 12.32118015736341 36.1062273979187 21.62215306609869 2.115531548857689 0.6417505145072937 0.5479570627212524 0.9754193723201752
101.0840490758419 458.8549733459949 6948.499324515462 0.1101706549525261 0 0.7916796505451202 115.5934593528509 84.03904900699854 0.2271758317947388 0.8860168382525444 15.97576498240232 0.3427990823984146 4.846608050167561 142.8443908020854 0 84.73131213337183 2633.587636813521 13.87865549325943 121.7496031448245 0.32823346555233 473.1403387710452 92.67996785789728 10130.96955993772 9.214687541127205 12.05586568266153 6850.630758404732 12557.15574446321 293.6783153265715 127.6306940317154 1332.31163212657 1.060591265559196 0 1.7608303129673 486.1421848759055 6.852215901017189 580.6855153739452 112.2639363929629 1125.992015078664 305.5493388101459 17.84281772375107 3.571788549423218 0.4727077856659889 3.701801791787148 0.7419194281101227 210.922975204885 2051.081177227199 0 0 0 4.335669070482254 1.888690359890461 0.2461375370621681 0.09651844948530197 0.9731795489788055 0 0.6436802223324776 3.574135914444923 0 4.599038831889629 329.7715709134936 0.7958161681890488 25.43398875743151 0 4.028029017150402 32.73597364127636 165.3338198587298 2.254247769713402 1.426940113306046 328.9230739325285 2793.269291616976 2.445499062538147 2.202161476016045 6.906242661178112 0.2226573526859283 0 0.1259863674640656 107.5806506127119 5.655042469501495 233.4040933474898 42.67985917627811 174.0709684193134 59.78610691428185 3.572334587574005 0.4182325899600983 0 1.431061372160912
2.776261389255524 0 0.1101706549525261 1644.738185733557 0.6227888762950897 35.30064953863621 34.84913493692875 29.26994031667709 509.429469242692 1602.935069356114 2.175753057003021 1216.520894452929 0.7232818827033043 29.48561246693134 214.9949093833566 0 0 1.01531233638525 0.2608398497104645 2951.355036467314 0.1393512636423111 0.1703449040651321 0 931.3196730986238 0 0.5372452437877655 0.15443205088377 4227.195869594812 13.36202415823936 0.5162099823355675 0 1.405456110835075 0.4104687198996544 16.54801009595394 0.664403036236763 73.36976926773787 1.348190926015377 31.48289212584496 25.19918904453516 177.9970960021019 2.635349042713642 0.09201256185770035 0.2930357828736305 0.09509331732988358 0 0 71.0763264298439 0.6736496090888977 10.74645617604256 26.05740014463663 25.2722764313221 53.26083942502737 27.4093514829874 0 102.5654886364937 0 7.716821830719709 2.029358699917793 0 0 0 0 99.82215115427971 0 0 0.09996569901704788 85.18453071266413 0 0.105793409049511 0 127.7750868871808 1.084260582923889 0.2865355312824249 0 0 0.08988954126834869 1.336192093789577 0 5.570118248462677 0 3.05665598064661 0.8414836749434471 15.96262550354004 0 0.2202015668153763 0
0.1713647842407227 0.2810721695423126 0 0.6227888762950897 9.348679780960083 135.66141679883 0.6042900756001472 40.47522250562906 17.41581530869007 4.962747782468796 3.531661346554756 19.1349653378129 6.567719459533691 168.1699904575944 220.1688087284565 0 0 0.4031796455383301 0.123930037021637 8.652235515415668 0 0.4785687178373337 0 10.21269376575947 0.4364289864897728 0.4900068044662476 0.1446856558322906 2.814913295209408 23.40642938017845 0.6177321374416351 0 25.79089717566967 0 96.43125867843628 0 86.13893021643162 0.3713665306568146 121.7033109217882 27.9561296030879 394.5365644693375 16.4178711026907 0 0.250871479511261 0 0 0 0 0 0 0 0 0 0 0 0 0 0 0 0.4568789303302765 0 0 0 0.1012538224458694 0 0 0 2.908830240368843 0 0 0 1.46413254737854 0 0 0 0 0 0 0 0.2998949885368347 0 0.6405405402183533 0 0 0 0 0
23.3744697496295 0.4214112386107445 0.7916796505451202 35.30064953863621 135.66141679883 6866.890420030802 674.2653467357159 5340.522686392069 76.98434190452099 10157.25351649895 50.30759106576443 3377.701608322561 63.00484225898981 505.960982888937 541.5565674826503 0.1181571632623672 0.6805194914340973 5.611281678080559 2.035642184317112 1549.139267206192 0.9595636501908302 5.025306701660156 1.441243000328541 85.52801331877708 0.4464144557714462 6.935928173363209 2.008737899363041 102.0025567933917 236.4167149998248 9.373703114688396 0.3995412960648537 391.3027171343565 0.7393366396427155 567.5160886608064 3.647175416350365 861.9544873088598 21.92543661594391 450.1891155354679 137.8466676399112 1582.846145108342 250.9615521579981 3.146721623837948 8.338845826685429 0.9621418789029121 0 0 4.149808779358864 0 1.599303312599659 9.048174560070038 11.50762302428484 6.800699278712273 4.503691501915455 0.2298683598637581 8.510144241154194 0.3576922491192818 4.031101241707802 0 2.33352392911911 0 0 0 6.658153131604195 0.2300760447978973 0.7122018337249756 0 35.6250870898366 0 0.1033191978931427 0.1182402148842812 41.68454636633396 2.966298706829548 0.4464474618434906 0.09740690886974335 0 0 1.715472005307674 0 18.29888432472944 0.113620787858963 5.287165023386478 1.578790038824081 1.188501119613647 0.2912080585956573 0 0
2637.49713177979 2.490421481430531 115.5934593528509 34.84913493692875 0.6042900756001472 674.2653467357159 6746.147895619273 2651.335067540407 403.0174948647618 5118.561171706766 28.05764526128769 5.75994923338294 7.348731145262718 3278.198810424656 25.45343434810638 7.279364258050919 31.77564867585897 6.698397107422352 7.244157247245312 42.98981092497706 357.0801427215338 10.45429808646441 182.0208780393004 1581.453202471137 0.6060140207409859 14.51947809010744 31.10806643217802 15177.77992899343 1288.11908365041 5115.038572989404 0.2374698966741562 4.80545249581337 18.66861434280872 210.3168338611722 9.335726357996464 959.4729887545109 36.33176235854626 702.9883622452617 522.6234313845634 41.05824164301157 32.86937386542559 2.802593201398849 19.39106770604849 2.138041451573372 0.1150476783514023 1.302097596228123 42.19495801627636 0 27.59598358720541 85.88409354537725 126.7465964779258 64.46161372959614 64.00389674305916 1.020315140485764 26.96419052779675 0 45.76401983201504 0 2.085115671157837 0.1900558769702911 0.4728037789463997 0.587571956217289 72.86607826501131 2.376021269708872 2.282703690230846 3.772968374192715 342.3710500895977 0.09538657963275909 1.044277034699917 1.421998143196106 333.7602539807558 17.75959450006485 1.554016292095184 0.0848817452788353 0.1220868453383446 1.554058164358139 21.44920329749584 0.6527826189994812 44.64840022474527 0.2317061796784401 34.94422849267721 13.19456226378679 10.22584783285856 2.022814221680164 6.531837373971939 0
960.0840936526656 1.369185417890549 84.03904900699854 29.26994031667709 40.47522250562906 5340.522686392069 2651.335067540407 5361.150327719748 52.75323157012463 3807.44402436167 98.74537633731961 1112.910678446293 40.88356178253889 6047.902852512896 280.5869498997927 6.095710940659046 71.92436075955629 12.88135104998946 8.622344687581062 1172.012971125543 104.6025627106428 6.788392826914787 86.40898568183184 259.085890352726 1.287395313382149 21.06447392702103 23.92956757172942 482.2224089354277 1461.98914065212 1068.741995498538 1.019249692559242 1506.304040245712 6.123983398079872 373.1562291458249 2.747579641640186 676.6099448874593 37.92967750132084 375.0989636108279 154.8145570643246 622.7608972489834 71.7122990116477 5.187203265726566 6.860377348959446 2.927066653966904 0.5218732208013535 1.120339758694172 16.66997697949409 0.3412719368934631 7.896263845264912 47.51783242076635 65.01625804230571 42.14591010659933 20.0571286007762 2.879300102591515 9.785533867776394 0.2349429801106453 40.0132894590497 0.4427076429128647 3.280902110040188 0.3393971994519234 0.2901834845542908 0.243430569767952 27.20052982121706 1.506514243781567 2.503052823245525 2.279220774769783 282.246834859252 0 0.3467671126127243 3.403680734336376 243.314593680203 14.19611755013466 3.335406668484211 0 0.6010570526123047 1.221122674643993 16.01618289202452 0.9963199496269226 45.86467088758945 1.069716438651085 34.7718798443675 9.051307983696461 8.071222811937332 3.676034472882748 0.1068839654326439 0.2112802267074585
2.326246544718742 1013.853964969516 0.2271758317947388 509.429469242692 17.41581530869007 76.98434190452099 403.0174948647618 52.75323157012463 553.3652388677001 143.2940286584198 6.960531942546368 527.9985386133194 19.83424793928862 51.35744249820709 1043.7959446311 84.26239454001188 0.5968713760375977 1.396823614835739 0.09599687904119492 353.137978464365 58.02596905827522 2933.355767205358 25.37742315232754 4888.838387198746 151.2491687238216 25.46425019204617 50.09664113819599 1605.630342952907 32.20511388033628 65.48505261540413 1.555805549025536 4.097308352589607 2.891766384243965 35.07522564381361 2.25388640165329 340.1937823519111 23.04288526624441 76.97651470452547 62.19553323090076 494.6435091495514 11.56512527912855 2.226448982954025 4.466062217950821 2.492865182459354 1.835802152752876 0.2617457509040833 149.1040352210402 0.2958934307098389 15.31413476169109 82.14203733205795 48.96783738210797 192.4184303060174 45.7167918458581 0.5909797176718712 94.93203700333834 0.1369454562664032 23.22801246121526 2.999580964446068 130.0240439325571 0 0.2482130602002144 0.4326577186584473 141.5180540829897 60.75774008780718 25.27593841403723 31.34330850094557 828.1994811296463 0.9447166100144386 0.8835396245121956 2.792830485850573 512.2737221568823 20.70930858701468 20.11871908605099 0.06917240470647812 0.302664503455162 2.541794970631599 8.877603337168694 0.6169000118970871 51.93877728283405 4.530720345675945 27.26291287317872 7.955550298094749 26.83525191247463 0.4017396718263626 0.6377471387386322 0
127.5339871644974 0.07408195734024048 0.8860168382525444 1602.935069356114 4.962747782468796 10157.25351649895 5118.561171706766 3807.44402436167 143.2940286584198 23140.84335274249 80.15496205538511 1952.192943345755 24.1127751134336 1638.131660874933 39.40464939177036 0.2240431904792786 2.480901602655649 24.34912962466478 13.42456725239754 4813.829154226929 2.399281427264214 0.9874971657991409 2.685460265725851 190.2705687098205 0.6489434763789177 18.62811459600925 13.8087638579309 2380.218163724989 356.6046305298805 10.4918805770576 1.646544620394707 19.78970853239298 3.149613112211227 363.9232553802431 4.991125240921974 830.1601826772094 29.09241680800915 745.2417666316032 363.0100528523326 85.30028760060668 64.86178388446569 4.869377978146076 15.68631814047694 0.4058533236384392 0 0.1703825294971466 83.84624543786049 0 24.28015753626823 50.35680566728115 86.10434194654226 54.33064007759094 58.47557428479195 1.253599215298891 84.77628661692142 0.1740271151065826 21.25708984583616 0.5671520233154297 0.3260695785284042 0 0.3154036551713943 0.3118739724159241 125.8422158136964 0.5873625874519348 0.1701169461011887 0.2029983699321747 158.2153269276023 0.06913935393095016 0.5450003817677498 0.538913831114769 265.1913455761969 5.377523548901081 1.419516086578369 0.1374756917357445 0 0.4177089855074883 7.792562015354633 0.1798806339502335 20.52695821225643 1.260726980865002 16.40761739760637 3.773095153272152 39.55028515309095 0.3068336546421051 0.1486818566918373 0
14.43329092860222 84.76344832777977 15.97576498240232 2.175753057003021 3.531661346554756 50.30759106576443 28.05764526128769 98.74537633731961 6.960531942546368 80.15496205538511 3544.215243697166 36.55806444585323 1962.568911388516 370.339464161545 6.06728633493185 1.387066543102264 93.6113760098815 1207.193055950105 374.3199175968766 89.91076509281993 4.312631450593472 9.03768390417099 22.01784314215183 21.11935818940401 602.7216883897781 2725.892414100468 437.3167284280062 17.63270665705204 436.3410633839667 14.91863017529249 298.6611063703895 49.08056350797415 5.613388068974018 4022.860855475068 9.544675521552563 914.6469136402011 4801.757303841412 5348.96364313364 628.3014345541596 27.91033333539963 4.439237400889397 1114.949727900326 17.21011005342007 0.4835565909743309 2.283133156597614 1.008220508694649 0 0 0.6462558284401894 0.8838050812482834 2.401073664426804 2.149682767689228 0.3457765504717827 711.1467227786779 0.2716246955096722 1477.735798418522 3.558581240475178 0 0.7214877158403397 1.145788162946701 63.26428113877773 19.41052298992872 0.7510333880782127 0.3387458622455597 0 0.5946734100580215 13.24224205315113 390.9238577485085 113.6269046291709 453.3384111300111 10.71969419717789 1.996048092842102 1.252486884593964 166.201139986515 0.261288583278656 0 28.48585365712643 3.503677085042 29.98989851027727 374.8699958026409 58.75041513890028 5.060791537165642 1.021334052085876 0.518954336643219 180.4226178377867 0
1.717870682477951 0.2413939088582993 0.3427990823984146 1216.520894452929 19.1349653378129 3377.701608322561 5.75994923338294 1112.910678446293 527.9985386133194 1952.192943345755 36.55806444585323 7897.293915852904 13.95887080952525 260.7105611562729 1227.788473114371 0 0.250297911465168 8.330656874924898 4.044782772660255 4585.073403697461 0 0.6114907935261726 0.2202198132872581 336.3690871596336 0.4979569315910339 7.595373421907425 4.282442294061184 292.0175988487899 101.07013521716 0.2776080518960953 0.7307737283408642 31.26788591593504 0.1607579961419106 161.5428149774671 8.548408329486847 239.875358171761 6.663250744342804 112.14742654562 28.99084540456533 879.7638138532639 25.79191722720861 1.570001192390919 0.9786437079310417 0 0.1147376894950867 0.1234646290540695 15.68413998186588 0 1.218196220695972 7.450838983058929 1.850970841944218 32.82375852763653 5.975840166211128 0.1923103183507919 44.93914649635553 0.3720144480466843 1.196959063410759 1.564953088760376 0.1010455638170242 0 0 0 18.3561632707715 0 0 0 21.78743621706963 0 0.1257129460573196 0.1084739193320274 25.28517153859138 0 0 0.1616560816764832 0 0 0.4212376177310944 0 19.58082851022482 0.3447408154606819 0.5532433167099953 0 22.45597015321255 0 0.4122382774949074 0
2.632692329585552 660.6189546138048 4.846608050167561 0.7232818827033043 6.567719459533691 63.00484225898981 7.348731145262718 40.88356178253889 19.83424793928862 24.1127751134336 1962.568911388516 13.95887080952525 1536.04442165792 52.28868647664785 18.14089714735746 5.512790657579899 4.572852104902267 7.056119114160538 7.301688924431801 33.37569462507963 3.864797987043858 50.39347522705793 12.79011282324791 40.77764669060707 4278.170856870711 345.3594809323549 1709.840870670974 10.03122647851706 40.38938173279166 5.419694319367409 464.9150775000453 20.68113173544407 1.055322997272015 606.5575176328421 260.2336001172662 2298.324751101434 1992.264280430973 3204.081672430038 548.3016741350293 131.3579040765762 51.29218950867653 860.9202632531524 78.83435966819525 0 2.890498965978622 0.9235009551048279 0 0 0.251026339828968 2.192790277302265 0.5821612030267715 1.276593804359436 0 904.6438524648547 0.2839444205164909 1737.259210132062 0.8069580346345901 0.09697845578193665 1.74658066034317 0 62.70243522524834 24.7484473362565 0 1.829736799001694 0.3124744892120361 0.8565179705619812 5.398229911923409 1028.564824059606 136.6387543827295 478.7532023414969 3.298031896352768 1.656574465334415 0 236.2422103956342 0.6311785504221916 0 21.05632013827562 80.80405694246292 587.2306930944324 382.4739620313048 46.25614814460278 8.654134027659893 4.925971314311028 3.691442728042603 118.2119720578194 2.335575580596924
3085.351667925715 0.9275554344058037 142.8443908020854 29.48561246693134 168.1699904575944 505.960982888937 3278.198810424656 6047.902852512896 51.35744249820709 1638.131660874933 370.339464161545 260.7105611562729 52.28868647664785 8155.997631691396 29.28763076663017 14.57746507227421 215.0079874396324 58.75064473599195 42.78503807261586 657.4899694435298 147.9230073913932 16.95919942110777 146.1061237901449 375.4403763003647 3.111250370740891 70.44700052589178 57.95493227243423 454.3850932791829 7505.499081131071 2182.130704313517 3.461013369262218 51.52945455163717 28.14956195652485 1780.092928163707 2.381263680756092 758.464025773108 67.25074465945363 703.9886754341424 176.8856971748173 134.8238514810801 66.43384128808975 10.85508678108454 6.831598557531834 2.335438326001167 0.6503930240869522 3.09637425839901 10.28587698191404 0 8.512137778103352 28.97476279735565 44.53669847548008 28.42135725170374 15.4895411580801 0.6827370971441269 10.68443950265646 0.8740458860993385 25.01709993183613 0 13.58423082530499 0.5893075317144394 0.1838183850049973 0.1300964951515198 10.82111579179764 6.10729806125164 5.156334176659584 2.717281691730022 181.3675371035933 0.2127397954463959 1.851830869913101 5.488384760916233 178.4028575867414 9.396061763167381 6.154682949185371 0 0.2652093768119812 0.5334665551781654 7.878934800624847 0.9407767206430435 43.87714221328497 3.308295175433159 27.45773203670979 8.131279870867729 5.331153482198715 0.9370045214891434 0.6021062433719635 0
0 19.26096873730421 0 214.9949093833566 220.1688087284565 541.5565674826503 25.45343434810638 280.5869498997927 1043.7959446311 39.40464939177036 6.06728633493185 1227.788473114371 18.14089714735746 29.28763076663017 715.1853803694248 0 0.09215700626373291 1.321549020707607 0.09520164132118225 194.0157219693065 0 48.31921762228012 0 1398.739454992115 4.866340577602386 1.088964194059372 1.347055785357952 171.5392391160131 28.10404850542545 0.6183653026819229 0 34.65818863362074 0.2552703320980072 33.00051342695951 0 107.3384100720286 3.081770643591881 19.3891843482852 9.122599087655544 915.2444157674909 13.68924897164106 0.3902099132537842 0 0 0.1339407116174698 0 0.2799039781093597 0 0 0 0.2279054969549179 0.9430660009384155 0 0 4.934855803847313 0 0 0 0 0 0 0 1.546907007694244 0.2243562936782837 0.1595449149608612 0 5.747622072696686 0 0 0 2.178436204791069 0 0 0 0 0 0 0 0.7383644282817841 0 0.5793352127075195 0 0 0 0 0
5.09323488920927 154.337725892663 84.73131213337183 0 0 0.1181571632623672 7.279364258050919 6.095710940659046 84.26239454001188 0.2240431904792786 1.387066543102264 0 5.512790657579899 14.57746507227421 0 1120.173884049058 66.44665061682463 0.5510495379567146 9.480522118508816 0.5039373114705086 2339.262093067169 1755.937388800085 5494.831610932946 744.1809841021895 33.11125768721104 16.36181804537773 1683.01097433269 1756.546103321016 45.82005845010281 515.2854562774301 0 0 3.317749090492725 146.7321164906025 34.82483138889074 3000.004720412195 657.3458506017923 981.8831473141909 1172.915589012206 73.42097622156143 2.449473537504673 2.995583921670914 22.82743468135595 2.62049026042223 1.063708558678627 10.50331836938858 0 0 0 12.01645367592573 1.055945664644241 30.87745963782072 0 0 0 0 9.907297104597092 0 2039.965510822833 2.204480603337288 0.1325300484895706 0.3401208221912384 0 334.8820727840066 932.4917197823524 1236.742130458355 189.4944854453206 0 1.069707855582237 311.2699679359794 220.1891356483102 18.87159106135368 71.72480709850788 0 0 3.351097844541073 17.017717435956 10.6633984670043 300.2346395775676 45.36876690387726 65.29628250747919 58.64255379140377 9.110122226178646 0.4372299760580063 0.1471936255693436 0.5050547569990158
142.6606261581182 178.5402151048183 2633.587636813521 0 0 0.6805194914340973 31.77564867585897 71.92436075955629 0.5968713760375977 2.480901602655649 93.6113760098815 0.250297911465168 4.572852104902267 215.0079874396324 0.09215700626373291 66.44665061682463 1442.75470046699 148.0769558250904 1729.132307097316 2.350214585661888 834.9701794534922 32.25972104072571 2838.023076415062 7.382686235010624 65.67850273102522 3806.455519773066 7193.802512198687 44.71708152443171 529.0680033564568 1358.833601206541 1.107558228075504 0.9088643789291382 24.2076735123992 2382.852297633886 2.759316422045231 184.5358550325036 118.7371933758259 785.5935847684741 94.61994054913521 5.384530670940876 2.125863187015057 0.1851356625556946 0.2192459776997566 1.04529282450676 109.6567093133926 543.4118769913912 0 0 0 2.164541766047478 0.2346309125423431 0.1154498308897018 0 0.9757202118635178 0 3.115028046071529 1.416842393577099 0 5.759456865489483 248.8454989492893 2.226642623543739 98.16375539451838 0.07391689717769623 1.857682302594185 8.16639432311058 24.2439399138093 1.275589905679226 3.023361451923847 849.5097380131483 1511.572622328997 1.163772314786911 0.2381760850548744 5.246548011898994 0.8976143449544907 0 0 34.60896757990122 1.750393949449062 70.29483702778816 22.6308980435133 58.04393201321363 23.22989672422409 0.9678950235247612 0.2431097030639648 0 0.225540965795517
3.596563048660755 40.26591566950083 13.87865549325943 1.01531233638525 0.4031796455383301 5.611281678080559 6.698397107422352 12.88135104998946 1.396823614835739 24.34912962466478 1207.193055950105 8.330656874924898 7.056119114160538 58.75064473599195 1.321549020707607 0.5510495379567146 148.0769558250904 175.6646844595671 836.6134582459927 23.58668920397758 1.315604574978352 2.033561840653419 4.937295354902744 5.650890804827213 14.51775509864092 3062.491311311722 132.0121600702405 5.202073719352484 73.4087809920311 4.679077260196209 1.576543845236301 4.055978938937187 0.8280852884054184 1222.56121969223 2.43184519559145 369.2078220248222 785.4305820539594 1119.250906039029 126.7368542850018 6.370429448783398 0 4.428816072642803 1.145556077361107 0.09649823606014252 7.491050504148006 0.2636063992977142 0 0 0.07695689052343369 0.4165499061346054 0 0 0 53.14387192577124 0 206.7216940373182 0.2663030922412872 0 0 0.5103627294301987 64.13209527730942 19.70972696691751 0.07005918771028519 0.2269352525472641 0.3100225552916527 0.1395328789949417 1.764223389327526 43.32421588152647 136.4601254984736 502.2981676384807 3.5550771728158 0.08941477537155151 0.1026080399751663 55.37349512428045 0 0 1.107459411025047 0.8408944606781006 10.92128019034863 4.448016002774239 3.298005983233452 0.9956937879323959 0.1032459810376167 0 0.08653292059898376 0
10.17544081062078 127.9659945890307 121.7496031448245 0.2608398497104645 0.123930037021637 2.035642184317112 7.244157247245312 8.622344687581062 0.09599687904119492 13.42456725239754 374.3199175968766 4.044782772660255 7.301688924431801 42.78503807261586 0.09520164132118225 9.480522118508816 1729.132307097316 836.6134582459927 651.6245017573237 12.7883301153779 12.63708393275738 4.055480189621449 110.5294453278184 4.448391284793615 91.71728771924973 5484.114029660821 2662.966455124319 4.968578845262527 76.04097433388233 50.39424174278975 3.865097902715206 1.154282495379448 3.20995718985796 3775.534778565168 5.966994106769562 448.4383099451661 524.5417456403375 1227.53087631613 126.904428742826 4.975680515170097 0.2901050001382828 0.8992173820734024 3.312988504767418 0.1619698256254196 60.1357284039259 41.58713874965906 0 0 0 0.1452444195747375 0.4297220259904861 0.5452239587903023 0.07759636640548706 8.562803082168102 0 38.06620717793703 0.739367850124836 0 0.4342673048377037 67.27458004653454 42.15422583371401 141.8259399607778 0.0885697528719902 0 0.701208807528019 1.552186757326126 1.363162867724895 12.26470968127251 739.5738956481218 1270.414169922471 0.8524044826626778 0.654213160276413 0.6416110098361969 10.60748165845871 0 0.7629065066576004 6.230254217982292 1.339522659778595 20.96319576352835 10.50535858422518 12.65414391458035 8.815755143761635 0.329390749335289 0 0.150228351354599 0.1361802369356155
18.26674017682672 0.09924441576004028 0.32823346555233 2951.355036467314 8.652235515415668 1549.139267206192 42.98981092497706 1172.012971125543 353.137978464365 4813.829154226929 89.91076509281993 4585.073403697461 33.37569462507963 657.4899694435298 194.0157219693065 0.5039373114705086 2.350214585661888 23.58668920397758 12.7883301153779 969.4543373696506 0.9443664401769638 0.5604510456323624 0.8002201765775681 216.5342074669898 0.9010780826210976 19.53662358224392 11.68178315460682 2478.405850771815 222.2586874179542 3.404456496238708 0.9877294152975082 29.64471419155598 1.918611068278551 320.3868679963052 3.851534493267536 349.1285595558584 22.95848723500967 501.1388200856745 168.0955204740167 241.4502540379763 57.38619143888354 4.129632078111172 9.96138346940279 0.6013676449656487 0 0.08646471053361893 75.84971970319748 0 8.606724627315998 32.25334983319044 27.13519258797169 56.54887452721596 31.97097878903151 0.9995360299944878 78.55853291600943 0.5071051642298698 8.19543069601059 8.510912582278252 0.2350924909114838 0 0 0 97.85541292279959 0 0 0.09374567866325378 92.21396441012621 0 0.3652256950736046 0.7568739727139473 143.2051893249154 1.555052146315575 0.2873326241970062 0.1384171843528748 0 0 3.888327695429325 0.3374874889850616 18.53543211519718 0.5439352542161942 6.66544970870018 1.629960954189301 45.5065224468708 0.1938499808311462 0.2379893064498901 0
86.80865933001041 16.69875653088093 473.1403387710452 0.1393512636423111 0 0.9595636501908302 357.0801427215338 104.6025627106428 58.02596905827522 2.399281427264214 4.312631450593472 0 3.864797987043858 147.9230073913932 0 2339.262093067169 834.9701794534922 1.315604574978352 12.63708393275738 0.9443664401769638 9026.010496750474 298.7518621757627 10580.17016425729 242.9046305790544 2.315478578209877 18.35365078598261 413.4012401476502 7501.670959703624 313.7442096248269 10057.09784477949 0.515934094786644 0 42.39655362814665 2635.40088968724 28.11324735730886 2826.363099567592 340.6323047801852 3540.711792305112 1726.964387245476 51.5153229162097 2.260050654411316 2.920820459723473 16.71226351708174 1.898235596716404 1.392208993434906 11.76154089719057 0 0 0.1196136474609375 3.149252369999886 3.678663074970245 15.0658506155014 0.1347187906503677 0.2523017898201942 0 0 7.446330316364765 0.1456197798252106 529.4370706602931 0.1398243308067322 0 0.1142660528421402 0 241.1718438863754 196.6223578825593 230.5175106525421 131.8557334542274 0 3.254299715161324 54.13982181996107 187.3126986250281 18.38381066173315 85.80883648991585 0 0 6.668410927057266 14.85956671088934 3.97994989156723 102.0944575816393 10.54353790730238 31.1490922421217 14.53007588535547 1.730744019150734 0 0 0.5120488405227661
2.691873513162136 3129.970412604511 92.67996785789728 0.1703449040651321 0.4785687178373337 5.025306701660156 10.45429808646441 6.788392826914787 2933.355767205358 0.9874971657991409 9.03768390417099 0.6114907935261726 50.39347522705793 16.95919942110777 48.31921762228012 1755.937388800085 32.25972104072571 2.033561840653419 4.055480189621449 0.5604510456323624 298.7518621757627 1901.315155074 1062.861654549837 4343.01852054894 397.892011038959 48.76589985191822 1377.551890663803 610.6553592979908 36.22696696221828 86.545301258564 2.284772768616676 0.3344010710716248 0.42339026927948 58.86983802914619 8.334343612194061 633.3364152163267 106.9850163310766 248.2726228013635 211.2530387639999 82.8989110738039 5.265399634838104 3.394244596362114 6.581595614552498 0.7073407843708992 22.79470308870077 59.6476956307888 0.5684006363153458 0 0 5.570481523871422 0.2866987660527229 9.583475232124329 0.3668337762355804 0.1585981398820877 1.648035317659378 0.9953315407037735 0.9531758949160576 0 631.5307717546821 1.394662402570248 0.1493281424045563 0 0.4687620773911476 82.51892241835594 58.8563387542963 527.8696438297629 46.80368158966303 0.6361125037074089 0.9503670483827591 901.1845752075315 39.09769877791405 2.932136319577694 16.01662550866604 0 0 1.06079238653183 6.825070694088936 2.592202670872211 109.7613436505198 17.66280996799469 42.64215327054262 31.34443353116512 6.42757773399353 0.3235541582107544 0 0.3429445326328278
96.05830103158951 132.68524338305 10130.96955993772 0 0 1.441243000328541 182.0208780393004 86.40898568183184 25.37742315232754 2.685460265725851 22.01784314215183 0.2202198132872581 12.79011282324791 146.1061237901449 0 5494.831610932946 2838.023076415062 4.937295354902744 110.5294453278184 0.8002201765775681 10580.17016425729 1062.861654549837 18047.2395587042 99.75433970242739 9.754962407052517 571.9643397405744 12759.74455631524 1735.514465428889 185.0652607828379 5495.155258260667 0.09405390173196793 1.019996777176857 12.2687004134059 2535.604249276221 118.7386913448572 7598.138073258102 1447.065644353628 7382.366056226194 5451.086164563894 336.5661308318377 18.40897314250469 9.349182397127151 60.75810175389051 0.116015151143074 22.06819509714842 556.7488658428192 0 0 0 5.689630895853043 0.4643467366695404 1.319258645176888 0.2705591917037964 0.1718672662973404 0 0.08117551356554031 1.196918979287148 0 791.3978045880795 20.21900817751884 0 1.73573462665081 0 122.1291469112039 416.3660263344646 1036.415116705 36.69492170214653 0 17.27081233263016 1573.05490359664 47.9187268614769 5.490233242511749 23.66112037748098 0 0 2.996621854603291 31.96108530461788 18.37531914561987 222.0896050930023 32.84918175637722 103.3537684455514 73.793601334095 4.562317192554474 0.4229407906532288 1.867574781179428 2.08881875872612
110.0242252126336 1038.358196809888 9.214687541127205 931.3196730986238 10.21269376575947 85.52801331877708 1581.453202471137 259.085890352726 4888.838387198746 190.2705687098205 21.11935818940401 336.3690871596336 40.77764669060707 375.4403763003647 1398.739454992115 744.1809841021895 7.382686235010624 5.650890804827213 4.448391284793615 216.5342074669898 242.9046305790544 4343.01852054894 99.75433970242739 5412.918773062527 164.3529907912016 32.40128633379936 675.426662184298 6666.280610188842 453.039840746671 1262.224482245743 1.97641209512949 4.55671576410532 19.70718931406736 218.1454742103815 18.47427324205637 2463.046427212656 199.4280377104878 692.9565204009414 623.8332623913884 1000.385260142386 36.95791304111481 3.147640727460384 31.0093425437808 27.88451430946589 4.882296450436115 1.359826967120171 206.6770386323333 1.220891006290913 83.9908963739872 332.4298691377044 561.6484893895686 1023.589051939547 174.6406068727374 7.589967802166939 237.1998210474849 1.43049567937851 233.895818553865 9.601732060313225 205.6763196215034 0.185154877603054 1.629559781402349 1.34981731325388 257.2571236118674 71.00216443091631 122.8489008173347 38.7984616085887 2730.152500137687 0.5658098086714745 5.76399027556181 14.83043594658375 2083.974864438176 147.7689322158694 58.20515155792236 0.4167271628975868 2.065448738634586 23.67322172224522 138.6294590234756 5.855781301856041 517.8037089854479 13.55373164266348 379.936323441565 125.7144313156605 152.1111338734627 14.37630088627338 5.209874764084816 4.919781789183617
0.2891282960772514 1852.341876134276 12.05586568266153 0 0.4364289864897728 0.4464144557714462 0.6060140207409859 1.287395313382149 151.2491687238216 0.6489434763789177 602.7216883897781 0.4979569315910339 4278.170856870711 3.111250370740891 4.866340577602386 33.11125768721104 65.67850273102522 14.51775509864092 91.71728771924973 0.9010780826210976 2.315478578209877 397.892011038959 9.754962407052517 164.3529907912016 399.9938103631139 431.910294316709 5664.823194622993 17.65568028390408 1.862419776618481 1.287804901599884 389.1740503758192 0.6267325729131699 0.2598199844360352 208.6035253927112 5.038975238800049 26.2500217333436 118.7148736715317 210.4780030474067 22.49146365374327 5.267292305827141 0 464.8218196034431 4.012271881103516 0 48.83181781321764 1.201440155506134 0.2639646455645561 0 0 0 0 0.9624575898051262 0 174.5218345075846 0 435.3659727498889 0.1154464036226273 0 0.8156696259975433 2.98786823451519 57.35084450244904 31.76779662817717 0.1810398250818253 0.1657013148069382 3.49220210313797 0.814845398068428 1.190504804253578 86.84976804256439 219.1751071065664 589.6005555763841 0.6259451061487198 0.5316763296723366 0.1467568278312683 61.25560224056244 0 0 9.123658023774624 0 2.145653575658798 42.83967256546021 24.78027669340372 0.4659287184476852 0 0 9.626320630311966 0
19.89992775768042 995.0870664268732 6850.630758404732 0.5372452437877655 0.4900068044662476 6.935928173363209 14.51947809010744 21.06447392702103 25.46425019204617 18.62811459600925 2725.892414100468 7.595373421907425 345.3594809323549 70.44700052589178 1.088964194059372 16.36181804537773 3806.455519773066 3062.491311311722 5484.114029660821 19.53662358224392 18.35365078598261 48.76589985191822 571.9643397405744 32.40128633379936 431.910294316709 15119.00412674993 12540.40486334264 22.50518199428916 78.79940484464169 118.0228822156787 395.361389271915 3.10193943977356 2.708608835935593 1411.885630249977 6.947460234165192 1182.031336933374 2319.039146929979 2329.709880284965 309.3783825486898 19.84719797223806 2.124630227684975 15.69134450703859 4.631500214338303 0.3059645593166351 299.3479393348098 117.881506331265 0 0 0 1.334359422326088 1.022322177886963 0.1963832229375839 0.1327365934848785 79.25924783200026 0.182877890765667 356.4442953765392 2.076763220131397 0 0.7601409777998924 167.3538090512156 128.5688133686781 259.1782320588827 0.1559160202741623 0.8062541335821152 0.6804533749818802 2.559686370193958 2.949950702488422 229.3688453659415 1623.651294052601 3729.574397481978 1.625517852604389 2.323822736740112 4.164334751665592 88.15037882328033 0 0 22.25818301737309 1.723729707300663 61.30538284033537 33.23219308257103 39.91065610945225 14.9698289334774 0.7460231557488441 0 0.206066682934761 0
20.45940901339054 4712.55805337429 12557.15574446321 0.15443205088377 0.1446856558322906 2.008737899363041 31.10806643217802 23.92956757172942 50.09664113819599 13.8087638579309 437.3167284280062 4.282442294061184 1709.840870670974 57.95493227243423 1.347055785357952 1683.01097433269 7193.802512198687 132.0121600702405 2662.966455124319 11.68178315460682 413.4012401476502 1377.551890663803 12759.74455631524 675.426662184298 5664.823194622993 12540.40486334264 27355.07893504202 481.8805091306567 85.29134440794587 192.4205808341503 728.8438960835338 1.618007324635983 2.422605782747269 2933.211235828698 89.58497379720211 6666.434010401368 3611.745206609368 7948.003456398845 2425.781213209033 226.339578486979 16.59737018495798 22.12555831670761 37.39985410124063 1.677567660808563 401.2277831807733 1126.873174130917 0 0 0 7.035021655261517 1.574904024600983 1.52923908829689 0.1626335978507996 155.3759203255177 0.3488035202026367 578.5038524642587 2.397839888930321 0 220.1928616911173 159.3286846503615 256.5649198442698 179.3893185630441 0 9.991097651422024 218.8118215873837 888.6041812449694 10.70727785676718 433.7336866185069 1171.594340026379 5605.287169702351 7.800659507513046 1.134570010006428 4.862639248371124 172.2496314495802 0 0 78.66079137474298 21.25941321998835 267.917065359652 60.10485898703337 190.9920703396201 89.98131811618805 3.471738323569298 1.491331979632378 0.952986016869545 2.686360567808151
101.6621946617961 89.37417035549879 293.6783153265715 4227.195869594812 2.814913295209408 102.0025567933917 15177.77992899343 482.2224089354277 1605.630342952907 2380.218163724989 17.63270665705204 292.0175988487899 10.03122647851706 454.3850932791829 171.5392391160131 1756.546103321016 44.71708152443171 5.202073719352484 4.968578845262527 2478.405850771815 7501.670959703624 610.6553592979908 1735.514465428889 6666.280610188842 17.65568028390408 22.50518199428916 481.8805091306567 14230.85664299875 454.8153399676085 10006.63115233928 0.2507377415895462 5.927292257547379 31.57334104180336 503.8305785283446 23.83590215444565 2711.939405456185 168.1447394564748 1176.494287639856 957.1651596575975 211.1510785073042 37.67962714284658 2.168715566396713 29.01576883345842 20.24901419878006 1.593844562768936 2.048067003488541 212.8102583065629 1.665157645940781 81.09833783656359 283.629742257297 319.1200596094131 435.528697527945 146.1272025033832 2.767104715108871 213.7230651974678 0.1259231269359589 155.3455485552549 8.388979092240334 383.6167472749949 1.484583608806133 0.2295709997415543 1.162144310772419 299.6437681540847 173.7605398446321 144.1041615903378 71.24251314997673 1686.827974066138 0.202816367149353 2.021796196699142 15.09647205471992 1686.613317072392 108.6385918185115 105.188593827188 0 0 15.37790586799383 91.4216333553195 6.02893653512001 383.5799956396222 14.22748748958111 217.4465170353651 73.71938863396645 117.7641806975007 8.961603693664074 2.36800779402256 2.985749088227749
3562.567920185626 3.102384507656097 127.6306940317154 13.36202415823936 23.40642938017845 236.4167149998248 1288.11908365041 1461.98914065212 32.20511388033628 356.6046305298805 436.3410633839667 101.07013521716 40.38938173279166 7505.499081131071 28.10404850542545 45.82005845010281 529.0680033564568 73.4087809920311 76.04097433388233 222.2586874179542 313.7442096248269 36.22696696221828 185.0652607828379 453.039840746671 1.862419776618481 78.79940484464169 85.29134440794587 454.8153399676085 12730.68825500458 4558.287763305008 3.123820938169956 657.6640420779586 1419.621349580586 3431.430906459689 7.263726495206356 1439.678720489144 174.567060507834 2734.417465142906 631.1536285057664 104.9190583229065 16.53043136000633 9.918668173253536 9.282264523208141 0.4063341170549393 0.8729925155639648 6.0325663164258 1.589237123727798 0 1.083992928266525 12.49804528057575 12.16432622075081 18.17432127147913 3.999586902558804 0.5457115918397903 1.656485967338085 1.155245885252953 7.592203482985497 0 37.58057513833046 0.9795953333377838 0.1394627690315247 0.3510813936591148 2.084395557641983 20.14693006128073 17.54711294919252 9.663510635495186 97.39797277748585 0 3.478890098631382 9.228226542472839 86.76576459407806 7.235064297914505 7.839573115110397 0.09689535200595856 0 1.021905146539211 7.842379689216614 0.4916329681873322 36.41098763793707 3.145845234394073 12.8721861988306 5.973849788308144 3.377128176391125 0.2190775722265244 0.6185498684644699 0
