1181.773255206645 0 27.61766611039639 3.836153201758862 0.4499625861644745 22.64821022376418 3092.434930957854 729.2537916861475 4.310615286231041 35.39089348167181 4.117607973515987 4.148278281092644 0.2627519816160202 4496.984176442027 0 1.498187400400639 75.58704555034637 0.4772827178239822 3.931944034993649 4.041394256055355 232.9805193468928 0.4319539591670036 348.578992318362 38.17402161285281 0.1735974475741386 10.22888121753931 20.28996249288321 115.082339707762 5269.138140760362 2010.633009113371 0.2146523594856262 7.458779588341713 120.3446849957108 173.8448741808534 1.772440075874329 58.14545314386487 4.431581452488899 144.1016627438366 70.64044370502234 4.523115254938602 2.0335728302598 0.1616776287555695 0.2292799800634384 0 0 0.4318194761872292 0.2850810289382935 0 0.6004623025655746 5.845152292400599 1.229884162545204 1.067882142961025 0.3019613102078438 0.1345715671777725 0.1602205410599709 0.07376234978437424 0.6488893553614616 0 0.1491102054715157 0.07947582006454468 0 0.1503872945904732 0.1766771972179413 0.850480567663908 0.112693764269352 0.4259747639298439 7.503740090876818 0.0653061717748642 0.1358464360237122 0.4248655289411545 10.27989974617958 1.128386653959751 1.97780530154705 0 0 0.08456408977508545 0.1912702992558479 3.964395999908447 2.005822069942951 0.2476333528757095 0.2793009951710701 0 0.827312707901001 0 0 0
0 146.3123303875327 199.8299097269773 0.1238063797354698 0 0.5803417935967445 1.399090372025967 0.1646884977817535 459.2745376378298 0 133.257010191679 1.634565800428391 543.7591300234199 0.09661826491355896 5.270435839891434 59.86090094596148 94.81968754529953 57.47780651599169 80.84175831824541 0.08919766545295715 3.434089429676533 2115.237527862191 4.345558948814869 517.0244702920318 2013.661801576614 1174.218670487404 6195.32819917798 30.88248381018639 0.1693601384758949 2.581154510378838 14.15342919528484 0.1063995957374573 0 19.85125915706158 0.6468923687934875 33.1831900626421 56.09023437649012 24.08822823315859 8.32731968164444 7.546956807374954 1.443776249885559 192.8678349778056 0.4658871591091156 0.1391090750694275 39.99606246501207 76.37804160267115 0 0 0.07045302540063858 0.7168801203370094 0.3445412516593933 0.6482311189174652 0.1994664296507835 7.347087129950523 0.3388420194387436 17.83263006806374 0.2736062183976173 0 0.8834507092833519 115.4862154424191 13.71456232666969 67.67402664572001 0 0.8360213190317154 7.69489161670208 6.102389499545097 1.377921588718891 17.85035075247288 708.1259277313948 1169.963647596538 0.1750077605247498 0.1910065338015556 1.110474720597267 1.872816860675812 0.1134239360690117 0 7.948403634130955 0.5220979452133179 30.61865634471178 14.02377164363861 19.63244384527206 7.893094882369041 0.09480462968349457 0 1.913205116987228 0
27.61766611039639 199.8299097269773 6496.856290377676 0.4675138890743256 0.1919723376631737 76.21056526899338 589.5149037688971 208.9793311357498 11.40269284695387 10.61901630461216 142.1651168987155 0.4044686704874039 20.18363022059202 205.7825215868652 0.1187437921762466 29.17283622175455 2457.338439181447 28.80899140238762 236.3322672694921 0.2231136634945869 278.5816029720008 152.2239988744259 8334.125188495964 52.30911310762167 8.294278286397457 11099.45478446037 9793.340388186276 209.9743670895696 53.88322716578841 91.07340748235583 1.997085481882095 3.091782506555319 5.949737779796124 740.0292671993375 9.571856677532196 983.9306690692902 2832.263236105442 1025.438185930252 284.5953156650066 46.0976057946682 5.830570451915264 22.90785130858421 3.680911585688591 1.652087651193142 224.447934538126 588.4669395759702 0 0 0.1983645558357239 11.40852441638708 4.40258976072073 3.492437526583672 0 3.734883941709995 0.06499798595905304 0.8226137161254883 2.145476914942265 0 18.85581780225039 376.5822416618466 5.924165308475494 61.81934888660908 0 6.796020738780499 50.51928722858429 87.22291751950979 24.36798107624054 1.541733294725418 902.4241117611527 2661.116459988058 20.05362709611654 3.430226229131222 11.4971879273653 0.3094960302114487 0 0.1761843115091324 27.01741487532854 9.773902520537376 88.82743574678898 43.71747318655252 61.90890211611986 20.50138399749994 1.41805998980999 0.07735277712345123 1.152006506919861 0.5141676664352417
3.836153201758862 0.1238063797354698 0.4675138890743256 3148.288815692067 0.09626566618680954 135.8196735978127 133.4909986555576 65.09322338178754 731.8994747847319 2507.364567026496 1.898615524172783 4062.476365491748 0.1447902470827103 48.49050524830818 14.41736375540495 0.1458549648523331 0.5471834093332291 0.1901696026325226 0.2997590601444244 2881.586955308914 0.1404191628098488 0 0.2174805030226707 1923.989370085299 0 0.4920877888798714 0.3477165922522545 3440.828786306083 51.46689904481173 0.737229086458683 0 5.243351459503174 4.981359139084816 22.30420526862144 3.27761435508728 88.99021501094103 1.388577051460743 39.9457431435585 18.88858333230019 90.90428076684475 4.69769412279129 0.1949950903654099 0.9048469960689545 1.260222874581814 0 0.2072239220142365 112.1858491078019 0 48.10140761733055 38.20768754929304 32.00003942102194 99.97069537639618 161.0705443099141 0.2110684476792812 276.5161047801375 0 9.773284517228603 3.837634824216366 0 0 0 0 63.37183232605457 0.07540172338485718 0.06307943910360336 0 233.4847237989306 0 0 0 223.3708604797721 8.397423960268497 1.143193282186985 0 0.3639924600720406 0.09179985523223877 4.058978252112865 0 37.25511931627989 0.2400563061237335 9.566200919449329 1.088635347783566 98.14528611302376 0.2856596857309341 0 0.2308855578303337
0.4499625861644745 0 0.1919723376631737 0.09626566618680954 109.0653139948845 385.0465961396694 2.95604246109724 213.908233448863 28.73109717667103 5.477168038487434 8.402695655822754 20.00830364227295 0.6907421052455902 21.51428170502186 736.8749783486128 0 0.3114889785647392 1.220271043479443 2.432444229722023 1.098795242607594 0.6511215493083 0.2576768696308136 0.4452560395002365 0.963158406317234 0.1592074483633041 1.816067785024643 0.6483132019639015 1.101460561156273 113.5228735730052 0.3161952272057533 0 234.2611616104841 0.1244391426444054 664.3482292145491 4.049432277679443 25.83833624050021 3.945106409490108 89.62472572177649 58.10049229860306 1470.52227833122 565.9638759419322 0.1763156950473785 0.5375745743513107 0 0 0 0 0 0 0.2421995475888252 0 0 0 0 0 0.1523535400629044 0 0 0.08253461122512817 0 0 0 0 0 0 0 0.2882967814803123 0 0 0 0.22280503064394 0.2340521961450577 0.3267821669578552 0 0 0 0.06292290985584259 1.08543336391449 0 0 0 0 0 0 0 0
22.64821022376418 0.5803417935967445 76.21056526899338 135.8196735978127 385.0465961396694 10667.51490158215 4293.5472551696 7135.43853726238 289.2047803215683 11654.81908870116 34.82147705182433 3979.793691106141 4.443391911685467 467.7256449796259 1014.461594440043 0.6669573858380318 19.51026492938399 6.531588915735483 8.890812490135431 368.7358309216797 62.82616993784904 0 213.2852428257465 140.805651627481 2.897133946418762 13.51654460653663 14.26254949718714 1615.421278059483 277.4390495494008 31.19225347787142 0.3817538544535637 895.1478986851871 14.22218946367502 499.0645281746984 20.94225582480431 711.3812434785068 27.98876583576202 455.626887653023 319.3672561608255 2237.755120128393 610.7377425655723 6.235044755041599 15.71620773524046 1.465258158743382 0.1820728406310081 1.612318336963654 39.95652074366808 0 25.36599810793996 57.06346393376589 29.82322966679931 27.86641994863749 46.17596843838692 4.543112091720104 37.21393860131502 0 12.97550988569856 1.320130683481693 0.8144591152667999 0.1679201200604439 0 0.07685928791761398 11.50520569831133 0.084407739341259 0.1105275452136993 0.8596743494272232 127.200156096369 0.1629961580038071 0.6257352754473686 6.173524580895901 148.9729160889983 7.778814263641834 8.49081864580512 0 0.6853504925966263 0.2966058477759361 1.914702594280243 4.927856683731079 33.57997003570199 0.1680828630924225 7.541414029896259 1.10793512314558 48.29310728982091 0.2513836696743965 0.1107693389058113 0.1033264249563217
3092.434930957854 1.399090372025967 589.5149037688971 133.4909986555576 2.95604246109724 4293.5472551696 14370.59024811536 5287.615153994411 550.4845540039241 7708.996165730059 29.84477848559618 166.1837244108319 3.93640473857522 10602.30943316966 16.28267797827721 14.91732201725245 64.29834181070328 6.794385679066181 15.19333145022392 19.34658971056342 1082.936207614839 4.026766546070576 2382.39249253273 1971.689516525716 12.18160652369261 70.47758270055056 107.4990528412163 17720.86554885283 3416.60537423566 4802.372792843729 0.1923794597387314 59.79958789795637 366.4096543341875 672.5446609221399 40.57654979079962 1647.215997137129 63.8250644877553 1008.322257425636 430.1363747902215 146.9485072419047 97.83865965157747 7.099086135625839 27.55329074710608 23.67454658821225 1.618354804813862 13.02590771764517 48.54272006452084 0.1752504855394363 59.34222811833024 397.0572514757514 86.13835454359651 89.79608137905598 75.75671231746674 2.322242610156536 40.11439384520054 0.4916503056883812 47.95356487855315 3.255500268191099 14.86789983138442 4.341773197054863 0.2657027468085289 0.8968093246221542 22.8501747623086 14.92948674410582 2.599995113909245 12.29390223324299 475.7173119746149 0 4.249985039234161 55.75969701260328 616.2281043939292 57.28212051466107 73.42761886864901 0 2.377986334264278 3.302971370518208 22.86248796060681 17.79771676659584 141.8001279905438 3.188163168728352 41.25475777685642 8.303255461156368 39.58756082132459 3.330170705914497 0.4030160009860992 1.256660081446171
729.2537916861475 0.1646884977817535 208.9793311357498 65.09322338178754 213.908233448863 7135.43853726238 5287.615153994411 7327.149058897048 28.93647062033415 3931.595067489892 63.32473250105977 1098.936802852899 6.687255881726742 5808.83856491372 211.5001227706671 2.927821215242147 181.3246021978557 10.0097289532423 23.43975059688091 274.0824383273721 593.4683432020247 0.3665575608611107 1081.069523967803 91.80381136760116 1.60209484398365 54.22328955307603 66.08402505144477 811.8655565232038 597.4200085997581 884.1444121710956 0.2910759970545769 407.3754196055233 9.41678236797452 461.8951223939657 13.02620383352041 472.105052344501 40.84202015399933 467.8189591281116 332.0255019813776 851.5530961155891 286.3579361960292 4.163152649998665 12.4526992700994 2.076538674533367 0.62495406717062 1.628240041434765 11.48375458270311 0 11.86901290342212 57.23914960026741 15.50059640780091 10.28193925693631 16.87648856267333 0.4211190789937973 6.596330888569355 0.1595930904150009 6.83654510602355 1.278366796672344 0.8773239180445671 1.072562612593174 0.06726491451263428 0.223163403570652 4.779989887028933 0.4592372514307499 0.2597210183739662 1.40286223217845 65.13192665576935 0 2.08602724224329 7.501789510250092 93.43021509423852 6.923858948051929 7.083636663854122 0.08345469832420349 0 0.4761071652173996 1.918170806020498 4.178545393049717 15.38407757878304 1.114986836910248 4.235954437404871 2.654936462640762 13.09065347164869 1.666839793324471 0.1033879369497299 0.0632234588265419
4.310615286231041 459.2745376378298 11.40269284695387 731.8994747847319 28.73109717667103 289.2047803215683 550.4845540039241 28.93647062033415 1376.643044672906 550.7050016224384 6.807634338736534 878.5905294716358 19.33194290846586 18.96108152717352 933.4612429887056 20.70593986660242 5.517277337610722 6.028549142181873 7.521337755024433 430.082493044436 21.34021606296301 2160.85832195729 19.73223930597305 8316.491256628186 91.35049196332693 82.66264786571264 326.5027732551098 2391.702058002353 39.59425783157349 195.7326327487826 0.9249067381024361 1.000639840960503 9.169778496026993 20.09771335124969 4.408300012350082 224.9029779210687 20.95219430327415 40.46291591972113 15.29917795956135 450.905510418117 6.104017212986946 0.4159592837095261 1.614900499582291 17.23217282444239 0.6592643857002258 2.355320461094379 91.70703209191561 0.1164369061589241 59.96248809993267 300.4294427037239 65.92965901270509 118.0425642579794 96.51704432070255 1.868434607982635 242.666708573699 0.3046511933207512 34.00947466492653 8.212550632655621 31.81049532443285 1.039072602987289 0.648657288402319 0.5954059585928917 40.79502768442035 14.3010765761137 2.08795803040266 5.589662455022335 1134.933966614306 0.529201552271843 2.218834489583969 7.200688563287258 750.970865868032 54.02819807454944 46.43103033304214 0.1445103287696838 0.9187146797776222 3.208975784480572 12.99537520110607 3.251739114522934 65.32382187992334 2.669289544224739 24.26266105845571 3.404053956270218 104.5402822718024 1.777501203119755 0 1.471255786716938
35.39089348167181 0 10.61901630461216 2507.364567026496 5.477168038487434 11654.81908870116 7708.996165730059 3931.595067489892 550.7050016224384 26555.51809389889 49.33678123354912 7133.568210028112 3.601675316691399 1712.595292128623 36.52715567499399 0.3514285869896412 4.44792341068387 9.323838122189045 18.49120548740029 2899.68211068958 9.145263724029064 0.3017028644680977 35.01142428442836 956.7056936621666 1.596508152782917 13.39206939935684 11.95513442903757 3682.325852010399 775.5992343053222 9.253459859639406 0.1602877303957939 101.3171922191978 12.89355532079935 446.4175571426749 16.96115546673536 1034.661033332348 35.12957368046045 684.7442564219236 284.849528580904 329.2348644733429 86.20197705924511 0.9455095455050468 24.48307975381613 3.611816234886646 0 0.6959628015756607 139.7818723917007 0.1814626008272171 72.30251443013549 99.58381921425462 66.1141787096858 94.56652177870274 142.1450015231967 1.409277185797691 204.8181567192078 0.1590176522731781 23.81162561476231 8.490980692207813 0.2487124651670456 0.3594872578978539 0 0 49.24083485454321 0.07317221164703369 0.3534801602363586 0.7408926039934158 344.9354614503682 0.1998820230364799 0.3477955535054207 1.28897763043642 410.9919250011444 14.99001044034958 2.854580029845238 0 0.8697293847799301 1.097088880836964 10.44090440124273 4.597667716443539 75.79660637676716 0.6783494353294373 16.37298408895731 4.284426651895046 178.4486734047532 0.5395499020814896 0.1837488561868668 0.5220514684915543
4.117607973515987 133.257010191679 142.1651168987155 1.898615524172783 8.402695655822754 34.82147705182433 29.84477848559618 63.32473250105977 6.807634338736534 49.33678123354912 10718.22552282363 22.56636045128107 3836.764752537012 152.8298021703959 2.447706438601017 3.472238056361675 708.1890802644193 2420.351228542626 4700.600570984185 11.62692850083113 14.3982135951519 34.45395514369011 84.10847868025303 10.23069211095572 3648.857949703932 2725.029546506703 2352.610280700028 19.26312848180532 178.3324228003621 10.60363104566932 334.7664126604795 142.9587866663933 1.877957999706268 8295.037923660129 3.844683572649956 610.1429296433926 5739.731616564095 4459.06171374023 1093.975103933364 49.5875800922513 30.14948524534702 2253.980252295732 15.65183468908072 0.320436418056488 15.40403169393539 2.69362285733223 0 0 0.3915274292230606 3.006360776722431 1.240215998142958 0.5879073217511177 0.690398208796978 1188.033572308719 0.6593430116772652 1406.468894138932 1.583511255681515 0 0.2489384859800339 4.624167956411839 185.6844757348299 28.26749121397734 0 0.2770503535866737 1.520630471408367 1.415802597999573 4.622919775545597 349.9765444323421 301.8431802988052 138.9076261594892 3.319140002131462 1.512362286448479 0.2242960929870605 92.23464794456959 1.482475452125072 0 43.1008615642786 2.027268975973129 9.417808666825294 361.2665506750345 70.20449423789978 4.885529719293118 0.7435295358300209 0 412.1263144984841 0
4.148278281092644 1.634565800428391 0.4044686704874039 4062.476365491748 20.00830364227295 3979.793691106141 166.1837244108319 1098.936802852899 878.5905294716358 7133.568210028112 22.56636045128107 7318.456792593002 2.381473198533058 364.6243378669024 984.5533170253038 0 1.435148611664772 3.633293308317661 8.580884143710136 4632.906892880797 0.508836105465889 6.791298933327198 1.938430469483137 308.4562547206879 1.906254053115845 5.295814722776413 4.075363028794527 1794.553325477988 124.4340954050422 3.13701868802309 0.1614721193909645 101.1858928352594 0.7534454166889191 174.280943788588 10.25746271014214 546.5670356303453 10.06725117564201 200.1433202922344 61.68273394554853 1046.686419606209 24.77215977758169 1.013899683952332 9.313024885952473 1.026037432253361 0 0 57.23581318557262 0.1367568522691727 45.51463057845831 16.75580257177353 12.71928808093071 51.69201407581568 57.03331553936005 0.09490790218114853 171.8945771977305 0.08479862660169601 4.231647647917271 3.839802019298077 0 0 0 0 32.73483404517174 0 0 0 136.2626906037331 0 0.2026369497179985 0 99.27355568856001 1.496987394988537 1.815593674778938 0 0.7760505899786949 0 1.506921336054802 0.9444541335105896 73.74457424134016 0.1051821261644363 3.475630909204483 0.2374534383416176 153.8893155008554 0.9009599760174751 1.373859643936157 0
0.2627519816160202 543.7591300234199 20.18363022059202 0.1447902470827103 0.6907421052455902 4.443391911685467 3.93640473857522 6.687255881726742 19.33194290846586 3.601675316691399 3836.764752537012 2.381473198533058 4355.333459042013 10.97469068318605 0.4649877473711967 2.190207205712795 8.061711847782135 100.793066136539 21.73585715144873 1.914859354496002 1.808261722326279 104.1950433701277 11.67198385298252 19.84614796936512 5800.347335755825 804.3586633652449 4679.756402738392 4.902875870466232 10.54252974689007 6.682025365531445 421.8136621266603 10.07006389647722 0.9224099516868591 1042.092993669212 6.559208065271378 571.8197525441647 2616.29356046021 2079.455664783716 416.5710628852248 40.40045821666718 53.97726961225271 915.113045565784 10.71572662144899 0 14.21845651417971 0 0 0 0 0.408505454659462 0.1464705467224121 0.7641307413578033 0 488.3442212864757 0.08199597150087357 625.5767457559705 0.2231934666633606 0 0 0.6659634411334991 76.25536151975393 11.45904597640038 0.08559739589691162 0 0.4326722323894501 0.2944910824298859 0.7533857822418213 208.3643810674548 150.1175012513995 60.47069983929396 0.2422889843583107 0.3714415654540062 0.8044517040252686 39.20157535374165 0.6717003509402275 0 13.91788779199123 2.454048752784729 24.90897518396378 165.6494695469737 32.60430962592363 1.795475333929062 1.547740340232849 0.2231305241584778 267.8181961551309 0
4496.984176442027 0.09661826491355896 205.7825215868652 48.49050524830818 21.51428170502186 467.7256449796259 10602.30943316966 5808.83856491372 18.96108152717352 1712.595292128623 152.8298021703959 364.6243378669024 10.97469068318605 12045.89994575456 76.10887046158314 3.780837841331959 190.911889385432 23.1540730074048 44.07618919014931 177.4717721231282 663.8946131877601 0.3462389037013054 1139.540535874665 123.3958983942866 2.744086176156998 64.17522354796529 77.30562298744917 704.1907235793769 4920.732018183917 1472.389412902296 0.07663001865148544 609.9171878807247 10.92294348403811 1322.650704137981 17.64553132653236 682.7120755799115 78.06872350350022 884.8749894239008 431.4563782513142 488.0535108931363 247.6680204533041 7.154696755111217 12.68008955195546 3.889556095004082 0.7809778451919556 2.074636578559875 6.509379640221596 0 8.732187800109386 59.01062654331326 14.05907456949353 4.951195053756237 10.97392087802291 0.175028420984745 2.50804366543889 0.4288761764764786 4.734569624066353 0.8327683806419373 2.70747771859169 1.595080718398094 0.4264275133609772 0.6536269336938858 3.329258173704147 1.763411909341812 0.2738700807094574 1.9770348072052 52.99201017990708 0.1232471019029617 2.39307476580143 8.669361792504787 83.48689375072718 7.670588381588459 7.645572878420353 0 0 0.2088187634944916 1.800001926720142 3.87018209695816 23.42154137417674 0.4753642007708549 4.388587530702353 0.8543140217661858 8.252225741744041 0.5125589519739151 0.1767081543803215 0.130936861038208
0 5.270435839891434 0.1187437921762466 14.41736375540495 736.8749783486128 1014.461594440043 16.28267797827721 211.5001227706671 933.4612429887056 36.52715567499399 2.447706438601017 984.5533170253038 0.4649877473711967 76.10887046158314 615.5210631489754 0 0 0.7743706181645393 0.4571166411042213 51.55389904975891 0.198759563267231 20.56318417191505 0.1984252855181694 208.6359488815069 2.623974904417992 1.288521960377693 5.377458646893501 25.05487554520369 19.45492548495531 0.1552525460720062 0 72.20200303196907 0 37.05830809473991 0 297.8191008344293 1.558825880289078 36.81711416691542 12.47592158615589 1570.599435679615 57.22418136894703 0.5588579177856445 0.9390250891447067 0 0 0 7.147921644151211 0 3.797873474657536 2.7951894775033 0.193134106695652 5.664919815957546 6.065880194306374 0 22.96245236694813 0 0.5927640497684479 0.777295708656311 0 0 0 0 4.516818717122078 0 0 0 17.62504059821367 0 0 0 12.21935537457466 0.5880718231201172 0.3775152862071991 0 0 0 0 0 17.94955011457205 0 0 0.5871112942695618 44.0116291642189 0 0.1197306886315346 0
1.498187400400639 59.86090094596148 29.17283622175455 0.1458549648523331 0 0.6669573858380318 14.91732201725245 2.927821215242147 20.70593986660242 0.3514285869896412 3.472238056361675 0 2.190207205712795 3.780837841331959 0 4792.520257484168 77.76209138333797 1.224300377070904 4.780368939042091 0 2570.856402173638 2550.579208217561 4947.675437495112 2489.568765982985 3.903020091354847 26.97223433852196 2856.90693321079 2512.89317349717 9.293019935488701 240.0832328945398 0.1057440042495728 0.2892016693949699 11.66582541167736 194.4620427116752 61.75619250535965 1926.29132386297 453.7588685676455 909.4271897226572 615.2328828647733 96.67561014741659 10.99686721712351 3.499370776116848 25.06802304834127 3.441588878631592 10.25682803243399 82.82511884719133 0 0.1227776631712914 0.4510906040668488 11.98202176392078 3.183496803045273 76.37390173971653 0.09263809770345688 1.745944835245609 0 0 3.034759417176247 0.6474653482437134 4024.612769499421 17.35206596553326 0.3652312606573105 4.612657569348812 0 347.7337389290333 1112.183661952615 1762.409946404397 499.2041908912361 0.1243793219327927 34.78087389469147 1200.529168359935 347.1713151037693 9.437307469546795 183.7266476452351 0.1430563479661942 0 1.528120420873165 21.71478270739317 42.59691140055656 146.9284413158894 53.95473359525204 51.34574572741985 39.43962842971087 5.150482073426247 0.9566478207707405 0.1260237395763397 1.176349058747292
75.58704555034637 94.81968754529953 2457.338439181447 0.5471834093332291 0.3114889785647392 19.51026492938399 64.29834181070328 181.3246021978557 5.517277337610722 4.44792341068387 708.1890802644193 1.435148611664772 8.061711847782135 190.911889385432 0 77.76209138333797 2119.13166487962 245.9663993194699 4567.905780427158 0.6783410161733627 680.8338507898152 45.09346451610327 5399.427617058158 49.19248551130295 12.33670426160097 2312.978416450322 7472.429924763739 77.6139871366322 103.175518091768 229.5555019788444 0.7748177796602249 6.236287474632263 7.357017405331135 2417.883700743318 9.440140813589096 589.497032739222 2433.581004805863 1924.513712137938 675.6571331098676 28.18872313201427 1.952411100268364 30.35724624246359 4.05210692435503 0.479451097548008 55.75651793181896 25.37598265707493 0 0 0.08483048528432846 2.478281639516354 0.6419133320450783 1.211481682956219 0 6.62348997592926 0 3.794323615729809 0.6508003324270248 0 6.856448270380497 140.1541566327214 21.95857454091311 131.4946884140372 0 3.374386996030807 5.344727672636509 8.101844444870949 5.978807479143143 3.017265565693378 808.5291246548295 523.8447430953383 3.629530765116215 0.9760364145040512 3.864596202969551 2.121052473783493 0.08811531215906143 0 8.39780905097723 6.949222788214684 26.98388968408108 22.31060042977333 20.46691602468491 4.703773692250252 0.9448564648628235 0 0.1460027694702148 0.121349573135376
0.4772827178239822 57.47780651599169 28.80899140238762 0.1901696026325226 1.220271043479443 6.531588915735483 6.794385679066181 10.0097289532423 6.028549142181873 9.323838122189045 2420.351228542626 3.633293308317661 100.793066136539 23.1540730074048 0.7743706181645393 1.224300377070904 245.9663993194699 111.1541142463684 1984.018196836114 2.113746263086796 4.17193928360939 25.45463695377111 25.77742955461144 8.787927098572254 284.3255215287209 1691.523146614432 366.0197180360556 3.350524764508009 27.17781918868423 2.868228785693645 9.091360539197922 20.43758879601955 0 974.2536367252469 0.7524860575795174 324.8587284684181 1489.508549936116 909.5483857914805 258.6909691616893 15.3685417920351 3.108472183346748 54.70085920393467 2.434996552765369 0 4.15799580514431 0.6327828466892242 0 0 0 0.196170762181282 0.09224727004766464 0.07561651617288589 0 247.3546561598778 0.06789276748895645 250.4545769542456 0.08924631029367447 0 0 2.484829373657703 169.279065951705 26.57586677372456 0 0 0 0.4700927659869194 0.5760026350617409 55.15989837795496 279.9180984422565 122.9855740666389 0.2117769941687584 0.124245285987854 0.06183461099863052 64.28946669399738 0.08419334888458252 0 1.503879591822624 0.4249667227268219 2.916849561035633 18.33032514899969 1.834839105606079 0.4569657519459724 0.1055250242352486 0 1.32457435131073 0
3.931944034993649 80.84175831824541 236.3322672694921 0.2997590601444244 2.432444229722023 8.890812490135431 15.19333145022392 23.43975059688091 7.521337755024433 18.49120548740029 4700.600570984185 8.580884143710136 21.73585715144873 44.07618919014931 0.4571166411042213 4.780368939042091 4567.905780427158 1984.018196836114 2343.96257968992 2.779688537120819 16.90527129918337 25.99795752763748 145.3254986032844 9.745801724493504 114.8720350638032 4685.359842307866 2305.978168331087 12.30808494612575 48.53461721912026 10.14163961261511 3.614185318350792 31.00357038900256 0.5828946009278297 4173.748067304492 3.050324119627476 973.5330336987972 2224.286189205945 2141.069570869207 589.3921390846372 60.01858222484589 4.525442585349083 29.36991589516401 1.865177772939205 0 40.29052992910147 3.347955964505672 0 0 0 0.8818143531680107 0.3188698887825012 0.7504516243934631 0.06510785967111588 64.51941224932671 0.08172567188739777 61.15683169662952 0 0 0.1830859407782555 25.44974245131016 160.909761749208 173.0420532971621 0.08351179957389832 0 1.393498033285141 2.09033939987421 1.525960847735405 29.91371741890907 766.9845264106989 353.7633284926414 2.435994926840067 0.07184641808271408 0.4058310240507126 21.65086331963539 0.09436927735805511 0 5.592133991420269 3.281313672661781 8.316459760069847 10.75212110579014 10.40465904772282 1.227425038814545 0.1790163964033127 0.1017606481909752 0.1236946806311607 0
4.041394256055355 0.08919766545295715 0.2231136634945869 2881.586955308914 1.098795242607594 368.7358309216797 19.34658971056342 274.0824383273721 430.082493044436 2899.68211068958 11.62692850083113 4632.906892880797 1.914859354496002 177.4717721231282 51.55389904975891 0 0.6783410161733627 2.113746263086796 2.779688537120819 651.8199355304241 0.7447988018393517 0 0.9676928706467152 714.2176871858537 0.2563749477267265 1.45395877212286 1.901761792600155 2333.525248970836 106.4821548908949 1.24134573712945 0 21.26224403083324 0.5726470351219177 85.98508112132549 13.76313776522875 192.1035424247384 7.930955030024052 118.9020730853081 47.02401296049356 318.7590852081776 14.36868284642696 0.4128686040639877 3.069294527173042 0.3395297005772591 0 0 43.92443675547838 0 18.92398082464933 16.58624547719955 10.7748260051012 28.13220775127411 31.42626388370991 0.09169042855501175 86.58406811952591 0 6.779241487383842 1.077852703630924 0 0 0.07704403251409531 0 11.92333893477917 0.1929441839456558 0 0.1627446413040161 75.89164475351572 0 0 0.3906975090503693 69.70827013999224 1.624126844108105 0.7581351101398468 0 0 0.1113260462880135 0.6412690579891205 0.886751726269722 22.74899639189243 0 2.050291240215302 0.3375628590583801 52.06096519529819 0.08104319870471954 0 0
232.9805193468928 3.434089429676533 278.5816029720008 0.1404191628098488 0.6511215493083 62.82616993784904 1082.936207614839 593.4683432020247 21.34021606296301 9.145263724029064 14.3982135951519 0.508836105465889 1.808261722326279 663.8946131877601 0.198759563267231 2570.856402173638 680.8338507898152 4.17193928360939 16.90527129918337 0.7447988018393517 18818.97412601113 78.0744996368885 15459.22569911182 523.677300311625 3.40654045343399 33.10105790942907 540.9381737783551 7113.690399877727 345.5430401898921 10196.29591492936 0 4.663670249283314 67.42947125434875 3095.26270275563 155.2835694849491 4421.242861073464 828.9741673991084 4842.003594774753 1761.151221320033 219.1600742861629 28.78742910176516 7.68345632404089 54.88471169024706 2.03252836316824 0.8924181237816811 9.979456044733524 0 0 0.1514727175235748 14.21728340536356 2.056701809167862 32.40965703129768 0.1869124099612236 1.586924001574516 0 0.107964351773262 2.951898090541363 0 406.4277640208602 3.073767811059952 0.2814296558499336 0.6335366666316986 0 165.2695416510105 54.86990013718605 145.7965435609221 250.0545890629292 0 2.835898324847221 44.73939111083746 200.1861167028546 7.857927083969116 102.451225951314 0.08498094975948334 0.3091142177581787 0.5759928300976753 8.223691217601299 85.27211719751358 131.3820110857487 4.730984248220921 4.88909824937582 8.088420666754246 1.967346504330635 0.5996643900871277 0 1.636649183928967
0.4319539591670036 2115.237527862191 152.2239988744259 0 0.2576768696308136 0 4.026766546070576 0.3665575608611107 2160.85832195729 0.3017028644680977 34.45395514369011 6.791298933327198 104.1950433701277 0.3462389037013054 20.56318417191505 2550.579208217561 45.09346451610327 25.45463695377111 25.99795752763748 0 78.0744996368885 1176.764051474631 111.9933380335569 5555.746814958751 484.0909518301487 337.6958254873753 3397.209013976157 418.2205169163644 2.84693206101656 33.72278488427401 4.571363270282745 0 2.116635203361511 20.48945262283087 1.844631493091583 45.2145726531744 42.01089548319578 39.48077617585659 13.72883915156126 18.83330093324184 0.3437421843409538 7.423571385443211 0.09699317067861557 0.2239875197410583 6.102530211210251 67.98819269984961 0 0 0 2.782543130218983 0.7675555795431137 9.18739327788353 0.3565643429756165 1.371727652847767 0 1.177927374839783 0.6190341860055923 0 923.6058488562703 22.00047815591097 2.092595905065536 4.639192886650562 0 47.4846628010273 143.6047637909651 228.2161477357149 141.8619334697723 1.11381833255291 43.10853224992752 966.4010870680213 57.25255963206291 2.074232131242752 25.52198874205351 0.270625039935112 0 0.1325385719537735 5.843314856290817 0.2737718820571899 27.01765221357346 13.05806951969862 13.03389524668455 12.37546317279339 1.414161711931229 0 0.1104270294308662 0
348.578992318362 4.345558948814869 8334.125188495964 0.2174805030226707 0.4452560395002365 213.2852428257465 2382.39249253273 1081.069523967803 19.73223930597305 35.01142428442836 84.10847868025303 1.938430469483137 11.67198385298252 1139.540535874665 0.1984252855181694 4947.675437495112 5399.427617058158 25.77742955461144 145.3254986032844 0.9676928706467152 15459.22569911182 111.9933380335569 24702.64035376906 587.6252055577934 8.805222772061825 1866.894557997584 16003.19506363571 6827.196710340679 463.4994073100388 2304.981448490173 0 9.206899788230658 58.21058264374733 2674.272308338434 243.3092395365238 5920.27056125924 3655.534114167094 7506.032544951886 3667.446168445051 414.9871104583144 57.84435439109802 39.40834574401379 81.23697702586651 3.579808816313744 16.57699216902256 400.2858500033617 0 0 0.08984524011611938 25.90467120707035 4.58586511015892 13.2753084897995 0.4358431845903397 9.163495667278767 0.3268371224403381 0.09415437281131744 4.203227162361145 0 1091.208057515323 39.86283317953348 1.315746106207371 4.626025296747684 0 76.36083072423935 198.6186255216599 599.3923073559999 129.9177141413093 0 63.68206702172756 1846.262211635709 106.9607232771814 7.55463882535696 48.98375934362411 0.1018191426992416 0.1172594055533409 1.185690492391586 13.82712379097939 174.6596594825387 150.097650796175 25.7577810883522 51.75152368098497 31.88404740393162 5.653684616088867 1.977738708257675 0.3071083873510361 1.217023432254791
38.17402161285281 517.0244702920318 52.30911310762167 1923.989370085299 0.963158406317234 140.805651627481 1971.689516525716 91.80381136760116 8316.491256628186 956.7056936621666 10.23069211095572 308.4562547206879 19.84614796936512 123.3958983942866 208.6359488815069 2489.568765982985 49.19248551130295 8.787927098572254 9.745801724493504 714.2176871858537 523.677300311625 5555.746814958751 587.6252055577934 7292.692108936608 88.36533802002668 111.3394786119461 1542.114295057952 9888.795433908701 490.3535352945328 731.442010615021 0.4060598090291023 8.561109352856874 128.2821211442351 246.5780319720507 28.33456294983625 941.0862571410835 98.8582524061203 393.4996568970382 157.5930944383144 218.4184028953314 29.76646444946527 2.516643278300762 10.33072425425053 45.2103147059679 8.442943274974823 23.39384706318378 135.3772695064545 0.8726558014750481 121.3238745331764 768.4386688396335 191.2924942858517 720.9942932017148 188.7354527749121 4.52983271703124 200.9631167985499 1.226052567362785 99.06886459514499 7.476966097950935 194.6675706654787 13.9513132199645 2.255424022674561 4.592792719602585 49.99041219800711 123.3128302618861 45.56567531079054 55.92813353613019 1827.795469664037 1.529419407248497 33.1419285684824 77.79026973247528 1613.333274193108 126.5125999897718 197.00854864344 0.2204631716012955 3.231273431330919 8.855435363948345 53.93484412878752 8.551921464502811 297.2539102472365 6.75099515914917 97.10689913854003 16.61964526772499 115.6441940069199 5.993792645633221 1.220875106751919 3.048505626618862
0.1735974475741386 2013.661801576614 8.294278286397457 0 0.1592074483633041 2.897133946418762 12.18160652369261 1.60209484398365 91.35049196332693 1.596508152782917 3648.857949703932 1.906254053115845 5800.347335755825 2.744086176156998 2.623974904417992 3.903020091354847 12.33670426160097 284.3255215287209 114.8720350638032 0.2563749477267265 3.40654045343399 484.0909518301487 8.805222772061825 88.36533802002668 858.3061490729451 2518.2369890064 6795.065993361175 19.90115803480148 3.673974312841892 17.7633565440774 209.2278301939368 3.218395918607712 1.446603417396545 469.3870805576444 3.107700377702713 825.7975252792239 989.6295438483357 533.1010881885886 129.904577486217 76.98767545819283 107.9664536863565 464.8491599485278 21.47863042354584 0.1105979681015015 57.32499776780605 0.4147453084588051 0 0 0 0 0.37698794901371 0.1908517479896545 0 236.6445946991444 0 418.4842059612274 0.9011389315128326 0 2.343079447746277 1.960603155195713 88.89111042022705 29.36230716109276 0 2.278190180659294 0.1825201511383057 0.4642122536897659 1.504728525876999 96.55742324143648 284.6750605404377 174.1678157895803 3.786170095205307 0 4.407213255763054 27.41481029987335 0.5280719101428986 1.714662909507751 14.6838648840785 2.518284767866135 93.55539540201426 48.82599435001612 40.19178703427315 9.706631377339363 9.922894380986691 1.966261267662048 32.64581519365311 0
10.22888121753931 1174.218670487404 11099.45478446037 0.4920877888798714 1.816067785024643 13.51654460653663 70.47758270055056 54.22328955307603 82.66264786571264 13.39206939935684 2725.029546506703 5.295814722776413 804.3586633652449 64.17522354796529 1.288521960377693 26.97223433852196 2312.978416450322 1691.523146614432 4685.359842307866 1.45395877212286 33.10105790942907 337.6958254873753 1866.894557997584 111.3394786119461 2518.2369890064 27629.41566317528 22374.00441739708 51.42699720710516 38.08162309229374 12.79040595144033 209.8721236661077 19.8150523006916 1.325791120529175 1269.070654548705 7.598247721791267 1445.316930964589 5245.569573149085 1945.067467711866 609.2331905141473 86.60192812234163 6.181760624051094 92.47994815558195 6.103795163333416 0.1650243848562241 359.7780822888017 24.40781691670418 0 0.09296977519989014 0 2.658401295542717 0.9911274090409279 1.338924624025822 0.1080026179552078 658.1841684579849 0.1748654693365097 720.2086200267076 1.47431118786335 0 2.245887517929077 197.5962021946907 921.2409500330687 827.06645219028 0.06808601319789886 1.650068424642086 4.263397589325905 7.600354686379433 4.377677462995052 403.6820510998368 4319.013524338603 2077.980874530971 3.897422537207603 1.060230150818825 4.864183433353901 213.6419432610273 0.3860777840018272 0.1212823987007141 27.81997395306826 5.462501488626003 36.98945830762386 72.98748029768467 50.60546880960464 9.441688634455204 0.2577417269349098 0.1175228208303452 4.687925145030022 0
20.28996249288321 6195.32819917798 9793.340388186276 0.3477165922522545 0.6483132019639015 14.26254949718714 107.4990528412163 66.08402505144477 326.5027732551098 11.95513442903757 2352.610280700028 4.075363028794527 4679.756402738392 77.30562298744917 5.377458646893501 2856.90693321079 7472.429924763739 366.0197180360556 2305.978168331087 1.901761792600155 540.9381737783551 3397.209013976157 16003.19506363571 1542.114295057952 6795.065993361175 22374.00441739708 34278.35015431792 1318.084440179169 44.34185418114066 100.4562315940857 528.1172446906567 11.143350366503 3.996777646243572 3013.175383664668 120.1853781938553 5660.238383606076 5654.21775431186 7291.052808925509 2839.223986826837 299.4409023448825 33.81894046068192 82.56276922672987 37.01362933963537 2.702847838401794 1643.614613845944 1365.488431528211 0 0.1141260266304016 0.9378507807850838 15.50681139528751 6.27020825445652 6.281020455062389 0.2534605115652084 333.2656294479966 0.9600963518023491 322.0253828391433 6.462662562727928 0 883.129038207233 1105.82128777355 554.7300961315632 1069.165004044771 0.09412428736686707 29.78694571554661 703.7981744706631 654.2878752425313 44.76693160831928 396.9744998142123 6662.387491188943 10248.08202451468 33.81563795730472 4.855661459267139 24.19824796169996 105.6679845303297 0.3623592779040337 0.265369176864624 99.71245210617781 127.0571386814117 322.1810261458158 186.6966021284461 238.9645187482238 108.9035329967737 5.346676722168922 4.493111275136471 7.496223792433739 2.352835848927498
115.082339707762 30.88248381018639 209.9743670895696 3440.828786306083 1.101460561156273 1615.421278059483 17720.86554885283 811.8655565232038 2391.702058002353 3682.325852010399 19.26312848180532 1794.553325477988 4.902875870466232 704.1907235793769 25.05487554520369 2512.89317349717 77.6139871366322 3.350524764508009 12.30808494612575 2333.525248970836 7113.690399877727 418.2205169163644 6827.196710340679 9888.795433908701 19.90115803480148 51.42699720710516 1318.084440179169 23711.00437240303 1324.148569859564 7864.967184580863 0 31.76805297657847 378.6607940122485 1079.672035690397 102.8888900354505 3643.251848917454 322.9060038402677 2034.802101410925 698.1566160172224 273.4347221329808 104.0689395815134 11.50463888794184 49.47633213549852 51.15517576411366 1.800974979996681 25.80282432585955 257.4764339923859 0.220835916697979 174.5491387993097 874.8567697294056 231.9139092974365 523.662380758673 337.3806731402874 6.510087218135595 321.2297763153911 3.269146844744682 123.3504531048238 12.58711476624012 277.4973833858967 7.876945972442627 0.9851104840636253 3.163925509899855 110.1596448235214 210.6241362169385 32.08947493135929 90.61040864884853 2071.079429008067 0.08819573372602463 16.70383286476135 88.21614887192845 2035.229229886085 161.8419960513711 316.5087643899024 0 3.900238949805498 12.06867926567793 62.91129544004798 37.15144410729408 390.8968611806631 9.827290818095207 103.1710307300091 23.3720880523324 254.9997332282364 7.504856452345848 2.114041954278946 4.47154974937439
