2104.726674959064 0.6620298996567726 239.9320684894919 7.399212740361691 0.0991729274392128 52.67727293819189 3067.067566990852 1542.289353005588 3.245132371783257 116.6972970739007 6.243975140154362 1.022271722555161 0 6450.771943703294 0 0.9053718000650406 294.1113476976752 6.606889955699444 96.73160445690155 0.7928315848112106 73.62898024171591 0.5773383378982544 314.2370695769787 12.76856505870819 0 226.5228599235415 52.32002469152212 82.2741477638483 2138.636457696557 3572.561985351145 0 6.833357110619545 6.801368594169617 118.4288941174746 1.992993041872978 85.57487447559834 47.44174023717642 76.66714398562908 17.75151594728231 4.25210826843977 5.161709412932396 1.080673433840275 1.709601536393166 0 0.8320609107613564 3.962780639529228 0 0 0 2.535095736384392 0.09148925542831421 1.710432067513466 0 0 0.09646695852279663 0 0.3644567504525185 0 0.6676793918013573 0.09410014748573303 0 0.2118866443634033 0 1.179132170975208 0.2109761536121368 1.472200907766819 9.483018957078457 0 2.440491430461407 9.807289361953735 6.953020431101322 1.420276634395123 5.114081546664238 0 0 0.7766299992799759 0.2933075875043869 0 3.349540129303932 0.8355555087327957 0.9217756539583206 0.2582687363028526 0 0 1.273632049560547 0
0.6620298996567726 137.1411124020815 207.959212474525 0.1191155388951302 0.3076414316892624 0.5918581187725067 4.918282888829708 0.9750614762306213 326.3677613511682 0.08701580762863159 21.41645120084286 0 432.2809302434325 1.92552475631237 3.274062670767307 237.2850335463881 408.3071170225739 3.035495884716511 53.12463504076004 0 11.51980026066303 2821.922748893499 15.08016116917133 497.5748653188348 1776.303074583411 290.9533551111817 5782.070972777903 60.51589749008417 1.518852017819881 2.533879525959492 8.337312176823616 0.3755959942936897 0 106.1899101510644 1.235350131988525 306.1472684666514 142.6947725489736 237.2873511314392 87.22301071882248 9.507786825299263 0 197.8206268846989 1.108970165252686 0.3479720428586006 117.9812189862132 98.69345632195473 0.1278270184993744 0 0.1249891817569733 0.4714660048484802 0.1911340057849884 0.9271903783082962 0 3.448923498392105 0 9.74895303696394 0.711295485496521 0 11.4498004540801 11.27249220013618 1.087302736938 15.88584943115711 0 1.659809336066246 87.71603324264288 4.863201290369034 7.579139053821564 6.450380563735962 185.5770162940025 1111.333371505141 2.224112875759602 0.482928603887558 1.670440070331097 2.540211796760559 0 0 19.34222936630249 0.367669865489006 35.15396717190742 16.36126058548689 34.68547079712152 5.969260409474373 0.9629535973072052 0 4.765944689512253 0.1564864218235016
239.9320684894919 207.959212474525 6413.045126453042 3.615648031234741 0.2820494174957275 53.04493115097284 2100.311586149037 354.4034330248833 10.32060367614031 28.05292043834925 15.32023575901985 0.09967982769012451 12.05949176847935 443.8002626746893 0.2614700347185135 13.76530889421701 5829.762962259352 13.02177951484919 141.9013460204005 0.123746320605278 801.0986560955644 136.9547315612435 8254.760881453753 107.4693226665258 2.307527348399162 5474.780747190118 14111.05355943739 812.2410404607654 121.7600415274501 1109.267470285296 1.187320210039616 2.504383444786072 4.936898693442345 326.9189403429627 27.57612663507462 1699.660352483392 5217.03256650269 1066.991593249142 488.1314167752862 36.52527510374784 8.826628811657429 36.19053836166859 3.825135543942451 2.896557629108429 159.4837481379509 1156.062075562775 0.1218874603509903 0 0.609742671251297 19.49410174041986 4.523047409951687 2.719482608139515 0.716344453394413 1.268033213913441 0 10.4259869530797 18.1680471226573 0 148.5853326022625 91.89474319666624 1.806685499846935 17.45837841928005 0 25.30658183991909 103.2805524468422 275.6214300915599 65.76903288811445 0.9290216267108917 211.5195785686374 2702.064161926508 35.55261079967022 8.43897108733654 36.10757664591074 0.6293903961777687 0 1.182973265647888 21.78319910168648 1.537363067269325 92.32975804060698 246.7560695037246 71.24374559521675 15.0510640591383 4.551259860396385 0 4.831810653209686 0.6033253371715546
7.399212740361691 0.1191155388951302 3.615648031234741 2141.043852120638 0.6318971961736679 195.1795679479837 61.41418407857418 79.87684289366007 1089.167579397559 3879.381990805268 4.095036350190639 1181.331819348037 0.5503940731287003 48.90701512992382 16.74736008793116 0.1690356582403183 0.8409483507275581 0.5658110976219177 0 2365.488671272993 2.793907649815083 0.2184908241033554 1.812210731208324 1172.644871100783 0.1241169795393944 1.061229668557644 1.153284721076488 1215.389119580388 82.62298472970724 8.298245541751385 0.08845051378011703 7.313790753483772 2.967709489166737 35.36460439860821 4.648650139570236 623.1234031841159 5.836753606796265 103.8495156317949 14.35963317751884 250.4668457135558 41.20830438286066 1.265826344490051 6.276756122708321 0.9791230335831642 0 0.4420659691095352 154.0789263918996 0.1319666057825089 10.97923555970192 96.88835024833679 2.123756535351276 187.1568294540048 311.5242540240288 0.9138441830873489 64.78861455619335 0 8.04507477581501 1.313697554171085 0.4437767565250397 0.1903568431735039 0 0.2941196262836456 109.0803975313902 0.2816009670495987 0.3254502043128014 1.155494093894958 560.6704002097249 0 0.397010438144207 2.304933987557888 436.5153661370277 12.48420044779778 7.710929811000824 0.07415999472141266 0.1234882920980453 0.279523491859436 4.8771608248353 0.7545072734355927 108.5920395553112 0.5421882942318916 12.25984811037779 3.703002326190472 94.33409170806408 1.934723146259785 0 0
0.0991729274392128 0.3076414316892624 0.2820494174957275 0.6318971961736679 10.9918175637722 275.3391527608037 2.753024846315384 5.855965480208397 78.21852768957615 7.918101072311401 2.187615841627121 79.4528588578105 0.2186664342880249 5.474107883870602 581.8945773392916 0 0.0857277438044548 0.3984720557928085 0.1932358592748642 4.723177388310432 0 0.3066390454769135 0 36.19045563787222 0 0.1471601575613022 0.6048341244459152 2.718447215855122 21.29277162998915 0.5348566994071007 0 81.21030923724174 0.4191716909408569 29.73923503607512 0.5063779577612877 18.2382777556777 0.4282433241605759 43.16232549399137 19.99855238944292 2194.637873150408 29.66078874468803 3.392144218087196 2.114294975996017 0 0 0 0 0 0 0 0 0.168784961104393 0 0 0.2434640377759933 0 0 0 0 0 0 0 0.2708082050085068 0 0 0 0.538649745285511 0 0 0 0.46466463804245 0 0.2069535404443741 0 0 0 0 0 1.338206097483635 0 0 0 0 0 0 0
52.67727293819189 0.5918581187725067 53.04493115097284 195.1795679479837 275.3391527608037 13600.50074464828 3080.566657945514 5610.664916738868 81.51214538514614 10811.18470088392 134.4377309754491 4611.100580558181 16.72723405063152 1265.950811907649 2861.340015687048 0 33.25261493772268 7.601051144301891 17.7831459864974 627.7643044218421 38.93841751664877 0.2815692275762558 44.69043710082769 161.1431115046144 1.576418600976467 40.67202116549015 9.076905429363251 968.9737476781011 561.0489936023951 186.9361630007625 1.963836647570133 836.4017256572843 7.676046811044216 627.3668117895722 14.33998578041792 886.0678399652243 53.94940415024757 950.5599496290088 357.3709420487285 6755.275525324047 639.134438328445 67.55283799022436 57.97765052318573 0.6888014823198318 0.3765406236052513 1.481533274054527 3.215974859893322 0 0.3290151059627533 32.40928857773542 0.1518418937921524 8.020906031131744 10.63515320420265 0.09270390123128891 11.2725705653429 0.1100053489208221 2.845784209668636 0 0.3366002142429352 0.08841978758573532 0 0 2.783089101314545 0.2960211038589478 0.3134771734476089 0.6656318828463554 77.58032432943583 0.09472028911113739 1.063362717628479 3.87248045951128 60.57486560195684 4.332093790173531 13.36010963469744 0 0 0.3559529632329941 2.114637821912766 0 21.64590885490179 0.9864853173494339 4.730965748429298 0.5680187195539474 4.851667180657387 0.5715776681900024 0 0
3067.067566990852 4.918282888829708 2100.311586149037 61.41418407857418 2.753024846315384 3080.566657945514 14158.72980858386 3135.3227593638 144.5959244072437 6116.743011105806 49.73836637288332 26.40453646332026 6.581472039222717 5180.456352878362 24.24097444117069 14.70735412836075 172.1492807865143 7.720462314784527 26.67970415949821 7.152837201952934 1902.628467075527 10.23944512754679 1788.458647452295 350.8182677701116 0.428209163248539 317.849669508636 242.8532568886876 10666.4744492434 2133.405240930617 5235.406224608421 1.5690907984972 89.32319333031774 196.6038310825825 531.6923065036535 53.5385175421834 3123.829338781536 294.6597455590963 1344.698415786028 416.5838228091598 454.9747317805886 358.5366955548525 9.900274887681007 48.03707652539015 7.328891411423683 3.141003787517548 47.16367387771606 25.73747415095568 0 4.503710329532623 217.0142742022872 4.335402980446815 86.67868006974459 47.02195844054222 1.649989731609821 1.984138958156109 2.015630185604095 19.36641242355108 0.1890539675951004 28.63716650009155 2.261461578309536 0.2899133488535881 0.5896876752376556 11.27359373122454 8.814991369843483 8.889508612453938 32.31058847159147 602.066087089479 0.8076607659459114 6.068868987262249 117.8923550695181 454.8428763076663 43.33269549161196 80.50527513772249 0 0.3067687749862671 3.751238413155079 17.71458405256271 8.626181602478027 124.67567050457 21.47504602372646 31.58278505504131 7.332967922091484 33.87730628997087 3.739037670195103 0.7935706377029419 1.550391308963299
1542.289353005588 0.9750614762306213 354.4034330248833 79.87684289366007 5.855965480208397 5610.664916738868 3135.3227593638 9270.544302847236 19.12167616188526 2287.809166926891 139.8108405843377 855.5776935592294 13.88154505193233 8220.957223981619 45.75902153551579 0.6665926426649094 525.8941998779774 17.42425822094083 178.3065952658653 253.3407018482685 104.4331684410572 2.468767799437046 369.636053673923 178.841197758913 1.196489714086056 456.0160322859883 91.24915340542793 650.5353424549103 1121.883337773383 1466.117503680289 1.226210027933121 409.2984745055437 10.98800590634346 639.608366779983 17.77527097612619 688.0373007580638 114.6531260162592 837.2979912757874 289.835087262094 1283.316655062139 359.9380098953843 52.43026095628738 46.31383872032166 1.945456586778164 1.005440920591354 7.842787630856037 5.232106171548367 0 0.1971981227397919 52.92338593304157 0.5439838171005249 15.20415085554123 6.999278500676155 0 0.9143553748726845 1.794432580471039 4.667427606880665 0 1.13788366317749 0.4978131875395775 0 0.2829379066824913 1.454195432364941 1.84665272384882 0.4547675028443336 2.111208312213421 125.7165705263615 0.2313240319490433 4.855959441512823 22.00732173025608 88.81290599703789 14.58855413645506 29.14543520659208 0.09644301235675812 0 0.5554896965622902 3.293864108622074 0.7872005701065063 25.37542589008808 2.303374662995338 9.904475495219231 2.902204886078835 6.362690828740597 0.6395420059561729 0.1317634135484695 0.7284231781959534
3.245132371783257 326.3677613511682 10.32060367614031 1089.167579397559 78.21852768957615 81.51214538514614 144.5959244072437 19.12167616188526 603.0317703783512 728.8226666599512 8.980341754853725 215.0009991303086 137.8538517653942 23.44029227644205 696.8654391467571 13.46573842316866 15.47738322615623 0.442236989736557 4.73774429410696 266.5334235876799 15.65069036185741 2627.757682546973 6.567215144634247 7781.778131954372 259.4699360132217 35.77837496250868 769.6957833096385 1512.307354621589 71.49103057384491 170.8912630900741 3.527493260800838 2.939874976873398 12.80222088843584 16.81316691637039 2.356453284621239 208.1029546484351 34.08394971489906 50.27285745739937 23.70777873694897 318.9444709792733 8.999865345656872 15.19666377454996 1.929711706936359 6.566540509462357 1.971088282763958 5.197018451988697 109.2588189616799 0 5.710359267890453 148.1781696006656 3.626226305961609 128.2863346785307 135.5078708827496 2.070865243673325 16.20106936991215 2.189964845776558 14.76141794770956 1.042488299310207 50.03023938834667 0.6997526958584785 0.319536566734314 0.1299672275781631 60.79997899383307 35.74110666662455 57.27176005393267 9.468485750257969 1148.044088415802 0.757108174264431 3.910529546439648 13.46227987110615 441.1747981011868 53.89922881871462 99.13142194598913 0.7090638354420662 0 4.804520085453987 17.68292293697596 0.3272535055875778 89.82870446145535 5.743773140013218 21.66160679608583 9.163350529968739 36.96119940280914 1.876190029084682 0.4290269613265991 1.146667473018169
116.6972970739007 0.08701580762863159 28.05292043834925 3879.381990805268 7.918101072311401 10811.18470088392 6116.743011105806 2287.809166926891 728.8226666599512 24699.89239599556 87.25714357197285 5995.065386123955 9.357485376298428 1104.29703874141 124.3519793972373 0.2279333025217056 7.118347704410553 6.025476433336735 8.161217976361513 3866.693975269794 18.92214739322662 0.8780760169029236 23.21541741490364 767.5364186987281 0.4714766517281532 19.23713990300894 7.509166397154331 5212.815979667008 1050.545077007264 76.04361429810524 1.415478587150574 175.2200292423368 9.808560259640217 541.9889254644513 47.57864036411047 3478.475493237376 50.98577089607716 1278.986536584795 181.626488275826 950.9378997534513 461.9710466787219 12.0107736364007 55.9619041159749 2.627786234021187 0.3917199969291687 2.174777679145336 285.2852601930499 0 20.44979532808065 193.0855538696051 6.231063038110733 209.1216932013631 642.0773439928889 1.398856110870838 149.4813557490706 0.09450368583202362 12.58239144831896 4.528279513120651 1.821482926607132 0 0.2842882573604584 0 215.3205140009522 1.780095219612122 1.274863049387932 0.4563316032290459 900.9705099835992 0 0.7474670559167862 5.661909364163876 762.6155545338988 20.31611628830433 21.54718567430973 0 0.4745206534862518 1.539061836898327 10.06596653163433 2.133561953902245 281.4738099947572 1.019905462861061 22.82785658538342 5.545711122453213 204.778239376843 3.875427082180977 0 1.102865420281887
6.243975140154362 21.41645120084286 15.32023575901985 4.095036350190639 2.187615841627121 134.4377309754491 49.73836637288332 139.8108405843377 8.980341754853725 87.25714357197285 8231.628806769848 25.76362076401711 1701.918628536165 52.57795435190201 0.9140258207917213 2.468579731881618 515.9107923582196 2300.027016796172 1951.664573580027 9.968129135668278 67.84725627303123 23.25599033385515 91.73582842946053 14.84814570099115 658.4351100251079 1503.083623066545 901.5314543992281 33.85779719799757 295.009089384228 24.59378673136234 702.3763604015112 148.3857916668057 8.63730800151825 5429.39220572263 7.493939861655235 758.8364575952291 7283.840849965811 8397.884493209422 1863.304059237242 40.04459567368031 118.0043072104454 2326.837196938694 21.38296983391047 0 22.27699300646782 2.052886180579662 0 0.270923525094986 0 2.463975124061108 0.4978998601436615 3.195399202406406 0.3629246801137924 345.9390371963382 0.3605967015028 622.7043722271919 0.09125099331140518 0.3906961977481842 2.673526614904404 0.7503857687115669 34.00761613249779 20.82225929200649 0 1.171040184795856 11.29673951864243 0.2316441386938095 9.833113066852093 256.1505785733461 454.6900746077299 502.4560654237866 4.582798182964325 0.5855602324008942 0.9054796397686005 302.9246225431561 0 0 5.632019363343716 1.782300353050232 13.35471478849649 387.3290679678321 22.12705729901791 16.05951353162527 0.8890235722064972 0.3673723340034485 86.30354633927345 0
1.022271722555161 0 0.09967982769012451 1181.331819348037 79.4528588578105 4611.100580558181 26.40453646332026 855.5776935592294 215.0009991303086 5995.065386123955 25.76362076401711 7165.261148519814 2.255610689520836 185.0989290326834 2622.438548617065 0 0.6854833662509918 2.54239859431982 1.565946198999882 5090.345863357186 0.2316565290093422 2.370803579688072 0.2256621941924095 104.3417588248849 0.2925888299942017 3.834592424333096 1.826515696942806 128.7420214191079 168.2355831116438 2.428360052406788 0.4623266533017159 64.57234145700932 0.09287486225366592 126.4377763867378 1.011034995317459 1180.26546446979 5.12080541998148 188.0683166906238 21.94621402770281 2098.686150953174 43.51959833502769 3.357765287160873 4.234216250479221 0 0 0 54.95289776474237 0 4.944337800145149 12.24345928430557 0.9794213324785233 24.00231116265059 119.0414802208543 0.2475539371371269 122.1628871262074 0 0.3254761397838593 2.437932215631008 0 0 0 0 43.65678440779448 0.2132699564099312 0 0 90.45607165247202 0.132099449634552 0.09869085997343063 0.3143741264939308 83.84271740913391 1.385770119726658 2.317597597837448 0 0 0 1.066201239824295 0 71.82975157350302 0 0.8052834942936897 0.4774099662899971 51.19050531089306 0.1696601361036301 0 0
0 432.2809302434325 12.05949176847935 0.5503940731287003 0.2186664342880249 16.72723405063152 6.581472039222717 13.88154505193233 137.8538517653942 9.357485376298428 1701.918628536165 2.255610689520836 5373.868682220578 3.357025444507599 2.465245686471462 11.48721054941416 1.302669860422611 16.9960283562541 6.653228268027306 0.7312922850251198 8.416872628033161 356.367198266089 18.39559841156006 125.1622209399939 3631.322118654847 122.1937265619636 3384.390112914145 18.37109047174454 17.697912953794 11.3454173207283 2164.860724575818 11.41397430002689 0.6585138291120529 495.253673389554 64.75587014853954 1270.102559112012 4825.539145134389 2768.950533352792 807.6681437194347 38.81804770976305 120.5237430036068 2477.835198365152 17.79280945658684 0 77.50048556178808 1.453212216496468 0 0 0 0.6203848272562027 0.8215197771787643 2.997079856693745 0.3443548008799553 717.4796517416835 0 1225.623524546623 1.324077144265175 0 0.2863166332244873 1.128937892615795 28.61754511296749 8.879888519644737 0 0 18.31957931816578 1.436086386442184 4.715135850012302 1161.254155263305 469.0094667822123 598.3698095679283 0.8592193722724915 0.6348611563444138 2.86543333530426 394.005271717906 0.6387186348438263 0 15.91201364248991 14.1575588285923 190.2946944460273 1317.476888395846 56.05204500257969 20.53012333810329 2.653296798467636 1.769396811723709 437.8888702839613 0
6450.771943703294 1.92552475631237 443.8002626746893 48.90701512992382 5.474107883870602 1265.950811907649 5180.456352878362 8220.957223981619 23.44029227644205 1104.29703874141 52.57795435190201 185.0989290326834 3.357025444507599 12949.01722527295 7.727779053151608 0.266983725130558 667.1536544859409 14.60992457345128 219.7816270589828 63.93426247686148 152.7768900021911 1.767881512641907 584.1467946991324 75.14125946909189 0.1166512444615364 513.2024729661644 109.4261407330632 378.0650509670377 7900.27815997228 2724.992100208998 0.6932749524712563 209.1809518039227 24.37497735023499 420.4838394150138 7.303987577557564 331.3672432899475 101.4081013537943 435.0507818683982 98.6618490293622 191.5066502988338 93.65137827396393 6.932299695909023 11.35007268935442 0.9516978412866592 2.325032107532024 9.540650077164173 1.06143543869257 0 0.06786152720451355 18.63960453867912 0.139069065451622 8.52269833534956 1.08073428273201 0 0.5411733835935593 1.863818347454071 1.387236014008522 0 1.901443026959896 0.9630370959639549 0.07356450706720352 0.4331829324364662 0.9393899589776993 2.286119185388088 2.35856669396162 2.5362334176898 58.31732728332281 0 4.525240078568459 23.06080419570208 44.07966273650527 5.722340177744627 17.25943949818611 0.2358395308256149 0 0 1.722506873309612 0.4013665616512299 15.71187759935856 2.658795520663261 3.449664667248726 1.335148170590401 0.5762092173099518 0.6455141752958298 0 0
0 3.274062670767307 0.2614700347185135 16.74736008793116 581.8945773392916 2861.340015687048 24.24097444117069 45.75902153551579 696.8654391467571 124.3519793972373 0.9140258207917213 2622.438548617065 2.465245686471462 7.727779053151608 310.152203887701 0 0.226814940571785 0 0.1138728335499763 279.4362787008286 0.2385774701833725 18.62920227646828 0.3261711597442627 922.5314621180296 2.224090412259102 0.8337335139513016 7.688288912177086 74.1934275329113 3.90279895067215 2.477173261344433 0 110.3991616219282 0 2.088467620313168 0.1371911317110062 363.1435283347964 0.1170626878738403 5.998014785349369 1.216981470584869 1255.185377843678 52.76833914220333 0 0.6002302765846252 0.131546676158905 0 0 4.629762962460518 0 1.20276004076004 1.308414086699486 0 1.903966411948204 9.144044242799282 0.1280176788568497 3.846228949725628 0 0 0 0.714728370308876 0 0 0 2.62221247702837 0.900941975414753 0.8558186143636703 0.2264482229948044 11.27459464967251 0 0.3730661198496819 0.6473511978983879 9.450180053710938 0.8501933217048645 1.320743680000305 0 0 0 0 0.2941408157348633 9.9748265594244 0 0 0 5.213199555873871 0 0 0
0.9053718000650406 237.2850335463881 13.76530889421701 0.1690356582403183 0 0 14.70735412836075 0.6665926426649094 13.46573842316866 0.2279333025217056 2.468579731881618 0 11.48721054941416 0.266983725130558 0 2372.503869459033 26.99330485612154 1.473098494112492 10.47414454817772 0 4185.772978402674 3787.495514430106 5889.028513073921 2449.634017556906 32.5538232550025 44.38299999386072 4306.268387213349 2812.623985700309 1.259981162846088 40.06659454107285 0.4374849647283554 0 0 41.56887573003769 7.904428169131279 781.9701023697853 716.6366120800376 286.1101994812489 337.3437827080488 24.40110646188259 1.917382575571537 10.08977666497231 6.888352021574974 0.4215040504932404 2.32062666118145 29.14043923467398 0.1147005259990692 0 0.1379851400852203 4.416308991611004 0 6.811872281134129 0.2522627934813499 0.1000874266028404 0 9.153911590576172 0.6356260627508163 0 3317.066918663681 0.3929796814918518 0 0.09765791147947311 0 410.0443146750331 868.9043410792947 1575.705949500203 206.3473769649863 0 3.217905528843403 168.6197052747011 97.9807717576623 4.697241254150867 34.72147931903601 0 0 0.5954627469182014 6.850441813468933 0.7479022145271301 241.2466177642345 138.1254136785865 14.97810078412294 7.304783411324024 3.303713716566563 0 1.309885144233704 0.142028421163559
294.1113476976752 408.3071170225739 5829.762962259352 0.8409483507275581 0.0857277438044548 33.25261493772268 172.1492807865143 525.8941998779774 15.47738322615623 7.118347704410553 515.9107923582196 0.6854833662509918 1.302669860422611 667.1536544859409 0.226814940571785 26.99330485612154 2367.992245584726 84.80310380458832 2862.773048304021 0.2524882480502129 320.0029823333025 151.6949547603726 5997.12535777688 79.46364036202431 3.835241213440895 1923.317341875285 6070.854899972677 102.284104116261 716.2814223691821 1666.491575568914 1.339639015495777 4.54878081381321 31.18488141149282 3344.020782142878 9.022995263338089 579.7051412537694 2619.185907378793 1573.92003582418 423.9209825992584 18.76036759465933 3.201312467455864 21.19348771870136 2.30629139393568 0.3637432754039764 128.4465097337961 308.508118763566 0.3877194821834564 0 0 3.764713324606419 0.5934465155005455 1.092425785958767 0.4193492829799652 0.9220965206623077 0 0.3938030153512955 2.889326348900795 0 13.21388053148985 61.2760701701045 1.889891743659973 25.84135477244854 0 4.409803822636604 11.22714307904243 21.6195013821125 12.5005145445466 4.08503632247448 278.0063148960471 845.8773601800203 7.695539057254791 2.197304219007492 7.179353252053261 0.8423399329185486 0 0 15.26684650033712 0.17326819896698 35.42254181951284 88.59594228118658 38.44218715280294 7.358783580362797 1.156213149428368 0 0.2853888049721718 0
6.606889955699444 3.035495884716511 13.02177951484919 0.5658110976219177 0.3984720557928085 7.601051144301891 7.720462314784527 17.42425822094083 0.442236989736557 6.025476433336735 2300.027016796172 2.54239859431982 16.9960283562541 14.60992457345128 0 1.473098494112492 84.80310380458832 72.19033011049032 566.8167391195893 0.5795474722981453 12.88787494599819 3.410903796553612 28.96695416420698 2.968164138495922 55.76689426600933 2135.371851086617 507.4278028607368 3.152309626340866 32.59191002324224 6.947456493973732 52.8868594840169 6.58370964974165 2.266621693968773 740.3875429704785 8.123527050018311 658.1820014044642 1848.460381492972 1558.934240855277 416.1611049771309 24.4917429164052 5.755030937492847 45.40511202812195 2.219848439097404 0 18.112071223557 1.246874593198299 0 0 0 0.4223093464970589 0 0.3289653435349464 0 26.59491884708405 0.07580786198377609 38.96625298261642 0.1025723218917847 0 0.3071615099906921 1.21863330155611 34.17794439196587 43.15835256129503 0 0.4853015094995499 1.276447489857674 0.6032187342643738 0.7283908799290657 40.26628743112087 458.8209158703685 412.454959101975 0.8800985887646675 0 0.3687639534473419 56.38131616264582 0 0 2.642221696674824 0.1665853261947632 5.168158605694771 58.15931279957294 4.882298231124878 1.12298010289669 0.3579503893852234 0 0.5999953597784042 0
96.73160445690155 53.12463504076004 141.9013460204005 0 0.1932358592748642 17.7831459864974 26.67970415949821 178.3065952658653 4.73774429410696 8.161217976361513 1951.664573580027 1.565946198999882 6.653228268027306 219.7816270589828 0.1138728335499763 10.47414454817772 2862.773048304021 566.8167391195893 2861.946871079504 1.1260781660676 126.0138446912169 24.33258572220802 275.938101105392 22.77325687557459 13.93474202603102 2280.658363264054 1318.287397935987 21.19183367490768 377.771315921098 220.7729405760765 29.04272965341806 14.6074546687305 21.89407424628735 4483.898961007595 8.802493929862976 1293.192916676402 3566.177372634411 3083.81365275383 914.3038948476315 43.55774560570717 6.457964695990086 37.24564469605684 4.274338640272617 0.5609531998634338 102.2418483123183 69.05253893882036 0 0 0 1.059792011976242 0.2133424133062363 1.401671998202801 0 8.756102778017521 0.09459526836872101 9.299752205610275 0.1853494644165039 0 6.59832389652729 40.29988117516041 53.8529270067811 238.7086943313479 0 5.548961713910103 3.488318473100662 4.398875012993813 5.920011945068836 108.7329186797142 1116.376918829978 1105.494768314064 2.858276821672916 0.5838800594210625 4.591065213084221 11.69897942990065 0 0.1121187061071396 22.53015656769276 0 41.54430701583624 235.4428868144751 47.29865550994873 7.070738554000854 1.161770522594452 0 1.391363263130188 0.247319258749485
0.7928315848112106 0 0.123746320605278 2365.488671272993 4.723177388310432 627.7643044218421 7.152837201952934 253.3407018482685 266.5334235876799 3866.693975269794 9.968129135668278 5090.345863357186 0.7312922850251198 63.93426247686148 279.4362787008286 0 0.2524882480502129 0.5795474722981453 1.1260781660676 513.5714865252376 0.5832368284463882 0.3448203355073929 0.1032399833202362 118.6719276160002 0 1.06514610350132 0.8085141554474831 698.7621917203069 70.89327225834131 0.6247107237577438 0 19.33929464966059 0.2012331411242485 48.10793389379978 1.891337119042873 445.0927571579814 1.675862275063992 85.43750111013651 9.91999651491642 545.76520845294 25.27832406759262 0.7592792734503746 4.383070766925812 0 0 0 52.27284862846136 0 3.263613425195217 16.4194026067853 0.5327633991837502 38.01350691914558 113.6384339481592 0.1180151402950287 38.87288135290146 0 0.7213118523359299 0.1729801893234253 0.7757160663604736 0 0 0 38.25873647630215 0.1403208822011948 0 0.1188996955752373 116.8825243338943 0 0.1790222600102425 0.4236974194645882 92.46641475707293 1.795915700495243 1.803753614425659 0.1200610250234604 0 0 0.3221534937620163 0 45.85720861703157 0 2.273769304156303 0.3642605170607567 40.2751806974411 0.6891776546835899 0 0
73.62898024171591 11.51980026066303 801.0986560955644 2.793907649815083 0 38.93841751664877 1902.628467075527 104.4331684410572 15.65069036185741 18.92214739322662 67.84725627303123 0.2316565290093422 8.416872628033161 152.7768900021911 0.2385774701833725 4185.772978402674 320.0029823333025 12.88787494599819 126.0138446912169 0.5832368284463882 15604.52280409634 294.8519139811397 13983.28325288743 427.0605506747961 3.220433279871941 107.2597240135074 922.77102368325 4465.852451562881 178.7548359856009 10221.73417957872 0.8586205393075943 1.913342177867889 22.34547596424818 3566.678002215922 82.45434222370386 7272.949184447527 2825.279049828649 6150.574001967907 3754.640579216182 349.1492993459105 17.24718626588583 14.63541519641876 67.96133660525084 2.254345290362835 1.276771619915962 44.70164173841476 0.1142426952719688 0 0.3580019176006317 11.16857251524925 0.381874218583107 17.13428339362144 1.414263509213924 1.075205206871033 0 3.14079087972641 3.640616402029991 0.08595069497823715 984.1524851545691 1.866763852536678 0.1422634571790695 0.5100341886281967 0 583.6467458829284 199.4102813974023 306.2995817139745 455.2512118667364 0 4.258408568799496 47.80162524431944 221.1709176376462 23.15071564912796 145.9099423661828 0 0 3.866501457989216 15.87019954621792 8.69037064909935 247.6133128032088 21.19969420880079 30.73481961339712 9.875325068831444 8.562529556453228 0.7859891653060913 2.335753917694092 1.585620544850826
0.5773383378982544 2821.922748893499 136.9547315612435 0.2184908241033554 0.3066390454769135 0.2815692275762558 10.23944512754679 2.468767799437046 2627.757682546973 0.8780760169029236 23.25599033385515 2.370803579688072 356.367198266089 1.767881512641907 18.62920227646828 3787.495514430106 151.6949547603726 3.410903796553612 24.33258572220802 0.3448203355073929 294.8519139811397 2034.484166443348 409.9505557343364 6966.257781341672 951.9145011529326 128.96363542974 6416.913476422429 555.5140135660768 4.26690749078989 23.73848460614681 11.02020837366581 0.1666482612490654 1.116485491394997 39.01583628356457 1.479234099388123 156.2816244587302 65.28137584030628 105.7102050334215 44.57101775705814 51.19313398003578 0.2971450239419937 73.22302613407373 0 0.4766073599457741 14.68706282973289 42.68195410817862 1.35580138862133 0 0 3.169664077460766 0.1400157064199448 22.73504350334406 0.5839190036058426 1.901730827987194 0 7.250702649354935 1.299015633761883 0 716.6405342593789 2.099331267178059 0.6591464430093765 1.34771291166544 0.1104210019111633 66.18629777431488 85.59170193225145 189.1592695340514 102.5321090221405 2.538078278303146 11.04929850995541 381.7208056375384 34.72400218993425 3.959852486848831 13.0075226649642 3.757587909698486 0 0.7166506722569466 2.320829652249813 0 11.86434812098742 7.682022914290428 9.468847364187241 2.461492285132408 2.075954437255859 0 0.7556950598955154 0
314.2370695769787 15.08016116917133 8254.760881453753 1.812210731208324 0 44.69043710082769 1788.458647452295 369.636053673923 6.567215144634247 23.21541741490364 91.73582842946053 0.2256621941924095 18.39559841156006 584.1467946991324 0.3261711597442627 5889.028513073921 5997.12535777688 28.96695416420698 275.938101105392 0.1032399833202362 13983.28325288743 409.9505557343364 15824.58137539774 293.3665166795254 6.119274169206619 2142.749921061099 10951.51676215976 4401.315944962204 373.1778758317232 7288.818196419626 0.8088939264416695 2.423111349344254 17.8457210585475 3801.447895504534 203.6417048946023 10500.11971933395 12077.15081045777 10128.54814250022 6964.241745427251 460.8189798370004 30.26146494597197 70.48809278011322 106.6240285634995 1.996104940772057 7.613749600946903 273.1939806118608 0.9781252443790436 0 1.102840214967728 14.9453138038516 1.962910950183868 4.930095367133617 0.1312108635902405 0.4403125047683716 0 12.54120361804962 6.503959655761719 0 3544.476243831217 6.541588917374611 0.130003347992897 2.125456541776657 0 169.844130769372 505.3028158396482 2080.488273210824 122.2152967974544 0.9270218908786774 15.17853999882936 1037.58197992295 78.92558471113443 11.10032764822245 40.68754056096077 0 0 0.1962517276406288 5.911181509494781 8.868140265345573 440.9806569516659 603.7160748019814 27.20940573513508 24.28489855676889 2.245226003229618 0.118425652384758 10.93541717529297 0.2874629497528076
12.76856505870819 497.5748653188348 107.4693226665258 1172.644871100783 36.19045563787222 161.1431115046144 350.8182677701116 178.841197758913 7781.778131954372 767.5364186987281 14.84814570099115 104.3417588248849 125.1622209399939 75.14125946909189 922.5314621180296 2449.634017556906 79.46364036202431 2.968164138495922 22.77325687557459 118.6719276160002 427.0605506747961 6966.257781341672 293.3665166795254 9679.647739261389 253.3804842233658 170.306711114943 4016.624560981989 6798.666339281946 213.7311632372439 445.7098654657602 5.276250973343849 13.05635276436806 38.1209135428071 98.10234578698874 12.60765495151281 1132.026249863207 103.1811797469854 261.8593046963215 115.8409174755216 1023.028654068708 53.1891286149621 21.52457858622074 8.703533083200455 46.36745309084654 3.759267963469028 46.31455978751183 212.6761104986072 0 17.54874847084284 1169.998168714345 26.52854931354523 1634.574455738068 332.52987986058 16.84794203937054 32.66231998801231 11.10470642894506 134.5423765480518 2.420746587216854 344.2589578554034 4.879908546805382 1.73969903588295 3.505921542644501 119.2372266799212 272.0508859455585 261.3209090530872 122.2152178287506 4801.694485217333 1.31446910649538 14.65003192424774 143.4115756750107 2818.844788089395 379.9790452606976 750.7355446815491 1.665432438254356 1.565070547163486 30.37271392345428 110.8346377760172 5.388929232954979 747.8702980801463 29.72057437896729 192.2716174423695 57.82168873399496 173.6107062399387 25.5650477707386 7.215999655425549 9.098227046430111
0 1776.303074583411 2.307527348399162 0.1241169795393944 0 1.576418600976467 0.428209163248539 1.196489714086056 259.4699360132217 0.4714766517281532 658.4351100251079 0.2925888299942017 3631.322118654847 0.1166512444615364 2.224090412259102 32.5538232550025 3.835241213440895 55.76689426600933 13.93474202603102 0 3.220433279871941 951.9145011529326 6.119274169206619 253.3804842233658 900.0073502808809 259.487071916461 3447.542623974383 18.32981393486261 1.083863161504269 6.830834813416004 348.9533158317208 0 0.1163914799690247 67.04822591692209 3.164743602275848 259.2303331792355 976.0887794569135 518.0394450798631 177.8249198049307 6.090675078332424 28.76751167327166 1416.673361286521 3.674174696207047 0 146.0321449786425 0.9218261688947678 0 0 0 2.183777093887329 0.1194862499833107 1.557119503617287 0 120.7298098057508 0 395.3279892355204 0.1682389974594116 0 0.7985463440418243 1.004303529858589 13.21861352026463 12.10947242379189 0 0.1824043691158295 13.72696100175381 0.2797921448945999 3.410520158708096 90.68752390891314 282.000414647162 590.4900969937444 0.2380624562501907 0 0.09435190260410309 80.8571799248457 0.3142051100730896 0 8.209851257503033 5.518021106719971 71.19446885585785 237.6729884445667 41.45343042910099 11.83099529892206 8.464735269546509 1.118012189865112 64.48412657529116 0
226.5228599235415 290.9533551111817 5474.780747190118 1.061229668557644 0.1471601575613022 40.67202116549015 317.849669508636 456.0160322859883 35.77837496250868 19.23713990300894 1503.083623066545 3.834592424333096 122.1937265619636 513.2024729661644 0.8337335139513016 44.38299999386072 1923.317341875285 2135.371851086617 2280.658363264054 1.06514610350132 107.2597240135074 128.96363542974 2142.749921061099 170.306711114943 259.487071916461 25198.51617311314 16108.95861350745 190.9993049353361 457.3780125640333 257.0556099712849 1144.236514024436 13.88343715667725 17.61772487312555 1337.342074342072 32.86312873661518 3121.906531311572 7505.285736039281 3140.347815405577 1182.587078355253 102.3776977732778 13.721375066787 151.7179257050157 9.6915502846241 1.134321041405201 494.9232302159071 278.2035574838519 0 0 0.4222694039344788 3.207294635474682 0.09856457263231277 6.181154988706112 0.2033627778291702 132.4922864958644 0.3818917721509933 220.570148780942 4.034542165696621 0.2654550075531006 15.29360070824623 165.949173733592 146.8305222839117 610.4547826722264 0 8.599678844213486 21.25896076858044 17.40292920917273 25.38629817962646 350.8086074888706 3999.296157337725 4585.602042101324 6.057879827916622 3.251632131636143 23.57039126008749 223.1621751710773 0 0.2702569663524628 107.9203761219978 0.8972954973578453 173.9984908849001 594.7368726357818 191.064762994647 38.22851552069187 4.928661301732063 1.732170507311821 1.743224292993546 1.195562072098255
52.32002469152212 5782.070972777903 14111.05355943739 1.153284721076488 0.6048341244459152 9.076905429363251 242.8532568886876 91.24915340542793 769.6957833096385 7.509166397154331 901.5314543992281 1.826515696942806 3384.390112914145 109.4261407330632 7.688288912177086 4306.268387213349 6070.854899972677 507.4278028607368 1318.287397935987 0.8085141554474831 922.77102368325 6416.913476422429 10951.51676215976 4016.624560981989 3447.542623974383 16108.95861350745 30947.93473757803 3692.494422376156 107.5685315951705 128.9359356686473 1585.422873564065 4.93331690132618 3.283661454916 1893.473063737154 159.9177359193563 7621.350336648524 5950.751761108637 5321.97379758209 2328.906921207905 212.4780902266502 22.81606047600508 157.4118120744824 24.73523784428835 6.489753872156143 3742.939289920032 2811.894920125604 1.01265075802803 0 1.075453728437424 42.53807494789362 8.481671817600727 10.52786773443222 1.081486627459526 128.1803374886513 0.09125694632530212 238.3171878382564 32.59734381735325 0.1444189101457596 1756.871347784996 301.9895254075527 148.3371913507581 650.2970611453056 0.2859565317630768 51.12701248377562 1244.368654116988 1563.523360095918 156.2747143357992 648.4100440368056 5371.049911610782 15888.75919386744 82.6489749327302 8.037743054330349 61.28025296330452 234.2169033288956 0 0.3164515495300293 204.9672944918275 8.37991888821125 519.9762574881315 1326.038614012301 430.5460068359971 84.80723564326763 18.13137307018042 3.302847817540169 15.25641543418169 0.6122238337993622
82.2741477638483 60.51589749008417 812.2410404607654 1215.389119580388 2.718447215855122 968.9737476781011 10666.4744492434 650.5353424549103 1512.307354621589 5212.815979667008 33.85779719799757 128.7420214191079 18.37109047174454 378.0650509670377 74.1934275329113 2812.623985700309 102.284104116261 3.152309626340866 21.19183367490768 698.7621917203069 4465.852451562881 555.5140135660768 4401.315944962204 6798.666339281946 18.32981393486261 190.9993049353361 3692.494422376156 15290.72307936102 1156.739877358079 12616.97587354481 0.4651973694562912 50.75053414702415 300.4329800382257 720.3690761774778 79.36180447787046 5739.440974831581 697.1288079693913 1730.144484192133 912.9193482175469 720.3812967836857 261.6676053255796 21.02798376232386 61.52563063055277 55.62220510840416 3.94309239089489 57.69344841688871 142.661903873086 0.1128120124340057 15.87904830649495 1048.239461317658 21.35209668427706 619.3473222106695 291.1201535910368 9.673407144844532 30.56261424720287 14.41320912539959 125.4840846806765 1.905839443206787 429.3212826699018 4.986631974577904 1.270346112549305 3.016857631504536 89.75625941157341 415.6832809150219 167.9904846996069 148.6920512244105 3843.440556637943 0.1090433672070503 8.621666438877583 147.4809837266803 2487.861485011876 428.4373792633414 995.3621644973755 0.114963136613369 1.177009284496307 37.29687038809061 97.66714573651552 17.16425697505474 712.3072311654687 55.29241722077131 176.2443098574877 62.41736525297165 175.0808208361268 14.52095756679773 4.882026650011539 4.834752678871155
