1545.908210456371 0.535198450088501 75.00930885970592 0.5377879366278648 1.68470273911953 45.04644200205803 4457.387148037553 1793.630078420043 0.1871817708015442 50.69435884803534 5.118254512548447 2.813563607633114 1.015205502510071 6827.809724453837 0.3051374331116676 0 17.94301872700453 1.459147997200489 4.217576295137405 1.136461459100246 57.50206969678402 0.8670079484581947 224.1519936472178 4.621657580137253 0 13.52057328820229 13.30323202908039 44.2965180426836 3178.727407410741 1764.947801999748 0.2478632479906082 19.63360020518303 28.02775459736586 58.8917848803103 0 35.36751553416252 16.34668876230717 49.87675321102142 13.30143012851477 7.291549451649189 4.324767418205738 0.8933300077915192 0.8048870638012886 0 0 2.625075228512287 0 0 0 0.1356253176927567 0.1087174564599991 0.5516957193613052 0 0 0 0 0.08522708714008331 0 1.011455304920673 0 0 0 0.1169327422976494 0.1051300913095474 0.8379358351230621 2.100450344383717 1.315971732139587 0 0.1289395242929459 2.938777588307858 4.338020741939545 0 0.1248703598976135 0 0 0 0 0 1.650144532322884 0.1058151572942734 2.045052245259285 0.09485941380262375 0 0 0 0
0.535198450088501 207.5550461411476 271.9635680988431 0.1086369976401329 0.09493927657604218 0.3562438786029816 4.753160998225212 1.893084734678268 358.3913704976439 0.1021296307444572 89.42568445205688 0.1137178838253021 808.9948406741023 1.749928496778011 2.162722438573837 384.0107600837946 46.80041571706533 11.46402036398649 54.20132501423359 0 8.467087127268314 3689.707238607109 91.77093202620745 707.0484167858958 2093.24793292582 794.3825190514326 10249.24844689667 74.26108705997467 0.8761598914861679 2.992261148989201 92.93470031768084 0.1016495302319527 0.2757358551025391 30.14242333173752 1.67363765090704 67.78342054784298 68.03837493062019 59.01579005271196 15.68050239980221 8.556141436100006 0 80.43194133043289 0 0.3399325609207153 70.80703731626272 461.8260912075639 0 0 0 4.964747935533524 0.9373708590865135 7.365966103971004 0.2416290491819382 5.284299418330193 0 15.7608593031764 1.628751561045647 0 8.469300724565983 57.30845485627651 1.919193871319294 20.98131401836872 0 1.534239053726196 57.39873740077019 30.09533926099539 8.089227244257927 6.072371438145638 279.1433196440339 1756.062564276159 9.93613389134407 0.6247664913535118 1.33629447966814 1.571296364068985 0 0 14.06256225705147 1.089047908782959 50.83355165272951 27.2257007881999 38.63721213489771 13.90896996110678 2.009188339114189 0 0.5270461738109589 0.4202230274677277
75.00930885970592 271.9635680988431 11434.71487951279 0.7658765316009521 1.00908550620079 54.71791231632233 1075.106205642223 527.3789832890034 4.528741031885147 16.19311409443617 22.82869131863117 1.00678938627243 11.87479535490274 321.0077030435205 0.3858673125505447 11.60099110752344 5488.598092079163 25.41399531066418 264.9464892670512 0.7726425901055336 64.89887818694115 612.2775699868798 14423.48067546636 23.58997056633234 2.51469150185585 8691.963221125305 13250.97569817305 317.0376498177648 148.510637961328 336.2707879319787 1.70879041403532 6.432180352509022 19.3805163577199 487.3883059844375 25.56726950407028 1289.83379688859 3432.824541717768 1519.967777207494 566.9548951461911 42.77849183231592 4.21581557393074 25.0416417568922 6.819572724401951 2.110014326870441 135.4231670126319 1325.656097359955 0.1206453740596771 0 0.7977949902415276 47.56156904995441 5.63363029807806 3.473560065031052 0.5596803724765778 0.9402923882007599 0.1417780816555023 0.2169387117028236 10.95862276852131 0 83.77672151476145 91.17787349969149 1.458882130682468 9.443297035992146 0 13.75054568052292 220.3909125998616 426.0007690936327 30.20149468630552 0.4370223432779312 79.42951498925686 1389.076765045524 50.50181473046541 1.266171462833881 5.059598721563816 0.1084633246064186 0.1222448572516441 0 43.53182395547628 2.926624454557896 147.8752649053931 240.1363795474172 111.8296157568693 33.49292177706957 4.273447036743164 0.143559992313385 0.3456110656261444 0.7112138122320175
0.5377879366278648 0.1086369976401329 0.7658765316009521 4478.78446932137 6.078662052750587 136.4163913205266 219.6279293820262 54.71210642158985 1584.384956769645 5528.709252670407 2.60203567892313 2987.271490715444 0.5825912803411484 32.69939574599266 251.8261662423611 0.06970822066068649 0.08265265077352524 0.7188716977834702 1.613746248185635 7118.507036574185 0.4283105880022049 0.2030812799930573 2.858398593962193 2050.515589274466 0 0.9053781181573868 1.286509796977043 4589.745528563857 80.83564694970846 1.358406886458397 0 6.122406698763371 10.86541378498077 55.96730607375503 2.85348442196846 305.2532152086496 9.754394143819809 96.38410796225071 60.70689538866282 651.5220076516271 21.11734879016876 1.48475107550621 4.904605984687805 0.09788694232702255 0.1038183495402336 0.2560646757483482 256.9569503739476 0.6903288662433624 9.572463780641556 102.1106145828962 15.03333877772093 89.40957227349281 355.4570740461349 1.457454681396484 120.0768546611071 0.1151228100061417 10.21215350925922 5.979493461549282 0.1098743379116058 0 0.1155508235096931 0 242.9283738508821 0.7043735980987549 0.5943993180990219 0.3618254065513611 517.0637074485421 0 0.2698949947953224 0.5426827520132065 613.8716628551483 7.113490521907806 0.5453663393855095 0 1.330290131270885 0 5.421379290521145 3.466136112809181 107.4277297332883 0.2645207569003105 21.4671990647912 3.614082202315331 109.6035492122173 2.944685101509094 0 0.1422998011112213
1.68470273911953 0.09493927657604218 1.00908550620079 6.078662052750587 71.87178023159504 605.7934606149793 14.92365334928036 44.12131445109844 16.19452632218599 27.70978419482708 8.037854224443436 83.43983785063028 24.86153338849545 46.29742135852575 750.5454682856798 0 1.461662948131561 1.645899765193462 0.3509723022580147 10.65137551724911 0.2389291599392891 0 2.626063041388988 14.12678334116936 0.1776913702487946 2.061970598995686 0.8782663866877556 9.29226441681385 89.53836080431938 4.528663411736488 0 172.1495175138116 0.1642728298902512 86.81897842884064 1.817165970802307 82.56549733132124 6.217071197926998 215.113409742713 103.9864231199026 1351.084455035627 113.9508454874158 12.12090553343296 2.62984050065279 0 0 0.09350375086069107 0.4315891936421394 0 0 1.06509817391634 0 0.1312479227781296 1.036735415458679 0 0.7872645854949951 0 0 0 0 0 0 0 0.7376198917627335 0 0 0 1.266362078487873 0 0 0.1040858551859856 3.0690011754632 0 0 0 0 0 0 0 0.3359073251485825 0 0.4584776312112808 0.1428158730268478 2.020482152700424 0 0.1727127879858017 1.081918090581894
45.04644200205803 0.3562438786029816 54.71791231632233 136.4163913205266 605.7934606149793 12693.24654944241 2047.202736802399 4762.72210726887 169.2700595259666 12789.38839548826 81.2028606981039 5297.562639765441 49.53116714954376 790.4305023290217 2664.187019623816 0.1130256503820419 16.03918904066086 14.94338958710432 13.9184246212244 333.1587059274316 17.90069122612476 1.01975429058075 91.94183100014925 173.6211612075567 1.045864515006542 31.62462984025478 14.60081646591425 1155.068093240261 326.8581431955099 93.85230723023415 1.458855986595154 950.7624048814178 10.27446450293064 350.6983597353101 1.800221040844917 427.4904040172696 37.1113460585475 387.3049559779465 169.1373547017574 3303.536396585405 224.8855287134647 34.03499879688025 5.62582266330719 0.1781681254506111 0 2.587444849312305 11.49062190204859 0 1.231676258146763 21.9924628585577 4.285237438976765 7.559314325451851 24.17578165233135 0.249713197350502 9.865990802645683 0.2096014469861984 1.832929611206055 0.9216248989105225 0.199901320040226 0.1079548224806786 0 0 19.97003372013569 0.08441206067800522 0.4099051430821419 1.659267403185368 75.44250553846359 0 0.405026838183403 1.684521928429604 91.00524791330099 1.143278993666172 0.6703599691390991 0 0.591261550784111 0 0.9660515263676643 1.569049835205078 26.82614025473595 0.4712473079562187 5.997826591134071 0.6285952478647232 20.22475938498974 0.9929669499397278 0.2768343091011047 1.086506851017475
4457.387148037553 4.753160998225212 1075.106205642223 219.6279293820262 14.92365334928036 2047.202736802399 19755.99993467331 6173.866685159504 347.7268197312951 7841.582139689475 56.72586297988892 39.5937101021409 17.84255131334066 7490.210454069078 35.51235447078943 17.35046952962875 29.86147938668728 12.90784729272127 22.47433431446552 13.05391629785299 512.4033226668835 48.17625902593136 2678.090361647308 1524.8781606704 0.7943250387907028 114.2118247225881 340.8995042666793 19594.15314982086 3302.155674315989 7130.140615612268 1.023814722895622 103.1544051170349 319.2077414989471 964.8519825823605 46.82194785028696 2607.958456449211 326.4758800715208 1715.196064427495 980.2055842503905 466.182747296989 227.9608862102032 11.31204544752836 55.63173675537109 3.66011068969965 0.8139719814062119 42.09479673206806 9.947812758386135 0.8155023157596588 6.925999172031879 187.1934432834387 11.922458358109 116.2451245710254 35.27352835983038 1.031940244138241 11.24631483852863 0.5708388835191727 21.44782096147537 2.71525800973177 43.3937411531806 1.193377561867237 0.249428391456604 0.2491655126214027 15.00329677760601 5.286306269466877 20.59138439595699 109.4399257749319 577.6735694333911 0 1.238427549600601 69.3629232943058 843.6172916293144 26.53548572957516 29.9907930418849 0 1.457899764180183 3.212004140019417 13.41410510987043 22.32107530534267 195.2603981569409 5.891013495624065 42.63260984420776 15.32527340203524 95.42614298313856 4.950250178575516 0 1.269325949251652
1793.630078420043 1.893084734678268 527.3789832890034 54.71210642158985 44.12131445109844 4762.72210726887 6173.866685159504 9447.18227737397 53.41687699407339 3802.790387436748 108.9103713557124 948.0041685923934 52.91196461766958 8966.618427798152 156.0648829117417 0.8712265342473984 225.9669042006135 15.47250444814563 41.61730709671974 313.3538838773966 275.3727362975478 14.07436186075211 1250.981199681759 248.1616024300456 1.728044435381889 144.6297024562955 108.3255593404174 651.3407673835754 1403.259209558368 2008.869777165353 1.513221517205238 1139.972007934004 28.49177359044552 567.4214227497578 3.680621698498726 723.1214895322919 148.6931568905711 555.7177218198776 221.9017632976174 1557.284402437508 178.0621423050761 35.41514338552952 11.18356800079346 0.7230991125106812 0.7437921538949013 24.41351840645075 5.591643132269382 0.1895660609006882 0.6846043393015862 33.25637418776751 2.06891954690218 10.85719633102417 13.42600244283676 0.08045469969511032 1.499010547995567 0.1786892265081406 3.977445423603058 0.5188444256782532 3.785708099603653 0.3000962063670158 0 0.1124881207942963 6.587541922926903 1.708579540252686 6.768021963536739 12.16508494317532 96.8118127733469 0 1.356894940137863 25.2167639657855 128.2563416957855 2.138498231768608 3.379021279513836 0 0 0.1915668398141861 2.51771529763937 0.6864791363477707 19.54979816824198 1.736621521413326 7.7413160353899 3.42844020575285 8.796384304761887 0.4156332761049271 0.4743519276380539 1.321385584771633
0.1871817708015442 358.3913704976439 4.528741031885147 1584.384956769645 16.19452632218599 169.2700595259666 347.7268197312951 53.41687699407339 603.9754181578755 536.6325422525406 3.302659250795841 493.0899342149496 13.03743401914835 27.62580629438162 415.5770971477032 27.23035757988691 1.282644458115101 1.695895291864872 1.415447153151035 355.0831480920315 8.321129962801933 2542.860054604709 16.91731130331755 8066.480627626181 92.6448900103569 13.62487521022558 218.5401195287704 1708.33167359978 81.13267456740141 110.7370789721608 3.416868291795254 7.095752224326134 31.24883283674717 46.13766302913427 3.376791939139366 299.9962068945169 18.34691635519266 109.1416546851397 58.64587557315826 261.9374274015427 13.07949730753899 1.717393986880779 3.243919402360916 3.564517334103584 0 6.248973935842514 86.67092601954937 0 6.745889253914356 70.69065899401903 2.895303770899773 155.5193095877767 148.0458022728562 0.8535373136401176 35.92951384931803 0.2186848074197769 7.858069360256195 1.690510779619217 157.1798544302583 0.5303783863782883 0.2839901000261307 0.1135521680116653 77.76088642328978 53.3907734900713 9.338200248777866 19.74215041846037 1191.889632843435 0.40422273427248 1.176448307931423 5.451322577893734 788.666559420526 13.13742485642433 61.26070654392242 0 0 2.601149581372738 5.530196502804756 2.359974727034569 48.58910036832094 1.05925253033638 17.70468904823065 5.919937685132027 36.58066878467798 1.233564905822277 0 0
50.69435884803534 0.1021296307444572 16.19311409443617 5528.709252670407 27.70978419482708 12789.38839548826 7841.582139689475 3802.790387436748 536.6325422525406 40014.5548505336 98.32212924212217 7324.786631330848 28.63944325596094 1463.23057923466 288.0974953323603 0 3.907345160841942 22.04809578508139 29.27552351355553 10386.78353634477 2.788587473332882 0.3644144088029861 24.54531448334455 941.9117799401283 0.674356110394001 36.72286494076252 12.6103538647294 6717.04419785738 1032.34238224104 18.99637124687433 2.728852942585945 156.676907196641 31.06092553585768 767.9171555563807 16.92888288199902 2155.78332695365 58.1237932741642 1357.746407277882 486.0568143799901 764.8978710025549 249.7249951660633 13.44855324923992 55.49799635261297 0.4104679226875305 0.1915857493877411 1.054084196686745 175.9631261602044 0.6128788441419601 13.53091669082642 160.8306532874703 16.39838159829378 63.68709500133991 410.0283717736602 0.3421496078372002 130.5534362792969 0.08613503724336624 12.39815629273653 10.25427844375372 0.2075178027153015 0 0 0 234.7126171663404 0.7940921634435654 0.2476184070110321 1.786853462457657 569.3077686801553 0.1582535803318024 0.551049493253231 1.303587771952152 815.0919462740421 9.706752501428127 5.057312466204166 0.08470627665519714 2.205247864127159 1.172189623117447 8.716168023645878 2.417651176452637 212.2218494415283 0.406990647315979 24.54012935608625 7.599695667624474 159.0642686039209 3.819535404443741 0 1.377047963440418
5.118254512548447 89.42568445205688 22.82869131863117 2.60203567892313 8.037854224443436 81.2028606981039 56.72586297988892 108.9103713557124 3.302659250795841 98.32212924212217 8902.596583679318 61.28782057762146 2363.96709857136 177.9395432472229 0.8469743579626083 2.398183137178421 356.8774137943983 4764.558303587139 1962.093827076256 24.38480763137341 8.748955674469471 12.15519534796476 43.58234172314405 12.77298806607723 819.2836638614535 6568.369063556194 359.279745541513 39.88188873231411 284.2955723181367 25.99702610820532 476.6170189082623 95.11948229372501 7.500698164105415 5032.15518862009 6.661433905363083 303.5453895255923 4624.976487748325 4624.900518558919 565.7872878536582 25.05615652352571 33.78656719624996 758.7036517485976 1.572586551308632 0 5.258477978408337 10.41876389086246 0.1933801770210266 0.2953485250473022 0.4205389693379402 1.714706026017666 2.29265184700489 1.114632330834866 1.61233027279377 259.7812493592501 0.3915907517075539 530.1510440781713 2.039291031658649 0 0.402771569788456 1.071353755891323 14.30549395829439 3.752241082489491 0.5232260227203369 1.166599422693253 0.8305427953600883 1.945850737392902 8.237803407013416 133.2751259803772 185.2739886045456 129.7358927056193 10.92270459234715 1.409368947148323 0.1286686956882477 49.37452365458012 1.69126969575882 0 22.37156821042299 1.62944084405899 21.87938640266657 342.2562203332782 85.42716086655855 16.9752287492156 2.125646658241749 0.5815101265907288 328.6547933667898 2.574534326791763
2.813563607633114 0.1137178838253021 1.00678938627243 2987.271490715444 83.43983785063028 5297.562639765441 39.5937101021409 948.0041685923934 493.0899342149496 7324.786631330848 61.28782057762146 8719.876375332475 15.69525225460529 266.1122457608581 1680.344463519752 0 2.783675380051136 12.79835949093103 18.1871259957552 7245.924082770944 0.4051271304488182 0 2.517926119267941 387.2841194793582 0.4011001735925674 23.65391905605793 5.276624292135239 662.0599386841059 256.2301033735275 4.032368279993534 0.9584863185882568 110.9509760886431 1.110965333878994 299.8954859897494 0.8990058600902557 857.5069437846541 10.44198682904243 519.8494924530387 96.62988176941872 2423.225550085306 88.85983726382256 9.063697382807732 9.204501941800117 0.4964573606848717 0 0 59.29236793518066 0.138759046792984 5.746018849313259 17.88831106573343 5.83583702892065 11.54349348694086 132.6954733282328 0.2044475674629211 175.2089561074972 0.1932190805673599 1.638188779354095 9.836173444986343 0.2282622158527374 0 0 0 130.4374600872397 0.4485208690166473 0 0 88.06426630914211 0 0.06988105177879333 0.2016008794307709 112.3973788619041 2.60932445526123 1.375713303685188 0 1.107411347329617 0.1234773024916649 0.8817233219742775 0 214.2121198773384 0.4239435270428658 3.683360740542412 1.530521742999554 142.5074395313859 0.9277359247207642 0.1188300549983978 0.5145174860954285
1.015205502510071 808.9948406741023 11.87479535490274 0.5825912803411484 24.86153338849545 49.53116714954376 17.84255131334066 52.91196461766958 13.03743401914835 28.63944325596094 2363.96709857136 15.69525225460529 2982.264263644814 26.78019236773252 1.618876241147518 10.81372091174126 13.67040514945984 141.5498884916306 60.36736699193716 6.300138063728809 9.987070985138416 121.7366897314787 23.79999282211065 29.05799643695354 5760.10925667733 1808.799812570214 3031.805832378566 21.60708627849817 42.17963146418333 5.592080339789391 1690.701891474426 82.20502639561892 0.4233739823102951 1157.534162286669 122.206135109067 1620.244593009353 5124.450208440423 4340.995222944766 562.0862828269601 99.12010609358549 130.929225794971 1318.386418648064 12.81776231527328 0 27.27576994150877 13.39295020699501 0 1.656204059720039 4.023925915360451 1.955079577863216 4.309394672513008 1.009872525930405 2.44461714476347 783.9675195291638 0.8367989361286163 1818.473607346416 1.699921205639839 0.2662530839443207 5.703976079821587 2.02128891646862 37.03536855429411 12.97440466284752 0.1575127020478249 3.823821097612381 0.8078286796808243 10.37779793143272 1.922550924122334 765.8606999441981 591.5269515216351 422.3022323846817 3.380110435187817 3.23428501188755 0.1923878118395805 169.0285114869475 4.684513971209526 0 56.80131286382675 35.6520556807518 344.4698615968227 675.4039297103882 297.1651534736156 61.89541117101908 15.66035510599613 10.27941955626011 517.9557978734374 1.436185970902443
6827.809724453837 1.749928496778011 321.0077030435205 32.69939574599266 46.29742135852575 790.4305023290217 7490.210454069078 8966.618427798152 27.62580629438162 1463.23057923466 177.9395432472229 266.1122457608581 26.78019236773252 10262.20162203535 6.496871717274189 0.9570572748780251 205.0307301953435 27.64731990173459 58.88781956210732 133.341882891953 243.4294466227293 10.17864640802145 928.1207551956177 92.98126850277185 0.399031862616539 135.6495278142393 80.57341926544905 404.8897541947663 6951.523066017777 2793.348422877491 1.193390414118767 1526.887106556445 39.29658897221088 968.1093722581863 1.07847099006176 463.5124549716711 111.6125326901674 569.3952863700688 130.7868905887008 170.0917532071471 74.43379046022892 13.81373375654221 8.216565750539303 0.136323556303978 1.325527764856815 18.04343564808369 0.7633731439709663 0 0 13.93202978372574 0.8971867635846138 9.588157996535301 4.058003179728985 0 0.6513003930449486 0.2023339569568634 1.262014493346214 0.8317671269178391 4.108259826898575 0.5709890723228455 0.1143435090780258 0 2.15546403080225 1.544874452054501 4.055745013058186 8.132154121994972 49.61385887861252 0.173653207719326 1.486623622477055 12.12547574937344 66.32373007014394 1.97276509553194 3.697418034076691 0.08473347872495651 0 0.2463327199220657 1.036650024354458 0.7064260095357895 14.18098650872707 2.314569346606731 3.327976152300835 0.7146292328834534 2.897357881069183 0.5167143195867538 0 0.3094583004713058
0.3051374331116676 2.162722438573837 0.3858673125505447 251.8261662423611 750.5454682856798 2664.187019623816 35.51235447078943 156.0648829117417 415.5770971477032 288.0974953323603 0.8469743579626083 1680.344463519752 1.618876241147518 6.496871717274189 297.5539122596383 0 0 0.1667255610227585 0 205.1842451617122 0.2976429983973503 10.42640296369791 0.8611070439219475 1159.053168170154 0.5570772066712379 0.07133038341999054 1.641031824052334 122.4599826708436 6.432480409741402 2.211489386856556 0.198668397963047 254.3500779271126 0.8115177825093269 5.353995181620121 0 212.6386037170887 0.4523332715034485 37.178531229496 13.70064295083284 1433.688218839467 15.37171150743961 0.08155423402786255 0.3281824141740799 0 0.1293566823005676 0 5.013007342815399 0 0.1358620077371597 2.563631907105446 1.827727556228638 1.474036112427711 12.21893729269505 0 7.025390677154064 0 0.4011353701353073 1.346043139696121 0.4330165386199951 0 0 0 7.266521006822586 0.3546817600727081 0 0 10.11339987069368 0 0 0 20.69922269135714 0.1521773785352707 1.740571886301041 0 0 0 0 0 39.20577275753021 0 0.1386981606483459 0.5529176592826843 17.38367161154747 0.70791395008564 0 0
0 384.0107600837946 11.60099110752344 0.06970822066068649 0 0.1130256503820419 17.35046952962875 0.8712265342473984 27.23035757988691 0 2.398183137178421 0 10.81372091174126 0.9570572748780251 0 4403.722771510482 18.86311013996601 0.8024189919233322 5.407082319259644 0 3844.928467594087 3750.116450384259 7217.0930499807 1583.453359074891 56.51378966122866 13.64039440453053 4395.848798438907 2494.610740378499 1.683471351861954 48.3251176699996 2.174511305987835 0.1397128701210022 0.4050461947917938 49.2787771448493 11.7720665410161 1030.497557982802 637.9917599633336 285.0299890339375 347.1446471512318 14.62374392151833 1.133968725800514 2.324411824345589 4.525843925774097 5.100092709064484 3.908508151769638 44.93788628280163 0 0.09393934160470963 0.08707600086927414 23.35788294672966 0.7109131217002869 60.83136007934809 0.1030463352799416 0 0 0.08714333921670914 3.620293542742729 0.5806259661912918 2101.233818657696 4.145342834293842 0 0.7471970245242119 0.099579818546772 548.463995501399 928.8832885250449 1997.108788989484 470.0729463398457 0.6208105236291885 4.022596769034863 268.1447970196605 629.0991290286183 19.15639767795801 313.4259720221162 0 0.1185738816857338 4.235153332352638 7.635811239480972 6.055091008543968 359.6273377686739 11.82231873273849 21.57806402444839 19.30907241255045 17.5044150352478 0.452189564704895 2.047758042812347 1.59227541834116
17.94301872700453 46.80041571706533 5488.598092079163 0.08265265077352524 1.461662948131561 16.03918904066086 29.86147938668728 225.9669042006135 1.282644458115101 3.907345160841942 356.8774137943983 2.783675380051136 13.67040514945984 205.0307301953435 0 18.86311013996601 3014.1328869313 452.2419379502535 4647.505992807448 0.652423694729805 204.4888938739896 46.43258611857891 2972.290913231671 6.804163254797459 10.62537322938442 7503.633488669991 4525.121428713202 59.43482001870871 306.2470610290766 693.9355587437749 7.185608461499214 6.204469904303551 92.39338444173336 2197.541657082736 9.51435761898756 900.2026644349098 1429.656598433852 2713.88291670382 748.9666883572936 26.1866112574935 2.353241443634033 26.61730585992336 2.401919066905975 0 46.44463735818863 263.0281318798661 0 0 0 2.80830129981041 0.1019474267959595 1.158449366688728 0 1.127174034714699 0 0.5424342229962349 0.8043982237577438 0 5.100228227674961 42.87107015401125 1.177870474755764 17.61561403423548 0 0.9680446609854698 12.08531573414803 18.75524288415909 3.386417582631111 1.281512178480625 154.1183699592948 421.5760952532291 4.739656299352646 0 1.774420849978924 0.1193270832300186 0 0.09437478333711624 16.3262395337224 1.722029700875282 34.84735836088657 100.5847627744079 23.97017896920443 8.009616665542126 0.7763785794377327 0 0 0.6632400453090668
1.459147997200489 11.46402036398649 25.41399531066418 0.7188716977834702 1.645899765193462 14.94338958710432 12.90784729272127 15.47250444814563 1.695895291864872 22.04809578508139 4764.558303587139 12.79835949093103 141.5498884916306 27.64731990173459 0.1667255610227585 0.8024189919233322 452.2419379502535 519.3027828261256 2763.788998201489 5.571574717760086 2.72464195638895 5.32040798664093 26.04828844219446 5.500497810542583 65.66469530761242 3768.756851248443 466.8395720273256 9.908194445073605 27.64224075525999 15.59795523434877 65.8296914100647 6.769635327160358 2.468300446867943 814.7629081383348 4.371974840760231 403.3620706126094 1372.854468509555 1478.542041510344 296.7238402813673 8.779902398586273 3.387492030858994 66.91755746304989 0.9018245711922646 0 4.244604051113129 2.415394119918346 0 0 0.08851182460784912 1.194611400365829 0 0.1710247397422791 0 18.52785643935204 0 75.14820941537619 0 0 0 1.444085590541363 11.18980485200882 4.611241087317467 0 0 0.08699571341276169 1.662279844284058 1.84265011548996 24.09355379641056 165.3382764160633 140.3726044222713 0.8883182778954506 0 0 13.92665253579617 0 0 0.962351068854332 0.2855383679270744 11.39784932136536 10.52557617425919 3.374490588903427 0.6518880128860474 0.1038135141134262 0.1080841347575188 1.583325207233429 0.1583984643220901
4.217576295137405 54.20132501423359 264.9464892670512 1.613746248185635 0.3509723022580147 13.9184246212244 22.47433431446552 41.61730709671974 1.415447153151035 29.27552351355553 1962.093827076256 18.1871259957552 60.36736699193716 58.88781956210732 0 5.407082319259644 4647.505992807448 2763.788998201489 3173.899527691305 7.01829494535923 32.5112754330039 11.90673014521599 465.8946576118469 5.765445321798325 78.18092723935843 8093.710348621011 2218.443853154778 21.75523623079062 70.71718505397439 146.7216485291719 35.54439131170511 7.82779049128294 12.68966659158468 2656.887861907482 9.099506095051765 1262.917223609984 2028.914270378649 2978.576367922127 1003.649278692901 29.38103402405977 1.267651773989201 67.27076993882656 2.15956012904644 0.110954612493515 70.69853850454092 48.75022283941507 0 0 0 2.172212533652782 0.1523125320672989 0.2009343132376671 0 6.408515959978104 0.07871310412883759 11.18630920350552 0.3384234607219696 0 0.5874572917819023 16.68216285854578 6.24104630202055 55.22943705320358 0.2614412903785706 0.8601493164896965 1.425191812217236 4.944180227816105 2.512585088610649 16.61183129251003 418.8488419279456 665.3710992336273 2.51867913454771 0 1.24163980036974 2.676508165895939 0 0.07666607946157455 4.289616659283638 1.399831712245941 28.85847256332636 34.27467483282089 17.13561602681875 4.38533603399992 0.5669273436069489 0 1.721988260746002 0.1271137148141861
1.136461459100246 0 0.7726425901055336 7118.507036574185 10.65137551724911 333.1587059274316 13.05391629785299 313.3538838773966 355.0831480920315 10386.78353634477 24.38480763137341 7245.924082770944 6.300138063728809 133.341882891953 205.1842451617122 0 0.652423694729805 5.571574717760086 7.01829494535923 1157.046777568758 0.5574071630835533 0 0.7154920846223831 357.3296575695276 0.1931396797299385 10.70591724663973 2.821531273424625 2313.047527454793 186.7428722456098 5.662994973361492 0.5356986373662949 37.31277216970921 2.942859351634979 171.5292714387178 4.929058969020844 750.3531114608049 20.02575727552176 345.2188265249133 121.5600079298019 634.4575493633747 72.79324999451637 4.394492156803608 17.95173820108175 0.4721193909645081 0 0.2309221625328064 71.77257407456636 0.5419841706752777 3.728352911770344 55.81914268434048 6.689799502491951 18.82557625323534 153.8153045326471 0.941900372505188 70.67233388125896 0 4.717779852449894 5.840865291655064 0.1497858613729477 0 0.3757035136222839 0 105.9817518219352 0 0.103805810213089 0 204.6836801096797 0.1913875713944435 0.2800271511077881 0.0892738401889801 270.3395893648267 2.759795986115932 1.614664435386658 0 0.1005513370037079 0 3.503878802061081 1.73095491528511 151.38841599226 0.4247931689023972 10.07508776336908 1.096031241118908 101.3566882386804 1.74680332839489 0.1169652566313744 0.1120193153619766
57.50206969678402 8.467087127268314 64.89887818694115 0.4283105880022049 0.2389291599392891 17.90069122612476 512.4033226668835 275.3727362975478 8.321129962801933 2.788587473332882 8.748955674469471 0.4051271304488182 9.987070985138416 243.4294466227293 0.2976429983973503 3844.928467594087 204.4888938739896 2.72464195638895 32.5112754330039 0.5574071630835533 15007.2918247357 189.4727975130081 11780.11552403122 395.9576409384608 1.983947716653347 24.61233190447092 709.4048959761858 6231.469540297985 239.5814339220524 11481.45649828017 0.2650880515575409 4.712835907936096 49.87338592857122 1602.331355191767 76.50965636968613 6074.557802923024 1094.140001222491 4404.62408220768 3574.019309818745 118.2153377011418 14.976029753685 12.09954714030027 30.5424302816391 3.179296731948853 0.6011316180229187 15.36375825107098 0 0 0 8.579283878207207 0.386686734855175 19.48253489285707 0 0 0.10783651471138 0 2.622091069817543 0.3833760544657707 480.8584889248013 2.351280607283115 0 0.229407973587513 0 300.472112223506 145.9154291301966 192.2821712568402 192.8221318796277 0.2113338708877563 0.9873878508806229 14.55634023249149 286.5143154039979 12.74064411967993 219.6889649778605 0 0 3.548189677298069 4.241005420684814 22.16916292905807 189.1429077461362 3.878850668668747 6.408643834292889 9.00988907366991 13.04069331288338 0.2763338685035706 0 1.761466667056084
0.8670079484581947 3689.707238607109 612.2775699868798 0.2030812799930573 0 1.01975429058075 48.17625902593136 14.07436186075211 2542.860054604709 0.3644144088029861 12.15519534796476 0 121.7366897314787 10.17864640802145 10.42640296369791 3750.116450384259 46.43258611857891 5.32040798664093 11.90673014521599 0 189.4727975130081 2431.991295695305 969.1521802842617 6825.127489715815 735.0109303817153 82.52637384831905 4283.792707972229 734.9986538216472 6.324858129024506 27.93648301810026 23.16639439016581 0.7190295234322548 2.491552174091339 89.97910884767771 5.08378192782402 258.7349844053388 42.54177337884903 217.21211951226 69.89337147772312 76.07093305140734 0.5351551026105881 5.310094572603703 0.2315385043621063 1.778081879019737 9.141062296926975 156.9155872985721 0.1356602013111115 0 0.4150048047304153 14.43391365557909 0.8506863638758659 62.71953818947077 2.485028244554996 0.6764687150716782 0.1787046641111374 1.735601723194122 2.389371573925018 0.08824125677347183 1201.187996894121 6.280112154781818 0.3764304965734482 0.6760359480977058 0.7326846271753311 184.2495553120971 182.8507680222392 900.9987185522914 313.5428856387734 1.662656150758266 9.314221873879433 532.2241755798459 312.9332829266787 10.1467292457819 100.4601817876101 0.4094999134540558 0 1.295482732355595 5.716817192733288 1.828975915908813 71.42206707596779 8.618810884654522 23.50359961390495 13.7837650924921 7.312013939023018 0.2080371975898743 0 0.1091118603944778
224.1519936472178 91.77093202620745 14423.48067546636 2.858398593962193 2.626063041388988 91.94183100014925 2678.090361647308 1250.981199681759 16.91731130331755 24.54531448334455 43.58234172314405 2.517926119267941 23.79999282211065 928.1207551956177 0.8611070439219475 7217.0930499807 2972.290913231671 26.04828844219446 465.8946576118469 0.7154920846223831 11780.11552403122 969.1521802842617 27640.56683009118 208.3299776539207 10.20184376835823 2022.686462402344 17583.60165968537 8533.692687451839 438.7677938863635 6015.548343449831 1.09076564759016 20.95021615922451 88.27104579657316 2908.625420577824 143.9942194968462 7906.73272152245 9069.193778604269 7957.614826723933 6769.211501546204 296.2875721529126 30.54738600552082 36.78607186675072 49.46286422014236 1.537231177091599 15.67471435666084 540.1306215822697 0 0 0.1244608908891678 38.17810656875372 4.182182051241398 12.01799570769072 0.1067573800683022 0.3957502245903015 0 0.3024262934923172 7.007648304104805 0.261286772787571 1736.834080331028 13.71038819104433 0.7426589205861092 0.9661557227373123 0 204.1758689582348 550.8789334222674 3012.805419668555 165.3324458152056 0.2507603392004967 17.088787548244 1045.774842053652 210.5042237117887 4.897656582295895 57.77217072248459 0 0 0.4101067185401917 14.60097041726112 36.44448361545801 453.2490677237511 43.2572914659977 52.23963109403849 43.47871731966734 9.37948027998209 0 0.2081555724143982 0.8655585944652557
4.621657580137253 707.0484167858958 23.58997056633234 2050.515589274466 14.12678334116936 173.6211612075567 1524.8781606704 248.1616024300456 8066.480627626181 941.9117799401283 12.77298806607723 387.2841194793582 29.05799643695354 92.98126850277185 1159.053168170154 1583.453359074891 6.804163254797459 5.500497810542583 5.765445321798325 357.3296575695276 395.9576409384608 6825.127489715815 208.3299776539207 11804.8550966531 159.7448507249355 33.37644524127245 1284.619656480849 9433.788011290133 309.1296828761697 388.6678314656019 5.252971008419991 26.30283387005329 123.6888890340924 257.1150899156928 25.39012768119574 1792.661787047982 135.6525802612305 613.5856688022614 403.3297587409616 1528.519936464727 67.75512294471264 5.356261894106865 19.10392834246159 15.50284368544817 2.942512989044189 40.67516396194696 108.1606979295611 2.008266448974609 26.11491941660643 582.3381961286068 54.61171025782824 1359.673447094858 285.068608418107 8.057289063930511 79.47282416373491 1.042133301496506 67.66309601813555 11.66869522631168 300.7770102992654 2.744226910173893 1.631426066160202 0.5296923518180847 161.4192757606506 125.9387004449964 201.7121430560946 153.296733982861 3854.518610283732 1.052759803831577 4.696428082883358 44.67327512055635 4183.768485598266 114.5652310475707 217.7335116043687 0.1884210333228111 6.989975146949291 15.32639461010695 44.38994576781988 6.729749605059624 543.0789045020938 11.27128870785236 141.4696830734611 55.95011937618256 302.3093582987785 16.34141442924738 1.222241640090942 3.837515249848366
0 2093.24793292582 2.51469150185585 0 0.1776913702487946 1.045864515006542 0.7943250387907028 1.728044435381889 92.6448900103569 0.674356110394001 819.2836638614535 0.4011001735925674 5760.10925667733 0.399031862616539 0.5570772066712379 56.51378966122866 10.62537322938442 65.66469530761242 78.18092723935843 0.1931396797299385 1.983947716653347 735.0109303817153 10.20184376835823 159.7448507249355 210.4434023723006 1565.671432882547 4104.833825588226 13.57062464952469 0.9223042875528336 0.3166140839457512 998.6773981824517 1.945722818374634 0.1273352652788162 139.4495594054461 0.7786852717399597 56.68794256448746 613.3273336440325 389.0590349435806 35.688472032547 3.484431527554989 34.84238471090794 898.9049458056688 3.333809018135071 0 92.95804618299007 3.352710902690887 0 0 0.4228757098317146 0.2302312031388283 1.04185639321804 0.3761503100395203 0.4735560640692711 160.8679251372814 0.09477431327104568 625.6558298021555 0.1946537345647812 0 0.2144266292452812 1.593793198466301 18.48460554331541 10.85877320915461 0 0.09342333674430847 1.819742910563946 1.137423306703568 1.048366591334343 182.0193952769041 485.8398727551103 689.2760713025928 1.356374770402908 0.4560438618063927 0 35.02633588761091 0.8608173727989197 0 11.21196912974119 0 6.600201264023781 42.16063198447227 59.72593126446009 1.365740202367306 0 0 56.46596691012383 0
13.52057328820229 794.3825190514326 8691.963221125305 0.9053781181573868 2.061970598995686 31.62462984025478 114.2118247225881 144.6297024562955 13.62487521022558 36.72286494076252 6568.369063556194 23.65391905605793 1808.799812570214 135.6495278142393 0.07133038341999054 13.64039440453053 7503.633488669991 3768.756851248443 8093.710348621011 10.70591724663973 24.61233190447092 82.52637384831905 2022.686462402344 33.37644524127245 1565.671432882547 42421.69235745817 18892.66986113042 48.91453233361244 139.7235614731908 125.4067088961601 723.5314346700907 17.20244513452053 32.31066828221083 1840.627516482025 36.33545655757189 3544.836359240115 9109.271273396909 5214.832775406539 1389.828499414027 89.66602504998446 8.607603266835213 328.2251849621534 6.470460988581181 0.8039039447903633 953.6451931968331 1023.688618779182 0.1085539907217026 0 0.8614074662327766 12.82689785212278 2.265404649078846 4.189275346696377 0.5388984084129333 210.8177260383964 0.2354237735271454 1104.721252769232 4.408167563378811 0 4.999129734933376 249.436625957489 152.0317093506455 347.333824403584 0.087570421397686 2.851084321737289 17.30918017029762 41.27775703370571 8.002749979496002 695.9373664259911 4408.914268679917 6685.841320537031 9.289749510586262 1.999609157443047 7.030181907117367 158.9593746736646 1.033912152051926 0.1086176708340645 72.32854192703962 9.348521344363689 194.5853333473206 469.7390794157982 199.295821711421 46.68775720894337 6.35484878718853 0.1161231696605682 16.69704741984606 0.7211448550224304
13.30323202908039 10249.24844689667 13250.97569817305 1.286509796977043 0.8782663866877556 14.60081646591425 340.8995042666793 108.3255593404174 218.5401195287704 12.6103538647294 359.279745541513 5.276624292135239 3031.805832378566 80.57341926544905 1.641031824052334 4395.848798438907 4525.121428713202 466.8395720273256 2218.443853154778 2.821531273424625 709.4048959761858 4283.792707972229 17583.60165968537 1284.619656480849 4104.833825588226 18892.66986113042 41074.46911363304 2672.897944107652 66.21390413492918 83.59448883682489 891.3025199621916 3.906805329024792 15.9556170925498 2070.980395153165 98.17735150456429 5494.93644875288 4613.660381644964 5622.712003335357 2016.140704676509 180.7123757302761 10.59027747064829 96.78781697899103 17.13515311479568 5.918670192360878 4350.434675008059 4953.699500396848 0.2226335927844048 0.2357371598482132 1.07898885756731 131.3279082998633 18.05672573298216 22.05334226042032 0.7555731013417244 92.41920305788517 0.3077614307403564 443.5745426043868 30.72658465057611 0.1876965314149857 825.725251108408 594.3128268644214 102.6817992925644 293.023937702179 0.3607044443488121 59.36756661534309 1499.050854586065 2221.195108599961 159.1789336949587 789.1821278557181 4587.622870981693 13119.94232555479 263.9479242786765 5.687137939035892 17.71578132361174 68.26053200662136 0.8006340116262436 0.8154456913471222 192.0826826766133 28.82679444551468 643.9818923845887 952.7590753957629 508.1515357270837 190.8415495380759 16.99083266407251 0.7853444963693619 5.700404807925224 2.253016836941242
44.2965180426836 74.26108705997467 317.0376498177648 4589.745528563857 9.29226441681385 1155.068093240261 19594.15314982086 651.3407673835754 1708.33167359978 6717.04419785738 39.88188873231411 662.0599386841059 21.60708627849817 404.8897541947663 122.4599826708436 2494.610740378499 59.43482001870871 9.908194445073605 21.75523623079062 2313.047527454793 6231.469540297985 734.9986538216472 8533.692687451839 9433.788011290133 13.57062464952469 48.91453233361244 2672.897944107652 24083.66325882077 1232.972719557583 12992.24285631627 1.024144470691681 55.64821948111057 490.1460195705295 1535.859025560319 130.8885661289096 7221.672973386943 628.4767014309764 3526.06090619415 2067.450597852468 889.9430424720049 181.7613396495581 12.26229604333639 90.34624107927084 17.19273985177279 3.574964389204979 88.78047449886799 150.8494286611676 1.325131222605705 27.44874752312899 608.7467050850391 56.28341659903526 562.2540033459663 402.2951291203499 3.781555719673634 89.36641029268503 0.2241990193724632 60.75336121767759 8.405340299010277 424.4596274346113 3.139506123960018 0.677706204354763 0.4919482097029686 224.7051210403442 264.9380352273583 204.0187265202403 216.4526380896568 2965.358735710382 0.1959974467754364 6.462044171988964 96.94100484997034 3989.663107179105 131.9850861877203 503.0235594063997 0.3306974172592163 6.495576143264771 21.07655915617943 47.7218803614378 38.27442055940628 654.1962008029222 19.36736746877432 129.4921986609697 58.25925011187792 293.7801099345088 13.59129885584116 1.758113361895084 6.221710488200188
