1844.997020855546 0 114.6689605861902 3.438009016215801 1.462467275559902 23.40992856770754 2611.514195598662 550.1306551620364 0.6052617579698563 25.83689773827791 20.78887575119734 5.549677938222885 0.918962374329567 7814.158824600279 0.2621397003531456 0.2243386805057526 197.1585121676326 10.65201203525066 37.02739357203245 4.997149311006069 26.07974122464657 0.08184796571731567 122.4420727416873 41.33497110754251 0 29.89793881028891 14.79579994827509 68.11392821371555 4711.889598488808 2742.459921382368 0.2929783016443253 5.572534330189228 61.38623356819153 252.9863975718617 0.3409199416637421 14.56237090379 5.255025073885918 79.93962383270264 10.51437313854694 7.065193600952625 0.9734547659754753 0.4261328354477882 0.1873968094587326 0 0 0 0 0 0 0.9930558800697327 0 0.4067941531538963 0 0.1120816767215729 0 0 0 0 0 0 0 0 0 0 0 0 1.723884336650372 0 0.08972704410552979 0.2202818021178246 2.645976856350899 0 0 0 0 0 0 0 1.020702943205833 0.08886006474494934 0 0 0 0 0.1121598184108734 0.2889671921730042
0 220.9107943326235 4.712606690824032 0 0 0.6390182226896286 0.3916359841823578 0.3263466283679008 322.5325362384319 0.1577151939272881 30.59313727170229 1.154548577964306 624.3774317055941 0.5645223334431648 2.341408424079418 23.58757711201906 127.5362348333001 4.949049219489098 21.01216026395559 0.08418400585651398 0.6212668865919113 1655.303633674979 2.006323128938675 473.6505864560604 2563.37370543927 278.149111315608 5319.959468536079 5.034559793770313 0.4895497336983681 0.2822170630097389 28.2679709866643 0.8471075817942619 0 18.59854690730572 0.1510657072067261 27.3497217670083 123.2925576120615 61.3811594247818 25.01420933753252 10.04744402319193 0 293.84439432621 0 0.4663063064217567 201.3345721438527 104.5787985473871 0 0 0.09672725945711136 7.489955149590969 1.49685550481081 8.984557434916496 0 16.96930164843798 0 54.83096443861723 0.9129592925310135 0 5.889076754450798 57.21848615258932 2.705305308103561 17.04143108427525 0 0.7952862679958344 7.127713248133659 9.940248869359493 6.112572118639946 56.18526662886143 251.7377922311425 1997.028227895498 3.156216934323311 0 1.470248565077782 3.979062363505363 0 0 8.216388449072838 0 19.51868706941605 33.23039440065622 36.01959938555956 15.05125307291746 0.4889268204569817 0 24.5167260915041 0
114.6689605861902 4.712606690824032 8291.372422471642 10.28743506968021 1.830420829355717 88.85050009191036 669.4344390332699 758.1906309574842 0.9546240717172623 37.55942285060883 18.04292439669371 2.686353132128716 14.76316896826029 691.547020085156 0.5035509988665581 28.40512053668499 3653.876123793423 16.04741725325584 203.8642599135637 3.483876392245293 1361.664262056351 11.14054530858994 9801.005669474602 98.10927172005177 0.2756638154387474 13453.05981765687 3913.46678674221 191.5789094716311 145.6971945613623 310.4095864295959 0.9401763826608658 4.908890970051289 7.688629098236561 660.685822956264 35.93066094815731 1632.897294871509 5332.969676040113 1998.909684002399 1098.501314945519 30.32878679037094 13.02680819481611 34.15159664303064 2.936632394790649 1.125130191445351 24.96241717785597 259.9085332229733 0 0 0 33.11054845899343 3.309350654482841 0.09922169893980026 0.09352497756481171 0.5409977063536644 0 6.658883474767208 9.483761586248875 0 15.17457969486713 128.2901168987155 1.174972258508205 14.39784649759531 0 8.696311458945274 25.87811937183142 136.4893371388316 13.02046636492014 1.950594171881676 99.90880423039198 1895.209220424294 21.3244005292654 1.819296427071095 4.752925522625446 0.1263411641120911 0 0.5871229618787766 20.36756457388401 14.10020524263382 34.30169256776571 12.33996396511793 68.63535067439079 34.82276393473148 0 0 0.2509619444608688 0
3.438009016215801 0 10.28743506968021 4011.01811478287 3.01216346770525 62.42805550247431 210.0272602662444 35.3763317540288 1411.688705138862 3013.45970300585 3.503217823803425 2675.021138556302 5.938904099166393 81.50353741645813 44.20891184359789 1.089452937245369 2.682739861309528 1.332470804452896 1.800495781004429 4914.434731431305 15.39362144470215 0.1292580664157867 6.643582738935947 2674.227336555719 0 16.5035250633955 1.588115647435188 4415.8159526214 111.5387199893594 4.293759621679783 0 5.00193977355957 8.6640370413661 52.73740594834089 1.7563216984272 197.3754942342639 3.044940300285816 168.9471609666944 55.67557705938816 284.5432906299829 29.26286488026381 20.02437505125999 11.92703841626644 0 0.7158258035778999 0.244507223367691 231.1769179999828 0 72.45602709054947 399.4896128028631 20.36973986029625 139.7687176913023 291.9198761358857 1.209206819534302 284.1627909988165 31.89648479223251 4.63947020471096 17.00649535655975 0 0 0.3306462243199348 0 76.83957102149725 0 1.79373562335968 0.1836365312337875 280.6557737663388 0.09015302360057831 0.1037711054086685 2.169250145554543 507.1728086695075 1.349632769823074 0.4356215298175812 0 0 0 0.2594469264149666 1.429193437099457 10.0154926404357 0.1151431351900101 6.155352972447872 3.158192299306393 62.57826806604862 0.7716666087508202 5.150189191102982 1.884307146072388
1.462467275559902 0 1.830420829355717 3.01216346770525 545.2721754908562 1307.344856880605 13.9157886877656 313.9635833874345 101.4867540597916 20.82993373274803 255.6873099058867 167.3601146936417 62.98945070058107 43.28691270947456 1506.409806206822 0 1.347041472792625 27.3370054513216 6.983398966491222 8.137023255228996 1.572212859988213 0.8471762239933014 2.282635137438774 15.39133823662996 5.218054726719856 40.59902115166187 7.105395898222923 13.22128749638796 46.30409249663353 2.440750382840633 0.7870639711618423 508.8020498752594 1.484084293246269 644.3692222312093 0 62.32804790139198 32.58331075310707 510.5867537632585 84.99152430146933 1563.427787013352 152.3664352670312 39.69305016100407 4.524320811033249 0 0 0 0 0 0 1.292742118239403 0 0 0.186853900551796 1.380065575242043 0 2.268530569970608 0 0 0 0 0 0 0 0 0 0 0.523403063416481 0 0.2715195044875145 0.6720618158578873 0.876706063747406 0 0 0 0 0 0 0 0.1541398763656616 0.414495974779129 0.7590638250112534 0 0.481508195400238 0 1.669333428144455 0
23.40992856770754 0.6390182226896286 88.85050009191036 62.42805550247431 1307.344856880605 10893.9873040542 2671.592112526298 6831.00325345993 63.19008363038301 9291.469672963023 288.5108077973127 4764.551831766963 67.98635222017765 1376.858487479389 3030.079281263053 0.1355688124895096 41.05274493992329 49.50650677829981 23.18466109782457 363.5584615170956 148.2795191630721 0.1923404857516289 84.05986061692238 144.5925031304359 9.644195653498173 138.8649082109332 21.65887175500393 544.5929275155067 391.6018999293447 61.07052814215422 3.251065015792847 627.3738707005978 15.5888028293848 1035.939822271466 3.390575870871544 406.3684005662799 51.73370915651321 1041.049561776221 289.4885157942772 4571.923017948866 382.7672341838479 57.09645187109709 16.97125378996134 0 0 0 5.163237176835537 0 5.546265140175819 36.07418876886368 3.502299204468727 8.570049084722996 12.3692462220788 1.532806657254696 26.41145560890436 8.856330171227455 0.3607172518968582 1.182074204087257 0 0 0.1174746975302696 0 3.123194023966789 0 0 0.1556103229522705 25.14153179526329 0.3965680077672005 0.3004209324717522 1.7977379783988 37.50016968697309 0.3687573373317719 0.2037578076124191 0 0 0 0.08267794549465179 1.983749985694885 5.557811252772808 2.250075548887253 3.838180512189865 2.942709058523178 9.82813823223114 0.6161925792694092 8.680628724396229 0.6599934548139572
2611.514195598662 0.3916359841823578 669.4344390332699 210.0272602662444 13.9157886877656 2671.592112526298 23641.93322370946 5344.349412739277 65.3679805546999 9381.155962787569 62.07921592146158 154.1106975600123 12.42771429568529 7236.978009782732 18.57661533355713 3.801319181919098 230.1779814884067 19.62591300904751 28.76337579637766 111.4693747535348 2006.551444470882 0.3391444534063339 934.218477062881 1427.461714103818 1.130035199224949 514.6432664766908 69.61856745928526 23720.3457705006 2220.756027758121 7741.970354691148 1.225331358611584 45.42245332896709 210.0681030973792 677.9773554578424 42.43272127211094 1435.769470594823 65.25045973807573 1503.738326504827 574.2131410688162 492.0235624611378 173.6902626082301 12.66701850295067 31.80820838361979 0 0.3040808811783791 0.2295975312590599 14.02385415136814 0 6.359265930950642 105.4258828535676 4.231822453439236 35.72213666886091 18.96784300357103 1.058280766010284 7.227943301200867 2.172907114028931 2.006024725735188 0 4.412003204226494 0.2316165864467621 0 0.09899844229221344 6.101829387247562 0.2670572400093079 3.008889220654964 2.655391782522202 111.0177155733109 0 0.7721797749400139 9.882374748587608 132.9566961750388 0.3295918926596642 1.299449719488621 0 0 0.09254906326532364 0.2361265867948532 11.16900289058685 15.81623182445765 1.842175103724003 4.519674099981785 4.171647123992443 4.63124606013298 0.6495073586702347 0.7983828410506248 0
550.1306551620364 0.3263466283679008 758.1906309574842 35.3763317540288 313.9635833874345 6831.00325345993 5344.349412739277 16458.7976892367 7.092661365866661 3172.240529678762 461.4166826605797 445.3990476951003 83.43429486453533 12734.71925339103 291.743738040328 0.3876294642686844 616.1398347392678 91.23171798139811 101.704804815352 190.6041401848197 601.6047405153513 0.5608540996909142 723.3747682645917 124.3164582923055 12.8523712605238 384.2084516808391 78.05389884859324 430.3300524428487 2462.850035399199 1393.844561852515 4.312749780714512 1053.056948766112 38.90757093578577 1129.871226012707 7.164570361375809 517.6715043708682 106.2628747522831 863.0173960402608 269.7988206893206 2117.080411344767 303.5174402967095 65.16935189068317 13.79476065933704 0 0 0.1176269948482513 0.972166396677494 0 1.235746711492538 18.97552885860205 1.783640667796135 7.551177240908146 2.989865973591805 1.605573326349258 0.2709690779447556 6.474839225411415 0.3533286266028881 0.2085036188364029 0.2258370816707611 0.4072126224637032 0.1467814147472382 0 0.5340938344597816 0 0.1238486766815186 0.2270483672618866 20.18237121403217 0.1820525825023651 1.26217982172966 4.410962626338005 23.77150636911392 0.4854731559753418 0.8683489188551903 0.1908662989735603 0 0 0.1555620729923248 3.197996258735657 11.94974853098392 2.595389269292355 5.393826104700565 3.325732529163361 0.6898768544197083 0.2514758110046387 4.517357677221298 1.988262951374054
0.6052617579698563 322.5325362384319 0.9546240717172623 1411.688705138862 101.4867540597916 63.19008363038301 65.3679805546999 7.092661365866661 689.9611294604838 120.3377359136939 3.628588393330574 612.9754987210035 66.03190861642361 10.43844121694565 532.2954301834106 148.7053183764219 14.84509862214327 1.374994866549969 10.08381711691618 571.6277631819248 21.5389109402895 2339.851829715073 5.610641047358513 8303.998941503465 134.8957275599241 201.7244658917189 1087.071209065616 1115.533017203212 9.659744322299957 1.468649961054325 5.535809211432934 1.324110299348831 1.47942204028368 6.957106299698353 0.4830392897129059 45.03744165599346 11.54869141429663 22.26531767845154 10.73063230514526 668.6283833235502 2.83442211151123 9.169975765049458 0 0.2058284729719162 6.496475577354431 2.962578222155571 142.0530106201768 2.92758409678936 47.71837896108627 187.1178003251553 14.63260681182146 56.60623094439507 152.4189838543534 1.571140795946121 382.1040791645646 3.800321146845818 4.118505828082561 45.46549192070961 134.4471272230148 1.049043923616409 0.5632640048861504 1.467322438955307 64.86392610520124 37.8698857575655 19.1019389256835 11.87019211798906 821.9322542622685 1.38097956776619 15.5462049394846 28.29278603941202 575.4650956392288 5.250202044844627 14.54052241891623 0.5171279162168503 0 0.3630756810307503 1.751587487757206 0.6894793063402176 25.114876113832 3.41259340941906 8.830079972743988 5.080758810043335 92.75838956236839 1.572550468146801 0.577325351536274 0.9858023226261139
25.83689773827791 0.1577151939272881 37.55942285060883 3013.45970300585 20.82993373274803 9291.469672963023 9381.155962787569 3172.240529678762 120.3377359136939 35315.55397641659 81.38405622169375 4014.149366632104 12.63134210556746 1114.570175081491 56.28717327862978 0.1085252687335014 10.11592244356871 29.28162384033203 15.99769803136587 7358.132435470819 75.83164498209953 0 31.11452531069517 555.7572093978524 2.092976972460747 94.84332029148936 18.07556319981813 3501.042274452746 684.1859876960516 22.79891838133335 0.8959936425089836 55.44199352711439 26.72733709961176 374.8954241722822 12.42783516645432 556.9417731016874 22.62394674122334 1069.0506522879 217.3564011007547 574.0852816551924 181.1670674905181 16.93744025379419 27.93791618943214 0.1029574200510979 1.285644754767418 0 77.24819672852755 0.1963298916816711 33.24510299414396 256.2519949823618 12.27223405241966 48.62444627285004 106.8651104941964 1.341009862720966 59.52849037945271 10.32860673964024 4.160095326602459 4.700361832976341 0.1305765956640244 0 0.2255947291851044 0.2145275771617889 28.53580226749182 0 1.812602333724499 0.5281007662415504 185.8479741513729 0.09108248353004456 0.4493733122944832 1.877470500767231 282.0938077792525 1.637281633913517 0.8254058286547661 0 0.08030306547880173 0.09330607950687408 0.6760421916842461 1.266144186258316 11.82074850797653 0.6680233776569366 5.79890800267458 2.446923062205315 13.82621001452208 0.3299233615398407 2.979004591703415 0.1992892771959305
20.78887575119734 30.59313727170229 18.04292439669371 3.503217823803425 255.6873099058867 288.5108077973127 62.07921592146158 461.4166826605797 3.628588393330574 81.38405622169375 9918.635564900935 58.01652620732784 3104.864741049707 597.0769272223115 0.1020119339227676 3.604412950575352 286.1510724872351 5456.241539672017 2152.372125342488 28.56417114287615 115.9419596940279 10.66643795371056 105.3626464381814 19.9044728577137 389.9181553795934 4282.299673244357 498.6639302372932 29.63209917396307 417.924290202558 68.16939153522253 340.8308812007308 559.7788276299834 22.26006821542978 7887.391893535852 2.36650512367487 600.5914430841804 4766.700769938529 4376.142614513636 970.6420003697276 75.0696624815464 165.8695100620389 1408.81804382056 11.33175589889288 0 25.45272839814425 0.569785974919796 0.09859204292297363 0 0.1851591467857361 1.095171876251698 0.2029534131288528 2.284437760710716 0.3640055507421494 201.4727178514004 0 1318.005193836987 0.1977882757782936 0 0 0.193620428442955 14.73716711252928 0.9655091017484665 0 0.3114908635616302 1.427808076143265 0.7215739041566849 2.03261312097311 157.441778704524 153.9766524359584 220.5997574850917 1.515769578516483 0.38680599629879 0.07629388570785522 88.11720733344555 0.1011471077799797 0 3.642737366259098 9.40102256834507 14.97430025786161 246.6015950962901 15.64297630637884 2.450204811990261 1.287793889641762 0 111.8191693872213 3.61795961856842
5.549677938222885 1.154548577964306 2.686353132128716 2675.021138556302 167.3601146936417 4764.551831766963 154.1106975600123 445.3990476951003 612.9754987210035 4014.149366632104 58.01652620732784 6924.577306807041 7.709965877234936 550.6898488327861 1755.564003840089 0.3408272787928581 2.842388115823269 16.03698210418224 8.491947270929813 7316.356514140964 3.747630953788757 6.018150366842747 2.649374306201935 564.2634329721332 1.888604171574116 42.4882985278964 12.8575396463275 754.8234569206834 173.0161519497633 3.13665360212326 1.146509036421776 34.59027904272079 0.5976338759064674 178.5202845185995 1.34105134755373 261.48369217664 14.53154560178518 474.0311288461089 70.55508259683847 2926.823203794658 64.65923238545656 49.28876534849405 12.00422279536724 0 0 0 84.96938542276621 0.7643234431743622 47.11880487948656 199.3848924636841 9.207558579742908 58.65604369342327 169.3681692630053 0.9960577487945557 353.1675950363278 45.74302113056183 2.0516447275877 25.99697905033827 0 0.1290311217308044 0 0 43.58683048188686 0.1574400663375854 0 0 78.8074764162302 0.1830138862133026 1.129376582801342 0.7494034692645073 189.463024392724 0.9580267369747162 0.9393819198012352 0 0.08851076662540436 0.1208190619945526 0.107713483273983 0 9.873820342123508 0.517231822013855 5.459582686424255 4.305233761668205 147.6144268959761 0 2.72107245028019 3.456532016396523
0.918962374329567 624.3774317055941 14.76316896826029 5.938904099166393 62.98945070058107 67.98635222017765 12.42771429568529 83.43429486453533 66.03190861642361 12.63134210556746 3104.864741049707 7.709965877234936 5718.659964352846 50.82343442738056 0.3118382170796394 1.76539983600378 18.89236431568861 53.54144258052111 12.7927366271615 7.226374745368958 3.603245414793491 249.3104952871799 8.646803677082062 60.85210967808962 3144.384035758674 1559.8443114236 5014.508938170969 12.64894466102123 26.54586024582386 2.698710463941097 1865.735189601779 82.13794637471437 0.3082444071769714 449.9767515435815 11.75523817539215 1441.449979186058 6306.809309393167 3083.147006861866 492.3925611525774 125.0493515580893 110.0190747007728 2714.732380643487 12.89707369357347 0 62.32277919352055 0.3927226960659027 0.08926915377378464 0.3055958151817322 1.059312775731087 4.612465016543865 1.444297969341278 0.2132761776447296 0 409.8378593325615 4.375695869326591 1979.700616210699 0.6020714044570923 1.709917187690735 0.1055915430188179 0.713850311934948 40.0108849555254 2.565686754882336 0 1.112792402505875 4.912596166133881 1.908735185861588 2.264967292547226 463.5060935616493 399.0609732568264 403.7864553108811 6.585361361503601 0.4808971434831619 0.1267065852880478 128.3282268866897 0.2173521220684052 0 8.196084670722485 58.0735564827919 174.4298224076629 554.3525746613741 173.548971042037 83.34532790631056 11.76375629007816 12.76318682730198 411.4978603795171 9.195332884788513
7814.158824600279 0.5645223334431648 691.547020085156 81.50353741645813 43.28691270947456 1376.858487479389 7236.978009782732 12734.71925339103 10.43844121694565 1114.570175081491 597.0769272223115 550.6898488327861 50.82343442738056 13658.44154217839 14.07963929325342 1.122702203691006 813.7507984861732 158.7282415851951 199.3685996159911 323.6521941870451 349.7524268478155 0.7483710199594498 640.039433375001 274.2096590697765 13.42048282921314 465.9208055883646 116.6883865073323 595.5298707261682 9093.230983458459 3069.047704599798 6.039734125137329 1004.954315111041 197.8904344141483 2174.489265218377 5.961034849286079 728.6287360414863 98.21314128488302 1106.57233043015 158.6598298922181 641.4952310472727 108.664239436388 35.68467099964619 6.098003454506397 0 0.2032782211899757 0.3675796240568161 1.916623786091805 0 0.5047941207885742 20.6928525865078 1.879483200609684 6.848363421857357 1.793930172920227 1.197759628295898 0.6657492592930794 4.776296757161617 0.5026648193597794 0 0 0.1479635536670685 0.2644650638103485 0.1076490357518196 0.4292882010340691 0.1256984174251556 1.027590930461884 0 25.32907216250896 0 2.439645498991013 5.371347703039646 40.77910826355219 0 0.6123873591423035 0.09408967196941376 0 0 0 1.046812459826469 10.25557974725962 2.104827649891376 3.124926179647446 2.765474051237106 1.304320096969604 1.431851655244827 2.02362110465765 0.4308406114578247
0.2621397003531456 2.341408424079418 0.5035509988665581 44.20891184359789 1506.409806206822 3030.079281263053 18.57661533355713 291.743738040328 532.2954301834106 56.28717327862978 0.1020119339227676 1755.564003840089 0.3118382170796394 14.07963929325342 165.8453545421362 0 0.7502198666334152 0.1133152917027473 1.109495766460896 161.5566473901272 1.361487343907356 15.43901664018631 0.47617257386446 368.9296499937773 0.6271977946162224 3.246880769729614 14.11474730074406 28.71163001656532 6.084842100739479 0.724452942609787 0.1217030584812164 197.1595691144466 0.1952746361494064 2.571463450789452 0 25.88032845407724 2.416203334927559 2.795273244380951 0.5715867057442665 1226.344148024917 86.93745893985033 0 3.709656238555908 1.244422316551208 0 0 1.965002924203873 0 3.994309604167938 2.940206110477448 0.4462068453431129 2.933480627834797 8.216556683182716 1.404413923621178 21.55145506560802 1.42708945274353 0 1.857625305652618 0 0 0 0 1.955171912908554 0 0 0 4.191742137074471 0 0.08977942913770676 0 3.454410426318645 0.112522266805172 0 0 0 0 0 0 4.506912291049957 0 0 0.1095965579152107 15.75839573144913 0 0 0
0.2243386805057526 23.58757711201906 28.40512053668499 1.089452937245369 0 0.1355688124895096 3.801319181919098 0.3876294642686844 148.7053183764219 0.1085252687335014 3.604412950575352 0.3408272787928581 1.76539983600378 1.122702203691006 0 3216.431260712445 27.26041183620691 1.773356862366199 9.854802027344704 0.4221294671297073 5085.70919714123 1744.619287498295 3107.061554394662 4303.168182730675 1.269393414258957 107.5050915405154 2182.030980914831 3499.271114587784 2.814455538988113 38.50550025701523 0.1156545355916023 0.3715636432170868 1.123846054077148 89.20220075547695 43.42812313884497 1847.80160535872 486.7230789512396 481.5833604186773 706.4756838083267 37.27223907411098 2.444810047745705 2.053129829466343 5.306749098002911 1.652464859187603 2.222257740795612 6.762376599013805 0 0 0.0977136492729187 22.09954644739628 1.344963125884533 52.13166862726212 0 0.9583717212080956 0 0.6842043399810791 0.9392861574888229 0 2628.385901659727 2.037380374968052 0.1117979660630226 1.536849707365036 0.9092828035354614 342.2339295074344 820.6778855472803 1017.758821696043 495.3728250414133 0 8.620159037411213 357.998773381114 670.5023972019553 6.854141011834145 18.82709762454033 0 0 0.8792027533054352 1.588662751019001 13.35731075704098 27.48350505530834 0.8977730125188828 8.466538116335869 12.80925664305687 0.3240137696266174 0.3315805792808533 0 0
197.1585121676326 127.5362348333001 3653.876123793423 2.682739861309528 1.347041472792625 41.05274493992329 230.1779814884067 616.1398347392678 14.84509862214327 10.11592244356871 286.1510724872351 2.842388115823269 18.89236431568861 813.7507984861732 0.7502198666334152 27.26041183620691 2099.507992304862 210.0002866275609 1800.750229671597 1.917822003364563 843.333138898015 50.95861028134823 6196.392530530691 79.00375942885876 1.682810142636299 3229.16342344135 3962.598553739488 54.401780821383 577.8398113921285 864.7481412515044 1.752813674509525 6.02721094340086 45.07049716264009 1755.753143049777 4.84288302063942 332.3032921776175 1514.517450213432 1081.353414267302 361.0867982953787 11.62337229400873 4.90560045093298 51.96029425412416 1.028943225741386 0 11.06317695230246 58.98708068579435 0 0 0 5.403372190892696 0 0 0 0 0 1.063023328781128 0.4012194573879242 0 1.955215729773045 47.33522223681211 0.6419369503855705 14.86790299415588 0 0.9983926936984062 2.331317164003849 4.723676644265652 0.8324160426855087 1.207024298608303 134.7959827184677 295.3035041466355 1.830376110970974 0.5940858572721481 0.4520741477608681 0.1177007928490639 0 0 7.523304805159569 2.229077935218811 11.37529348582029 4.743609718978405 23.86245806515217 7.444590866565704 0.4332050681114197 0 0 0.2429128587245941
10.65201203525066 4.949049219489098 16.04741725325584 1.332470804452896 27.3370054513216 49.50650677829981 19.62591300904751 91.23171798139811 1.374994866549969 29.28162384033203 5456.241539672017 16.03698210418224 53.54144258052111 158.7282415851951 0.1133152917027473 1.773356862366199 210.0002866275609 1266.869400881231 3525.984366178513 10.52810652554035 33.99796875566244 2.555148810148239 43.04752764850855 6.700919769704342 13.67226430773735 3986.025756940246 278.7847660779953 10.25977776199579 130.0795154646039 25.43651407957077 21.28491551429033 76.26613745093346 6.707310102880001 1588.183486178517 2.476693011820316 452.7120992690325 704.8742162957788 1446.924301564693 604.4975938871503 13.08753909915686 12.66833748668432 12.6546051800251 0.9575811251997948 0 2.06198525428772 0.5621867254376411 0 0 0 0.4096440747380257 0 0.6684387102723122 0 6.300353176891804 0 23.47314803302288 0 0 0.1138946712017059 0.3541614711284637 5.191615596413612 0.215743750333786 0 0 0 0 0.8291958421468735 9.514670118689537 59.30240577459335 56.43213573843241 0.6130491942167282 0 0 7.122115157544613 0 0 0.09714425355195999 4.737851336598396 3.092023551464081 3.75955843180418 1.900198400020599 0.9684786796569824 0 0 3.001681253314018 0
37.02739357203245 21.01216026395559 203.8642599135637 1.800495781004429 6.983398966491222 23.18466109782457 28.76337579637766 101.704804815352 10.08381711691618 15.99769803136587 2152.372125342488 8.491947270929813 12.7927366271615 199.3685996159911 1.109495766460896 9.854802027344704 1800.750229671597 3525.984366178513 3365.69447375834 6.729529954493046 94.23674736171961 25.86617615073919 360.8720941320062 28.99937333911657 2.377692051231861 4391.709176622331 1163.598048664629 12.60299149900675 177.7640444040298 94.48431867361069 5.847497567534447 29.37173111736774 13.26423844695091 1872.064842894673 3.930863812565804 461.7240914478898 978.0338869392872 1512.94191275537 662.345001257956 10.72419790923595 6.682476580142975 20.98531054705381 1.51432491093874 0.3085853755474091 4.919148579239845 8.845093302428722 0 0 0 0.09286164492368698 0.3637940585613251 0 0 0.2038043737411499 0 2.925288416445255 0.6033224612474442 0 0.7729351371526718 5.662871345877647 2.58921967446804 5.83926398307085 0 0.5614206045866013 0.8474717885255814 1.020336024463177 0.6497272998094559 3.141105376183987 50.90890713781118 72.6600104868412 0.137442335486412 0 0.1236181855201721 0.5983550846576691 0 0 1.553568102419376 2.17708683013916 4.516836620867252 2.656327776610851 4.088123455643654 1.867202490568161 0 0 0 0
4.997149311006069 0.08418400585651398 3.483876392245293 4914.434731431305 8.137023255228996 363.5584615170956 111.4693747535348 190.6041401848197 571.6277631819248 7358.132435470819 28.56417114287615 7316.356514140964 7.226374745368958 323.6521941870451 161.5566473901272 0.4221294671297073 1.917822003364563 10.52810652554035 6.729529954493046 1508.13712541759 9.229387708008289 0.07669083029031754 3.340327978134155 580.4171111881733 1.099366180598736 25.52221418172121 4.658679395914078 3772.234051212668 189.4624362289906 2.892031703144312 0.4529076144099236 20.51767588406801 5.25099953263998 127.1561358720064 1.163594007492065 241.4282818958163 5.395647332072258 425.6516955420375 77.2430525124073 699.2162434309721 78.84120624512434 21.07673666626215 17.86438511312008 0 0.4336429834365845 0.2716300785541534 108.1057711467147 0 41.82280288636684 323.7004873380065 14.05154813826084 76.41357474029064 193.4478051960468 0.8887808173894882 162.5051091834903 13.95203138142824 4.138338036835194 8.657048568129539 0 0 0 0 42.11525600403547 0 1.790251970291138 0.3798166513442993 205.6770269200206 0 0.2251329272985458 1.224001422524452 373.5146891921759 2.10432107001543 0.2809594571590424 0 0.1026405170559883 0 0.7850324809551239 2.446909502148628 13.00798939913511 0 5.361885622143745 4.931390210986137 49.32948978990316 1.253646671772003 3.842534184455872 4.020321868360043
26.07974122464657 0.6212668865919113 1361.664262056351 15.39362144470215 1.572212859988213 148.2795191630721 2006.551444470882 601.6047405153513 21.5389109402895 75.83164498209953 115.9419596940279 3.747630953788757 3.603245414793491 349.7524268478155 1.361487343907356 5085.70919714123 843.333138898015 33.99796875566244 94.23674736171961 9.229387708008289 20266.02259700745 27.05078913271427 20439.2297224775 341.6679539680481 0.1387079805135727 351.6101668477058 363.6433892399073 3840.854621909559 98.75877131521702 13602.24990865588 0.2932345569133759 5.945542305707932 29.04261260479689 3752.099253877997 203.9536556452513 4947.664362020791 600.6278209909797 6071.369600296021 3542.623778939247 159.0269932821393 15.96089697629213 3.877927362918854 22.35335218906403 1.782649338245392 0.2085918113589287 1.097086951136589 0.1730266064405441 0 0 16.39798014611006 0.218863770365715 19.01324678212404 0.1441304981708527 0 0 2.037999235093594 0.7720032334327698 0 268.3035758137703 1.465814024209976 0 0.383912704885006 0.217643216252327 115.1841588169336 77.18680208176374 44.20727073401213 202.6772305965424 0 1.008282713592052 10.84238413721323 269.8985758200288 6.029483243823051 10.84001334011555 0 0 0.8190929889678955 0.09197911620140076 59.13834121823311 35.86733831465244 2.243538871407509 3.802379094064236 19.36399964243174 1.989940464496613 0 0 0
0.08184796571731567 1655.303633674979 11.14054530858994 0.1292580664157867 0.8471762239933014 0.1923404857516289 0.3391444534063339 0.5608540996909142 2339.851829715073 0 10.66643795371056 6.018150366842747 249.3104952871799 0.7483710199594498 15.43901664018631 1744.619287498295 50.95861028134823 2.555148810148239 25.86617615073919 0.07669083029031754 27.05078913271427 1989.399046950042 371.5118072479963 4745.097769085318 741.2526573464274 355.9455504864454 3671.492020107806 105.66255979985 1.995688855648041 0.1200079247355461 17.58764524757862 0.5701655223965645 0 18.62927938252687 0.8858271539211273 61.59472700208426 47.51411624997854 73.3247356787324 38.709093503654 57.95764606446028 0.4175389930605888 60.83199872076511 0.9709356725215912 0.103269062936306 17.9302049279213 17.99220225960016 0 0 0.9008647426962852 6.786402322351933 0 126.7327675744891 0.1473958492279053 5.163682922720909 0 20.41600200533867 0.135609969496727 0 1036.045418843627 7.196233347058296 0.4464804157614708 5.509559519588947 0 51.73228161782026 81.77418948709965 453.3122733905911 110.6418694928288 7.571732476353645 36.15852428227663 1085.411312513053 116.9405493959785 0.1426365822553635 3.159861125051975 1.797734387218952 0 0 2.635508224368095 0.9940147995948792 7.671469256281853 8.083382487297058 4.328430131077766 4.164000824093819 0.8755794018507004 0 4.004651300609112 0.3872073292732239
122.4420727416873 2.006323128938675 9801.005669474602 6.643582738935947 2.282635137438774 84.05986061692238 934.218477062881 723.3747682645917 5.610641047358513 31.11452531069517 105.3626464381814 2.649374306201935 8.646803677082062 640.039433375001 0.47617257386446 3107.061554394662 6196.392530530691 43.04752764850855 360.8720941320062 3.340327978134155 20439.2297224775 371.5118072479963 14047.63938988745 760.0035441294312 0.4352089613676071 2317.104021884501 14541.77701224387 2784.960326001048 153.6327806562185 3100.728242896497 0.5628406777977943 5.567360229790211 19.31973645836115 4000.963305599988 309.8645241558552 8835.601112931967 8407.234901629388 8023.974340103567 7757.817210711539 222.2604792416096 23.18249545246363 17.0988692715764 34.38845633715391 0 5.603026852011681 37.44102863222361 0.1841979473829269 0 0 12.18799118697643 0.2439111620187759 2.306350395083427 0.3117940351366997 0.4841773062944412 0.1655911803245544 5.045083671808243 0.5867468640208244 0 1558.202311620116 10.08903626352549 0.2349329143762589 1.004228070378304 0 71.72168645262718 439.5640120729804 811.2032796293497 99.40282179415226 0.2925103902816772 10.3814614340663 1007.894215635955 118.5377289801836 0.6456126123666763 2.849536389112473 0 0 0 2.038666658103466 67.86466102302074 16.90040662884712 5.767288729548454 8.686825171113014 52.85941445827484 0.5869150012731552 0 3.331312417984009 0.5377798080444336
41.33497110754251 473.6505864560604 98.10927172005177 2674.227336555719 15.39133823662996 144.5925031304359 1427.461714103818 124.3164582923055 8303.998941503465 555.7572093978524 19.9044728577137 564.2634329721332 60.85210967808962 274.2096590697765 368.9296499937773 4303.168182730675 79.00375942885876 6.700919769704342 28.99937333911657 580.4171111881733 341.6679539680481 4745.097769085318 760.0035441294312 10509.34984610602 147.969443961978 527.9492780268192 3241.404997110367 8711.161526292562 739.5357652008533 165.8884469121695 5.600073166191578 12.55426219850779 146.2142646461725 399.2699699774384 59.85092893987894 2788.854735523462 151.7739504128695 1089.10993706435 547.4320010021329 1443.007873483002 99.78247956931591 50.31932479888201 43.97398476302624 6.05694430321455 13.70316581428051 9.671282581984997 297.4341796711087 1.081663697957993 137.9941813126206 1779.381619066 120.9909592345357 1298.093635573983 424.8980077803135 7.723382271826267 273.4858470857143 42.45756410807371 29.92657332122326 20.82604140788317 296.683846578002 5.646067060530186 2.647110477089882 3.88308160752058 120.4702978059649 106.9915364533663 132.1990743353963 55.57561522722244 3216.512980997562 2.878490768373013 35.09143756330013 105.0461222529411 3578.823802314699 47.5356472954154 106.6158795207739 1.672181569039822 0.9227632507681847 3.53208090364933 9.547507919371128 18.34682710468769 244.9737247824669 12.96781656891108 82.51096683740616 48.81726966798306 135.1860821396112 11.09817299246788 9.26092191785574 10.90349388122559
0 2563.37370543927 0.2756638154387474 0 5.218054726719856 9.644195653498173 1.130035199224949 12.8523712605238 134.8957275599241 2.092976972460747 389.9181553795934 1.888604171574116 3144.384035758674 13.42048282921314 0.6271977946162224 1.269393414258957 1.682810142636299 13.67226430773735 2.377692051231861 1.099366180598736 0.1387079805135727 741.2526573464274 0.4352089613676071 147.969443961978 1701.016433104873 427.3492861613631 5027.940715625882 1.004805035889149 3.759570203721523 0.267178550362587 249.3109824433923 11.6816151291132 0.4524031281471252 219.5882251411676 0.1257114559412003 50.67538524419069 137.0994012877345 591.1547053158283 113.0478363856673 8.150202713906765 22.34382025897503 901.0371423512697 3.472708225250244 0 89.30241084098816 0.5007492303848267 0 0 0 0.2581773996353149 0.1282678693532944 1.113296627998352 0 33.86974146217108 0 201.0331941470504 0 0 0 0.2100137919187546 4.542701303958893 0.6181989163160324 0 0 0.6938419491052628 0 0.184577003121376 69.96978096663952 114.4315095767379 165.4550643116236 0.09265269339084625 0.1037824600934982 0 8.08287438750267 0 0 1.104818105697632 0 5.903215937316418 47.75076484680176 8.180893145501614 1.043623693287373 0 0 82.14159388840199 0
29.89793881028891 278.149111315608 13453.05981765687 16.5035250633955 40.59902115166187 138.8649082109332 514.6432664766908 384.2084516808391 201.7244658917189 94.84332029148936 4282.299673244357 42.4882985278964 1559.8443114236 465.9208055883646 3.246880769729614 107.5050915405154 3229.16342344135 3986.025756940246 4391.709176622331 25.52221418172121 351.6101668477058 355.9455504864454 2317.104021884501 527.9492780268192 427.3492861613631 29876.20851888508 10161.30698756874 236.598625972867 254.6327171847224 72.77972385287285 408.2862416356802 130.5540833175182 15.97206434607506 1929.331540286541 30.94207578897476 3742.432942830026 10428.01402320713 5493.88326908648 2981.492859311402 77.82394129782915 32.8851582556963 242.988856561482 9.166865170001984 6.413183748722076 565.5191531926394 138.3188607618213 0 0.1050528809428215 0.376174196600914 15.55513443052769 3.703648403286934 3.106259129941463 0 133.9730750098825 0.09131896495819092 895.2343519330025 7.470870345830917 0 11.79918203502893 167.1586972102523 225.9626059159636 434.7079570963979 0.1102311238646507 4.118991695344448 19.46343725174665 28.05483949929476 14.89704138040543 437.6076054871082 4913.023328378797 6309.048746310174 8.068150252103806 7.929253935813904 13.99838134646416 180.4257920384407 0.4184074848890305 0.3867309167981148 39.24964796751738 18.27858804911375 124.5212612450123 179.3606809154153 172.0960949510336 93.0141739398241 1.607388250529766 0.354670062661171 10.30444886535406 2.05710731446743
14.79579994827509 5319.959468536079 3913.46678674221 1.588115647435188 7.105395898222923 21.65887175500393 69.61856745928526 78.05389884859324 1087.071209065616 18.07556319981813 498.6639302372932 12.8575396463275 5014.508938170969 116.6883865073323 14.11474730074406 2182.030980914831 3962.598553739488 278.7847660779953 1163.598048664629 4.658679395914078 363.6433892399073 3671.492020107806 14541.77701224387 3241.404997110367 5027.940715625882 10161.30698756874 29699.71494584531 1201.258712001145 76.01595967635512 56.08554728329182 1194.557524904609 26.43009791523218 5.851473830640316 1889.121204912663 199.0726810917258 5924.986142285168 3784.251498475671 5750.603500679135 4223.371684916317 187.9489216208458 32.31287058442831 137.481593452394 16.68228106945753 11.84644434601068 2195.932344704866 1403.06356856972 0 0.1129584163427353 0.4468095079064369 154.0022881776094 16.9720209017396 5.705609485507011 0 82.37813168019056 0.1004035100340843 469.0921811982989 21.41141394525766 0 829.0180787667632 679.1859113201499 196.6706242188811 425.6664423197508 0 63.90481232106686 1199.498602382839 1588.296897053719 123.0458032861352 377.5536180213094 5057.217856884003 19271.98851599544 182.3148035332561 10.96853387355804 29.23781362921 98.98597587645054 0.7800817862153053 1.415081769227982 108.1025068759918 58.24949850142002 316.6148470565677 202.6186425611377 460.8883197680116 262.5062685459852 6.909999623894691 1.084080003201962 13.39969784766436 6.140657424926758
68.11392821371555 5.034559793770313 191.5789094716311 4415.8159526214 13.22128749638796 544.5929275155067 23720.3457705006 430.3300524428487 1115.533017203212 3501.042274452746 29.63209917396307 754.8234569206834 12.64894466102123 595.5298707261682 28.71163001656532 3499.271114587784 54.401780821383 10.25977776199579 12.60299149900675 3772.234051212668 3840.854621909559 105.66255979985 2784.960326001048 8711.161526292562 1.004805035889149 236.598625972867 1201.258712001145 22823.91671991348 1572.467725589871 8406.839897058904 0.686381608247757 29.66912312060595 430.2524335309863 1275.597342737019 141.8692790418863 4524.705459356308 169.2744081094861 2585.996840238571 1206.147829659283 811.1659860834479 189.786971077323 48.6332676410675 57.16058459877968 4.346691057085991 3.576343379914761 2.724673189222813 188.917002633214 0.6333542540669441 85.48565454781055 1202.232866637409 73.35385555773973 461.4271395280957 304.4568031430244 4.570846863090992 130.1381608992815 42.17339627444744 21.86346823722124 13.67664950340986 155.2571837604046 0.6824576407670975 0.6335719078779221 0.1286598294973373 80.15726069360971 63.454605050385 61.28695126622915 28.05866564065218 1742.726983614266 0.9225014969706535 5.283092804253101 28.44701665639877 2065.296436727047 31.03495456278324 83.03030779957771 1.167553082108498 1.152294173836708 2.226601593196392 4.578162208199501 33.32681918144226 171.2488303408027 11.41657598316669 53.70631776750088 31.39037931710482 65.00749169290066 4.756478622555733 5.812885098159313 10.05362682044506
4711.889598488808 0.4895497336983681 145.6971945613623 111.5387199893594 46.30409249663353 391.6018999293447 2220.756027758121 2462.850035399199 9.659744322299957 684.1859876960516 417.924290202558 173.0161519497633 26.54586024582386 9093.230983458459 6.084842100739479 2.814455538988113 577.8398113921285 130.0795154646039 177.7640444040298 189.4624362289906 98.75877131521702 1.995688855648041 153.6327806562185 739.5357652008533 3.759570203721523 254.6327171847224 76.01595967635512 1572.467725589871 21592.38013213128 4859.259573705494 4.850036591291428 662.1369052007794 3423.645210511982 4434.542708396912 3.823209539055824 230.2118091583252 76.94164600968361 1413.581988420337 167.9044167995453 172.9914772138 170.8973492532969 20.12094826251268 5.237449944019318 0 0.2762199193239212 0.2128103971481323 0.7694496363401413 0 1.947904691100121 20.12346311658621 1.407801166176796 8.794851720333099 2.138094179332256 0.5761797502636909 0.3333825021982193 2.006359092891216 0.5555253624916077 0 2.344681233167648 0 0.271561473608017 0.09713549911975861 0.1502823531627655 0.5861545950174332 0.7301919683814049 0.4682659208774567 34.43706846237183 0.2062215283513069 2.147635318338871 3.303717248141766 39.41827473789454 1.13656048476696 1.78295923769474 0.1383743435144424 0 0 0.09473167359828949 0.5390703678131104 7.258104741573334 0.6539795473217964 0.8228785768151283 1.668826326727867 2.546936139464378 0.668684646487236 1.067882217466831 0
