1616.828312896192 0.4108657836914062 231.3237559720874 7.106149673461914 0.4311434403061867 78.14396050572395 3222.50766517967 1962.90754596144 8.002716176211834 191.6902696564794 24.38197811320424 23.39767875522375 2.88134977966547 4143.323819048703 0.171068973839283 2.391830012202263 318.3323397524655 13.8020686507225 113.3931104764342 11.61586949974298 249.4214918091893 4.736911036074162 319.7757071778178 53.77086415141821 0.1635051220655441 102.7820384800434 69.34488103538752 168.0699333623052 5210.461362544447 2229.542303487659 0.2958192303776741 22.62936561182141 508.8282283768058 336.9904364645481 0 34.59635028243065 4.696971371769905 337.3954463303089 33.21284002810717 3.524427726864815 6.203098252415657 0.421697273850441 0.6802951395511627 0.3725779354572296 0.09538135677576065 0.1117043048143387 0.6572195291519165 0 0.1128256767988205 3.755271747708321 0.8940886482596397 2.873279049992561 2.280997648835182 0 0.1359532177448273 0 0 0 0.9660770744085312 0.09126584231853485 0 0 0 0.1765359193086624 1.46527473628521 0 40.06717732548714 0 0.7493752688169479 5.193094797432423 15.87303016334772 0.8870660588145256 4.110947489738464 0 0 0.7710991054773331 0.4683162719011307 0 5.300848253071308 0.1930356323719025 2.868351675570011 1.809138998389244 0.1062506586313248 0 0 0
0.4108657836914062 419.9658179357648 172.5720829591155 0 0.3285902887582779 0 5.092169471085072 0.7278737798333168 612.1169447377324 0.1605807989835739 43.9585121050477 1.064442478120327 963.0924671590328 0.5888936296105385 8.820404291152954 104.0945214033127 171.5927779749036 44.61803708970547 301.4888743907213 0 1.902692027390003 2446.958549194038 33.15512375533581 902.9292438402772 2347.523870334029 721.6246521621943 4441.47247428447 26.0634538307786 2.53154418617487 2.117345541715622 67.17432031035423 0.09955275058746338 0.07300946861505508 128.8359746336937 3.265519082546234 245.2339169457555 145.6645524650812 509.8921608328819 98.63635674864054 25.08807383477688 0 127.8126109093428 0.2548044621944427 0.09408655017614365 243.3273119777441 147.8208827227354 0.1746226847171783 0 0 1.805206596851349 0.5754964053630829 15.29158135503531 0.2725658714771271 6.354666404426098 0 36.9125908985734 1.09444347769022 0 9.429359883069992 21.5555546656251 13.95274204015732 75.57932072877884 0 0.9430554211139679 142.1277056336403 3.131221726536751 13.17236243188381 43.43903562426567 334.3304108455777 1723.469228468835 1.695515669882298 0.1922381743788719 0.3721195012331009 1.69499596208334 0 0 10.71587628871202 0.1558376997709274 32.5437640696764 28.74320867657661 48.22628634423018 15.26288993656635 0 0 8.34205949306488 0
231.3237559720874 172.5720829591155 7389.617529153824 1.281852416694164 0 13.71754504740238 577.7620813846588 348.8806088939309 2.906837955117226 16.97654550522566 15.04845018684864 0.9715335294604301 4.701432414352894 315.2260409593582 0 40.17811677604914 5056.409953340888 63.14802429080009 515.2440444305539 0.2696449607610703 533.200567856431 234.9433620870113 10267.49642636627 47.84279928356409 0.8988471478223801 10457.35551138967 12340.1692725718 431.3198053017259 138.5590089969337 991.8445160388947 1.311070442199707 2.10532208532095 11.9943969771266 256.6072833836079 1.599265336990356 327.0406296923757 2332.136146657169 605.5919486433268 145.4327231794596 3.839407108724117 1.105335496366024 1.958679482340813 0.4301698803901672 0 48.42979066073895 487.2778092324734 0 0 0 1.244323797523975 0 6.123816907405853 0.09712605178356171 0.1444413661956787 0 0.948093019425869 0.7212309166789055 0 18.02614454180002 16.11869691312313 1.004203118383884 5.041918508708477 0 0.2125799804925919 87.41759388148785 14.53430622816086 3.968778938055038 0 39.12892756611109 1334.277413524687 2.34283260256052 0.4706353843212128 1.010977044701576 0 0 0.1747997850179672 11.92697685211897 0 32.04748251289129 30.29094319045544 45.93839175254107 10.72301349788904 0.8773095458745956 0 0.3851776719093323 0.6458713412284851
7.106149673461914 0 1.281852416694164 156.2035300433636 0.5417144671082497 77.23464271426201 86.67855609953403 61.17191434651613 332.9019196629524 2169.887234225869 1.211017437279224 2021.157203696668 0.8350209519267082 22.15599304437637 29.3197754919529 0 0.2682010754942894 0.08077014982700348 0.1616040542721748 1540.989079222083 0.9941525459289551 0.3324769735336304 1.976987972855568 350.9564096927643 0 0.430330365896225 0.7171704173088074 1075.903033815324 40.13843508064747 1.370334878563881 0 5.640239611268044 3.705093592405319 15.20262125879526 0.9269673824310303 72.70196528732777 0.7221114113926888 73.05177424103022 22.31644552946091 90.8527866974473 7.703453578054905 0 1.443451844155788 0 1.197596661746502 0.3749575018882751 88.86405988037586 0 12.20849341154099 34.44380072504282 4.38773451000452 43.98788052052259 240.613990880549 0 114.2193042784929 0 1.979833588004112 12.13593157380819 0 0 0 0 101.3295363113284 0.6204825043678284 3.558248683810234 0 266.1299210637808 1.152634538710117 0 1.942698448896408 117.1147558316588 2.834223337471485 0.4409929439425468 0 0.2295434400439262 0.5195551440119743 1.413579612970352 0.1296212375164032 10.9184223562479 0 4.411519698798656 1.518790371716022 38.96225003153086 0.3619748651981354 3.109890937805176 0.3031532168388367
0.4311434403061867 0.3285902887582779 0 0.5417144671082497 27.44998598098755 169.6801574975252 6.859404750168324 5.170958608388901 36.13478588312864 8.208252757787704 23.03416224569082 39.15953975915909 10.23064124584198 2.510605782270432 462.1048980429769 0 0.09572608768939972 0.1138455718755722 0 0.9735986590385437 0.08827781677246094 0.9997361525893211 0.1376678049564362 5.535767249763012 1.653299041092396 0.7322356775403023 0.9585109651088715 8.633798182010651 2.246044509112835 0.2260721474885941 0 20.34649705886841 0 111.0621808022261 0 20.10427923500538 3.282526656985283 227.4186958745122 13.00295297801495 742.7874629721045 92.03767524659634 2.423655062913895 0.4929456114768982 0 0 0 0.1706370115280151 0 0 0.1326668709516525 0 0 0.6078793555498123 0 0.4347726926207542 0.1943417489528656 0 0 0 0 0 0 0 0 0 0 0.1024163588881493 0 0 0 0.1795198768377304 0 0 0 0 0 0 0 0 0 0 0 0 0 0 0
78.14396050572395 0 13.71754504740238 77.23464271426201 169.6801574975252 10945.34366068244 2128.903672233224 5007.867154434323 24.99592586606741 5306.80261208117 100.8762250170112 3340.969097442925 34.42454991489649 364.9107586145401 573.0478817299008 0.2176511287689209 10.01714051514864 5.097901687026024 4.321624659001827 405.2202777341008 10.7796316370368 0.4090722128748894 10.96756776422262 47.43712963908911 4.011166989803314 12.99085734784603 6.900871716439724 810.3377275764942 297.7625562883914 15.74990283697844 0.2379815131425858 353.7388419061899 7.851286567747593 307.3283233046532 0.115373931825161 276.9599247574806 11.20749868452549 1033.332746461034 105.6374773979187 1385.471999362111 241.5461643189192 9.656953871250153 5.079883247613907 0 0 0.4115339890122414 5.946590937674046 0 1.345733292400837 11.94652453809977 1.060279250144958 2.908126719295979 28.12437414377928 0 10.12481953203678 0 0.4841000735759735 2.107118040323257 0 0 0 0 12.18212450295687 0 0.2475600764155388 0.1377019584178925 45.2566831484437 0 0.2191872149705887 0.2578618675470352 26.94705536216497 1.883235543966293 0.568605899810791 0 0 0.6258463934063911 0.2124770879745483 0 5.057853609323502 0 6.731640234589577 0 3.303994819521904 0 0 0
3222.50766517967 5.092169471085072 577.7620813846588 86.67855609953403 6.859404750168324 2128.903672233224 18818.91740917414 4283.481105208397 192.5640307813883 5109.062854237854 34.79916537553072 52.9978803396225 24.35710322111845 5678.17002646625 7.903902865946293 114.8331203088164 128.6329315528274 16.87799949944019 74.35872375965118 18.77372548729181 805.7777898460627 32.59066293388605 709.6636171340942 1040.947585366666 0.3237111046910286 336.8877924904227 132.6046371683478 14296.77380978316 2153.197251778096 6628.565251871943 0.9151003733277321 70.11420058459044 384.6895105615258 717.3010561168194 6.121553912758827 1795.964506454766 38.15166833996773 2170.545364633203 652.1836222112179 110.8586742430925 101.5530456900597 14.73432163149118 23.83905076980591 4.277564682066441 0.5795533135533333 1.740418277680874 27.35202611237764 0 11.48066464066505 339.3511792942882 35.86534255743027 41.72116285562515 136.6138279810548 0.7717262208461761 20.15606483072042 0.2468883916735649 12.56803460419178 0.4274021238088608 11.46473088115454 0.1599467694759369 0.08694168925285339 0.2952173501253128 24.80634937435389 2.740074008703232 2.780499532818794 5.288288667798042 915.9392391890287 0.2057643681764603 0.5488811880350113 9.166711181402206 622.0691813379526 52.91412014141679 7.695772834122181 0 0.4137217402458191 15.93954122066498 23.65244002640247 2.86236172914505 151.6241287738085 3.853598445653915 105.4986196532845 54.28809884190559 6.906703814864159 5.948839046061039 0.3348864316940308 2.830069005489349
1962.90754596144 0.7278737798333168 348.8806088939309 61.17191434651613 5.170958608388901 5007.867154434323 4283.481105208397 11556.3399704136 11.04762421548367 4135.087245181203 358.5857224538922 767.6927729994059 76.14919488877058 5952.218489248306 84.11159738898277 3.334878772497177 287.9360190182924 30.75881919264793 129.1649412363768 222.7925338819623 204.8936895020306 7.977000098675489 347.9950501099229 102.5397808924317 6.304087780416012 196.6650730967522 94.37795547023416 462.2949161380529 1194.840360429138 574.7083260603249 2.305738113820553 582.6173033043742 80.86950127035379 737.1046442463994 1.049119010567665 531.9022952839732 29.87576939165592 1727.517344035208 204.0361746177077 617.889664888382 188.4722787961364 15.23567751049995 9.467938788235188 0.6364613398909569 0.2132814303040504 0.7603562101721764 3.728348702192307 0 0.9992309138178825 31.08603548258543 1.57330085337162 3.764381073415279 15.24767605215311 0 1.412340238690376 0 1.258685365319252 0 0.8356953710317612 0.1117832809686661 0.1294616311788559 0.0987461730837822 1.453441828489304 0.4439301863312721 2.166613087058067 0.7941258773207664 78.58894915133715 0.119542770087719 1.279813431203365 8.863157823681831 62.88581881672144 3.265091106295586 1.356276422739029 0 0 0.3862216398119926 2.465090095996857 1.413123190402985 13.17984874546528 0.1335366368293762 9.511305280029774 4.897688344120979 0.4087329879403114 1.343056753277779 0 0.3881023228168488
8.002716176211834 612.1169447377324 2.906837955117226 332.9019196629524 36.13478588312864 24.99592586606741 192.5640307813883 11.04762421548367 757.8833600580692 398.4853441044688 3.59108942002058 438.2254183962941 91.51335371285677 8.07009144872427 740.7033263966441 28.49112726002932 6.984099455177784 6.045546315610409 16.63495884090662 358.6543051600456 10.88775397092104 2555.106508344412 2.937484949827194 7733.249726518989 193.9158481955528 66.41544815152884 607.8617548942566 755.5976129025221 52.95293628424406 110.6131124794483 10.02325664460659 0.4517069682478905 15.56884499639273 31.65152069926262 0.4474800080060959 253.522983327508 17.72427330166101 117.7062205299735 56.32977118343115 1170.6549898386 6.272491425275803 4.785298205912113 5.401091739535332 10.00231148302555 7.750245913863182 1.941811412572861 103.8667144626379 0.1398452371358871 16.52488735318184 104.9225296676159 14.07226847857237 88.78307867050171 142.6417424827814 0.8967202007770538 173.878116324544 3.114699557423592 9.742216616868973 16.30196936428547 106.4998406246305 0.5082059949636459 1.14098683744669 0.9946607947349548 96.08513614535332 17.66754843294621 47.66275664418936 3.594514660537243 1423.641610108316 9.732804693281651 5.533598557114601 28.87349351495504 372.6167973428965 43.85534653067589 59.49982656538486 0 0.3126295804977417 9.831427909433842 13.67467310279608 3.103808373212814 120.0933742001653 7.758419565856457 53.47090689092875 45.32756045460701 65.1345257088542 3.088024571537971 1.844109088182449 0
191.6902696564794 0.1605807989835739 16.97654550522566 2169.887234225869 8.208252757787704 5306.80261208117 5109.062854237854 4135.087245181203 398.4853441044688 18656.64117084444 68.79639344662428 1407.209470279515 21.26952546834946 990.9857818484306 30.67939257621765 2.241632662713528 8.406030245125294 6.422306433320045 6.449751384556293 1554.376216247678 16.43292111158371 1.020070947706699 17.20560444146395 602.530701354146 0 18.95229397714138 6.963919371366501 2392.405864521861 896.2803175114095 27.67636484652758 0.354229249060154 99.6791817471385 22.7848162651062 298.3902915939689 2.410996928811073 949.2039028853178 12.64839716255665 1732.654168829322 264.5257364064455 277.3014235049486 175.3510340675712 5.593142993748188 21.75075721740723 0.9767423719167709 0.8925517797470093 0.9399479851126671 267.549470461905 0.1202597916126251 38.32935925573111 181.1722759753466 20.58190745860338 83.71537812799215 835.045044079423 0.394813597202301 292.9564662650228 0.1130794733762741 7.90571103990078 22.16017229110003 0.9156296998262405 0 0 0 302.7230822145939 0 8.60551430284977 1.262528106570244 921.4410813301802 0.4332846254110336 0 3.698296837508678 498.6055497527122 10.99866479635239 0.3632302656769753 0 0.09664246439933777 3.61400517821312 4.965795770287514 0.2444558441638947 32.51692432910204 2.84117779135704 20.54401975125074 7.108929850161076 100.7579531222582 2.719799622893333 5.402020037174225 0.7642087340354919
24.38197811320424 43.9585121050477 15.04845018684864 1.211017437279224 23.03416224569082 100.8762250170112 34.79916537553072 358.5857224538922 3.59108942002058 68.79639344662428 9932.474634192884 26.75873028486967 2415.468771219254 185.9741440713406 0.9498109295964241 4.156252726912498 142.9099466502666 725.0380809828639 656.3874968439341 8.771756701171398 17.31496730074286 17.19870132952929 34.63115065544844 8.441477812826633 518.3952621892095 2146.501317448914 1020.941809624434 14.52826828509569 752.6705152541399 26.28287251293659 759.2071941569448 319.1524061635137 11.15481028705835 7318.65941273421 0.5090476796030998 585.5394034609199 4553.318379327655 8411.316941648722 1622.585442647338 13.45958753675222 59.40156487375498 1204.443671070039 0.6435816213488579 0 6.407697185873985 1.787311382591724 0 0 0.1914417892694473 0.296809509396553 1.191059350967407 0.7110571190714836 0.2085215374827385 279.716428719461 0 1057.673089258373 0.403679721057415 0 0.6932755038142204 1.60846271365881 104.9279337227345 16.02743685990572 0 0.07989481091499329 1.487362936139107 1.527342207729816 2.019023694097996 100.7246102467179 253.9541795179248 441.8428076729178 0.3889819979667664 0.8655893206596375 0.3843928426504135 105.1608884632587 0 0 16.0843857973814 0 19.0071327611804 193.6736793071032 50.98630870133638 8.795527949929237 0.3879142999649048 0 161.3524362295866 0
23.39767875522375 1.064442478120327 0.9715335294604301 2021.157203696668 39.15953975915909 3340.969097442925 52.9978803396225 767.6927729994059 438.2254183962941 1407.209470279515 26.75873028486967 6629.418547824025 6.333844736218452 153.5302425473928 1329.717296794057 0 0.1944880709052086 1.603106491267681 0.3440733700990677 3164.223453477025 0.8201528936624527 6.556789204478264 0.97084079682827 415.2532857730985 0.7950476333498955 3.424596332013607 4.997709326446056 718.08027202636 213.078683719039 2.261192336678505 0.151404395699501 57.56279809772968 0.8513511046767235 75.34623362869024 0 49.33959200233221 1.784888654947281 463.4471121132374 16.09890305250883 2779.466636672616 43.94344568252563 1.034528523683548 1.368397742509842 0 0.7278511598706245 0.2790627405047417 129.2926340922713 0 26.53045557439327 13.74711970984936 1.919246926903725 58.59242255240679 308.8955667242408 0 233.5822212100029 0.191593199968338 0.4831297546625137 30.99992447346449 0 0 0.2217237800359726 0 137.3716416880488 0.2152142897248268 2.567797556519508 0.1131274625658989 150.5475572422147 0.4099102914333344 0.468079499900341 1.450838543474674 60.93731724470854 1.449417613446712 0.2217117473483086 0 0 0.1342520862817764 0.3674502968788147 0 2.79730237275362 0 5.009976543486118 0.5998736098408699 145.6370972916484 0 0 0
2.88134977966547 963.0924671590328 4.701432414352894 0.8350209519267082 10.23064124584198 34.42454991489649 24.35710322111845 76.14919488877058 91.51335371285677 21.26952546834946 2415.468771219254 6.333844736218452 1834.694645322859 18.45684258639812 1.519049279391766 7.120280988514423 3.97298826277256 42.83144110441208 21.57441058009863 2.541312702000141 5.597424894571304 286.323474496603 5.812762796878815 85.8040673583746 3333.710840523243 937.974121466279 3556.207443006337 39.853541046381 75.15615020692348 1.900497026741505 1367.482716627419 72.43687899410725 0.1067647784948349 744.6151307374239 50.10998436808586 2296.855667427182 8221.556281939149 5459.515556424856 1859.160076446831 191.0759453177452 294.5085007175803 1643.696300379932 21.71096868813038 0.1920735165476799 44.42031279206276 1.500262759625912 0 0 1.881245270371437 1.459591902792454 0.9706459641456604 1.487528495490551 1.511262230575085 613.1046959981322 0 3185.560778595507 0.6362902522087097 0 0.6560796946287155 0.7198239862918854 128.6970649659634 15.71946755796671 0 0 7.92038930952549 1.142707712948322 3.153833039104939 562.4409362673759 402.2441384121776 807.7946632504463 3.101774767041206 1.647547975182533 0 179.9442913904786 0.2179348766803741 0.2848116308450699 20.76526299864054 8.802955150604248 81.93086228519678 627.5191391855478 69.31084199994802 14.47412771731615 0 0.157364547252655 892.944932281971 0
4143.323819048703 0.5888936296105385 315.2260409593582 22.15599304437637 2.510605782270432 364.9107586145401 5678.17002646625 5952.218489248306 8.07009144872427 990.9857818484306 185.9741440713406 153.5302425473928 18.45684258639812 12457.85191076621 0.4092231094837189 3.295481592416763 270.7570226714015 27.58322630822659 113.591160479933 64.37843757122755 244.0311744138598 6.670478943735361 336.3674170225859 57.35085948556662 0.5912700295448303 166.8488738201559 80.51388595253229 214.687238574028 3310.697611164302 1028.044965974987 2.715920627117157 213.265462577343 53.10095260292292 468.0467935539782 0.1567562222480774 148.5384863168001 9.734455145895481 929.0003005564213 62.23805878311396 34.69502518326044 16.81441359221935 3.369341596961021 0.5968879833817482 0.6111641600728035 0 2.261105045676231 0.9882407933473587 0 0.4202620685100555 9.595922254025936 0.5027141869068146 2.114860519766808 4.633648566901684 0 0.205443486571312 0.3440702334046364 0.2110683023929596 0 1.313895560801029 0.0963965430855751 0.08739293366670609 0 0.7001997828483582 0.1663358807563782 2.060156658291817 0.3260374143719673 38.47829423844814 0 0.2160557061433792 9.548463247716427 28.19228776544333 1.426481418311596 0.3025677502155304 0.07380931079387665 0 0.9666447713971138 0.9380745887756348 0 4.453094176948071 0 5.994391717016697 0.1010611802339554 0 0.08333591371774673 0 0
0.171068973839283 8.820404291152954 0 29.3197754919529 462.1048980429769 573.0478817299008 7.903902865946293 84.11159738898277 740.7033263966441 30.67939257621765 0.9498109295964241 1329.717296794057 1.519049279391766 0.4092231094837189 204.9793604835868 0.1468965411186218 0 0.2013092413544655 0.3488674461841583 103.5177816450596 0 28.09449052065611 0 505.3918405845761 3.113877110183239 1.006761588156223 12.67243034392595 21.42521986365318 1.037370808422565 0 0 88.57310898602009 0 1.268726989626884 0 0.5557054057717323 0 2.784299835562706 0.2744366675615311 745.3155461773276 15.28654342889786 0 0 0 0 0 5.244821555912495 0 0.1615183502435684 0.1272609978914261 0.1031763479113579 2.670764893293381 7.028347939252853 0 14.52737797051668 0 0 2.896740235388279 0.7693122178316116 0 0 0 5.574856974184513 0 0.402287170290947 0.1093582808971405 5.156776592135429 0 0 0 1.948024220764637 0 0 0 0 0 0 0 0 0 0 0 14.20951221883297 0 0 0
2.391830012202263 104.0945214033127 40.17811677604914 0 0 0.2176511287689209 114.8331203088164 3.334878772497177 28.49112726002932 2.241632662713528 4.156252726912498 0 7.120280988514423 3.295481592416763 0.1468965411186218 2780.56279502064 137.5998906642199 4.331295378506184 15.77791520953178 0.1163275837898254 2851.004524335265 1270.127414174378 4415.016237571836 2113.967346407473 8.229232236742973 54.88433948159218 3671.42144729197 2306.663441479206 12.28620590269566 388.2496825456619 0.2814168334007263 0.3019996806979179 10.70888456702232 254.4689564108849 32.23787719756365 4958.337961249053 1067.154413200915 1569.531106062233 1331.772901959717 39.28184301406145 5.007114447653294 2.389717578887939 36.64916927367449 11.36167239397764 3.229590333998203 10.17082174867392 0.321103110909462 0 0.5577389076352119 15.08302810043097 2.294845975935459 21.13919446617365 1.509698085486889 0.3964638710021973 0.1040252149105072 0.3622045144438744 4.324054546654224 0.5161775946617126 2338.655707150698 9.09375985711813 0.1944809705018997 3.235398583114147 0.136003851890564 276.3307996317744 1053.709471166134 196.9433284848928 530.724639326334 1.080768018960953 3.832494013011456 240.783374466002 207.8940928354859 44.12983745336533 374.0815216302872 0 0 9.602374956011772 12.0800959020853 4.396810099482536 206.7519258111715 121.3305504992604 40.90823248028755 23.30295787751675 0.8852841556072235 0.7705581188201904 0 0.7612467408180237
318.3323397524655 171.5927779749036 5056.409953340888 0.2682010754942894 0.09572608768939972 10.01714051514864 128.6329315528274 287.9360190182924 6.984099455177784 8.406030245125294 142.9099466502666 0.1944880709052086 3.97298826277256 270.7570226714015 0 137.5998906642199 1011.491226553917 176.4438265562057 3877.170445755124 0.2785583138465881 779.8972730301321 130.6974463835359 2883.456536643207 73.10878045484424 3.74093221873045 4076.771312445402 7116.537399336696 92.99827266484499 570.1037377528846 935.1156603768468 2.224260948598385 3.308397799730301 84.94504937529564 492.193787060678 0.1364985853433609 54.90340479463339 188.7876688316464 206.6114722043276 29.6830388084054 1.29069921374321 1.021258421242237 0 0.09273004531860352 0 31.647480212152 112.3178723081946 0 0 0 0.3983857184648514 0 2.445247069001198 0 1.319129437208176 0 0.2967546805739403 0.1067778468132019 0 18.34922098368406 13.17252376675606 1.729221045970917 24.14640792459249 0 0.2567796781659126 27.45340201258659 6.341588951647282 9.02037451416254 1.305609971284866 98.80646837502718 517.9318791553378 1.567074470221996 0 0.4060827419161797 0.1370442360639572 0 0.5628451108932495 2.777216628193855 0.2186425924301147 19.26397965103388 10.66717170923948 14.53283701837063 7.06056772172451 0 0 0.1713534891605377 0
13.8020686507225 44.61803708970547 63.14802429080009 0.08077014982700348 0.1138455718755722 5.097901687026024 16.87799949944019 30.75881919264793 6.045546315610409 6.422306433320045 725.0380809828639 1.603106491267681 42.83144110441208 27.58322630822659 0.2013092413544655 4.331295378506184 176.4438265562057 297.6959678381681 1181.172440424562 0.4901918917894363 11.30784336477518 14.34813383966684 70.13376992940903 13.05505196750164 41.29194717109203 3057.849307887256 1226.106505133212 12.33905852586031 76.89142749086022 31.37952061742544 28.13044708222151 9.003630638122559 8.946266815066338 943.0189540982246 0.4225645661354065 377.9786225482821 695.5659595951438 2181.867952995002 307.631115205586 2.269548758864403 0.5372190997004509 0.2531099915504456 0.2348416224122047 0.2615158408880234 9.941723249852657 2.557641468942165 0 0 0 0.1872869357466698 0.08216168731451035 0.3660775125026703 0 70.67339767515659 0 116.9201026111841 0 0 0.227177694439888 0.3258615434169769 131.8908203989267 43.63429236412048 0 0.451702818274498 0.795584499835968 0.1155320331454277 0.6075140237808228 22.36350528150797 230.9078747853637 449.8999112322927 0 0.5554640367627144 0.275979608297348 22.85596799105406 0 0 11.2346474006772 0.2781199216842651 10.90814661234617 33.43891198188066 35.62421493977308 6.444220550358295 0.1876222938299179 0 2.189560040831566 0
113.3931104764342 301.4888743907213 515.2440444305539 0.1616040542721748 0 4.321624659001827 74.35872375965118 129.1649412363768 16.63495884090662 6.449751384556293 656.3874968439341 0.3440733700990677 21.57441058009863 113.591160479933 0.3488674461841583 15.77791520953178 3877.170445755124 1181.172440424562 1888.934880621731 0.3463120758533478 59.01515571027994 39.50048239529133 743.4751369729638 47.8536621183157 17.08082615584135 4814.087757498026 4013.214877322316 58.04029283300042 283.708671849221 203.374517545104 10.81231389194727 2.425924997776747 55.6887623295188 1559.362531933933 2.033514380455017 760.4643731042743 457.1166887655854 2016.557765290141 267.4341193810105 4.377513282001019 0.650394544005394 0.1971205025911331 1.407235689461231 0.7928168475627899 40.6440432369709 20.05449148267508 0 0 0 0.23297069221735 0.5447773188352585 1.125393614172935 0 9.190888173878193 0 17.00908420979977 0.9975221455097198 0 2.261852636933327 7.368588835000992 38.50028831511736 136.3110839650035 0.1343734860420227 0.4953580349683762 3.101033359766006 1.991613805294037 2.740499183535576 9.293208979070187 510.8575973808765 925.4148610010743 1.141557611525059 1.130001068115234 0 5.912760324776173 0 0 7.607961937785149 0.4027170240879059 32.96187877655029 28.23060990869999 51.87909432500601 13.99389330297709 0 0 0.3230369836091995 0.1694030314683914
11.61586949974298 0 0.2696449607610703 1540.989079222083 0.9735986590385437 405.2202777341008 18.77372548729181 222.7925338819623 358.6543051600456 1554.376216247678 8.771756701171398 3164.223453477025 2.541312702000141 64.37843757122755 103.5177816450596 0.1163275837898254 0.2785583138465881 0.4901918917894363 0.3463120758533478 528.7962851077318 0.1052932366728783 0.1727886348962784 0.4662318378686905 202.3470871523023 0.4138624966144562 1.894240118563175 1.531780950725079 1718.245864115655 86.99175102263689 1.348095051944256 0.2939556837081909 12.73971889168024 0.5720222517848015 29.15204790979624 0 61.29624432325363 0.6822573840618134 183.4478621408343 17.30439476668835 350.4004830420017 19.36888783425093 0.1706286668777466 2.71221786737442 0.1036981716752052 0.9140086770057678 0.1114701256155968 90.44475433975458 0 14.4879507124424 27.81714889407158 3.659076645970345 43.57777540385723 235.6878155320883 0 132.668025650084 0.1187289655208588 2.230140224099159 20.51624770462513 0 0 0 0 100.0512044504285 0 4.844435065984726 0.1915138959884644 208.7638903260231 0.1011078357696533 0.1137665286660194 1.359775625169277 95.45308539271355 1.423160798847675 0.3442753180861473 0 0 0.2953817322850227 2.356252022087574 0 4.887426659464836 0 1.386064350605011 1.9955864995718 62.73514326661825 0.6602731645107269 0 0
249.4214918091893 1.902692027390003 533.200567856431 0.9941525459289551 0.08827781677246094 10.7796316370368 805.7777898460627 204.8936895020306 10.88775397092104 16.43292111158371 17.31496730074286 0.8201528936624527 5.597424894571304 244.0311744138598 0 2851.004524335265 779.8972730301321 11.30784336477518 59.01515571027994 0.1052932366728783 18295.05584555864 41.88831037282944 14523.47513248026 412.9133949801326 1.324441954493523 101.897723518312 414.6539664566517 2833.769487269223 331.0712495557964 16141.76043467224 0.09706328809261322 1.947784766554832 106.8115842118859 1416.307825744152 18.8771001175046 2531.818938620389 111.2409623339772 4019.519131168723 1439.742333076894 27.36742811650038 7.434128642082214 2.937562257051468 20.39087455719709 5.189378008246422 0.2259107083082199 0.9005043804645538 0.1984164789319038 0 0 9.48466581851244 0.3782049641013145 1.429162487387657 0.7093371897935867 0.08517104387283325 0.1057829782366753 0 0.7972018197178841 0 199.6450152844191 0.258791871368885 0 0 0.09328464418649673 45.72871062904596 37.38095387071371 10.49595855176449 157.6198780164123 0.09051454067230225 0.5717388540506363 16.6343684643507 65.23964628577232 11.09221761673689 67.10692281275988 0.0861395001411438 0 5.574688658118248 3.151966027915478 3.004454523324966 39.42879189550877 16.19860336184502 10.20946184545755 3.64505784958601 0 0 0 0.2114190310239792
4.736911036074162 2446.958549194038 234.9433620870113 0.3324769735336304 0.9997361525893211 0.4090722128748894 32.59066293388605 7.977000098675489 2555.106508344412 1.020070947706699 17.19870132952929 6.556789204478264 286.323474496603 6.670478943735361 28.09449052065611 1270.127414174378 130.6974463835359 14.34813383966684 39.50048239529133 0.1727886348962784 41.88831037282944 3254.816084124148 626.5940003618598 7473.822870664299 876.5416803136468 168.8330641686916 3427.267627514899 173.4362268820405 6.707922779023647 24.59092444181442 23.06951291114092 0.08604111522436142 1.437472388148308 171.9805369451642 6.390971086919308 575.5997445806861 144.8986996859312 578.8796401843429 206.4302150830626 74.55096506327391 1.589460745453835 23.70532400906086 3.713020160794258 4.065569117665291 64.39021284878254 115.4768905639648 2.736528150737286 0 0 6.603075005114079 0.3807967901229858 79.68332021683455 0.8701720386743546 3.818984732031822 0 10.48960591852665 1.122162267565727 0.2040979117155075 1370.12001016736 10.58773645758629 0.9804135337471962 10.51510901749134 0.2773838192224503 129.5681884288788 713.1183609068394 149.654629804194 193.425375521183 88.58344730734825 36.26787907630205 932.7406366467476 47.56813593953848 7.249555751681328 145.9906233772635 0.5319891273975372 0 0.526278056204319 12.02434951812029 3.070479273796082 98.31530080735683 74.18743918836117 22.3673147559166 21.5529939904809 3.104021772742271 0.4474979937076569 2.374228239059448 0
319.7757071778178 33.15512375533581 10267.49642636627 1.976987972855568 0.1376678049564362 10.96756776422262 709.6636171340942 347.9950501099229 2.937484949827194 17.20560444146395 34.63115065544844 0.97084079682827 5.812762796878815 336.3674170225859 0 4415.016237571836 2883.456536643207 70.13376992940903 743.4751369729638 0.4662318378686905 14523.47513248026 626.5940003618598 16259.62600397319 432.1060712486506 2.581983104348183 1896.003161773086 10859.04052589089 2518.357937477529 313.9851693697274 4513.949391193688 1.301873534917831 2.774158217012882 42.94713301211596 1660.956001982093 27.81965008378029 4542.516402713954 1384.72603918612 5476.068417087197 2875.254618473351 62.84638275951147 7.12699606269598 3.38005393743515 51.29463947564363 0.7626901865005493 2.759540893137455 60.04908289015293 0 0 0 2.316227547824383 0.3960032388567924 2.968594267964363 0.2533289864659309 0.3338859677314758 0 0.2244278490543365 0.5229206681251526 0 428.3574390634894 3.582776561379433 0.6172326132655144 0.8939308375120163 0 17.9893341884017 344.7825672104955 48.62830998003483 36.29228360205889 0.0824785977602005 6.358829565346241 560.7754106000066 12.78690991550684 1.74432136118412 14.81943529099226 0 0 0.6014879122376442 3.921014651656151 4.164479210972786 22.95608156919479 48.7083947211504 14.59031956642866 5.150025352835655 0.227150022983551 0 0.2077617347240448 0.1022933796048164
53.77086415141821 902.9292438402772 47.84279928356409 350.9564096927643 5.535767249763012 47.43712963908911 1040.947585366666 102.5397808924317 7733.249726518989 602.530701354146 8.441477812826633 415.2532857730985 85.8040673583746 57.35085948556662 505.3918405845761 2113.967346407473 73.10878045484424 13.05505196750164 47.8536621183157 202.3470871523023 412.9133949801326 7473.822870664299 432.1060712486506 12975.24111219496 121.2602455914021 190.8736265972257 2618.209769323468 11806.86572367698 337.0522188693285 605.1463315337896 10.64151149988174 4.493935540318489 141.8695080429316 314.5086707025766 10.17867378145456 1840.264842897654 105.7847495004535 958.2064559571445 437.9539910256863 1056.713517092168 29.08220944553614 2.852809742093086 13.69247207045555 32.88275727629662 8.577902153134346 14.90646116435528 322.1204432845116 0.8610118329524994 61.24869037419558 763.5303499177098 101.5999997705221 510.9318279027939 1114.591795198619 2.531810089945793 296.3215907141566 4.232764065265656 39.90088499337435 22.07712145149708 232.2148831561208 1.537760637700558 0.9762346222996712 4.300714887678623 328.7075781822205 68.60043908655643 91.92686900496483 20.98085010796785 4658.455389387906 2.880989655852318 11.76647292077541 75.65120288729668 2172.722417935729 158.781970500946 117.6120274066925 0.2222401276230812 1.949916832149029 49.18731309473515 82.86818497627974 13.28700889647007 535.431959040463 10.93321198225021 325.0067864060402 156.7825157269835 83.00279282033443 12.48216630518436 3.100746855139732 8.992957726120949
0.1635051220655441 2347.523870334029 0.8988471478223801 0 1.653299041092396 4.011166989803314 0.3237111046910286 6.304087780416012 193.9158481955528 0 518.3952621892095 0.7950476333498955 3333.710840523243 0.5912700295448303 3.113877110183239 8.229232236742973 3.74093221873045 41.29194717109203 17.08082615584135 0.4138624966144562 1.324441954493523 876.5416803136468 2.581983104348183 121.2602455914021 312.3568222671747 387.618751861155 1542.578711412847 23.82935459911823 1.691183745861053 0.5327273458242416 222.2304787486792 7.876370191574097 0.1381283849477768 138.5441454648972 30.11030775308609 2086.373287826777 1524.946080327034 1233.940156236291 335.5172231048346 14.68326072394848 23.05566906929016 711.8083550632 13.31339165568352 0 68.98919822275639 1.025830447673798 0.1306227743625641 0 0 0 0 0.9448361098766327 0 236.1291904971004 0 1573.478052586317 0.1380934417247772 0 1.467202186584473 0.8300284147262573 88.73829285055399 11.65410366654396 0 1.358379229903221 44.5769072920084 1.125611625611782 1.527105629444122 206.0217542722821 202.4876941815019 635.93809209764 0 0.5265884548425674 0.09556345641613007 63.22085422277451 0.1456633359193802 0 10.67853475362062 5.155555605888367 125.0270374938846 259.8979778438807 79.23081213235855 27.4117383658886 0.1259918063879013 2.688508033752441 414.4222364127636 0
102.7820384800434 721.6246521621943 10457.35551138967 0.430330365896225 0.7322356775403023 12.99085734784603 336.8877924904227 196.6650730967522 66.41544815152884 18.95229397714138 2146.501317448914 3.424596332013607 937.974121466279 166.8488738201559 1.006761588156223 54.88433948159218 4076.771312445402 3057.849307887256 4814.087757498026 1.894240118563175 101.897723518312 168.8330641686916 1896.003161773086 190.8736265972257 387.618751861155 33648.93187639862 20339.59062992781 219.4004192650318 137.2113893181086 395.5858438163996 530.1581200957298 16.28624545782804 9.929864075034857 616.1755485609174 7.014781296253204 1193.570561684668 2000.700756780803 3289.265385299921 723.5097575634718 13.95664694905281 1.524098552763462 8.804790340363979 3.595113188028336 0.105804868042469 107.3242352232337 191.5540032610297 0 0 0.1303660571575165 1.10747355222702 0.8988035321235657 3.577141292393208 0.5633207112550735 277.5510144457221 0.120578944683075 758.9140421375632 0.8823477029800415 0.2338976487517357 6.859879247844219 32.8126230314374 322.8519002571702 226.7440130487084 0 0.6944002211093903 14.8197490349412 8.235956117510796 6.612311087548733 174.6419031247497 979.0740124955773 2894.805457055569 0.8695035353302956 3.170599117875099 1.071527197957039 126.5043207332492 0.5155225619673729 0 42.03266390413046 1.500140987336636 66.79347482323647 140.1076023280621 161.1792733296752 39.69784085452557 0.4394025355577469 0 7.332043454051018 0.4486784189939499
69.34488103538752 4441.47247428447 12340.1692725718 0.7171704173088074 0.9585109651088715 6.900871716439724 132.6046371683478 94.37795547023416 607.8617548942566 6.963919371366501 1020.941809624434 4.997709326446056 3556.207443006337 80.51388595253229 12.67243034392595 3671.42144729197 7116.537399336696 1226.106505133212 4013.214877322316 1.531780950725079 414.6539664566517 3427.267627514899 10859.04052589089 2618.209769323468 1542.578711412847 20339.59062992781 41165.83274763077 1107.48803204298 127.1821007095277 160.7835039645433 1428.678948953748 5.700753405690193 18.23832176625729 3701.029163792729 74.08674264699221 7138.055871404707 2137.012755915523 10818.15867156908 3150.092544332147 128.5768011286855 11.29607274383307 7.773404881358147 38.09748247265816 2.38484114408493 670.437926761806 1158.688956730068 0.3289565891027451 0 0.5277476459741592 8.813081189990044 3.542278148233891 45.63297460973263 1.318279393017292 269.8836930766702 0.6299458518624306 595.4335678070784 4.544400878250599 0.5827624723315239 532.4693808481097 132.0117803141475 700.0616051331162 661.2061150297523 0.109983004629612 19.60019109398127 1122.26974542439 168.519328892231 69.5947919562459 421.7591060325503 2761.653290838003 10325.36084397137 22.58630429953337 3.711211398243904 14.69747249037027 119.5779980421066 0.1823187172412872 0.4365843385457993 89.34801854938269 21.05457790195942 298.7771836593747 375.6397429406643 445.9604126811028 135.7813418880105 4.346988812088966 0.8711140751838684 8.799136906862259 2.32493731379509
168.0699333623052 26.0634538307786 431.3198053017259 1075.903033815324 8.633798182010651 810.3377275764942 14296.77380978316 462.2949161380529 755.5976129025221 2392.405864521861 14.52826828509569 718.08027202636 39.853541046381 214.687238574028 21.42521986365318 2306.663441479206 92.99827266484499 12.33905852586031 58.04029283300042 1718.245864115655 2833.769487269223 173.4362268820405 2518.357937477529 11806.86572367698 23.82935459911823 219.4004192650318 1107.48803204298 17986.91762250662 992.9406310878694 9237.986863225698 0.3505183532834053 33.66417706757784 502.1843872144818 836.6681976467371 15.99075340479612 3136.034305259585 84.09909028559923 2467.707527510822 1005.517258934677 125.3214220330119 73.74931808561087 42.14953672885895 23.96334659308195 14.93716364353895 1.268888115882874 5.214123837649822 118.8794000223279 0 28.44731642305851 534.9772157967091 56.94279392808676 108.3515617027879 503.9389730393887 3.873164534568787 108.8060515224934 0.08720072358846664 30.3547014221549 7.970320343971252 86.94799310714006 0.9131463691592216 0 0 132.7435110509396 29.30428669601679 19.4455705806613 8.183841735124588 2004.992911785841 0.310690701007843 0.8602842539548874 14.75111209601164 1206.962088860571 93.52017714828253 49.74048607051373 0 1.048762485384941 25.68941447883844 47.4289256632328 9.434221208095551 294.0109164193273 5.980203315615654 199.4175080507994 86.61141381412745 46.68258567154408 9.258703745901585 2.945032596588135 3.668360039591789
5210.461362544447 2.53154418617487 138.5590089969337 40.13843508064747 2.246044509112835 297.7625562883914 2153.197251778096 1194.840360429138 52.95293628424406 896.2803175114095 752.6705152541399 213.078683719039 75.15615020692348 3310.697611164302 1.037370808422565 12.28620590269566 570.1037377528846 76.89142749086022 283.708671849221 86.99175102263689 331.0712495557964 6.707922779023647 313.9851693697274 337.0522188693285 1.691183745861053 137.2113893181086 127.1821007095277 992.9406310878694 22202.4254174605 4217.746391378343 5.011113896965981 250.5894543640316 3727.502800926566 3145.696770139039 0.8202626556158066 189.27316609025 25.07751157134771 2547.81931200996 105.5826109685004 64.48838545382023 40.98956733942032 10.06505550444126 2.009456470608711 2.021673440933228 0.1593922972679138 1.892063222825527 1.79602812230587 0 0.6636903509497643 32.34384308755398 1.543277814984322 13.98408984392881 6.711712069809437 0.6039249300956726 0.3658918216824532 0.477801576256752 1.757587008178234 0.1387572288513184 5.297400809824467 0.2012312933802605 0.6391879245638847 0.3638571947813034 1.437005557119846 0.7360179722309113 1.836106508970261 0.8918632864952087 180.9712314866483 0.1076259985566139 1.62229373306036 8.827036216855049 85.72567336261272 11.20785234868526 2.807918466627598 0.09416240453720093 0.09270152449607849 3.191264949738979 6.103658631443977 0.1333514302968979 29.1388963535428 0.8183879032731056 26.07023586332798 10.2224882170558 1.601480878889561 0 0 0.2195139229297638
