842.4234754964709 0 156.2573705092072 4.160649411380291 0 7.531189151108265 3261.292439840734 546.7032980918884 2.427994601428509 30.19664418697357 0.4665625765919685 0.8667147681117058 0.2282232791185379 4689.697500862181 0 0 90.76334494352341 2.548660896718502 17.08931760489941 2.319239974021912 34.16736823320389 0.3649062290787697 43.63132078200579 22.8856663107872 0 57.77196771651506 4.264529295265675 37.34607480466366 2530.012375801802 4790.136936068535 0 1.489431746304035 7.000243589282036 14.52533651888371 0.6673698425292969 12.6696922108531 3.124846458435059 11.29925657063723 5.315722487866879 0.4023672863841057 0.1656128466129303 0 0.4008058160543442 0.09504846483469009 0 0.3077414631843567 0.2720600962638855 0 0 2.162464164197445 0 1.148239940404892 0.3970551192760468 0.1820476651191711 0 0 0.1990506947040558 0 0.2080914080142975 0 0 0 0 0.2531073018908501 0 0 5.327087678015232 0 0.1596809476613998 0.3646285384893417 1.266395658254623 0.6948995143175125 1.695340164005756 0 0 0.4071925058960915 0.7572172284126282 0 0.9210682287812233 0 0.6836279258131981 0 1.551213204860687 0 0 0
0 118.7517039328814 193.9383623749018 0.2590522915124893 0.2472015991806984 0.1050670966506004 0 0.2721656486392021 795.8818698078394 0.0995345264673233 4.792926140129566 0.6581616923213005 632.4591943845153 0.6802671775221825 3.12077558785677 56.62404972314835 24.33933758735657 9.17572958022356 26.61897006630898 0.09902519732713699 6.11750740557909 2370.863164000213 2.142252624034882 461.6896296218038 1946.814795255661 283.634900175035 5545.838215984404 4.726313546299934 0.820791020989418 1.386978924274445 21.91317962855101 0.1703787446022034 0.3700582981109619 11.91240832209587 0 50.65839974582195 84.75247329473495 90.43459189683199 19.30989910662174 11.17585552483797 0.1025545001029968 114.8012333810329 0 1.505464285612106 41.25048743188381 116.5989431738853 0 0 0.1474484801292419 2.051022462546825 0.2069605886936188 1.229425854980946 0.09504814445972443 7.040069989860058 0 40.87662253528833 1.16672970354557 0 1.92372427880764 78.48237129300833 7.555061481893063 99.0807613581419 0.1623261123895645 1.348301641643047 18.44929587841034 6.091864973306656 4.257034689188004 41.51480803638697 508.1481053978205 966.4770170599222 0.5816659107804298 3.363490119576454 6.649937234818935 1.144426964223385 0.1488299667835236 0.2988351285457611 29.6889319345355 1.031577438116074 107.5038558021188 69.69649983942509 100.6794923171401 22.65041671693325 1.330967217683792 0 10.53006954491138 0.5295895636081696
156.2573705092072 193.9383623749018 6427.27275519073 18.37627588957548 0.822608157992363 343.1210068017244 1558.928067229688 1716.551304467022 6.367375336587429 54.09044937044382 17.53845001757145 2.786892309784889 7.899128496646881 1566.363726362586 0.5509279072284698 109.9367141798139 3275.29126335308 14.50453767925501 108.7386611029506 1.857039496302605 614.3538504093885 97.99490550905466 9086.530460767448 466.8597163110971 0.2593731135129929 8450.961304206401 16133.17402299494 735.6656781509519 404.2699011489749 2239.386019341648 2.894814245402813 4.378032758831978 23.0362468585372 347.4419881775975 12.64502014219761 741.8517318740487 3641.023638553917 1114.692684881389 320.2104342803359 20.35360107570887 5.112382248044014 23.27071565389633 3.754748173058033 1.618179835379124 93.89973802119493 1631.119654364884 0.2771361470222473 0 0.1879806593060493 18.09264051169157 5.116920590400696 2.449480608105659 0.6854206770658493 1.056439369916916 0 0 10.53851601481438 0 14.86420975625515 205.2838386595249 1.386648431420326 13.93127576261759 0 13.83571206778288 26.66508920490742 150.5780314654112 11.91483876109123 0.1269450932741165 157.53766015172 1771.481863848865 10.19713292270899 3.797255873680115 20.2902228012681 0 0.09422049671411514 1.322218477725983 44.56341553479433 3.025454565882683 244.5505037978292 132.6238362491131 193.7702420279384 73.26204816997051 2.22221215814352 0 0.5835224688053131 0.98312708735466
4.160649411380291 0.2590522915124893 18.37627588957548 2959.376489117742 3.994230285286903 388.7509413212538 149.2155217677355 145.4842832013965 2163.550542205572 8931.610986337066 6.876165702939034 2994.791442863643 4.214005149900913 240.4641473740339 51.86841582506895 0.9933561161160469 1.265956588089466 1.580289751291275 1.487758465111256 6879.008497215807 14.98579411953688 0.3041860461235046 12.17941255122423 2429.490076728165 0.1263585388660431 6.370894439518452 5.118287414312363 1952.475209854543 600.0036283880472 7.353871501982212 0.1647399887442589 15.48602942377329 49.13165039569139 141.7966786324978 21.0870136320591 1280.194684676826 15.28303790092468 364.4795108437538 176.3666179329157 453.5869204625487 48.16876067221165 4.730121269822121 17.39766782522202 2.043166056275368 0.358632355928421 0 637.7914874851704 0 19.04527650773525 208.6047231554985 32.00612010061741 260.3241839259863 285.0720412060618 0.8476167693734169 192.9489771202207 0 17.09569208323956 18.79996356368065 0.131416842341423 0 0 0 308.5662725046277 0.263849601149559 0.8723800033330917 1.625150352716446 650.6985186263919 0 0.4203643500804901 0.6221047937870026 667.539447709918 6.764096647500992 9.831465072929859 0 0.3172228410840034 0.7853443399071693 2.226298972964287 2.294592693448067 186.9099612757564 0 21.53187588602304 4.551773197948933 390.1520239561796 7.889279410243034 4.781945899128914 0.2028299570083618
0 0.2472015991806984 0.822608157992363 3.994230285286903 76.00447814166546 1320.605885982513 3.849509373307228 68.20265813171864 125.0994008332491 6.087269984185696 108.9198480397463 199.5298760980368 42.43635492771864 21.84783211350441 1219.08818808198 0 2.216531619429588 3.764937520027161 5.698019407689571 12.46869857609272 0.5234666541218758 1.761753253638744 0 42.77210066467524 0.09532297402620316 5.731627702713013 4.476607345044613 5.922166131436825 209.0848243683577 0.4065639674663544 0.5697399526834488 312.632056735456 0 432.1781317964196 0.418164998292923 66.12098076939583 3.697430796921253 183.9558013081551 16.96070391684771 2671.5241176337 41.88850595057011 6.206583514809608 4.822072327136993 0 0 0 3.14461611956358 0 0 0.3572971224784851 0 1.511496439576149 0.3680324554443359 0 0.8540081977844238 0 0 0.8191962242126465 0 0 0 0 0.7440716922283173 0 0 0 0.5540040880441666 0 0.1218587160110474 0.2079437673091888 1.840339981019497 0 0 0 0 0 0.1314628422260284 0 2.116598919034004 0 0 1.347287178039551 4.528906956315041 0 0 0
7.531189151108265 0.1050670966506004 343.1210068017244 388.7509413212538 1320.605885982513 13353.94918289036 1716.234442137182 5871.482781000435 113.2140346616507 7659.098066709936 29.43937736749649 6836.582502521574 46.78113773465157 1401.246416464448 3321.026971153915 0.3763666376471519 18.20729903876781 3.841558337211609 6.999165333807468 580.7782201617956 131.3773202002048 0.2964228317141533 105.7120735943317 300.2094566226006 0.1039226651191711 72.51068325340748 12.03472016751766 1613.130212575197 916.061192125082 42.21356101334095 0.6404962092638016 996.4738325551152 13.8366829007864 229.4097298979759 4.438433036208153 714.5431307703257 15.89330030232668 295.3326542451978 95.80486212670803 4088.386821977794 237.5468631982803 34.54872754216194 7.058613918721676 0.6301892399787903 0 0.4793527722358704 34.58388093858957 0 3.847513824701309 47.71218749135733 5.929800771176815 20.51463751494884 18.47724748402834 0.08509394526481628 11.29665660858154 0 7.035673961043358 2.303675711154938 1.376395352184772 0 0 0 15.24892450869083 1.74684301763773 0.6695136055350304 3.01821506023407 81.6034307256341 0 0.09940158575773239 2.508017301559448 57.47426728904247 6.214287094771862 9.365737482905388 0 0 0.1140775978565216 1.775989264249802 2.020182654261589 38.76045735180378 0.1116925552487373 5.728476621210575 2.231660664081573 41.98275852203369 0.2987929582595825 1.007286548614502 0.5788572430610657
3261.292439840734 0 1558.928067229688 149.2155217677355 3.849509373307228 1716.234442137182 8403.935391321778 2486.898733459413 339.5700890719891 4918.529264494777 9.413473181426525 9.492479182779789 5.158964857459068 6024.415765367448 9.706087738275528 3.339887864887714 33.4277553409338 3.060384944081306 4.96024864166975 14.57612676918507 1699.299985431135 1.227573022246361 1061.919132851064 1474.210657402873 0.2667530328035355 163.6172349601984 81.5608537197113 16188.98826975375 1431.94265871495 2689.881593666971 0.1222817078232765 17.28611445426941 135.3209174573421 175.1422174498439 19.53383803367615 820.4517533332109 29.70608703047037 500.7075238749385 255.4802877232432 36.07512573152781 45.88277760148048 3.405924700200558 11.27204722911119 2.430547513067722 0.2006599754095078 4.524541184306145 57.3772254139185 0 7.510641604661942 178.0952133759856 29.72155943512917 92.47346721589565 66.79751587659121 1.066106304526329 31.13939642906189 0.2080303281545639 11.33668854087591 1.569573432207108 4.504118002951145 0 0 0.1314033269882202 42.0721930116415 3.856716647744179 1.106420412659645 15.44468092918396 278.8609111905098 0 0.3963078632950783 12.69632590562105 227.3445186540484 16.73314835876226 22.7700421884656 0 0.8801292181015015 2.236679293215275 6.03489138931036 5.75553172826767 62.33254622668028 0.3881698250770569 34.38290344923735 5.212829060852528 35.70688645541668 6.367424175143242 0.6418921649456024 0.810575544834137
546.7032980918884 0.2721656486392021 1716.551304467022 145.4842832013965 68.20265813171864 5871.482781000435 2486.898733459413 15936.50790968165 71.53645574301481 1646.423819161952 49.6769362539053 978.6118534058332 93.74464200437069 8370.446903105825 173.1156752929091 1.350638687610626 640.6319245323539 26.87142089009285 155.917611092329 529.9288970157504 233.7276376113296 0.9238409101963043 333.2900859564543 321.9508840665221 0.3076551184058189 752.745402071625 40.05691591650248 613.7959423586726 1293.664318501949 1470.545425221324 1.011328086256981 729.0825136005878 23.69462080299854 190.2610266730189 3.315999612212181 542.58926025033 45.51951273530722 324.6358484849334 153.9715472012758 530.0374909713864 143.7717114835978 66.62809175997972 11.75243037194014 2.76865641027689 0.1685051172971725 2.122231639921665 13.29136427491903 0 0.1395923495292664 60.41426382213831 6.575805835425854 26.65556155145168 14.93603920191526 0.2859655171632767 4.180791854858398 0.3984253406524658 5.206995919346809 4.040510401129723 2.228905536234379 0.4028685167431831 0 0.8471190482378006 6.828869856894016 2.177686892449856 0.3673630803823471 3.120138339698315 93.648926474154 0 2.432444199919701 5.885569356381893 67.01456221193075 10.5438803806901 20.42432409524918 0 0.1644610166549683 1.903264008462429 1.18041980266571 0.8673064559698105 42.32040352374315 0.5064645335078239 18.40786195546389 4.837326027452946 16.27317668497562 1.572048127651215 0.6568224728107452 0.6116444915533066
2.427994601428509 795.8818698078394 6.367375336587429 2163.550542205572 125.0994008332491 113.2140346616507 339.5700890719891 71.53645574301481 582.9963745847344 151.1943562328815 3.065220296382904 195.5250878185034 41.54753973335028 66.9669661745429 756.5919367522001 26.47274872660637 7.899351663887501 1.209798000752926 6.353085234761238 398.2488819733262 31.7820498123765 2635.385629117489 11.97346495091915 6881.383139148355 180.0325444042683 47.90850499272346 1418.433591224253 581.567113853991 146.563888348639 151.8105310350657 5.133139468729496 6.777778178453445 49.39358075708151 50.97833156585693 12.90666255354881 346.2896909043193 24.96915481984615 138.2695401981473 70.46002390235662 299.1940321624279 10.50960280001163 5.149171955883503 3.450175046920776 29.65164332091808 3.583762243390083 1.428227938711643 493.1955114901066 0.3335407227277756 12.7609605640173 384.0274370461702 59.29359736293554 326.7972846701741 136.1281621903181 3.989389561116695 115.9376783818007 0.9715832322835922 68.33450324088335 22.50741775333881 114.8936463668942 0.3697410672903061 0.9649691581726074 2.255563646554947 145.7770150005817 43.21704003214836 36.63454689085484 49.42303285747766 1839.320048071444 0.7235415577888489 5.622590690851212 16.78462422639132 577.3141114041209 121.3763688877225 198.7103421613574 0.1652864366769791 2.472386583685875 19.374731592834 34.86940087378025 4.380594417452812 274.5418702065945 6.539380542933941 130.3313518464565 31.89232368022203 279.4988128840923 12.50858454406261 2.044311307370663 3.712760746479034
30.19664418697357 0.0995345264673233 54.09044937044382 8931.610986337066 6.087269984185696 7659.098066709936 4918.529264494777 1646.423819161952 151.1943562328815 36598.71858496964 23.90207505971193 5822.32881950587 17.19704569876194 1467.125377058983 20.20057971030474 0.2482333034276962 3.297920636832714 4.106830440461636 5.987809270620346 5688.658233135939 34.24494910985231 0.2528374269604683 29.67435790598392 320.8889002725482 0.07658831030130386 14.53486178815365 7.483775340020657 9125.453728035092 971.8241071403027 15.46729043126106 0.6101184785366058 51.35210168361664 13.66488796472549 253.4511058703065 12.24813156574965 1010.174482047558 15.76005578786135 565.1090331375599 142.0328203067183 91.08071513473988 68.42719404399395 6.711882241070271 13.10901664197445 1.106402762234211 0 0.1809258908033371 167.9995075911283 0 5.22001639008522 87.34555500000715 10.99940025806427 45.48525538295507 77.49414095282555 0.2298163175582886 28.79478181153536 0 6.947277188301086 1.959653005003929 0.1092835888266563 0 0 0.2075255066156387 55.65663949400187 0.2577008455991745 1.112740024924278 0.6451033502817154 179.892367310822 0 0.9441701769828796 1.587707690894604 145.464041300118 6.035839386284351 6.202107213437557 0 0 0.3121606856584549 2.600582502782345 3.276622235774994 71.08158887177706 0 13.61818084865808 5.613657481968403 59.23573282361031 0.5591219663619995 2.431180633604527 0
0.4665625765919685 4.792926140129566 17.53845001757145 6.876165702939034 108.9198480397463 29.43937736749649 9.413473181426525 49.6769362539053 3.065220296382904 23.90207505971193 9655.847699269652 60.13445251435041 2196.601135998964 156.4054755941033 0 2.347968272864819 195.0852505117655 2859.317070193589 1463.589042395353 34.56199618428946 26.18589015305042 2.722218103706837 48.58494497090578 12.2208411321044 53.84936324506998 3941.607928290963 305.4291426762938 13.85635676234961 442.4327550902963 8.483577601611614 282.8963200673461 360.1224823668599 19.57405114173889 4893.776532262564 4.883659675717354 475.3727859631181 3883.1975845173 7293.824694514275 1419.309673018754 26.65576642006636 104.4318088144064 985.4967376068234 13.00116362422705 0.1507632881402969 5.851689450442791 3.328805342316628 1.12775482237339 0 0 3.159066781401634 0.394911453127861 1.508743494749069 0.5964663028717041 132.4854321479797 0 657.5724516510963 0.1796645447611809 0 0.7510600537061691 0.5696467682719231 14.62042637169361 4.295897401869297 0 0.1827031224966049 1.289729312062263 1.410801202058792 4.999124363064766 169.5343146622181 41.2950899079442 125.1720604747534 2.579581834375858 0.1994614750146866 1.431698456406593 31.99141228944063 0 0 1.685114078223705 6.246126353740692 10.0690246745944 226.6153609380126 15.2593988776207 5.10256016254425 0.8655494451522827 2.769383400678635 112.2383406460285 0.261475533246994
0.8667147681117058 0.6581616923213005 2.786892309784889 2994.791442863643 199.5298760980368 6836.582502521574 9.492479182779789 978.6118534058332 195.5250878185034 5822.32881950587 60.13445251435041 9929.285344198346 49.86001218855381 967.4364392608404 1237.424611076713 0 2.104112088680267 8.184422418475151 8.736594393849373 5203.249826595187 2.191629432141781 2.584801837801933 1.301298536360264 247.3021879568696 0.6456379666924477 12.89155346155167 5.259992748498917 221.7561735585332 843.7645104750991 3.849645406007767 1.702452518045902 162.1559054031968 0.9299652278423309 251.8784746974707 4.262021340429783 1027.479732267559 15.51035925000906 548.6774313300848 102.2968806251884 2070.752487659454 74.53350901603699 19.01419635117054 6.395256869494915 0.2615814581513405 0.1034172922372818 0 432.5415668040514 0 40.81425837427378 20.2414935529232 6.139748379588127 27.14870036393404 130.5631942898035 0.7014529258012772 216.5811875686049 0.09051825106143951 3.159229315817356 13.81373899430037 0.1409704983234406 0 0.1676023751497269 0.1625740528106689 96.75165283679962 0 0 0 62.88307122141123 0 0.4029481559991837 0.419602744281292 90.12082168459892 3.4368856549263 1.284410208463669 0 0.435371957719326 0 2.02006372064352 0 73.64493332803249 0.3409075438976288 7.986127503216267 5.577253051102161 145.6275119930506 0.2286668047308922 0.2091484814882278 0.1154081076383591
0.2282232791185379 632.4591943845153 7.899128496646881 4.214005149900913 42.43635492771864 46.78113773465157 5.158964857459068 93.74464200437069 41.54753973335028 17.19704569876194 2196.601135998964 49.86001218855381 3456.720313109457 137.4822783842683 0.3252440392971039 4.072069317102432 9.203181132674217 136.0160369053483 42.65428319573402 21.97580639272928 5.65614777058363 158.9864763766527 14.0663705766201 29.66408184915781 3660.376445673406 688.8182475492358 3283.495888613164 13.23006451874971 158.0087046697736 2.134992443025112 316.7983872592449 180.7120029255748 2.35642483830452 379.8035241216421 35.34512629359961 1845.197225742042 7015.343579180539 5629.454729989171 622.2669554650784 60.22816903144121 49.23676983267069 2151.462353400886 31.46303267776966 0 47.55231779813766 1.190314158797264 0.5804771259427071 0.813147246837616 0.2318427264690399 1.951719298958778 0.7467847615480423 2.641099840402603 0.1602523326873779 481.2161448672414 0.1897748112678528 2793.189082063735 1.536390326917171 0 0.1600498557090759 1.282106563448906 69.23263238370419 19.35191340744495 0 0.2697127014398575 3.603367887437344 1.141914680600166 5.59039506316185 1315.321155190468 259.7427027598023 888.0014245063066 2.090125016868114 0.8619458302855492 1.212430767714977 194.8826152011752 0.2680668160319328 0.5028247237205505 13.17746822535992 20.59506031870842 37.51419966667891 723.5957581996918 94.13504835963249 30.99392123520374 2.796056464314461 15.98197758197784 367.0440234616399 7.087114334106445
4689.697500862181 0.6802671775221825 1566.363726362586 240.4641473740339 21.84783211350441 1401.246416464448 6024.415765367448 8370.446903105825 66.9669661745429 1467.125377058983 156.4054755941033 967.4364392608404 137.4822783842683 9760.780192792416 18.04647301137447 0.8393074050545692 759.3509023115039 35.14788566157222 180.1370786502957 631.8342630043626 302.43004950881 2.858061023056507 372.87508662045 392.9047615602612 1.073175087571144 643.4808182753623 54.6840435564518 722.1907768398523 7030.675013653934 4537.432653393596 1.050821527838707 157.0542580708861 20.91050078719854 572.4003805592656 6.497018344700336 731.8368852734566 53.46220344305038 584.8178704977036 126.087865896523 397.9169755503535 194.4228058308363 50.71020842343569 19.28971310704947 3.769743613898754 0.2626207545399666 2.143311783671379 20.49205872416496 0.1396714895963669 2.345348849892616 67.87869706749916 4.967331409454346 25.0090946406126 11.18112960457802 1.20161510258913 2.537067875266075 0.3332571089267731 8.379868052899837 0.1609602570533752 2.966172575950623 0.7003986239433289 0 0.9433787241578102 2.044023409485817 3.141409143805504 1.596906542778015 3.374125316739082 126.2053906992078 0 2.930887646973133 7.794361278414726 78.89100752770901 13.46449369192123 17.53510434180498 0.08154221624135971 0.2269256114959717 1.367278799414635 4.801709532737732 0.9067212492227554 32.00566583126783 3.032331027090549 27.07999521493912 8.6271593272686 18.3475673571229 2.953110083937645 1.568697795271873 1.485439471900463
0 3.12077558785677 0.5509279072284698 51.86841582506895 1219.08818808198 3321.026971153915 9.706087738275528 173.1156752929091 756.5919367522001 20.20057971030474 0 1237.424611076713 0.3252440392971039 18.04647301137447 312.6064263731241 0.2449921518564224 0.1502407193183899 0 0 68.30145888775587 0.1204381585121155 21.83784934133291 0.1293830126523972 883.0694695934653 0.3171630129218102 0.2148137837648392 9.999388828873634 22.2215995490551 37.89438296854496 1.399050526320934 0 267.629435300827 1.169368334114552 7.796810694038868 0 314.1662083417177 0 4.903185054659843 2.695209145545959 1682.739970415831 84.60982474684715 0 0.3055698871612549 0 0 0 33.30155075341463 0 1.079085379838943 5.213753074407578 0 16.2538265734911 8.701218269765377 0 12.16313605010509 0 0 2.232338070869446 0.1465980708599091 0 0 0 13.77500729262829 0 0.1559707820415497 0.1176026985049248 18.05067581683397 0 0 0 18.36390061676502 0.2905140817165375 0 0 0 0 0 0 32.05333924293518 0 0.6307981237769127 0.3815905153751373 65.76765313744545 0 0 0
0 56.62404972314835 109.9367141798139 0.9933561161160469 0 0.3763666376471519 3.339887864887714 1.350638687610626 26.47274872660637 0.2482333034276962 2.347968272864819 0 4.072069317102432 0.8393074050545692 0.2449921518564224 4792.154113456607 46.06519272178411 1.496913485229015 15.75095234066248 0 3501.674038112164 4043.686600536108 3450.273481428623 1136.044643737376 1.479031279683113 61.25031653791666 5054.148669697344 619.7857029810548 2.657068677246571 84.26103314012289 0.1225470080971718 0.1474469304084778 2.549608469009399 102.9216263368726 24.35651614516973 1423.131051585078 455.2337753549218 692.9609377384186 612.2669677883387 19.84194542467594 2.342927351593971 1.116154909133911 14.60744412243366 6.829317606985569 9.139636136591434 64.31460204720497 0.9501194208860397 0.3119239211082458 1.631641298532486 16.27159659564495 10.91142662614584 46.13895011693239 2.001865327358246 1.122653849422932 1.339160352945328 0.08912130445241928 17.2341027110815 0.3897130116820335 1928.624858886003 5.691612772643566 0.2601400315761566 1.287436537444592 2.480378389358521 394.4550276473165 445.5582035034895 2244.326066784561 254.3064491674304 0.1667304635047913 5.50102224946022 440.8321866840124 55.60201085358858 61.84380919486284 87.00869756191969 0 0.523981437087059 24.1987726688385 58.70106396079063 9.877831324934959 333.5821655914187 14.21769920736551 150.2723928168416 81.94383881986141 26.74727019667625 3.954536356031895 0.700932964682579 0.6479261294007301
90.76334494352341 24.33933758735657 3275.29126335308 1.265956588089466 2.216531619429588 18.20729903876781 33.4277553409338 640.6319245323539 7.899351663887501 3.297920636832714 195.0852505117655 2.104112088680267 9.203181132674217 759.3509023115039 0.1502407193183899 46.06519272178411 607.7424462474883 156.2989405989647 2362.810007743537 2.617942951619625 1365.025851629674 35.57748924195766 3095.919603042305 192.3063332401216 0.7749119251966476 1040.488252647221 3686.933651469648 253.7046805135906 1162.935986932367 1265.625289574265 0.331491231918335 6.779409341514111 131.2167520672083 1565.279333636165 7.829667523503304 1284.602327466011 5122.308430813253 1466.912591032684 232.5333615392447 26.57894875109196 1.404013268649578 44.64259594678879 5.420604795217514 0.9792622476816177 23.48490566015244 434.4241660237312 0 0 0 6.424227528274059 3.204546831548214 3.016900233924389 1.062804818153381 0.1429575681686401 0 0 2.995162054896355 0 5.239808693528175 79.00969582796097 0.6507078260183334 19.74061434715986 0 5.844834394752979 13.10731354355812 28.15899546444416 10.68785928934813 0.326562225818634 158.9376927688718 569.5106753259897 5.81954425573349 2.877686694264412 4.615681402385235 0.1456447690725327 0 0.09498699754476547 15.43392652273178 2.856260716915131 83.29154690355062 80.90611094981432 57.8250316157937 24.25038987398148 1.65427029132843 0.2066985964775085 0.5197284519672394 1.956267058849335
2.548660896718502 9.17572958022356 14.50453767925501 1.580289751291275 3.764937520027161 3.841558337211609 3.060384944081306 26.87142089009285 1.209798000752926 4.106830440461636 2859.317070193589 8.184422418475151 136.0160369053483 35.14788566157222 0 1.496913485229015 156.2989405989647 480.7652913853526 3035.441908247769 5.052644930779934 17.31857120990753 4.802336692810059 22.41661452502012 4.775204584002495 48.43318286538124 3188.430985428393 842.2059425488114 4.159969888627529 72.9545041769743 13.16871577501297 70.34923530369997 22.87415751814842 10.98750486969948 840.1573514267802 4.958390787243843 541.6793392971158 1279.635612934828 1857.98486661911 527.6611121222377 10.23221596330404 5.9375931173563 24.78514434397221 1.341692239046097 0 1.087787941098213 4.063518144190311 0 0 0 0.3718589246273041 0.1184189021587372 0 0 11.89420594274998 0.100604422390461 63.703718341887 0 0 0.2026588916778564 1.932261146605015 17.03131338953972 12.04349669069052 0 0.09100876748561859 0.3421956449747086 0.6427339911460876 1.28746136277914 44.38883881270885 65.84030863642693 121.2430364266038 0.641227126121521 0 0.1153420433402061 13.5293196439743 0 0 0.4948614910244942 1.537633135914803 6.793791189789772 49.34969545900822 4.38609603792429 0 0.5979468077421188 0 0.2771894931793213 0
17.08931760489941 26.61897006630898 108.7386611029506 1.487758465111256 5.698019407689571 6.999165333807468 4.96024864166975 155.917611092329 6.353085234761238 5.987809270620346 1463.589042395353 8.736594393849373 42.65428319573402 180.1370786502957 0 15.75095234066248 2362.810007743537 3035.441908247769 2197.291468292475 8.80399364233017 168.5978532731533 10.03709345310926 266.0882428660989 26.43683599680662 21.53561168909073 2805.562529161572 1588.532246895134 26.57371621578932 427.7053535208106 112.065705999732 7.131700359284878 35.82072275876999 88.38143577426672 3575.748783238232 7.654103368520737 1250.54639595747 2345.367824047804 3205.8277708143 713.614139303565 32.50244498252869 5.719379991292953 20.84951161593199 3.421491473913193 0.4975122213363647 14.41628728806973 56.68226023763418 0 0 0.1271105259656906 2.749663345515728 1.019710890948772 0 0 6.513106167316437 0 20.81844364106655 1.414655774831772 0 2.230448536574841 22.11660106480122 6.883160494267941 71.747234120965 0 3.064004942774773 1.280522577464581 5.221802525222301 2.411739327013493 13.25848073512316 286.7731685191393 263.2041000053287 0.7977719977498055 0.7909477278590202 4.901539482176304 4.909037299454212 0 1.153350077569485 7.61627209931612 1.817437544465065 34.51966819167137 184.8950911462307 27.4825511276722 8.720706962049007 1.69902677834034 0 0.4654179811477661 0.5241725742816925
2.319239974021912 0.09902519732713699 1.857039496302605 6879.008497215807 12.46869857609272 580.7782201617956 14.57612676918507 529.9288970157504 398.2488819733262 5688.658233135939 34.56199618428946 5203.249826595187 21.97580639272928 631.8342630043626 68.30145888775587 0 2.617942951619625 5.052644930779934 8.80399364233017 536.783481195569 2.407757453620434 0 1.607119046151638 300.7976640611887 0 9.865973763167858 5.643853984773159 629.3619072958827 838.0182337239385 3.859430834650993 0.6496279686689377 77.33826553821564 4.934973418712616 241.8838580399752 14.03439086675644 1049.525375895202 19.67701234668493 563.5918706208467 126.8967149555683 381.9260481595993 66.34942720085382 10.86590417474508 9.792408972978592 0 0.4158300012350082 0.09598533809185028 367.7876635417342 0.1670120656490326 10.81145268678665 114.5088088512421 18.19274830818176 81.11499252915382 106.949542067945 0.422498881816864 88.62186595797539 0.1034656763076782 3.834767110645771 15.1305298358202 0.1154880300164223 0.1464251726865768 0 0.07642295956611633 124.4845265820622 0.3577698171138763 0.9875267595052719 0.1300221085548401 247.3403118699789 0 0.2090094015002251 0.2846442610025406 221.4480130374432 3.488373503088951 5.127764984965324 0 0.1708820909261703 0.1082534268498421 2.787973195314407 1.256814822554588 93.75258388370275 0.3275023251771927 16.02934464067221 1.822776362299919 159.4144723117352 4.103681311011314 0.3633106648921967 0.4819811880588531
34.16736823320389 6.11750740557909 614.3538504093885 14.98579411953688 0.5234666541218758 131.3773202002048 1699.299985431135 233.7276376113296 31.7820498123765 34.24494910985231 26.18589015305042 2.191629432141781 5.65614777058363 302.43004950881 0.1204381585121155 3501.674038112164 1365.025851629674 17.31857120990753 168.5978532731533 2.407757453620434 17840.87474993616 467.8242378756404 12855.72462006658 1599.993818148971 0.8553395047783852 124.0330634564161 536.2626187205315 7610.748788222671 454.2754295989871 10017.46198676527 0.09664386510848999 2.396692618727684 209.6313981488347 3687.82910977304 86.47605538368225 4942.577409662306 1215.22066834569 5102.631984211504 2481.418191239238 51.18672756850719 7.19559321552515 6.072306454181671 65.1819823384285 16.80352485924959 0.5725287795066833 7.527387626469135 3.680999919772148 0 1.682921431958675 15.19740337133408 11.778619594872 66.97638822346926 2.612527601420879 1.002699635922909 0.9416939169168472 0.2570300847291946 30.44706831127405 0.3762558102607727 435.8777160942554 2.695903547108173 0.3837802559137344 3.009257674217224 2.461899593472481 361.4109884425998 112.742191798985 201.1494519189 393.7860650494695 0.1056845933198929 2.72147948294878 48.31611050665379 92.74568971246481 110.3187763094902 126.2673070430756 0 0 47.70160520076752 54.61750460416079 18.6125790476799 264.9335207492113 7.178871676325798 139.9024620726705 40.21693698316813 47.41006973385811 2.637085869908333 2.652761340141296 2.452432937920094
0.3649062290787697 2370.863164000213 97.99490550905466 0.3041860461235046 1.761753253638744 0.2964228317141533 1.227573022246361 0.9238409101963043 2635.385629117489 0.2528374269604683 2.722218103706837 2.584801837801933 158.9864763766527 2.858061023056507 21.83784934133291 4043.686600536108 35.57748924195766 4.802336692810059 10.03709345310926 0 467.8242378756404 1147.489252865314 454.7697471156716 3854.788621269166 662.0090347975492 107.0121814757586 8811.367709510028 109.1276124790311 7.796068742871284 22.57139959186316 7.033846504986286 0.08662545680999756 7.148172482848167 21.7490019723773 3.573753848671913 130.110666885972 35.61483153700829 65.93075087666512 34.74561986327171 33.38904178142548 0.4660814702510834 16.50014436990023 0.9200944006443024 3.962366163730621 17.74420799314976 151.5314737930894 0.1057919561862946 0 0.1651912778615952 7.995254278182983 3.300914496183395 34.4867739379406 0.717063769698143 1.035624481737614 0 1.972884997725487 7.805998846888542 0 866.8972614407539 11.89948650449514 0 2.457844771444798 0 85.91608674824238 93.08661411702633 726.7990196198225 102.0919886901975 4.146145172417164 10.10450907796621 1049.671630658209 17.58041009306908 14.46731412410736 25.41538435965776 0 0 7.460239596664906 15.84572972357273 2.555507138371468 137.0198848620057 18.20140654593706 75.46854304522276 55.89664586633444 7.221497371792793 0.844172328710556 1.910942390561104 2.264505043625832
43.63132078200579 2.142252624034882 9086.530460767448 12.17941255122423 0 105.7120735943317 1061.919132851064 333.2900859564543 11.97346495091915 29.67435790598392 48.58494497090578 1.301298536360264 14.0663705766201 372.87508662045 0.1293830126523972 3450.273481428623 3095.919603042305 22.41661452502012 266.0882428660989 1.607119046151638 12855.72462006658 454.7697471156716 22352.17229313403 1032.045368880033 0 1019.235764846206 9259.025276198983 2747.980525068939 238.9844859167933 3308.0168819502 0.4816486164927483 2.08024500310421 68.42267619073391 3419.423669047654 132.7891512811184 8731.811877407134 7785.626002423465 9298.944030709565 6235.807212807238 154.2960507571697 21.52872417867184 16.21701088547707 81.77721726149321 4.481905430555344 2.876077271997929 378.8411680459976 1.885906353592873 0 1.35742199420929 23.00727118551731 11.20905911177397 16.99904711544514 2.237451173365116 1.0044154971838 0.550268642604351 0.2497235909104347 13.10398241132498 0.2517653256654739 1732.795191414654 7.761138372123241 0.2844448015093803 1.305757150053978 0.119845949113369 293.9922386184335 216.3403955623507 2851.143465645611 133.5110785067081 0.5571198016405106 3.8906314894557 999.151340931654 40.20339959859848 33.8597754240036 65.22282485663891 0 0 20.94622427970171 41.50290686637163 30.7040688097477 346.2144683822989 28.84997600317001 184.8584671467543 135.1368875131011 15.06414183974266 1.258970886468887 1.572180718183517 5.532958954572678
22.8856663107872 461.6896296218038 466.8597163110971 2429.490076728165 42.77210066467524 300.2094566226006 1474.210657402873 321.9508840665221 6881.383139148355 320.8889002725482 12.2208411321044 247.3021879568696 29.66408184915781 392.9047615602612 883.0694695934653 1136.044643737376 192.3063332401216 4.775204584002495 26.43683599680662 300.7976640611887 1599.993818148971 3854.788621269166 1032.045368880033 9220.569461762905 78.77169322222471 145.1774158254266 3455.338884219527 5564.46362721175 1029.178525932133 1114.910135671496 1.868725478649139 29.56372682005167 394.4243829697371 555.2207965105772 76.68912333995104 2862.32655993104 163.9618677571416 1387.833287760615 723.5651235058904 840.0491840615869 58.11293568462133 6.618995755910873 32.40089567750692 50.98184579610825 8.355763897299767 48.01122257858515 368.5060589686036 0.4677929282188416 27.72432562708855 694.2177762687206 122.7133495509624 857.4967533871531 229.1963296458125 10.39078432321548 111.6758475601673 3.488792814314365 148.1783356443048 14.79238873720169 135.6123034879565 7.903204567730427 0.2992729842662811 6.217050693929195 195.2377106696367 138.3061654418707 134.0804483965039 72.67176362127066 2238.418586544693 1.344361692667007 10.46092808246613 100.9715360850096 1085.594754017889 242.9968009740114 306.5417637452483 0.1901554986834526 7.471342615783215 41.36473221331835 87.71527669578791 8.220876276493073 603.0904825404286 12.10923670232296 300.1654793173075 71.59570325911045 423.6325813755393 32.68358049541712 6.211886659264565 6.761017836630344
0 1946.814795255661 0.2593731135129929 0.1263585388660431 0.09532297402620316 0.1039226651191711 0.2667530328035355 0.3076551184058189 180.0325444042683 0.07658831030130386 53.84936324506998 0.6456379666924477 3660.376445673406 1.073175087571144 0.3171630129218102 1.479031279683113 0.7749119251966476 48.43318286538124 21.53561168909073 0 0.8553395047783852 662.0090347975492 0 78.77169322222471 569.3613784313202 290.8620208576322 4008.561954073608 1.062413655221462 0.7783681303262711 0.3727835938334465 150.0947146788239 0.7314996421337128 0 24.22368240356445 0 47.13550698757172 368.6006078049541 272.2169274836779 29.1531168743968 3.658425554633141 6.308120027184486 890.2791939675808 0 0 84.13983233273029 1.371883451938629 0 0 0.08554840832948685 0.1301379054784775 0 0.1344534754753113 0.09423195570707321 71.16238738596439 0.1416545361280441 563.4133807197213 0.6472228169441223 0 0.1740637719631195 0.6585546657443047 25.0013327524066 32.94023549556732 0 0.4724206924438477 3.573849603533745 2.081482172012329 0.2661027759313583 212.6367161273956 276.4788176268339 723.2729241847992 0 0.7209661677479744 1.75188547372818 36.81739132106304 0 0.139913484454155 8.215405851602554 0.3501719534397125 11.75576376914978 109.5619457513094 26.92621299624443 5.653534933924675 0.1834685057401657 0 67.65432079136372 0.8942988514900208
57.77196771651506 283.634900175035 8450.961304206401 6.370894439518452 5.731627702713013 72.51068325340748 163.6172349601984 752.745402071625 47.90850499272346 14.53486178815365 3941.607928290963 12.89155346155167 688.8182475492358 643.4808182753623 0.2148137837648392 61.25031653791666 1040.488252647221 3188.430985428393 2805.562529161572 9.865973763167858 124.0330634564161 107.0121814757586 1019.235764846206 145.1774158254266 290.8620208576322 24359.11297269911 24610.42572554946 67.48927108943462 447.5328459627926 412.6611152552068 509.8828778788447 35.24467228725553 28.07910554111004 1626.002179153264 23.96220212429762 2616.831951662898 10936.24260693043 4336.346516609192 1288.614938139915 72.33107140660286 8.412009820342064 186.5172177925706 13.93346742540598 4.596146546304226 200.5756272450089 412.0233269035816 0.23333490639925 0 0.5763465538620949 16.16104730218649 6.523785121738911 0.6804326176643372 0.7943276986479759 148.7619174793363 0.3560060262680054 881.4104693681002 10.02113954722881 0 3.478749737143517 228.166181653738 265.3282422199845 806.4299902245402 0.2249776348471642 14.84238872677088 5.035400442779064 26.17309866845608 3.2951745018363 633.855609126389 3069.857161819935 3593.22748349607 4.715826660394669 11.61716032773256 37.21862054616213 183.0206045210361 0 0.8925852701067924 86.7102383300662 6.179478973150253 309.7751545011997 1686.198609724641 320.835413120687 70.85872500389814 7.521362751722336 1.52677994966507 8.159073665738106 2.134389325976372
4.264529295265675 5545.838215984404 16133.17402299494 5.118287414312363 4.476607345044613 12.03472016751766 81.5608537197113 40.05691591650248 1418.433591224253 7.483775340020657 305.4291426762938 5.259992748498917 3283.495888613164 54.6840435564518 9.999388828873634 5054.148669697344 3686.933651469648 842.2059425488114 1588.532246895134 5.643853984773159 536.2626187205315 8811.367709510028 9259.025276198983 3455.338884219527 4008.561954073608 24610.42572554946 26390.57231318206 812.9117541462183 68.05122052133083 99.70095229893923 1709.716065183282 14.88465663790703 10.16946844011545 1475.473089210689 92.98247090727091 6430.058748699725 4732.495353057981 7501.319759421051 2442.161888927221 174.4551259055734 23.32289146631956 39.12028151005507 37.90999302268028 9.471425510942936 1306.540718689561 3914.180460430682 0.8550243675708771 0 0.9469516426324844 93.54071572422981 25.69135728478432 6.694808922708035 3.718980550765991 95.7807264700532 1.640934407711029 544.4920807555318 40.0304244980216 0 693.586176417768 671.0551624521613 247.6802708804607 1043.575746268034 0 91.55785435438156 894.5528128370643 2445.422682285309 27.62285400182009 793.731584481895 4620.124032609165 13271.74758151174 30.24917893856764 26.97419816255569 109.4220324754715 150.1856772005558 1.042173326015472 3.834035456180573 252.2579949647188 34.20318047702312 1350.772337332368 1453.456401906908 1046.064908988774 447.2024404257536 25.76418660581112 0.2467826008796692 11.3110933303833 8.576828986406326
37.34607480466366 4.726313546299934 735.6656781509519 1952.475209854543 5.922166131436825 1613.130212575197 16188.98826975375 613.7959423586726 581.567113853991 9125.453728035092 13.85635676234961 221.7561735585332 13.23006451874971 722.1907768398523 22.2215995490551 619.7857029810548 253.7046805135906 4.159969888627529 26.57371621578932 629.3619072958827 7610.748788222671 109.1276124790311 2747.980525068939 5564.46362721175 1.062413655221462 67.48927108943462 812.9117541462183 15408.35832883418 2105.942099366337 13805.25957958773 0.4886255860328674 35.9928230792284 755.6504181697965 1080.143625698984 119.5212222114205 3846.26417439431 175.2971840277314 2172.283681690693 1082.73941232264 185.5530235245824 96.34383602440357 9.973488762974739 42.10410860180855 27.69335986673832 0.8109144195914268 12.75914455205202 211.7138234376907 1.492189079523087 15.50943505764008 425.1241707801819 58.27736542373896 242.1373013556004 140.2686885297298 5.061375118792057 68.59465624392033 1.18254729360342 71.19073263555765 6.060961879789829 50.43967121094465 1.969559714198112 0.8403940126299858 1.81561766564846 107.1778072193265 70.12546315044165 25.60143382847309 29.60448967665434 995.6518835499883 0.3179997354745865 1.789443776011467 30.95714385807514 579.0658348053694 113.5825416296721 144.9137454852462 0 2.96041938662529 14.91895323991776 41.86285291612148 12.16858027130365 265.9400489628315 4.174998179078102 133.7499848976731 36.59268018603325 195.6883529946208 18.8294019177556 4.602293960750103 3.666899926960468
