544.5993081927299 0.2652807831764221 19.22064501047134 10.09847530722618 0.5073026269674301 17.08273528516293 4147.310799993575 1010.533827036619 3.331963174045086 114.9463465884328 4.206934601068497 3.331774927675724 0 6405.173157088459 0 0.1708178669214249 263.9680534750223 4.774622075259686 99.42540979385376 11.50192832946777 14.17390888929367 0 166.7899105474353 48.617047727108 0.1048664078116417 65.09308905154467 22.2923399284482 132.6394819542766 2667.649820782244 1692.346335873008 0.5267793983221054 6.994148679077625 32.50061546266079 60.59935343265533 0.7791536897420883 78.25198335200548 12.35565965622663 76.97049578279257 30.26788821816444 1.63668679445982 0 2.018970251083374 0.8049874603748322 0.4178308844566345 0.07937582582235336 0 0.2211604341864586 0 0 1.788804724812508 0.9158336520195007 1.060410685837269 0 0.1879337131977081 0.3223349452018738 0 0.5996720045804977 0.4258893132209778 1.471081733703613 0.1010444164276123 0 0.1945027709007263 0 1.779293693602085 1.020191743969917 0.1218724623322487 6.201356530189514 0.0986090674996376 0.7014124542474747 1.74486780166626 8.894007995724678 1.222131371498108 3.271037764847279 0 0 0.2003283798694611 0.3163379356265068 0.4885895997285843 2.813671581447124 0.8702987805008888 2.526437506079674 0.1572511792182922 1.512473031878471 0 0 0
0.2652807831764221 90.85675321519375 237.1176763921976 0 0 0 0.3847385793924332 0.1980300843715668 368.7310604602098 0 16.81177814304829 1.830541893839836 188.6730490624905 0.6202412098646164 3.025816068053246 45.28637360036373 213.7017618343234 3.391110949218273 14.90112561732531 0 5.651657246053219 2476.675704985857 20.46887794137001 419.1899265795946 1737.269717752934 482.5634864270687 7446.020391501486 12.19251134991646 0.6374459937214851 1.879869937896729 86.7198481336236 0 0 17.74580510705709 0.6078346967697144 102.9445839449763 66.54823808372021 74.12976379692554 23.74307158589363 5.367245376110077 0 270.6769046783447 0.360677182674408 0.1282474994659424 173.8618821203709 10.58879067748785 0 0 0 0.5768970996141434 0 4.092323787510395 0 14.22732698917389 0 7.510126665234566 0.1395955681800842 0.2898733764886856 5.655923202633858 20.97441541403532 3.075045764446259 15.59759004414082 0 0.4096450507640839 27.97368946671486 3.102873995900154 11.4763159006834 29.76566375792027 146.214038670063 895.4240311235189 1.121214099228382 0 0.385312132537365 3.342121668159962 0 0 0.5799247175455093 0 6.668909102678299 25.16580967605114 6.587528936564922 1.860673159360886 0.3230404853820801 0.1138865649700165 4.022412523627281 0
19.22064501047134 237.1176763921976 3162.386690527201 5.542214885354042 0.2658716663718224 53.03731575608253 1307.414927236736 145.5795269832015 11.09848105162382 57.99698533862829 2.594444029033184 1.402265407145023 8.208380654454231 108.2510146871209 0.1599447131156921 51.20320795476437 2584.435111790895 3.954930931329727 87.72078639268875 3.177990213036537 1193.926536045969 73.96734024584293 5418.67201462388 127.6338695660233 2.591856621205807 7208.716395430267 9040.893146149814 264.4530018270016 30.21709434688091 184.2824787721038 2.083489239215851 1.494974486529827 1.728657513856888 111.3020701631904 12.64383488893509 1708.064897179604 4577.279427811503 618.1915084347129 242.8744898810983 48.57353445142508 3.385903425514698 3.771074548363686 5.334027267992496 0.9258675873279572 303.7761652842164 199.5103849545121 0.1428360342979431 0 0.1557725369930267 6.493085630238056 0.202845960855484 3.025509141385555 0.1334323287010193 0.7225992158055305 0 1.672586195170879 2.416012056171894 0.4818910881876945 28.5069435313344 518.488183028996 5.341881945729256 85.69842798262835 0 2.491378650069237 37.9723187983036 39.91695277392864 18.89592446386814 1.299682348966599 875.467770203948 1904.231293141842 11.50178185850382 0.7350819185376167 3.212170258164406 0.6649250835180283 0 0 13.36724282056093 2.508038833737373 102.1455078646541 208.5320638716221 96.11343088746071 41.1902828514576 2.311635293066502 1.619474157691002 2.284676969051361 0.4791340529918671
10.09847530722618 0 5.542214885354042 2914.77917842567 2.904500052332878 127.8687853887677 332.4947583973408 84.28537693619728 631.6271243989468 3819.586994513869 5.527507372200489 2843.537438899279 0.6458736285567284 87.27471074461937 26.42490794509649 0.1731873601675034 1.340869821608067 3.90563876926899 2.240853756666183 4719.871662683785 2.115330688655376 0.1509452611207962 2.470916055142879 1222.362347900867 0.1029666215181351 6.40089874714613 3.615743681788445 6219.073263734579 147.4124255925417 1.475133001804352 0.19986192882061 4.91186585277319 3.598805084824562 24.68625895678997 7.834687829017639 177.5290839597583 4.275395601987839 128.8373372778296 58.62534041702747 58.65713054686785 11.50770952552557 1.868775099515915 3.45286750793457 1.9712153673172 0.5279862806200981 0 199.7204201817513 0.1187977492809296 15.46525240689516 54.35034501552582 7.335576288402081 67.48322089016438 27.6573544293642 0.2029141560196877 64.87423475831747 0 8.424755230545998 7.11407908052206 0.3008771985769272 0 0.09531521052122116 0.27715053409338 36.49542444199324 0.1187271326780319 0.9585583135485649 0 118.9598944708705 0 0.4759748354554176 1.136885948479176 201.4027322083712 3.783125050365925 0.7228584289550781 0.1130598485469818 0.3589659333229065 0 1.489415049552917 0.1397471874952316 34.81934009492397 0 12.00666619837284 2.41248594224453 114.8520812988281 1.792129173874855 0 0
0.5073026269674301 0 0.2658716663718224 2.904500052332878 83.22038753330708 969.8770738840103 6.949040457606316 44.49190078675747 181.5892308652401 19.17137445509434 21.72251334041357 169.5046450793743 21.21839971840382 12.52459746599197 1467.76878606528 0 0.1698801144957542 5.781684383749962 2.476260669529438 7.223414622247219 1.991893693804741 4.124540492892265 0.6906259208917618 12.43161973357201 2.699654035270214 2.853391051292419 1.709547854959965 6.942605540156364 63.12169505655766 0.7968263626098633 1.538490004837513 482.6754505634308 0.3076418489217758 257.2024534121156 3.297664955258369 150.537782907486 15.68136747181416 374.3455122038722 255.1735562905669 1860.384715758264 236.2390980571508 18.87624853849411 3.73813009262085 0 0 0 4.103889726102352 0 0 1.820733726024628 2.088488012552261 0.2368457764387131 0.7221437394618988 0.753381535410881 1.494743391871452 0.1299589872360229 0 0.1400133073329926 0.1281498968601227 0 0.1162277162075043 0 1.019268482923508 0 0.1794138699769974 0 3.492473900318146 0.4733118563890457 0.1159211024641991 0.3757469803094864 2.583445079624653 1.496750175952911 0.6754903644323349 0.1262250393629074 0 0 0 0 1.820868074893951 1.409421414136887 1.53034234046936 0.1416158974170685 8.033623829483986 0 0.7732819318771362 0
17.08273528516293 0 53.03731575608253 127.8687853887677 969.8770738840103 5816.931152306497 2729.692932352424 4463.158651903272 270.8250741064548 8878.875700637698 67.89033358544111 3695.797372892499 22.33661185204983 1174.371443070471 1168.920248501003 0.1049507036805153 55.86203093826771 24.68861401081085 24.69653775542974 1004.592650830746 33.00700329244137 1.368090152740479 36.45703229308128 211.0424997955561 3.271344736218452 104.533828727901 10.35592783242464 1083.542769603431 967.6673498600721 17.74503801018 3.44144981354475 605.431296415627 1.768471717834473 494.7517688199878 8.46912033110857 511.2929351851344 37.49733016639948 564.9803526476026 212.3606310710311 1756.765705838799 229.510841012001 13.93210461735725 6.830216854810715 0.6275546327233315 0.1273410618305206 0 72.00644655525684 0 6.272297143936157 37.05130604654551 3.6527498960495 21.95090347528458 18.55088582634926 2.281403981149197 41.26868418604136 0.948529876768589 7.791430979967117 6.265609659254551 0.4855665862560272 0.2638609856367111 0.3549774959683418 0.09898842871189117 21.82669752091169 0.3318855464458466 0.6588327139616013 0.6601889133453369 68.48599781095982 0.09959463775157928 0.6004552468657494 3.666822575032711 117.6352261155844 6.454673513770103 5.786452166736126 0.4461217224597931 0 0.2261082157492638 3.087153159081936 0.2303531020879745 34.15464653074741 0.8527558296918869 5.490760929882526 2.840600222349167 71.94067879021168 0 0 0.149306133389473
4147.310799993575 0.3847385793924332 1307.414927236736 332.4947583973408 6.949040457606316 2729.692932352424 11309.3564100489 6468.285401128232 683.8654714077711 10340.01204921305 37.77429466694593 70.84062819927931 4.078190043568611 6743.846984215081 29.49771309643984 2.611602023243904 1149.848292544484 24.59002118557692 211.8719500973821 313.9578107744455 1400.779911525548 5.875435054302216 1702.228175655007 2849.671920910478 1.082140237092972 1364.726242691278 343.976013764739 20007.53806939721 3172.938679989427 7959.097882375121 3.704129762947559 40.74080362915993 61.32117664813995 214.9624016359448 35.89386589825153 1096.009911857545 164.4567065611482 705.6836330220103 405.2174806594849 113.9030510857701 21.39619272202253 4.374379001557827 8.999159209430218 5.533592715859413 1.148530557751656 2.141906306147575 145.9507055580616 0 15.84836630523205 195.4438375011086 15.58234741538763 202.1868177726865 31.51288770884275 3.961261756718159 15.55636452883482 0.3201962411403656 39.63786535710096 3.497189521789551 11.87041953206062 3.029604062438011 0.9410669058561325 1.046685360372066 24.20184183865786 1.542219310998917 3.791390493512154 9.264438927173615 308.8534937947989 0.09198502451181412 3.621911972761154 59.9210352897644 562.0779814347625 37.72223898768425 42.47751317173243 0.1094890385866165 0.8117315992712975 3.446758165955544 14.50270493328571 4.711064592003822 100.7649211585522 2.767362654209137 68.63254760950804 16.19202005118132 107.565474294126 3.770452432334423 1.395601496100426 2.274293094873428
1010.533827036619 0.1980300843715668 145.5795269832015 84.28537693619728 44.49190078675747 4463.158651903272 6468.285401128232 7053.99604395777 41.77262073755264 3634.520489372313 154.8995995372534 530.2435080036521 28.8606024235487 5526.2202295959 218.4360643550754 0.3198519647121429 651.1716633886099 41.21367105841637 239.4284727945924 455.1711039766669 62.29489385336637 0.4381711259484291 289.9829233661294 226.8598588332534 11.43038864433765 386.1929087117314 52.58063661307096 630.8878237754107 2080.968681223691 835.9372422844172 5.649152763187885 323.1517892628908 46.09128308296204 786.4317514821887 10.39244295656681 402.1032874062657 78.17566504329443 811.1613639965653 270.7519672736526 539.3558591976762 140.7227549925447 21.98418506979942 3.730605907738209 2.865690231323242 0.08112775534391403 0 27.14589089900255 0 2.065128937363625 38.13774712383747 7.938282325863838 21.75053227692842 8.679819785058498 4.502484977245331 7.116338923573494 1.389464512467384 7.185796581208706 0.8196786642074585 1.868553966283798 0.5477359592914581 0.6989473178982735 0.3956286162137985 6.466328926384449 1.139092370867729 1.349789835512638 0.5261695832014084 63.44292222708464 0.8406275510787964 2.153381444513798 8.28679059445858 113.9984528720379 11.52091243863106 15.07992851734161 0.6849961280822754 0 0.6121341586112976 4.180383428931236 0.3844332098960876 21.96781009435654 2.21111822873354 13.48173257708549 3.085820145905018 24.73399277031422 0.4889306426048279 0 0
3.331963174045086 368.7310604602098 11.09848105162382 631.6271243989468 181.5892308652401 270.8250741064548 683.8654714077711 41.77262073755264 1443.502192854881 401.6320306062698 3.556592710316181 989.1090039908886 20.99108365178108 37.28225579112768 1230.350068077445 56.2383895367384 5.245695076882839 0.8958968371152878 1.671846725046635 725.3024293854833 16.58899258077145 3241.251671545208 14.11839205771685 10896.64940334111 255.7104167565703 13.35585477203131 221.1406194791198 1106.528177298605 68.14413280040026 27.38897055387497 12.07387699186802 6.811780206859112 11.48826571553946 19.05616519600153 4.144656509160995 157.7307380288839 7.548254609107971 70.04194022715092 33.51661787927151 508.5209232717752 8.779564440250397 30.58463247865438 1.314117670059204 13.61438874900341 18.4064828902483 1.538400158286095 355.4587186798453 1.319883763790131 20.91335690021515 121.4085318893194 18.76879409700632 156.7685074582696 54.92938408255577 2.893258653581142 67.17967149615288 0.4217326268553734 33.40663152933121 20.52787354588509 259.3992064744234 3.330299310386181 0.2533453553915024 0.7224279344081879 67.35756269842386 61.44850024580956 158.3774792402983 27.40961349010468 926.1584697365761 0.4608930647373199 2.516131602227688 63.60853739082813 767.5902815386653 56.5008533000946 102.8163437843323 0.1688279509544373 0.2872483804821968 6.007910288870335 14.12710732221603 1.764226540923119 118.4173812791705 5.234388060867786 41.86486478149891 19.95360063016415 133.8625538796186 4.217861041426659 0 2.229339197278023
114.9463465884328 0 57.99698533862829 3819.586994513869 19.17137445509434 8878.875700637698 10340.01204921305 3634.520489372313 401.6320306062698 28180.54295109957 96.80164560675621 3411.942492216825 14.10995545983315 1665.485833063722 46.48921139538288 0.2363902926445007 37.25846639275551 50.86013896018267 42.82251454889774 7253.022784590721 34.45188775658607 0.3634606227278709 34.6509451046586 627.1659703850746 3.462775036692619 104.1402058824897 21.53276504576206 4912.045745849609 1128.521428972483 15.57289171218872 7.803276143968105 101.9083365648985 4.126665368676186 239.6465509533882 34.66936992108822 658.4715862944722 56.70355030894279 855.5483895167708 284.7442016080022 251.5628045126796 66.22325295209885 13.85483642667532 13.67595303803682 2.170445509254932 0.2523223683238029 0.1573778837919235 213.721644744277 0 17.3461192175746 91.3712457343936 11.69059575349092 88.87635774165392 49.95975033193827 1.837225526571274 57.04108759760857 1.031090058386326 15.48946963250637 8.399573244154453 0.2397153079509735 0.2660701870918274 0.5002817437052727 0.2101545333862305 46.809949696064 0.5322732776403427 1.180928237736225 0.3376238942146301 186.4747146591544 0.5658587515354156 0.8222387358546257 6.889922440052032 332.8642244786024 10.99891369044781 4.4794742166996 0.5228427201509476 0.1199912056326866 0.1739450395107269 6.78862076997757 0.4760568663477898 42.56407613307238 2.646037675440311 17.22795667499304 2.438965618610382 114.7089926376939 1.709908574819565 0.2640133872628212 0
4.206934601068497 16.81177814304829 2.594444029033184 5.527507372200489 21.72251334041357 67.89033358544111 37.77429466694593 154.8995995372534 3.556592710316181 96.80164560675621 13105.28747075796 42.91014248132706 4305.307078436017 118.770562723279 2.881204940378666 0.5898569822311401 803.8284755125642 4332.54358959198 1762.082197524607 38.98219159990549 3.940676793456078 8.154039897024632 18.13836847245693 21.41091686487198 962.5320579782128 2872.164076805115 859.6863444074988 43.29830897599459 247.7190974131227 16.94325256347656 893.7330807894468 172.0618518292904 7.82190065830946 5393.395642481744 8.278269335627556 848.0984734669328 4163.185983911157 3892.201687701046 1230.765166580677 66.89376617223024 81.14984606951475 2087.309732630849 13.88881862163544 0.5167762041091919 4.87907849997282 0.1015851274132729 2.55034414678812 0 0 4.164394937455654 0.5186125263571739 1.126194633543491 0 860.0956401079893 1.260398678481579 637.1597634255886 1.699609659612179 0 0.09353636205196381 0.9480331465601921 157.6147272735834 22.55241554230452 0 0.1064067631959915 1.050143651664257 1.323666840791702 5.78243874758482 350.3250003606081 401.4342447891831 275.0703852400184 9.642607197165489 1.129744149744511 2.021359376609325 269.8745663911104 0 0 2.369406744837761 9.124769166111946 24.6458610072732 429.2708410546184 13.65677344799042 8.312316998839378 2.486415959894657 0.2885437905788422 32.75755003094673 0
3.331774927675724 1.830541893839836 1.402265407145023 2843.537438899279 169.5046450793743 3695.797372892499 70.84062819927931 530.2435080036521 989.1090039908886 3411.942492216825 42.91014248132706 5372.398136548698 6.125658586621284 519.4130190461874 898.0356631726027 0 2.305520437657833 14.4370458945632 11.86419662833214 5777.099861726165 1.403178229928017 21.29596818983555 2.157274916768074 768.0730612128973 2.507189616560936 14.00750158727169 4.37456876039505 1797.979525908828 376.7734683901072 1.147627018392086 2.32642862200737 67.95309966802597 0.4762077629566193 111.8588266000152 9.14771293848753 827.465796276927 21.37050046026707 297.3351708352566 81.65370002388954 1065.398434594274 37.37528745830059 4.714176155626774 4.330766752362251 1.363727450370789 1.552949041128159 0 220.0376940518618 0.6712576746940613 23.76207531243563 69.03089720010757 9.960894756019115 56.42469567805529 44.5386563166976 1.141398578882217 280.3575134724379 0.5473456606268883 9.752881065011024 16.58638279139996 0.7784217745065689 0.2583459541201591 0.1924621909856796 0.237176313996315 63.52375003695488 0.1364037990570068 4.476609602570534 0 149.2816700190306 0.2231368124485016 0.7752726972103119 3.167134709656239 205.1753336936235 4.897105753421783 5.942459523677826 0.128756657242775 0.4429091289639473 0.9311986714601517 4.638971090316772 0 103.9272893071175 0.5342862829566002 14.66927396506071 2.136505603790283 260.9927442595363 0.5717745572328568 3.335835531353951 1.439610838890076
0 188.6730490624905 8.208380654454231 0.6458736285567284 21.21839971840382 22.33661185204983 4.078190043568611 28.8606024235487 20.99108365178108 14.10995545983315 4305.307078436017 6.125658586621284 6119.156559213996 13.88327090442181 0.3082865625619888 3.172502487897873 21.85394874215126 200.277610450983 14.45544459670782 6.717760987579823 3.795273832976818 82.03838605433702 5.45069383084774 21.67418343573809 4934.125508114696 1656.984855644405 4836.885186895728 10.10744019597769 33.25684577226639 1.587992034852505 2280.067585490644 35.36864852160215 0.8050746098160744 799.3693633526564 46.96838518977165 1136.727742530406 4152.934810213745 3874.46476020664 280.8835952281952 150.8733552396297 234.3785072118044 1529.130123466253 29.77780321240425 0.08053642511367798 7.392252810299397 0.1166749149560928 0.3011974692344666 0 0 0.2964026927947998 0.8620560318231583 0.6978512555360794 0 1128.266411282122 0.535266175866127 692.8406358212233 1.114959143102169 0 2.888597719371319 0.672785721719265 145.8473000749946 10.49658747762442 0 0.09865643084049225 1.194286249577999 0.4113968163728714 2.854084298014641 689.1930092945695 389.9888208955526 249.4468479305506 4.405703976750374 2.542870007455349 0.1392202824354172 346.9167937785387 0.5697040632367134 0 12.300297960639 50.89786541461945 234.022021278739 483.3383074626327 59.5679721608758 40.68614014983177 4.231721647083759 3.125568628311157 84.8264357894659 0.6480842232704163
6405.173157088459 0.6202412098646164 108.2510146871209 87.27471074461937 12.52459746599197 1174.371443070471 6743.846984215081 5526.2202295959 37.28225579112768 1665.485833063722 118.770562723279 519.4130190461874 13.88327090442181 9862.713337786496 103.2964973524213 1.291109636425972 616.6879519969225 44.67629258334637 257.1050267629325 452.7382980808616 36.94899804890156 0.9588306397199631 322.7502045407891 255.9975135624409 5.871952280402184 287.0273758992553 53.91134462505579 650.4816272929311 9382.676104981452 1090.424282252789 5.757042735815048 66.1556149199605 43.85259575396776 673.4512453228235 5.544363118708134 355.0529676154256 72.71200234442949 489.7330842837691 135.1438374593854 575.1167634800076 42.36347142606974 7.705752730369568 3.16590641438961 1.390285961329937 0.3038492649793625 0.1135919615626335 19.91045888513327 0 3.217884004116058 29.73122270405293 3.00948540866375 17.19494167715311 4.128409802913666 1.656283989548683 7.027743816375732 0.3501283079385757 7.785569816827774 0.369830995798111 4.791615702211857 0.6740650311112404 0 0.6309951767325401 3.437948159873486 2.64970775693655 1.398577280342579 0.363999992609024 63.74589316546917 0.3885338082909584 2.434320576488972 7.575336664915085 85.31749590486288 13.16530938446522 18.57898192852736 0 0.4068300127983093 0.210670679807663 2.97875814884901 1.54014902561903 25.53460308164358 3.19359228760004 10.2835845053196 4.28214543312788 25.37929452210665 0.3837493658065796 0 0
0 3.025816068053246 0.1599447131156921 26.42490794509649 1467.76878606528 1168.920248501003 29.49771309643984 218.4360643550754 1230.350068077445 46.48921139538288 2.881204940378666 898.0356631726027 0.3082865625619888 103.2964973524213 475.4110589325428 0.5920687466859818 0.1061873361468315 1.455575101077557 0.554076761007309 70.06224671006203 0.1091043055057526 47.51216681301594 0.8126457929611206 308.5113775730133 3.323623314499855 0.7997267693281174 4.497039712965488 46.05779813975096 32.8488734588027 0 0.1992655023932457 531.6020374819636 0.3875922858715057 5.904576860368252 0.3092137575149536 790.4106373488903 2.688289508223534 10.09575200080872 3.20488978177309 1523.704066857696 116.9046065956354 8.293532766401768 0.352284848690033 0.4762466549873352 0 0 54.47613877803087 0 6.361435547471046 18.48706144094467 4.777237050235271 3.173003539443016 16.5270519554615 0 56.29760809242725 0 2.658610239624977 6.78005875647068 2.756401091814041 0 0 0 15.97045508027077 0.4875433146953583 2.418089345097542 0.3229557871818542 34.68662631511688 0 0.2001373618841171 0.5424842536449432 40.37985201179981 1.534527897834778 5.545862399041653 0 0 0.1807875484228134 1.714508295059204 0 63.4415075480938 0.2949694097042084 2.549052596092224 0.8984240293502808 120.7340269386768 0.3610001653432846 0 2.242018938064575
0.1708178669214249 45.28637360036373 51.20320795476437 0.1731873601675034 0 0.1049507036805153 2.611602023243904 0.3198519647121429 56.2383895367384 0.2363902926445007 0.5898569822311401 0 3.172502487897873 1.291109636425972 0.5920687466859818 3206.960012808442 23.77621880173683 0.3450352698564529 2.478010140359402 0 3997.254927299917 3232.986582964659 4726.644259281456 1853.052749678493 37.71469910442829 98.85012844949961 4675.895314231515 947.089596696198 19.1436408162117 32.63895569741726 1.422136723995209 0.1239784583449364 5.415560275316238 53.49676027148962 28.46467769891024 1858.062638700008 697.2269131541252 297.5820834860206 483.0975518077612 45.58534048497677 1.171685740351677 8.77684411406517 13.93608926236629 0.9915195778012276 8.099150389432907 17.27592243999243 0.1250447630882263 0 0.1138956546783447 46.37581171840429 0.4453312605619431 3.767617799341679 0 1.787084877490997 0.1648809909820557 0.1151799038052559 1.078633539378643 0.2926180064678192 3971.482600823045 11.18422956764698 0.1085925474762917 1.148195661604404 0 460.071775957942 923.7207451537251 1573.467279881239 109.2147809490561 0 7.395324341952801 625.4490748047829 162.4559395983815 6.259482584893703 205.0669919997454 0 0 0.3168114870786667 4.620734922587872 1.985679566860199 35.25401244312525 5.553817182779312 9.657525457441807 10.82611763477325 3.615410968661308 0.2375259920954704 0.8186137676239014 0
263.9680534750223 213.7017618343234 2584.435111790895 1.340869821608067 0.1698801144957542 55.86203093826771 1149.848292544484 651.1716633886099 5.245695076882839 37.25846639275551 803.8284755125642 2.305520437657833 21.85394874215126 616.6879519969225 0.1061873361468315 23.77621880173683 4149.371399089694 283.9103421866894 3055.652615845203 3.186188504099846 713.4576443731785 126.8625253066421 2965.931154482067 33.12962401658297 8.940559811890125 2654.677329011261 6576.798254467547 179.1842760667205 850.8439360186458 1604.199128352106 4.610980629920959 10.15117672085762 54.44184704124928 4366.751622155309 13.84162675589323 1293.949995443225 3524.923195265234 2809.911645188928 663.8297017067671 34.92808995395899 6.733197920024395 29.68474822491407 4.499035745859146 0.3422350287437439 159.6280037388206 25.94125601649284 0.1661783009767532 0 0 1.991148136556149 0 0.4201140403747559 0 0.5089878514409065 0 1.575165793299675 0 0 5.840344779193401 94.95815651118755 2.402647338807583 38.12546706944704 0 1.690413251519203 13.40497432649136 6.404820650815964 5.210431307554245 0.4741694256663322 361.9687333106995 660.0728766843677 5.160051099956036 0.4796903356909752 2.001163251698017 1.394379980862141 0 0.09986018389463425 1.991260781884193 6.032131552696228 19.59906852990389 87.69790879637003 15.86194229125977 8.396162018179893 0.4449538514018059 0.4977471828460693 0.1130045726895332 0.205701544880867
4.774622075259686 3.391110949218273 3.954930931329727 3.90563876926899 5.781684383749962 24.68861401081085 24.59002118557692 41.21367105841637 0.8958968371152878 50.86013896018267 4332.54358959198 14.4370458945632 200.277610450983 44.67629258334637 1.455575101077557 0.3450352698564529 283.9103421866894 1071.475146591663 1915.324400581419 17.67683829367161 3.384476967155933 1.445040211081505 13.86905439943075 11.5022201910615 42.59558320045471 3543.063592538238 847.4094910621643 30.59606858342886 107.5290792807937 17.99412348121405 384.0019683912396 46.78596979379654 7.115207009017467 1526.10985878855 2.69488463550806 879.4491436481476 1511.653903335333 1742.047166749835 907.1622070819139 24.81018687039614 4.780938759446144 88.12038465589285 3.397401995956898 0 1.223605565726757 0 1.131702184677124 0 0 0.5396030023694038 0 1.005699262022972 0.2509032189846039 23.6794658601284 0.1365096569061279 67.13389675319195 0.5100082233548164 0 0.2255338504910469 0.1049699261784554 56.47167119383812 22.69741299748421 0.1257787942886353 0 0 0.2458739429712296 4.521001070737839 40.58302483707666 168.823257625103 151.8878793492913 5.437001764774323 0.5810393169522285 0.9374289512634277 67.01329869776964 0 0 0.3985443785786629 2.977330192923546 14.23533621430397 27.76930979639292 3.018411405384541 1.708516627550125 2.34056194126606 0 0.3161725327372551 0
99.42540979385376 14.90112561732531 87.72078639268875 2.240853756666183 2.476260669529438 24.69653775542974 211.8719500973821 239.4284727945924 1.671846725046635 42.82251454889774 1762.082197524607 11.86419662833214 14.45544459670782 257.1050267629325 0.554076761007309 2.478010140359402 3055.652615845203 1915.324400581419 1820.101036123931 12.67642127722502 108.8886221572757 7.481288440525532 346.3931857421994 12.92896749079227 16.08890737593174 5541.652216106653 2081.942182831466 46.58589763939381 495.6341849192977 439.5143983215094 24.65129714459181 28.86054801940918 32.97959963232279 4426.03783300519 6.062359720468521 1321.106097795069 1147.164381019771 3268.837385736406 1010.121932633221 29.48478829860687 3.328715465962887 6.074969738721848 5.033780097961426 0.4974370896816254 13.86359199136496 0.5810042694211006 0.1650065630674362 0 0 2.051646314561367 0.4878973066806793 1.286399587988853 0.09900891780853271 2.191904559731483 0.3833536803722382 4.854476183652878 0.536754310131073 0 0.5976955369114876 4.986673772335052 7.470516175031662 19.63584677875042 0 0.2512713670730591 0.992508128285408 0.2298299446702003 2.750480279326439 3.67199781537056 94.93096682429314 175.4748034849763 3.112678356468678 0.8302568942308426 2.473201893270016 8.037435479462147 0 0.2296072021126747 0.433153972029686 4.737764999270439 6.670364275574684 30.07405354082584 1.631670244038105 3.067615836858749 0.2437196224927902 0 0.1611171960830688 0
11.50192832946777 0 3.177990213036537 4719.871662683785 7.223414622247219 1004.592650830746 313.9578107744455 455.1711039766669 725.3024293854833 7253.022784590721 38.98219159990549 5777.099861726165 6.717760987579823 452.7382980808616 70.06224671006203 0 3.186188504099846 17.67683829367161 12.67642127722502 1147.854477539659 1.124575585126877 0 2.662196628749371 713.0810410752892 0.6759584099054337 15.31539635360241 2.985042609274387 4502.116149060428 414.7886215597391 2.662094034254551 2.42075403034687 31.97324544936419 2.702680379152298 99.94774097949266 24.82780137658119 450.5344166755676 22.75184566527605 362.6509672403336 127.039563126862 404.3118428736925 36.66766222566366 9.030855692923069 7.13598471134901 1.005049839615822 0.8361398354172707 0 302.3702427446842 0.2627436965703964 23.51322707533836 92.8752903342247 12.19555024802685 73.70003637671471 65.24485475569963 1.275481872260571 179.5964264795184 0.8583455607295036 15.47904983907938 9.464884802699089 0.4080576151609421 0.2931441962718964 0.179681308567524 0.08956863731145859 66.7724160477519 0 0.9276377111673355 0 199.4289359077811 0.1215722039341927 0.5074422210454941 0.5050791501998901 319.5473491027951 13.91446267068386 4.117524981498718 0.1417344063520432 0.09406589716672897 1.38627452403307 5.741005524992943 0.1773494780063629 65.00334347039461 1.369158245623112 19.03495229780674 3.717086143791676 189.9167384132743 1.525530122220516 1.162470459938049 0.7312561273574829
14.17390888929367 5.651657246053219 1193.926536045969 2.115330688655376 1.991893693804741 33.00700329244137 1400.779911525548 62.29489385336637 16.58899258077145 34.45188775658607 3.940676793456078 1.403178229928017 3.795273832976818 36.94899804890156 0.1091043055057526 3997.254927299917 713.4576443731785 3.384476967155933 108.8886221572757 1.124575585126877 14847.91892192513 162.8452318310738 18515.23558977246 824.9405796229839 0.8535524606704712 316.8115741536021 901.9886715784669 6538.260964736342 137.5672459974885 8972.672566577792 0.5561431348323822 1.140094645321369 78.14948078989983 4453.028247155249 121.2746792882681 5718.250594072044 896.3474690914154 5475.891102425754 3549.943119116127 148.0717187747359 8.438372068107128 3.890070959925652 42.7998893558979 3.437588892877102 1.107625722885132 3.49360504001379 0.9156621247529984 0 0.5731830596923828 16.14857015013695 0 5.044447101652622 0 0 0 1.799945592880249 1.745090417563915 0.2091557681560516 738.6336899474263 4.276861168444157 0 1.136521816253662 0 242.3321218416095 107.6241468861699 106.1802010983229 100.504665710032 0.0990963950753212 4.946010060608387 43.79106033593416 128.9994577467442 8.118428446352482 199.7820997983217 0 0 0.1242092624306679 2.792491741478443 9.737096838653088 28.93540000915527 1.947633534669876 11.81421788036823 4.841321751475334 2.600549533963203 0.2361997663974762 6.504193723201752 1.71243143081665
0 2476.675704985857 73.96734024584293 0.1509452611207962 4.124540492892265 1.368090152740479 5.875435054302216 0.4381711259484291 3241.251671545208 0.3634606227278709 8.154039897024632 21.29596818983555 82.03838605433702 0.9588306397199631 47.51216681301594 3232.986582964659 126.8625253066421 1.445040211081505 7.481288440525532 0 162.8452318310738 1795.669567398727 134.1234627515078 6134.258059024811 1524.877911776304 197.3196194693446 7296.796591080725 314.2859345078468 4.063942268490791 20.07104641199112 49.73558646440506 0 0.6057096347212791 16.50813803821802 2.497715711593628 106.1344225257635 61.61712490767241 70.78000830858946 26.45488933473825 44.50510177016258 0.6298534870147705 129.089789390564 0.4682885706424713 0.5973777323961258 62.41641454398632 16.05702740699053 0.4149443507194519 0 0 15.88217270374298 0.143571212887764 8.892797581851482 0.2917217314243317 4.385129183530807 0 0.6230338364839554 0.6041237711906433 0.2988142371177673 1439.951991774142 22.04633122682571 1.030694596469402 2.932264134287834 0 84.70407070219517 487.7622206434608 434.8789713978767 93.34605521708727 2.078371062874794 37.96149475872517 891.8431077972054 58.65540400147438 1.876273445785046 39.3525141403079 1.257370613515377 0 0.1269264817237854 1.216101005673409 0.2868050336837769 19.80861628800631 14.33847752958536 14.74257053434849 8.466025829315186 1.13523530960083 0 0.1292027235031128 0
166.7899105474353 20.46887794137001 5418.67201462388 2.470916055142879 0.6906259208917618 36.45703229308128 1702.228175655007 289.9829233661294 14.11839205771685 34.6509451046586 18.13836847245693 2.157274916768074 5.45069383084774 322.7502045407891 0.8126457929611206 4726.644259281456 2965.931154482067 13.86905439943075 346.3931857421994 2.662196628749371 18515.23558977246 134.1234627515078 21640.86806911975 504.9561221823096 1.403964199125767 3101.156501896679 11659.59684466571 1228.607941709459 416.9416261985898 3613.756945014 2.116732895374298 6.071095302700996 28.62557046115398 3764.703661866486 286.5064559951425 11672.62464035302 6701.120999015868 10262.964346461 8477.27652194351 455.6993743851781 35.26037596911192 10.43253256380558 73.14714069664478 0.6529818773269653 19.29713778942823 69.37713150680065 0.4142819717526436 0 0 26.20034665614367 0.4656309634447098 4.212917506694794 0 0.8769333735108376 0.4760192930698395 0.1392690688371658 0.5768111273646355 0 1355.903410114348 42.79332982748747 0.3275196328759193 3.232389137148857 0.4629805311560631 104.22976475209 220.7353382185102 753.7777557000518 45.76944415271282 0.1765951067209244 34.16421823203564 1214.056264705956 56.15384097397327 2.42167753726244 44.81838017702103 0.119160994887352 0 0.3659708276391029 4.914661630988121 25.70072618126869 75.34757200628519 20.76277550309896 46.99797344952822 41.00780713558197 3.439421370625496 1.355440497398376 1.073134660720825 1.410618156194687
48.617047727108 419.1899265795946 127.6338695660233 1222.362347900867 12.43161973357201 211.0424997955561 2849.671920910478 226.8598588332534 10896.64940334111 627.1659703850746 21.41091686487198 768.0730612128973 21.67418343573809 255.9975135624409 308.5113775730133 1853.052749678493 33.12962401658297 11.5022201910615 12.92896749079227 713.0810410752892 824.9405796229839 6134.258059024811 504.9561221823096 11595.63081090897 243.8433471620083 113.5785925090313 1955.163302391768 9860.333993382752 943.7944867089391 246.2916178405285 12.75496333837509 16.10847193747759 132.9503027573228 266.9534552320838 80.00890102982521 2701.85119651258 251.5438952893019 965.9584089070559 607.8068045079708 533.3024486303329 39.73306968808174 34.81532087177038 23.36891190707684 60.31018822640181 23.33272503316402 9.249641790986061 543.5773446261883 1.505557961761951 53.5260920599103 597.3918765932322 76.46309474855661 1007.939965106547 121.5446557402611 11.53243658691645 148.3855750858784 1.323063239455223 164.0396992042661 26.41748917847872 1357.830797128379 20.04849676787853 4.0610725954175 6.68329281359911 115.9614464640617 400.2855151593685 528.9271495640278 218.334089577198 2510.658718027174 0.830704353749752 13.1716667637229 169.2915849983692 2594.99672459811 341.6152536198497 908.3478065654635 0.8856027498841286 3.534007407724857 27.21665696054697 94.56506867706776 17.33153200149536 661.3714865893126 17.76713197678328 325.9077124595642 111.3407555520535 586.1166065111756 19.85832335054874 7.158346779644489 6.17254888266325
0.1048664078116417 1737.269717752934 2.591856621205807 0.1029666215181351 2.699654035270214 3.271344736218452 1.082140237092972 11.43038864433765 255.7104167565703 3.462775036692619 962.5320579782128 2.507189616560936 4934.125508114696 5.871952280402184 3.323623314499855 37.71469910442829 8.940559811890125 42.59558320045471 16.08890737593174 0.6759584099054337 0.8535524606704712 1524.877911776304 1.403964199125767 243.8433471620083 384.7369122952223 577.2735136449337 4740.49564063549 12.76001863181591 9.06357017159462 0.8556346595287323 591.814407646656 8.365173757076263 0.1233858317136765 362.5311978235841 2.620360434055328 56.71862575411797 458.3356662988663 937.447173781693 63.38162405788898 8.823354162275791 56.01719908416271 903.4566363096237 11.07883423566818 0.08755946159362793 37.25018511712551 0.4085566252470016 0 0 0 0.6950025409460068 0.08815503120422363 0.1201862469315529 0 602.2408736199141 0 378.4428577646613 0.4982165172696114 0 1.184557184576988 0.9904339462518692 67.07873973995447 8.722321785986423 1.471643090248108 0 2.973986484110355 0.5914206355810165 3.800684548914433 114.8150908723474 288.319922439754 576.8626680001616 0.4279223680496216 0.1135154664516449 0 187.8517247736454 0 0 2.153844647109509 12.5770338177681 1.792085520923138 90.74906370788813 6.358561411499977 6.020525932312012 0 0 20.77924332022667 0
65.09308905154467 482.5634864270687 7208.716395430267 6.40089874714613 2.853391051292419 104.533828727901 1364.726242691278 386.1929087117314 13.35585477203131 104.1402058824897 2872.164076805115 14.00750158727169 1656.984855644405 287.0273758992553 0.7997267693281174 98.85012844949961 2654.677329011261 3543.063592538238 5541.652216106653 15.31539635360241 316.8115741536021 197.3196194693446 3101.156501896679 113.5785925090313 577.2735136449337 20914.94260790944 20044.4767825976 159.0979502275586 309.9873327314854 368.5462884381413 699.3593462258577 29.00457388907671 23.44919067621231 1507.045141607523 32.61552350968122 4372.442887738347 8512.472892589867 4433.906039558351 1734.634254410863 104.4529447034001 9.237622708082199 196.3835135325789 19.63679657876492 0.8837650492787361 400.9271601215005 44.43493829667568 1.020270884037018 0 0.3833055645227432 4.195863291621208 0.1693094074726105 2.802070483565331 0.1962209194898605 151.5898502394557 0.1153507083654404 477.7230798080564 1.398374520242214 0 9.421332113444805 131.6430406421423 347.1145684868097 400.2758369669318 0 1.416473411023617 17.29454761743546 15.00507494807243 8.94447422772646 399.5544957667589 2528.715458735824 5025.405808135867 6.976037964224815 1.957341082394123 6.525907568633556 385.2366459593177 0.09557490795850754 0 9.348331183195114 24.66522718220949 54.77500263601542 549.5535727515817 54.10392548143864 25.71465467661619 2.761758789420128 2.210061699151993 4.575955763459206 0
22.2923399284482 7446.020391501486 9040.893146149814 3.615743681788445 1.709547854959965 10.35592783242464 343.976013764739 52.58063661307096 221.1406194791198 21.53276504576206 859.6863444074988 4.37456876039505 4836.885186895728 53.91134462505579 4.497039712965488 4675.895314231515 6576.798254467547 847.4094910621643 2081.942182831466 2.985042609274387 901.9886715784669 7296.796591080725 11659.59684466571 1955.163302391768 4740.49564063549 20044.4767825976 42260.06405950338 855.6744778007269 165.5398986414075 148.0121527314186 1341.299898326397 4.609452709555626 20.56236243247986 1787.353448070586 95.4966051876545 6206.314060762525 5037.74091360718 5827.220883950591 2661.989818163216 202.1404738649726 17.47094302624464 83.05428550392389 32.14051104336977 2.375276036560535 3127.618597127497 649.291113846004 0.4826176315546036 0.1124463304877281 0.1679648160934448 63.9387149810791 0.7664603367447853 18.08136808872223 0.7803573757410049 107.2103705853224 0.5153923332691193 332.1590214520693 3.257736407220364 0.9577985107898712 1335.904503569007 1081.483928240836 275.4830852225423 527.3110428899527 0 26.37983771413565 1427.507386550307 1195.113505192101 154.4352656751871 434.0986712574959 4216.464384153485 18616.61147521436 164.2066620960832 3.776279635727406 23.8513480052352 266.4883415177464 0.2080062329769135 0.3753345459699631 47.21077996492386 33.65854717046022 464.6526295691729 790.0253322049975 402.3980781883001 258.7620407119393 14.3561444580555 2.274520561099052 7.722133308649063 1.287575408816338
