1206.212672710419 0 32.71462070941925 5.882190987467766 0.5949509218335152 40.61440725624561 3061.130372546613 726.0011779367924 6.971906416118145 125.9826647788286 5.654877237975597 8.664394877851009 0.1097072139382362 6456.536087714136 0.6882231310009956 0 213.8276945725083 1.262611858546734 15.00224101543427 9.126425661146641 32.18915643543005 0 235.9852716773748 40.76001016050577 0 20.43542517721653 5.155802644789219 49.56017974019051 4957.392121650279 4618.186191685498 0 11.49665000289679 11.54805132746696 32.44565857201815 0 7.092533379793167 0.9431939646601677 21.14254368841648 1.81617096811533 8.909126475453377 1.026986986398697 0 0.1118167787790298 0 0.2373647540807724 0.1343913823366165 0 0 0 2.525213457643986 0.07795010507106781 1.155313767492771 0.6692901998758316 0 0 0 0.1375447362661362 0 0.1380821615457535 0.1035209819674492 0 0 0 0.2190311253070831 0.3374990895390511 0 6.42789476364851 0 0.5893409922719002 0.4170652478933334 4.963076613843441 0.236805185675621 0.2950822710990906 0 0 0 0.1125343888998032 0 0.5113651007413864 0 0.6614371240139008 0.2798254489898682 0.7911702394485474 0 0 0
0 89.63143824785948 37.48624243587255 0 0.09569598734378815 0.6600188836455345 1.383051887154579 0.8784172311425209 338.7738348767161 0.52958894520998 91.76402252167463 1.315706312656403 524.2074758708477 0.5343722999095917 5.897603586316109 372.0449442639947 34.49757934361696 29.04798626154661 61.69717890769243 0.1180704981088638 10.65226522088051 3113.484533391893 3.717980220913887 715.9110910445452 1995.605252698064 863.5358410403132 8858.010955072939 20.75479375571012 1.109182476997375 3.445057205855846 31.98707889020443 0.4186418056488037 0.1504551619291306 39.92712517082691 0 21.92058388143778 34.44597299396992 131.5827245637774 5.862258687615395 22.05156225711107 0.6140869557857513 232.7347815707326 0 1.135000020265579 27.86411339044571 192.1608861535788 0.1163839474320412 0 0.1125263273715973 3.498221524059772 1.360979974269867 1.022157117724419 0.1388396024703979 5.37926410138607 0 41.9885034263134 3.275285765528679 0.1388733386993408 34.40285366028547 31.13065841794014 7.980411030352116 38.36329387128353 0 3.237977363169193 22.92475143820047 26.08257935941219 11.33130484819412 33.37556095421314 379.398201406002 1662.271231628954 4.706626743078232 1.447618722915649 4.730808287858963 4.35744309425354 0 0.271083377301693 6.080365255475044 0 22.19114461541176 23.03809405118227 42.80081826448441 9.020542606711388 0.5939538031816483 0.1422431170940399 2.674304723739624 0
32.71462070941925 37.48624243587255 3251.758236020803 161.9181741327047 0.410662829875946 225.9444406554103 3005.386092893779 845.5692993476987 10.29017296433449 363.9280244782567 27.98161448538303 11.2978683039546 35.7924225255847 311.682405769825 1.476500816643238 127.4013953432441 8353.798908554018 30.06685227155685 339.1539224237204 36.60525305569172 938.9826516956091 7.494809791445732 11478.21374793351 526.4833437800407 2.540986955165863 3552.810879997909 12183.84311288595 2336.941557824612 132.171153858304 652.0280345976353 0.1308708041906357 4.951832883059978 10.64681180566549 974.9416383877397 47.78816725313663 3265.377770468593 956.054017201066 3102.678630284965 1878.631110243499 44.01689297705889 13.03093867003918 8.874152317643166 13.66473215818405 9.240884080529213 170.1083894371986 3783.500739395618 0.5889337509870529 0.1282345056533813 0.8622247204184532 41.14954324066639 5.396936655044556 3.84351110458374 2.133002117276192 1.378721714019775 0 1.736792489886284 23.77055022120476 0.163472980260849 56.86217827349901 483.3467405363917 2.311575047671795 72.90154016762972 1.286704868078232 24.50778109580278 30.7722110748291 349.2005843520164 36.95448445528746 4.040019065141678 822.7066134512424 3227.604520276189 36.80114877969027 7.755561359226704 32.69453196227551 1.049724951386452 0.2146601676940918 0.4215753823518753 35.05764766782522 10.29283106327057 167.183974660933 80.40148693323135 234.1551470085979 76.11709700524807 2.412709452211857 0.2792295515537262 0.6286145746707916 1.590686678886414
5.882190987467766 0 161.9181741327047 6761.095069505274 8.55265236645937 168.8501198813319 187.2999893426895 105.6536611691117 1035.587202519178 3954.020904630423 2.617682807147503 3295.042171597481 2.611089512705803 74.74446880072355 219.0609219074249 0.1398699432611465 8.816647365689278 1.034490287303925 0.8955242931842804 8345.84466598928 7.685411728918552 0 29.18546023964882 4270.33328576386 2.27741527557373 10.01977367699146 14.07061847299337 6966.972362436354 210.5429036915302 28.09088078886271 0 4.499146349728107 21.58583741635084 84.34925895184278 1.634189695119858 530.7354581132531 7.213569447398186 201.7659473419189 68.99432027339935 282.3682022467256 7.552757635712624 3.748513102531433 4.320620402693748 2.65211395919323 0 0.6286145895719528 191.6489677131176 0 14.02934052795172 141.2493402734399 12.74718330800533 217.9271643981338 112.1378595978022 0.1504969298839569 73.31188414990902 0 1.946360111236572 3.479362539947033 1.223124474287033 0.5012726187705994 0.09397172182798386 0 127.5213210657239 2.599019467830658 0.5389531999826431 1.368292585015297 589.5978584736586 0 0.2763108611106873 2.031912319362164 400.0737905651331 4.795210286974907 6.969028323888779 0 0.1816629022359848 0 1.651778943836689 0 137.2143506929278 0.297023743391037 11.15517240017653 1.318628244102001 193.1975861042738 0.5303412228822708 2.038035869598389 0.2595385909080505
0.5949509218335152 0.09569598734378815 0.410662829875946 8.55265236645937 135.6915557384491 715.1325070559978 9.590565614402294 70.41343702375889 91.66173020005226 9.466836899518967 121.6335941851139 136.6323868408799 23.52026079595089 7.227923721075058 1418.237249910831 0 2.200387142598629 12.5287047624588 3.304155007004738 5.359547346830368 0.1871432140469551 2.224956750869751 0.4892642572522163 41.26646661758423 2.727331280708313 1.515458397567272 0.9844752103090286 8.924376837909222 177.7280877456069 1.560435883700848 0 594.8445364758372 0 602.8241946771741 0 48.57683827728033 4.904722116887569 267.631540723145 30.68276913464069 3259.965896762908 48.86616535484791 3.169917315244675 17.72761159390211 0 0 0 0 0 0 0.3201560974121094 0.8347066044807434 0.3146171569824219 0 0 0.8780172169208527 0 0 0 0 0 0 0 0.7456908226013184 0 0.957787811756134 0 1.81060816347599 0 0 0 0.4561749771237373 0 0 0 0 0 0 1.189881205558777 1.907215163111687 0 0 0 1.669375970959663 0 0 0
40.61440725624561 0.6600188836455345 225.9444406554103 168.8501198813319 715.1325070559978 18575.31919057667 5942.805816948414 5136.424898296595 61.81140624731779 8505.954188376665 218.9690936282277 4748.21800327301 50.3493639305234 1352.435364603996 1739.071968302131 0.6994466930627823 193.7152900919318 39.58791077136993 19.30754236131907 527.0377679169178 36.69413747638464 0.993549644947052 207.2438640892506 74.72247226536274 12.7564876973629 49.41057820618153 14.13658061623573 1140.040766790509 1420.916253603995 228.8257481604815 0 703.0223517119884 9.285889774560928 463.8940682187676 0 679.5085258036852 27.20598963648081 631.4898621812463 97.50582085549831 3143.434707641602 103.9539311081171 15.53497958928347 28.08433998376131 0.204684853553772 0 0.4053353667259216 22.16218021512032 0 2.111937403678894 16.92497642338276 0.3497339487075806 9.035150654613972 14.3356334194541 0 11.56395278871059 0.531751811504364 1.193991273641586 0.8869611769914627 0.1886609494686127 0.2290519028902054 0 0.1487113535404205 11.45013324916363 0.6653205305337906 0.1565583497285843 0.1528851836919785 60.72362416982651 0 0.5768246874213219 0.8003801852464676 34.4465095475316 0.2759577035903931 1.013841554522514 0 0 0 0 0.5741742253303528 92.70911228656769 2.087342739105225 0.2578642070293427 0.1456677466630936 53.97932913899422 0 0 2.262842655181885
3061.130372546613 1.383051887154579 3005.386092893779 187.2999893426895 9.590565614402294 5942.805816948414 23734.98080148548 5648.167474076152 486.4372263327241 21790.05429211259 25.96862048655748 139.8250145614147 5.83179447799921 7541.231421791017 78.95382344722748 8.581017628312111 176.0794574171305 8.844216533005238 7.944041907787323 444.0197657570243 727.5703797489405 3.460356682538986 1586.795836769044 1811.458661407232 0.8736053332686424 113.1363081485033 105.4855337515473 19385.77636788785 1251.020837880671 7377.917992040515 0.1062511056661606 39.29093429073691 95.65257532149553 311.3095005303621 3.696863740682602 1368.388586349785 25.77931250631809 682.5708530247211 247.0679879635572 265.9742893651128 18.03072542697191 3.150259122252464 20.04948957264423 2.05775361508131 0.7329354137182236 16.30578050017357 46.95192566514015 0.2825309932231903 2.503106988966465 230.7639795914292 12.75438809394836 110.6568467095494 59.02811929583549 0.1206224411725998 10.29718998074532 0.1697478145360947 8.700827106833458 1.541337698698044 8.419354677200317 1.694423630833626 0 0.3579548075795174 24.13383011519909 7.505921512842178 4.36441358923912 13.49504156410694 522.6679655611515 0 7.898980028927326 23.29934972524643 431.8054798990488 18.89748883247375 29.01210958510637 0 0.1147978529334068 0.291995033621788 1.22232885658741 2.288257569074631 125.3365216702223 0.5668349415063858 18.11149303615093 2.753801517188549 28.53777026385069 2.658945769071579 0.4198231101036072 1.051393911242485
726.0011779367924 0.8784172311425209 845.5692993476987 105.6536611691117 70.41343702375889 5136.424898296595 5648.167474076152 13145.2778737694 27.1692206338048 5145.597612440586 59.93821455538273 720.3564067482948 12.99118972569704 8918.041084032506 135.3275572881103 0.7129571288824081 1584.551055490971 13.44839958846569 93.72049836814404 375.9187592491508 213.606027238071 0.2390378415584564 1536.630483008921 187.7597412019968 1.894042178988457 274.3475299030542 74.40831734240055 423.9329443350434 815.1272819936275 2398.611745595932 0.2122955545783043 264.3278080001473 11.94970289617777 208.4410904943943 0.4733698815107346 156.7978613004088 13.17808772623539 152.7258665710688 36.73587489128113 654.8491805121303 27.22675086557865 2.513235926628113 6.711129300296307 0.2207294628024101 0.7268643528223038 3.541351310908794 0.5806488543748856 0 0 7.670722045004368 0.1098141521215439 7.799496345221996 0.6269668489694595 0 0.5625811964273453 0.1146862283349037 0.6027729660272598 0 0.4401312544941902 1.590987354516983 0 0.8541844338178635 0.7816890180110931 1.087967790663242 2.89474231749773 0.865863561630249 40.17651405185461 0 9.189109541475773 6.387766525149345 27.68160408735275 1.755080349743366 1.777237072587013 0 0 0 0.6572331190109253 0 4.49554880708456 0.3355229794979095 3.284516215324402 0.4874913096427917 0.44174575060606 0 0 0
6.971906416118145 338.7738348767161 10.29017296433449 1035.587202519178 91.66173020005226 61.81140624731779 486.4372263327241 27.1692206338048 1131.792711481452 138.9127193465829 13.62181282043457 365.6989152655005 58.37521318346262 25.59276203066111 1106.156674265862 270.0906336829066 8.840694151818752 9.168467223644257 7.900326952338219 458.5335417464375 44.56540138274431 3212.47128597647 40.12395372986794 5727.328313373029 211.1828277558088 52.0227177515626 1010.717857681215 1986.04068607837 136.839739471674 275.6848013177514 2.803319543600082 6.273603856563568 32.43014115095139 49.84830706566572 4.52232651412487 417.9702674746513 26.57305910438299 134.4465553313494 58.97770823538303 521.9710197523236 4.548670887947083 17.19631629437208 4.360946580767632 9.30797366052866 2.403343737125397 6.501163028180599 56.52812199294567 0 7.495180480182171 149.444016776979 15.52881017327309 96.81270106136799 50.267846532166 0.6722370088100433 15.27099618315697 3.748280040919781 28.02730125933886 0.1500715017318726 546.9778849631548 2.238566212356091 1.115657992660999 0.3951680064201355 37.51627206802368 94.07393203675747 172.1433433815837 180.6289941072464 1310.307671554387 0.1301976293325424 7.316480211913586 33.32829061895609 546.2750143185258 39.00802046060562 84.76132751256227 0 0.3595882728695869 1.559373065829277 6.239974364638329 0.4628734886646271 87.37779722362757 1.707660235464573 18.80864405632019 4.220496512949467 24.02122647315264 1.022564381361008 0.9763703495264053 0
125.9826647788286 0.52958894520998 363.9280244782567 3954.020904630423 9.466836899518967 8505.954188376665 21790.05429211259 5145.597612440586 138.9127193465829 49393.62393123657 52.04463943094015 5930.332347340882 10.07088450342417 2048.705591097474 32.44027911126614 0.4598918110132217 39.77908416092396 15.31646950542927 5.483747370541096 6499.526420906186 41.80778867006302 0 136.8266390189528 141.2655009254813 2.182230286300182 27.22431008517742 17.24012190848589 14954.80452042818 1657.160450458527 129.5108118057251 0 70.56951423734426 49.76491890102625 560.600917942822 1.926357865333557 1711.407241389155 26.68587657064199 1182.215313732624 278.0873290449381 257.6572308465838 71.80689506977797 1.968385063111782 35.60292941331863 0.7149207592010498 0.2602590098977089 1.887240067124367 78.13078285753727 0 8.88233545422554 104.6208469644189 6.459835857152939 72.96888653188944 51.60301084071398 0 16.93304196745157 0 1.359867841005325 0.3173303157091141 0.4992173910140991 0.2485853582620621 0 0 48.69155713915825 2.218374788761139 0.3953623920679092 2.184981510043144 273.1709270477295 1.040276557207108 0.6785719022154808 1.684794433414936 212.0396832376719 3.962248206138611 7.097222127020359 0 0 0 1.237936250865459 0.8415551111102104 85.48445220291615 1.533933758735657 4.743436887860298 0.7271201908588409 56.36249721795321 0.674447163939476 0 0.3465359210968018
5.654877237975597 91.76402252167463 27.98161448538303 2.617682807147503 121.6335941851139 218.9690936282277 25.96862048655748 59.93821455538273 13.62181282043457 52.04463943094015 10850.53078963608 123.1992116346955 2375.552853293717 493.1228084862232 3.426078051328659 1.780408263206482 174.6049819812179 4648.65490654856 691.5536432862282 28.60965462774038 13.57746995985508 54.18448274582624 20.72101493924856 27.55901012569666 1250.938571751118 1077.49789454788 625.4051755666733 13.94513950496912 674.1127855479717 9.439225114881992 60.44989250600338 477.2420005202293 4.992535546422005 7887.043393030763 12.45628993213177 1275.415246844292 4278.506831616163 7345.844024524093 2692.594315387309 134.8242364004254 195.1780631393194 2697.238005429506 13.60372960567474 0 5.973653227090836 1.137699380517006 0.8755650147795677 0 0 0 0.1234328523278236 1.527213267982006 0.09943199902772903 119.2032634392381 0.1006813123822212 781.4056195244193 0.4695930853486061 0.1052653267979622 0.5053712651133537 0.2764386385679245 120.0007131099701 3.622204914689064 0 0 2.111428640782833 0.3322356641292572 4.710485123097897 266.0355750247836 107.3551173061132 234.5734232440591 2.522126607596874 0.1207923665642738 0.4039445519447327 102.0086396038532 0.1151877045631409 0 0.5888391733169556 19.80999349057674 98.16410249471664 183.5952897071838 6.004823312163353 0.2565181627869606 0.6229909509420395 0 39.82070066034794 0.577738344669342
8.664394877851009 1.315706312656403 11.2978683039546 3295.042171597481 136.6323868408799 4748.21800327301 139.8250145614147 720.3564067482948 365.6989152655005 5930.332347340882 123.1992116346955 17621.67241023481 24.83443023264408 954.0855442211032 1285.082700110972 0 10.64431115239859 32.57697524875402 13.20790749788284 9036.459376692772 1.737804472446442 0.7723935171961784 7.610553808510303 384.5993318855762 8.604589156806469 168.6135667264462 10.9200442135334 663.5834322348237 1236.800934672356 15.43953551352024 0.2363957762718201 113.6806099116802 4.828602068126202 493.3896092996001 2.532399594783783 1324.646286226809 27.04361442476511 1105.50704793632 174.3451578095555 2914.046535074711 115.7614042833447 9.992055460810661 20.93394522368908 0.5158915370702744 0 0.2529222965240479 233.3356009796262 0.4211952537298203 24.2229281142354 36.89244435727596 7.09569339454174 64.23883751779795 61.74859737604856 0.1252820789813995 214.4507111161947 1.035458445549011 4.010149136185646 4.523693546652794 0.5530931204557419 0 0.2972280085086823 0 150.078560076654 3.825290232896805 0 0 294.2659016773105 0 0.7820684611797333 2.340834245085716 131.2985282093287 1.397100880742073 3.025890253484249 0 0 0 0.603553518652916 1.223653554916382 406.2785064354539 4.557675704360008 7.481345020234585 0 422.4218158870935 0 4.474085211753845 0
0.1097072139382362 524.2074758708477 35.7924225255847 2.611089512705803 23.52026079595089 50.3493639305234 5.83179447799921 12.99118972569704 58.37521318346262 10.07088450342417 2375.552853293717 24.83443023264408 5626.985938124359 29.74230775982141 3.960710473358631 7.496038518846035 6.121272794902325 90.07735995203257 20.71463022381067 5.151216268539429 6.856705650687218 261.4670225679874 18.57829532027245 83.8082774206996 6959.318193219602 865.2774293869734 7773.330161891878 6.544253937900066 41.85115969926119 0.9244909808039665 543.9512172788382 60.2254773080349 0 397.8588460981846 40.35949459671974 2233.33141836524 5276.047733612359 6540.947661012411 685.1600526049733 169.5079510211945 62.71716829389334 1610.34162761271 16.80526945739985 0 4.376086294651031 2.552832871675491 0 0 0 0 0.116136722266674 0.4672511965036392 0.1266331374645233 157.2136597186327 0 1006.537212476134 0 0.09698066115379333 0.8851003125309944 0.1238870024681091 129.8747102022171 6.306617863476276 0 2.020961463451385 2.483676537871361 0.1180116087198257 4.404614925384521 518.2761844992638 161.1431614607573 256.8755332380533 0.6891670525074005 0.1046879813075066 3.908337831497192 103.0426202863455 0 0 2.721795029938221 225.990148216486 350.9417790472507 261.4547648504376 19.90497151017189 6.967408023774624 17.13369804620743 1.820751309394836 67.10653685033321 4.601461052894592
6456.536087714136 0.5343722999095917 311.682405769825 74.74446880072355 7.227923721075058 1352.435364603996 7541.231421791017 8918.041084032506 25.59276203066111 2048.705591097474 493.1228084862232 954.0855442211032 29.74230775982141 16110.74844783545 31.63035473972559 1.338183984160423 1074.942663662136 99.8869918808341 91.54265247285366 358.6838185787201 181.2676073536277 1.580631405115128 1159.496316589415 194.4803470000625 6.862151257693768 140.3266999870539 39.41797108948231 318.7095320597291 7679.815506402403 4551.896063979715 0.1284749507904053 163.2123328447342 9.824344135820866 1033.217705748975 3.009908258914948 680.8148123398423 41.81759677827358 753.786659270525 51.5754709392786 818.8691680058837 74.5528784096241 6.064607590436935 30.58260992914438 0.5490604043006897 0.1145384907722473 1.855953849852085 0.3871775716543198 0 0 8.379489883780479 0.5538863465189934 6.612726919353008 1.505794078111649 0.4204209297895432 0.4286102801561356 0.2138094380497932 0.2684386894106865 0 1.600298941135406 0.7159602493047714 0.1030987054109573 0.6859698221087456 1.067996025085449 2.183389715850353 1.934215098619461 0 36.4729223549366 0 3.979351848363876 2.165801435709 34.10291793197393 1.115344122052193 2.689057812094688 0.1327701956033707 0 0 0.1240252107381821 0.8300627619028091 13.61517202109098 1.044956363737583 1.797642089426517 0.2389635965228081 0.9956658780574799 0.1090694516897202 0 0
0.6882231310009956 5.897603586316109 1.476500816643238 219.0609219074249 1418.237249910831 1739.071968302131 78.95382344722748 135.3275572881103 1106.156674265862 32.44027911126614 3.426078051328659 1285.082700110972 3.960710473358631 31.63035473972559 336.0532370954752 2.322459794580936 0.3162549734115601 0.4519080445170403 0.4109351933002472 97.08812981843948 0.3633171319961548 26.03001002967358 0.4896520525217056 1004.675367675722 6.513374142348766 0.957782194018364 22.60071948170662 198.9214576110244 23.92823514342308 10.20728415250778 0.136329710483551 477.5704130083323 2.529458500444889 11.21141636371613 0 79.37085423618555 5.469053134322166 14.61137955635786 3.064062759280205 1321.329377427697 21.73290030658245 0.5065082460641861 0.1725969463586807 0 0 0.2184301912784576 14.35904090106487 0 0 1.179834105074406 0.1725316196680069 3.644701093435287 1.066425308585167 0 7.364715948700905 0 0.2624618709087372 1.176699787378311 2.611080847680569 0 0 0 7.278642281889915 1.520047657191753 3.239174529910088 0.1889649629592896 23.65458443015814 0 0 0 7.761443331837654 0 0.4089567363262177 0 0 0 0 0 44.58861689269543 0 0 0 41.89244028925896 0 0 0
0 372.0449442639947 127.4013953432441 0.1398699432611465 0 0.6994466930627823 8.581017628312111 0.7129571288824081 270.0906336829066 0.4598918110132217 1.780408263206482 0 7.496038518846035 1.338183984160423 2.322459794580936 8771.263670384884 128.885321572423 2.948054946959019 16.94236582517624 0 2926.396288216114 3045.351096324623 3612.73460354656 1964.97438352555 19.53066243231297 39.5403990149498 8417.017601937056 681.0554353818297 3.507994540035725 244.0219386145473 0.1172007247805595 0 3.631312474608421 140.4424393922091 36.44156444817781 1977.053455993533 403.2584885209799 623.384503595531 443.2864859774709 74.02723710238934 6.640685237944126 3.002609051764011 14.55880647152662 1.568490870296955 31.26219177246094 262.3074171617627 2.037010431289673 0 0.7229442149400711 34.02557487040758 1.351789422333241 9.503968566656113 4.258658617734909 0.3031458705663681 0 0.2444193586707115 4.275734536349773 0.1003382354974747 2812.985534250736 11.36429220438004 0 1.588846430182457 0.3788338303565979 424.253979973495 928.4504210650921 2395.942632913589 366.1129744872451 1.089799880981445 17.6297230347991 998.9444833993912 255.6843534708023 12.95803733170033 60.05101796239614 0 0.1272166669368744 1.682098671793938 12.50952028483152 1.570604205131531 182.8251462504268 12.74844828993082 49.26375959068537 19.76813820749521 2.869727291166782 0.276808500289917 0 0.651292510330677
213.8276945725083 34.49757934361696 8353.798908554018 8.816647365689278 2.200387142598629 193.7152900919318 176.0794574171305 1584.551055490971 8.840694151818752 39.77908416092396 174.6049819812179 10.64431115239859 6.121272794902325 1074.942663662136 0.3162549734115601 128.885321572423 1713.886489778757 163.3607067465782 4921.858893349767 6.296326316893101 1564.232409067452 21.7275056540966 5208.20874491334 110.8963105157018 4.202120885252953 4595.386835277081 7767.122346013784 254.9225295484066 1735.838503062725 1275.384907431901 0.5460165143013 14.84853709489107 325.4390528202057 3816.771313481033 7.994012266397476 718.8248924314976 409.007543541491 1848.44944639504 419.9117618650198 23.45753803104162 5.076581284403801 2.666939228773117 3.334020771086216 0.6458385288715363 28.24768107384443 265.4135157614946 0 0 0 6.544346176087856 0.472524419426918 0.9136969894170761 0.4865073412656784 0.4466255307197571 0 2.051761314272881 2.099076554179192 0.2626133859157562 24.94102418422699 95.09990702569485 3.055862560868263 57.63955836743116 0 6.39797668159008 6.473894201219082 31.74931482225657 12.54906503856182 5.511443883180618 537.2854158580303 437.4520920366049 9.43149097263813 0.6076423451304436 2.793694362044334 0.7777337729930878 0 0 8.232914365828037 2.069276124238968 25.67917586863041 20.32049317657948 42.43280538916588 7.414146542549133 1.039232477545738 0 0 0
1.262611858546734 29.04798626154661 30.06685227155685 1.034490287303925 12.5287047624588 39.58791077136993 8.844216533005238 13.44839958846569 9.168467223644257 15.31646950542927 4648.65490654856 32.57697524875402 90.07735995203257 99.8869918808341 0.4519080445170403 2.948054946959019 163.3607067465782 460.7234579622746 1293.384697243571 7.414019539952278 11.16246246546507 28.44870703667402 26.03611566126347 15.79725787043571 184.7678357735276 1365.812556914985 534.8289600908756 3.573676005005836 154.9612462520599 4.899974755942822 29.09532107412815 57.28523487597704 2.625124081969261 1726.983155034482 18.58001265674829 1927.235895998776 3309.850357286632 3573.603602170944 1660.337180532515 26.37883239984512 7.127250276505947 37.15369295328856 13.37703315168619 0 9.137455448508263 2.125886999070644 0 0 0 0.4324709326028824 0.09027049690485001 0.7652391046285629 0 31.49087492376566 0.1098381280899048 314.3998235836625 0.3449960350990295 0 1.256045371294022 1.84393148124218 212.8242054358125 45.40159031748772 1.660894155502319 0.9720626920461655 0.8430018648505211 1.324144572019577 3.062060482800007 108.714636772871 440.5568814724684 535.0504710078239 1.033661119639874 0.2427873313426971 0 102.0732524693012 0 0 2.176878117024899 14.10266913473606 19.01865220069885 93.92598611116409 10.33390487730503 1.975137792527676 0 0 1.546073496341705 0
15.00224101543427 61.69717890769243 339.1539224237204 0.8955242931842804 3.304155007004738 19.30754236131907 7.944041907787323 93.72049836814404 7.900326952338219 5.483747370541096 691.5536432862282 13.20790749788284 20.71463022381067 91.54265247285366 0.4109351933002472 16.94236582517624 4921.858893349767 1293.384697243571 3236.367659620941 3.070300228893757 130.355773858726 17.22286929935217 493.7616538256407 21.63772738724947 37.62720680981874 2935.534862615168 2292.845296606421 23.31051956117153 199.8359500840306 130.5631248876452 1.6798365265131 17.02119527757168 30.17730228602886 3824.463110014796 12.04026201367378 2269.771973647177 1848.469835199416 3788.377694264054 1218.509220600128 16.06218415498734 2.085030995309353 7.606173127889633 5.706660181283951 0.5933427661657333 39.35005053132772 29.74478946626186 0 0 0 1.632821947336197 0 0.9824528098106384 0.2534208372235298 9.315076664090157 0 48.4607687368989 0.4774693846702576 0 6.058635205030441 40.00132850557566 108.1576659977436 240.888248577714 0 1.62544658780098 3.45582690089941 2.372481256723404 4.547459334135056 45.15440808981657 1296.574351921678 743.3087726384401 2.20834182202816 1.084169521927834 2.394877105951309 23.25193943083286 0 0 6.555382460355759 3.120514199137688 19.81733208149672 61.49462413042784 42.37331070005894 6.072361327707767 0.1253917962312698 0 0.2405833005905151 0
9.126425661146641 0.1180704981088638 36.60525305569172 8345.84466598928 5.359547346830368 527.0377679169178 444.0197657570243 375.9187592491508 458.5335417464375 6499.526420906186 28.60965462774038 9036.459376692772 5.151216268539429 358.6838185787201 97.08812981843948 0 6.296326316893101 7.414019539952278 3.070300228893757 1926.673618629575 2.890877820551395 0.2067039534449577 13.50527880340815 490.2280050069094 7.498723343014717 4.902910470962524 3.267329022288322 4959.746273845434 758.7467529922724 16.83701176941395 0 27.00500109791756 16.45400868356228 272.7206583246589 1.791593134403229 1197.455086365342 24.37885610759258 624.3238007575274 149.713397026062 432.5966873466969 36.32458519935608 3.52527329325676 29.45849067717791 1.755822226405144 0 1.557260036468506 144.1982145905495 0 13.89526128768921 168.4665339142084 10.5453744456172 142.5287673473358 107.0901937708259 0 54.69350961595774 0.3068056702613831 3.748588114976883 1.198403008282185 0.9952013939619064 0 0 0.3243692517280579 92.39051209390163 7.515546381473541 0.5016432702541351 0.779276579618454 465.6786963492632 0 0.2416989207267761 1.828760623931885 354.5484162271023 1.98881509155035 3.354925833642483 0 0 0 1.251624770462513 4.895893767476082 224.4319172054529 2.46888256072998 10.32052250951529 0.4908384829759598 187.9082712605596 0 0 0
32.18915643543005 10.65226522088051 938.9826516956091 7.685411728918552 0.1871432140469551 36.69413747638464 727.5703797489405 213.606027238071 44.56540138274431 41.80778867006302 13.57746995985508 1.737804472446442 6.856705650687218 181.2676073536277 0.3633171319961548 2926.396288216114 1564.232409067452 11.16246246546507 130.355773858726 2.890877820551395 21493.89743410796 168.3196056783199 20406.37945976108 1063.165554948151 2.168955378234386 31.81539004296064 1396.328140810132 6959.728911027312 272.2517080381513 18788.4362456128 0 2.71172159165144 103.6518950685859 4598.363201707602 131.1601224690676 6280.003831379116 661.7391121014953 5949.73383076489 2031.610554613173 357.2794941961765 41.43119958788157 3.745751589536667 57.10593628883362 1.572068624198437 2.689819030463696 40.18115423619747 2.949998572468758 0 0.09938346594572067 12.19895193725824 2.297021828591824 8.503582291305065 2.438218735158443 0.1093107834458351 1.897705875337124 0 6.007066808640957 0.7472350373864174 687.1056273430586 9.048031583428383 0 0.9579136371612549 0.455575555562973 394.0867622867227 148.3981883004308 299.5726970657706 355.9184315428138 0 8.312718793749809 75.54680212587118 312.158197529614 16.52485740929842 81.73631451278925 0 0 1.597936503589153 8.770841218531132 6.376842021942139 174.7521676048636 3.12697234749794 21.13414820283651 5.690902508795261 4.250537991523743 0.4366570711135864 0 0.5211954712867737
0 3113.484533391893 7.494809791445732 0 2.224956750869751 0.993549644947052 3.460356682538986 0.2390378415584564 3212.47128597647 0 54.18448274582624 0.7723935171961784 261.4670225679874 1.580631405115128 26.03001002967358 3045.351096324623 21.7275056540966 28.44870703667402 17.22286929935217 0.2067039534449577 168.3196056783199 2292.594725988805 104.2330358400941 6068.143678203225 1126.33266184479 159.6219748333097 4311.295490071177 128.2873014509678 6.07086505740881 174.5833504199982 13.37101297825575 0.683082103729248 5.56432332098484 57.65852685272694 1.685748189687729 332.2092714682221 63.57880996912718 122.4397282004356 29.30749618262053 150.5607079342008 0.2498630881309509 86.57482997328043 2.06685072183609 1.326451972126961 17.01983351260424 163.2146201431751 0.1226128414273262 0 0 11.70775070041418 0.200869545340538 5.523483671247959 1.794479660689831 1.269293420016766 0.3262929320335388 10.9964396879077 2.498608767986298 0 623.2231711000204 10.38680515438318 0.8259938284754753 1.458819016814232 0 48.19503504782915 104.7535253241658 413.8106764256954 109.7287752330303 4.8257000669837 19.08515968173742 1790.551474288106 70.0954338312149 3.473196052014828 12.14905549585819 1.323296934366226 0.1440680474042892 0.2225013896822929 4.952535472810268 0.2706689536571503 40.21315218508244 7.1553565710783 33.29361990094185 10.77957719564438 3.541244655847549 0 1.87877830862999 0
235.9852716773748 3.717980220913887 11478.21374793351 29.18546023964882 0.4892642572522163 207.2438640892506 1586.795836769044 1536.630483008921 40.12395372986794 136.8266390189528 20.72101493924856 7.610553808510303 18.57829532027245 1159.496316589415 0.4896520525217056 3612.73460354656 5208.20874491334 26.03611566126347 493.7616538256407 13.50527880340815 20406.37945976108 104.2330358400941 21111.42593985796 465.9938975349069 0.4690535962581635 1203.695207886398 11093.34371230751 3296.807773225009 682.4156057089567 5198.758431598544 0.2847468107938766 8.572378814220428 76.15215442329645 4294.560640059412 264.6507650315762 11773.6907992065 4326.508693493903 8192.27913030237 6035.905951440334 542.5284755453467 115.1208797171712 10.44457370042801 111.9473230838776 1.568006291985512 16.31985074281693 1151.455602400005 0 0 0 39.71595571935177 2.578236669301987 3.238844901323318 2.426763445138931 0 0.5362126380205154 0.3793817982077599 5.764304630458355 0 1561.505167685449 24.82487140595913 0 4.682149358093739 0.9180032014846802 129.4980823025107 286.2002825215459 2337.245594777167 79.09159318357706 0.6130589991807938 37.68950020521879 1705.78912255168 80.02962186932564 4.197422131896019 18.730413377285 0 0 0.7702877521514893 9.915316820144653 28.23652864992619 169.0449790582061 18.05166918039322 84.21993505209684 47.70652055740356 2.948495045304298 0.1673385947942734 0 0.7128381654620171
40.76001016050577 715.9110910445452 526.4833437800407 4270.33328576386 41.26646661758423 74.72247226536274 1811.458661407232 187.7597412019968 5727.328313373029 141.2655009254813 27.55901012569666 384.5993318855762 83.8082774206996 194.4803470000625 1004.675367675722 1964.97438352555 110.8963105157018 15.79725787043571 21.63772738724947 490.2280050069094 1063.165554948151 6068.143678203225 465.9938975349069 13284.94681034237 304.149292550981 135.9362723454833 3227.012040086091 7377.686791285872 1195.234992608428 3575.428791090846 5.550946474075317 10.84766229242086 420.5113868415356 698.3086787238717 37.33178428560495 4813.657961793244 251.9965300858021 1763.782055824995 671.7424846962094 1629.319538973272 25.77914785593748 20.65987125784159 25.97248838841915 31.2161727398634 9.898263737559319 99.00576689094305 211.3281917124987 0.1069962382316589 24.77372663468122 675.8378187865019 54.4482187628746 830.9112604185939 204.484506547451 3.470161512494087 59.09935165196657 3.802670679986477 85.58380582183599 4.073679342865944 543.891527928412 14.46438459306955 0.2439029738306999 2.651222236454487 149.194684818387 461.6101131588221 765.2116860002279 153.0184588357806 3507.912011668086 1.248299397528172 28.72880118340254 172.7135047614574 2636.647002078593 134.499772772193 349.2133418619633 0.2441911697387695 0.6759676933288574 3.555218555033207 32.88693479448557 4.805061645805836 639.9952862486243 12.13861981779337 118.6173337101936 24.23240731656551 202.5801379531622 7.941623196005821 1.065205618739128 5.626057475805283
0 1995.605252698064 2.540986955165863 2.27741527557373 2.727331280708313 12.7564876973629 0.8736053332686424 1.894042178988457 211.1828277558088 2.182230286300182 1250.938571751118 8.604589156806469 6959.318193219602 6.862151257693768 6.513374142348766 19.53066243231297 4.202120885252953 184.7678357735276 37.62720680981874 7.498723343014717 2.168955378234386 1126.33266184479 0.4690535962581635 304.149292550981 1317.133966080844 1048.309320412576 7202.290528923273 4.94090847671032 10.86943081766367 1.728704161942005 213.2816414833069 7.468585059046745 0.07818090170621872 587.3162846565247 0 365.9848680496216 891.7612413838506 2055.658102296293 100.7849656939507 68.27986210584641 64.24450860917568 475.4936233311892 7.169577553868294 0 10.69858628511429 3.764951094985008 2.250962734222412 0 0 3.053804889321327 0 0.9045352041721344 0 107.7273008525372 0 891.3732756003737 0.1227226257324219 0.1878402680158615 1.779020309448242 1.127322912216187 89.58100644499063 31.89338764548302 0 0.8777550160884857 8.323898814618587 1.443947412073612 5.79104870557785 106.1194376721978 276.6310012936592 472.3867159709334 1.122277274727821 1.039912551641464 0.1794101148843765 92.82414154708385 0 0 1.726345218718052 0.7660898119211197 323.7825433164835 66.26599833369255 17.20857486128807 1.536978647112846 18.81703209877014 0 12.87302707135677 0
20.43542517721653 863.5358410403132 3552.810879997909 10.01977367699146 1.515458397567272 49.41057820618153 113.1363081485033 274.3475299030542 52.0227177515626 27.22431008517742 1077.49789454788 168.6135667264462 865.2774293869734 140.3266999870539 0.957782194018364 39.5403990149498 4595.386835277081 1365.812556914985 2935.534862615168 4.902910470962524 31.81539004296064 159.6219748333097 1203.695207886398 135.9362723454833 1048.309320412576 24307.47291721404 22424.36296639591 94.64778707921505 168.251245059073 40.97485112398863 606.8539310693741 10.211964443326 20.63687757402658 794.2139190137386 18.43113575875759 2213.907670684159 3457.598786473274 2106.773763254285 764.0651568546891 24.39105995744467 2.954681426286697 44.37660006433725 8.389117613434792 7.11519917100668 323.0582656562328 352.7490871474147 0.1260836273431778 0 0 13.51000166684389 4.524169750511646 7.967242635786533 2.646150842308998 80.18196228146553 0 776.1170980557799 11.52116163820028 0.6070751845836639 17.09662266820669 296.2101643308997 511.5292000174522 792.2305710837245 0 7.20915674418211 19.69896281510592 16.4174128100276 28.57721798866987 471.9239693135023 5255.714449249208 4077.275140985847 10.3838599100709 4.222232505679131 20.33246218413115 233.0446785837412 0 0 40.55618967860937 5.325837373733521 111.7594999372959 303.6833149269223 210.7268063426018 37.63804966211319 4.072662837803364 2.077927187085152 2.91651739180088 1.64455646276474
5.155802644789219 8858.010955072939 12183.84311288595 14.07061847299337 0.9844752103090286 14.13658061623573 105.4855337515473 74.40831734240055 1010.717857681215 17.24012190848589 625.4051755666733 10.9200442135334 7773.330161891878 39.41797108948231 22.60071948170662 8417.017601937056 7767.122346013784 534.8289600908756 2292.845296606421 3.267329022288322 1396.328140810132 4311.295490071177 11093.34371230751 3227.012040086091 7202.290528923273 22424.36296639591 39288.58625106514 1051.613594427705 66.73013149946928 43.83238382637501 1150.010821677744 2.444634340703487 13.87194736301899 1618.369234740734 147.8485406860709 8199.335547193885 1595.77172446996 4778.358026891947 3348.055803142488 261.0551926717162 46.13537049293518 76.02696481347084 28.40792793780565 16.72475528717041 2350.367247320712 6615.798240959644 1.060089901089668 0.1369004547595978 0.6630399748682976 107.7556005865335 13.56151781231165 13.50489275157452 10.99812385439873 60.69215068221092 0 601.0120637044311 52.11678718030453 0.6385563015937805 1156.029861755669 859.3515118658543 474.7463916093111 870.2740531489253 0 95.67413323372602 745.960806325078 2345.66333348304 139.2677948698401 724.6639634743333 6728.082406252623 16494.34299604595 121.2476560771465 17.11390177160501 63.9155940413475 197.8709800168872 0.2969906255602837 1.530388295650482 123.1034961119294 46.17246502637863 445.6096400842071 379.7124954015017 673.4921413064003 172.8009350001812 6.480126053094864 1.22808101028204 5.122834615409374 0.7988418787717819
49.56017974019051 20.75479375571012 2336.941557824612 6966.972362436354 8.924376837909222 1140.040766790509 19385.77636788785 423.9329443350434 1986.04068607837 14954.80452042818 13.94513950496912 663.5834322348237 6.544253937900066 318.7095320597291 198.9214576110244 681.0554353818297 254.9225295484066 3.573676005005836 23.31051956117153 4959.746273845434 6959.728911027312 128.2873014509678 3296.807773225009 7377.686791285872 4.94090847671032 94.64778707921505 1051.613594427705 25824.87818472832 1557.515056937933 13910.07828390598 1.068434029817581 14.81645348668098 615.0041803345084 1132.299035556614 47.17998249828815 4997.418355792761 186.6079802811146 2618.060682833195 881.0445115715265 739.5015910342336 42.49216862767935 5.681892111897469 40.54507146030664 26.7798300459981 4.87142039835453 69.95073715597391 237.9830524548888 0.5642021745443344 23.70873679965734 647.3332324773073 46.05744174867868 479.228095151484 194.9074045941234 2.688815467059612 47.69811085611582 0.1267378181219101 82.57264038175344 3.017751790583134 285.0290315896273 10.85137302428484 0.2529809549450874 1.713358916342258 156.2874995544553 304.3157834261656 169.0508959367871 88.91092390567064 2467.799734972417 0 15.97923067212105 101.3322601392865 2123.50791849196 114.9138620868325 332.3392619267106 0 0.5528015568852425 1.925657004117966 27.28247787058353 5.853942364454269 622.9436575770378 6.527264095842838 87.11683270335197 20.57120487838984 151.6063890010118 5.227894529700279 2.153225183486938 2.10127267986536
