3670.119531840086 0.3008527681231499 242.1691413894296 2.839693799614906 4.96872665733099 71.62054240703583 2075.892346940935 761.3112508356571 3.355366714298725 81.90527644753456 26.00848864018917 8.496053904294968 4.892595998942852 8287.829771108925 0.2245948538184166 8.43702144920826 244.184224396944 19.4271098151803 70.01974534243345 10.19326707720757 148.3974552750587 1.174759909510612 151.4889426454902 23.76783774793148 1.059417799115181 122.5944081768394 88.02583887055516 44.89493199437857 8759.633345991373 4544.562612324953 3.187979727983475 41.8114757835865 130.5649887472391 260.9333146587014 0.5069572180509567 32.6558038815856 60.87079298496246 203.6312913075089 33.77605471760035 4.816048294305801 6.010234780609608 2.607865236699581 0 0 0 0.2275879010558128 0 0 0 0 0 1.415378227829933 0 0 0 0.4207204580307007 0 0 0 0.5183598250150681 0 0.9509108886122704 0 0.1435715109109879 0.2429599463939667 0.1178222745656967 6.995603956282139 0 2.957407258450985 4.72932069003582 6.088108494877815 0 0 0.1110813245177269 0 0 0.2176198661327362 0 0.4188008159399033 0.4638362973928452 0 0.1512891352176666 0 0 0 0
0.3008527681231499 66.07233541458845 18.47431384772062 0.1023020893335342 0.3691770657896996 1.211210526525974 3.232540115714073 2.112155929207802 485.167103946209 1.756104446947575 28.74716941267252 0.6430490240454674 546.4440010488033 0.9184910655021667 5.206581644713879 197.9428320601583 12.36623715609312 5.529486708343029 3.209859378635883 0.3704404383897781 3.948117442429066 2357.008360251784 10.05060680955648 568.4807344675064 2331.941871583462 98.02778875827789 7127.111107297242 28.81783783435822 0.8048932030797005 3.822820119559765 19.54900926351547 0.3064703345298767 0.08796864002943039 40.84583021700382 0 23.47784622013569 41.61260901391506 43.76800537854433 11.93312744051218 8.375735782086849 0 112.8198988586664 0 0.2973449230194092 89.06448601931334 44.47445164620876 0 0 0 3.295382626354694 0.8447686731815338 6.171380773186684 0.3383761346340179 7.356679998338223 0 23.62808250635862 1.496971681714058 0 3.347354009747505 28.27436129748821 2.050858788192272 30.78780151158571 0 0 77.40887947380543 6.184099614620209 12.73973272740841 23.70879304409027 157.5023624077439 748.6541130840778 2.750505499541759 0.2342651635408401 1.351011201739311 3.078890725970268 0.4625264853239059 0 11.32061705738306 0.1685341149568558 17.04764704406261 10.87538343667984 19.24312817305326 8.268785484135151 0.2921331226825714 0 8.127395108342171 0.2774780988693237
242.1691413894296 18.47431384772062 7941.874588668346 18.88611380755901 0.8118310943245888 155.9830016940832 1155.703822180629 496.0267387777567 2.162096701562405 194.4503627568483 81.80800088495016 4.880167156457901 15.29672313481569 750.8199096396565 0.1385312080383301 8.36132188886404 7963.377143524587 81.18665201216936 423.4571159109473 24.21631833910942 1605.959271512926 8.212458305060863 10382.18539287895 46.689423635602 22.31206952035427 9325.476055510342 5962.988319203258 434.3913494870067 126.4060362875462 994.457438595593 7.586364522576332 7.471287988126278 16.04079059511423 1431.875645555556 41.24945255368948 2096.499113149941 3502.35688778013 3942.169883973897 1419.05300194025 46.22903706133366 16.67612365633249 29.27895379066467 14.41232245415449 0.9240878373384476 95.70062062144279 580.1205218806863 0 0 2.000794813036919 41.05221167206764 21.8520737811923 2.256808206439018 2.819321490824223 2.534679174423218 0.08711596578359604 2.893730938434601 18.80441343039274 0 32.40063159167767 233.79522998631 1.142595693469048 54.23480495810509 0.1535517573356628 3.737964928150177 113.5324846208096 168.4152255132794 35.37987774610519 1.687670528888702 316.3629091158509 2263.710387773812 15.78866008669138 1.100622922182083 2.6172856092453 1.343640327453613 0.1563541740179062 0.1430198848247528 55.17708667367697 3.527699485421181 73.27758223563433 32.86025626212358 95.9123994782567 42.66738253831863 1.823820546269417 0.6178281903266907 1.371978282928467 0.1737990081310272
2.839693799614906 0.1023020893335342 18.88611380755901 1502.460741624236 1.807048819959164 162.4869648590684 198.5742083415389 14.13566629588604 1101.459389135242 4765.413028106093 0.7278776690363884 290.8851011916995 0.6261225938796997 21.22895289957523 28.62592958658934 5.933672040700912 2.48127406835556 0.4317464232444763 0.1953365355730057 3307.590919986367 18.83899213373661 9.003441601991653 12.88951391726732 2259.617958672345 0.3705239444971085 6.125813513994217 21.39174436032772 4421.579367078841 40.94349558651447 7.813372284173965 0.08939964324235916 1.907347001135349 18.78915156424046 37.59411597251892 1.543231219053268 204.5949962511659 7.123384870588779 89.57257670909166 54.69720969349146 65.79596615582705 14.61121758818626 1.863062262535095 3.355898141860962 0.2499650418758392 0.1202553659677505 0.6639725267887115 85.90036172419786 0.2487542331218719 27.30593835562468 47.64989974349737 7.659659065306187 138.7928138449788 121.6628906801343 0 59.62558712810278 0 1.555349543690681 6.262325972318649 0.8757053092122078 0 0 0 94.4026483297348 3.508054725825787 0.1038583293557167 1.824205480515957 283.6498904153705 0 0 4.725711442530155 187.6432609185576 0.5313508585095406 0 0 0.2656350433826447 0.9150958657264709 1.014238506555557 3.152829021215439 39.72066646814346 0 4.019283883273602 0.8846594914793968 34.92050977051258 2.538594730198383 0 0
4.96872665733099 0.3691770657896996 0.8118310943245888 1.807048819959164 128.4362031519413 907.0059208795428 3.91393867880106 84.79717239737511 85.31369698792696 25.47390049695969 88.96947826445103 69.25653208047152 17.10411886870861 24.31031432002783 2197.680731490254 0 1.417535811662674 10.8556769490242 1.017358936369419 8.570854671299458 1.534198403358459 2.205741919577122 1.188915967941284 22.91325681656599 2.150814101099968 15.71525275707245 6.361835330724716 6.101598724722862 60.09785938262939 2.204126782715321 3.918024122714996 166.4115402624011 0 553.2785238027573 1.231848612427711 63.5527570694685 11.00889231264591 417.8948983773589 22.15513194352388 2927.609384953976 333.7140792533755 6.919084995985031 1.478660121560097 0 0 0 0.1485457569360733 0 0 0 0 0.4099376201629639 0 0.09674273431301117 0 0.2573905736207962 0 0 0.2459110170602798 0 0 0 0 0 0 0 2.322125360369682 0 0.1491438448429108 0.2031538560986519 1.097309753298759 0 0 0 0 0 0.1750756651163101 102.542801886797 0.6488181948661804 0.3165528029203415 0 0.9477867186069489 0 0 0 0
71.62054240703583 1.211210526525974 155.9830016940832 162.4869648590684 907.0059208795428 13380.57683523744 2829.038069240749 7962.601684160531 213.5186219736934 4819.395288661122 189.0417799502611 4752.272654250264 44.90457586944103 1195.134184993804 2717.044051460922 9.614540934562683 41.12478299438953 56.08195727318525 17.17413085699081 422.6084878444672 190.4512829184532 13.72745016217232 64.52523289620876 244.8683170229197 7.74302514642477 120.5184500068426 103.7817233428359 866.7633007839322 858.1915426999331 123.659377425909 13.48014362901449 464.8743757978082 69.11467365920544 647.8072622045875 8.224848702549934 677.2183685526252 64.70116676390171 990.9520734548569 162.4490713477135 5783.739150375128 480.0658044964075 21.02709361165762 12.18960490077734 1.585953593254089 0.5282546207308769 1.862128749489784 15.47714626044035 0 6.87401220947504 21.91497191786766 3.278221219778061 49.92973783612251 35.2568224966526 0.6304062679409981 14.05670945346355 1.346338100731373 0.3923551291227341 2.169440507888794 2.006659239530563 0.114695243537426 0 0.2167283445596695 16.29437553882599 0.2348362952470779 1.699615076184273 1.806131079792976 149.4687831625342 0.5206124261021614 2.379201151430607 10.87616654485464 57.81560460478067 0.2322354838252068 0 0.1071800068020821 0 0.4200497567653656 0.2381458431482315 5.008017987012863 9.974090620875359 3.271262295544147 2.44838809221983 0.9270618259906769 8.924342811107635 0 1.630206860601902 1.474555015563965
2075.892346940935 3.232540115714073 1155.703822180629 198.5742083415389 3.91393867880106 2829.038069240749 19641.72589849681 1766.791902400553 297.4770668521523 14090.22894559801 20.86895986646414 36.86705610901117 5.181711606681347 3247.365792661905 9.884972393512726 63.54136770218611 311.3985902220011 15.4303271099925 41.19303773343563 251.3712758868933 1829.801345005631 42.7265193015337 739.5576565414667 1270.174054421484 1.717742815613747 265.1835766918957 283.8257812559605 17645.4888580218 768.2880675196648 7701.361717015505 1.843128845095634 27.08223661035299 173.9377161413431 396.1022520884871 25.48619328439236 1262.099191457033 137.8549751415849 909.4092522114515 452.1426744535565 133.4575158506632 119.8118973597884 4.840209260582924 15.13541802763939 0.9682815074920654 1.419405706226826 10.46876385062933 17.35948392003775 0.162484884262085 7.178155057132244 26.25345570594072 2.055995017290115 70.1120876967907 36.26492336392403 0 4.480869874358177 0.2678545415401459 1.790746621787548 0 11.31284383684397 3.254793353378773 0 1.200650580227375 14.22749747335911 3.824268363416195 5.272548504173756 7.453374601900578 237.4919263347983 0 6.828994892537594 53.08006938546896 123.5940617844462 1.294213987886906 0.8608240336179733 0 0.1663195341825485 0 1.771024778485298 12.36707492172718 12.02853437513113 0.5663174688816071 3.908598572015762 0.8726324737071991 2.972145602107048 0.5345873236656189 0.09555789828300476 0
761.3112508356571 2.112155929207802 496.0267387777567 14.13566629588604 84.79717239737511 7962.601684160531 1766.791902400553 14826.59988946468 56.2810687199235 1637.213197313249 217.3662289381027 373.7357952445745 42.6774238795042 7645.882272526622 96.41716723144054 10.85266207158566 430.4553415924311 64.8848680332303 151.1014998555183 92.07727959752083 376.7687522917986 9.618509016931057 249.807762414217 169.4543618708849 5.525505870580673 285.7739658132195 206.0471191480756 401.5183825790882 1639.656605787575 1220.269673764706 10.42144101113081 734.0280680805445 65.27348550409079 725.5971973538399 5.982838623225689 401.5378540307283 134.6723480969667 957.7207880094647 165.2369810193777 2028.873496264219 118.7506006583571 15.73351176828146 8.063678309321404 1.1665980219841 1.539827741682529 2.232416361570358 3.095148801803589 0 1.14955760538578 8.352483153343201 0.1142775118350983 20.45806185156107 5.895121112465858 0.09051868319511414 0.947166696190834 0.8753714039921761 0.1300513297319412 0 2.474487878382206 0.3843971788883209 0 1.247654892504215 3.889466755092144 1.889931887388229 1.677573442459106 1.736454963684082 87.53415128588676 0.5283369496464729 4.866984993219376 14.18592268228531 47.7819823846221 0.5260304659605026 0.9709184318780899 0.2621349170804024 0 0 0.5407115593552589 0.702344186604023 5.700369246304035 4.189037948846817 3.890487134456635 0.8142311573028564 1.752925731241703 0 0.4793890714645386 0.1112523600459099
3.355366714298725 485.167103946209 2.162096701562405 1101.459389135242 85.31369698792696 213.5186219736934 297.4770668521523 56.2810687199235 1450.523920312524 416.2427738308907 9.402307622134686 706.2488009408116 67.48744591325521 45.50091779977083 1006.109764888883 152.3538133203983 1.20026982575655 2.494196131825447 1.014915429055691 1829.024925611913 27.58221503347158 2227.151814170182 22.02360439300537 11048.87505444139 312.525206938386 13.41652619093657 562.1287037581205 1158.575000472367 35.24243269860744 71.0388672426343 5.57922899723053 3.015244871377945 5.358950778841972 35.26733441650867 3.391468331217766 251.6709282100201 12.4148371592164 72.51575424522161 44.28156280517578 335.4823343902826 14.72474607825279 10.57815406471491 3.436701849102974 3.848775021731853 2.469692707061768 1.511208221316338 193.303403750062 0.3421464562416077 27.8467920795083 75.26175913214684 11.99752379208803 143.3785704597831 196.8768395781517 0.8998127281665802 108.9670778587461 1.881946556270123 7.234238184988499 15.04050409048796 153.185972712934 0 0.1048364415764809 1.029339037835598 146.1331206560135 42.72818198800087 15.7094000056386 22.04272116720676 1573.282276205719 2.444963872432709 3.845936641097069 22.52238959819078 495.9323194473982 8.198131412267685 8.114387549459934 0.5428483784198761 1.022245742380619 0.332732766866684 2.693654157221317 2.084044381976128 80.76457504928112 1.046745717525482 8.931154660880566 2.325343765318394 105.5171939730644 0.5728706866502762 0.5565968900918961 0.8622593283653259
81.90527644753456 1.756104446947575 194.4503627568483 4765.413028106093 25.47390049695969 4819.395288661122 14090.22894559801 1637.213197313249 416.2427738308907 37628.84392267466 92.72044368833303 5081.398331068456 20.713145442307 2658.21508898586 57.36493193358183 11.94788095355034 47.91393402218819 43.7220793440938 21.1402785256505 11931.61171715707 185.8686898946762 21.17384085059166 84.69999584555626 616.2530676424503 7.188799507915974 118.4051569662988 122.4555553793907 3610.345456749201 1104.956247776747 121.8212908506393 9.850031435489655 129.5451667159796 122.1541899815202 684.2169050388038 16.53088320791721 1961.44115447998 90.76384595781565 1533.527325592935 377.2318839803338 467.6520297080278 350.7094902023673 8.933845981955528 44.92729459702969 0.5984145998954773 0.4352389723062515 2.615297511219978 48.01707660406828 0.09322986006736755 14.45333679020405 48.47142362594604 6.094931170344353 118.1258597895503 86.84731212258339 0.0922543853521347 16.46854561567307 1.32140576094389 0.7140677571296692 2.980822198092937 2.564992412924767 0.6915081441402435 0.1070453673601151 0.6733643561601639 39.92637497186661 0.7502095252275467 1.379474803805351 1.992582485079765 303.7435478791595 0.101368822157383 2.247020579874516 13.05663742870092 172.048378162086 1.73798706382513 0.5858599096536636 0.1057912409305573 0.1892122626304626 0.393463984131813 0.9041479527950287 4.363014116883278 14.89735349267721 1.012194707989693 3.321207359433174 0.7783089578151703 13.71581579744816 0 0.395451121032238 0.3877972960472107
26.00848864018917 28.74716941267252 81.80800088495016 0.7278776690363884 88.96947826445103 189.0417799502611 20.86895986646414 217.3662289381027 9.402307622134686 92.72044368833303 14263.86680343747 70.50781300663948 3992.902911871672 176.4923581928015 0.3033705651760101 2.908548384904861 461.5224018096924 3689.778607644141 1623.361071012914 20.4143081754446 32.23509338498116 18.65280491113663 101.1964001581073 20.49353151768446 499.388685785234 3533.846049807966 1124.014929331839 20.71814678609371 274.3428480215371 47.90580285340548 482.5156464055181 541.5197311043739 2.666456155478954 7319.531148560345 7.489954993128777 497.9587350040674 4912.229075804353 6192.966882020235 912.9227601140738 62.98005466908216 25.08151957392693 1077.155532248318 9.800390005111694 0 9.514971666038036 1.448136754333973 0 0.1418130397796631 0.084459088742733 0.805366262793541 0.3183182030916214 1.600570872426033 0.1161425784230232 239.4031948596239 0.09162098169326782 954.3322535604239 0.2959927394986153 0.1260982900857925 0 1.461357399821281 39.65797939896584 29.77689706534147 0 0 0.9929785430431366 0.6667308360338211 6.165398545563221 89.01465601474047 175.2088405266404 188.2803484424949 1.719862058758736 0.633947566151619 0.4175393804907799 123.4335668683052 0.8483961969614029 0 41.64579636603594 7.125329896807671 19.62157528102398 192.0071324855089 50.29912655055523 5.843402147293091 1.484438322484493 0 218.5690779015422 0.2561465799808502
8.496053904294968 0.6430490240454674 4.880167156457901 290.8851011916995 69.25653208047152 4752.272654250264 36.86705610901117 373.7357952445745 706.2488009408116 5081.398331068456 70.50781300663948 8984.986927434802 19.64654678851366 262.5716843232512 1643.940003715456 0.8141974806785583 2.46358422935009 33.66383834183216 8.367323815822601 5264.50980951637 2.357831202447414 1.999369375407696 2.788103982806206 271.8046178296208 10.44532725960016 56.20709513127804 40.23397994786501 92.22570028156042 390.6091268286109 4.722464233636856 6.753551363945007 109.7589302435517 2.462689772248268 301.9668074697256 0.4814429581165314 608.7246838137507 28.13765192776918 634.7861680984497 42.27162339538336 2117.447220906615 143.6558554321527 14.81815905123949 8.768636807799339 0.09881459921598434 0 0.5708245933055878 79.91538360714912 0.08708888292312622 16.75483103096485 30.36313431710005 5.599592655897141 84.18638814985752 149.6047520413995 0.1902392879128456 203.7737587690353 0.9429052621126175 2.063627235591412 13.5309926867485 0.741130143404007 0 0.3846989944577217 0 69.30464870482683 0 0 0.116747111082077 155.7372604310513 0.2201509028673172 2.768196947872639 3.132794238626957 72.90271836519241 1.012599378824234 0 0.1161254718899727 0.3165225833654404 0 1.105495072901249 0 155.963634416461 1.247301064431667 5.555559262633324 0.8327613398432732 100.8270718157291 0.5618381500244141 0.3647345155477524 0.1471286416053772
4.892595998942852 546.4440010488033 15.29672313481569 0.6261225938796997 17.10411886870861 44.90457586944103 5.181711606681347 42.6774238795042 67.48744591325521 20.713145442307 3992.902911871672 19.64654678851366 4898.945153772831 25.67442620545626 1.147950053215027 13.83478302508593 6.113990932703018 112.1171007752419 23.64504364132881 4.500572331249714 5.503268949687481 229.1546108573675 10.54667026549578 70.35801868885756 4783.778573773801 1454.503471106291 3623.724576950073 11.36711920797825 33.21179660409689 3.229815125465393 453.5580309331417 89.07544399052858 0.5922018736600876 2330.759824559093 1.855202563107014 561.8530331626534 4853.752614416182 3519.133205756545 506.0767249241471 68.8631587177515 167.6491036936641 1855.287802644074 3.978222012519836 0 32.2658037468791 2.028748787939548 0 0.09960919618606567 0.1085193380713463 0.5362485572695732 0.6452916264533997 1.774382218718529 0.8995480686426163 691.1126092150807 0.1075963228940964 2852.238865561783 1.789167210459709 0 2.402676567435265 2.722993955016136 101.6121826246381 63.27109611779451 0 0 5.277921184897423 1.662947781383991 6.15631952136755 382.0433075577021 480.0181468054652 571.2479358762503 2.413360573351383 1.330402620136738 0.5550873652100563 419.6370549723506 1.18698163330555 0 78.22749831527472 0.8909955099225044 133.765735141933 439.7005480453372 115.2014573290944 4.961044631898403 7.718608364462852 5.848284274339676 557.8757864460349 1.039111375808716
8287.829771108925 0.9184910655021667 750.8199096396565 21.22895289957523 24.31031432002783 1195.134184993804 3247.365792661905 7645.882272526622 45.50091779977083 2658.21508898586 176.4923581928015 262.5716843232512 25.67442620545626 19159.52818888426 3.797350510954857 16.64193877577782 672.0817299857736 74.65120477601886 204.2156963460147 96.58388374000788 393.1023358330131 10.28653914481401 370.9105026870966 168.2306686788797 3.392174363136292 374.7620943561196 289.9691916555166 239.8094192892313 7977.696294844151 3513.278426758945 11.34835162013769 675.0995842404664 79.24178029596806 817.1135518178344 4.621710523962975 324.5032344907522 204.7444282621145 920.885284692049 166.7257884144783 143.1065440922976 78.98609130084515 6.351755827665329 7.451789721846581 0 0.1759290769696236 2.812744989991188 1.142901599407196 0 0.6198523193597794 4.990322545170784 0 20.49561897665262 3.720666773617268 0.4094136357307434 0.1206607297062874 0.608051598072052 0.3768905103206635 0 1.707889556884766 1.558972582221031 0.07932150363922119 1.988954499363899 1.244455084204674 0.8305349871516228 1.664681248366833 0.7369423508644104 59.34856180101633 0.1642612963914871 9.698623389005661 18.12332939356565 35.77187684178352 0 0 0 0 0 0.3946571201086044 1.548764795064926 4.687846519052982 0.4265098348259926 3.288639478385448 0.5020476579666138 0.8298215866088867 0.4377819895744324 0.1448952704668045 0
0.2245948538184166 5.206581644713879 0.1385312080383301 28.62592958658934 2197.680731490254 2717.044051460922 9.884972393512726 96.41716723144054 1006.109764888883 57.36493193358183 0.3033705651760101 1643.940003715456 1.147950053215027 3.797350510954857 577.8435015827417 0.3973672986030579 0 0 0.1057719811797142 77.83631928265095 0.4051499217748642 25.3651011288166 0.09754130989313126 462.5387580171227 2.946200266480446 0.2860913127660751 8.086796395480633 23.52768069505692 0.7380313649773598 0.8571991175413132 0 297.4273000657558 0.1066448390483856 1.575929403305054 1.119937881827354 44.45439983904362 0 2.081183277070522 0.1247234046459198 1469.433640927076 214.7529385983944 0.2239943295717239 0 0 0 0.7385721355676651 3.339746922254562 0 0 2.994208514690399 0 4.741819113492966 0.7024234533309937 0 1.018775939941406 0 0 1.133979797363281 0.4133151769638062 0 0 0 0 0.1342697441577911 0 0 4.957532584667206 0 0 0 2.456488326191902 0 0.5628172159194946 0 0 0 0 53.61671003699303 125.945572167635 3.846680641174316 0.8150890469551086 0 0 0 0 0
8.43702144920826 197.9428320601583 8.36132188886404 5.933672040700912 0 9.614540934562683 63.54136770218611 10.85266207158566 152.3538133203983 11.94788095355034 2.908548384904861 0.8141974806785583 13.83478302508593 16.64193877577782 0.3973672986030579 3825.119470454752 5.511792823672295 0.8469246476888657 1.134907335042953 1.311019703745842 2380.438090972602 3928.661951377988 2952.033882826567 2124.822558261454 47.02077729254961 5.549138396978378 5597.31418056041 2361.907583467662 69.17569950968027 40.04560836404562 0.368486300110817 2.148904919624329 13.22863908857107 65.31847433000803 42.79265168309212 3428.144329361618 1109.4438380301 526.8546717315912 1311.817470751703 88.68011867254972 13.21723704785109 4.034873344004154 15.99168771505356 6.69838584959507 12.5046448558569 74.84183452278376 1.092145651578903 0 0.8783588334918022 40.18651008605957 11.92716287076473 94.65745580941439 7.509025260806084 0.6219507530331612 0 0.3531546145677567 8.518934696912766 0.1151667609810829 4110.334671214223 4.704862698912621 0.1096619367599487 0.8931863307952881 0 317.5799970030785 1772.265014499426 1485.66866581887 622.051068611443 1.977314859628677 5.359144173562527 1172.936070613563 341.0715912207961 6.163818828761578 10.54054179787636 0.1222608014941216 0.1062729358673096 0.1389428079128265 5.348790749907494 6.539445631206036 270.7974432036281 18.7505579739809 13.86236143112183 13.09111099690199 9.741065412759781 1.525201514363289 0.1047754883766174 1.348466083407402
244.184224396944 12.36623715609312 7963.377143524587 2.48127406835556 1.417535811662674 41.12478299438953 311.3985902220011 430.4553415924311 1.20026982575655 47.91393402218819 461.5224018096924 2.46358422935009 6.113990932703018 672.0817299857736 0 5.511792823672295 1924.14549260214 535.1381345130503 5804.349660631269 7.2264165841043 560.467314183712 3.009735807776451 5745.289241909981 20.94371102750301 15.06393108516932 5397.153530783951 6145.461654357612 91.65239181369543 481.3339770771563 1977.108340725303 5.388072520494461 6.27547699213028 61.88608782738447 1437.275823526084 2.225674398243427 103.8146768435836 1215.068166702986 444.5039142221212 84.75562755763531 6.299835875630379 4.115073375403881 6.764344148337841 0.3954245001077652 0 17.28057903796434 36.97107491642237 0.1368027478456497 0 0.1344540417194366 2.88377620279789 0.7966320812702179 0.7517918348312378 0.3381796255707741 1.466860421001911 0 3.606172166764736 0.5559679791331291 0 0.8030973672866821 23.95905718207359 1.84525091946125 37.7360085695982 0.1575355976819992 0.633636549115181 0.9530081450939178 4.501779682934284 5.051584035158157 2.607097171247005 177.5385644361377 234.1349143013358 2.767548859119415 0.1884948462247849 0.1442865133285522 3.759409487247467 0 0 9.223060704767704 0.5169380307197571 10.791165843606 9.925433501601219 15.3502531349659 5.232867777347565 0.1771823465824127 0 0 0
19.4271098151803 5.529486708343029 81.18665201216936 0.4317464232444763 10.8556769490242 56.08195727318525 15.4303271099925 64.8848680332303 2.494196131825447 43.7220793440938 3689.778607644141 33.66383834183216 112.1171007752419 74.65120477601886 0 0.8469246476888657 535.1381345130503 559.1292922273278 3921.813137643039 8.255392037332058 16.75636164098978 3.855928331613541 67.2845621407032 6.979199200868607 73.36488602310419 3665.240970119834 752.580566957593 9.652074962854385 76.57236763089895 44.16486855596304 78.18934693187475 64.60580795258284 4.457661315798759 1380.882676057518 8.163299486041069 492.6420969888568 760.3677175715566 1184.907260984182 450.3938978537917 21.22701741009951 3.361678808927536 12.65762221813202 2.446313381195068 0 7.84180610626936 1.571036085486412 0 0 0 0.3378303647041321 0.1042820811271667 0.2171903625130653 0 27.2055871412158 0 211.8276106640697 0.2052600458264351 0 0.09665060043334961 0.9438897594809532 33.39434832334518 33.42911256104708 0 0.6679350137710571 0.808112695813179 0.7513697817921638 1.182194672524929 34.67783761769533 302.237966530025 321.2251245304942 0.4178957417607307 0.2544436976313591 0.3887488022446632 99.5370910987258 0 0 3.325007021427155 1.035566315054893 9.988729991018772 9.409049496054649 9.342417113482952 1.354175724089146 0.6862646341323853 0 0.4887393265962601 0
70.01974534243345 3.209859378635883 423.4571159109473 0.1953365355730057 1.017358936369419 17.17413085699081 41.19303773343563 151.1014998555183 1.014915429055691 21.1402785256505 1623.361071012914 8.367323815822601 23.64504364132881 204.2156963460147 0.1057719811797142 1.134907335042953 5804.349660631269 3921.813137643039 4281.416667416692 2.681278012692928 60.16589748859406 1.019929066300392 623.7675668746233 4.536960139870644 15.26653535664082 5331.916788868606 1471.511129401624 11.70019644498825 170.2852392271161 322.5252581462264 17.21976798772812 9.94059020280838 19.36682337522507 2336.675698317587 2.933774940669537 288.8639172315598 345.5744463726878 545.1059676259756 184.0411023497581 6.59746315330267 1.41281696408987 2.381764471530914 1.412284918129444 0.08695530146360397 12.51860368251801 1.854360476136208 0 0 0.1140791922807693 0.4941380396485329 0.1385564357042313 0.2743445634841919 0 10.74183354526758 0 53.34668919444084 0.2744118422269821 0 0.1491899937391281 4.850323356688023 27.056830316782 90.84733445942402 0 0 0.5166318416595459 0.4324153140187263 0.6500397324562073 17.2138064801693 441.1355125829577 359.2414541020989 0.1976067423820496 0.08972626924514771 0.4209881648421288 36.5857350602746 0 0 10.26890741288662 0.6716574728488922 6.568411506712437 13.32593534141779 8.556993126869202 2.34025876969099 0.7056113034486771 0 0.7964189648628235 0.2090847343206406
10.19326707720757 0.3704404383897781 24.21631833910942 3307.590919986367 8.570854671299458 422.6084878444672 251.3712758868933 92.07727959752083 1829.024925611913 11931.61171715707 20.4143081754446 5264.50980951637 4.500572331249714 96.58388374000788 77.83631928265095 1.311019703745842 7.2264165841043 8.255392037332058 2.681278012692928 1109.134861804545 20.83312609046698 7.342501878738403 10.00736431032419 1676.431252203882 5.811689525842667 19.90432517975569 20.75658696889877 4084.914180092514 227.3821472451091 10.13651455193758 1.594169102609158 29.39186874032021 21.84750951826572 165.1036616116762 2.775648236274719 596.7688272595406 19.64232899993658 366.3949527740479 96.11414220929146 296.4080035835505 98.80293527245522 19.0810774564743 14.20107495039701 0.81060940772295 0.1063711270689964 0.8358787894248962 210.7436288520694 0.3458028137683868 54.21997340768576 126.5199059695005 15.20459924638271 320.4627418518066 280.8330590054393 0 122.2706080377102 0 1.096650131046772 14.83622290194035 0.960842490196228 0 0 0 147.3593603223562 3.73742700368166 1.254127129912376 1.987462073564529 718.6635617986321 0.2082770392298698 0.9025191962718964 1.892920911312103 425.4619804918766 2.338770568370819 0 0 0.1234902516007423 0.7028507888317108 9.47068052738905 1.475808322429657 94.34053607285023 0.8048765584826469 8.658911414444447 1.923360779881477 94.19129059463739 2.456555187702179 0 3.262893199920654
148.3974552750587 3.948117442429066 1605.959271512926 18.83899213373661 1.534198403358459 190.4512829184532 1829.801345005631 376.7687522917986 27.58221503347158 185.8686898946762 32.23509338498116 2.357831202447414 5.503268949687481 393.1023358330131 0.4051499217748642 2380.438090972602 560.467314183712 16.75636164098978 60.16589748859406 20.83312609046698 15929.92943287641 95.61308065056801 17587.0966931507 188.9773610383272 4.186260811984539 122.224645677954 278.7193719223142 5431.984807871282 235.324071623385 16371.17520685494 0.8880984336137772 7.130833514034748 87.94964867085218 4404.282953225076 63.78435040265322 5305.720182642341 562.1068049073219 7448.957517422736 4454.338529482484 89.03190917521715 37.63031221926212 8.95711424946785 32.84745515882969 2.420162156224251 0.818267934024334 4.842351138591766 0.665604755282402 0 0.3482823595404625 5.973899759352207 1.468296959996223 28.61783403903246 0.8746251463890076 0 0 0 1.232007384300232 0 201.5423509404063 0.8423687741160393 0 0.2395049482584 0.9613792896270752 63.18572407960892 75.2875956967473 40.5780878663063 174.0174628198147 0.1236257925629616 3.998808488249779 37.14461556822062 89.88285058736801 2.775340959429741 1.563443899154663 0.1856487095355988 0 0 0.3660670071840286 22.1699356585741 19.22524850815535 1.517947413027287 1.93948295712471 0.4505848586559296 0.3327222168445587 0.1641533821821213 1.12176626175642 0
1.174759909510612 2357.008360251784 8.212458305060863 9.003441601991653 2.205741919577122 13.72745016217232 42.7265193015337 9.618509016931057 2227.151814170182 21.17384085059166 18.65280491113663 1.999369375407696 229.1546108573675 10.28653914481401 25.3651011288166 3928.661951377988 3.009735807776451 3.855928331613541 1.019929066300392 7.342501878738403 95.61308065056801 1829.111247569323 241.4077325761318 5362.292620964348 1144.846465177834 28.70790310204029 4364.876462057233 186.1564072668552 7.846605718135834 33.90536139160395 14.9524557441473 1.988464660942554 0.8290971666574478 22.42704347521067 1.008434310555458 108.6882663741708 20.90006173402071 36.50040289014578 16.33779146522284 58.82619442045689 4.472328081727028 38.25490744411945 0.8876367211341858 0 20.20077327638865 20.85746070742607 0.3895582854747772 0 0.2207616418600082 17.62967742979527 6.949269160628319 53.98552289605141 4.010263785719872 3.517515182495117 0.1135691255331039 5.691118441522121 4.283579282462597 0.5858588814735413 1494.498219497502 2.033300176262856 0.7185883522033691 1.351130306720734 1.117773205041885 90.2524968162179 218.439333550632 415.9092567712069 247.5106549263 7.902536749839783 14.30268087238073 500.8231732845306 78.75737053155899 1.780217207968235 0.629408985376358 2.931623503565788 0 0 1.341051332652569 1.217143982648849 27.98808991909027 4.143617562949657 3.131486795842648 3.459985584020615 4.224347397685051 0 3.099429577589035 0
151.4889426454902 10.05060680955648 10382.18539287895 12.88951391726732 1.188915967941284 64.52523289620876 739.5576565414667 249.807762414217 22.02360439300537 84.69999584555626 101.1964001581073 2.788103982806206 10.54667026549578 370.9105026870966 0.09754130989313126 2952.033882826567 5745.289241909981 67.2845621407032 623.7675668746233 10.00736431032419 17587.0966931507 241.4077325761318 21207.80171720684 510.9737798497081 10.44088714569807 1574.310482919216 7201.787606947124 2576.20800934732 225.0510630905628 4842.821620576084 2.618939712643623 9.258184604346752 41.44246396422386 3855.995255574584 150.9802632629871 8958.485036410391 5838.234650634229 10087.38270754367 10626.51230569929 271.1804052293301 79.15804826468229 32.28630416095257 52.73531516641378 1.768828317523003 8.99514602124691 185.0571375638247 0.4557363390922546 0 1.294984608888626 48.68374235928059 16.92654409259558 13.13903169333935 7.340137787163258 0.1434199959039688 0 0.5114271342754364 9.004123859107494 0.3031463623046875 1306.630943514407 14.21719851344824 0.7396679446101189 6.569836802780628 1.777938395738602 35.48225062340498 507.0858697220683 888.3091244325042 167.5247697085142 1.393701612949371 30.52997314929962 1442.294113375247 67.64470525085926 0.9465187788009644 0.4664421826601028 1.283914640545845 0.1092362850904465 0.09791991114616394 6.589888818562031 24.32795790582895 61.46660970151424 10.69467229396105 16.03635925799608 18.60644045472145 2.686395227909088 0.8217223510146141 0 0.4337668716907501
23.76783774793148 568.4807344675064 46.689423635602 2259.617958672345 22.91325681656599 244.8683170229197 1270.174054421484 169.4543618708849 11048.87505444139 616.2530676424503 20.49353151768446 271.8046178296208 70.35801868885756 168.2306686788797 462.5387580171227 2124.822558261454 20.94371102750301 6.979199200868607 4.536960139870644 1676.431252203882 188.9773610383272 5362.292620964348 510.9737798497081 17083.00781108439 255.5450783744454 38.95300981402397 2541.177319645882 10295.06057127565 283.0061451643705 262.8194264024496 5.18414194881916 32.93638108670712 171.8519608229399 376.8682464584708 45.32091885060072 3320.727921806276 214.0710278972983 960.9648129194975 624.9721566960216 664.9185140877962 138.972409747541 17.17543185502291 43.23744291812181 9.807014338672161 13.08632268756628 32.88991461694241 180.5883308574557 0.5996467545628548 68.27730875462294 271.1779097318649 37.81644638627768 1223.453709572554 300.0185841694474 1.727112673223019 60.95654196292162 1.979428224265575 18.18536654114723 7.941542759537697 277.1896376088262 3.415297813713551 1.57996704429388 0.8040441274642944 136.0926957055926 117.1965068802238 118.1826341450214 86.97462607175112 4002.02171677351 1.890047244727612 13.89931878447533 216.7206894978881 1912.790718317032 21.64431372284889 14.57096871733665 0.7309815287590027 3.102075606584549 3.433039255440235 24.47086910903454 19.13059633970261 199.2851736694574 7.574276655912399 44.55468114465475 8.816379673779011 80.20781859010458 3.627790480852127 0.4614809677004814 1.109631262719631
1.059417799115181 2331.941871583462 22.31206952035427 0.3705239444971085 2.150814101099968 7.74302514642477 1.717742815613747 5.525505870580673 312.525206938386 7.188799507915974 499.388685785234 10.44532725960016 4783.778573773801 3.392174363136292 2.946200266480446 47.02077729254961 15.06393108516932 73.36488602310419 15.26653535664082 5.811689525842667 4.186260811984539 1144.846465177834 10.44088714569807 255.5450783744454 461.6212019696832 517.8788529708982 4168.140085011721 11.64612040668726 5.097894817590714 1.568337842822075 207.7124479934573 6.805965051054955 0.4120882898569107 656.9202624931931 8.119875937700272 820.3308510929346 1174.990621246397 1428.044664844871 230.4108758419752 101.116158798337 54.17392821609974 780.5465310662985 16.31724452972412 0 310.5530834197998 1.205272890627384 0 0.1109630391001701 0 0.107895590364933 1.161367736756802 4.938914269208908 0.3457846939563751 203.9182264283299 0.08896587044000626 1093.429574228823 0.5358912125229836 0 1.021136477589607 2.022600293159485 30.79200480878353 44.60227314382792 0 0 10.74719899892807 1.837831050157547 11.39356196671724 304.9921066313982 315.3677314072847 659.4661789163947 2.142458364367485 1.023672416806221 0.4649515077471733 121.5611397027969 0.4611945450305939 0 76.68682761490345 8.254131957888603 252.1391234025359 147.5634498298168 109.6683973968029 14.07071778178215 23.93318712711334 0.5728939771652222 263.3383723124862 0
122.5944081768394 98.02778875827789 9325.476055510342 6.125813513994217 15.71525275707245 120.5184500068426 265.1835766918957 285.7739658132195 13.41652619093657 118.4051569662988 3533.846049807966 56.20709513127804 1454.503471106291 374.7620943561196 0.2860913127660751 5.549138396978378 5397.153530783951 3665.240970119834 5331.916788868606 19.90432517975569 122.224645677954 28.70790310204029 1574.310482919216 38.95300981402397 517.8788529708982 35953.41869726032 14213.11654102057 101.2386580705643 208.7894060984254 384.7368711642921 825.9628454223275 110.0515053570271 15.98729364573956 2588.665380127728 21.77673990279436 2045.54812964797 5210.872084394097 4310.487169809639 1403.683908171952 58.32172559946775 13.54958185553551 95.1127842515707 8.577166184782982 0.288845606148243 333.8151365146041 147.1749482303858 0 0 0.08695003390312195 14.25763415545225 3.575225830078125 0.8573683202266693 0.09535505622625351 107.8542521968484 0.3864846378564835 806.9429021626711 6.475908763706684 0 3.596832975745201 172.5545007511973 97.51828937232494 854.394154921174 0 3.844127856194973 8.062051460146904 29.22615050524473 9.178096927702427 155.032984867692 2903.924008585513 3463.280988410115 5.601558916270733 2.163020044565201 11.14873386919498 228.8929923176765 1.550698086619377 0.1374938488006592 134.0683806240559 3.414558380842209 140.180499650538 133.3943528681993 146.738896869123 54.28430043905973 5.135975018143654 0.1751502901315689 5.597686633467674 1.745759099721909
88.02583887055516 7127.111107297242 5962.988319203258 21.39174436032772 6.361835330724716 103.7817233428359 283.8257812559605 206.0471191480756 562.1287037581205 122.4555553793907 1124.014929331839 40.23397994786501 3623.724576950073 289.9691916555166 8.086796395480633 5597.31418056041 6145.461654357612 752.580566957593 1471.511129401624 20.75658696889877 278.7193719223142 4364.876462057233 7201.787606947124 2541.177319645882 4168.140085011721 14213.11654102057 41986.59250278771 649.5754014179111 203.8489225059748 385.8306829333305 1877.240418963134 55.56245692819357 27.21782372146845 4288.405620709062 140.4109400510788 7482.519246414304 6644.650656215847 10881.58652933687 4741.158927567303 184.5184108540416 38.60210310667753 100.9950376749039 33.11829506605864 6.049846634268761 2842.514254882932 2521.481012836099 1.413123056292534 0.2319455295801163 4.812564179301262 210.5943812280893 85.22150319069624 20.59700684249401 18.35650537908077 195.2402050346136 0.5608324259519577 1424.886590689421 77.31450567394495 0.1364685297012329 585.0493075326085 993.0660729557276 168.6831417381763 1149.000255525112 0.6797471418976784 21.84176595509052 1497.444660030305 999.3878804221749 246.220304094255 662.8428708612919 6176.279195487499 20063.96092511714 100.1871484816074 8.46250169724226 24.90905465185642 495.3342741280794 1.716328077018261 0.8104393929243088 362.4456565231085 18.28502672165632 504.3197738081217 324.2199208959937 621.9448823854327 248.282152146101 21.47183524817228 1.523140087723732 16.43401970714331 4.59332013875246
44.89493199437857 28.81783783435822 434.3913494870067 4421.579367078841 6.101598724722862 866.7633007839322 17645.4888580218 401.5183825790882 1158.575000472367 3610.345456749201 20.71814678609371 92.22570028156042 11.36711920797825 239.8094192892313 23.52768069505692 2361.907583467662 91.65239181369543 9.652074962854385 11.70019644498825 4084.914180092514 5431.984807871282 186.1564072668552 2576.20800934732 10295.06057127565 11.64612040668726 101.2386580705643 649.5754014179111 25406.64926965535 514.0531639754772 9473.002649314702 1.888332635164261 29.82110291719437 464.0402731150389 1031.182556249201 97.88018294423819 5156.808838061988 286.9286233335733 2130.015472576022 1496.880978174508 293.3294200599194 145.8430342376232 20.58063991367817 38.38449721038342 8.121170602738857 2.32105927914381 17.09137740731239 115.4538513198495 1.24789372086525 32.97142606973648 152.5129347965121 20.08497313410044 410.5851154923439 195.9578328505158 0.7198729887604713 20.9003973081708 3.021753989160061 13.30567862838507 4.083739914000034 162.8623501509428 3.730632469058037 0 2.108779616653919 77.59866406023502 77.48171026259661 53.34979393333197 50.81214233487844 1932.305507645011 0.5009977370500565 6.434070445597172 112.9331481903791 951.8487826362252 16.10003500431776 10.6189102306962 0.1040644571185112 1.066383130848408 1.993953950703144 9.203394040465355 36.4314876049757 82.32135136425495 1.926854483783245 25.05541840195656 6.932470567524433 36.36846917867661 2.524044275283813 0 0
