2358.380961023271 0 157.7205631583929 2.82150936126709 0 13.43818388134241 2324.157317370176 1248.368424326181 2.181770049035549 19.55752268433571 9.295985452830791 0.8656330555677414 0 8505.613117881119 0 0.2735321968793869 135.9369656443596 4.942486464977264 15.25504439324141 2.847605653107166 17.65078468620777 0.3514619991183281 326.5279625356197 15.86233060061932 0 31.86291497200727 19.82406157255173 40.68887430429459 2927.803799800575 3012.735214047134 0 3.999706096947193 30.64743404835463 78.52590091526508 0.2940214946866035 19.26499749720097 8.879592895507812 52.49594227224588 8.259956754744053 0.7075977772474289 0 0.1413388103246689 0 0 0 0.47190061211586 0 0 0 0 0 0.3807018399238586 0 0 0 0 0 0 0.5649325996637344 0 0 0 0 0.2148270308971405 0 0 6.168235346674919 0.09608784317970276 0.2068828791379929 1.094133257865906 3.134039118885994 0.4438071921467781 2.144493475556374 0 0 0 0.1098053827881813 0 1.729662448167801 0.1197784394025803 0.1923105418682098 0 0 0 0 0
0 80.81652218848467 25.82144360244274 0.4378104507923126 0.1437563598155975 0.2297828197479248 2.155741222202778 0.121942475438118 953.3866011723876 0 249.1830293387175 0.8033693581819534 1208.64615598321 0.1469247788190842 5.574698321521282 81.71057013422251 10.45797143131495 3.397013589739799 3.972124502062798 0.1051260754466057 3.132860131561756 2233.809882335365 3.250547543168068 1713.7657975927 3570.63965061307 286.4304287284613 8533.686896950006 12.55731341987848 0.613600954413414 0.1268040686845779 58.31985242664814 0 0 17.08509258925915 0.3631550520658493 22.36482492089272 72.2104534432292 76.54841735213995 9.041541926562786 21.94395447522402 0 402.0699969828129 2.354118704795837 0 52.37218851596117 85.36623720824718 0 0 0 3.413214184343815 0.3238572776317596 0.4550688117742538 0 8.363034889101982 0 49.96881290525198 1.743465036153793 0 3.834248006343842 45.34829926490784 2.50004817545414 17.37741915136576 0 1.120259828865528 21.90653891116381 11.24515089392662 14.02212450653315 7.214579567313194 115.1677642911673 1222.409913174808 4.084419310092926 2.366443313658237 2.518625140190125 6.36799781024456 0 0 7.027451053261757 0.1582804322242737 22.67066572606564 27.96093112975359 23.16119954735041 13.35862987488508 0 0 13.39941654354334 0
157.7205631583929 25.82144360244274 9245.959561228752 25.79128699749708 0.6542157307267189 172.5478751808405 2829.406119436026 901.7651083990932 15.98382484912872 268.2648691758513 108.8171497881413 11.80964877456427 14.26765408366919 1121.92892857641 0.8602995723485947 23.43551370501518 6068.88565672189 131.5851834118366 300.6654690280557 7.484838165342808 624.6479399427772 16.47164371609688 8393.650860078633 138.3461776003242 0.2599740698933601 10692.29297552258 7564.078929558396 728.4353864490986 480.6446591094136 636.2826937064528 12.6216214671731 7.468492351472378 17.46145661920309 1535.894497230649 53.01365055888891 3297.36714540422 3640.941307276487 3465.296818085015 1091.072978757322 91.68374688178301 9.773448772728443 12.11592477560043 20.83023265004158 2.104408442974091 139.5243490040302 665.2077829763293 0 0 0.1105355620384216 21.70471796393394 4.083097286522388 5.754289656877518 2.288472816348076 3.77421123534441 0 2.478740379214287 11.11040648818016 0.2623644918203354 42.19201645255089 181.4133516997099 4.234576962888241 12.61482661962509 0.4454227238893509 11.93053814023733 75.04370310902596 293.0522343367338 68.13730482012033 1.002495959401131 115.4461891204119 2653.298360452056 45.99858017265797 7.979784145951271 25.26435748487711 1.864127613604069 0 0 23.25416981428862 4.25531741976738 98.44033209979534 170.9753444492817 118.3701060935855 63.7137216553092 3.183019950985909 0.8232503235340118 1.378894209861755 2.119290739297867
2.82150936126709 0.4378104507923126 25.79128699749708 2393.064960211515 3.970255628228188 161.0342863202095 21.17799740284681 71.87255524098873 829.6542529389262 2760.957959257066 7.812655366957188 3913.512571372092 1.750503361225128 85.58122519403696 127.0446510761976 0.4990111589431763 2.020869515836239 1.193262666463852 1.175956591963768 4662.901248142123 2.593062914907932 1.442852862179279 8.129792749881744 3169.596192412078 0.2170468270778656 7.70316170156002 17.07895180583 6064.804223999381 209.4906219020486 5.613607510924339 0.193937636911869 4.020513087511063 29.48157013952732 79.49399401247501 10.9175118803978 869.4688435718417 6.270657747983932 255.7057065591216 58.8694239705801 389.3280865550041 14.97988629341125 0.5342790931463242 5.481276325881481 0.1139157190918922 1.700687453150749 0.25334183126688 133.7513521760702 0.2279589101672173 9.074743941426277 123.8320191428065 10.57726421952248 345.3611123263836 164.8077915087342 0.4286526441574097 137.5334610566497 0.2498351037502289 6.319227457046509 13.53504184633493 2.017566792666912 0 0 0 110.8608078882098 0.4907280206680298 2.364885434508324 0.4159767180681229 916.5663401037455 0.8914453461766243 0.1173854321241379 1.791713066399097 699.552056081593 7.911812908947468 3.040813967585564 0 1.06838770210743 0 2.302863895893097 1.068041101098061 142.109282322228 0.6369871869683266 10.21856214106083 2.341070428490639 121.447577022016 0.971170037984848 0.2724573612213135 0
0 0.1437563598155975 0.6542157307267189 3.970255628228188 113.1938745155931 1010.26240786165 5.330081775784492 43.1499565243721 35.21215106546879 6.026228331029415 2.746943205595016 103.4548421874642 1.327140212059021 0.6417460888624191 1238.10411760956 0 0.09306724369525909 0 0 11.88356964290142 0.3014336153864861 0.1948730945587158 0.5734272822737694 26.13873419910669 0 0.3207021057605743 1.552730567753315 7.326926678419113 63.86059744656086 0.1114757433533669 0 341.2570517733693 0 205.4884988069534 0 8.083308160305023 0.3758569657802582 74.73688840121031 4.442406475543976 2597.909297131002 10.24178497493267 0.9394161999225616 0 0 0 0 0 0 0 0 0 0 0 0 0 0 0 0 0 0 0 0 0 0.1865694522857666 0 0 0.9690660759806633 0 0 0 0.2241289913654327 0 0 0 0 0 0 0 0.1789640039205551 0 0 0 0 0 0 0
13.43818388134241 0.2297828197479248 172.5478751808405 161.0342863202095 1010.26240786165 19780.80085105449 3080.263900689781 9341.138372018933 51.85794925689697 11217.86672387272 96.4551025852561 6897.219700016081 30.87710675597191 1072.786589629948 2940.457250520587 0.1454532891511917 28.08711863309145 14.88685585558414 9.304277189075947 374.6334740743041 35.59768509119749 0.12649966776371 133.2223277390003 52.69905447214842 0 33.08187714964151 27.97765699774027 2571.502813607454 741.0865013003349 76.33104577660561 1.20544420927763 1142.211708851159 12.85355895757675 722.488825134933 7.361485570669174 626.1894025877118 20.7329300865531 635.3498627096415 113.1120004281402 2968.628866128623 1145.229738920927 22.59662479162216 16.33272821456194 0 0 0.4597949534654617 6.260026000440121 0 0.4780568033456802 12.67687989771366 0.336346298456192 8.730220049619675 8.900727145373821 1.283987283706665 9.771900989115238 0.2604066729545593 1.14586865901947 0.1778738051652908 1.346222944557667 0 0 0 3.959076657891273 0.2132850140333176 0.361037939786911 0.337451197206974 55.74873954802752 0 0.5794735103845596 1.706995621323586 52.34730554372072 1.614748291671276 3.782470844686031 0 0 0 0 0.1253688037395477 13.55571559816599 0.4907544702291489 1.691321887075901 0.1179038733243942 5.17167241871357 0 1.819487176835537 0.1752030104398727
2324.157317370176 2.155741222202778 2829.406119436026 21.17799740284681 5.330081775784492 3080.263900689781 17002.53649745136 4633.03723013401 483.854525886476 4819.188920743763 31.839753434062 89.70982079952955 4.625998340547085 6876.022784598172 62.53967952728271 15.41585578024387 119.2662919014692 9.967732392251492 16.41492445766926 62.88595688343048 1202.21924880892 16.40471551567316 2421.788015507162 1194.09824051708 0 269.4418981298804 1152.882579728961 18394.03423878551 1416.086724601686 9679.78028755635 0.8581407442688942 21.38706143945456 185.5273940265179 321.5750675499439 22.25420278310776 1276.255414076149 73.5043051019311 864.8114086911082 195.9039361178875 156.3880974277854 30.12852796912193 3.203295327723026 10.84556446224451 2.282178856432438 3.026149220764637 8.841484166681767 64.60246419161558 0 10.12776099145412 225.7856938391924 15.75282161682844 132.7558942809701 145.266387745738 0.3898255825042725 12.14409702271223 0.6510359644889832 25.34467233717442 0.7012829631567001 32.08482206612825 2.279890097677708 0.5761024355888367 0.7558908015489578 58.40618486702442 9.96318057179451 10.14656791090965 24.96865334361792 961.6733840480447 0.3042024374008179 1.11887813359499 70.82542496174574 806.9144286364317 34.21697845309973 32.58897438645363 0.1362187564373016 0.265163242816925 1.039138868451118 7.439236298203468 1.894531235098839 136.9181634262204 1.823655940592289 33.8816344961524 5.186552911996841 33.19639199972153 1.105792216956615 0 0.1953111886978149
1248.368424326181 0.121942475438118 901.7651083990932 71.87255524098873 43.1499565243721 9341.138372018933 4633.03723013401 22665.02087403834 15.82210762053728 3255.392977312207 85.42895738780499 660.9169523641467 35.43286384642124 15939.71696603298 405.4894438460469 0.3885926678776741 448.9768784046173 23.96658281236887 50.61104962974787 402.8917506337166 139.1057407706976 0.4659750089049339 1174.911457434297 127.0932721048594 0.3724657297134399 153.6568082123995 98.45515056699514 484.4714186564088 1597.151419959962 1813.792571060359 0.5206714868545532 493.7422633469105 12.26709626615047 729.7178069204092 10.46755520999432 639.9118960127234 49.45787077397108 565.3334073498845 111.1653506085277 1595.822173684835 201.5949238166213 30.28075183182955 36.49795942008495 0 0.1151758953928947 2.132565453648567 0.5484476312994957 0 0.2143747359514236 4.298082612454891 0.9132193028926849 4.981474250555038 2.619667589664459 0.6173452362418175 1.847203947603703 0 3.170660577714443 0 1.200383327901363 0.5197533443570137 0 0.09435815364122391 0.9376529604196548 1.557700239121914 1.338306128978729 1.084742277860641 42.05532446503639 0 0.9801916033029556 8.016278825700283 27.14786536246538 2.66663933545351 8.148404210805893 0 0 0.6927029490470886 1.029142513871193 0.4711243808269501 9.181500114500523 0.9396919384598732 3.528710953891277 1.786457195878029 1.363247588276863 0.8156489878892899 1.618512719869614 0.2720690667629242
2.181770049035549 953.3866011723876 15.98382484912872 829.6542529389262 35.21215106546879 51.85794925689697 483.854525886476 15.82210762053728 1132.404764987528 54.11699337512255 9.756991304457188 359.0272241160274 75.68512517958879 16.75136215984821 406.1623439565301 35.08800495415926 3.205518171191216 0.7881817817687988 0.2433138191699982 157.4583577662706 67.15973183512688 2773.428331181407 25.52823765575886 13057.73461815715 172.1381890401244 79.09788484126329 2102.139474749565 1193.361033990979 42.97282958030701 176.7679768502712 11.36477946490049 0.1202865391969681 16.55554474890232 24.87576644867659 1.992828458547592 249.2479316368699 14.28802376240492 52.78107473999262 12.67053087800741 327.4076253250241 2.223418056964874 4.931074999272823 0.1691650897264481 4.308850504457951 10.30162151157856 2.67855279892683 39.22711972892284 0.2740145325660706 2.658698298037052 109.9774736091495 11.26532267034054 115.1071310266852 37.47848948836327 1.438479259610176 24.79375563561916 3.62560872733593 22.4488834515214 5.507421143352985 58.47831638157368 3.077060721814632 0.1318948864936829 1.082016125321388 20.24427412450314 21.83904692530632 50.65994065999985 4.072836548089981 1787.916568554938 2.900771349668503 9.900925569236279 35.80376777052879 615.0430889576674 36.96040646731853 60.16246965527534 0.7553606703877449 0.310577891767025 3.494565054774284 5.007544860243797 0.5033212900161743 64.43517557531595 4.645442083477974 22.77009330689907 4.594724424183369 35.11826461553574 0.4515686929225922 0.1852951198816299 0.8301336169242859
19.55752268433571 0 268.2648691758513 2760.957959257066 6.026228331029415 11217.86672387272 4819.188920743763 3255.392977312207 54.11699337512255 38031.45411264896 62.15993759036064 2173.992857247591 8.106956958770752 2316.473586775362 43.49378331750631 1.005386769771576 16.05552075058222 10.12413854151964 13.48856887221336 4588.52128174901 47.52846827358007 0.2741909176111221 124.0956835597754 352.5815734416246 0 41.23866531252861 71.54911357164383 9592.836064249277 1172.398575283587 39.65186566859484 1.466415718197823 43.00165392458439 50.17472910135984 453.0021989494562 15.84934974461794 1401.453079350293 26.90478614717722 988.6358547732234 158.5008282139897 236.0907540917397 63.11638266593218 6.385923035442829 15.11057000607252 0.395455539226532 0.346433624625206 0.1096607223153114 39.96345227956772 0.09846527874469757 2.156939879059792 91.15470809489489 3.400958724319935 33.08605203777552 119.5339766964316 0.6563421785831451 25.70689669251442 0.1406076550483704 4.550883524119854 2.928619764745235 1.445592254400253 0 0 0.09972675144672394 29.69971688091755 0.1020927131175995 0.5951767936348915 1.956857398152351 310.8353775516152 0.2251681536436081 0.1993755996227264 5.185592271387577 279.5691259205341 5.98949034512043 8.249166250228882 0 0 0.7031876668334007 1.912957310676575 0.6349643468856812 59.24596744030714 0.3093312084674835 8.279291197657585 0.5705359801650047 22.87653408199549 0.6612083315849304 0.1184290796518326 0
9.295985452830791 249.1830293387175 108.8171497881413 7.812655366957188 2.746943205595016 96.4551025852561 31.839753434062 85.42895738780499 9.756991304457188 62.15993759036064 10731.91798331589 121.2694537490606 1413.634228982031 92.8421783670783 0.4953345581889153 3.286799013614655 1089.016994841397 3797.711709305644 2417.01130592078 42.09023608267307 60.60102911293507 21.16109921038151 109.3473279327154 18.2985228523612 355.0845447853208 2835.705473907292 345.8547621443868 21.91502606868744 346.0648606345057 36.38679138571024 251.7515893355012 95.55125176906586 5.663014896214008 8359.675947368145 14.33632646501064 804.3993071466684 5804.214684091508 8113.843038663268 2085.519176840782 60.10144892334938 20.97859796136618 2397.916988924146 34.02398969233036 0 46.46613749861717 4.082103930413723 0 0 0 0.5884247347712517 0 0.8122286573052406 0 330.2894430533051 0.1194626018404961 1078.297061398625 0.3465580344200134 0.2286092936992645 1.18050654232502 2.860108204185963 18.16037257760763 20.73394247144461 0 0.1179367303848267 0.8937183395028114 1.335282698273659 4.045909821987152 75.33297588676214 226.5673654973507 404.5641564279795 1.733642563223839 0.160936027765274 1.667870156466961 174.3829824700952 0 0.1023807972669601 1.423865206539631 2.535696350038052 45.06652474403381 582.7618278339505 28.47935489565134 8.106756068766117 1.471723631024361 0 182.065175190568 3.316137075424194
0.8656330555677414 0.8033693581819534 11.80964877456427 3913.512571372092 103.4548421874642 6897.219700016081 89.70982079952955 660.9169523641467 359.0272241160274 2173.992857247591 121.2694537490606 8511.494476154447 26.36537893116474 669.0712237805128 2121.259745426476 0.2260961309075356 1.447026334702969 17.31114369630814 14.44411496073008 7568.682795517147 1.273047924041748 0 6.562073402106762 1815.992870673537 0.2189648076891899 20.33605205267668 8.075679339468479 1093.467998698354 939.7792965322733 12.55846476554871 1.751582406461239 88.34707145392895 2.215609550476074 622.0342431515455 6.019986197352409 1817.948391363025 16.74698348343372 890.7578244134784 101.0856002792716 3939.785080336034 171.8030288219452 14.88366884738207 7.64360186457634 0 0.2664037495851517 0.1284376531839371 130.8965278342366 0.715131439268589 2.657541200518608 40.12600324302912 7.890815936028957 212.030482545495 65.54763504117727 0.1554712206125259 219.763938292861 0.6610669940710068 3.347849451005459 15.29223775118589 0 0.3823625147342682 0 0 82.91922345757484 0.4369289949536324 0.9676767662167549 0.1295371502637863 410.9536701887846 0.2255086526274681 0.6706608235836029 0.3016130179166794 268.6870486438274 4.746170453727245 2.608017235994339 0 0.5302619338035583 0 1.813275665044785 0 146.0419310852885 1.395841412246227 9.461181864142418 3.816821612417698 172.6617802903056 0.776301309466362 1.364697173237801 0
0 1208.64615598321 14.26765408366919 1.750503361225128 1.327140212059021 30.87710675597191 4.625998340547085 35.43286384642124 75.68512517958879 8.106956958770752 1413.634228982031 26.36537893116474 5890.785612218082 7.696327216923237 0.5980723574757576 6.502837032079697 7.513900868594646 34.41344974189997 9.979863554239273 7.252877242863178 11.86963227391243 178.8524564504623 21.01447154581547 87.89977620542049 3671.657105021179 349.6630485504866 6543.963140033185 4.577159814536572 19.19100642204285 2.726237557828426 1385.631158620119 16.3457026258111 0.1266045421361923 329.6132899448276 50.49821452796459 781.5235394984484 4939.693391703069 3261.453360311687 497.5584794729948 104.9913480430841 37.87242105603218 3394.816676191986 41.2621071189642 0.1453445255756378 112.3490537628531 3.358499422669411 0 0 0.1535370647907257 0.7804951295256615 1.341589093208313 1.599514976143837 0 756.8706714734435 0.3536082804203033 2461.127894192934 0.1262915581464767 0.2704041674733162 1.616982221603394 2.61020839214325 34.24178498238325 22.07036310434341 0.1297565251588821 0.3714229092001915 1.430499628186226 2.844208769500256 3.862005509436131 257.4300930127501 440.7208263128996 719.6084105670452 3.170508570969105 0.7823817729949951 0.9167957305908203 354.8071905449033 1.252807781100273 0 2.674046449363232 12.19831025600433 95.30247914046049 1200.364373289049 84.85210523754358 43.24906611442566 5.778674721717834 6.164490580558777 395.5045652240515 6.769580066204071
8505.613117881119 0.1469247788190842 1121.92892857641 85.58122519403696 0.6417460888624191 1072.786589629948 6876.022784598172 15939.71696603298 16.75136215984821 2316.473586775362 92.8421783670783 669.0712237805128 7.696327216923237 15096.96234481782 17.52628926932812 1.162397503852844 689.8383868187666 34.89615771174431 87.51468002796173 426.5610152631998 167.0121013969183 0.7755969166755676 1678.585326328874 177.2307220324874 0.122859850525856 202.6117703616619 126.046711102128 519.1669344827533 8858.974602684379 4447.392102845013 1.37905265390873 121.3200348094106 36.23915395140648 875.6722299233079 7.46512858569622 494.0515993535519 53.48567881435156 570.5158414468169 66.53103490173817 360.4621788710356 30.30266509950161 7.704936414957047 12.68234750628471 0.658187709748745 0.3236549496650696 1.003093011677265 0.5172726064920425 0 0.4534384161233902 4.659992933273315 1.498827010393143 4.185965597629547 3.175621993839741 0 1.955723091959953 0 2.368731997907162 0 3.783426687121391 0.188757911324501 0 0 0.5701447129249573 3.086369276046753 0.7774013727903366 1.403788201510906 55.75595800578594 0 0.6143197938799858 12.17135654389858 38.57114980369806 4.984124585986137 9.311132468283176 0 0 0 0.6188419237732887 0 16.30345667898655 0.7591780051589012 3.423353500664234 0.771851658821106 3.60591097921133 0 0 0
0 5.574698321521282 0.8602995723485947 127.0446510761976 1238.10411760956 2940.457250520587 62.53967952728271 405.4894438460469 406.1623439565301 43.49378331750631 0.4953345581889153 2121.259745426476 0.5980723574757576 17.52628926932812 307.6522532850504 0 0.552843451499939 0 0.3747434392571449 220.547620177269 0.3524177893996239 15.0065785497427 0.8869711235165596 1155.442239783704 0.5368653386831284 1.074571274220943 22.25484461337328 116.8319159820676 44.82579513639212 7.593848921358585 0 246.6888413056731 0.6880397349596024 39.91685701906681 0 335.6981353908777 0.377931147813797 7.736776933073997 2.035709001123905 1045.872556276619 105.1398129835725 0.2055643349885941 0.7149166762828827 0 0 0 4.913754284381866 0 0.1222966536879539 0.8961509317159653 0.4492564350366592 16.45159325003624 3.44794075191021 0.1963937729597092 9.3444544672966 0 0.386078380048275 0.4352681785821915 0.9486672058701515 0 0 0 2.718795329332352 0.2467525899410248 0.4004810750484467 0.1845099329948425 27.10399305075407 0.1240957379341125 0 0.3090757504105568 15.72733785957098 0.2294092178344727 1.26546773314476 0 0 0 0 0 18.48923606425524 0.3162246942520142 0.5161301493644714 0 13.3013501316309 0 0.5442564487457275 0
0.2735321968793869 81.71057013422251 23.43551370501518 0.4990111589431763 0 0.1454532891511917 15.41585578024387 0.3885926678776741 35.08800495415926 1.005386769771576 3.286799013614655 0.2260961309075356 6.502837032079697 1.162397503852844 0 2700.164835445583 20.12811153382063 1.79780587553978 7.02343113720417 0.4122281074523926 799.1776540204883 3373.203828908503 5481.091980651021 2556.671196982265 1.907139495015144 41.13338954746723 6422.828920960426 887.3980737626553 4.813734889030457 16.55119598656893 0.7056886255741119 0.2276340872049332 1.743426024913788 38.29561536759138 12.04534044116735 1444.54411586374 394.2061421051621 364.8496188819408 317.5572701320052 53.55197142809629 2.657877549529076 71.74976895749569 25.10806945711374 5.440744362771511 23.83278158307076 13.1751310005784 0 0.1276148408651352 0.1984590888023376 25.27671325951815 12.87870115786791 29.192423440516 2.395463846623898 8.172415152192116 0.1878780126571655 5.564986824989319 28.83960288017988 0.3606278151273727 3263.375863537192 4.98856458812952 0.425600528717041 1.61774917691946 0 567.1923957690597 1206.583894908428 1321.386548936367 299.4133149385452 2.47371669113636 7.521052375435829 646.7504200264812 168.5701026618481 39.45846893638372 153.826575435698 1.31888435035944 0.1086444109678268 3.386789388954639 4.726623460650444 1.654853820800781 126.5710005909204 20.10366867482662 21.05571910738945 9.440917514264584 3.33165892213583 0 8.949645459651947 3.928318038582802
135.9369656443596 10.45797143131495 6068.88565672189 2.020869515836239 0.09306724369525909 28.08711863309145 119.2662919014692 448.9768784046173 3.205518171191216 16.05552075058222 1089.016994841397 1.447026334702969 7.513900868594646 689.8383868187666 0.552843451499939 20.12811153382063 3185.464604474604 886.5044059306383 5542.939385816455 2.011677652597427 707.0172990038991 4.054059192538261 8749.057886853814 32.75476603209972 0.125187486410141 2831.106568455696 3450.516049534082 54.94573018699884 1060.536869645119 930.0901504084468 3.556250661611557 3.857132963836193 49.65210830420256 3475.670502699912 18.39836022257805 1317.759464606643 2785.787619531155 2569.457614518702 563.5461992621422 43.34394925832748 2.303579360246658 31.34747552126646 7.256165772676468 0 15.5256006270647 86.70550816506147 0 0 0 4.288669213652611 0.3931898921728134 0.6239683330059052 0.1702901571989059 0.6080508306622505 0 1.640306316316128 1.461955897510052 0 4.048492200672626 43.29656221717596 1.746762007474899 21.48802120983601 0 2.514905527234077 5.093965873122215 24.09076364338398 4.804456047713757 0.8527244552969933 107.0460055395961 386.3394630625844 4.178401485085487 1.187379643321037 2.819839969277382 1.613314263522625 0 0 4.25322824716568 1.147460579872131 22.44964987039566 154.4531015232205 22.3469975143671 13.84909723699093 0 0 0.09668221324682236 0
4.942486464977264 3.397013589739799 131.5851834118366 1.193262666463852 0 14.88685585558414 9.967732392251492 23.96658281236887 0.7881817817687988 10.12413854151964 3797.711709305644 17.31114369630814 34.41344974189997 34.89615771174431 0 1.79780587553978 886.5044059306383 595.0200971588492 3710.583896301687 6.71093088388443 17.91681565344334 0.5011324509978294 84.62655977904797 1.916484728455544 3.487058222293854 3682.080868035555 141.9416386857629 6.454759024083614 74.38143153488636 18.18580968677998 20.47672501206398 9.13566830009222 1.974494032561779 1028.917882308364 10.18315289914608 608.6317651420832 1794.605889730155 1433.56294888258 637.5732492208481 14.09219590574503 1.019688256084919 28.72721284627914 2.850266590714455 0 4.174886204302311 1.680883042514324 0 0 0 0.3042881637811661 0 0 0 6.466875351965427 0 41.4893714338541 0.2079429179430008 0 0.1210791170597076 0.514583595097065 7.371862679719925 17.54520534723997 0 0 0 0.8564567938446999 0.8068030700087547 6.322288125753403 142.0466590672731 137.4320003241301 0.2841694056987762 0 0.5042379796504974 33.59426809102297 0 0 0.496363952755928 1.228439718484879 4.898720055818558 26.69352133572102 2.999489344656467 1.269356213510036 0 0.1954659819602966 1.246899396181107 0
15.25504439324141 3.972124502062798 300.6654690280557 1.175956591963768 0 9.304277189075947 16.41492445766926 50.61104962974787 0.2433138191699982 13.48856887221336 2417.01130592078 14.44411496073008 9.979863554239273 87.51468002796173 0.3747434392571449 7.02343113720417 5542.939385816455 3710.583896301687 4491.932196989655 7.122236676514149 73.66511204093695 1.185884580016136 274.6583302617073 5.497354283928871 2.18950492143631 3651.379693299532 545.5809511840343 7.015299916267395 193.2885894626379 65.60781053453684 8.131355367600918 8.868564665317535 11.00964040309191 3929.730596698821 12.77019095420837 1035.234971694648 2004.486375056207 3394.111912697554 709.285883307457 20.21324580907822 2.108322963118553 48.34629993885756 6.272243842482567 0 4.78857247531414 6.677759423851967 0 0 0 1.304038539528847 0 0.7860565409064293 0 1.20757968723774 0.1122492328286171 7.61291740834713 1.214073345065117 0 0.5181848555803299 11.06244196742773 6.558015383780003 29.45481252670288 0 0.2666135057806969 0.2960232123732567 3.540149584412575 0.987443208694458 3.500553622841835 194.7516697049141 193.4361236467957 1.614970125257969 0 1.044229283928871 11.92759421467781 0 0 1.19457008689642 1.022942811250687 9.762780256569386 70.94531733542681 6.117929764091969 5.142369389533997 0 0 0 0.1217101663351059
2.847605653107166 0.1051260754466057 7.484838165342808 4662.901248142123 11.88356964290142 374.6334740743041 62.88595688343048 402.8917506337166 157.4583577662706 4588.52128174901 42.09023608267307 7568.682795517147 7.252877242863178 426.5610152631998 220.547620177269 0.4122281074523926 2.011677652597427 6.71093088388443 7.122236676514149 954.7267520204186 5.341461576521397 0 7.633602097630501 957.7507466822863 0 10.52311050891876 14.18366220593452 2052.864244043827 753.5910188630223 19.41414023935795 0.5063946321606636 26.64842084795237 12.66904599964619 312.2792711779475 12.70719520747662 1608.56990839541 23.82005730271339 757.040453016758 110.291453525424 965.5621050745249 55.24304150044918 5.253315165638924 7.131944932043552 0.1650320142507553 0.2579047828912735 0 76.67370786517859 0 4.912291035056114 121.6750915795565 8.83110599219799 88.27014011144638 104.5620887726545 0.1536933779716492 107.2749878913164 0 11.86556635797024 5.964070536196232 0 0.19178207218647 0 0 48.35601805150509 0.3196188807487488 0.7637253254652023 0.953423023223877 507.1532835811377 0 0 0.6204231679439545 463.2292389571667 10.4897329211235 12.6812099814415 0 0.3168688490986824 1.414013102650642 3.74614505469799 0.2226063907146454 149.5531791597605 1.095273405313492 16.51145026832819 1.956402890384197 62.92290011048317 1.666173160076141 0.4250125586986542 1.0289705991745
17.65078468620777 3.132860131561756 624.6479399427772 2.593062914907932 0.3014336153864861 35.59768509119749 1202.21924880892 139.1057407706976 67.15973183512688 47.52846827358007 60.60102911293507 1.273047924041748 11.86963227391243 167.0121013969183 0.3524177893996239 799.1776540204883 707.0172990038991 17.91681565344334 73.66511204093695 5.341461576521397 25428.63579908758 72.96223927289248 16187.55271048844 1884.940575838089 0.7749884128570557 60.88348995149136 664.2218662425876 7351.231702670455 411.3876108601689 15081.46328251809 0.4288881942629814 4.170620493590832 115.9644580483437 4225.127677626908 90.73094011098146 11719.34386405349 811.258937343955 8716.282173499465 3610.165064647794 595.8855080753565 14.25498759746552 66.02025675773621 72.54748737812042 18.57529386132956 1.685969144105911 1.724620804190636 2.719174176454544 0 1.290211945772171 71.1904664337635 39.93481966108084 62.60043251514435 5.243940576910973 23.89829798787832 0.5101697444915771 7.259278178215027 94.50430128723383 0.2158032581210136 596.4211428165436 3.219935841858387 0.440204806625843 3.499790765345097 1.747626021504402 481.3390413895249 173.7757297456264 100.4440587386489 703.6314126178622 0.4344318956136703 4.712684974074364 69.47513192147017 543.8466276079416 138.9356620758772 477.4297541305423 0.1228889897465706 0.7262326925992966 12.84021470695734 18.92892644554377 7.346679717302322 269.5678937211633 8.43398305773735 58.1876875013113 15.24390131980181 15.39580792188644 2.30039145052433 21.06919084489346 2.95019668340683
0.3514619991183281 2233.809882335365 16.47164371609688 1.442852862179279 0.1948730945587158 0.12649966776371 16.40471551567316 0.4659750089049339 2773.428331181407 0.2741909176111221 21.16109921038151 0 178.8524564504623 0.7755969166755676 15.0065785497427 3373.203828908503 4.054059192538261 0.5011324509978294 1.185884580016136 0 72.96223927289248 827.1370519697666 301.8818337544799 6070.402502663434 463.9794581532478 93.80772418528795 5045.218420833349 141.5758440569043 1.039488963782787 1.007043197751045 17.64117880165577 0 0 6.878899268805981 0 21.160350240767 17.91458164155483 16.71770279109478 4.961544543504715 30.63355811685324 0 16.84014013409615 0 1.879030525684357 31.84548088908195 36.60411167889833 0 0 0.0990661159157753 8.524479024112225 2.680595636367798 18.39719825983047 0.196656197309494 0.9872270599007607 0.2074628621339798 4.151572421193123 6.968115776777267 0.2294142097234726 953.8891170322895 4.910001516342163 0.7574397101998329 1.460274219512939 0 79.17594164609909 376.8726778402925 319.2635709494352 172.959756962955 1.762864202260971 12.27429160475731 1507.219027385116 60.62808107584715 7.894845239818096 26.95105040073395 1.590622149407864 0.09635185450315475 1.051925852894783 1.725739672780037 0 20.86065727472305 9.843842968344688 8.560199417173862 5.26833913475275 3.438011795282364 0 0.5324374437332153 0.1009086593985558
326.5279625356197 3.250547543168068 8393.650860078633 8.129792749881744 0.5734272822737694 133.2223277390003 2421.788015507162 1174.911457434297 25.52823765575886 124.0956835597754 109.3473279327154 6.562073402106762 21.01447154581547 1678.585326328874 0.8869711235165596 5481.091980651021 8749.057886853814 84.62655977904797 274.6583302617073 7.633602097630501 16187.55271048844 301.8818337544799 26618.47348753363 842.891718454659 0.955042839050293 2491.900692902505 10607.37202782929 2824.11324352026 1068.612191386521 5490.091637909412 0.9364934265613556 9.236900486052036 49.36341048777103 3514.565124884248 205.4993169084191 14758.60021724552 7739.28646863997 11493.56945907325 6628.339300185442 574.0407003983855 36.77221915870905 122.0170402228832 103.4182936251163 5.761966660618782 23.47021676599979 86.31649353355169 0.9751319885253906 0 0.2914357483386993 39.70921441167593 10.28306583315134 19.06915709376335 2.243174821138382 28.83267763257027 0.8136023432016373 11.80741281062365 27.9161532074213 0.576407253742218 2674.157242462039 8.105105891823769 2.564337775111198 6.04583116620779 1.252255707979202 482.6034991517663 669.8834391459823 1642.515532568097 244.8695277348161 1.40492083132267 24.89942405372858 1555.258469820023 173.9611795842648 38.10340832918882 152.1931388229132 0 0.243403360247612 2.630827888846397 5.757017716765404 17.74369251728058 149.7620229125023 30.40207140147686 26.37765783816576 15.13154529780149 8.249285213649273 0 17.20678909122944 2.967379689216614
15.86233060061932 1713.7657975927 138.3461776003242 3169.596192412078 26.13873419910669 52.69905447214842 1194.09824051708 127.0932721048594 13057.73461815715 352.5815734416246 18.2985228523612 1815.992870673537 87.89977620542049 177.2307220324874 1155.442239783704 2556.671196982265 32.75476603209972 1.916484728455544 5.497354283928871 957.7507466822863 1884.940575838089 6070.402502663434 842.891718454659 14223.56501232088 194.9792357981205 225.2167447581887 5977.997886359692 7718.822059072554 535.9454879313707 742.6324939578772 11.61325941234827 5.475231356918812 197.1041357517242 205.6409865766764 17.80616647750139 3117.199092671275 91.36718850582838 672.7077026739717 212.02026630193 1991.516068831086 23.94676604866982 24.08315183967352 19.15646892040968 24.73732186108828 21.69391669332981 24.77353228628635 186.1950499042869 0.4772638902068138 16.07806377112865 433.1611129567027 79.64288751780987 1319.272501066327 251.7458587884903 9.740746326744556 122.6501416489482 5.425959400832653 165.0393588244915 19.58141785115004 619.7538236528635 8.679025292396545 1.157994739711285 3.036760859191418 141.0790488943458 381.1862662881613 368.2411952987313 101.7130729630589 4880.83330206573 2.038919426500797 16.16474079340696 213.9109793305397 2537.014648802578 245.3693512603641 562.091783426702 1.269069485366344 2.999209560453892 16.85294158011675 35.81101685762405 5.255014561116695 726.2335849180818 18.51352481544018 176.6325542926788 29.26510733366013 224.1602111756802 5.885356672108173 0.7566972821950912 4.970701918005943
0 3570.63965061307 0.2599740698933601 0.2170468270778656 0 0 0 0.3724657297134399 172.1381890401244 0 355.0845447853208 0.2189648076891899 3671.657105021179 0.122859850525856 0.5368653386831284 1.907139495015144 0.125187486410141 3.487058222293854 2.18950492143631 0 0.7749884128570557 463.9794581532478 0.955042839050293 194.9792357981205 927.7639271691442 197.4395898878574 4585.156962953508 1.04114206880331 0.1514435559511185 0.1300631165504456 237.0534408390522 0 0 42.71295358985662 0.184963196516037 122.4760348647833 274.9718221798539 348.309638671577 99.46530956029892 3.117303028702736 0.8893558979034424 632.2433431446552 4.390637636184692 0 251.962987869978 1.60732413828373 0 0 0 1.525179997086525 0 1.033689327538013 0 172.6197782456875 0.2377883493900299 579.1778736338019 0.1131729036569595 0.2759881019592285 0.1845569461584091 5.515022814273834 5.254198223352432 14.46769500523806 0 0.7430721148848534 1.320571541786194 0.8367739915847778 3.179165996611118 91.59479264914989 257.2520766556263 576.6807921081781 0.6452734172344208 0.111736036837101 1.446169011294842 113.3032446205616 0 0 1.009317383170128 4.843560457229614 33.18855522572994 115.3157558590174 14.83244036883116 10.80149126052856 2.342605322599411 0 190.4190607219934 0
31.86291497200727 286.4304287284613 10692.29297552258 7.70316170156002 0.3207021057605743 33.08187714964151 269.4418981298804 153.6568082123995 79.09788484126329 41.23866531252861 2835.705473907292 20.33605205267668 349.6630485504866 202.6117703616619 1.074571274220943 41.13338954746723 2831.106568455696 3682.080868035555 3651.379693299532 10.52311050891876 60.88348995149136 93.80772418528795 2491.900692902505 225.2167447581887 197.4395898878574 43055.30744638294 13316.72630244493 159.7574603334069 251.4595746397972 93.20874837785959 637.2150289490819 11.71932377666235 10.50276876986027 1575.599424920976 44.77435564249754 3326.662129297853 10513.79413945228 4184.492473162711 1376.879675410688 85.51639123260975 4.435578361153603 314.368717841804 20.56242881715298 1.206522218883038 297.8272090628743 294.7582428306341 0 0 0 36.49995725601912 3.240972623229027 4.266618855297565 0.6150030866265297 83.544319704175 0.1174085885286331 722.8514263257384 13.59152406454086 0 9.408136509358883 286.7879151105881 115.4285917580128 545.6701149791479 0 7.725768253207207 8.566472820937634 56.84065599739552 22.41313713043928 214.2803878709674 3196.342212252319 4533.065258994699 15.04672205448151 8.864856764674187 32.8198204562068 411.8489345312119 0 0.5505931377410889 39.41332698613405 6.17383985966444 165.4481210336089 1000.786127723753 166.5949214920402 72.84072338789701 2.949921049177647 0.2809661626815796 7.318123385310173 0.9350075125694275
19.82406157255173 8533.686896950006 7564.078929558396 17.07895180583 1.552730567753315 27.97765699774027 1152.882579728961 98.45515056699514 2102.139474749565 71.54911357164383 345.8547621443868 8.075679339468479 6543.963140033185 126.046711102128 22.25484461337328 6422.828920960426 3450.516049534082 141.9416386857629 545.5809511840343 14.18366220593452 664.2218662425876 5045.218420833349 10607.37202782929 5977.997886359692 4585.156962953508 13316.72630244493 45782.89480787516 1707.03631991148 163.3791908994317 115.1799467131495 1150.007971957326 2.936945267021656 12.67847497016191 2328.578515082598 137.4478335604072 7096.284320153296 5922.288458518684 8067.676075749099 2955.895591460168 324.2935052663088 24.05575446784496 154.4777252525091 53.87366684526205 7.312410421669483 3020.438614100218 2295.27405320853 2.686119787395 0 1.455918751657009 145.7163217365742 20.09994607418776 22.53429768234491 11.47142817080021 136.6704550385475 0.1532875150442123 938.9688427001238 45.96128955483437 0.7710179463028908 1436.601419337094 989.1866503804922 143.4920838549733 751.5067645162344 2.081465095281601 113.1317991688848 1212.093221955001 2408.983319021761 302.852804876864 412.0705411881208 4910.49273300916 22476.52776627243 223.5624142289162 26.49410501867533 114.4594060629606 557.9302583262324 0.3520305976271629 2.183488793671131 128.4358991757035 15.05742996186018 559.2339690625668 1521.438242740929 564.6174055933952 297.4981937929988 16.33041013032198 1.856684803962708 20.92292170226574 2.944501087069511
40.68887430429459 12.55731341987848 728.4353864490986 6064.804223999381 7.326926678419113 2571.502813607454 18394.03423878551 484.4714186564088 1193.361033990979 9592.836064249277 21.91502606868744 1093.467998698354 4.577159814536572 519.1669344827533 116.8319159820676 887.3980737626553 54.94573018699884 6.454759024083614 7.015299916267395 2052.864244043827 7351.231702670455 141.5758440569043 2824.11324352026 7718.822059072554 1.04114206880331 159.7574603334069 1707.03631991148 23188.71908276528 1517.523332729936 10949.75640152395 0.58488679677248 16.6256957128644 493.5109442919493 737.1096965447068 67.50294037163258 5845.337876833975 115.7020887807012 2244.27079551667 708.3752705603838 510.9042161554098 51.22348436713219 16.11037304252386 33.07022199779749 18.96843611449003 4.578862972557545 7.622471056878567 220.8803143128753 0.3763970285654068 16.45137592405081 510.4214359596372 70.30156058445573 559.1005961224437 320.6848326027393 8.379457741975784 105.9123985022306 2.080037415027618 125.6207088083029 16.27734222263098 187.1629381552339 2.740479335188866 0.54746113717556 1.128007963299751 161.8961580321193 149.034536473453 76.26153679937124 39.57931371033192 3534.163671150804 0.9580402299761772 2.623253583908081 69.61834098398685 2451.590549446642 218.0649809837341 484.6529634222388 0.1160839572548866 4.018440462648869 13.52167669683695 32.27262909710407 6.330450780689716 653.2204151302576 5.728206239640713 138.7643937021494 22.64638020843267 193.6725382208824 3.707625836133957 1.191797226667404 4.060779817402363
