338.0030134990811 0.09873262792825699 56.19053623080254 2.497062340378761 0 152.4164716079831 2836.271353922784 2186.045361101627 0 248.613539353013 3.782432697713375 15.77308224141598 0 2296.11337403208 2.782443821430206 0.1833275109529495 47.643055960536 1.569553513079882 5.912371471524239 5.210596323013306 151.8149538114667 0.1742298603057861 58.86454404145479 23.59624341130257 0 32.42575180158019 10.18375217169523 95.055628657341 1991.582396484911 5977.424889281392 0 2.679191432893276 6.97138275206089 119.7937572896481 1.058107390999794 76.07704783976078 9.003087468445301 60.0748949572444 28.40370840579271 19.93960289657116 0.6160784140229225 0 0.5397365167737007 0 0 0.1830909103155136 0.1930164247751236 0 0.5107742547988892 1.443281471729279 0 0 0.4413487687706947 0 0 0 0 0 1.012779876589775 0 0 0 0 0.8370110243558884 0.238055907189846 0.2248213738203049 3.646984875202179 0 0 1.147054336965084 12.57912020385265 0 0.1350589245557785 0 0 0 0 0.205988273024559 1.758972086012363 0.1082121282815933 0 0.2342712879180908 2.005303665995598 0.1909863352775574 0 0
0.09873262792825699 142.5212723240256 38.76316410303116 0 0 0.7039374932646751 5.228724822402 0.08978570997714996 195.7022111862898 0.5585882216691971 17.20200043171644 0.7276400029659271 204.2453591898084 0.1452339440584183 0.3177551627159119 720.7169294133782 77.76695185154676 3.484362244606018 5.438776344060898 0.2999845445156097 10.37534505873919 1971.205419950187 238.5925193428993 211.3683146461844 1434.617551475763 640.0269020870328 10281.46951246262 46.11970222741365 0.9137376993894577 1.418206617236137 120.0394000411034 0 0.08334372192621231 25.29604981094599 1.735424160957336 44.29191236197948 87.68207338452339 69.16758131980896 13.76460421085358 2.217892527580261 0.441638708114624 9.018347054719925 0 0 52.24977652728558 137.1760656014085 0 0 0 0.5171729475259781 0 1.212127424776554 0 30.47586794942617 0.4352110028266907 61.71059432625771 0.1123849228024483 0 2.0326027572155 14.31120730191469 1.883715830743313 4.70690206438303 0 1.936790019273758 21.06223620474339 23.5110746473074 5.040587678551674 150.4780078828335 204.963407471776 1995.558812402189 3.28203684091568 0 0.2347357347607613 13.57041023671627 0 0.1330399513244629 1.900752440094948 1.228888183832169 13.55506120622158 45.90194995701313 23.15975107252598 10.21055772155523 0 0 14.59192945063114 0
56.19053623080254 38.76316410303116 2780.730123393238 0.3682049512863159 0 7.607784204185009 64.61890622228384 128.5086150243878 5.615657821297646 13.25030396878719 2.271318711340427 0.3651151955127716 0.52005934715271 70.15131705254316 0 53.28795146942139 2806.037512004375 0.9389306008815765 62.90180937200785 0.4715581238269806 803.5356126502156 196.8973889946938 14031.70856069773 64.35737118124962 1.228877678513527 5741.372421808541 6657.792550764978 1225.314594477415 55.70263931155205 1745.372371032834 0 0.1848426684737206 5.297584667801857 793.1251227110624 32.12479185312986 1281.074510708451 2904.062873117626 1698.989947371185 710.6339626386762 50.81508065760136 4.175240874290466 3.408093526959419 6.288132354617119 0.3661424666643143 68.06227552890778 679.8602870181203 0.275301605463028 0 0.358089417219162 2.464715801179409 0.3583641648292542 0.5778907388448715 0.256502091884613 2.511253781616688 0 2.989073269069195 0.546912670135498 0 38.54295439273119 18.32921009510756 0 0.8663301467895508 0 10.21193519979715 55.0293942913413 392.1294250711799 10.68066785484552 7.980302318930626 10.75467409193516 1303.408652223647 13.4672426879406 0.628281868994236 4.768383219838142 1.24142099916935 0 0.4961527734994888 15.45247157663107 13.17204111814499 106.2871512100101 286.0718906223774 101.5577699840069 42.73241066932678 0.7811570763587952 0 0 0.1931564807891846
2.497062340378761 0 0.3682049512863159 1530.832057118416 0.260381817817688 79.55740816146135 231.4235890805721 41.20469807833433 377.126563206315 3868.404343426228 2.001131571829319 4852.671140417457 0 16.36396197974682 26.33397260308266 0.1697638779878616 0 1.045959040522575 0.4882857277989388 2087.496772803366 0 0.8186522275209427 0.5754891782999039 1907.808246463537 0 1.34024690836668 0.8044316470623016 2428.468252465129 22.88619197905064 2.400359630584717 0.2475508749485016 0.7347642704844475 0.5325341820716858 13.58090618252754 9.916072219610214 218.8723456114531 2.370478436350822 103.8864061161876 74.92731922864914 201.5217492431402 1.040992692112923 0 2.234917297959328 0 0 0 20.56434638798237 0 12.25542480498552 38.66441938281059 0.1795484572649002 0.5608455166220665 93.27071546763182 0 40.17934781312943 0 0.1009685024619102 0.6767411828041077 0.3735832571983337 0 0 0 37.0378165692091 0.1471479535102844 0 0.1077092587947845 98.78678993880749 0 0 0 74.84306563436985 0.2820594906806946 0 0 0 0 0.0921780988574028 0 267.2294854521751 0 0.08880157023668289 0 37.57587425410748 0.1563884168863297 0 3.181483440101147
0 0 0 0.260381817817688 572.1391129940748 290.7242885753512 0 197.112557515502 31.31658463180065 0.8466513156890869 1.087523750960827 31.44870665669441 0.1896131336688995 35.66087007522583 1281.658214837313 0 0 0 0 0.9465656280517578 0 0.3461116850376129 0 1.415654823184013 0 0.7531413808465004 0 0 149.2052033096552 0 0 789.2192136347294 0 216.7558351233602 0 13.26978659629822 1.13389678299427 14.4685700237751 7.049274906516075 809.8070161193609 349.8284551054239 0 2.010852560400963 0 0 0 0 0 0 0 0 0 0 0 0 0 0 0 0 0 0 0 0 0 0 0 0 0 0 0 0 0 0 0.4846064448356628 0 0 0 0 0.5711898803710938 0 0 0 0 0 0 0
152.4164716079831 0.7039374932646751 7.607784204185009 79.55740816146135 290.7242885753512 11434.12081037462 1698.559933103621 7684.04566065222 106.551671475172 4571.714011102915 105.1743805371225 2890.367621988058 3.581037573516369 1205.782299429178 2277.494552470744 1.005347058176994 2.901088200509548 35.59299953654408 20.77318520471454 241.1652163118124 11.79403014481068 4.464773878455162 15.89968957751989 622.2263157963753 0.9442680329084396 39.24570641294122 14.67903271317482 849.7564206346869 526.5861135870218 195.7936455979943 2.214851401746273 576.1179449036717 2.432759195566177 429.1497926265001 18.78525064885616 445.0215235128999 22.91350375860929 715.9461336247623 190.1778815835714 2691.520653434098 246.591805793345 2.588856913149357 27.13942683488131 0 0 0.1423206627368927 8.214504957199097 0 4.301121830940247 30.82077863067389 0 4.022127531468868 32.91293089091778 0.09404104202985764 12.33298702538013 0.8010321632027626 0 0.2459795773029327 0.7865672037005424 0 0.08788592368364334 0 6.212876424193382 0.9165677204728127 0 0.2076124176383018 88.95098562538624 0.08695856481790543 1.197035327553749 0.9315401390194893 74.13024799525738 0.4817537665367126 0.4277495741844177 0.3936077207326889 0 0 0 4.311096668243408 62.054901227355 0.4675849080085754 1.149511426687241 0.1246481016278267 11.46433171629906 1.359930172562599 0 0.9397833645343781
2836.271353922784 5.228724822402 64.61890622228384 231.4235890805721 0 1698.559933103621 11492.60123035312 5482.879636757076 437.4527799338102 5298.568375401199 22.83442848920822 18.47879849374294 0.1770331189036369 2355.05217384547 2.471840612590313 9.117562212049961 1.915690422058105 10.93280556425452 6.428079806268215 42.98757986724377 64.75304336845875 21.0375589877367 168.650188177824 7836.343831494451 0.4384069368243217 20.95660693570971 55.1407717615366 13375.12069895864 2662.972172096372 9315.851679317653 0.5989328920841217 11.48487059772015 18.22460402548313 175.3749313950539 32.2145491540432 775.1951351612806 56.79813773185015 694.6118804365396 343.5505312308669 563.532362729311 9.239668153226376 0.09441637247800827 12.85208917409182 0 0.1123592481017113 0 18.33801528066397 0 6.24680894613266 68.16403113305569 0 19.54697961360216 90.20085906982422 0 16.51012938469648 0 0 0.4276007115840912 7.279312185943127 0 0.07232582569122314 0 12.94050619006157 2.538015462458134 1.08754774928093 5.091488309204578 229.4162231981754 0 0.2371686324477196 2.333858303725719 223.2458132058382 0.6915796399116516 0.2608535289764404 0 0 0 0.230154812335968 2.591714143753052 75.73512446135283 0.1414289325475693 0.5749249458312988 0 23.69188998639584 0 0 0.7738327383995056
2186.045361101627 0.08978570997714996 128.5086150243878 41.20469807833433 197.112557515502 7684.04566065222 5482.879636757076 4162.221121892333 11.50784990936518 3315.58154874295 89.63047645241022 1902.777666136622 2.491597771644592 6836.103320714086 565.496237039566 1.313798025250435 79.83102963119745 36.83667642623186 33.34749028086662 173.2005138099194 291.7473139390349 9.997169658541679 115.9118217006326 210.0100484117866 0.5457396805286407 83.83771130815148 31.65690169483423 632.1399930045009 860.3390303626657 2675.675046615303 1.840995512902737 286.9885445833206 11.97788955271244 666.4675011560321 19.23489613831043 432.517898388207 45.59908992052078 486.8910437896848 137.4719190597534 1359.429247476161 127.4514994993806 0.6547256782650948 10.82181698083878 0 0 0.9301680400967598 2.935762263834476 0 1.450764775276184 14.47577440738678 0.425387978553772 4.558540724217892 15.08517275005579 0.3419959098100662 3.030487835407257 0.3503018021583557 0.1901712417602539 0 3.156397670507431 0 0 0 1.77606462687254 0.7310944497585297 0.7788123190402985 1.302466608583927 52.33372897654772 0 1.114234432578087 1.856329172849655 64.55828265845776 0 0.6183799058198929 0 0 0 0 0.7669444531202316 17.90614220499992 0.4033954739570618 0.4988324195146561 1.38210541009903 4.152546785771847 0.3228317499160767 0 0
0 195.7022111862898 5.615657821297646 377.126563206315 31.31658463180065 106.551671475172 437.4527799338102 11.50784990936518 1360.423809170723 204.5490624904633 0.6722300872206688 770.1671144366264 0.5744940117001534 5.054346442222595 524.6324110627174 331.536287933588 2.483808442950249 0.1387090981006622 0.4473904818296432 627.8782680332661 160.6019259169698 2221.157466955483 86.48507697880268 5874.419395849109 53.72181638330221 5.992068573832512 230.5516204312444 782.2287583723664 8.209440000355244 46.52126947045326 0.5139587298035622 1.881928242743015 1.100907474756241 46.58077594637871 6.408858895301819 301.5602031871676 8.152258709073067 70.32264509797096 58.13363587111235 506.1473752856255 1.671381935477257 0.9481058716773987 1.370656460523605 0.3143767416477203 1.781187951564789 3.279624171555042 29.24611802399158 0 20.7469259724021 81.04695445299149 1.984591841697693 300.048308596015 110.0786325857043 0 101.115636318922 0 1.383297063410282 11.82554090023041 177.3730357661843 0.3715768158435822 0 0.1812462881207466 25.74639482796192 31.74271105229855 91.80875676125288 49.26610731333494 1827.655701771379 0.4164762645959854 0.7976572588086128 15.39136569201946 1127.128629550338 1.550018779933453 2.672323696315289 0 0 0.9428053200244904 1.074490174651146 2.207576751708984 204.1534923389554 0.9166399985551834 1.476313635706902 0.6095035746693611 96.34062906354666 1.428015261888504 0 4.797822281718254
248.613539353013 0.5585882216691971 13.25030396878719 3868.404343426228 0.8466513156890869 4571.714011102915 5298.568375401199 3315.58154874295 204.5490624904633 18591.57858560979 52.1080582216382 2355.682262510061 1.587911315262318 1375.106131650507 16.55333416908979 2.138512939214706 1.720795907080173 23.1852611489594 11.64414747431874 1936.038569562137 8.579633198678493 4.568394750356674 31.87541462481022 2721.858383476734 0.4830216839909554 23.20007959753275 14.18163310736418 8745.2753489241 712.2182865664363 277.2750051617622 1.083480633795261 27.67158710211515 2.211291573941708 240.0150154829025 43.43477241694927 782.4059092253447 22.79785253107548 1277.835531096905 538.3193432688713 632.7028005458415 46.04582856595516 1.01431705057621 36.40484749525785 0 0 0.1022566482424736 57.77325758337975 0 22.69595287740231 108.4167547151446 0 5.862090051174164 225.5237581804395 0.5507750660181046 71.94486627727747 0.09933479875326157 0.3633268997073174 1.726500526070595 1.374533295631409 0 0.1903837397694588 0 49.09973410516977 0.6858312040567398 0.506212130188942 1.397389054298401 289.7131226956844 0 0.7569769360125065 0.8929490000009537 243.927784204483 0.1161380037665367 0.1524990797042847 0.2898192852735519 0 0 0 0.8039308190345764 430.2696069702506 0 0.3937295079231262 0 70.15422737598419 0.1710972785949707 0 5.306251533329487
3.782432697713375 17.20200043171644 2.271318711340427 2.001131571829319 1.087523750960827 105.1743805371225 22.83442848920822 89.63047645241022 0.6722300872206688 52.1080582216382 8351.27217259258 55.92445163801312 2316.037839137018 80.91851181536913 0.4779817536473274 4.549899324774742 305.6215197443962 3549.211019180715 3872.861336492002 9.630963370203972 22.44053655490279 1.294523663818836 47.31704978272319 9.653662361204624 1187.833318993449 1579.920414887369 1083.288004100323 20.26672888174653 180.1613659970462 35.44361762702465 1004.351364128292 54.66820405423641 15.82505389302969 6302.518128827214 17.35548369586468 459.4029788598418 4123.879600994289 3332.520760528743 668.8726225532591 151.7289522662759 97.23391360044479 1399.589272260666 2.924659907817841 0 5.282724179327488 4.948573186993599 0.2193887084722519 0 0.2984118834137917 1.111542262136936 0.2891200035810471 0.4483748748898506 1.259291127324104 554.0660984218121 0.4079300761222839 870.2215752452612 0.07614154368638992 0 1.869420163333416 0.3711102455854416 39.69198038429022 6.052067033946514 0 0.5357578247785568 0.4970540106296539 6.293931372463703 6.384206235408783 93.03367302566767 287.0375156626105 153.2101115658879 6.536740608513355 0.09179271012544632 0.104796014726162 209.0393823161721 0 0 0.9538733065128326 16.14496345818043 82.07820657640696 242.9174861386418 13.69546813517809 5.481814928352833 0.7080954685807228 1.343502402305603 295.5505803450942 1.202079400420189
15.77308224141598 0.7276400029659271 0.3651151955127716 4852.671140417457 31.44870665669441 2890.367621988058 18.47879849374294 1902.777666136622 770.1671144366264 2355.682262510061 55.92445163801312 5330.556702278554 1.565075799822807 316.9720475822687 1361.572098575532 5.053066238760948 1.171302393078804 21.43117644265294 10.41771649196744 4201.07577072829 0.7604590058326721 22.11148855090141 0.2626495584845543 1642.969233714044 0.7628691047430038 22.3962609693408 5.43032356351614 629.306670717895 233.3234912976623 5.43179090321064 1.725013300776482 83.24983577430248 1.043408535420895 205.0815630629659 5.600439190864563 1021.103795588017 11.38236886635423 311.6454488411546 71.84115645289421 3615.969761930406 25.31868407130241 3.522786438465118 13.80610067397356 0 0 0 59.94786273688078 0 15.12218511104584 25.58583950251341 0.9385400712490082 2.36427329480648 138.1220408082008 0 55.80255649983883 0 0.1356081664562225 0.7723793387413025 1.266495242714882 0 0.1577913835644722 0 28.85042635351419 0.1340219527482986 0 0.7473777830600739 78.99715576320887 0 0.6987199895083904 0.61407221108675 54.68893741816282 0.2356233224272728 0 0 0 0 0.1541493386030197 0 365.0156314149499 0.34318807721138 0.6872633472084999 0.3805458843708038 41.96936552226543 0.2521524727344513 0 3.989744782447815
0 204.2453591898084 0.52005934715271 0 0.1896131336688995 3.581037573516369 0.1770331189036369 2.491597771644592 0.5744940117001534 1.587911315262318 2316.037839137018 1.565075799822807 2495.449766270816 1.555024147033691 0 2.345236673951149 1.02919590473175 13.99033474177122 14.215018697083 0.2257457375526428 0.1141705811023712 4.842988729476929 1.7146125882864 0.5397426635026932 3723.528919257224 594.9633412435651 1485.080676183105 0.1682300269603729 2.913687169551849 0.5183747112751007 1274.797071315348 0.9316935613751411 0.6156861931085587 1886.825486168265 2.476105183362961 43.4266724511981 1644.552406594157 794.2766267880797 87.0383166372776 7.775207065045834 17.35768536478281 1280.369984559715 2.851827383041382 0 5.925097145140171 2.896756589412689 0 0 0 0 0 0 0.1392751187086105 407.5825268104672 0 583.4186187684536 0.4158264249563217 0 1.718928024172783 0 15.87991796433926 2.185533471405506 0 0 0 2.699021674692631 0.07542495429515839 110.2015665248036 147.9222331568599 58.61178486794233 0.5999291464686394 0 0.3568881750106812 149.7668356969953 0 0 0.2693444341421127 6.518605448305607 35.48700594902039 227.1343786120415 7.885503202676773 4.704514913260937 0.114142931997776 0.6844850927591324 275.2311177253723 0.1910911500453949
2296.11337403208 0.1452339440584183 70.15131705254316 16.36396197974682 35.66087007522583 1205.782299429178 2355.05217384547 6836.103320714086 5.054346442222595 1375.106131650507 80.91851181536913 316.9720475822687 1.555024147033691 4415.186621628702 51.60405389964581 0.6317609883844852 76.89398065954447 41.60181840881705 46.20959040522575 54.18273632228374 360.2049010917544 3.058112613856792 110.2338110208511 93.50107491016388 0 89.0944909863174 28.55167103558779 367.9930686056614 3416.655731454492 2268.110155880451 1.120118737220764 141.2816966921091 24.60528518259525 895.3172477222979 11.0638215020299 341.9828342944384 46.15977600961924 401.6830591522157 99.6055314540863 460.1287362575531 37.84805196523666 0.4364870712161064 2.935794688761234 0 0 0.5162134617567062 0.9440691620111465 0 0 8.689351134002209 0 1.017158582806587 7.401523075997829 0.6696593165397644 0.2815883085131645 0.373553492128849 0.1051833033561707 0 3.075677514076233 0.1086596995592117 0 0 1.645857520401478 1.526031948626041 0.2454251796007156 1.84412244707346 35.35272943973541 0 1.222340822219849 0.7090471014380455 47.56960134208202 0.4480289816856384 0.1358283907175064 0.2836232632398605 0 0 0.1945454329252243 0.6349320113658905 10.23649670928717 0.6567356288433075 0.1646616160869598 0.3742827326059341 3.353688150644302 0.3263653218746185 0.243858128786087 0
2.782443821430206 0.3177551627159119 0 26.33397260308266 1281.658214837313 2277.494552470744 2.471840612590313 565.496237039566 524.6324110627174 16.55333416908979 0.4779817536473274 1361.572098575532 0 51.60405389964581 242.8398772776127 0.6227540373802185 0 0 0 72.91618397831917 0.514466904103756 4.900131106376648 0.2109291926026344 60.50894106179476 0.1242208182811737 0.1897477209568024 0.3555534705519676 4.977012328803539 9.166907653212547 1.650888681411743 0 177.2603120878339 0 6.211267828941345 4.13815513253212 71.67755889892578 0.6361879706382751 2.028730362653732 0.3984606564044952 1105.417116224766 30.49027192592621 0 0 0 0 0 0.2800552174448967 0 0.818436786532402 2.069199427962303 0 0 2.00832237303257 0 1.483802616596222 0 0 0 0.4060024917125702 0 0 0 0.1380233615636826 0 0 0.1249401792883873 1.105762042105198 0 0 0 2.195973187685013 0 0 0 0 0 0 0 11.37235052138567 0 0 0 0.4296076446771622 0 0 0
0.1833275109529495 720.7169294133782 53.28795146942139 0.1697638779878616 0 1.005347058176994 9.117562212049961 1.313798025250435 331.536287933588 2.138512939214706 4.549899324774742 5.053066238760948 2.345236673951149 0.6317609883844852 0.6227540373802185 1250.703397415578 9.96391748636961 1.814812116324902 3.334641009569168 0.09939012676477432 1233.920934028924 3832.127941742539 1455.376659147441 2139.848282881081 97.22074205428362 18.12077575922012 4998.087727792561 1181.350219771266 0.117123119533062 13.2995038703084 1.990753412246704 0 0.2720863372087479 242.9380909651518 31.01607485115528 1559.245075307786 434.2292595803738 604.1199802830815 540.2724447473884 29.08702866733074 1.22425451874733 25.86502604186535 3.469851836562157 1.650341235101223 14.61920198053122 67.58604137599468 0.1568197309970856 0 0.433985061943531 33.97081612050533 0.5474060103297234 51.71867437660694 1.972971215844154 11.93748363107443 0.5409744679927826 1.016203105449677 2.854456275701523 0 1589.455036655068 4.166279189288616 0 0.4333018660545349 0.1449982672929764 370.4476305544376 362.4847530722618 1990.922921769321 530.8966575115919 2.213372819125652 3.451305329799652 536.7111775800586 378.9010556489229 8.788379013538361 16.0236661657691 0.1917127445340157 0 3.75286091864109 15.35463470965624 4.830355599522591 831.1976018026471 63.45031264424324 55.7728683128953 53.66680681705475 7.552348807454109 0.2637197971343994 5.444529294967651 0.7421313971281052
47.643055960536 77.76695185154676 2806.037512004375 0 0 2.901088200509548 1.915690422058105 79.83102963119745 2.483808442950249 1.720795907080173 305.6215197443962 1.171302393078804 1.02919590473175 76.89398065954447 0 9.96391748636961 2296.168000094593 244.8715605065227 3464.454142689705 0.09675116091966629 367.7401062622666 43.102104999125 4655.378317937255 2.73811299353838 1.351341560482979 4767.829645842314 4089.711936935782 14.22211662679911 178.3326578661799 692.9385580271482 7.588686414062977 1.437081091105938 20.94284437596798 2503.95135384798 17.79476078599691 1037.159971475601 1387.103028915823 3559.38970194757 661.4911359250546 45.77464511990547 3.309306986629963 6.358121082186699 3.356839299201965 0 42.57085390388966 102.5988645479083 0 0 0 1.186337321996689 0.1301598995923996 0.1013970002532005 0 1.498009815812111 0.1243277937173843 0.8361901715397835 0.4641856178641319 0 2.652366161346436 9.385235629975796 0.2828731462359428 2.37921791523695 0 1.588916383683681 7.492845825850964 21.58812449872494 3.862437769770622 3.189046829938889 32.51105873286724 356.8550630509853 7.472608491778374 0.2253750041127205 0.6188026964664459 0.6979105174541473 0 0 2.328905522823334 8.799166493117809 17.26888139545918 69.98188748210669 15.22665414959192 6.284726165235043 0.5875584185123444 0 0.1183545142412186 0.1959156319499016
1.569553513079882 3.484362244606018 0.9389306008815765 1.045959040522575 0 35.59299953654408 10.93280556425452 36.83667642623186 0.1387090981006622 23.1852611489594 3549.211019180715 21.43117644265294 13.99033474177122 41.60181840881705 0 1.814812116324902 244.8715605065227 236.0746857710183 2199.95052716136 3.21384485065937 8.456424869596958 0.5321870520710945 15.45115960389376 4.128895707428455 4.04598955065012 2774.752193760127 353.8364263959229 9.456023540347815 86.06484052911401 12.93521731719375 38.4985823109746 20.50773038715124 7.300002437084913 1332.699595764279 7.947111740708351 396.7534104660153 905.8130025044084 1497.092955160886 318.6684343330562 42.33709824830294 7.109091266989708 19.01328847557306 1.879526734352112 0 0.7327271550893784 1.156420730054379 0 0 0 0.5058857128024101 0 0.3939911052584648 0.3298535421490669 16.90999034047127 0.08359014242887497 18.09628090262413 0.07329678535461426 0 0.07373666763305664 0 9.478258952498436 0.8516167998313904 0 0 0 0.3049067258834839 1.022462725639343 2.671518184244633 80.94530145078897 39.99933717399836 3.115664109587669 0 0.09073079377412796 22.43789284676313 0 0 0.1130092516541481 8.041079007089138 25.30833940207958 5.272789254784584 0.6362156197428703 0.7926771193742752 0 0 0.6335850656032562 0
5.912371471524239 5.438776344060898 62.90180937200785 0.4882857277989388 0 20.77318520471454 6.428079806268215 33.34749028086662 0.4473904818296432 11.64414747431874 3872.861336492002 10.41771649196744 14.215018697083 46.20959040522575 0 3.334641009569168 3464.454142689705 2199.95052716136 2211.925653196871 1.776765234768391 22.34174852073193 1.199650056660175 130.0358705930412 2.034247808158398 1.827862367033958 3567.314568765461 326.8816491365433 7.208079770207405 76.18342161551118 36.86478026583791 19.11995153874159 12.71772154420614 7.737553849816322 3090.615213375539 9.171055927872658 607.1593037731946 1358.787487283349 3537.283932968974 422.7661155685782 33.59336202219129 6.318247467279434 18.56896027177572 1.672349527478218 0 4.071813672780991 4.718600764870644 0 0 0 0.6744402796030045 0 0 0.2716781422495842 3.556986227631569 0 2.785810053348541 0 0 0.2434902563691139 0.5092456787824631 3.229472793638706 2.160203918814659 0 0.2968896627426147 0.3215764462947845 1.243152648210526 1.247204937040806 2.685241773724556 69.1999282464385 75.11605475842953 1.821964271366596 0 0 4.360860206186771 0.09358493983745575 0 0.09272979944944382 5.00760917365551 15.35028036683798 18.75166244059801 1.399795211851597 0.4342958852648735 0 0 0.2071812897920609 0.1992358863353729
5.210596323013306 0.2999845445156097 0.4715581238269806 2087.496772803366 0.9465656280517578 241.1652163118124 42.98757986724377 173.2005138099194 627.8782680332661 1936.038569562137 9.630963370203972 4201.07577072829 0.2257457375526428 54.18273632228374 72.91618397831917 0.09939012676477432 0.09675116091966629 3.21384485065937 1.776765234768391 464.7979159653187 0.1247681751847267 1.200329944491386 0.4172608926892281 2026.563208311796 0 3.901682645082474 1.342965945601463 2218.647128261626 68.422747194767 1.637482799589634 0.09053143858909607 4.091058470308781 0.3270579874515533 33.5293276309967 11.39041090011597 462.7744498699903 3.698688685894012 163.5004718229175 82.87152851372957 610.6209329217672 7.909280754625797 0.3395197987556458 7.161022908985615 0 0 0 40.97510347515345 0 24.49863434582949 69.70745725929737 0.2614254578948021 2.822813794016838 161.0763522312045 0 55.75646189600229 0.08732542395591736 0.1328043192625046 0.9918965697288513 0.2801182568073273 0 0 0 35.64008525013924 0 0.6378021240234375 0 183.074480086565 0 0.2841452360153198 0 125.8183909580112 0 0 0 0 0 0.1037492454051971 2.486741483211517 477.5615774020553 0.350812166929245 0.1731420010328293 0 78.99205526709557 0.2459602802991867 0 5.823376528918743
151.8149538114667 10.37534505873919 803.5356126502156 0 0 11.79403014481068 64.75304336845875 291.7473139390349 160.6019259169698 8.579633198678493 22.44053655490279 0.7604590058326721 0.1141705811023712 360.2049010917544 0.514466904103756 1233.920934028924 367.7401062622666 8.456424869596958 22.34174852073193 0.1247681751847267 10833.63879972696 115.2683526799083 13086.56197091192 1226.359989695251 2.728085085749626 129.9299346096814 534.2246221676469 5451.473665326834 710.9903748631477 9763.038261815906 0.1975448057055473 2.768874362111092 40.97334578633308 3123.737307712436 108.5554659813643 4182.294272705913 340.8255442902446 3302.662881299853 1813.333628609776 95.48598000407219 6.644228637218475 2.731802761554718 16.82691407948732 1.065118283033371 0.4199552237987518 4.496098883450031 0.8150686770677567 0 1.950004160404205 43.74255045503378 1.144219748675823 25.85265006124973 5.89363569021225 0.1042731106281281 0.6859603077173233 0.1162076964974403 2.330826640129089 0 423.9392909556627 1.888888984918594 0 0.4529334306716919 0.391023188829422 189.9875252693892 58.62210906296968 226.1289250925183 376.726336106658 0.1443203538656235 0.4854632467031479 20.24536138772964 478.3693753033876 9.131154365837574 4.968072965741158 0 0 5.041245602071285 6.965544320642948 21.56351666152477 187.566456720233 2.833226762712002 10.05296608805656 6.890889436006546 13.4750115275383 0 0.7324711829423904 0
0.1742298603057861 1971.205419950187 196.8973889946938 0.8186522275209427 0.3461116850376129 4.464773878455162 21.0375589877367 9.997169658541679 2221.157466955483 4.568394750356674 1.294523663818836 22.11148855090141 4.842988729476929 3.058112613856792 4.900131106376648 3832.127941742539 43.102104999125 0.5321870520710945 1.199650056660175 1.200329944491386 115.2683526799083 1348.423500545323 435.4614187702537 4904.16530559957 548.1572791039944 67.20655827969313 5435.216491170228 618.0360463038087 9.204533852636814 6.032024100422859 10.30382915586233 0.3598718345165253 0 34.6920109167695 2.450384229421616 84.11684403568506 31.74274691194296 88.8257662653923 34.12288487702608 61.09991431236267 2.084601938724518 1.121665820479393 0 0.1170845776796341 38.73226957023144 293.853676430881 0.2120778113603592 0 0 8.367872513830662 0.2210447192192078 64.89082372933626 1.726209841668606 1.970432385802269 0.8192737698554993 4.818719506263733 0.6593535989522934 0 1029.910790622234 4.166435070335865 0.1704379692673683 0.4407210871577263 0.3456779196858406 94.01197528839111 359.3041681051254 969.8877167925239 373.1462431252003 10.47771150618792 9.615564219653606 1972.016785822809 171.286349400878 0.9392654076218605 6.175788499414921 1.99355287104845 0 0.1073821187019348 6.640166237950325 1.581643730401993 55.49102868884802 28.27288896590471 27.64014115184546 22.00093873590231 0.8279633820056915 0 0 0.3605888932943344
58.86454404145479 238.5925193428993 14031.70856069773 0.5754891782999039 0 15.89968957751989 168.650188177824 115.9118217006326 86.48507697880268 31.87541462481022 47.31704978272319 0.2626495584845543 1.7146125882864 110.2338110208511 0.2109291926026344 1455.376659147441 4655.378317937255 15.45115960389376 130.0358705930412 0.4172608926892281 13086.56197091192 435.4614187702537 14353.28743831813 955.7265796363354 11.10025298595428 943.8825523108244 10720.34179515764 6208.726162858307 186.1054820716381 6573.165864519775 0.3013429716229439 1.563597045838833 23.6362541243434 4116.114231772721 213.2726264297962 7160.505456522107 3986.59433041513 7874.10076238215 5217.607743166387 188.1414407193661 16.46353293955326 30.45910659432411 36.4362359046936 0.9047945141792297 9.405054733157158 127.5935573875904 0 0 0.5537613034248352 13.65972682088614 0.6834594756364822 15.8555274233222 0 10.77093783766031 0.349825531244278 0.9724196866154671 1.876980669796467 0 711.6027453541756 2.903412878513336 0.1060778498649597 0.5884846225380898 0.4942630231380463 189.9915115311742 122.8131796866655 1394.964823320508 213.2924621999264 0.9225127696990967 3.709914416074753 588.0198588520288 169.0308290868998 2.904079712927341 10.56309401988983 0.5175333544611931 0 0.2894654870033264 13.28741717338562 69.18975923955441 705.2165789529681 134.8280142471194 51.84357232600451 48.88881788402796 2.011296153068542 0.3603479266166687 3.941278949379921 2.195910185575485
23.59624341130257 211.3683146461844 64.35737118124962 1907.808246463537 1.415654823184013 622.2263157963753 7836.343831494451 210.0100484117866 5874.419395849109 2721.858383476734 9.653662361204624 1642.969233714044 0.5397426635026932 93.50107491016388 60.50894106179476 2139.848282881081 2.73811299353838 4.128895707428455 2.034247808158398 2026.563208311796 1226.359989695251 4904.16530559957 955.7265796363354 7789.522888354957 49.62575533241034 12.96259340643883 2427.782564237714 12162.43252208084 188.4173878803849 283.7814290001988 0.8138072937726974 2.095224961638451 29.53106734156609 325.9838815256953 93.86774884164333 1876.903051830828 69.27858424186707 1021.753244809806 699.3603457510471 464.9220840781927 7.94016020745039 1.616893619298935 18.69591007381678 2.479409232735634 2.124354347586632 17.40673765540123 118.8463570922613 0.3795564770698547 48.80094689875841 654.6820588037372 2.71473304182291 542.9743297249079 663.9018324017525 0.5009174719452858 114.9650871381164 0.1675403267145157 7.665264673531055 2.00609190762043 511.4947714284062 1.181893266737461 0.3843542486429214 0.1674274876713753 115.3949085623026 166.644874677062 165.3317595720291 278.7774060815573 3647.002530328929 0.218744084239006 0.5662668570876122 83.67140103131533 3889.901109188795 19.36087216436863 26.0799060985446 0.1924105957150459 0.3737606257200241 5.605304725468159 5.605717889964581 3.217418096959591 966.5115928649902 8.005971945822239 15.09758222103119 9.955956727266312 221.267290443182 4.348228015005589 0.1083984225988388 12.05870518833399
0 1434.617551475763 1.228877678513527 0 0 0.9442680329084396 0.4384069368243217 0.5457396805286407 53.72181638330221 0.4830216839909554 1187.833318993449 0.7628691047430038 3723.528919257224 0 0.1242208182811737 97.22074205428362 1.351341560482979 4.04598955065012 1.827862367033958 0 2.728085085749626 548.1572791039944 11.10025298595428 49.62575533241034 288.8229275122285 452.0568261146545 6487.114742986858 5.82983410358429 0.2149390205740929 0.09762389957904816 838.8340087458491 0.7624881193041801 0 1112.833135850728 2.088736839592457 23.32445821166039 624.7640156671405 458.9312299340963 14.60837037861347 2.53809493035078 12.99535052478313 704.0276042893529 0.8927748799324036 0 90.35252506285906 1.403653517365456 0 0 0.38041852414608 0.1707979515194893 0.2913451045751572 0.4609178826212883 0 915.6878590136766 0 1977.496841318905 0.7098305150866508 0 1.227471493184566 0.9906118288636208 56.59382285922766 8.81763219833374 0 0 1.636867642402649 3.811140939593315 1.202194958925247 557.4063568785787 808.2931969314814 908.5004131793976 1.299066066741943 0.9122357442975044 0.1097412332892418 316.3105289489031 0.4535990357398987 0 5.921200908720493 5.937450438737869 38.14463435858488 297.4621327444911 65.14783922582865 9.773778349161148 0.5076318979263306 0 590.5516644567251 5.393052458763123
32.42575180158019 640.0269020870328 5741.372421808541 1.34024690836668 0.7531413808465004 39.24570641294122 20.95660693570971 83.83771130815148 5.992068573832512 23.20007959753275 1579.920414887369 22.3962609693408 594.9633412435651 89.0944909863174 0.1897477209568024 18.12077575922012 4767.829645842314 2774.752193760127 3567.314568765461 3.901682645082474 129.9299346096814 67.20655827969313 943.8825523108244 12.96259340643883 452.0568261146545 16087.80376861244 15867.41166901588 107.7514438666403 145.9910829849541 335.4564299397171 761.9332155659795 19.97007645666599 15.82851334661245 1887.511315073818 38.74184524267912 2484.108839660883 12682.34110471606 5380.543392863125 961.5049642026424 117.7205102592707 18.91687158495188 356.4148217216134 5.271003395318985 0.807324007153511 514.2011383548379 361.1811150833964 0 0 0.09101232886314392 2.517635218799114 0.1324265599250793 0.5690845176577568 0.5618081167340279 464.8705923929811 0.1003838777542114 613.0899845287204 0.4896578714251518 0 6.64016380906105 59.15507559478283 159.2590050622821 83.56594807654619 0.246882788836956 5.616824790835381 13.34112559258938 64.109952673316 7.072722367942333 345.4240061715245 3435.282549269497 4859.510246112943 7.269123371690512 1.250372707843781 4.565252862870693 570.2771293222904 0.1765322685241699 0.2057663276791573 14.47404795885086 23.88960885256529 218.5346914902329 1010.404552675784 88.6451183706522 38.60851845145226 1.212932750582695 0.6843303292989731 37.49944116175175 1.101852104067802
10.18375217169523 10281.46951246262 6657.792550764978 0.8044316470623016 0 14.67903271317482 55.1407717615366 31.65690169483423 230.5516204312444 14.18163310736418 1083.288004100323 5.43032356351614 1485.080676183105 28.55167103558779 0.3555534705519676 4998.087727792561 4089.711936935782 353.8364263959229 326.8816491365433 1.342965945601463 534.2246221676469 5435.216491170228 10720.34179515764 2427.782564237714 6487.114742986858 15867.41166901588 28414.29600174725 1566.280674524605 56.76713717728853 150.0451217964292 839.9092255905271 4.943249143660069 6.717054679989815 2777.89446336776 108.5783943757415 4280.736092075706 8786.900126561522 8454.409311026335 2234.731391564012 153.117860481143 16.21543768793344 209.6191603690386 17.8307764083147 3.202790230512619 1860.509508736432 2184.786969810724 0 0 0.1181847304105759 9.280953608453274 1.040361568331718 3.308952473104 1.707244388759136 371.766617834568 0 526.4120468497276 3.958052664995193 0 350.2463601902127 124.3293417468667 158.5191437378526 111.6829803586006 0 56.60508148372173 368.8178847655654 1721.241701669991 50.87164636701345 643.4025155454874 4547.22246067971 12471.00665697455 57.74937687069178 3.782443068921566 20.62986991554499 527.0602412894368 0.1196494996547699 1.203221432864666 60.09541809558868 72.8872611746192 535.1956041827798 1666.92523662746 325.8706822395325 179.0473236143589 3.782570213079453 0.2750530689954758 41.18469443917274 3.144028440117836
95.055628657341 46.11970222741365 1225.314594477415 2428.468252465129 0 849.7564206346869 13375.12069895864 632.1399930045009 782.2287583723664 8745.2753489241 20.26672888174653 629.306670717895 0.1682300269603729 367.9930686056614 4.977012328803539 1181.350219771266 14.22211662679911 9.456023540347815 7.208079770207405 2218.647128261626 5451.473665326834 618.0360463038087 6208.726162858307 12162.43252208084 5.82983410358429 107.7514438666403 1566.280674524605 19212.71670631319 532.0993359535933 5262.942848317325 0.5337174534797668 7.778277724981308 153.1196623817086 1250.116637855768 161.5464008525014 3331.175548754632 285.848857358098 2321.354534707963 1348.788833387196 643.6899037882686 15.47508788853884 4.147014394402504 43.14854998886585 2.479357838630676 0.746072843670845 5.241160720586777 67.93684276938438 0 23.72242098301649 309.3493278324604 3.354744039475918 69.0694182664156 321.9570585489273 2.565414898097515 59.31837347149849 0.4865762591362 4.201628223061562 0 152.8581051155925 0.3156495541334152 0 0.09583447873592377 59.35407514870167 59.87681578844786 20.39373645186424 100.7788786143064 1142.244808919728 0.2665927708148956 0.1311600208282471 27.09687604755163 1237.280214779079 9.736595772206783 11.52304984629154 0 0 1.260455906391144 2.85074457526207 26.3658197298646 504.492205530405 3.676682621240616 7.38549867272377 2.831679224967957 121.3269157484174 0.2267890870571136 0.5928629785776138 6.303391575813293
1991.582396484911 0.9137376993894577 55.70263931155205 22.88619197905064 149.2052033096552 526.5861135870218 2662.972172096372 860.3390303626657 8.209440000355244 712.2182865664363 180.1613659970462 233.3234912976623 2.913687169551849 3416.655731454492 9.166907653212547 0.117123119533062 178.3326578661799 86.06484052911401 76.18342161551118 68.422747194767 710.9903748631477 9.204533852636814 186.1054820716381 188.4173878803849 0.2149390205740929 145.9910829849541 56.76713717728853 532.0993359535933 17394.55516694114 8558.280058763921 3.010066702961922 243.3872058987617 2474.934816069901 4295.564458165318 9.50372613966465 1027.160446487367 93.98919221013784 2249.817844394594 359.6261355280876 308.6741085983813 200.9425333142281 0.7124991342425346 6.618786044418812 0 0.1248438879847527 0.7622254267334938 2.335536435246468 0 0.4985202550888062 15.49183819442987 0 2.714004456996918 12.28375817835331 0.3282361403107643 1.153885871171951 0.3844938576221466 2.298335649073124 0 5.67555121332407 0 0 0 1.368490725755692 3.644201025366783 0.3351560086011887 0.8173035681247711 60.41261980682611 0 2.178071022033691 2.824752382934093 95.10051024705172 0.9775978922843933 0.4095022231340408 0 0 0 0.141304686665535 0.7487269192934036 26.20402403920889 0.892040953040123 0.7767880856990814 0.7942536473274231 9.162516474723816 0 0 0
5977.424889281392 1.418206617236137 1745.372371032834 2.400359630584717 0 195.7936455979943 9315.851679317653 2675.675046615303 46.52126947045326 277.2750051617622 35.44361762702465 5.43179090321064 0.5183747112751007 2268.110155880451 1.650888681411743 13.2995038703084 692.9385580271482 12.93521731719375 36.86478026583791 1.637482799589634 9763.038261815906 6.032024100422859 6573.165864519775 283.7814290001988 0.09762389957904816 335.4564299397171 150.0451217964292 5262.942848317325 8558.280058763921 13625.94564320892 0.2034808173775673 11.62077020853758 734.9170415103436 1291.56186556071 163.8525964543223 4702.11521910131 387.4124180078506 2703.422331377864 1431.958902895451 406.7063294053078 12.11091940850019 0.6521845310926437 27.13208337128162 0.1138833910226822 0.9249956756830215 2.759504355490208 1.060509346425533 0 1.588758409023285 23.78738880902529 0 7.10111877322197 15.69615662097931 0.07462207227945328 1.116300791501999 0 0.6056531891226768 0 88.71516215801239 0.5195342227816582 0 0 0.8937160819768906 43.04265054315329 11.83253323286772 47.15040034800768 135.0445033982396 0 0.4806634038686752 9.940226912498474 188.5888530239463 2.978492632508278 4.005940318107605 0 0 1.824694164097309 1.685931958258152 22.65159320831299 97.17238724976778 1.75810007750988 3.105723060667515 1.59142404794693 13.76499442756176 0.662808895111084 0 0
