2126.263220757246 0.4013961255550385 96.62330947816372 4.815019741654396 0.1415375620126724 18.70402306318283 3535.02862957865 302.9557893425226 2.730820715427399 27.96030918508768 34.71281047165394 7.230294741690159 2.203462235629559 6196.896146588027 0.4331953898072243 0.8641343116760254 438.7145150154829 11.06644536554813 49.2743177562952 7.171453721821308 68.55952420830727 4.6219137981534 140.7232888787985 51.96048419177532 0.3533754870295525 75.65955923497677 36.43330767005682 80.8299942240119 6190.528301410377 4486.553237073123 0.9715767949819565 5.91960871219635 110.0132738649845 251.5282512307167 0 62.8772791698575 22.36145985871553 138.2491330131888 13.1477527692914 4.118953622877598 2.134498864412308 0.576120987534523 0.9940956979990005 0 0 0 0 0 0 2.067777544260025 0.22957643866539 0.2703606784343719 0.2819148898124695 0 0 0.1084541454911232 0 0 0 0 0 0 0 0.971931017935276 0.7818563729524612 0.5851854383945465 2.629910349845886 0 1.035753183066845 1.981346629559994 5.290185272693634 0.1613476127386093 1.611350946128368 0 0 0 0.5360745489597321 0 0.8132345378398895 0.2929265424609184 0.5824780911207199 0.1493531465530396 0.7084923386573792 0.4580209851264954 0 0
0.4013961255550385 257.4575359448791 32.17315334826708 0.7154569774866104 1.475218430161476 0.8981751278042793 1.155668966472149 2.432202599942684 623.1373514086008 1.014151848852634 248.5356438234448 6.63581258058548 751.3656635135412 4.615370512008667 9.209276869893074 159.1969787403941 1449.127684257925 13.95581871271133 112.3064897507429 0.6292151734232903 10.88380769640207 3060.562696568668 54.90434270352125 801.7053902447224 3229.690305300057 247.5562963485718 5397.583414949477 9.957423828542233 6.361361272633076 24.59064034372568 51.4540664255619 1.329663686454296 0.293038010597229 136.7694879695773 0 113.1144856587052 273.9654792621732 302.8685033619404 31.69159673899412 18.78025615215302 4.789482086896896 293.1058765649796 0 0.219256728887558 137.1156156510115 27.83258648216724 0 0 0.09921671450138092 2.552912577986717 0.3510850295424461 4.66694388538599 0 34.27172796428204 0.7032897546887398 81.99445235729218 1.316860504448414 0.6480860114097595 28.19198364764452 5.204963602125645 2.299503743648529 19.82659441977739 0 3.308713585138321 261.8919587358832 11.86415384709835 8.03453017026186 47.91311119496822 356.7101004198194 1375.240162715316 8.514588698744774 0.08782564103603363 1.873558737337589 14.84530761092901 0 0 4.850235395133495 0 8.107539556920528 49.92329369485378 8.111635357141495 4.983037188649178 0.5268791615962982 0 34.97988469898701 0
96.62330947816372 32.17315334826708 5574.430016860366 75.0069792419672 1.571557365357876 172.5645326599479 2700.14374794066 892.3862157538533 28.88713254034519 225.1934241726995 57.74335213005543 12.49689526110888 35.80772995203733 754.4368415400386 4.343214727938175 48.64654393494129 7148.600396379828 36.30111739039421 526.9603501707315 23.22364100813866 651.7926718965173 37.31714989989996 12615.63067602366 940.3452154844999 15.50129836797714 7524.171108528972 7883.639442138374 1215.730084739625 88.67025927454233 543.9992985576391 5.910754755139351 4.796915493905544 6.076306320726871 848.0911738872528 35.30091010034084 5977.149455204606 5153.408494532108 4263.421787254512 1050.736046604812 145.8698142394423 18.51104083657265 41.81630873680115 18.66469353437424 0.7569874674081802 126.889622554183 633.6526800990105 2.311077892780304 0 0.1663315296173096 25.56774680316448 2.226035542786121 5.855887971818447 2.310934618115425 1.424012273550034 0.9687083959579468 23.12682829797268 1.384496942162514 0.3259506374597549 44.87702707946301 76.43177608400583 1.816354230046272 11.75140506774187 1.200061306357384 13.30069174617529 93.6133159995079 90.32454610615969 26.9379234239459 5.881912603974342 253.7458935603499 3015.407694511116 44.28516545891762 0.9298020675778389 11.84429508447647 8.884492479264736 0.1527720391750336 0.1471080332994461 21.14103427529335 4.03539827466011 34.27440844476223 484.2501698210835 32.83884300291538 23.52419133484364 2.94264429807663 0.1133714765310287 1.715549275279045 1.60825788974762
4.815019741654396 0.7154569774866104 75.0069792419672 4639.265148133039 12.78465409576893 80.74556962400675 206.0407394915819 34.29581204801798 2325.526963844895 4034.3697469607 14.97068903595209 3833.998407706618 1.24271148443222 67.15388359874487 123.7957720905542 0.933482438325882 10.82194747030735 2.585941433906555 6.285816974937916 5985.387440532446 14.09554554522038 5.203496247529984 29.52908256649971 2273.052978724241 0.7587993144989014 17.028415158391 13.32342768460512 8775.39795987308 167.005510032177 4.033898837864399 0.2853021696209908 6.178523734211922 20.19725275039673 70.5861986503005 7.329013451933861 915.8723367974162 9.840180948376656 214.9165510982275 32.32683565467596 313.8760793507099 44.41676519811153 1.64100481569767 10.80167111009359 0.332632839679718 0.5487227663397789 0.4035668820142746 376.2194608747959 4.263752266764641 6.704335227608681 49.67468224465847 5.882135882973671 202.9509960114956 312.1658471673727 0.4224100559949875 151.1400661021471 0 1.677486769855022 27.69608291983604 0.999451220035553 0 0 0 109.1531347706914 0.1710544973611832 1.647862412035465 1.275557488203049 378.4989778995514 0 0.2951449602842331 3.63082566857338 224.3802924230695 1.317241229116917 4.843608409166336 0 0.3938481956720352 0 1.936488673090935 0.5826590359210968 161.4453465566039 0.8618178069591522 7.100856646895409 2.4108562245965 176.4398066177964 0.8645873367786407 0 0
0.1415375620126724 1.475218430161476 1.571557365357876 12.78465409576893 115.3226129338145 752.6155687123537 10.75422798842192 84.57672626525164 98.64245842397213 24.78623577952385 66.91849303990602 459.4118101894855 7.217196002602577 18.89034620672464 1522.811500355601 0 0.9427469521760941 2.804126411676407 0.8983410075306892 19.0758636072278 0.6172736212611198 3.087696187198162 0.8193459063768387 82.69306982308626 1.678329810500145 6.667380012571812 3.600964672863483 20.4008771032095 101.9505555406213 4.482685409486294 2.002868413925171 360.184305973351 0.2929957136511803 529.0210493206978 7.863006427884102 138.785746768117 5.923467546701431 238.9141734987497 51.86877483129501 3196.730595707893 726.5631861612201 21.43837831914425 17.9040959328413 0 0 0 1.808905057609081 0 0 0.7512637823820114 0 1.313950911164284 1.646414592862129 0.08500876277685165 0.779404416680336 0.444874182343483 0 0.1149195432662964 0.3225978761911392 0 0 0 0.148538276553154 0 0 0.2359552383422852 2.469545178115368 0 0 0.2191586345434189 3.350139871239662 0 0.4694268256425858 0 0 0 0.6184241473674774 0 5.890704847872257 0.321264773607254 0.9207599014043808 1.63119412958622 3.259861804544926 0 0 0
18.70402306318283 0.8981751278042793 172.5645326599479 80.74556962400675 752.6155687123537 16448.52816682309 1720.432190746069 8581.856482356787 72.08687413483858 4638.745523765683 300.1178026124835 4997.734877370298 32.23624201118946 1836.564367622137 2839.315141379833 1.306714661419392 42.56578638404608 32.44759678095579 26.62252757698298 314.9602293372154 33.72584465146065 1.275202758610249 79.88282735645771 166.3116106987 4.217879675328732 88.73490310460329 25.01795809715986 1103.475906692445 1045.957400202751 55.20370714366436 9.554816767573357 1155.872493773699 18.59256839007139 714.3516967445612 4.111291870474815 956.4201973080635 42.68585497140884 664.7202690094709 138.1990363299847 5530.251543655992 813.4504123777151 64.30498613417149 48.01019421219826 0 0.5012055188417435 0.9591282904148102 24.47178540378809 0.9158206060528755 0.8909987062215805 13.90156442672014 1.482487604022026 17.21928369253874 9.400911994278431 0.4896277636289597 13.69927717000246 0.9546710997819901 0.6745421588420868 3.534482546150684 2.232670456171036 0 0 0.1109239906072617 9.791463829576969 0.5918590277433395 0.3041954338550568 2.204101473093033 44.43512012064457 0 0.7386472299695015 3.407611906528473 40.79357313364744 0.206272266805172 3.281474076211452 0 0 0 1.421185940504074 0.9806647598743439 55.64081965386868 2.824993036687374 5.68367975205183 5.684260934591293 35.91103065758944 0.1452503800392151 1.543712258338928 0
3535.02862957865 1.155668966472149 2700.14374794066 206.0407394915819 10.75422798842192 1720.432190746069 31377.41863276809 3460.048542864621 261.2795746251941 10967.64093682915 73.57373265177011 143.4189972653985 8.566516399383545 7837.929492689669 19.43318473547697 5.13985188305378 287.8466161191463 13.78416915237904 50.97590746730566 166.5353149399161 1778.07858260721 7.035133823752403 2071.298066161573 737.3395767658949 4.238991379737854 226.2328816726804 270.0514391735196 24816.92305008322 1236.833977453411 8366.668198369443 2.363125041127205 15.11238034069538 125.5272753313184 335.818385399878 22.52442276477814 2018.734823301435 140.1628848016262 843.3486980721354 134.8130043372512 683.2899695038795 102.8829746767879 9.70746298879385 25.58180972188711 2.257978647947311 1.49215979129076 11.16851180046797 109.4961092099547 0.4519440531730652 3.607756711542606 181.3564244434237 13.67538215219975 102.953184068203 93.65755955129862 0.9401803240180016 21.40192281454802 2.544187113642693 8.097958333790302 6.021128907799721 19.41928070038557 0.957886204123497 0.5423911884427071 1.661996729671955 55.76502823829651 10.83812025934458 9.648762047290802 29.89767725765705 417.2014959082007 0.1092557013034821 3.175619661808014 63.8439537063241 386.8258085697889 6.042013883590698 42.65023536235094 0.1468466371297836 0.6047124788165092 0.12542524933815 3.496490597724915 3.330813035368919 134.6682370454073 10.56882370263338 20.7280979976058 7.611868597567081 76.43410757184029 3.164183050394058 1.648926734924316 0.3393732011318207
302.9557893425226 2.432202599942684 892.3862157538533 34.29581204801798 84.57672626525164 8581.856482356787 3460.048542864621 21535.02512320131 29.04964308440685 1211.762470878661 135.8473162353039 675.7885512635112 16.80035754293203 13187.7772449851 132.6460180580616 1.830182626843452 1029.617596141994 23.46952238678932 160.7147239670157 117.5584764927626 194.5945099145174 8.222021967172623 704.6274396404624 166.5148687437177 2.255463190376759 343.8748425319791 128.5153577700257 511.9073884487152 1309.03571497649 1715.701003812253 3.271677426993847 624.3042735680938 37.44882819801569 544.4601958543062 8.4166090041399 728.0023988112807 123.1169029027224 538.568188264966 99.3761033192277 1327.583559431136 194.2937381640077 24.55547354370356 23.54179091006517 0.2510151341557503 1.029771074652672 3.454890288412571 11.91338554769754 0 1.313691362738609 17.32962789386511 1.299546264111996 12.24206545948982 9.242489226162434 0 2.3860217705369 0.2420744523406029 0.4053857326507568 0.6912704855203629 2.249620951712132 0.3417753800749779 0.4102473855018616 0.09554416686296463 5.926216512918472 1.984661124646664 1.071908093988895 2.392748862504959 38.67773831635714 0.2715789154171944 1.503851503133774 19.17902304232121 40.54356960952282 0.7176941484212875 6.728903844952583 0 0 0 0.767379105091095 0 19.35774628818035 4.999210558831692 5.007388733327389 2.782194174826145 10.65710152685642 0.4536516964435577 0.8990489169955254 0
2.730820715427399 623.1373514086008 28.88713254034519 2325.526963844895 98.64245842397213 72.08687413483858 261.2795746251941 29.04964308440685 2361.628201805055 195.4233502373099 18.26964978128672 970.4186786562204 59.5356462225318 13.14477210491896 610.7680850923061 129.0233271121979 4.47865168005228 1.624960780143738 2.89955723285675 824.6749344542623 75.43594705313444 3699.935465700924 31.66871628165245 14262.90147711337 285.4861584752798 38.95111986249685 1191.706520944834 2226.366220965981 20.43252942711115 66.94624572992325 7.983564808964729 7.302873186767101 2.231131196022034 20.76790804415941 1.81030248105526 163.2302497252822 13.23951677232981 51.28625225275755 7.165790781378746 638.8160215765238 6.969385743141174 7.30610141903162 0.8107752799987793 13.30070207268 8.765423901379108 6.656594797968864 273.5043966546655 1.727212324738503 8.810479991137981 297.864062346518 24.86117984354496 280.218651920557 179.7240004912019 2.506825424730778 82.6735458523035 3.390719249844551 14.11094684898853 20.92037981003523 108.3099119886756 1.50947006046772 0.3267897441983223 0.8569782823324203 114.6187474131584 113.7468261346221 96.34782711416483 22.83811013400555 1731.45326295495 0.79591154307127 12.98110571503639 58.32216254621744 1059.572048746049 22.678975276649 214.8368601202965 1.137684963643551 0.6452401801943779 1.340207561850548 5.631049089133739 1.416486889123917 97.40972150862217 9.053273931145668 31.85691821575165 5.626113414764404 133.8090978935361 4.488526612520218 0.3232597485184669 1.038662657141685
27.96030918508768 1.014151848852634 225.1934241726995 4034.3697469607 24.78623577952385 4638.745523765683 10967.64093682915 1211.762470878661 195.4233502373099 38590.18198852986 231.7521716281772 7254.04054260999 17.83484359830618 1973.761743605137 58.28674872219563 0.4133877977728844 28.72120121121407 45.56711179018021 32.42764708399773 5832.632530137897 55.09014843404293 0.3908471167087555 96.58239299803972 385.7983116209507 2.321797758340836 100.3407356142998 34.59493201225996 9767.453600645065 921.008938357234 41.94945185631514 8.346808545291424 42.70169518887997 33.9989892989397 413.6848558038473 9.258650287985802 1436.108012326062 35.87526306509972 900.4185175299644 102.2973714247346 509.1138073056936 175.3345750495791 24.35234972089529 18.43823655694723 0.1247463077306747 0.5344167947769165 0.8630244508385658 150.1767307072878 1.58401296287775 1.052700646221638 34.60576880723238 2.904445648193359 63.26115789264441 104.559894695878 0.1026812419295311 49.72966899722815 0.9153782278299332 0.3097068667411804 8.104661785066128 0.7962221130728722 0 0 0.159865528345108 31.42016178369522 1.919642128050327 0.9089988172054291 1.711660094559193 164.735506400466 0.2100159078836441 0 6.266597457230091 103.5541633889079 0.5429833084344864 2.775040380656719 0 0.5246633365750313 0.147975966334343 1.199498258531094 0 59.23686020821333 1.890893198549747 6.446346946060658 5.288563087582588 52.09935154765844 0.3520717173814774 1.411367647349834 0.2082055956125259
34.71281047165394 248.5356438234448 57.74335213005543 14.97068903595209 66.91849303990602 300.1178026124835 73.57373265177011 135.8473162353039 18.26964978128672 231.7521716281772 13629.84021570534 237.4085921421647 2391.831376306713 262.5716262534261 2.951369695365429 4.832747921347618 267.7543914094567 4890.661554694176 3516.869229666889 69.93572657555342 15.04024511575699 62.14382586628199 60.63995907455683 50.59013435989618 1278.135358981788 1990.62382940948 548.1182356625795 88.2314370572567 699.818687081337 57.96140781790018 461.99084944278 367.7708386182785 9.732815213501453 6874.671446062624 6.061866998672485 549.5075537264347 4678.88996514678 4363.023044340312 478.1401307210326 149.1637708991766 147.7024539932609 1849.309818170965 15.12717865407467 0 58.18588856607676 0.2356785982847214 1.738630935549736 0.2860680222511292 0.141890212893486 7.176873132586479 0.1329782754182816 2.941431760787964 1.701263770461082 536.5824629515409 1.070374369621277 1658.136677660048 0.4762750789523125 0 0.8719110488891602 0 4.189713068306446 2.671824738383293 1.115290582180023 2.108555540442467 2.295302800834179 0.6720877587795258 14.77540661394596 227.9872304052114 114.1651159077883 229.5058848187327 13.28592490404844 0.3977550342679024 2.122980564832687 247.7041053175926 0.3610338345170021 0 34.9213338047266 0.8605041205883026 32.332150824368 355.3166753947735 38.07992174476385 6.066211007535458 1.888220444321632 0.3618363440036774 297.1746373549104 0
7.230294741690159 6.63581258058548 12.49689526110888 3833.998407706618 459.4118101894855 4997.734877370298 143.4189972653985 675.7885512635112 970.4186786562204 7254.04054260999 237.4085921421647 8030.743577823043 24.03084576874971 543.4206076711416 2088.587060146034 0 5.98833941668272 36.40285951644182 19.05055631697178 7353.726384215057 2.845592923462391 26.42016420513391 7.84085988253355 1042.472170226276 4.750865533947945 65.84239288419485 26.82097388058901 1733.67691758275 568.033557549119 8.663901031017303 9.218119084835052 94.33380475640297 3.51574595272541 373.3057760596275 8.415245413780212 2888.393613278866 25.34785399585962 670.3519310504198 72.16828946024179 3787.937598980963 160.8389273807406 22.83802139014006 20.0823909342289 0 0 0.9551310464739799 198.6459652557969 5.617032408714294 6.051383942365646 48.77608998864889 4.47638126462698 117.1289084479213 116.6404418125749 0.2485097944736481 298.320533528924 1.169357806444168 2.163497552275658 34.30084505677223 1.709577016532421 0 0 0.2687981724739075 294.9290707111359 4.075673319399357 1.759149588644505 1.092990256845951 242.7897486761212 0.1014759615063667 0.4791734665632248 1.453118182718754 164.0951727777719 0.9906014874577522 12.54940685629845 0 0.1167563050985336 0 2.376588955521584 0.2867517173290253 315.8962875008583 1.394149713218212 11.17361000925303 5.199031107127666 285.0356881320477 0.5377924218773842 1.819147564470768 0.1142029389739037
2.203462235629559 751.3656635135412 35.80772995203733 1.24271148443222 7.217196002602577 32.23624201118946 8.566516399383545 16.80035754293203 59.5356462225318 17.83484359830618 2391.831376306713 24.03084576874971 6307.261362701654 20.10319735109806 0.7931205555796623 42.07248879224062 14.17519344389439 57.1160529255867 13.21784146875143 5.277756877243519 9.876511663198471 238.871595479548 148.5420593693852 68.56292439997196 4467.656357116997 293.1964850351214 4440.239199593663 10.12094315886497 38.38906864821911 6.289346978068352 1396.577416285872 24.65983488410711 0.2556497156620026 719.7756180390716 11.71576857566833 535.6618820801377 3271.186703272164 3247.175372622907 401.5105608552694 40.77039170265198 84.91694296896458 1427.444122485816 10.13709715008736 0 153.5034402310848 0.1728651821613312 0.2285027951002121 0.3256005644798279 0 1.328347332775593 0.3934186324477196 0.5866067558526993 0.1183153688907623 986.0671546757221 1.236714795231819 3366.224275447428 0.404854491353035 0.09417126327753067 0.704189769923687 0.5387639328837395 21.17845168709755 6.042934477329254 0 0.5613572597503662 3.277700029313564 2.5931336581707 4.207621805369854 565.4295392930508 405.4730869755149 752.4451116323471 3.407360471785069 0.238029919564724 1.4708451628685 649.3144589662552 0.4739307463169098 0 49.82961422950029 0 201.7625491172075 542.1754785627127 66.05803745239973 11.6860775873065 4.335975155234337 1.794728964567184 507.5489840805531 2.072153091430664
6196.896146588027 4.615370512008667 754.4368415400386 67.15388359874487 18.89034620672464 1836.564367622137 7837.929492689669 13187.7772449851 13.14477210491896 1973.761743605137 262.5716262534261 543.4206076711416 20.10319735109806 19402.64132808149 29.38448528200388 3.969686456024647 1550.283486135304 47.04376985132694 217.7106446772814 180.2995480522513 244.4707806929946 21.93359387665987 723.891487441957 230.8569974526763 4.974850378930569 368.6165733709931 160.6901676356792 529.8537229970098 10413.67834231257 5025.684478700161 7.843951478600502 263.4421674758196 107.4304519593716 1162.937307909131 2.233399547636509 587.6988841593266 133.6494574993849 708.7442622333765 94.62879626452923 618.7670730426908 114.984370701015 27.98920404911041 22.48814150691032 0.08498702198266983 0.6165668591856956 4.346540875732899 4.538965806365013 0 0 11.31018372625113 0.2863585352897644 7.58966314047575 6.289902977645397 0.4516106098890305 0.8525253534317017 1.940292239189148 0.2443367093801498 0.2026466727256775 3.211449831724167 0.4478078186511993 0 0.1266916841268539 1.284543991088867 3.371248587965965 2.530833661556244 2.36547327786684 32.50634680688381 0.1450167149305344 1.11658202111721 16.52140264213085 36.33278531581163 0.4591659605503082 10.32697749137878 0.1096466258168221 0 0.09786476939916611 0.475232869386673 0 19.5726034194231 3.751610726118088 3.993591494858265 3.430603720247746 7.385542944073677 0 1.368902698159218 0
0.4331953898072243 9.209276869893074 4.343214727938175 123.7957720905542 1522.811500355601 2839.315141379833 19.43318473547697 132.6460180580616 610.7680850923061 58.28674872219563 2.951369695365429 2088.587060146034 0.7931205555796623 29.38448528200388 336.0641810968518 0 0.5431922525167465 0.3597610592842102 0.1024817153811455 110.4293038919568 1.002753056585789 34.01816909015179 1.976637810468674 770.9756478369236 3.334592387080193 2.896941691637039 24.11045786738396 100.9966006949544 15.93236075341702 1.739293068647385 0.1956072449684143 779.6226382479072 0.3181488439440727 9.639222040772438 1.315434902906418 178.4176552370191 0.8852207958698273 8.922516450285912 1.937135919928551 886.6731065958738 58.66177319735289 1.113545298576355 0.4719463586807251 0 0.3607346341013908 0 8.818462938070297 0 0 1.894523993134499 0.1055763736367226 4.582188725471497 4.286510944366455 0 10.35602041333914 0.1057370901107788 0.2949295789003372 0.6012923046946526 0.6474340781569481 0 0 0 1.659016087651253 1.417026989161968 1.636617876589298 0.5148212462663651 7.831519536674023 0 0 0.2335530966520309 6.831027589738369 0.1025892868638039 1.591382265090942 0 0 0 0 0.63868647813797 16.84508155286312 0 0.2379441633820534 0.238822266459465 11.33772993087769 0 0 0
0.8641343116760254 159.1969787403941 48.64654393494129 0.933482438325882 0 1.306714661419392 5.13985188305378 1.830182626843452 129.0233271121979 0.4133877977728844 4.832747921347618 0 42.07248879224062 3.969686456024647 0 3089.437533296645 20.10852739214897 0.4695901647210121 2.176227539777756 0.2887580096721649 5825.719319969416 2548.709339223802 7176.693436257541 4125.032907940447 37.46725463867188 19.229297734797 5553.402086369693 2727.278196692467 4.452520869672298 59.46772862225771 2.202406719326973 0.4355806410312653 0.2370277941226959 72.27462923526764 8.004945695400238 1789.064135365188 247.8711519688368 176.7072407752275 104.5483159348369 48.35497534275055 13.94330663979053 46.78131049871445 16.62965732067823 5.656892873346806 16.12679977715015 62.40383148193359 3.210102155804634 0.3608273044228554 0.1545189023017883 57.45223399251699 5.042748928070068 57.24121616780758 3.340907208621502 1.0934654250741 0.6011402308940887 15.84664085507393 8.365102730691433 5.489087983965874 1636.426045648754 4.896849185228348 0.09884431213140488 2.903425104916096 0.6504676342010498 625.2660089507699 1207.404021464288 1787.79333627224 477.4218224734068 2.50172283500433 22.0092676281929 660.8494454696774 453.5566039308906 18.59310166537762 229.9619224518538 1.732966959476471 0.09311942011117935 0.5765484869480133 21.49447926878929 0.5615237951278687 163.6146755069494 76.95522382855415 20.4589571878314 20.55582839250565 23.63997118920088 4.50502598285675 9.345742166042328 4.662607789039612
438.7145150154829 1449.127684257925 7148.600396379828 10.82194747030735 0.9427469521760941 42.56578638404608 287.8466161191463 1029.617596141994 4.47865168005228 28.72120121121407 267.7543914094567 5.98833941668272 14.17519344389439 1550.283486135304 0.5431922525167465 20.10852739214897 3905.343374416232 419.3976851031184 7937.138821125031 4.107977874577045 1232.574638739228 474.7103229537606 7072.260931514204 60.01582729816437 4.858883753418922 6477.342029884458 4144.874607376754 164.1400908380747 1019.777554579079 3791.386969059706 3.213040143251419 4.145074941217899 50.56286802887917 3533.996939189732 2.718474760651588 877.6577276438475 2198.189422689378 1429.534200079739 201.4469007998705 33.42979618906975 6.901736587285995 22.21246618777514 4.482847958803177 0 5.118332043290138 19.55134234577417 0 0 0 1.293601147830486 0.1646678149700165 0.9881756454706192 0 0 0 0.2538775205612183 0.2285694479942322 0 1.135641671717167 4.719445385038853 0.3320086300373077 3.3481235653162 0 1.826001770794392 1.351489432156086 2.228264860808849 1.653541631996632 0.5977262258529663 65.1129337772727 126.5045585557818 4.136995978653431 0.1128951162099838 0.8217296600341797 0.4611002951860428 0 0 0.6499636769294739 0.6535290479660034 3.937659621238708 69.66145086288452 3.64501827955246 0.4490977376699448 0.4694973826408386 0 0 0
11.06644536554813 13.95581871271133 36.30111739039421 2.585941433906555 2.804126411676407 32.44759678095579 13.78416915237904 23.46952238678932 1.624960780143738 45.56711179018021 4890.661554694176 36.40285951644182 57.1160529255867 47.04376985132694 0.3597610592842102 0.4695901647210121 419.3976851031184 789.0930752009153 4332.940658293664 13.54362554103136 8.510382667183876 2.99633751809597 37.78385715186596 6.907110959291458 3.816695734858513 2037.727333530784 166.8864754885435 17.21609914302826 83.61527142673731 24.24648377299309 43.12324308604002 19.26024787127972 2.316799513995647 1374.99248174578 2.582927711308002 424.5033666789532 600.1851064413786 1631.381021760404 323.5264203473926 12.38358207046986 5.469589948654175 6.285989388823509 2.170844927430153 0 8.174184627830982 0.5466618537902832 0 0 0 0.5726640671491623 0 1.211632631719112 0 1.940701574087143 0 16.54585127532482 0 0 0 0.2607443183660507 1.830066233873367 2.086504623293877 0 0 0 0 0.5448101311922073 8.807475626468658 44.95160581171513 61.41029497236013 1.080716788768768 0 0.3253805339336395 15.47047533094883 0 0 0.1213964968919754 1.342686057090759 5.119495160877705 2.929232455790043 1.009350761771202 0.3630863726139069 0 0 0 0
49.2743177562952 112.3064897507429 526.9603501707315 6.285816974937916 0.8983410075306892 26.62252757698298 50.97590746730566 160.7147239670157 2.89955723285675 32.42764708399773 3516.869229666889 19.05055631697178 13.21784146875143 217.7106446772814 0.1024817153811455 2.176227539777756 7937.138821125031 4332.940658293664 5290.641646750271 7.521218754351139 61.25503631681204 10.13805789500475 720.381442502141 12.4853313267231 2.684661880135536 8664.717851735651 828.3982151076198 37.428641743958 175.1463555246592 175.391553863883 17.21381764113903 5.133922845125198 13.50474468618631 4338.023593626916 5.425258062779903 882.8256907463074 995.2164862379432 2411.490037426353 291.9342233613133 14.43433414399624 1.492330878973007 6.819154284894466 1.312859356403351 0 36.84274303168058 4.624865502119064 0 0 0 0.2396383434534073 0 0 0 1.212762519717216 0.08340932428836823 8.743150599300861 0.09902365505695343 0 0.1172333210706711 2.471505492925644 4.328647434711456 6.585030645132065 0 0.3587913662195206 0.4249413013458252 0.2941640317440033 0.5163808241486549 6.001799866557121 109.4594266042113 149.0313286557794 0.6826660707592964 0.2046168446540833 0 12.14569035172462 0 0 0.3480137288570404 0.3459798693656921 5.398010812699795 45.9234924018383 3.080889672040939 0 0.1367183923721313 0 0 0
7.171453721821308 0.6292151734232903 23.22364100813866 5985.387440532446 19.0758636072278 314.9602293372154 166.5353149399161 117.5584764927626 824.6749344542623 5832.632530137897 69.93572657555342 7353.726384215057 5.277756877243519 180.2995480522513 110.4293038919568 0.2887580096721649 4.107977874577045 13.54362554103136 7.521218754351139 1037.970487512648 3.786211468279362 1.05867251008749 12.15182026475668 436.484956048429 0.6506809592247009 24.49223230779171 5.808884344995022 5795.204836145043 272.6136014536023 7.765908367931843 2.619635127484798 15.42022280395031 9.035601951181889 146.5020681098104 3.722698405385017 1417.191571705043 13.58843429386616 377.1545348614454 38.01151835918427 581.9769877642393 99.5041763484478 8.464784868061543 19.49110813438892 0.511075347661972 0.6024490520358086 0.9410199895501137 185.803270034492 2.602912046015263 4.382263384759426 47.92039927840233 5.075082369148731 120.0596949011087 118.2619483619928 0.3630116134881973 69.61897652596235 0.1125127151608467 1.019430808722973 23.31739500910044 0.1304886341094971 0 0.1755546033382416 0 73.97209738940001 1.229789525270462 0.7354986891150475 2.125706434249878 271.1242024749517 0.3864768221974373 0.1478462219238281 0.4657227620482445 186.9974902570248 2.827861092984676 6.353770524263382 0 0.6193035691976547 0 1.681791216135025 0.4964223206043243 154.7303893789649 1.087867721915245 6.613985024392605 2.492117263376713 155.5157275497913 1.371627181768417 0.4210090860724449 0.4173486828804016
68.55952420830727 10.88380769640207 651.7926718965173 14.09554554522038 0.6172736212611198 33.72584465146065 1778.07858260721 194.5945099145174 75.43594705313444 55.09014843404293 15.04024511575699 2.845592923462391 9.876511663198471 244.4707806929946 1.002753056585789 5825.719319969416 1232.574638739228 8.510382667183876 61.25503631681204 3.786211468279362 19452.36088256538 164.4950067847967 17144.50216061622 1925.890337951481 7.30094239115715 62.02792644500732 755.8909088671207 9898.883489228785 162.9083176702261 12378.05473826081 0.5044643133878708 2.310266204178333 49.68877068907022 2501.841574169695 88.98796338587999 13089.62281738967 442.9812690764666 5248.082286052406 2091.796695314348 455.256300136447 39.76671685278416 30.51908332109451 134.4529742002487 14.42345177382231 4.282344631850719 11.1637109592557 5.353483036160469 0.2188534960150719 0.4647008925676346 49.12012825161219 7.453165292739868 46.38953277468681 8.676710307598114 0.3844388574361801 0.8678204640746117 3.737449049949646 16.59693891555071 2.319572322070599 287.1543227881193 5.349156349897385 0.2919979095458984 3.295200079679489 1.349070489406586 461.0719386860728 175.5594914034009 212.1302492320538 389.6002092957497 0.6719902828335762 7.729602418839931 68.24440412968397 502.0004982948303 31.44629100710154 302.1016607359052 0.8014610186219215 0.2164439633488655 0.3197584599256516 13.5988756492734 13.5976026058197 174.8683218285441 11.17199418693781 16.71945545822382 6.554347649216652 32.3420914709568 1.193111628293991 1.545645356178284 0.1415911018848419
4.6219137981534 3060.562696568668 37.31714989989996 5.203496247529984 3.087696187198162 1.275202758610249 7.035133823752403 8.222021967172623 3699.935465700924 0.3908471167087555 62.14382586628199 26.42016420513391 238.871595479548 21.93359387665987 34.01816909015179 2548.709339223802 474.7103229537606 2.99633751809597 10.13805789500475 1.05867251008749 164.4950067847967 1370.694485619664 544.9838635846972 6766.151618115604 1198.825007118285 96.74428499490023 5706.302442714572 170.2401773706079 22.13055232167244 135.2107568830252 29.04884816706181 1.784930035471916 0.2703272551298141 136.447678938508 0 160.8453479483724 107.6299358382821 254.2564314082265 25.89523716270924 97.52972958236933 1.599904328584671 45.49947829544544 0.1355601251125336 2.544645763933659 26.49574463814497 66.00851004570723 0.4605275243520737 0.3022441118955612 0.193167969584465 27.97303896397352 2.666519425809383 76.89753215759993 4.069377370178699 6.339783385396004 4.106255769729614 23.79732574522495 5.82638955116272 2.22438608109951 1129.03413169086 2.706195659935474 1.134296752512455 2.227428667247295 1.296246185898781 168.1092144623399 430.7977698221803 817.4539837315679 291.287591136992 4.62005702406168 42.4178985953331 1499.465302206576 216.9491958990693 8.166288807988167 80.84006919711828 3.466597683727741 0 0.5320708900690079 2.405641466379166 0 28.9861630871892 22.89916536211967 12.32534066587687 9.083021268248558 10.78558895736933 0 3.440567769110203 0.4088928401470184
140.7232888787985 54.90434270352125 12615.63067602366 29.52908256649971 0.8193459063768387 79.88282735645771 2071.298066161573 704.6274396404624 31.66871628165245 96.58239299803972 60.63995907455683 7.84085988253355 148.5420593693852 723.891487441957 1.976637810468674 7176.693436257541 7072.260931514204 37.78385715186596 720.381442502141 12.15182026475668 17144.50216061622 544.9838635846972 20650.38838641346 1063.154361583292 63.73901353776455 2084.497132815421 10093.41231313348 2424.064472906291 140.1174209937453 8892.259502410889 3.138747178018093 3.591505981981754 14.61472810059786 3605.048270337284 103.5401868373156 18908.5543596819 5605.919517457485 5960.051993571222 2722.68573526293 786.4898902028799 58.72730991244316 183.0571114346385 171.3814149349928 3.379007801413536 6.357690259814262 195.5775219425559 2.124743767082691 0.3459575697779655 0.4703145921230316 74.99161458015442 4.29302666336298 30.82200764864683 5.102348349988461 5.607978016138077 1.838729538023472 54.14570772647858 6.532813243567944 1.485995315015316 1650.822754316032 4.548198118805885 1.337504789233208 5.671375185251236 3.200520940124989 404.1222914755344 681.4499343410134 2152.188054740429 252.476075053215 2.838196933269501 55.01399064064026 1360.883254013956 266.3224882632494 9.262392766773701 121.9301457107067 10.34245574474335 0.1310303807258606 0.6608573272824287 62.46720469743013 14.25217306613922 212.2357980459929 243.1284821853042 35.03380122035742 59.14728348702192 16.81065681576729 11.16848999261856 20.33724200725555 7.391348958015442
51.96048419177532 801.7053902447224 940.3452154844999 2273.052978724241 82.69306982308626 166.3116106987 737.3395767658949 166.5148687437177 14262.90147711337 385.7983116209507 50.59013435989618 1042.472170226276 68.56292439997196 230.8569974526763 770.9756478369236 4125.032907940447 60.01582729816437 6.907110959291458 12.4853313267231 436.484956048429 1925.890337951481 6766.151618115604 1063.154361583292 17821.89640669525 290.9518092647195 114.2382152229548 4642.296327486634 11408.72072530538 417.2917458489537 453.0028632208705 9.258767865598202 16.49603655189276 85.89430061727762 247.1242383420467 33.40792217850685 3823.979823939502 132.694635130465 812.2940731942654 175.5557213425636 1495.646258600056 88.2266156822443 22.20715537667274 33.5483830422163 37.34643091261387 23.40042272210121 47.68582020699978 327.5022218301892 5.664658702909946 13.43526754528284 737.1873579323292 51.50676942616701 815.8232064843178 296.2153144553304 2.494409576058388 92.70026598125696 5.524523787200451 43.0985858514905 27.95792404562235 232.1212058067322 7.165377490222454 1.341945759952068 2.991815626621246 156.7678336426616 254.8383808657527 369.0651383548975 197.2341071143746 2663.419385120273 2.676212534308434 27.69372823834419 251.0638200193644 2377.888569571078 60.71144609153271 581.3725074380636 1.566925346851349 3.297577001154423 2.838160462677479 19.21910349279642 6.477006614208221 533.3515065014362 33.67270351201296 88.71403633803129 24.5170913413167 265.3149942010641 10.29530314356089 1.99162719398737 1.77625747025013
0.3533754870295525 3229.690305300057 15.50129836797714 0.7587993144989014 1.678329810500145 4.217879675328732 4.238991379737854 2.255463190376759 285.4861584752798 2.321797758340836 1278.135358981788 4.750865533947945 4467.656357116997 4.974850378930569 3.334592387080193 37.46725463867188 4.858883753418922 3.816695734858513 2.684661880135536 0.6506809592247009 7.30094239115715 1198.825007118285 63.73901353776455 290.9518092647195 1655.650015749037 143.7029911950231 4080.373088143766 7.743278957903385 7.217610321938992 2.002521261572838 327.4320627823472 5.179383374750614 0 726.9377259761095 3.568682059645653 123.5591119751334 347.7005512788892 788.8855596631765 56.38050595670938 18.60617183148861 29.88206887245178 1224.566337555647 5.324411012232304 0.1216005831956863 424.8622801601887 3.378278747200966 0.5954098701477051 0.3458885550498962 0 0.3838342800736427 0.1274705678224564 1.720031663775444 0.2264707237482071 419.7411784678698 0.8412793204188347 1635.478689648211 0.5429106578230858 0.113543413579464 2.045803211629391 1.45233216881752 29.64731200784445 21.40707218647003 0 3.529576689004898 14.99101355671883 1.871510975062847 5.124070227146149 379.5007406175137 440.0090937837958 1160.28955668956 2.546485744416714 0.1872176826000214 1.799591466784477 255.6822081878781 0.3803818672895432 0 33.17229826748371 0.9755383729934692 171.6911606714129 206.6993432641029 26.27203307300806 9.927282080054283 0.6551022529602051 0.2240452915430069 128.5262742191553 0.578085720539093
75.65955923497677 247.5562963485718 7524.171108528972 17.028415158391 6.667380012571812 88.73490310460329 226.2328816726804 343.8748425319791 38.95111986249685 100.3407356142998 1990.62382940948 65.84239288419485 293.1964850351214 368.6165733709931 2.896941691637039 19.229297734797 6477.342029884458 2037.727333530784 8664.717851735651 24.49223230779171 62.02792644500732 96.74428499490023 2084.497132815421 114.2382152229548 143.7029911950231 37001.81358288229 15628.04534259439 127.7511932402849 194.7519340366125 163.1338762044907 983.1678622886539 37.22601538151503 5.805032625794411 2322.665569268167 37.60869425535202 5513.016558773816 9333.338951468468 7486.448966033757 1464.679044477642 94.62287271767855 21.8547957316041 121.3592468947172 15.35636233538389 1.692199841141701 500.1238599568605 144.6931164488196 0.1513862609863281 0.1972362548112869 0.4156376346945763 17.0070837661624 3.472865156829357 3.209402844309807 0.9262751191854477 101.1582309007645 0.613869696855545 701.0281319543719 3.23226510733366 0.1111498326063156 2.934843152761459 99.04328690469265 119.6135186329484 258.0303597077727 0.348924845457077 5.175910390913486 9.408531360328197 14.70462778955698 10.64291052520275 432.8423722684383 3526.169013738632 5156.902961134911 9.4141626060009 1.569725908339024 12.08934459090233 567.1338104456663 0.6162361651659012 0.2948212474584579 19.20614587515593 5.363456040620804 77.62925703823566 730.3247485160828 66.3829318434 21.82087500393391 3.959809347987175 0.1025731340050697 3.1416971758008 0
36.43330767005682 5397.583414949477 7883.639442138374 13.32342768460512 3.600964672863483 25.01795809715986 270.0514391735196 128.5153577700257 1191.706520944834 34.59493201225996 548.1182356625795 26.82097388058901 4440.239199593663 160.6901676356792 24.11045786738396 5553.402086369693 4144.874607376754 166.8864754885435 828.3982151076198 5.808884344995022 755.8909088671207 5706.302442714572 10093.41231313348 4642.296327486634 4080.373088143766 15628.04534259439 48376.30039256811 1034.132041089237 93.83671464771032 191.8977976515889 2369.458576396108 7.784594841301441 4.231825456023216 1447.533776596189 56.96344370394945 9664.548520408571 7413.22230348736 6194.650569081306 1418.796431668103 279.2581904605031 25.05529707670212 121.4710112512112 36.96834480017424 4.797227837145329 3502.836448982358 2103.148062422872 1.423824682831764 0.78267652541399 0.7603808119893074 120.1051178723574 11.22031226754189 14.32713283598423 4.82625849545002 131.7534846737981 1.51911485940218 852.0970862209797 13.15780416876078 0.6612055972218513 1066.127380743623 298.4743036329746 142.7841983512044 375.6750943362713 0.7108580321073532 98.32277687638998 1463.932708501816 1240.14607514441 130.4549635723233 662.6701329424977 6627.884925507009 22852.23168200254 194.7454778030515 8.89745869487524 71.01080377399921 732.7887576818466 0.5416389852762222 0.3702299669384956 71.58609629422426 7.908397004008293 216.3220456466079 1998.786578789353 237.6610737666488 104.3175104930997 12.5302300080657 0.9059477299451828 15.82370568066835 2.275569021701813
