2695.653052955866 0 32.19251933693886 1.833951324224472 0.2895359024405479 35.79299353808165 5443.660735167563 969.3486928120255 0.2687766253948212 51.3524694442749 5.983030088245869 2.694211810827255 0.3965346738696098 9653.840390183032 0.2060752660036087 0.5367882698774338 140.2376454770565 9.809787400066853 48.1305463090539 1.277850545942783 59.85966209322214 0 130.8228865563869 2.524009019136429 0 62.84184963256121 8.410717070102692 47.29769852757454 4167.646670259535 5140.742688968778 0.09303592890501022 31.15555008500814 49.86319279670715 137.4918522536755 0.6268796175718307 26.65968269854784 1.533146530389786 50.35971496254206 15.71124904602766 2.074960269033909 0.721608079969883 0 0 0 0 0.3529087826609612 0 0 0 0 0 0 0 0 0 0 0 0 0.1233348920941353 0 0 0 0 0 0 0 0 0 0 0.9477782174944878 0.1994771659374237 0 0.1711695045232773 0 0 0 0 0 1.094542816281319 0 0 0 0 0 0 0
0 403.5141991525888 28.84137289971113 0.1312079578638077 2.736349694430828 0.688831053674221 5.094280272722244 1.571316182613373 808.7187039926648 1.684111393988132 64.36281797289848 1.950966760516167 466.1870894804597 2.096358694136143 6.680278986692429 83.30362225323915 47.52094945311546 6.735024869441986 28.28971267491579 1.068250358104706 12.21798315644264 3079.004597954452 12.61071638017893 750.464049294591 2884.377830892801 232.8907576575875 10117.7245311439 111.843669205904 1.204522646963596 8.010786980390549 28.29088286310434 2.652479968965054 0 240.0537219941616 0.3431002348661423 66.62549980729818 287.2597836405039 204.4495380073786 53.96964526176453 43.80060675740242 1.470447286963463 255.4197230860591 0 0.2655148431658745 55.00378637760878 101.8606102094054 0.1188112571835518 0 0.1319924741983414 2.056186847388744 0 3.152236670255661 0.1662948131561279 1.12713523209095 0 10.138806425035 0.3388980031013489 0 14.03042069077492 34.44953916966915 1.685969926416874 5.821856953203678 0 1.878096520900726 18.20239396393299 34.49598118662834 6.301931366324425 33.56547947973013 76.33078160881996 824.5221589207649 1.925840385258198 0.5280146971344948 0.4034204632043839 3.525185748934746 0 0 6.675478756427765 0.3386569917201996 26.06463675945997 10.63075559586287 12.08133213967085 9.318447127938271 0 0 1.739223249256611 0
32.19251933693886 28.84137289971113 15152.63434547931 0.9771236404776573 0 12.90506541728973 335.544416077435 155.0575856491923 4.228564463555813 30.98553676903248 40.78009787201881 1.453485049307346 3.092073522508144 145.2739488482475 0.5264979749917984 14.29454144835472 9864.72182957083 59.51051314175129 1030.419059194624 0.2173255011439323 749.0025159493089 8.044647753238678 12377.18823439628 10.36213034391403 2.788435354828835 14383.99648354948 11439.52411854267 150.1079852506518 88.84220594912767 198.8441015779972 5.113520495593548 5.929237976670265 9.742335192859173 749.2883277609944 56.64332533627748 1484.341241002083 1666.080039866269 2751.195035934448 1268.481032826006 69.61834314465523 7.679997518658638 10.43439976871014 5.137060008943081 0.2792042195796967 76.15429020673037 771.9670441448689 0 0 0 17.14764090627432 1.153305299580097 0.5972385555505753 0.1498370617628098 1.445944577455521 0 1.078422404825687 2.619412258267403 0 8.197637557983398 127.8677743822336 3.053913317620754 14.57173996418715 0 12.36339940875769 20.03983342647552 213.9378359541297 4.184370063245296 1.527779459953308 109.0754746645689 1542.65959598124 12.05760797858238 1.253698445856571 1.95906525105238 1.098109945654869 0 0 27.23036572337151 6.50718180835247 111.7787178978324 14.89470862597227 60.64342980086803 45.81541554629803 0.5932728946208954 0.3640919327735901 0 0.5173441618680954
1.833951324224472 0.1312079578638077 0.9771236404776573 1045.729904085398 17.44775111973286 165.1195476725698 63.49194926023483 49.61530714482069 199.9656530246139 916.2919566780329 6.37423949688673 8250.355936944485 2.171956688165665 55.32888212054968 130.6723063737154 1.125320926308632 0.4429825022816658 1.100635766983032 1.074247367680073 5717.878809586167 1.269992142915726 3.372995629906654 0.4821780472993851 808.3366881385446 0.2302857339382172 1.804312720894814 1.393031641840935 1883.316431082785 62.0966309979558 3.701637737452984 0 15.16221006959677 3.092354737222195 52.77300421148539 1.086650565266609 191.0364330336452 4.82124001532793 53.36742838472128 13.6942085698247 391.9931273013353 5.825968883931637 0.1340554654598236 1.76075991243124 0 0.1743624210357666 0 26.53757812827826 0 2.131265208125114 35.06030710786581 4.563063077628613 49.26322422921658 47.44065520167351 0.4389704167842865 63.36002593487501 0 3.045502938330173 1.321235656738281 1.401373416185379 0 0 0 20.92610658705235 0.1504440754652023 1.268382281064987 0.4494919180870056 189.4078464657068 0 0 0.7935964465141296 172.0639114677906 2.784657165408134 0 0 1.064323544502258 0 3.972858756780624 0 19.75538693368435 5.791176915168762 12.50190638750792 3.219662696123123 29.82223492860794 4.71885484457016 7.439886093139648 0
0.2895359024405479 2.736349694430828 0 17.44775111973286 57.34611359238625 632.046624712646 9.576162047684193 49.5046346411109 180.6160527765751 28.66237957775593 109.2832905128598 382.7341710478067 18.02128645032644 4.025042191147804 1040.785321556032 0.2057778686285019 0.2809794992208481 6.140325523912907 2.538479343056679 27.10025440901518 1.08859533816576 1.207987941801548 0.40423334389925 50.53833263367414 0.7897494733333588 4.634659357368946 4.816978350281715 20.75195125490427 488.9754197970033 3.090096063911915 0.707912415266037 200.9454650580883 0 620.7303840592504 2.121965110301971 113.9366707876325 6.967833518981934 437.7851131334901 46.20188258588314 3166.7972747311 159.5930090397596 6.042178884148598 6.180684119462967 0 0 0 0 0 0 0.1191216260194778 0 0.5875130444765091 0.2897561192512512 0 0.2686945497989655 0.7867224514484406 0 0 0 0 0 0 0.7052340805530548 0.4551906287670135 0 0 1.444561362266541 0 0 0 0.7721925899386406 0 0 0 0 0 0.7533928751945496 0 0 0 0.1161739453673363 0 0 0 0 0
35.79299353808165 0.688831053674221 12.90506541728973 165.1195476725698 632.046624712646 12855.65351241082 1976.12188077718 7620.93870934099 41.07932989299297 11507.94236265123 257.520759627223 7111.153350934386 45.88179879635572 889.4484721943736 2818.683044113219 1.22111776471138 23.38124934583902 32.5584858879447 27.00470217317343 128.4360547065735 40.65789352357388 2.823433503508568 28.57342614978552 117.537791736424 3.745908193290234 52.15973644331098 21.23977649956942 447.4394426643848 586.4869497269392 110.3538897559047 5.261627495288849 483.7113528884947 8.13867624849081 1207.771053507924 7.489650055766106 756.6601865366101 26.48918027430773 762.9210352897644 82.8214757591486 5123.956922598183 302.2877970784903 5.149486377835274 21.59432710707188 0 0.2115165889263153 0.1279345601797104 1.420863911509514 0 0.1499923914670944 2.718389756977558 0 7.623072870075703 2.987418591976166 0.2842939496040344 1.075555950403214 0 0.5231209695339203 0 0.9340383857488632 0 0 0 0.2794184386730194 0 0.7819129675626755 0 18.66425482183695 0.1187042519450188 0.1885161101818085 1.563416823744774 13.34406467527151 0.2099098712205887 1.414797723293304 0.113854743540287 0 0 0 0 1.109959572553635 2.19989800453186 1.845393925905228 0.9698193669319153 0 0 1.51817262172699 0
5443.660735167563 5.094280272722244 335.544416077435 63.49194926023483 9.576162047684193 1976.12188077718 25116.95251734555 5708.613761838526 128.4836188703775 12612.23323645443 61.54880606383085 137.7805751562119 13.24978110194206 8233.99565949291 34.78956314921379 53.39031954854727 208.723762281239 21.19092727452517 86.36430984735489 52.52284983545542 1657.956116490066 25.20896964520216 516.8245038017631 585.838688261807 3.310400299727917 476.1144173145294 78.48090443015099 17635.67665493488 1705.917757436633 9670.170993536711 0.8554308339953423 134.0432637780905 209.4291263744235 854.0104634836316 49.50568687170744 2192.345515757799 70.81401666998863 1326.477930702269 573.2054854407907 191.7514588609338 98.97539555281401 18.35121533274651 19.29837076365948 0 0.9024755582213402 3.483913600444794 6.867367967963219 0 1.303471431136131 29.43017190694809 2.011301502585411 46.84370981156826 26.93545128405094 0.4358878657221794 7.551468163728714 0.6320174932479858 1.519965760409832 0.2653311640024185 11.84385662525892 0.09766777604818344 0.2013743370771408 0.2530157268047333 10.59656261652708 2.44224314391613 5.635903000831604 3.771931327879429 136.9555769637227 0.2084514796733856 0.9656061008572578 18.61472468823195 139.9582752287388 2.097476221621037 5.572334781289101 1.541388273239136 2.162168279290199 0.2792199477553368 2.821340307593346 0.2536762058734894 17.09284229576588 6.786818608641624 12.43658059090376 3.574832886457443 10.01181251555681 1.851962119340897 0 0
969.3486928120255 1.571316182613373 155.0575856491923 49.61530714482069 49.5046346411109 7620.93870934099 5708.613761838526 12214.34570355341 14.20048332214355 2551.404624067247 254.1237914338708 942.1179595664144 38.22581581026316 11099.88837689534 354.5707567408681 0.8623483330011368 410.0892194509506 52.57258532196283 183.595525521785 117.3433117195964 327.3149740099907 0.8604070320725441 373.6617449820042 82.14315490424633 5.285021536052227 353.8027808256447 38.00353213399649 387.938249155879 1292.670305315405 1841.161124922335 3.645074166357517 656.8705736659467 27.91312351077795 976.5155925787985 10.80864752084017 765.2632967531681 28.2075589299202 608.6297899782658 117.2677579969168 1271.590794555843 25.78592949360609 2.23072974383831 21.49899433553219 0.1084396317601204 0.5475940853357315 1.287691727280617 0.2534730136394501 0 0.3544557690620422 8.724742837250233 0.3655095994472504 5.874486356973648 2.274823360145092 0 0.4498104751110077 0.6869400814175606 0 0 1.515799544751644 0.3994161933660507 0 0 0 0.4478073716163635 1.137098424136639 0.1298976391553879 27.64026659727097 0 0.5005665123462677 4.85760173201561 21.29657682776451 0 1.237801991403103 0 0 0 0.6647018790245056 0.4045442342758179 4.901962473988533 1.50136686116457 3.008335560560226 0 4.597421929240227 0.7353498041629791 0 0
0.2687766253948212 808.7187039926648 4.228564463555813 199.9656530246139 180.6160527765751 41.07932989299297 128.4836188703775 14.20048332214355 672.3759831860662 249.0084010660648 8.310453452169895 265.0362534821033 21.36589352786541 27.01771238446236 567.2682220265269 125.5597017332911 5.787668332457542 0.7862677350640297 1.229133702814579 149.5440544262528 105.2949376255274 3681.076968096197 22.20587745308876 9839.269524082541 171.1877146959305 23.90838392823935 693.9215591028333 3400.894171826541 37.47173372656107 109.2151426076889 2.081249788403511 7.187688574194908 1.32445652037859 42.59562372416258 1.644533276557922 199.061819203198 15.99596624076366 63.35089452564716 20.1021710857749 639.5161013379693 7.791634440422058 8.476284503936768 2.734012737870216 5.676346391439438 3.241349451243877 4.213561810553074 20.3605786934495 0 4.515970341861248 179.7794997543097 14.91431598365307 46.89625165611506 80.52670110017061 4.030999682843685 43.58150071650743 1.746974609792233 16.82443745434284 2.087279006838799 250.8461401760578 0.9478789940476418 0.1903337687253952 0.3779524862766266 32.30784630030394 82.647953748703 35.18249762058258 29.31654469668865 1427.850045949221 1.714847184717655 1.829228155314922 26.96022628992796 832.0735949203372 17.87110505253077 99.11804224550724 0.3019407987594604 3.817570470273495 0.3821654319763184 23.82695982605219 2.141221508383751 153.7380576729774 3.27001216262579 70.58594658970833 15.75942418724298 90.15851353853941 11.45087609440088 0.2324737310409546 0.5290892571210861
51.3524694442749 1.684111393988132 30.98553676903248 916.2919566780329 28.66237957775593 11507.94236265123 12612.23323645443 2551.404624067247 249.0084010660648 28653.63282097876 105.3775450363755 8257.151957593858 25.9235829487443 1169.223805367947 150.3967338949442 9.060535721480846 16.88258063048124 24.49655688554049 25.7531879991293 5709.192604184151 108.0522368475795 5.469875521957874 48.21275627613068 939.0644248425961 2.997296951711178 69.18412869423628 28.80017853528261 5129.744863972068 1184.547702737153 172.6184449121356 3.364088356494904 192.0341349989176 43.36454228311777 647.9672228097916 12.37538556009531 2189.381571218371 67.48786430060863 883.41061925143 241.1504870057106 505.5945728123188 88.45138192921877 18.18997208029032 22.28423273563385 0.7955396622419357 0.3509622737765312 0 37.62419288605452 0 5.849496945738792 102.6824775263667 17.69500806182623 133.1282434090972 132.2284147292376 2.185258239507675 55.51261332631111 2.386259749531746 6.28584872931242 0.1361237019300461 2.081186465919018 0 0 0.177677184343338 54.3230444714427 0.1831038594245911 3.203899405896664 1.151891246438026 527.8600897565484 0.8900458216667175 0.1094526499509811 3.61512628942728 551.1990480646491 1.981120072305202 5.278007663786411 0.9376835227012634 1.687674470245838 0.362244501709938 15.97593525052071 3.30176830291748 52.09480744600296 19.98902183771133 28.4836386218667 8.630517229437828 45.38950925320387 7.04209054261446 7.323597848415375 0
5.983030088245869 64.36281797289848 40.78009787201881 6.37423949688673 109.2832905128598 257.520759627223 61.54880606383085 254.1237914338708 8.310453452169895 105.3775450363755 19055.26312990487 104.3404784649611 2746.726525858045 109.8794237524271 0.3217523694038391 2.061753913760185 234.8927869871259 4460.379351489246 956.9884545505047 24.30898036807775 23.22795148938894 17.04973481595516 35.15259947627783 27.01550683379173 533.5499291941524 1976.049995116889 1493.637767732143 56.58747749775648 292.6827699393034 60.88691640645266 763.7480195909739 952.2852645367384 5.77821359038353 9566.271437160671 15.36747774481773 667.5519598796964 4370.417732864618 5511.033371709287 2006.771239086986 165.3140635415912 45.15500254929066 708.3077851831913 5.50176140666008 0 20.50515853613615 4.21616005897522 0 0 0 3.002913795411587 0 1.52431508898735 0.08914341032505035 18.4399751201272 0 199.6575141474605 0 0 0 1.64191834628582 4.050353795289993 1.019885569810867 0 0.3088518679141998 1.262749940156937 1.217329472303391 6.267005398869514 88.67597108334303 18.84346386045218 176.574377566576 4.635069563984871 0 0 17.46315541863441 0.111011415719986 0 1.667529031634331 0 23.82021599262953 62.6968719959259 5.592575453221798 0.3753445371985435 0 0 24.69851616770029 0
2.694211810827255 1.950966760516167 1.453485049307346 8250.355936944485 382.7341710478067 7111.153350934386 137.7805751562119 942.1179595664144 265.0362534821033 8257.151957593858 104.3404784649611 13901.19627188146 20.09821632504463 801.6663049608469 1809.276816755533 1.923981785774231 2.510716736316681 22.7763557061553 14.52141676098108 5677.478961959481 2.317843675613403 2.360415600240231 2.706231735646725 1046.248979173601 0.7405020147562027 21.54979384690523 15.32913611084223 1362.857781179249 582.910666808486 5.948363803327084 1.84203415364027 209.0063501819968 1.573831863701344 439.0684188678861 1.802648365497589 971.575143545866 21.23028060048819 408.1800708398223 67.49123995751143 3145.240620970726 39.66687740385532 21.30466514825821 9.138383060693741 0 0 0 30.36295752227306 0 9.962297804653645 29.22837748378515 3.152800098061562 64.59514558315277 64.41418396681547 1.724405735731125 390.4381317198277 3.385617852210999 3.157442212104797 3.884941458702087 0 0 0 0 83.75059567391872 0 0.6124691143631935 0.3956954479217529 217.9565780237317 0 0.1158515959978104 0.6073145568370819 170.0089873448014 1.31440681964159 1.255886912345886 0.2013544887304306 1.006107814610004 0 6.504026904702187 0 43.24378032982349 0 11.25878634303808 2.579580679535866 77.00722740590572 3.580981194972992 8.354257881641388 0
0.3965346738696098 466.1870894804597 3.092073522508144 2.171956688165665 18.02128645032644 45.88179879635572 13.24978110194206 38.22581581026316 21.36589352786541 25.9235829487443 2746.726525858045 20.09821632504463 5016.38201303035 11.52400455623865 0.2043546512722969 0.6361382082104683 3.439553275704384 174.7765088155866 33.85503061115742 3.372023351490498 3.211341716349125 94.82480832189322 3.412749879062176 20.83091857284307 4198.655608013272 365.3350058421493 5040.245719604194 21.50989846140146 27.39262126386166 7.389739736914635 652.1770846918225 134.3239023908973 0 3296.289512395859 5.104586772620678 306.3781389668584 4484.749993823469 1473.659628637135 507.0570426136255 48.13843248784542 26.29828111082315 2010.744818069041 8.496021464467049 0 123.4152685180306 5.046189904212952 0 0 0.08926809579133987 1.644648045301437 0.1611065864562988 1.550976485013962 0 86.22517185658216 0 1037.498152509332 0.3168197050690651 0 0 3.647667564451694 4.134074881672859 3.121708229184151 0 0 4.06958482414484 1.021935701370239 5.202607959508896 615.7878334894776 55.72742020338774 425.1998068764806 2.035152532160282 0 0 59.06317319720984 0 0 12.09859275817871 0 33.90412173420191 395.3579993322492 21.32185297459364 1.113686010241508 1.077579379081726 0.6844731420278549 200.8292158991098 0
9653.840390183032 2.096358694136143 145.2739488482475 55.32888212054968 4.025042191147804 889.4484721943736 8233.99565949291 11099.88837689534 27.01771238446236 1169.223805367947 109.8794237524271 801.6663049608469 11.52400455623865 10102.27768095955 7.585593305528164 2.045455045998096 506.69244941324 46.09081626683474 204.8382477462292 159.3200838118792 251.3211821913719 3.05671376734972 411.5361180454493 100.0481502488256 1.305996611714363 318.3539955765009 33.57255882769823 419.6917694807053 7643.098952222615 4330.717801209539 2.463750645518303 274.184746619314 136.035718858242 801.3728910163045 6.366189830005169 301.5433022379875 15.35634135454893 296.0793288201094 75.73737432062626 231.2296555712819 11.8076553195715 1.235231645405293 5.869166389107704 0 0.4476321116089821 0.6292076483368874 0.216792419552803 0 0.1315938085317612 11.83524440228939 0.7211736440658569 8.398679099977016 4.022693768143654 0 1.003909021615982 1.335780389606953 0.8083099722862244 0 0 0.2043620571494102 0 0.1838960647583008 2.680876530706882 0.1220985576510429 0 0.9004860073328018 41.23690471798182 0 0.5472301617264748 4.107878476381302 27.65575993806124 0.5100386217236519 1.251181609928608 0 0 0 0.8376853466033936 0 6.229992181062698 0 1.753898993134499 0.124695397913456 2.317485332489014 0.5607110559940338 0.8600112199783325 0
0.2060752660036087 6.680278986692429 0.5264979749917984 130.6723063737154 1040.785321556032 2818.683044113219 34.78956314921379 354.5707567408681 567.2682220265269 150.3967338949442 0.3217523694038391 1809.276816755533 0.2043546512722969 7.585593305528164 62.71781477332115 0 0.1314415782690048 0 0 207.58322121948 0.2881868779659271 12.15487194061279 0.5630175173282623 407.3907268047333 1.671344630420208 0.3999569267034531 5.514351941645145 87.11020667850971 1.879966951906681 1.557804465293884 0 108.0128419399261 0.1018205657601357 2.51149719953537 0.1360221803188324 35.29128634184599 0.2342872992157936 2.395256757736206 0 598.5713675841689 52.86396279931068 0 0 0 0 0 0.4785825982689857 0 0 0 0 1.797884106636047 6.423058614134789 0 9.897192560136318 0 0 0 0 0 0 0 0.2990328967571259 0.1967234313488007 0 0.2146947830915451 6.874217845499516 0 0 0 7.800042845308781 0 0.7458122372627258 0 0 0 0 0 0.6366299986839294 0 0 0 4.466355919837952 0 0 0
0.5367882698774338 83.30362225323915 14.29454144835472 1.125320926308632 0.2057778686285019 1.22111776471138 53.39031954854727 0.8623483330011368 125.5597017332911 9.060535721480846 2.061753913760185 1.923981785774231 0.6361382082104683 2.045455045998096 0 4525.615047052503 24.33688269555569 1.198145687580109 6.171747133135796 1.349196672439575 4733.469960004091 2100.377723172307 4446.545913279057 1801.247890628874 2.618033893406391 7.417491637170315 3132.3964086622 3529.147875338793 4.083462901413441 15.11030888557434 0.1241912618279457 1.735117472708225 1.684419140219688 41.27947469055653 90.52584436535835 2283.746400408447 1077.315211325884 328.0958416685462 639.0455762222409 77.19797460734844 5.485841989517212 3.882251754403114 11.4566961824894 4.416012145578861 8.726265415549278 7.855271801352501 0.2899861931800842 0.1554440706968307 0.5062885284423828 33.07697321474552 1.177125506103039 12.80170881748199 2.840417325496674 0.1104805618524551 1.213693529367447 1.895283237099648 3.786495968699455 0 2646.383205339313 3.170521318912506 0.1119771972298622 0.1704219281673431 2.036381408572197 462.746497541666 1246.964650854468 847.6935928910971 366.6506240069866 5.932519868016243 1.029925361275673 1041.66953060776 397.0997061505914 7.971342325210571 130.8336737751961 0.4999295547604561 0.1155928894877434 1.074164509773254 3.007358729839325 2.002472184598446 68.49121467024088 8.855167053639889 7.220634303987026 6.119549751281738 4.37827031314373 1.284222766757011 0 2.918737977743149
140.2376454770565 47.52094945311546 9864.72182957083 0.4429825022816658 0.2809794992208481 23.38124934583902 208.723762281239 410.0892194509506 5.787668332457542 16.88258063048124 234.8927869871259 2.510716736316681 3.439553275704384 506.69244941324 0.1314415782690048 24.33688269555569 4058.92747027427 237.4569134637713 6325.141712278128 0.8186293989419937 1679.495635136962 16.42347502708435 5959.511972166598 16.96169200539589 5.557899385690689 1970.607666283846 7132.265610292554 87.26665405929089 483.5101254060864 1816.139941878617 3.846752285957336 13.41405787318945 44.46274012327194 2001.407344348729 3.76268631964922 248.1171024292707 1626.812368690968 642.5145159736276 154.857200153172 13.7720875069499 1.466348432004452 5.886350698769093 0.6292032971978188 0.2438756078481674 35.24547517299652 309.772345751524 0 0 0.1427664458751678 9.931558191776276 1.379469782114029 0.5123199373483658 0 3.359205044806004 0 1.393680080771446 1.14373143017292 0 2.036796808242798 79.88509041815996 4.042107187211514 18.14096396416426 0 5.03690467774868 3.510257594287395 47.54745882004499 4.356693178415298 1.438766129314899 153.8478452637792 568.0990063771605 5.617086060345173 0.704291820526123 1.635420799255371 2.415968425571918 0.2632814645767212 0 19.23054493963718 2.407860547304153 54.62847895920277 10.81636914610863 35.04184229671955 16.33269950002432 0.1265790015459061 0.2247885912656784 0 0.1325454264879227
9.809787400066853 6.735024869441986 59.51051314175129 1.100635766983032 6.140325523912907 32.5584858879447 21.19092727452517 52.57258532196283 0.7862677350640297 24.49655688554049 4460.379351489246 22.7763557061553 174.7765088155866 46.09081626683474 0 1.198145687580109 237.4569134637713 1078.834346011281 2017.620830506086 3.288097381591797 30.10770957171917 1.889781549572945 48.23758105933666 4.946406476199627 10.87790562957525 2877.399129532278 756.3376123830676 14.87463128566742 76.41571798175573 79.25524316728115 174.5946172177792 77.61659090965986 5.273539781570435 1547.650688916445 6.433471940457821 550.8278834670782 967.1844610050321 1863.289286009967 538.9384596571326 39.0593677982688 5.465777717530727 4.400418549776077 1.014551945030689 0 5.008993774652481 6.568174883723259 0 0 0 0.11026830971241 0 0.2426014915108681 0 2.619936794042587 0 27.88130865246058 0 0 0.1669721305370331 2.731551826000214 0.5749137252569199 0.8584461808204651 0 0 0.3097909390926361 0.4215706810355186 1.718170195817947 5.991009183228016 20.92528514564037 86.59168941527605 0.3689908534288406 0 0 7.239339776337147 0 0 0.3097323775291443 0 25.77590294927359 4.120717763900757 1.467031434178352 0.7362547516822815 0.110821045935154 0 0.3989956676959991 0
48.1305463090539 28.28971267491579 1030.419059194624 1.074247367680073 2.538479343056679 27.00470217317343 86.36430984735489 183.595525521785 1.229133702814579 25.7531879991293 956.9884545505047 14.52141676098108 33.85503061115742 204.8382477462292 0 6.171747133135796 6325.141712278128 2017.620830506086 4724.953431665897 3.418034881353378 236.9014486819506 9.636328838765621 476.0765108168125 4.420782975852489 8.718600906431675 5255.341589428484 2120.472926408052 32.33298885077238 250.8839290477335 447.1954962983727 42.29636051505804 47.06983137875795 26.90731505304575 4281.239266015589 17.01553263515234 903.157216258347 819.8808421641588 2271.8503267169 611.3934298828244 44.67386688292027 2.427699327468872 6.637424528598785 3.675021022558212 0 20.08807276189327 89.44018692523241 0 0 0 2.386124931275845 0.0914890468120575 0 1.195018500089645 5.105018019676208 0.1199854016304016 18.38223503530025 0.3194604590535164 0 0.684358611702919 61.06704675406218 7.733557738363743 34.51303415000439 0 0.4868567362427711 0.8161570429801941 5.525397218763828 1.74861267209053 11.93271423876286 276.5321030989289 481.9220058396459 1.905132226645947 0.1191683411598206 0.8366624563932419 11.18105665594339 0 0 9.234679788351059 0.2223185896873474 51.40000197291374 13.00591678917408 16.54122456163168 5.764338403940201 0.2903360426425934 0 0 0
1.277850545942783 1.068250358104706 0.2173255011439323 5717.878809586167 27.10025440901518 128.4360547065735 52.52284983545542 117.3433117195964 149.5440544262528 5709.192604184151 24.30898036807775 5677.478961959481 3.372023351490498 159.3200838118792 207.58322121948 1.349196672439575 0.8186293989419937 3.288097381591797 3.418034881353378 421.9192728102207 1.182770229876041 0.6936211884021759 0.7231417521834373 785.9759286418557 5.53433133661747 6.019719138741493 4.729804396629333 1941.757082298398 135.1262280866504 2.542964041233063 1.992540687322617 42.55792835354805 0.5845537409186363 109.656285867095 0.3611362278461456 283.1410718113184 7.198078826069832 110.9696994647384 19.28431355953217 628.3582321554422 10.91955386847258 16.91017961502075 2.525831826031208 0 0 0 21.66714689135551 0 0.919892393052578 30.81228312849998 1.658031173050404 44.34031543135643 46.88639455288649 0.4382819831371307 20.63071770966053 6.150651216506958 3.629017278552055 0 0.4327658414840698 0 0.309690922498703 0 14.56205026805401 0 1.02681040763855 0 160.4931491017342 0 0.138883575797081 1.184522494673729 168.1459972858429 1.832289472222328 0.9859039187431335 0 0.7246311008930206 0 5.632023125886917 0 28.11684116721153 4.768415868282318 14.16599157452583 2.721918106079102 23.67477697134018 2.256116472184658 0 1.30169840157032
59.85966209322214 12.21798315644264 749.0025159493089 1.269992142915726 1.08859533816576 40.65789352357388 1657.956116490066 327.3149740099907 105.2949376255274 108.0522368475795 23.22795148938894 2.317843675613403 3.211341716349125 251.3211821913719 0.2881868779659271 4733.469960004091 1679.495635136962 30.10770957171917 236.9014486819506 1.182770229876041 27050.83917206526 1021.238111123443 20955.78313051164 627.1679450273514 1.197388269007206 416.8797244057059 627.7496876865625 5902.012604936957 192.6554103419185 12367.43060161918 0.7959113642573357 9.457121782004833 44.97089756280184 5648.125969976187 255.3088210970163 6618.189140424132 857.5856040045619 6359.973902374506 3612.886337779462 119.6229080036283 18.04798220098019 5.798043332993984 46.70286191254854 6.596820883452892 2.163171693682671 7.252135708928108 0 0 0 59.32873432338238 0.5864008665084839 9.808551616966724 2.791323199868202 0.3452184349298477 0.1870152801275253 1.158069252967834 6.493050217628479 0.1412398815155029 585.448850132525 2.294255532324314 0.2115655764937401 0.312628760933876 0.1989040076732635 239.7585182338953 214.0951071530581 119.5033332780004 363.0737216472626 0 1.873406313359737 87.70958951115608 426.7796718999743 18.53951819241047 140.2566837072372 0.147291287779808 0 0.3362665623426437 5.012276493012905 1.340283185243607 71.31515700370073 2.228216156363487 10.55918109416962 6.155292451381683 7.632764719426632 0 0 0.7741065621376038
0 3079.004597954452 8.044647753238678 3.372995629906654 1.207987941801548 2.823433503508568 25.20896964520216 0.8604070320725441 3681.076968096197 5.469875521957874 17.04973481595516 2.360415600240231 94.82480832189322 3.05671376734972 12.15487194061279 2100.377723172307 16.42347502708435 1.889781549572945 9.636328838765621 0.6936211884021759 1021.238111123443 2740.023986645043 447.4790433570743 6148.06757774204 658.9673401266336 72.06429164111614 4040.217833422124 892.4404658302665 4.121715813875198 64.42887534201145 4.671585105359554 0.4460222125053406 0 58.4424015507102 0.214586466550827 89.16578397154808 102.2259289324284 62.34551674127579 34.03214595466852 91.28421270102262 2.04192627966404 42.2987771704793 0 0.5312900096178055 23.59619355946779 18.18884839862585 0 0 0 14.46267402172089 0.7178481370210648 23.68015211075544 3.374694585800171 0.1208002343773842 0.2595547437667847 4.224601253867149 0.9429160356521606 0 1472.243498176336 0.456159308552742 0.7044587284326553 0.9113233536481857 0.2790626138448715 177.0830087289214 837.6756785139441 475.9904655367136 176.9991617426276 8.422723680734634 5.045719049870968 1584.547332189977 177.0620289370418 3.016685351729393 46.71409960836172 0.6455918550491333 0.2768886536359787 0.5808791071176529 3.941414199769497 0.7465219795703888 33.20910459756851 9.428900770843029 10.79528061300516 9.594351686537266 3.349176943302155 0.1188488602638245 0 0.355193167924881
130.8228865563869 12.61071638017893 12377.18823439628 0.4821780472993851 0.40423334389925 28.57342614978552 516.8245038017631 373.6617449820042 22.20587745308876 48.21275627613068 35.15259947627783 2.706231735646725 3.412749879062176 411.5361180454493 0.5630175173282623 4446.545913279057 5959.511972166598 48.23758105933666 476.0765108168125 0.7231417521834373 20955.78313051164 447.4790433570743 32098.27897378057 379.9425023347139 2.682776808738708 1292.154955640435 9400.652720302343 2977.188034124672 321.6420500054955 4105.932637244463 2.250483125448227 10.67341420799494 33.40434230864048 4006.487611658871 588.3598875775933 11012.07872711867 5639.178157381713 8254.27094746381 6728.006754845381 441.2732850909233 31.40380141884089 15.74921505898237 64.27643566578627 0.869891494512558 14.57976800203323 91.88331812620163 0 0 0 9.240961596369743 0 3.113756373524666 0 0.2600449770689011 1.415413960814476 0.3387658149003983 0.4315453469753265 0.1768607050180435 1276.055481486022 7.645326182246208 0.7778306007385254 1.229973085224628 0 189.8655942082405 557.508369833231 659.5545804724097 99.87857782095671 3.556784942746162 12.66961359232664 1802.379664510489 114.5697689205408 2.67139844596386 31.9555771201849 0 0 0.4443047642707825 0.8344561457633972 6.284388035535812 62.34328188747168 10.05308043956757 12.08067560195923 13.63395525515079 1.576973468065262 0.6870218217372894 0 0
2.524009019136429 750.464049294591 10.36213034391403 808.3366881385446 50.53833263367414 117.537791736424 585.838688261807 82.14315490424633 9839.269524082541 939.0644248425961 27.01550683379173 1046.248979173601 20.83091857284307 100.0481502488256 407.3907268047333 1801.247890628874 16.96169200539589 4.946406476199627 4.420782975852489 785.9759286418557 627.1679450273514 6148.06757774204 379.9425023347139 12395.72743885219 116.3997992873192 28.17887599021196 1060.822365768254 13269.53712116927 188.5173187479377 189.0782601311803 2.063824817538261 36.62734143435955 21.72252733260393 240.7020387873054 23.86693722009659 1567.402803108096 188.281985335052 374.5831272304058 218.8482338413596 1833.129167161882 25.51931249350309 32.92253071069717 12.49574257433414 9.31046961247921 6.274140186607838 7.055275700986385 73.68665397912264 0.1049388274550438 11.62884037196636 419.1634439080954 28.42786825448275 720.4009305983782 290.1850140616298 5.355685852468014 109.4092712923884 9.867346845567226 28.48639033734798 2.400480508804321 299.3533289507031 2.057107798755169 0.5748952403664589 1.416157595813274 101.3690616711974 127.3186605647206 229.6744467616081 76.7982527166605 2127.109176337719 2.298935271799564 4.478165119886398 168.3267561495304 1841.268565639853 36.75738467276096 239.2020407468081 0 8.041076608002186 2.446089372038841 44.31486953049898 3.144208446145058 308.435769110918 43.91136860847473 138.558521784842 29.05549360066652 237.5945598334074 28.51870049536228 15.82789266854525 6.773037105798721
0 2884.377830892801 2.788435354828835 0.2302857339382172 0.7897494733333588 3.745908193290234 3.310400299727917 5.285021536052227 171.1877146959305 2.997296951711178 533.5499291941524 0.7405020147562027 4198.655608013272 1.305996611714363 1.671344630420208 2.618033893406391 5.557899385690689 10.87790562957525 8.718600906431675 5.53433133661747 1.197388269007206 658.9673401266336 2.682776808738708 116.3997992873192 1248.119298167527 432.6952925771475 7205.615195430815 31.9606215134263 1.662327609956264 3.799510776996613 130.2344738915563 8.382579997181892 0 2061.900448605418 37.57901209592819 893.9156080335379 1632.554245531559 1394.12770371139 293.3785803839564 107.9658818691969 141.9191691428423 1077.194426223636 23.98205381631851 0 314.9780535399914 13.17833481729031 0 0 0.32651387155056 0.4611387550830841 0.1337586492300034 0.8499536663293839 0 47.36303637176752 0 632.0240801423788 0 0 0.292942225933075 6.940274730324745 5.754944831132889 5.350700981914997 0 0.2226037979125977 10.5026398152113 1.131780505180359 3.917136818170547 327.614595964551 119.2721923962235 902.4533332958817 1.810897305607796 0 1.113452389836311 35.5421242788434 0.5733432173728943 0 9.547137901186943 0 78.22592964023352 139.7751223146915 18.07315658777952 4.274080023169518 0 0 60.19251927733421 0
62.84184963256121 232.8907576575875 14383.99648354948 1.804312720894814 4.634659357368946 52.15973644331098 476.1144173145294 353.8027808256447 23.90838392823935 69.18412869423628 1976.049995116889 21.54979384690523 365.3350058421493 318.3539955765009 0.3999569267034531 7.417491637170315 1970.607666283846 2877.399129532278 5255.341589428484 6.019719138741493 416.8797244057059 72.06429164111614 1292.154955640435 28.17887599021196 432.6952925771475 30079.93917448074 15279.7588666454 122.2094378769398 261.6327349022031 264.8332082778215 1187.509011797607 72.74340895563364 27.43311669677496 1447.701268874109 56.92270231992006 2894.525701127946 4002.521961905062 3563.427849926054 1406.524321012199 124.9443723186851 8.19578193873167 50.94891683757305 11.29576709121466 1.086585767567158 317.1220096647739 539.0302659645677 0 0 0.08506305515766144 13.96398295462132 0.3426613435149193 2.846663013100624 0 96.63859220594168 0.1354940980672836 605.5024509727955 1.6599375680089 0 0.6430449783802032 340.9891963601112 72.60925064980984 174.9562908634543 0 7.406285889446735 7.806293815374374 30.79777156561613 8.721075780689716 334.7458134144545 1800.988049581647 5018.453847333789 7.991300515830517 1.586930334568024 4.20370102673769 187.6952524706721 0.2151847630739212 0.2254386022686958 56.55605565011501 6.87956677377224 194.187265381217 125.4423141106963 94.14118368923664 36.48500134795904 1.000230766832829 1.059716805815697 3.773236766457558 0.2081242054700851
8.410717070102692 10117.7245311439 11439.52411854267 1.393031641840935 4.816978350281715 21.23977649956942 78.48090443015099 38.00353213399649 693.9215591028333 28.80017853528261 1493.637767732143 15.32913611084223 5040.245719604194 33.57255882769823 5.514351941645145 3132.3964086622 7132.265610292554 756.3376123830676 2120.472926408052 4.729804396629333 627.7496876865625 4040.217833422124 9400.652720302343 1060.822365768254 7205.615195430815 15279.7588666454 51521.80072741956 660.3408208563924 56.04879090189934 95.10349445790052 1746.096951112151 45.59842327982187 6.003330521285534 2559.575768530369 240.9303138181567 6532.730795167387 5252.63746906817 9428.88764641434 4259.02248287946 350.539357624948 26.06224951893091 125.3066492080688 24.54838021099567 1.930188059806824 2417.452058389783 3110.775200769305 0.1369355320930481 0 0.1268160492181778 93.84134187549353 3.299666002392769 15.67577496916056 0.8163519948720932 151.0595214888453 0.08998856693506241 1173.305924557149 14.74526228010654 0.1483602672815323 776.6763181462884 643.5094897970557 91.19593209028244 239.9808479323983 0 107.6195305809379 1772.990801617503 1768.257942743599 96.09380642324686 684.5715413540602 2257.810803845525 21447.76199429482 92.43871930241585 4.552705340087414 22.22366119921207 244.4011637791991 0 1.234467461705208 131.2757083773613 21.94294146448374 620.0032766088843 324.7144361361861 328.5610895529389 211.3340695053339 7.384247735142708 2.13504533469677 23.86106161773205 0.4903265386819839
47.29769852757454 111.843669205904 150.1079852506518 1883.316431082785 20.75195125490427 447.4394426643848 17635.67665493488 387.938249155879 3400.894171826541 5129.744863972068 56.58747749775648 1362.857781179249 21.50989846140146 419.6917694807053 87.11020667850971 3529.147875338793 87.26665405929089 14.87463128566742 32.33298885077238 1941.757082298398 5902.012604936957 892.4404658302665 2977.188034124672 13269.53712116927 31.9606215134263 122.2094378769398 660.3408208563924 33531.49737142026 1084.477046489716 11368.40377162397 1.558426812291145 106.5163746252656 355.2717463672161 2004.410721056163 193.4803422242403 7961.805199563503 509.1448366269469 2794.552136830986 1949.49195510149 925.3025720864534 147.0946160256863 58.99338576197624 56.37618424743414 20.98838217556477 6.868772245943546 8.804999470710754 83.94242047518492 0.1970701664686203 21.32085639983416 724.7551591470838 42.79506532102823 843.0525655522943 380.5464589968324 9.57039475440979 116.0329921618104 16.58352360874414 44.93665562570095 1.055978752672672 382.3305580988526 2.112472593784332 0.4565687030553818 1.413928993046284 130.7899541854858 209.9141659662127 232.4177599847317 75.0838884934783 3038.177342474461 3.277053207159042 5.090622432529926 118.3991857916117 2885.35595459491 62.4206924661994 484.9911521449685 2.883120432496071 11.62653557956219 3.816430494189262 65.95671620965004 5.099185675382614 503.4474232047796 53.0067303776741 173.8184852004051 54.41730369627476 230.0559442266822 46.71779673546553 26.83757472038269 2.71003545820713
4167.646670259535 1.204522646963596 88.84220594912767 62.0966309979558 488.9754197970033 586.4869497269392 1705.917757436633 1292.670305315405 37.47173372656107 1184.547702737153 292.6827699393034 582.910666808486 27.39262126386166 7643.098952222615 1.879966951906681 4.083462901413441 483.5101254060864 76.41571798175573 250.8839290477335 135.1262280866504 192.6554103419185 4.121715813875198 321.6420500054955 188.5173187479377 1.662327609956264 261.6327349022031 56.04879090189934 1084.477046489716 24104.89834946394 8796.994555391371 5.526432037353516 679.7711393050849 5400.994514919817 4572.453949853778 11.48432534188032 669.6969508677721 21.83302288502455 1018.174986749887 112.9488321766257 500.3922791332006 335.7834393456578 0.6680635064840317 13.75761310756207 0 0.2904439345002174 1.58638159930706 0.7178550660610199 0 1.156723171472549 14.45122489333153 2.286996260285378 8.56771207600832 4.974846020340919 0 5.151233620941639 0.09502521157264709 0.6325079202651978 0 1.669987291097641 0.3319105952978134 0 0 0.8864190131425858 0.9617719501256943 0.5723876357078552 0.6604267954826355 40.93413234502077 0 0.7964512556791306 5.572282046079636 40.26869197934866 0.9901936575770378 1.129342794418335 0.09161844849586487 0.8876128792762756 0 1.822217032313347 0.6348913908004761 9.623142294585705 1.242013812065125 5.06270145624876 4.140720844268799 3.845336303114891 1.164007484912872 0 0
