200.5013189613819 0 13.4931862205267 28.35896581411362 5.956828571856022 24.36894161999226 1219.644450776279 1670.545052170753 1.17769992351532 226.8789286836982 8.650066591799259 2.940743923187256 2.348836809396744 2824.521255210042 1.275729954242706 0 4.684337168931961 1.391144886612892 0.7732020989060402 92.55133801698685 27.51172161847353 0 35.16242722421885 78.96215005964041 1.114891886711121 1.580316707491875 0.2253027707338333 304.9587768465281 2472.044286504388 1635.167344249785 0 3.099738471210003 250.5243001133204 127.4368724301457 2.71487632393837 30.37768377363682 4.978337071835995 120.9050699025393 18.23589221388102 27.8663778975606 19.4640120267868 3.099668607115746 1.255286693572998 0 0 0 0 0 0 0 0 0 0 0 0 0 0 0 0 0 0 0 0 0 0 0 0 0 0 0.2919447422027588 0 0 0 0 0 0 0 1.451836079359055 0.5585934296250343 0 0 0 0 0 0 0
0 86.4034835100174 753.6371583044529 0 0 0 4.833932556211948 0 1317.883489079773 0 35.67808680981398 0 174.412868052721 0 0.5248989015817642 227.251767963171 11.64859806001186 0 2.585542559623718 0 6.372998483479023 3574.920157685876 44.28266626596451 1434.266044728458 528.0139430984855 223.7167080566287 2741.679749704897 94.22394107282162 0 0 15.15343859791756 0 0 3.854376211762428 0 4.020627699792385 9.146729223430157 3.867326483130455 2.787717491388321 1.418998658657074 0 11.90830814838409 0 0 462.1969523429871 94.05315440148115 0 0 0 0.7061884701251984 0.07699109613895416 28.61782545596361 0 8.362978965044022 0 12.32260949909687 0 0 6.709730044007301 13.05024865269661 0.3094543144106865 28.18446207791567 0 0.1465384513139725 67.58531333506107 4.094994604587555 1.52766290307045 481.3814278095961 236.3539672717452 1563.94299633801 2.83638184517622 0 0.1040713116526604 4.845648057758808 0 0 4.071450732648373 0.7076762318611145 10.49280186742544 53.68010360747576 11.80034389346838 1.487340942025185 0.9407588392496109 0 24.91801968216896 0
13.4931862205267 753.6371583044529 4638.924999319017 0.8546246141195297 1.394243746995926 7.370487153530121 463.1100431680679 118.5837749689817 5.873916834592819 13.11736541986465 8.379422575235367 0.2453656271100044 0.8101706951856613 68.58912885189056 0 75.17488477379084 3809.977680042386 20.95588981360197 48.13061928004026 0.2964372560381889 1224.176903687418 123.9675176888704 16938.05626564473 110.5748716369271 13.44847833365202 3319.685881003737 5702.707892037928 549.3822426199913 177.1893813088536 801.5329050123692 0.1853148639202118 1.396958291530609 19.83103813976049 854.0170271992683 23.18636585026979 1753.747327685356 2155.258120134473 1265.16617333889 619.5739509612322 73.15116552263498 48.81235913187265 0.5146891623735428 18.19541615992785 0 316.551856175065 350.1727897748351 0 0 0 1.523221634328365 0 2.474451266229153 0 0.7136911153793335 0 1.052830442786217 0 0 30.25514539331198 35.06809063255787 0 33.89749103784561 0 1.594510339200497 236.3320147246122 11.96947411447763 5.605631843209267 9.82757031917572 280.6186442822218 2137.947561196983 6.300699442625046 0 1.588593922555447 0.8126430436968803 0 0 4.581236213445663 6.138814583420753 55.86152448505163 636.7419885694981 21.14882639795542 3.181202955543995 4.20808095484972 0.7297360599040985 0 0.6557553857564926
28.35896581411362 0 0.8546246141195297 2029.257898285985 3.104094818234444 49.16291247308254 195.7327009364963 60.56494869291782 62.63087993860245 963.9890877902508 1.232384897768497 2350.085807606578 0.1030745133757591 48.70448566973209 90.05123884230852 0.2230330109596252 0 0.2435062751173973 0.1624767333269119 2203.144655421376 1.804845005273819 0 2.905083268880844 687.2535676062107 0 0.4362359941005707 0 619.8585862964392 55.22916876524687 0.6356207281351089 0 1.863624647259712 3.882995590567589 37.85959893465042 1.946523070335388 197.8038154318929 0.4510480016469955 112.7537320628762 30.46209255605936 173.6429298073053 22.39830885082483 0 5.187352605164051 0 0 0 16.74895967543125 0 0.5899905562400818 7.343077316880226 0.9955192804336548 26.72324499487877 22.24493432044983 0 2.057295560836792 0 0 1.117899626493454 0 0 0 0 3.396337926387787 0 0.2265923023223877 0 36.19957229495049 0 0 0 51.29709005355835 0 0 0 0 0 0 0.3248745948076248 50.72586551308632 0 0 0 8.86369988322258 0 0 0
5.956828571856022 0 1.394243746995926 3.104094818234444 1.883505582809448 385.7800694778562 14.99173766374588 242.7914711683989 12.45676869153976 42.52251506596804 1.767839357256889 67.03679241240025 2.781223759055138 397.1415940821171 420.0998065024614 0 0.4527059271931648 0.3225418329238892 0.159252718091011 16.25501927733421 1.528029665350914 0 2.071956522762775 12.72532076388597 1.7247254550457 0.08606235682964325 0 11.68963113427162 163.4731021001935 8.492948792874813 0 106.8695527017117 1.670587837696075 141.9874883070588 3.274817809462547 47.69466681778431 0.7164182886481285 296.4549441859126 22.27269583195448 1716.917203232646 69.82261703163385 9.117404401302338 7.104334816336632 0 0 0 0 0 0 0 0 0 0 0 0.2799863070249557 0 0 0 0 0 0 0 0 0 0 0 0 0 0 0 0 0 0 0 0 0 0 0.6056591272354126 0.3656091690063477 0 0 0 0 0 0.2190106511116028 0
24.36894161999226 0 7.370487153530121 49.16291247308254 385.7800694778562 6865.354486271739 445.6943010389805 3947.815221250057 136.089889973402 7430.169280163944 6.628258869051933 3086.831859387457 11.43417949229479 183.2568205967546 1298.728581756353 0.09061946719884872 1.856198415160179 0.2858376055955887 0.2579505816102028 812.7873430401087 9.51212178170681 0 14.88109260052443 135.4133494868875 12.63544307649136 1.068480461835861 0.5137305930256844 277.3688828572631 227.5233677104115 48.47977954149246 0.1637685745954514 23.35496234148741 2.493666611611843 411.7045612335205 352.3169491440058 122.5286418870091 2.364292278885841 352.4163459986448 25.33084885030985 3432.239728435874 206.0151251256466 17.35449784249067 10.3675227239728 0 0 0 0 0 0 0 0 0 0 0 7.804147571325302 0 0 0 0 0 0 0 0 0 0 0 0.5124710500240326 0 0 0.1344761550426483 0 0 0 0 0 0 0 1.710626497864723 2.488535352051258 0 0 0 0.2622554004192352 0 0 0
1219.644450776279 4.833932556211948 463.1100431680679 195.7327009364963 14.99173766374588 445.6943010389805 12460.23040962964 3897.832912698388 311.7194919139147 6661.379384063184 18.43833664804697 9.79695600271225 3.722325138747692 1995.390886694193 39.74449028074741 56.08727587014437 52.24368637055159 1.99641327559948 1.783931754529476 533.9178251326084 240.547891497612 36.30251107364893 1948.005078420043 1239.737344279885 2.240489795804024 10.00510080903769 97.80868892371655 8087.625037096441 1986.357546955347 7251.551290355623 0.4070985391736031 14.43750435858965 509.8244955316186 1043.835621029139 47.54812041670084 3056.619682453573 68.66428323090076 1821.242419853806 894.9799792617559 509.355622664094 167.1757299378514 3.38966391980648 46.11002004891634 0 0.4454828053712845 2.577881351113319 0 1.045583173632622 0.8953450843691826 45.69235468655825 0.2476948946714401 92.34233417361975 3.593202874064445 0 1.316037327051163 0 0 1.873701155185699 14.31370779126883 0 0 0 0 1.313382297754288 6.920134998857975 1.575251348316669 228.6979687288404 0 0.5585669204592705 14.91045671701431 465.4101681336761 0 0.1123293563723564 0 0 0 0.1404474675655365 11.13654761761427 101.2663085013628 5.220256291329861 0.3660175502300262 0 30.34972369670868 0 0 0.8170906901359558
1670.545052170753 0 118.5837749689817 60.56494869291782 242.7914711683989 3947.815221250057 3897.832912698388 7033.937819607556 4.270138785243034 4870.46870765835 134.7196955233812 462.2198967635632 70.85833153873682 6537.854699544609 144.2379574775696 1.208344176411629 33.12452486902475 13.98474055528641 4.439089052379131 594.861781552434 208.1772165521979 1.111962914466858 299.5885435342789 355.6626828983426 105.9680420160294 19.77562467753887 10.23768236488104 1183.116565316916 1691.9974540025 1882.434839554131 2.254914067685604 71.01282166689634 18.36973171681166 1357.989209361374 106.4607140347362 610.9316141530871 27.68548046052456 1417.153120957315 210.7858002260327 1251.136621765792 852.3599947169423 127.8532526940107 35.6061228364706 0 0 0.445440761744976 0 0 0 0 0 0 0.3060348331928253 0 4.490098409354687 0 0 0 0 0.5210023373365402 0 0 0 0 0 0 1.457776002585888 0 0 1.60409551858902 0.6780169084668159 0 0 0 0 0 0 18.50411874055862 13.96266122162342 0.6166438609361649 1.497184276580811 0 0.2765245139598846 0 0 0
1.17769992351532 1317.883489079773 5.873916834592819 62.63087993860245 12.45676869153976 136.089889973402 311.7194919139147 4.270138785243034 188.3345356658101 48.44843536615372 0.402615413069725 27.43337993323803 0.2899136319756508 0 311.5608047693968 22.68981638550758 0 0 0 71.48212129622698 0 1691.277636356652 3.265474759042263 6590.029325783253 83.06885766237974 6.975754030048847 317.3308704346418 1960.672299265862 0.1077887713909149 0 0 0 2.308558940887451 1.548815786838531 0 25.62602160125971 1.997771516442299 2.932871453464031 2.206528335809708 216.1041594296694 0 2.344004452228546 1.009993195533752 0 33.22698330879211 2.103109642863274 4.786766022443771 0 2.787132725119591 140.5220257267356 0.4026434570550919 140.9532919302583 7.349363163113594 1.63069960474968 1.966545350849628 0 0 1.294491186738014 214.6017806008458 0.824790358543396 0 0.277974396944046 0.4608326703310013 51.47328269481659 234.6097546890378 19.12153520435095 1020.157840169966 0 0.676967054605484 42.69091103225946 1301.595254667103 0 0 0 0 0 0 0 53.38345487415791 2.433366239070892 1.251246355473995 1.304025545716286 19.0420216396451 0 0 0.6500029563903809
226.8789286836982 0 13.11736541986465 963.9890877902508 42.52251506596804 7430.169280163944 6661.379384063184 4870.46870765835 48.44843536615372 23006.55941963196 34.73564703762531 863.0582528561354 2.955113876610994 1271.253706552088 284.8478607088327 0.2172373607754707 4.327576078474522 4.080532491207123 0.7589258253574371 4564.810004279017 8.67302655428648 0.1251624971628189 42.29700239002705 1164.805153265595 2.319667600095272 4.452298723161221 0.6771515309810638 5481.992908492684 408.7054088711739 79.84789618849754 0.6527745053172112 65.28295055031776 11.97089856117964 268.4844280257821 127.6039745882154 797.4982034489512 7.102088056504726 528.987538009882 118.5374656245112 935.8261595442891 102.7047405764461 2.097816199064255 24.99751567095518 0 0 0.3772340267896652 0 0 0 8.361231975257397 0 10.11229752004147 0 0 9.323110297322273 0 0 1.092335283756256 1.035180866718292 0 0 0 0 0 0 0 32.31755490601063 0 0 0.2751395553350449 56.10221096128225 0 0 0 0 0 0 8.276076301932335 34.62435587495565 0 0 0 9.810125023126602 0 0 0
8.650066591799259 35.67808680981398 8.379422575235367 1.232384897768497 1.767839357256889 6.628258869051933 18.43833664804697 134.7196955233812 0.402615413069725 34.73564703762531 5670.964789286256 4.635920353233814 3324.530108168721 168.9988775849342 0 0.9525892734527588 170.6361331120133 1938.587113536894 657.6003649234772 10.90152279287577 7.975978076457977 1.592997014522552 11.01336266100407 5.479272417724133 1460.706353724003 2921.660090215504 233.6075097694993 15.65616855025291 78.40702713280916 13.91016408056021 654.920138515532 3.035353899002075 2.671218477189541 3650.890970684588 4.504644200205803 447.4933425858617 5543.483178019524 6742.511208631098 2658.567443400621 39.69845223426819 66.02683376520872 1687.016886040568 6.345265790820122 0 2.04356699436903 0.1714207231998444 0 0 0 0.1798806488513947 0 0 0 63.69297821447253 0.09514228254556656 203.7190347798169 0 0 0 0 1.263347797095776 0.09278127551078796 0 0 0 0 0 56.97179037332535 32.85853873938322 87.5926201492548 0 0 0 26.06251239776611 0 0 0.3538037240505219 10.23379787057638 17.24280381947756 107.124735198915 7.055177502334118 5.517719149589539 1.351289585232735 0 89.10387922078371 0
2.940743923187256 0 0.2453656271100044 2350.085807606578 67.03679241240025 3086.831859387457 9.79695600271225 462.2198967635632 27.43337993323803 863.0582528561354 4.635920353233814 3308.669745072722 0.6865822002291679 80.39788793027401 2005.368614174426 0 0 0.3476055115461349 0 1439.834427498281 0.2293004840612411 0.1148586198687553 2.412998408079147 2138.36725255847 0.2086212858557701 0.8473992943763733 0 1020.886124201119 76.09695423394442 0.350282683968544 0 5.563207842409611 0.321216806769371 57.45839929580688 13.84231995046139 223.0661609247327 0.4615997523069382 125.735860183835 23.87119380384684 1596.367536857724 31.99733008444309 0.6602703928947449 7.382368206977844 0 0 0 0.1968412399291992 0 6.632408611476421 3.539009213447571 8.585032667964697 13.22995859384537 8.740270063281059 0.1950710862874985 33.1239869594574 0 0.4404872804880142 0.2380484119057655 0 0 0 0 1.403398469090462 0 0 0 10.95525929331779 0 0 0 15.28741849958897 0.3324223905801773 0 0 0 0 0.2618628144264221 1.403553634881973 35.97417342662811 0 0.3493224456906319 0 7.638747036457062 0.1542703956365585 0 0
2.348836809396744 174.412868052721 0.8101706951856613 0.1030745133757591 2.781223759055138 11.43417949229479 3.722325138747692 70.85833153873682 0.2899136319756508 2.955113876610994 3324.530108168721 0.6865822002291679 6402.049971319735 38.72256629168987 0 15.24260692298412 0.4136150479316711 73.1948077455163 10.16860687732697 0.7800776809453964 0.9250776693224907 10.18049158900976 10.62330537289381 2.636307500302792 4332.463351346552 1335.827080558985 2719.995388522744 1.72085377573967 19.27010119706392 2.895023100078106 1317.939037024975 2.997931845486164 0.1903721690177917 1050.915367029607 41.85071574151516 1996.457725249231 6744.493920989335 1910.266516320407 544.966190546751 28.14282263070345 33.43229662626982 1827.442501440644 4.710052706301212 0 7.451307713985443 0.524896502494812 0 0 0 0.4527333527803421 0 0 0 194.3644199967384 0 502.6118963807821 0 0 0 0 1.861305251717567 0.5541418194770813 0 1.828524053096771 0 1.247618183493614 0 181.4645234122872 89.5442460924387 229.3442442417145 1.351776212453842 0.2345011383295059 0 70.18696484714746 0 0 3.329447984695435 155.819088973105 259.1498469263315 276.1836458593607 12.59475040435791 11.15702592581511 7.445033013820648 0.7480778098106384 250.1840350329876 1.263364642858505
2824.521255210042 0 68.58912885189056 48.70448566973209 397.1415940821171 183.2568205967546 1995.390886694193 6537.854699544609 0 1271.253706552088 168.9988775849342 80.39788793027401 38.72256629168987 5900.140073753893 2.414324805140495 0.8159951791167259 17.92642565071583 15.0628567263484 8.416034936904907 270.1526777222753 111.3806205093861 0.3995335251092911 151.1336797401309 300.0188244879246 44.38961746543646 23.16900419443846 5.861549846827984 774.1875927522779 7123.089141756296 2584.203029237688 2.622453585267067 194.105174317956 106.3966359272599 2988.992104135454 15.85571763664484 359.1033487468958 22.16661279648542 1586.65460716188 145.6560943946242 535.7478014081717 770.8463792651892 48.1292112916708 14.76315429061651 0 0 0.1889527887105942 0 0 0 0.1263841688632965 0 0 0 0 1.594166845083237 0 0 0 0 0 0 0 0 0 1.021588683128357 0 0.5600770711898804 0 0.6981157585978508 0.5672280117869377 0.7822672352194786 0 0 0 0 0 0 7.121591739356518 6.549593061208725 0.4446962177753448 0 0 0.6982418894767761 0 0 0.2785803079605103
1.275729954242706 0.5248989015817642 0 90.05123884230852 420.0998065024614 1298.728581756353 39.74449028074741 144.2379574775696 311.5608047693968 284.8478607088327 0 2005.368614174426 0 2.414324805140495 376.7975132763386 2.960798770189285 0.6311768144369125 0 0 277.1567172259092 17.26566983759403 0.592314749956131 25.49203917384148 647.8275407850742 0 0 0 156.240987598896 3.104277484118938 5.64222463965416 0 19.88090437650681 0.7243209481239319 0.1463937759399414 15.00825184583664 383.8675984144211 0 17.16224990785122 63.22755555808544 1057.185443349183 14.75417932868004 0 0 0 0 0 0 0 0 0 0 0 0 0 1.31689478456974 0 0 0 0 0 0 0.8221598267555237 0 0 0 0 0 0 0 0 0.1669097244739532 0 0 0 0 0 0 18.60797193646431 0 0 0 3.939890623092651 0 0 0 0
0 227.251767963171 75.17488477379084 0.2230330109596252 0 0.09061946719884872 56.08727587014437 1.208344176411629 22.68981638550758 0.2172373607754707 0.9525892734527588 0 15.24260692298412 0.8159951791167259 2.960798770189285 3111.811499141157 3.534398950636387 0 0 0 1525.405399098992 862.2716026604176 5088.507772259414 705.8642910644412 196.1361929774284 1.081407085061073 3113.249953597784 1141.17066179961 0.4587089046835899 0.397580623626709 0 0 0 16.78869096189737 8.917661719024181 1806.91066300869 700.1310820207 90.09172777831554 118.2180302366614 39.76668173074722 6.271469503641129 143.1970431059599 15.06583536416292 0 9.705790363252163 26.32639490067959 0 0 0 27.6010815128684 0 172.23866622895 0 139.7007850259542 0 23.14375203847885 0 1.026121616363525 1225.094009444118 3.211758375167847 0 0.1224594190716743 0 212.8456263616681 455.2952365428209 324.9830323532224 253.9200063198805 0.9228073954582214 5.7948117852211 1004.427140973508 745.9613505154848 0 1.534693352878094 0 0 0 20.8129710033536 2.264259353280067 716.2838649600744 52.84910510480404 60.84515631198883 82.48216414451599 24.51408834010363 2.477589339017868 7.660148978233337 71.91327072679996
4.684337168931961 11.64859806001186 3809.977680042386 0 0.4527059271931648 1.856198415160179 52.24368637055159 33.12452486902475 0 4.327576078474522 170.6361331120133 0 0.4136150479316711 17.92642565071583 0.6311768144369125 3.534398950636387 1251.328511983156 2002.656545355916 1585.92612297833 0 1323.492647968233 0.1083215847611427 3371.250003218651 40.88514409959316 0 2006.902721747756 2979.466290220618 126.1717747598886 87.52333638072014 928.7299828082323 0.1948461607098579 0.4786999374628067 11.93028952926397 1141.071539826691 2.66261500120163 732.1537306085229 485.2461961209774 1320.086627438664 594.7741520628333 16.27448257058859 7.354301184415817 0.1922251433134079 4.223663963377476 0 6.306621663272381 1.876115545630455 0 0 0 0 0 0 0 0.1043658033013344 0 0.08865117281675339 0 0 0 0.8404125794768333 0 0.1119729653000832 0 0 0 0 0 3.372435808181763 10.66991157084703 33.80776359140873 0 0 0 0 0 0 0.2972473353147507 1.62168987840414 3.59628701210022 11.64584466814995 0.2970003485679626 0.1378621459007263 0.8115524500608444 0 0 0
1.391144886612892 0 20.95588981360197 0.2435062751173973 0.3225418329238892 0.2858376055955887 1.99641327559948 13.98474055528641 0 4.080532491207123 1938.587113536894 0.3476055115461349 73.1948077455163 15.0628567263484 0 0 2002.656545355916 731.6345414668322 1974.214826442301 1.372060619294643 2.159174084663391 0 10.38951422274113 0.6869703531265259 1.809951588511467 1993.683839157224 98.51536351442337 2.331029482185841 8.135941617190838 3.057426929473877 113.3803344964981 0 0.1935093030333519 431.4837870746851 0.9909695014357567 153.9498853757977 823.6196732968092 1637.549730829895 814.0612031295896 5.248014613986015 4.295308023691177 5.748845130205154 1.754280835390091 0 0.2994495183229446 0.1012093797326088 0 0 0 0 0 0 0 7.473462514579296 0 10.80805048719049 0 0 0 0 0.3076996058225632 0 0 0 0 0 0 5.025368332862854 14.22211763262749 28.20158215239644 0 0 0 3.523652940988541 0 0 0 3.534929253160954 10.16541022062302 5.212268404662609 0.1459818258881569 0.1301796436309814 0.2183429077267647 0 1.211129024624825 0
0.7732020989060402 2.585542559623718 48.13061928004026 0.1624767333269119 0.159252718091011 0.2579505816102028 1.783931754529476 4.439089052379131 0 0.7589258253574371 657.6003649234772 0 10.16860687732697 8.416034936904907 0 0 1585.92612297833 1974.214826442301 1918.190614409745 0.4310980811715126 29.36126684397459 0.3262465000152588 57.49291584640741 0.9345503747463226 0.8919274359941483 2165.623522534966 564.5542095080018 2.753414966166019 4.436981894075871 17.18829911202192 24.16181474179029 0.1179312244057655 0.2052353397011757 659.650651589036 3.555814310908318 371.8228804543614 1297.177050463855 1672.738398425281 1091.770302198827 4.180214144289494 3.495787642896175 2.225356101989746 1.612824216485023 0 6.869008176028728 0.1520130783319473 0 0 0 0 0 0 0.1210034638643265 2.304229006171227 0 1.823844626545906 0 0 0 0 0.9865282475948334 0.2869517058134079 0 0 0 0.6017683148384094 0 15.69160167872906 36.52538681775331 63.57991762459278 0 0 0 0.7990687713027 0 0 0.1085357218980789 3.941239103674889 16.58225437253714 12.17697405070066 0 0 1.666201397776604 0 0.3856601715087891 0
92.55133801698685 0 0.2964372560381889 2203.144655421376 16.25501927733421 812.7873430401087 533.9178251326084 594.861781552434 71.48212129622698 4564.810004279017 10.90152279287577 1439.834427498281 0.7800776809453964 270.1526777222753 277.1567172259092 0 0 1.372060619294643 0.4310980811715126 246.7297024801373 0.2427338808774948 0 1.034747026860714 1417.515515603125 0.5325699970126152 1.443645149469376 0.2541808411478996 1311.411204136908 243.0920712277293 3.005626447498798 0.1780069097876549 7.7282949462533 9.646182045340538 119.8715173974633 16.21024623513222 494.9663715586066 4.3169209882617 312.5999223813415 70.94965705275536 561.1661772578955 74.32948496192694 0.3477426543831825 16.23647247254848 0 0 0 0.4691109955310822 0 0 10.74173960089684 0 19.12463474273682 0.4774995446205139 0 2.008289828896523 0 0 0 0 0 0 0 0 0 0 0 21.60110180079937 0 0 0.3749013543128967 40.84574915468693 0 0.1532118320465088 0 0 0 0 3.253694102168083 49.34305980801582 0 0 0 7.988420858979225 0 0 0
27.51172161847353 6.372998483479023 1224.176903687418 1.804845005273819 1.528029665350914 9.51212178170681 240.547891497612 208.1772165521979 0 8.67302655428648 7.975978076457977 0.2293004840612411 0.9250776693224907 111.3806205093861 17.26566983759403 1525.405399098992 1323.492647968233 2.159174084663391 29.36126684397459 0.2427338808774948 5030.969184793532 36.81354042887688 12804.82089040428 56.39829803258181 2.487058646976948 108.3978834077716 1469.451256521046 3055.081423468888 768.2122962772846 9199.480841219425 0 1.54283257573843 89.09249025583267 2365.39498244971 44.02097547054291 2783.424156747758 214.1140273213387 2031.093730859458 1319.287699326873 158.2713374197483 22.28942655771971 7.231720142066479 30.31238804757595 0 0.8531900271773338 3.577340990304947 0 0 0 0.6692351624369621 0 5.499938271939754 0 7.691999435424805 0 1.016626596450806 0 0 37.53825708478689 0 0 0 0 9.543603897094727 19.71459136158228 8.284586146473885 8.772347994148731 0 1.964770324528217 42.64507076889277 22.14094296097755 0 0 0.528056800365448 0 0 0 11.21553365886211 28.76670367270708 3.92968262732029 1.979839354753494 2.989308089017868 0 0 0 3.417949646711349
0 3574.920157685876 123.9675176888704 0 0 0 36.30251107364893 1.111962914466858 1691.277636356652 0.1251624971628189 1.592997014522552 0.1148586198687553 10.18049158900976 0.3995335251092911 0.592314749956131 862.2716026604176 0.1083215847611427 0 0.3262465000152588 0 36.81354042887688 657.680015720427 293.7843067422509 5564.424735151231 377.7460822835565 16.05262862890959 1970.507011011243 546.8673595562577 0.8769265115261078 0 0.2016439735889435 0 0 1.032314538955688 0 85.16664700210094 62.39298927783966 19.01499335467815 11.23403453826904 2.285752534866333 1.27500706911087 48.16009122133255 0.3375533819198608 0 33.88005198538303 14.64358408749104 0 0 0 16.1134839951992 0 216.3520674109459 0 47.49854591488838 0.5121367573738098 5.944803923368454 0.06996917724609375 0 1046.933575883508 0.3032084107398987 0 0.2797975093126297 0.7765716314315796 168.8437808007002 249.6417375057936 248.6427969634533 200.0760320946574 0.1216790154576302 5.767372384667397 703.7601588815451 540.8933795243502 0 0.5999617204070091 0 0 0 6.355898573994637 0.2312151789665222 151.124452650547 12.78747601807117 42.85401296615601 29.16319618374109 3.331831470131874 1.469248175621033 2.271915555000305 13.30886459350586
35.16242722421885 44.28266626596451 16938.05626564473 2.905083268880844 2.071956522762775 14.88109260052443 1948.005078420043 299.5885435342789 3.265474759042263 42.29700239002705 11.01336266100407 2.412998408079147 10.62330537289381 151.1336797401309 25.49203917384148 5088.507772259414 3371.250003218651 10.38951422274113 57.49291584640741 1.034747026860714 12804.82089040428 293.7843067422509 10061.93682232499 1191.371876455843 61.47825757414103 268.7473976798356 5574.376309782267 2688.815375708044 412.6066923215985 4694.551986925304 0.4165869951248169 2.148225389420986 53.88782183080912 3187.821148127317 230.1611124277115 9946.533242374659 3745.086683772504 5088.596305243671 4162.03870331496 626.0509424582124 85.0558588206768 69.04777754843235 154.8351202756166 0 48.39885760098696 145.5318853110075 0 0 0 4.600150302052498 0.230574831366539 19.71588342636824 0 48.51675038784742 0.5489370226860046 7.461370080709457 0 0 394.984906449914 18.05095425248146 0 3.931618973612785 0 28.90668212622404 297.0376070290804 144.0483626946807 34.13525209575891 0 44.77109684050083 1324.67260504514 68.98273800313473 0 1.774152874946594 0.3300440460443497 0 0.4307295680046082 5.448587611317635 49.32839651405811 73.25467089563608 205.894771233201 37.30342498421669 23.15363343060017 1.045566469430923 0 2.810428559780121 16.79272536933422
78.96215005964041 1434.266044728458 110.5748716369271 687.2535676062107 12.72532076388597 135.4133494868875 1239.737344279885 355.6626828983426 6590.029325783253 1164.805153265595 5.479272417724133 2138.36725255847 2.636307500302792 300.0188244879246 647.8275407850742 705.8642910644412 40.88514409959316 0.6869703531265259 0.9345503747463226 1417.515515603125 56.39829803258181 5564.424735151231 1191.371876455843 6047.046624302864 62.57200126349926 8.118350103497505 813.1172766685486 10356.5034635812 301.9915300905704 40.96940521895885 0.2357721552252769 7.365578532218933 142.6977928653359 379.5988007560372 19.80398128926754 3150.880914971232 148.8676581904292 754.3619783967733 416.3984990417957 1362.526586733758 91.68446002155542 7.319605901837349 36.65196764469147 0 5.030883841216564 3.780780777335167 14.94931541383266 0.2452829629182816 3.311418108642101 334.858786508441 0.8895307630300522 761.0026414394379 16.71248753368855 8.049553826451302 17.40691956877708 2.104339554905891 0.310635894536972 7.263885408639908 536.6262612938881 0 0 0.1094493791460991 1.787589117884636 163.0125065073371 121.3070818930864 28.57118374854326 1714.008493974805 0 0.5678592547774315 90.72195453196764 3009.605544790626 0.1056362316012383 0.2105305045843124 0 0 0 0.2417750805616379 5.246343821287155 973.0459701269865 8.534653268754482 1.741596899926662 3.081567153334618 253.1125816777349 0.7651935219764709 1.493667244911194 2.936619460582733
1.114891886711121 528.0139430984855 13.44847833365202 0 1.7247254550457 12.63544307649136 2.240489795804024 105.9680420160294 83.06885766237974 2.319667600095272 1460.706353724003 0.2086212858557701 4332.463351346552 44.38961746543646 0 196.1361929774284 0 1.809951588511467 0.8919274359941483 0.5325699970126152 2.487058646976948 377.7460822835565 61.47825757414103 62.57200126349926 975.8502210602164 494.52622371912 1766.252038605511 11.43686863034964 15.64531053602695 1.406854704022408 128.0677302181721 2.2334855645895 0.1711395680904388 759.1908934190869 3.64716649055481 541.9247930049896 1163.348234497011 922.968124859035 237.6545381844044 7.101981773972511 123.6999474018812 691.2561427056789 0 0 183.3457718491554 4.627297535538673 0 0 0 0 0 3.89808389544487 0 137.7502228841186 0 354.4260459989309 0 0 12.02362638711929 2.140730813145638 4.448725812137127 1.938552394509315 0 1.598435640335083 9.847047731280327 0 0.7171840444207191 539.8914370536804 204.5936776772141 721.4281776845455 0.8459931761026382 0 0 42.14483655244112 0 0 6.070649281144142 7.427675038576126 35.94646234810352 185.5705154761672 86.5085224583745 21.90729764103889 0 1.634829998016357 194.3382589817047 0.9897750020027161
1.580316707491875 223.7167080566287 3319.685881003737 0.4362359941005707 0.08606235682964325 1.068480461835861 10.00510080903769 19.77562467753887 6.975754030048847 4.452298723161221 2921.660090215504 0.8473992943763733 1335.827080558985 23.16900419443846 0 1.081407085061073 2006.902721747756 1993.683839157224 2165.623522534966 1.443645149469376 108.3978834077716 16.05262862890959 268.7473976798356 8.118350103497505 494.52622371912 17096.50327729434 23566.57783297449 17.45642018318176 28.21801812201738 122.4461723417044 360.0931170359254 0.7725901156663895 4.038837417960167 1746.747126355767 18.94999092072248 2421.801656980067 10263.51779983938 4498.365277953446 2323.511791154742 29.84002561122179 20.53313226997852 177.7278916537762 10.08457458019257 0 330.229627892375 12.24319020658731 0 0 0 0.6295433863997459 0 0.2440842837095261 0 319.4998901411891 0 602.5848549678922 0.09595599770545959 0 0.133354127407074 8.345442652702332 29.87585645914078 34.32804921269417 0 0.1726720035076141 0.3031094148755074 3.814935214817524 0.09745233505964279 658.0062114819884 1394.947457998991 3380.662312872708 0.4853375032544136 0.07911237329244614 0.4306999295949936 189.4302099980414 0.08849939703941345 0 5.698257964104414 18.91944310069084 134.0426023229957 568.023804217577 20.92823772132397 4.406813196837902 12.6700611487031 0 54.90053903311491 0.4522134363651276
0.2253027707338333 2741.679749704897 5702.707892037928 0 0 0.5137305930256844 97.80868892371655 10.23768236488104 317.3308704346418 0.6771515309810638 233.6075097694993 0 2719.995388522744 5.861549846827984 0 3113.249953597784 2979.466290220618 98.51536351442337 564.5542095080018 0.2541808411478996 1469.451256521046 1970.507011011243 5574.376309782267 813.1172766685486 1766.252038605511 23566.57783297449 25621.23039319366 602.0281139463186 14.63389541953802 39.29869459569454 464.8062492460012 0.1717670261859894 2.598683230578899 2073.630375109613 64.14369828999043 5341.125968322158 12360.24078861624 3437.105457775295 1556.554940707982 195.4507771581411 101.0843678787351 203.3711403980851 52.27749467641115 0 2212.337289966643 1192.97454084456 0 0 0 12.34833882004023 0.1816247776150703 30.30514819920063 0 341.6929860189557 0 595.3321297876537 0 0 569.338642090559 123.8054917901754 38.56113067269325 173.6253510564566 0 33.20472934097052 867.5829337835312 201.6401670724154 22.25967703014612 1647.213240534067 2915.247573636472 13985.97003122419 68.23562356084585 0.3400006741285324 7.756218984723091 173.4883919134736 0 0 32.04257065057755 31.20685779303312 232.1542466506362 2728.942829340696 128.3826179280877 48.75899846106768 12.21708431839943 2.252445414662361 72.64175252616405 18.37769514322281
304.9587768465281 94.22394107282162 549.3822426199913 619.8585862964392 11.68963113427162 277.3688828572631 8087.625037096441 1183.116565316916 1960.672299265862 5481.992908492684 15.65616855025291 1020.886124201119 1.72085377573967 774.1875927522779 156.240987598896 1141.17066179961 126.1717747598886 2.331029482185841 2.753414966166019 1311.411204136908 3055.081423468888 546.8673595562577 2688.815375708044 10356.5034635812 11.43686863034964 17.45642018318176 602.0281139463186 14781.17958655208 783.1407287791371 3556.827344119549 0.1933588795363903 14.43871919065714 346.5398308932781 1236.801622495055 76.27880345284939 6792.46392980963 159.8259241655469 2875.715813688934 1998.525566294789 1019.647069141269 171.3891380950809 11.3930848389864 78.12365405261517 0 1.24530190974474 2.744575940072536 4.224390849471092 0 2.360541976988316 215.8739386722445 0.6729745790362358 422.5715572237968 10.08158619701862 3.604504570364952 6.931096717715263 0 0.2980803772807121 6.145913943648338 337.0791521221399 0 0 0 0.7713901996612549 97.91078423708677 43.88349267095327 14.85810624063015 1245.88157453388 0 1.036699309945107 47.96144908666611 2327.198398813605 0 0.1001872196793556 0 0 0 0.7173082306981087 19.22128392755985 614.0110331848264 2.709550887346268 2.215277120471001 6.969628751277924 128.2843114212155 0 0 1.641675174236298
2472.044286504388 0 177.1893813088536 55.22916876524687 163.4731021001935 227.5233677104115 1986.357546955347 1691.9974540025 0.1077887713909149 408.7054088711739 78.40702713280916 76.09695423394442 19.27010119706392 7123.089141756296 3.104277484118938 0.4587089046835899 87.52333638072014 8.135941617190838 4.436981894075871 243.0920712277293 768.2122962772846 0.8769265115261078 412.6066923215985 301.9915300905704 15.64531053602695 28.21801812201738 14.63389541953802 783.1407287791371 17640.24546932429 3505.196314528584 0.5146097093820572 379.5345590934157 2343.907890126109 2513.350544378161 11.80262567102909 235.3638917058706 40.07835526764393 1846.001754276454 276.0990675315261 236.0657142624259 416.7354309558868 26.31478474289179 9.650544695556164 0 0 0 0 0 0 0.3008014410734177 0 0 0 0 0.410285197198391 0 0 0 0 0 0 0 0 0 0 0 0.9095588698983192 0 0 1.721701994538307 0.6420640125870705 0 0 0 0 0 0 3.851200491189957 1.998078718781471 0.5225256383419037 0 0 0 0 0 0
1635.167344249785 0 801.5329050123692 0.6356207281351089 8.492948792874813 48.47977954149246 7251.551290355623 1882.434839554131 0 79.84789618849754 13.91016408056021 0.350282683968544 2.895023100078106 2584.203029237688 5.64222463965416 0.397580623626709 928.7299828082323 3.057426929473877 17.18829911202192 3.005626447498798 9199.480841219425 0 4694.551986925304 40.96940521895885 1.406854704022408 122.4461723417044 39.29869459569454 3556.827344119549 3505.196314528584 4188.958542659879 0.1795973405241966 6.55510201305151 917.6015869900584 2851.604463614523 21.64541207998991 1666.19738984853 80.24473013728857 1865.036228366196 538.3046922683716 172.5100503340364 52.93378710746765 2.843167662620544 21.11678808927536 0 0.6506741493940353 0.9275417923927307 0 0 0 0 0 0 0 0 0 0 0 0 2.198352813720703 0.1952075883746147 0 0 0 0.7251771688461304 0.3693827986717224 0 0.2170014381408691 0 2.177920781075954 4.905631728470325 0.7058662623167038 0 0 0 0 0 0 2.531975276768208 4.824939593672752 1.842291437089443 0 0 0 0 0 0
0 15.15343859791756 0.1853148639202118 0 0 0.1637685745954514 0.4070985391736031 2.254914067685604 0 0.6527745053172112 654.920138515532 0 1317.939037024975 2.622453585267067 0 0 0.1948461607098579 113.3803344964981 24.16181474179029 0.1780069097876549 0 0.2016439735889435 0.4165869951248169 0.2357721552252769 128.0677302181721 360.0931170359254 464.8062492460012 0.1933588795363903 0.5146097093820572 0.1795973405241966 1.193447127938271 0.08461493998765945 0 49.35478547215462 0.2821274325251579 22.84607043862343 455.2531835213304 263.6781323552132 95.45858461409807 0.6931808665394783 0.6365304589271545 70.87007872760296 0 0 0.9835898876190186 0 0 0 0 0 0 0 0 24.61729580163956 0 59.47263661026955 0 0 0 0 0.2762119621038437 0 0 0 0 0 0 19.43113788217306 21.20557891577482 48.57336687296629 0 0 0 11.87626320868731 0 0 0.0805051252245903 1.031243532896042 1.50089143961668 22.45694739371538 0.5363978147506714 0.7104918882250786 0.355662077665329 0 8.745012171566486 0
3.099738471210003 0 1.396958291530609 1.863624647259712 106.8695527017117 23.35496234148741 14.43750435858965 71.01282166689634 0 65.28295055031776 3.035353899002075 5.563207842409611 2.997931845486164 194.105174317956 19.88090437650681 0 0.4786999374628067 0 0.1179312244057655 7.7282949462533 1.54283257573843 0 2.148225389420986 7.365578532218933 2.2334855645895 0.7725901156663895 0.1717670261859894 14.43871919065714 379.5345590934157 6.55510201305151 0.08461493998765945 0 1.733365133404732 1738.456395976245 1.943389967083931 39.56145995855331 1.189320459961891 699.1037969365716 39.36033702641726 677.5843722224236 562.3338480144739 6.412283778190613 8.275387763977051 0 0 0 0 0 0 0 0 0 0 0 0 0 0 0 0 0 0 0 0 0 0 0 0.1318679600954056 0 0 0 0 0 0 0 0 0 0 0.2820553183555603 0.5175565481185913 0 0 0 0 0 0 0
250.5243001133204 0 19.83103813976049 3.882995590567589 1.670587837696075 2.493666611611843 509.8244955316186 18.36973171681166 2.308558940887451 11.97089856117964 2.671218477189541 0.321216806769371 0.1903721690177917 106.3966359272599 0.7243209481239319 0 11.93028952926397 0.1935093030333519 0.2052353397011757 9.646182045340538 89.09249025583267 0 53.88782183080912 142.6977928653359 0.1711395680904388 4.038837417960167 2.598683230578899 346.5398308932781 2343.907890126109 917.6015869900584 0 1.733365133404732 124.0360998734832 417.4002323895693 2.228222399950027 20.71923929452896 4.217993870377541 351.6332958713174 73.89846602827311 0.7743855118751526 6.242101490497589 0 0 0 0 0 0 0 0 0.1212455034255981 0 0 0 0 0 0 0 0 0 0 0 0 0 0 0 0 2.776283383369446 0 0 0.1535118371248245 1.372912980616093 0 0 0 0 0 0 0 0.3435555100440979 0 0 0 0 0 0 0
127.4368724301457 3.854376211762428 854.0170271992683 37.85959893465042 141.9874883070588 411.7045612335205 1043.835621029139 1357.989209361374 1.548815786838531 268.4844280257821 3650.890970684588 57.45839929580688 1050.915367029607 2988.992104135454 0.1463937759399414 16.78869096189737 1141.071539826691 431.4837870746851 659.650651589036 119.8715173974633 2365.39498244971 1.032314538955688 3187.821148127317 379.5988007560372 759.1908934190869 1746.747126355767 2073.630375109613 1236.801622495055 2513.350544378161 2851.604463614523 49.35478547215462 1738.456395976245 417.4002323895693 4635.140591718256 20.42227953672409 1338.810747787356 777.2057761102915 9508.885422609746 2922.160812579095 269.2751922979951 229.4893652051687 270.7866939231753 44.87136795371771 0 5.83901247382164 0.7405434995889664 0 0 0 0 0 0.2247824966907501 0 0 0.3771694749593735 12.05667465180159 0 0 0.3356810212135315 0 0 0.5299988985061646 0 0 0.9940648376941681 0.1824820786714554 5.0257288813591 2.189704343676567 9.203408196568489 28.9218495041132 1.842045173048973 0 0.2431754991412163 0.2398729175329208 0 0 0.1160634085536003 19.93844468891621 14.24505708366632 4.684675313532352 0.2047443836927414 0 0.9200305491685867 0 0.552390456199646 0
2.71487632393837 0 23.18636585026979 1.946523070335388 3.274817809462547 352.3169491440058 47.54812041670084 106.4607140347362 0 127.6039745882154 4.504644200205803 13.84231995046139 41.85071574151516 15.85571763664484 15.00825184583664 8.917661719024181 2.66261500120163 0.9909695014357567 3.555814310908318 16.21024623513222 44.02097547054291 0 230.1611124277115 19.80398128926754 3.64716649055481 18.94999092072248 64.14369828999043 76.27880345284939 11.80262567102909 21.64541207998991 0.2821274325251579 1.943389967083931 2.228222399950027 20.42227953672409 72293.56601803005 9238.599152199924 112.9264560192823 739.4136837944388 1749.871645443141 358.7721926793456 109.103223785758 11.53775250911713 103.3234200179577 0 0 93.32312121987343 0 0 0.3301877155900002 49.67453139275312 1.384925171732903 0 1.717877700924873 3.160640105605125 3.830484300851822 0.5223741084337234 3.171852216124535 0 7.608365550637245 6.569455064833164 0 2.051304638385773 3.767280116677284 41.36829166859388 1.918157398700714 230.8063977137208 5.379575401544571 0.1710078567266464 14.82769481092691 63.03574112057686 71.02757268399 2.74930714815855 41.10289421677589 0 0 1.262961879372597 23.56418006122112 24549.60308837891 999.0032599568367 145.5175200998783 492.3925419077277 1651.167061902583 102.0366389304399 0 1.710958480834961 27.07548263669014
