2134.317571267486 0 243.7750022560358 1.197958946228027 0.6401883363723755 6.234962344169617 1967.828939929605 469.7923545241356 0.161382183432579 27.06428880244493 8.494087055325508 1.445065185427666 0.3086825236678123 7501.671229213476 0 0 209.4268739745021 7.48860239982605 38.87907738238573 2.417863227427006 310.0209601745009 0.1449654549360275 598.7434239387512 12.89930591732264 0 40.65675915032625 35.6192337796092 34.71416655927896 3483.045936241746 4469.818030141294 0.3410540297627449 1.220367066562176 43.92035368084908 61.64928737282753 0 21.64133320003748 12.58636159449816 44.27330493927002 3.929175965487957 1.865675032138824 1.481261715292931 0 0.5883283168077469 0 0 1.336628913879395 0 0 0 0 0 0 0 0 0 0 0 0 0.1572107970714569 0 0 0 0.1387045532464981 1.131836265325546 0.3799457252025604 0.5886391997337341 1.198219880461693 0 0.1303437501192093 1.683991834521294 1.776959963142872 0.1655865162611008 0 0 0 0 0 0 0.1683736592531204 0 0 0 0 0 0 0
0 287.7724336758256 4.217613726854324 0 0.4366138577461243 0.2546964287757874 0.2323872894048691 0.3007822707295418 521.193266235292 0.1179713532328606 61.01137287914753 0.9297975078225136 284.633651599288 0.422203540802002 11.9324626326561 51.87666201591492 13.29435464739799 6.11274515837431 6.93040769547224 0.1886829808354378 4.631050147116184 2312.974916666746 2.131419472396374 359.918931953609 1967.258446589112 77.54081959277391 6116.564134918153 10.26295749098063 0.7342247441411018 0 16.88965453952551 0.1110377982258797 0 288.0187945812941 0 25.46733728051186 51.54127465933561 105.0743001997471 10.35890367627144 10.18546438217163 0.8783654570579529 268.0670306161046 0.4042485952377319 0 48.25360408425331 21.79404433071613 0.3030651956796646 0 0 0.9479431807994843 0.6638967245817184 1.048398159444332 0.2971348017454147 2.113523840904236 0 25.16602732241154 0.4066857025027275 0 0.5257086530327797 19.23331989347935 1.341001763939857 32.7751729041338 0.09993157535791397 0.1975663900375366 61.16962763667107 0.6468635201454163 1.766850434243679 13.8423575758934 115.1198410615325 816.0191167742014 1.021911017596722 0 0 5.993935316801071 0 0 3.997068278491497 0.5094250440597534 15.20994237065315 14.37415947020054 17.86912602931261 3.97364916652441 0.4521020799875259 0 1.177152872085571 0
243.7750022560358 4.217613726854324 12040.49794598669 42.82563044130802 0.3746050298213959 166.7959476113319 871.2518316954374 1436.701866418123 7.6532883644104 344.1905837729573 28.03490667790174 3.621192701160908 3.630342341959476 1439.131857544184 0.1699485778808594 18.82766496390104 9077.532188378274 102.6414749547839 739.875128775835 50.31294871121645 424.850251622498 6.048390425741673 18526.71045844257 375.4347972497344 0.7076215744018555 7674.086759522557 5742.290506750345 497.1240645423532 212.5867152884603 220.5049564540386 1.170352049171925 3.313402190804482 17.49441531300545 1300.660626769066 68.47197732329369 4523.914947278798 1973.515328958631 4602.308081358671 1933.707718119025 131.1423138380051 13.80814269185066 7.325633630156517 17.40689015388489 0 151.5259075537324 560.9845780283213 0.5441348999738693 0 1.371057450771332 10.13580641150475 8.357192903757095 1.904900968074799 1.893583923578262 0 0.1678945571184158 0.3434202969074249 7.866552405059338 0 23.73987270891666 60.6334473490715 1.894187696278095 14.39094038307667 0.2817272841930389 14.11040242761374 56.786511734128 58.54317720234394 13.15624083578587 1.893067464232445 126.1368215754628 2185.311840325594 26.48947419971228 3.059083327651024 3.662060454487801 0.3070617169141769 0 0 9.118645325303078 27.63043634593487 49.53326897323132 11.33013243973255 55.12775024026632 20.94696545600891 3.082497239112854 0 0 0
1.197958946228027 0 42.82563044130802 2639.566524222493 3.163745492696762 20.8379537910223 191.7031892612576 19.65950027108192 509.5763056576252 3347.885186605155 2.940266400575638 3403.025246910751 0 40.8847673907876 99.65418684482574 0.3883339986205101 2.937193401157856 2.821858078241348 2.123919732868671 3561.197646722198 18.20176559686661 0 52.54487010836601 1274.987566776574 0 9.221178755164146 10.17966404557228 4892.912830121815 87.50588709115982 4.550155282020569 0.08647648245096207 3.308207385241985 7.730521954596043 36.41294567286968 3.329284206032753 366.5413117036223 3.579014524817467 112.5836027041078 36.21820094436407 252.8840773552656 12.07474774867296 0.3543643057346344 0.4315704703330994 0 0.5403189063072205 0.6543774008750916 237.8697569966316 0 8.559930264949799 39.83801139891148 5.913979604840279 78.08890262246132 110.0902793928981 0 109.6781580895185 0 3.742192164063454 14.20606374740601 0.4545011520385742 0 0.119484968483448 0 175.3379954844713 2.824376106262207 0 1.031062483787537 244.086255222559 0.1531853377819061 0 2.703637003898621 330.0855540335178 1.673571914434433 1.551300406455994 0 0 0 1.086873516440392 0.7853122353553772 195.4286805689335 0 6.783852361142635 1.678344696760178 130.2036599889398 0.7608319967985153 0 0
0.6401883363723755 0.4366138577461243 0.3746050298213959 3.163745492696762 119.1764289289713 211.5477325022221 2.287787809967995 7.675404317677021 16.66407746076584 11.16854459792376 119.0865892022848 94.98886756598949 6.357320696115494 3.761021971702576 778.9789531305432 0 2.8651177957654 27.98425333946943 4.806602396070957 8.369458742439747 1.11620520055294 2.676522478461266 1.582494087517262 25.60931550711393 0.4000140577554703 20.90220450609922 8.399400070309639 9.847052417695522 92.40937978029251 1.049097746610641 2.437472745776176 393.5342928469181 2.54269577562809 1512.704843655229 0 36.46047814190388 11.59012380987406 370.9293093681335 158.3350222483277 1151.090763874352 363.6918060332537 8.675305746495724 0.6724794805049896 0 0.2254518121480942 0 0 0 0 0 0 0 0 0 0.1063383221626282 0.1431086510419846 0 0 0 0 0 0 0 0 0.1948600858449936 0 0 0.129950225353241 0.2199865430593491 0.3104384541511536 0.535218358039856 0 0 0 0 0 0 8.162413120269775 0 0.08910750597715378 0 2.958694696426392 0 0 0 0
6.234962344169617 0.2546964287757874 166.7959476113319 20.8379537910223 211.5477325022221 17720.20245083421 3521.260879315436 9810.921300552785 13.53034389019012 9306.653102017939 304.2566281035542 4839.100650221109 38.067168161273 1006.922778449953 958.6542546376586 0.5334602445363998 16.96849795430899 119.2906561493874 33.60917852818966 196.1735589280725 118.7362867370248 0.5386225432157516 264.397729717195 33.31256552040577 2.373734287917614 140.9487683176994 72.06390431523323 483.8992162644863 928.4739133045077 57.76703229546547 12.0481890514493 281.2885986343026 12.37623503804207 695.6590328663588 1.406252436339855 805.7959758415818 41.05470910668373 883.3407210633159 264.7896040901542 2721.416136465967 302.6458949819207 15.19927184283733 18.80983152240515 0 0.2239689603447914 1.268686816096306 4.765487089753151 0 1.517167083919048 3.108794778585434 0.2676810771226883 3.759530834853649 4.689571440219879 0 3.727311365306377 0 0 0.1059956178069115 0.7978044971823692 0.1222532689571381 0.1287257075309753 0 5.397276967763901 0.1149696260690689 0.2578089088201523 1.392096668481827 19.44552762061357 0 0.5513353869318962 10.38132669776678 27.05009558796883 0.1165697202086449 0.5825461745262146 0 0 0 0.3220394551753998 0 20.38976811617613 0.09930580109357834 1.099785253405571 0 8.933674179017544 0 0.1007067859172821 0
1967.828939929605 0.2323872894048691 871.2518316954374 191.7031892612576 2.287787809967995 3521.260879315436 26430.22681212425 3238.388098061085 58.02708755433559 14541.3307819739 40.38477078080177 77.80269967764616 3.717635095119476 9947.940875694156 6.306872487068176 9.049609988927841 70.52915542572737 24.81996543705463 22.49541311711073 232.9690424799919 1644.380612969398 1.398781605064869 2453.516539432108 1449.310787074268 0.2604980915784836 125.4248241558671 167.9755437448621 21724.73950707912 1357.273234590888 12178.03615386784 1.857350789010525 16.86669305711985 279.5606139972806 379.2778808176517 25.67568027973175 1801.956391967833 37.32710398733616 922.3444654271007 264.1942814216018 197.8984341025352 100.8773824721575 1.652390636503696 21.66772693395615 0.2397499978542328 0 8.546095415949821 23.04393962025642 0 2.940497741103172 54.87398543208838 3.008692376315594 18.46146953105927 24.49892745912075 0 15.26542636007071 0 1.154730305075645 0.5834603011608124 3.037939518690109 0 0 0.164427325129509 29.59002606570721 2.762112222611904 3.838910564780235 3.871925979852676 171.2132809385657 0 0.7762241512537003 19.12006217241287 257.479592487216 2.63301919400692 9.31860725581646 0 0.5136120319366455 0.1238506063818932 0.9211213514208794 6.290710479021072 144.4799460843205 0.3078285455703735 8.024491347372532 3.272417947649956 33.03733982145786 0.7227026224136353 0 0
469.7923545241356 0.3007822707295418 1436.701866418123 19.65950027108192 7.675404317677021 9810.921300552785 3238.388098061085 12840.84894169122 22.68165198713541 4355.001849040389 179.3751776814461 913.7276649177074 18.93624650686979 9025.172653622925 336.7069815397263 3.819020926952362 653.7428632974625 76.65023522824049 152.1423919349909 202.7175528407097 651.9901645034552 0.2053204774856567 1859.94913186878 79.58376833796501 1.547304756939411 328.2306800186634 185.8709379956126 347.9541217312217 715.1422834992409 1101.787749283016 3.794260770082474 53.66306847333908 9.069597899913788 557.3158171698451 2.984424188733101 713.7573032677174 99.41087697446346 619.3523429483175 242.1163835674524 1798.642591781914 151.821561396122 12.32474566996098 18.38726707547903 0.109538771212101 0 7.636420577764511 1.501980893313885 0 0.2442083731293678 8.600669287145138 0.6204473227262497 4.344114243984222 2.900675714015961 0.1027952581644058 2.191086150705814 0.107742540538311 0.7198940366506577 0 2.670468017458916 0.1203021332621574 0 0.2372479289770126 1.705102205276489 2.37092212587595 2.077871263027191 0.9888472557067871 51.98247440904379 0 0.4805599674582481 23.8213537633419 78.76588183641434 1.656119525432587 6.55600693076849 0 0 0 0 0 24.94550983607769 0.09614420682191849 2.783510789275169 0.3378468453884125 6.798110872507095 0.7003918886184692 0 0
0.161382183432579 521.193266235292 7.6532883644104 509.5763056576252 16.66407746076584 13.53034389019012 58.02708755433559 22.68165198713541 546.4505187571049 96.8254454061389 9.520697481930256 175.1065241321921 35.28089326620102 12.87091085314751 350.6862599104643 61.2481644153595 3.995714455842972 3.129001036286354 1.398554876446724 358.5277974009514 16.25111572444439 5900.805614262819 31.15443430095911 11787.4162415117 278.1049251481891 16.46464968472719 2140.301785312593 1510.85905276984 25.34280274063349 11.03386467695236 5.88313140720129 2.138148158788681 6.813201032578945 38.18473995476961 1.655529856681824 199.6793034300208 12.14714658260345 44.81562522798777 11.69600197672844 118.570220708847 6.113832890987396 12.387585490942 1.251030281186104 1.31791914999485 9.447587013244629 2.868586644530296 57.79909604787827 0.1621704697608948 10.64226249605417 122.0233185812831 7.902960494160652 27.59653669595718 57.3734458386898 1.175434663891792 23.73215234279633 4.014367051422596 6.004127129912376 3.667376980185509 51.41019425541162 1.116076700389385 0.5131454616785049 2.360875740647316 78.81755554676056 23.91823742538691 26.36692926287651 4.277133375406265 1086.284592188895 0.4505520761013031 8.227270044386387 47.30414323508739 849.7691655531526 10.07776935398579 42.0972084403038 0.3773077726364136 0 0.8251802325248718 2.778531566262245 0.4592052102088928 52.56796750426292 0.7322112917900085 19.41773630678654 4.16067573428154 49.49169988185167 0 0.1048561260104179 0
27.06428880244493 0.1179713532328606 344.1905837729573 3347.885186605155 11.16854459792376 9306.653102017939 14541.3307819739 4355.001849040389 96.8254454061389 37490.8712516129 200.9694529622793 5641.611424714327 22.85295591503382 1791.640247523785 79.82145423442125 1.168008700013161 35.70251063257456 127.1793875694275 45.38108625262976 5879.357179790735 203.3834881484509 0.3109242245554924 501.3047308400273 226.0408690050244 3.099631890654564 189.0934298709035 106.4954192563891 7416.686963640153 1741.962019070983 83.22206115722656 6.261847987771034 81.10487692803144 33.88981612026691 670.3849075362086 15.49748043715954 1927.610641203821 52.45960117131472 1863.458435535431 287.242189116776 501.672328338027 248.0713300779462 8.130354769527912 41.99607263505459 0 0.1762355715036392 3.188702702522278 37.90309695154428 0 3.6278330758214 42.13934494554996 3.547280415892601 30.39888726174831 38.84850546717644 0 61.17696066200733 0.1903063058853149 2.954153209924698 5.124611228704453 0.2918915003538132 0 0 0 50.37042447924614 0.428665816783905 0.8743848875164986 1.618728965520859 162.8640073910356 0.3612281456589699 0.07979772239923477 12.20813413709402 252.1752339452505 1.211122453212738 3.125595010817051 0 0 0 0.668898344039917 5.165747702121735 80.36596723645926 0.2487513273954391 7.167580090463161 1.278160393238068 46.13378804177046 0 0.1340943872928619 0
8.494087055325508 61.01137287914753 28.03490667790174 2.940266400575638 119.0865892022848 304.2566281035542 40.38477078080177 179.3751776814461 9.520697481930256 200.9694529622793 14908.40356663615 150.7475798428059 2538.023693226278 247.4315210208297 25.02540231496096 1.613673403859138 240.044076398015 3569.419289968908 968.1761878654361 20.5669187232852 32.28108648210764 34.84969886392355 51.43753811717033 16.60125590115786 719.2996403351426 2929.157435923815 558.249481678009 37.15674179047346 812.3152442723513 33.41105594485998 557.3194116577506 383.9273951202631 29.17849813401699 10290.26642318815 11.47187016904354 1187.601731240749 4895.28945928067 5255.596746236086 1337.182369284332 193.1099078208208 59.23244074732065 1192.414037540555 20.66868015378714 0 4.327789902687073 0.132797509431839 0.1266307234764099 0 0 0 0 0.4922880381345749 0 95.98270326852798 0.2498560100793839 717.6278234049678 0.1922978311777115 0 0.4767326414585114 0.5050728470087051 24.36473570764065 5.050053775310516 0 0 0.6310706287622452 0.4355074986815453 3.655796103179455 100.0048536807299 107.6478553265333 321.5538096427917 3.85267336666584 0.6845989376306534 0.7463251948356628 110.4926254078746 0.1168650463223457 0 4.683425173163414 16.25698918104172 6.542578242719173 262.4551434144378 10.02319058030844 1.835295401513577 0 0 110.4657639116049 0
1.445065185427666 0.9297975078225136 3.621192701160908 3403.025246910751 94.98886756598949 4839.100650221109 77.80269967764616 913.7276649177074 175.1065241321921 5641.611424714327 150.7475798428059 9011.86481462419 18.96942684799433 676.4773257896304 3224.100894369185 0 4.111516617238522 76.44701263308525 24.64233731478453 6209.994083039463 0.9828574657440186 11.72110290080309 4.441898882389069 1907.691907897592 3.236442282795906 91.05367258936167 38.2404356226325 1143.439839668572 632.8075521737337 2.731420576572418 5.634957320988178 46.64245437830687 0.5079213753342628 358.3247067406774 38.62111486494541 1399.692555047572 20.66962783783674 770.003644309938 65.87214704602957 2379.043574735522 158.4763227254152 1.907292909920216 15.09767571091652 0 0 0 55.53602042794228 0 9.713072523474693 5.54567988216877 4.834657728672028 21.41127011179924 36.3389053940773 0.5225013792514801 149.568690136075 0.9717211723327637 5.125272855162621 16.32767255604267 1.108668446540833 0 0 0.1778108477592468 77.85929380357265 0 0 0.2215621620416641 79.08185096085072 0.2076612934470177 1.674977585673332 3.249979473650455 84.78755464404821 0.9128462299704552 0.9066687822341919 0.3542841970920563 0.9313244372606277 0 1.764720857143402 0.8808409571647644 198.6730862557888 0.2001880705356598 4.267100661993027 0.2919216901063919 154.987555116415 0.1576168984174728 0 0
0.3086825236678123 284.633651599288 3.630342341959476 0 6.357320696115494 38.067168161273 3.717635095119476 18.93624650686979 35.28089326620102 22.85295591503382 2538.023693226278 18.96942684799433 4805.667375668883 16.75588055700064 3.903904497623444 1.753212124109268 4.447289906442165 45.68433723598719 29.32388488948345 3.461072631180286 1.086184196174145 153.2332184389234 3.550835102796555 21.08770305663347 4219.169475182891 2219.026357777417 3912.788079917431 3.191377200186253 66.58589108288288 1.282648093998432 1180.110104516149 41.79790613055229 0.3525777906179428 2160.373885132372 6.73157411813736 379.8082277327776 3885.555358700454 1829.5000372082 336.7140356078744 24.18520184606314 26.33260274678469 2590.281048305333 4.321549333631992 0.1193258911371231 18.86162496358156 0.1750474572181702 0 0 0 0.2564293146133423 0.1146740838885307 0.5735452547669411 0.1052510961890221 320.535783521831 0 2581.456651352346 1.03691341727972 0 0.2891791760921478 1.196589633822441 66.04036192595959 11.09824492782354 0 0.8800144195556641 1.904837101697922 0.3774802088737488 1.042508184909821 497.7523268833756 430.7293959334493 1087.893610417843 0 0.990845151245594 0.1456608027219772 526.7090426757932 0.5106894820928574 0 14.84705681353807 16.58838720619678 16.09430453926325 803.783538967371 28.68865106254816 5.036205857992172 0.201531782746315 0.15240179002285 320.3555109277368 0
7501.671229213476 0.422203540802002 1439.131857544184 40.8847673907876 3.761021971702576 1006.922778449953 9947.940875694156 9025.172653622925 12.87091085314751 1791.640247523785 247.4315210208297 676.4773257896304 16.75588055700064 18545.33912243694 82.20046422630548 2.753913387656212 964.6307636424899 136.8042581751943 239.3902941420674 188.0774820446968 1057.348307929933 0.6246627867221832 2507.182830177248 135.280452914536 2.442485556006432 341.5097620636225 229.4113271310925 526.3914673440158 8521.14434146136 4202.249917447567 5.463599309325218 35.59001943469048 44.70120554417372 1066.304081123322 1.96134826540947 748.8769865483046 103.2735186368227 689.115037240088 118.5378116965294 581.5406244769692 58.66963841766119 3.554949656128883 11.50302205979824 0 0.5101471990346909 4.134763836860657 0.7767127454280853 0 0.1779898852109909 6.2519406452775 0 3.888086266815662 1.720740661025047 0 1.934388339519501 0.370029017329216 0.7293933629989624 0.1371791213750839 2.344436332583427 0 0 0 0.6375570893287659 2.11575548350811 1.29892435669899 1.994735270738602 25.52140961587429 0.1118962690234184 1.736471392214298 16.95252106338739 45.03823557496071 0.9848796874284744 2.981772407889366 0 0 0 0.1616136133670807 0.7187460660934448 13.1428237259388 0 0.9726070687174797 0.4538465440273285 3.236301824450493 0 0 0
0 11.9324626326561 0.1699485778808594 99.65418684482574 778.9789531305432 958.6542546376586 6.306872487068176 336.7069815397263 350.6862599104643 79.82145423442125 25.02540231496096 3224.100894369185 3.903904497623444 82.20046422630548 698.670393243432 0.5624289214611053 0.4566716179251671 9.134162127971649 3.804177187383175 290.3156991824508 0.07948046922683716 108.4981486052275 0.4699563756585121 1698.473077684641 6.258200235664845 8.586409829556942 59.75478459149599 189.1035393774509 75.4879190325737 0.4063156917691231 0.9252330660820007 437.7513492181897 0 55.86418912559748 0.6850016117095947 137.6307040899992 5.149056255817413 69.4940779209137 13.71768265962601 1677.44356777519 36.02884203195572 3.733855009078979 4.026062041521072 0 0 0 0.7139610201120377 0 0 0.4433582127094269 0 1.968558177351952 0.4550851285457611 0.07963241636753082 0.342225044965744 0.3231345415115356 0 0 2.10078427195549 0 0 0 1.187287241220474 1.281278140842915 0.9672812074422836 0.1373508721590042 4.158877909183502 0.2174236699938774 0.313707247376442 1.90470589697361 5.721518456935883 0 0 0 0 0 0 0 12.86681938171387 0 0 0 5.443641126155853 0 0 0
0 51.87666201591492 18.82766496390104 0.3883339986205101 0 0.5334602445363998 9.049609988927841 3.819020926952362 61.2481644153595 1.168008700013161 1.613673403859138 0 1.753212124109268 2.753913387656212 0.5624289214611053 5914.717866465449 20.0041830688715 1.177419990301132 4.137653991580009 0 7427.208785735071 2612.37599273026 6435.49833933264 2665.330693721771 10.54285009205341 9.127414874732494 8024.671472609043 3148.275993183255 13.70841636508703 187.3264593183994 0.2341408357024193 0.1184287220239639 13.45944899320602 55.67628549784422 17.14495943486691 1856.179967559874 585.5653822496533 273.4835237115622 312.6154370158911 107.4019504487514 5.757904872298241 3.629946254193783 16.38612861186266 0.4590959623456001 19.54004290699959 72.1843047440052 0.7199920117855072 0 0.9912875443696976 26.83380497992039 0.300349622964859 27.14451417326927 2.299319609999657 0.7509222030639648 0 1.671768233180046 1.840236596763134 0.6776812970638275 4493.764521591365 2.761201858520508 0.693830668926239 3.152924925088882 0.2298319041728973 833.728010982275 1565.542847968638 2844.781454250216 353.6672378480434 0.5163101851940155 5.289355084300041 1334.055300876498 478.8620744720101 20.81835743039846 78.78554303944111 0.1044676005840302 0 3.465901106595993 6.068582847714424 5.457004532217979 177.2533545792103 4.367583930492401 22.09247248619795 8.180952116847038 39.00515875220299 0.2602907717227936 2.8480304479599 0.5746956467628479
209.4268739745021 13.29435464739799 9077.532188378274 2.937193401157856 2.8651177957654 16.96849795430899 70.52915542572737 653.7428632974625 3.995714455842972 35.70251063257456 240.044076398015 4.111516617238522 4.447289906442165 964.6307636424899 0.4566716179251671 20.0041830688715 2988.248017288744 573.2864304929972 2554.371520847082 3.390301279723644 523.4806955307722 12.42207691818476 3684.242649421096 50.08297091722488 0.7856174632906914 6193.144806414843 6363.632072836161 68.87673726677895 1142.663087747991 683.6277347505093 3.713124305009842 5.783007420599461 151.3443562090397 2530.535448342562 6.398466348648071 426.6280181854963 510.2640509903431 1492.429055966437 244.4235556051135 21.33435100317001 3.112800769507885 4.080855429172516 0.9589688330888748 0 15.09669710695744 9.114605411887169 0 0 0 0.5007994771003723 0 1.18090595304966 0 0 0 0.8780103996396065 0 0 4.672782227396965 6.298673622310162 1.084001749753952 17.56071547418833 0 1.824848860502243 1.634186983108521 0.285421758890152 2.181561723351479 0.6360783874988556 114.4352385401726 193.3893326744437 3.941213324666023 0 0 0.4448701664805412 0 0 0.9710094332695007 1.883966490626335 9.212664186954498 2.892945021390915 7.153647124767303 1.192051559686661 1.485224187374115 0 0 0
7.48860239982605 6.11274515837431 102.6414749547839 2.821858078241348 27.98425333946943 119.2906561493874 24.81996543705463 76.65023522824049 3.129001036286354 127.1793875694275 3569.419289968908 76.44701263308525 45.68433723598719 136.8042581751943 9.134162127971649 1.177419990301132 573.2864304929972 1097.382823951542 3476.875640623271 17.93666479736567 16.58708201348782 5.259422622621059 77.6630854383111 11.12853522598743 15.28749925643206 3440.354735717177 1125.604033246636 26.7135711312294 334.7678260281682 26.88847797363997 96.01017440855503 105.6866759508848 15.14455549418926 2146.53069909662 9.307441532611847 1381.209246613085 1436.362140007317 2075.167667992413 566.8772992789745 80.75318699330091 7.198762200772762 3.578155636787415 3.793037161231041 0 3.626978926360607 0.1427189707756042 0 0 0 0 0.1217147707939148 0.3987944722175598 0 6.011073231697083 0.08214567601680756 23.40054244548082 0 0 0.2059454321861267 0.2227434813976288 10.91783224791288 5.786027193069458 0 0.3324400335550308 0 0.3166518211364746 2.007521688938141 16.64053044468164 57.51533115655184 143.6156221330166 1.39021797478199 0 0 17.73375476151705 0 0 0.2018996849656105 4.602946043014526 2.498575955629349 9.583061099052429 2.343065999448299 0.5117023587226868 0 0.8058721423149109 0 0
38.87907738238573 6.93040769547224 739.875128775835 2.123919732868671 4.806602396070957 33.60917852818966 22.49541311711073 152.1423919349909 1.398554876446724 45.38108625262976 968.1761878654361 24.64233731478453 29.32388488948345 239.3902941420674 3.804177187383175 4.137653991580009 2554.371520847082 3476.875640623271 3421.522842355072 6.914990328252316 56.16449455916882 7.138853676617146 473.4088353067636 9.363257244229317 7.198055937886238 7488.432768024504 1956.826369181275 24.99218009412289 359.1307934299111 103.5800639167428 33.14755261689425 17.7541131451726 51.21970847994089 2549.737391136587 6.618410967290401 981.2923252731562 737.0630667954683 1870.683270938694 299.6061664074659 27.50251336395741 1.642715454101562 5.524876803159714 2.657537266612053 0.2577390968799591 6.939890943467617 2.989827990531921 0 0 0 0 0 0.2897950261831284 0.1304787248373032 0.9229110926389694 0 5.139803901314735 0 0 1.726170539855957 4.524852268397808 1.753680944442749 17.98647984862328 0 0.2337017357349396 0.1314959675073624 0.3619996607303619 0.8951920345425606 6.591685488820076 125.0631920993328 173.7623748555779 0.9676687568426132 0.1327130049467087 0 2.16757657378912 0 0 1.633011430501938 2.558352410793304 7.04946394264698 7.328902393579483 3.283280424773693 1.011450991034508 0 0 0 0
2.417863227427006 0.1886829808354378 50.31294871121645 3561.197646722198 8.369458742439747 196.1735589280725 232.9690424799919 202.7175528407097 358.5277974009514 5879.357179790735 20.5669187232852 6209.994083039463 3.461072631180286 188.0774820446968 290.3156991824508 0 3.390301279723644 17.93666479736567 6.914990328252316 728.9268419444561 19.79020489007235 0.4303648918867111 47.21544094383717 320.9911286905408 0.3404982835054398 26.0917014926672 14.5197983160615 2353.70850456506 268.6957881003618 7.391043312847614 0.5214849263429642 10.32440397143364 5.050301000475883 121.4591234326363 31.39773443341255 623.1650609970093 12.72658085823059 366.4444289803505 56.02632431685925 689.9871571436524 53.12287525087595 1.909420341253281 9.753836952149868 0 0.2678329646587372 0 66.04561553895473 0 4.743965409696102 22.02919211238623 0.6412507146596909 32.47023019194603 26.16387321799994 0.1675688922405243 45.6163555085659 0 0.8740262538194656 6.974171981215477 0.6556187272071838 0 0 0 56.96143743395805 0.3534086048603058 0.1328237503767014 0.2543489336967468 141.9137088879943 0.184889443218708 0 1.544262506067753 156.6655560955405 0.6388509720563889 0 0 0 0 0.123184509575367 0.9014767408370972 105.1284854710102 0 3.630821153521538 0 95.69202949106693 1.207671523094177 0 0
310.0209601745009 4.631050147116184 424.850251622498 18.20176559686661 1.11620520055294 118.7362867370248 1644.380612969398 651.9901645034552 16.25111572444439 203.3834881484509 32.28108648210764 0.9828574657440186 1.086184196174145 1057.348307929933 0.07948046922683716 7427.208785735071 523.4806955307722 16.58708201348782 56.16449455916882 19.79020489007235 18550.87096253037 225.7914756238461 18749.06292306632 447.4171150773764 1.520222879946232 36.28414319455624 601.3320611193776 4789.804899014533 496.0670294463634 15739.13707644492 0.6717507839202881 2.666438803076744 96.28732984513044 4343.636101290584 109.0010847076774 8629.668876506388 634.2005940079689 7654.09292383492 3774.866884991527 672.0428171157837 15.35419221967459 5.969095550477505 107.6711359471083 0.5086523741483688 0.505152240395546 4.4216648042202 0.3304478824138641 0 0.2229744046926498 19.51412819325924 0.8220078647136688 14.39742401987314 2.585660554468632 0.2573709189891815 0 0.1436270922422409 1.649628639221191 1.096562266349792 972.4955424889922 2.498642846941948 0.222968801856041 0.4952016621828079 0.9242902249097824 550.0471369773149 259.460587695241 213.9209573194385 264.4822538942099 0 1.510820984840393 78.47278171032667 399.1757584214211 16.61334206163883 69.61286582052708 0 0 3.289267428219318 2.006450578570366 31.19374400377274 101.3554704114795 1.150862351059914 6.215866185724735 6.114320576190948 14.73116852343082 0 5.438541114330292 0.183107852935791
0.1449654549360275 2312.974916666746 6.048390425741673 0 2.676522478461266 0.5386225432157516 1.398781605064869 0.2053204774856567 5900.805614262819 0.3109242245554924 34.84969886392355 11.72110290080309 153.2332184389234 0.6246627867221832 108.4981486052275 2612.37599273026 12.42207691818476 5.259422622621059 7.138853676617146 0.4303648918867111 225.7914756238461 738.6622780486941 149.7304461225867 6729.229203000665 1300.535199582577 44.1924300044775 7368.221978344023 217.1480789929628 6.233806140720844 28.07391383498907 14.35303803533316 1.156418107450008 3.32640415430069 140.0007145255804 1.718584403395653 44.02890092879534 37.8754216209054 66.75032540410757 9.664239726960659 107.2077074944973 2.322459697723389 84.91453613340855 1.248726859688759 0.1748979836702347 82.23544783890247 43.96008569002151 0.3751095235347748 0 0.1236826106905937 6.889807350933552 0.3503509014844894 36.16231274604797 0.7115747109055519 2.093184500932693 0.9312222003936768 17.5150768533349 0.4748871475458145 0.2871602475643158 773.8129371106625 3.041434690356255 0.3834082782268524 1.061918333172798 0.197757288813591 94.58169563114643 188.3164596110582 304.5894608870149 159.1536373719573 3.447560094296932 16.3158501163125 539.9496007189155 130.6853722929955 3.755792371928692 8.299023613333702 4.13858063519001 0 0 2.439153119921684 0.7960088849067688 16.67569267004728 6.480808787047863 6.924252577126026 2.247757062315941 2.069968208670616 0 0.5890142619609833 0
598.7434239387512 2.131419472396374 18526.71045844257 52.54487010836601 1.582494087517262 264.397729717195 2453.516539432108 1859.94913186878 31.15443430095911 501.3047308400273 51.43753811717033 4.441898882389069 3.550835102796555 2507.182830177248 0.4699563756585121 6435.49833933264 3684.242649421096 77.6630854383111 473.4088353067636 47.21544094383717 18749.06292306632 149.7304461225867 25873.45871659368 1353.086570456624 1.152032352983952 1714.517695568502 8111.187586478889 3095.426532104611 949.8551323637366 5305.792181961238 1.643386133015156 5.549102239310741 122.2072630822659 4510.203927747905 253.8751690834761 17732.37112224102 5962.517367295921 11716.83852162957 8680.058718889952 1170.649413339794 47.65672551840544 12.91728270053864 166.5044512227178 1.146749243140221 13.5909706056118 220.309046074748 0 0 0.7303681597113609 24.95139288902283 0.4609536230564117 6.907041132450104 3.342815920710564 0.4295167028903961 0.3203150928020477 0.2295426800847054 1.433779418468475 0 1670.538273051381 5.437933631241322 0 1.503611400723457 3.393463805317879 188.951898150146 562.7848938852549 1385.862665556371 129.1708262935281 0.1000865772366524 6.261092714965343 1518.514342002571 171.5858975946903 8.953808844089508 28.63596883416176 0 0 1.610603183507919 3.769671335816383 47.29829892516136 96.71955146640539 5.582263320684433 12.39519417285919 11.60389905422926 9.194559767842293 0.1603960394859314 4.190159380435944 0.5445895493030548
12.89930591732264 359.918931953609 375.4347972497344 1274.987566776574 25.60931550711393 33.31256552040577 1449.310787074268 79.58376833796501 11787.4162415117 226.0408690050244 16.60125590115786 1907.691907897592 21.08770305663347 135.280452914536 1698.473077684641 2665.330693721771 50.08297091722488 11.12853522598743 9.363257244229317 320.9911286905408 447.4171150773764 6729.229203000665 1353.086570456624 16510.04169810563 144.8072002306581 96.67246817052364 3403.53444327414 11642.58248023689 786.0700192004442 244.9649003818631 2.50313226878643 11.28589989244938 333.5200676545501 385.7201914265752 39.7834744155407 2743.990654274821 95.94319096952677 971.6591128259897 347.8850381374359 1644.1447821334 61.27080679684877 16.65385297685862 28.92504768818617 4.543658629059792 17.714778624475 44.02712780237198 342.8727953583002 0.7422272562980652 52.27897756546736 600.7179189622402 43.22752997279167 746.6007813215256 347.9561810791492 2.680578395724297 171.4696251302958 1.67429906129837 37.57988595962524 34.00035912543535 348.7896350249648 3.302693277597427 1.240673266351223 2.338560678064823 508.8157852515578 239.5694193691015 154.0975383371115 81.55876143276691 3562.570829920471 0.5309164673089981 7.839939750730991 257.3165226280689 4390.217465594411 81.51357367634773 283.9170477539301 0.9652322307229042 1.45384568721056 3.368111602962017 15.99594406783581 19.58693163096905 1199.883961983025 2.81346582621336 99.83357040584087 19.46672057360411 489.3062501847744 11.83221782743931 1.510128892958164 3.106703191995621
0 1967.258446589112 0.7076215744018555 0 0.4000140577554703 2.373734287917614 0.2604980915784836 1.547304756939411 278.1049251481891 3.099631890654564 719.2996403351426 3.236442282795906 4219.169475182891 2.442485556006432 6.258200235664845 10.54285009205341 0.7856174632906914 15.28749925643206 7.198055937886238 0.3404982835054398 1.520222879946232 1300.535199582577 1.152032352983952 144.8072002306581 1534.978495001793 156.3537272438407 2635.104425363243 5.598146848380566 5.066926747560501 0.389851301908493 132.5617926120758 2.571703799068928 0.3815465420484543 2018.09440484643 0.6651206016540527 159.2842936515808 539.3138551041484 601.1646575927734 83.27087413519621 6.242543928325176 20.20026962459087 1442.996556647122 2.399718582630157 0 51.33447335660458 0 0.1209010854363441 0 0 0.2384601160883904 0.1740867048501968 0.3199531510472298 0.3208634853363037 65.89590298384428 0 761.498765617609 0.5410408452153206 0 0.256552517414093 0.4646394550800323 34.52937588095665 14.74666252732277 0 0 3.55637151747942 0 1.029307581484318 363.5367355495691 414.5583443343639 1342.396874859929 0.7782366275787354 0.2288161590695381 0.1399447917938232 147.254486002028 0 0 2.458708822727203 0.3752828240394592 14.07257606089115 118.9496581330895 9.318228848278522 2.410795390605927 0.1484568566083908 0 27.93144309520721 0
40.65675915032625 77.54081959277391 7674.086759522557 9.221178755164146 20.90220450609922 140.9487683176994 125.4248241558671 328.2306800186634 16.46464968472719 189.0934298709035 2929.157435923815 91.05367258936167 2219.026357777417 341.5097620636225 8.586409829556942 9.127414874732494 6193.144806414843 3440.354735717177 7488.432768024504 26.0917014926672 36.28414319455624 44.1924300044775 1714.517695568502 96.67246817052364 156.3537272438407 35737.33104009926 13755.14325371385 103.2823726907372 306.1229966729879 38.40123775601387 754.046822309494 92.72143461555243 12.77564971894026 2126.318085446954 29.865587875247 4853.754246078432 6902.159744426608 5527.112635590136 1398.346251644194 144.8773763403296 9.521851472556591 59.8274113163352 9.442431665956974 0.1423386633396149 241.1136024966836 95.86563967168331 0 0 0.138620138168335 4.692571215331554 1.931785464286804 4.230567812919617 0 45.34800091385841 0.1148600950837135 406.7069062665105 5.066189981997013 0.3196474015712738 2.324764080345631 205.0916126817465 100.953890196979 313.5166482999921 0 3.235797941684723 6.193137548863888 5.139571487903595 4.543047808110714 269.8169998675585 1830.905545718968 4127.610434725881 4.554547853767872 1.710585996508598 1.643691346049309 182.1563437730074 0 0 29.73359101265669 14.19301643967628 127.5407707691193 181.3953309804201 141.0491760224104 34.29222971200943 3.83805213868618 0 8.927359141409397 0
35.6192337796092 6116.564134918153 5742.290506750345 10.17966404557228 8.399400070309639 72.06390431523323 167.9755437448621 185.8709379956126 2140.301785312593 106.4954192563891 558.249481678009 38.2404356226325 3912.788079917431 229.4113271310925 59.75478459149599 8024.671472609043 6363.632072836161 1125.604033246636 1956.826369181275 14.5197983160615 601.3320611193776 7368.221978344023 8111.187586478889 3403.53444327414 2635.104425363243 13755.14325371385 47926.43185608834 757.889865309 208.6034645661712 72.04128374904394 2096.37867026031 37.55626967549324 16.96406274288893 2495.46976031363 149.9090026319027 10862.53987652808 5989.196806356311 9035.570253744721 3633.916729316115 409.0846652835608 22.05185363441706 47.04471255093813 40.53504531830549 7.13320866972208 3597.845503985882 4212.416516549885 0.5323517918586731 0 8.144054122269154 81.53874537348747 25.48168858885765 14.75129991024733 7.529772497713566 67.2532753944397 0.8737266659736633 561.0524049177766 41.720439709723 0.4006981924176216 1228.666150614619 631.4206304624677 177.9646374285221 800.0525145307183 0.7686947286128998 57.92712192237377 2654.661715395749 1764.924873702228 90.5628189817071 769.9224917292595 5036.973623543978 29023.72081668675 145.2570332288742 7.854387886822224 24.55651850253344 258.3790975660086 0.2169721871614456 0.2394095808267593 125.3053598627448 45.7201082855463 509.9474470838904 360.1111006811261 567.3770787641406 195.5154794603586 15.83805573731661 1.870820581912994 13.03194845467806 4.337489038705826
34.71416655927896 10.26295749098063 497.1240645423532 4892.912830121815 9.847052417695522 483.8992162644863 21724.73950707912 347.9541217312217 1510.85905276984 7416.686963640153 37.15674179047346 1143.439839668572 3.191377200186253 526.3914673440158 189.1035393774509 3148.275993183255 68.87673726677895 26.7135711312294 24.99218009412289 2353.70850456506 4789.804899014533 217.1480789929628 3095.426532104611 11642.58248023689 5.598146848380566 103.2823726907372 757.889865309 32698.99986218289 2058.857512101531 14720.24915573001 1.575707793235779 22.33151425421238 939.4093395993114 1437.27852781862 113.7368248552084 6059.302732713521 123.0196675360203 3097.690665736794 953.0245695561171 846.0738942548633 137.2939280346036 18.49377945810556 100.5842442959547 4.904949530959129 4.391650423407555 11.61538401991129 342.2039403244853 2.15644109249115 44.73580661416054 527.5335503444076 40.72014222294092 380.4761952608824 299.5517687797546 1.88921757787466 154.0640502721071 0.2265342101454735 31.38558186590672 27.78309495747089 416.974687486887 1.761348880827427 1.424313247203827 0.5212696567177773 419.8027733638883 299.3428323939443 119.6438974589109 52.85845071822405 2624.608286485076 2.389862678945065 1.659304954111576 113.2490761354566 3725.755261532962 76.04229479283094 334.1871812865138 0.140314057469368 1.077282153069973 7.132461421191692 14.79252465069294 35.34980674088001 1237.516800925136 3.985649026930332 92.17706368863583 22.15406415611506 423.9265914782882 10.23840057849884 10.74437284469604 1.764851227402687
3483.045936241746 0.7342247441411018 212.5867152884603 87.50588709115982 92.40937978029251 928.4739133045077 1357.273234590888 715.1422834992409 25.34280274063349 1741.962019070983 812.3152442723513 632.8075521737337 66.58589108288288 8521.14434146136 75.4879190325737 13.70841636508703 1142.663087747991 334.7678260281682 359.1307934299111 268.6957881003618 496.0670294463634 6.233806140720844 949.8551323637366 786.0700192004442 5.066926747560501 306.1229966729879 208.6034645661712 2058.857512101531 28803.89412971586 8320.966910086572 22.54526100307703 1199.686556093395 4874.528986215591 5534.499590016901 6.127565518021584 1025.000229492784 81.97074230760336 2112.064859949052 246.8331126570702 597.6141409277916 380.849145591259 11.93904315680265 18.44432879984379 0.5771352350711823 0.2228607088327408 0.8021895363926888 0.9384685754776001 0 0.1182853356003761 11.23319467902184 0.1924610286951065 8.62377118319273 3.526012741029263 0.4201478809118271 3.089932702481747 2.392696283757687 0.1560909897089005 0 26.27951212972403 0.7797766774892807 0 0.3486304432153702 0.9296611770987511 18.34047593176365 2.700760804116726 1.891109570860863 48.43226876854897 0.829961858689785 2.014080286026001 10.81356105953455 92.99103483557701 1.959185786545277 9.996592320501804 0.370109535753727 0 0 0.1354321837425232 4.993589997291565 32.10220552235842 0.6681861132383347 3.057980015873909 0 7.241554163396358 0 0 0
