538.8660766258836 0.09689563512802124 32.31669598817825 3.782087557017803 0.5119439288973808 3.723511807620525 1462.641285076737 168.1271290630102 2.83289410173893 26.80119188129902 5.649487413465977 0.6193320155143738 0.4967533051967621 3399.502216465771 0.1205709800124168 0.7999466732144356 42.21070248633623 1.837568253278732 7.260615542531013 1.030781134963036 23.58120042830706 0.1843790039420128 65.93043031543493 32.96699848026037 0 23.3407296538353 8.730625465512276 30.59394899755716 3244.985921107233 2265.661739245057 0.08899759501218796 13.70669188350439 50.56631721556187 39.12928914278746 0 5.60795621573925 0.6047755926847458 22.33504927158356 2.457963220775127 1.064294472336769 2.156631946563721 0.1441235989332199 0.1570405960083008 0 0 0.2688777968287468 0 0 0 0.7850293517112732 0 0.8061360120773315 0 0 0 0 0 0 0.6304451450705528 0.2276364043354988 0 0.1002907231450081 0.1212836056947708 0.4417617246508598 0.1174155324697495 0 3.680070795118809 0 0.6334301009774208 1.056582450866699 5.361549705266953 0.09918207675218582 0.9871324151754379 0 0 0 0 0 0.3521557450294495 0.1369139403104782 0.2564001306891441 1.493970632553101 0.4444333910942078 0.7094467878341675 0.6084883213043213 0
0.09689563512802124 157.0932119935751 76.61639135330915 2.468958526849747 0.3100032284855843 0.6868403851985931 3.25556543469429 0.8515157252550125 910.4491021260619 0.4478197172284126 49.27731989324093 4.275543116033077 394.0520433038473 1.149772435426712 10.9868213608861 55.68838289380074 116.0004499852657 16.96367495507002 35.97468636929989 1.68598223477602 5.776756636798382 2197.770576573908 12.78322112560272 546.9318076446652 1842.009289696813 679.5425945073366 10216.39567297697 10.17043642699718 2.452749244868755 3.500543668866158 20.69637836515903 0.2512454688549042 0.3441652432084084 47.32117799669504 0.3656197637319565 101.5802183076739 285.9827821031213 131.1178462803364 29.61986891925335 22.15112061798573 0 127.9445202797651 0.1374531090259552 0.790131002664566 47.29207034409046 122.3023075163364 0 0 0.2012157589197159 4.856383994221687 0.6607334911823273 0.8506955504417419 0.6133558452129364 11.22093307971954 0.46694016456604 33.7974169999361 1.632837630808353 0.4515771269798279 16.75757440924644 115.0603387951851 23.76203875243664 130.0887885689735 0.1147053465247154 3.397799834609032 137.5426060035825 17.53270730376244 5.66098765283823 59.45322574675083 499.1878659054637 2130.759436026216 3.068691149353981 5.072822898626328 6.902633398771286 11.70970678329468 0.2471740767359734 0.292203813791275 58.29656422883272 3.249801307916641 67.90684697031975 50.65067459642887 116.3351684436202 42.6804713010788 4.250750139355659 0.450982540845871 0.4764921367168427 0.3266640901565552
32.31669598817825 76.61639135330915 5897.650234870613 24.20022700726986 0.6027516350150108 17.2445335239172 288.1056740507483 503.6614014431834 40.41062504053116 7.270834393799305 18.50255507230759 1.522233501076698 2.133407101035118 421.7219321355224 1.141271196305752 33.90248616784811 5780.251168683171 22.25378430634737 230.6787370070815 1.566149912774563 605.623153552413 10.84153982251883 6556.856488212943 163.4670619741082 1.75600142031908 7026.044617272913 8012.399102173746 204.6677284240723 256.4132507294416 438.2014296352863 0.5091104209423065 9.646500237286091 15.27885307371616 328.8704803436995 27.54830507934093 1026.131599485874 670.9616639837623 1103.541611738503 684.3820746839046 32.54363120347261 4.235214322805405 2.783582374453545 6.850070267915726 0.7125845849514008 177.6819276511669 422.2933440059423 0.4626924693584442 0 0.3647448718547821 23.27024059742689 0.7675036787986755 2.896411068737507 0.7201991379261017 1.471246913075447 0.3137957453727722 0.1207382678985596 2.390708036720753 0.1240846663713455 22.90743788331747 118.9983369708061 0.6350109726190567 19.32086538523436 0.676821231842041 7.418186508119106 29.29904846101999 144.4362355917692 9.555973559617996 4.150473549962044 64.60982046276331 1301.920156553388 12.76006679981947 2.914320021867752 10.02028524130583 0 0.3091208338737488 0 36.98307058215141 7.377564787864685 112.2444107308984 22.98981276154518 119.6809465587139 34.95786409080029 6.912322238087654 0 0.1514717042446136 2.93156772851944
3.782087557017803 2.468958526849747 24.20022700726986 2935.504444882274 10.63006772845984 141.5967021584511 377.2122136130929 64.16157604753971 1548.774071611464 7352.589034795761 8.482419990003109 3423.440707705915 0.606944315135479 44.71753729134798 207.7618102952838 1.406674638390541 7.615138106048107 0.9166243672370911 2.002701476216316 5865.493790097535 78.2864067107439 13.44181015342474 60.1229931935668 2555.313280530274 4.027001440525055 8.00322113931179 44.02980222925544 5146.426529936492 333.8083091825247 19.71480466425419 0.3496227711439133 7.463126711547375 103.0344176590443 108.0820883885026 6.531884893774986 1152.325189709663 11.95472478121519 262.8595829606056 92.92934362590313 683.4741306230426 32.25622779130936 0.3823301717638969 8.658226735889912 0.1488784551620483 0 0 414.9256412833929 0.6454183608293533 15.44263128191233 64.84746589511633 27.35069575160742 509.3902090638876 391.9283819645643 5.401917546987534 712.654945909977 0 13.63552887737751 7.059663861989975 0.6239492297172546 0.5050939917564392 0 0.3410284444689751 227.4296264648438 0.6703586578369141 1.939839102327824 0.3829470574855804 330.9074229598045 0 0.2653317898511887 3.351508870720863 317.1450390517712 7.948831416666508 4.323804825544357 0.09705913066864014 1.015648722648621 0.9082374423742294 5.500025019049644 0.6440814137458801 49.88126929104328 0 41.62446967512369 5.332895211875439 145.7506601661444 8.780740439891815 0.1094211041927338 0
0.5119439288973808 0.3100032284855843 0.6027516350150108 10.63006772845984 3.27443815767765 383.8998898491263 8.724892035126686 215.8395810648799 172.8083458766341 26.33412092924118 14.07677242904902 78.58488231152296 1.822353653609753 4.786729544401169 1600.447998329997 0 0.7240903303027153 0.5230244994163513 0.5009355992078781 16.20694474875927 0.3440900072455406 3.816561326384544 0.6728969663381577 42.68174440413713 3.02250574529171 1.170855470001698 3.346266441047192 9.915849722921848 2.970684520900249 1.694350533187389 0.3012867718935013 43.84203704446554 0.0874590128660202 74.0631447955966 0.3588926792144775 66.497538395226 1.364269636571407 62.10333336889744 19.49243702739477 2233.056321948767 83.44429708272219 8.099248811602592 7.347673192620277 0 0 0 0.1098411679267883 0 0 0.1303883343935013 0 0.3317048475146294 0 0 0 0 0 0 0 0 0 0 0 0 0.2781461104750633 0 0.9539451822638512 0 0 0 1.158170454204082 0 0.34534952044487 0 0 0 0 0 1.898653939366341 0 0 0 1.400947108864784 0 0 0
3.723511807620525 0.6868403851985931 17.2445335239172 141.5967021584511 383.8998898491263 9334.932368434966 2294.505030155182 8265.568674616516 122.4210920929909 8221.512446828187 158.5539143905044 3382.519269660115 18.35526948422194 634.7413648590446 1980.624134846032 0.08672318607568741 9.636633157730103 7.451155208051205 4.925773933529854 834.4953998178244 18.04083892703056 0.835801936686039 20.9565220028162 114.6009623706341 9.696529135107994 21.9341696202755 15.96490304917097 479.4810939878225 617.2954385131598 31.58565539121628 2.56630302965641 798.2305349558592 2.663016326725483 429.1814901977777 0.9503724426031113 435.056467294693 17.8392930328846 452.3953989297152 96.81023132801056 3845.111796401441 158.915477514267 36.51111484318972 12.34823478758335 0.2129857689142227 0.1776585802435875 0.2012880444526672 5.994629353284836 0 0.6127874255180359 10.08603068441153 1.772243469953537 15.50288967788219 15.95686396956444 0.6935504749417305 21.45494029670954 0.2472498640418053 2.179505825042725 0.300462007522583 0.2189169526100159 0 0.08499180525541306 0 10.92699974775314 0 0.09633247554302216 0.09756983816623688 29.01279447972775 0 0.4053489789366722 1.245559185743332 37.68984948843718 1.653461441397667 3.704601556062698 0 0.1232342049479485 0.3798545300960541 0 0 11.34479069709778 0 8.582829788327217 0.4184891283512115 10.86715522408485 2.804652214050293 0.09646034240722656 0.3423884809017181
1462.641285076737 3.25556543469429 288.1056740507483 377.2122136130929 8.724892035126686 2294.505030155182 13326.25545169413 6296.511785753071 318.1725389137864 7128.384107042104 44.59159023314714 56.52146491408348 4.49403890222311 9190.297421559691 26.11153419315815 5.160575188696384 52.25253050774336 4.845651850104332 7.654346399009228 72.22526802867651 1519.453385956585 6.236859261989594 879.6768542900681 1615.752004623413 1.577240407466888 67.23125276714563 136.0577062517405 16711.88350396603 1238.611493170261 4189.559430800378 1.188044130802155 74.25638402253389 138.0761267468333 269.0994618013501 11.11804077029228 505.8200308531523 17.70297640562057 526.785617351532 144.2159147337079 117.1842673122883 49.63121925294399 5.543319158256054 10.08512715995312 0.7340888753533363 0.6132043153047562 0.9629601240158081 73.78196092694998 0.2252666354179382 10.7343660518527 73.56251472234726 22.46900863945484 189.1954998075962 140.2323911935091 3.577671036124229 48.03181798011065 0.2683033272624016 29.39437889307737 1.812484368681908 3.989145964384079 0.3380205854773521 0.1177450120449066 0.5959264039993286 65.44517896324396 3.362539656460285 3.09979797154665 2.126228272914886 223.2085062116385 0.1273936927318573 0.8064490258693695 8.390511855483055 242.6593118086457 17.81894615292549 14.17173454165459 0 1.83199305832386 1.898349843919277 8.896061711013317 2.108073264360428 38.39478222280741 1.052709311246872 46.98485165834427 5.656619742512703 56.06851029396057 16.53120502084494 0.08955087512731552 1.589764505624771
168.1271290630102 0.8515157252550125 503.6614014431834 64.16157604753971 215.8395810648799 8265.568674616516 6296.511785753071 16674.25062637031 117.6854803338647 4091.545398660004 87.39345451444387 277.5056967064738 9.934762693941593 9644.909233443439 77.42694661021233 3.447761565446854 373.8224409967661 12.74820686876774 72.35969334095716 322.2149423509836 494.3973168581724 3.736525319516659 842.3015075400472 655.1925488375127 3.145951300859451 299.1468269601464 135.2568089216948 365.050305724144 770.2297752425075 1659.778248257935 1.924087807536125 1073.971557714045 30.04317517578602 350.6616216413677 2.042239613831043 217.8691858947277 18.93962599337101 270.4808767810464 108.9234416410327 1270.766603909433 80.92200404405594 26.11039374768734 7.70377504825592 0.7794848382472992 0.09463060647249222 3.36218848079443 36.83366405963898 0 5.04293692111969 81.03683280199766 30.15435767173767 97.08286706358194 91.81627550721169 1.77018366754055 44.71670597791672 0.08122634887695312 32.58435086905956 1.827345170080662 3.755167886614799 1.606429740786552 0.4747576713562012 1.40839883685112 58.13703368604183 7.960406601428986 1.59879070520401 3.465889699757099 208.2062279209495 0.2574399337172508 5.103676520287991 12.49996431916952 269.9331310763955 18.81801947206259 19.93584460765123 0.4647533893585205 1.58904242515564 0.6746354997158051 14.55742335319519 1.55841788649559 47.24778290838003 1.458380207419395 52.65108752250671 4.348944000899792 58.13325651735067 11.4881683960557 1.097878694534302 0.157047301530838
2.83289410173893 910.4491021260619 40.41062504053116 1548.774071611464 172.8083458766341 122.4210920929909 318.1725389137864 117.6854803338647 1487.732562422752 254.5424877330661 6.106312774121761 352.2856592684984 6.216101989150047 37.71914951503277 1105.767788939178 168.3777967467904 9.478643149137497 1.912494815886021 1.492995373904705 454.5570553094149 132.3727501705289 2596.099271848798 78.02462167292833 6978.627979665995 58.97879717499018 31.34145776927471 1533.086919128895 1048.098270341754 77.1842151209712 73.52776066213846 0.9206889048218727 7.885352559387684 19.25799361616373 35.40973228216171 0.5608856081962585 494.0241763070226 54.48724947869778 89.89338654279709 20.58616663515568 983.5268969014287 15.71870411932468 1.05901212990284 1.565700277686119 4.267282538115978 4.379107251763344 3.384725153446198 94.89814287424088 0 6.188286326825619 156.6431445851922 27.04168459028006 434.6039437055588 91.88511930406094 2.783488549292088 55.1797087341547 1.008138902485371 30.07870607078075 9.44450519233942 292.8108908608556 1.752594597637653 1.481469854712486 1.368881203234196 73.56083089113235 112.9319233447313 30.61447685211897 37.35413946211338 920.7771682366729 0.338252067565918 4.618377007544041 30.5563267916441 367.1552108302712 46.39731732010841 136.6481845453382 0.1901658996939659 2.000844985246658 4.634100444614887 16.60601267963648 2.31182849407196 121.2452035322785 6.693943001329899 58.219064258039 16.68696427345276 169.4994524791837 16.58909922838211 1.71163547039032 2.982828572392464
26.80119188129902 0.4478197172284126 7.270834393799305 7352.589034795761 26.33412092924118 8221.512446828187 7128.384107042104 4091.545398660004 254.5424877330661 35386.00469623879 180.9191767200828 3006.591606326401 21.39670111238956 1055.88543478027 48.65530925989151 0.3469677492976189 3.986701130867004 12.17816078662872 6.311113052070141 9993.106396891177 16.96953054890037 1.467134669423103 14.92948126792908 456.4792939722538 6.735539808869362 26.17140559852123 25.3453523889184 4674.84298190102 1678.01068687439 12.95981343463063 4.350597970187664 214.2956507988274 81.39858068525791 741.8304496258497 13.7245559617877 1961.233662925661 37.249351747334 1462.397412925959 201.6710219830275 382.5201411098242 217.9594603553414 19.80808709561825 38.78493272513151 0.2567401751875877 0.6748632863163948 0.1031244248151779 209.6556944847107 0 16.13410989195108 97.64808637648821 30.84266306459904 301.8510274291039 319.2654651105404 3.378709770739079 181.7289811223745 0.3712713941931725 25.69488313794136 6.233443982899189 1.931361220777035 0 0.1861352771520615 0.280422605574131 178.8867637589574 0.8177910000085831 1.646728575229645 0 280.2035590410233 0.7622677162289619 1.37059236317873 2.143929436802864 308.1992940977216 8.275052607059479 5.781330920755863 0.08973231911659241 2.213298141956329 0.9796266034245491 10.0056317448616 1.7376788854599 45.04265601187944 0.1249757632613182 60.90594667196274 9.110296234488487 95.20670457929373 11.34434336423874 0.09115468710660934 2.576530367136002
5.649487413465977 49.27731989324093 18.50255507230759 8.482419990003109 14.07677242904902 158.5539143905044 44.59159023314714 87.39345451444387 6.106312774121761 180.9191767200828 12621.02319253236 95.42998789250851 2660.258889466524 54.07616324722767 0 1.209069013595581 963.402320496738 2380.283149041235 2007.160950869322 73.74256763607264 43.90125334262848 3.528976641595364 106.3261322900653 32.73859357088804 849.6933147087693 3157.947501301765 1219.271848626435 29.17295679450035 1047.573837898672 54.87131466716528 617.4072598963976 576.3815425857902 7.779548704624176 7805.315108917654 12.29785715788603 552.0563913658261 3721.148332975805 7045.946475066245 1066.612531654537 190.888859115541 11.13887059688568 1101.275396294892 31.36879491060972 0 7.897283345460892 2.202502727508545 0.1264356821775436 0 0 2.958446934819221 1.652751207351685 3.229763902723789 2.640175819396973 199.619896247983 2.647601932287216 904.791850939393 3.321113154292107 0 0.2092171162366867 3.479296520352364 71.17306773364544 14.40895158052444 3.677651822566986 0.7665460482239723 0.4230648428201675 0.3616695404052734 10.43558315932751 130.6021349355578 314.7642473354936 300.7524101510644 11.88009013980627 1.509121850132942 0.4334924817085266 209.2425448596478 0 0.3005596101284027 5.605692602694035 7.765537515282631 18.13821072876453 379.4363765716553 16.40955766290426 2.836549915373325 4.460612013936043 2.572271227836609 105.939745426178 0
0.6193320155143738 4.275543116033077 1.522233501076698 3423.440707705915 78.58488231152296 3382.519269660115 56.52146491408348 277.5056967064738 352.2856592684984 3006.591606326401 95.42998789250851 8803.445648923516 11.5955348983407 204.6320858299732 719.745851829648 0.1167000904679298 1.151583023369312 4.724218085408211 2.870621807873249 6037.290950879455 0.5735096335411072 11.93538011610508 1.247569054365158 416.9922178946435 4.44768949598074 12.79534882307053 16.18042105436325 431.2701807916164 408.0411791503429 1.557607971131802 3.326976880431175 139.1098458915949 1.259383611381054 263.45396553725 0.7317488566040993 1070.856500275433 12.38624785095453 382.2324420511723 38.93841032683849 1873.467672199011 59.89450524747372 8.548489525914192 8.438100889325142 0 0.4618072509765625 0 48.20762419700623 0.7380418628454208 30.20193200558424 8.487087942659855 7.483645126223564 61.41646452993155 52.37108165025711 1.148798987269402 267.7390887066722 0.4466492533683777 11.40464524179697 12.81342027336359 1.164457753300667 0 0.2636110931634903 0 53.45451135933399 0.3926517814397812 0.4834651350975037 0.1702399253845215 60.11634961515665 0 0.5442947521805763 0.6550687551498413 34.02575613558292 3.018837787210941 0.3438149467110634 0.2031150758266449 0.4611967280507088 0 4.613650396466255 0 22.94446300715208 0 17.70073866844177 3.865814402699471 59.5362806096673 7.555032379925251 0 0.1038892865180969
0.4967533051967621 394.0520433038473 2.133407101035118 0.606944315135479 1.822353653609753 18.35526948422194 4.49403890222311 9.934762693941593 6.216101989150047 21.39670111238956 2660.258889466524 11.5955348983407 3386.088044196367 5.128945615142584 0 0.2646928653120995 4.847641408443451 78.03959922492504 12.9840138182044 7.627783611416817 2.706365153193474 27.9254110828042 7.570575624704361 7.496051795780659 4854.270560778677 493.7915407717228 3245.147703066468 3.712587580084801 90.4007513821125 1.898319236934185 859.7811189070344 61.65804589539766 0.4281203746795654 976.5872336030006 22.11435408890247 754.2914258465171 5684.846626706421 5307.258699290454 519.6533049046993 28.54655698686838 11.53383033722639 1788.21616666019 22.31948575377464 0 31.43981699645519 0.5832358598709106 0 0 0 1.824622020125389 0.2396130189299583 0.9665789231657982 0.2227946668863297 691.6588496044278 0.09683750569820404 2789.836729213595 0.369967095553875 0 0 1.128956370055676 159.4147265702486 13.89136280864477 0 0.0890481024980545 1.701730445027351 0.1106627508997917 1.561447486281395 493.6045948117971 869.1620953604579 749.0030863434076 0.8944423794746399 1.240718901157379 4.0428786277771 752.3748646378517 0.5971853733062744 0 5.92904382199049 2.674316793680191 46.05568131804466 1174.560433968902 31.70911192893982 2.78189504891634 2.300607308745384 0 242.5122634023428 0
3399.502216465771 1.149772435426712 421.7219321355224 44.71753729134798 4.786729544401169 634.7413648590446 9190.297421559691 9644.909233443439 37.71914951503277 1055.88543478027 54.07616324722767 204.6320858299732 5.128945615142584 13328.24119374901 1.489782385528088 7.983669124543667 462.7966649308801 15.76582467556 90.7135826125741 209.5146612823009 330.6696299985051 1.906661532819271 646.2803513333201 400.3082249313593 4.790929466485977 305.9089672379196 119.7444916516542 359.1987042352557 6308.069085150957 4562.070770591497 0.6669070199131966 536.4188161715865 39.07539338618517 311.9196768403053 1.801328971982002 126.3976608812809 9.781995162367821 213.5179594382644 49.89540316164494 229.8184759318829 23.33448650687933 9.655799262225628 3.327548041939735 0.3158663809299469 0.3327779397368431 0.5508676022291183 3.989308580756187 0 0.3021905422210693 17.30161755532026 6.522756069898605 22.07098789513111 11.50185377895832 0.865233488380909 6.886192888021469 0.5853341817855835 4.619089171290398 0 3.99745088070631 1.116579562425613 0.09696998447179794 1.03119608014822 6.637165904045105 4.164384134113789 0.4107942059636116 2.444886423647404 77.88759008795023 0 3.373739138245583 12.70702020823956 71.71809143573046 7.425947979092598 8.394843585789204 0 1.16637147963047 0.9943460822105408 4.703219138085842 1.207041546702385 29.99065454304218 0.6091226115822792 25.40303955227137 7.571179538965225 22.16292649507523 6.134025655686855 1.610228002071381 0.9163293838500977
0.1205709800124168 10.9868213608861 1.141271196305752 207.7618102952838 1600.447998329997 1980.624134846032 26.11153419315815 77.42694661021233 1105.767788939178 48.65530925989151 0 719.745851829648 0 1.489782385528088 305.0377769097686 0.1684643477201462 0.4812543392181396 0 0 192.8229590132833 1.539191871881485 34.38470812141895 2.02441044151783 548.9228701069951 0.6177604272961617 0.6601746082305908 30.25473134964705 52.91165719181299 1.967759355902672 0.8006606772542 0 219.8454325795174 0.3878458440303802 0.3920710533857346 0 14.91019623726606 0.4068131595849991 3.591987691819668 0.8720472157001495 854.3441134467721 23.86264536529779 0 0 0 0.1290230751037598 0 1.673240005970001 0 0.4247556924819946 1.207232065498829 0.693499892950058 9.242588177323341 0.2389374375343323 0 5.945689797401428 0 0.902094841003418 0.1604238152503967 0.9734319746494293 0 0 0 0.202942281961441 0.4804871007800102 0.2838402986526489 0 6.418643362820148 0.1242771148681641 0.2237615659832954 0.6349882036447525 3.707251884043217 0.3154106810688972 0.2943955063819885 0 0 0 0.2640626132488251 0 0.2324788570404053 0 0.9947541505098343 0 0.1570447832345963 0.9988609254360199 0 0
0.7999466732144356 55.68838289380074 33.90248616784811 1.406674638390541 0 0.08672318607568741 5.160575188696384 3.447761565446854 168.3777967467904 0.3469677492976189 1.209069013595581 0.1167000904679298 0.2646928653120995 7.983669124543667 0.1684643477201462 2112.83873873204 37.16902743279934 0.8962429389357567 2.981968529522419 0.1153732985258102 1922.966894775629 2288.279761336744 3605.111524380744 954.8551541343331 22.75858008116484 17.90785949677229 6547.276272214949 671.4710467681289 49.26734110713005 137.3138702064753 0.07186181843280792 0.07352910190820694 63.54273954033852 68.24414502084255 38.8650876134634 1705.941257916391 285.4983337298036 418.0795596390963 498.4084796309471 37.00573848187923 3.661223903298378 15.04251825809479 14.56466124206781 7.176257945597172 6.440457478165627 20.64027059078217 0.6720085889101028 0 1.656142443418503 125.4158453941345 5.360493756830692 17.38660303503275 4.744440689682961 0.7751802578568459 0 2.626808702945709 15.09317600727081 1.198504321277142 2676.842174209654 10.13291016966105 0.7819592580199242 3.758965104818344 2.996489703655243 753.4060193523765 529.7692684531212 1490.588065415621 334.9588089734316 0.4367757886648178 3.418468333780766 454.6957258582115 217.8984659165144 47.89955380558968 325.2189913317561 0 0.1036408171057701 4.396180905401707 12.19278612732887 7.254759266972542 118.3082333654165 20.89414212852716 59.66059982031584 29.12278486788273 32.68542326241732 5.234900809824467 14.61344301700592 5.430030219256878
42.21070248633623 116.0004499852657 5780.251168683171 7.615138106048107 0.7240903303027153 9.636633157730103 52.25253050774336 373.8224409967661 9.478643149137497 3.986701130867004 963.402320496738 1.151583023369312 4.847641408443451 462.7966649308801 0.4812543392181396 37.16902743279934 2338.775475434959 534.8250757455826 2906.853347338736 1.145180016756058 1525.99593116343 21.20532713830471 5016.666919320822 55.03645493090153 4.570610411465168 3703.73090846464 8246.500673532486 77.69933785870671 865.0068753026426 2136.404456138611 6.975794896483421 11.88711134716868 67.76187139749527 4032.80862428993 9.535180673003197 458.8997690081596 515.2531953826547 1525.77972047776 256.1227653697133 11.07210226356983 0.8546726107597351 5.452870756387711 2.273763708770275 0.9163546785712242 56.72632226347923 194.0538587942719 0 0 0.1144955456256866 4.198245957493782 0.3576151132583618 0.4160821810364723 0 1.642326690256596 0 0.4262660816311836 1.858779266476631 0 5.781318701803684 167.0001370310783 3.542971611022949 66.19560667127371 0 4.928302623331547 4.459196209907532 21.38652337342501 6.582318812608719 1.823528990149498 273.5680640786886 808.8622064888477 5.51725634932518 5.14145266264677 7.85897196829319 0.3817700892686844 0 0.675973542034626 43.55728507786989 3.225880116224289 55.99887531995773 19.49581354111433 87.43555727601051 21.9605540856719 6.812227845191956 0.2483670115470886 0.209172710776329 0.4277219921350479
1.837568253278732 16.96367495507002 22.25378430634737 0.9166243672370911 0.5230244994163513 7.451155208051205 4.845651850104332 12.74820686876774 1.912494815886021 12.17816078662872 2380.283149041235 4.724218085408211 78.03959922492504 15.76582467556 0 0.8962429389357567 534.8250757455826 495.9003086686134 2157.164171293378 3.866382956504822 23.74014873802662 3.176230937242508 60.98438996821642 3.066270135343075 58.24548391252756 3113.827520996332 1015.081988736987 3.605655409395695 55.36620339006186 36.68348125368357 60.23928804695606 5.339684203267097 5.304054833948612 1172.805764056742 4.250472687184811 340.4217292070389 744.638500533998 1225.816066652536 319.8571268171072 8.007447719573975 0.2901581078767776 8.101892456412315 1.634200423955917 0 6.760661147534847 1.135937862098217 0 0 0 0.3476543426513672 0.1213206648826599 0.822288304567337 0 9.913488931953907 0 50.84945674985647 0.1453349888324738 0 0.1255036145448685 6.220153443515301 44.63048238307238 35.09787351638079 0.1264710128307343 0.3272670805454254 0.3615684360265732 0.1505038887262344 0.9765555635094643 25.13293740153313 303.6277538910508 338.3361996486783 0.3121557831764221 0.1155667826533318 0.8095856457948685 46.1958455145359 0 0 5.039095684885979 2.581087470054626 3.419165432453156 6.812385618686676 10.1232540383935 2.681970462203026 0 0 0.1348438411951065 0
7.260615542531013 35.97468636929989 230.6787370070815 2.002701476216316 0.5009355992078781 4.925773933529854 7.654346399009228 72.35969334095716 1.492995373904705 6.311113052070141 2007.160950869322 2.870621807873249 12.9840138182044 90.7135826125741 0 2.981968529522419 2906.853347338736 2157.164171293378 1957.95454774797 2.072039946913719 134.0720982551575 3.059705428779125 470.1597107872367 8.123523391783237 8.61053479462862 2619.041106685996 1128.304371789098 12.74866289645433 206.9696813970804 262.4436224475503 20.53226804733276 5.398162133991718 23.41169236600399 3327.754639707506 6.531115964055061 384.3462186455727 283.8816706985235 1339.45540189743 244.7176912277937 6.956872247159481 0.1004200354218483 4.72084916383028 1.410811983048916 0 32.73064413666725 25.81818164885044 0 0 0 1.893086425960064 0.1476884037256241 0.7555116787552834 0 4.176274955272675 0.2376473471522331 4.163194127380848 0.610012486577034 0 0.6139456480741501 75.46480739861727 16.91396930068731 108.9472620785236 0.9408450722694397 1.453567378222942 0.5906319320201874 2.916147619485855 1.065317817032337 11.91803177446127 265.0213841348886 457.8716402798891 1.474122367799282 0.5855405628681183 1.943743109703064 1.822887726128101 0 0 18.25325725227594 1.012101672589779 17.8560591712594 12.69750911742449 34.64572399109602 11.06239530444145 1.583632320165634 0 0 0
1.030781134963036 1.68598223477602 1.566149912774563 5865.493790097535 16.20694474875927 834.4953998178244 72.22526802867651 322.2149423509836 454.5570553094149 9993.106396891177 73.74256763607264 6037.290950879455 7.627783611416817 209.5146612823009 192.8229590132833 0.1153732985258102 1.145180016756058 3.866382956504822 2.072039946913719 2006.645636580884 2.599405504763126 4.954908601939678 2.698989659547806 471.0499228164554 0.9951758980751038 11.56132684648037 11.52631369233131 2927.743042416871 447.150238469243 1.876102074980736 2.805710986256599 77.89628127962351 10.82370149344206 259.2605251297355 4.969866164028645 1013.549725741148 15.33418138325214 485.0967101752758 62.94177873805165 908.3516217246652 87.69721656292677 8.716841399669647 12.56922032684088 0.1880965530872345 0.1260721534490585 0 115.6508681327105 0 11.25788229703903 39.16925230622292 19.13272665441036 176.7089064642787 163.0080336108804 0.7848507761955261 184.3625288531184 0.0969865620136261 7.391716510057449 3.545542940497398 0.2365341037511826 0 0.4068610891699791 0 125.260853536427 0.1041204407811165 0 0.1087680160999298 150.2391243129969 0 0.851663663983345 0.7063620835542679 139.1832668110728 4.844572082161903 6.380736589431763 0.1854723244905472 0.1304546743631363 1.312596797943115 2.454268589615822 0 22.84570684283972 0 34.03618440032005 7.135162755846977 75.41782210767269 1.203909754753113 3.370967552065849 0.9486912488937378
23.58120042830706 5.776756636798382 605.623153552413 78.2864067107439 0.3440900072455406 18.04083892703056 1519.453385956585 494.3973168581724 132.3727501705289 16.96953054890037 43.90125334262848 0.5735096335411072 2.706365153193474 330.6696299985051 1.539191871881485 1922.966894775629 1525.99593116343 23.74014873802662 134.0720982551575 2.599405504763126 14245.48903346807 216.708823159337 15822.53154096007 755.6929215937853 30.29093933850527 169.7823163494468 1106.906567014754 5365.793112069368 357.062136515975 9518.995025202632 0.8199985101819038 8.547088608145714 208.7078215479851 4039.693940639496 115.0436952933669 4910.031121760607 538.1186050847173 5805.789766311646 2230.472434304655 84.38751269131899 17.55145272612572 21.12793578207493 40.48150014877319 12.01460282504559 2.287400759756565 5.678600057959557 4.677862726151943 0.69195506721735 1.853188633918762 140.2766630873084 11.78965481370687 21.80977293848991 4.646681360900402 1.303352393209934 4.329812951385975 1.367431126534939 28.45707815885544 1.114287808537483 384.8725679442286 5.372963204979897 1.107810743153095 2.300280272960663 2.006276316940784 380.3753093108535 74.7425449192524 124.2657937780023 373.3957726731896 0 5.319007694721222 48.48708828538656 281.2586159259081 64.73543572425842 257.8384572118521 0 0.5175757482647896 10.45902273803949 17.2075210288167 11.9150558039546 119.0313825458288 8.804965801537037 48.76952628791332 20.36836734414101 40.24164652824402 10.06684470176697 13.97139889001846 4.576187342405319
0.1843790039420128 2197.770576573908 10.84153982251883 13.44181015342474 3.816561326384544 0.835801936686039 6.236859261989594 3.736525319516659 2596.099271848798 1.467134669423103 3.528976641595364 11.93538011610508 27.9254110828042 1.906661532819271 34.38470812141895 2288.279761336744 21.20532713830471 3.176230937242508 3.059705428779125 4.954908601939678 216.708823159337 875.8140791133046 478.5479146763682 6909.861413374543 326.0922775119543 69.45470348000526 5482.2749357149 133.9063705503941 14.73467999696732 17.59872875362635 3.087621912360191 0.2059818580746651 8.758787535130978 9.238435469567776 1.829362452030182 71.2816161736846 36.598414093256 37.08459464460611 15.31264052540064 79.40092021226883 2.700224936008453 5.761184379458427 0.1931205689907074 0.536087192595005 23.45112437009811 26.71484218537807 1.790597826242447 0 0.1570011079311371 50.88853710144758 0.7720377370715141 21.06846030056477 1.006233349442482 0.6708188951015472 0.3922554850578308 2.390691883862019 3.336666859686375 0.1578525751829147 1766.142326004803 11.79623332619667 0.1258017122745514 3.228372812271118 0.9016022980213165 256.078344412148 294.5743110254407 552.8899440616369 108.181331910193 0.2739691138267517 10.73375164717436 633.9590939804912 48.0373098552227 6.091310225427151 89.69143678247929 0.9266882836818695 0 0.8613290935754776 6.094724901020527 1.258256435394287 45.43926852941513 9.022253982722759 27.64126167446375 17.38029216229916 9.69297431409359 2.36186408996582 0.17115817964077 0
65.93043031543493 12.78322112560272 6556.856488212943 60.1229931935668 0.6728969663381577 20.9565220028162 879.6768542900681 842.3015075400472 78.02462167292833 14.92948126792908 106.3261322900653 1.247569054365158 7.570575624704361 646.2803513333201 2.02441044151783 3605.111524380744 5016.666919320822 60.98438996821642 470.1597107872367 2.698989659547806 15822.53154096007 478.5479146763682 19564.6125581041 1312.330430977046 29.80127517879009 1775.230296269059 13219.63132297248 4135.170113347471 589.5487065240741 4866.701521165669 1.876376561820507 12.19254983961582 64.40218296647072 4046.953799545765 294.8820092752576 9831.917216874659 2119.548673093319 9142.711695581675 7059.923510313034 204.5795110613108 17.11390394717455 55.72098955512047 89.89674440026283 3.469633989036083 12.16733564436436 78.27954506874084 0.7463400438427925 0 1.144366875290871 85.17773396521807 8.22288204729557 9.203363709151745 4.904556833207607 2.35990110039711 0.652968592941761 4.954040005803108 13.69433594495058 0.4474362581968307 2006.343592099845 24.12522010505199 1.158380582928658 11.01120181381702 3.015549421310425 665.3163200616837 296.3863494247198 1438.995839513838 179.5604331418872 0.3037199527025223 19.5709834843874 1182.93130338192 134.9986776411533 29.53963094204664 298.9256373792887 0 0.1120770648121834 5.729979820549488 17.41699997335672 40.11439277231693 139.5175221711397 26.45053789764643 86.34678217023611 42.22221506386995 20.92372980713844 5.08953408151865 15.35909892618656 9.251508489251137
32.96699848026037 546.9318076446652 163.4670619741082 2555.313280530274 42.68174440413713 114.6009623706341 1615.752004623413 655.1925488375127 6978.627979665995 456.4792939722538 32.73859357088804 416.9922178946435 7.496051795780659 400.3082249313593 548.9228701069951 954.8551541343331 55.03645493090153 3.066270135343075 8.123523391783237 471.0499228164554 755.6929215937853 6909.861413374543 1312.330430977046 13451.16843311489 38.77831057459116 57.87303048372269 3952.298821896315 7530.127423770726 1530.320567052811 854.777483150363 1.541234232485294 34.18313163518906 637.4363367781043 481.7066369354725 44.18557503074408 3703.892250873148 113.0768243819475 1286.331552237272 496.0925742536783 1282.215308479965 168.1954141706228 10.12795756012201 42.03198882192373 9.349975235760212 4.494533635675907 8.351441264152527 170.1399528309703 0.7818231880664825 27.39936102926731 336.2097086086869 101.7987986728549 872.3118734881282 230.4384879916906 15.14594012498856 172.365524455905 0.1900839805603027 93.28844927996397 7.018940389156342 140.2058755904436 3.690231315791607 2.898403517901897 2.412174716591835 156.5584338754416 106.1559917852283 103.8100877478719 45.71559289842844 1633.080768447369 0.2879231572151184 6.710074007511139 65.87349733710289 1168.281032338738 121.3606247827411 154.8924415111542 0.2785103693604469 8.755347043275833 12.7102398276329 53.94280962646008 12.30271349102259 319.8298672065139 6.922335974872112 301.7894763499498 56.42799488455057 318.9192787483335 82.47006669640541 8.986512675881386 13.2958702147007
0 1842.009289696813 1.75600142031908 4.027001440525055 3.02250574529171 9.696529135107994 1.577240407466888 3.145951300859451 58.97879717499018 6.735539808869362 849.6933147087693 4.44768949598074 4854.270560778677 4.790929466485977 0.6177604272961617 22.75858008116484 4.570610411465168 58.24548391252756 8.61053479462862 0.9951758980751038 30.29093933850527 326.0922775119543 29.80127517879009 38.77831057459116 416.6777921468019 578.3001684620976 5255.720964565873 7.048827551305294 14.9742489233613 14.78636312484741 486.8082086369395 16.289031855762 1.609074577689171 418.4503527060151 12.26167930662632 833.0896933600307 1904.258290618658 1468.901941567659 335.466398768127 48.91396579891443 22.65197625756264 1270.219106867909 15.81094278395176 0.8600531816482544 44.73126493394375 0.594916507601738 4.296713352203369 0 1.266190513968468 6.461345180869102 1.688333407044411 0.253338024020195 0 231.6734576821327 0.1467372477054596 1433.178881764412 4.920237191021442 0 18.00693900883198 4.91976572573185 98.20509117096663 30.00500693172216 3.112670421600342 39.27322670817375 3.000858515501022 9.39657373726368 11.76442112773657 283.2369804084301 764.2028379365802 1060.94942496717 26.96186321973801 8.985072523355484 48.1889434158802 336.0856988802552 0.2372680455446243 1.367906913161278 12.78056591749191 6.294703617691994 550.9292356073856 274.8659159690142 33.19009368121624 8.442781284451485 44.79258081316948 0.6993474364280701 103.0499300062656 0
23.3407296538353 679.5425945073366 7026.044617272913 8.00322113931179 1.170855470001698 21.9341696202755 67.23125276714563 299.1468269601464 31.34145776927471 26.17140559852123 3157.947501301765 12.79534882307053 493.7915407717228 305.9089672379196 0.6601746082305908 17.90785949677229 3703.73090846464 3113.827520996332 2619.041106685996 11.56132684648037 169.7823163494468 69.45470348000526 1775.230296269059 57.87303048372269 578.3001684620976 31679.36738171428 25958.26644276083 58.00540420413017 409.7514128237963 315.9775941073895 624.4095083773136 24.52574178948998 26.28736864030361 2040.48400015384 29.23937859386206 2511.634604118764 3295.941468223929 4563.345040500164 1279.257404305041 48.64420382678509 2.877966471016407 51.12360537052155 9.798072494566441 2.739588662981987 260.1430350616574 386.9544943347573 0.1634580940008163 0.2530567944049835 0.3708001226186752 14.75813027471304 1.485303960740566 2.685003131628036 0.8728204071521759 110.4219327569008 0.3000780791044235 563.6680311188102 7.047567337751389 0 3.658576942980289 467.1850349679589 262.1793081909418 663.8194209709764 0.1562412530183792 5.459519445896149 9.077499911189079 29.38761898130178 10.28611183911562 206.2751992791891 2695.28854162991 4516.92070081085 4.784427307546139 9.086017206311226 17.92081408947706 333.4964340031147 0.2319327816367149 0.1066184118390083 170.2631535306573 13.34779278188944 171.8578080460429 127.106672719121 302.0847767144442 96.63602343946695 8.877378866076469 1.472764194011688 3.385480850934982 0.8400262594223022
8.730625465512276 10216.39567297697 8012.399102173746 44.02980222925544 3.346266441047192 15.96490304917097 136.0577062517405 135.2568089216948 1533.086919128895 25.3453523889184 1219.271848626435 16.18042105436325 3245.147703066468 119.7444916516542 30.25473134964705 6547.276272214949 8246.500673532486 1015.081988736987 1128.304371789098 11.52631369233131 1106.906567014754 5482.2749357149 13219.63132297248 3952.298821896315 5255.720964565873 25958.26644276083 39378.1882949695 1428.053356997669 184.6903963088989 263.2497292086482 1105.657249629498 10.91978923976421 28.11319628357887 2758.966182723641 205.050695694983 10118.80269286036 6225.606582403183 9109.331876650453 4586.507416844368 263.391158759594 17.27738098800182 61.97204797714949 60.37082370370626 7.820009432733059 1592.948850899935 1860.599438153207 1.82620844244957 0.1177406534552574 1.303332418203354 157.0644542202353 8.32300141453743 13.13300674408674 6.249668061733246 121.7153660058975 1.107402361929417 568.0432349219918 28.42117542773485 0.3061244636774063 1615.666156955063 892.9562880769372 314.5857037380338 948.5844273120165 1.369840689003468 114.5886119380593 1372.43349982053 2097.428361274302 91.59341402351856 416.8566271811724 3947.706448353827 15671.95165706426 72.73904044926167 22.00972439348698 68.81567258387804 341.5204435437918 1.570057183504105 1.806339785456657 383.4268645197153 62.42573121190071 690.681040763855 277.7939389571548 933.2351159751415 313.0497301369905 32.46552866697311 4.675657421350479 17.15201532840729 7.237475194036961
