2008.957129389048 0 50.00769767165184 6.374553337693214 0.1112619489431381 5.11250289529562 1728.147556625307 544.0118790045381 0.1430170983076096 206.3447252213955 7.513708464801311 4.490048222243786 0.1099471002817154 4955.94912853092 0 0.2494687214493752 219.7747970819473 5.163770042359829 23.51078414916992 13.23663968592882 25.49853175133467 0 95.25989724695683 16.79088897258043 0.1581049561500549 29.26522660255432 8.435922741889954 71.86208829283714 3800.276330433786 4022.235551819205 0 0 6.523807838559151 42.2612644508481 0.642146147787571 8.724326461553574 2.019961707293987 19.31755495071411 3.887595392763615 1.143423698842525 1.014666594564915 0 0 0 0 0 0.1155179291963577 0 0 1.128936752676964 0 0.6121845692396164 0 0 0 0 0 0 0.1036672666668892 0 0 0 0.113298088312149 0.2078199237585068 0 0.2660911232233047 3.305099196732044 0 0.2893321439623833 0.1441144347190857 3.523272283375263 0.3450831025838852 0.1954476609826088 0 0 0 0.1720447689294815 0 0.8793322294950485 0 0.8498761057853699 0.3899517580866814 0.5292639136314392 0 0 0
0 243.7008150666952 12.28600053489208 2.085821613669395 1.359517760574818 0.8418475314974785 0.1598256528377533 0.2913969755172729 361.7706481516361 0.3438180014491081 257.0561045110226 3.705017849802971 586.5738916471601 0 9.659165054559708 3.516918808221817 4.869948968291283 0.9781085550785065 5.071224674582481 0.7098450362682343 1.996722906827927 3054.039805561304 0.8964193165302277 227.8099408075213 1673.267369136214 36.55212273448706 3772.701309807599 4.543006204068661 0.6033259704709053 0 7.355140127241611 0 0 236.9399728402495 0 14.22409176081419 34.50869699567556 61.53778898715973 13.87687677890062 12.54247626662254 0.8778610900044441 75.34473942220211 0 0 101.3300308212638 37.75576476752758 1.465287618339062 0 0 0.4762961938977242 0.7873196825385094 2.209294579923153 0 2.448701061308384 0 24.82058415561914 0.3289524614810944 0 6.811407878994942 11.14699354022741 5.670916318893433 10.41299265623093 0 0.1327558010816574 14.43024884164333 0.8371888697147369 2.575964823365211 17.82313799113035 531.0084947198629 2065.012996219099 1.533518478274345 0.206553541123867 0.2673546671867371 3.908429905772209 0 0.1626787483692169 2.917121887207031 0 5.617988519370556 14.3116424754262 11.71195297688246 1.502477735280991 0 0 2.862644910812378 0
50.00769767165184 12.28600053489208 4145.005071237683 24.29465185105801 0.7782229483127594 91.91052061319351 2708.038156598806 386.5777598693967 9.863865539431572 347.7085336893797 78.68511559069157 3.248044922947884 0.3161894530057907 517.0519715026021 0.4727549701929092 6.592196650803089 7330.811598882079 72.23755465447903 417.9805014282465 4.464453287422657 1110.301616929471 3.420487403869629 10540.15965955704 821.1148645356297 1.135869443416595 6255.146974459291 8978.532092392445 1263.45814461261 172.5279382690787 717.4202648699284 0.2320850938558578 1.561991102993488 29.78594516217709 1044.910020962358 78.97800949215889 3788.602541148663 2579.791817098856 3343.94179648906 1351.408512756228 292.9873949438334 19.08470962196589 8.337538972496986 28.67517628520727 3.50887680798769 56.70484942942858 811.8864075094461 0.5222026035189629 0 0.4440551400184631 35.05116803199053 6.829865366220474 6.392172887921333 1.903371267020702 0.4581216424703598 0.3357754200696945 0.2212626785039902 13.02446068823338 0 76.26079604774714 8.856591708958149 0.4315005242824554 2.359133273363113 0.5910872146487236 6.181999951601028 30.28217354416847 326.8816916048527 40.79546976089478 5.835729479789734 70.47821141034365 2231.177690051496 36.03642815351486 2.559735745191574 6.090093858540058 0.1066627725958824 0 0.8588207811117172 3.582569345831871 13.24975842237473 22.58357848972082 10.46994967758656 16.02150040864944 8.698833458125591 1.285112291574478 0.54713274538517 1.46529895067215 0
6.374553337693214 2.085821613669395 24.29465185105801 2398.428473204374 6.155791945755482 125.1697263270617 58.03210052847862 40.86136010289192 1122.272779867053 1298.01040738821 4.471903659403324 2087.076144769788 1.538226515054703 42.69708286225796 59.66351497173309 0.6293570548295975 2.001797400414944 0.7996292784810066 1.066320598125458 5910.287884682417 0.9175688624382019 9.243152141571045 4.367897674441338 1244.088452458382 0.8554534688591957 7.259455151855946 8.408294670283794 1831.7262442559 102.2489222064614 2.178420200943947 0.09856366366147995 1.288769520819187 3.497537456452847 40.71389742195606 2.607721194624901 144.970935292542 5.637458756566048 54.79769252985716 41.08549320697784 208.2701007053256 4.072978273034096 0.3089607059955597 1.569945327937603 0.2375954538583755 0.5953627303242683 0.1466830372810364 585.7804443985224 0.3189312219619751 8.656564317643642 120.434379927814 21.78462345153093 332.4256366789341 457.3400525599718 0.419071689248085 133.7740400657058 0.1174337714910507 6.948521092534065 15.9560354501009 2.903984002768993 0 0.1979121416807175 0.5988543033599854 178.6388109326363 0.4537616148591042 1.329825699329376 0.5349839329719543 727.0834989100695 0 0 0.4753517359495163 542.6453692018986 1.540486663579941 0.5204525738954544 0 0.5488887056708336 0 2.039145104587078 1.305016174912453 10.06458675116301 0.7871184945106506 14.24715401232243 4.365282505750656 61.83973329514265 0.4304913729429245 0.4837240129709244 0.09399963170289993
0.1112619489431381 1.359517760574818 0.7782229483127594 6.155791945755482 48.26640605926514 713.2928307205439 1.703789860010147 8.306648962199688 276.6985677033663 2.625821098685265 72.09048291295767 131.824796654284 0.673867866396904 0.2392610237002373 1057.186585098505 0 0.7939042598009109 3.955192618072033 1.972783498466015 10.76071481406689 1.96039093285799 8.181438013911247 2.905108436942101 34.8487419039011 0.5837101116776466 10.30247581750154 11.78404325246811 3.621419720351696 20.45738787204027 1.223755404353142 0.8975960910320282 219.6943767666817 0 783.3883778005838 0 13.72813822329044 3.783154636621475 360.9915532618761 43.62678790092468 1712.578391999006 108.7733969539404 3.908636197447777 0.3968056738376617 0 0 0 0.689905934035778 0 0 0 0 0.6350882053375244 0 0 0.17940753698349 0.1160898879170418 0 0 0 0 0 0 0 0 0 0 0 0 0 0.2477417290210724 0.2176204174757004 0 0 0 0 0 0.2124842256307602 0 0 0 0.1741125732660294 0 0 0 0.2742922604084015 0
5.11250289529562 0.8418475314974785 91.91052061319351 125.1697263270617 713.2928307205439 10745.3040561974 2295.32184483856 5097.456945560873 74.58974105864763 7136.446263313293 227.3014952689409 6132.484706372023 4.326480589807034 813.6771119683981 1467.007063180208 0.3132646903395653 11.00888978689909 30.93539107590914 12.68610764294863 521.1578363329172 8.685920745134354 0.6592779606580734 18.35164196044207 211.5114596709609 3.112438790500164 61.13390436768532 27.32070054858923 706.9425566494465 599.3909722417593 10.44333426654339 3.468800432980061 573.5192821025848 4.519385688006878 1463.630945980549 3.378972835838795 391.3724056631327 27.80690633505583 847.9340590909123 329.5942599251866 2490.505270980299 255.5106335878372 26.89971099048853 9.323407918214798 0.1200387924909592 0 0 44.54791889339685 0.1427189707756042 0.9706125482916832 40.93949618190527 4.814483985304832 27.71474591642618 39.09530480206013 0.17210553586483 17.47322400659323 0.2019043862819672 5.313739508390427 0.4336405992507935 1.653029650449753 0 0 0 11.32569864392281 0.4655587822198868 0.5342091917991638 0.6868364810943604 83.16585729271173 0 0.3160927519202232 1.120858825743198 92.42745009064674 2.547855138778687 0.3709501549601555 0 0.2277074307203293 0 0.3082722648978233 0.9709557294845581 6.7391397356987 0.8158884793519974 5.700792610645294 3.105936370790005 8.082273960113525 0 2.263830482959747 0.6078639030456543
1728.147556625307 0.1598256528377533 2708.038156598806 58.03210052847862 1.703789860010147 2295.32184483856 13886.437543571 3110.907742999494 76.69173707813025 11192.97269795835 42.93873524665833 26.9508268982172 1.173730321228504 8645.78842921555 5.450528331100941 10.92754006385803 253.5193458497524 13.8673747703433 19.96419657766819 21.16498675942421 437.1294154375792 0.8163122311234474 1357.5955818519 819.7534374147654 1.266984097659588 305.8995484113693 245.1648605838418 20157.01391286403 1865.766004860401 3499.64065900445 0.865432508289814 9.78748133033514 175.4408970028162 841.8540750443935 66.15418083965778 2707.122391283512 101.826307669282 1327.087179206312 740.2568497210741 185.9722289517522 50.25997544080019 6.225171633064747 25.98839508742094 0.796761579811573 0.1503519862890244 2.3385359197855 78.62042222172022 0.1419152021408081 5.386967562139034 317.9856766685843 34.94763497263193 84.71104619652033 102.520375020802 0.09886212646961212 10.01924198120832 0.1723114401102066 14.56360031664371 1.348614141345024 7.92661901563406 0.1053440645337105 0.3550663217902184 0.2956158369779587 29.4404554143548 3.744246393442154 2.825097978115082 10.48085013777018 423.8739977702498 0.2124724984169006 0.7899396568536758 10.78120781481266 436.8336422741413 8.857453852891922 9.502274975180626 0 2.707406282424927 1.137749917805195 6.407232731580734 3.397269383072853 40.14109475910664 0.5889283865690231 41.7601974606514 12.83895177394152 20.01103060692549 1.153807520866394 3.821791887283325 0
544.0118790045381 0.2913969755172729 386.5777598693967 40.86136010289192 8.306648962199688 5097.456945560873 3110.907742999494 10199.81971216202 16.41559775173664 3999.61661573872 273.3883972913027 752.4060985594988 4.007179923355579 7589.136281311512 57.14551865309477 2.16022003442049 910.6883304044604 56.15732918679714 125.357323512435 276.4850017502904 70.71745020151138 0 365.881604142487 342.8964266031981 4.335045740008354 267.4004492610693 54.43981344252825 663.7156210020185 2176.115790404379 2039.841996334493 2.602180868387222 750.9865922704339 8.378086410462856 1325.05600041151 3.17105682939291 387.4632273390889 31.40875817835331 728.0121438056231 228.0017137825489 1484.580923095345 82.24829881638288 20.15817087888718 13.99147517234087 0 0.1516745686531067 0 10.12684091180563 0 1.468610852956772 171.3915278688073 11.01849529147148 22.79256990551949 17.02189992368221 0.8371299803256989 6.204976059496403 0.1062405630946159 5.602678269147873 0 2.004034176468849 0 0.194012850522995 0.5961886942386627 5.833292298018932 2.509763069450855 1.223855443298817 1.044645242393017 151.6338967978954 0 0.9732201546430588 3.46800097823143 173.6090193912387 3.723144628107548 6.797860711812973 0 0 0.1561731845140457 2.441680990159512 4.08573217689991 20.73824848234653 0.127226859331131 16.56867857277393 8.063315905630589 8.981802731752396 1.920392066240311 1.470979183912277 0
0.1430170983076096 361.7706481516361 9.863865539431572 1122.272779867053 276.6985677033663 74.58974105864763 76.69173707813025 16.41559775173664 741.2130174711347 109.0284045636654 21.35694445669651 693.7467561364174 39.40464024245739 5.302709557116032 1331.710470914841 29.0299860984087 1.744291491806507 0.3193455338478088 1.132751926779747 726.2773836106062 3.311158739030361 2361.476074278355 7.357329182326794 7433.054243393242 160.984543338418 39.7511623352766 1644.100649811327 1048.84104911238 9.697059914469719 4.416279964148998 1.008597128093243 1.326203465461731 0.4638272821903229 15.96609009057283 1.382037758827209 41.96136353909969 6.255555838346481 18.97113484889269 6.505093537271023 614.542103253305 21.91447073221207 1.15432907640934 0 1.711217150092125 2.29963006824255 2.299280859529972 128.8416756317019 0.2132469415664673 1.854173131287098 94.28645597398281 8.616298489272594 67.18556241691113 36.99641434848309 0.3986167907714844 37.90034208446741 1.341237895190716 7.208068713545799 11.2265148460865 10.07025463879108 0.3086030334234238 0.1358066946268082 0.3263216018676758 17.46206928789616 10.51507699489594 4.160479828715324 2.432346053421497 622.473473072052 0.4841720163822174 2.765106968581676 25.01873463392258 218.948109574616 5.170480899512768 22.34090062975883 0 0.2583652883768082 0.813002698123455 1.773089699447155 4.460239574313164 30.30513427406549 0.3108563274145126 17.73595015704632 6.97370633482933 40.10595038533211 0.4767110645771027 0.1102424338459969 0.4446634352207184
206.3447252213955 0.3438180014491081 347.7085336893797 1298.01040738821 2.625821098685265 7136.446263313293 11192.97269795835 3999.61661573872 109.0284045636654 31118.93423529342 135.0436558462679 6174.25670036301 2.533335223793983 2516.08477474004 19.17477566748857 1.419149130582809 44.26633727550507 32.69161589816213 15.47723061591387 2259.538168754429 21.46170089393854 0.4429310187697411 73.9541529789567 957.3465364947915 3.43631012737751 116.2461331151426 48.29313753545284 7874.757917076349 2152.39657464996 56.27329180389643 2.163894630968571 26.40292163938284 40.54325073212385 751.3597080856562 16.51275611668825 1776.697997733951 60.09677781909704 1033.217113852501 483.4673014134169 132.4027267098427 59.90622656047344 9.878740392625332 16.73847171664238 0.7471951842308044 0 0 247.1503085419536 0.2267900854349136 11.01976925134659 313.3736180439591 44.48192319273949 120.2043677270412 279.3430773839355 1.237780503928661 80.10339073836803 0.2935611456632614 22.49099669605494 4.081445463001728 3.665909290313721 0.54730374366045 0.4157785177230835 0.08793520927429199 89.99289051443338 4.757441326975822 0.8939491212368011 3.70657717436552 578.269637607038 0 0.9742891043424606 3.416324011981487 582.7930989041924 7.508121468126774 3.659711584448814 0 0.9562512040138245 0.4507514461874962 4.142625316977501 1.739746756851673 31.31096148490906 1.922558180987835 26.46018666774035 8.607445597648621 24.01159308105707 1.23203781247139 2.805266305804253 0
7.513708464801311 257.0561045110226 78.68511559069157 4.471903659403324 72.09048291295767 227.3014952689409 42.93873524665833 273.3883972913027 21.35694445669651 135.0436558462679 7952.973553337157 147.2340949438512 3169.802021719515 79.06665836274624 2.473245583474636 4.3235854357481 935.452680632472 2805.27338925004 2528.593206673861 64.94935258477926 56.83054224401712 108.690088622272 124.69146309793 41.34488441795111 2177.824309408665 3374.964592158794 990.8892487809062 66.24960628896952 404.4781205207109 40.58429611474276 862.5404528528452 112.3392451331019 29.82303833216429 7014.798020847142 7.696462728083134 987.8747345432639 7585.738982640207 6040.471049003303 2451.454927407205 192.3488107472658 120.4217731878161 2044.644241280854 5.655491039156914 0.3309257328510284 39.12635130435228 1.436703853309155 0.0970166027545929 0 0.1007575243711472 8.348488993942738 0.5336081013083458 2.019178077578545 0 200.1821998283267 0.7846861183643341 645.8434580788016 0.2094622030854225 0 0.5396696925163269 0.6648561879992485 1.987940579652786 0.5169803351163864 0 0 0.9465698972344398 0.4641331136226654 14.8382883220911 73.88698755204678 68.26073152571917 228.0061279460788 24.31880360096693 1.079933494329453 0.5821856260299683 51.82583840191364 0.5661296397447586 0 7.132893219590187 6.698468863964081 14.03125897049904 246.3046326488256 21.30643953382969 3.943515129387379 0.9822194054722786 0.2809354662895203 142.187224060297 0
4.490048222243786 3.705017849802971 3.248044922947884 2087.076144769788 131.824796654284 6132.484706372023 26.9508268982172 752.4060985594988 693.7467561364174 6174.25670036301 147.2340949438512 6088.755560547113 4.14114037156105 532.415579713881 1102.308658376336 0.3779381066560745 4.323037371039391 27.45154543966055 9.485859461128712 2681.499621234834 1.629085086286068 21.74061201512814 3.375588357448578 161.1670987084508 3.911475799977779 51.78810776397586 27.65830515325069 95.98927268758416 484.0849239826202 5.74754074215889 2.90160620957613 16.33864945173264 2.265865415334702 320.4603498503566 0.7176474630832672 715.6856798455119 23.84468836337328 485.3663743808866 142.9205288439989 1414.574673652649 25.87958838790655 6.074286513030529 3.684818498790264 0 0.08251574635505676 0 118.0752568393946 0 0 6.5316202044487 0 179.849586263299 40.54669630527496 0 202.1847422868013 0 0.6910049021244049 29.09022627770901 0 0.1077196300029755 0 0 29.38476863503456 0 0 0.3111891746520996 154.1000843644142 0 0.170037217438221 1.539501197636127 36.66310812532902 0.1035438701510429 0 0 0.3035092651844025 0 0 0 9.949547678232193 0.2081854864954948 0.473307803273201 0.6717883571982384 70.59919188916683 0 1.091618083417416 0
0.1099471002817154 586.5738916471601 0.3161894530057907 1.538226515054703 0.673867866396904 4.326480589807034 1.173730321228504 4.007179923355579 39.40464024245739 2.533335223793983 3169.802021719515 4.14114037156105 3534.302500531077 1.238647177815437 0.5614217966794968 0 1.134292431175709 23.31964728981256 2.629059225320816 1.836120583117008 0.7187479883432388 241.300016798079 0.2034032195806503 21.02580504119396 4492.118104144931 321.4768108278513 4424.41853364557 1.456548199057579 3.417162276804447 0.1078290119767189 1311.262158818543 0.8671799972653389 0 833.8453790768981 6.224246650934219 75.13943191617727 2508.635247416794 474.269920989871 157.9856537058949 7.250575006008148 3.02838870882988 684.234480895102 0.343704879283905 0 68.59533965587616 1.471877783536911 0.112704761326313 0 0.2505539655685425 0.8007248640060425 0.773094579577446 0.5145335346460342 0 300.3325463607907 0.08130578696727753 1182.239208526909 0.2121042385697365 0 0.1405881494283676 1.207508951425552 3.223478086292744 2.248248480260372 0 0 4.521052002906799 0 0.6948238983750343 188.0947540998459 92.43150448799133 419.2101295217872 0.555382564663887 0.1466186791658401 0.09660056233406067 122.7013386636972 0.4505522772669792 0 8.584011130034924 0 2.200478725135326 348.8932741731405 19.81500636041164 1.156382761895657 0 0 102.2829043567181 0
4955.94912853092 0 517.0519715026021 42.69708286225796 0.2392610237002373 813.6771119683981 8645.78842921555 7589.136281311512 5.302709557116032 2516.08477474004 79.06665836274624 532.415579713881 1.238647177815437 9153.968859426677 7.560385227203369 3.180286206305027 1061.121238358319 30.73362182080746 119.2170646190643 301.719186514616 102.0443224236369 0.2614128515124321 493.165206938982 255.2658325657248 1.311954230070114 219.5163423195481 52.90013635903597 729.3668191432953 6547.69380781427 5073.576379708946 0.6255791261792183 45.52438802272081 27.5807529091835 493.5851241797209 2.305729933083057 687.5829229429364 30.96769491583109 381.4161671325564 150.6208988800645 968.3190067373216 42.29024366289377 7.755940899252892 18.18714887648821 0 0 0.3413140252232552 4.796140357851982 0 1.056101471185684 60.30522578209639 2.427627466619015 12.93183383345604 5.614581994712353 0.4336304143071175 2.466062001883984 0 3.421720236539841 0 2.313180945813656 0.0959465280175209 0 0 1.584773220121861 3.476627096533775 0.5394610390067101 0.6621877029538155 70.93298529833555 0.1176469027996063 0.5579683184623718 2.133287988603115 110.6864860728383 1.368866674602032 7.754711844027042 0 0 0.09406397491693497 0.7933158278465271 0.4380867183208466 15.53754975646734 0 7.666414268314838 2.605292126536369 6.287694439291954 0.7005454897880554 0.4936920255422592 0
0 9.659165054559708 0.4727549701929092 59.66351497173309 1057.186585098505 1467.007063180208 5.450528331100941 57.14551865309477 1331.710470914841 19.17477566748857 2.473245583474636 1102.308658376336 0.5614217966794968 7.560385227203369 116.7343327999115 0.5769625902175903 0 0.1347361505031586 0.2104057744145393 151.2426010891795 0 96.79521023482084 0 430.1324260383844 3.419877119362354 1.381990857422352 53.86159708350897 32.48641647398472 2.290346384048462 0.1046601086854935 0 152.4595790654421 0 13.93623148649931 0 22.72687749564648 0.3052866905927658 9.670493938028812 1.743999555706978 689.1764377057552 166.2379584312439 0.2799558043479919 0 0 0.1413383781909943 0 1.600589275360107 0 0 0.1524333655834198 0 12.94169294834137 0.3839758336544037 0 5.558107003569603 0 0.1992940306663513 0 0 0 0 0 0.1659837961196899 0.1397463232278824 0 0 4.047986209392548 0 0 0.5713432654738426 0.9046205431222916 0 0 0 0 0 0 0 0 0 0 0 3.121910810470581 0 0 0
0.2494687214493752 3.516918808221817 6.592196650803089 0.6293570548295975 0 0.3132646903395653 10.92754006385803 2.16022003442049 29.0299860984087 1.419149130582809 4.3235854357481 0.3779381066560745 0 3.180286206305027 0.5769625902175903 2662.557326003909 3.311325684189796 1.369326397776604 3.449566401541233 0.2110320180654526 2237.624483607709 1520.519781962037 4878.442098990083 1652.903213024139 0.2939808666706085 5.008483380079269 4019.289800390601 981.1892059668899 4.048473834991455 6.457536913454533 0 0 1.607097417116165 23.28319106996059 32.68236193805933 1335.971419237554 354.3536100760102 332.6036836281419 401.6826074495912 110.9109193235636 2.554885283112526 0.9562131464481354 12.34727876633406 1.126558713614941 5.754503235220909 43.19074109941721 0.2716098949313164 0 0 66.70059155672789 2.544422976672649 58.38659835606813 1.739882171154022 0.5635816603899002 0.4885934591293335 2.047057747840881 3.795835807919502 0 3376.579879999161 0.5846797004342079 0.1835164204239845 0.9415695667266846 0.7242203950881958 920.0063390061259 1928.621909372509 2192.35152605921 539.3113379999995 0 1.03553257137537 616.3735449165106 343.4884599670768 13.06778162717819 175.1488463431597 0 0 1.858448088169098 5.519768051803112 18.91714391112328 240.6320518404245 24.49926926195621 39.15503684431314 52.73847398161888 8.518721885979176 0.259733647108078 0 0.7766115814447403
219.7747970819473 4.869948968291283 7330.811598882079 2.001797400414944 0.7939042598009109 11.00888978689909 253.5193458497524 910.6883304044604 1.744291491806507 44.26633727550507 935.452680632472 4.323037371039391 1.134292431175709 1061.121238358319 0 3.311325684189796 1528.396983630955 442.9789835438132 4448.978529550135 2.270226299762726 441.6847044751048 11.75901538133621 4741.281577378511 18.69346275180578 0.9416404962539673 4374.471088767052 5003.566760092974 111.5013256147504 830.7825518921018 2090.627217896283 0.2800407856702805 1.045679330825806 126.4186427593231 2132.52303160727 3.699205316603184 158.1966755092144 760.2509509623051 1069.440113015473 194.4295409470797 9.735124409198761 1.454218678176403 5.017553448677063 1.187891103327274 0 2.250515930354595 24.20512782782316 0.2362874522805214 0 0 0.5529958009719849 0 0 0 0 0.09296107292175293 0.1104190722107887 0 0 0.8448933064937592 2.7576694637537 0.3480355590581894 1.469747066497803 0 1.375275447964668 0.2623826265335083 1.828632712364197 1.489883705973625 0.5432947650551796 35.00891795009375 95.12243668735027 2.420352354645729 0 0.1112014874815941 0 0 0 0.7551102265715599 0.8827173113822937 1.196716882288456 0.3433254584670067 1.404907204210758 0.2432878166437149 0 0 0 0
5.163770042359829 0.9781085550785065 72.23755465447903 0.7996292784810066 3.955192618072033 30.93539107590914 13.8673747703433 56.15732918679714 0.3193455338478088 32.69161589816213 2805.27338925004 27.45154543966055 23.31964728981256 30.73362182080746 0.1347361505031586 1.369326397776604 442.9789835438132 984.7444536015391 2207.166522547603 12.13868235051632 15.04432053864002 1.672852165997028 86.71486952155828 5.381445668637753 26.25635219365358 2799.489426717162 332.925766132772 13.38801966607571 73.2720266059041 30.9363678842783 49.58821669965982 7.237216800451279 13.06285953521729 1248.131615743041 3.485691428184509 578.3281718194485 930.1335965767503 1596.491054281592 730.1197945997119 38.07945101708174 6.970172166824341 13.93964365124702 2.511526621878147 0 0.7366928309202194 0.7300517559051514 0.08507909625768661 0 0 2.014878943562508 0.1771225035190582 0.7776960581541061 0 2.275914959609509 0 29.28201827406883 0 0 0 0.4546303302049637 1.326237067580223 0.5636789947748184 0 0 0.131048172712326 0 1.850826121866703 3.778059780597687 51.50078093260527 106.3681746125221 2.837705232203007 0 0.1137541383504868 12.11550360172987 0 0 0.3017970398068428 1.520805090665817 5.780777223408222 17.57497397065163 0.4965909123420715 0.3088784664869308 0.479086697101593 0 0.1165667250752449 0
23.51078414916992 5.071224674582481 417.9805014282465 1.066320598125458 1.972783498466015 12.68610764294863 19.96419657766819 125.357323512435 1.132751926779747 15.47723061591387 2528.593206673861 9.485859461128712 2.629059225320816 119.2170646190643 0.2104057744145393 3.449566401541233 4448.978529550135 2207.166522547603 2708.465995535254 4.372093081474304 63.16706185787916 4.760202787816525 343.4663391709328 6.368131674826145 1.341617226600647 3633.085352353752 1736.576941087842 13.60003814846277 163.0440701916814 163.4788645356894 2.692093133926392 2.315640226006508 42.14729011803865 1176.580120593309 1.716484382748604 251.7194329202175 1259.638908810914 783.2836314663291 263.8368635252118 21.0840552970767 1.375598147511482 16.56268562376499 0.7370376586914062 0.08414139598608017 5.281440854072571 5.269931055605412 0 0 0 0.9289315342903137 0 0 0 2.161308497190475 0 2.997241221368313 0.3303249701857567 0 0 3.925005041062832 2.729262143373489 3.353790491819382 0 0.4581697583198547 0.1416609138250351 0.1010395139455795 0.3891864195466042 4.367019467055798 164.4675128236413 213.304514080286 1.570898644626141 0.1069599539041519 0 3.850703053176403 0 0.2274382337927818 0.8014410510659218 0.5316933989524841 2.063038684427738 26.19451620429754 4.284478917717934 0.2057341933250427 0 0 0.2302542328834534 0
13.23663968592882 0.7098450362682343 4.464453287422657 5910.287884682417 10.76071481406689 521.1578363329172 21.16498675942421 276.4850017502904 726.2773836106062 2259.538168754429 64.94935258477926 2681.499621234834 1.836120583117008 301.719186514616 151.2426010891795 0.2110320180654526 2.270226299762726 12.13868235051632 4.372093081474304 545.2037739232183 0.7766978368163109 7.500166065990925 3.403004832565784 204.6176197230816 1.505086667835712 25.33567570894957 15.75633762776852 795.0289439558983 448.0909243151546 4.697758689522743 0.4274996891617775 8.814425230026245 3.914831310510635 205.2206607535481 2.49618162214756 399.0635432675481 19.10027643293142 303.6049564629793 116.4724972471595 438.8661374151707 14.31769895553589 6.637470945715904 3.418488889932632 0 0.08904947340488434 0 137.9572786018252 0 2.339099489152431 23.3793405815959 2.924545615911484 121.7585551291704 79.25376690924168 0 69.10597597062588 0 1.299922697246075 9.206349849700928 0 0 0 0 31.55712579190731 0 0 0.2198528051376343 208.9094055965543 0 0.152235746383667 0.1717563346028328 106.442975230515 0.2446935996413231 0 0.1069872304797173 0 0 0.2104052752256393 0 3.314331203699112 0 3.062825068831444 0.8388554453849792 41.09083849191666 0 0.2132254540920258 0
25.49853175133467 1.996722906827927 1110.301616929471 0.9175688624382019 1.96039093285799 8.685920745134354 437.1294154375792 70.71745020151138 3.311158739030361 21.46170089393854 56.83054224401712 1.629085086286068 0.7187479883432388 102.0443224236369 0 2237.624483607709 441.6847044751048 15.04432053864002 63.16706185787916 0.7766978368163109 11743.40640886128 370.9857947379351 14655.85878255963 492.7689490541816 0.1349546313285828 53.9865725710988 374.5937307327986 2837.824405491352 164.2022830396891 7328.747578293085 0 1.85543604940176 37.89118993282318 3370.120901480317 182.5740986466408 6829.986984573305 627.322797819972 5874.697082974017 2371.215374000371 291.4238027706742 16.1000854074955 3.76647213101387 48.75573229789734 3.160537995398045 0.270893007516861 1.799576826393604 1.827185496687889 0 0.1055352836847305 107.98151987046 5.191255837678909 61.8585431650281 4.056872740387917 1.338598072528839 0 0 12.46781950443983 0.1230360269546509 443.6223000511527 0.5183113291859627 0 1.337172619998455 0 623.9762085452676 324.5486127734184 127.2145618274808 715.852272041142 0 0.7205973044037819 12.66428108513355 586.1279954090714 25.33325006067753 262.8068718910217 0 0.1378543376922607 2.167707547545433 6.883999340236187 19.96419794857502 204.8093660026789 13.00930155068636 33.13290716707706 28.38543549180031 13.36018136143684 0.2578266859054565 0.3572526276111603 0.6778432577848434
0 3054.039805561304 3.420487403869629 9.243152141571045 8.181438013911247 0.6592779606580734 0.8163122311234474 0 2361.476074278355 0.4429310187697411 108.690088622272 21.74061201512814 241.300016798079 0.2614128515124321 96.79521023482084 1520.519781962037 11.75901538133621 1.672852165997028 4.760202787816525 7.500166065990925 370.9857947379351 1302.849908173084 182.3083126395941 4846.81998141855 1033.531832367182 63.23543000221252 5610.872321583331 165.2184542044997 2.203576654195786 6.376573011279106 5.127296946942806 0.1149403154850006 0.7589019984006882 61.29499981552362 0 83.26960019767284 131.4355484172702 94.86076390743256 13.63891647011042 101.2217708230019 1.419634640216827 15.67535911500454 0.4235941767692566 0.5123277753591537 24.94027473032475 33.51018245518208 14.52455261349678 0 0.3876595795154572 11.97219180315733 0.8824354410171509 50.32497084140778 0.586444079875946 2.112997643649578 0.5352163910865784 10.40111327171326 1.603436969220638 0 1012.689916498959 0.5151212140917778 0.2062163501977921 0.5474153757095337 0 208.8706666231155 167.2144586518407 351.7088290899992 237.9124494865537 9.686961308121681 13.6453921943903 996.0330367386341 66.43167201429605 7.698077008128166 60.42352590709925 0.9701385200023651 0 1.142752215266228 0.9659978002309799 5.429958313703537 64.96883802115917 10.24549444764853 10.36500116437674 14.13136713206768 6.324491500854492 0 0.9648797065019608 0.3367056995630264
95.25989724695683 0.8964193165302277 10540.15965955704 4.367897674441338 2.905108436942101 18.35164196044207 1357.5955818519 365.881604142487 7.357329182326794 73.9541529789567 124.69146309793 3.375588357448578 0.2034032195806503 493.165206938982 0 4878.442098990083 4741.281577378511 86.71486952155828 343.4663391709328 3.403004832565784 14655.85878255963 182.3083126395941 14799.10120097548 985.5277042984962 0.4313343241810799 1278.246188379824 4956.459399148822 4741.560291595757 338.7908017337322 4885.094109617174 0.4706064835190773 3.014584988355637 53.78064649552107 3142.159809559584 411.1207834556699 11308.9471059069 4350.886636115611 10334.16748051345 6931.277525089681 1286.581286109984 49.51848109066486 16.41064319014549 145.2556325048208 2.577911794185638 2.439221635460854 41.34959334880114 1.884079940617085 0 0.5865750312805176 40.94856311380863 2.582311719655991 6.020169161260128 5.615277864038944 0.1511067003011703 0.3232866227626801 0.1761259436607361 2.56027352809906 0 1707.469629541039 0 0 0.2956131920218468 0.8486782312393188 407.1141749769449 565.5423248410225 1153.362358160317 132.0742376893759 0 1.400793835520744 364.277588903904 102.3517235144973 4.784086838364601 79.90129582583904 0.0972735807299614 0 0.2953083068132401 0.6310708522796631 36.64141208678484 111.8946763128042 12.78718904405832 15.76529785990715 30.03791369497776 4.348090022802353 0 1.954787209630013 0
16.79088897258043 227.8099408075213 821.1148645356297 1244.088452458382 34.8487419039011 211.5114596709609 819.7534374147654 342.8964266031981 7433.054243393242 957.3465364947915 41.34488441795111 161.1670987084508 21.02580504119396 255.2658325657248 430.1324260383844 1652.903213024139 18.69346275180578 5.381445668637753 6.368131674826145 204.6176197230816 492.7689490541816 4846.81998141855 985.5277042984962 14284.1701984778 80.86251316964626 161.3108890503645 2887.151593200862 10651.70120809972 528.0883440151811 302.3026341348886 1.258456394076347 6.013513408601284 94.7463171556592 384.1457109078765 44.33472656458616 2388.372333846986 175.034442089498 880.6613272950053 416.9689838960767 452.0987719073892 31.17015928775072 4.511962838470936 17.40551842004061 23.58125663548708 2.771986059844494 10.56394921243191 738.5508524775505 0.6383864060044289 36.63463494926691 1654.149092808366 158.3557666093111 2349.767243891954 453.4213726595044 12.12183119356632 106.8405425921082 2.31837186217308 111.2266878858209 18.00653860718012 143.0808404907584 1.814649544656277 3.808009929955006 3.677926994860172 161.6513558402658 137.2989708706737 154.4186300039291 72.66649968922138 4940.493031509221 0.4945533499121666 6.843605652451515 64.19903562217951 3711.567132346332 103.6509464681149 313.135265044868 0.5487693920731544 8.866392068564892 6.490756593644619 47.40014275163412 66.66030383855104 493.0155299976468 10.09290088713169 322.9198703989387 156.9344971776009 218.9596449136734 13.25431054830551 4.711309365928173 4.108910821378231
0.1581049561500549 1673.267369136214 1.135869443416595 0.8554534688591957 0.5837101116776466 3.112438790500164 1.266984097659588 4.335045740008354 160.984543338418 3.43631012737751 2177.824309408665 3.911475799977779 4492.118104144931 1.311954230070114 3.419877119362354 0.2939808666706085 0.9416404962539673 26.25635219365358 1.341617226600647 1.505086667835712 0.1349546313285828 1033.531832367182 0.4313343241810799 80.86251316964626 824.76248241961 397.9135614708066 4497.391458168626 1.564410962164402 1.959661282598972 0.3695844411849976 449.1233167499304 0.436192125082016 0 889.6439184397459 2.710140705108643 149.0134968906641 552.4959030151367 539.70900734514 226.9279483258724 8.394342288374901 3.278429061174393 419.0642808824778 0.3145977407693863 0 178.5643514245749 5.042674675583839 0.6317867264151573 0 0 0.7451492697000504 1.029828324913979 0.5602781176567078 0 221.8880677744746 0 966.4338203519583 0.1670809686183929 0 0.566494956612587 4.571167439222336 9.69333765655756 3.079813838005066 0 0 10.61404049396515 0.2504432648420334 1.006258554756641 172.2424986958504 367.6824443489313 1050.537338726223 0.3421891704201698 0.1819854378700256 0 50.32978182286024 0.6114825308322906 0 7.807517439126968 1.370739698410034 4.893287815153599 109.2178709954023 15.61921294778585 2.373636029660702 0 0.8204653859138489 35.84841492772102 0
29.26522660255432 36.55212273448706 6255.146974459291 7.259455151855946 10.30247581750154 61.13390436768532 305.8995484113693 267.4004492610693 39.7511623352766 116.2461331151426 3374.964592158794 51.78810776397586 321.4768108278513 219.5163423195481 1.381990857422352 5.008483380079269 4374.471088767052 2799.489426717162 3633.085352353752 25.33567570894957 53.9865725710988 63.23543000221252 1278.246188379824 161.3108890503645 397.9135614708066 21942.215294227 7884.793650053442 106.2263319417834 208.2764269709587 304.7470520287752 504.6944369226694 11.5554433465004 39.612309448421 2376.359586469829 25.04096840322018 3616.440783396363 7049.346754148602 4818.919706016779 2651.413260184228 224.127509817481 18.17701803147793 155.1403080970049 18.83299198001623 0.1159978732466698 113.7792286351323 94.26481945812702 0.179887130856514 0 0 5.532779462635517 1.687970511615276 1.971086055040359 0.2998840287327766 66.09287435561419 0.1754667460918427 1086.634033083916 1.406507879495621 0 0.8152300119400024 43.71284916996956 42.54659685492516 41.46271701902151 0.5607804656028748 0.1891037151217461 6.349198751151562 2.500161066651344 5.61840645223856 223.8706097826362 2021.004536397755 4093.060735657811 6.191089063882828 0.8865936547517776 0.70641228556633 295.1426907107234 0.4819205552339554 0.2202927395701408 15.28124058991671 10.51023732125759 28.6841304898262 322.3356588929892 40.11978947371244 6.994641624391079 0.9344081878662109 0.2567061856389046 3.03897400945425 0.2549792304635048
8.435922741889954 3772.701309807599 8978.532092392445 8.408294670283794 11.78404325246811 27.32070054858923 245.1648605838418 54.43981344252825 1644.100649811327 48.29313753545284 990.8892487809062 27.65830515325069 4424.41853364557 52.90013635903597 53.86159708350897 4019.289800390601 5003.566760092974 332.925766132772 1736.576941087842 15.75633762776852 374.5937307327986 5610.872321583331 4956.459399148822 2887.151593200862 4497.391458168626 7884.793650053442 27202.46479925513 1186.496531434357 67.1853970438242 70.54434420913458 1590.083045266569 5.833120211958885 9.846267081797123 2051.670090444386 146.2397623732686 7959.012717373669 5319.734247498214 7169.474936630577 3564.847418673337 750.652502015233 33.57166586816311 61.5347244143486 65.92917039245367 5.482513420283794 2233.804085895419 3639.241765014827 11.49166802316904 0.1568621248006821 1.208826251327991 118.7259580045938 28.15820827335119 33.30596300959587 4.250989869236946 79.04216619580984 0.6404356807470322 1170.032316483557 38.03048491477966 1.981873989105225 1491.842889420688 172.6630594432354 74.63212669640779 108.3381634876132 0.7342894971370697 71.80553530156612 848.1301746442914 2219.477472342551 97.88360790908337 1112.027710363269 4672.798948429525 26067.62442047894 76.95108626782894 5.933562196791172 13.74174351245165 369.6699154898524 0.6293257549405098 0.6985795423388481 44.17733473330736 31.82103612273932 144.2371754944324 355.7473281696439 153.2209214866161 53.88138221204281 5.319115504622459 0.9396334886550903 3.948688745498657 0.5705628618597984
71.86208829283714 4.543006204068661 1263.45814461261 1831.7262442559 3.621419720351696 706.9425566494465 20157.01391286403 663.7156210020185 1048.84104911238 7874.757917076349 66.24960628896952 95.98927268758416 1.456548199057579 729.3668191432953 32.48641647398472 981.1892059668899 111.5013256147504 13.38801966607571 13.60003814846277 795.0289439558983 2837.824405491352 165.2184542044997 4741.560291595757 10651.70120809972 1.564410962164402 106.2263319417834 1186.496531434357 26017.05796159804 1867.453115217388 6684.261842265725 1.313629277050495 12.39848013222218 430.185780569911 1347.383830390871 133.4174591973424 5400.748518645763 269.6174346730113 2791.670917093754 1271.132340729237 360.8314426913857 59.73378774523735 18.52437065541744 56.95425052940845 23.79931551963091 2.061464682221413 5.575899101793766 649.3907069563866 0.1139988824725151 43.59215742349625 2001.66034065932 170.5947913229465 914.6286079511046 541.643253698945 9.709861494600773 87.88590329885483 3.995393820106983 121.6500379666686 17.89985884726048 108.0589586496353 1.9568275436759 3.405753396451473 2.474867910146713 193.9441917911172 144.0090769529343 62.13905305415392 55.26150577515364 3877.001716718078 0.2707412987947464 4.661035962402821 36.62404335290194 3632.268420152366 103.0570424795151 333.7163144797087 0.8488250151276588 8.872492782771587 5.176685728132725 39.15357180684805 55.32724329084158 410.3261898159981 8.806862235069275 315.0388830900192 116.4732670262456 209.841777831316 13.40546971559525 4.8279128074646 2.982487708330154
3800.276330433786 0.6033259704709053 172.5279382690787 102.2489222064614 20.45738787204027 599.3909722417593 1865.766004860401 2176.115790404379 9.697059914469719 2152.39657464996 404.4781205207109 484.0849239826202 3.417162276804447 6547.69380781427 2.290346384048462 4.048473834991455 830.7825518921018 73.2720266059041 163.0440701916814 448.0909243151546 164.2022830396891 2.203576654195786 338.7908017337322 528.0883440151811 1.959661282598972 208.2764269709587 67.1853970438242 1867.453115217388 19658.26491042227 6247.555053636432 2.864994965493679 1338.187641508877 1366.858726762235 1886.558813199401 5.966556511819363 1109.355513967574 49.69247115403414 2001.42514538765 556.7897180989385 597.5346618443727 256.018985658884 27.77907084673643 29.36529622972012 0.2317477315664291 0.5173270702362061 0 2.665943540632725 0 1.589037030935287 84.64358527958393 3.365634344518185 18.32515446841717 4.957824595272541 0.7598125338554382 1.92369494587183 0.3909098729491234 3.206924110651016 0.2163615673780441 1.497476421296597 0.2988304421305656 0.09726843982934952 0.1421977877616882 1.636207066476345 3.933717176318169 2.445284642279148 2.052479937672615 97.46322623640299 0 0.5364318564534187 2.09961299598217 124.0769274607301 3.554548650979996 11.54323587566614 0.1052528768777847 0.694486953318119 0.4320113360881805 2.290959820151329 2.269849240779877 26.66067795455456 0.2373667806386948 16.5458370000124 3.201119989156723 8.235468655824661 0.6364976167678833 0.5847740918397903 0
