1486.679135069251 0.3755507618188858 154.3926363438368 2.555399648845196 0 5.302001133561134 2414.425818473101 209.2643433883786 21.91770272701979 13.6795838624239 4.437065541744232 9.629910096526146 0.1015209704637527 6475.521356102079 0 3.777111805975437 187.2521599978209 14.97332761436701 58.65658830851316 0.3276309594511986 65.77158399671316 0.8490858748555183 188.5307503119111 208.5709112882614 0 71.04412915557623 47.31782641261816 111.4385451748967 5189.073936082423 3094.874721989036 0.08631430566310883 1.05497895181179 56.29796708375216 202.1432055532932 1.353077918291092 27.34685801714659 4.502699486911297 43.12421182543039 9.841234765946865 3.219291292130947 0.6010236442089081 0 0.171693280339241 0.5544265434145927 0 0.6977677866816521 0 0 1.41524937748909 3.728406503796577 4.045652084052563 11.98040027171373 1.211794160306454 0 0.9525747299194336 0 2.912371553480625 0 5.543077312409878 0.09646123647689819 0 0 0 0.6921779289841652 1.937289759516716 0.3674085661768913 19.11238729953766 0 0.4967259168624878 1.702837191522121 27.26535281538963 4.469461813569069 4.41123640537262 0.09490344673395157 0 0.3088290020823479 1.545972593128681 0 12.62391616404057 1.087842285633087 6.327134884893894 1.536507412791252 1.846132092177868 0 0 0
0.3755507618188858 97.89370838552713 7.297470085322857 1.082702830433846 0 0.454025000333786 0.7862386032938957 0.8381689637899399 737.4918461889029 0.2617770656943321 281.8713128939271 8.273185782134533 1318.838498011231 1.631990507245064 4.479988664388657 48.33879093825817 6.691909857094288 25.36623608320951 1.949670508503914 0.6237997636198997 3.027378007769585 2286.016110576689 5.117659732699394 571.9572142809629 1575.99818829447 139.9109670743346 5625.985845454037 8.441102132201195 3.259551554918289 1.348155483603477 114.3880998119712 1.204197660088539 0.4641650691628456 19.50284062325954 0.3082259744405746 36.42012818902731 32.42032997310162 66.39471570402384 5.657842740416527 2.331408202648163 0.4664258062839508 93.99550830572844 0.1588367223739624 0.0888555645942688 54.95499690622091 53.11016980558634 0 0 0.08307244628667831 0.8932140544056892 0.8866041973233223 5.785780683159828 0 9.143442012369633 0 44.478132173419 0.6933398693799973 0.2470901980996132 7.35306753218174 3.324507504701614 2.875635176897049 2.546385571360588 0 0.4165176004171371 35.99812164902687 8.63721127808094 4.09956106543541 23.13900575041771 192.0771394148469 1596.904722139239 1.802739426493645 0.4673664346337318 0.1087103858590126 17.2287857607007 0.07784487307071686 0 3.802493236958981 0.1495942771434784 10.58238968998194 20.61254129558802 15.56145779788494 4.091640323400497 0.1715734302997589 0 4.609122231602669 0
154.3926363438368 7.297470085322857 5839.024733930826 2.713576652109623 0.08775130659341812 176.4080244973302 423.6486058980227 904.016882494092 5.275469303131104 95.84161408990622 25.97722411155701 12.72974875569344 8.228402942419052 983.8675313517451 0.8291267976164818 10.76251016557217 4572.225429236889 69.22990932315588 226.8883158192039 0.4848847240209579 393.1691668629646 35.28158900141716 8272.580743156374 24.4316494166851 0.4466764107346535 5537.305517099798 6902.089501269162 90.26154225319624 267.1675672903657 472.270315349102 0.5274856314063072 4.766704708337784 18.73045030236244 1091.881864391267 49.16647401452065 2478.048886619508 1108.921953231096 1767.382797464728 684.1590928062797 27.38245273381472 6.834574222564697 4.488774411380291 9.480705760419369 0.5301419049501419 193.9483434781432 486.9091688543558 0 0 0.3384354710578918 7.455531939864159 1.867463044822216 2.116773717105389 0 0.3686360791325569 0.1676648110151291 0.2406639978289604 2.373333275318146 0 40.65964868664742 21.10395485907793 0.3083505630493164 4.264870747923851 0 7.995977342128754 165.0059748515487 223.2086443379521 7.451275169849396 0.1898520737886429 71.45117737352848 1904.101590447128 6.812639020383358 2.530739642679691 6.330783329904079 0.1084818691015244 0 0 8.317337937653065 39.28618779778481 88.77790380269289 25.94061915576458 85.31453698128462 47.40135054290295 2.671810910105705 0 0.2963620349764824 0
2.555399648845196 1.082702830433846 2.713576652109623 1539.304916121066 0 136.0870050489902 206.1607592403889 34.72981044650078 789.4326812773943 1910.045753628016 1.354331456124783 6193.758831530809 8.445337004959583 61.24746285378933 38.79986125975847 0.5624813660979271 0.8016932308673859 0.3278064429759979 0.08438070863485336 2559.076648198068 0.7452813982963562 3.220004484057426 3.853189684450626 1025.288866259158 0 0.471334770321846 2.297746174037457 3939.540471926332 52.34718815982342 0.9714769795536995 0.08976826071739197 3.624590776860714 0.6762184798717499 24.44239699840546 2.450202532112598 92.38817897439003 2.761231631040573 68.95074290037155 28.09414450824261 38.42910020798445 7.447550602257252 0 1.679320350289345 0.465039923787117 0.31846634298563 0 93.90390805155039 0 43.71611056476831 22.22987166792154 20.47925446927547 269.580666385591 157.6035808622837 1.294790521264076 170.654669046402 6.46342921257019 3.380468063056469 14.1709221675992 0.2366014420986176 0 0.2600170373916626 0 48.98204983025789 0.1046128943562508 0.5661696791648865 0 146.9383947178721 0 0 0.5031197145581245 251.6793019399047 3.990463048219681 0.6394368857145309 0 0.1312303841114044 0 0.6592693701386452 0.1353961676359177 9.364194296300411 0 6.771264135837555 2.031974174082279 15.95663861185312 0 0 0.5809363722801208
0 0 0.08775130659341812 0 21.16415068507195 157.6187037229538 0 29.88933503627777 49.93212419748306 0.4812972620129585 3.646098747849464 7.193794317543507 5.514492079615593 6.95720099657774 1224.974055811763 0 0 0.9187780767679214 0.2819077670574188 0.2814738154411316 0.1896485164761543 0 0.6459080651402473 0.9970366507768631 0 0.2809889912605286 0.2146181464195251 0.08991735428571701 171.1755654588342 0.2357746511697769 0 212.2700867652893 0 73.70957179367542 0.3279127478599548 10.16210819035769 0.5506802946329117 52.9415120780468 4.38041390478611 899.7549045607448 17.73876836895943 0 0 0 0 0 0 0 0 0 0 0 0 0 0 0 0 0 0 0 0 0 0 0 0 0 0 0 0 0 0 0.3421881794929504 0 0 0 0 0 0 0 0 0 0 0 0.6308416128158569 0 0
5.302001133561134 0.454025000333786 176.4080244973302 136.0870050489902 157.6187037229538 9308.81214170903 2349.452809855342 6932.801686298102 309.3906339332461 6994.995301604271 62.2621368393302 8069.409519314766 75.06568370014429 790.8634527176619 1900.707348883152 13.82723747938871 17.73777017742395 12.79779619723558 5.331270731985569 192.2378966808319 85.19977530837059 1.072579711675644 230.1906687915325 377.6684775054455 0.7557825371623039 25.08200922608376 59.36295423656702 1057.419344045222 502.3979571610689 49.49114775285125 0.7226980775594711 1015.655497007072 1.816880770027637 409.3055511936545 11.27412340790033 420.9611738473177 23.86367988586426 722.8939145207405 157.5513507276773 2730.910958610475 261.4133201315999 5.90723605453968 9.803355380892754 4.098347924649715 0.7106945514678955 0.5428194627165794 29.21905504912138 0 70.66867973655462 62.52625751495361 109.6049931272864 99.42247522622347 178.3972314968705 6.269782304763794 28.2638765797019 0.9663180038332939 25.36955507099628 4.576154470443726 1.463925622403622 0 0.2206385284662247 0 16.65698888152838 0.2669691294431686 1.859351843595505 2.6038424000144 157.4429279640317 0 1.318578191101551 8.50222996622324 277.6634652167559 21.22640372812748 3.185431145131588 0 0.8998286873102188 0.4605583548545837 5.378528103232384 2.579122170805931 30.84070537239313 1.312785394489765 30.87750437855721 5.025981560349464 22.5702376589179 1.593552283942699 1.10645404458046 2.072298675775528
2414.425818473101 0.7862386032938957 423.6486058980227 206.1607592403889 0 2349.452809855342 23329.06147618592 4512.848410762846 161.4768834635615 7055.947768561542 3.075388416647911 187.3765538781881 7.402585834264755 9070.448382522911 3.844335176050663 324.6680764406919 41.29928778856993 3.647119358181953 6.33747274428606 183.6391517966986 457.4996010512114 19.59981396049261 1798.336015343666 2961.921590730548 0 39.24664330482483 439.5402186736465 21324.04733157158 414.9865235388279 5645.286588333547 0.1611251756548882 11.93841634690762 10.85413174331188 121.5530144423246 9.575351841747761 246.5791843608022 13.61010935157537 266.1926183253527 92.5062992721796 49.88406275212765 17.70879410207272 0 5.997097961604595 1.541634760797024 3.007755480706692 3.566475957632065 8.706892907619476 0 48.55941357463598 29.17859372496605 54.10716141015291 75.55406863242388 70.76061102002859 0.4842147082090378 15.64224576205015 1.615259878337383 15.96596548706293 1.485338322818279 9.212834179401398 0.1080421358346939 0.1260347813367844 0.186112567782402 12.19999227672815 0.359332948923111 4.76408714056015 10.02545952051878 112.7727811411023 0 0.3899806067347527 31.07451935112476 189.8379204124212 12.97005078941584 4.847010053694248 0 0.8301343023777008 0.4266657456755638 3.752777777612209 1.923094645142555 38.55112905055285 0.7527546286582947 33.0816600844264 9.186882987618446 7.115489609539509 2.209263779222965 0.1364218890666962 2.528628259897232
209.2643433883786 0.8381689637899399 904.016882494092 34.72981044650078 29.88933503627777 6932.801686298102 4512.848410762846 10302.04171618819 100.2215907275677 3433.78947532922 142.2676800042391 1870.043641641736 91.71037673950195 4574.057626597583 440.6784963458776 11.91934342682362 176.486737832427 39.34325893223286 36.37883841991425 25.18233951181173 469.819538384676 2.368594333529472 1141.073794238269 400.3507299423218 0.9971118941903114 149.5965843945742 140.6560574509203 421.5290283858776 863.4132173657417 946.3217235952616 2.666594177484512 1051.588377699256 2.102469831705093 472.0752651318908 8.144724383950233 513.7126468345523 65.02911820262671 783.3528403639793 126.672976449132 1154.720457546413 254.4461623877287 9.606388591229916 9.711526095867157 2.771617569029331 0.5755289867520332 2.177893966436386 7.040213473141193 0 32.88883891701698 39.50530841946602 77.83062101900578 55.72482848167419 65.95266314595938 2.252556428313255 9.936472199857235 4.059591956436634 19.38185021281242 1.606667563319206 3.05985277146101 0.09618409723043442 0 0.09113491326570511 4.480713680386543 0.9714081734418869 2.212742932140827 3.883857280015945 122.6219199821353 0 0.4628714323043823 19.40397882461548 170.6261487528682 17.1570567637682 11.27260817587376 0.073924720287323 1.978278242051601 1.426374033093452 6.406482979655266 3.829945400357246 34.75983764231205 1.578627191483974 31.40859531611204 5.450541891157627 5.095592692494392 0.445811353623867 1.830095559358597 0.1386007219552994
21.91770272701979 737.4918461889029 5.275469303131104 789.4326812773943 49.93212419748306 309.3906339332461 161.4768834635615 100.2215907275677 879.115702368319 233.2596794068813 11.05671522021294 2202.054351903498 39.55475935339928 158.7090417444706 830.9718304052949 179.1878909692168 3.254252009093761 3.219242244958878 0.7362846881151199 309.3218135014176 61.44997318834066 2202.344373859465 27.1338265389204 7469.838331252337 86.24128592759371 16.40486184507608 866.1622435227036 1107.852399468422 188.6675563901663 150.7905827388167 7.380861803889275 5.252433635294437 14.09454426914454 58.92652394622564 19.05628684163094 653.8704795911908 73.3844830840826 139.1859467029572 77.54139234125614 484.0741741284728 18.04979503899813 2.083292730152607 4.238124936819077 18.0105911269784 4.896343991160393 1.171806551516056 82.49194206297398 0.8915616422891617 79.54134394228458 115.1592158675194 125.8115041181445 263.0346531048417 240.0550664588809 2.492464654147625 223.5846150591969 2.822849445044994 56.11465675383806 70.20374511927366 76.33104865252972 0 0.7637437507510185 0.950744666159153 57.10271008312702 21.63591905683279 10.97037243843079 7.113335736095905 779.605074763298 1.842916026711464 5.748955935239792 13.60907009243965 651.5630123689771 90.04009664058685 68.51793564856052 1.182402268052101 0.7433314695954323 3.626709409058094 11.08636759966612 6.564319804310799 163.3909721598029 3.064134985208511 61.70487599074841 20.06954243779182 122.3802494779229 3.21013667434454 0.5972007662057877 1.552838504314423
13.6795838624239 0.2617770656943321 95.84161408990622 1910.045753628016 0.4812972620129585 6994.995301604271 7055.947768561542 3433.78947532922 233.2596794068813 37137.68103962392 11.00985695421696 4421.319087959826 14.25299724936485 965.7848733700812 8.723871394991875 13.71989933401346 8.88427596539259 3.922456905245781 1.925830766558647 4034.281107589602 54.6481457464397 1.999823093414307 162.0747225880623 651.8633707240224 0 15.43702398240566 47.87756463140249 4351.178130604327 526.2175011858344 57.84151996672153 0.07614768296480179 21.26019674539566 3.99720311164856 252.4612987935543 28.4931106120348 689.1042297631502 31.31935625523329 726.5216792300344 211.9481109380722 183.0761948302388 71.58230276405811 2.408501915633678 13.96676616370678 1.603711821138859 0.4965208172798157 0.4619982540607452 49.23016737401485 0.2657403945922852 106.4435385093093 44.34708455950022 65.78596609830856 124.7510601431131 183.7555278018117 1.782141365110874 44.28761588782072 0 11.67861294746399 5.376990534365177 0.9743347465991974 0 0.2639940157532692 0 31.16826314479113 0.0842832550406456 1.75946207344532 2.108853220939636 149.1803410351276 0.3318473100662231 0.9235670939087868 5.686436854302883 303.9657758101821 10.03483695536852 2.604683794081211 0 1.03048699349165 0.2858308106660843 3.809868268668652 2.329025559127331 24.85550501942635 1.476038575172424 15.37468555569649 3.91837989538908 9.386854864656925 0.2043021470308304 1.039427757263184 0.4133555740118027
4.437065541744232 281.8713128939271 25.97722411155701 1.354331456124783 3.646098747849464 62.2621368393302 3.075388416647911 142.2676800042391 11.05671522021294 11.00985695421696 11108.33805075288 44.40146841853857 4104.476883322001 155.7417229861021 6.735749125480652 0.9011643826961517 232.1582182198763 2457.065535932779 1015.698784008622 0.1919639781117439 4.508553564548492 26.61558763682842 14.63520830124617 10.20647137612104 1062.942244529724 2081.947568528354 875.0544829145074 3.659685753285885 319.7677654623985 6.610594041645527 412.9228548780084 215.0528260022402 14.86819241195917 8348.88247320056 5.38096559047699 762.3856630250812 3978.747187048197 5239.796711459756 719.9295004457235 56.98374889791012 82.53139348328114 1439.618971250951 7.62888915091753 0 23.50493047386408 0.7264940366148949 0.1011747196316719 0 0.2210271507501602 1.09286018460989 2.812149435281754 3.905291207134724 0 172.6281717568636 0 1481.391039073467 0.6190306842327118 0.1069408133625984 0.3868003413081169 0 6.43867015093565 1.858262456953526 0.2645488679409027 0.0814841017127037 3.414238944649696 0 2.890285290777683 194.5798419862986 197.6518441140652 330.5649807825685 3.815073303878307 1.303654916584492 0.2638175487518311 182.2172148674726 1.093870379030704 0 2.80855268239975 6.057792663574219 10.60124656558037 364.3841724097729 11.34991592913866 2.690292708575726 0 0.4134958982467651 185.4956881925464 0.1411214917898178
9.629910096526146 8.273185782134533 12.72974875569344 6193.758831530809 7.193794317543507 8069.409519314766 187.3765538781881 1870.043641641736 2202.054351903498 4421.319087959826 44.40146841853857 2466.728327795863 63.50796982645988 1608.317308396101 965.4590248987079 0.7070344537496567 4.869598671793938 13.19038328528404 5.246022015810013 1400.712554849684 5.136057019233704 23.22368907183409 11.29346474260092 452.5671663582325 1.702050283551216 11.74742115288973 18.72402014583349 1207.319579608738 936.8490022420883 13.87481040507555 0.9011007845401764 117.9050721749663 2.3772052526474 359.6960449665785 13.64045399427414 828.9260160699487 42.53833223134279 1032.266190029681 208.8577973768115 700.5861370489001 113.2932988256216 6.59416289627552 12.75881406664848 2.189849033951759 0.8164249137043953 0 194.2147091850638 0.526308000087738 130.3250684440136 71.1891605630517 67.13782693445683 554.4294268190861 399.5444112122059 2.919892303645611 232.7175109013915 7.288861595094204 11.99089334160089 47.19233240187168 2.002605006098747 0 0 0 82.74693197011948 0.1081914827227592 1.788834802806377 1.5025994181633 313.6058845818043 0.2323408052325249 0.5454770848155022 0.9757252335548401 485.7873819619417 9.526150181889534 1.559995569288731 0 0.8382129371166229 0 4.169505320489407 5.373136274516582 44.43954189866781 0.1937903016805649 19.53928295522928 5.565356150269508 94.27190111577511 6.641217485070229 2.117375373840332 0.7672062367200851
0.1015209704637527 1318.838498011231 8.228402942419052 8.445337004959583 5.514492079615593 75.06568370014429 7.402585834264755 91.71037673950195 39.55475935339928 14.25299724936485 4104.476883322001 63.50796982645988 5729.984855204821 52.34111496061087 27.32422688603401 4.916229233145714 5.315812557935715 114.156185016036 10.61895471811295 2.26337605714798 8.213858164846897 119.8683096840978 19.12421034276485 44.1320014744997 5840.372843682766 321.2741779908538 3304.829795718193 14.13282211869955 68.84823521226645 2.100034467875957 1259.112900324166 113.4858273863792 0.6987079083919525 836.8592586070299 9.018160834908485 1960.498511083424 6768.59356276691 6515.42671045661 946.9718955457211 323.4970181807876 228.6517964527011 802.5902688205242 23.6616604924202 0 46.91959694027901 2.90259326249361 4.948312252759933 1.977324172854424 8.048568114638329 1.368398576974869 8.34922967851162 6.35636892169714 6.736673668026924 184.0149815380573 20.59791920334101 1125.586263209581 1.616844028234482 11.16749297082424 0.1547316014766693 0.7109855562448502 3.814110085368156 1.871025860309601 2.206462576985359 0.1176562160253525 0.3392299562692642 0.5358165130019188 7.847344778478146 220.3947296366096 193.6743700057268 319.6079546064138 8.471311368048191 0.9782757684588432 1.823625728487968 114.9480482041836 3.828774064779282 0 6.582781590521336 16.89923566579819 1572.617803819478 309.1074845716357 318.2190037220716 119.1429441645741 123.193383872509 63.60889975726604 164.5487452223897 8.191239058971405
6475.521356102079 1.631990507245064 983.8675313517451 61.24746285378933 6.95720099657774 790.8634527176619 9070.448382522911 4574.057626597583 158.7090417444706 965.7848733700812 155.7417229861021 1608.317308396101 52.34111496061087 13592.47259712219 129.9370873495936 17.0325323715806 583.4323964342475 71.92348335683346 159.1296430304646 35.34941272437572 376.9662233889103 6.580806903541088 1097.912510368973 1155.57901250571 0.6429025828838348 303.0801545381546 204.4185070320964 885.4774663373828 8389.839418165386 3109.783362716436 1.883816607296467 138.1296946406364 42.98598789423704 868.2688442841172 11.53571473062038 846.2056501582265 91.86863413453102 944.8458059579134 117.9279179573059 461.133276604116 145.9175061658025 4.830207847058773 7.372570365667343 5.429430931806564 1.016650855541229 2.913605511188507 3.457144103944302 0 27.80172369629145 45.44455152004957 58.15305155515671 68.66169788688421 28.98792737722397 1.06575633585453 2.450224876403809 0.8204909563064575 22.03113562613726 0.1022745594382286 6.003925949335098 0 0 0 3.67819744348526 2.616732835769653 6.040503084659576 3.079644471406937 170.4166267439723 0 0.8232292383909225 11.47033347934484 206.3851884007454 29.25953423976898 16.4593735486269 0 0.5974316298961639 0.4283759072422981 4.580140940845013 1.413773000240326 69.05736938118935 2.773832410573959 38.30256947129965 9.641064152121544 8.021594919264317 1.38287778198719 0.9132055342197418 1.046896874904633
0 4.479988664388657 0.8291267976164818 38.79986125975847 1224.974055811763 1900.707348883152 3.844335176050663 440.6784963458776 830.9718304052949 8.723871394991875 6.735749125480652 965.4590248987079 27.32422688603401 129.9370873495936 322.1229552477598 0.8586660772562027 0.1017621532082558 0.6367331296205521 0.495476670563221 26.27436026930809 0.8130300045013428 12.53764881193638 0.8215520158410072 74.39253675937653 0 1.840988092124462 5.391664996743202 10.7183348685503 94.81258016079664 0.7040816769003868 0.1833005547523499 674.013178281486 0.414143443107605 48.73830688744783 1.059200584888458 197.3631228283048 8.898086562752724 85.11328964680433 9.233754552900791 1232.262338668108 27.09426790475845 1.070000857114792 0.970379650592804 0.2859463691711426 0 0 9.332681059837341 0 6.636003971099854 1.810187369585037 0.5352372378110886 256.9778181090951 18.43639054894447 0 67.90251052379608 0.1723227053880692 0.2682394236326218 31.78555905818939 0 0 0 0 4.079245388507843 0 0.1986479163169861 0.2297374755144119 30.6955159008503 0 0 0 15.91579845547676 0 0 0 0 0 0 1.958516478538513 19.3228685259819 0.2860091775655746 0.6209636628627777 0.1319712549448013 68.12333583831787 0 0.1585453450679779 2.577303886413574
3.777111805975437 48.33879093825817 10.76251016557217 0.5624813660979271 0 13.82723747938871 324.6680764406919 11.91934342682362 179.1878909692168 13.71989933401346 0.9011643826961517 0.7070344537496567 4.916229233145714 17.0325323715806 0.8586660772562027 3219.642404906452 30.78497861325741 1.687667906284332 4.85702145844698 0.2246825248003006 3795.824051380157 2620.972873106599 4431.156814880669 4733.803571365774 2.421479590237141 4.778719194233418 2065.481897734106 2664.833912543952 46.2234258428216 321.979667685926 0.6002048626542091 0.3090724423527718 27.62804240733385 201.1561391949654 98.07900331914425 4238.959571778774 805.3320894911885 857.217369876802 838.7569464817643 160.5788960158825 6.925448454916477 3.099939242005348 8.848880857229233 19.98815842717886 6.910767890512943 4.989762961864471 0.1988925188779831 0 3.616950012743473 13.90274646878242 7.169356785714626 52.85516826808453 3.325547486543655 0.326288565993309 0.2430253624916077 0 18.63182135671377 0 2680.308913603425 0.6302627250552177 0.5565072372555733 0.276825837790966 0 263.3361112326384 1581.930851615965 1086.095686979592 150.5156197249889 0 1.657321259379387 254.6706046536565 202.6326900683343 68.84555204585195 77.11680682003498 0.08430074155330658 0.3521974682807922 7.054765254259109 11.88252103328705 48.33657459914684 406.4144058525562 90.58334863185883 56.825702868402 55.51827861368656 17.98972894251347 0.3265244662761688 0.5520526170730591 1.024862408638
187.2521599978209 6.691909857094288 4572.225429236889 0.8016932308673859 0 17.73777017742395 41.29928778856993 176.486737832427 3.254252009093761 8.88427596539259 232.1582182198763 4.869598671793938 5.315812557935715 583.4323964342475 0.1017621532082558 30.78497861325741 2506.380663603544 292.7800798714161 2616.463629074395 0.2148023173213005 199.4504582211375 3.60408366471529 4599.12972137332 29.94155505299568 0.7242653742432594 3184.892887577415 4111.693560324609 22.39007194340229 512.1695341281593 817.2126321345568 0.3290466740727425 1.512405663728714 79.33384606987238 1857.257943756878 16.96294316649437 493.1148422807455 1746.729510217905 626.2959603667259 185.258251786232 8.127409763634205 2.166088633239269 7.454305559396744 1.827871985733509 0.3880817964673042 17.63817329704762 43.14894022792578 0 0 0 0.3074168786406517 0.4415546804666519 2.270420461893082 0 0 0 0 0.293671540915966 0 3.395159751176834 3.969237774610519 0 0.7981540337204933 0 0.8142206072807312 4.959074147045612 4.064807154238224 3.732279323041439 0.5165344476699829 60.89433559030294 188.9940411671996 4.376830086112022 0.9458072707056999 1.067479655146599 0.1233140081167221 0 0 0.4478219747543335 5.206595934927464 7.787086881697178 1.203456521034241 3.56321207433939 0.7884399220347404 0.08449137955904007 0 0 0
14.97332761436701 25.36623608320951 69.22990932315588 0.3278064429759979 0.9187780767679214 12.79779619723558 3.647119358181953 39.34325893223286 3.219242244958878 3.922456905245781 2457.065535932779 13.19038328528404 114.156185016036 71.92348335683346 0.6367331296205521 1.687667906284332 292.7800798714161 291.1770758330822 2183.932432748377 0.3918464928865433 2.761185422539711 5.703887715935707 29.64594185352325 4.615551382303238 24.01181811094284 2290.531671136618 888.9813883304596 2.175995923578739 128.4518120959401 18.98927015066147 57.95126089453697 42.54511744529009 14.43317630887032 1498.039321757853 8.771818585693836 1183.722423397005 1858.377262301743 2096.093745745718 626.2005292847753 22.32369589805603 14.60206434875727 102.6689138188958 3.998040542006493 0 6.709066055715084 0.6949916481971741 0 0 0 0 0.4653000831604004 0.5177557021379471 0.3483272194862366 10.12182909995317 0 73.03113935142756 0 0 0 0 4.16617876291275 1.806647785007954 0 0 0.3657405897974968 0.08953509479761124 0.9501877948641777 11.30126161128283 169.7122952863574 199.2143453210592 1.017188504338264 0.1099112182855606 0 44.97123620659113 0 0 0.9535101503133774 4.97801299393177 8.623217545449734 160.663064815104 3.367370814085007 1.476352594792843 0 0 4.453768223524094 0
58.65658830851316 1.949670508503914 226.8883158192039 0.08438070863485336 0.2819077670574188 5.331270731985569 6.33747274428606 36.37883841991425 0.7362846881151199 1.925830766558647 1015.698784008622 5.246022015810013 10.61895471811295 159.1296430304646 0.495476670563221 4.85702145844698 2616.463629074395 2183.932432748377 3522.474536247551 0.1089302077889442 13.45342303067446 1.094577334821224 147.248335622251 6.256651125848293 1.727157980203629 4209.990924693644 610.6031467840075 5.624841175973415 261.6717183068395 92.12072556465864 5.605286620557308 10.32619769126177 65.3621616140008 2722.652267426252 5.281506069004536 672.8908356279135 1457.385974749923 1140.413403727114 239.100856103003 8.674274295568466 2.137709759175777 27.6835627630353 0.3578270375728607 0.1071045100688934 5.754878863692284 10.79414969682693 0 0 0 0 0 0.0940069779753685 0 0.6532458886504173 0 6.998072147369385 0 0 0.9508185237646103 0.3748495578765869 4.348556093871593 3.914796248078346 0 0.1914611980319023 1.398419007658958 1.067298628389835 0.4868305772542953 4.667952090501785 216.2564118877053 235.8017007783055 0.4016348198056221 0.3004380315542221 0.08693074434995651 7.185720667243004 0 0 0.345150426030159 5.062710300087929 2.597647629678249 31.28862171620131 4.124357178807259 1.078091979026794 0 0 0 0
0.3276309594511986 0.6237997636198997 0.4848847240209579 2559.076648198068 0.2814738154411316 192.2378966808319 183.6391517966986 25.18233951181173 309.3218135014176 4034.281107589602 0.1919639781117439 1400.712554849684 2.26337605714798 35.34941272437572 26.27436026930809 0.2246825248003006 0.2148023173213005 0.3918464928865433 0.1089302077889442 209.9377192258835 0.3908019959926605 1.820166267454624 1.074091106653214 343.917921513319 0 0.2142016887664795 1.653795145452023 2326.84531481564 32.80702143907547 0.9239874258637428 0 2.195588186383247 0.09492693096399307 11.81096279621124 2.784381732344627 51.51908075809479 2.024360418319702 44.08165444433689 16.600352011621 23.18332742899656 4.622729241847992 0 1.371619239449501 0.1813769713044167 0 0 24.88145703077316 0 16.94687119871378 8.505100183188915 11.10147128254175 95.00418908894062 51.92706396430731 0 29.56108327955008 4.88731849193573 1.73390020430088 9.612058371305466 0 0 0 0 11.12262059748173 0 0.3691146671772003 0 57.68381826579571 0 0 0.08420728147029877 96.34393886476755 1.41197369992733 0.7030995190143585 0 0.1166882216930389 0 1.216674387454987 1.165538102388382 2.990991733968258 0.1404338777065277 1.742827631533146 0.3063161373138428 15.0113890171051 0.1220651566982269 1.060550808906555 0
65.77158399671316 3.027378007769585 393.1691668629646 0.7452813982963562 0.1896485164761543 85.19977530837059 457.4996010512114 469.819538384676 61.44997318834066 54.6481457464397 4.508553564548492 5.136057019233704 8.213858164846897 376.9662233889103 0.8130300045013428 3795.824051380157 199.4504582211375 2.761185422539711 13.45342303067446 0.3908019959926605 13134.54872665554 100.6179705411196 12300.10571496189 380.7076279595494 0.1027680188417435 22.12141665816307 419.2569833472371 2894.126483298838 191.4290426969528 9746.694224379957 0.2104951366782188 4.066471882164478 109.2261951044202 2643.503514841199 176.3154616728425 5207.241164594889 830.5770697966218 3566.4167451635 2063.056395642459 205.1429581046104 13.60490096360445 1.91914626955986 12.57466667145491 12.61044277250767 0.3184936419129372 0.7304602190852165 0 0 0.3382630869746208 8.334975838661194 2.956526540219784 28.19045717269182 1.126086391508579 0.699522852897644 0.3286957889795303 0.6198139786720276 12.12929917126894 0 387.8282161429524 0.3788650631904602 0.07692291587591171 0.09217212349176407 0 86.72716494649649 234.7089239507914 44.70633464306593 89.09127409011126 0 0.6048990488052368 12.51796197146177 128.1421833187342 53.63909678906202 62.52221323549747 0 0 3.609440512955189 6.732965648174286 52.54603156447411 168.7455955520272 9.985338151454926 37.09906835854053 23.81992741301656 3.867359094321728 0.3805821314454079 1.15650899708271 0.7610436528921127
0.8490858748555183 2286.016110576689 35.28158900141716 3.220004484057426 0 1.072579711675644 19.59981396049261 2.368594333529472 2202.344373859465 1.999823093414307 26.61558763682842 23.22368907183409 119.8683096840978 6.580806903541088 12.53764881193638 2620.972873106599 3.60408366471529 5.703887715935707 1.094577334821224 1.820166267454624 100.6179705411196 1154.381097607315 135.4399261027575 7099.400964699686 361.8506184890866 32.3123622238636 3671.00845155865 115.0780981779099 8.32204707711935 14.61315628141165 22.97694793343544 0.2032322585582733 1.171258814632893 14.95034723728895 3.080442607402802 88.65218315273523 20.04344287514687 29.72417182475328 23.78823269158602 10.37706679850817 0.3628100156784058 2.751471891999245 0 3.334952317178249 17.46583086997271 12.89027452468872 0 0 1.001890450716019 4.403879024088383 3.796354547142982 20.54440224915743 1.088544204831123 1.315621487796307 0.960841029882431 5.71983178704977 2.896146006882191 0 981.1688854321837 0.4694844931364059 0.07266116887331009 0.6117867529392242 0.7374213039875031 86.01446361094713 288.5816121250391 300.034904487431 42.40936833620071 1.075885236263275 10.21767538040876 792.9472082480788 49.76153599470854 15.6478056833148 22.89566904306412 2.617023520171642 0 2.724834986031055 4.902328051626682 5.893136918544769 106.7003152966499 32.36713937669992 21.64639274775982 15.57171439379454 4.352735348045826 0.1943005919456482 0.2626959830522537 0.1860939860343933
188.5307503119111 5.117659732699394 8272.580743156374 3.853189684450626 0.6459080651402473 230.1906687915325 1798.336015343666 1141.073794238269 27.1338265389204 162.0747225880623 14.63520830124617 11.29346474260092 19.12421034276485 1097.912510368973 0.8215520158410072 4431.156814880669 4599.12972137332 29.64594185352325 147.248335622251 1.074091106653214 12300.10571496189 135.4399261027575 18829.92845297605 759.3825723752379 0.3184877932071686 1577.458849899471 8081.878389701247 2865.837499313056 285.0167270153761 6110.052873693407 0.1755305603146553 5.374686066061258 39.25190362334251 2466.229631543159 260.9072943776846 8058.304916396737 4067.402922712266 5445.834323510528 3610.035600811243 240.0087978765368 21.86801949888468 8.718648038804531 20.15033456683159 4.433408237993717 24.64602043479681 131.4852084740996 0.3915056586265564 0 5.208180956542492 23.27839149534702 4.788259901106358 17.60411725193262 1.373644113540649 0.1830730810761452 0 0 5.541134715080261 0 1389.275038145483 1.586953222751617 0.2723814845085144 0.3027613759040833 0 64.45995491743088 549.7106033265591 1083.527627333999 56.97479309141636 0 2.61431198567152 1454.217472009361 74.27040520310402 20.04863280802965 28.46160010248423 0 0.1861643642187119 2.363065406680107 7.469491727650166 113.0449190214276 308.3770458400249 127.842637591064 116.9217781722546 134.3019926175475 21.79278030991554 0.1312186270952225 0.3272817134857178 1.204215556383133
208.5709112882614 571.9572142809629 24.4316494166851 1025.288866259158 0.9970366507768631 377.6684775054455 2961.921590730548 400.3507299423218 7469.838331252337 651.8633707240224 10.20647137612104 452.5671663582325 44.1320014744997 1155.57901250571 74.39253675937653 4733.803571365774 29.94155505299568 4.615551382303238 6.256651125848293 343.917921513319 380.7076279595494 7099.400964699686 759.3825723752379 8681.060843225569 52.28633844107389 14.74414969235659 2251.712757214904 8351.344247452915 1592.658103197813 1329.819509208202 3.163240306079388 13.92853260785341 270.7132715433836 489.7014587074518 197.0720945745707 2662.979770220816 59.50713542103767 1091.321091175079 644.3528577685356 365.6682078912854 69.25215259194374 2.944893173873425 25.35127513110638 45.92828216403723 11.72701286524534 5.144410409033298 69.82484498620033 0 220.1138502880931 273.4702799767256 368.2356585264206 1104.164889678359 356.0719051137567 14.28321680426598 125.3246756270528 9.876560419797897 148.1622769348323 17.87307555228472 155.5138709917665 0.6422339081764221 0.9760390073060989 1.076535053551197 65.14011746644974 29.29891497641802 300.4453205019236 25.53164156526327 1457.748936533928 1.07645022124052 5.275216445326805 47.72924426198006 1496.701404117048 230.2161325067282 175.1104945763946 0.6038848608732224 5.907516919076443 9.820780374109745 38.68330529332161 51.40768501162529 590.4139617010951 9.945855408906937 272.9850194007158 67.59775073081255 107.2266671359539 11.85233506560326 3.331470765173435 5.930498570203781
0 1575.99818829447 0.4466764107346535 0 0 0.7557825371623039 0 0.9971118941903114 86.24128592759371 0 1062.942244529724 1.702050283551216 5840.372843682766 0.6429025828838348 0 2.421479590237141 0.7242653742432594 24.01181811094284 1.727157980203629 0 0.1027680188417435 361.8506184890866 0.3184877932071686 52.28633844107389 708.7888902947307 212.1965383961797 4196.460634015501 0.6476860567927361 2.345027789473534 0.2090422809123993 619.1468262076378 0.7502841055393219 0 59.35405460000038 0.537275493144989 45.03520119935274 187.1861076280475 254.6344082131982 34.6378932222724 1.23789244890213 5.579844608902931 284.86648517102 2.708488285541534 0 112.130615696311 1.95257605612278 0 0 0.1189804598689079 0.09567797929048538 0.1355870515108109 1.632221661508083 0.3159915506839752 67.8350011780858 0 1571.363843053579 0.1732445955276489 0.216691717505455 0.6653500571846962 1.441951930522919 4.178708888590336 6.480293832719326 0 0 5.763135060667992 0.1060561984777451 1.075394816696644 121.6345898509026 180.4562168493867 869.8971292823553 0.180172897875309 0.2081636339426041 0 75.7827098146081 0.8918754607439041 0 1.694050543010235 0.250368058681488 3.734092496335506 46.30024735629559 7.762689493596554 2.28974000364542 0.2092711851000786 0 18.51840390264988 0
71.04412915557623 139.9109670743346 5537.305517099798 0.471334770321846 0.2809889912605286 25.08200922608376 39.24664330482483 149.5965843945742 16.40486184507608 15.43702398240566 2081.947568528354 11.74742115288973 321.2741779908538 303.0801545381546 1.840988092124462 4.778719194233418 3184.892887577415 2290.531671136618 4209.990924693644 0.2142016887664795 22.12141665816307 32.3123622238636 1577.458849899471 14.74414969235659 212.1965383961797 25088.72284305096 13074.67794512957 10.42760688811541 222.4197558760643 115.3211787156761 728.6561207920313 21.85335745662451 28.18157564103603 1847.586871042848 39.60165792703629 4160.316209994256 5571.948154717684 3995.619681045413 1006.959200456738 35.04379499703646 10.67718520760536 307.0485972911119 10.3600076213479 0.3969823718070984 153.2100490406156 142.7668808400631 0 0 0.3639979660511017 2.32711585611105 2.240101665258408 4.447421126067638 0.222117967903614 73.10345854610205 0 625.1534617170691 2.87105867266655 0.7145174890756607 2.000676549971104 16.77502012252808 42.14302985370159 77.75751854479313 0 1.107506640255451 11.58514668792486 6.201473370194435 7.647333450615406 212.4434822499752 2316.771836958826 3728.68404713273 2.704208999872208 0.7542026489973068 2.392597563564777 326.093151986599 0 0.08539365231990814 5.784419663250446 31.14354442805052 41.50402237474918 734.5886875092983 39.23588158935308 10.3508734703064 0.787809394299984 0 17.38097120076418 0
47.31782641261816 5625.985845454037 6902.089501269162 2.297746174037457 0.2146181464195251 59.36295423656702 439.5402186736465 140.6560574509203 866.1622435227036 47.87756463140249 875.0544829145074 18.72402014583349 3304.829795718193 204.4185070320964 5.391664996743202 2065.481897734106 4111.693560324609 888.9813883304596 610.6031467840075 1.653795145452023 419.2569833472371 3671.00845155865 8081.878389701247 2251.712757214904 4196.460634015501 13074.67794512957 29280.09426008165 548.4842019230127 177.7359949946404 162.4270078167319 1122.81295004487 8.556043036282063 36.11906673759222 3386.013360470533 203.6224642395973 9408.912101209164 4304.701880171895 7507.665269903839 2607.862819105387 87.51245000958443 15.18308316171169 127.4510159045458 30.98754490911961 2.966303169727325 3623.403152219951 1582.179079137743 0 0 3.141076147556305 39.70371609181166 15.4545681476593 17.27727427333593 3.250262327492237 61.46638381481171 0.5024688690900803 605.9452485591173 15.46591443568468 0.2282628491520882 1192.782065175474 79.02178281545639 60.37412562966347 113.6461029499769 0 31.89806219190359 1290.684568397701 1142.201931603253 60.74927411973476 345.8316327482462 3913.534391596913 16095.683686167 38.4484333768487 7.287470385432243 22.58325579762459 310.9065193608403 0.7382583618164062 0.6634967774152756 47.72685515880585 114.8514028787613 422.7868737503886 720.1500189453363 343.3541076183319 227.361212849617 17.88015776872635 0.9993774890899658 14.36563780903816 0.3830559253692627
111.4385451748967 8.441102132201195 90.26154225319624 3939.540471926332 0.08991735428571701 1057.419344045222 21324.04733157158 421.5290283858776 1107.852399468422 4351.178130604327 3.659685753285885 1207.319579608738 14.13282211869955 885.4774663373828 10.7183348685503 2664.833912543952 22.39007194340229 2.175995923578739 5.624841175973415 2326.84531481564 2894.126483298838 115.0780981779099 2865.837499313056 8351.344247452915 0.6476860567927361 10.42760688811541 548.4842019230127 18375.70661252737 963.7246522679925 11944.86470313743 0.2786479592323303 7.759176649153233 264.0015691518784 615.3369222804904 114.4485458135605 1706.836819015443 44.01759994029999 1086.070645540953 576.6449090242386 184.1174663454294 47.69700789451599 2.068794175982475 18.79297234117985 37.9318019002676 1.253357164561749 2.080714464187622 84.03888727724552 0 181.1597168967128 186.9342049658298 287.7826822251081 507.1088575646281 311.6596717536449 14.2991885393858 91.90848471224308 8.28704621642828 108.0284399837255 9.420307531952858 134.2582675740123 0.2585625350475311 1.185939826071262 0.6330966353416443 54.28056905418634 33.71625263243914 88.23763432353735 14.19680468738079 809.8966380357742 0.2439788207411766 2.031338945031166 9.464381374418736 1101.598372783512 158.8381803967059 144.6678736060858 0 4.78614953905344 9.95409419387579 36.76228179037571 37.59305635094643 389.4804148599505 5.478976547718048 171.9311403036118 45.51922250539064 75.26311752200127 7.372780539095402 0.3363645821809769 1.480019740760326
