936.2808821424842 0.1344920247793198 31.32611632347107 3.93771056085825 1.798928827047348 51.53792262077332 1620.973783813417 759.0206879228354 20.46477869898081 147.0599792972207 9.009086482226849 5.345470741391182 2.167647279798985 4897.370662525296 0.409510649740696 1.88063707947731 202.0488938614726 2.782223358750343 17.89797021448612 16.77573160082102 90.45186871290207 3.848034620285034 277.617295794189 49.92116478830576 0 25.89635862410069 8.325913935899734 24.82335978746414 3323.284291110933 2856.505729228258 0.4885905161499977 58.53475484997034 34.88567630201578 188.08710000664 0.7818174213171005 61.10566353052855 3.118405967950821 88.96247563511133 16.52505619078875 4.991633243858814 1.244290366768837 0.2227563112974167 0.1242306679487228 0.7912857532501221 0.2093577831983566 0.5510115325450897 0 0 0 7.147033110260963 1.091918274760246 9.457722544670105 0.88505719602108 0 5.548736572265625 0 1.214823201298714 0 1.07318552583456 0 0 0.1357970833778381 0 0.882600761950016 0.3297999873757362 2.504001185297966 24.06035657227039 0.1647560149431229 1.119152992963791 4.637191630899906 25.75051230192184 5.878369882702827 4.40441033244133 0 0 0 1.363747999072075 0 21.35416726768017 0 2.146951697766781 3.657025076448917 3.759738564491272 0 0 0
0.1344920247793198 306.9014762118459 390.4773811548948 0.1439545899629593 0.8921856954693794 0 10.06518542766571 2.688002429902554 625.7396384999156 1.810113213956356 2.755050748586655 1.805799596011639 879.684014134109 1.439545996487141 4.609313488006592 157.5739792436361 600.3180102109909 1.812219902873039 27.47308707237244 0 4.437737122178078 3450.689188063145 6.725428983569145 820.2686165124178 1219.152507282794 381.9558573067188 7896.633213937283 28.07884941995144 0.1834441721439362 2.532326757907867 28.76990751922131 0.6366219520568848 0.155102014541626 566.0346387773752 1.626120805740356 264.0308481827378 123.9204819053411 179.0396851524711 74.53827365487814 22.51930324733257 0 196.5889729261398 1.666619896888733 0.1265592575073242 10.11101429909468 93.4138925075531 0.2040897086262703 0 0.1162558346986771 1.493820056319237 0.3251598030328751 1.912351585924625 0.1390833407640457 1.262711860239506 0 22.74283959716558 0.4958812370896339 0 4.773445710539818 25.60185503214598 0.9615097269415855 26.20381388068199 0 1.073007598519325 7.058289520442486 1.601915054023266 7.215046674013138 14.24640689790249 406.3569322600961 2713.969562076032 2.803000524640083 0.2904456630349159 0.2487205564975739 1.671582534909248 0 0 1.571291238069534 0 11.5220708027482 8.434276588261127 7.798336260020733 5.697157710790634 2.411887288093567 0 0.1097224354743958 0
31.32611632347107 390.4773811548948 6165.599588960409 0.5821191594004631 0 8.511788107454777 1830.532225579023 388.1762759611011 2.913116425275803 155.80042668432 2.477095291018486 0.2219099029898643 1.223941840231419 274.5072713270783 0 21.32656543701887 4234.409205913544 3.600989446043968 39.52851669490337 0.6513976156711578 457.507983379066 301.0861068740487 8799.05582870543 36.21341352164745 9.967297032475471 7547.804037071764 13642.35806562752 727.554420158267 57.72584783285856 1603.70670659095 4.004866771399975 1.412285424768925 3.223094418644905 211.4587085545063 13.78869035840034 787.6277776807547 221.503803357482 494.7706658393145 232.0751734450459 38.02955264598131 0.1920640021562576 1.487299144268036 5.968908466398716 4.443422272801399 267.9639746770263 2699.947069361806 0.2531758472323418 0 0.1049623936414719 78.58466623723507 14.13868741691113 3.596787981688976 0.4679323211312294 1.468176931142807 0 1.649573363363743 27.47919041663408 0 42.22809278219938 390.6845094412565 0.3444777950644493 33.01889241486788 0.7677842378616333 14.93350154161453 337.0975136160851 543.7900603115559 43.12546437978745 0.685730442404747 164.6715010330081 5380.931259535253 28.39143969118595 2.532081738114357 15.52592825889587 0.2395157366991043 0.1816425025463104 0.1458989977836609 23.93350680917501 9.387828081846237 241.0378444343805 18.21272554248571 175.9958042427897 158.2569483593106 10.41309662163258 0.5323866009712219 1.733370780944824 0.5697509050369263
3.93771056085825 0.1439545899629593 0.5821191594004631 1221.744179546833 7.474715024232864 125.6873722225428 76.54226464033127 73.20874252915382 655.572198048234 2947.560705065727 4.845782019197941 1223.593900389969 0.8798136040568352 22.10002201795578 57.4339841529727 4.78418056666851 0 1.63001161813736 0.4279114305973053 4161.573489919305 0.4408928751945496 2.324482664465904 0.8752670884132385 2438.170150734484 0.1238826438784599 1.218080841004848 4.694307871162891 2863.696961529553 59.35255263745785 1.347565181553364 0.1645436212420464 10.42219566553831 6.176566675305367 34.16017827391624 2.877079725265503 238.3797058090568 2.426568478345871 94.84345276653767 30.55117056518793 129.3189628124237 3.338839396834373 0.1394185572862625 1.71572308242321 0.4283584654331207 0 0 170.5669317916036 0 37.2001878246665 182.0801659375429 29.66694238781929 72.21237217634916 223.4529237374663 0.2366441488265991 190.0708695352077 0 9.843887746334076 1.496533013880253 0.1417738050222397 0 0 0 152.7241833284497 0.5157318785786629 0 1.03062641620636 162.4947263821959 0 0 1.958235636353493 251.1963667497039 10.99671561270952 7.339821889996529 0 1.966593898832798 0.127193346619606 7.64189874380827 1.001770973205566 12.75104860961437 0 13.19975365698338 2.724243506789207 37.64915614575148 0.6381189972162247 0 0
1.798928827047348 0.8921856954693794 0 7.474715024232864 137.8185765147209 451.2378123551607 4.233921408653259 33.20036764442921 188.9015270620584 30.28438001126051 52.30977511405945 428.1682604029775 11.05892548710108 3.727561190724373 2313.130119480193 0 0.7075676918029785 6.747121170163155 2.145768582820892 36.60805681347847 1.017750062048435 3.352438189089298 1.164632901549339 21.49894743412733 0.1278083920478821 2.605932883918285 3.906975746154785 8.759182058274746 41.3027855977416 1.300541631877422 3.229138381779194 495.0636275410652 2.3145911693573 428.7852603644133 0 40.71149986237288 8.227441892027855 544.6994699388742 187.557495214045 2058.319348990917 91.88452796638012 12.51835063099861 2.049983561038971 0 0 0 0.1182564273476601 0 0 0.5138095542788506 0 0 0.1729141622781754 0.1927637308835983 0.2601155042648315 0.174941748380661 0.5099748373031616 0 0 0 0 0 0 0 0 0 3.862031683325768 0 0 0.3327737152576447 3.346782952547073 0 0.2561950981616974 0 0 0 0 0 0 0.2283693552017212 0 0.8941906690597534 0 0 0.5204089283943176 0
51.53792262077332 0 8.511788107454777 125.6873722225428 451.2378123551607 11468.46620153636 617.6381346434355 5785.230925396085 163.6791232153773 4452.046030916274 95.91839856654406 3545.83400837332 22.73865779489279 638.2283146455884 2441.703350380063 0.928345799446106 14.29710208624601 17.60080938786268 8.334466367959976 517.3231073692441 9.14142058044672 1.608083754777908 16.02076086401939 190.204397790134 1.304032206535339 20.64109728485346 11.79259698837996 237.2629092186689 429.1455795392394 42.11833918094635 6.808719322085381 665.29159861058 21.54485341906548 432.2105835601687 12.63222251832485 885.221673771739 25.41071107238531 825.0423024147749 512.4686124771833 3310.346360258758 215.4921621531248 24.20425525307655 30.09695462882519 0.8622183203697205 0.2057726606726646 0 32.31485015153885 0 6.376695916056633 92.99503653496504 6.017801485955715 54.15017006546259 48.1592616289854 0.2027318775653839 44.14288221299648 0.5276912823319435 9.376842707395554 0.1544135510921478 0.135248064994812 0 0 0 12.66686767339706 0 0 2.041091129183769 85.61095364391804 0 0.4177183657884598 3.27024407684803 135.9671498090029 14.25607128441334 13.39185401797295 0.1242966502904892 0.8189863413572311 0.6144230663776398 5.452077679336071 0.4424273669719696 40.94634176045656 0.6822133660316467 7.757515244185925 3.931086771190166 14.87732036411762 0 0.4931281954050064 0
1620.973783813417 10.06518542766571 1830.532225579023 76.54226464033127 4.233921408653259 617.6381346434355 15277.0766909793 3931.341110050678 592.9652414247394 10638.72679132223 15.30701700598001 15.45157738029957 4.042920432984829 8134.355065867305 17.42862555384636 54.82341085374355 710.8385793566704 5.874647185206413 35.88478709757328 29.57180608808994 1012.890167854726 63.16579281538725 1486.660532094538 2208.672353163362 19.36637698113918 1134.700572855771 755.644242040813 17359.49008936435 1444.167015470564 6416.835284046829 3.559790767729282 47.87766130268574 352.6309521123767 431.0790292993188 51.50006975233555 2208.634223148227 90.82549095153809 1300.069801174104 507.2529483810067 130.3489673659205 12.79804594814777 2.720180653035641 21.10699647665024 4.096511729061604 0.4643127024173737 11.93107572197914 64.95307084172964 0 5.446447893977165 250.5912033095956 32.26077192276716 193.0967979952693 66.19498057663441 3.298226661980152 32.64031064510345 0.9607493877410889 30.64566770941019 0.3882429301738739 22.99375477433205 2.372006200253963 0.8820411935448647 0.6836299821734428 10.89433389902115 27.67077083140612 26.32486292719841 44.85045482218266 406.1619898676872 0.263822004199028 8.023038186132908 77.10596618801355 494.8573715463281 83.5385080575943 93.56549701839685 0 4.20807296037674 3.233186647295952 29.35073912143707 2.697551816701889 154.5140230804682 2.724114537239075 64.13602201640606 17.16624201089144 81.84955739974976 5.782626040279865 0 2.178907990455627
759.0206879228354 2.688002429902554 388.1762759611011 73.20874252915382 33.20036764442921 5785.230925396085 3931.341110050678 15325.08057082444 342.5035280138254 5157.075704067945 159.0689270421863 600.2378633841872 31.2959283515811 7352.100726470351 102.5994242578745 5.760244704782963 989.2113091871142 28.23275353014469 88.62300723046064 369.0295827612281 208.8405187502503 23.17159747332335 1044.020616665483 833.3089946880937 1.703635461628437 320.6888224259019 84.04008631408215 332.2064304873347 990.824360832572 2006.012336850166 7.147842235863209 656.6213504970074 108.9846785217524 1078.253088057041 26.97960517555475 1355.276192739606 55.61060207337141 1375.264427937567 671.96249242872 1558.589274086058 107.1527864411473 38.13745605200529 32.54965089261532 9.820155121386051 1.274453528225422 3.039631642401218 74.13546670228243 0 13.80142392218113 631.965371131897 37.43761571496725 231.5821972489357 117.3795506954193 5.407802700996399 48.37220825999975 0.9082265645265579 43.18661116808653 0.08769291639328003 6.152712248265743 0.6527779623866081 0.8297914266586304 0.7009489983320236 15.76962840557098 8.297504678368568 5.178233101963997 33.95342063158751 595.3588565960526 0.3029820621013641 7.604968965053558 43.82614629715681 840.9812102541327 102.65776193887 118.772819109261 0.1115852147340775 11.06753116101027 6.422824986279011 31.92457034438848 5.097760438919067 181.0477087646723 0.7598561197519302 89.60871201753616 22.28748757392168 115.6181606426835 5.283886775374413 4.628902316093445 0.8076949715614319
20.46477869898081 625.7396384999156 2.913116425275803 655.572198048234 188.9015270620584 163.6791232153773 592.9652414247394 342.5035280138254 1985.884335666895 781.9164661541581 4.457547903060913 1701.422081306577 59.86675029247999 73.90616553276777 1032.183232203126 286.2670868337154 2.808977089822292 1.862792164087296 1.885559558868408 719.0290042907 67.66373819857836 3220.56212772429 41.38310403376818 8415.929636463523 94.58924486488104 14.29201362282038 671.6105246394873 1572.725134752691 42.44850739836693 155.5233448892832 4.257894776761532 12.64634639024734 5.159497961401939 62.2189414203167 0.9274603128433228 162.2329348549247 11.51191163063049 79.99797327816486 18.27868384867907 993.8410432562232 4.733309775590897 7.889490582048893 2.39164511859417 3.887794278562069 3.534752689301968 0.7227324321866035 488.2451152727008 3.142154224216938 64.47761800885201 308.9194085150957 37.77300895750523 274.6815857663751 425.8212292268872 2.228374719619751 814.9832992479205 2.597808673977852 21.65175828337669 7.397305481135845 196.6590898633003 0.3241051658987999 0.484952338039875 0.9907506033778191 230.7164088189602 371.2938597053289 50.0729311928153 64.0753767490387 1714.840503424406 1.252589851617813 5.335798732936382 49.96825122833252 939.271890617907 70.07135774195194 143.0567369610071 0.4341957718133926 4.179897747933865 5.523172996938229 17.4974963888526 2.203572988510132 106.425394974649 0.3824015408754349 41.85047072172165 10.75087229162455 126.7422242164612 2.568038694560528 0.4186685457825661 1.574720874428749
147.0599792972207 1.810113213956356 155.80042668432 2947.560705065727 30.28438001126051 4452.046030916274 10638.72679132223 5157.075704067945 781.9164661541581 25621.88380479813 108.6719515100121 2946.8761530146 24.28624849021435 1651.545409187675 90.18378473073244 3.635052882134914 59.85648040473461 30.01488659530878 19.98123952746391 3268.599358655512 59.50297683477402 8.508027225732803 61.01965784281492 1214.817661248147 4.439436994493008 145.4721321314573 76.65846436470747 9875.869483888149 1414.882743164897 44.00052112340927 7.837277285754681 237.2254523783922 171.9047852605581 671.4005821347237 45.57826697081327 2836.969287842512 54.5312265008688 1503.160826392472 440.8956273123622 485.5759810060263 53.27911829948425 7.310023352503777 36.85259548574686 4.969378247857094 0.3758055716753006 1.385667368769646 324.9406114220619 1.453424490988255 75.04168423265219 744.6933756992221 69.42538522183895 197.6050452142954 468.1577595844865 6.090862579643726 323.919917024672 0.7577060163021088 34.67164114117622 0.3043458312749863 2.46626178175211 0.741547591984272 0 0.2938498556613922 142.3060574308038 2.476234346628189 6.270298160612583 13.16915157437325 441.0045085921884 0.09294302761554718 1.064082726836205 13.29367359727621 813.3190842941403 49.59458370506763 48.02626405656338 0.2110072895884514 6.447631984949112 2.674171581864357 20.88252935558558 1.087340131402016 109.5340929552913 0.5901688635349274 40.96806781738997 16.52903129905462 92.48820620775223 1.876501128077507 0.8701354265213013 0.4882886409759521
9.009086482226849 2.755050748586655 2.477095291018486 4.845782019197941 52.30977511405945 95.91839856654406 15.30701700598001 159.0689270421863 4.457547903060913 108.6719515100121 8940.018801435828 28.85461469739676 2452.221654549241 36.24320066720247 0.2477368414402008 1.063904389739037 162.5666249543428 3547.556084416807 647.3396396636963 25.98712049424648 18.04545105993748 1.703432574868202 50.13872463256121 5.524787604808807 204.0083799138665 1717.602813400328 473.8718457221985 13.01093010604382 366.3148165866733 24.05520278960466 716.311620734632 252.2480566799641 6.812674134969711 7158.744861900806 13.20098206400871 551.974152430892 2684.131723970175 5018.00637499243 921.4079588577151 43.77022240310907 37.70059612393379 1003.564524672925 13.1440330222249 0.4991246461868286 12.15113922953606 5.977862454950809 1.119783066213131 0 0 1.441859759390354 0.7899806499481201 4.748791016638279 0 490.789934143424 0 1667.161159440875 1.653511881828308 0 0 2.482151888310909 198.5143923163414 29.02190700918436 0 0 0.6416682079434395 2.282302722334862 9.866295449435711 163.2518043369055 293.2488221600652 756.8042530193925 9.826229736208916 2.373629480600357 3.34066990762949 178.0688481405377 1.138753816485405 0 2.301546700298786 2.384931460022926 27.05288488417864 190.0567582920194 26.77208815515041 10.8559558391571 4.291634738445282 1.808938354253769 337.7650752589107 6.995741605758667
5.345470741391182 1.805799596011639 0.2219099029898643 1223.593900389969 428.1682604029775 3545.83400837332 15.45157738029957 600.2378633841872 1701.422081306577 2946.8761530146 28.85461469739676 9802.171087242663 6.47502214461565 110.9053183123469 2070.380121313035 0.2333278208971024 1.180220358073711 7.035582095384598 3.719552025198936 5478.677072830498 0.1991693377494812 4.822192922234535 0.9553591087460518 1075.820465356112 0.1112304031848907 4.096934400498867 5.262635409832001 573.0323513820767 171.5872154608369 1.574638783931732 2.122667193412781 88.75263668596745 5.541565984487534 152.6887333467603 2.237211048603058 811.9762730970979 6.657855242490768 277.0255672037601 63.33158002793789 3042.717565253377 13.57437119632959 1.272570170462132 5.470208942890167 0 0 0 155.3252837732434 1.908062607049942 44.85898035764694 186.6017472967505 22.31187526136637 128.8316719084978 254.5009424388409 2.03587318956852 653.210562877357 0.542260967195034 6.257575079798698 5.530182838439941 0 0 0.4718685150146484 0 143.6007283404469 0.1796834915876389 0 0.473260760307312 201.0159016102552 0.1115211099386215 0 0.7768924683332443 233.8777792826295 17.20315473526716 2.233968764543533 0 1.968499012291431 0.1922897100448608 8.804255649447441 0 19.69187765568495 2.955179780721664 13.7426722869277 2.777060978114605 123.7319811731577 0.1507953405380249 0.1318216472864151 0.5309262275695801
2.167647279798985 879.684014134109 1.223941840231419 0.8798136040568352 11.05892548710108 22.73865779489279 4.042920432984829 31.2959283515811 59.86675029247999 24.28624849021435 2452.221654549241 6.47502214461565 3247.01382804662 3.253694586455822 0.6309578120708466 4.542218863964081 3.757924243807793 71.1834841221571 10.77194484323263 8.015423268079758 1.971585251390934 223.3558998033404 2.879389367997646 84.92014907300472 4238.522134393454 123.824575394392 3900.285162955523 5.780988991260529 45.20249385386705 4.245986521244049 1871.691145777702 47.43552043288946 0.6025802865624428 1673.396782420576 11.48900013417006 258.105482943356 2280.379604876041 2836.173926524818 527.0808114781976 10.00911647081375 39.54852338135242 791.5507693439722 14.54159212112427 0 48.77876223623753 5.244646087288857 0 2.013449907302856 0 1.466864354908466 0.2148291617631912 1.388546377420425 0.09566357731819153 972.0122640430927 0 4329.531066820025 0 0 0.2472347915172577 1.737529024481773 194.1951947063208 12.01537475734949 0 0.1047393158078194 2.75983040779829 2.309022545814514 3.358467251062393 982.4087423756719 245.1154563501477 1290.446600794792 2.479337088763714 1.475150801241398 0.1229011714458466 255.4339198842645 0.283425934612751 0 4.120298571884632 1.982772871851921 38.51110688596964 434.1692937612534 53.60427628457546 7.350696206092834 0 4.956144094467163 605.1093827486038 4.152168750762939
4897.370662525296 1.439545996487141 274.5072713270783 22.10002201795578 3.727561190724373 638.2283146455884 8134.355065867305 7352.100726470351 73.90616553276777 1651.545409187675 36.24320066720247 110.9053183123469 3.253694586455822 8884.732100985944 1.703306101262569 2.613268882036209 744.4614803045988 7.680440068244934 47.88799444586039 118.6729858890176 159.5731286555529 12.64945071935654 962.5241642743349 161.5825056359172 0.4813301116228104 156.7061336115003 33.33172324299812 94.69203247874975 3830.802808463573 3331.683788985014 0.5534066334366798 665.8832865357399 24.62559613585472 379.0223113745451 2.984610252082348 187.5974595695734 12.36104179918766 234.8563302159309 60.42132008820772 119.2167528495193 5.859115101397038 1.442783154547215 0.9377791285514832 2.571663379669189 0.3543060570955276 2.146176569163799 3.228199258446693 0 1.076815724372864 47.43511261790991 5.556041389703751 41.36474709957838 4.713659696280956 0.7973045110702515 1.231055073440075 0.1189039498567581 7.613191947340965 0 1.288495771586895 0.4127748608589172 0 0.3837704434990883 0.9337751418352127 2.289082482457161 0.6381822675466537 6.244099035859108 113.9157929718494 0 3.475046798586845 15.48655767738819 118.5500319972634 17.66482528299093 21.10874676704407 0 1.272331148386002 1.061483979225159 3.852706007659435 0 58.7027312964201 0 17.50524979829788 2.917152985930443 16.58831644058228 0.2728366851806641 0 0
0.409510649740696 4.609313488006592 0 57.4339841529727 2313.130119480193 2441.703350380063 17.42862555384636 102.5994242578745 1032.183232203126 90.18378473073244 0.2477368414402008 2070.380121313035 0.6309578120708466 1.703306101262569 148.2938166856766 0 0 0.07551787048578262 0 143.1586135998368 0 33.2896415963769 0.5590859949588776 300.7243212237954 1.626422099769115 0.2274484857916832 9.554332718253136 61.69532872736454 16.24125888198614 0 0.391726553440094 279.0137113332748 0.1618638038635254 0.9760030433535576 0 14.46400675922632 0 1.295194514095783 0.3047377318143845 982.9339536949992 20.18902377784252 0.133440762758255 0 0 0 0 0.252809189260006 0 0 4.626467660069466 0.3072165995836258 5.598598882555962 0.6884060055017471 0 0.5275005698204041 0 0 0 0 0 0 0 0 0 0.2795805633068085 0.1944050043821335 5.139656789600849 0 0 0 5.007134690880775 0.2251538187265396 0.5652182847261429 0 0 0 0 0 0.1878355145454407 0 0 0 0 0 0 0
1.88063707947731 157.5739792436361 21.32656543701887 4.78418056666851 0 0.928345799446106 54.82341085374355 5.760244704782963 286.2670868337154 3.635052882134914 1.063904389739037 0.2333278208971024 4.542218863964081 2.613268882036209 0 2935.975010298193 32.94539051502943 0.6011379435658455 5.58857187628746 0.8082896173000336 2712.55493272841 4082.225964456797 1512.136308073997 4791.595109835267 23.05027105659246 17.01221895217896 4210.197696253657 4527.76289472729 1.158031694591045 239.1105865836143 1.76587900519371 0.4408149644732475 0.5349646136164665 116.0626686885953 68.17985311895609 1669.742999374866 521.481129348278 762.0216958150268 666.2898108139634 53.61414375901222 0.6671752333641052 1.118839837610722 17.13379132002592 0 5.616658546030521 54.60974296182394 1.007985830307007 0 0.7779155969619751 24.21984411776066 1.863597676157951 15.39998175948858 0.5618536472320557 0 0 0.4038986191153526 1.882521666586399 0 1953.243851028383 3.459461197257042 0 0.6963278353214264 0.3160522878170013 775.9799788445234 2352.810576088727 2347.830490745604 228.585028193891 0.1393212825059891 7.21394620090723 1028.076387785375 89.4390097334981 3.276312030851841 48.02088347822428 0 0 0.1166294664144516 4.812075227499008 0.2622507810592651 22.48397605121136 3.145555891096592 10.596260599792 4.84606571495533 2.722205281257629 0 0 0
202.0488938614726 600.3180102109909 4234.409205913544 0 0.7075676918029785 14.29710208624601 710.8385793566704 989.2113091871142 2.808977089822292 59.85648040473461 162.5666249543428 1.180220358073711 3.757924243807793 744.4614803045988 0 32.94539051502943 328.7100193947554 55.77876405417919 2384.278122641146 2.255310490727425 358.4009979963303 142.2351995408535 2877.843226522207 59.0108659490943 4.812787383794785 2034.30996863544 10955.48294433206 177.4159627333283 644.346009299159 1643.124222151935 2.682193942368031 15.90570224821568 24.51760245859623 3815.323526524007 28.29847033321857 1911.844144068658 433.0843665078282 3699.4155619964 642.5531692057848 37.55501163005829 1.143790945410728 1.578506752848625 12.35647414624691 1.134850896894932 133.4968935400248 919.9746282696724 0 0 0 20.09370741248131 2.690834373235703 2.023159459233284 0 1.349926270544529 0 2.444760926067829 6.760896600782871 0 12.57541938126087 259.2575616538525 1.304034397006035 75.60854182392359 0 8.570438742637634 48.9775412529707 64.38583214581013 22.28292078524828 2.285078383982182 492.460262581706 2385.518149077892 14.69428986310959 3.240918606519699 8.219040036201477 0.9852726608514786 0 0.4542904198169708 11.84972921013832 6.005418971180916 83.50838278234005 7.189017534255981 55.41517949849367 52.90930803865194 4.15068681538105 0 0 0.7516365051269531
2.782223358750343 1.812219902873039 3.600989446043968 1.63001161813736 6.747121170163155 17.60080938786268 5.874647185206413 28.23275353014469 1.862792164087296 30.01488659530878 3547.556084416807 7.035582095384598 71.1834841221571 7.680440068244934 0.07551787048578262 0.6011379435658455 55.77876405417919 479.9396935924888 870.0766839459538 6.14480834454298 6.570116207003593 0.8137118220329285 17.46408297866583 2.70607890188694 21.18570891022682 4677.737592756748 752.0245737582445 3.932772941887379 63.354208111763 7.968305051326752 485.7941286638379 39.159029699862 2.066991709172726 2014.18863107264 6.834590993821621 675.5606142356992 1192.200444228947 2470.889042884111 357.4992324411869 10.79640986770391 1.609322406351566 42.47304350137711 2.935562126338482 0 5.336355775594711 1.51594416052103 0 0 0 0.6287340074777603 0 1.981994546949863 0 59.88347888737917 0 241.3977883532643 0 0 0.37885881960392 1.770231127738953 112.2949487268925 32.60157977044582 0 0 1.094650201499462 0.2768510431051254 5.195929579436779 83.32671295851469 410.2683999463916 1314.669619873166 2.40540636330843 0.09776930510997772 0.4363698661327362 82.83025033771992 0 0.7497682571411133 0.8551895320415497 2.278661981225014 7.129316247999668 13.17567712068558 6.667087741196156 2.952436305582523 0 0 3.149758018553257 0
17.89797021448612 27.47308707237244 39.52851669490337 0.4279114305973053 2.145768582820892 8.334466367959976 35.88478709757328 88.62300723046064 1.885559558868408 19.98123952746391 647.3396396636963 3.719552025198936 10.77194484323263 47.88799444586039 0 5.58857187628746 2384.278122641146 870.0766839459538 2651.308278098702 3.317744120955467 35.37765158712864 6.252243593335152 189.5671653747559 9.444134742021561 16.67843514680862 4299.262894645333 2828.282816745341 14.32043305784464 124.4590172171593 88.0967621281743 34.70868717133999 13.84063947945833 4.256068363785744 4835.277124658227 15.13115246593952 2101.50454351306 1241.50467325002 5279.869748212397 556.6061463132501 15.06623864918947 1.55809011310339 2.805857121944427 8.917049951851368 0.6778935119509697 31.03905030339956 24.2800759896636 0 0 0.2571583092212677 1.740572772920132 0.4279501959681511 1.11137267947197 0.1200737282633781 7.148158244788647 0 30.4747386276722 1.601958505809307 0 1.20766244828701 23.05025101453066 21.99469758570194 164.1239974722266 0 1.338623777031898 3.411050379276276 2.19958807528019 3.884673245251179 17.723776653409 883.6597756817937 1195.389300785959 2.358497530221939 0.9511334672570229 2.39587364345789 14.43048208206892 0 0 0.4819782674312592 4.206812351942062 11.87059532850981 8.837321937084198 6.834842406213284 3.284726351499557 0 0 0.9391688406467438 0
16.77573160082102 0 0.6513976156711578 4161.573489919305 36.60805681347847 517.3231073692441 29.57180608808994 369.0295827612281 719.0290042907 3268.599358655512 25.98712049424648 5478.677072830498 8.015423268079758 118.6729858890176 143.1586135998368 0.8082896173000336 2.255310490727425 6.14480834454298 3.317744120955467 677.7542086988688 0.3281706646084785 0.1507571339607239 1.594453059136868 1373.195065565407 0.0921991765499115 5.706752166152 3.016046553850174 2191.897435799241 250.6663309857249 1.455190353095531 0.9936332181096077 55.92343425750732 11.48102396726608 140.399451829493 6.661370396614075 676.4348443299532 6.614938884973526 315.2237132936716 69.23012113571167 424.9543824866414 14.58131546527147 1.353394694626331 10.66785990446806 0 0.2346704304218292 0.2899516001343727 147.9812895804644 0.1573668569326401 27.88815734535456 241.1533784717321 21.73979500681162 68.47674691677094 190.3608669564128 0.3106348663568497 240.8625170066953 0.1471306085586548 7.284754954278469 2.58413390815258 0.5135092735290527 0 0 0 83.00103653222322 0.7196720838546753 1.084670454263687 1.490286365151405 155.9382560327649 0 0.09568340331315994 1.985251545906067 278.7050296068192 14.30215208977461 5.281796917319298 0.1039749383926392 4.064004391431808 0.9431030824780464 6.119434617459774 0.3657832145690918 29.01706910133362 0.6512053832411766 24.0220240354538 2.370627731084824 63.93943706899881 0 2.642580032348633 1.086983509361744
90.45186871290207 4.437737122178078 457.507983379066 0.4408928751945496 1.017750062048435 9.14142058044672 1012.890167854726 208.8405187502503 67.66373819857836 59.50297683477402 18.04545105993748 0.1991693377494812 1.971585251390934 159.5731286555529 0 2712.55493272841 358.4009979963303 6.570116207003593 35.37765158712864 0.3281706646084785 8733.616201512516 54.51845560967922 11831.15791548043 204.8647061511874 8.684776037931442 97.08276926726103 2557.27894269675 3153.945447422564 553.0078239440918 10814.00510434806 0.2949615344405174 6.853612348437309 32.1866600215435 3306.470534935594 258.3688132166862 7141.329148098826 1373.182285472751 7328.724047161639 3415.111029982567 213.1706276684999 3.246014684438705 4.528826043009758 64.45842680335045 0 1.054910987615585 6.413269847631454 0.6001578569412231 0 0 1.858420297503471 0.2436309158802032 14.86726039648056 0 0.1243100687861443 0 0 1.480818890035152 0 262.4582491666079 1.7374462261796 0 0.3746034577488899 0 455.7791947349906 239.8203072398901 122.6874415650964 164.121103271842 0.3915870934724808 2.160960383713245 58.33873149007559 90.74677076935768 10.91626332700253 88.82270042598248 0 0.08623671531677246 0.8081211745738983 3.366209223866463 5.047733597457409 26.27955081313848 0 3.394109345972538 4.073996990919113 2.748579144477844 2.620960474014282 0 0
3.848034620285034 3450.689188063145 301.0861068740487 2.324482664465904 3.352438189089298 1.608083754777908 63.16579281538725 23.17159747332335 3220.56212772429 8.508027225732803 1.703432574868202 4.822192922234535 223.3558998033404 12.64945071935654 33.2896415963769 4082.225964456797 142.2351995408535 0.8137118220329285 6.252243593335152 0.1507571339607239 54.51845560967922 881.2968437075615 732.2195253223181 6358.005662105978 449.4473007917404 36.53410436958075 4867.19762443006 249.4209768474102 5.642307408154011 6.325660981237888 11.71096427738667 0.840001754462719 0.5197542905807495 134.2863159477711 1.049296036362648 143.9441026747227 44.87447012215853 120.0995506942272 34.64768315851688 76.58690280467272 0 30.96722293645144 1.847162380814552 0.465878501534462 14.90051915496588 172.8469164147973 1.282431453466415 0 1.58318704366684 12.35250084102154 1.076731778681278 19.59118517488241 0.4502098709344864 1.70623342692852 0.3992848992347717 4.383399106562138 1.502912901341915 0 967.3073861077428 17.04573371261358 0.4805284515023232 2.748208776116371 0.2023536711931229 129.1308912709355 303.0030248612165 961.1899678111076 110.1039448827505 1.603486120700836 16.81825646013021 1983.702472820878 31.74842349439859 3.277599595487118 6.345609836280346 1.115223474800587 0.3227362632751465 0.2639597654342651 5.046330854296684 0.5183839499950409 38.0740137398243 1.979415312409401 14.97897577285767 15.34870190173388 7.955594539642334 0.5592265129089355 0.1205116361379623 0
277.617295794189 6.725428983569145 8799.05582870543 0.8752670884132385 1.164632901549339 16.02076086401939 1486.660532094538 1044.020616665483 41.38310403376818 61.01965784281492 50.13872463256121 0.9553591087460518 2.879389367997646 962.5241642743349 0.5590859949588776 1512.136308073997 2877.843226522207 17.46408297866583 189.5671653747559 1.594453059136868 11831.15791548043 732.2195253223181 15233.99731644243 349.2192792370915 43.70240408182144 1941.807997398078 11321.87955971062 3777.115208126605 809.4728342965245 7986.304389186203 3.313990749418736 22.0960062071681 29.21480882912874 3641.385003380477 474.1231180801988 8762.760045103729 3879.179078191519 10208.39635314792 6725.607499882579 385.3048185929656 3.160447664558887 17.41996319591999 123.0140239745378 0.7858270481228828 4.647147238254547 645.6100487411022 0.6644734293222427 0 0 41.10668595135212 1.068799518048763 7.843846119940281 0.5741179138422012 0.1492706090211868 0 0.3739096522331238 2.190041914582253 0 1486.585428074002 12.14902467280626 0 4.467268072068691 0 278.7172666043043 1248.464769609272 3104.694583497941 116.4878553971648 0 14.68779683113098 2197.83166141808 62.98575977981091 4.392768874764442 17.90131844580173 0 0.1480113863945007 0.2969874739646912 5.736667908728123 18.19819877296686 65.16627553105354 7.524421967566013 43.91737353801727 33.89090368896723 7.82180343568325 1.623113960027695 0.1369931548833847 0
49.92116478830576 820.2686165124178 36.21341352164745 2438.170150734484 21.49894743412733 190.204397790134 2208.672353163362 833.3089946880937 8415.929636463523 1214.817661248147 5.524787604808807 1075.820465356112 84.92014907300472 161.5825056359172 300.7243212237954 4791.595109835267 59.0108659490943 2.70607890188694 9.444134742021561 1373.195065565407 204.8647061511874 6358.005662105978 349.2192792370915 12543.72840581089 167.2532101199031 59.63715064525604 4136.804305158556 6806.583784557879 146.2110388502479 319.4735016599298 7.937064498662949 11.90454388409853 74.29073718190193 242.0985959991813 41.27558059245348 2465.254770152271 118.04302149266 699.0189971402287 252.8284095525742 633.8175475373864 8.874931327998638 13.40369007736444 22.63930258154869 16.99166560173035 7.764448925852776 31.43108167499304 363.9727527946234 2.211395211517811 69.09086342155933 992.5304009243846 127.8679621294141 1537.080492906272 437.6788110658526 17.28948499262333 346.3630862310529 3.467899233102798 100.6491631343961 2.367469280958176 253.83439809829 4.896863654255867 1.169661194086075 2.517093949019909 152.0758088231087 481.9297892823815 437.2721274122596 221.6011016592383 2391.209151223302 0.4941914901137352 17.94178456813097 345.7095470800996 2202.201786361635 281.8104402646422 465.9025199040771 0.8754845485091209 19.68911981582642 19.65564628690481 98.95649422705173 12.55663719773293 532.5407645404339 2.388010039925575 180.7416515126824 71.56898463517427 273.0671092867851 16.1928224042058 4.593438237905502 0.2292529046535492
0 1219.152507282794 9.967297032475471 0.1238826438784599 0.1278083920478821 1.304032206535339 19.36637698113918 1.703635461628437 94.58924486488104 4.439436994493008 204.0083799138665 0.1112304031848907 4238.522134393454 0.4813301116228104 1.626422099769115 23.05027105659246 4.812787383794785 21.18570891022682 16.67843514680862 0.0921991765499115 8.684776037931442 449.4473007917404 43.70240408182144 167.2532101199031 514.1879912763834 226.7283513993025 6569.578455872834 12.41328439861536 2.163357757031918 0.4560840427875519 581.3979770094156 1.361812889575958 0 1541.185767903924 4.315776079893112 276.5763536393642 695.0819082856178 482.1715304106474 273.7335379272699 13.43047477304935 15.30336110293865 937.1019450426102 11.42601032555103 0 60.12506683170795 3.055030405521393 0.106762707233429 0 0 0.5364143922924995 0 0.9711134359240532 0 134.3315339609981 0 969.1434068009257 0 0 0.4166758358478546 1.279180578887463 15.58462037146091 10.83939231187105 0 0.09552923589944839 1.615849986672401 0.3865788206458092 1.630685836076736 91.61825546622276 140.1513741537929 882.012640953064 0.3733105361461639 0.2371656149625778 0.1142716705799103 40.85448233783245 0.223005972802639 0 0.5154205188155174 2.212331175804138 43.78007797151804 25.01252414286137 23.33426150679588 9.084802962839603 0 4.606622219085693 81.66548313200474 0
25.89635862410069 381.9558573067188 7547.804037071764 1.218080841004848 2.605932883918285 20.64109728485346 1134.700572855771 320.6888224259019 14.29201362282038 145.4721321314573 1717.602813400328 4.096934400498867 123.824575394392 156.7061336115003 0.2274484857916832 17.01221895217896 2034.30996863544 4677.737592756748 4299.262894645333 5.706752166152 97.08276926726103 36.53410436958075 1941.807997398078 59.63715064525604 226.7283513993025 23419.40326862782 22104.90914205462 227.5875662565231 91.98794603347778 622.4951269701123 484.5258351787925 20.95765486359596 4.326466575264931 949.2678357884288 23.26366197317839 2538.622406579554 3566.152314350009 2712.786919437349 502.6763252690434 31.366050966084 1.179921694099903 54.01505549997091 16.05812580883503 6.009761795401573 523.7872596159577 732.4033221304417 0 0 0 17.86392601579428 5.937310390174389 6.17880879342556 0.2777128219604492 57.80100933462381 0.1008347943425179 299.0787658318877 15.64317240566015 0.4914335608482361 10.47666852176189 359.7413323819637 126.327289506793 1094.161573603749 0 3.382713116705418 22.63187246769667 34.39237873256207 26.42575796693563 249.6160746663809 5945.89926404506 9537.86611405015 10.19434017688036 4.296122565865517 12.04757952690125 72.9709365144372 0.2065884619951248 0 12.72819488495588 2.350294649600983 90.77521619945765 32.72051475197077 60.88141736388206 42.60215989500284 3.320076361298561 0.5877127349376678 6.450476311147213 0
8.325913935899734 7896.633213937283 13642.35806562752 4.694307871162891 3.906975746154785 11.79259698837996 755.644242040813 84.04008631408215 671.6105246394873 76.65846436470747 473.8718457221985 5.262635409832001 3900.285162955523 33.33172324299812 9.554332718253136 4210.197696253657 10955.48294433206 752.0245737582445 2828.282816745341 3.016046553850174 2557.27894269675 4867.19762443006 11321.87955971062 4136.804305158556 6569.578455872834 22104.90914205462 35114.0885515213 5097.917963385582 38.17753620445728 135.514035269618 2398.761351786554 9.596837110817432 4.906879730522633 2880.958351254463 189.2584418654442 8974.349467433989 5178.059583991766 6888.92139711231 2803.123432464898 370.5434837639332 2.513283140957355 25.19826383888721 86.79558735340834 6.426309175789356 1787.467054225504 2084.633124135435 2.542441144585609 0 0.826819121837616 81.26136089116335 12.81938827037811 21.25461577624083 2.083942286670208 68.73169028013945 3.062616467475891 370.7115512564778 23.89748311787844 0 359.2098959833384 337.9839323237538 85.56403894722462 605.0987649783492 0.4193377196788788 77.12112876772881 1347.822365917265 1331.398223385215 131.149389334023 706.7827567756176 4210.506786264479 16676.94182796776 72.21412898600101 7.877410747110844 20.63843955099583 84.47015400975943 0 0.3706259578466415 24.71260914206505 18.2402665540576 222.3329426720738 58.16977722197771 150.9728678762913 131.8869937062263 14.55650849640369 1.076722860336304 8.365585967898369 1.33087682723999
24.82335978746414 28.07884941995144 727.554420158267 2863.696961529553 8.759182058274746 237.2629092186689 17359.49008936435 332.2064304873347 1572.725134752691 9875.869483888149 13.01093010604382 573.0323513820767 5.780988991260529 94.69203247874975 61.69532872736454 4527.76289472729 177.4159627333283 3.932772941887379 14.32043305784464 2191.897435799241 3153.945447422564 249.4209768474102 3777.115208126605 6806.583784557879 12.41328439861536 227.5875662565231 5097.917963385582 11741.53488927335 241.3727902173996 6692.344967335463 2.21158605068922 24.04442418366671 149.4776557609439 937.3188028261065 112.8149379715323 4443.172575846314 287.3237138018012 2306.557205222547 809.2205069810152 468.7609831765294 8.304508678615093 4.957870490849018 30.55357919633389 15.08260443806648 6.795767076313496 25.10953981429338 348.807932600379 1.260731466114521 74.2555880099535 761.9864458069205 107.5712923109531 533.6645766049623 432.1152400225401 14.23574502021074 271.9921753033996 6.489640817046165 93.85028250515461 2.103125482797623 137.0888820588589 4.272507682442665 2.076548404991627 0.8370216265320778 130.8115522488952 312.6465558186173 147.1292907297611 123.538049697876 1585.384378820658 0.5250425338745117 9.680209599435329 172.3657886311412 1705.922485634685 284.0596380904317 483.6697999462485 1.065502166748047 32.52033545821905 19.40297309309244 93.90260628610849 9.685935869812965 537.3369770571589 3.071262314915657 208.0096243470907 61.41641066223383 267.993695795536 8.964427269995213 2.211916126310825 1.956210091710091
