444.0466978400946 0.6653276383876801 179.0426967293024 2.311149500310421 3.923260733485222 32.89359837770462 1688.693373151124 270.6729133948684 2.001412317156792 96.47550114244223 106.0789474770427 15.54917903244495 2.028120048344135 2752.333958983421 1.335143774747849 0.8135465756058693 157.9708273559809 73.75149711221457 174.262558221817 6.863855108618736 161.1484907642007 0 143.475983582437 91.42080686241388 0 138.3127433434129 71.87503931671381 154.532504864037 2224.827839337289 2620.381952248514 0.4898398667573929 40.80895210057497 34.97285953909159 393.5597689598799 0.4369679838418961 139.8060407117009 20.68336088955402 291.6548578962684 25.61499467492104 16.312246106565 5.577391929924488 3.263072691857815 2.374683976173401 0.8615245372056961 0.3908167257905006 1.242574274539948 0.325505867600441 0 0 8.316582508385181 0.5145998075604439 1.596825331449509 0.1018941625952721 0.3056844025850296 0.234240710735321 0.224000096321106 0.4987358376383781 0 3.674956291913986 0 0 0.4353129863739014 0.1566767543554306 5.84958216547966 1.353737235069275 0.3224427178502083 22.44435330480337 0 2.481291688978672 5.397739008069038 19.62289477884769 5.871585868299007 5.281511537730694 0.1021453440189362 0 0.8678054511547089 0.4137537181377411 0.1139391884207726 14.61048226803541 0.8175563216209412 3.52690514922142 0.5990356132388115 4.475580655038357 0 0.4151835665106773 0
0.6653276383876801 27.43189881742001 36.78692326694727 3.452776797115803 3.784095726907253 0 2.835273303091526 0.9719542637467384 690.0647287219763 0.4256048575043678 4.466668859124184 5.463795021176338 242.882703281939 0.7987632155418396 38.911107622087 132.2129910513759 126.9823312684894 2.029616482555866 15.29834100604057 0 17.9085576236248 2079.114568226039 16.10026673972607 1257.481278881431 1110.435392566025 193.7092347294092 3498.952471852303 35.46243230253458 0.522373728454113 3.425744816660881 18.89833787828684 0.09093949198722839 0.1155756488442421 34.46993989497423 1.498302608728409 69.33455704897642 49.04477069526911 44.89545139670372 7.715196818113327 32.11319376528263 0 15.72940853238106 0 0 13.79642603546381 85.25610871613026 0 0 0.1076903194189072 0.386279359459877 0 0.4554727897047997 0 17.80695978552103 0 40.07083807140589 0 0 3.934955954551697 87.86223388463259 0.4603225588798523 32.61793679744005 0 0 2.752386145293713 9.744859032332897 6.459448039531708 31.00884780287743 94.03945652395487 1413.87321549654 0.7918452024459839 0.2047930955886841 0.8812120407819748 3.672796487808228 0 0 7.489666998386383 1.079764097929001 70.66413923352957 31.5306940227747 48.33161679655313 27.87646135687828 1.698923051357269 0 54.49890220165253 0
179.0426967293024 36.78692326694727 2794.787884354591 8.189185418188572 0.09444039314985275 35.40026109665632 1563.984728053212 399.0945227593184 1.601098001003265 151.6417591199279 8.775442279875278 1.399084165692329 2.784307971596718 606.1963500380516 0.08201426267623901 61.95214504748583 2397.689990580082 103.6026833802462 345.975963331759 1.348154634237289 1024.715318262577 22.97379073500633 7805.88273358345 100.173426926136 1.005487367510796 4916.996301852167 17466.05787260085 860.2346461117268 37.3276004716754 689.5920317023993 2.073849134147167 3.325690165162086 9.407822333276272 204.1964045166969 3.639801278710365 471.566774122417 3930.540080480278 411.2704298943281 99.26432350277901 13.63974966108799 2.242914572358131 24.42217142879963 1.757715493440628 0.6320250853896141 56.14316108077765 1111.490159474313 0.1629747152328491 0 0 5.09391326457262 0.1097935363650322 0.4378217086195946 0.1967481672763824 5.281603693962097 0 4.106241658329964 0.8307451903820038 0 63.67306814342737 259.0983169749379 1.568927250802517 30.67693808674812 0 10.74275451898575 17.0890261605382 134.089458219707 26.51914835721254 0.4483727216720581 240.8626741692424 3038.360755264759 18.68055745959282 1.9635139554739 5.399057045578957 2.710935011506081 0 0.1338535100221634 40.34506893903017 3.870183192193508 231.9366726502776 425.5978846251965 201.9187163636088 88.27174616605043 6.397515170276165 0 1.200289607048035 0.3752975016832352
2.311149500310421 3.452776797115803 8.189185418188572 1266.231256052852 5.698891557753086 65.44152672588825 122.8142152801156 38.40262628346682 870.8800008669496 779.9722954407334 3.081180535256863 5677.434124961495 0.5792577266693115 30.44055861979723 119.6832329332829 2.777775093913078 0.1254713535308838 0.3635495752096176 0.2427635192871094 2995.414908096194 3.133402943611145 3.71120847761631 12.88925161212683 1552.304483287036 0.998883418738842 3.894983321428299 9.230997763574123 3076.478544041514 47.35545329749584 10.11459405720234 0 3.575820229947567 5.10026802867651 27.36913443356752 2.387914925813675 311.828295096755 6.244645111262798 90.08042689412832 30.48630456626415 186.0932211056352 19.20006849616766 0.765816941857338 2.446510151028633 1.438350200653076 0 0.3691451102495193 81.55937782675028 0 3.054994463920593 71.59293331205845 6.671556353569031 61.47958312928677 84.13221267610788 0.3361818939447403 41.04179710149765 0 3.753371842205524 0 2.135692484676838 0.2693995535373688 0.1367209553718567 0.1140214577317238 81.67335448414087 1.923172347247601 1.596417412161827 0.5306841805577278 154.5220069810748 0.1155894622206688 0.3707531914114952 2.971135310828686 198.6435294151306 4.699881330132484 2.094641394913197 0 0.7441233545541763 0.9925655648112297 1.946450412273407 0.1347040981054306 83.98061139136553 0.8631258457899094 4.79758533090353 1.737165838479996 90.33216728270054 0.4655710160732269 0.7383036389946938 0
3.923260733485222 3.784095726907253 0.09444039314985275 5.698891557753086 0.1763379275798798 265.1514911875129 5.84133180975914 16.71207312494516 192.0601669549942 17.42846601456404 55.58844736963511 244.6170640215278 5.499922767281532 80.64996020495892 1179.917906165123 0 0.1985941976308823 2.028974540531635 0.2533484473824501 18.53051722794771 0.1967471987009048 8.667333118617535 0.3904353454709053 84.86078752577305 1.835499659180641 0.8685118108987808 3.268825449049473 21.60516753047705 278.2452999651432 1.539669908583164 0.1037817448377609 310.9819116666913 0 405.2170104756951 0.1764909029006958 55.44791737943888 6.836404718458652 364.283656142652 40.98468221724033 1120.548938669264 53.60826005041599 9.557842627167702 1.228961750864983 0 0 0 0.5012662634253502 0 0 1.170656189322472 0 0.3429560735821724 1.046566866338253 0.2636623978614807 0.8420431166887283 0.1944313123822212 0 0 0.470609538257122 0 0 0.1293186694383621 0.7979891523718834 1.197888255119324 0.2818799167871475 0 3.079979054629803 0 0.7920227348804474 0.1295265555381775 1.869027175009251 0.09464144706726074 0.09731941670179367 0.2432293891906738 0 0 0 2.000369220972061 4.8695984557271 0.2336957156658173 0 0.4019318968057632 1.497886970639229 0.2993103861808777 0.5768274515867233 0
32.89359837770462 0 35.40026109665632 65.44152672588825 265.1514911875129 7229.81821320951 4089.118892528117 3967.038576990366 27.06022025644779 10074.67394740134 219.5059609785676 3342.771353527904 40.94836177676916 568.0590996295214 916.4196100756526 0 8.25204510986805 17.53626565635204 14.85093668848276 459.1848986893892 10.79892788082361 0.3261883556842804 22.02016639709473 223.0352805629373 1.579858928918839 34.20299289375544 6.555052578449249 328.1406123265624 192.7618727758527 27.45351339876652 1.135850645601749 264.7386518642306 1.640212908387184 933.5395541042089 11.1802569180727 529.1346618309617 58.20831472426653 912.9783401116729 183.4970629140735 1545.803327932954 369.5723858624697 70.83653727918863 24.6901495680213 0.4092463552951813 0 0 13.45861377567053 0 0.597754217684269 27.47496386617422 1.589397802948952 2.950310990214348 6.724020108580589 1.315108582377434 7.774517707526684 1.372273400425911 0.9540861025452614 0.406179666519165 0.1663960441946983 0.2300277352333069 0.3164603859186172 0 7.203933671116829 0.2615109905600548 0.09220444411039352 0.1316877454519272 42.04646036028862 0 1.035404838621616 1.688557416200638 59.34025972336531 2.211763687431812 3.682099379599094 0 0 0.0991109311580658 0 0.5509496927261353 27.04574789106846 3.580909922719002 2.781339861452579 3.755119688808918 15.29067713022232 0.8939002752304077 8.243034489452839 0
1688.693373151124 2.835273303091526 1563.984728053212 122.8142152801156 5.84133180975914 4089.118892528117 8992.425914309919 2379.268712691963 109.3018561527133 5505.52171253413 76.56092905253172 56.49233028292656 10.03829551488161 6582.021210551262 7.983764372766018 28.6758327037096 159.7079450637102 89.22640690952539 145.9738643839955 50.55016356706619 1719.801051959395 5.380771636962891 1991.766819618642 572.391507267952 1.3952616751194 832.827067501843 258.5378257483244 12564.89963257313 1198.389020740986 4615.406341150403 2.988907374441624 40.75848045200109 173.9869832918048 513.8830518499017 43.83943563699722 2212.863240472972 90.89109523594379 1290.031012058258 489.0420585274696 207.3148581385612 113.3790403082967 7.781147964298725 23.6725991666317 11.95461967587471 1.069467276334763 18.7551424652338 33.94178988784552 0.4780780673027039 3.184241853654385 253.4015608280897 17.22539197653532 42.95168387144804 39.39185383170843 3.371545068919659 11.61774286627769 1.525732703506947 17.19301803410053 0.2597494721412659 39.78797214478254 1.695413418114185 0.7445463612675667 1.174424238502979 26.99746857583523 25.7695025280118 9.770826578140259 24.60974268615246 422.3250432908535 0.1031340137124062 5.891184218227863 93.0416609570384 465.7145576775074 49.28267032653093 57.35393223911524 0.4351312518119812 1.441416662186384 4.153813987970352 10.88391561061144 2.239195257425308 221.8744178712368 25.30015583336353 32.04335421323776 11.57678912580013 124.1784921586514 1.727284297347069 1.766172491014004 1.046048775315285
270.6729133948684 0.9719542637467384 399.0945227593184 38.40262628346682 16.71207312494516 3967.038576990366 2379.268712691963 4897.608627267182 19.92538187652826 3238.687471829355 234.0064597353339 1157.373494580388 23.30466864258051 5285.972662515938 100.4247208014131 0.9406502842903137 149.443092957139 102.3886241018772 192.9455970749259 231.2394072562456 109.3788946419954 0.2329198271036148 195.6084246858954 452.8994573354721 0.6936528533697128 335.2732123434544 78.53749167919159 542.5135042965412 529.3916162773967 695.4377513080835 0.7749189212918282 725.074026234448 4.865313440561295 594.6841809079051 3.861880272626877 268.6141327619553 36.42922851443291 527.059080734849 77.21512913703918 451.3644911497831 73.32609909772873 30.02525264769793 10.6796487569809 3.422161504626274 0.1268697082996368 1.055216625332832 9.981423228979111 0 0.9978278055787086 83.2143552750349 5.098974071443081 14.41430650651455 9.303180702030659 0.5662282407283783 5.378645084798336 0.6258536279201508 6.128332979977131 0 1.764284707605839 0.6396771967411041 0.1983508169651031 0.3873706385493279 7.469741225242615 2.699002452194691 0.4715532958507538 1.072969444096088 139.9356079250574 0 1.951836816966534 4.762280382215977 142.9389325082302 11.84588111937046 18.313351534307 0.3864452764391899 0.5899229571223259 0.417268343269825 1.864320017397404 0.2566109895706177 31.40414479374886 3.11724378913641 9.303132012486458 2.277186132967472 26.06142710149288 1.84526465088129 4.472066476941109 0.3402239680290222
2.001412317156792 690.0647287219763 1.601098001003265 870.8800008669496 192.0601669549942 27.06022025644779 109.3018561527133 19.92538187652826 456.4035960435867 659.0359499379992 1.31156862527132 268.4545658007264 29.21469089388847 18.15580280125141 715.3750310987234 39.45207341760397 1.45823697000742 0.1158154755830765 1.00179385393858 575.3382332473993 37.39836948364973 1742.832526989281 4.824346743524075 6970.017234548926 227.4487560689449 13.25095181167126 298.6246745884418 1814.196360945702 9.890622667968273 72.8790932521224 6.062450252473354 0.2680416777729988 1.71033801138401 5.821831531822681 0.6556191742420197 23.22434528172016 7.68488709628582 13.19531612098217 4.1079987809062 279.1174418032169 1.568501926958561 0.9129910320043564 0.1197649165987968 14.21498896926641 6.874394595623016 3.191802889108658 269.2273221239448 1.113301180303097 5.426921956241131 255.0681854858994 26.52649251371622 47.49861815571785 129.6755078658462 2.111334249377251 88.93469721078873 1.893422693014145 26.89778000116348 4.436208091676235 85.93396531790495 0.555634506046772 0.2063689008355141 1.581424847245216 161.8652754873037 61.02529256790876 29.47462257742882 7.199196435511112 1814.67430011183 1.188082739710808 4.294012732803822 9.277395218610764 930.6574468314648 71.61703732609749 95.25319185107946 0.2437534034252167 1.742827638983727 4.920930683612823 10.73968077450991 3.135547131299973 62.6057131588459 3.115666128695011 21.9413285702467 11.74665235728025 65.86972090601921 0.8779943659901619 0.1251840740442276 0.3431927338242531
96.47550114244223 0.4256048575043678 151.6417591199279 779.9722954407334 17.42846601456404 10074.67394740134 5505.52171253413 3238.687471829355 659.0359499379992 28829.39647076279 105.4427067488432 3630.771404527128 16.36957312375307 1395.044123321772 36.64943826198578 1.369005501270294 11.49588481336832 22.00711850821972 20.32907279580832 3326.073477886617 73.58241143077612 0.3540889173746109 105.2013648226857 575.2141342610121 0.2088775336742401 99.77001053839922 23.30842542648315 4512.386681638658 620.000103585422 69.98899995535612 1.368710897862911 95.20950423181057 13.34151268750429 420.9918136522174 6.549725160002708 1609.603495717049 73.81243443489075 1352.85407975316 229.9611221551895 704.6835104525089 227.1441519930959 12.36541163921356 30.70121828466654 2.70999750494957 0 2.670326717197895 248.9784608334303 0 7.027207367122173 207.7213442847133 17.23127026855946 116.426149174571 203.0930649787188 1.536516316235065 104.8156495764852 0.9101571440696716 12.80098235607147 1.367052286863327 2.826188214123249 0.5468993782997131 0 0.2987371757626534 191.062970854342 2.434877850115299 1.600605234503746 2.04858086258173 431.6971010640264 0 1.53149301558733 8.774379968643188 532.080472163856 12.89531876146793 7.446960210800171 1.414371140301228 1.34612525254488 0.9282369837164879 4.058412060141563 1.691837131977081 256.3341212421656 2.815217956900597 11.97654082626104 4.729769833385944 222.6293620541692 1.469284921884537 1.447514079511166 0.2530737519264221
106.0789474770427 4.466668859124184 8.775442279875278 3.081180535256863 55.58844736963511 219.5059609785676 76.56092905253172 234.0064597353339 1.31156862527132 105.4427067488432 5156.747840739787 108.9755106121302 1084.655318200588 453.3398727178574 12.51481487601995 3.706672169268131 366.3272039368749 3084.246882461011 471.2542906999588 24.54176235944033 44.50314658880234 1.413820035755634 141.7474039718509 23.70045474916697 107.78245036304 452.752030365169 375.3264539539814 42.096555352211 208.2698237523437 80.17336801439524 142.1473734229803 143.3260850608349 25.64294524490833 4928.545329496264 27.00789551436901 857.2357800528407 7861.22710814327 4891.781848862767 906.1928708031774 109.6550567671657 50.99428506940603 823.5109492689371 9.537656106054783 0 6.091949842870235 0 0.4956314638257027 0 0 5.464481085538864 0.692151665687561 0.8046933934092522 2.11817654967308 1108.199868686497 0.6964186504483223 904.0513114705682 1.361656077206135 0 1.462594911456108 0.1144065260887146 45.99288842827082 6.103582747280598 0.4967497587203979 1.011551067233086 1.253034561872482 0.9714678376913071 7.914625458419323 142.845914952457 272.4922235682607 211.4703794196248 9.406539395451546 0.09075772017240524 1.746497072279453 201.7491743266582 0.7923183292150497 0 13.95874466747046 1.011031091213226 97.96056782454252 468.5714317560196 57.13867697119713 14.58624623715878 2.012033969163895 0.6149237155914307 140.504524640739 0
15.54917903244495 5.463795021176338 1.399084165692329 5677.434124961495 244.6170640215278 3342.771353527904 56.49233028292656 1157.373494580388 268.4545658007264 3630.771404527128 108.9755106121302 5952.084313370287 11.42217718809843 219.298585921526 1398.950495585799 0.2089223563671112 0.4259088635444641 11.53004970401525 1.319688215851784 3970.555479228497 0.682927131652832 19.15556444972754 1.009095534682274 613.7309599518776 2.302622951567173 5.029856689274311 5.471920005977154 1646.498690344393 102.5093792080879 2.30845058709383 1.13825685530901 93.89491399377584 0.2044940963387489 333.1173938363791 0.8350082188844681 1239.666994847357 31.09666578471661 466.1180164068937 46.17086204141378 2412.735656730831 72.42787453532219 11.62524161487818 10.44335209578276 1.30468262732029 0 0 129.514073908329 0 2.76823615282774 71.28031039983034 6.777495093643665 41.03169971704483 96.93415254354477 1.132076248526573 113.0092358514667 1.664095543324947 3.761648334562778 0.1965729147195816 1.876308545470238 0 0.103151448071003 0 99.68938468396664 3.39015781879425 0.8119280710816383 0.5239227861166 129.9796177372336 0 3.138691559433937 0.5821588039398193 192.5064586475492 6.266139127314091 3.185155063867569 0.09980037808418274 0.4482222199440002 0.413075253367424 1.741794466972351 0.1304718255996704 160.0662552043796 0.6370258629322052 2.250451654195786 1.239018656313419 184.5024781823158 0.09521301090717316 2.46831389516592 0.7389253452420235
2.028120048344135 242.882703281939 2.784307971596718 0.5792577266693115 5.499922767281532 40.94836177676916 10.03829551488161 23.30466864258051 29.21469089388847 16.36957312375307 1084.655318200588 11.42217718809843 2404.84095993638 20.49478185176849 7.124899208545685 12.15137660503387 1.610570706427097 67.48482335358858 4.603733338415623 4.169136941432953 18.77633715420961 68.70374055951834 15.45902353525162 61.30900466442108 1540.821537174284 103.3860793933272 1907.11350594461 21.40622408688068 6.20715755969286 19.35775560885668 413.443069472909 10.55196978151798 1.315336316823959 801.9588222503662 59.23717641830444 1728.538777202368 3608.169069178402 4947.422744721174 830.1639943271875 178.1171174198389 209.4415600448847 1132.223559394479 34.22070424258709 0.1045512408018112 33.31826654821634 0.1086983904242516 0.360425740480423 0 0 3.327412143349648 0.7014279216527939 0.5913238301873207 1.332622982561588 2411.535539023578 0.1101882830262184 2459.269672237337 0.195101872086525 0 0.6730562150478363 0 61.25333562493324 2.610358528792858 0.1391556113958359 0.6272296905517578 1.536139816045761 0.1123297438025475 1.664943568408489 691.7198821082711 394.8901234716177 550.946585483849 0.9241869077086449 0.7229841277003288 0.1570543050765991 443.7347220256925 1.09319856762886 0 12.03173445910215 3.288949072360992 286.3167558312416 688.9192817732692 102.4836742728949 59.74436078965664 7.630202025175095 15.20415870845318 165.3959076106548 1.402068495750427
2752.333958983421 0.7987632155418396 606.1963500380516 30.44055861979723 80.64996020495892 568.0590996295214 6582.021210551262 5285.972662515938 18.15580280125141 1395.044123321772 453.3398727178574 219.298585921526 20.49478185176849 6852.827212885022 16.76084178686142 2.334947265684605 315.087453968823 179.9028431624174 381.3731473982334 85.49727819114923 243.8735644370317 0.5595679432153702 353.9486233666539 425.3178455233574 0.3018758967518806 504.7435535043478 154.3084266111255 743.9340351894498 6095.854793697596 2936.551026679575 2.609095737338066 1142.268598951399 13.38373633474112 1219.672042585909 4.92881740629673 548.3396894484758 70.92162012308836 922.5032986998558 72.14492457360029 124.1983948796988 43.57268017530441 7.720839716494083 4.911049865186214 5.098344601690769 1.070923328399658 2.26836846768856 7.45036768913269 0 0.1820072010159492 63.1675988137722 5.126794740557671 12.10267567634583 5.82601310312748 1.346648208796978 1.405999965965748 0.9851481094956398 5.571238897740841 0.1712673753499985 9.285735718905926 0.642085075378418 0.7318747192621231 0.7073260396718979 5.891728170216084 7.625091508030891 1.808476619422436 2.006068348884583 113.2331129536033 0 6.068965442478657 12.82529155910015 114.4224476665258 21.13661550730467 24.67404095083475 0.9720210805535316 0.3251198157668114 0.7556261122226715 2.341394565999508 1.655959568917751 57.94447812438011 2.04603224247694 6.488500393927097 1.966292291879654 24.08587466925383 0.4098702967166901 0.8475515320897102 0.5174944996833801
1.335143774747849 38.911107622087 0.08201426267623901 119.6832329332829 1179.917906165123 916.4196100756526 7.983764372766018 100.4247208014131 715.3750310987234 36.64943826198578 12.51481487601995 1398.950495585799 7.124899208545685 16.76084178686142 157.1158125475049 0 0.2492848560214043 0.41993398219347 0 230.6613477244973 0.1262189894914627 93.90632928907871 0.1094929575920105 1320.086725525558 15.41429102420807 1.385966718196869 25.660839214921 150.1036587581038 2.399928346276283 0.1828470155596733 0.4938381239771843 98.69296120107174 0.2379046380519867 57.93842367827892 1.035521060228348 397.3892177939415 4.10799465328455 38.73306378722191 6.156469956040382 935.2043961659074 59.08029322326183 5.142288148403168 0.5692996755242348 0.6538474857807159 0 0.09951622784137726 8.829324260354042 0 0.1295153200626373 13.08078719675541 0.4940564557909966 1.555376723408699 8.815830573439598 0.1507382392883301 3.445264562964439 0.1445181518793106 0.615776538848877 0.156954437494278 2.813969068229198 0.1262981295585632 0 0 5.869755156338215 1.694697223603725 0.9867386743426323 0.785567507147789 12.02557118237019 0.2275251150131226 1.197090223431587 1.709688030183315 19.2474587187171 0.9142147824168205 1.083169020712376 0 0 0.301647312939167 0.1191233322024345 11.15697763860226 46.4297449439764 0.1600979417562485 1.265499323606491 0.652130126953125 22.29150450229645 0 0.4427763521671295 0
0.8135465756058693 132.2129910513759 61.95214504748583 2.777775093913078 0 0 28.6758327037096 0.9406502842903137 39.45207341760397 1.369005501270294 3.706672169268131 0.2089223563671112 12.15137660503387 2.334947265684605 0 3779.826865181327 35.2187355607748 1.269127234816551 2.64781516045332 0 2994.48728569597 2336.426311835647 2806.580277249217 3451.447323016822 36.45697570592165 33.57581350207329 3972.100180983543 1783.620179012418 3.695801459252834 345.3437542021275 2.979607373476028 0.1161657944321632 1.9521154910326 171.5457360669971 58.31699927896261 2324.336246877909 289.7122241929173 596.1429724544287 582.8705627769232 101.674337297678 0.7260048389434814 7.494315922260284 11.16743110120296 3.192464843392372 9.205320760607719 92.8956281542778 0.6458253934979439 0 0.09537243843078613 7.920237585902214 1.069177001714706 10.59777614474297 1.694086484611034 2.053381748497486 0 1.686823934316635 3.0580939874053 0.4744379073381424 3897.788908407092 15.46019794791937 0.08487983047962189 2.195988282561302 0.3002477735280991 361.6496287062764 819.7560237422585 1366.722695976496 297.0613912269473 0.4616713970899582 27.82753036916256 990.4515156075358 109.821750998497 25.83057910948992 70.21478905528784 0.873506486415863 0.08331874758005142 7.31012962013483 13.01303669065237 3.206912837922573 848.1785983145237 173.3753736242652 46.84976129233837 42.31057000905275 7.367363020777702 0.1879258155822754 0.7727303504943848 1.458897233009338
157.9708273559809 126.9823312684894 2397.689990580082 0.1254713535308838 0.1985941976308823 8.25204510986805 159.7079450637102 149.443092957139 1.45823697000742 11.49588481336832 366.3272039368749 0.4259088635444641 1.610570706427097 315.087453968823 0.2492848560214043 35.2187355607748 287.018587090075 248.1677885949612 797.0674147605896 0.3296546190977097 897.3570564091206 17.26941879093647 1678.640515342355 52.74688120186329 1.158430151641369 1576.485427178442 6047.945083163679 111.1196338310838 114.9654245227575 780.919236458838 1.306534245610237 2.283749289810658 26.26632945984602 1378.59396828711 5.211503505706787 327.8138831704855 1942.366721011698 400.5722175166011 102.1324424445629 10.03638831526041 1.539748214185238 11.45672254264355 0.5886933207511902 0.5885822921991348 109.9312995374203 132.0067533701658 0 0 0 1.489265486598015 0.09932257980108261 0.1668046861886978 0 0.2782519981265068 0 1.904486060142517 0.2863929495215416 0 5.639129161834717 80.51003597676754 0.3415727168321609 74.8150330632925 0 2.258555464446545 3.331728026270866 5.484169542789459 6.376954421401024 2.634307555854321 232.7046657502651 994.6283162012696 4.162836991250515 1.276698797941208 1.520467154681683 1.711202323436737 0 0.4113459289073944 14.50949807465076 0.7313235700130463 103.0970048829913 206.0515829175711 55.93544908612967 16.85040879249573 3.349114611744881 0 0.5310379862785339 0.113974504172802
73.75149711221457 2.029616482555866 103.6026833802462 0.3635495752096176 2.028974540531635 17.53626565635204 89.22640690952539 102.3886241018772 0.1158154755830765 22.00711850821972 3084.246882461011 11.53004970401525 67.48482335358858 179.9028431624174 0.41993398219347 1.269127234816551 248.1677885949612 414.6658625081182 1138.471872799098 2.13734295219183 37.56626980006695 1.6838234141469 161.6903374120593 4.721415609121323 23.68720479309559 2063.841547526419 306.534509293735 29.24480584263802 61.66613163053989 76.33286725729704 33.28986655920744 9.329127140343189 10.42004213482141 1731.928768120706 13.85610587894917 912.3788517042994 2217.336791433394 1411.446722887456 372.226923532784 13.45900990813971 1.471009612083435 68.30019763112068 2.990855500102043 0 5.047470182180405 1.050742842257023 0.2819320559501648 0 0.2009719759225845 0.5155762210488319 0.08714538067579269 0.109932579100132 0 85.56998778134584 0 188.8467321693897 0.5002861469984055 0 1.076179042458534 1.142860032618046 24.43738818913698 9.26114521920681 0 0.4281730800867081 0.2975933998823166 0.3274694979190826 1.244063645601273 14.83270813524723 245.9602518007159 236.7968341857195 3.516942873597145 0.0995086282491684 0.9126746952533722 105.0657449290156 0.1362971365451813 0 0.663673035800457 0.7172589153051376 65.91063116490841 37.64507635682821 18.92961038649082 0.9526385217905045 1.532693386077881 0.3262855112552643 1.856496274471283 0
174.262558221817 15.29834100604057 345.975963331759 0.2427635192871094 0.2533484473824501 14.85093668848276 145.9738643839955 192.9455970749259 1.00179385393858 20.32907279580832 471.2542906999588 1.319688215851784 4.603733338415623 381.3731473982334 0 2.64781516045332 797.0674147605896 1138.471872799098 471.7539371401072 0.950541116297245 121.4591790363193 1.829489961266518 521.7162582054734 8.45384107530117 34.61886698007584 1524.788085438311 926.4847322255373 53.54957558959723 140.5158556625247 242.6117653623223 6.672147065401077 5.770936071872711 32.60917319357395 2626.287263900042 5.537987753748894 936.6846759840846 2277.633449681103 1403.011307343841 281.1808251515031 15.61348736286163 1.376908056437969 25.79706029593945 1.881308346986771 0 48.26459342241287 4.621243208646774 0 0 0 1.256193250417709 0.2039765641093254 0.2727357223629951 1.028821766376495 7.912237361073494 0.2165624052286148 26.02485331147909 0.6462164521217346 0 3.270406320691109 7.206585988402367 15.12047763168812 78.73376850783825 0 2.199974752962589 1.43235868960619 1.059204176068306 4.084107682108879 7.422785304486752 456.2792673632503 506.2434683814645 3.205020599067211 0.6756211519241333 1.256632059812546 40.29065818339586 0 0.1122397035360336 2.32666577398777 0.1176078766584396 80.22712281346321 85.15186896175146 30.51240763068199 3.697741493582726 4.887220911681652 0 0.648586630821228 1.585069432854652
6.863855108618736 0 1.348154634237289 2995.414908096194 18.53051722794771 459.1848986893892 50.55016356706619 231.2394072562456 575.3382332473993 3326.073477886617 24.54176235944033 3970.555479228497 4.169136941432953 85.49727819114923 230.6613477244973 0 0.3296546190977097 2.13734295219183 0.950541116297245 569.9916717633605 0.2235277593135834 0 1.618260063230991 346.529746286571 0.2846036553382874 1.568388998508453 1.451094038784504 1183.335340104997 55.78960087895393 2.386863745748997 0.5056711584329605 22.47938997298479 0.4687968194484711 75.60168767720461 0.2180692702531815 483.6986166387796 10.45215829461813 177.7573939710855 36.80176848173141 482.4434477686882 26.20700065046549 3.138319730758667 4.05964332818985 0.6653973609209061 0 0 145.9279884919524 0.3486563712358475 3.560064911842346 90.27995280176401 8.319647952914238 61.01901113986969 123.4386860132217 0.4321038424968719 70.38692738860846 0.1940210312604904 3.697156175971031 0.2681388556957245 0.9452254176139832 0 0.09127550572156906 0 123.2503872141242 1.557214707136154 0 0.1223141252994537 183.9790273606777 0 1.522944860160351 1.161776036024094 263.6963569000363 3.853839755058289 2.82206617295742 0.7672840431332588 0.8048135712742805 0 1.164413273334503 0.2644879519939423 129.2016483619809 2.089379765093327 3.376342855393887 0.3190506249666214 166.7720435187221 0.9681534245610237 1.079206183552742 0
161.1484907642007 17.9085576236248 1024.715318262577 3.133402943611145 0.1967471987009048 10.79892788082361 1719.801051959395 109.3788946419954 37.39836948364973 73.58241143077612 44.50314658880234 0.682927131652832 18.77633715420961 243.8735644370317 0.1262189894914627 2994.48728569597 897.3570564091206 37.56626980006695 121.4591790363193 0.2235277593135834 12455.20780184865 152.4911032691598 16983.93326248229 283.3466553092003 11.36255760490894 233.2961709722877 1194.190653413534 5958.613890588284 264.7664298936725 7459.278914123774 0.6366389766335487 2.084844537079334 72.39175586402416 2116.366766370833 210.5928779542446 7135.855457544327 973.051187902689 3376.898721419275 1987.837541438639 322.08431828022 6.614254646003246 21.13979788124561 31.80825658887625 4.793672405183315 1.854978144168854 12.32563152164221 0.5109061151742935 0 0.07681532204151154 12.59862955659628 1.156267456710339 6.735773146152496 2.430184036493301 11.09516157209873 0.2112567573785782 8.674440547823906 4.441419012844563 0.5423695519566536 982.5443151518703 4.97326748073101 2.514848284423351 4.399133786559105 0.6120751053094864 495.5154263451695 197.8703431412578 250.9498276337981 330.4741807729006 1.203391909599304 19.76458464562893 94.00296064466238 136.0546315014362 42.97561707347631 118.2881319746375 4.53802564740181 0.06775611639022827 9.207087948918343 13.54794821888208 11.30838593840599 600.568929284811 24.39214187115431 29.48325853049755 16.0394558981061 18.00000071525574 0 10.74747374653816 2.500364609062672
0 2079.114568226039 22.97379073500633 3.71120847761631 8.667333118617535 0.3261883556842804 5.380771636962891 0.2329198271036148 1742.832526989281 0.3540889173746109 1.413820035755634 19.15556444972754 68.70374055951834 0.5595679432153702 93.90632928907871 2336.426311835647 17.26941879093647 1.6838234141469 1.829489961266518 0 152.4911032691598 494.381456181407 265.6282232627273 5665.079288780689 703.2103028669953 42.16536946594715 3074.683991193771 83.38739924877882 0.6204502880573273 8.341120421886444 10.67622610926628 0 0.09503310918807983 9.693499103188515 0.1356685012578964 23.7993324175477 32.12203326821327 16.53346566110849 6.154246896505356 72.92293441295624 0 2.376798942685127 0 0.5435725376009941 334.9285684525967 16.32693818956614 0 0 0.1205131784081459 0.7642062827944756 0.1234950125217438 3.669236943125725 0.1092956587672234 4.359522216022015 0 9.371070191264153 0.4296851679682732 0.6940534859895706 888.0672848448157 6.312749102711678 0.1505672037601471 1.969626292586327 0 61.11511858552694 60.44672729820013 145.5420201867819 128.8613174632192 11.61700382828712 12.8785869255662 946.8932615220547 19.45475613325834 1.851319283246994 9.673255383968353 1.527852334082127 0 0.4368464648723602 1.277219764888287 0 11.92938999086618 9.290546335279942 7.711066760122776 4.378619365394115 1.903583288192749 0 1.634658217430115 0
143.475983582437 16.10026673972607 7805.88273358345 12.88925161212683 0.3904353454709053 22.02016639709473 1991.766819618642 195.6084246858954 4.824346743524075 105.2013648226857 141.7474039718509 1.009095534682274 15.45902353525162 353.9486233666539 0.1094929575920105 2806.580277249217 1678.640515342355 161.6903374120593 521.7162582054734 1.618260063230991 16983.93326248229 265.6282232627273 15810.69361595064 874.4222853258252 4.153940282762051 1462.392957597971 15854.84551846236 4649.161231189966 120.7559252902865 4074.259714461863 4.817931070923805 2.840230785310268 32.35340363532305 1979.177796751261 290.8503273054957 8863.012807890773 6592.29055237025 4439.811634130776 3432.854817606509 473.2579893246293 5.538448549807072 28.54923865944147 61.9051321670413 0.3289579600095749 5.995735637843609 446.254531674087 0.4080883413553238 0 0 6.207835346460342 0.4407621547579765 4.356006696820259 0.2307411283254623 3.017966479063034 0 3.026084512472153 0.8136561587452888 0.2925486415624619 2453.415995322168 29.435924872756 0.1289954036474228 3.696986250579357 0 172.155585065484 283.9640466421843 1163.272385641932 122.4483555555344 0.3765127807855606 32.99221510440111 1957.267105475068 50.72199990600348 8.390490248799324 23.14747177064419 1.579857766628265 0.08712611347436905 0.9074751138687134 10.47929993271828 3.375184088945389 903.8261483460665 511.7942147925496 82.51257839798927 66.22254537045956 5.868862524628639 1.884263008832932 3.237985134124756 0.8675588518381119
91.42080686241388 1257.481278881431 100.173426926136 1552.304483287036 84.86078752577305 223.0352805629373 572.391507267952 452.8994573354721 6970.017234548926 575.2141342610121 23.70045474916697 613.7309599518776 61.30900466442108 425.3178455233574 1320.086725525558 3451.447323016822 52.74688120186329 4.721415609121323 8.45384107530117 346.529746286571 283.3466553092003 5665.079288780689 874.4222853258252 7520.494933120906 323.2163093835115 82.23346522450447 3496.443840019405 5504.674908943474 376.7599463835359 1161.76211283356 13.84299132972956 16.71208519488573 137.3040113374591 298.8104679137468 42.92270059883595 1990.21589140594 128.7619464918971 760.8948094546795 298.0765039250255 717.5387575551867 43.95965392887592 7.108789756894112 16.92205960303545 55.750219874084 11.17519365251064 47.43679434806108 206.856240786612 1.761406414210796 12.19975063204765 866.6556914150715 70.49839024990797 608.7105218395591 155.2009730264544 8.318050473928452 68.0999693647027 8.381309062242508 80.11053817719221 3.684015162289143 304.4759649038315 7.587533682584763 3.420655995607376 5.483438670635223 140.4703907892108 217.0178912729025 149.4963331818581 62.08947947621346 2922.549485549331 1.309131219983101 24.73933409899473 234.2789090946317 2224.085856243968 235.0050050914288 319.3456963002682 2.047693803906441 4.520098894834518 17.1337876021862 42.67198840901256 11.04073054343462 465.9452455639839 36.33986794948578 113.0259908773005 42.14425966888666 269.2294227853417 4.438319601118565 4.3427564650774 5.869223177433014
0 1110.435392566025 1.005487367510796 0.998883418738842 1.835499659180641 1.579858928918839 1.3952616751194 0.6936528533697128 227.4487560689449 0.2088775336742401 107.78245036304 2.302622951567173 1540.821537174284 0.3018758967518806 15.41429102420807 36.45697570592165 1.158430151641369 23.68720479309559 34.61886698007584 0.2846036553382874 11.36255760490894 703.2103028669953 4.153940282762051 323.2163093835115 105.155265852809 96.48475372046232 2620.203337214887 16.8057139441371 0.5748075619339943 3.887953236699104 189.5093505084515 0 0 63.88208451867104 1.346401527523994 188.9164591059089 329.1030444726348 413.7069956213236 84.0110998749733 20.53340934962034 20.65567529201508 357.5869441628456 0.1811503171920776 0.0923391655087471 28.94175069779158 0.2107906937599182 0 0 0.3695814907550812 0.1128447651863098 0 0.2937371283769608 0 553.6812720447779 0 1552.003987081349 0 0.3946717083454132 0.4405162036418915 0.5001201927661896 7.883720047771931 3.416699886322021 0 0 1.521658539772034 0.250086672604084 1.259518966078758 112.9125070720911 109.6353610008955 536.9767872393131 0.181353785097599 0 0 159.7624056339264 0 0 2.737326830625534 0.9005556702613831 38.4346489161253 59.26167906820774 50.28370871394873 11.13583886623383 0.3083348870277405 2.253490924835205 229.1029763221741 0
138.3127433434129 193.7092347294092 4916.996301852167 3.894983321428299 0.8685118108987808 34.20299289375544 832.827067501843 335.2732123434544 13.25095181167126 99.77001053839922 452.752030365169 5.029856689274311 103.3860793933272 504.7435535043478 1.385966718196869 33.57581350207329 1576.485427178442 2063.841547526419 1524.788085438311 1.568388998508453 233.2961709722877 42.16536946594715 1462.392957597971 82.23346522450447 96.48475372046232 12763.46285764128 12273.82376210392 305.0076554343104 55.20234570652246 323.2690127193928 68.24349933117628 5.95708154886961 10.78764470666647 1303.525019951165 27.43930550664663 2963.014674060047 7168.886110074818 2367.052965782583 595.6807413101196 50.86751942336559 1.010027438402176 109.7380961328745 6.260059975087643 0.2950919792056084 336.6104106977582 54.13837996125221 0 0 0.4840182363986969 1.911793991923332 1.404677912592888 1.904218815267086 0.4518074542284012 131.4020727723837 1.195197135210037 517.3099227175117 0.5867811143398285 0.08559716492891312 9.42042488604784 87.02116544544697 70.0740665346384 413.3731519952416 0.8067073374986649 5.890059672296047 9.249742724001408 3.08898188918829 13.99918033927679 154.3729147911072 2016.901141412556 3431.466165572405 7.887152105569839 1.960219353437424 2.721205912530422 362.8741733506322 0.3905298411846161 0.5793546289205551 28.30028640478849 3.169803775846958 306.6275999248028 412.3166306242347 187.5211474299431 25.71581238508224 8.05881755053997 0.1792725175619125 5.478220380842686 0.550746962428093
71.87503931671381 3498.952471852303 17466.05787260085 9.230997763574123 3.268825449049473 6.555052578449249 258.5378257483244 78.53749167919159 298.6246745884418 23.30842542648315 375.3264539539814 5.471920005977154 1907.11350594461 154.3084266111255 25.660839214921 3972.100180983543 6047.945083163679 306.534509293735 926.4847322255373 1.451094038784504 1194.190653413534 3074.683991193771 15854.84551846236 3496.443840019405 2620.203337214887 12273.82376210392 27956.16340605915 1979.7213454023 40.94629023969173 128.7025393247604 810.3884617090225 1.207081884145737 13.04941375553608 3663.784790463746 188.354245685041 7427.670693583786 4674.266866050661 6684.642658345401 1871.264893077314 251.242100045085 4.294715769588947 62.89961721003056 34.28738462924957 0.1417872905731201 1875.337083168328 1672.765910357237 0.3072057366371155 0.2208699584007263 0.547876663506031 8.177896656095982 0.5978695750236511 3.922057740390301 1.772210828959942 209.8057561516762 0.2481089383363724 762.154096506536 1.505725517868996 0.118943102657795 1299.975603342056 460.4713628962636 69.28254247456789 528.4597028940916 0.7696574926376343 25.52426628023386 428.7144091501832 687.5440270677209 69.16386467218399 858.1198489367962 2925.598655968904 14400.73448082805 30.94144569337368 2.119716838002205 6.715612486004829 551.608379304409 0.4114003479480743 0.1034103557467461 92.27675847709179 8.727189756929874 707.9436393082142 1156.186775706708 524.0731251612306 210.2039854452014 24.71788304299116 0.9080966114997864 4.762611985206604 3.590251669287682
