670.8831064254045 0 139.9041464626789 2.670036688446999 1.544126123189926 19.11002899706364 2141.882010936737 514.5710484758019 2.655478842556477 24.03418727219105 7.302064917981625 1.785499878227711 0.3319212794303894 5402.244222082198 0 0 599.2227287366986 3.45753388851881 64.69759733974934 2.010780304670334 18.71759623289108 0.1193624511361122 173.8745675757527 21.75324980914593 0.1861041486263275 25.95829878747463 3.883191749453545 76.16066488623619 2514.054578907788 1902.796365819871 0.07646261900663376 10.76206983625889 27.33646262437105 62.59985768049955 0.1873664259910583 13.12195875495672 14.71111658960581 48.95863617956638 9.309991136193275 0.7999823242425919 0.6040364503860474 1.006612628698349 0.1870144009590149 1.1729896068573 0 0 0.1090256795287132 0 0.07926253974437714 0.7514237910509109 0.6954497098922729 0.3648184612393379 0 0 0 0 0 0 0.6128888726234436 0 0 0 0 0.7515783309936523 0 0 11.04630977660418 0 0 1.242660626769066 7.264636389911175 0.866238996386528 1.179588168859482 0 0 0 1.000779420137405 0 4.334670975804329 0.1279601752758026 4.154365241527557 0.09608570486307144 0 0 0.3304241597652435 0
0 159.3854941129684 18.08830296248198 0 0.45966687053442 0 5.243015468120575 0 612.7389736324549 0.2535909339785576 244.5281785801053 0.7117813676595688 267.1087898313999 0.1283455193042755 11.61276146769524 164.9917556867003 8.426210783421993 1.866207107901573 3.132070019841194 0.1700939238071442 1.599400669336319 2519.72480609268 8.621308781206608 934.9703740999103 1853.367503196001 160.3434772193432 4601.979186408222 45.87021382898092 1.264442078769207 0.6467848420143127 1.985945679247379 1.427772149443626 0 17.07540875673294 0.3049042224884033 15.49923474341631 176.3309752866626 143.7324004024267 14.38275918364525 16.2937009036541 0.6249403953552246 405.4475089907646 0 0.7085344716906548 80.21666952967644 82.46046407520771 0 0 0.267255425453186 0.2870170474052429 0 3.129986725747585 0.2522349655628204 0 0 9.132495030760765 1.028461493551731 0 1.966284774243832 8.678902119398117 3.347272820770741 38.077268242836 0.1342549175024033 0.9760023951530457 20.61150405555964 3.373090922832489 11.0331452563405 33.95482762157917 341.5877068117261 2439.027016848326 5.378864243626595 1.679457113146782 1.417480267584324 0.7061399817466736 0 0 3.850207835435867 0 15.19475369155407 77.01160717755556 14.98936082422733 10.76496911048889 0.7210080921649933 0 0.4526878520846367 0.2261882573366165
139.9041464626789 18.08830296248198 2193.967769809067 6.520610138773918 0.5214515849947929 63.05259793251753 3462.961876705289 515.2812328636646 0.6313588693737984 118.1348194926977 92.06525862962008 1.980106338858604 17.14834741503 967.4364403486252 0.9017534777522087 1.435703411698341 7359.872392915189 46.60376428812742 156.7793984860182 7.403848573565483 160.2165202051401 1.821995593607426 12077.18825867027 12.17164596915245 1.725040897727013 6669.226109988987 2975.272426761687 1034.122967213392 110.9161343052983 835.7728286087513 2.034056477248669 8.629606142640114 2.874236755073071 1504.646712124348 64.18621952831745 2955.206327371299 2940.662050381303 3425.777105621994 1074.613267846406 80.56383933871984 17.88311679661274 14.82818368822336 18.08445410430431 2.143191784620285 79.27018106728792 955.4381134286523 0 0 0 6.75730312615633 1.448500230908394 0.2910268604755402 0.4038390815258026 0.4202775657176971 0 0.1466478109359741 3.438936546444893 0 17.22125087678432 26.53891005367041 0 7.26236005872488 0 5.399315670132637 43.01209764182568 229.901444375515 20.50644650310278 0.5839947462081909 33.51898495852947 1992.370978824794 13.31657764315605 1.133920848369598 3.915648847818375 0 0 0 9.531908266246319 4.729752272367477 42.42831266671419 110.0014748796821 30.98049856722355 20.12857606261969 1.528968825936317 0 0.4814868569374084 1.069688677787781
2.670036688446999 0 6.520610138773918 603.2911465838552 3.752138338983059 24.90414223819971 149.5047644004226 18.6401731222868 706.6303769573569 1779.013830438256 0.4776989817619324 891.1540537327528 0.229292020201683 30.86569440364838 87.38248519599438 0 2.6909104809165 0.4239842519164085 0.2046818509697914 843.7207962349057 0 0 0.6888193413615227 683.8087174296379 0 1.764603398740292 1.283836707472801 5225.963372305036 65.0033950433135 0.5925387293100357 0 1.190778486430645 4.302104771137238 35.11250552535057 18.39522725343704 247.5657575428486 3.031724974513054 90.27591729164124 89.6412735581398 107.8259057179093 5.334962949156761 0.1430696398019791 3.116695076227188 0 0.4328381419181824 0.4502944797277451 178.0802903398871 1.285657584667206 20.36183648556471 38.36173575371504 9.203669928014278 116.585755802691 92.08917682617903 0.8898543640971184 126.1835224702954 0.2053724527359009 4.777029111981392 23.86562789231539 0 0 0 0 184.0016260668635 0 0.544263020157814 0 275.0906642898917 0.2516327202320099 0 0.2708060815930367 281.9706656932831 3.697204403579235 0 0 0.8807271048426628 0 2.331472873687744 0.6270164251327515 6.458492010831833 0 5.428841516375542 1.807980477809906 218.1047994717956 0.5546915084123611 0 0
1.544126123189926 0.45966687053442 0.5214515849947929 3.752138338983059 34.3394907861948 404.6714235618711 7.986288867890835 28.70950206369162 68.43331307172775 12.19812976568937 82.72316679358482 146.4964415878057 17.83722658455372 4.462129324674606 1757.77612143755 0 0.8502157777547836 3.041160024702549 1.009658366441727 7.679075077176094 0 2.236729666590691 0 27.83176486194134 0.4089194387197495 1.721100986003876 0 5.497784093022346 44.98058358579874 0.6638556197285652 0.1950743123888969 268.8549901023507 0 241.4140252619982 0.7912976294755936 78.26210410892963 3.753982424736023 117.8797852247953 66.24659405648708 997.1111895591021 49.5655387789011 6.678385496139526 0.1825091242790222 0 0 0 0.9274361431598663 0 0 1.063673377037048 0 0 0.3420209884643555 0 0.7467752248048782 0 0 2.210001647472382 0 0 0 0 0.4577131271362305 0 0 0 1.73062390089035 0 0 0 1.344249278306961 0 0 0 0 0 2.07739269733429 0 0.9255876541137695 0 0.2159834355115891 0 2.687356993556023 0 0 0
19.11002899706364 0 63.05259793251753 24.90414223819971 404.6714235618711 7918.742040924728 3180.327659375966 4431.574776127934 15.002072699368 6151.226168952882 82.94313462823629 2762.10381295532 27.79479087889194 695.1142645701766 1206.289814889431 0 44.68241513520479 14.00978261977434 10.37909591197968 468.608569547534 2.683254554867744 0 27.7696003690362 36.20331961661577 1.335607171058655 16.3531665802002 3.862301893532276 682.7418949082494 254.5610637590289 31.2504301071167 0.3729015439748764 777.3368485346437 0.3135898783802986 352.4750728234649 1.885464020073414 362.8049535304308 15.59779195487499 513.5411188751459 249.9784343466163 2277.428358308971 198.4498588442802 19.02722338587046 6.375979855656624 1.626592040061951 0.1143119782209396 0.2045051902532578 7.002702869474888 0 1.925494104623795 22.09439513087273 3.225183933973312 3.997705891728401 1.583647534251213 0 13.03052795678377 0.08372084051370621 2.441640138626099 2.544788241386414 0 0 0 0 7.698831729590893 0.6042743921279907 0 0.1154049560427666 60.97399368882179 0.224342092871666 0.2352987080812454 1.835223831236362 38.31015634536743 0.9670936763286591 2.461367875337601 0 0 2.357977613806725 1.820428878068924 0.1247492134571075 9.515700213611126 0.8479245156049728 5.09675620496273 2.608752250671387 34.7698930054903 0.7356101125478745 0.2040030136704445 0
2141.882010936737 5.243015468120575 3462.961876705289 149.5047644004226 7.986288867890835 3180.327659375966 4787.002769634128 3906.127274990082 166.2297823652625 8404.755100414157 42.75635765492916 18.68302450329065 3.080870673060417 7408.566394299269 34.12243262678385 0.6831358522176743 283.7509658113122 11.57662101089954 17.87187121063471 28.08155443519354 696.4894344210625 3.398488566279411 1712.241049781442 969.7023871615529 0.4465010687708855 293.6493832543492 295.2574208453298 14983.24559089541 1242.429268524051 2267.489298000932 0.3993398249149323 50.40718533843756 35.60485326498747 508.1586670055985 63.69439852237701 1533.540883094072 142.6555921733379 1223.864815086126 797.5470009073615 272.3688535094261 65.94913370907307 1.949399128556252 19.51630833745003 5.940241679549217 4.767478749155998 16.30725383758545 33.79856965690851 0 34.43413642793894 140.1738008633256 24.26311802864075 40.49011269956827 37.89697702229023 4.300432607531548 28.4208402633667 0 16.06218066066504 2.579942584037781 14.50876342505217 1.457788608968258 0.6222935542464256 0.4376187101006508 44.00795233994722 1.480637714266777 3.517898254096508 20.78538116812706 673.2251477688551 0 2.608774341642857 61.26982463896275 464.520340397954 30.91413507610559 7.801049843430519 0.1947838962078094 2.205841079354286 3.365043751895428 24.26529756933451 2.802482396364212 63.19831904023886 3.189135998487473 85.72807775437832 27.77643647044897 79.72082211822271 7.156647428870201 2.610496126115322 1.056170582771301
514.5710484758019 0 515.2812328636646 18.6401731222868 28.70950206369162 4431.574776127934 3906.127274990082 7820.734137736261 30.01352953910828 1507.904431007802 179.2357259094715 349.7844271734357 68.11898753046989 4587.351423271 181.7394728511572 0.3605881780385971 812.5118288621306 24.73552764207125 93.69078563898802 108.1786390393972 20.50894398242235 1.20229209959507 324.5544169470668 146.4928004145622 2.818946450948715 84.19539079070091 22.51644989103079 386.3830395415425 663.9117552191019 694.3037459328771 0.9160658419132233 340.1113225482404 1.105550728738308 402.9376007243991 10.40573980659246 474.6793595924973 99.2263123691082 409.6197774931788 273.7185004800558 835.6515455543995 101.7509116828442 36.24745875597 4.438366666436195 0.4818923622369766 0 2.364611826837063 1.320276916027069 0 3.221695423126221 25.4816991314292 7.318070352077484 12.40754859149456 2.065122619271278 0.8998982310295105 2.534506924450397 0 7.191514164209366 0.4972474575042725 0.4938937276601791 0.2457567602396011 0.4994458258152008 0.1525272130966187 1.959083452820778 1.353480786085129 0 1.507911026477814 207.0810150280595 0.2002067863941193 0.3738667890429497 4.242933936417103 105.8800417557359 13.08857420086861 10.13844735920429 0 0 0.3432508409023285 4.41291731595993 0.3489010035991669 17.47211135923862 0.6071116775274277 26.73209216445684 10.94119614362717 15.49614790081978 2.444749072194099 3.431726574897766 0
2.655478842556477 612.7389736324549 0.6313588693737984 706.6303769573569 68.43331307172775 15.002072699368 166.2297823652625 30.01352953910828 445.1816536262631 101.2451568096876 43.01488061994314 465.4844318553805 40.66069882363081 22.77509465068579 705.0418537408113 28.48430579155684 0.1687670052051544 0 0.08560747653245926 590.8085431605577 8.111849449574947 2382.553527742624 2.360367156565189 5167.892066761851 276.6058209761977 1.366078592836857 78.8003762960434 1159.627183109522 63.26371494680643 27.06909316778183 0.6678625196218491 4.074810177087784 11.54462897032499 27.13674091547728 3.592187091708183 131.3115567341447 19.09303745627403 84.32181996107101 58.62427565455437 354.4268426671624 2.195416390895844 40.08842888474464 0.9981527999043465 11.86333030462265 6.514075413346291 1.337121292948723 251.0988282263279 3.186427086591721 28.86155695468187 80.62596530467272 22.61289002001286 291.1792492419481 88.64352328330278 2.414919249713421 150.2828203067183 1.125591143965721 17.78616128861904 32.17069920897484 73.53579960018396 0 0.4751624315977097 0.226835772395134 215.6571032255888 31.40691564232111 25.26606446504593 8.035984352231026 2625.48924254626 1.332260429859161 0.1422859877347946 5.948381349444389 786.5857680290937 66.24592336267233 47.10992032289505 0.4170964360237122 2.906598180532455 8.204778485000134 25.80372574180365 5.451678335666656 107.6503896862268 0.4366383403539658 68.90991183370352 26.63321348279715 180.9990270808339 4.777890592813492 0.2894786298274994 2.281620010733604
24.03418727219105 0.2535909339785576 118.1348194926977 1779.013830438256 12.19812976568937 6151.226168952882 8404.755100414157 1507.904431007802 101.2451568096876 13619.261682868 50.54173724353313 2196.48754055053 5.30372516065836 737.5612454563379 50.8264295309782 0.1385740339756012 11.00615844875574 13.4089694917202 12.28794504702091 4323.774267710745 3.461723476648331 0.2480563223361969 32.49706995487213 288.8706692159176 0.251073032617569 27.07405479252338 17.12248762696981 3553.92523406446 636.8028015345335 9.850675597786903 0.6350629739463329 70.67372060567141 4.409669600427151 454.0436881035566 55.63311532884836 1329.754142552614 45.32797598838806 1140.336543291807 673.3729617521167 314.4137223809958 99.32480773329735 3.712203569710255 33.20190611481667 1.527538292109966 0.9599857032299042 0.9268036335706711 148.9735673293471 1.618596695363522 35.51377189904451 162.3945133090019 21.4606426730752 49.2554432824254 98.08220085501671 1.725044041872025 113.9710199460387 0 5.725920900702477 15.67626006156206 0.2330043017864227 0 0.2832191288471222 0 226.2642051130533 0 0.8980545401573181 0.8756827339529991 543.2184124663472 0.3162586987018585 0.2526001334190369 3.243680737912655 511.2168786600232 10.46158815920353 2.845392920076847 0 0.3333342298865318 0.1122911721467972 3.792260430753231 3.393353849649429 20.07616830617189 0.5528902634978294 14.74731410294771 8.5825090482831 193.7914596945047 4.502022176980972 1.614053957164288 0
7.302064917981625 244.5281785801053 92.06525862962008 0.4776989817619324 82.72316679358482 82.94313462823629 42.75635765492916 179.2357259094715 43.01488061994314 50.54173724353313 5925.825789354742 56.70431581884623 1425.59067453444 116.9982328489423 0.5153172612190247 7.477251537144184 579.0663196220994 1907.031550586224 733.3212055712938 16.91132675856352 36.64483869075775 107.2017615661025 54.87690132111311 72.38148427009583 681.3417010381818 581.1843867301941 264.4959385544062 27.78650470077991 287.5136698484421 23.02913908660412 327.0692098513246 591.1303921118379 17.14068577438593 3403.186426401138 8.311018042266369 415.4662872329354 4048.580650694668 6320.061125449836 853.2071704566479 72.71554581075907 103.6338766217232 942.3673999160528 2.856564439833164 0 1.795704416930676 1.498413175344467 0 0 0.176797091960907 2.023556649684906 0.5010591223835945 0.9812052175402641 0 55.57876331359148 0.7864976078271866 636.6998341456056 0.1904648840427399 0 0.1571070402860641 0.4046687036752701 83.49229267984629 13.65643580257893 0 0.7340648621320724 0.9489470571279526 0.2362471222877502 9.866116866469383 151.3555240631104 82.07658953219652 289.2132274210453 7.824859835207462 0 1.994420602917671 178.2280998602509 0.2070256024599075 0 4.427703589200974 2.513890013098717 7.965973816812038 276.7687136754394 10.0121309235692 5.825896695256233 0 0.9025773257017136 65.07599496096373 0
1.785499878227711 0.7117813676595688 1.980106338858604 891.1540537327528 146.4964415878057 2762.10381295532 18.68302450329065 349.7844271734357 465.4844318553805 2196.48754055053 56.70431581884623 5574.783402360976 4.779857948422432 440.1733381077647 1382.14273865521 0 2.358750201761723 11.50516215711832 9.591386929154396 3699.76649659127 0.3555946052074432 3.324867129325867 1.073188111186028 294.9736011847854 0 8.983499869704247 1.958636999130249 436.6954329237342 315.1877350211143 0.9428888559341431 0.5528547391295433 99.0417158678174 0.3919853046536446 294.4147288054228 5.064438670873642 784.0526522770524 15.52645207196474 681.7639602720737 271.3605070188642 2587.701207466424 68.2982127815485 2.559855677187443 14.82473076879978 0.5893348902463913 0.2846193164587021 0 66.61667178571224 1.951829120516777 46.98007234930992 58.090540997684 8.286927700042725 38.22719530761242 59.69644373655319 0.2900930196046829 307.9975937828422 0 5.680478297173977 39.97264432907104 0 0 0.1962877884507179 0 102.3197228461504 0 0.5332213640213013 1.0165776014328 189.2536491900682 0 0.1178063452243805 0.2597863525152206 186.7697046995163 2.297536589205265 0.374678760766983 0 0.7906888127326965 0.3967812955379486 7.584195524454117 2.603659391403198 10.51243458688259 0.3196706771850586 12.63237921893597 3.594784460961819 397.6062894165516 0.9251551479101181 0.3426658809185028 3.771307066082954
0.3319212794303894 267.1087898313999 17.14834741503 0.229292020201683 17.83722658455372 27.79479087889194 3.080870673060417 68.11898753046989 40.66069882363081 5.30372516065836 1425.59067453444 4.779857948422432 1199.287389077246 15.39858004450798 5.323497712612152 11.52942070364952 8.718102663755417 110.4701206237078 5.838634051382542 1.365993291139603 12.05350989103317 126.0993257910013 23.11544268578291 68.53840681910515 3164.156133510172 61.95136207342148 1290.815944083035 13.82270174473524 7.83458349108696 14.76155190914869 750.035655066371 49.83465555310249 0 176.8067043125629 110.7663997709751 2544.956214241683 3769.853089384735 1532.262289486825 489.7338979616761 175.011114820838 211.9654235243797 1317.787330657244 11.86583396792412 0 5.101633325219154 0.1874258667230606 0 0.4427159428596497 5.816591940820217 1.023858569562435 1.727803304791451 0.3014622926712036 0.5754051730036736 82.00288029760122 0.4341054111719131 1172.245101489127 1.399428449571133 0 0.6900800168514252 0 92.7783910036087 12.92954189330339 1.466456383466721 0 0.7734554558992386 0.5540244281291962 4.612118482589722 609.6870707720518 140.9523123279214 557.8664549216628 0.7097749039530754 0.3866289258003235 0.2059474140405655 373.6762848123908 1.786795496940613 0 32.66234930604696 29.94737023115158 481.5035055726767 310.8374249786139 84.91456810384989 32.58409353345633 92.17573235929012 33.30199189484119 98.6478329449892 0.175181970000267
5402.244222082198 0.1283455193042755 967.4364403486252 30.86569440364838 4.462129324674606 695.1142645701766 7408.566394299269 4587.351423271 22.77509465068579 737.5612454563379 116.9982328489423 440.1733381077647 15.39858004450798 7064.295037470758 5.374800242483616 1.488254629075527 1786.503614112735 26.34074378013611 200.4054261296988 141.7790920287371 54.42948730289936 1.514572836458683 659.0059058740735 164.6394035667181 0 145.0293900445104 38.87443912029266 501.9531644284725 4931.502712517977 2254.230306334794 0.430845707654953 138.2368647158146 16.20387668907642 355.8106562197208 7.242283210158348 564.1730785295367 127.5333976447582 655.5930368900299 236.5888123214245 309.0993866175413 33.81994116306305 14.52022285014391 4.795481018722057 1.897180773317814 0.3433693498373032 7.384361125528812 2.582827553153038 0 7.663371406495571 25.2937923297286 4.701033048331738 12.36703488230705 5.020759522914886 1.595599383115768 7.780264638364315 0 1.585994966328144 0.3820679783821106 3.278014980256557 0 0 0.3255923986434937 3.584958024322987 5.232255235314369 1.121116459369659 2.247107475996017 147.6185748651624 0 0.5382750853896141 8.083101995289326 93.6135618314147 10.17856242507696 5.300653748214245 0 0.4917339682579041 0 9.971241563558578 2.659668356180191 24.64649254828691 2.11247318983078 20.1951956897974 10.03566426038742 6.518815502524376 0.8481606990098953 0.9524316638708115 1.671283423900604
0 11.61276146769524 0.9017534777522087 87.38248519599438 1757.77612143755 1206.289814889431 34.12243262678385 181.7394728511572 705.0418537408113 50.8264295309782 0.5153172612190247 1382.14273865521 5.323497712612152 5.374800242483616 691.6606941819191 0 0.414121650159359 0 0.09541899710893631 113.9146318361163 0 50.95033679902554 0.3705310374498367 1081.203891471028 5.201114632189274 0 1.718358933925629 67.79939772188663 5.376395709812641 0.101846769452095 0 937.1584841385484 0.2991343140602112 6.843635335564613 0 576.9773809015751 5.319205291569233 6.021853350102901 1.810254506766796 1395.108325749636 83.80268058180809 0.3392744362354279 0 0 0 0 8.62943309545517 0 2.819187954068184 7.583438381552696 2.193087369203568 4.739979803562164 8.403342194855213 0 15.8940968438983 0 0 13.48307834565639 0 0 0 0 19.63420057296753 0 0.533377468585968 0.1615892648696899 22.47334926575422 1.443503260612488 0 0 23.71873408555984 0.1936027556657791 1.299197912216187 0 0 0.2556130886077881 1.176187604665756 0 5.025934815406799 0 4.529714375734329 0.5788959264755249 119.7151796221733 1.082550168037415 1.351980090141296 0
0 164.9917556867003 1.435703411698341 0 0 0 0.6831358522176743 0.3605881780385971 28.48430579155684 0.1385740339756012 7.477251537144184 0 11.52942070364952 1.488254629075527 0 3350.156020224094 2.304103575646877 0 0.7450439482927322 0 1464.98048864305 2460.649586208165 1754.7558895275 924.6976157426834 56.36261048167944 4.917812049388885 2972.3665721789 768.9660485610366 6.257047511637211 246.6508780568838 0 0 2.629744455218315 45.17706355452538 36.81017093360424 1336.764973342419 446.8092561289668 271.6289827749133 373.9436511844397 59.71529010683298 5.485559068620205 6.028335601091385 2.675228700041771 2.92997869104147 16.91391069442034 17.5843061953783 0 0 0 7.387162126600742 1.57862664014101 11.4983423948288 0 0.2183911204338074 0 0.2303124442696571 2.661197736859322 0 3496.812775626779 1.078353561460972 0 0.4104430451989174 0 563.6548881307244 1197.959495231509 2010.86190366745 560.2958403378725 0.7411633208394051 3.950505487620831 264.631102591753 346.5810242295265 27.60563614219427 122.0517902374268 0.1562867164611816 0.1836192905902863 8.580100402235985 71.68273466825485 4.367250174283981 369.9413508325815 35.76028086990118 200.899101421237 126.2689664065838 16.16021803021431 1.064551919698715 3.29629772901535 3.180692374706268
599.2227287366986 8.426210783421993 7359.872392915189 2.6909104809165 0.8502157777547836 44.68241513520479 283.7509658113122 812.5118288621306 0.1687670052051544 11.00615844875574 579.0663196220994 2.358750201761723 8.718102663755417 1786.503614112735 0.414121650159359 2.304103575646877 548.6263954415917 210.9675303697586 3972.808199115098 1.994603663682938 231.1694518625736 0.7714072912931442 3934.620813339949 9.24226900190115 2.559511221945286 2867.179673671722 2251.91643948108 86.39609035849571 2405.929396860301 1685.322793371975 0.4953249022364616 22.83646222949028 165.2740832716227 1629.575288526714 4.435945212841034 408.0169801786542 2154.277891591191 1036.954307414591 196.1669659763575 8.759063214063644 2.470667034387589 8.895350359380245 1.074296370148659 0 11.14013801515102 139.1551200672984 0 0 0 1.577908679842949 0.271372102200985 0.5114111006259918 0 0.1178384572267532 0 0.1295817345380783 0.7947197631001472 0 2.242055326700211 17.96616644412279 0.7432805001735687 18.55884094536304 0 0.4849085360765457 1.772091820836067 11.12891755998135 5.145838215947151 1.246812038123608 98.46913281083107 332.6294941678643 4.263971708714962 0.3607400953769684 0.329506903886795 0 0 0 1.273244075477123 0.3833359181880951 15.15182507783175 107.6367727667093 10.77562828361988 3.845438823103905 0.7247003018856049 0 0 0
3.45753388851881 1.866207107901573 46.60376428812742 0.4239842519164085 3.041160024702549 14.00978261977434 11.57662101089954 24.73552764207125 0 13.4089694917202 1907.031550586224 11.50516215711832 110.4701206237078 26.34074378013611 0 0 210.9675303697586 279.7198211997747 205.0093688592315 4.221283115446568 10.37583544105291 0 25.08548173308372 1.015399686992168 53.69889300316572 1732.410682208836 85.12000647187233 5.956201806664467 72.0175266712904 9.817186735570431 169.0147534757853 68.63342894613743 6.964162357151508 1082.846987769008 13.32402525097132 669.8178606629372 1957.783115588129 1991.54158102721 606.262292355299 16.65616749227047 10.56567789614201 17.10520256310701 1.877335019409657 0 0.4292837232351303 1.144776612520218 0 0 0 0.1289672702550888 0.0793878436088562 0 0 4.627189338207245 0.07891854643821716 64.61004149913788 0.08861573785543442 0 0 0.3148272559046745 57.35839741677046 31.26820960640907 0 0 0.1067341342568398 0.4193837195634842 1.959496982395649 45.61242236942053 125.4765090569854 300.1329495385289 0.272746205329895 0.7731622606515884 0 44.8746183514595 0 0 2.05502787977457 2.181998267769814 4.656472690403461 188.0659402906895 2.275946393609047 0.276739239692688 0 0 5.593589052557945 0
64.69759733974934 3.132070019841194 156.7793984860182 0.2046818509697914 1.009658366441727 10.37909591197968 17.87187121063471 93.69078563898802 0.08560747653245926 12.28794504702091 733.3212055712938 9.591386929154396 5.838634051382542 200.4054261296988 0.09541899710893631 0.7450439482927322 3972.808199115098 205.0093688592315 2025.308113500476 3.823234468698502 65.78668907284737 0.1348790973424911 142.7568249106407 1.994815111160278 8.048689424991608 1940.873404465616 182.7711456269026 6.565956756472588 503.0172277763486 117.2200061678886 0.3505104184150696 64.49220879375935 81.19756312668324 3152.025899425149 12.41776107996702 1058.560108833015 1311.079626083374 2019.317640013993 527.1840784102678 19.90026392787695 5.228896208107471 2.873056069016457 3.014796145260334 0 3.305974639952183 14.28410439193249 0 0 0.6504049897193909 0.4559201300144196 0 0.2352873906493187 0 0.3464660048484802 0 5.878963656723499 0.4307207018136978 0 0.2814604416489601 3.229551836848259 13.90346194058657 39.91920265555382 0 0.1248951032757759 0.1360786855220795 0.2737125158309937 2.9698196798563 11.48434028029442 149.8916381448507 215.0004213750362 1.960009470582008 0.7065556943416595 0 4.420587547123432 0 0 0.5321984589099884 4.056432917714119 2.33528121560812 112.1717386245728 2.360783897340298 0.7191103771328926 0.8299232721328735 0.1584997028112411 0.7780090719461441 0.7865373194217682
2.010780304670334 0.1700939238071442 7.403848573565483 843.7207962349057 7.679075077176094 468.608569547534 28.08155443519354 108.1786390393972 590.8085431605577 4323.774267710745 16.91132675856352 3699.76649659127 1.365993291139603 141.7790920287371 113.9146318361163 0 1.994603663682938 4.221283115446568 3.823234468698502 647.2594750002027 0.6234880536794662 0 2.87778002768755 406.1693626642227 0 3.261603631079197 2.14831567555666 3379.352363742888 157.1676663756371 1.363230727612972 0.3873422145843506 26.16258683055639 1.123875096440315 119.0232498198748 11.94528625160456 700.8714667931199 13.36085344105959 333.2192060947418 219.067219093442 482.9976523146033 32.39974894374609 8.079611927270889 17.12363705039024 0 0 0 206.4132183641195 1.773266069591045 56.72984334826469 146.2722504734993 20.31955246627331 102.532177247107 132.7212617173791 0.4882469549775124 223.9368307814002 0 6.786361187696457 50.77201853692532 0 0 0.3060022592544556 0 290.2157424762845 0 1.158064365386963 0.1218664273619652 534.2068283483386 0 0.8471878618001938 0.6113427951931953 571.0082501173019 8.218207381665707 1.407151326537132 0.2548756152391434 2.19083172082901 1.278525345027447 6.528356671333313 2.22494301199913 30.42595235258341 0 18.42690325528383 8.559164471924305 563.8338458165526 1.246428683400154 1.241882815957069 0
18.71759623289108 1.599400669336319 160.2165202051401 0 0 2.683254554867744 696.4894344210625 20.50894398242235 8.111849449574947 3.461723476648331 36.64483869075775 0.3555946052074432 12.05350989103317 54.42948730289936 0 1464.98048864305 231.1694518625736 10.37583544105291 65.78668907284737 0.6234880536794662 10096.79354871809 80.28097656369209 10168.67617771029 91.06490477919579 2.094804972410202 10.61677610129118 383.6203208267689 3324.808910876513 199.0057182386518 7706.786967009306 0 1.908410549163818 102.6962112635374 3793.702674344182 186.5791766121984 6377.09819534421 896.4017821550369 5688.20567882061 2644.638371862471 200.4449420198798 15.48939632624388 7.969149455428123 20.39602605253458 6.173348963260651 2.102209746837616 2.701127603650093 0 0 0.539541020989418 3.909860715270042 1.106157124042511 9.993659593164921 0 0 0 0 7.153255082666874 0 389.5375072583556 1.991263270378113 0 0 0 285.3427273258567 142.8189028352499 89.07288779318333 375.161100924015 0.2932608127593994 0.9377587735652924 6.978841617703438 282.2492075636983 47.34664064645767 92.85518409311771 0 0.4614072740077972 15.22233652323484 55.06150221824646 10.2849118411541 181.9555393084884 2.884199053049088 122.8778851553798 56.25762515515089 10.67680548131466 1.136439576745033 7.436796486377716 0.5387445092201233
0.1193624511361122 2519.72480609268 1.821995593607426 0 2.236729666590691 0 3.398488566279411 1.20229209959507 2382.553527742624 0.2480563223361969 107.2017615661025 3.324867129325867 126.0993257910013 1.514572836458683 50.95033679902554 2460.649586208165 0.7714072912931442 0 0.1348790973424911 0 80.28097656369209 1107.352278649807 286.0099453404546 5720.876103684306 977.2622926607728 2.492440193891525 2541.047909550369 225.2927882149816 1.8824198320508 8.953350678086281 1.88299935311079 0 0.6389911025762558 9.054963521659374 0 18.18302048742771 52.76811876893044 45.87647031247616 4.207318663597107 71.82682597637177 0 104.915311217308 0 0.6279472410678864 14.3265875056386 25.43208453804255 0 0 0 1.405432865023613 0.1463572680950165 9.797941781580448 0.1767826825380325 0.1747593432664871 0 0.07333238422870636 1.910803690552711 0 1182.240544341505 1.230941534042358 0 0 0 76.44831088930368 230.9010600447655 408.0695215910673 215.2307855188847 0.1137101873755455 5.317519724369049 779.658715814352 76.52093158662319 7.908648855984211 16.0994638428092 0 0 2.376615270972252 12.28809376060963 1.963538303971291 59.57628004252911 12.4513203650713 31.04438785463572 17.81516676396132 2.489731758832932 0 0 0.8060885071754456
173.8745675757527 8.621308781206608 12077.18825867027 0.6888193413615227 0 27.7696003690362 1712.241049781442 324.5544169470668 2.360367156565189 32.49706995487213 54.87690132111311 1.073188111186028 23.11544268578291 659.0059058740735 0.3705310374498367 1754.7558895275 3934.620813339949 25.08548173308372 142.7568249106407 2.87778002768755 10168.67617771029 286.0099453404546 13338.09567315131 334.6089640930295 3.912670314311981 621.8778116255999 7663.593214854598 3671.498883590102 334.7494619339705 4401.31803881377 1.143116198480129 6.717424564063549 28.43959204852581 2648.200129635632 329.151527158916 11014.53163707256 9726.944938778877 9303.203156739473 7450.277922794223 710.0501608103514 43.87904468923807 24.27229394763708 79.15229152143002 0.534918874502182 8.406063228845596 116.7170917391777 0 0 0.1306455433368683 7.994095452129841 1.441683307290077 0.8093287199735641 0 0.4435920864343643 0 0 0.7377922460436821 0.1312625706195831 2207.096851803362 4.124706953763962 0 0.240204744040966 0 289.0917875543237 621.3517342284322 2266.0312840119 157.8256834074855 1.349994674324989 4.447285175323486 1138.094437889755 92.00514009594917 4.762701541185379 43.42460353672504 0 0 2.661956250667572 30.88206174224615 14.6666601151228 205.4567720293999 41.7697534263134 123.1215972527862 110.0498192384839 6.108534932136536 0.8183116018772125 0 4.058109432458878
21.75324980914593 934.9703740999103 12.17164596915245 683.8087174296379 27.83176486194134 36.20331961661577 969.7023871615529 146.4928004145622 5167.892066761851 288.8706692159176 72.38148427009583 294.9736011847854 68.53840681910515 164.6394035667181 1081.203891471028 924.6976157426834 9.24226900190115 1.015399686992168 1.994815111160278 406.1693626642227 91.06490477919579 5720.876103684306 334.6089640930295 5588.786627903581 449.1555874496698 12.37955838441849 2116.176419571042 3022.780265457928 375.2549922540784 268.5389013215899 0.6758622676134109 14.3912596181035 65.2848255187273 180.2871519625187 66.15968701243401 1252.00711607188 90.99142012000084 544.821280784905 454.2416844815016 852.7138531431556 20.0265126824379 57.24800333380699 9.315978482365608 51.63059376180172 12.70795596390963 19.76718758791685 307.1185373589396 3.668340519070625 133.8607755750418 563.7722755596042 141.6522120982409 1235.787573777139 230.640252135694 18.29995433241129 246.6236220523715 2.325059615075588 127.8737065270543 47.69477152079344 278.1530328914523 2.353390194475651 5.32375605404377 1.767218269407749 394.7857633978128 166.6347516998649 175.5802495181561 63.12206131219864 6145.987619318068 2.791695229709148 7.022924423217773 61.94842863827944 3359.10186906904 316.4834531322122 194.9064992964268 0.7703975811600685 13.28218093514442 37.00794526189566 202.3101776465774 16.22425555437803 579.8169892579317 16.55891031771898 528.0219609588385 243.9760687053204 631.7654818594456 40.80107629299164 11.82683879137039 10.58848689496517
0.1861041486263275 1853.367503196001 1.725040897727013 0 0.4089194387197495 1.335607171058655 0.4465010687708855 2.818946450948715 276.6058209761977 0.251073032617569 681.3417010381818 0 3164.156133510172 0 5.201114632189274 56.36261048167944 2.559511221945286 53.69889300316572 8.048689424991608 0 2.094804972410202 977.2622926607728 3.912670314311981 449.1555874496698 226.5227471962571 487.6076290681958 3379.767442747951 16.79617296159267 0.7132019326090813 1.381671234965324 422.9199259728193 2.26512336730957 0 44.55807715654373 4.847417928278446 116.9831003248692 448.8371157050133 520.0480084195733 100.0214368030429 16.43553061038256 36.65808889269829 772.6371848657727 5.748303577303886 0.1330837607383728 6.580980882048607 0.7482907623052597 0 0 0.1974050104618073 0.2716092169284821 0.1247062608599663 0.343779444694519 0 11.44710710644722 0 371.8935857713223 0 0 0.1355768293142319 0 6.09474990516901 6.639768823981285 0 0 1.085390850901604 0.1583004295825958 3.047645971179008 2.724612578749657 38.92009522020817 289.5068382099271 1.141091972589493 0 0 52.1339867413044 0 0 0.1994613111019135 1.423219919204712 13.2832152992487 5.185429647564888 2.100983053445816 1.13355216383934 0.365277886390686 0.5826400518417358 2.1781837195158 0
25.95829878747463 160.3434772193432 6669.226109988987 1.764603398740292 1.721100986003876 16.3531665802002 293.6493832543492 84.19539079070091 1.366078592836857 27.07405479252338 581.1843867301941 8.983499869704247 61.95136207342148 145.0293900445104 0 4.917812049388885 2867.179673671722 1732.410682208836 1940.873404465616 3.261603631079197 10.61677610129118 2.492440193891525 621.8778116255999 12.37955838441849 487.6076290681958 14988.69765263796 5628.949481323361 101.7360683977604 120.5585918873549 37.18390839546919 269.8651660010219 37.95992873609066 10.0293039008975 1315.858085341752 33.89373233914375 2536.384170651436 5810.78206846863 3239.742256134748 892.152593202889 36.84650054574013 11.55677291750908 24.75496757030487 8.276624232530594 1.595215760171413 206.2993666380644 288.1872415691614 0 0 0.377554640173912 3.811454832553864 1.230159878730774 1.903934255242348 0.2142476961016655 22.00186484307051 0.20362289249897 359.0057704597712 5.438823580741882 0.1434647440910339 5.763345561921597 100.1181276366115 357.3138972967863 760.8608058169484 0.1269614845514297 2.754502519965172 9.81812496483326 13.0198415517807 15.2877626940608 382.0986488759518 3003.614240005612 6179.159854777157 8.557474657893181 2.290213659405708 8.357642166316509 240.891344293952 0 0.8102193772792816 21.94633755087852 6.18672302365303 50.34242931008339 1810.207725502551 58.64202754199505 23.24779464304447 1.742347359657288 0.2313982993364334 14.84842019528151 0.6101858913898468
3.883191749453545 4601.979186408222 2975.272426761687 1.283836707472801 0 3.862301893532276 295.2574208453298 22.51644989103079 78.8003762960434 17.12248762696981 264.4959385544062 1.958636999130249 1290.815944083035 38.87443912029266 1.718358933925629 2972.3665721789 2251.91643948108 85.12000647187233 182.7711456269026 2.14831567555666 383.6203208267689 2541.047909550369 7663.593214854598 2116.176419571042 3379.767442747951 5628.949481323361 25663.84913709015 1995.728144586086 49.70751958340406 55.36537440121174 520.2799010798335 13.49114270508289 5.267687916755676 1893.481676265597 120.1805162504315 4998.076370455325 5047.449928045273 5171.543962173164 2002.648573987186 283.9104442074895 34.0820088237524 60.39412403851748 43.87333443760872 6.822091452777386 2314.520998544991 3500.779452748597 0 0 1.649575531482697 38.82905376702547 8.136410020291805 5.938472330570221 0.1193805485963821 9.246936954557896 0.1324779987335205 267.1670417711139 16.37821993976831 0.5938844978809357 1289.84736918658 221.3508116602898 164.3796444535255 502.6299204304814 0.1287772953510284 80.9967939928174 1140.467405244708 2593.411190651357 146.517330519855 855.4146512299776 3197.841931298375 21496.33703938872 99.11410051584244 7.107245996594429 26.98514581471682 136.5443446710706 0.09054915606975555 0.4891547411680222 72.62333877384663 8.365932658314705 335.8390970081091 1187.305115148425 287.2978925406933 212.6402482241392 5.674579262733459 1.847864985466003 7.204105369746685 4.589490637183189
76.16066488623619 45.87021382898092 1034.122967213392 5225.963372305036 5.497784093022346 682.7418949082494 14983.24559089541 386.3830395415425 1159.627183109522 3553.92523406446 27.78650470077991 436.6954329237342 13.82270174473524 501.9531644284725 67.79939772188663 768.9660485610366 86.39609035849571 5.956201806664467 6.565956756472588 3379.352363742888 3324.808910876513 225.2927882149816 3671.498883590102 3022.780265457928 16.79617296159267 101.7360683977604 1995.728144586086 10243.19874700904 1542.734420724213 7961.331536412239 0.1929004117846489 29.46124839037657 508.2683627605438 1332.166893944144 242.0280654504895 5370.964692883193 323.0469402000308 3293.110681757331 2089.861805908382 782.1865053996444 72.19953317940235 18.48696584999561 37.08288913965225 39.24513092637062 11.75380632281303 25.99242536723614 436.0633286014199 5.185667015612125 100.5826509594917 416.8658077344298 94.91171165555716 401.2635233104229 231.3581124171615 11.82634480297565 305.6790720000863 2.449023120105267 91.63523858785629 59.95020208507776 153.9790900349617 1.00109476596117 2.723299354314804 1.042774222791195 451.5606422424316 134.141391582787 63.3200266957283 61.51242238283157 3182.240869261324 2.735827654600143 4.856057934463024 73.89956118911505 2433.953932829201 220.9188791662455 147.665675342083 0.8729112297296524 8.715829961001873 31.89725930988789 131.9059682115912 15.30898223817348 398.8863440901041 9.911923862993717 341.3284113258123 150.4042989611626 760.9994985237718 29.13986180722713 10.4589044675231 7.173910081386566
2514.054578907788 1.264442078769207 110.9161343052983 65.0033950433135 44.98058358579874 254.5610637590289 1242.429268524051 663.9117552191019 63.26371494680643 636.8028015345335 287.5136698484421 315.1877350211143 7.83458349108696 4931.502712517977 5.376395709812641 6.257047511637211 2405.929396860301 72.0175266712904 503.0172277763486 157.1676663756371 199.0057182386518 1.8824198320508 334.7494619339705 375.2549922540784 0.7132019326090813 120.5585918873549 49.70751958340406 1542.734420724213 13029.45552676171 6156.190269067883 1.348435401916504 705.7893507480621 1986.051612786949 1990.322433456779 5.434108778834343 300.5625668615103 65.73557787388563 1361.944123290479 335.0179430022836 90.9688534066081 14.68419966101646 3.001913949847221 2.65763658285141 1.456282250583172 0.8424766361713409 1.855164080858231 1.27594755589962 0 2.690312348306179 12.27710823714733 3.841201163828373 14.91268850117922 2.501406781375408 0.5104683637619019 1.287201724946499 0.1198172867298126 2.19988489151001 0.1266591101884842 6.384610772132874 0 0.2551670372486115 0.1276615262031555 3.642215460538864 5.913441382348537 3.288612216711044 0.5704371333122253 180.1223576515913 0 1.938184805214405 5.505278289318085 121.9457881823182 14.42886277288198 12.81074599176645 0 0.6670175939798355 1.900371134281158 13.59232366830111 1.685080260038376 31.41992314904928 1.830680839717388 30.23958218842745 10.81298840790987 10.64747209846973 0.5686870813369751 0.7543598040938377 0.672641932964325
