549.614607617259 0 120.7458370923996 1.999927841126919 0 11.25426146388054 5048.209880232811 821.4410238862038 0.1181895434856415 19.85594751685858 8.055901952087879 1.473452731966972 0 4147.545431032777 0 0.3417129665613174 83.11827717721462 1.700824432075024 8.359556093811989 3.582509227097034 75.45277991145849 0.3604395687580109 169.2024016156793 4.37830912321806 0 14.8104435428977 29.87218647450209 75.88737881183624 4218.525105006993 2908.698415137827 0 31.35652991384268 77.61653926968575 154.2733931168914 2.90294885635376 77.83397009968758 5.804282657802105 104.4961727932096 29.91248811036348 11.31259068101645 1.132672734558582 0 0.3890475183725357 0 0.1516028195619583 0.08849727362394333 0.1866872608661652 0 0 0.8592375442385674 0 0.2344504445791245 0 0 0 0 0.1364747732877731 0 0.3785504698753357 0 0 0 0 0.2876328974962234 0 0.2341717407107353 0.528863936662674 0 0 1.904601246118546 1.006259903311729 0.1759941428899765 0.7882229462265968 0 0 0 0.1181983053684235 0.08300043642520905 0.2545620575547218 0.09611675143241882 0 0 0 0 0 0
0 200.5201559960842 82.28681927919388 0.1313936114311218 0 0 4.815472595393658 1.224577710032463 438.2487199082971 0.2830964475870132 8.96052323281765 0.336648553609848 202.3598657846451 0.6356419548392296 7.886690765619278 181.5019181296229 2.421140968799591 0.2750105857849121 3.907776638865471 0 22.63461013138294 2370.551568083465 16.80795868486166 815.2705917656422 1144.524692833424 209.7236196994781 6913.597232572734 17.06893450766802 1.746316976845264 0.8057707697153091 23.7446181923151 0 0.09454838931560516 47.150465041399 0 6.771580658853054 28.15168892592192 4.006143696606159 1.851977221667767 9.674422182142735 0.3656092435121536 127.3681413158774 0 0.08545559644699097 37.73420391231775 40.26213480532169 0 0 0 0 0.1332969814538956 0.4593300893902779 0.3307129442691803 1.057233303785324 0 3.244304865598679 0 0.4930277764797211 4.060720294713974 0.7719629034399986 0 0.5811995565891266 0.1481927335262299 0.2401189208030701 7.157423533499241 5.764481447637081 1.943974912166595 6.273625113070011 78.48587907105684 1147.397830933332 0.9480995461344719 0 0 0.7473034858703613 0 0 0.570770338177681 0 1.691647425293922 11.09347169101238 2.212387517094612 1.1232670545578 0 0 1.238254368305206 0
120.7458370923996 82.28681927919388 5532.155140161514 11.35922834277153 0.08826269209384918 38.65767198055983 229.6308478936553 451.5460070930421 0.8030573502182961 15.29353750869632 4.915740817785263 0.7428641095757484 0.5156078636646271 336.1827436201274 0 21.29368354380131 7048.269627168775 16.91697272658348 162.0907275676727 3.081221304833889 1216.745304234326 8.148808524012566 6881.87945009023 39.95134181529284 0.8117183148860931 9971.225726477802 9506.31660772115 95.09612363576889 445.0867444872856 485.8315740302205 0.2182673737406731 7.550340138375759 32.03470510989428 718.0358157008886 44.81465798616409 2613.94927637279 3190.569523312151 1945.165270328522 335.6798917502165 103.0646396055818 8.339410044252872 1.791542023420334 10.90546114742756 0.1276732534170151 228.0390150621533 397.3020716831088 0 0 0 1.905194997787476 0.3901544213294983 0 0.1085061132907867 0.1341737359762192 0 2.721388414502144 1.016482055187225 0 24.26531007140875 16.03053559362888 0 3.073428735136986 0 12.79177781194448 15.06258945912123 116.9892039597034 6.810556128621101 3.308867618441582 65.73419087380171 2109.08821054548 6.404733024537563 0.8268229886889458 2.0491117015481 0.2410896271467209 0 0.1200128495693207 1.159624367952347 8.237618431448936 27.00970289111137 245.7767195552588 8.49950660020113 4.79877769947052 0 0 0 0
1.999927841126919 0.1313936114311218 11.35922834277153 3620.142215996981 2.596447482705116 20.3066518008709 208.0228745266795 54.29620752483606 1328.853500135243 4505.966577656567 1.693140275776386 617.2784790322185 0 32.33863086998463 162.1163850128651 0.156042292714119 0.7864361852407455 0.539827361702919 0.6147560849785805 7866.751409813762 4.114055201411247 0.4929647967219353 10.52516245096922 2691.431302443147 0 1.998313903808594 5.917785011231899 3102.035229027271 79.53972052782774 1.66760265827179 0 2.653894200921059 2.230105355381966 71.85138410329819 9.259258091449738 362.1478895619512 3.483503893017769 135.9289662465453 78.77994703501463 387.1274025216699 17.71861041337252 0 1.699112966656685 0.2263214141130447 2.927180029451847 0.4179508239030838 268.3839153125882 0.6535443067550659 10.5739648938179 84.98283776640892 7.205556929111481 120.6427199244499 135.2101851850748 0.1601427048444748 120.1009204536676 0 3.110621251165867 20.76900718361139 0 0 0.1199848651885986 0 123.3657199144363 0 30.33842676877975 0.7749834507703781 280.8686724454165 2.049948282539845 0 1.894536674022675 133.7695774585009 4.244738094508648 0.7692340612411499 0 0.6934115588665009 0 1.762650057673454 0.2467268705368042 35.55437577515841 0 8.003955893218517 1.140168368816376 149.3523710072041 1.189477346837521 0 0
0 0 0.08826269209384918 2.596447482705116 52.38098087906837 428.6980501413345 0.4739230871200562 20.91381099820137 18.37048687040806 0.5890100970864296 1.280014827847481 48.09536581486464 0.09477350115776062 0.1887397319078445 881.8828725069761 0 0 0 0 2.456069737672806 0 1.524587690830231 0 19.5908544510603 0 0 0.1890348047018051 1.649364985525608 3.679767213761806 0.1094932034611702 0 981.3021387159824 0 34.33003333210945 0 9.088155075907707 0 40.49805717170238 11.9916514903307 2389.947859883308 20.40694516897202 0 0 0 0 0 0.1957587748765945 0 0 0 0 0 0 0 0 0 0 0 0 0 0 0 0 0.179470419883728 0 0 0.374351367354393 0 0 0 0.7405552566051483 0 0 0 0 0 0 0 0 0 0 0 0.1706694662570953 0 0 0
11.25426146388054 0 38.65767198055983 20.3066518008709 428.6980501413345 8196.60514035821 594.4880732409656 6339.851090274751 20.38643176853657 6111.246904499829 12.5065558180213 3831.442921809852 0.49199478328228 504.2715946026146 926.0214458107948 0 8.420230437070131 1.518000908195972 2.911747179925442 359.4633714221418 12.04891349375248 0.4200451448559761 30.2601965367794 53.99682632088661 0 6.4896439909935 11.33888407796621 237.861086204648 805.4060183353722 53.95703739672899 0.3254204094409943 1675.492608066648 0.5077753737568855 265.1134138442576 0.7469949573278427 115.1399432197213 4.72365839779377 173.7935427203774 58.50083554536104 1989.695247340947 112.8329732269049 7.336236089468002 2.663356423377991 0.1458879262208939 0.2573164999485016 0 2.817288540303707 0 0.895673543214798 1.382748521864414 0.1152637749910355 0.8151321336627007 1.341365769505501 0 8.734880656003952 0 0.156640961766243 0 0.9299547150731087 0 0 0 3.069456733763218 0 0.340348094701767 0.09489972144365311 3.527894116938114 0 0 0.6944060176610947 3.394956432282925 0.1800361275672913 0 0 0 0 0 0 2.946481592953205 0 0 0 4.448181658983231 0 0 0
5048.209880232811 4.815472595393658 229.6308478936553 208.0228745266795 0.4739230871200562 594.4880732409656 20067.24735223502 6471.115119621158 164.7358799651265 5944.912672068924 14.52342893183231 21.18607681244612 0.673839382827282 7909.489582989365 14.24873642623425 16.41403349488974 21.90270277112722 4.472590923309326 9.25576127320528 82.03802996128798 464.1262137070298 28.24085336923599 484.7316640466452 1107.555455707014 1.057794272899628 18.35341063141823 386.8497514054179 15340.45148991048 1754.283018033952 5261.540515419096 0.07067937403917313 45.49996254965663 140.7427414730191 768.4597487002611 91.42044701427221 3067.230898626149 57.11919229477644 1291.71524207294 610.8687172085047 389.4330068156123 82.81560114771128 0.7808816134929657 26.37454734742641 2.275781162083149 3.070584766566753 3.375688515603542 88.9464964941144 0.1294497400522232 7.091661728918552 323.8637493625283 19.52152375876904 103.8277054354548 70.98185987025499 0.1123496294021606 19.74474216252565 0 14.81682853400707 2.955724686384201 8.557117864489555 0.5763367936015129 0 0.1551285088062286 51.92182829976082 4.166197650134563 5.844742439687252 6.666079185903072 429.7452691346407 0.2101438269019127 0.3949710726737976 21.95929428935051 561.6947765573859 23.85518413037062 54.8177911862731 0.1157811433076859 1.008474096655846 0.8266849145293236 9.119305856525898 2.812248736619949 108.2434777393937 2.662350028753281 14.52315585315228 8.752727441489697 19.44733966141939 5.789081536233425 0.189752072095871 0.4251470267772675
821.4410238862038 1.224577710032463 451.5460070930421 54.29620752483606 20.91381099820137 6339.851090274751 6471.115119621158 13277.50469095632 5.6435476988554 3268.796479262412 16.26330441236496 464.0483517795801 0.8462035730481148 6843.064159620553 108.5813667476177 1.89551042765379 121.5103225186467 3.970127746462822 13.02827059477568 187.3813233822584 205.1204407401383 1.975950963795185 425.2049416899681 72.47882556170225 0.6687383949756622 48.93088436126709 136.5275282487273 721.8483962789178 898.6969925798476 1117.49070160836 0.3284786269068718 2166.301334198564 7.58468995988369 337.8034475632012 7.113631322979927 297.5711490400136 12.83018480241299 352.2841760665178 130.7787439972162 1057.543043754995 16.45117432624102 3.873911984264851 9.571168094873428 0 0.4014445319771767 0.4328968077898026 3.259589292109013 0 0 6.857993118464947 0.9005662649869919 4.6058738976717 4.415290325880051 0 1.644108451902866 0 0.4518556520342827 0.8866185545921326 1.424286857247353 0 0 0 1.808161616325378 0.7326099500060081 0.8150132670998573 2.125440239906311 13.6840051189065 0 0 5.504454411566257 16.46462155133486 0.4789570048451424 1.76863669604063 0 0 0 0.4217346012592316 0.5070968866348267 4.15417892485857 0.0828012153506279 1.380086585879326 0.07937569916248322 1.624440230429173 0.4755055904388428 0 0
0.1181895434856415 438.2487199082971 0.8030573502182961 1328.853500135243 18.37048687040806 20.38643176853657 164.7358799651265 5.6435476988554 1230.624618858099 398.005849532783 1.085803218185902 314.6771983653307 9.791871160268784 2.186875909566879 487.1409952789545 49.71674234420061 0.1490651816129684 0.08900687843561172 0.5318067669868469 1069.17838998884 80.3493474945426 2505.565490432084 8.193559095263481 11482.10220395774 135.9562492221594 15.7902499511838 376.4822941422462 1518.747771903872 4.204473935067654 12.90306781977415 1.678684897720814 0.5970594584941864 0 6.036518841981888 2.004302889108658 33.30599354207516 1.090801611542702 9.857809089124203 3.363498210906982 181.185596704483 1.011782303452492 3.739181064069271 0.1533756107091904 3.45953281968832 3.305542752146721 1.60999584197998 361.5234805196524 2.993662297725677 12.35669631510973 225.5661057159305 17.56222614645958 138.8239050880075 233.8187773525715 0 182.7582543119788 0 20.76302480697632 31.74153921753168 222.0644578412175 0.7908485606312752 0.08128424733877182 0.3617479428648949 195.5301918387413 233.3531516194344 27.71680678427219 22.01286631077528 1383.475726544857 0.623500369489193 1.541697897017002 16.3075962588191 853.4546456187963 48.79255563765764 106.9080277308822 0.1909994930028915 0.6481853872537613 1.992858216166496 10.6145873144269 0.7577813193202019 76.14361068606377 1.182256169617176 21.54162149876356 10.30557108670473 138.3626124039292 4.661201328039169 0 0.6511589512228966
19.85594751685858 0.2830964475870132 15.29353750869632 4505.966577656567 0.5890100970864296 6111.246904499829 5944.912672068924 3268.796479262412 398.005849532783 23888.45685929805 37.30682292580605 5435.866624616086 0.8614556938409805 795.3553558774292 23.69795612990856 1.756286166608334 5.447899732738733 8.746509358286858 23.40018105506897 10178.59543311596 9.052321963012218 0.3965975493192673 15.93854408338666 844.8166568502784 0 11.52627615630627 18.36429462581873 5533.18190549314 1290.3104262501 12.44689469411969 0.9472946897149086 97.31062871217728 9.864675402641296 832.1981769576669 15.13427890837193 919.8023221865296 20.91635650396347 1080.688684895635 358.7874694615602 690.1463838405907 82.32271325588226 0.2339014112949371 14.10341986268759 0 0.1119480729103088 0.1072586998343468 141.7884386107326 0 4.145295806229115 89.04341886937618 7.275370202958584 80.0478705316782 108.7990282028913 0 118.9437213093042 0 2.522132821381092 17.69066633284092 0.3107246309518814 0 0 0 78.10091562569141 0.5712916851043701 1.674955174326897 0.3347612619400024 200.1472782790661 0.1523774415254593 0.1710782051086426 0.6725086122751236 125.8241604417562 3.203699916601181 2.400559291243553 0 0.3772998601198196 0.1649505794048309 1.565235048532486 0.5121998637914658 25.60886849462986 0 4.493480578064919 1.289432935416698 85.56676328927279 0.1844278052449226 0 0.8937535732984543
8.055901952087879 8.96052323281765 4.915740817785263 1.693140275776386 1.280014827847481 12.5065558180213 14.52342893183231 16.26330441236496 1.085803218185902 37.30682292580605 10880.13871817291 18.88360026478767 1320.854564808309 6.560523338615894 0.3722377270460129 1.031725004315376 62.4789451956749 3909.435272008181 1246.047796078026 16.46820522099733 2.358283884823322 4.023543961346149 8.817378811538219 2.880889110267162 544.6979413479567 3510.902348339558 852.6361062601209 3.509753659367561 68.21926133707166 7.218416601419449 619.0998229309916 26.69626163691282 0.4298466742038727 5063.436830677092 15.22531761974096 394.3740938454866 3105.827155455947 5147.483219869435 1331.070451587439 98.9236955344677 14.56760381162167 1025.155275128782 1.347061030566692 0 1.383052557706833 0.6081899404525757 0 0 0 0.1630276590585709 0 0 0 246.9274484291673 0 1105.296802304685 0 0 0 0 4.858973689377308 0.3340279161930084 0 0 0.2953384071588516 0 0.1328229457139969 155.2634041532874 79.45619875192642 268.4222799241543 0.1074187010526657 0 0 142.3131683692336 0 0 16.67695251107216 2.12964303791523 11.7399432733655 218.732592433691 3.120683439075947 1.523218795657158 0 0.1288754492998123 190.3324012085795 0
1.473452731966972 0.336648553609848 0.7428641095757484 617.2784790322185 48.09536581486464 3831.442921809852 21.18607681244612 464.0483517795801 314.6771983653307 5435.866624616086 18.88360026478767 9519.873945113271 0.4476169124245644 315.8471606597304 1741.242801964283 0 1.720517337322235 4.103271506726742 8.788005873560905 5531.693551242352 0.5837462693452835 1.506629332900047 0.6264540180563927 354.7258720062673 1.376668006181717 6.569244720041752 2.877560906112194 124.9568716064095 777.5843252539635 3.099895779043436 0.1624046564102173 109.1780227534473 0.372309647500515 338.1302386894822 1.847647853195667 751.5664733797312 6.532322354614735 342.1374182403088 74.60783562809229 2788.452907130122 20.9365978166461 7.019165396690369 0.9696125611662865 0 0.1105512455105782 0 92.77341508865356 0.9097228795289993 10.5731543302536 31.90109300613403 3.502983495593071 23.4813556522131 83.70542155206203 0.09843561798334122 205.9499357044697 0 1.465535707771778 38.35551930963993 0.5571728199720383 0 0 0 83.39865296334028 1.101287007331848 0 0.2926490306854248 72.74568440765142 2.172137945890427 0.08821677416563034 0.1080402061343193 39.5187229886651 3.574458658695221 0.3412195146083832 0 0.9091009348630905 0 2.497963935136795 0 49.3474827632308 0 4.933417461812496 1.470209360122681 249.8903412297368 0.7627994194626808 2.114102363586426 0
0 202.3598657846451 0.5156078636646271 0 0.09477350115776062 0.49199478328228 0.673839382827282 0.8462035730481148 9.791871160268784 0.8614556938409805 1320.854564808309 0.4476169124245644 3509.237310394645 0.2292863130569458 0.3314741626381874 2.13314326107502 1.523722380399704 20.20011632889509 0.8258393257856369 0.4705347195267677 0.8870978355407715 55.04712552577257 2.858547449111938 14.91941042244434 4978.401566311717 2039.317142657936 2393.545644901693 0.8519733771681786 1.317535914480686 0.2453252598643303 967.9681208431721 1.344229526817799 0 1092.285723365843 4.023822464048862 74.89024052023888 2057.603324204683 858.8148796334863 244.6402869746089 5.317968249320984 13.39087021350861 1336.495889782906 1.533849000930786 0 19.62537676841021 1.052338503301144 0 0 0 0 0 0 0 530.9297848567367 0 2107.609822236001 0.08562278002500534 0 0.1731005311012268 0.2666601836681366 13.56124728918076 0.12762750685215 0 0 0.7780991345643997 0.8645859956741333 0.2079182416200638 575.2400209084153 245.5254205688834 707.081565849483 0 0 0 371.154256798327 0 0 31.64951903373003 2.367416232824326 11.99540953338146 482.8084301128983 8.655086822807789 0.8552307635545731 0 0 548.7352083846927 0
4147.545431032777 0.6356419548392296 336.1827436201274 32.33863086998463 0.1887397319078445 504.2715946026146 7909.489582989365 6843.064159620553 2.186875909566879 795.3553558774292 6.560523338615894 315.8471606597304 0.2292863130569458 9658.062031291425 20.32451920956373 2.048033088445663 172.7261119671166 1.139323715120554 10.01168239116669 152.8482315316796 163.5257343351841 2.32866670191288 380.7631256617606 33.30265203863382 0.2373406738042831 43.91626866906881 96.1237231194973 373.5135175697505 4240.052378647029 2151.476082202047 0 207.9202971458435 31.96475763618946 122.2255948483944 4.112848438322544 183.6156477928162 14.52761811763048 157.9258329346776 66.95289124920964 208.1460067406297 5.652285873889923 0.4776705652475357 1.619618803262711 0 0 0.7380860447883606 0.6784995794296265 0 0 2.409451812505722 0.3378855437040329 0.9036298543214798 1.823387295007706 0 1.294849045574665 0 0 0 1.121594063937664 0 0 0 1.33886992931366 0.728704646229744 0.5947142243385315 0.9061684682965279 6.233816586434841 0 0.09466280043125153 3.357160553336143 8.153412722051144 0.2902227863669395 0.2747001796960831 0 0 0 0.2095042020082474 0.1066683158278465 1.97952026873827 0 0.4566869139671326 0.4124709814786911 0 0 0 0
0 7.886690765619278 0 162.1163850128651 881.8828725069761 926.0214458107948 14.24873642623425 108.5813667476177 487.1409952789545 23.69795612990856 0.3722377270460129 1741.242801964283 0.3314741626381874 20.32451920956373 512.3411966264248 0.1199250817298889 0 0.08144534379243851 0 140.230273835361 0 32.20305519551039 0.07458642870187759 1222.951878711581 1.919702485203743 0.6694358363747597 9.333805099129677 99.7995193079114 48.29630639404058 0.1480096429586411 0 258.487771473825 0 9.936080813407898 0 283.3943442031741 0.1272654384374619 4.759987458586693 0.9699370637536049 1843.757543765008 46.33812260627747 3.379065349698067 0 0 0 0 9.002953141927719 0 0 1.00759407132864 0.1115818172693253 1.193283081054688 9.079058825969696 0 14.00836260616779 0 0 4.026571676135063 1.027537822723389 0 0 0 10.37645182013512 0.4013230800628662 0.503517746925354 0.2062268257141113 14.8221533447504 0 0 0 7.863220855593681 0 0 0 0 0 0 0 8.095718763768673 0 0.08989540487527847 0 50.12982474267483 0 0.1862567365169525 0
0.3417129665613174 181.5019181296229 21.29368354380131 0.156042292714119 0 0 16.41403349488974 1.89551042765379 49.71674234420061 1.756286166608334 1.031725004315376 0 2.13314326107502 2.048033088445663 0.1199250817298889 4589.286583051085 15.97352785617113 0 4.022686645388603 0.108538955450058 2876.01246522367 2280.16014008224 3689.341077141464 2314.949328623712 34.30146712809801 25.3664231300354 4640.413598753512 530.7129395753145 2.341004647314548 10.04192323237658 0.3162176609039307 0 0 185.500725120306 24.36672090739012 2758.653490372002 1459.636563397944 620.3072888702154 666.064355827868 56.08255605399609 4.573787406086922 23.08515210449696 13.01628325879574 0.3411830216646194 17.90023160725832 10.54667867720127 0.1191307827830315 0 0 1.346181385219097 0.4234869480133057 1.277442559599876 0.2269876599311829 0 0 0 1.237012937664986 0 2853.803728573024 0.5456251502037048 0 0 0 383.667741291225 1137.869603477418 1334.389055177569 124.78405687958 0.4448456466197968 1.412747785449028 412.1498356163502 161.9393779188395 0.5000739693641663 15.69291751086712 0 0 0 7.416639991104603 0.7323497012257576 288.5263852253556 9.162542849779129 4.655052788555622 1.780925452709198 5.690163441002369 0 11.17471575737 2.616942942142487
83.11827717721462 2.421140968799591 7048.269627168775 0.7864361852407455 0 8.420230437070131 21.90270277112722 121.5103225186467 0.1490651816129684 5.447899732738733 62.4789451956749 1.720517337322235 1.523722380399704 172.7261119671166 0 15.97352785617113 1188.719002939761 116.9939175844193 3969.119832795113 2.211855717003345 657.4958757646382 1.722995951771736 4369.598269432783 5.991691760718822 0.122741773724556 2487.106767762452 3785.221897192299 13.4055056348443 486.9749479629099 1026.257347669452 0.8936630934476852 5.07417619228363 55.23568064719439 6141.992585293949 30.10880020260811 1450.938229031861 1023.909282714128 4573.474180594087 557.8228497058153 48.29839259386063 5.230646468698978 0.6601833999156952 7.041872650384903 0 6.223663277924061 11.35717530548573 0 0 0 0 0.1070040017366409 0 0 0 0.1031895503401756 0.1344987452030182 0.120136670768261 0 1.794947385787964 0.5498054921627045 0 0 0 1.107447907328606 2.115211993455887 5.0572429895401 0.5661959648132324 0.6026478111743927 12.95942422747612 75.6058024764061 1.687109038233757 0 0.3920757472515106 0 0 0 0 7.477863237261772 5.52847246080637 3.081999033689499 1.935669466853142 4.969218969345093 0 0 0 0
1.700824432075024 0.2750105857849121 16.91697272658348 0.539827361702919 0 1.518000908195972 4.472590923309326 3.970127746462822 0.08900687843561172 8.746509358286858 3909.435272008181 4.103271506726742 20.20011632889509 1.139323715120554 0.08144534379243851 0 116.9939175844193 802.1367286220193 1066.980498723686 3.508858680725098 1.70485133677721 0 8.272055625915527 0.3487911447882652 5.074515327811241 2715.253264173865 559.005886502564 2.020699933171272 10.72750917822123 3.364132203161716 62.25601802766323 3.103326760232449 0.08843877166509628 709.9375239014626 13.03504927456379 239.0959916375577 914.6996301189065 1179.056488201022 451.0313871130347 14.35066173225641 0.5730701833963394 28.17082726210356 0.8783959746360779 0 0.2394483387470245 0 0.1426202952861786 0 0 0 0 0 0 1.704484984278679 0 6.657116591930389 0 0 0.1013954505324364 0 0.110626757144928 0 0.0860259085893631 0 0 0 0 0.3154620826244354 7.438216000795364 17.40799681842327 0 0 0 2.739182472229004 0 0 0 2.836152777075768 3.423757821321487 0.7460994720458984 0.1079534068703651 0.1935862302780151 0 0 0.1177030056715012 0
8.359556093811989 3.907776638865471 162.0907275676727 0.6147560849785805 0 2.911747179925442 9.25576127320528 13.02827059477568 0.5318067669868469 23.40018105506897 1246.047796078026 8.788005873560905 0.8258393257856369 10.01168239116669 0 4.022686645388603 3969.119832795113 1066.980498723686 2657.146394386888 10.54592537134886 17.39113632589579 1.459517925977707 108.5218521282077 2.601473040878773 0.84553262591362 4276.666736990213 941.4896707758307 4.401793278753757 41.31095644831657 37.76787257194519 1.933284252882004 2.42486534267664 3.85503101348877 4679.837966352701 28.91479951888323 1077.629673704505 1052.334489919245 4118.004918836057 1137.103953450918 33.35690134763718 1.975784800946712 4.250859573483467 4.580770097672939 0 4.717682242393494 0.1318019777536392 0 0 0 0 0 0 0 0 0 0.5030706971883774 0 0 0.1798070222139359 0 0 0.396537721157074 0 0 0.1691539138555527 0 0.4466429352760315 0.6834439188241959 64.87472558766603 133.5519160926342 0.1804928928613663 0 0 0 0 0 0.5088125467300415 4.770806930959225 3.634569495916367 1.48363208770752 1.044694304466248 1.370513692498207 0 0 0 0
3.582509227097034 0 3.081221304833889 7866.751409813762 2.456069737672806 359.4633714221418 82.03802996128798 187.3813233822584 1069.17838998884 10178.59543311596 16.46820522099733 5531.693551242352 0.4705347195267677 152.8482315316796 140.230273835361 0.108538955450058 2.211855717003345 3.508858680725098 10.54592537134886 2333.775167636573 0.6531378105282784 0.6630324125289917 2.680596195161343 737.0651589334011 0.7697495222091675 6.146787449717522 2.216824896633625 2059.18897857517 488.1616452559829 3.454891834408045 0.3295092359185219 41.44168355315924 2.275964751839638 383.3815497383475 9.340699508786201 620.967105448246 9.127816781401634 564.6698905155063 195.5735137164593 1024.575190238655 56.07047915458679 1.049739569425583 7.153724871575832 0 0.1191313564777374 0 248.2062618806958 0.3454159647226334 14.69437810778618 117.4743876829743 7.301697760820389 106.2296486645937 152.9626277759671 0 149.2171436920762 0 3.41521117836237 27.59357970952988 1.190104931592941 0 0.1908297389745712 0 132.8290053233504 0 2.709887966513634 0.7507187128067017 242.930125772953 0.1658883094787598 0 0 149.9920424222946 4.738684684038162 1.86858594417572 0 0.6416644230484962 0 3.065028592944145 0 48.55313442647457 0.1726051867008209 5.515437997877598 2.39729019254446 236.3289095461369 1.051410004496574 5.167120575904846 0
75.45277991145849 22.63461013138294 1216.745304234326 4.114055201411247 0 12.04891349375248 464.1262137070298 205.1204407401383 80.3493474945426 9.052321963012218 2.358283884823322 0.5837462693452835 0.8870978355407715 163.5257343351841 0 2876.01246522367 657.4958757646382 1.70485133677721 17.39113632589579 0.6531378105282784 10517.79026441276 280.2399897947907 15085.80285701901 1380.915355861187 3.267533369362354 57.80050011724234 655.0680705159903 3013.617109976709 158.8765350133181 14191.58959312737 0.1166305541992188 2.538413394242525 31.05217397212982 3365.115926660597 133.5537994205952 9069.724231481552 1333.590826041996 5064.118598036468 2762.453016854823 131.1095833778381 18.56242835521698 4.529422700405121 72.36508765816689 0.2552478462457657 0.9362271949648857 2.452641874551773 0.1457904130220413 0 0 2.821853011846542 0.6062568947672844 4.91267429292202 0.2753245756030083 0 0 0 1.397277638316154 0 609.7504618987441 0 0 0 0 469.260220900178 298.1667671352625 102.1522514745593 133.3481836616993 0 0.7398570775985718 20.05790692567825 220.7896352782845 3.583765178918839 44.77566436678171 0 0 0 0.7680395990610123 7.826349765062332 74.67879931628704 0.7953688055276871 3.188027895987034 1.595275163650513 2.432927370071411 0.9626924395561218 0 0
0.3604395687580109 2370.551568083465 8.148808524012566 0.4929647967219353 1.524587690830231 0.4200451448559761 28.24085336923599 1.975950963795185 2505.565490432084 0.3965975493192673 4.023543961346149 1.506629332900047 55.04712552577257 2.32866670191288 32.20305519551039 2280.16014008224 1.722995951771736 0 1.459517925977707 0.6630324125289917 280.2399897947907 1747.327546648681 337.2411286234856 6556.2130657956 707.8974995911121 41.79010814428329 4795.111737251282 165.9670343920588 6.222664050757885 15.99419485777617 9.598476238548756 0.1325769275426865 0.118154838681221 14.79420088976622 0.3598564863204956 25.30365115404129 12.95967535674572 10.26624993979931 3.444981254637241 78.70364806056023 0 23.19508051127195 0 0 88.13707883656025 14.99123742431402 0.1480714827775955 0 0 1.807094857096672 0.7391064390540123 3.732896700501442 0 0.2127876952290535 0.09775295108556747 0.3741511330008507 0.4448128342628479 0 1574.726905018091 0.4232482761144638 0 0.2242202460765839 0 201.3149180933833 142.4666760191321 595.2537340521812 97.67306137830019 2.860579960048199 3.381474830210209 385.7891989946365 81.75267301499844 0.5426728874444962 5.944316245615482 0.1178606599569321 0 0 0.4053661674261093 0 23.53656280040741 6.962429404258728 1.870944380760193 1.329663917422295 0 0 0.9440760016441345 0
169.2024016156793 16.80795868486166 6881.87945009023 10.52516245096922 0 30.2601965367794 484.7316640466452 425.2049416899681 8.193559095263481 15.93854408338666 8.817378811538219 0.6264540180563927 2.858547449111938 380.7631256617606 0.07458642870187759 3689.341077141464 4369.598269432783 8.272055625915527 108.5218521282077 2.680596195161343 15085.80285701901 337.2411286234856 15873.47388873249 450.0609134063125 1.787280060350895 440.9777294248343 14990.45003813505 961.8659835830331 344.2863286659122 4244.748296540231 0.2425109520554543 7.201810635626316 32.05661378055811 4566.463628657162 215.5339555963874 12762.50200119615 5146.670326113701 8008.145578496158 5295.571773514152 510.4769155755639 40.32204934954643 10.37357644736767 86.42447987943888 0 14.39730072766542 49.00362718850374 1.706873245537281 0 0 2.540399387478828 0.4855833351612091 1.290305733680725 0 0 0 0.2057291567325592 1.011985249817371 0 1375.821674615145 0.8694976791739464 0.2721470892429352 0 0 93.87042223662138 414.3842637911439 863.8979104682803 51.07179180532694 2.510144829750061 1.116289131343365 740.9195257425308 69.58645709604025 0.4402143359184265 4.39928662031889 0 0.08131120353937149 0 2.38227978348732 40.02950632572174 93.27697917073965 12.57088689506054 5.316792719066143 6.632304564118385 1.137345671653748 0 2.729168355464935 0
4.37830912321806 815.2705917656422 39.95134181529284 2691.431302443147 19.5908544510603 53.99682632088661 1107.555455707014 72.47882556170225 11482.10220395774 844.8166568502784 2.880889110267162 354.7258720062673 14.91941042244434 33.30265203863382 1222.951878711581 2314.949328623712 5.991691760718822 0.3487911447882652 2.601473040878773 737.0651589334011 1380.915355861187 6556.2130657956 450.0609134063125 11457.57504038513 209.9822824075818 23.17401465028524 2568.913137003779 10025.61278481781 116.312389805913 18.32069107145071 2.253603868186474 6.163493730127811 18.03844302147627 154.762063421309 42.07709587365389 1901.389903336763 131.9427341148257 365.3765197172761 195.4715876355767 1194.32965105772 32.63382957875729 9.959499567747116 10.15130273252726 11.87408832460642 10.3211287483573 12.90445491671562 489.6774666160345 1.27597439289093 27.35079225152731 797.5424131006002 67.77296229451895 961.227033406496 365.9985454902053 0.5599948167800903 125.8838035315275 0 80.03764055669308 24.16918131709099 606.6416114866734 5.302521221339703 0.4824361875653267 1.153914518654346 236.4636480435729 665.0615324303508 557.9190238937736 130.6097504794598 2627.924100965261 1.148974046111107 4.387740276753902 104.3464567884803 2882.602169141173 148.243637368083 407.4784135520458 0.4131130054593086 3.768642045557499 6.115552768111229 41.16092427074909 6.047805495560169 325.7273073643446 10.17101743817329 75.34098529070616 30.44489770382643 221.4563337042928 18.00854958593845 3.763362348079681 2.128373876214027
0 1144.524692833424 0.8117183148860931 0 0 0 1.057794272899628 0.6687383949756622 135.9562492221594 0 544.6979413479567 1.376668006181717 4978.401566311717 0.2373406738042831 1.919702485203743 34.30146712809801 0.122741773724556 5.074515327811241 0.84553262591362 0.7697495222091675 3.267533369362354 707.8974995911121 1.787280060350895 209.9822824075818 360.249394595623 431.9682479277253 2580.640742570162 5.146935813128948 0.2461227774620056 0.9978524073958397 393.1208888590336 0 0 559.7319961562753 6.189695715904236 189.353511698544 143.9179281592369 235.0881195515394 55.66629213094711 23.0610885322094 45.16504013538361 753.7819082438946 10.02842605113983 0 104.737921603024 1.922094255685806 0.1481369882822037 0 0 0 0.1039924845099449 0.2196560800075531 0 294.5750939548016 0 2142.499854616821 0.2171196863055229 0 7.768990911543369 0 2.164518401026726 0 0 0.6040742993354797 2.849130935966969 4.661011934280396 0.3386418521404266 167.0570174530149 101.6463937461376 748.3949249088764 1.232430815696716 0 0 208.0258725062013 0 0 67.89141196012497 2.557033777236938 199.9727258384228 98.47390242666006 6.542023360729218 1.011656641960144 7.762874484062195 0.5134972929954529 148.191227696836 6.336704313755035
14.8104435428977 209.7236196994781 9971.225726477802 1.998313903808594 0 6.4896439909935 18.35341063141823 48.93088436126709 15.7902499511838 11.52627615630627 3510.902348339558 6.569244720041752 2039.317142657936 43.91626866906881 0.6694358363747597 25.3664231300354 2487.106767762452 2715.253264173865 4276.666736990213 6.146787449717522 57.80050011724234 41.79010814428329 440.9777294248343 23.17401465028524 431.9682479277253 20332.17007629573 7568.964126192033 5.916966684162617 97.90175426751375 70.81966289132833 505.0434893667698 4.684128433465958 9.885437197983265 1370.982378795743 51.27352199703455 2604.340977959335 7238.807356230915 2978.817499086261 1276.977836705744 71.725162088871 5.573215886950493 205.284670189023 9.690854087471962 0 326.1867870092392 58.97461148351431 0 0 0 0.1331289559602737 0.1229714825749397 0.460670605301857 0 114.4810034409165 0 649.2860011905432 0.3874859139323235 0 3.217947870492935 12.81450761854649 18.20031996071339 32.15470319986343 0 0.8569016829133034 10.87345059961081 2.740403912961483 3.786219879984856 250.20717407763 1825.482525683939 5748.890426464379 0.8422546610236168 0 0.1529175192117691 313.4442319124937 0 0 4.949067659676075 6.278383485972881 15.23682278394699 257.4504992812872 9.73099447786808 2.942499205470085 0.3820618391036987 0 12.44631414115429 0.2736730873584747
29.87218647450209 6913.597232572734 9506.31660772115 5.917785011231899 0.1890348047018051 11.33888407796621 386.8497514054179 136.5275282487273 376.4822941422462 18.36429462581873 852.6361062601209 2.877560906112194 2393.545644901693 96.1237231194973 9.333805099129677 4640.413598753512 3785.221897192299 559.005886502564 941.4896707758307 2.216824896633625 655.0680705159903 4795.111737251282 14990.45003813505 2568.913137003779 2580.640742570162 7568.964126192033 25130.81342349946 581.9525012820959 143.9761777147651 216.9297886639833 374.0807430073619 2.559838995337486 16.22916758805513 1532.893065445125 105.8338492810726 6877.967938676476 6253.946506515145 3954.996107399464 1168.671830654144 327.7277256473899 11.63565771281719 40.79529350996017 23.55357117205858 0.4097567498683929 3319.742118030787 1558.999449558556 0.4800409004092216 0 0.1044866070151329 14.22598070651293 3.013869248330593 5.374280527234077 0.532256655395031 32.68752685934305 0.225076362490654 236.8105425983667 4.624646663665771 0 1399.99273891747 74.94752416014671 10.2941166087985 42.9882440045476 0 54.28614591062069 923.5439856499434 1810.710965044796 68.41515591740608 891.4031540602446 3229.794991403818 21303.03382757306 84.70653709024191 3.130139656364918 13.95982181280851 164.0691709816456 0.08853814750909805 0.1437935382127762 17.89930137991905 26.50946538895369 188.000060737133 1112.394133880734 83.1159930601716 28.91727557778358 1.734261639416218 0 4.465263485908508 1.99520905315876
75.88737881183624 17.06893450766802 95.09612363576889 3102.035229027271 1.649364985525608 237.861086204648 15340.45148991048 721.8483962789178 1518.747771903872 5533.18190549314 3.509753659367561 124.9568716064095 0.8519733771681786 373.5135175697505 99.7995193079114 530.7129395753145 13.4055056348443 2.020699933171272 4.401793278753757 2059.18897857517 3013.617109976709 165.9670343920588 961.8659835830331 10025.61278481781 5.146935813128948 5.916966684162617 581.9525012820959 18140.83566436172 386.8256511129439 6946.931729264557 0.09598739445209503 10.5991670563817 69.01241506636143 454.7531235069036 89.83051722496748 4302.218867070973 168.5743665024638 1016.611751586199 533.4306783154607 481.0180194191635 45.81775782257318 1.660037584602833 27.67315534502268 10.41127265244722 3.118953831493855 8.938507303595543 260.8415955901146 2.930886119604111 16.00537098944187 649.1589244008064 48.52675347775221 432.8287634477019 220.2586838155985 0.2965202704071999 78.13331613689661 0.09855087846517563 69.34189426153898 14.91009319573641 228.4326365813613 5.291426680982113 0.6330438107252121 1.18377610296011 127.2781970128417 337.0960226431489 218.6112474426627 43.83694434165955 1761.850798092782 0.1312639266252518 2.196668617427349 47.31515078246593 2202.691059075296 147.8028032705188 370.8243093937635 0 1.751113675534725 3.864497281610966 33.15862456709146 5.927842758595943 220.5805508643389 3.739965707063675 54.9055759459734 27.05530525743961 118.214289650321 12.42714955657721 0 1.605131693184376
4218.525105006993 1.746316976845264 445.0867444872856 79.53972052782774 3.679767213761806 805.4060183353722 1754.283018033952 898.6969925798476 4.204473935067654 1290.3104262501 68.21926133707166 777.5843252539635 1.317535914480686 4240.052378647029 48.29630639404058 2.341004647314548 486.9749479629099 10.72750917822123 41.31095644831657 488.1616452559829 158.8765350133181 6.222664050757885 344.2863286659122 116.312389805913 0.2461227774620056 97.90175426751375 143.9761777147651 386.8256511129439 20471.26929463446 4460.119951859117 0.2771963104605675 538.2287988476455 2654.73360997811 1793.07209149003 12.69493026286364 654.9818683043122 25.99592588841915 1106.705201406032 246.9783264994621 1292.401628211141 33.8275628760457 5.970141164958477 16.01885355263948 0 0 0.5769245103001595 4.090542435646057 0 0 7.155963622033596 0.07388953119516373 1.457015156745911 1.713094547390938 0 4.338906325399876 0 0.08890818059444427 0 1.632785923779011 0 0 0 0.6939223483204842 0.641400970518589 0.4752097427845001 0.4646300971508026 9.583046033978462 0 0 2.37254498898983 13.35362918674946 0.5216449797153473 0.4932006597518921 0 0.1889958530664444 0 0.1080953478813171 0.2693384662270546 11.89183370023966 0 0.4662023037672043 0.08803083002567291 0.4520414546132088 0.1699206233024597 0 0
2908.698415137827 0.8057707697153091 485.8315740302205 1.66760265827179 0.1094932034611702 53.95703739672899 5261.540515419096 1117.49070160836 12.90306781977415 12.44689469411969 7.218416601419449 3.099895779043436 0.2453252598643303 2151.476082202047 0.1480096429586411 10.04192323237658 1026.257347669452 3.364132203161716 37.76787257194519 3.454891834408045 14191.58959312737 15.99419485777617 4244.748296540231 18.32069107145071 0.9978524073958397 70.81966289132833 216.9297886639833 6946.931729264557 4460.119951859117 10057.32191994786 0.1099945455789566 26.86861338838935 948.3173258975148 3075.383731268346 237.5102294608951 6635.711862407625 351.8033962622285 3507.031658641994 1395.596611566842 182.0034984052181 36.80873615294695 2.913121715188026 58.92328784614801 3.905410170555115 0.1541514545679092 1.652219161391258 4.356515362858772 0 0.5562537610530853 77.79137060791254 4.206915646791458 17.59260500222445 7.427008897066116 0.1155922412872314 0.1415641754865646 0.09169449657201767 9.86765218526125 0.8614663183689117 49.82682684808969 0.2365585714578629 0 0.4506901949644089 1.219202250242233 75.90736690163612 30.49591065198183 11.29306417703629 151.4367102012038 0 0.7510096877813339 7.864180169999599 231.2776040062308 16.70379718393087 60.55669023096561 0 0.1640390753746033 0 4.244703784584999 14.45279581844807 81.94181783497334 2.735903188586235 7.631785914301872 3.723754934966564 2.702332705259323 0.3441513404250145 0.1816707998514175 0
0 23.7446181923151 0.2182673737406731 0 0 0.3254204094409943 0.07067937403917313 0.3284786269068718 1.678684897720814 0.9472946897149086 619.0998229309916 0.1624046564102173 967.9681208431721 0 0 0.3162176609039307 0.8936630934476852 62.25601802766323 1.933284252882004 0.3295092359185219 0.1166305541992188 9.598476238548756 0.2425109520554543 2.253603868186474 393.1208888590336 505.0434893667698 374.0807430073619 0.09598739445209503 0.2771963104605675 0.1099945455789566 165.0566959530115 0.2164371162652969 0 72.50046755373478 0.2090621739625931 9.726338282227516 209.1943805366755 106.6374806091189 30.09959772974253 1.588026724755764 0 40.65450941771269 0.2071527391672134 0 3.37945369631052 0.4256303012371063 0 0 0 0 0 0 0 33.07326022535563 0 183.5413292571902 0 0 0 0 2.963043957948685 0 0 0 0 0 0.1026816070079803 60.03597114235163 96.12020824104548 286.8817523494363 0 0 0 84.7003031745553 0 0 0 0 0.1146510690450668 17.12470278888941 0 0 0 0 1.932600758969784 0
