913.3053165152669 1.595355853438377 189.0945264771581 2.392810367047787 1.206493481993675 60.62614861875772 1352.504713401198 714.4963789060712 0.1991526484489441 51.35402396321297 4.012917317450047 5.730944119393826 0.3619079142808914 5286.167069196701 0.7251287400722504 0.3411896526813507 78.43815347552299 2.900273397564888 12.33235762268305 6.748056143522263 28.88833666592836 0 255.5493467226624 4.376041322946548 0 31.87188091129065 21.64661298692226 10.65248870849609 2762.35683504492 1583.138399936259 0 24.6456990391016 106.2083010971546 161.2770512923598 1.90874432772398 133.9154039546847 9.995876334607601 109.4520614668727 31.44751991331577 13.81532751768827 6.746769659221172 0 0.7904818505048752 0 0 0.2697197049856186 0 0 0.2765209674835205 1.338208988308907 0.4560145139694214 0.8081232681870461 0.108219288289547 0.2283986583352089 0 0 0.07629409432411194 0 0.1354761719703674 0 0 0 0 0.4347530901432037 0 0 0.6080248653888702 0 0.1308213025331497 1.747592374682426 2.72622936218977 0 0 0 0 0 0.09555259346961975 0 0.5204683840274811 0.1966819763183594 0.2728955745697021 0 0 0.09186211228370667 0 0
1.595355853438377 143.5021065250039 244.0676791071892 0.9225174859166145 0 1.057075783610344 19.71753697097301 11.39587944746017 542.8809275403619 2.234000883996487 222.7096150442958 0.8581983372569084 666.637484177947 11.05066552013159 8.272386826574802 208.1251260042191 2220.859399788082 7.042205259203911 350.8530504405499 0 8.432803869247437 1885.78823915869 86.19126924872398 764.603000447154 1964.24414794147 1208.302937179804 4805.655923224986 37.58643448352814 17.31958347558975 12.7944673076272 21.76701903343201 1.034074366092682 3.977893464267254 338.2084750831127 4.634525865316391 478.127580858767 260.4489302635193 511.4465421810746 108.5129229202867 18.87531653046608 3.742168448865414 232.7008275166154 2.42532941699028 0 130.9135015457869 215.8838130533695 0.1405150890350342 0 0.4317264333367348 6.027397811412811 1.105775482952595 3.590075343847275 0.7148950845003128 16.26577574014664 0.1887075752019882 59.63571756333113 0.5936798229813576 0 7.097959324717522 8.056625857949257 4.179336592555046 7.549016483128071 0.2097278088331223 0.08012790232896805 22.71438955515623 12.28539855778217 5.835861667990685 92.19127914309502 246.4939419180155 1753.14353711158 5.917015254497528 0.5554262921214104 0.5521567091345787 13.47448985278606 0.1483416259288788 0 5.63122883439064 1.494952619075775 12.86398564279079 102.42261172086 16.52662545442581 3.107041269540787 0.1540753841400146 0 5.718252688646317 0
189.0945264771581 244.0676791071892 3123.720255367458 12.24176052212715 0.6775971874594688 139.6695161573589 1792.251167781651 1416.346807707101 2.459109880030155 165.1973188072443 31.36180564388633 4.267617665231228 3.971371293067932 1477.772123459727 0.1941384822130203 14.60407342761755 2878.256815329194 17.61916791275144 183.818706586957 5.12385381013155 647.4500481784344 164.7473750188947 7382.136660970747 53.00866697728634 3.033111669123173 3871.819056995213 6843.965766809881 233.618703737855 200.6777054145932 485.2215444631875 0.3648623898625374 17.0904250331223 35.36630304157734 1053.248167306185 20.68338947743177 1788.228837810457 4594.539491541684 1532.867191046476 477.0836276113987 59.75356328487396 11.77715194225311 14.38645076751709 4.658620320260525 0.3631793782114983 83.11123582720757 772.7603047713637 0 0 0.5959963798522949 21.57982889562845 3.382607080042362 7.137006796896458 2.267967626452446 2.107330985367298 0.07977151125669479 1.856988340616226 4.446785867214203 0 24.25236261636019 19.10729988664389 1.009745396673679 8.468928001821041 0 8.06737082451582 91.36918939650059 60.60167951136827 16.85645646601915 9.265007436275482 115.8074404522777 1926.085211582482 28.67531736940145 0.9558938965201378 6.482098184525967 0.8608129918575287 0 0 13.95898479223251 9.243626311421394 37.66285376250744 249.1903430595994 25.67741995304823 6.171836547553539 1.017736732959747 0.2436384409666061 0 0
2.392810367047787 0.9225174859166145 12.24176052212715 2611.73862683028 1.195929311215878 254.0859132707119 191.0219370648265 77.19615162909031 567.0870672687888 4511.528782725334 0.9578068107366562 1466.715678423643 0 24.7046969011426 69.61374705284834 1.875313311815262 0.6474318355321884 0.5708560645580292 0.2097717523574829 2062.056863494217 1.996449083089828 1.744528464972973 4.8736936673522 1390.878821000457 0.1153160184621811 1.787048004567623 11.02527717500925 4055.257049649954 60.45822819322348 0.5572128891944885 0 4.651497386395931 11.35300395637751 45.95642557740211 3.080729052424431 200.5264742523432 2.055873855948448 74.02678821235895 27.65572076290846 153.0536776408553 9.634825646877289 0.2377242892980576 5.140932276844978 0.4320555254817009 0.4467249661684036 0.5887124985456467 89.11837065219879 0 26.9287832826376 195.5540108904243 36.72052411735058 125.3186585977674 321.2703570947051 0.6598760411143303 37.45150163024664 1.955977559089661 14.54134936630726 0.3762769997119904 0.5534364432096481 0.09895201772451401 0 0 96.15958546102047 0.4464415311813354 3.037899434566498 0.9798729494214058 299.9271550551057 0 0.1979678869247437 1.502350129187107 224.3550688922405 7.085273958742619 0.09458710998296738 0 0.4856745675206184 0.119133822619915 3.015438914299011 0.4587664604187012 8.852428771555424 0.1750461161136627 4.184119179844856 0.4814107120037079 16.14311387389898 0.4478405863046646 0 0
1.206493481993675 0 0.6775971874594688 1.195929311215878 2.655072748661041 79.91761071234941 2.696425095200539 6.072599776089191 8.975272089242935 7.867488734424114 26.35952005535364 35.90730106085539 4.515065014362335 2.589992746710777 631.9616626799107 0.1122650504112244 0.471552386879921 2.345617137849331 1.697930566966534 1.983830481767654 0 0 0.6753088533878326 0 0 6.053929664194584 0.3204087242484093 0.1027281656861305 4.414003886282444 0.7035646885633469 0.2098918557167053 50.80594889074564 0 208.3533862009645 0 18.21173549443483 10.81228566169739 318.8026917278767 55.63655199110508 1234.183819174767 34.22754921019077 0.6769777238368988 0 0 0 0 0 0 0 0.5907808542251587 0 0 0 0 0 0 0 0 0 0 0 0 0 0 0 0 0 0 0 0 0 0 0 0 0 0 0 0 0 0 0 0 0 0 0 0
60.62614861875772 1.057075783610344 139.6695161573589 254.0859132707119 79.91761071234941 9586.682193152606 1318.405490957201 3884.874742735177 65.69913339614868 5190.09213963896 126.6101409271359 3113.543197534978 11.70671194791794 832.7628433816135 1698.101387582719 0.9163140580058098 21.17570713162422 27.38491191715002 20.50610959529877 182.758221141994 13.84374643862247 1.154846735298634 71.5709610581398 287.0745082050562 2.253967434167862 51.86277287453413 33.66553282737732 310.7089850157499 843.2488016113639 97.38022834062576 1.558475941419601 1011.350643843412 20.84678073599935 532.7591275386512 8.782452382147312 714.7150323390961 52.84952630847692 924.9295074529946 198.7273623049259 3372.110908523202 223.5663367956877 18.36429266631603 9.00012718886137 0 0.08154178410768509 1.394227892160416 11.99770460277796 0 18.12009417265654 150.5229761786759 29.85359705984592 22.16423956304789 90.04807934910059 0.3352913334965706 14.13784561306238 0 13.20614851266146 0.1630646139383316 0.2896350398659706 0 0 0.1476228088140488 16.58496079593897 1.491155244410038 0.3093219101428986 1.461566515266895 90.78653543442488 0 0.1794285997748375 2.730538487434387 127.54158648476 5.544308833777905 6.289169102907181 0 1.175076723098755 0.2689249217510223 3.026488214731216 0.2624561190605164 11.48763956129551 0.1620315387845039 3.99663782119751 0.5145615190267563 4.122214034199715 0.1399357318878174 0 0
1352.504713401198 19.71753697097301 1792.251167781651 191.0219370648265 2.696425095200539 1318.405490957201 26928.6698365137 5109.265605799854 194.5296761393547 9725.803011871874 12.473125256598 62.49293117970228 2.442796245217323 6527.686910025775 15.71805208176374 32.25780433416367 37.10130020231009 4.186447195708752 11.66843242943287 84.54233373701572 671.8301267921925 65.58985125273466 1739.675159268081 534.0428884476423 4.469731733202934 133.7951870374382 863.689470693469 14048.9967860505 1050.747124511749 3046.580116905272 1.00212998688221 54.25877590849996 297.0092660114169 560.8851480036974 47.896986939013 2951.394924528897 117.3170550838113 962.5820170268416 448.1098800003529 230.9263566210866 80.88131324201822 3.930234603583813 24.4795593470335 2.073986902832985 2.123525977134705 23.30059187859297 20.13832753151655 0.2460488304495811 43.58414143323898 987.5811796560884 150.9844767935574 95.60246552526951 175.5603783726692 7.169908881187439 9.716567702591419 2.290340192615986 102.9049607589841 2.621728122234344 30.37339872121811 1.036981083452702 1.228629276156425 0.2567907050251961 17.39427433162928 20.80023387074471 18.68781068921089 37.44164350628853 378.6722046881914 0.1919586360454559 4.379081174731255 76.90115378051996 962.4500775560737 41.05542676895857 116.2625716254115 0.3351679295301437 6.801980569958687 2.009888142347336 29.34844573587179 6.153567433357239 121.7111019268632 7.67382799834013 33.60492614656687 4.901656277477741 24.34009243547916 3.443638987839222 0.9342817738652229 1.013091839849949
714.4963789060712 11.39587944746017 1416.346807707101 77.19615162909031 6.072599776089191 3884.874742735177 5109.265605799854 7667.947099752724 76.26248897612095 3514.984422534704 36.1005937308073 674.9866770878434 2.801493607461452 7414.492287907749 286.5079533979297 0.5952387824654579 192.7986631058156 10.09042639285326 50.18270718306303 118.78799816221 119.2237524390221 3.436768434941769 719.1494994349778 510.8246549293399 1.435810625553131 173.8092579096556 147.3635808303952 534.8070446178317 983.0431838855147 980.7998847700655 0.3748568221926689 285.1494011878967 70.85264448449016 280.41398216784 6.601623579859734 361.1312854886055 60.54077376425266 329.2096011936665 94.44932803884149 700.0978481024504 39.723647557199 1.232700958848 3.383386664092541 0.4763229861855507 0.2162760272622108 3.006577156484127 11.91464564949274 0.1186274737119675 25.76449397206306 334.3188058547676 65.35691987723112 27.8370501101017 95.40410497039557 1.397494629025459 6.038530811667442 1.081069231033325 35.15520099550486 0.09854400902986526 1.483864940702915 0.2770457044243813 0 0 12.0491646900773 1.907692119479179 0.6512487158179283 3.110203549265862 120.8424067944288 0 2.246038176119328 10.00772792845964 266.1941581480205 14.46831871569157 22.05546577274799 0 1.910118520259857 0.632057398557663 7.036498874425888 0.658111535012722 25.75235632061958 1.937449775636196 9.278674580156803 0.8105448931455612 9.340500347316265 1.230300970375538 0 0.4265868365764618
0.1991526484489441 542.8809275403619 2.459109880030155 567.0870672687888 8.975272089242935 65.69913339614868 194.5296761393547 76.26248897612095 703.6374195292592 307.3690478280187 19.42415668070316 561.9541890621185 50.16230121254921 27.32054892927408 280.4708319604397 93.59300386160612 1.515224359929562 0.6295139268040657 0.3837821036577225 318.1144185289741 235.9598097875714 3288.540109165013 39.98741782456636 7670.181637708098 179.6606259196997 36.76792067289352 569.7123278751969 830.1162241622806 15.71114194393158 32.375682733953 7.698656894266605 0.8997692465782166 3.393547303974628 17.32611519098282 0.5540035367012024 244.2981194034219 12.18026122450829 24.98925673216581 15.19301444292068 92.33617590367794 3.684547275304794 6.316425539553165 0.3633857816457748 2.383840136229992 5.380669556558132 4.352477744221687 31.09789986908436 0.4105656147003174 19.70334096252918 282.7184914499521 28.78679640591145 64.05839528888464 121.4464510083199 2.47826361656189 14.01263581216335 5.548396319150925 29.44299614429474 2.35095888376236 191.1620837301016 0.6559258252382278 0.3384626880288124 0.1968878656625748 24.12770882993937 347.1576835438609 44.0786247998476 97.15596894174814 1029.224887058139 1.974401473999023 3.395436085760593 52.19061081856489 1005.668630890548 25.91872733086348 70.62761095166206 0.7723142951726913 1.678012199699879 2.394979447126389 7.566610299050808 0.4892211556434631 68.57006622105837 6.091919519007206 17.80729592591524 3.065489836037159 10.02035718411207 1.341103695333004 0.1353559494018555 0.1688662320375443
51.35402396321297 2.234000883996487 165.1973188072443 4511.528782725334 7.867488734424114 5190.09213963896 9725.803011871874 3514.984422534704 307.3690478280187 25738.39270108193 33.4223103672266 4179.895612262189 4.984972201287746 798.1688388586044 230.488523453474 2.027239196002483 9.642636507749557 9.110274277627468 9.509253308176994 3100.879668027163 26.80537379533052 7.45997266471386 84.77885639667511 1135.607499599457 0.46742844581604 33.41179496794939 78.6594782397151 8162.591352127492 1160.234756231308 34.02640763670206 0.5905865803360939 116.3410050943494 100.5697679370642 801.8353483453393 29.23761364072561 1498.563710480928 34.81679449975491 889.0501104295254 234.7668303176761 867.9028935357928 127.3243913054466 3.708362311124802 18.97089271992445 0.2958498448133469 0.3555338680744171 2.166948534548283 86.14206019043922 0.08824499696493149 48.10207223892212 396.7875309959054 77.65291152149439 149.1600682735443 516.5097633972764 1.928551234304905 40.5459345728159 1.486980631947517 30.5977144613862 0.5100244879722595 1.566800981760025 0.1123159155249596 0.1051727682352066 0 109.4520845115185 1.256890192627907 2.336422309279442 4.426781989634037 477.2788898572326 2.947344437241554 1.274121925234795 7.806268684566021 406.5594801828265 10.96876719594002 3.536306045949459 0 2.304836302995682 0.3008330687880516 3.957184888422489 2.844869770109653 20.32730035483837 1.249671757221222 6.779864698648453 0.6632761359214783 10.45618377625942 0.8928388431668282 0.1523161083459854 0.1401772946119308
4.012917317450047 222.7096150442958 31.36180564388633 0.9578068107366562 26.35952005535364 126.6101409271359 12.473125256598 36.1005937308073 19.42415668070316 33.4223103672266 9221.852180667222 13.21791937202215 1770.665072068572 96.45695770531893 4.804238893091679 1.7988550812006 147.0562878847122 3359.314242646098 1267.127031043172 8.197529755532742 4.127147972583771 52.4170191064477 17.61011050641537 23.22936087846756 607.9908007383347 2601.344563245773 804.069324016571 7.202951848506927 423.3673602938652 7.232453010976315 439.4080515801907 425.6818452700973 3.462961554527283 5195.092705473304 12.09810520708561 612.4865321516991 4998.539859056473 4291.799979425967 943.6012416258454 84.17632013559341 146.2734836339951 771.5156643390656 17.58254075795412 0 4.674485884606838 0.9542070925235748 0 0 0 2.826545022428036 0.4698549807071686 0.1929498091340065 0.5903157517313957 364.2757924571633 0 1507.9847965464 0.3763664364814758 0 0.148665264248848 0.1070928201079369 73.11653633415699 8.615271106362343 0 0 0.2977320700883865 0.1778258085250854 1.324588738381863 360.4851593747735 176.3092155829072 360.7248860523105 1.863917104899883 0.1896335706114769 0.2415193989872932 203.2280260920525 0.1215576231479645 0 3.14689851552248 7.406357303261757 9.444027535617352 635.8209126219153 46.13577902317047 4.216667272150517 0.07526515424251556 0 78.19654403626919 0
5.730944119393826 0.8581983372569084 4.267617665231228 1466.715678423643 35.90730106085539 3113.543197534978 62.49293117970228 674.9866770878434 561.9541890621185 4179.895612262189 13.21791937202215 7494.101420879364 0.3722001686692238 105.8084511682391 1670.740913555026 0 0.8718752712011337 3.433529160916805 1.874972596764565 2151.615705378354 0.2232863306999207 5.787242062389851 2.088108859956264 292.2018103525043 1.318185403943062 4.206323079764843 5.042517058551311 325.1663030162454 160.558161213994 3.433959312736988 0.08149822801351547 50.76806501299143 1.677521713078022 136.4372367560863 3.416419208049774 533.8939291313291 7.674263425171375 124.7314544394612 17.41793778538704 1953.593438364565 22.2511495873332 0.6324229314923286 2.362744852900505 0 0 0.2114470228552818 143.635381244123 0 16.62634079158306 84.0116208344698 14.65769644081593 46.8404910415411 318.3616820275784 0.1140524670481682 155.245182864368 0 3.595769360661507 0.9464847147464752 1.179498374462128 0 0 0 114.1549428403378 0 0.4248515665531158 0.09863347560167313 156.2679628506303 0 0 0.9489233866333961 103.5521727874875 2.419437281787395 1.268560945987701 0 0.4958894327282906 0 0.8013996630907059 0 13.99639468640089 0 4.446813099086285 0.2028014808893204 13.15437042713165 0.1346369236707687 0 0
0.3619079142808914 666.637484177947 3.971371293067932 0 4.515065014362335 11.70671194791794 2.442796245217323 2.801493607461452 50.16230121254921 4.984972201287746 1770.665072068572 0.3722001686692238 4952.906834810972 5.938305526971817 0.4378497153520584 4.859147876501083 1.065840438008308 51.31411020457745 10.13495995104313 0.4605068489909172 4.336159124970436 140.85547221452 16.18217787891626 69.1792024448514 4738.531030863523 352.6619178503752 4439.43322506547 8.415299601852894 12.58821291476488 2.10246866941452 1123.087522804737 21.14647286385298 0.7734624147415161 585.8231654763222 32.50398732721806 1969.747471384704 3775.034060381353 1822.100988768041 309.0196117162704 116.6637277901173 79.11028038710356 1322.332518562675 22.36497889459133 0 23.37600014358759 0.5577192753553391 0 0 0 0.2032285779714584 0 1.118788905441761 0 333.9329729825258 0 1399.000240638852 0.3220799937844276 0 0 0.26262516528368 42.95363108068705 4.847907111048698 0 0 0.6598499268293381 0 0.4483747705817223 659.3309941440821 171.9587312191725 309.2426234036684 0.7394296899437904 0 0 178.598102748394 0 0 3.239295788109303 25.11937721818686 153.3925935178995 751.5515279993415 33.41010757535696 9.322300046682358 4.808970212936401 0.742944061756134 147.554916664958 0
5286.167069196701 11.05066552013159 1477.772123459727 24.7046969011426 2.589992746710777 832.7628433816135 6527.686910025775 7414.492287907749 27.32054892927408 798.1688388586044 96.45695770531893 105.8084511682391 5.938305526971817 13119.81171686202 22.06794815510511 0.4558006525039673 323.2989334762096 25.6714140586555 73.12200266867876 103.3190852478147 162.7927681952715 6.341494686901569 1099.383261069655 101.8043602183461 0.4098367020487785 223.3289337642491 154.447564817965 185.5955718532205 5529.746270731091 3043.595597814769 1.007487051188946 274.2562006935477 246.0826593488455 1069.399085499346 2.840852811932564 310.6936721615493 75.92713164165616 478.2488834708929 86.97626157104969 150.7790708467364 36.63846784830093 5.984923057258129 3.555785849690437 0 0.2573432698845863 1.743868827819824 1.247876808047295 0 2.140242643654346 66.08212874084711 10.42136178165674 6.540544621646404 13.67978298664093 0.5584602653980255 0.9248377457261086 0.09420822560787201 7.317374281585217 0 0.8670660927891731 0.198194146156311 0 0 1.259737484157085 0.5956788584589958 0.1419364511966705 1.617993414402008 20.67210173606873 0 0.8938398510217667 7.455806009471416 62.85787308961153 4.171604856848717 6.432638391852379 0 0.4335940256714821 0.08676787465810776 1.516614235937595 1.353631645441055 7.364788591861725 1.470211200416088 2.695710495114326 0.08253593742847443 0.9956516176462173 0.3072272092103958 0 0
0.7251287400722504 8.272386826574802 0.1941384822130203 69.61374705284834 631.9616626799107 1698.101387582719 15.71805208176374 286.5079533979297 280.4708319604397 230.488523453474 4.804238893091679 1670.740913555026 0.4378497153520584 22.06794815510511 312.7619869410992 0 0.3911995068192482 1.234395585954189 0.6603794023394585 94.7582993209362 0.2512568309903145 24.91699659824371 0.3848617747426033 437.5567867830396 1.624819748103619 1.238456778228283 9.867541618645191 28.07669314742088 30.85252327471972 1.99554368853569 0 408.5115411579609 0.09912513196468353 33.01979794353247 1.564677238464355 48.75871546566486 2.098932392895222 41.85139611363411 7.59183306992054 1020.686266928911 45.06419111788273 0.4506975412368774 0 0 0 0 0.213991753757 0 0.1204053536057472 3.888025306165218 0.2700239717960358 2.189019471406937 0.133299931883812 0 4.520355626940727 0 0 0 0 0 0 0 0.2469528615474701 0 0 0 1.7620490193367 0 0.1242604702711105 0.1153290420770645 3.716986507177353 0 0.5018339157104492 0 0 0 0.1407680511474609 0 0 0 0 0 0 0 0 0
0.3411896526813507 208.1251260042191 14.60407342761755 1.875313311815262 0.1122650504112244 0.9163140580058098 32.25780433416367 0.5952387824654579 93.59300386160612 2.027239196002483 1.7988550812006 0 4.859147876501083 0.4558006525039673 0 1627.148098401725 8.716207794845104 0.1619138121604919 0.495796337723732 0 3925.55766299367 3981.504080407321 1099.931665629148 2238.709842912853 27.48853775113821 15.1876330897212 2661.506092324853 1261.067329891026 0.9174395576119423 55.61101041734219 1.036837533116341 0 0.6947227865457535 76.42260207980871 7.664230920374393 789.9296445325017 541.3013435602188 301.3746579512954 309.4977364167571 19.58513025939465 3.053475372493267 0.507139153778553 4.74690804630518 0 1.802577078342438 38.92855141311884 0 0 0.2873716577887535 21.68363440036774 0.9492686167359352 54.02856414020061 1.717647835612297 0.2947868928313255 0.2224920839071274 2.096944645047188 1.136584758758545 0 965.4119988679886 0.3053404241800308 0.3310219794511795 0.2293389514088631 0 220.6729850023985 859.3507137969136 966.4963073953986 50.18945369869471 0.130022868514061 4.025448471307755 302.8799140155315 76.02060217410326 0.8324447423219681 16.36787384748459 0.08550304919481277 0.09427084028720856 0.1349465101957321 1.446261495351791 4.71644538640976 287.4495135098696 7.963916838169098 5.187604777514935 4.354115851223469 0.3562171757221222 0 0.9135535582900047 0
78.43815347552299 2220.859399788082 2878.256815329194 0.6474318355321884 0.471552386879921 21.17570713162422 37.10130020231009 192.7986631058156 1.515224359929562 9.642636507749557 147.0562878847122 0.8718752712011337 1.065840438008308 323.2989334762096 0.3911995068192482 8.716207794845104 1302.437500432134 358.4492232725024 3493.713722139597 0.8126687631011009 253.9234435036778 95.30076350271702 2947.030910216272 11.81126097589731 6.205080673098564 2449.483971014619 2383.203632712364 12.74662274122238 336.9626945778728 816.5396644622087 1.212736651301384 7.947194837033749 108.677253767848 2264.628340087831 5.328082576394081 560.2367519512773 420.8309666588902 1008.182709239423 212.099204428494 18.85400632768869 3.358026877045631 3.391275092959404 3.079783350229263 0 4.336709581315517 13.76091767847538 0 0 0 1.544953979551792 0.1335867643356323 0.7783852070569992 0.1026158705353737 0.8210963979363441 0.3707532584667206 1.000879928469658 0.1151348724961281 0 1.784312583506107 2.284235291182995 0.1153507307171822 3.420501977205276 0 0.583281546831131 2.772950410842896 1.354118153452873 0.8747972995042801 0.6546368598937988 24.45825399458408 102.3413301631808 1.179106421768665 0 0.8324674814939499 0.1376862376928329 0 0 0.1895264387130737 2.927241817116737 1.218439877033234 2.9663937240839 1.429724179208279 0.4769437164068222 0 0 0 0
2.900273397564888 7.042205259203911 17.61916791275144 0.5708560645580292 2.345617137849331 27.38491191715002 4.186447195708752 10.09042639285326 0.6295139268040657 9.110274277627468 3359.314242646098 3.433529160916805 51.31411020457745 25.6714140586555 1.234395585954189 0.1619138121604919 358.4492232725024 142.9798405766487 1126.159770920873 2.048688605427742 1.901586294174194 0.707650400698185 15.27508236467838 2.165124714374542 20.23751343041658 4135.26517984271 243.0241771712899 1.828176274895668 64.4194429628551 4.382120057940483 155.9957867637277 63.43809401243925 2.121316947042942 916.36783875525 3.275559492409229 466.079932577908 1236.57370968163 1405.792829960585 379.9687467738986 21.88986568152905 23.61500196903944 35.56278216838837 3.524948716163635 0 1.975913777947426 0.2440883815288544 0 0 0 0.9011596813797951 0 0.2220290899276733 0 20.75691559165716 0 85.27177765965462 0.1639152765274048 0 0 0 22.71339742094278 7.308976531028748 0 0 0.3002066686749458 0 0 17.53254839032888 107.7908982485533 123.8210582435131 0.8925700187683105 0 0.1103672683238983 45.35451580584049 0 0 0.6650177240371704 2.645657986402512 6.034773074090481 11.10396948456764 1.352369986474514 0.2267941161990166 0 0 0.125995859503746 0
12.33235762268305 350.8530504405499 183.818706586957 0.2097717523574829 1.697930566966534 20.50610959529877 11.66843242943287 50.18270718306303 0.3837821036577225 9.509253308176994 1267.127031043172 1.874972596764565 10.13495995104313 73.12200266867876 0.6603794023394585 0.495796337723732 3493.713722139597 1126.159770920873 1216.504261404276 1.785676069557667 7.055842526257038 2.651406399905682 200.464875407517 2.078439593315125 8.402545258402824 3251.324741140008 577.9704193174839 3.347488813102245 113.2140968441963 45.82024982571602 10.11994075775146 32.96903838962317 23.98144908249378 1778.59046895057 3.126119941473007 701.0825933218002 1126.011679753661 1442.518453165889 488.5490456745028 20.52499675750732 3.850476995110512 6.145102724432945 1.878476142883301 0 5.244328767061234 2.146408073604107 0 0 0 0.5787290185689926 0 0.1292021870613098 0 1.0460609421134 0 7.367122635245323 0 0 0 0.5105814337730408 1.80117093026638 3.2168373093009 0 0 0.3286262154579163 0.3709079921245575 0.3733102381229401 2.013173118233681 65.37759821861982 87.626300111413 0.3423564881086349 0 0.1472591012716293 5.005948260426521 0 0 0.40030437707901 1.485903322696686 2.40298467874527 1.715241216123104 1.155933566391468 0.1305793523788452 0 0 0.08970075845718384 0
6.748056143522263 0 5.12385381013155 2062.056863494217 1.983830481767654 182.758221141994 84.54233373701572 118.78799816221 318.1144185289741 3100.879668027163 8.197529755532742 2151.615705378354 0.4605068489909172 103.3190852478147 94.7582993209362 0 0.8126687631011009 2.048688605427742 1.785676069557667 475.9328177496791 1.063680678606033 0.5602646619081497 2.90237482637167 693.2740635126829 2.188106060028076 3.481948517262936 5.16066686809063 1447.202237807214 196.1770921126008 4.527597211301327 0 21.36929835379124 8.938226923346519 173.4666487202048 7.444780737161636 406.6223833188415 9.477699138224125 174.2689167782664 41.6260159984231 384.4698041379452 31.38605672121048 2.776462197303772 6.09470085054636 0.1372668743133545 0.3591135442256927 0.5669118836522102 34.99074260890484 0 20.33198693394661 142.0517652332783 25.75465288758278 68.24458584189415 268.5177751258016 0.6212900131940842 25.4441569224 0 10.096206612885 0.2648795619606972 0.3405036181211472 0 0 0.1538164466619492 55.71067145466805 0.5130705386400223 1.592359505593777 0.6259357109665871 175.5224499478936 0 0 1.160855382680893 141.2145970612764 3.680355571210384 0.4849555566906929 0 0.368408128619194 0 2.108670338988304 0.9995526522397995 4.677284501492977 0.1360970884561539 1.573231630027294 0 1.549543410539627 0.09554296731948853 1.507441401481628 0
28.88833666592836 8.432803869247437 647.4500481784344 1.996449083089828 0 13.84374643862247 671.8301267921925 119.2237524390221 235.9598097875714 26.80537379533052 4.127147972583771 0.2232863306999207 4.336159124970436 162.7927681952715 0.2512568309903145 3925.55766299367 253.9234435036778 1.901586294174194 7.055842526257038 1.063680678606033 11398.56854784489 689.8707221224904 10063.18113804609 1010.443784065545 4.288500562310219 21.13896879553795 907.7559205517173 1910.518597960472 72.34817703068256 10090.05628930032 0.1101357862353325 3.506780549883842 21.92495666444302 3398.528620049357 55.93785682320595 5649.740581318736 1425.442300923169 4882.852264031768 3664.565225370228 125.5405546501279 42.11799195408821 7.034312069416046 25.84354463964701 0.7135009914636612 0.4412693902850151 3.406679503619671 0 0 0.2999248877167702 16.34172592312098 0.09049607813358307 188.8895745947957 0.777509979903698 0.118742324411869 0 0.9840063005685806 0.5616916418075562 0 281.7230516821146 0.5389808863401413 0 0.3205821439623833 0 404.8467624783516 288.092986151576 187.8757046982646 137.428716994822 0.2182490676641464 0.4086133241653442 46.25477904081345 223.5535247847438 4.34107606112957 41.19460761547089 0 0 0.3605307787656784 1.449941344559193 10.10519980639219 39.29846721887589 2.007229685783386 3.672602564096451 2.921015650033951 0.2555529698729515 0.107158325612545 0 0
0 1885.78823915869 164.7473750188947 1.744528464972973 0 1.154846735298634 65.58985125273466 3.436768434941769 3288.540109165013 7.45997266471386 52.4170191064477 5.787242062389851 140.85547221452 6.341494686901569 24.91699659824371 3981.504080407321 95.30076350271702 0.707650400698185 2.651406399905682 0.5602646619081497 689.8707221224904 1147.917301379144 1632.824938572943 5699.2349325791 600.3193722069263 56.32539628446102 3218.80829668045 573.2542766928673 2.250559352338314 16.45222344249487 12.64271932095289 0.08811711519956589 0.899025522172451 241.1223687306046 3.983012959361076 280.4783233553171 149.8152861520648 252.6823294833302 62.62855095416307 34.74295580387115 0.1537339240312576 15.80950421094894 2.221966594457626 0.09088829159736633 27.16909942030907 421.2578951269388 0.6174105182290077 0 0.5975046530365944 27.5805094987154 1.402775958180428 21.05484052747488 3.488984897732735 3.521498084068298 0.9946156144142151 9.413538239896297 1.970767192542553 0.1368167400360107 1393.646689675748 9.706359006464481 0.4702535346150398 3.869439274072647 0.4280219227075577 233.0154017880559 454.1338452994823 1147.575387313962 64.9698431789875 14.72639029473066 20.32558315992355 2393.888468265533 89.84376648068428 2.088184237480164 10.17146969586611 2.588728696107864 0.3909783959388733 0 8.299107186496258 0.4904553294181824 43.09503968805075 60.86765389889479 17.14541462808847 4.605884745717049 0.3946681916713715 0.2419303208589554 0.8895793110132217 0
255.5493467226624 86.19126924872398 7382.136660970747 4.8736936673522 0.6753088533878326 71.5709610581398 1739.675159268081 719.1494994349778 39.98741782456636 84.77885639667511 17.61011050641537 2.088108859956264 16.18217787891626 1099.383261069655 0.3848617747426033 1099.931665629148 2947.030910216272 15.27508236467838 200.464875407517 2.90237482637167 10063.18113804609 1632.824938572943 9121.367752626538 783.1703693270683 5.761323876678944 1060.809074603021 8106.737711332738 2523.692130170763 358.5779486224055 5816.237188436091 0.5420552417635918 11.60721615329385 82.83987336605787 3314.961937867105 153.1248246207833 7873.146434485912 6614.867605596781 5910.21306027472 4580.337100788951 235.3743464052677 57.85792472958565 31.02322459220886 42.54392060637474 0.309975266456604 6.879898101091385 355.3354126662016 1.180968217551708 0.09473904222249985 0.2057161331176758 44.87893678247929 1.815379537642002 43.74516300857067 2.831640675663948 1.343790426850319 0.2285318523645401 1.64099782705307 2.159901201725006 0.219461515545845 1129.483637034893 4.90325291454792 0 2.821696557104588 0 158.6270119994879 807.6880574524403 1127.665240757167 86.12073708325624 0.487520158290863 9.735798291862011 1453.127968035638 162.1800875291228 2.681250683963299 23.31513620913029 0.2426179498434067 0.2263769209384918 0 9.584872618317604 57.81906168162823 272.2471528351307 22.02278110384941 25.76796382665634 8.005832567811012 0.9827197343111038 0.2103331387042999 0.9571312367916107 0
4.376041322946548 764.603000447154 53.00866697728634 1390.878821000457 0 287.0745082050562 534.0428884476423 510.8246549293399 7670.181637708098 1135.607499599457 23.22936087846756 292.2018103525043 69.1792024448514 101.8043602183461 437.5567867830396 2238.709842912853 11.81126097589731 2.165124714374542 2.078439593315125 693.2740635126829 1010.443784065545 5699.2349325791 783.1703693270683 8999.024846494198 290.8010100200772 79.29624866694212 3021.268628828228 8653.370163783431 150.3829654604197 55.75192508101463 10.83729949593544 12.52442159503698 81.36267734318972 198.8222459405661 25.86465977877378 1566.660145744681 85.85154436528683 381.1838177964091 182.6515632718801 406.1156897470355 25.93111259490252 10.08097693324089 10.40787543356419 5.773462228477001 9.477646358311176 22.95698793232441 76.21771728247404 0.2977610677480698 73.33954724669456 1281.611417129636 185.283892262727 1297.748607873917 491.3558995872736 8.967024251818657 41.33413198590279 5.628923911601305 134.5477080792189 2.666808567941189 194.9717116355896 1.014497384428978 0.9594526067376137 1.329154193401337 95.34993249922991 304.3967631906271 131.9023590683937 156.1427240297198 1634.534798458219 5.757185325026512 10.12065263837576 147.7647604942322 2655.161255121231 68.08798733353615 207.5758797749877 2.054593190550804 10.01743016391993 4.20211773365736 38.74662394076586 4.433642089366913 205.8971615508199 21.16374276578426 49.9047577381134 10.70904161781073 42.20629689097404 4.39680054038763 1.385312967002392 2.221095770597458
0 1964.24414794147 3.033111669123173 0.1153160184621811 0 2.253967434167862 4.469731733202934 1.435810625553131 179.6606259196997 0.46742844581604 607.9908007383347 1.318185403943062 4738.531030863523 0.4098367020487785 1.624819748103619 27.48853775113821 6.205080673098564 20.23751343041658 8.402545258402824 2.188106060028076 4.288500562310219 600.3193722069263 5.761323876678944 290.8010100200772 485.9453759565949 280.1520887836814 4260.800223313272 18.16708301007748 3.489192143082619 7.097294799983501 271.8733847662807 0.5760335326194763 1.078289821743965 80.93948610126972 9.730554610490799 415.4325431510806 401.9139833524823 253.1103318631649 52.91384419798851 103.3112249150872 57.95002347230911 847.3943797573447 16.18416267633438 0 28.7439101934433 0.7332741841673851 0 0.08428008109331131 0.1006389483809471 0.7917977347970009 0 2.649378657341003 0.2997616976499557 135.1761129051447 0.09603002667427063 1072.563141688704 0.09770064800977707 4.10483455657959 0 0 12.5799678042531 3.020389303565025 0.855914406478405 0.1316763758659363 2.980099685490131 0.086359903216362 0.8698489665985107 65.43354051560163 180.8423524573445 722.1938934400678 0.3303986191749573 0.07291438430547714 0 91.02213581651449 0.1762747541069984 0 1.222652696073055 1.227950602769852 47.89514779299498 100.8517655134201 23.48547451943159 3.309490203857422 6.232279777526855 0 25.16787259280682 0
31.87188091129065 1208.302937179804 3871.819056995213 1.787048004567623 6.053929664194584 51.86277287453413 133.7951870374382 173.8092579096556 36.76792067289352 33.41179496794939 2601.344563245773 4.206323079764843 352.6619178503752 223.3289337642491 1.238456778228283 15.1876330897212 2449.483971014619 4135.26517984271 3251.324741140008 3.481948517262936 21.13896879553795 56.32539628446102 1060.809074603021 79.29624866694212 280.1520887836814 16750.68807844818 6804.422212809324 31.87611896544695 202.7819695174694 74.30301181226969 265.0148422792554 72.72729129344225 46.59990774095058 2458.919720873237 21.18832509219646 2898.625954814255 5341.377240151167 4064.76997705549 1220.820418134332 93.86516192555428 22.89324418455362 49.1783669218421 6.917014792561531 0.3083560913801193 293.3896067664027 91.13520957529545 0 0 0.2784899473190308 3.990068733692169 0.4066148847341537 1.930844932794571 0.4334603026509285 100.0516131594777 0 615.7849666550756 0.6419137939810753 0 2.519410878419876 13.98603516072035 171.7467712238431 156.0674620345235 0 0.8396443724632263 7.94430922716856 6.078581362962723 4.544234395027161 293.8026031479239 2221.525447867811 3901.712940305471 4.903571531176567 0.2007021680474281 0.8262546434998512 303.3679608032107 0.5127637088298798 0 11.16790947318077 8.127449564635754 29.03664980083704 80.6295634880662 33.30238716304302 7.041147105395794 1.150482475757599 0 2.402916625142097 0.08073341846466064
21.64661298692226 4805.655923224986 6843.965766809881 11.02527717500925 0.3204087242484093 33.66553282737732 863.689470693469 147.3635808303952 569.7123278751969 78.6594782397151 804.069324016571 5.042517058551311 4439.43322506547 154.447564817965 9.867541618645191 2661.506092324853 2383.203632712364 243.0241771712899 577.9704193174839 5.16066686809063 907.7559205517173 3218.80829668045 8106.737711332738 3021.268628828228 4260.800223313272 6804.422212809324 25699.834084481 1887.683720707893 150.0816113129258 165.0587937384844 830.6437074616551 17.12805502861738 31.83078864216805 2999.223920762539 90.14784546196461 5569.735795937479 5620.430932916701 5092.143723726273 1579.816259980202 188.4763911962509 24.06476300209761 82.86344565451145 21.10248050838709 0.2064303308725357 1476.422996595502 1867.487721979618 0.611065536737442 0 1.831401593983173 82.0358969271183 11.52662115544081 43.51182263344526 6.78144221752882 94.33040112257004 0.3969520479440689 547.8915560692549 12.42341690510511 0.4694213271141052 369.0338404998183 78.6088844165206 89.90703283250332 159.6115835681558 0.4490547105669975 48.48452589660883 607.1930752247572 512.5181733071804 90.17410033196211 471.0171722471714 3263.477357335389 11322.32967878133 159.0639912411571 3.97164710611105 21.24531871080399 256.888795375824 0.4031236916780472 0.1371500492095947 50.84282739460468 29.28436639159918 171.2404151707888 613.2192786857486 131.2251612469554 27.35540737211704 3.321453288197517 0.09596315771341324 5.44540373980999 0
10.65248870849609 37.58643448352814 233.618703737855 4055.257049649954 0.1027281656861305 310.7089850157499 14048.9967860505 534.8070446178317 830.1162241622806 8162.591352127492 7.202951848506927 325.1663030162454 8.415299601852894 185.5955718532205 28.07669314742088 1261.067329891026 12.74662274122238 1.828176274895668 3.347488813102245 1447.202237807214 1910.518597960472 573.2542766928673 2523.692130170763 8653.370163783431 18.16708301007748 31.87611896544695 1887.683720707893 19158.22770516574 252.3333339467645 5825.254684239626 0.4534649029374123 15.14356203377247 90.52415072917938 489.691054828465 38.49843455851078 2572.32158125937 118.0867670699954 826.7350291386247 472.1969345137477 142.9896273240447 36.9273689687252 2.154314056038857 13.764439240098 5.002904705703259 1.252755388617516 13.65016440302134 44.98603308200836 0.263091042637825 47.14408996701241 1020.150970607996 125.4099230095744 663.573335044086 282.5455105230212 5.994861863553524 20.70635165274143 1.022662937641144 92.05433873832226 2.251643747091293 201.3745047599077 1.3571512773633 0.2384911999106407 0.2919834032654762 72.59515973180532 373.7634423822165 77.63379121571779 111.2848856598139 1159.181813471019 0.2849352359771729 3.180128462612629 124.0524312183261 2315.986269958317 53.6570471227169 305.9096028581262 0.6432650983333588 6.309783205389977 2.950434401631355 26.83989763259888 6.952427469193935 150.0996392443776 12.53293422609568 40.59070215374231 7.535525850951672 24.87788897007704 5.287125155329704 0 0.6469930559396744
2762.35683504492 17.31958347558975 200.6777054145932 60.45822819322348 4.414003886282444 843.2488016113639 1050.747124511749 983.0431838855147 15.71114194393158 1160.234756231308 423.3673602938652 160.558161213994 12.58821291476488 5529.746270731091 30.85252327471972 0.9174395576119423 336.9626945778728 64.4194429628551 113.2140968441963 196.1770921126008 72.34817703068256 2.250559352338314 358.5779486224055 150.3829654604197 3.489192143082619 202.7819695174694 150.0816113129258 252.3333339467645 15680.34254145622 1936.896310478449 4.502454794943333 658.1005299091339 3448.244152810425 3880.416585594416 19.49973820894957 610.6698488369584 181.246296711266 1608.592387445271 244.6586088612676 229.2200669720769 110.372008562088 9.779820382595062 4.198817946016788 0 0.2862965762615204 0.4716774895787239 0.4989240393042564 0 2.255018055438995 37.13321316987276 5.209236659109592 5.323599442839622 9.252192504703999 0 0.7341778054833412 0.1542729288339615 3.724577806890011 0 0.7543485388159752 0.1132780015468597 0 0.351343184709549 1.043453402817249 1.5508778616786 0.3484087213873863 0.9834580421447754 13.7266710549593 0 0.0895170122385025 4.970421142876148 40.60601662844419 1.178670696914196 5.672369807958603 0.148128941655159 0.2750381529331207 0.09294042736291885 0.9647503942251205 2.201604709029198 5.860804922878742 0.4200403690338135 0.8858722746372223 0.3164794743061066 1.055206105113029 0.5980618000030518 0 0
