406.2037891894579 0.2327297627925873 25.37398637086153 2.375455088913441 0.1468143910169601 3.145305752754211 1572.760610595345 219.606887742877 6.777757041156292 14.50917003303766 1.90272556245327 0 0.09091617912054062 2130.814432390034 0 0.7496999502182007 41.6322665810585 0.5925957560539246 1.49401993304491 1.632129780948162 44.95226811617613 0.5945024713873863 149.8660161495209 32.7389815300703 0 1.003269359469414 3.32532699406147 105.4655356407166 2105.733159914613 1666.883198402822 0.08932127058506012 5.534619510173798 2.808773368597031 34.80500533431768 0.5506675541400909 5.056459024548531 1.297161623835564 17.3983787894249 4.90518406778574 0 0 0 0 0 0 0 0.5103041529655457 0 0 0.707430511713028 0.2977373600006104 2.63567478954792 0 0 0 0 0 0 0 0 0 0 0 0.1700437515974045 0.413002222776413 0 3.727615974843502 0 0 0.5097025334835052 2.774940960109234 0 0.3603144586086273 0 0 0 0 0 0 0 0 0 0 0 0 0
0.2327297627925873 16.12760031223297 790.9289892688394 0.1281930059194565 0 0.2110865637660027 0.5985633730888367 1.232905954122543 265.3781400546432 0.7383468821644783 184.0321094989777 0.9219514057040215 446.1719745695591 0.8364847376942635 2.575248554348946 7.252858318388462 591.4036727920175 9.921080499887466 61.50974792987108 0.2154194340109825 6.153024435043335 1410.505836136639 29.96778557449579 522.6820672154427 1431.080829933286 555.1201781481504 3977.668623752892 0.6532275453209877 3.816373437643051 1.907415956258774 8.331383764743805 0.7294976115226746 0 231.0515666306019 5.847628518939018 331.5663221254945 356.0865576788783 956.4318679347634 152.2987879738212 9.566986709833145 3.532832846045494 155.6554130762815 0.5437208414077759 0.6098113805055618 227.5376882329583 236.7268622964621 0 0 0.6163557171821594 2.21096583455801 0.6731982603669167 0.7273473739624023 0.410946287214756 0.7095095664262772 0 8.76693020015955 2.232914537191391 0 2.623865112662315 29.60234941542149 1.394487410783768 64.65351241827011 0.2236328721046448 0.3726208731532097 98.01477644592524 19.82665422558784 6.26252481341362 5.523970514535904 413.8303197473288 2270.903962612152 2.755624786019325 1.220715709030628 7.016649283468723 1.150520868599415 0 0.1071287766098976 13.69996228069067 1.513432651758194 25.39078088849783 26.43177364766598 32.72644598782063 14.45247582346201 0.1309672147035599 0 1.397292599081993 0.1362947523593903
25.37398637086153 790.9289892688394 5234.225210152566 3.191375598311424 0.4410904869437218 253.6506943628192 620.8240455165505 427.7803703695536 1.49313747882843 41.24998724460602 12.45344150811434 0.9271991401910782 6.230590768158436 162.5057208687067 0 12.62423388659954 6811.163041338325 40.19574598222971 579.726973734796 1.019743353128433 219.2744782045484 156.2953533381224 9048.024686031044 97.45233511924744 1.895982921123505 5658.524976596236 4292.628393039107 82.20331317931414 236.7746854946017 1134.583587445319 0.07525508850812912 5.786767065525055 21.00457151979208 861.8333285599947 21.30506430566311 874.4861012175679 1953.923562273383 2330.534066259861 430.6957253143191 41.4013806283474 8.918525911867619 12.40909433364868 6.644369900226593 1.649360679090023 237.2971761077642 529.3087960928679 0 0 0.4695341661572456 13.28514595329762 3.071967169642448 2.243162050843239 0.9275745525956154 0.815467894077301 0 0.3064849078655243 8.810221523046494 0 22.47036953270435 52.09450299292803 0.6141742095351219 10.74200832098722 0 8.408134177327156 233.8565374612808 278.8472661301494 12.24492958188057 1.157701179385185 107.035371825099 2619.976317502558 12.49813784658909 0.8332570344209671 18.28378228843212 0.1237268149852753 0.1837789192795753 0.2613465487957001 18.80494631826878 3.817198395729065 56.67810865491629 41.86757070571184 74.16747739911079 28.02891610562801 0.3391794264316559 0.3546710610389709 0.5315984934568405 0
2.375455088913441 0.1281930059194565 3.191375598311424 367.8663950264454 4.906785123050213 118.0778917372227 327.8562544956803 112.8768731355667 601.4212558493018 3162.292501725256 5.742153599858284 325.39797847718 2.809127308428288 53.67911560833454 51.56725205481052 0.5917902588844299 0.09465975314378738 0.9051422402262688 0.4365937113761902 1294.922035135329 7.885680362582207 0.516644299030304 3.703914240002632 1311.931524679065 3.377177536487579 1.793171428143978 4.952056586742401 2012.189432173967 175.1019334197044 2.352748304605484 0.2017519399523735 5.272180914878845 5.4216113910079 49.67418933659792 6.00423401594162 219.0946523621678 8.591856427490711 96.26444594562054 57.75658583641052 36.19469633698463 12.95859587192535 0 2.457081243395805 0 0 0 111.1991632729769 0 18.82245464622974 55.94956548511982 1.526683382689953 68.99811122566462 215.4049753695726 0.09114672243595123 82.75349414348602 0 0.6433331221342087 4.029445879161358 0.6994245424866676 0 0 0 161.5303970724344 0 0.4866483882069588 0.5657800137996674 221.0510637015104 0 0.1847609952092171 1.36388548463583 133.8684130907059 0.6014849469065666 0 0 0 0 0.2626434341073036 1.36226187646389 0.9046725034713745 0 2.188872084021568 0.3428788185119629 4.602842465043068 0.1811792999505997 0 0
0.1468143910169601 0 0.4410904869437218 4.906785123050213 1.621892809867859 754.3410542532802 6.805558316409588 23.79970337450504 189.9276886358857 26.05276389420033 131.7571315169334 99.18529424071312 11.68841981142759 1.937852956354618 1085.40599116683 0 0.5171194300055504 12.22738016396761 6.29938679933548 15.12974686920643 1.366228081285954 0.6363348588347435 1.670161969959736 41.62154741585255 1.425920881330967 14.48177325725555 9.04766409099102 4.530799455940723 29.32228708267212 1.861570820212364 1.571823835372925 62.80826833844185 0.1219380721449852 890.5852562189102 6.945321470499039 222.2918922677636 16.22100919485092 544.4849674105644 179.0987444519997 1967.323514923453 218.0846512317657 4.214265793561935 9.024513021111488 0 0.1614629179239273 0 3.514826759696007 0 0 2.539484143257141 0 2.475716277956963 4.864071503281593 0 2.323695868253708 0 0 0 0 0 0.2317663431167603 0 5.533814564347267 0 0 0 2.813197903335094 0 0.2851871177554131 0.2515856623649597 3.123753398656845 0 0 0.1129786297678947 0 0 0 1.111780479550362 0.4711753726005554 0 0.1287515908479691 0 5.382452785968781 0 0 0
3.145305752754211 0.2110865637660027 253.6506943628192 118.0778917372227 754.3410542532802 5991.992267780006 2666.474992021918 2905.755602024496 52.65224798768759 4835.359985001385 116.9599555432796 4454.753195933998 15.25979890674353 202.9599360600114 317.4265994876623 5.044488206505775 16.06232013553381 13.08424354344606 6.438488632440567 592.4849306121469 367.8171552792192 1.356780759990215 200.7883966565132 568.1286163330078 5.253730148077011 21.85540147870779 56.51442935317755 979.3124718889594 179.8590774536133 134.8268234059215 1.349578358232975 280.4181929081678 3.028419867157936 294.8069241568446 11.95243661105633 305.6748960316181 22.46665708720684 310.4317981377244 124.9644485786557 695.1863912418485 56.57263229042292 2.777357622981071 9.331046625971794 0 0.09811954945325851 0.599732480943203 58.99418043345213 0 13.05145336687565 151.1048933565617 7.281531676650047 36.91618537902832 113.740621201694 0.5240758508443832 19.64075113832951 0 0.5854761600494385 0.2847846150398254 1.708221353590488 0.140569657087326 0 0.3375419452786446 41.14531601965427 1.04069297760725 1.828851237893105 1.311143144965172 261.8526692166924 0.09510984271764755 0.559623196721077 7.867668308317661 128.4329675510526 1.543917700648308 0.7522867545485497 0 0.9360474646091461 0 2.151595138013363 0 4.50192940980196 0.2360326424241066 2.07506462931633 0.4978996738791466 2.926826804876328 0 0 0
1572.760610595345 0.5985633730888367 620.8240455165505 327.8562544956803 6.805558316409588 2666.474992021918 5046.913145944476 4922.101589456201 201.5288250520825 5694.846199840307 33.80027808248997 123.6038496270776 5.413521863520145 3959.662302039564 13.07486088573933 21.13613416999578 34.66416472941637 23.37893492728472 22.3234745413065 50.32349400222301 1063.921130381525 4.250102587044239 594.5178451165557 3618.753720983863 0.7262890189886093 38.32585561275482 178.5264992043376 13593.70123040676 1520.744928225875 2890.95192746073 0.6950599998235703 34.73008545488119 98.93305522203445 216.4551297798753 30.13844631612301 711.4722267091274 37.457569219172 353.3495513424277 203.5321875065565 49.77755618095398 32.20356568694115 0.8756719678640366 8.76871981471777 0.1080532073974609 0.1130855530500412 0.5783377438783646 52.88816137611866 0 13.82956057041883 291.7696187347174 5.149510607123375 107.8156905472279 82.52653506398201 0.5977768301963806 21.17671373486519 0.2588038221001625 2.269754454493523 1.428199768066406 2.055574387311935 0 0.1352332085371017 0 37.81952155381441 2.572420760989189 2.63554359972477 5.622472278773785 513.8350855186582 0.1071363016963005 0.807646282017231 15.63412253558636 330.6208899840713 2.284401461482048 3.842817187309265 0 1.349816128611565 0.140310600399971 4.053401157259941 2.115240201354027 16.73997016996145 0.6453998684883118 11.28908428549767 5.600989572703838 14.98611365258694 4.109979905188084 0 0
219.606887742877 1.232905954122543 427.7803703695536 112.8768731355667 23.79970337450504 2905.755602024496 4922.101589456201 3601.900474660099 23.49312369525433 3409.925793237984 44.03787135332823 826.8566076830029 1.945194162428379 3401.063072972 2.813310176134109 4.358608245849609 141.8872617334127 7.446367509663105 8.91883173584938 407.4668278023601 514.5899436101317 2.296586826443672 866.7078080177307 348.9654415249825 0.7039555162191391 25.24361348152161 64.20271391421556 1020.117731101811 844.8499797359109 1543.481847830117 0.5290485769510269 99.22255028039217 5.925429165363312 179.0998636558652 5.857997909188271 118.0627246201038 11.2704231441021 117.8747780099511 23.50886274129152 357.27993260324 34.79008613526821 0.8955958336591721 1.60128977894783 0.1727970838546753 0.07736764848232269 0.3672298118472099 6.014299832284451 0 1.050104387104511 27.48590596020222 1.242688894271851 14.92990410327911 5.36105202883482 0 1.43920910358429 0 0.6103608906269073 0 1.034875795245171 0.1171806082129478 0 0 4.396036446094513 0.4972091168165207 2.064199522137642 1.898619271814823 68.63559003919363 0 0.442413330078125 7.754280477762222 49.97275277972221 0.9676264449954033 0.643401250243187 0 0.2447387874126434 0 0.2821727991104126 0.1648864448070526 2.404471457004547 0.7914151921868324 0.2907878383994102 0.2344609946012497 3.337658822536469 0.9855431616306305 0 0
6.777757041156292 265.3781400546432 1.49313747882843 601.4212558493018 189.9276886358857 52.65224798768759 201.5288250520825 23.49312369525433 274.1963859498501 323.2295143678784 5.851109102368355 471.622708722949 5.810039587318897 17.45196086913347 1251.959095865488 165.3977592587471 6.73873196542263 1.82186621427536 1.814388744533062 661.9385313689709 138.5975303426385 1272.64069544524 48.26076620072126 5812.802761286497 61.92457639425993 44.53592577576637 680.8258512541652 730.5465496778488 111.8175255954266 118.8605164512992 0 3.785709455609322 14.40156354755163 28.06288720667362 4.518733143806458 469.9538819715381 22.91123103350401 67.07079572230577 36.60222103446722 309.9263477697968 12.25103813409805 0.2465474009513855 3.068855449557304 9.141081355512142 2.522773146629333 2.99718964099884 133.6394309848547 0.4031225442886353 19.28802867978811 234.1312530860305 14.94267699122429 43.4949039965868 206.8975132480264 1.329015731811523 82.05672453343868 1.21716733276844 33.8999720364809 7.157283842563629 174.4426793083549 0.7324261590838432 0.2093493118882179 0.1210798397660255 124.6261327639222 161.0644072666764 34.93852212280035 51.08640838414431 1429.14670804143 0 3.148156873881817 49.95563253760338 778.175475217402 49.60329265892506 77.65788947045803 0.3666337504982948 1.098377928137779 6.300206914544106 7.590929463505745 4.340476900339127 84.37938403338194 3.564600706100464 31.46674489974976 10.47024319320917 26.33254167437553 3.985209785401821 0 0
14.50917003303766 0.7383468821644783 41.24998724460602 3162.292501725256 26.05276389420033 4835.359985001385 5694.846199840307 3409.925793237984 323.2295143678784 14566.72416900843 119.5570630952716 4824.216011703014 17.33765339851379 759.2746598646045 20.07332764565945 5.415097087621689 1.838750258088112 31.10089509189129 14.20266860723495 2277.666224941611 151.2211041525006 0.7656687647104263 64.40223059058189 1133.341063335538 5.122422084212303 41.20543950796127 55.39759404212236 5138.338892608881 1458.151530764997 17.23714625835419 2.067366391420364 119.8527095541358 19.12005240470171 496.5980072319508 35.00190598517656 923.9769131690264 54.32319547235966 871.0941333919764 302.0298346430063 164.3400995656848 105.480077251792 5.397486560046673 15.6419333294034 0 0.2584212571382523 0.1460805088281631 165.1501174643636 0.2868757247924805 28.21836248785257 114.8873952031136 3.079683095216751 86.70046734064817 333.1363853365183 0.3039456754922867 98.36388374865055 0.2776516899466515 1.913680076599121 2.128871463239193 0.9245336279273033 0 0 0.3476377129554749 176.1062682196498 2.444535985589027 2.083203867077827 2.480750262737274 409.0162856057286 0.08527946472167969 1.053360141813755 4.745658911764622 214.3180538862944 2.923857286572456 0 0 0.09753067046403885 0.1066517159342766 1.380736850202084 3.124376282095909 4.531004831194878 0.3116424530744553 4.562102772295475 0.2812994793057442 13.05238077789545 1.308406673371792 0.6742409914731979 0
1.90272556245327 184.0321094989777 12.45344150811434 5.742153599858284 131.7571315169334 116.9599555432796 33.80027808248997 44.03787135332823 5.851109102368355 119.5570630952716 4618.148600116372 73.90698514133692 2047.937755189836 37.14223824441433 0.2685239613056183 0.7743953168392181 90.54204183071852 3288.612457185984 632.6720791086555 49.87768411636353 6.475490771234035 22.44093243032694 23.64156647026539 33.25802636891603 1165.55949870497 3492.74818533659 1463.324229046702 15.69071549922228 286.3252362757921 9.550642050802708 562.3541492521763 214.2805758863688 1.755556970834732 4302.292544208467 9.242936961352825 414.2943481504917 2727.211526624858 2498.284289911389 565.6810087859631 38.06725230813026 55.82313103228807 461.9886508285999 19.08104009926319 0 12.64126088470221 0 0 0 0.08660933375358582 1.950695008039474 0.2815116122364998 1.898591279983521 3.475099429488182 29.09281311184168 0 173.5905950814486 0.210848793387413 0 0.1612831354141235 0 5.114610761404037 2.442432947456837 0 0 0.625311091542244 0.1136655732989311 6.824874356389046 40.53106519579887 30.5151646733284 67.68334828317165 10.39212855696678 0.111104242503643 0.1086661666631699 24.6782635524869 0 0 1.621861539781094 0.455017551779747 22.27983573824167 86.74166013300419 12.13323792815208 0.5589659437537193 2.833049058914185 0.567622184753418 179.6661038398743 0
0 0.9219514057040215 0.9271991401910782 325.39797847718 99.18529424071312 4454.753195933998 123.6038496270776 826.8566076830029 471.622708722949 4824.216011703014 73.90698514133692 5338.018154583871 5.562404721975327 161.3524443954229 554.7064448297024 0.2138195931911469 0.6704894974827766 18.56665030866861 9.338345617055893 2790.974687919021 0.3878993541002274 2.691907249391079 0.9369434714317322 182.288459777832 1.768803827464581 19.60136510431767 16.59659575670958 238.1622862517834 323.7504193112254 0.722326397895813 1.249640248715878 135.0360634177923 0.4216983467340469 238.1245091035962 2.5787697955966 107.8543228805065 17.56449258327484 286.0158664360642 28.77967677265406 551.1255564987659 33.72629701346159 0.9274244755506516 0.745341494679451 0 0 0 128.509000107646 0 4.384232744574547 7.009840667247772 0.2389350235462189 133.0755377337337 111.0559398010373 0 127.2935251891613 0.1019527539610863 0 12.59391270577908 0 0 0.1809949800372124 0.08255165070295334 91.31848239153624 0 0.2906017154455185 0 68.5158668756485 0 0.7086159288883209 1.003751285374165 44.99854309856892 0 0 0.08840955793857574 0.1042438149452209 0 0.5965697169303894 1.363107442855835 0.2020002901554108 0 0 0.1372387111186981 79.64608335494995 0 0.3571444898843765 0
0.09091617912054062 446.1719745695591 6.230590768158436 2.809127308428288 11.68841981142759 15.25979890674353 5.413521863520145 1.945194162428379 5.810039587318897 17.33765339851379 2047.937755189836 5.562404721975327 1869.391647554934 1.970704048871994 0 0.8324809223413467 1.464734606444836 186.0923578515649 6.066353850066662 8.340009041130543 1.98061928153038 44.5412123054266 6.139385424554348 16.37051705271006 4124.661041893065 446.4148806408048 3259.908095747232 8.693648301064968 11.78527434915304 1.354352004826069 631.0988378450274 11.44012571871281 0 468.5079542025924 19.45806138217449 1252.413273014128 5652.29889048636 5045.603930808604 762.0665443539619 132.7786132618785 99.60628688335419 965.6382405236363 19.30771428346634 0 31.11064056307077 0 0.1080464497208595 0 0 0.2210690230131149 0 0 0 51.33857478201389 0 268.5114187821746 0.1148301810026169 0 1.213701665401459 0 10.33329519629478 3.08426808565855 0 1.559896230697632 0 1.836755037307739 2.981480553746223 85.14167708158493 38.897162348032 63.60981144756079 4.644617848098278 0.2562833428382874 0 29.09299662709236 0 0 1.7190912514925 12.58189943432808 315.3921578377485 156.1860579028726 39.54766545444727 2.420256949961185 68.66420459747314 4.596454977989197 374.1491693332791 0
2130.814432390034 0.8364847376942635 162.5057208687067 53.67911560833454 1.937852956354618 202.9599360600114 3959.662302039564 3401.063072972 17.45196086913347 759.2746598646045 37.14223824441433 161.3524443954229 1.970704048871994 4880.486018367112 0.1226579174399376 3.192703068256378 150.0178799778223 8.525224797427654 9.65175449848175 119.6425727978349 241.4089536517859 1.937234193086624 740.0809193849564 202.0640993788838 0.09205300360918045 14.81947154551744 28.6863469928503 549.1730341613293 3676.977424941957 2799.472258575261 0.638907715678215 70.7365255355835 18.99511301517487 183.7697913050652 6.14013334363699 221.6495825946331 22.45677538961172 131.3491762429476 30.34523937851191 57.03331892192364 2.91412565857172 0.8818032741546631 2.602874100208282 0.3166200518608093 0.1107283756136894 0 1.839286714792252 0 0.2634854465723038 14.34270944446325 0.2942231297492981 8.481964468955994 1.451731152832508 0 0 0.1537193208932877 0.086752749979496 0 1.370103739202023 0 0 0.0949869304895401 0.3914763033390045 0.09550470113754272 0 0.5449383854866028 36.86204490810633 0 0.08197572827339172 3.009143173694611 27.02519953995943 0.4026432484388351 0.1961909085512161 0 0 0 0 0.6715644001960754 2.591378726065159 0 1.092791192233562 0.1321840733289719 0 0.4822671711444855 0 0
0 2.575248554348946 0 51.56725205481052 1085.40599116683 317.4265994876623 13.07486088573933 2.813310176134109 1251.959095865488 20.07332764565945 0.2685239613056183 554.7064448297024 0 0.1226579174399376 387.0114514380693 0.3064654767513275 0 0 0 61.65209069103003 0.8263037130236626 11.64788442105055 0.8295348733663559 701.5818979218602 0.4530567452311516 0.3565783277153969 6.960296250879765 38.84702046960592 7.909715980291367 0 0 121.7247952520847 0.3139913380146027 15.10015898942947 1.256935477256775 141.7094514667988 0.4724507853388786 10.02247244119644 6.707825660705566 832.6167612671852 106.2192473262548 0 0.844998300075531 0 0 0 24.571004524827 0 0.1829420626163483 5.477283746004105 0.927477240562439 33.43787904083729 38.25907319784164 0 51.36478862166405 0 0 0.6915774047374725 0 0 0 0 28.39472054690123 0.1276866644620895 0 0 17.82944564521313 0 0 0.142048180103302 12.09208896011114 0 0 0 0 0 0 0 0.5588604807853699 0 0 0 18.20819100737572 0 0 0
0.7496999502182007 7.252858318388462 12.62423388659954 0.5917902588844299 0 5.044488206505775 21.13613416999578 4.358608245849609 165.3977592587471 5.415097087621689 0.7743953168392181 0.2138195931911469 0.8324809223413467 3.192703068256378 0.3064654767513275 2126.413875333965 88.12386231124401 1.263599708676338 12.93711964040995 0.1569276005029678 776.693397320807 1962.974125154316 4442.248504959047 2988.142624624074 0.5103184208273888 1.703109309077263 1282.561037041247 340.1377931982279 16.91075126081705 102.9459426552057 0 0.392304927110672 6.573959767818451 95.75230292230844 20.46355860680342 908.0069069117308 304.1620238646865 521.5555911660194 650.245497174561 28.43303647637367 5.448014512658119 0.8473246991634369 5.468926973640919 2.639709293842316 0.5802275761961937 6.699369490146637 0 0 0.8143873736262321 14.39864134788513 2.229558572173119 38.91837064176798 0.5391529127955437 0.3768611997365952 0.199272558093071 0 4.633745655417442 0 1168.9626044631 0.5869778394699097 0 0 0.1125514358282089 211.0052145048976 768.475200779736 1510.821535877883 87.33884603530169 0 0.3464879393577576 539.1177904829383 118.3878371864557 9.297694213688374 7.610522516071796 0 0.2929640859365463 0.535228043794632 3.699454516172409 4.379405125975609 71.35514785349369 26.77511496841908 24.62265275418758 33.72320490330458 3.852910041809082 0.1520630866289139 0 0.2356155812740326
41.6322665810585 591.4036727920175 6811.163041338325 0.09465975314378738 0.5171194300055504 16.06232013553381 34.66416472941637 141.8872617334127 6.73873196542263 1.838750258088112 90.54204183071852 0.6704894974827766 1.464734606444836 150.0178799778223 0 88.12386231124401 406.7968961745501 194.538559101522 1665.272416688502 0.5899248346686363 520.5098094493151 64.16069999337196 2843.42805532366 65.67963118106127 5.076933830976486 3009.307225927711 5064.676428131759 32.80315321683884 653.5199271589518 363.2512182220817 0.3549049124121666 4.719440914690495 217.2464434951544 1314.699935309589 5.810521721839905 126.0841656625271 69.59923036396503 503.1228718683124 132.0743136107922 2.601852267980576 1.516445614397526 0 0.8600290864706039 0.3549397885799408 48.47873470187187 53.52333394438028 0 0 0 1.670530155301094 0.1154293417930603 0.2229116410017014 0 0 0 0.4201128631830215 0.9785540178418159 0 9.974170953035355 17.94782081991434 0.414279893040657 25.45556789636612 0 1.728845521807671 7.197770044207573 23.95717221498489 2.41335391998291 0.2226170897483826 125.7035285905004 325.536972604692 1.887421824038029 0.456650048494339 3.068821676075459 0.1122067123651505 0 0 3.502831928431988 0.1161319017410278 11.97885221987963 14.69662676751614 10.52979609370232 5.129729129374027 0 0 0 0
0.5925957560539246 9.921080499887466 40.19574598222971 0.9051422402262688 12.22738016396761 13.08424354344606 23.37893492728472 7.446367509663105 1.82186621427536 31.10089509189129 3288.612457185984 18.56665030866861 186.0923578515649 8.525224797427654 0 1.263599708676338 194.538559101522 194.4507699385285 921.6328795701265 12.24082558602095 4.777969136834145 3.14762132614851 31.41657670587301 9.571687512099743 174.1498364061117 4053.055555194616 886.9621820300817 4.424875810742378 43.48099569231272 2.782387800514698 101.8868755251169 28.81701339036226 1.107099980115891 1574.936394371092 4.412741154432297 367.0454970747232 1405.501433886588 1564.298024334013 246.1034209653735 9.217535950243473 4.875558346509933 54.68933449685574 2.926008895039558 0 24.68732112646103 1.130747444927692 0.1084862574934959 0 0.2582584097981453 0.4461569860577583 0.4722276106476784 0.9646381288766861 0.3601594790816307 28.58005817234516 0.2569782137870789 84.61875282227993 0.3898292854428291 0 0.4471584558486938 1.460260316729546 33.30524255335331 19.25314448773861 0.17500901222229 0 0.7429948449134827 0.3341257646679878 2.121349565684795 28.96094725281 161.3035962954164 286.1681523099542 1.954388611018658 0.7548737674951553 0.2746720314025879 32.12540689855814 0.4227712973952293 0 5.514780789613724 0.6765031069517136 12.40108377486467 39.11686231940985 22.80164280533791 1.653872966766357 0.5690857246518135 0.1684024333953857 3.960400946438313 0.4368988573551178
1.49401993304491 61.50974792987108 579.726973734796 0.4365937113761902 6.29938679933548 6.438488632440567 22.3234745413065 8.91883173584938 1.814388744533062 14.20266860723495 632.6720791086555 9.338345617055893 6.066353850066662 9.65175449848175 0 12.93711964040995 1665.272416688502 921.6328795701265 816.7215344831347 6.371406972408295 38.03341101109982 8.263827234506607 307.9380897432566 11.78183169662952 8.322375223040581 4294.367524348199 1514.873296357691 5.010612323880196 70.53931130468845 16.5519331023097 3.852905385196209 11.03409256786108 14.5422549918294 2438.762349367142 4.224532954394817 422.6816108748317 707.8621565103531 1067.576265074313 190.0104058980942 10.58803883194923 0.9665583819150925 0.9788743257522583 1.418244510889053 0.2444821894168854 52.4756079018116 9.298479467630386 0 0 0.08032654970884323 0.7779150456190109 0 0.956989087164402 0 0.5669449865818024 0 4.793868191540241 0.2514413297176361 0 1.283082827925682 5.737670101225376 6.474620819091797 60.46050577610731 0 0.1912911906838417 0.8889155760407448 4.581483773887157 1.534666858613491 4.264566652476788 264.2547250688076 305.9716635644436 1.08876084536314 0.4975357353687286 2.182498902082443 2.02166785299778 0 0 3.942201696336269 0.846951425075531 19.52466697245836 31.79462177306414 14.12536399811506 5.59207821637392 0.1683154404163361 0 0.6919355839490891 0
1.632129780948162 0.2154194340109825 1.019743353128433 1294.922035135329 15.12974686920643 592.4849306121469 50.32349400222301 407.4668278023601 661.9385313689709 2277.666224941611 49.87768411636353 2790.974687919021 8.340009041130543 119.6425727978349 61.65209069103003 0.1569276005029678 0.5899248346686363 12.24082558602095 6.371406972408295 354.4103476256132 3.940537385642529 0.5760551542043686 2.654278881847858 421.0961821898818 3.662041425704956 14.79138550907373 11.09366625547409 1319.474398866296 377.9048482775688 2.364997215569019 1.059667304158211 56.63194381445646 3.186157658696175 164.6016256734729 8.496151208877563 289.6986178904772 18.82586842775345 299.796951726079 78.65308216959238 190.4072080999613 27.76721649616957 3.895808555185795 3.989164792001247 0 0.1349736601114273 0 151.0181441307068 0.3936859369277954 26.57664465159178 55.84592825174332 3.516028940677643 148.0726497247815 321.5583751648664 0 126.3331882208586 0 0.8231007754802704 5.105874612927437 0.2181936725974083 0 0.5582387447357178 0.09891426563262939 228.3264241889119 0.1869123727083206 0.4032068476080894 0.5802960097789764 296.3773340880871 0.09544742852449417 0.5917415916919708 2.937629267573357 187.8925816640258 0.3031747415661812 0 0.07837322354316711 0 0 0.7590838670730591 0.1131007224321365 3.501829370856285 0 1.929042890667915 0.125599592924118 24.12207276374102 1.418826460838318 0 0
44.95226811617613 6.153024435043335 219.2744782045484 7.885680362582207 1.366228081285954 367.8171552792192 1063.921130381525 514.5899436101317 138.5975303426385 151.2211041525006 6.475490771234035 0.3878993541002274 1.98061928153038 241.4089536517859 0.8263037130236626 776.693397320807 520.5098094493151 4.777969136834145 38.03341101109982 3.940537385642529 13236.02366767824 482.5749514773488 10299.69158711284 1010.546668879688 0.9910382702946663 8.901725858449936 665.9166025444865 6183.418425731361 388.5590491145849 10669.25126665086 0.0732959657907486 5.117600560188293 58.42821460217237 2396.411128759384 62.37972395122051 1453.723945647478 177.9114859849215 2069.988435037434 1323.713768362999 36.75722946226597 22.69180253148079 0.7154494822025299 14.63403861224651 2.890586525201797 1.087016999721527 3.3781778216362 2.116234421730042 0 0.6985879465937614 25.98613802343607 5.300706140697002 61.68139864504337 4.308715432882309 0.2510270476341248 0.1643483936786652 0 5.471017934381962 0 269.5909834504128 0.2897989451885223 0 0 1.845832519233227 152.4146263673902 139.2294714823365 208.3827601671219 136.2557402774692 0 0.3710669353604317 49.05363269895315 167.6918983906507 7.68852423876524 8.527514792978764 0 0 0.2222445160150528 1.880668826401234 5.432881534099579 34.01862056553364 3.48839382827282 4.799259692430496 5.322285868227482 2.462960161268711 0.3942976891994476 0 0
0.5945024713873863 1410.505836136639 156.2953533381224 0.516644299030304 0.6363348588347435 1.356780759990215 4.250102587044239 2.296586826443672 1272.64069544524 0.7656687647104263 22.44093243032694 2.691907249391079 44.5412123054266 1.937234193086624 11.64788442105055 1962.974125154316 64.16069999337196 3.14762132614851 8.263827234506607 0.5760551542043686 482.5749514773488 330.3172691613436 1215.693424642086 4165.11263345927 457.8030139505863 149.2467911690474 3914.835840880871 33.52061761915684 22.2844662964344 72.37811906635761 1.839013397693634 0.2387661710381508 13.73006857931614 104.4422695562243 14.92140454053879 1254.652799800038 627.727964155376 631.2267521545291 542.3832347095013 33.97112753987312 7.148805528879166 6.690522752702236 11.68672217428684 0.9397872537374496 23.17860213667154 57.33804951608181 1.014006897807121 0 0.7413950860500336 7.569957450032234 0.9051093980669975 12.42529410123825 1.409874185919762 0 0 2.43071199208498 0.7207999676465988 0 1243.273978166282 3.468840979039669 0.3205549120903015 0.6382524073123932 0.1383467316627502 149.9570676758885 164.5847549065948 878.8849780410528 42.93397931009531 0.8933763951063156 7.791573621332645 1950.050180405378 45.0051489546895 1.633141882717609 1.455128744244576 0.3110834434628487 0 0 3.260448709130287 2.509849540889263 52.31070627272129 26.0208932608366 21.81892008334398 24.26978801935911 0.5194311887025833 0.285408616065979 0.3271804749965668 0
149.8660161495209 29.96778557449579 9048.024686031044 3.703914240002632 1.670161969959736 200.7883966565132 594.5178451165557 866.7078080177307 48.26076620072126 64.40223059058189 23.64156647026539 0.9369434714317322 6.139385424554348 740.0809193849564 0.8295348733663559 4442.248504959047 2843.42805532366 31.41657670587301 307.9380897432566 2.654278881847858 10299.69158711284 1215.693424642086 13758.87571757287 1120.675736919045 0.4924386590719223 331.7027006521821 11803.74245241284 1912.603045217693 1306.850338086486 5490.977979905903 0.5300490036606789 16.92907081544399 174.3748979344964 3305.11889833957 95.24392607808113 4214.458757482469 2552.585689410567 6665.634370617568 5169.776529408991 213.0981408432126 84.35589545220137 5.981059648096561 41.60877469927073 1.878804974257946 6.803012549877167 129.7281198576093 1.639188587665558 0 1.76078288257122 17.62933986634016 3.990119650959969 25.47017540037632 1.911579519510269 0.1376261115074158 0 0.08597289025783539 4.599193900823593 0.2616702392697334 1148.658535785973 2.368490599095821 0 0.2353616654872894 0.6456834003329277 123.907739251852 490.4465483874083 2434.772262342274 63.46073137968779 0.6114304438233376 2.917466528713703 1689.811848424375 78.87171570211649 4.347289443016052 9.592339597642422 0 0 0 6.979972414672375 14.09460201859474 103.1186774745584 39.6887448579073 48.06181719899178 63.41118697822094 5.669505178928375 0.3273903727531433 0 0
32.7389815300703 522.6820672154427 97.45233511924744 1311.931524679065 41.62154741585255 568.1286163330078 3618.753720983863 348.9654415249825 5812.802761286497 1133.341063335538 33.25802636891603 182.288459777832 16.37051705271006 202.0640993788838 701.5818979218602 2988.142624624074 65.67963118106127 9.571687512099743 11.78183169662952 421.0961821898818 1010.546668879688 4165.11263345927 1120.675736919045 5719.840519368649 84.33548005670309 84.11225410550833 3919.99584749341 9906.446611486375 1177.717708744109 1306.878557138145 0.7887755781412125 34.4610790014267 138.6676404178143 380.4014136269689 96.94861976802349 3832.283491149545 358.5379393324256 902.866651006043 725.8764670938253 314.6318416073918 96.27706783264875 4.758036106824875 25.36439154297113 9.746427588164806 17.92982681840658 18.01511601358652 168.4783126935363 0 36.20591142773628 518.3478605672717 25.45121114701033 846.0322854444385 308.6189523860812 2.458979792892933 73.42085697501898 0.2236836850643158 27.71740806847811 4.624361447989941 135.4361801147461 2.812368914484978 0.5773999392986298 0.9532728493213654 162.0623436570168 117.1748414337635 76.17302788048983 68.79959809780121 1893.235061071813 0.5949416756629944 8.679251968860626 146.0920085459948 1440.715211123228 32.78551048785448 57.00983939319849 0.07329408824443817 2.033883027732372 3.341577731072903 9.345124691724777 12.68435353785753 140.7849164307117 4.920037433505058 51.16459161788225 19.87844833731651 44.28026346862316 13.91868889331818 0 1.774881571531296
0 1431.080829933286 1.895982921123505 3.377177536487579 1.425920881330967 5.253730148077011 0.7262890189886093 0.7039555162191391 61.92457639425993 5.122422084212303 1165.55949870497 1.768803827464581 4124.661041893065 0.09205300360918045 0.4530567452311516 0.5103184208273888 5.076933830976486 174.1498364061117 8.322375223040581 3.662041425704956 0.9910382702946663 457.8030139505863 0.4924386590719223 84.33548005670309 351.7690441757441 1822.20356682688 5580.611905045807 0.6323712840676308 3.064444683492184 0.5130073353648186 719.2341491281986 2.962583750486374 0 214.9449964165688 7.800719454884529 350.4670539796352 339.0265556648374 742.5742102339864 202.44277985394 13.12077267467976 64.57028289139271 449.2611437514424 12.98778772354126 0.5819425359368324 115.2366528213024 0.08544294536113739 1.049695372581482 0 2.692491367459297 1.241994559764862 3.383809112012386 0.7342465743422508 2.63002997636795 572.3030445501208 7.607995495200157 2105.720982208848 3.70984411239624 0.1157313212752342 0 0.1357007473707199 128.8764700591564 22.3738124743104 0.4216380640864372 1.185683846473694 6.174340769648552 0.6911825686693192 4.046916589140892 159.0748568847775 390.9945875406265 1453.805255569518 4.221053935587406 3.072127982974052 2.737609162926674 214.3613245338202 2.045307300984859 0 51.0025889351964 1.677464932203293 438.6826983764768 129.4402277618647 430.0199650377035 29.32175619900227 191.1923376768827 3.404048725962639 88.80730295181274 0.2790211364626884
1.003269359469414 555.1201781481504 5658.524976596236 1.793171428143978 14.48177325725555 21.85540147870779 38.32585561275482 25.24361348152161 44.53592577576637 41.20543950796127 3492.74818533659 19.60136510431767 446.4148806408048 14.81947154551744 0.3565783277153969 1.703109309077263 3009.307225927711 4053.055555194616 4294.367524348199 14.79138550907373 8.901725858449936 149.2467911690474 331.7027006521821 84.11225410550833 1822.20356682688 15410.02338880301 10682.16250454634 8.106089688837528 73.72423865646124 34.85693718492985 190.1952607408166 29.26745945960283 3.250918731093407 1730.573418304324 21.81620351970196 1626.20116584748 6299.910244181752 3837.122269339859 728.2718029841781 32.06474167108536 13.77830372750759 146.0248995497823 7.410200737416744 1.280764736235142 933.266819730401 112.2694132104516 0.3905384093523026 0 1.496132731437683 4.1195934638381 2.826586030423641 2.304275885224342 2.310860350728035 173.2287973314524 1.325881265103817 527.2680993676186 5.400031268596649 0 0.6681752651929855 47.63850723206997 258.6898908615112 458.1796509325504 0.1703685894608498 2.097736373543739 10.53605049103498 14.20673054456711 11.27064687758684 341.0937748923898 2734.178014867008 4458.478866092861 5.383304141461849 5.444078728556633 13.93702728301287 189.8706433326006 0.7537986189126968 0.2931333482265472 64.02438975870609 3.621232382953167 114.6526764556766 387.0611596256495 209.2038467675447 47.54956924915314 1.39716412127018 0.4110258519649506 23.04845299571753 1.179937243461609
3.32532699406147 3977.668623752892 4292.628393039107 4.952056586742401 9.04766409099102 56.51442935317755 178.5264992043376 64.20271391421556 680.8258512541652 55.39759404212236 1463.324229046702 16.59659575670958 3259.908095747232 28.6863469928503 6.960296250879765 1282.561037041247 5064.676428131759 886.9621820300817 1514.873296357691 11.09366625547409 665.9166025444865 3914.835840880871 11803.74245241284 3919.99584749341 5580.611905045807 10682.16250454634 21843.08192414045 537.9874713346362 97.2557874545455 270.4868268668652 470.3668352141976 24.73630712926388 8.887022092938423 3555.581023767591 93.28098195791245 4528.906155318022 6530.619812302291 9856.305367231369 2638.189200073481 218.3110209554434 45.90603674203157 89.62658998370171 35.67128147929907 8.019501850008965 2592.955922782421 1363.638826437294 1.340975135564804 0 4.949664011597633 46.38152401149273 12.5833470672369 26.41189788281918 3.386021800339222 89.89332219958305 0.7070982158184052 307.4762243032455 30.51074314117432 0.1196302250027657 667.5837908163667 167.4618357643485 163.0397647172213 399.5604490190744 0.1811112612485886 59.9628504961729 1681.923883982003 1644.599936760962 82.24487666785717 348.7283050566912 2432.029159963131 12928.96149420738 100.0820345133543 11.38176798075438 57.20619931071997 139.254496447742 0.6201591193675995 1.210847824811935 89.78840624541044 20.30204259604216 263.5347842127085 394.7795848697424 329.6946893334389 116.8018667921424 2.242349565029144 1.906117118895054 18.01303393393755 1.818412236869335
105.4655356407166 0.6532275453209877 82.20331317931414 2012.189432173967 4.530799455940723 979.3124718889594 13593.70123040676 1020.117731101811 730.5465496778488 5138.338892608881 15.69071549922228 238.1622862517834 8.693648301064968 549.1730341613293 38.84702046960592 340.1377931982279 32.80315321683884 4.424875810742378 5.010612323880196 1319.474398866296 6183.418425731361 33.52061761915684 1912.603045217693 9906.446611486375 0.6323712840676308 8.106089688837528 537.9874713346362 10751.22549401969 1021.28169837594 9425.973584964871 0.2913121283054352 22.6855885386467 193.4991502165794 535.6308275014162 128.8211642950773 2634.775103062391 104.1429065987468 1071.589467003942 929.3925969153643 66.34742511063814 38.51710966229439 1.012467697262764 26.64638032019138 6.790783263742924 0.421941451728344 1.601238720118999 74.25137355178595 0.1146102622151375 19.73340344429016 609.7209289744496 16.88325080275536 418.093267723918 158.8446481004357 1.911940678954124 37.86794478446245 0 20.36966876685619 1.255328834056854 65.30094933509827 0 0.2540626972913742 0.293713852763176 92.0863568931818 61.26841255277395 21.72190032154322 26.09015769511461 1339.609870061278 0 0.6482007429003716 24.8406305834651 1315.332985810935 25.16706249862909 57.41332709789276 0.1045948639512062 3.656777240335941 1.855400793254375 6.568218767642975 14.60705637931824 88.92895462363958 3.140078991651535 38.60486721992493 18.76197677105665 43.04051111638546 14.56887324154377 0 3.69523549079895
2105.733159914613 3.816373437643051 236.7746854946017 175.1019334197044 29.32228708267212 179.8590774536133 1520.744928225875 844.8499797359109 111.8175255954266 1458.151530764997 286.3252362757921 323.7504193112254 11.78527434915304 3676.977424941957 7.909715980291367 16.91075126081705 653.5199271589518 43.48099569231272 70.53931130468845 377.9048482775688 388.5590491145849 22.2844662964344 1306.850338086486 1177.717708744109 3.064444683492184 73.72423865646124 97.2557874545455 1021.28169837594 10420.78431449085 4352.485678963363 1.831325873732567 272.2447692528367 861.4959962964058 1606.866604611278 53.04103223234415 978.1836756244302 214.7099125161767 1251.958626121283 302.8302807733417 169.0727522522211 39.1843983605504 1.307175189256668 12.57300959527493 0.8123511373996735 0.3912964314222336 0.3634297698736191 6.414167307317257 0 3.9947360008955 85.83452695608139 2.47819097340107 64.92974405735731 6.712085112929344 0.1777855753898621 1.127340644598007 0.1578905284404755 4.222673699259758 0.1275762021541595 5.978737585246563 0 0.08372685313224792 0.3487956896424294 3.148955881595612 7.429261654615402 2.44585408270359 7.780263833701611 180.0606236830354 0 3.317863792181015 7.150386497378349 176.3256778419018 3.572320595383644 4.34387631714344 0 0.5707826316356659 0.9603410214185715 1.507555767893791 4.753479316830635 20.73262177407742 1.283712461590767 5.233803972601891 4.097681023180485 7.294841095805168 0.2920699119567871 0 0
