874.9648973047733 0.1496672034263611 223.3722950741649 3.519022040069103 0 13.8375426158309 2508.974138498306 970.3931785523891 1.449691094458103 126.938297919929 17.18316873162985 1.623990945518017 4.074767999351025 7635.424980521202 0 0.4198660105466843 78.4808279722929 3.476483069360256 8.164006747305393 7.441241800785065 60.47294124215841 0 243.0361207872629 27.58274552971125 0.3351034894585609 29.92773549258709 7.41759217530489 67.49838769435883 3491.432794339955 5118.110860407352 1.104107774794102 6.869963377714157 10.91629206389189 51.51610778272152 0.7024337649345398 41.89526411890984 5.151812486350536 46.60007417201996 16.68361980468035 3.596070311963558 2.775192141532898 2.576509743928909 0.1251540929079056 0 0.1170292571187019 0.2394356280565262 0.181883230805397 0 0 2.601189695298672 0.193320706486702 0.4910968244075775 0 0 0 0.09634211659431458 0 0.1556010842323303 0.1165577173233032 0.4214652478694916 0 0 0 0 0 0.5137371122837067 2.352795675396919 0.1124449819326401 0.3988771438598633 2.759274050593376 5.565628260374069 0 0.3522245138883591 0 0 0 0 0 0.7362248301506042 0 0.3589591681957245 0.1222394481301308 0 0 0.1228014901280403 0
0.1496672034263611 320.0418859869242 91.36553431302309 0 0.9520195499062538 0.4917687624692917 6.456507533788681 2.110429018735886 1014.844132557511 0.4057722166180611 269.9179694205523 0.1347905099391937 752.3332505524158 0.6127046644687653 15.67432258278131 161.8072868958116 29.28496260941029 7.910445220768452 26.55031369626522 0.1391865164041519 10.56344024837017 2935.632594555616 16.72536807507277 1393.074147030711 2509.115412965417 278.8170070946217 7159.40769687295 44.37765648216009 2.128586977720261 2.590885281562805 40.101757183671 0.1320976167917252 0.1134917736053467 37.58769938349724 0.6157274693250656 37.27409614622593 297.4657337367535 87.56727353483438 16.03548497706652 21.596396304667 0.3787818253040314 222.9165030866861 0 0.4264679700136185 177.3794987276196 169.7581912502646 0.1505120843648911 0 0.4099432677030563 12.91528595983982 5.215529456734657 6.350279308855534 1.946552902460098 8.558087721467018 0 119.8125956952572 8.490781612694263 0.2509451881051064 3.512295439839363 157.5552482977509 16.395926900208 125.8257844820619 0 5.066713035106659 19.98246326297522 25.22883956879377 7.636741444468498 164.567865498364 703.831564694643 2563.157279714942 6.864027246832848 2.005897745490074 5.823963493108749 11.20410001277924 0 0 21.40879928320646 0.3179191052913666 138.1540444493294 120.045836403966 103.3522663265467 40.48660403490067 3.502803266048431 0 3.55428446829319 0.8370986729860306
223.3722950741649 91.36553431302309 11879.10535912961 6.354554407298565 0 34.04593774676323 1054.845438271761 2705.743516840041 11.54645946621895 121.9952657148242 53.10115987807512 3.114890106022358 34.69560745358467 1457.76397805661 0.1377265751361847 11.85497049987316 9297.877955794334 21.78648106008768 608.6692653894424 1.932767078280449 235.7661224082112 50.5524920001626 10566.18581576645 234.2594287768006 3.998486831784248 9408.563792943954 13328.98545726389 198.119829043746 766.8414400145411 1418.62746424228 5.754773870110512 4.815751411020756 39.60688107460737 1591.608112990856 48.50244980305433 1922.997152879834 6101.636675693095 2536.133849970996 896.1884215921164 49.18139995634556 3.784314215183258 26.8084065541625 13.99778452515602 0.3178978785872459 218.7470994144678 2327.462454900146 0.5012154579162598 0 0.5108461156487465 47.34671995043755 11.23398306965828 6.264868356287479 6.504998981952667 5.862276621162891 0.1048034951090813 36.88645142316818 13.42222374677658 0 27.94245085120201 280.9576874673367 21.53335879743099 119.8037247434258 0 20.19687303900719 133.4931003153324 784.1973206400871 19.0656680688262 29.66605070978403 640.8450491279364 4626.68153744936 34.11063811928034 2.649849727749825 15.32971780002117 7.766089200973511 0 0.1403215676546097 50.24230218678713 6.229560874402523 350.1819230094552 370.9086881503463 190.1326303556561 88.71869306266308 9.756819725036621 0.8668981045484543 2.407572075724602 1.601233422756195
3.519022040069103 0 6.354554407298565 3995.611628107727 9.652094110846519 148.8413229063153 125.357384480536 142.4861081689596 1418.805913157761 4936.9591037184 10.52122370153666 1711.382752858102 14.01514969021082 54.85785345733166 212.4705867320299 0.8674938827753067 0.3853286728262901 1.212171539664268 1.19207014888525 9795.581314139068 0.6834894046187401 0.8657366633415222 3.163191355764866 2120.150085069239 0.08104664087295532 4.805993594229221 2.425274163484573 4162.336562640965 148.7731603756547 5.412545815110207 0.5200754180550575 4.06380957365036 5.88159903138876 41.72068364173174 3.877849087119102 417.6087455675006 1.595044031739235 129.8145328238606 41.14697598665953 332.6553548052907 7.151508025825024 2.226285710930824 2.642117492854595 0.14805006980896 0.4735274761915207 0.1763803362846375 456.0640194118023 0 36.59856030344963 166.5348896980286 52.70023018866777 291.9099076315761 446.3072039037943 3.057642586529255 222.900508210063 0 23.47318726032972 7.532287180423737 1.301633551716805 0.18499755859375 0 0 375.0420184209943 2.330076657235622 2.53787200152874 0.6868581920862198 353.4780106619 4.298147290945053 0.4093370139598846 1.029615864157677 576.9076427966356 4.141616135835648 6.474095478653908 0 0.6021581739187241 0.2388705015182495 10.49733586609364 1.278231993317604 90.90259683132172 0.7326294854283333 21.84806826710701 2.920266583561897 70.65631230175495 1.616005420684814 0.6932872533798218 0.4682163000106812
0 0.9520195499062538 0 9.652094110846519 40.57152201235294 150.1713500320911 0 3.932735100388527 102.4448425322771 1.468015976250172 0 126.5753900334239 0.1581255495548248 9.111624583601952 1401.742398634553 0 0 0.1843590438365936 0 13.65276407450438 0 2.105695590376854 0 33.59665534645319 0 0 1.945113271474838 2.016544044017792 33.00909222662449 0.3332766890525818 0.2557531595230103 633.6902935653925 0 36.05798986554146 0 9.643882900476456 0 10.23440679907799 0.8733411431312561 985.2653093636036 3.44849419593811 0 0.3341057896614075 0 0 0 0 0 0.1371293663978577 0 0 0 0.642763152718544 0 0.1498153954744339 0 0 0 0 0 0 0 0 0 0 0 0.2495291382074356 0 0 0 0.1859574019908905 0 0 0 0 0 0 0 1.157123565673828 0 0 0 0 0 0 0
13.8375426158309 0.4917687624692917 34.04593774676323 148.8413229063153 150.1713500320911 11905.22025432438 847.0786579176784 9255.67469907552 48.54038901627064 6499.369395598769 86.54093517363071 6553.634259223938 74.96691051870584 916.5348176211119 2387.453408896923 0.221957191824913 5.086738049983978 13.52149788290262 3.343898132443428 738.7401799634099 4.219416916370392 0.2760363295674324 17.82821517437696 168.2714882493019 1.427266515791416 25.1555398479104 8.392291113734245 215.4466739594936 1047.232766099274 24.29492620378733 5.200606465339661 1848.802319072187 3.531097434461117 231.5836768075824 10.26763774454594 942.2888999208808 11.52035090327263 604.2757536545396 215.1325211003423 4719.007532708347 336.5095084086061 44.1910091266036 16.2340047955513 0.2167432010173798 0.2295951545238495 0.1148648634552956 10.48100366443396 0 1.117257036268711 87.26102796196938 9.792158171534538 11.91885528713465 26.99003464728594 0.8109424784779549 23.93628666549921 0.08909022063016891 7.189107395708561 0 1.210447520017624 0.1742307394742966 0 0 15.23728673905134 1.419425070285797 0.3669046983122826 1.032192081212997 26.18911708146334 0.6817710101604462 0.3286933079361916 2.316208206117153 84.59649939835072 1.218781344592571 1.308929100632668 0.1069289073348045 0.2688928246498108 0.1419882476329803 3.577524840831757 1.132155194878578 14.56730096787214 4.388838872313499 8.019242033362389 4.065952099859715 12.11152949184179 1.20716830343008 2.877151437103748 0.1288381218910217
2508.974138498306 6.456507533788681 1054.845438271761 125.357384480536 0 847.0786579176784 22040.4732612595 9504.456718713045 1078.037947848439 12677.53464508057 29.10621627420187 51.63501669466496 9.041413180530071 6894.048939622939 5.738612458109856 55.42822678387165 29.74737370759249 5.166027575731277 5.352726794779301 58.36261735111475 586.7916058674455 17.45832191407681 2105.458138309419 3802.560293726623 0.5717384517192841 163.5803842917085 537.5970219150186 23898.79905223101 1515.064089260995 6043.514025703073 1.309733681380749 5.909555502235889 124.2725421339273 200.2219064235687 18.41305712610483 645.3081706389785 59.81944448500872 540.9107544347644 222.7306164950132 23.08164271712303 18.17343612760305 2.399177230894566 8.658025205135345 0.3369744420051575 5.312725841999054 8.99983936548233 42.43997860699892 0 15.12353669852018 215.7621683478355 87.45880600064993 173.8383136987686 111.8840289115906 3.572780914604664 82.46476347744465 0.6703450232744217 36.42889057099819 5.069129168987274 14.69508762657642 2.398394845426083 0.9512877687811852 0.2788186818361282 78.67258233577013 3.91466198861599 9.825943298637867 16.67632459849119 289.3326179012656 1.19768875092268 6.272909380495548 59.30979604274035 693.9151462838054 11.03445634245872 7.607006743550301 0 1.269515708088875 0.2820282578468323 15.7241473197937 0.7914338707923889 61.59115769714117 5.380484059453011 31.17330984771252 7.876603290438652 35.96015173196793 5.315948933362961 2.524991184473038 0.9581033289432526
970.3931785523891 2.110429018735886 2705.743516840041 142.4861081689596 3.932735100388527 9255.67469907552 9504.456718713045 15888.73555590957 151.7561603114009 5247.475425310433 111.6364612057805 874.3589374944568 110.2541167810559 11069.05904924124 183.875731356442 10.86188619583845 874.5533149540424 18.62912656366825 92.75130032002926 714.6007970497012 414.3149781897664 4.95262985676527 1764.131812244654 1745.834789633751 0.5799690783023834 575.3490629866719 164.5280333608389 1630.699922651052 1203.848400436342 3072.356257431209 4.256146132946014 2015.84427125752 29.22263028472662 523.9164792522788 13.23532067239285 995.0830144360662 57.76132962107658 761.7033548802137 268.2284419760108 1439.866333894432 247.6337770447135 65.65292616933584 16.59184878319502 0 2.976910509169102 16.11810377985239 45.64260583370924 0 15.84313819557428 913.4514602348208 113.4658774137497 111.6550606191158 147.4357406497002 8.847149603068829 99.03712289780378 1.938354901969433 60.51179769635201 3.729393720626831 11.63727001100779 3.081809744238853 0.2518126368522644 0.775159165263176 101.1017174869776 18.52500761300325 9.415321312844753 15.17840216308832 312.5718395933509 0.09056675434112549 13.12819886952639 61.85227446258068 945.1888283193111 16.94064386188984 58.45476889610291 0.9270687699317932 1.899972721934319 0.3149283304810524 26.67965692281723 1.556634187698364 82.75484106689692 6.709396295249462 48.58249162137508 14.34347641468048 95.6307478249073 6.093124687671661 4.769691422581673 0.9398912489414215
1.449691094458103 1014.844132557511 11.54645946621895 1418.805913157761 102.4448425322771 48.54038901627064 1078.037947848439 151.7561603114009 2742.725268743932 263.9130132421851 7.890671357512474 294.5132445693016 11.53283657133579 19.18709918111563 1062.98681434989 52.92693158239126 8.17275332659483 1.02589076757431 3.248383142054081 363.9603079557419 42.03388478606939 3645.202155023813 62.84633982926607 9938.32964129746 134.9904802516103 28.87338548153639 1692.171122342348 1738.753948546946 94.03685188293457 177.4427242651582 4.626979351043701 13.43978716433048 24.12111100554466 29.52919755876064 5.37138706445694 358.7714929878712 29.9784336835146 72.43131924420595 33.68530851602554 1133.060294978321 6.513875655829906 2.775280870497227 1.709759101271629 2.534955926239491 13.16803476214409 6.042990103363991 247.0212495401502 0.8685841038823128 31.5529448762536 210.720344260335 90.1302042901516 473.5310115069151 306.5099522098899 4.783295512199402 135.514204017818 8.033367730677128 51.94004538655281 12.26360499858856 40.51965272426605 2.914752930402756 0.3365624994039536 2.631366558372974 189.7586293891072 44.76200078427792 43.42035435885191 22.6225850880146 1367.894717685878 6.944109812378883 11.38556165248156 57.4504299685359 1452.734975934029 48.24271916598082 103.0011703744531 0.9071310982108116 1.323406055569649 4.194208458065987 17.28268693387508 2.979017212986946 177.0526136755943 5.73277373611927 42.82803830504417 13.52874433249235 121.3800835758448 3.448554903268814 2.776592120528221 1.758109956979752
126.938297919929 0.4057722166180611 121.9952657148242 4936.9591037184 1.468015976250172 6499.369395598769 12677.53464508057 5247.475425310433 263.9130132421851 30105.3649950102 227.04967674613 4238.908168785274 73.61034727096558 1326.846104875207 30.6409417912364 6.154991962015629 7.348028957843781 57.39225021004677 18.28214817494154 5411.101016789675 22.03051613271236 0.8859464228153229 109.1319326534867 1222.305711492896 4.934454426169395 85.95381738990545 43.3491497784853 5858.351166114211 2639.852884709835 76.17026331275702 13.90724589675665 40.93132017552853 57.98142808675766 741.79758246243 54.5825110077858 2020.817844517529 32.67442928999662 1678.925122544169 504.8805895224214 156.8431439399719 94.86833990365267 27.43953908234835 16.04373390227556 0.4487723708152771 2.101770147681236 1.334908075630665 248.7742359936237 0.160351425409317 37.78396356105804 509.1422284990549 155.5431302636862 122.9883271604776 459.5144704654813 6.619703307747841 331.1663924455643 2.035248681902885 68.11497959494591 4.256022997200489 3.84705862402916 0.4136598259210587 1.926705121994019 0.09096970409154892 340.6145460382104 4.47997210919857 4.807365745306015 3.811964429914951 372.5299270749092 2.360268615186214 4.403075814247131 14.27558688819408 1016.233141392469 15.5553410127759 11.7912567704916 0 0.8683669716119766 0.2661429420113564 20.52578041702509 4.73928377777338 130.8630116805434 2.651754043996334 48.87587738782167 10.95160806924105 91.32104241847992 6.170729540288448 9.002394698560238 0.6596386507153511
17.18316873162985 269.9179694205523 53.10115987807512 10.52122370153666 0 86.54093517363071 29.10621627420187 111.6364612057805 7.890671357512474 227.04967674613 13863.81785396487 90.18951544165611 4584.137891411781 320.9941132813692 1.151657707989216 3.214406028389931 508.3077308908105 4491.284470595419 1054.528427474201 89.38886132836342 31.28637559711933 21.37921939045191 75.09688702225685 31.76232409477234 1370.431721106172 2898.683684341609 960.2386772558093 32.49352011084557 1110.727028116584 69.37558723986149 1196.307666189969 217.2659342214465 7.910545870661736 13227.9013857618 4.782788462936878 324.6616189777851 3962.310634769499 6119.6690729931 493.3585757762194 15.28031232208014 35.77010434865952 772.9107201844454 3.372592031955719 0 37.93487653136253 4.498870238661766 0.1269233375787735 0 0 10.26235337555408 0.2047779336571693 0.8842860534787178 0 79.43710630387068 0.534482404589653 824.0621468648314 0.3412152305245399 0 0.3222910612821579 2.844162158668041 11.0588568970561 8.586850397288799 1.497199818491936 2.724172130227089 0.5444414913654327 0.4265699684619904 3.240352563560009 386.1579363048077 66.90714178979397 217.2337125912309 13.03162527084351 0.09964524954557419 0.466561459004879 54.44183302670717 0 0 1.958504423499107 3.565598398447037 23.35742419213057 158.1207683682442 22.49715803563595 1.586159236729145 0.4758429974317551 0 174.6843783929944 0.3267310857772827
1.623990945518017 0.1347905099391937 3.114890106022358 1711.382752858102 126.5753900334239 6553.634259223938 51.63501669466496 874.3589374944568 294.5132445693016 4238.908168785274 90.18951544165611 7561.206878975034 41.89221779257059 289.0667715370655 1709.185517549515 1.283999145030975 0.7455692291259766 18.80164906382561 5.157503090798855 3171.568635039032 0.2252932488918304 0.6722950488328934 1.954024590551853 330.223543740809 1.005111552774906 22.06298357248306 5.695947170257568 213.331049785018 326.1326874047518 6.090258531272411 4.552420012652874 71.17927376925945 0.5586323738098145 201.295856796205 5.898381054401398 1339.409774586558 11.31637545675039 433.0832904726267 141.633787214756 3263.34698599577 47.3715443983674 19.41750825196505 4.328259244561195 0 0 0 115.4939916953444 0 8.388919189572334 52.11767202615738 22.67522875219584 97.03035585582256 120.6442307680845 0.3952080905437469 119.4056633040309 0.2261485084891319 8.853925928473473 3.448360159993172 0.3261277079582214 0 0 0 122.5567855387926 1.741158366203308 0.8420685082674026 0 101.9731257483363 0.5393795669078827 2.16225878149271 1.090226858854294 112.0063565894961 0.8558808043599129 2.348105847835541 0 0.2239174395799637 0 2.977785527706146 0.2923220917582512 55.00840147584677 0.3369384557008743 6.995290085673332 2.998802438378334 42.27162170410156 3.59938707947731 0.8845686167478561 0
4.074767999351025 752.3332505524158 34.69560745358467 14.01514969021082 0.1581255495548248 74.96691051870584 9.041413180530071 110.2541167810559 11.53283657133579 73.61034727096558 4584.137891411781 41.89221779257059 2935.773792214692 134.4554162397981 4.463488563895226 2.788421057164669 9.934526965022087 69.49742735177279 10.002086982131 59.98600155115128 13.19842804968357 40.50240837782621 24.26550669968128 48.52646623551846 5993.98826841265 229.7844000831246 2476.231130048633 44.97752405703068 209.3462867662311 28.8313495516777 1718.586392641068 57.5985524430871 3.819988362491131 1433.264549784362 26.17940279096365 2214.916940018535 5378.073505617678 7698.551281675696 823.7398171201348 178.5398152470589 321.6001953706145 1366.069848567247 35.9614195600152 0 91.2780999392271 0.9780787974596024 4.780080944299698 0 0.5853652060031891 42.03164815157652 2.029480434954166 0.9541943818330765 6.200887680053711 290.9722350165248 2.440538369119167 3324.988088801503 1.79998304694891 0 0.7637823671102524 0.9573355615139008 32.78811826556921 19.45546466857195 0 0 2.130794696509838 1.090074956417084 14.18185582756996 1686.702309802175 227.1474988609552 959.8227464109659 22.6878763884306 4.032928109169006 2.539060160517693 249.9082092493773 0.7055088579654694 0 12.22610080242157 38.44907274097204 766.2870194986463 429.767719194293 101.4806793481112 19.15198201686144 59.87235945463181 13.44117772579193 347.6494980230927 1.198176801204681
7635.424980521202 0.6127046644687653 1457.76397805661 54.85785345733166 9.111624583601952 916.5348176211119 6894.048939622939 11069.05904924124 19.18709918111563 1326.846104875207 320.9941132813692 289.0667715370655 134.4554162397981 15828.45781143755 50.08547320216894 2.08398250490427 652.9447288513184 36.86870303750038 67.40824767202139 298.9862104356289 299.057847507298 1.282531157135963 1417.113373890519 259.4328226968646 4.83337164670229 290.0779311284423 70.81060086190701 413.1228006035089 8024.982466131449 7505.405507341027 12.12364805489779 446.978478141129 41.0223366767168 866.1840914860368 6.700137734413147 717.9249793738127 53.58415524661541 871.9131883010268 217.2767055854201 518.6229202598333 310.0134475082159 68.38117837905884 16.10772632807493 0.5483928918838501 0.8504006862640381 7.69732678681612 1.777148097753525 0 0.1313105523586273 57.11967404186726 11.62099044770002 10.79916585981846 6.757182598114014 0.6959666013717651 4.166858896613121 0.3970674499869347 2.438742250204086 1.025125294923782 3.157996274530888 1.346400327980518 0.1406500488519669 0.4141672551631927 4.146067388355732 3.430365644395351 0.694389246404171 3.981766678392887 29.43600384145975 0.5510125383734703 3.526134304702282 18.45730455964804 85.96912841498852 0.8613398224115372 5.665041528642178 0 0 0 5.908639341592789 0.9221915900707245 15.5758280903101 5.625422708690166 5.604028321802616 4.614641211926937 6.714991211891174 1.078913286328316 2.496243238449097 0.1231319084763527
0 15.67432258278131 0.1377265751361847 212.4705867320299 1401.742398634553 2387.453408896923 5.738612458109856 183.875731356442 1062.98681434989 30.6409417912364 1.151657707989216 1709.185517549515 4.463488563895226 50.08547320216894 475.0254934877157 0.1246280372142792 0 0.1878811120986938 0 310.4952617436647 0 50.71490436047316 0 891.4552024453878 0.9343688040971756 0.6753748655319214 33.1594355404377 47.18616572767496 5.392406240105629 0 0.2296629250049591 1254.376122266054 0 32.61968676000834 0 194.4627095013857 0.990577757358551 8.221883982419968 3.673037394881248 1463.8556772843 169.8044576346874 0 0 0 0.1292202174663544 0 8.996389463543892 0 0.8739142641425133 2.418487280607224 2.866802960634232 9.423037990927696 9.079214923083782 0 2.628462508320808 0 0 0.6043344736099243 0 0 0 0 7.7741719186306 0.2544641047716141 1.343841642141342 0.3871012404561043 5.74531764537096 0 0.09662260115146637 0.3480658680200577 7.592967547476292 0 0 0.1131761595606804 0 0 0 0 4.024605274200439 0 0.1274445652961731 0 0.9081752300262451 0 0 0
0.4198660105466843 161.8072868958116 11.85497049987316 0.8674938827753067 0 0.221957191824913 55.42822678387165 10.86188619583845 52.92693158239126 6.154991962015629 3.214406028389931 1.283999145030975 2.788421057164669 2.08398250490427 0.1246280372142792 5228.375096648932 31.35869158059359 1.580031767487526 7.402972422540188 0.9452724754810333 2845.705305673182 2432.958414644003 5515.08145429939 3398.266481883824 13.44656237959862 21.01913996040821 6515.162169717252 1355.934292085469 15.62568680942059 59.88662971556187 0.6222139298915863 0.1825301349163055 11.15934829413891 64.97902058809996 13.32888139784336 1225.975439302623 451.1724174246192 196.2846542596817 306.232112929225 24.33923862874508 0.5606150254607201 0.7899011597037315 9.223380714654922 1.553008809685707 15.27847117930651 20.18636177480221 0.6312477588653564 0 2.238730743527412 77.44709618389606 3.868408739566803 37.86715095490217 14.6934329867363 1.817852094769478 1.667581483721733 0.5831489637494087 5.917196966707706 0 2546.742252796888 3.506757244467735 0.658138744533062 2.633917905390263 0 442.0420490428805 997.1327052116394 1815.397395379841 221.0106539651752 1.099374711513519 9.331517748534679 1334.979707539082 314.5789043754339 21.45352210104465 162.1723513975739 0 0 4.917227104306221 10.58410964161158 3.830220758914948 88.7362497523427 16.32253883033991 15.4263116940856 7.166129909455776 7.733291439712048 0 0.1803816854953766 0
78.4808279722929 29.28496260941029 9297.877955794334 0.3853286728262901 0 5.086738049983978 29.74737370759249 874.5533149540424 8.17275332659483 7.348028957843781 508.3077308908105 0.7455692291259766 9.934526965022087 652.9447288513184 0 31.35869158059359 2950.689715892076 354.5298256576061 3792.976288162172 1.323855496942997 730.0574025437236 18.07574754208326 3146.803449101746 51.27288950234652 5.385860219597816 2226.506450206041 5896.311806537211 36.51261688023806 1426.370288237929 1484.741462647915 4.270094126462936 2.11807394772768 174.1391387581825 3044.708578445017 5.552496686577797 478.4208606779575 3814.659733936191 2028.658055648208 279.5684673860669 7.878691077232361 2.122256197035313 14.67220900952816 3.463280625641346 0.6442100182175636 66.36705447733402 440.1585302054882 0 0 0.102511428296566 13.11795942485332 2.578861273825169 0.7018694430589676 2.119303725659847 5.848060481250286 0 13.97002346813679 5.382963769137859 0 10.13570176064968 124.971449971199 13.23736795783043 66.1033246666193 0 15.31306098401546 18.1518536657095 119.0980101078749 8.582890249788761 19.77835229039192 436.4102977588773 1027.093261115253 22.73590207844973 1.80807501077652 10.34556283801794 6.316843084990978 0 0 17.42412788420916 0.5242622047662735 102.1745945885777 134.3325505256653 55.57290188223124 18.2619259133935 4.797070726752281 0.196813628077507 0 1.932496055960655
3.476483069360256 7.910445220768452 21.78648106008768 1.212171539664268 0.1843590438365936 13.52149788290262 5.166027575731277 18.62912656366825 1.02589076757431 57.39225021004677 4491.284470595419 18.80164906382561 69.49742735177279 36.86870303750038 0.1878811120986938 1.580031767487526 354.5298256576061 610.8482257425785 3381.935416929424 23.99611833691597 8.523185655474663 1.757231391966343 25.89258733391762 7.033915191888809 19.24854008108377 4119.539687111974 906.6754104420543 8.978086069226265 151.9410472661257 21.92563098669052 181.7248176634312 20.42993158847094 2.323214970529079 1956.937250874937 8.458747826516628 416.5619554370642 1352.387179426849 2129.123983956873 276.7599969655275 2.853915132582188 0.8940426930785179 22.34400387108326 2.2447175309062 0 12.43862600624561 1.99371100962162 0 0 0 2.31919027119875 0.1805173009634018 0.2218728438019753 0.1169401332736015 12.36943930387497 0.4299517273902893 101.0588143840432 0.1535326093435287 0 0.2714688032865524 3.858906790614128 17.89537277072668 16.61895729601383 0.2455528825521469 0.2587123513221741 0.8910123705863953 0.6686333939433098 0.5655693635344505 28.02229628711939 91.50667449831963 187.7883575931191 0.9287819862365723 0 0.5768944174051285 24.20599155128002 0 0 1.383815288543701 2.697065085172653 14.0930060595274 27.95635720342398 7.414732724428177 1.281898610293865 0.1663433909416199 0 0.3240334689617157 0
8.164006747305393 26.55031369626522 608.6692653894424 1.19207014888525 0 3.343898132443428 5.352726794779301 92.75130032002926 3.248383142054081 18.28214817494154 1054.528427474201 5.157503090798855 10.002086982131 67.40824767202139 0 7.402972422540188 3792.976288162172 3381.935416929424 3710.540567442775 5.760633878409863 58.66580006480217 8.311016649007797 379.1804812178016 13.65620240569115 13.0402422696352 6779.312074504793 2491.193254135549 10.66241603344679 207.3090812116861 145.6089474111795 37.49166110903025 6.154630996286869 28.0160376727581 4047.443394355476 16.40067834407091 1209.626904308796 3022.635292701423 3242.221576564014 427.7521282732487 12.07638932019472 0.4329038709402084 4.739637941122055 2.949097782373428 0.1141248792409897 74.63735324144363 57.48697154968977 0 0 0 4.555655084550381 0.8838545978069305 0.1479752063751221 1.131505601108074 2.862597450613976 0 32.26700954884291 2.645265705883503 0 2.439569056034088 77.41438106447458 20.36147847026587 106.213017821312 0 3.448532909154892 3.331905156373978 11.56889521330595 4.024363093078136 52.75019250065088 420.5374629348516 623.9589213207364 3.860875010490417 0.8065019771456718 4.621111690998077 7.448859490454197 0 0 11.26074336469173 2.28716541826725 52.20527570694685 152.7241014689207 42.39217092841864 12.120610691607 1.533038482069969 0.6071563959121704 0.5342379957437515 0
7.441241800785065 0.1391865164041519 1.932767078280449 9795.581314139068 13.65276407450438 738.7401799634099 58.36261735111475 714.6007970497012 363.9603079557419 5411.101016789675 89.38886132836342 3171.568635039032 59.98600155115128 298.9862104356289 310.4952617436647 0.9452724754810333 1.323855496942997 23.99611833691597 5.760633878409863 1585.23634827137 1.240435272455215 0.2403497770428658 2.472429193556309 1091.540683433414 13.51119815558195 28.25234635174274 11.67797850072384 4006.779088519514 589.9536285847425 10.21007338166237 4.39669306576252 25.19688306748867 4.997240461409092 244.0669826865196 17.25069736689329 1070.086411453784 15.54654920846224 583.1154032796621 181.9782488420606 734.2127188816667 37.52216874808073 12.60062161833048 6.530198663473129 0 0.8461311161518097 0 187.1483040228486 0 26.52896504104137 374.7596006765962 98.87145290523767 80.71966183930635 306.1472563222051 5.731218338012695 239.0720179975033 2.723889693617821 38.8920089006424 4.620523497462273 1.906826987862587 0 0.9524572566151619 0 245.8898745030165 3.370462842285633 1.274781733751297 2.30703791975975 209.0322525426745 10.3593755364418 2.447414264082909 2.622394591569901 546.593837082386 11.71573937684298 13.97024489939213 2.392445802688599 0.4074401706457138 0.2985128536820412 16.4444689899683 4.054451547563076 90.77728816866875 1.401260495185852 28.79865664988756 7.016704052686691 82.44202238321304 7.010928452014923 1.76632696390152 0.890855461359024
60.47294124215841 10.56344024837017 235.7661224082112 0.6834894046187401 0 4.219416916370392 586.7916058674455 414.3149781897664 42.03388478606939 22.03051613271236 31.28637559711933 0.2252932488918304 13.19842804968357 299.057847507298 0 2845.705305673182 730.0574025437236 8.523185655474663 58.66580006480217 1.240435272455215 22674.4031663239 94.51372738927603 19126.67296740413 810.6847445368767 4.968491666018963 48.93155698478222 625.7726061344147 8089.319054119289 794.0924502685666 13832.66244964302 0.6065027713775635 1.250622607767582 399.2602297440171 5250.995670959353 112.9319354221225 8004.534462369978 1067.796736218035 6900.984026134014 3934.991875961423 144.1045279055834 15.83395214378834 7.200273036956787 69.73402163386345 3.089592263102531 1.803039222955704 2.129077419638634 2.13432015478611 0 1.457332454621792 119.3932229503989 6.741236172616482 77.01800444722176 22.68192164599895 2.610962420701981 4.087836772203445 2.584482543170452 16.0336310043931 0.421681173145771 390.6996930763125 3.45057400316 0.4023132547736168 4.687750771641731 0.4589955508708954 597.2078716531396 142.4875308275223 380.6267428994179 322.2796110361814 0.2958075106143951 8.037440478801727 175.7789776027203 587.9812171533704 67.49287374317646 346.9130332767963 0.2311268076300621 0 11.96085850894451 25.38449647277594 7.743125319480896 409.3161628842354 15.4637685418129 24.18560063093901 7.469982318580151 11.27230301499367 2.793224036693573 0.2196907997131348 3.061029464006424
0 2935.632594555616 50.5524920001626 0.8657366633415222 2.105695590376854 0.2760363295674324 17.45832191407681 4.95262985676527 3645.202155023813 0.8859464228153229 21.37921939045191 0.6722950488328934 40.50240837782621 1.282531157135963 50.71490436047316 2432.958414644003 18.07574754208326 1.757231391966343 8.311016649007797 0.2403497770428658 94.51372738927603 1298.174462549388 315.1125746071339 5491.809554129839 404.2937981188297 44.64940027147532 6984.160714961588 164.5163932293653 5.384336642920971 9.196278810501099 6.411016829311848 0.2482143938541412 2.706352353096008 13.67899686098099 0.2901049256324768 70.81955502182245 59.04823777079582 37.39346179366112 17.03842221200466 86.69627083837986 0 8.188099890947342 0 0 23.7409759759903 141.1455469727516 0.9191410839557648 0 0.8271387666463852 29.20268477499485 1.035306945443153 42.63470936566591 7.751721739768982 0.8991833552718163 0 11.16603048145771 1.907404229044914 0.1665461361408234 1193.052492320538 19.56976427137852 0.7549946010112762 6.119507655501366 0 106.6147032007575 521.4464202150702 428.342090331018 82.22101719677448 9.69705730676651 23.0996660143137 2157.97047124058 92.25387650728226 2.037359789013863 33.56021396070719 2.085361279547215 0 1.469616338610649 7.839938469231129 0.2433000952005386 53.49577005952597 27.78142467886209 23.8280233964324 15.97002832591534 3.660902678966522 0 1.158547192811966 0.3422633111476898
243.0361207872629 16.72536807507277 10566.18581576645 3.163191355764866 0 17.82821517437696 2105.458138309419 1764.131812244654 62.84633982926607 109.1319326534867 75.09688702225685 1.954024590551853 24.26550669968128 1417.113373890519 0 5515.08145429939 3146.803449101746 25.89258733391762 379.1804812178016 2.472429193556309 19126.67296740413 315.1125746071339 30686.32989432663 801.2859253138304 2.016281552612782 832.1815227195621 14671.07375862449 2248.438475869596 837.7237670645118 8604.037718594074 1.916994966566563 3.19203595072031 112.4381940513849 4605.318803876638 245.8116910383105 11928.28146094084 7598.50189076364 9225.037621259689 8887.829896166921 411.9776033088565 16.25164870172739 17.7367919459939 133.4444983303547 0.4589499235153198 20.48553642630577 373.1481436640024 1.653083190321922 0 1.548811614513397 127.5873782709241 11.88692278414965 61.71568968147039 15.99195466935635 0.7948988378047943 1.740268841385841 2.303939893841743 10.49345878511667 0.4618825167417526 2344.714543707669 14.88369926065207 1.684013940393925 8.085664100944996 0.7389293909072876 295.4076490104198 647.227760605514 2126.750947646797 226.5593351721764 3.890815705060959 31.25288832187653 3376.959178037941 348.785873785615 27.53170371055603 140.7986868545413 1.411983445286751 0 4.576518386602402 19.43923852592707 29.19805577397346 210.2514391690493 51.23890513926744 42.88295172899961 26.338408626616 16.62852267175913 0.8659771680831909 0.6957040876150131 0.91116002202034
27.58274552971125 1393.074147030711 234.2594287768006 2120.150085069239 33.59665534645319 168.2714882493019 3802.560293726623 1745.834789633751 9938.32964129746 1222.305711492896 31.76232409477234 330.223543740809 48.52646623551846 259.4328226968646 891.4552024453878 3398.266481883824 51.27288950234652 7.033915191888809 13.65620240569115 1091.540683433414 810.6847445368767 5491.809554129839 801.2859253138304 13751.48034849018 160.6482890248299 151.9299886226654 5131.255971252918 10185.59860026091 1578.947619527578 2263.292001098394 5.285197801887989 9.675478227436543 407.1282087191939 649.1374310329556 77.6944727152586 3734.892024189234 160.5815236195922 1434.163068108261 658.5845156684518 1164.562626227736 49.9943815022707 9.208609074354172 25.8419966250658 5.859573319554329 27.56533451378345 34.66180284321308 379.0702968090773 0.7909785881638527 56.67665736377239 763.7038028761744 123.7805975675583 1287.739489756525 571.9943548291922 16.52947436273098 252.2304739654064 9.329780951142311 92.63626263290644 15.10460099577904 349.2762765288353 10.78908655047417 3.509630151093006 6.890166014432907 341.8630588799715 332.1524662077427 258.3419481962919 245.6778283193707 1647.843013174832 11.68516961485147 30.42211828380823 345.5263868197799 2721.061021879315 128.0293514728546 320.775940105319 2.090459294617176 2.486718729138374 12.63615778833628 59.26041769236326 10.12944532930851 437.8032198548317 19.01782390475273 102.9104061797261 25.49621647596359 182.159761339426 11.05633377283812 4.204680658876896 2.352947026491165
0.3351034894585609 2509.115412965417 3.998486831784248 0.08104664087295532 0 1.427266515791416 0.5717384517192841 0.5799690783023834 134.9904802516103 4.934454426169395 1370.431721106172 1.005111552774906 5993.98826841265 4.83337164670229 0.9343688040971756 13.44656237959862 5.385860219597816 19.24854008108377 13.0402422696352 13.51119815558195 4.968491666018963 404.2937981188297 2.016281552612782 160.6482890248299 1240.306387044489 370.3360349684954 5970.642614528537 12.92638397961855 7.385321050882339 3.021495640277863 336.4337533339858 2.450520440936089 0 263.9079656004906 3.559422701597214 247.2200300693512 1382.166121929884 767.4997917413712 148.69043661654 21.5111770182848 35.80498144030571 1420.151301465929 3.607608735561371 0 218.7273421436548 4.592496298253536 3.182476043701172 0 0 10.23484633117914 0.113792210817337 0.6048416644334793 0.3217513114213943 184.2631345018744 0 2074.8464608863 1.050576657056808 0 0.148820698261261 13.54879157990217 57.86874154955149 68.71210245043039 0 1.216655373573303 2.265797987580299 0.82615727186203 1.517470717430115 700.2729114294052 382.5037547573447 1660.703599691391 1.223173595964909 0.46722611784935 5.728988692164421 149.5984651595354 0 0.1247025355696678 9.98934517800808 0.6984436511993408 137.5682168900967 179.6338805481791 83.44868809729815 11.42405508458614 0.5008331388235092 0 115.247937425971 4.695953607559204
29.92773549258709 278.8170070946217 9408.563792943954 4.805993594229221 0 25.1555398479104 163.5803842917085 575.3490629866719 28.87338548153639 85.95381738990545 2898.683684341609 22.06298357248306 229.7844000831246 290.0779311284423 0.6753748655319214 21.01913996040821 2226.506450206041 4119.539687111974 6779.312074504793 28.25234635174274 48.93155698478222 44.64940027147532 832.1815227195621 151.9299886226654 370.3360349684954 32002.8524082303 18766.41604981571 56.45633613318205 458.4424495995045 190.8726918399334 768.0870357602835 20.20881433784962 44.88825475424528 2727.251791864634 56.04893977195024 3612.967049539089 8892.643057376146 5498.170921869576 1028.775752909482 49.80370599776506 2.561106666922569 84.32348956167698 12.60021257400513 1.322994187474251 809.2382503300905 498.4164986237884 0 0 0 21.983502574265 9.437636516988277 6.76179300993681 5.140840277075768 135.5252498984337 0 1292.482787191868 23.81466294825077 0 11.87808485329151 455.0396569222212 314.0369641333818 893.2596982866526 0.319752499461174 11.77349425852299 17.83624596893787 89.79987673461437 15.39814282208681 797.0717290937901 3492.268167331815 6694.502105213702 14.87244421988726 6.013153783977032 27.71996945142746 301.2029017060995 0.1326497048139572 0.1712378114461899 84.98400023579597 8.441068202257156 370.088927783072 1017.541250132024 320.9757251143456 94.72377592325211 11.86189457774162 0.5083625167608261 9.642614625394344 2.260735437273979
7.41759217530489 7159.40769687295 13328.98545726389 2.425274163484573 1.945113271474838 8.392291113734245 537.5970219150186 164.5280333608389 1692.171122342348 43.3491497784853 960.2386772558093 5.695947170257568 2476.231130048633 70.81060086190701 33.1594355404377 6515.162169717252 5896.311806537211 906.6754104420543 2491.193254135549 11.67797850072384 625.7726061344147 6984.160714961588 14671.07375862449 5131.255971252918 5970.642614528537 18766.41604981571 47199.64996098727 1284.970574229956 183.0635364502668 301.3872725218534 2040.271582052112 7.01449553668499 56.07623633742332 3714.110816016793 193.6296107769012 9645.503229573369 8084.615525841713 7982.228270128369 3385.162766680121 273.8693630471826 9.681718431413174 90.86950071156025 66.16639098525047 3.647847831249237 3677.101592600346 3373.041433684528 1.829431876540184 0 3.821580059826374 211.7464185655117 40.74785569310188 63.2270365729928 35.56720422953367 152.415640860796 1.570248648524284 1569.067781165242 56.94371557235718 0.2147047147154808 1370.276334233582 1134.583384461701 323.8084434866905 1237.760156102479 0.1853678375482559 197.2171430811286 2187.170183733106 2284.150228507817 208.6210289523005 1303.235163994133 5595.91085575521 23138.03407400846 317.7274712473154 28.22670412808657 142.4366342946887 312.272396042943 0.2428913563489914 3.254200853407383 197.0710948258638 34.045560374856 1190.134328342974 1439.062811948359 756.1725841313601 287.1627933159471 41.95106741040945 2.245361328125 17.96293917298317 4.534585110843182
67.49838769435883 44.37765648216009 198.119829043746 4162.336562640965 2.016544044017792 215.4466739594936 23898.79905223101 1630.699922651052 1738.753948546946 5858.351166114211 32.49352011084557 213.331049785018 44.97752405703068 413.1228006035089 47.18616572767496 1355.934292085469 36.51261688023806 8.978086069226265 10.66241603344679 4006.779088519514 8089.319054119289 164.5163932293653 2248.438475869596 10185.59860026091 12.92638397961855 56.45633613318205 1284.970574229956 22042.88968732953 1697.273380659521 17459.15762583911 1.540993213653564 4.720125429332256 498.9412549734116 1342.475377127528 91.50674407184124 4191.254731275141 77.21943318098783 2154.825684681535 946.3821243718266 155.076281145215 44.96311530470848 8.816262051463127 27.94220606982708 8.298690475523472 8.965108714997768 8.783881321549416 355.6566557064652 1.101145192980766 61.52793421596289 956.8214589208364 128.4047601893544 830.5249370113015 543.1315714791417 16.9953138679266 271.7606743499637 1.766728691756725 106.5126109197736 18.97900894284248 125.4346626400948 4.509415037930012 1.476515799760818 4.37234553694725 365.3914592787623 338.5965304598212 75.39982294291258 109.39081492275 1503.527224369347 8.304141327738762 3.938192039728165 103.4057724028826 2793.86598970741 182.4945465475321 434.2342206463218 2.303069330751896 2.39067979156971 17.08203262835741 59.73931110650301 10.30411710590124 481.0978739857674 15.58604460209608 105.1593729630113 22.46147482097149 162.9860721156001 10.79352456331253 8.259729005396366 4.412571273744106
