927.7248503640294 0 41.33478053659201 0.9506959989666939 0 21.34422985464334 1062.368249446154 406.286460570991 0 17.61749825626612 18.84818095713854 2.26654564589262 0.1145890280604362 4920.646958395839 0 3.098074965178967 141.2717361301184 5.715940088033676 13.78846746683121 3.297180600464344 15.99401703476906 0.5755075067281723 64.1531355381012 5.19050171226263 0 35.17281100898981 22.16962911188602 16.21293692290783 3831.629150718451 2270.167602553964 0.9900000393390656 89.81218658387661 76.57002138346434 101.7253642305732 0.6505909413099289 13.56760945171118 15.99274294823408 78.96472295373678 8.094947084784508 1.114288233220577 0.9544569253921509 0.1997978985309601 0.8053199350833893 0 0 1.664300508797169 0 0 0 0 0 0 0 0 0 0 0 0 0.1449889987707138 0.2541907876729965 0 0 0 0 0.4939011633396149 0.6888428926467896 2.252356350421906 0 0.09616594016551971 3.949087403714657 0.5752164721488953 0 0 0 0 0 0 0 0.3358828723430634 0.1089455485343933 0 0.1199706643819809 0 0 0 0
0 885.1540815606713 29.62492041289806 0.7578316181898117 0 2.662528000771999 48.05237779021263 1.398341253399849 472.674514092505 6.824291460216045 69.04045696556568 0.1376673877239227 637.4276140555739 1.934427440166473 6.40676811337471 364.2041821926832 147.1837537512183 3.175762869417667 5.370581984519958 0.102691650390625 11.29131774604321 2536.761941738427 24.13133572787046 1139.360263429582 2369.083539053798 60.61034991592169 5759.649220846593 134.8923310190439 2.741888388991356 2.144387513399124 59.13103524595499 0 0.3225235342979431 51.99802782386541 1.391981393098831 111.8329638764262 355.8701134696603 201.8846235349774 21.6280924975872 4.085080735385418 0.1410916298627853 64.24330577254295 0.2026434391736984 0.5292715281248093 229.1051615774632 176.2663841769099 0.7075494378805161 0 0 5.192950889468193 0.7723805382847786 5.366034112870693 1.809839218854904 2.992098703980446 0.1861112415790558 12.93580351024866 5.169140048325062 0.1602672338485718 17.32540864497423 41.59280396252871 0.4698836207389832 20.67611239850521 0.9239025861024857 0.6477181985974312 72.26744889467955 44.2641356959939 23.83614549040794 37.42885573208332 165.1903858855367 2653.074025191367 7.824752144515514 0.7363955304026604 0.2529202699661255 8.061031430959702 0.08860144764184952 0 5.14309386909008 0.5276991128921509 29.2637811601162 79.55745091289282 27.34828397631645 17.31631066650152 0.9313873648643494 0 0.5653403103351593 0
41.33478053659201 29.62492041289806 5595.438182130456 2.545434810221195 0.3511843606829643 31.43033938854933 944.3234109282494 282.1789051443338 0.3007957935333252 45.02788656204939 29.70295167714357 0.5985220223665237 5.515916928648949 366.8242869153619 0.4602366015315056 3.652222543954849 5393.90336523205 21.17513827979565 175.252309307456 2.045157499611378 1130.126756906509 36.17046489566565 11149.4741820097 35.08908841758966 4.500376433134079 7097.102586403489 6428.696310564876 341.8308591395617 151.0200745761395 780.4700284972787 15.50919811427593 14.34502954035997 9.92769929766655 450.2088394537568 19.65625509619713 1783.344939813018 7626.80863840133 2447.64698278904 362.5899117365479 42.0597015991807 6.785994738340378 16.12343391776085 5.381697833538055 1.327290922403336 44.90033117681742 735.5612513795495 0 0 0.1208764687180519 23.62217380106449 6.90996490418911 9.165100559592247 0.5235558748245239 0.5270525068044662 0.4460491836071014 0.9452424943447113 16.43871968984604 0.1042204350233078 35.41281520575285 78.59098008275032 1.911440044641495 17.83455948531628 0.1266007125377655 4.333911269903183 216.5310019701719 456.7190494090319 48.40505390614271 1.328000098466873 89.48345562815666 3921.830652229488 20.90485521405935 2.9295958802104 4.25510398298502 1.597034856677055 0.5519120097160339 0 17.01086517423391 5.202533394098282 58.25094220042229 66.2534499540925 50.85536455363035 34.7281568646431 2.239777147769928 0 0 0.7431805431842804
0.9506959989666939 0.7578316181898117 2.545434810221195 2052.718449085951 4.860981285572052 38.36406561732292 152.9280408024788 18.60859725624323 1296.820014789701 2308.618904158473 3.635475233197212 2570.794357568026 2.451744988560677 9.765222921967506 139.0944962725043 0.5189309120178223 1.132559008896351 0.2838279083371162 0.4183568581938744 2425.446289107203 0.4058515280485153 0.7049390077590942 2.078989438712597 1732.730029821396 0.9469412416219711 1.047788433730602 4.093721985816956 2671.999620385468 74.20403312891722 0.2509424462914467 0.3638813495635986 8.487344011664391 6.679706022143364 26.95033052563667 9.370441451668739 240.8147839307785 3.803372763097286 111.1779256165028 57.89748714864254 164.001165933907 6.835519313812256 0.1223490014672279 3.814076632261276 0.3418753743171692 0.493905134499073 0 170.3560709431767 0 8.05273599922657 34.71281666308641 0.2961445897817612 59.4968838468194 115.7295609489083 0.2188455611467361 104.0466626435518 0 0.7728495076298714 47.49977290630341 0.7314086258411407 0 0.2840146422386169 0 239.646106377244 0.5980032086372375 1.146882183849812 0.4065448641777039 300.3470042198896 0 0 2.178117603063583 306.3210546225309 4.660125613212585 0.596207782626152 0 0.3587108328938484 0.1738702058792114 1.699684664607048 0 6.26686630398035 0.1222342923283577 10.58276272565126 2.40647578984499 82.75766181945801 0.302604615688324 0 0
0 0 0.3511843606829643 4.860981285572052 5.317344650626183 325.488479308784 4.483131028711796 10.76728320121765 54.3860777169466 13.1856649518013 13.3425550237298 192.12502527982 0.6558672189712524 2.39131622761488 1496.38357886672 0 0.1014146953821182 0.4822955578565598 0.2261305749416351 14.2518912255764 0 0.3300182819366455 0 10.66887974739075 0.1228049173951149 0.8284484446048737 0 2.22026788443327 0.2388448193669319 0.7124157547950745 0.2165159359574318 48.40542063862085 0 35.83403416723013 0 24.53192717581987 1.061988696455956 71.9932052642107 28.89775383472443 1154.8314037323 10.46502429246902 0 0 0 0 0 0 0 0 0 0 0 0 0 0.8770277947187424 0 0 0 0 0 0 0 0 0 0 0 0 0 0 0 0.2985030859708786 0 0 0 0 0 0 0 0 0 0 0 0 0 0 0
21.34422985464334 2.662528000771999 31.43033938854933 38.36406561732292 325.488479308784 10878.85471466184 1972.902938194573 4261.301213011146 47.59837414324284 9658.96607927978 111.4090488478541 2687.502260819077 3.792486727237701 1105.210725538433 2209.256487578154 0.4746686592698097 32.43273384869099 11.20461154729128 13.0845655426383 330.0250847861171 10.88699670881033 1.65888874232769 27.09961612522602 23.58971888571978 3.127364806830883 43.37350437790155 19.51205426454544 265.7026976495981 366.7305366918445 64.94052386283875 4.745901420712471 1448.565439134836 19.53029301762581 223.9596456587315 17.74493115395308 331.1007430702448 17.84771843999624 496.5661748573184 112.8978311643004 2535.97594448179 56.15808280557394 2.889737993478775 2.913687787950039 0 0 0.8050953522324562 3.20975087583065 0 0.1578422337770462 5.371724560856819 0 6.621240667998791 2.646148681640625 0 17.7962796613574 0 0.7576635479927063 0 1.311181388795376 0 0 0 4.423467084765434 0.834667906165123 0.3722534254193306 1.804321065545082 22.56272106617689 0 0.09947942197322845 3.751492626965046 26.80804509669542 0.7082826048135757 0.3509393036365509 0.104509174823761 0 0 0 0 3.786311358213425 0.1483147591352463 0.9085581600666046 1.930083930492401 8.122798025608063 3.181826949119568 0.09706355631351471 0
1062.368249446154 48.05237779021263 944.3234109282494 152.9280408024788 4.483131028711796 1972.902938194573 15152.5895543322 2885.294991075993 155.6123589500785 6097.890997417271 65.69700393825769 48.98275253176689 17.54138332605362 5783.139146745205 21.81556639820337 29.90513079613447 392.5811163112521 14.05369840562344 40.9037651643157 65.43581500649452 1038.917815729976 43.31585432589054 1308.956090651453 502.1225393787026 42.60439771413803 623.1010398343205 415.1135799884796 15192.78405357152 1616.86162943393 7976.491103865206 14.62639956176281 166.5727170780301 274.6739235669374 595.4355454593897 161.6266421675682 3339.838806077838 236.5795288383961 1718.850083917379 809.9574412032962 270.4386387616396 62.73424999415874 8.542154930531979 43.94875588268042 0.1448192745447159 0.6193587183952332 11.19243479520082 51.61809957772493 0 2.712034024298191 86.88477348536253 1.934147469699383 75.90256331861019 80.80725254118443 15.02025905251503 28.90027247369289 0 4.284640796482563 5.554365292191505 41.70786045491695 0.7338995561003685 1.767547994852066 0.7399741858243942 93.63262766599655 9.214133180677891 14.08888983726501 43.59374915808439 656.2648985162377 0.2195730209350586 3.348395444452763 72.14980345964432 751.2400766164064 15.52749391645193 15.94149613380432 0 0.7872429490089417 0.4720113724470139 6.599648334085941 6.805977299809456 108.1508177146316 2.117997966706753 35.52449434250593 14.26769287884235 20.68283744156361 6.762897402048111 0 0
406.286460570991 1.398341253399849 282.1789051443338 18.60859725624323 10.76728320121765 4261.301213011146 2885.294991075993 9410.132129665464 0.4822852686047554 1135.029934555292 115.613329231739 368.0788582861423 1.621185950934887 5806.062586333603 17.820761539042 1.288602650165558 453.9364960342646 24.675632417202 60.75468690693378 108.7137367650867 64.30983857810497 1.913642220199108 304.3708800375462 10.47059177607298 0.9923969656229019 227.8212251216173 88.87589877843857 66.51910039782524 570.8904751837254 1207.326552815735 4.140538387000561 1633.973425596952 34.16806273907423 223.2818192765117 10.56616896390915 302.6048594787717 73.15907519310713 416.4483648613095 106.2183850929141 253.4996241703629 26.98999047279358 2.473305381834507 2.816317066550255 0 0.3019399493932724 6.337297976016998 0.1105152890086174 0 0 0.946173369884491 0.1211900040507317 0.2721714377403259 0.2544052824378014 0 1.002324983477592 0 0 0 1.185598202049732 0 0.7765811085700989 0.1118408218026161 0 0 1.478202536702156 3.517480775713921 13.60855404287577 0 1.173422209918499 27.45863422006369 19.96415666490793 0.08305006474256516 1.162391155958176 0.1149277463555336 0 0 0 0.408514529466629 2.365711525082588 0.3887330815196037 0 0.541361428797245 0 0.2084336876869202 0 0
0 472.674514092505 0.3007957935333252 1296.820014789701 54.3860777169466 47.59837414324284 155.6123589500785 0.4822852686047554 1297.980012588203 141.6823739036918 7.337494648993015 546.8999436423182 50.69981940090656 0.6439238488674164 254.4547589123249 284.4428659453988 0.2875559478998184 0.2069083824753761 0.1026768758893013 934.6604002118111 116.1924688518047 3115.975339479744 24.53460225462914 9455.532376125455 258.7450725883245 2.520614810287952 107.0145619139075 1388.671448640525 2.36997427791357 5.202938377857208 6.482203036546707 1.449663005769253 0.2664709389209747 2.294743932783604 0.1449420154094696 33.13710520416498 1.563508294522762 8.5231963545084 1.542891390621662 153.8837767243385 1.226631000638008 1.925143018364906 0.27420973777771 0.6661542356014252 2.427997387945652 1.128942310810089 157.9271135479212 0.651976153254509 10.87454304099083 48.67586025595665 1.14661718159914 73.34867303818464 95.67511081695557 1.059975422918797 49.12138134241104 0.6143000051379204 1.19638779014349 23.84761853516102 610.9458128660917 0.7060841098427773 0 0.2575602605938911 190.769491456449 136.4457052350044 127.9732619449496 47.8613598048687 1380.000599607825 0.1422646641731262 0.5802378058433533 20.93058677017689 707.4401366114616 10.23894387483597 32.76983530074358 0.2264087051153183 0.3208600580692291 1.217731818556786 6.52433367818594 4.33516101539135 58.60403577238321 1.543395794928074 23.26585677266121 11.08194641023874 38.53912384063005 3.039289176464081 0.1456376314163208 0.1644582897424698
17.61749825626612 6.824291460216045 45.02788656204939 2308.618904158473 13.1856649518013 9658.96607927978 6097.890997417271 1135.029934555292 141.6823739036918 26438.21328035742 109.2036350890994 6057.033809751272 7.936525717377663 709.3797125965357 90.02651226520538 4.641128316521645 17.52180392295122 15.3301303461194 14.16193048655987 5267.773497864604 17.7855059877038 6.140339449048042 38.96796289086342 327.4800802394748 6.611686892807484 60.43508571386337 46.80794907361269 8201.116010054946 1190.057796403766 29.12845311313868 6.166709162294865 272.3376861512661 69.27179950475693 560.6935093775392 70.13532239198685 2009.791230604053 58.30947256088257 1608.664641723037 596.3434449583292 432.3539183959365 117.8866191133857 7.820597298443317 21.37730764597654 0 0.1598740816116333 0.8213643655180931 92.47310991585255 0 4.08206594735384 45.8598809465766 0.1791909486055374 33.95997339487076 69.18117112666368 0 84.37304098904133 0.3123184442520142 0.7336219400167465 26.0298310816288 5.470265157520771 0.1401213109493256 0 0 121.0351790860295 3.721569284796715 1.603994280099869 5.210451029241085 266.8318300545216 0.08867959678173065 0.3584574833512306 7.585252188146114 308.0079787150025 7.661575838923454 1.638063907623291 0.2687536478042603 0 0.2419934421777725 1.671881169080734 0.9457336664199829 19.03359474241734 0.2531942427158356 8.882175795733929 3.576489046216011 51.38924731314182 0 3.534041821956635 0.3820401132106781
18.84818095713854 69.04045696556568 29.70295167714357 3.635475233197212 13.3425550237298 111.4090488478541 65.69700393825769 115.613329231739 7.337494648993015 109.2036350890994 9662.952538177371 127.6825504004955 1132.775973401964 123.4648736864328 0.09655885398387909 4.894594043493271 825.4525289833546 2535.444512434304 1882.125790461898 28.08171927183867 23.75393177568913 35.7113728299737 82.0277027413249 26.01201862096786 1667.579740904272 1381.841937370598 382.2254246175289 24.21859423071146 312.5156860128045 37.55637864023447 641.0848980471492 458.5820962190628 7.846371077001095 10200.26375052333 28.51841355115175 1678.727039642632 6398.10715084523 6755.451414890587 1390.77086032927 158.8044766038656 298.4660187587142 994.5680821612477 8.835385695099831 0 42.77323537319899 1.529475681483746 0 0 0 0.4233165979385376 0 1.189101181924343 0 1344.854438863695 0.3868816643953323 1590.554239466786 0.3374855667352676 0 0.1304672658443451 0 7.839418411254883 1.208806239068508 0 0.5665252208709717 5.522728219628334 0.6487240642309189 6.125510834157467 83.56262829899788 131.6009096950293 236.6442979797721 3.202650383114815 0 0 273.979112803936 0.2209887728095055 0 2.397742852568626 5.506222382187843 51.00765357911587 475.7339587658644 10.60525097697973 1.332551382482052 4.570864796638489 6.226969793438911 161.608023352921 0
2.26654564589262 0.1376673877239227 0.5985220223665237 2570.794357568026 192.12502527982 2687.502260819077 48.98275253176689 368.0788582861423 546.8999436423182 6057.033809751272 127.6825504004955 8049.446803174913 10.86113875359297 186.5553264170885 1742.027651831508 0 4.159208424389362 15.15079874545336 12.90249248594046 7069.716167211533 1.563184648752213 0.4650513827800751 1.296639017760754 400.7804380729795 2.994116105139256 28.23010605573654 9.133957199752331 808.8747426494956 492.2114038392901 2.053491033613682 3.671508453786373 356.3341111317277 1.546101458370686 377.5649584233761 4.18999345600605 427.551975287497 20.48570810258389 952.7967072799802 197.6973920762539 3340.876666739583 60.13711109757423 8.894596979022026 5.025918945670128 0 0 0.1151859685778618 29.40327815711498 0 16.89724010229111 4.157784506678581 0 11.50356934964657 41.49968603253365 0 90.28900340199471 0 0 42.5859227180481 0 0 0 0 71.60864433646202 0 0 0 90.8694581463933 0 0.5200665593147278 0.6269480362534523 83.03850543498993 1.855055242776871 0 0 0 0 0 0 13.96492904424667 0 0.1352790296077728 0.2436078637838364 112.1178458929062 0 0 0
0.1145890280604362 637.4276140555739 5.515916928648949 2.451744988560677 0.6558672189712524 3.792486727237701 17.54138332605362 1.621185950934887 50.69981940090656 7.936525717377663 1132.775973401964 10.86113875359297 5245.563224516809 0.9463210999965668 14.33052165806293 32.19541998207569 28.24609982967377 5.960716843605042 10.92227263003588 0.9464963600039482 5.079982161521912 247.4224253445864 12.57783624529839 131.1068344414234 7100.089060932398 113.3303082734346 1491.26726937294 36.9524242579937 4.409314312040806 0.7111376971006393 628.6118700802326 3.742196016013622 0.575413703918457 483.4489232897758 20.41507923603058 1926.14072997123 4290.46537681669 2510.239555180073 893.6561125963926 242.1540443077683 201.9117203205824 2146.799145884812 17.33313976228237 0 45.27699643373489 0.5412205085158348 0 0 0 0 0 0.3698640093207359 0 1015.042562149465 3.923676252365112 794.4560937583447 0 0 0.4168120846152306 0 3.581393115222454 1.19354884326458 0 0 0.09195288270711899 0.3433172404766083 1.067651256918907 103.1278398931026 125.2329539358616 213.3156606480479 0.2705295532941818 0.2938097640872002 0 148.789538167417 0 0 2.850853867828846 3.092042326927185 342.2003922909498 505.3788743019104 12.09217277914286 6.722493782639503 66.07259231805801 12.04563909769058 457.9484050273895 2.066987276077271
4920.646958395839 1.934427440166473 366.8242869153619 9.765222921967506 2.39131622761488 1105.210725538433 5783.139146745205 5806.062586333603 0.6439238488674164 709.3797125965357 123.4648736864328 186.5553264170885 0.9463210999965668 9493.227239787579 5.228966996073723 5.254585310816765 679.2046649828553 24.24772592633963 66.3676351159811 64.49476174265146 79.67483516782522 1.612435586750507 445.020624615252 16.18992016464472 1.079850234091282 256.5283033326268 126.9040585011244 67.58044644445181 4913.851487658918 3719.010877586901 5.531404733657837 1251.863553658128 36.36281073838472 372.5436005443335 6.470344759523869 227.4387211501598 104.4564546197653 434.4174215719104 96.99031227082014 57.65418364107609 13.11416911333799 0.8135356307029724 2.093217700719833 0 0.1133380383253098 6.066341795027256 0.2609335482120514 0 0 3.148972928524017 0 1.009689643979073 0.2471588551998138 0.155999630689621 0.699498638510704 0.8924894332885742 0 0 1.636685848236084 0.3386318981647491 0.1184085756540298 0.3105685710906982 0 0.6351052820682526 2.141842812299728 4.968417458236217 7.681139104068279 0 2.228840358555317 42.68962333351374 10.58209766447544 0.4950309991836548 0.5540850758552551 0.1222020983695984 0 0 0 0 3.305235601961613 1.28697307407856 0.4659380167722702 0 0.9123843908309937 0 0 0
0 6.40676811337471 0.4602366015315056 139.0944962725043 1496.38357886672 2209.256487578154 21.81556639820337 17.820761539042 254.4547589123249 90.02651226520538 0.09655885398387909 1742.027651831508 14.33052165806293 5.228966996073723 304.6276463717222 0.1420612037181854 0.1118544116616249 0 0.105737216770649 257.4917141273618 0 19.8763208091259 0.3448208719491959 546.5025205984712 3.901709415018559 0.2555419132113457 1.282097235321999 81.19288565218449 2.330555707216263 0 0.2368680834770203 358.5982954204082 0.1843744218349457 1.426807574927807 0 20.8705984801054 0 1.894513934850693 1.025407940149307 1517.241012662649 57.67848702520132 0.09730514138936996 0 0 0 0 0 0 0 0 0 0.7435619235038757 0.2609291970729828 0 23.4866381585598 0 0 0 0 0 0 0 0.1403967142105103 0 0 0.1398469060659409 3.60480148345232 0 0 0 2.268314205110073 0 0 0 0 0 0 0 3.144655242562294 0 0.1286496818065643 0 18.23311257362366 0 0 0
3.098074965178967 364.2041821926832 3.652222543954849 0.5189309120178223 0 0.4746686592698097 29.90513079613447 1.288602650165558 284.4428659453988 4.641128316521645 4.894594043493271 0 32.19541998207569 5.254585310816765 0.1420612037181854 3549.349837996066 8.012861900031567 0.1215615645051003 0.7303106337785721 0.1780714690685272 2402.652562774718 3332.708968482912 3026.036048412323 3295.256470791996 131.7810953184962 11.63754199445248 2811.789780884981 3027.854373604059 84.82823596149683 346.5084510818124 7.92668716609478 0.8761460334062576 5.277582757174969 69.04667434841394 24.42213754355907 1748.014163024724 915.9607415869832 274.6675102189183 273.3352620974183 77.3610725030303 3.107922807335854 2.403292909264565 9.84509364515543 1.584277287125587 4.852874204516411 17.33685878664255 0.2629497870802879 0 0.2009228989481926 25.51593072712421 0.2026891857385635 22.98654021322727 4.07441920042038 0.242669090628624 0 0.3548192456364632 4.071979448199272 0 3770.102269306779 3.24438701570034 0.1217032968997955 0.6009453609585762 0.7705906927585602 731.1567926630378 1309.250523485243 2211.451406992972 364.6186997592449 0 2.92263837903738 547.6508849263191 556.2581216990948 23.48375494033098 96.0138223618269 0.1207251399755478 0.1164704486727715 2.534446910023689 3.917673781514168 2.793123140931129 81.28550275415182 28.05615788698196 19.92276330292225 21.58838744461536 3.074920602142811 0.1774835884571075 0 0
141.2717361301184 147.1837537512183 5393.90336523205 1.132559008896351 0.1014146953821182 32.43273384869099 392.5811163112521 453.9364960342646 0.2875559478998184 17.52180392295122 825.4525289833546 4.159208424389362 28.24609982967377 679.2046649828553 0.1118544116616249 8.012861900031567 1237.587593093514 735.9254984483123 4117.848509162664 1.958826839923859 1072.89530787617 1.936144977807999 6610.045719638467 17.08785912394524 22.71930725127459 4128.569320298731 4139.370396398008 73.20905235409737 1072.192173391581 1494.000757053494 15.21008464694023 37.26569709926844 94.94798481464386 2885.721057966352 6.239881508052349 538.9167111292481 2838.208166949451 1994.142883993685 290.6911884099245 11.04697824269533 4.321192272007465 58.87358872592449 1.526482112705708 0.5530114471912384 47.1315710619092 225.6970368176699 0 0 0 2.791315346956253 0.6708742380142212 1.322422407567501 0 0.5534074753522873 0.1081250384449959 2.691416636109352 3.295719087123871 0 4.344038426876068 50.77049016952515 1.482717663049698 23.467679284513 0 1.111154168844223 7.262191005051136 26.42093798518181 6.959696963429451 4.947546809911728 182.9039089232683 1279.884210899472 1.862193033099174 0.4813282340764999 0.7359402626752853 5.008561171591282 0 0 2.996545016765594 3.281576842069626 15.22906666249037 76.39960869401693 16.95957809686661 9.119663797318935 0.1601036787033081 0 0 0.1800537556409836
5.715940088033676 3.175762869417667 21.17513827979565 0.2838279083371162 0.4822955578565598 11.20461154729128 14.05369840562344 24.675632417202 0.2069083824753761 15.3301303461194 2535.444512434304 15.15079874545336 5.960716843605042 24.24772592633963 0 0.1215615645051003 735.9254984483123 852.7442155703902 3936.965883910656 4.094409719109535 6.716608308255672 0.8367822989821434 37.83275184780359 0.8531461879611015 33.20315863192081 6216.859256632626 224.3347668647766 3.043158531188965 66.11103032529354 22.64434985816479 268.3051319345832 26.45977385342121 4.24008160084486 1038.347658231854 7.121012464165688 388.8831133544445 830.4179472923279 1197.627298183739 427.4729446694255 14.10299575328827 4.731738053262234 7.256756529211998 1.16638021916151 0 7.385183855891228 2.375163175165653 0 0 0 0 0 0 0 47.46531572937965 0 74.01517540216446 0 0 0 0.1246653497219086 3.738582536578178 4.41706345975399 0 0 0.2684543281793594 0.3194882348179817 1.26293957233429 28.27373118698597 288.5434112921357 278.3684784397483 0 0 0 196.5830232426524 0 0 0.4744058474898338 0.5160641968250275 3.437850013375282 26.90995666384697 2.802591174840927 1.42037694901228 0 0 0 0
13.78846746683121 5.370581984519958 175.252309307456 0.4183568581938744 0.2261305749416351 13.0845655426383 40.9037651643157 60.75468690693378 0.1026768758893013 14.16193048655987 1882.125790461898 12.90249248594046 10.92227263003588 66.3676351159811 0.105737216770649 0.7303106337785721 4117.848509162664 3936.965883910656 2345.14759388566 3.873916633427143 42.75792441517115 0.9845090880990028 210.9525896683335 3.435390062630177 50.77134847640991 9414.451985880733 821.1178709641099 8.724843710660934 170.5143400356174 72.31034744530916 22.88995158672333 20.85123423486948 17.49854589998722 2245.744356036186 7.532995454967022 870.7294031530619 1517.620953463018 2136.118765719235 561.7944547459483 19.34518201649189 5.491666853427887 17.09233576059341 1.074150010943413 0 27.86117312312126 7.352445833384991 0 0 0 0.5668495148420334 0 0.1331039369106293 0.1607080847024918 16.53290400654078 0 32.63573642075062 0.1314510107040405 0 0.5808817520737648 6.437302894890308 2.915382504463196 17.16074370592833 0 0 0.5122332572937012 1.220422655344009 1.697632625699043 40.659692466259 473.062679849565 596.9504698812962 0.6557307541370392 0.2780662402510643 0.1531465798616409 138.1780772954226 0 0.148004412651062 2.402721248567104 2.154236257076263 6.192977584898472 32.9641417786479 7.610245957970619 6.562301963567734 0.1013286486268044 0 0 0
3.297180600464344 0.102691650390625 2.045157499611378 2425.446289107203 14.2518912255764 330.0250847861171 65.43581500649452 108.7137367650867 934.6604002118111 5267.773497864604 28.08171927183867 7069.716167211533 0.9464963600039482 64.49476174265146 257.4917141273618 0.1780714690685272 1.958826839923859 4.094409719109535 3.873916633427143 1060.175320968032 1.243086025118828 0 1.817019246518612 535.7439094185829 13.90312692523003 9.998532593250275 3.424928553402424 3240.261875398457 304.297721862793 2.204467952251434 0.977146252989769 73.05502069741488 8.057578131556511 155.2314764037728 24.28501684963703 1076.070394553244 23.08703034371138 546.298085346818 243.95261952281 660.8510134667158 48.02173171937466 6.685309827327728 8.32304473221302 0.4069443345069885 0 0.2898043394088745 226.5230743512511 0 13.63231467455626 65.02491502463818 0.7201086729764938 67.70073080062866 186.5735049545765 0.1490649729967117 176.2784515172243 0 2.830031365156174 84.09064239263535 0 0 0 0 327.0517778396606 1.990767300128937 0.2051466554403305 1.41306434571743 421.3251198604703 0.1740387827157974 0 1.44653394818306 484.5492397546768 4.339341193437576 0 0 0.4449172616004944 0 2.769432857632637 0.3255651593208313 26.19336773455143 0.1134975329041481 9.031549483537674 2.244702368974686 181.6798156797886 0 3.642490386962891 0
15.99401703476906 11.29131774604321 1130.126756906509 0.4058515280485153 0 10.88699670881033 1038.917815729976 64.30983857810497 116.1924688518047 17.7855059877038 23.75393177568913 1.563184648752213 5.079982161521912 79.67483516782522 0 2402.652562774718 1072.89530787617 6.716608308255672 42.75792441517115 1.243086025118828 14426.42359112203 153.618181206286 23204.2488758266 274.2853185236454 10.54448834806681 226.450347237289 1414.63266531378 4518.157698243856 197.8149426057935 12954.10875342041 3.273048929870129 2.996198400855064 27.88607855886221 2952.101761333644 168.4771908000112 8217.779799990356 1793.201572559774 7772.337195590138 2799.233343325555 408.5062773004174 12.94526518881321 7.17470558732748 73.1437841579318 1.906117334961891 0.7619214355945587 16.17752496898174 0.1540212482213974 0 0 28.68770845979452 0.1600867211818695 24.9779202491045 1.444419331848621 0 0 0 6.069518707692623 0 1108.309684768319 3.77624536305666 0 0.6116948202252388 0.1891137063503265 691.0756920054555 302.4518241360784 154.7640449777246 340.9434088915586 0.1431352198123932 2.226738259196281 120.692035548389 712.2332707121968 37.63677500188351 150.660009086132 0 0 5.951648391783237 11.56830611824989 13.67212239652872 98.63728337734938 6.342928163707256 12.13606168329716 7.609382666647434 4.849227488040924 0 0.6000533103942871 0.2033733278512955
0.5755075067281723 2536.761941738427 36.17046489566565 0.7049390077590942 0.3300182819366455 1.65888874232769 43.31585432589054 1.913642220199108 3115.975339479744 6.140339449048042 35.7113728299737 0.4650513827800751 247.4224253445864 1.612435586750507 19.8763208091259 3332.708968482912 1.936144977807999 0.8367822989821434 0.9845090880990028 0 153.618181206286 1040.239807076752 286.8690175190568 5725.770727515221 1248.411771699786 6.521972700953484 1009.65611872077 293.6875376701355 28.92441377788782 267.8689159303904 24.36052625626326 0.562603235244751 1.079860851168633 75.58193700015545 3.914732754230499 241.4869043678045 224.9121762439609 40.48860032111406 23.00738286226988 36.52847481518984 0.1871115118265152 15.89356769621372 0.4160222411155701 0.1431730836629868 17.29557549208403 41.14709012210369 1.267106600105762 0 0 5.904382199048996 0.6280476376414299 30.44141461700201 3.02866543084383 1.34761618822813 1.365323603153229 0.6268155500292778 2.155695587396622 0 1652.890827096999 4.005361273884773 0 1.165634900331497 1.47889544069767 106.6122873574495 648.006679803133 875.1485849320889 146.1445842757821 0.7795465961098671 2.094131797552109 2948.005533427 113.3245880976319 6.417498387396336 22.70752150565386 0.5043356642127037 0 1.038669347763062 3.607767350971699 0.6650811731815338 30.28417758643627 8.105266250669956 8.557569406926632 9.122247576713562 0.7048593908548355 2.565094336867332 0 0
64.1531355381012 24.13133572787046 11149.4741820097 2.078989438712597 0 27.09961612522602 1308.956090651453 304.3708800375462 24.53460225462914 38.96796289086342 82.0277027413249 1.296639017760754 12.57783624529839 445.020624615252 0.3448208719491959 3026.036048412323 6610.045719638467 37.83275184780359 210.9525896683335 1.817019246518612 23204.2488758266 286.8690175190568 28601.43528112769 742.3584083691239 9.455055430531502 1538.390123255551 10358.2778063044 3237.835772491992 331.3329023197293 4090.406998202205 13.73407874256372 16.08259150385857 35.41263768076897 2792.864976488054 233.1422344744205 12071.13513426483 10192.36554838717 8797.193341448903 4262.836901664734 632.2463196888566 39.01800871640444 17.24516329914331 98.22892463952303 0 9.439774461090565 239.270098477602 0.2098046839237213 0 0.1859271377325058 22.14547667652369 1.753379568457603 3.366563022136688 1.461011931300163 0.580804668366909 0 0.5112478286027908 2.057159587740898 0 2910.678861372173 6.468499943614006 0 2.153599821031094 0 230.2875039801002 804.7933780923486 3382.752968683839 116.3814892247319 0.1458211094141006 9.517194993793964 2751.622197300196 118.7863645553589 5.876566044986248 16.49567950516939 0 0 1.559984028339386 2.671607375144958 46.58809551596642 99.80488429218531 46.0915268138051 33.61122810095549 35.26326864212751 2.206783890724182 3.1944939494133 0.4810135662555695 0.5389670133590698
5.19050171226263 1139.360263429582 35.08908841758966 1732.730029821396 10.66887974739075 23.58971888571978 502.1225393787026 10.47059177607298 9455.532376125455 327.4800802394748 26.01201862096786 400.7804380729795 131.1068344414234 16.18992016464472 546.5025205984712 3295.256470791996 17.08785912394524 0.8531461879611015 3.435390062630177 535.7439094185829 274.2853185236454 5725.770727515221 742.3584083691239 7590.283931843936 621.8250189647079 49.87841273844242 2414.064939640462 7190.146585524082 179.2284915968776 179.9652406424284 26.09668004512787 4.525255888700485 48.02893681079149 101.7147180065513 89.33557487279177 2317.239582203329 200.09074344486 421.7483142614365 269.1126132160425 428.221705660224 17.74837332963943 3.70980092138052 13.43808390945196 3.517349801957607 5.780330911278725 18.08286002278328 378.8947941884398 0.7624523788690567 15.07731154561043 344.064135171473 10.58280616998672 928.6238047108054 299.8262111544609 23.90853288769722 154.4518929868937 0.936698354780674 24.21887531131506 59.4416246265173 567.5838170200586 5.811057023704052 0.9666406288743019 1.79257083684206 472.4382124021649 179.7283914461732 371.8062240704894 186.4484987780452 4678.098912186921 0.5192487016320229 4.618365056812763 257.8973332345486 3807.510751105845 88.09069208055735 208.2270533964038 0.6210357770323753 4.013348378241062 8.09121460467577 41.45121458172798 12.63187320530415 391.0406268909574 9.315604642033577 170.677761502564 73.87660324573517 134.978697732091 17.09470529854298 0.9092226177453995 2.005672618746758
0 2369.083539053798 4.500376433134079 0.9469412416219711 0.1228049173951149 3.127364806830883 42.60439771413803 0.9923969656229019 258.7450725883245 6.611686892807484 1667.579740904272 2.994116105139256 7100.089060932398 1.079850234091282 3.901709415018559 131.7810953184962 22.71930725127459 33.20315863192081 50.77134847640991 13.90312692523003 10.54448834806681 1248.411771699786 9.455055430531502 621.8250189647079 777.1085934713483 480.5163552761078 4140.602613992989 75.65985983610153 3.45354913175106 1.08197920024395 1492.313915573061 1.890536293387413 0 96.85527081042528 9.479050993919373 713.7488242387772 508.3346038684249 419.8575646057725 240.9963098913431 108.6495427265763 195.1245687007904 576.9838276803493 12.09330546855927 0 273.9801034778357 1.796081751585007 0.3986205607652664 0 0 0.2629949450492859 0 2.750668913125992 0.3195561766624451 318.252634331584 0.7878356426954269 1294.768116846681 0.1351038664579391 0 2.035729221999645 0.5450103729963303 1.119793310761452 9.553862929344177 0.232397198677063 0.6106431633234024 14.50056633353233 1.694311402738094 5.862415924668312 168.6380248963833 264.7459599301219 898.9747761785984 2.210968770086765 0 0.2108994424343109 320.7000731378794 0 0 3.469449415802956 0.4393375515937805 246.6910984963179 53.17657011002302 17.30862855166197 5.447165213525295 103.7701750695705 4.187235355377197 30.01991547644138 0.4002364575862885
35.17281100898981 60.61034991592169 7097.102586403489 1.047788433730602 0.8284484446048737 43.37350437790155 623.1010398343205 227.8212251216173 2.520614810287952 60.43508571386337 1381.841937370598 28.23010605573654 113.3303082734346 256.5283033326268 0.2555419132113457 11.63754199445248 4128.569320298731 6216.859256632626 9414.451985880733 9.998532593250275 226.450347237289 6.521972700953484 1538.390123255551 49.87841273844242 480.5163552761078 23747.82530969381 8359.157295115292 251.613439373672 284.7159776091576 326.5558877512813 752.8594965338707 58.63184558600187 23.74001961201429 1455.53343359381 27.16644442826509 2446.169045239687 6641.587559834123 4037.177176989615 1298.1565297544 46.60026443004608 17.36482520401478 150.0956814065576 6.384964846074581 1.892819218337536 382.201910585165 194.028847143054 0 0 0.123230092227459 3.454562671482563 0.7006244361400604 5.384747989475727 0.2134788185358047 196.8556699603796 0.09186816215515137 493.4058653339744 5.726207219064236 0.255805030465126 6.813693910837173 121.215730458498 35.76267733424902 234.542193248868 0.1161484643816948 0.6466652005910873 17.88493100553751 9.121282331645489 21.52750419080257 304.9781147614121 2327.079267971218 5064.101932324469 8.620937295258045 6.889003582298756 4.328657358884811 511.4623652026057 0.1416162550449371 0.2371760830283165 19.18738698214293 6.029743187129498 70.06080114096403 292.1113403514028 99.45536075532436 58.59323138743639 1.745450593531132 0.8244794011116028 2.745425216853619 1.357685998082161
22.16962911188602 5759.649220846593 6428.696310564876 4.093721985816956 0 19.51205426454544 415.1135799884796 88.87589877843857 107.0145619139075 46.80794907361269 382.2254246175289 9.133957199752331 1491.26726937294 126.9040585011244 1.282097235321999 2811.789780884981 4139.370396398008 224.3347668647766 821.1178709641099 3.424928553402424 1414.63266531378 1009.65611872077 10358.2778063044 2414.064939640462 4140.602613992989 8359.157295115292 34547.017563425 2595.495593033731 198.5116796568036 288.0282789766788 2059.858517304063 17.31400942802429 18.90670166909695 2260.893655598164 144.6860118508339 7318.582651495934 9231.595521919429 10166.26037856191 2145.224907264113 205.4066005200148 36.52896618098021 61.07689720392227 37.78743082284927 7.695317901670933 2870.666806846857 1991.009679533541 0.8275962024927139 0.09973554313182831 0.8606535643339157 70.64739897847176 18.37375790625811 45.94255109131336 5.80881529301405 152.8853698968887 0.9272096902132034 415.5945700407028 49.02799710631371 1.045348361134529 1381.251364514232 416.8407584801316 55.24082418531179 374.8651316389441 1.418834894895554 66.05682840943336 1268.619484931231 2552.382953040302 262.2634399980307 750.6830572485924 4411.134323522449 26164.69211560488 109.342695645988 16.08108891546726 14.13510438799858 803.4113912507892 0.7673155590891838 0.9678407236933708 83.92422813922167 30.36257936805487 346.0107925012708 644.8469154387712 339.8212755024433 217.4183103442192 7.349301755428314 1.124075867235661 3.178303726017475 1.230669178068638
16.21293692290783 134.8923310190439 341.8308591395617 2671.999620385468 2.22026788443327 265.7026976495981 15192.78405357152 66.51910039782524 1388.671448640525 8201.116010054946 24.21859423071146 808.8747426494956 36.9524242579937 67.58044644445181 81.19288565218449 3027.854373604059 73.20905235409737 3.043158531188965 8.724843710660934 3240.261875398457 4518.157698243856 293.6875376701355 3237.835772491992 7190.146585524082 75.65985983610153 251.613439373672 2595.495593033731 18235.08294569701 498.621616832912 4930.421033836901 13.2256523296237 28.50992128252983 206.3027223497629 568.8918979465961 256.7574683725834 5954.85772293061 477.351845510304 2043.054449684918 1096.313467644155 445.0401898249984 49.25491282343864 9.497812949120998 49.36073987185955 3.978671424090862 4.411494828760624 19.25823023915291 294.6577366068959 0 15.70543721318245 383.496262319386 9.322812855243683 367.3651084825397 290.2095683664083 24.17965278029442 153.438821002841 0.3715034425258636 14.1702539473772 69.16064734756947 390.6448195576668 4.601417601108551 1.435197971761227 1.973830781877041 456.6353231817484 152.0613969489932 134.3835783451796 122.5653516352177 3211.106343306601 0.8707169517874718 5.782193668186665 175.9748122170568 3239.948047161102 78.42942253500223 196.3048651218414 0.2628351822495461 5.844064742326736 5.315169520676136 40.90402188897133 22.03274037688971 334.0042890012264 5.435309045016766 141.9226642549038 50.45576010644436 136.3393191248178 12.90247094631195 4.480269201099873 2.541325509548187
3831.629150718451 2.741888388991356 151.0200745761395 74.20403312891722 0.2388448193669319 366.7305366918445 1616.86162943393 570.8904751837254 2.36997427791357 1190.057796403766 312.5156860128045 492.2114038392901 4.409314312040806 4913.851487658918 2.330555707216263 84.82823596149683 1072.192173391581 66.11103032529354 170.5143400356174 304.297721862793 197.8149426057935 28.92441377788782 331.3329023197293 179.2284915968776 3.45354913175106 284.7159776091576 198.5116796568036 498.621616832912 18658.51259712875 6058.73780696094 7.724026195704937 1532.277658604085 2401.715853400528 2297.078567020595 7.078499048948288 289.7292114570737 109.7682364434004 1221.166781313717 221.220094487071 125.6009400039911 158.3276344686747 1.043426558375359 1.15033046901226 0 0.7103308662772179 6.486065976321697 0.4324812665581703 0 0 0.4173329919576645 0.3055073618888855 0.4160425066947937 1.065217368304729 0 2.962659440934658 0.1057591885328293 0.2458599135279655 0 3.591805942356586 1.100220665335655 0 0.4387836530804634 0.725107729434967 1.209775112569332 2.523555964231491 3.435972556471825 33.3041682317853 0.1433954834938049 5.48083184659481 30.53824062645435 30.23599687963724 0.3107616007328033 1.474118873476982 0.2286745086312294 0 0 0 0.3629420399665833 6.943123854696751 2.18639413267374 1.555250614881516 0.2588879391551018 0 0 0 0
2270.167602553964 2.144387513399124 780.4700284972787 0.2509424462914467 0.7124157547950745 64.94052386283875 7976.491103865206 1207.326552815735 5.202938377857208 29.12845311313868 37.55637864023447 2.053491033613682 0.7111376971006393 3719.010877586901 0 346.5084510818124 1494.000757053494 22.64434985816479 72.31034744530916 2.204467952251434 12954.10875342041 267.8689159303904 4090.406998202205 179.9652406424284 1.08197920024395 326.5558877512813 288.0282789766788 4930.421033836901 6058.73780696094 10894.12917336076 3.492521792650223 86.36343490332365 1295.02338950336 3017.753451868892 107.8676678314805 2682.744224891067 525.0429075434804 3645.654463753104 959.5077827498317 187.8556766286492 12.43580056726933 1.977038852870464 26.87192986905575 0 0.6676888912916183 11.40347232669592 0 0 0 4.883473485708237 0.1917190700769424 5.40167111158371 4.600320726633072 0 0.1235781535506248 0 0 0 52.43063199520111 1.023708030581474 0 0.4565818384289742 0.1381297409534454 18.37393994629383 11.75011841952801 15.56883934140205 50.17095277458429 0 3.622790150344372 59.92641203850508 101.2182474285364 1.767886340618134 14.42171481251717 0.106577143073082 0 0.3351623117923737 0 6.108949169516563 48.58649728447199 3.493081294000149 3.598993137478828 2.485103130340576 0 0 0 0
