583.8299478888512 1.567580580711365 99.30198447406292 5.471967220306396 0 5.566063493490219 3409.004426114261 468.8857671394944 4.436193540692329 17.4870021790266 26.21275426447392 0.444552943110466 0.9296295344829559 7036.567613519728 0 0 76.6680511534214 19.20459366589785 67.60215723514557 0.3373077511787415 13.37755662202835 0 29.33231908082962 23.25265218317509 0 65.98992764949799 34.60124240815639 147.0251797735691 2804.482054576278 2398.790813036263 1.151861473917961 6.010181747376919 6.307571485638618 44.91697707027197 0 16.68641146272421 17.92649586498737 31.22632999718189 4.982470482587814 0.324577197432518 0 0 0 0 0 0 3.634025782346725 0 0 1.721455574035645 0 0 3.111399412155151 0 6.006125450134277 0 1.890170574188232 0 1.030025780200958 0.5631288290023804 0 0.1710143238306046 1.32766318321228 0.2917080670595169 0.7200924158096313 1.173339247703552 3.502145260572433 0 0.6689080223441124 4.436557345092297 7.121538996696472 0 0.307927131652832 0 0 0 0 0 0.3341651260852814 0 0.6209589540958405 0 1.493601083755493 0 0 0
1.567580580711365 346.2030612528324 91.04527285695076 0.1898085102438927 5.92010935395956 1.706550195813179 1.887843191623688 3.500615358352661 1057.427190795541 0.3031093627214432 237.5393810123205 11.74232765287161 954.6677486374974 3.55238926410675 64.67982076853514 70.1219325736165 224.2386531084776 10.58283120393753 134.561456695199 0.1139792650938034 8.457243978977203 4474.40180541575 5.645625218749046 1921.489965200424 3806.323137909174 533.3873788118362 8902.175628423691 20.97826364636421 3.646916255354881 4.147468976676464 49.47599421441555 0.5728098452091217 0.2676141411066055 48.73849236220121 2.588859632611275 284.5473893210292 207.2179058268666 349.0863448679447 96.88043367117643 73.98116780817509 1.398512110114098 163.3751716464758 1.695287570357323 0 74.85317896306515 55.5330513715744 0.3704647123813629 0 0 1.148365586996078 0 2.798303082585335 1.0411217212677 2.66738349199295 0 36.02639814466238 0.1489317566156387 1.461319670081139 8.871496349573135 93.38242484629154 5.868085086345673 57.07766863703728 0 1.572680793702602 28.0980613604188 6.23982860147953 19.03806736320257 20.83132182061672 431.8810936063528 3453.873934745789 4.9151556417346 0.284185416996479 0.29457026720047 17.82146647572517 0.1560850441455841 0 9.610899388790131 1.234199434518814 50.43987901508808 61.98269063234329 31.28081926703453 10.70850397646427 1.855109512805939 0 1.268115922808647 0
99.30198447406292 91.04527285695076 7087.313425943255 1.98194695264101 0.5839511156082153 72.71688660234213 542.673478782177 1202.132037088275 1.78421938419342 35.90593565255404 66.30990912020206 1.642085172235966 15.72379623353481 1067.187225453556 0.1962378472089767 10.39882704615593 9267.730286702514 114.8811702951789 399.099940776825 0.532062329351902 1741.597229018807 16.90074411034584 13689.09792298824 39.68212219327688 0 12439.30254663527 15004.67518039048 1304.197581015527 170.108322545886 614.4556460678577 27.176269993186 10.43168443441391 1.772955790162086 910.1228650808334 54.80308891832829 3046.257457055151 3240.865858435631 3896.873630911112 1372.242354296148 271.2274077087641 18.94746406376362 9.800404012203217 23.20249010622501 0.1840378791093826 127.6910084486008 1170.927247151732 0.3042012155056 0 0.6354261040687561 8.83373486995697 1.087081953883171 1.195297330617905 0.7113092541694641 0 0 1.102596670389175 1.499055579304695 0.7093622982501984 79.13098552823067 437.7675221562386 1.489517733454704 11.66483806073666 0 20.04621075093746 53.5383977741003 659.928778231144 76.64466124773026 0.1318196058273315 150.040221221745 4048.317743808031 25.87310506403446 0.3459622412919998 0.3944396376609802 0.565862238407135 0 0 15.59132741391659 28.16190785169601 132.9230397939682 58.90595588088036 90.36568194627762 66.11095550656319 9.429331853985786 0.7085122466087341 0 0.7121177613735199
5.471967220306396 0.1898085102438927 1.98194695264101 4397.391487270594 8.970221847295761 186.8897589296103 258.7239592894912 89.03677646070719 940.8587630093098 2882.672814957798 18.39582668989897 6696.397630698979 3.384894594550133 101.5725889801979 152.4473738521338 0 3.007855474948883 2.12917310744524 5.004702001810074 7054.68557369709 0.3181281238794327 0.5779967308044434 0.34162238240242 1577.479187771678 0 7.229009687900543 6.627357460558414 3418.53422549367 310.8289926871657 11.60423285514116 1.646894186735153 15.59161906689405 33.2492715716362 108.6896488294005 8.981509447097778 465.7422469034791 5.055566892027855 327.3054958060384 129.7323887422681 433.1368681564927 33.9930264800787 0.5869291126728058 3.361137188971043 0 0.760577380657196 0 671.5050855949521 0 10.49132207036018 45.94814042747021 9.942721046507359 67.00198937952518 324.7687026113272 6.171494036912918 169.25601490587 0 5.273471981287003 2.145500786602497 0 0 0.462000846862793 0 386.33818615973 0 0.5807502716779709 0 546.5785094499588 0 1.132985427975655 0.4929882511496544 340.2083963528275 3.818719662725925 0 0 0.7496302053332329 0 7.956154510378838 0.4610216617584229 113.1777670830488 1.126090288162231 49.8509923145175 0.7833898514509201 76.49717224389315 3.370181798934937 0 0
0 5.92010935395956 0.5839511156082153 8.970221847295761 271.5573674589396 602.157794855535 1.986580431461334 315.5489778891206 332.5304827988148 17.74870484322309 14.75989688932896 70.4024953097105 5.456260688602924 92.60602377355099 2619.59184140712 0 0.4365575835108757 1.250882185995579 1.835808262228966 11.81203415244818 0.2669238150119781 6.723671212792397 0.2465149760246277 51.55777931958437 0.9509173929691315 1.745649129152298 11.18450244516134 7.73678882420063 550.1728341281414 0.4627647995948792 1.141111984848976 2245.726415216923 0.6642425656318665 197.9881095588207 0.937517374753952 84.22070463001728 2.92318569123745 231.5862542614341 19.25331397354603 1854.299989826977 125.9736023396254 2.881747931241989 1.518631115555763 0 0 0 0 0 0 0.1498138308525085 0 0.4474794864654541 0 0 0 0 0 0 0 0 0 0 0.7836372032761574 0 0 0 1.64381967484951 0 0 0.4351373463869095 0 0.1372237652540207 0 0 0 0 0 0 0 0 0.6436469554901123 0 0 0 0 0
5.566063493490219 1.706550195813179 72.71688660234213 186.8897589296103 602.157794855535 15990.69160123914 1115.537544235587 8907.152321398258 245.5542959049344 10826.55104286969 76.2181116938591 6553.860406249762 38.47464163601398 608.8733569681644 706.1007370427251 0.7640486359596252 24.6006531342864 11.54765133559704 11.83140148967505 695.6805780529976 5.889297172427177 6.726252391934395 28.07849074155092 659.3549117743969 0.5435642972588539 65.03804141283035 51.02152729779482 745.9975024089217 1106.238867729902 66.26622050255537 3.551540948450565 1884.623256877065 19.02831433713436 458.0616191402078 6.119718372821808 410.7835884988308 24.28821163624525 475.9500689134002 97.60781654715538 3374.23414042592 272.679418630898 15.30052627623081 12.39069859683514 0 0.1762986034154892 2.393648147583008 34.25372646003962 0 3.31916880607605 12.86446745693684 2.487984240055084 8.720355227589607 18.59544166922569 0.3179511725902557 9.029967740178108 0 1.460878193378448 0.1433049440383911 0.4275496453046799 0 0 0 22.05658678710461 0.1240523532032967 0 3.048395872116089 129.4078856557608 0.1262583583593369 0.5982727035880089 4.890949741005898 62.38026240468025 4.154388263821602 9.053763866424561 0 2.187686681747437 0 0.1896242052316666 0 8.688250467181206 0.131258562207222 7.688886344432831 0.995299220085144 3.540007561445236 0 5.054341316223145 0
3409.004426114261 1.887843191623688 542.673478782177 258.7239592894912 1.986580431461334 1115.537544235587 19870.69934844226 3910.173245228827 184.7690749764442 12381.95984885842 44.83381231129169 11.26188539713621 11.31071888655424 7068.794876694679 7.558186247944832 11.01593513786793 198.6507432535291 11.79943574965 46.55427603423595 143.4140976443887 90.76087856292725 7.111474260687828 239.9666566252708 2601.203538529575 0.3431751430034637 260.1959016099572 667.6551327630877 26806.07113540918 2327.212759390473 10139.6486184001 6.866960026323795 29.72089853137732 73.59953930974007 186.1199846863747 7.330019474029541 554.0705938562751 87.31812707334757 610.6783049181104 172.7827254533768 36.64633648097515 26.22238310426474 1.278498686850071 3.774304509162903 0 4.861736863851547 11.45437559485435 115.6990956515074 0.1366190761327744 12.45241603255272 40.49813264608383 15.76975928246975 48.65256275236607 74.58428221940994 0.7798002958297729 10.25028337538242 0.106434091925621 4.434545174241066 0.8619797229766846 13.23706683516502 4.443671345710754 0 1.736672267317772 66.78206518292427 8.724750429391861 0.8277182430028915 8.395306080579758 351.2786609679461 0 2.650121912360191 61.97922746837139 227.1710222959518 8.829239472746849 11.74357590079308 0 0.4787383824586868 0 2.496516048908234 0 37.30486327409744 0.1256145834922791 42.49781219661236 2.627591103315353 19.20709355175495 1.123517751693726 0 0
468.8857671394944 3.500615358352661 1202.132037088275 89.03677646070719 315.5489778891206 8907.152321398258 3910.173245228827 18428.36507084966 52.29807782173157 2737.570289671421 270.5682385861874 1058.048049077392 49.78316262364388 12709.79977765679 111.9488828033209 0.3355124741792679 484.9795736446977 140.4972283542156 419.9809577092528 230.5193547159433 108.4230399951339 2.027609303593636 296.0744786262512 432.8942069262266 1.182691268622875 693.2807762101293 393.8056820258498 1181.064109653234 1338.017503008246 663.0328942164779 10.85906749218702 2012.847774587572 27.87851469963789 700.2913222759962 9.344907373189926 824.0461386367679 219.0604880675673 649.4327000156045 117.531616024673 1400.507340148091 228.9079773277044 17.01281400024891 13.35548432171345 0.658814549446106 2.624866127967834 8.775042429566383 19.14976914227009 0 1.916793659329414 16.18501454591751 1.132214948534966 10.50004103779793 15.74443021416664 0 2.005419634282589 0.1052238941192627 0 0.1732642352581024 5.36576609313488 2.42292058467865 0.4848565384745598 0.5020096600055695 7.397266179323196 1.939843945205212 5.105232000350952 19.5813235938549 115.0614356771111 0.1565081179141998 3.566155806183815 70.71542942523956 71.29623282700777 2.871806755661964 15.69070309400558 0.2023361474275589 0 0.2590248882770538 1.349181264638901 0 17.09131854772568 0.1171388179063797 13.38205689191818 2.230963498353958 5.877739906311035 0 0 0
4.436193540692329 1057.427190795541 1.78421938419342 940.8587630093098 332.5304827988148 245.5542959049344 184.7690749764442 52.29807782173157 957.0455685257912 362.8470024764538 23.72309546172619 504.2200607135892 60.72334513068199 84.59781045466661 1176.257217444479 56.57620853185654 9.042616374790668 0.130189374089241 6.002794302999973 704.1652733236551 23.14499302208424 3097.753497466445 1.905049040913582 11462.3719458878 244.9182378798723 29.74151761829853 807.9724850058556 822.7111723572016 26.5930719524622 92.43604332208633 5.361455611884594 30.21298342198133 6.938596487045288 30.61982150375843 0 165.2882553786039 17.06116093695164 72.68735721707344 22.93369203805923 1756.632194206119 24.0802663564682 5.835721030831337 1.506935358047485 0.1860547661781311 22.30178798735142 1.849144160747528 283.0264328271151 0.1261693835258484 7.809848248958588 35.5970506966114 7.473709590733051 49.64006108045578 80.46945879608393 2.081060737371445 130.1901084035635 3.973036006093025 8.51512610912323 1.292295604944229 41.09360371530056 0.906928077340126 0.4136982262134552 0.2459389269351959 151.1847545206547 22.19617410004139 44.14685316383839 1.100291937589645 1422.338463142514 2.629893317818642 4.19217886030674 32.6115555614233 331.6664439439774 9.826294973492622 18.77804347872734 0.7865393757820129 3.095474071800709 0 3.958528384566307 0 58.56649987399578 2.374020025134087 30.21681269258261 2.905427157878876 35.77574826776981 0.9341273903846741 0 0
17.4870021790266 0.3031093627214432 35.90593565255404 2882.672814957798 17.74870484322309 10826.55104286969 12381.95984885842 2737.570289671421 362.8470024764538 37959.79284161329 214.6458368673921 3158.25142904371 62.08735575526953 1403.763171486557 51.10248456895351 0.2301888763904572 13.72933727502823 33.93577961623669 32.520891264081 6152.995824679732 3.342996962368488 0 17.99793550372124 893.9613384157419 1.85464870929718 82.48473406583071 94.11382264643908 10785.26397386938 2271.407693207264 46.78684324026108 11.66251230239868 166.192156560719 59.85430634766817 805.7738669142127 53.28395131975412 2418.576866231859 53.36394926905632 2784.924497328699 687.4910442531109 289.574557736516 298.4402544572949 10.99987242370844 28.51138810068369 0 2.226664640009403 3.054204732179642 718.1212663725019 0 11.50735817849636 109.5586373507977 14.46226166188717 97.83947609364986 508.5229302346706 4.305341899394989 143.7539214640856 0.2697495520114899 12.79248056560755 1.611489549279213 3.009336709976196 0 0 0.255478709936142 443.6901655942202 0.9617940783500671 0 1.750615388154984 897.5236750468612 0.2701403647661209 1.048035696148872 12.88912209868431 534.1770742163062 15.70283629000187 6.836730122566223 0 1.461262390017509 0 5.255871117115021 1.968349322676659 107.4755944013596 2.929179653525352 68.3432382196188 3.425212562084198 37.42803579568863 2.355618059635162 0 0.2510193586349487
26.21275426447392 237.5393810123205 66.30990912020206 18.39582668989897 14.75989688932896 76.2181116938591 44.83381231129169 270.5682385861874 23.72309546172619 214.6458368673921 19225.09082432836 174.8740154951811 5028.470225825906 410.9012225717306 1.734628900885582 0.7242327332496643 476.5124152526259 1892.385599806905 1180.234492227435 46.52519875764847 94.86982153356075 45.22274538874626 109.3042687922716 94.89519087970257 1359.09619346261 4128.037003330886 3528.073300555348 81.65409101545811 767.9755801856518 517.161415502429 1138.122157268226 167.3699514567852 61.7816089168191 9141.479308411479 3.427804753184319 336.8187841549516 4901.134493894875 6178.661626972258 508.5272036194801 28.73199090361595 17.09837732464075 340.2595762014389 2.267418727278709 0.107943169772625 51.30129586160183 1.503715455532074 0.4933516085147858 0 0 0.9308760166168213 0 2.267355352640152 0 94.79631297290325 0.1094244346022606 1333.201394073665 0 0 0.3885181024670601 2.822575569152832 10.4682933986187 2.615149140357971 0 0.9909089356660843 2.533042080700397 0.711553692817688 23.04159329086542 441.9969457983971 114.6957772821188 801.624972589314 12.41188529878855 0.3237914815545082 1.3635019287467 96.81569550931454 0 0 0.3197184652090073 2.623053163290024 28.26389076560736 551.017297051847 2.412129148840904 0.6537266969680786 0.9381203055381775 0 264.4148313701153 0
0.444552943110466 11.74232765287161 1.642085172235966 6696.397630698979 70.4024953097105 6553.860406249762 11.26188539713621 1058.048049077392 504.2200607135892 3158.25142904371 174.8740154951811 7351.134507775307 53.72716749459505 339.7467378079891 807.6753041222692 0 1.850606136023998 22.52504266798496 16.38551159948111 5180.284151479602 0.4337023943662643 26.82466410845518 0.7437288537621498 2440.774429216981 4.539604604244232 48.27654941380024 53.82126351445913 407.6430196091533 795.2355813905597 6.080692179501057 8.655443780124187 162.2054683566093 1.783607348799706 852.6237185150385 13.17903959751129 509.5729674994946 16.77827924489975 1770.889893896878 252.7512712478638 2396.711824320257 233.0540705025196 11.28689754754305 8.723371624946594 0 0.3914134874939919 0 120.4276942312717 0 1.238853842020035 4.636851638555527 1.41596557199955 7.754605077207088 36.22439308464527 0.1089589595794678 109.9871179461479 0.1596402823925018 1.103014722466469 0.2576329708099365 0 0 0 0 109.5691478997469 0 0 0 79.99628113955259 0.3341565430164337 1.159372217953205 2.756631299853325 43.52968525886536 0.4581632018089294 0 0 0.1306330263614655 0 0.6126607358455658 0 32.40693993866444 0 8.641210988163948 3.282254099845886 27.94042083621025 0 0 0
0.9296295344829559 954.6677486374974 15.72379623353481 3.384894594550133 5.456260688602924 38.47464163601398 11.31071888655424 49.78316262364388 60.72334513068199 62.08735575526953 5028.470225825906 53.72716749459505 7314.379009842873 24.74548532068729 4.389902114868164 8.242323622107506 29.80607590824366 118.9446698129177 22.24942755699158 12.46922732889652 16.1603052765131 137.4390718862414 20.97144876420498 128.5727362185717 6204.132020644844 1949.23208527267 9169.583172053099 29.41235346347094 58.37757711857557 21.95411869138479 796.4704374670982 89.47236592322588 0.3441386818885803 1374.225141048431 62.53464205563068 2408.710182636976 7875.1904014498 6387.755885951221 739.1234963387251 79.66835191100836 375.2998596131802 1728.803267732263 22.0681004524231 0 95.29796305298805 1.17333035171032 0 0 0 0 0 3.446084804832935 1.75848376750946 285.0656891316175 0 4426.090363159776 1.318831920623779 0 1.220060586929321 0.1875402480363846 30.77068340778351 3.073505476117134 0.1075962707400322 4.181810088455677 7.444729700684547 0.6019988358020782 24.87734825909138 2062.07142393291 307.2923108041286 2503.24738035351 16.8984682559967 0.5504168272018433 2.74289608001709 379.775166451931 0 0 8.889950685203075 23.30493967235088 208.541056022048 1287.71424087882 15.78479564189911 2.565586864948273 16.33275957405567 0 361.8996875286102 0
7036.567613519728 3.55238926410675 1067.187225453556 101.5725889801979 92.60602377355099 608.8733569681644 7068.794876694679 12709.79977765679 84.59781045466661 1403.763171486557 410.9012225717306 339.7467378079891 24.74548532068729 13029.58066452295 5.986815735697746 1.226073309779167 747.9180935174227 298.6850645169616 856.860393024981 112.5397968888283 132.0839812904596 2.061053097248077 234.7950172200799 683.0362674593925 0.912915825843811 751.1465268284082 376.7897893935442 1452.343425147235 9886.518428489566 3353.226329058409 16.43488955497742 557.7904726415873 57.702651694417 683.2682362496853 8.379730395972729 498.191084228456 219.7308718711138 519.1604013442993 78.91051087528467 210.2802548483014 37.87759783864021 3.694376170635223 4.90697854757309 0 1.976450622081757 8.798101648688316 92.85034123063087 0 5.707740545272827 34.93362292647362 1.696969270706177 23.79345834255219 65.40227892994881 0.5781660676002502 9.121092520654202 0 5.721994861960411 0.3348410278558731 3.91152910888195 0 0 0.2994674444198608 60.48031698167324 4.471847087144852 4.797917068004608 18.27113668620586 305.4103943929076 0 5.613964840769768 53.64716822654009 176.5485012531281 7.509717494249344 12.96603848040104 0 0 0 6.255149453878403 0 37.85853940248489 0 32.08068813383579 3.270793303847313 0.9535167813301086 2.128471851348877 0 0
0 64.67982076853514 0.1962378472089767 152.4473738521338 2619.59184140712 706.1007370427251 7.558186247944832 111.9488828033209 1176.257217444479 51.10248456895351 1.734628900885582 807.6753041222692 4.389902114868164 5.986815735697746 385.0710223987699 0 1.755914099514484 0 0.2915429323911667 175.0776968598366 0 123.5783977285028 0 1067.469863310456 20.89883787930012 1.240751415491104 81.35320615768433 52.77379389107227 63.62389662861824 0.5110165625810623 0.4147110283374786 740.659419387579 0.5520223081111908 26.32724891602993 2.369085669517517 12.77708540856838 1.011422112584114 7.332739025354385 1.807568177580833 1513.231872938573 371.3875949308276 0 0.1535497456789017 0 0 0 0.8085526451468468 0 0 0.2429368495941162 1.100611448287964 0 2.100973755121231 0 0.803191140294075 0.4448510408401489 0 0 0.1739790439605713 0 0 0 0.5678541958332062 0.463776707649231 0.2953727394342422 0.3042948246002197 16.8850070014596 0 0 1.247681230306625 2.923515483736992 0.1438852101564407 0.4357851445674896 0 0 0 0 3.820701688528061 2.998030990362167 0 0.5739195644855499 0.2411704808473587 0 0 0 0
0 70.1219325736165 10.39882704615593 0 0 0.7640486359596252 11.01593513786793 0.3355124741792679 56.57620853185654 0.2301888763904572 0.7242327332496643 0 8.242323622107506 1.226073309779167 0 8937.632363915443 30.84200957417488 0.4899238795042038 8.736405983567238 0.321938157081604 5552.429040059447 2563.051485344768 6318.662665307522 3185.393920227885 10.51262025535107 11.05360481142998 7382.141213238239 1686.08328987658 0.8022000640630722 109.6555907353759 0 0 0.1813668310642242 29.99925806373358 21.51973667740822 3178.789917722344 929.5309953093529 596.89355751127 807.725036598742 129.4976451843977 1.154164254665375 5.885884806513786 29.43593171238899 2.097686916589737 6.132069557905197 9.169384315609932 4.481516942381859 0 0.7231190502643585 11.88562609255314 1.678606227040291 38.64960415661335 0.6742002293467522 0.2783411145210266 0 0.6038783043622971 4.20105604827404 0.4306024014949799 8827.952496469021 4.973522067070007 0.9385453090071678 1.286118417978287 0 1550.528604060411 1575.107201293111 3373.098013713956 811.5766358971596 0 7.608438819646835 2797.381714969873 704.9147717878222 16.05950031429529 236.2410819232464 0 0.147066205739975 2.753339745104313 4.165251843631268 2.95555280148983 208.2911899462342 59.48168614506721 59.36853344738483 47.28374928236008 22.44035616517067 2.928354725241661 6.253957211971283 8.496021151542664
76.6680511534214 224.2386531084776 9267.730286702514 3.007855474948883 0.4365575835108757 24.6006531342864 198.6507432535291 484.9795736446977 9.042616374790668 13.72933727502823 476.5124152526259 1.850606136023998 29.80607590824366 747.9180935174227 1.755914099514484 30.84200957417488 353.7243024259806 257.8942333981395 2523.370259948075 0.4474717676639557 1283.384568609297 45.90259498357773 4461.742301747203 66.80148658901453 0.7052588611841202 2803.529968313873 8684.182342201471 348.8346318304539 362.195746012032 4105.282765366137 5.075279220938683 7.931868009269238 11.94921470433474 3337.499030351639 3.484936758875847 589.8154416978359 3741.040402799845 1322.714434526861 239.8899391889572 17.96010088175535 2.931587472558022 17.92795516550541 2.28253310918808 0 87.63975243270397 249.5110762864351 0 0 0 0.5165175050497055 0.7616730332374573 0.2901776432991028 0 0 0 0.9687463194131851 0 0 20.68027032911777 151.8308002054691 4.414770111441612 37.16079218685627 0 11.24497564136982 13.91210581362247 46.66444219648838 16.76803770661354 0 255.9634521305561 1429.370130255818 10.73611292243004 0.218325674533844 5.4429702013731 2.671237230300903 0 0 6.631886780261993 2.559493005275726 52.74058872461319 40.25146736204624 23.19863586127758 17.20028381049633 1.049428999423981 0 0.1104828044772148 0
19.20459366589785 10.58283120393753 114.8811702951789 2.12917310744524 1.250882185995579 11.54765133559704 11.79943574965 140.4972283542156 0.130189374089241 33.93577961623669 1892.385599806905 22.52504266798496 118.9446698129177 298.6850645169616 0 0.4899238795042038 257.8942333981395 256.6207063570619 1884.664690814912 5.983960129320621 29.61515209823847 0.2961229383945465 156.6633937954903 9.265327297151089 84.09756495058537 2065.952764704823 263.2532020509243 25.49830457568169 249.5779438614845 304.7396803572774 93.68416020274162 18.90657532960176 13.49626979976892 814.1132069528103 2.995360888540745 635.2629125714302 1470.550584435463 1592.091171346605 381.6472109481692 8.449328228831291 1.158033937215805 23.29698848724365 1.426269352436066 0 16.06017619371414 0.9021127074956894 0 0 0 0 0 0.5444063395261765 0 9.375039517879486 0 97.57924301922321 0 0 0.1121923103928566 1.42279589176178 24.76257161796093 9.179201602935791 0 0.9687946885824203 1.11104267090559 0.2480995953083038 3.865445449948311 32.11072224378586 198.9125439077616 652.620920278132 1.997997559607029 0 0.1183390691876411 55.2755293995142 0 0 0.8451700210571289 0.6415650546550751 13.25033191591501 91.71651238203049 4.003514781594276 0.3777946531772614 0 0 0.2107257395982742 0
67.60215723514557 134.561456695199 399.099940776825 5.004702001810074 1.835808262228966 11.83140148967505 46.55427603423595 419.9809577092528 6.002794302999973 32.520891264081 1180.234492227435 16.38551159948111 22.24942755699158 856.860393024981 0.2915429323911667 8.736405983567238 2523.370259948075 1884.664690814912 2940.598728477955 7.311260804533958 145.0466818884015 12.53588805347681 486.9881833568215 35.35682129114866 19.18465214967728 5319.337531335652 2142.222894869745 87.99095138907433 875.2840831950307 1838.565387383103 14.6253622546792 17.52294115722179 57.80619090050459 4207.990590497851 4.199130341410637 1107.85299936682 1936.126911021769 2856.657469965518 467.937477581203 15.85117942094803 2.163428045809269 3.99078655987978 3.630319193005562 0.1123104095458984 87.60868033766747 33.29659724235535 0 0 0.4155004322528839 0.7348407655954361 0 1.180160403251648 0.4762468114495277 13.80864731967449 0 39.25882183015347 0.7113687172532082 0.2627305090427399 6.770840965211391 68.00120449066162 35.25965438783169 108.4375314712524 0 4.836852088570595 7.910764880478382 2.973229847848415 12.58314538747072 8.116007298231125 1103.800957471132 1854.878069363534 4.690338470041752 0.841612920165062 1.380442723631859 41.01638551056385 0.1494958847761154 0 13.59075513482094 1.9712093770504 51.29301901161671 125.1953154429793 35.72929935902357 16.93635262548923 1.32931162416935 0 1.48652096092701 0
0.3373077511787415 0.1139792650938034 0.532062329351902 7054.68557369709 11.81203415244818 695.6805780529976 143.4140976443887 230.5193547159433 704.1652733236551 6152.995824679732 46.52519875764847 5180.284151479602 12.46922732889652 112.5397968888283 175.0776968598366 0.321938157081604 0.4474717676639557 5.983960129320621 7.311260804533958 1522.251139514148 0.1095980778336525 0.09127729386091232 2.127111688256264 700.1297934651375 0.1990631148219109 12.52980884164572 13.97976038604975 1359.620281547308 353.2756603732705 1.89302271604538 2.424908958375454 40.15244463831186 3.589460618793964 229.9698373004794 5.671865969896317 571.0624027848244 10.81975548714399 670.8752463832498 148.6492511108518 818.9288725033402 96.11675880104303 3.722690925002098 8.226060375571251 0 0 0.1615651398897171 382.8565468266606 0 7.532031878829002 28.05201984941959 4.852729015052319 31.22198037803173 197.46489995718 1.119621813297272 179.1281984820962 0 0.7834415286779404 1.400928139686584 0 0 1.834713697433472 0 307.3772526830435 0 1.04031503200531 0.2487624883651733 312.8483687341213 0 0.1272020936012268 0.5028750151395798 176.0778137594461 4.004653751850128 0 0 2.276859998703003 0 0.9918372333049774 0.2231761068105698 66.56424404680729 0 12.45072127878666 1.836177125573158 49.28908777236938 0 0 0
13.37755662202835 8.457243978977203 1741.597229018807 0.3181281238794327 0.2669238150119781 5.889297172427177 90.76087856292725 108.4230399951339 23.14499302208424 3.342996962368488 94.86982153356075 0.4337023943662643 16.1603052765131 132.0839812904596 0 5552.429040059447 1283.384568609297 29.61515209823847 145.0466818884015 0.1095980778336525 16412.29757024348 67.75293011218309 30870.36129958928 183.6750961020589 1.157780915498734 362.9670830443501 3552.673013851047 7434.325080662966 133.714218147099 9521.474005013704 2.364499807357788 5.963802188634872 15.51235407590866 3126.812820732594 102.0591788440943 11481.32059903443 2459.734647080302 8827.945954874158 3992.622654683888 416.2095230817795 9.425669685006142 18.18232071399689 96.2156698256731 2.552061945199966 2.219830386340618 21.5204860419035 1.617322877049446 0 0.266486331820488 7.705265000462532 1.133927896618843 19.78838334977627 0.3723548054695129 0.1296230554580688 0 0.3833623230457306 4.378029860556126 1.321688316762447 1204.295491747558 2.86736273765564 0.2353501096367836 0 0 1026.944221273065 120.4142736941576 266.4192159026861 466.2389316186309 0 4.201937541365623 167.5818362087011 531.1262046098709 20.66210733354092 268.0483624562621 0 0.2154427617788315 1.580711156129837 3.995364278554916 3.460881859064102 85.37927360087633 6.187203764915466 8.533235736191273 5.090196937322617 0.3857441619038582 0 8.510699808597565 2.709142029285431
0 4474.40180541575 16.90074411034584 0.5779967308044434 6.723671212792397 6.726252391934395 7.111474260687828 2.027609303593636 3097.753497466445 0 45.22274538874626 26.82466410845518 137.4390718862414 2.061053097248077 123.5783977285028 2563.051485344768 45.90259498357773 0.2961229383945465 12.53588805347681 0.09127729386091232 67.75293011218309 2595.643926821649 81.70301428437233 7609.765259936452 1319.698302477598 60.09829362481833 8407.228276059031 115.3105709701777 4.552459232509136 13.94071786105633 11.44817662984133 0.7940018996596336 0.4401978850364685 11.99425034224987 0.920314684510231 106.0764034464955 59.13803340494633 76.47223810851574 30.59409970790148 165.758449934423 0.5383265540003777 6.249655455350876 0.3932854011654854 0 280.0815782621503 30.24953576922417 0 0 0 3.664223968982697 0.3594583868980408 15.25381347537041 0 0.144420251250267 0 5.226831637322903 0.8015207499265671 0 1168.828572228551 9.718038663268089 0.1750045120716095 1.497296959161758 0 119.4455324411392 107.3613256663084 188.5109055489302 121.5112303122878 2.392977744340897 32.01004043221474 1044.007554762065 62.20802441984415 2.388100400567055 8.688394039869308 1.781252503395081 0 0 0.8256931602954865 0 22.23781663179398 15.0959370881319 6.625393450260162 4.158842474222183 1.342316552996635 0 0 0
29.33231908082962 5.645625218749046 13689.09792298824 0.34162238240242 0.2465149760246277 28.07849074155092 239.9666566252708 296.0744786262512 1.905049040913582 17.99793550372124 109.3042687922716 0.7437288537621498 20.97144876420498 234.7950172200799 0 6318.662665307522 4461.742301747203 156.6633937954903 486.9881833568215 2.127111688256264 30870.36129958928 81.70301428437233 21098.45920022577 179.9087427854538 0.5172962695360184 2456.985307134688 13395.24199539423 2316.798910200596 51.78777104616165 5162.564480386674 21.80600368976593 4.831424534320831 2.414659306406975 2856.572158433497 122.7700024843216 15862.24884031713 7998.084918856621 11789.64186146855 8562.87709955126 1327.961423039436 26.44786917418242 16.99128997325897 177.8424837589264 0 20.46302814781666 215.2587331235409 0.9863039553165436 0 0.6743101626634598 9.363251909613609 0.5466910600662231 0.5520432740449905 0.3094271123409271 0.1752612292766571 0.1246034204959869 0.4332752823829651 0.4387428686022758 0.1610186994075775 2515.729146957397 15.25827287137508 1.873994886875153 1.989228203892708 0 501.568934880197 336.5376423150301 2157.911406412721 171.9701248183846 0.232837125658989 12.15368455648422 3402.769488759339 130.4405493587255 1.458413273096085 38.86578603088856 0 0 0.1555899679660797 5.596574023365974 13.06107203662395 219.544664144516 65.2328304797411 89.30752927064896 68.90833258628845 27.89387537539005 1.443265587091446 1.128485798835754 4.165472567081451
23.25265218317509 1921.489965200424 39.68212219327688 1577.479187771678 51.55777931958437 659.3549117743969 2601.203538529575 432.8942069262266 11462.3719458878 893.9613384157419 94.89519087970257 2440.774429216981 128.5727362185717 683.0362674593925 1067.469863310456 3185.393920227885 66.80148658901453 9.265327297151089 35.35682129114866 700.1297934651375 183.6750961020589 7609.765259936452 179.9087427854538 10955.66886916012 560.2169186845422 87.02446587383747 6248.734137803316 6555.777135111392 1125.511267229915 1543.097305327654 14.10804969072342 73.33147348463535 337.3263998776674 516.546669639647 78.17375390231609 4877.278760336339 177.9582707956433 2443.863606981933 888.5333692952991 1802.632691189647 243.2488881126046 35.75636385381222 25.76824560761452 11.71412362158298 17.02854965627193 16.45540715754032 1386.129804238677 0.9426426142454147 75.19990156590939 559.0415312796831 137.4741052240133 1350.848439201713 786.5510040745139 30.22419792413712 285.210120677948 11.03864624351263 143.9084151312709 20.44948271661997 1147.635752171278 6.2251380905509 8.777505107223988 6.780051909387112 839.6586308702826 595.6465493142605 441.075404882431 239.8032272607088 9618.669014565647 5.575790025293827 20.6377979144454 269.8344380408525 4518.461856536567 186.9556367993355 687.6865904703736 2.162312969565392 24.53110215067863 4.861928835511208 84.74839571118355 0.1762048751115799 757.6134547665715 12.27000151574612 491.5506512001157 56.0872949436307 250.2744040191174 18.88032381236553 29.03137442469597 4.520105890929699
0 3806.323137909174 0 0 0.9509173929691315 0.5435642972588539 0.3431751430034637 1.182691268622875 244.9182378798723 1.85464870929718 1359.09619346261 4.539604604244232 6204.132020644844 0.912915825843811 20.89883787930012 10.51262025535107 0.7052588611841202 84.09756495058537 19.18465214967728 0.1990631148219109 1.157780915498734 1319.698302477598 0.5172962695360184 560.2169186845422 753.7165276631713 660.6214353740215 4248.113453410566 8.088128194212914 1.311780892312527 11.8073792308569 334.3004303872585 1.13086898624897 0.1252994686365128 144.9323793053627 1.727121293544769 368.3675315082073 558.0643306598067 976.7105941921473 110.745570987463 34.26124799251556 51.11525368690491 1587.174128070474 7.847489356994629 0 48.98076415061951 0 0 0 0 0 0 0.9607876762747765 2.880816698074341 94.00682388246059 1.358564853668213 1217.20529807359 0 0 0.114115796983242 0.1874549239873886 34.22679801285267 5.129499934613705 0 0.1199388578534126 4.389248013496399 0.1917178779840469 13.90186320245266 616.4600868523121 325.1180156767368 2268.335683956742 2.780334800481796 0.2232065051794052 7.570727944374084 199.0646102130413 0 0 0.6485249996185303 1.711194187402725 130.3587419688702 285.6725139021873 6.776373833417892 0.7468127012252808 17.13462698459625 0 118.1785973906517 0
65.98992764949799 533.3873788118362 12439.30254663527 7.229009687900543 1.745649129152298 65.03804141283035 260.1959016099572 693.2807762101293 29.74151761829853 82.48473406583071 4128.037003330886 48.27654941380024 1949.23208527267 751.1465268284082 1.240751415491104 11.05360481142998 2803.529968313873 2065.952764704823 5319.337531335652 12.52980884164572 362.9670830443501 60.09829362481833 2456.985307134688 87.02446587383747 660.6214353740215 42214.92718074471 20063.63292017579 397.094832457602 350.8955860063434 537.7802630960941 2443.584671765566 29.28019393235445 14.29228062927723 1566.843591786921 21.01803350448608 2495.918909281492 6425.96522847563 5677.950393147767 1198.467161498964 51.04221865534782 7.727785743772984 65.52296681702137 10.38381798565388 0.1436471939086914 508.991465985775 273.3297892361879 0 0.125236451625824 0 0.9938070252537727 0.1925917118787766 4.14329768717289 0.1249204650521278 81.69046324491501 0 665.0733019933105 0.7952861487865448 0.1902031153440475 14.89491675794125 224.8900905996561 149.0462534576654 310.9199822992086 0 2.464080289006233 26.17516823112965 16.06484156847 32.6058330014348 329.2410009950399 2800.003401964903 7857.024624973536 4.086749032139778 1.341015033423901 1.204436600208282 282.485189139843 0 0 24.07881860435009 9.195307642221451 121.5347629263997 540.0051296725869 106.7883615270257 23.7980260103941 5.076884388923645 0 4.083336234092712 0.9168358445167542
34.60124240815639 8902.175628423691 15004.67518039048 6.627357460558414 11.18450244516134 51.02152729779482 667.6551327630877 393.8056820258498 807.9724850058556 94.11382264643908 3528.073300555348 53.82126351445913 9169.583172053099 376.7897893935442 81.35320615768433 7382.141213238239 8684.182342201471 263.2532020509243 2142.222894869745 13.97976038604975 3552.673013851047 8407.228276059031 13395.24199539423 6248.734137803316 4248.113453410566 20063.63292017579 39180.63166136295 2977.087591916323 215.0072279572487 284.7994218915701 5084.407720670104 20.2448942810297 24.35605800151825 2655.752220883965 148.1497182995081 12068.21441054344 8270.224521368742 13587.13422901928 4733.113801449537 1065.52431409061 32.38192293047905 58.84578135609627 96.97328752279282 0.1761795431375504 3885.678341120481 2994.791302233934 1.722235694527626 0.2583388984203339 1.174638278782368 31.8520155325532 4.100286692380905 14.59693451970816 3.888544037938118 106.4709639698267 0.1313105076551437 886.5032529234886 2.124326318502426 2.137468069791794 975.6757969036698 1223.983499497175 164.2941124290228 623.271014355123 0.2036586850881577 172.5209673941135 2243.350345119834 3418.450223788619 525.532686188817 540.2152322158217 5722.996800839901 38075.6100705862 173.426157027483 3.438802659511566 5.482820712029934 386.8646207153797 1.412660092115402 0 80.00480938702822 74.1203972697258 1078.992367245257 1034.793069116771 572.1450016200542 336.2616141214967 78.24890790879726 4.445338770747185 9.831917196512222 11.6290610730648
147.0251797735691 20.97826364636421 1304.197581015527 3418.53422549367 7.73678882420063 745.9975024089217 26806.07113540918 1181.064109653234 822.7111723572016 10785.26397386938 81.65409101545811 407.6430196091533 29.41235346347094 1452.343425147235 52.77379389107227 1686.08328987658 348.8346318304539 25.49830457568169 87.99095138907433 1359.620281547308 7434.325080662966 115.3105709701777 2316.798910200596 6555.777135111392 8.088128194212914 397.094832457602 2977.087591916323 24451.98107393086 2329.316146925092 14019.4827773273 7.337302312254906 57.75453025847673 690.8066396638751 1172.967993572354 133.6274477690458 7613.641046337783 480.3365777432919 5171.435983434319 1818.406355060637 400.7929197177291 192.6882877647877 24.14090663939714 51.49811320751905 6.066659435629845 8.020622447133064 31.3868847489357 719.6433455720544 0.1671385169029236 26.155528023839 218.570075109601 48.75576538592577 211.867692835629 404.4567113667727 7.230470776557922 149.8466174602509 1.094823628664017 51.51628028601408 6.304038815200329 496.2994295731187 6.273829996585846 3.459735244512558 1.368530705571175 451.9639639034867 474.4406419172883 94.40397353470325 129.8095252811909 2813.642660371959 0.4569812268018723 10.71971064805984 202.8641806989908 1904.537182994187 94.86699993908405 532.4049045369029 0 4.842119321227074 3.423928618431091 33.16427530348301 0.441749781370163 282.8743562847376 10.45302894711494 149.0936370640993 26.52670992910862 85.64270805567503 7.834128946065903 41.56518059968948 3.639817923307419
2804.482054576278 3.646916255354881 170.108322545886 310.8289926871657 550.1728341281414 1106.238867729902 2327.212759390473 1338.017503008246 26.5930719524622 2271.407693207264 767.9755801856518 795.2355813905597 58.37757711857557 9886.518428489566 63.62389662861824 0.8022000640630722 362.195746012032 249.5779438614845 875.2840831950307 353.2756603732705 133.714218147099 4.552459232509136 51.78777104616165 1125.511267229915 1.311780892312527 350.8955860063434 215.0072279572487 2329.316146925092 28886.32214645296 18799.09118642658 14.50105523318052 304.4975452423096 4710.251278787851 3828.697021685541 13.31417451798916 975.1986542642117 51.11952707916498 2660.047263674438 135.9944706186652 335.2203306630254 113.7723397687078 11.06508246064186 11.21033630520105 0 1.489695392549038 1.254694655537605 12.566301882267 0 2.669879116117954 13.97366152703762 2.237733289599419 4.764207646250725 7.903740659356117 1.16160523891449 3.232138104736805 0.4009653031826019 3.834965348243713 0 4.109374061226845 0.7710575461387634 0 0.8395382612943649 3.873215660452843 7.779930859804153 2.888004258275032 1.946501329541206 151.9952396601439 0.2788553684949875 6.325865350663662 22.49232198297977 94.60997819155455 2.665479876101017 13.74984213709831 0 0 0 0.3719491958618164 0 11.80580243468285 1.253834336996078 4.812541663646698 0.6085053086280823 3.619050517678261 0 0.7112089991569519 0
