918.7958965525031 0.08535473048686981 84.56301660090685 7.032102212309837 0 11.61807301267982 2020.870100744069 1215.651432357728 5.728980906307697 44.80482098460197 3.781151086091995 7.459598585963249 0 4486.131229653955 0.08545272797346115 1.014538519084454 156.7014768086374 3.188778825104237 26.58529290184379 11.50468293577433 38.24159539490938 3.345429390668869 242.2842887789011 79.98743626475334 0 94.40692893415689 10.83006684482098 142.9237553365529 3489.167435728014 3307.526772297919 0 5.197386786341667 47.28057595342398 166.1352892704308 1.962961122393608 43.55540777742863 3.634782418608665 111.7378162294626 24.81184834986925 8.749066904187202 2.126591615378857 0 0.2421065494418144 0 0 0.08648400008678436 0 0 0.2411157339811325 1.885981895029545 0.568735808134079 2.251423798501492 0.4755338132381439 0 0 0 1.352007701992989 0 0.5520933195948601 0 0 0 0.4030164182186127 0.3195981383323669 0.5818905234336853 0 6.050262309610844 0 0.2492977529764175 0.4393241107463837 6.089220248162746 0.08114125579595566 1.30326297134161 0 0 0 0 0 1.358598545193672 0 0.3162490352988243 0 0 0 0 0
0.08535473048686981 385.5142341628671 16.17829022556543 0.09497524797916412 0.1222767904400826 0 2.191196985542774 0.4251374155282974 458.1925377771258 0.257483035326004 51.24928142875433 1.039118096232414 1124.026267848909 1.015732184052467 5.017401143908501 147.3718265667558 17.0648568123579 2.895171545445919 14.10803676396608 0.1159570962190628 7.920520476996899 2849.504046499729 15.15088205784559 422.80509147048 2353.298178814352 236.7231808379292 7814.537613287568 27.87984219938517 1.144212990999222 2.287184722721577 64.19483770430088 0.3175067380070686 0.6403070464730263 14.11485177278519 0 16.85065224766731 269.7995423898101 23.78657576441765 5.536651268601418 2.688500851392746 0 133.4929853007197 0 0.1806913465261459 154.1706800311804 86.37606797367334 0.7287179082632065 0 0 1.484663918614388 0.08724843710660934 0.6148126721382141 0 0.5223461389541626 0 10.43152515590191 0.2633694559335709 0 9.582828812301159 5.061759397387505 0.368633359670639 2.058716990053654 0 0.4979223310947418 19.97944320738316 12.42211385071278 0.3979311510920525 23.54738456010818 95.07818377017975 1607.554247818887 0.5397322252392769 0.1652632355690002 0.4023493602871895 2.723656818270683 0 0 2.329424127936363 0 6.222632691264153 7.735052399337292 5.363673411309719 1.14369210600853 0.1098307147622108 0 2.783588975667953 0
84.56301660090685 16.17829022556543 7053.471332482994 2.494720444083214 0 7.409740589559078 1073.418230015785 157.1966456919909 1.60654155164957 25.3652705475688 11.13417134433985 1.059527426958084 1.261398546397686 208.4111352525651 0.7454348728060722 26.70113006234169 1550.638509683311 16.62409780174494 133.080127120018 1.807318933308125 619.8803751021624 16.55530509352684 8418.725464202464 34.72115838527679 0.4202442243695259 6880.034165166318 5055.935627289116 425.836287625134 68.23359807580709 383.488316103816 0.2429400458931923 1.738957360386848 7.091909289360046 381.7865712828934 15.9754217043519 842.6456773728132 1140.296875081956 1010.213119469583 219.1602469831705 11.40350687503815 0.6131514087319374 1.263883113861084 1.566323414444923 0.5210505947470665 32.02496434003115 184.455480389297 0 0 0.1453635320067406 10.3544103205204 0.2513699382543564 2.147262953221798 0.08229881525039673 0 0 0 1.211920812726021 0 5.142055228352547 4.253264702856541 0.09737398475408554 0.5898800194263458 0 2.944331906735897 38.05721061676741 32.9101594388485 8.228072352707386 0.3901827931404114 27.58664827793837 678.5578117594123 8.173892363905907 0.322225958108902 4.069586090743542 0 0 0 5.293933138251305 5.807787857949734 14.72711926698685 10.05855269730091 5.73339706659317 3.756280273199081 0.4633172750473022 0 0 0
7.032102212309837 0.09497524797916412 2.494720444083214 2921.655300274491 1.21110488474369 53.67091289162636 486.1015562862158 120.4591056630015 680.332523226738 4468.67446064204 0.4544834122061729 313.4366260096431 0.7908872440457344 84.83154520392418 66.23869690299034 0 1.016672246158123 0 0.7955759465694427 3355.552747778594 0.627817302942276 1.217769898474216 1.728396683931351 1873.00059941411 0 2.811800606548786 1.274728998541832 3080.461108930409 88.97914342582226 5.398361831903458 0.2788399308919907 5.43634507060051 5.116655766963959 63.38068240135908 5.646444320678711 214.3634616434574 3.664858609437943 115.9478818848729 62.21700551360846 141.3401487395167 9.086465604603291 0.7645450234413147 5.113581404089928 0.4175786375999451 0.3869587406516075 0 116.3374942541122 0.2672470882534981 5.034556515514851 56.13512335717678 6.826638601720333 179.0700192898512 99.17185278981924 0 42.20456696301699 0 4.693222414702177 15.10083866119385 0.3156332671642303 0 0 0 98.05544522404671 0.1846963167190552 0.8807133808732033 0 434.7859229743481 0.1625924110412598 0.06222468614578247 0.5900238305330276 291.2716735303402 1.361697964370251 0 0 0 0.2393972128629684 0.707944244146347 0.3926056623458862 8.933051578700542 0 2.35370934009552 1.097770139575005 23.64566265791655 0.7193045988678932 0.1713090389966965 0
0 0.1222767904400826 0 1.21110488474369 36.62353378534317 149.2049077302217 1.054931491613388 21.06794333457947 85.25552859902382 4.58876096457243 15.12412043660879 106.544390887022 12.18991355597973 10.34684863686562 948.0750795602798 0 0.5572196170687675 2.875796921551228 4.410766065120697 5.408546701073647 0.7751961946487427 0.4732057303190231 0.2103187292814255 18.35226131230593 2.605028480291367 2.094344265758991 1.125338695943356 3.069448947906494 50.68825251609087 1.460196919739246 0.1126967296004295 154.0502829700708 0 112.0880420431495 4.603980928659439 31.14403611421585 5.092009648680687 111.0425601527095 93.28850077092648 1107.997809410095 30.86119347810745 9.072276741266251 2.819761455059052 0 0 0 0.44791379570961 0 0 0.2507019937038422 0 0.2261548787355423 0 0 0 0 0 0 0 0 0 0 0 0 0 0 1.722413405776024 0 0 0 1.362033791840076 0 0 0 0 0 0.9739169478416443 129.0784621089697 1.009933620691299 0 0.990382194519043 14.44457024335861 0.6007760763168335 0 0.2227874547243118 0
11.61807301267982 0 7.409740589559078 53.67091289162636 149.2049077302217 11955.33137527853 2104.269831433892 4843.574209149927 81.23808752000332 8726.550854343921 17.20495558530092 4677.173604488373 32.9168064147234 242.8526206724346 1067.418578922749 0.1042234599590302 5.588915102183819 4.147597156465054 11.8377830684185 740.0439939759672 1.065316006541252 0.9671212658286095 6.723827838897705 109.4004930481315 0.6588853523135185 11.17807452753186 3.792486101388931 213.6520633846521 139.0659628435969 14.49604852497578 0.1094622164964676 108.7376560866833 3.982746437191963 234.6966415792704 8.706980831921101 279.2356293946505 18.95243207365274 308.7362420409918 123.0983451642096 2205.594335898757 153.1408000662923 17.24163907021284 5.151323914527893 0 0 0 15.03000997751951 0 1.146350100636482 16.45558362454176 1.040618531405926 30.76129794120789 7.20971504598856 0.1041788011789322 12.42608495056629 0 3.001644477248192 9.619364380836487 0 0 0.1260259449481964 0 12.19059608131647 0.219162791967392 0.3127868846058846 0 60.7855142056942 0 0 0.2101749405264854 53.39813248813152 1.025693088769913 0.09726862609386444 0 0 0 0 0.5760349929332733 5.731065705418587 0 1.134830996394157 0.1014153584837914 23.07114036381245 0 0.1662292778491974 0
2020.870100744069 2.191196985542774 1073.418230015785 486.1015562862158 1.054931491613388 2104.269831433892 8842.476241610944 5133.240433413535 133.6633317247033 6059.692145422101 6.556317254900932 82.24418617784977 5.908901400864124 6739.47316590324 13.72329411655664 7.269140034914017 165.4427026510239 6.483887512236834 39.25314296782017 75.06799121573567 459.7688008695841 20.52329267561436 1142.799267314374 989.0734050273895 0.6347412392497063 438.114456359297 322.4377837330103 14823.37772357836 1173.234841234982 6021.346257664263 0 16.8256728053093 44.8994853682816 396.2986769005656 39.03053099662066 928.6567031443119 110.0272984579206 687.160822995007 339.826616063714 288.2462755292654 33.51212800294161 2.229290455579758 10.51935124397278 0.8443277478218079 2.633489020168781 9.271519422531128 18.44682783633471 0 1.318801037967205 157.89452380687 20.48514896631241 71.68849747627974 21.56069779396057 0.3562224358320236 5.261146634817123 0 32.1817879229784 1.695101723074913 3.266412407159805 0.301473505795002 0.4504801481962204 0.08258406817913055 21.48877977579832 2.614745035767555 4.86978854238987 3.601155124604702 232.5736872628331 0 2.091505445539951 36.31110545992851 319.123361453414 5.698127634823322 6.154493346810341 0 2.273923896253109 0.8748291954398155 6.135474987328053 3.550697259604931 42.80209825560451 0.7078856900334358 20.02290859818459 5.240682706236839 6.631756760179996 2.519639700651169 0 0.6358259916305542
1215.651432357728 0.4251374155282974 157.1966456919909 120.4591056630015 21.06794333457947 4843.574209149927 5133.240433413535 9058.63206994161 87.28355542197824 3354.857650142163 61.1060657761991 1371.997896041721 71.38104669749737 8178.847905702889 94.35112712532282 0.8702320531010628 245.2519926279783 26.24968569353223 84.33691078796983 1002.504592269659 47.8259122595191 13.32564095780253 253.0273003317416 658.3113737441599 5.210003793239594 196.5622442401946 35.85597546026111 470.6802378036082 550.7806836999953 1046.654300440103 0.4223189502954483 55.0367554500699 9.182401120662689 485.3120284229517 12.05121526867151 686.0665703341365 52.50392966344953 645.9581500291824 225.3001360483468 519.2575163729489 148.1419911384583 39.70509843528271 18.25733218342066 1.737398013472557 0.3103266283869743 0.686533696949482 16.21047160774469 0 1.311482906341553 108.6740250065923 13.694237023592 48.0594857186079 13.10197378695011 0.359432116150856 4.448243781924248 0.5330476388335228 19.68455274403095 0.4705954641103745 0.89249087870121 0 0 0.18898606300354 16.39766047894955 1.280457898974419 1.305589437484741 0.4936373755335808 200.2578988298774 0 0.2193955034017563 4.909921817481518 233.183052200824 4.714828822761774 1.874734796583652 0 0.8968125209212303 0 3.740581031888723 3.429840639233589 22.6726643666625 1.213816583156586 11.6565262787044 3.328244715929031 2.17678989470005 0.06985347718000412 1.010751321911812 0.5958880186080933
5.728980906307697 458.1925377771258 1.60654155164957 680.332523226738 85.25552859902382 81.23808752000332 133.6633317247033 87.28355542197824 427.3403878808022 174.1890808418393 3.247852720320225 539.4465107917786 18.51009722054005 67.39157638698816 1281.05962152034 47.85804010182619 1.878462195396423 0.6327686682343483 0.9302926585078239 488.0648307949305 23.52898604422808 1637.886539407074 8.391274899244308 5823.356160182506 71.77111978083849 10.16995511949062 176.3595365583897 894.1940019652247 70.04324567317963 88.65843401104212 3.263819217681885 5.498520374298096 9.417183637619019 48.53900807350874 5.049167782068253 456.2834826186299 10.58954431861639 85.67115902900696 38.65604513883591 534.8482884466648 10.96593216061592 2.301932282745838 0.9290399253368378 2.944858334958553 1.333980798721313 12.13512729853392 75.87714142352343 1.16969995200634 5.912666127085686 139.5910680145025 15.63682808727026 78.88134574145079 31.79249119013548 0.4639238640666008 43.47599409520626 0.5929794386029243 26.94548398256302 26.12549914419651 172.9635784775019 0.4112752005457878 0.08155419677495956 0.1808485686779022 62.99231480807066 130.812145575881 24.43374511599541 11.98744161427021 1089.653987966478 0.4014631509780884 0.8253961130976677 7.3875602632761 582.775166772306 13.85395040363073 97.42317117750645 0 1.510884635150433 3.431364417076111 7.327058233320713 2.84044922888279 62.10309288650751 3.132812701165676 20.94823785871267 8.658225104212761 49.98808543384075 1.230492636561394 0.131852000951767 0
44.80482098460197 0.257483035326004 25.3652705475688 4468.67446064204 4.58876096457243 8726.550854343921 6059.692145422101 3354.857650142163 174.1890808418393 26185.574211061 7.238143183290958 3954.790308408439 4.333433799445629 783.3805187344551 53.17411708831787 0.1985631734132767 14.62187873199582 3.15405597910285 9.457841087132692 5393.638106115162 5.50045844912529 0.4452799558639526 19.88056274875998 686.4729164093733 1.481714114546776 21.14174176007509 13.22578740119934 3888.025298643857 500.0209328010678 50.53304928168654 0.1521706581115723 30.42224751785398 13.02117449790239 290.9979135245085 17.20515416562557 524.6668458878994 13.56060449779034 470.9619083441794 171.7255682498217 341.0159422978759 30.43995059281588 3.793173976242542 9.642552681267262 0.3808211982250214 0.6017972752451897 0 89.48043171316385 0.2166063785552979 3.060733951628208 54.67067322134972 6.932262241840363 104.3251478075981 35.48613360524178 0.1374984085559845 23.41682027280331 0 4.954858664423227 9.088097147643566 0.3247373923659325 0.1154026389122009 0 0.08528485894203186 68.17718908190727 0 1.453081682324409 0.1106406226754189 316.0120848417282 0 0 0.3132713735103607 247.4072245657444 1.429178759455681 0.3446708917617798 0 0.4617115557193756 0.2005218118429184 0.7820606678724289 2.879764787852764 9.881492190063 0.1221861615777016 4.809669829905033 1.71753828972578 16.88385646790266 0.5448004454374313 0 0.1382931768894196
3.781151086091995 51.24928142875433 11.13417134433985 0.4544834122061729 15.12412043660879 17.20495558530092 6.556317254900932 61.1060657761991 3.247852720320225 7.238143183290958 6419.776455298066 10.508684694767 1571.139585010707 58.40404327958822 1.549137927591801 1.923986993730068 214.506827570498 2922.391569785774 2032.425306200981 7.60744746774435 10.35670246183872 11.64764821529388 46.05201411247253 8.064744286239147 686.2888845726848 1527.116839982569 639.3551245108247 5.248381614685059 124.512276686728 16.26809841394424 508.8022044152021 182.2587087750435 3.224431395530701 2804.73494342342 8.838042005896568 1163.025061577559 4715.220306031406 6415.881553038955 1729.653617508709 13.60484533011913 42.97656366974115 979.7034370973706 16.13729108870029 0 3.250957794487476 0.4199964851140976 0.0646226704120636 0 0.1433217227458954 0.7835027202963829 0.1442553326487541 0.6150510981678963 0 226.9581819847226 0 1253.324085623026 0.05996553599834442 0 0 0.07322921603918076 10.87174174934626 0.9044476971030235 0 0 0.2569985240697861 0.3941397964954376 1.345145776867867 213.2596570029855 81.42782876640558 215.2330824062228 1.856436468660831 0 0 136.3329019322991 0.2864946648478508 0 43.63321578502655 8.810682818293571 69.12928266823292 342.792167827487 18.56794176250696 3.993371836841106 0.8596859723329544 0 255.4774327650666 0
7.459598585963249 1.039118096232414 1.059527426958084 313.4366260096431 106.544390887022 4677.173604488373 82.24418617784977 1371.997896041721 539.4465107917786 3954.790308408439 10.508684694767 10028.24835675955 8.159708276391029 404.6998092271388 1334.617111258209 0 4.548591945320368 5.004171676933765 11.79201277345419 3406.119910418987 0.2998474761843681 3.28946241736412 1.01028499007225 405.6516125649214 0.3984140902757645 24.69025364145637 3.234510727226734 57.42810836434364 173.7809786833823 3.648834466934204 0 50.35873631387949 0.06667613983154297 159.6789059862494 1.665951289236546 194.1789053156972 8.165664285421371 221.3513322994113 38.29526773840189 1223.003816530108 23.32509130984545 4.679651781916618 8.467351391911507 1.053603321313858 0 0.07750105857849121 61.98806144297123 3.275909513235092 2.855107843875885 18.06553591042757 4.209955833852291 108.0629269778728 62.62880779802799 0 256.8023990541697 8.514153480529785 3.255530282855034 93.26400415599346 0 0 0 0 85.7799202054739 0 0 0 190.2504310458899 0.813951849937439 1.107335396111012 3.810686528682709 86.86211669445038 1.804418437182903 0 0 0.08411309123039246 0 2.791565127670765 0 4.446964681148529 0.07035452127456665 6.182096123695374 0.3084255754947662 222.5283380448818 0.4504989981651306 1.692910976707935 0
0 1124.026267848909 1.261398546397686 0.7908872440457344 12.18991355597973 32.9168064147234 5.908901400864124 71.38104669749737 18.51009722054005 4.333433799445629 1571.139585010707 8.159708276391029 1728.287243418396 29.44976319372654 0.6476380378007889 3.966816708445549 1.917581535875797 55.22798461467028 11.44558547437191 6.514252677559853 5.579061381518841 159.0228893756866 15.85943172872066 26.97853507101536 4122.812723591924 309.8929538279772 2700.323153987527 7.560948669910431 29.35094265639782 4.635992586612701 646.1223797574639 89.28973441570997 0.5102274417877197 335.9624620527029 29.46129862964153 1488.377424962819 3551.256295472383 2772.543464913964 763.3793651089072 104.3405543118715 170.5658849775791 519.9392721429467 18.8225874453783 0 38.53064738214016 1.907911941409111 0 0 1.071767807006836 1.352049827575684 0.212982103228569 0.5865672826766968 0 281.8406740128994 0 1435.061602845788 0 0 0 0.6003146767616272 10.33370605111122 0.4671145379543304 0 0.09830058366060257 0.4857452213764191 0.5736536979675293 1.330429539084435 536.7044699043036 121.4716505482793 333.2212898433208 1.075815297663212 0 0.3536562994122505 161.9537702724338 0 0 73.82975313812494 20.60909688472748 261.4331331551075 356.2716056853533 17.22827930003405 8.478716157376766 17.20640709996223 4.056645661592484 280.4859026297927 0
4486.131229653955 1.015732184052467 208.4111352525651 84.83154520392418 10.34684863686562 242.8526206724346 6739.47316590324 8178.847905702889 67.39157638698816 783.3805187344551 58.40404327958822 404.6998092271388 29.44976319372654 10792.54068273306 10.60463401675224 1.028009042143822 345.6099044121802 26.44999381899834 101.0634666979313 421.3747997432947 76.19657981395721 17.47681885957718 441.1502188071609 452.8947916887701 2.521934077143669 268.6072308607399 38.54247709736228 505.1336771175265 4934.986730862409 2208.82451954484 0.3603596463799477 43.73223063349724 24.23857886344194 724.0005771405995 12.85997788608074 748.934684894979 58.20310392975807 578.7894304990768 129.7381030395627 213.3849249817431 69.64858071506023 13.08307826519012 8.534430034458637 0.5152033194899559 0.0838426798582077 1.541948355734348 5.305464409291744 0 1.148140542209148 64.66680601984262 8.751041352748871 32.47346363961697 5.583849705755711 0.4533138573169708 1.371516339480877 0 11.03752128779888 0 1.401021745055914 0.1000768318772316 0 0 7.594653837382793 1.989906705915928 1.869496174156666 0.3680624812841415 96.89902680367231 0 0.8701630085706711 2.185191936790943 135.4237245582044 1.328640311956406 3.310471184551716 0 0.7059939950704575 0.1380492150783539 2.409545116126537 1.690645918250084 19.19484400749207 0.1092960014939308 9.315386667847633 1.916593916714191 2.328664809465408 1.338395312428474 0.2861473634839058 0
0.08545272797346115 5.017401143908501 0.7454348728060722 66.23869690299034 948.0750795602798 1067.418578922749 13.72329411655664 94.35112712532282 1281.05962152034 53.17411708831787 1.549137927591801 1334.617111258209 0.6476380378007889 10.60463401675224 391.1427968293428 0.1627354174852371 0.2806689068675041 0.3558866232633591 0.3069405555725098 92.8253842741251 1.850900545716286 14.31061641126871 1.100921556353569 923.2798557877541 8.172453477978706 0.1259224712848663 1.803139545023441 42.89587499946356 17.21578209847212 4.070046685636044 0.1063239052891731 202.2789288163185 0.1512314826250076 8.643823564052582 12.10094217956066 37.56753101199865 3.479826711118221 34.01301158964634 41.54462639242411 1262.940707609057 187.0327980518341 0 0.1197720244526863 0 0 0.3514268696308136 9.760104641318321 0 2.140092611312866 2.005365826189518 0.2201840281486511 19.51095607876778 5.383749634027481 0 47.22518998384476 0 0 24.51762136816978 0 0 0 0 13.4063882380724 1.161427572369576 0.2552739605307579 1.001205265522003 37.24865116178989 0 0 0.4501410722732544 12.93834986165166 0 0.6213595569133759 0 0 0 0.2023471221327782 448.7459447681904 3.754996120929718 3.708776235580444 26.02796526253223 87.9519147798419 115.2853167951107 0 0 2.372616976499557
1.014538519084454 147.3718265667558 26.70113006234169 0 0 0.1042234599590302 7.269140034914017 0.8702320531010628 47.85804010182619 0.1985631734132767 1.923986993730068 0 3.966816708445549 1.028009042143822 0.1627354174852371 3850.854329310358 11.59787702560425 0.7516482546925545 1.396276526153088 0.3122099041938782 4093.738924197853 3782.733505442739 3452.276222810149 1973.068653412163 7.454936817288399 18.10655733197927 2613.106050908566 1041.797824583948 8.675633780658245 204.0617886185646 0.818230614066124 0 4.603013746440411 168.5528750047088 118.9510462880135 2317.686197198927 880.4864508584142 798.6809827685356 807.2130915299058 81.65333534032106 1.276383586227894 2.559899285435677 10.61817340552807 1.942418649792671 6.911763772368431 63.69988513737917 0 0 0 54.27426069974899 1.557599224150181 36.70728799700737 0.8323804438114166 0 0 0.1030165925621986 2.469641081988811 0 2230.838622421026 1.650900259613991 0.2084449231624603 0.1939518600702286 0.3813669383525848 755.6690446063876 1313.158445365727 981.2311865538359 214.5413970947266 0 2.692112423479557 340.3894094079733 387.7114234417677 5.18772529065609 263.2144955024123 0 0 2.061363905668259 4.785662904381752 12.71819543838501 40.25059984624386 6.061353407800198 10.90065338462591 6.137403704226017 0.5645846351981163 0 0.1468044221401215 0.2063620388507843
156.7014768086374 17.0648568123579 1550.638509683311 1.016672246158123 0.5572196170687675 5.588915102183819 165.4427026510239 245.2519926279783 1.878462195396423 14.62187873199582 214.506827570498 4.548591945320368 1.917581535875797 345.6099044121802 0.2806689068675041 11.59787702560425 1546.543235063553 197.2613251581788 1743.271213870496 4.056956470012665 112.0457780361176 8.633914954960346 2778.48824377358 23.13816058635712 0.9135824590921402 889.5984890311956 2090.770938277245 43.18330432474613 385.4072529003024 526.2992540970445 0.3597087487578392 22.67546360194683 52.15217453986406 2741.749833863229 13.23529165238142 754.9923323355615 977.296627342701 2030.435341004282 453.8015488386154 15.25894670933485 2.703158617019653 1.237466029822826 2.508184880018234 0.2239373028278351 21.44334600120783 42.01282076537609 0 0 0 2.438702061772346 0.3419234827160835 0.4406450167298317 0 0 0 0 0.5365828052163124 0 0.4131746888160706 3.73860576748848 0.5423849746584892 0.6395856812596321 0.1001038402318954 1.456107839941978 1.58447190374136 4.063363641500473 2.315279819071293 0.2597878128290176 66.50413408875465 235.0144823491573 1.855538740754128 0.1343540102243423 0.3974756076931953 0 0 0 0.5632205158472061 4.704737655818462 6.519533179700375 13.71677604317665 1.521891258656979 1.615259379148483 0.1243219748139381 0 0 0
3.188778825104237 2.895171545445919 16.62409780174494 0 2.875796921551228 4.147597156465054 6.483887512236834 26.24968569353223 0.6327686682343483 3.15405597910285 2922.391569785774 5.004171676933765 55.22798461467028 26.44999381899834 0.3558866232633591 0.7516482546925545 197.2613251581788 149.8207382038236 1448.374202147126 1.938503079116344 1.25917848944664 0.1531947255134583 10.40318460017443 2.647206835448742 12.73252653330564 4014.500117391348 227.3893107622862 1.691084027290344 42.88494514673948 8.566467709839344 61.34653248637915 43.307672098279 1.450083129107952 774.1758373677731 5.649534098803997 727.5160143598914 1031.784507274628 1247.318731948733 446.0950867757201 7.400469593703747 8.828084088861942 30.81984706223011 2.944787189364433 0 1.635927565395832 0.1447626054286957 0 0 0.08786895871162415 0.3525881171226501 0 0.189911849796772 0.1720302402973175 2.478669159114361 0 25.78377841413021 0.2250140085816383 0 0 0 2.287678211927414 0.7693904116749763 0 0 0 0 0.6523218080401421 19.98384889960289 25.16676826775074 66.70916032791138 0.9533617570996284 0 0 10.89970292150974 0 0 0.08199971169233322 4.270405113697052 14.35195507109165 7.656436435878277 0.3913307413458824 0.2468472719192505 0.2031495720148087 0 0 0.1697104722261429
26.58529290184379 14.10803676396608 133.080127120018 0.7955759465694427 4.410766065120697 11.8377830684185 39.25314296782017 84.33691078796983 0.9302926585078239 9.457841087132692 2032.425306200981 11.79201277345419 11.44558547437191 101.0634666979313 0.3069405555725098 1.396276526153088 1743.271213870496 1448.374202147126 1752.775803647935 7.142190836369991 14.00020603835583 2.566673554480076 104.613939486444 9.639765076339245 11.65099968016148 3531.964034918696 993.1736818253994 9.760322194546461 160.7183766625822 73.80581969022751 6.141447216272354 101.0251280851662 9.13417150080204 2256.283804547042 9.791023172438145 838.6542636305094 725.9474267363548 2097.754229746759 616.4439259395003 11.99246088415384 10.91350969672203 6.07732180505991 1.637177735567093 0.07224029302597046 7.498529851436615 3.388161852955818 0 0 0 0.7274530082941055 0 1.070197708904743 0.2949468791484833 0.207821749150753 0 0.335088275372982 0.2159351110458374 0 0.4804485365748405 2.009352296590805 0.3905380815267563 1.780894659459591 0 0.09687653183937073 0.7323411852121353 0.6986406296491623 1.727321140468121 1.997497886419296 54.91996040195227 106.6138494685292 1.881265699863434 0 0.242578998208046 0.5146267414093018 0 0 0 3.01258946955204 11.43525148928165 2.449483335018158 0.5690083727240562 0.1854605674743652 0.09263358265161514 0 0 0
11.50468293577433 0.1159570962190628 1.807318933308125 3355.552747778594 5.408546701073647 740.0439939759672 75.06799121573567 1002.504592269659 488.0648307949305 5393.638106115162 7.60744746774435 3406.119910418987 6.514252677559853 421.3747997432947 92.8253842741251 0.3122099041938782 4.056956470012665 1.938503079116344 7.142190836369991 1158.828497216105 0.399744063615799 0.2488552555441856 1.892694965004921 923.8781529441476 0.6547845229506493 5.635234475135803 1.804293714463711 1942.086572684348 313.2877304852009 8.048574320971966 0.17059126496315 35.46903720498085 3.032406121492386 239.0409547165036 10.01005767285824 364.6938940435648 8.183936312794685 353.5899671725929 116.2215759083629 343.9333485215902 28.24970469623804 2.548490010201931 5.942123956978321 0.3911993876099586 0 0 100.5617480501533 0 3.601317591965199 57.5997876226902 5.126337207853794 134.4698818996549 40.50760047137737 0 31.34259030967951 0 5.954927548766136 18.86766219139099 0.1979138627648354 0 0.2726724147796631 0 99.8745913207531 0.1703356504440308 0.5128573030233383 0 348.4884958192706 0 0 0.1304023116827011 246.7755674123764 0.696125216782093 0 0.0602562315762043 0.1351781487464905 0 1.284454971551895 1.079661130905151 12.19965041428804 0.09768293052911758 3.169744588434696 0.7980151921510696 37.11652261763811 0.257080078125 0 0
38.24159539490938 7.920520476996899 619.8803751021624 0.627817302942276 0.7751961946487427 1.065316006541252 459.7688008695841 47.8259122595191 23.52898604422808 5.50045844912529 10.35670246183872 0.2998474761843681 5.579061381518841 76.19657981395721 1.850900545716286 4093.738924197853 112.0457780361176 1.25917848944664 14.00020603835583 0.399744063615799 9723.249599553645 229.5400034412742 9990.559975989163 1322.976635843515 0.5452447310090065 109.7491842508316 697.9465353861451 4550.083678387105 112.3187069110572 9791.560606345534 0 0.3887483179569244 28.23080125451088 3274.231364399195 196.823127284646 2749.772917732596 465.714613519609 3444.221913523972 1505.188095770776 119.4226152449846 2.699242666363716 3.67461733520031 16.01372165977955 0.200052835047245 0.3042496517300606 26.13350957632065 0 0 0 36.98612179607153 1.386668160557747 16.2786515802145 0.1096394956111908 0 0 0 1.50539917498827 0.1960659027099609 212.4822597578168 0.1882269978523254 0.1012376174330711 0 0 226.5957094058394 141.7529328688979 31.29249602556229 125.9717518910766 0 1.129889905452728 34.05217453837395 163.119078040123 2.680305689573288 153.4556693732738 0 0.1043476387858391 1.009036704897881 3.160051271319389 14.83571389317513 37.285484790802 2.179682604968548 6.874923311173916 7.705195553600788 0.4832285791635513 0.1521348804235458 0 0.3432601988315582
3.345429390668869 2849.504046499729 16.55530509352684 1.217769898474216 0.4732057303190231 0.9671212658286095 20.52329267561436 13.32564095780253 1637.886539407074 0.4452799558639526 11.64764821529388 3.28946241736412 159.0228893756866 17.47681885957718 14.31061641126871 3782.733505442739 8.633914954960346 0.1531947255134583 2.566673554480076 0.2488552555441856 229.5400034412742 1121.825004220009 251.6376829743385 4597.161726877093 496.8518165424466 67.18329256027937 3722.189071156085 374.4359697327018 41.30690137296915 148.2487289384007 25.61850542575121 1.360996812582016 10.52726077288389 27.79296682029963 5.639133103191853 131.2648681402206 34.62334562093019 52.61271308362484 26.81445959955454 36.75388634204865 1.855853989720345 8.367454715073109 1.697189822793007 0.8311637192964554 21.57535592466593 39.13197579979897 5.936597719788551 0 0 21.58508059382439 0.8570744544267654 26.29424106329679 0.1027982532978058 0.4626841470599174 0 1.192150004208088 1.511987827718258 0 900.364395417273 1.073338486254215 0.1290347427129745 0.2211702242493629 0.09227544814348221 231.9591014757752 142.8480916321278 357.5569604635239 73.36683079600334 1.083982981741428 3.836161427199841 483.4111758172512 118.7056439593434 1.90946327522397 38.98627339303493 0.4565423876047134 0 0.5484006330370903 1.922789797186852 2.695859402418137 16.66957100480795 3.527117274701595 5.153782114386559 2.911979123950005 0 0 0 0
242.2842887789011 15.15088205784559 8418.725464202464 1.728396683931351 0.2103187292814255 6.723827838897705 1142.799267314374 253.0273003317416 8.391274899244308 19.88056274875998 46.05201411247253 1.01028499007225 15.85943172872066 441.1502188071609 1.100921556353569 3452.276222810149 2778.48824377358 10.40318460017443 104.613939486444 1.892694965004921 9990.559975989163 251.6376829743385 10280.10502302647 248.9891723804176 2.158966608345509 915.515572860837 7923.7785474509 1173.258100248873 328.1570383347571 4679.820716623217 0.1070029735565186 2.075651049613953 29.67469268292189 3757.52787424624 386.3097489848733 7090.908863067627 4117.578535102308 7937.08707780391 3813.906346984208 248.9250776991248 13.2370423451066 13.7104901894927 24.26606819033623 1.594774782657623 18.13587905466557 122.8905857950449 0 0 0 18.05114553868771 0.2128015384078026 4.885931476950645 0 0 0 0.265495128929615 0.6845403164625168 0 689.9055633321404 2.59350473433733 0.1205849796533585 0.1137192472815514 0 120.6097875088453 351.1261894330382 413.7746829167008 26.80992134660482 0.5393838882446289 9.38070460408926 781.2074268907309 60.4706269428134 1.270127475261688 22.29388582706451 0 0 0.7198140546679497 1.732606299221516 49.26214624196291 51.21681360900402 5.171794466674328 9.003900140523911 11.32015412300825 1.173239320516586 0 0 0.8442100882530212
79.98743626475334 422.80509147048 34.72115838527679 1873.00059941411 18.35226131230593 109.4004930481315 989.0734050273895 658.3113737441599 5823.356160182506 686.4729164093733 8.064744286239147 405.6516125649214 26.97853507101536 452.8947916887701 923.2798557877541 1973.068653412163 23.13816058635712 2.647206835448742 9.639765076339245 923.8781529441476 1322.976635843515 4597.161726877093 248.9891723804176 13043.39937535673 57.26839175820351 64.7546521127224 833.3753913342953 6519.388553258032 894.998483531177 363.1820519939065 3.258585132658482 19.10773062333465 185.7868094369769 496.702923849225 133.9082513302565 2461.427112508565 98.09048241376877 982.8521782830358 591.3890189379454 840.2379437834024 33.95685056596994 4.092166818678379 25.25086418539286 10.93318915739655 6.21870930492878 36.80225118249655 222.6526906788349 3.379954464733601 23.76097731292248 923.8892743587494 100.7214925251901 1270.472670972347 118.6646207347512 3.150301814079285 44.27574129402637 0.6828270331025124 163.4737634956837 29.06945949792862 159.4238657653332 2.031480044126511 1.150171525776386 1.392490290105343 190.559737585485 135.6113880351186 171.8561415299773 39.61542121320963 2665.241395160556 0.9547205418348312 5.494536139070988 62.39604653790593 2402.139161553234 47.55848532170057 190.1084794700146 0.08158224076032639 8.600379094481468 7.122513104230165 39.23707989603281 16.74860667437315 225.3449058942497 6.783303968608379 107.444290895015 28.84599003195763 64.07579348236322 8.388772033154964 0.4217193797230721 2.113795578479767
0 2353.298178814352 0.4202442243695259 0 2.605028480291367 0.6588853523135185 0.6347412392497063 5.210003793239594 71.77111978083849 1.481714114546776 686.2888845726848 0.3984140902757645 4122.812723591924 2.521934077143669 8.172453477978706 7.454936817288399 0.9135824590921402 12.73252653330564 11.65099968016148 0.6547845229506493 0.5452447310090065 496.8518165424466 2.158966608345509 57.26839175820351 1770.84223523736 438.7683456018567 3803.80658441782 3.267017178237438 5.621689826250076 0.4949120208621025 514.2326315641403 8.678920358419418 0 246.3453975692391 1.914316684007645 428.0280548110604 388.960829846561 537.0970347523689 102.0620651096106 43.74112122505903 37.92035965621471 187.1925155222416 4.205924808979034 0 176.587815977633 4.625308811664581 0.1221541464328766 0 0.09347369521856308 0.9635964930057526 0.08755618333816528 0 0 12.42662836611271 1.616044133901596 165.8126117140055 0 0 0 0.5359402671456337 12.8349521458149 1.166275583207607 0 0 0.1712726354598999 0.2255341410636902 0 140.0826504006982 191.7574493810534 873.5852437838912 0.3088110312819481 0 0 29.8295369669795 0.1734292954206467 0 2.486628353595734 1.038631409406662 128.7587744444609 39.4310559257865 5.72376661747694 2.715413458645344 27.36048913002014 0 8.536865994334221 0
94.40692893415689 236.7231808379292 6880.034165166318 2.811800606548786 2.094344265758991 11.17807452753186 438.114456359297 196.5622442401946 10.16995511949062 21.14174176007509 1527.116839982569 24.69025364145637 309.8929538279772 268.6072308607399 0.1259224712848663 18.10655733197927 889.5984890311956 4014.500117391348 3531.964034918696 5.635234475135803 109.7491842508316 67.18329256027937 915.515572860837 64.7546521127224 438.7683456018567 23393.47203491628 12255.40452235192 82.87649996206164 149.3788568861783 186.2068352848291 347.7078459784389 46.57156328111887 11.0993677303195 925.5019650161266 16.83267054706812 2132.728085186332 5557.669371820986 2375.082433510572 833.2665205225348 22.47187782824039 12.44822312146425 156.7019284293056 4.892945274710655 1.061444848775864 329.7709997445345 78.01359973102808 0 0.1050084456801414 0.2362141385674477 7.467717058956623 0.8642932325601578 1.571477100253105 0 32.22860622406006 0.4347027316689491 616.1568349003792 1.68390728533268 0 3.129305705428123 29.16392135620117 62.23580488562584 84.58911674469709 0.07935534417629242 0.3948418870568275 7.72699636220932 10.65752097964287 2.199160687625408 711.3548004478216 2163.701509982347 5609.047236703336 3.617799386382103 1.912447400391102 7.14402861148119 165.9394018575549 0.4476017504930496 0 11.12800673395395 7.613933362066746 52.29006417840719 212.9383970052004 30.29509737342596 10.0340758562088 1.512721747159958 0.8240924626588821 2.121027447283268 0.140941709280014
10.83006684482098 7814.537613287568 5055.935627289116 1.274728998541832 1.125338695943356 3.792486101388931 322.4377837330103 35.85597546026111 176.3595365583897 13.22578740119934 639.3551245108247 3.234510727226734 2700.323153987527 38.54247709736228 1.803139545023441 2613.106050908566 2090.770938277245 227.3893107622862 993.1736818253994 1.804293714463711 697.9465353861451 3722.189071156085 7923.7785474509 833.3753913342953 3803.80658441782 12255.40452235192 24497.08916885406 514.2798955142498 37.56876891478896 48.88402968645096 832.2396170198917 12.86749614030123 7.142181031405926 1426.094668373466 122.3956073746085 4624.091598294675 3374.163245938718 4758.456313811243 1397.096488729119 80.79621299356222 9.548376843333244 42.54248574376106 9.832672037184238 6.063024006783962 2166.637872107327 1656.054214864969 0.09889470040798187 0 0.2213070541620255 62.68478643149137 3.704392120242119 2.635851919651031 0.7572215646505356 22.51853909343481 0 269.0821161046624 12.51256611198187 0 866.3643496334553 83.2823278978467 42.33020190149546 63.38913029432297 0.3085782676935196 19.0936770811677 839.2139706984162 899.2449836134911 14.6540352255106 536.933210991323 2553.505201376975 15092.10464657843 37.71241383254528 7.607572488486767 31.79289180040359 75.4805658236146 0.4109723120927811 1.937941066920757 43.14473980665207 23.71908673644066 129.139328956604 223.1448357850313 90.12821085751057 34.45542547106743 3.981843777000904 0.5306067615747452 3.044060558080673 0.9319658279418945
142.9237553365529 27.87984219938517 425.836287625134 3080.461108930409 3.069448947906494 213.6520633846521 14823.37772357836 470.6802378036082 894.1940019652247 3888.025298643857 5.248381614685059 57.42810836434364 7.560948669910431 505.1336771175265 42.89587499946356 1041.797824583948 43.18330432474613 1.691084027290344 9.760322194546461 1942.086572684348 4550.083678387105 374.4359697327018 1173.258100248873 6519.388553258032 3.267017178237438 82.87649996206164 514.2798955142498 17268.07954696566 1431.025581281632 5412.224936399609 0.3283654972910881 12.66081519797444 426.0678644329309 910.6682206019759 188.7168482616544 2890.58943811059 144.7987912893295 1523.933218762279 933.1019056662917 379.617457613349 36.36699742078781 3.218829065561295 29.80964167416096 7.575592733919621 1.612738199532032 32.37441769987345 143.5668236687779 0.3703909292817116 15.26211364194751 783.749152071774 86.6864603869617 527.0845759436488 87.67771699279547 1.329418897628784 30.65006764233112 0.1712257191538811 123.6289007365704 7.596232734620571 158.2851331010461 1.047557801008224 0.2685950770974159 0.6041537448763847 133.887436106801 153.8557010889053 118.21889398247 24.80889607965946 1680.963844440877 0 3.366994556039572 42.07264696806669 1679.583453215659 35.53311842307448 239.2717028707266 0 6.191656243056059 6.193757221102715 27.33942474797368 12.17497403174639 177.2033608444035 3.144706808030605 82.85778203606606 21.78286042064428 44.40056449919939 4.576229989528656 0.302075982093811 1.683237291872501
3489.167435728014 1.144212990999222 68.23359807580709 88.97914342582226 50.68825251609087 139.0659628435969 1173.234841234982 550.7806836999953 70.04324567317963 500.0209328010678 124.512276686728 173.7809786833823 29.35094265639782 4934.986730862409 17.21578209847212 8.675633780658245 385.4072529003024 42.88494514673948 160.7183766625822 313.2877304852009 112.3187069110572 41.30690137296915 328.1570383347571 894.998483531177 5.621689826250076 149.3788568861783 37.56876891478896 1431.025581281632 14667.36992900446 3727.51688516885 0.6824063882231712 174.3811680749059 2138.254094030708 1908.224463339895 24.56987166404724 630.7188958525658 51.10390561074018 1107.007191766053 284.3729131966829 163.3873946592212 152.5553257837892 14.02945429831743 8.052212305366993 0.5918934345245361 0.07393753528594971 4.028717264533043 6.018506847321987 0.2566852867603302 0.09370719641447067 58.3295286372304 4.502135694026947 33.43157509714365 3.049392722547054 0 0.6334199532866478 0 7.719737149775028 0 9.21402832865715 0 0 0.1255793273448944 4.090209789574146 7.933072127401829 7.540692515671253 0.7106941714882851 95.3548135869205 0 0.9293445199728012 3.471634589135647 112.7724834606051 3.062573097646236 13.28442382067442 0 0.5368214175105095 0.6037530153989792 1.737800732254982 2.52126108109951 27.49399967491627 0.9104402363300323 5.798145089298487 1.846574701368809 2.184298396110535 0.07990629971027374 0.8001058176159859 0.1519956737756729
