1086.388300679624 0 40.56786256283522 0.33997942507267 0.5070674866437912 10.66575852036476 1347.796807810664 192.2234782129526 0 17.00811748951674 21.3782167956233 0.3614232763648033 0 4447.40134961158 0 0.1853412389755249 174.9900171682239 8.525049470365047 32.15901955217123 0.950460821390152 20.5921643525362 0.1042415425181389 106.0922370627522 1.47787019610405 0 27.69115360826254 46.11781553924084 10.27880050987005 5186.909679368138 3811.05670915544 1.062504015862942 56.24249348416924 33.38117755204439 113.6032831296325 0.3495834916830063 18.59198775142431 12.67679435014725 99.61878950148821 11.52366283535957 0.2113778591156006 0.4833204299211502 0 0 0 0.3543535172939301 1.081946134567261 0 0 0 0 0 0 0 0 0 0 0 0 0.1203745305538177 0.2898683995008469 0 0.157368004322052 0 0 0.1261088252067566 0.8908788040280342 0.1459368169307709 0.1330404430627823 0.9290254861116409 8.213353328406811 0.1089646071195602 0 0 0.1983462870121002 0 0 0 0 0.6002043262124062 0.1411906182765961 0.4528917446732521 0 0 0 0 0
0 833.0613630115986 22.45367030799389 0.2822761535644531 0 2.599433660507202 19.04404202103615 0 298.5019537433982 1.787625700235367 343.3333472087979 0 1076.871112547815 0.7046234831213951 0 415.7387964129448 106.1022743433714 1.05883664637804 14.66294351965189 0 22.06409726291895 1788.198580473661 14.56573331356049 684.012486577034 2050.236445978284 32.7842898145318 5413.034379512072 90.52546963095665 1.391336932778358 1.884435936808586 72.8674875870347 0.08138012886047363 0.1464294046163559 99.09639553725719 0.6431637406349182 91.91268210858107 572.1514981538057 103.1240941360593 27.41903268545866 7.360937736928463 0.5042040348052979 136.666100114584 1.017093554139137 0.2552120760083199 336.6041861474514 377.8382709175348 1.162233963608742 0 0.09385901689529419 6.472447946667671 1.905028864741325 3.587292283773422 0.9336229562759399 10.09623249620199 0.3271464928984642 38.33116336911917 3.964356034994125 0 30.14088718593121 48.30289997160435 6.146375879645348 47.59784412384033 0.116660974919796 4.286550872027874 100.6567956730723 43.97495203465223 29.90000569075346 71.52224276214838 293.3374047204852 2748.119873605669 8.744580820202827 2.201401300728321 0.1108186915516853 6.845752596855164 0.2942351996898651 0 16.31879775226116 2.031504020094872 65.90283858776093 56.09378655254841 72.12973835319281 23.15418802946806 0.5435797423124313 0.1587630361318588 2.304640412330627 0.3393181264400482
40.56786256283522 22.45367030799389 7534.157740831375 0.2478997558355331 0 23.57362294942141 1226.548784606159 194.9167000576854 0.3912549838423729 32.95545767992735 22.72046221792698 0.2214983627200127 0.5465960204601288 357.1524866521358 0.1265319287776947 10.55222089588642 4872.415108509362 17.25334551930428 296.7189287245274 0 1579.82795778662 26.44128848612309 14988.80488214642 27.25728795677423 0.6287774592638016 6307.112275831401 7534.37510920316 481.310694001615 99.82151399552822 823.648711450398 8.29905079305172 9.514880735427141 8.955332562327385 542.6300314217806 25.27049156278372 1564.21208255738 5672.796639122069 1848.495092950761 584.7272764146328 27.74701432883739 6.587608195841312 11.49001955986023 7.431781992316246 1.358685582876205 87.35966884344816 2019.127666659653 0 0 0.5874893069267273 52.05655125528574 9.278568282723427 5.987841904163361 4.230285756289959 6.836979374289513 0.2024002522230148 0.8804869204759598 22.30359607934952 0 80.09316281229258 202.4323860779405 2.557011134922504 41.1506941318512 0 9.660709582269192 280.8285049796104 646.6989738717675 75.80101143568754 2.343368291854858 213.4111123979092 4921.277078650892 44.04808259755373 3.716650202870369 5.046776637434959 2.645983457565308 0.4618730098009109 0 24.42486549168825 1.932016938924789 169.6097774505615 48.39892680943012 113.5280250608921 42.10363944619894 1.997277408838272 0 0.9201874434947968 1.131508320569992
0.33997942507267 0.2822761535644531 0.2478997558355331 2926.540682777762 0.556635893881321 80.47783974558115 50.33468349277973 6.47505197674036 1054.199801579118 2876.320998840034 3.621416516602039 3219.06404876709 0.220645472407341 14.42468612641096 73.13501380383968 0.6432506740093231 0 1.260507874190807 0.9129679054021835 2810.907954886556 0 1.291369259357452 0 1466.804974623024 0 1.661203727126122 2.139165997505188 2752.208308964968 41.30323629826307 0.7646528333425522 0.5451615676283836 6.180875226855278 4.985910721123219 19.24698672443628 12.41533306241035 181.3208769261837 0.5038522481918335 87.65306460112333 14.04966079443693 406.8348923698068 9.544281184673309 0.5022736638784409 2.856551706790924 0 0.2652471959590912 0 126.4103114753962 0.2021241039037704 2.911017209291458 9.874142363667488 0.4492095112800598 94.19929407536983 113.3133127614856 0 149.8189725205302 0 1.248291380703449 10.4391261190176 0 0 0 0 139.4026947617531 1.198082372546196 0.326889768242836 0.5802651792764664 333.9373488724232 0.1415155231952667 0.09565877169370651 0.873118057847023 263.1176713481545 1.540007293224335 0.5783581137657166 0 0 0 0.3364849090576172 0.3507601618766785 13.87768160551786 0 3.317787393927574 0.1698498278856277 97.78741130977869 0 2.225217819213867 0
0.5070674866437912 0 0 0.556635893881321 4.975709401071072 178.7793353497982 3.097570337355137 2.094708442687988 30.44345225393772 8.948547460138798 1.644216991961002 85.80259420722723 0 1.108553856611252 1658.64014544338 0 0.1042990684509277 0 0.2241680473089218 4.173096485435963 0 0 0 1.29648557305336 0 0 0.136293888092041 0.5040813162922859 4.229462906718254 0.3120642304420471 0 81.3299617394805 0 9.609437204897404 0.3111092299222946 55.16951479762793 0.5296981185674667 11.02391232550144 2.266242116689682 1799.641601279378 8.686915464699268 0.7003114521503448 1.440256953239441 0 0 0 0 0 0 0 0 0 0 0 0 0 0 0 0 0 0 0 0 0 0 0 0 0 0 0 0 0 0 0 0 0 0 0 0.3688112199306488 0 0 0 0 0 0 0
10.66575852036476 2.599433660507202 23.57362294942141 80.47783974558115 178.7793353497982 11612.59489475936 2055.442421592772 6102.703756287694 27.24109048396349 9979.628583192825 126.7006390988827 2943.17941968888 1.453636959195137 1636.440668802708 1231.773547440767 1.884988039731979 24.48685075342655 32.54895750433207 25.977383852005 428.9870663434267 9.11555415391922 1.920369938015938 19.50229873508215 50.47857366502285 0.5810373872518539 58.54822304099798 28.5659953802824 523.3190362676978 405.2300973199308 35.64089574664831 10.4817705899477 910.9352680072188 24.16455050557852 365.7934192195535 37.38921888917685 844.9883383959532 22.21960926800966 735.6977620646358 96.3685435578227 3929.25733243674 212.2639267966151 4.199807517230511 12.59830170869827 0 0.1123537421226501 0.308128222823143 10.12427749484777 0 0.1467034369707108 4.666130058467388 0.09951959550380707 7.072262763977051 20.35794927179813 0.1147577315568924 11.88530220091343 0 0 0 2.461937911808491 0 0 0 20.22958132624626 0.5421601384878159 0.9871262907981873 1.899099253118038 66.16321247071028 0.1366208344697952 1.361107736825943 4.562440320849419 68.99855185300112 0.4037675112485886 0.400470145046711 0.1999135836958885 0 0 0.3052333891391754 3.913819812238216 8.375181637704372 0.4403630793094635 2.037910453975201 0 13.66238196194172 0 0 0
1347.796807810664 19.04404202103615 1226.548784606159 50.33468349277973 3.097570337355137 2055.442421592772 15479.99858805537 3339.221973121166 77.23675730079412 6415.745092771947 92.45620715618134 43.95815249532461 2.310422226786613 7731.499116912484 10.32806862145662 52.93223199993372 452.969314225018 42.56191627681255 128.9590119421482 11.64051184803247 1307.988597288728 25.14092847704887 1334.417091466486 949.1957689225674 6.701839096844196 995.6669448390603 398.6215232908726 15479.37685141712 2389.864818781614 8597.434646010399 16.70594840496778 177.0286174416542 465.1816152408719 733.4672940447927 301.393764346838 5348.82321356982 272.337230861187 2632.097104109824 1062.754229575396 583.5526871606708 95.70605580508709 6.843170039355755 42.31254655867815 0 2.237129308283329 20.31470689922571 20.62808641046286 0 0.4357555210590363 67.02491866052151 2.237717419862747 32.10582446306944 66.2478905543685 3.520885065197945 12.39479531347752 0.2022275775671005 3.96387618035078 0.1778409481048584 52.81835690885782 2.135046556591988 0.09517211467027664 1.411006219685078 49.45181065797806 10.97791332006454 17.0610514357686 78.73431272059679 589.7556214556098 0.2299604415893555 5.832671746611595 107.9240495786071 621.869249664247 5.837249040603638 15.07606685161591 0.1891469731926918 0.773956835269928 0.7657192796468735 10.61971944570541 29.24774149060249 87.13551273941994 6.03809455037117 21.18269973993301 8.094718135893345 16.86516071856022 0.33420230448246 1.437926292419434 2.716126680374146
192.2234782129526 0 194.9167000576854 6.47505197674036 2.094708442687988 6102.703756287694 3339.221973121166 14000.79413033649 1.282909274101257 1642.227575041354 113.9938245490193 220.8672085702419 0.5921448841691017 8776.66535089165 26.58762510865927 0.8410533145070076 349.5997560508549 38.34398920834064 105.8724327422678 35.4865635484457 53.21138014644384 0.2820535153150558 280.7265614941716 4.311970323324203 0.3023978844285011 198.6720540374517 104.8467549681664 52.81262789666653 529.6679359599948 984.2234056815505 6.649725615978241 538.3817660473287 53.44601817429066 306.0007522553205 15.0115812420845 445.9370359778404 38.64009223133326 527.8919749930501 112.868058681488 442.3238550126553 49.93634558469057 1.232606619596481 5.27348704636097 0 0.6045064553618431 5.848747834563255 0.6085406616330147 0 0 0.2562897652387619 0 0.1918191164731979 0 0.3184067606925964 1.056875243782997 0.2431702241301537 0 0 0.4178980961441994 0.3457809612154961 0 0.2101990804076195 0.2777126282453537 0.08488170802593231 1.050168484449387 3.78881348669529 7.224596209824085 0 3.226330265402794 22.71987143158913 9.778080672025681 0 0.1047051623463631 0.449356809258461 0 0 0 1.363709539175034 2.145158901810646 0.9419886097311974 0.4273512065410614 0 0 0 0 0
0 298.5019537433982 0.3912549838423729 1054.199801579118 30.44345225393772 27.24109048396349 77.23675730079412 1.282909274101257 1092.051818147302 184.6144072115421 23.78255056589842 428.0762640684843 85.08447842299938 0.7752785086631775 286.163480386138 202.4569961130619 0.8578018322587013 0.4351968318223953 1.449030421674252 827.4393566250801 194.3428981527686 4078.735827766359 12.99420595914125 11655.08172107488 166.4356820434332 6.25565280765295 452.3112678006291 1659.591078713536 7.744850024580956 12.39387798309326 13.40684627741575 6.865797109901905 1.894501455128193 7.032926894724369 2.989026620984077 133.0746227949858 11.34002260863781 21.75869751721621 7.777574487030506 306.2964598610997 3.988903418183327 2.792870081961155 0.1330192238092422 1.227007605135441 1.632715784013271 1.195720583200455 132.2236802950501 1.048528119921684 4.511401474475861 39.4284166097641 1.295570865273476 119.7171143367887 90.45619232207537 6.311616159975529 117.2750607728958 1.720913343131542 2.530375488102436 18.16107857227325 256.7369619905949 0.7713295444846153 0 0.5080895200371742 138.0993389040232 69.56739147752523 53.95962188392878 11.64964878559113 1939.639427915215 0.2477393671870232 2.358844697475433 14.38655003160238 766.0158605799079 31.40021809190512 54.38054363429546 1.020980820059776 0.3298070877790451 5.664339363574982 16.65662476420403 1.328532442450523 159.1394592672586 11.16060815006495 28.9078618735075 5.819634094834328 83.95552984625101 0.8052391707897186 0.1820867359638214 0.7850292176008224
17.00811748951674 1.787625700235367 32.95545767992735 2876.320998840034 8.948547460138798 9979.628583192825 6415.745092771947 1642.227575041354 184.6144072115421 32118.37963687629 219.6934238299727 6667.796372644603 2.901704460382462 1115.302917189896 67.66698526591063 3.688110500574112 17.03337429463863 56.52541624754667 47.28796253353357 7287.197818443179 16.77780616283417 3.254237115383148 25.01420586556196 236.9980102702975 1.488700434565544 93.33963527530432 38.78526426851749 7509.95262157172 1032.132198296487 31.47752256691456 13.34397409856319 294.7064586132765 54.08407724648714 629.2037945911288 168.7139348089695 2918.179453119636 55.14049586653709 2257.020259208977 234.8446758314967 1342.343725159764 160.7538705542684 5.486507803201675 44.75598938763142 0 0.6164919286966324 1.438344046473503 92.55781531333923 0.1613009572029114 1.027190901339054 25.08929315209389 1.314583912491798 54.07203762233257 135.2812093421817 0.5284031927585602 69.20853835344315 0.331951230764389 0.1921687722206116 9.852771520614624 4.993858002126217 0.09168752282857895 0 0 126.0547297149897 0.2577572017908096 1.356992281973362 5.374812327325344 404.063829831779 0.1021468117833138 1.764356590807438 7.703512206673622 387.6116690784693 3.941401079297066 2.510008811950684 0.137216180562973 0.5073947757482529 0 2.947976641356945 14.11836756765842 17.86936617642641 0.2616246193647385 5.577064752578735 1.06078077852726 68.60209299623966 1.15814483165741 2.016000986099243 0
21.3782167956233 343.3333472087979 22.72046221792698 3.621416516602039 1.644216991961002 126.7006390988827 92.45620715618134 113.9938245490193 23.78255056589842 219.6934238299727 8530.223921440542 103.9188393950462 1215.033190898597 161.8117157444358 0.2596840411424637 9.406700246036053 653.4642888605595 3917.395338304341 1903.107230253518 19.62583416700363 27.95459976047277 100.3960733413696 79.10554570704699 45.82986866682768 1219.005147978663 1629.22122374922 962.1651752442122 30.08863368630409 299.922484241426 52.62613472342491 629.731146581471 231.773237619549 8.279736928641796 12534.85167171806 17.40954179316759 637.734062358737 5098.105682142079 6498.979656428099 795.4283225610852 133.6352879777551 127.0933910161257 1599.963547751307 15.00622733682394 0 29.34604255110025 4.552200935781002 0 0 0 0.4254496544599533 0 1.369130022823811 0.2133190035820007 1287.103717707098 0 1845.184545658529 0 0 0.3345644026994705 2.274785824120045 6.901468187570572 2.903128266334534 0.3105160742998123 0.1259662806987762 2.662568554282188 0.7283987626433372 7.292374096810818 162.0058800429106 133.1330527812243 204.5856232494116 5.454826518893242 0.2722052037715912 0.3025972843170166 106.0948768109083 0 0 2.471085257828236 0.1791218668222427 10.02598147839308 340.0046958625317 11.48401553928852 2.127301588654518 0 0 325.2276933640242 0
0.3614232763648033 0 0.2214983627200127 3219.06404876709 85.80259420722723 2943.17941968888 43.95815249532461 220.8672085702419 428.0762640684843 6667.796372644603 103.9188393950462 12469.90958763659 0.5006856843829155 222.3531924933195 1227.288905851543 0 3.515988163650036 26.25750453770161 22.23875191062689 10143.00752990693 0.4703371524810791 0.2347076833248138 1.771665289998055 487.454657509923 0.3595317229628563 32.57148616760969 10.04818053543568 1041.117235742509 306.359908990562 1.532023444771767 5.712590783834457 266.7917263135314 2.094901949167252 305.1066223680973 54.12369155883789 568.214394159615 8.354808367788792 844.6516654640436 33.09641898423433 4531.706127792597 86.81713285297155 1.12261288613081 11.00254283845425 0 0 0.4376371055841446 55.067716807127 0 2.483554780483246 1.386574402451515 1.155892163515091 38.51625470817089 65.58321630954742 0.4823911190032959 141.7273076921701 0 1.912116140127182 13.40119823813438 0 0.1187640801072121 0.08611339330673218 0.08921577781438828 78.11152078211308 0.124405212700367 0.6480160355567932 0.1273259222507477 112.3805139809847 0 1.65486628562212 1.854462116956711 107.7683090269566 5.136442676186562 0.1642299294471741 0 0.6786715909838676 0 1.021894991397858 2.774420358240604 16.90101492404938 0.1017221808433533 3.694832019507885 0.5471689701080322 107.0661353096366 0 0 0
0 1076.871112547815 0.5465960204601288 0.220645472407341 0 1.453636959195137 2.310422226786613 0.5921448841691017 85.08447842299938 2.901704460382462 1215.033190898597 0.5006856843829155 5528.121772944927 1.479705572128296 0 33.39162746071815 0.777583621442318 18.89115378260612 7.41764735430479 0.2100576683878899 3.629677467048168 372.0674123242497 2.869320183992386 153.1847410351038 4820.034361064434 83.08705059438944 2406.19026234746 11.31151723116636 0.8806531801819801 0.421106331050396 666.8232133090496 2.253974229097366 0 1553.306709080935 1.408244118094444 80.9869736135006 4150.162049286067 888.5029046982527 52.74593494832516 4.527502842247486 58.55475570261478 2478.067306742072 4.876783236861229 0 61.00347103178501 1.092428848147392 0 0 0 0 0.08045444637537003 2.461964264512062 0.1177364736795425 1597.477821975946 0 2010.001971974969 0 0 0.818025678396225 0.31476741284132 19.52366855740547 5.493478447198868 0 0 3.172551020979881 0.7332230806350708 2.56158722192049 332.6737742200494 360.1115250736475 411.6618851050735 0.4628875628113747 0 0 289.6355138793588 0.2546267509460449 0 1.566540196537971 1.196942523121834 9.04865275323391 333.5970299914479 20.06062535941601 2.990685909986496 0 0 364.7174268066883 0
4447.40134961158 0.7046234831213951 357.1524866521358 14.42468612641096 1.108553856611252 1636.440668802708 7731.499116912484 8776.66535089165 0.7752785086631775 1115.302917189896 161.8117157444358 222.3531924933195 1.479705572128296 13300.95513593405 4.786133877933025 1.122023805975914 995.1355715170503 69.66448324173689 221.3731676377356 59.96705047041178 124.7656817510724 1.157965436577797 677.3096660524607 11.80082622915506 0.2139489129185677 305.8472518250346 272.9638971313834 88.92731171101332 6223.497345644981 5321.841398082674 7.889692954719067 352.0675880610943 58.43244455754757 586.9976440817118 20.80103146284819 401.0121590048075 84.84931841492653 847.7171516269445 151.7868509218097 217.3523975089192 26.41115736216307 1.962155431509018 3.3395119830966 0 1.616325758397579 11.03021517395973 0.2616760283708572 0 0 0.4832195267081261 0.1362450569868088 0.7086684107780457 0.4066538512706757 0.1166755631566048 0.8022309690713882 0.1037669628858566 0.2386156097054482 0 1.419124446809292 1.081848941743374 0 1.124919578433037 0.2505112513899803 0 3.305171884596348 7.975086696445942 7.735616341233253 0.3106843307614326 8.987797111272812 50.84278996288776 8.148368179798126 0 0.5224860236048698 0.4199740514159203 0 0 0.268942728638649 1.095692187547684 4.309053741395473 0.5937525928020477 1.552408017218113 0.9841906875371933 0 0 0.1526806652545929 0
0 0 0.1265319287776947 73.13501380383968 1658.64014544338 1231.773547440767 10.32806862145662 26.58762510865927 286.163480386138 67.66698526591063 0.2596840411424637 1227.288905851543 0 4.786133877933025 766.069874688983 0.1285447329282761 0 0 0.5289675891399384 160.0197746232152 0 0.8894665390253067 0 206.3926587104797 0 0.2624782994389534 0 14.93776258826256 0.8693555667996407 0 0 607.1515524163842 0.08797741681337357 1.019207984209061 0.9026799350976944 5.42521196603775 0 2.04493136703968 0.6459117233753204 1412.655671007931 88.93735902011395 0 0 0 0 0 0.4483988806605339 0 0 0.6289231479167938 0 0.6318944096565247 0.7147233486175537 0.1104289069771767 0.5720638036727905 0 0 0 0 0 0 0 0.4595448672771454 0 0 0 2.388109557330608 0 0 0.09840898960828781 2.357300341129303 0 0 0 0 0 0 0 0 0 0 0 0 0 0 0
0.1853412389755249 415.7387964129448 10.55222089588642 0.6432506740093231 0 1.884988039731979 52.93223199993372 0.8410533145070076 202.4569961130619 3.688110500574112 9.406700246036053 0 33.39162746071815 1.122023805975914 0.1285447329282761 5260.344983123243 9.896537847816944 0.4896678030490875 1.918945141136646 0 4539.436440736055 3201.26933760196 3903.974358648062 3973.868231989443 97.76565207540989 33.83775774389505 5031.329119108617 4020.187401846051 4.20365983992815 92.31172585487366 7.649392999708652 0.5502835512161255 1.052057728171349 17.09820371121168 10.31578083336353 1340.201250948012 535.3885028213263 253.616619490087 361.6355932056904 39.05333252251148 1.11608037352562 1.652980618178844 9.49311825633049 0.1634160131216049 17.41219419240952 48.38678473234177 0.9142468646168709 0 0.3174895048141479 16.40006677806377 0.9825154095888138 24.40696538984776 1.329093389213085 1.241216011345387 0.2309338226914406 0.7438585609197617 1.37153360247612 0 3399.690240398049 14.31897831708193 0 2.64379807561636 1.347887694835663 814.2022526264191 1948.745013393462 2241.248231299222 459.4473276659846 0.7449465394020081 5.77938523888588 696.443867996335 380.7380744963884 32.88547000288963 154.7304843142629 0.1498326659202576 0 11.19672133773565 28.94265785813332 1.800813555717468 211.3165999129415 79.84057106822729 57.99140875041485 42.79404992610216 3.894891172647476 0.2945290207862854 0.3836016058921814 0.9741712957620621
174.9900171682239 106.1022743433714 4872.415108509362 0 0.1042990684509277 24.48685075342655 452.969314225018 349.5997560508549 0.8578018322587013 17.03337429463863 653.4642888605595 3.515988163650036 0.777583621442318 995.1355715170503 0 9.896537847816944 1237.746717080474 448.3700349628925 5355.923426486552 0.7362663298845291 1139.018032096326 6.274296343326569 8755.063066147268 15.63385853171349 0.4399399757385254 2983.662359081209 4870.60990614444 109.7237379029393 1103.943454392254 1961.756938487291 7.457730151712894 32.22027311101556 99.77742526680231 2187.81596377492 8.466519631445408 527.5454889014363 4592.027172192931 1410.613157980144 245.5472749993205 11.410390406847 2.992582514882088 54.81084451824427 3.001537494361401 0.1184589713811874 109.1937475949526 629.8989956155419 0.112080492079258 0 0 4.709826618432999 0.6000985354185104 0.9484540820121765 0.983490101993084 4.060834139585495 0 5.940959677100182 1.972550980746746 0 15.21169713139534 128.5341182053089 3.505910776555538 51.96945921331644 0 1.710928246378899 14.23951202630997 32.26024616509676 11.52431972324848 9.677484400570393 393.0798966065049 1448.910925537348 3.285512879490852 0.2901106178760529 1.276838034391403 6.694019205868244 0.08310675621032715 0.1183460578322411 7.459449842572212 0.2685901820659637 45.74389336258173 48.50258890539408 42.23897126317024 13.92091838270426 0.7307445406913757 0.6983441412448883 1.502113103866577 0.1444753706455231
8.525049470365047 1.05883664637804 17.25334551930428 1.260507874190807 0 32.54895750433207 42.56191627681255 38.34398920834064 0.4351968318223953 56.52541624754667 3917.395338304341 26.25750453770161 18.89115378260612 69.66448324173689 0 0.4896678030490875 448.3700349628925 1067.761681847274 2688.937384650111 7.065999105572701 13.8192809894681 0.4856510311365128 47.70568733662367 2.382940612733364 4.629648372530937 6718.756890892982 290.7891858667135 8.887809634208679 86.17176879197359 30.92372351139784 339.5758665204048 44.08399866148829 3.719929002225399 1611.501898020506 10.57826548814774 625.7546146810055 985.7971047312021 2491.163895845413 517.4527917504311 35.66150245070457 5.780272610485554 11.4475155621767 11.06420945376158 0 3.090385250747204 3.221148803830147 0 0 0 0.1011020541191101 0 0 0.1484963446855545 42.18260142207146 0 50.01163439452648 0 0 0.1431706249713898 0.4469535350799561 9.019970491528511 4.570256255567074 0 0 0 0.3348037600517273 1.845998913049698 8.947159960865974 128.6142454072833 84.93228277564049 1.228795409202576 0 0 51.79356396198273 0.3636831492185593 0 0.3662061989307404 0.4595568180084229 4.446490570902824 18.18859566003084 2.629683405160904 0.4535658806562424 0 0 1.226423293352127 0
32.15901955217123 14.66294351965189 296.7189287245274 0.9129679054021835 0.2241680473089218 25.977383852005 128.9590119421482 105.8724327422678 1.449030421674252 47.28796253353357 1903.107230253518 22.23875191062689 7.41764735430479 221.3731676377356 0.5289675891399384 1.918945141136646 5355.923426486552 2688.937384650111 4317.602060265839 4.313610002398491 86.98884457349777 3.975918225944042 411.6451807022095 7.620255798101425 3.55931544303894 12355.32644928247 1234.69567310065 26.28049066662788 266.9792323671281 146.6763355135918 32.61078784614801 27.17648439109325 25.27484826743603 4053.614145189524 30.97949707508087 1646.001801386476 2235.158546194434 3578.960378751159 610.588747009635 37.96985893696547 4.038366556167603 11.29236521571875 13.55661799013615 0 42.22402285039425 27.40564852207899 0 0 0.1041247993707657 0.5387752950191498 0 1.184445716440678 0 37.27195610851049 0.09611748903989792 63.25696730613708 0.3319522440433502 0 1.000001884996891 9.308789446949959 17.42215146124363 43.91019897907972 0 0.510016605257988 3.374213151633739 2.014679424464703 3.764000982046127 33.40924525260925 716.3004386872053 615.6922473758459 1.589123994112015 0.6342819333076477 0.1388737112283707 94.23573718219995 0.2750194221735001 0 3.60364256799221 1.499972969293594 29.29911743104458 43.70142790675163 31.31580051779747 12.19967900216579 0.122468575835228 0 0.3931127339601517 0.1466583013534546
0.950460821390152 0 0 2810.907954886556 4.173096485435963 428.9870663434267 11.64051184803247 35.4865635484457 827.4393566250801 7287.197818443179 19.62583416700363 10143.00752990693 0.2100576683878899 59.96705047041178 160.0197746232152 0 0.7362663298845291 7.065999105572701 4.313610002398491 941.7972167730331 0.9536643326282501 0 0.6692432388663292 326.5470992326736 0 7.890016168355942 1.000681892037392 3602.064672976732 133.8871789053082 1.873737692832947 0.8128723353147507 43.16517262160778 6.121035575866699 90.90755209326744 29.91586948186159 843.1207405775785 5.410059534013271 375.4353899285197 38.99172932654619 1106.999526619911 37.77917959541082 1.592184223234653 16.44488696008921 0 0 0 229.5388452112675 0.8011170625686646 4.649444192647934 28.59114530682564 1.026996284723282 136.6356641799212 213.3420844972134 5.375590324401855 207.3322189748287 0 0.4048656076192856 29.9109193533659 0 0 0 0 241.443492859602 0.1580801457166672 0 1.850601777434349 576.9420043975115 0 0 0.7012500688433647 556.0759592056274 4.796792320907116 0 0 0 0 8.660835698246956 4.490367770195007 31.36552965641022 0.1659158766269684 3.201204165816307 0.2740315049886703 178.4829967170954 0 9.619647026062012 0
20.5921643525362 22.06409726291895 1579.82795778662 0 0 9.11555415391922 1307.988597288728 53.21138014644384 194.3428981527686 16.77780616283417 27.95459976047277 0.4703371524810791 3.629677467048168 124.7656817510724 0 4539.436440736055 1139.018032096326 13.8192809894681 86.98884457349777 0.9536643326282501 19523.62265532464 428.4340234994888 25543.04572637379 177.0249314382672 8.925630964338779 365.6699905470014 1796.693266183138 3896.0073684901 153.5182884857059 13530.85658891499 2.881203077733517 4.746465988457203 62.00066427141428 2510.905354529619 91.1601213440299 9280.149023488164 2115.18141195178 8260.688554055989 4796.22247119993 97.41824966669083 10.21478050947189 3.101049333810806 59.3882569372654 2.038464456796646 1.871086269617081 26.23848394304514 0 0 0.1724950596690178 37.92816720157862 1.091038048267365 45.85863556712866 3.250949785113335 0.6228561252355576 0.2726026102900505 0.1098660603165627 2.299994617700577 0 1305.070621997118 12.03727593272924 0.4666732400655746 2.661173194646835 0 710.8473614752293 494.6022007390857 295.1271412968636 782.1006153002381 0.4624211192131042 6.189625397324562 152.0980279445648 813.7393755987287 81.75602596253157 299.2118474468589 0 0.3905280008912086 25.69754666090012 44.30044726282358 8.873753078281879 252.9886859208345 72.88099244236946 47.57919975370169 15.85327673703432 6.377529725432396 0 0 0.4875971972942352
0.1042415425181389 1788.198580473661 26.44128848612309 1.291369259357452 0 1.920369938015938 25.14092847704887 0.2820535153150558 4078.735827766359 3.254237115383148 100.3960733413696 0.2347076833248138 372.0674123242497 1.157965436577797 0.8894665390253067 3201.26933760196 6.274296343326569 0.4856510311365128 3.975918225944042 0 428.4340234994888 1585.878987215459 377.1992627829313 6576.950814671814 706.991363979876 12.08309581875801 2303.788119956851 306.0657657235861 1.173653051257133 23.92039475589991 44.63384579122066 0 0.3702794536948204 25.62638587504625 3.31684385240078 160.7739371135831 90.0880163833499 48.65394876897335 28.16561877727509 69.84389673918486 0 21.95457226783037 0.9617453813552856 0.1538034975528717 29.93196378648281 43.73123877495527 5.954657696187496 0 0 4.916681386530399 0.4669886082410812 13.21353840827942 2.596114434301853 4.665098406374454 1.313340499997139 4.582047052681446 0.7369858473539352 0.2764177620410919 1201.380336478353 15.96064487844706 0 2.948000691831112 2.635402485728264 181.7138605937362 975.7165368199348 657.5693964138627 121.8413251787424 1.360843397676945 7.380351930856705 1783.910886637866 64.7847875803709 5.580034896731377 35.75455328822136 2.207459181547165 0 1.56040258705616 10.05439630150795 0.4028505086898804 128.5385855659842 47.67299015820026 38.71909043937922 41.16113682091236 1.354852288961411 0 0.1256944537162781 0.8484188318252563
106.0922370627522 14.56573331356049 14988.80488214642 0 0 19.50229873508215 1334.417091466486 280.7265614941716 12.99420595914125 25.01420586556196 79.10554570704699 1.771665289998055 2.869320183992386 677.3096660524607 0 3903.974358648062 8755.063066147268 47.70568733662367 411.6451807022095 0.6692432388663292 25543.04572637379 377.1992627829313 39546.87033963948 846.9471339434385 6.864330857992172 2155.808185778558 14144.9203221947 4115.570390991867 263.3081864193082 4836.006231792271 17.98404829949141 15.49916241317987 29.77219399064779 1536.088113822043 167.9060735180974 10434.24059925228 5385.650490559638 7961.22330596298 6837.847447164357 145.7396897450089 18.88707932829857 8.893019519746304 102.6536644697189 0.4892731681466103 19.46901357918978 580.9147167727351 0.3681685999035835 0 0.2422786056995392 28.61255513876677 1.244277603924274 3.097015477716923 1.557923965156078 1.784191288053989 0 0.4969921410083771 6.192515142261982 0 3083.455178521574 46.73749107122421 0.9462007656693459 8.216127589344978 0.2254204601049423 549.4529011175036 1384.210432335734 4983.150197960436 206.7653608992696 1.859081819653511 36.71884322166443 3656.193541206419 133.4008307307959 8.209177792072296 52.88189861923456 1.045173652470112 0.385823629796505 1.806884452700615 19.17097353935242 12.6456847935915 292.7425785958767 104.8448889404535 109.0121478810906 89.60850454866886 2.967522576451302 0.1599006056785583 0.7031003087759018 1.865419238805771
1.47787019610405 684.012486577034 27.25728795677423 1466.804974623024 1.29648557305336 50.47857366502285 949.1957689225674 4.311970323324203 11655.08172107488 236.9980102702975 45.82986866682768 487.454657509923 153.1847410351038 11.80082622915506 206.3926587104797 3973.868231989443 15.63385853171349 2.382940612733364 7.620255798101425 326.5470992326736 177.0249314382672 6576.950814671814 846.9471339434385 10052.10509862751 328.777365937829 67.77041681855917 3143.720748394728 7637.566973313689 112.0798753798008 73.17742404341698 27.88203033804893 7.987350411713123 42.52911851555109 78.38842628896236 50.70269407331944 2408.27884311974 117.3304256498814 388.9139281585813 268.3116447404027 2013.991848021746 17.32463406026363 6.495956607162952 9.618630364537239 0.7004896998405457 10.58792694658041 41.24904368817806 445.0478148162365 0.7285388708114624 11.29991503804922 295.1776679009199 12.42700442671776 1124.508416190743 583.7136913239956 14.15526627749205 245.2057711854577 2.923306629061699 19.03615123778582 16.61766611039639 476.5266632735729 8.076698631048203 0.9440573826432228 3.442726410925388 523.3099342435598 180.1792108640075 275.4237066432834 216.2596926614642 6312.241972953081 0.9017367586493492 15.20087674260139 300.846239566803 4432.128960981965 97.44978402554989 156.0386091694236 1.253725692629814 5.318593919277191 14.11637024581432 58.43938325345516 5.473377168178558 517.9492983222008 31.11090472340584 122.9011200889945 36.66619312018156 207.9529916644096 3.147831663489342 8.697501607239246 1.599719263613224
0 2050.236445978284 0.6287774592638016 0 0 0.5810373872518539 6.701839096844196 0.3023978844285011 166.4356820434332 1.488700434565544 1219.005147978663 0.3595317229628563 4820.034361064434 0.2139489129185677 0 97.76565207540989 0.4399399757385254 4.629648372530937 3.55931544303894 0 8.925630964338779 706.991363979876 6.864330857992172 328.777365937829 571.0002256035805 58.03291704505682 1650.122818484902 27.19502397626638 0.3454355746507645 0.1358702927827835 456.7659375369549 0.094076007604599 0 1077.342419944704 0.5978415608406067 31.85186319798231 307.4723943695426 229.0185545235872 18.57559048384428 4.914891786873341 25.43976560235023 984.1851985305548 2.475774765014648 0 118.618564426899 1.129731878638268 0.4240465611219406 0 0 0.4729707688093185 0 1.464405708014965 0.1240924671292305 106.1125296801329 0 497.0510013103485 0.1723521053791046 0 1.975960709154606 1.053098425269127 2.14267136156559 23.72883494198322 0.1550163626670837 0.09496454149484634 6.763132579624653 1.520266279578209 5.385388866066933 115.3115959316492 439.5478846430779 682.0959751904011 1.720330908894539 0.2931874319911003 0.4939557537436485 60.13146443665028 0.451804056763649 0 2.671149887144566 0 32.98530345410109 56.71559919416904 42.53965448588133 8.748122528195381 0.863320454955101 0 24.10521239042282 0.3584561049938202
27.69115360826254 32.7842898145318 6307.112275831401 1.661203727126122 0 58.54822304099798 995.6669448390603 198.6720540374517 6.25565280765295 93.33963527530432 1629.22122374922 32.57148616760969 83.08705059438944 305.8472518250346 0.2624782994389534 33.83775774389505 2983.662359081209 6718.756890892982 12355.32644928247 7.890016168355942 365.6699905470014 12.08309581875801 2155.808185778558 67.77041681855917 58.03291704505682 25872.46288406104 11787.05345502496 392.5118194147944 161.8733925744891 395.8122727647424 504.7562091946602 49.69684204831719 10.69870318472385 1498.697419669479 59.86876836419106 3480.925789780915 9397.069564506412 6063.864682503045 1306.234548743814 92.61426737904549 13.96963489800692 136.0445138588548 32.80275231599808 1.493761293590069 202.4158866405487 718.5560159608722 0.2452954426407814 0 0 7.680764935910702 1.413369670510292 7.42982841283083 1.451406553387642 370.555402867496 0.3870546370744705 802.9115615487099 5.003520257771015 0 8.485940434038639 189.9419270083308 65.34256530553102 336.0964339450002 0.09562566876411438 1.716551847755909 16.89630044996738 18.43459498137236 26.60030233860016 179.9677364677191 3343.719167374074 4314.884521469474 10.11171028763056 2.225019335746765 2.012295387685299 463.7557591125369 0.9987306892871857 0 28.56750212609768 1.385598212480545 193.4211870506406 285.9165491014719 172.9440859779716 49.85457191616297 2.119848243892193 0 6.760995104908943 0.5824255421757698
46.11781553924084 5413.034379512072 7534.37510920316 2.139165997505188 0.136293888092041 28.5659953802824 398.6215232908726 104.8467549681664 452.3112678006291 38.78526426851749 962.1651752442122 10.04818053543568 2406.19026234746 272.9638971313834 0 5031.329119108617 4870.60990614444 290.7891858667135 1234.69567310065 1.000681892037392 1796.693266183138 2303.788119956851 14144.9203221947 3143.720748394728 1650.122818484902 11787.05345502496 36538.21373425424 3028.234242394567 242.9590731412172 332.7792522013187 1960.710054665804 15.29311936348677 25.26316393911839 2101.139849059284 271.0288611352444 8041.039579607546 6263.466016359627 8934.701881013811 4874.892835393548 153.1817155629396 23.77845032513142 69.92447184771299 67.63719306886196 5.986281223595142 2956.92649820447 3990.614795736969 3.167321763932705 0.0745854452252388 1.215661205351353 95.12498761713505 17.77531884610653 35.83249889314175 11.07563529163599 405.2725526243448 1.227661535143852 855.4584008306265 47.7243542522192 0 1747.589145511389 603.6717968955636 133.7280164286494 686.6946938559413 1.78300529718399 166.1298838183284 2605.053826376796 3035.914695516229 310.2422933578491 893.5446525365114 7347.494727708399 25772.25572203845 132.9646014943719 14.66812552511692 18.32400038838387 864.5277110040188 2.21098480373621 0.5770509243011475 104.6850966513157 22.15827762335539 970.9460010230541 720.9805178493261 729.4029178246856 291.3990887999535 9.490129217505455 1.460170656442642 15.16944661736488 5.938023366034031
10.27880050987005 90.52546963095665 481.310694001615 2752.208308964968 0.5040813162922859 523.3190362676978 15479.37685141712 52.81262789666653 1659.591078713536 7509.95262157172 30.08863368630409 1041.117235742509 11.31151723116636 88.92731171101332 14.93776258826256 4020.187401846051 109.7237379029393 8.887809634208679 26.28049066662788 3602.064672976732 3896.0073684901 306.0657657235861 4115.570390991867 7637.566973313689 27.19502397626638 392.5118194147944 3028.234242394567 21316.51499272883 574.0479803830385 6337.507472448051 11.95084448158741 21.45888212323189 338.6391611844301 491.6000620424747 241.4885111674666 7953.24094812572 471.7418915554881 2000.807046815753 1634.2714067325 846.1739397570491 42.0025682374835 7.712600439786911 44.00958824157715 1.683164350688457 10.17201416194439 42.5582904741168 296.0084299445152 0.1633619219064713 9.924657553434372 304.4988352581859 10.19583724439144 475.0663323551416 443.1740297749639 15.67950232326984 169.8534829244018 0.3336072713136673 15.23904610425234 15.02742748707533 470.5218997597694 9.123625330626965 0.9507072865962982 2.285972125828266 420.444642983377 176.9177574515343 189.1925587579608 232.6577432975173 4155.925884477794 0.3218849301338196 8.631603822112083 286.5689392387867 3650.265550881624 94.26170890778303 214.9368252828717 0.1198214367032051 4.622219167649746 13.50377754122019 42.72042319923639 27.12880156189203 476.1306602060795 27.95521346479654 122.8403075784445 29.18530347943306 154.5506154224277 5.558739326894283 6.453275799751282 1.534605503082275
5186.909679368138 1.391336932778358 99.82151399552822 41.30323629826307 4.229462906718254 405.2300973199308 2389.864818781614 529.6679359599948 7.744850024580956 1032.132198296487 299.922484241426 306.359908990562 0.8806531801819801 6223.497345644981 0.8693555667996407 4.20365983992815 1103.943454392254 86.17176879197359 266.9792323671281 133.8871789053082 153.5182884857059 1.173653051257133 263.3081864193082 112.0798753798008 0.3454355746507645 161.8733925744891 242.9590731412172 574.0479803830385 23113.47913518548 5875.943704232574 10.54399552941322 1468.257485471666 1977.323383525014 2118.397626079619 11.45352839678526 402.1841366812587 93.57718253135681 1518.398618750274 154.6266281083226 196.5165285468102 116.6961133480072 0.9407506063580513 4.07214430719614 0 1.787269569933414 10.05644784867764 1.489025436341763 0 0 1.460157722234726 0.1339858323335648 2.074063271284103 1.632303580641747 0 0.6774189323186874 0.6490129232406616 0.2373365312814713 0 1.214947737753391 0.747623398900032 0 1.204412378370762 1.828981474041939 0.4773379489779472 1.043315052986145 6.495394252240658 35.50954295694828 0.5243260711431503 10.80136143416166 49.00185239315033 33.04096735268831 0.8542260974645615 2.126580603420734 0.8638987392187119 0 0 1.371564775705338 0.6489672958850861 6.484795868396759 1.112466178834438 1.259962595999241 1.061254903674126 0.7534327134490013 0 0 0
