964.7890342473984 0 5.035895295441151 0.3319741934537888 0 21.96973868459463 1870.241934120655 972.9928220137954 1.984122909605503 21.02519541233778 18.29604545980692 1.42821554094553 0.6890529319643974 4907.095315977931 0 0 157.2895190194249 11.21905526518822 39.30740906298161 3.55667270720005 23.75973962247372 1.539126589894295 19.71148398518562 8.51096186041832 0 27.30398087948561 6.464571140706539 19.78133058547974 3305.061686761677 2363.67794623971 0.2626623883843422 6.802542336285114 125.6996418014169 257.9141699597239 0.9044943898916245 54.90116932243109 3.010710157454014 176.5616488605738 31.97982892394066 8.232671111822128 2.531057119369507 0.3674599081277847 1.149664729833603 0.4001897647976875 0 0.09343754500150681 0 0 1.461716890335083 9.468768760561943 0.319177120923996 1.18925242125988 0 0 0.1183535382151604 0 0 0 2.245101138949394 0.6312126815319061 0 0 0 4.292690388858318 2.926341325044632 0.6392221376299858 4.903356991708279 0 0 0.3996284380555153 11.54916843026876 1.716994717717171 9.640905454754829 0 0 0 0 0.3491377234458923 5.195314794778824 0.412947379052639 0.9876740872859955 0.4677794873714447 0.117441400885582 0 0 0
0 82.79940101504326 71.45888245850801 0 0.255167692899704 0.1921979635953903 1.296236865222454 0 695.7414537444711 0 52.47176302224398 1.013011902570724 1174.738094210625 0 10.23660030961037 50.30165588110685 2.735640898346901 6.499087385833263 1.827721305191517 0 1.475587591528893 1788.298109389842 2.734852135181427 517.971160620451 1356.171249322593 107.5173798501492 4321.570594832301 45.34407629817724 0.1697083190083504 0 54.95984984189272 0 0 2.630558468401432 0 6.730265997350216 29.32736779749393 10.35658544301987 2.869804091751575 17.12549724429846 0 69.29028531163931 0.8747312426567078 0 29.96274851262569 121.376039609313 0.502198725938797 0 0 3.171774931252003 0 0.8086399212479591 0.7442120611667633 3.270581781864166 0 26.42592043429613 0 0 5.438006035983562 21.5863728299737 0.2745584324002266 1.588589899241924 0 1.178784012794495 25.08786788582802 9.193128444254398 6.832997918128967 33.56430548429489 48.17674616724253 942.2301408424973 5.034593068063259 0.2006758749485016 0.09473633021116257 1.606439746916294 0 0 0.9586685001850128 0.675589919090271 7.551182806491852 14.76240210235119 5.68941181153059 1.746848352253437 0.3379010856151581 0 6.789921313524246 0
5.035895295441151 71.45888245850801 8698.416443049908 0.5427230298519135 0 3.340350389480591 266.5239148586988 44.22931122034788 3.367723658680916 5.909127704799175 20.52105306833982 0 1.528453469276428 28.98483930528164 0.2410680800676346 21.00160170346498 2625.840145669878 51.75004762411118 293.2286112233996 0.1914354786276817 771.7809755131602 11.01369546353817 8876.622511260211 16.68708296865225 0 6911.424832560122 4943.889712624252 216.8427956625819 10.37121208012104 323.1884457170963 0.5461728647351265 0.2656089588999748 2.368267603218555 598.1075502634048 33.67480068653822 1739.622904233634 2389.565207481384 1523.803121522069 563.8902111127973 101.2659299895167 1.649501152336597 3.627291440963745 3.348949760198593 0.5272770524024963 136.8056889697909 1213.578105010092 0 0 0 7.931183777749538 0.8282246291637421 0.446901872754097 0.4537614285945892 0 0 0 0.6279705464839935 0 39.8060270473361 73.79326751083136 0.650385744869709 7.172685198485851 0 15.06736885756254 61.21755288541317 179.0705902278423 12.10758669674397 0 178.1430537030101 1806.92538689822 18.57368067651987 1.225913003087044 10.24086652696133 0.1226043999195099 0.6979856491088867 0 21.7864002212882 20.81519335508347 86.20233578979969 104.9656522125006 39.26630189269781 29.61741133034229 3.908513814210892 0 0 0.6792655885219574
0.3319741934537888 0 0.5427230298519135 891.5497954040766 3.076450228691101 75.17194083333015 120.9587972760201 19.45926178246737 521.6215435639024 4053.041723482311 6.21202214807272 993.0327518582344 0.2471232414245605 21.20505648851395 62.57608592510223 0 0.8827000558376312 1.815450869500637 0.7626627162098885 3228.421674586833 0.8795210272073746 1.815476566553116 0.4575177803635597 1722.925266362727 0 3.327580273151398 1.157412692904472 5177.760965242982 67.59931785613298 0.3005158603191376 0.1823930218815804 1.710817568004131 6.585853293538094 61.52102874219418 5.290610462427139 295.3001117259264 2.682178407907486 125.8438124209642 39.57538425177336 226.1196878403425 17.52003647387028 1.653912857174873 5.292476028203964 0.4695558622479439 0.09579424560070038 0 99.72582215815783 0.450844518840313 21.18813417851925 149.0154877156019 17.60689337551594 91.86218929290771 34.88953553885221 1.237676963210106 34.29159437865019 4.999570369720459 9.551196433603764 15.74145390838385 0.3907664492726326 0 0.8603542745113373 0.08662867546081543 109.4805784374475 2.088204137980938 0.9407269358634949 0 190.8769208937883 0 0.2042126879096031 0.1099234893918037 291.8304427415133 8.311466000974178 8.719952739775181 0 0.08569370210170746 0.6959686577320099 2.285861328244209 0.4041811227798462 18.23704198002815 1.292897462844849 16.0461357422173 3.124177105724812 66.17668065428734 1.392811872065067 0 1.158435218036175
0 0.255167692899704 0 3.076450228691101 9.670700341463089 336.7028497010469 1.014989197254181 4.114065580070019 93.40189088881016 2.548569828271866 0 76.89162381738424 0 0 1019.26942846179 0 0 0 0 3.499138332903385 0 0.7145951241254807 0 11.59410552680492 0 0 0.2744981348514557 5.065165795385838 22.89527060091496 0.1290461272001266 0 647.4484314918518 0 6.967515490949154 0 4.187498077750206 0 5.416649743914604 3.634517565369606 1116.985736146569 5.450353711843491 0 0 0 0 0 0.6097595989704132 0 0 0.1448146849870682 0 0.2266911417245865 0 0 1.382626131176949 0 0 0.2016446143388748 0 0 0 0 1.354475557804108 0 0 0 1.05823378264904 0 0 0 0.7255222797393799 0 0 0 0 0 0 0 0 0 0 0 1.521261870861053 0 0 0
21.96973868459463 0.1921979635953903 3.340350389480591 75.17194083333015 336.7028497010469 10141.14662711322 4908.111365281045 4813.522241108119 115.6110891029239 8540.229407072067 247.770354680717 3822.97055748105 29.44198463857174 794.3457334116101 2671.811644390225 0.1018376275897026 24.97157146036625 37.67950944602489 23.81281218677759 713.2979501634836 4.326184414327145 0.3937550634145737 9.21023990213871 53.50745325535536 0.1679020971059799 56.40714505314827 6.669476144015789 201.9539727494121 864.5398822054267 71.03535670787096 7.459298431873322 398.2271285504103 9.243547983467579 593.2290560603142 1.608384177088737 279.3368932306767 21.89449568837881 625.0456671640277 157.3554799556732 3343.194475084543 415.7228160575032 13.0722394362092 5.984638765454292 1.069550976157188 0 0 10.79685313999653 0 1.292564116418362 33.89754191040993 2.521822661161423 13.4818145558238 3.599020034074783 0.103585883975029 8.653635278344154 0.8594059348106384 1.081948332488537 1.988049358129501 0.6907986626029015 0 0 0 14.2827608063817 0.8910482227802277 0.4225178360939026 0.6154804676771164 43.18354639410973 0 0.7432703822851181 0.1247202530503273 62.80460622906685 1.312444485723972 5.19726824760437 0 0 0.269915796816349 0.3517029881477356 1.285264790058136 13.72266429662704 0 4.793433219194412 1.990745425224304 22.802390627563 0.6638845354318619 0.4985022395849228 0
1870.241934120655 1.296236865222454 266.5239148586988 120.9587972760201 1.014989197254181 4908.111365281045 14113.97399837524 4267.852763198316 249.4480757340789 12037.47779091448 62.74384171515703 220.2420541718602 7.287954330444336 4340.783454529941 36.8364929407835 31.50728063285351 345.5070593878627 36.34580282121897 99.62577054649591 89.0540666654706 542.4608145728707 35.13508213311434 708.4441643282771 774.0656968206167 0.5133210048079491 463.7581893205643 70.20709684491158 11446.39662839472 1972.989555545151 2727.999400906265 3.36636970937252 11.63056445866823 442.644173912704 1007.296349845827 67.15821448713541 3307.835099846125 78.72831045091152 2237.660794600844 844.6991213336587 568.3655149638653 117.5964802131057 11.98093836009502 47.11362875252962 7.502580292522907 1.534035734832287 4.600578866899014 68.3000226393342 0.2769755870103836 19.57151370495558 575.9523114934564 43.78732478618622 143.4465387687087 38.13709592074156 6.235978171229362 41.25604140758514 4.496123664081097 25.73269546031952 2.80599319934845 29.20274730026722 2.733970932662487 1.646660186350346 1.729227617383003 92.26798896491528 40.79345169663429 16.27369496971369 13.43450522422791 611.6363900080323 0.5897365137934685 3.881350852549076 19.28453471511602 779.9979826807976 53.87191269919276 157.4845544919372 0.2730063870549202 0.7454297170042992 2.82031112164259 15.51641904562712 17.30904748290777 106.5922201424837 2.879345059394836 63.44502986222506 21.82334885746241 44.67544639110565 4.976806685328484 0.8503938466310501 2.563614539802074
972.9928220137954 0 44.22931122034788 19.45926178246737 4.114065580070019 4813.522241108119 4267.852763198316 7227.51875615865 24.05814555287361 2348.254084534943 196.1640865951777 307.9197937250137 12.03023515641689 5234.789395928383 166.7904904410243 0.1961351037025452 660.8817619308829 54.54692243039608 173.9399142488837 308.9980418346822 66.24137558788061 1.250820770859718 104.1995133534074 70.9323867931962 0.1094968095421791 235.5018441230059 23.67319276928902 128.1081932112575 1671.228979215026 2024.177440039814 4.250133112072945 685.8017786368728 14.02562112361193 727.1254926547408 5.9398233294487 169.6868884265423 23.04727002978325 664.5691835656762 176.4178236350417 1123.581284381449 248.1827147379518 2.855368629097939 2.461442559957504 1.608671590685844 0 0.7703234553337097 11.15598816424608 0 2.870142318308353 159.2916114032269 11.41903811693192 32.26002279669046 5.342336386442184 2.029869794845581 5.408007070422173 0.1482820361852646 5.154598094522953 0.6206937879323959 2.450755894184113 0.874846987426281 0.1755141317844391 0.2426108047366142 14.20651116967201 8.972154088318348 3.058329731225967 0.8411308228969574 185.2732537612319 0.2073054611682892 1.282680943608284 2.169511705636978 221.0559102892876 8.953542679548264 26.55171549320221 0 1.047011390328407 0.6269146800041199 3.865592151880264 3.916267484426498 32.92436598241329 0.1763414889574051 18.16730888187885 6.001317530870438 14.48990955203772 1.904784716665745 0 0
1.984122909605503 695.7414537444711 3.367723658680916 521.6215435639024 93.40189088881016 115.6110891029239 249.4480757340789 24.05814555287361 578.6087195053697 271.8143234699965 10.7222586274147 579.4988166317344 135.1493932530284 7.510617278516293 1079.721902281046 10.36581376194954 1.468636013567448 2.119605384767056 0.3967828899621964 483.0582302436233 3.802933387458324 2764.345871299505 6.887170404195786 7397.33690148592 164.6764267012477 26.99868988990784 944.043034888804 1978.311202794313 20.98322047293186 24.64216252416372 7.080198392271996 4.983158335089684 1.178401231765747 9.109060905873775 1.889586046338081 402.9836492240429 71.42109031230211 28.18988958746195 7.128204919397831 552.1002111285925 4.24246821552515 10.45840936154127 0 5.826557829976082 4.769215658307076 3.010811038315296 129.898790307343 0.8948980718851089 21.04993607103825 283.3200272545218 19.59650538116693 170.5695217624307 42.34418223053217 2.987226486206055 48.20196054875851 5.394448384642601 11.82417564839125 13.09922126680613 43.00128737837076 3.520654022693634 0.9719725623726845 2.0891964584589 163.6482941508293 58.9234783872962 17.3657114058733 5.629513166844845 856.763373285532 3.931246675550938 7.159902721643448 15.25589774549007 708.8263887912035 31.97339661419392 81.58747974783182 1.284439846873283 0.4648526310920715 0.9236039966344833 8.697618819773197 4.452973231673241 51.19243429601192 3.344908460974693 34.07558389008045 13.90128345042467 59.14539132267237 1.93244045227766 1.627703689038754 0.3263894766569138
21.02519541233778 0 5.909127704799175 4053.041723482311 2.548569828271866 8540.229407072067 12037.47779091448 2348.254084534943 271.8143234699965 25550.70254060626 114.9265117794275 8643.136021122336 9.47769471257925 824.0148020982742 67.53765154629946 0 12.80063718557358 30.97526506707072 25.08168340474367 9643.482616379857 5.567674711346626 0 13.06142567843199 260.4078419283032 0.1687589958310127 58.13991725444794 8.862701803445816 1486.093266874552 1263.137427724898 45.033426836133 5.255856901407242 24.81229247152805 46.57708810269833 765.7189575359225 17.34549349546432 1512.45136731118 46.04341327399015 1275.274853125215 364.775765478611 566.9441147446632 117.3915242180228 7.40245857834816 31.60617343336344 1.3893136754632 0 0 151.0594185590744 0.1198533326387405 31.12771514058113 319.4625836163759 42.58314361423254 99.06545055657625 54.56497486680746 4.742461390793324 58.3004240617156 4.738452352583408 16.2886901050806 11.01575631648302 0.5652856156229973 0.4033074304461479 0.4053322821855545 0 186.2915027812123 1.395254977047443 1.760199531912804 0.9308227375149727 325.0767474323511 0 0.7625803351402283 0.6227856799960136 515.334881670773 17.32932990044355 7.131179414689541 0 1.814022175967693 1.269881024956703 9.255293697118759 4.306890219449997 39.83285203576088 0.4905014410614967 41.20446588844061 12.28473032265902 81.30958829820156 3.846990801393986 0.1072570458054543 0.4156381636857986
18.29604545980692 52.47176302224398 20.52105306833982 6.21202214807272 0 247.770354680717 62.74384171515703 196.1640865951777 10.7222586274147 114.9265117794275 6576.661864705384 112.6192801296711 2081.641329184175 184.8970327973366 1.160411007702351 0.7483958378434181 187.2460576295853 1807.711260810494 610.6025880053639 108.7597091943026 47.54178570210934 23.51172807067633 55.01592741161585 18.05563559383154 227.0488964989781 1089.277289859951 167.2810304015875 17.33918672055006 335.9384238794446 51.65118260681629 293.2620040625334 98.2102175951004 4.993049383163452 6680.867992907763 31.00852058827877 765.583244509995 3087.910235226154 4504.611632272601 1089.371438086033 230.0229084715247 139.1191287785769 1958.998266138136 11.02055019140244 0 16.52884963154793 1.516555659472942 0.9344002306461334 0.09683358669281006 0.1469322592020035 9.866419389843941 0.2786684110760689 4.088022693991661 0.06787360459566116 145.1987457573414 0.2186375632882118 1157.78102388978 0.8941856622695923 0 0.8258937895298004 0.4682619720697403 9.098818317055702 0 0.1030357256531715 0.3266672343015671 3.237027123570442 0.1363463252782822 10.19518473744392 241.0827425867319 61.11094801127911 114.1158933788538 16.02833946794271 0.4016236886382103 1.506353542208672 79.79191252589226 0 0.2535777986049652 1.826305858790874 27.95857506990433 25.34283479303122 388.1856190636754 11.98220705240965 1.906989753246307 1.875715129077435 0 339.9912885129452 0
1.42821554094553 1.013011902570724 0 993.0327518582344 76.89162381738424 3822.97055748105 220.2420541718602 307.9197937250137 579.4988166317344 8643.136021122336 112.6192801296711 10083.31356756389 8.992640659213066 248.8387582302094 812.3710842579603 0 0.9701393321156502 28.69837758690119 12.83475357294083 9048.823557168245 0.1760623827576637 3.711990840733051 0.4792156964540482 457.9474909082055 0.3562129288911819 38.55017127841711 7.613152384757996 474.1516356393695 463.6961566284299 1.547157630324364 4.602170065045357 19.27445910125971 0.2961991056799889 382.420176230371 1.004666030406952 664.8536007404327 11.77804148942232 448.4234292283654 70.43811034411192 2292.815839536488 69.89131336659193 2.498099789023399 6.009566776454449 0 0 0.3996515497565269 84.6198076531291 0.957134410738945 21.21484063565731 82.49181904643774 8.555553637444973 117.4663723409176 36.90933629870415 0.6017535924911499 98.48239871114492 4.402732275426388 7.106542438268661 26.09155960381031 0 0 0.1110499203205109 0 123.0874500721693 1.448364734649658 0.6821523681282997 0.1211397871375084 173.8240264579654 0.1401980370283127 0.2594210505485535 0.7854534611105919 215.7063583508134 5.854001224040985 1.15273617208004 0 0.6218858733773232 0.6699611097574234 2.61340919137001 0 21.37169998884201 0 12.54948956519365 3.535672791302204 205.1741834804416 0.163415715098381 2.586793422698975 0.2476537972688675
0.6890529319643974 1174.738094210625 1.528453469276428 0.2471232414245605 0 29.44198463857174 7.287954330444336 12.03023515641689 135.1493932530284 9.47769471257925 2081.641329184175 8.992640659213066 3740.603699602187 10.74623191356659 2.487802945077419 3.509521722793579 0.9084320142865181 59.11277272552252 1.384495094418526 9.001393891870975 4.771442651748657 356.9704042822123 13.38515078276396 82.45638360083103 3975.004033632576 267.8400890827179 3022.561428718269 14.08452872186899 13.92875333875418 1.798336401581764 1476.967608906329 14.18367198109627 0 455.8637198507786 100.0306439697742 904.0002552196383 2382.966801144183 1710.5286013484 409.2840544357896 81.06670021265745 224.7229596227407 755.5186755731702 5.457400232553482 0.1139006614685059 50.55573794990778 0.2960332632064819 0.2761307656764984 0 0.1410292685031891 0.7647265940904617 0 0.8531960025429726 0.0847526341676712 213.3008645325899 0.08363508433103561 1812.088198170066 0.07423238456249237 0 0.3398807346820831 0 17.56716634333134 0.7777183949947357 0 0 2.86602408438921 0 1.861083686351776 653.4426707401872 158.9409242868423 335.7809384316206 2.360947765409946 0.294492207467556 0.09707248955965042 132.8294228538871 0.4014768823981285 0 2.913355402648449 101.7227697074413 61.79364725202322 508.7325884178281 34.4826197847724 11.5826663672924 15.62754940986633 6.209942132234573 479.1174480393529 0
4907.095315977931 0 28.98483930528164 21.20505648851395 0 794.3457334116101 4340.783454529941 5234.789395928383 7.510617278516293 824.0148020982742 184.8970327973366 248.8387582302094 10.74623191356659 10845.60955420136 17.39982344210148 0.336415059864521 687.1213802024722 60.69554124027491 175.9180069342256 309.5790520235896 77.03662856668234 1.806382477283478 85.96733497828245 32.76561952382326 0.1317412108182907 173.7952905520797 21.98402722924948 73.78770955651999 5628.697037212551 3638.186337769032 3.418990559875965 432.2009974271059 12.80769247561693 1058.579302117229 6.530263639986515 172.9767250195146 19.07360735535622 577.1739177033305 135.319637581706 520.4865707531571 42.8722762465477 1.864118196070194 3.489734381437302 0.7475141882896423 0.2671031206846237 0.5940895602107048 2.488945543766022 0 0.1592437028884888 23.84971749037504 0.7854187488555908 11.51935654878616 0.5857893824577332 0.3323383629322052 0.8031402826309204 0 0.3592027723789215 0.1666701436042786 2.500343583524227 0.9770164489746094 0.2041981816291809 0 3.350560054183006 9.657384388148785 2.776202820241451 1.436307683587074 28.44165798276663 0 1.181192860007286 0.778395414352417 44.22755352407694 0.9802042096853256 20.13412335515022 0 0 0 1.764386579394341 0.2155255228281021 8.254309393465519 0.4886862114071846 2.93387770652771 0.7604635804891586 3.002303242683411 0.2081503123044968 1.021501660346985 0
0 10.23660030961037 0.2410680800676346 62.57608592510223 1019.26942846179 2671.811644390225 36.8364929407835 166.7904904410243 1079.721902281046 67.53765154629946 1.160411007702351 812.3710842579603 2.487802945077419 17.39982344210148 253.2388785928488 0.1782035976648331 0.7046550735831261 0.106269359588623 0.364122062921524 110.7956007272005 0 44.56239089369774 0 409.3917490541935 2.47304780036211 0.8786471635103226 20.4426341354847 152.8863328024745 13.83800803869963 1.255769118666649 0.291567750275135 540.430227637291 0 8.47530734539032 0 209.5828964039683 5.688224762678146 2.606169052422047 0.152156263589859 955.9180318340659 103.6518000438809 3.129177093505859 0.1096686348319054 0 0 0 24.49986537545919 0.5197642296552658 4.566401116549969 7.387540228664875 1.406258605420589 36.01638360321522 2.055223450064659 0.5832096636295319 21.1765653938055 13.52919435501099 2.697248339653015 4.04062981903553 0.2874980568885803 0 0 0 25.88024190068245 0.2393730729818344 0.2790895998477936 0 31.6205856949091 0 0.149498462677002 0.4523452296853065 39.83776353299618 0.9263948947191238 2.130785942077637 0 0 0 0 0 2.276659823954105 0 1.046554543077946 0.3854358494281769 58.41755694150925 0 0 0
0 50.30165588110685 21.00160170346498 0 0 0.1018376275897026 31.50728063285351 0.1961351037025452 10.36581376194954 0 0.7483958378434181 0 3.509521722793579 0.336415059864521 0.1782035976648331 5296.927216663957 19.02474340051413 0.351498931646347 2.07658451795578 0 3554.625607304275 3053.479003295302 4532.642757624388 2045.087892130017 3.702834658324718 21.15839593112469 3076.6876571998 3030.33449857682 1.411269709467888 3.394192054867744 0.2048177719116211 0 1.466212205588818 22.7533917054534 24.34812226891518 1236.560061402619 643.707432538271 219.7056027576327 314.4250872433186 36.71471500396729 1.091441072523594 1.172039419412613 1.294342815876007 0.4809341728687286 10.27232445031404 38.16143649816513 0.2329351454973221 0 1.428560897707939 31.30621049553156 0.937669575214386 6.828365281224251 2.047367483377457 0.3983986601233482 0 0.4742273315787315 0.8936834037303925 0.278095468878746 2050.938486114144 9.569864712655544 0.3864754512906075 2.313332006335258 1.584538400173187 434.7275718525052 864.4588642939925 1547.274783343077 239.5034685507417 5.056314185261726 7.524413742125034 558.4375963285565 283.0179467573762 5.873508706688881 100.7562074139714 0 0 0 6.55811333656311 4.998473599553108 47.13216753304005 4.107366420328617 19.09263650327921 20.96348547190428 7.032973095774651 0.1188834756612778 0.8500798940658569 0
157.2895190194249 2.735640898346901 2625.840145669878 0.8827000558376312 0 24.97157146036625 345.5070593878627 660.8817619308829 1.468636013567448 12.80063718557358 187.2460576295853 0.9701393321156502 0.9084320142865181 687.1213802024722 0.7046550735831261 19.02474340051413 848.2971874326468 687.0431009605527 2344.555396765471 1.005317553877831 1605.928419165313 9.412216112017632 4987.970982149243 13.53120968490839 0 1305.707733530551 3783.665318801999 129.9417439550161 555.4391488581896 2598.116062633693 0.5786030888557434 1.87208279967308 49.94226180762053 1671.40168056637 6.042923830449581 421.4071011543274 1638.84984935075 1185.810323864222 274.007520981133 12.90127599984407 3.315018720924854 1.55403009057045 1.549258455634117 0 16.73007444292307 168.0523036122322 0 0 0 2.502565413713455 0 0.2189666107296944 0 0 0 0.1469754129648209 0.4912774264812469 0 4.010668963193893 29.32547010481358 1.425593927502632 9.479190431535244 0 5.110691159963608 2.529296182096004 9.648883618414402 3.24706768989563 0.4258954524993896 208.5929369032383 348.3155078887939 4.735730342566967 0.5018710494041443 3.59261591732502 0.2769818529486656 0 0.1022511944174767 3.784130714833736 0.9890542924404144 7.900785997509956 38.0604756847024 6.464294232428074 1.592759169638157 0.3706708177924156 0 0 0.1935840100049973
11.21905526518822 6.499087385833263 51.75004762411118 1.815450869500637 0 37.67950944602489 36.34580282121897 54.54692243039608 2.119605384767056 30.97526506707072 1807.711260810494 28.69837758690119 59.11277272552252 60.69554124027491 0.106269359588623 0.351498931646347 687.0431009605527 88.68188485503197 2887.645849198103 28.0517485961318 35.14248748868704 2.686305299401283 60.62817204743624 5.755058042705059 80.27512356638908 2769.453432105482 548.6946308687329 12.70957253873348 74.04658611863852 70.95956130325794 70.76987680792809 9.038173243403435 3.921002827584743 1256.337726846337 21.78789429366589 743.0347430184484 1287.417277731001 1893.546702757478 548.6776252835989 46.65768272429705 8.853516064584255 41.00179290026426 2.259887978434563 0 2.231893472373486 7.686314679682255 0 0 0.1127544865012169 1.145843476057053 0 0.1464764922857285 0 5.209139943122864 0 66.1421308144927 0 0 0.1110875383019447 3.113077640533447 8.04325732588768 3.31622376292944 0 0.8273260295391083 0.1612384170293808 0.4294931516051292 1.946645237505436 60.60505595803261 90.02498379349709 189.2395355030894 3.75536260008812 0 1.043003790080547 18.73697888106108 0 0 0.6194624900817871 17.74283757805824 13.48922252655029 11.702871337533 1.869871042668819 2.277907438576221 0.1360760033130646 0 0.4053961113095284 0
39.30740906298161 1.827721305191517 293.2286112233996 0.7626627162098885 0 23.81281218677759 99.62577054649591 173.9399142488837 0.3967828899621964 25.08168340474367 610.6025880053639 12.83475357294083 1.384495094418526 175.9180069342256 0.364122062921524 2.07658451795578 2344.555396765471 2887.645849198103 1685.370379574597 19.00796094536781 175.2841539084911 3.512589938938618 351.4405107349157 4.609901785850525 2.951382391154766 2363.491888508201 874.93059746176 29.50706125050783 188.0205361396074 282.8940782546997 1.79627700150013 2.081966511905193 16.52896620333195 3523.336354471743 11.57539184391499 947.9890368059278 1453.061227820814 2128.380756162107 453.2365045621991 30.725571654737 1.035370722413063 3.539538666605949 0.85088911652565 0 6.473042204976082 30.95218611508608 0.1114544421434402 0 0 2.345443516969681 0.140889585018158 0.6828968077898026 0 0.330464094877243 0 3.380022689700127 0 0 0.9738021865487099 8.146240159869194 1.235111683607101 7.035911127924919 0 1.083518721163273 0 0.6119583770632744 2.292503610253334 1.670510917901993 141.1802001819015 152.8477476611733 4.080719321966171 0.3361043557524681 0.4336789324879646 1.927993014454842 0 0 1.113116197288036 9.309919476509094 4.093800723552704 36.84929100424051 2.049293465912342 0.6127688884735107 0.6652080416679382 0 0 0
3.55667270720005 0 0.1914354786276817 3228.421674586833 3.499138332903385 713.2979501634836 89.0540666654706 308.9980418346822 483.0582302436233 9643.482616379857 108.7597091943026 9048.823557168245 9.001393891870975 309.5790520235896 110.7956007272005 0 1.005317553877831 28.0517485961318 19.00796094536781 1834.001254364848 0.1716650351881981 0.1401943564414978 0.4899151101708412 610.0924368649721 0.2270174771547318 41.76417020708323 8.352333575487137 4330.387393370271 689.18688544631 2.179659083485603 5.01344758272171 20.91231765598059 4.597838424146175 580.6463145986199 6.160857439041138 1435.017405211926 30.53316359966993 1060.157185301185 272.0524049773812 976.608212724328 128.4961677268147 8.572471231222153 32.17713979631662 2.93403659760952 0.1967108696699142 0.1485262215137482 268.1556337699294 1.126334071159363 38.00291508436203 295.3693966194987 32.7127530798316 138.234724983573 107.8996764570475 2.167704492807388 113.9786092936993 6.482650399208069 20.74239353090525 17.42741052806377 0.1227006763219833 0 0.6135367527604103 0 230.1529151797295 0 1.424462556838989 0.1894194781780243 352.0929484665394 0.07277180254459381 0.4765257984399796 0.147927924990654 530.1075873225927 13.5818220153451 11.65457370877266 0 1.080677583813667 0.6155686601996422 8.168187819421291 4.53239931166172 45.55312232673168 0.09713095426559448 38.0874182805419 8.120121091604233 147.4541512653232 1.324736572802067 0.2227537333965302 1.005830466747284
23.75973962247372 1.475587591528893 771.7809755131602 0.8795210272073746 0 4.326184414327145 542.4608145728707 66.24137558788061 3.802933387458324 5.567674711346626 47.54178570210934 0.1760623827576637 4.771442651748657 77.03662856668234 0 3554.625607304275 1605.928419165313 35.14248748868704 175.2841539084911 0.1716650351881981 9638.191182605922 237.6848604530096 12432.29912587255 487.7618880346417 0.09830691665410995 475.2379582300782 2286.327271729708 3137.334927387536 138.8668296486139 10633.73711303622 0.09456392377614975 0.1852041333913803 21.88823495060205 2744.431410945952 178.9824092015624 6286.576254189014 1098.237775757909 5214.092789404094 2772.536630548537 119.1884847357869 24.26305203139782 7.939627535641193 11.30661005526781 0.1138825118541718 1.367869704961777 16.83041141927242 0 0 0 18.19229550659657 0 2.774894215166569 0.7560918927192688 0.1380226612091064 0.6028727889060974 0.1601518243551254 0.5675306022167206 0.1278819590806961 410.4257391616702 6.522750101983547 1.025312349200249 2.902446337044239 0.9145034551620483 257.6600886955857 142.3863158002496 221.8275435864925 127.2388227581978 0.6525290310382843 5.385361142456532 92.85116581618786 150.0565712079406 7.946392759680748 111.5492490082979 0 0 0 3.765752017498016 28.28149851411581 40.78862240165472 1.792960174381733 6.888838186860085 6.721521660685539 1.768754422664642 0.2957938015460968 1.886712431907654 0
1.539126589894295 1788.298109389842 11.01369546353817 1.815476566553116 0.7145951241254807 0.3937550634145737 35.13508213311434 1.250820770859718 2764.345871299505 0 23.51172807067633 3.711990840733051 356.9704042822123 1.806382477283478 44.56239089369774 3053.479003295302 9.412216112017632 2.686305299401283 3.512589938938618 0.1401943564414978 237.6848604530096 923.2163868546486 529.5652866587043 5231.880813039839 468.6147334948182 55.01528370380402 4199.405604034662 1378.360410571098 12.37142390757799 10.36219643056393 19.70243234187365 0 0.9966618046164513 5.664851546287537 0.4676266014575958 39.70856543630362 24.11012568324804 16.68093472719193 3.847611494362354 95.98857884854078 0 24.82319685071707 0.1518633812665939 0.08725830912590027 17.4497377127409 103.9004652202129 1.567309379577637 0.1283976882696152 0.113515317440033 27.2966977879405 2.493578568100929 19.9948859885335 1.151203915476799 4.227042257785797 0.652516633272171 13.08095723390579 1.215046845376492 0.4933488890528679 1482.241392269731 6.510939724743366 0.7455637156963348 1.839955613017082 2.078047797083855 238.7449394389987 615.7470182105899 780.3304471299052 230.9147980511189 19.41202206909657 17.55154637247324 1282.7959619537 228.1560980156064 1.9106455296278 46.19183310121298 0.8939504250884056 0 0.4809391424059868 3.282248295843601 2.688295841217041 26.21017023175955 10.11095632612705 19.30597160756588 13.35007524490356 3.571942165493965 0 3.504548519849777 0
19.71148398518562 2.734852135181427 8876.622511260211 0.4575177803635597 0 9.21023990213871 708.4441643282771 104.1995133534074 6.887170404195786 13.06142567843199 55.01592741161585 0.4792156964540482 13.38515078276396 85.96733497828245 0 4532.642757624388 4987.970982149243 60.62817204743624 351.4405107349157 0.4899151101708412 12432.29912587255 529.5652866587043 13309.18338620663 73.73312385380268 0.1892564594745636 1989.443239532411 9046.405912145972 1386.690209344029 63.23548293113708 4396.119854576886 0.3610649257898331 0.6107752025127411 10.00313979387283 1822.887191541493 230.1463406309485 8972.736859820783 8556.452322438359 6683.551018625498 4724.414771094918 407.7251726016402 21.77095658332109 13.09019622206688 32.61717796325684 0 12.49696885049343 317.2246199846268 0.5853845477104187 0 0.3702055513858795 37.58089916408062 2.161786437034607 1.06416043639183 0.8494499325752258 5.542217776179314 1.308536529541016 0 4.278092294931412 0 1729.295087054372 13.64654134213924 0 1.837722934782505 1.243491649627686 180.5318214446306 618.9885250404477 1810.588017687201 139.7218271866441 4.87242303788662 15.13267984986305 1466.073193475604 179.8845932483673 0.5209646224975586 27.49897891283035 0 0 0 22.95934924483299 51.38898174464703 219.8142503723502 19.30781684070826 104.1135105416179 73.001749150455 8.411458849906921 1.326912254095078 2.896728903055191 1.873041525483131
8.51096186041832 517.971160620451 16.68708296865225 1722.925266362727 11.59410552680492 53.50745325535536 774.0656968206167 70.9323867931962 7397.33690148592 260.4078419283032 18.05563559383154 457.9474909082055 82.45638360083103 32.76561952382326 409.3917490541935 2045.087892130017 13.53120968490839 5.755058042705059 4.609901785850525 610.0924368649721 487.7618880346417 5231.880813039839 73.73312385380268 9609.956467263401 98.56538047641516 31.92281807214022 1884.741902723908 9153.811756506562 182.4385234341025 60.14158649742603 6.08727403730154 2.936778023838997 55.7353825494647 119.8872986137867 31.21056416630745 1667.255432970822 133.7604175955057 418.333144955337 175.6165253147483 848.8053416088223 22.42837596684694 8.16457561403513 5.769491739571095 18.23420535027981 6.879200033843517 25.77305512875319 136.1344690695405 0.843258798122406 37.49561034142971 954.5785477608442 65.08659116923809 766.408215418458 58.28482046723366 8.152039103209972 65.50502372533083 6.820404514670372 36.17234084755182 11.71155150234699 449.7158508971334 19.46777327358723 4.465655118227005 11.25683534145355 144.793524749577 474.447052910924 300.1013667881489 186.2171374708414 1817.35440286994 3.6292629763484 17.25728095322847 150.1856870390475 1963.57278508693 112.0919913426042 475.4179661385715 0.7470035739243031 2.17655998468399 8.942248523235321 40.39744389802217 15.37741407752037 273.4777234718204 7.992761500179768 123.5155357941985 56.59045138210058 128.9900676235557 9.880234107375145 0.8575732931494713 2.172799289226532
0 1356.171249322593 0 0 0 0.1679020971059799 0.5133210048079491 0.1094968095421791 164.6764267012477 0.1687589958310127 227.0488964989781 0.3562129288911819 3975.004033632576 0.1317412108182907 2.47304780036211 3.702834658324718 0 80.27512356638908 2.951382391154766 0.2270174771547318 0.09830691665410995 468.6147334948182 0.1892564594745636 98.56538047641516 400.7804702669382 598.0436421707273 4903.857863716781 10.43410351127386 0.3317760899662971 0.2486198395490646 522.9217778518796 0.2977544069290161 0 9.421435862779617 0.5980564951896667 21.42406491935253 188.3159026280046 103.3057102411985 23.7312401086092 4.136666461825371 10.8448057025671 242.0112192630768 0 0 49.08999241888523 2.027742266654968 0.324520617723465 0 0 0.1032113209366798 0 0.219123438000679 0 28.0533162727952 0 265.0891986116767 0 0 0.4548963904380798 0.1430165022611618 1.440794244408607 0.2203162908554077 0 0.2234858572483063 4.716622322797775 0.1981522589921951 0.5930344462394714 152.7796906083822 46.09107793867588 157.9442763477564 0.4600792080163956 0.1024205535650253 0 12.44649405777454 0 0 0.2131054177880287 0 2.70983025431633 65.50674787908792 4.603119485080242 0.1049428209662437 0 0 44.22139266133308 0
27.30398087948561 107.5173798501492 6911.424832560122 3.327580273151398 0 56.40714505314827 463.7581893205643 235.5018441230059 26.99868988990784 58.13991725444794 1089.277289859951 38.55017127841711 267.8400890827179 173.7952905520797 0.8786471635103226 21.15839593112469 1305.707733530551 2769.453432105482 2363.491888508201 41.76417020708323 475.2379582300782 55.01528370380402 1989.443239532411 31.92281807214022 598.0436421707273 26338.29435104877 10650.51844905317 168.9250558167696 99.8422746732831 560.4402009099722 239.3703993186355 10.54360608011484 6.534717194736004 1370.72465961799 59.92845582962036 3720.906375996768 10827.7091319859 3701.517878614366 1219.862555608153 97.75931040942669 13.12154154479504 157.0499209314585 7.81041307747364 0.5018846541643143 362.0667195022106 805.6680555045605 0 0 0.2639105319976807 7.427556097507477 0.8620075136423111 2.062492199242115 0.32780821621418 78.19239722192287 0 1283.847041934729 1.617960058152676 0 11.01705321669579 129.2646874114871 93.18928500264883 117.9901007041335 0.101476289331913 8.135083451867104 12.5705858618021 23.92023182660341 11.53679271042347 691.3410147055984 3294.74246031791 6222.124952949584 13.33111090958118 1.87270400673151 7.531442150473595 300.4119481816888 0.4992480874061584 0.1182940304279327 23.27808331698179 39.8116624429822 79.52017073333263 768.2259462922812 65.58082469552755 14.7581769824028 2.656201004981995 0.9540036395192146 5.226215101778507 0
6.464571140706539 4321.570594832301 4943.889712624252 1.157412692904472 0.2744981348514557 6.669476144015789 70.20709684491158 23.67319276928902 944.043034888804 8.862701803445816 167.2810304015875 7.613152384757996 3022.561428718269 21.98402722924948 20.4426341354847 3076.6876571998 3783.665318801999 548.6946308687329 874.93059746176 8.352333575487137 2286.327271729708 4199.405604034662 9046.405912145972 1884.741902723908 4903.857863716781 10650.51844905317 34860.6911393702 1960.770681761205 30.75981463491917 102.5903230831027 844.6873862147331 0.9810178354382515 1.802135154604912 1932.205872029066 109.9856277182698 8885.249819129705 5522.295438632369 6296.042838141322 2214.204824768007 443.7782632932067 8.060584388673306 50.15933073312044 18.97710191458464 1.573750540614128 3758.418905079365 4234.725731924176 1.130908101797104 0 0.8040683269500732 57.76153755187988 5.015576243400574 9.24232579022646 2.223360858857632 48.11600401997566 0.4627444446086884 749.8980635851622 3.457734860479832 0.4512257874011993 908.8713678494096 310.5348052307963 92.0853464230895 158.9644402936101 0.6932524591684341 90.95668691396713 1347.491976164281 1503.119163453579 103.8709127306938 1168.251206196845 5359.406252250075 20170.62152735144 143.3212029412389 3.656400889158249 16.08151960372925 199.2072839662433 0.7668027579784393 0.1399343609809875 106.5486044809222 69.94666662812233 432.1170472353697 903.1543833166361 301.3444961979985 141.2244906201959 11.32812087982893 0.1254451274871826 10.30644278973341 0.2081836462020874
19.78133058547974 45.34407629817724 216.8427956625819 5177.760965242982 5.065165795385838 201.9539727494121 11446.39662839472 128.1081932112575 1978.311202794313 1486.093266874552 17.33918672055006 474.1516356393695 14.08452872186899 73.78770955651999 152.8863328024745 3030.33449857682 129.9417439550161 12.70957253873348 29.50706125050783 4330.387393370271 3137.334927387536 1378.360410571098 1386.690209344029 9153.811756506562 10.43410351127386 168.9250558167696 1960.770681761205 19096.81729745865 526.3544206172228 3965.74098751694 1.301170490682125 3.348823614418507 325.609314493835 662.8979551643133 133.4083686619997 4917.738494046032 427.0515307709575 2273.570371493697 1039.154789179564 725.3024777919054 55.76472202688456 13.0614904537797 26.45188445597887 31.15627946704626 4.929423995316029 30.7331488057971 293.7574115395546 0.4992077574133873 69.96453057974577 1369.615157909691 92.42774541676044 585.9447252601385 101.8931354656816 15.46482544392347 115.6055367514491 17.81182046234608 52.34004963934422 22.1575418561697 776.5477947816253 37.81937277317047 6.810194212943316 18.42475102841854 358.7262332737446 819.6997251212597 342.3569226264954 288.2230624482036 2165.427770338953 2.389391668140888 23.55557378381491 182.7218905314803 2877.840283855796 180.9960237629712 1049.283627063036 0.8052822612226009 4.770059667527676 8.862783752381802 67.24794977903366 35.80641306191683 330.1702940389514 10.09984032809734 179.5862572193146 77.0450289323926 211.8505377992988 11.22524865716696 6.581400133669376 1.974477156996727
3305.061686761677 0.1697083190083504 10.37121208012104 67.59931785613298 22.89527060091496 864.5398822054267 1972.989555545151 1671.228979215026 20.98322047293186 1263.137427724898 335.9384238794446 463.6961566284299 13.92875333875418 5628.697037212551 13.83800803869963 1.411269709467888 555.4391488581896 74.04658611863852 188.0205361396074 689.18688544631 138.8668296486139 12.37142390757799 63.23548293113708 182.4385234341025 0.3317760899662971 99.8422746732831 30.75981463491917 526.3544206172228 22754.46894297004 2879.44948105514 4.557039797306061 239.3420180752873 3229.712262108922 3897.449950262904 12.84829111397266 343.2338357791305 40.71399352699518 2037.17082695663 309.2613923922181 652.9942649751902 688.8217598125339 4.676052287220955 3.577177181839943 1.741511106491089 0 0.2381777986884117 4.061846926808357 0 0.6173240393400192 72.8597508892417 2.183669582009315 13.26993454992771 1.745395392179489 0 0.226180374622345 0 1.126184292137623 0.2995331883430481 23.0412518158555 3.141421921551228 0.5471116229891777 1.354040585458279 5.134591318666935 57.91527722775936 19.98055314272642 4.134604692459106 87.74210757017136 0 1.887626945972443 2.619813166558743 151.595552995801 8.318605989217758 86.17669654637575 0.1997310817241669 0.08904163539409637 0.1621769517660141 4.989769414067268 2.645068898797035 25.20502231270075 1.549504123628139 5.865756183862686 4.486697383224964 3.312918201088905 0 0 0.5386422872543335
