937.5524075180292 0.1082817316055298 119.6627407073975 7.880433849990368 0 11.01682299375534 1120.536486104131 277.4089255705476 0.781186930835247 96.86625086516142 15.27467677742243 0.8225759938359261 0.4276663735508919 2985.183799788356 0 0 514.1629889383912 10.62558820843697 50.93139816075563 2.3291886895895 19.51309248805046 0.1184733808040619 129.7337834089994 5.871365919709206 0 58.34406090527773 21.89724811911583 40.5573397949338 5331.117254003882 3109.277758806944 0.735936738550663 6.274068526923656 60.85359674692154 91.53947857022285 0.3400700986385345 6.678486526012421 1.16789586097002 39.52810619771481 6.992371767759323 0.09149926155805588 0.4795766919851303 0.1719726026058197 0 0 0 0.1891779005527496 0.1387918889522552 0 0 0.2348128408193588 0 0 0 0 0 0 0 0 0 0 0 0.1308352947235107 0 0 0 0.1173094660043716 0 0 0.733812615275383 0.8696279898285866 1.299013793468475 0 0 0 0 0 0 0 0.09393120557069778 0.1382146179676056 0.8054323196411133 0 0.2432345747947693 0 0 0
0.1082817316055298 51.47765862941742 174.5758935585618 1.15589314699173 1.099783793091774 0.1010081917047501 1.946782007813454 0.761835090816021 634.2152969166636 0 51.99126274138689 0.893875889480114 1099.686744362116 1.367330759763718 22.38398426771164 100.2336317896843 44.76081639528275 14.90069434046745 83.98441292345524 0 8.146552406251431 1374.746641345322 4.651197500526905 809.3865119442344 1559.10499805212 581.6155398115516 7642.896928153932 22.34429232031107 1.740868896245956 1.206794433295727 73.74047964066267 0.1209835112094879 0 158.9499459341168 0.5024995356798172 45.49729996174574 53.86480191349983 69.94631688296795 15.43583637475967 21.1920382604003 0 60.45998784899712 0 0 24.83265436440706 167.9111159965396 0.8590166196227074 0 0.1123612597584724 4.61469879001379 0.6183343678712845 3.300268277525902 0.9508781135082245 1.579789809882641 0.5164682939648628 15.76663167774677 0.4882540106773376 0.427202969789505 3.473007440567017 51.89359452575445 3.730011478066444 20.79827805608511 0.3142391964793205 0 12.60795590281487 6.292881160974503 7.296357840299606 5.705852933228016 203.8206711933017 1341.849628828466 2.399859175086021 0.1147244945168495 0 4.94169619679451 0 0 4.765192255377769 0.4875342696905136 29.7563953474164 19.7503609880805 37.04324451088905 10.26519277691841 2.658039152622223 0 0.1299004405736923 0
119.6627407073975 174.5758935585618 6932.592767722905 45.4180526137352 0.7362283691763878 76.90189168602228 2652.839679457247 624.5602029338479 5.175832025706768 183.7964177057147 60.92840794473886 3.217242762446404 33.31013081967831 582.7551347762346 0.3634370937943459 3.910195596516132 9446.099622584879 80.25715790688992 540.701022490859 5.000880375504494 766.3738595843315 18.56351548433304 5845.186659432948 197.1055110692978 1.544407807290554 9486.689389057457 8364.062599524856 1136.654086202383 260.3704070299864 923.1685169190168 97.47289168834686 6.082398772239685 12.16114513576031 1299.397875227034 47.03851473331451 1427.364690728486 857.2369969561696 1832.560310676694 686.7976915314794 36.95165597647429 13.65890967845917 0.1862274259328842 9.555276915431023 1.455311231315136 173.2815814316273 2094.237577915192 1.519933015108109 0 4.466660991311073 63.97603721171618 11.23602592945099 7.370947748422623 12.26723591983318 0.7654115259647369 1.031673759222031 2.28633426129818 8.823295533657074 0.4692085087299347 40.33480890095234 267.0089980810881 2.619261421263218 35.36682751774788 0.2668831273913383 2.733239896595478 94.65781833231449 332.8274115622044 41.18807221204042 1.382729738950729 426.3419872000813 3127.802931554615 38.39149879664183 2.622135676443577 6.284381099045277 2.232930265367031 0 0 63.59692452847958 23.79115571081638 222.9019889980555 71.44344048947096 188.6977550387383 112.3538749963045 16.73104873299599 1.207151353359222 1.242200836539268 0.4375817030668259
7.880433849990368 1.15589314699173 45.4180526137352 3637.310769125819 5.25767819583416 43.41938237845898 149.0723540782928 21.92934489250183 1442.384041413665 2832.134165287018 2.190834283828735 4173.197386406362 1.438522860407829 56.164670586586 145.8484790846705 0.09724067896604538 16.51842179149389 1.250435672700405 3.418855175375938 5861.2054201141 4.370187766849995 2.815617009997368 12.33862307667732 2656.534300744534 0.1377676874399185 45.10362102091312 11.18153759092093 5179.936472341418 179.7157861739397 3.635927356779575 2.566590189933777 4.602512270212173 41.16902934014797 130.3889483511448 11.86820594966412 364.9908422082663 6.674358546733856 135.3624854311347 108.3163122013211 272.3690291792154 9.571024939417839 0.1568295955657959 4.417371347546577 0.2356618940830231 0.4276108965277672 1.443182028830051 559.3271355554461 1.633832678198814 27.4180483520031 84.64573729038239 12.62555664032698 379.4625323563814 355.5365403071046 0.9413874223828316 330.0091100335121 0.1327489465475082 9.323963634669781 88.21565786004066 1.357438482344151 0.2494575306773186 0.210471585392952 0.08955992758274078 250.5916152223945 1.598191358149052 3.620383538305759 0.23947574198246 734.4408189803362 0.1979817152023315 0.6500063091516495 3.027000166475773 617.1142569407821 5.671016924083233 2.686235509812832 0.1090914681553841 0.7883270084857941 0.9017032533884048 6.924902342259884 1.330359324812889 35.74121022224426 0 31.35814420878887 8.131862878799438 346.5341835469007 1.229494296014309 1.526499703526497 0.1527888029813766
0 1.099783793091774 0.7362283691763878 5.25767819583416 64.47399199008942 358.4145059213042 7.593809425830841 76.57716431468725 62.92928384244442 18.36224979907274 91.55024664103985 26.28040022403002 6.214086890220642 4.517298527061939 1026.094285294414 0 0.3873874917626381 3.643454387784004 3.709129601716995 8.093098655343056 0.1239297240972519 0.8867077529430389 1.120243459939957 9.989152148365974 0.212418407201767 7.556541949510574 2.124706476926804 5.028927996754646 130.3445007652044 1.150225065648556 1.022252723574638 121.1344029381871 0.1705719381570816 376.6369893550873 1.955724477767944 98.27472347766161 3.899664014577866 305.9717935472727 105.3331569135189 2050.5841755867 113.9314507097006 2.296430677175522 1.571731105446815 0 0 0 0.4133735597133636 0 0 0 0 0 0 0 0.4766361266374588 0 0 0 0 0 0 0 0.3849977254867554 0 0 0 0.5357584357261658 0 0 0 1.657947793602943 0 0 0 0 0 0 0 0.5659036338329315 0 0 0 0.1942205280065536 0 0 0
11.01682299375534 0.1010081917047501 76.90189168602228 43.41938237845898 358.4145059213042 10406.51376345754 2302.217364281416 4704.853928849101 23.57604655623436 6309.193461447954 134.2125507071614 3720.5555928424 22.72587084770203 503.4806571826339 991.5228830054402 0 66.57775554060936 20.32883402705193 16.96586566418409 660.9365786090493 9.228441402316093 0.2054085955023766 33.54953207075596 16.7513343244791 0.3667379170656204 75.71478032320738 8.412090890109539 185.8337415531278 407.9740703850985 60.49746954441071 4.398025080561638 675.3522737920284 8.200982309877872 638.4172586426139 10.34114171564579 429.898372374475 15.37656631320715 415.477939248085 222.2973234057426 3136.014506950974 322.2361821681261 4.170457974076271 6.502585269510746 0 0.08084277808666229 0.5962578058242798 5.432930953800678 0 0.4460779428482056 3.810749277472496 1.560932964086533 3.124831564724445 3.626157023012638 0.08586839586496353 9.986230947077274 0 0.2569977268576622 0.5089503079652786 0.5775037109851837 0 0 0 3.809569709002972 0.3795405924320221 0 0.1819908916950226 11.44491208344698 0 0.5373041778802872 0.8578791245818138 23.32387468218803 0.1060857176780701 0.2275587618350983 0 0 0 4.305336818099022 0 6.528532668948174 0.2192277759313583 0.247274674475193 0.3563707768917084 15.35022135078907 0 0 0
1120.536486104131 1.946782007813454 2652.839679457247 149.0723540782928 7.593809425830841 2302.217364281416 15288.59493782371 4357.935086429119 112.9151497706771 6364.682703986764 50.52280807495117 27.90847515314817 22.74490544945002 5156.331933714449 7.097511574625969 2.551707074046135 776.7330406010151 28.94190483540297 80.77864948660135 30.11798369139433 1275.390018731356 9.673430413007736 2308.227345488966 470.8740892037749 0.6584923565387726 1246.081577457488 157.120790489018 13146.40510088205 1807.846291638911 4672.745261177421 46.96522277593613 36.38903546333313 389.2334569320083 1017.242504529655 73.76918885111809 1900.583614528179 45.174804225564 1081.42700265348 693.5963583141565 184.2843361198902 61.42810744047165 0.8373743295669556 11.55929373949766 0.3157312721014023 2.416384823620319 32.50151184946299 133.1963440179825 0 11.62504979223013 108.186510629952 11.16901407390833 34.98240582644939 104.2258432880044 0.6263033151626587 47.72768597304821 0 5.959975451231003 4.761371642351151 6.655523553490639 4.867071576416492 0 1.784672915935516 52.35074786841869 2.692026071250439 5.060892567038536 10.72772949934006 339.7498867660761 0.2029258459806442 8.337637223303318 67.49273387342691 628.7673837319016 7.248058542609215 17.0013314858079 0.1190273314714432 0.4161142185330391 0.3353307098150253 4.963371515274048 3.657815352082253 47.8875947445631 1.63587512075901 22.34939012676477 8.892302349209785 86.21895536035299 1.681357465684414 0.7838721871376038 0.3989430963993073
277.4089255705476 0.761835090816021 624.5602029338479 21.92934489250183 76.57716431468725 4704.853928849101 4357.935086429119 10386.04519480467 2.48283164203167 5500.64335115999 139.6332715451717 846.7302758470178 21.41526777297258 5695.367158479989 73.98607191443443 0 1299.37150747329 31.4568979665637 116.7498364597559 321.1898036897182 32.49414032697678 0 293.6916995197535 15.17764845490456 1.234775245189667 410.8467066809535 53.8735631480813 72.58209513127804 403.5757118314505 1134.148739516735 6.776357248425484 1119.040148422122 9.70296736061573 610.7160179391503 11.60785552859306 574.1271479874849 18.08679775893688 372.0907870605588 282.2695638537407 1069.167651474476 222.6013048365712 5.529878243803978 10.71775690466166 0 0.3776844516396523 2.726228572428226 1.021817751228809 0 0.1375968158245087 1.198487848043442 0 0.6334671899676323 0.9885263741016388 0 2.901185363531113 0 0 0 0.2406198754906654 0.5185897722840309 0 0.3237927556037903 0.4767433255910873 0.9796915873885155 0.1909511387348175 0.3675128594040871 14.82289938628674 0 1.460268743336201 6.888622030615807 17.93476393818855 0 2.239299386739731 0 0 0 0.8908873200416565 1.130099773406982 4.075562834739685 1.101842954754829 0.4886569529771805 1.845063596963882 1.407848440110683 0 0.4473727345466614 0
0.781186930835247 634.2152969166636 5.175832025706768 1442.384041413665 62.92928384244442 23.57604655623436 112.9151497706771 2.48283164203167 941.0905525311828 124.7511736676097 6.050818271934986 818.769621476531 57.49600769579411 2.984628416597843 1083.884007483721 72.36257730424404 7.111745961010456 1.799353405833244 4.805185906589031 640.1429172828794 54.15930985659361 1811.7520840168 12.90720088779926 8436.531222134829 81.35394225269556 64.91602319478989 829.7697096243501 1175.272059872746 7.32862152159214 45.79422928392887 11.56035330146551 1.307964690029621 2.013352327048779 16.36087822169065 3.244610041379929 379.0664678737521 13.20751056820154 21.8370178937912 14.57080157846212 380.8436973467469 1.558142274618149 1.208311706781387 0 0.3580838218331337 5.682579033076763 2.866836488246918 127.7642240151763 0.3718002289533615 11.31805946677923 82.02065463364124 6.77673451602459 160.5323645249009 77.68939112871885 0.491351343691349 101.0754018872976 0.999376118183136 5.94418603181839 36.58206620812416 83.78974589705467 0.8690051510930061 0.2863835170865059 1.043743848800659 44.50711502879858 39.64435683935881 56.66269986331463 6.104131311178207 1275.843603029847 1.609359309077263 5.568772822618484 11.32591618597507 783.0425687432289 10.85445558279753 37.35113111883402 0.666647769510746 1.001423940062523 0.5737331062555313 6.063172586262226 0.8749353885650635 44.74212443083525 2.537787526845932 23.28128182142973 10.29501278698444 104.2978089377284 1.580448478460312 0 0.2096144258975983
96.86625086516142 0 183.7964177057147 2832.134165287018 18.36224979907274 6309.193461447954 6364.682703986764 5500.64335115999 124.7511736676097 39074.98960220069 98.96503105759621 4036.742957934737 18.01290538907051 2256.635258100927 30.2497675716877 0.270754799246788 79.84736827760935 29.05090263485909 31.04316923767328 2847.27177786082 39.18651784211397 0.4541024267673492 75.46272569894791 177.0597116351128 0.7741976380348206 179.6028188318014 22.72162821888924 4677.955793842673 2320.846040248871 129.9466320648789 8.287187650799751 107.6926191747189 117.8740407526493 1260.959150023758 40.07433106005192 1617.484705097973 35.46803160011768 1315.443935610354 589.7013249546289 391.2000485360622 85.19927720725536 2.587518081068993 19.59321561455727 0 0.6035028472542763 1.996738471090794 203.7797156348825 0 15.41665497422218 49.54278537631035 6.848270356655121 61.22464844584465 118.4232204034925 0.3213091418147087 105.5850096195936 0.07445761561393738 2.244551755487919 34.62626534700394 1.570845454931259 0.2472535967826843 0.3063333630561829 0 116.7489047423005 1.451599448919296 1.06994254887104 0.3543141409754753 278.0644299685955 0.3467768728733063 2.068222127854824 5.626528225839138 341.1704621165991 4.566448837518692 5.291826598346233 0 0.6098326072096825 0.3557257354259491 3.858509726822376 0.810468465089798 27.01636216044426 0.6287273913621902 11.46562606841326 3.613786183297634 147.9423405230045 0.4686684310436249 0.5521133542060852 0
15.27467677742243 51.99126274138689 60.92840794473886 2.190834283828735 91.55024664103985 134.2125507071614 50.52280807495117 139.6332715451717 6.050818271934986 98.96503105759621 7241.298392355442 107.25797893852 1723.792710609734 440.253805398941 0.6178857088088989 1.487650260329247 218.6769733056426 2004.415715560317 1216.947953648865 43.15655083209276 21.96638886630535 10.43270809948444 80.31742202490568 16.25236991047859 524.1154053807259 2858.936794385314 418.2306042835116 27.82720170915127 480.0712716579437 71.40909566730261 309.4867987036705 359.6906625777483 12.2812135592103 6282.788655489683 6.973956979811192 658.1925511807203 3627.821556888521 3164.977812811732 775.4961170181632 72.78292427212 13.21073430776596 711.5603967234492 5.382560856640339 0 9.581448718905449 2.103620454668999 0.5444938763976097 0 0.9673639908432961 1.125415652990341 1.24826018512249 0.2960434257984161 0.5364399775862694 189.4204362109303 0.9213766157627106 1035.02878331393 0.6966462880373001 0 0.3403093442320824 0.5857573598623276 17.48311051726341 3.799561642110348 0.2437682896852493 0 0.2435297295451164 0.2581934928894043 2.328630059957504 87.22546113282442 33.25905455648899 172.7899105101824 7.541829414665699 0.1306859105825424 0.3790623694658279 63.61203500628471 0.2240384742617607 0 35.92108518630266 1.778223916888237 41.88986747711897 248.5495896339417 51.74485024064779 32.8211672976613 2.333390414714813 2.670977994799614 222.721006385982 0
0.8225759938359261 0.893875889480114 3.217242762446404 4173.197386406362 26.28040022403002 3720.5555928424 27.90847515314817 846.7302758470178 818.769621476531 4036.742957934737 107.25797893852 6936.687618300319 19.27637365460396 763.3208466768265 727.8345501646399 0 2.00785668194294 26.57691167294979 18.71795185655355 5697.241546012461 1.244363844394684 2.151403330266476 3.039046309888363 181.6078957393765 0.7055996656417847 31.88555324077606 9.437443196773529 781.2553696632385 582.2575226426125 3.512181393802166 3.027963504195213 102.4268843457103 0.7639985457062721 426.2594339549541 2.393722034990788 1042.348852299154 20.97266952693462 532.5251321792603 126.6194710209966 1653.984778612852 43.39918659627438 1.191787391901016 4.577060826122761 0 0 0 120.5344770476222 3.687968879938126 6.838128484785557 13.507508918643 1.048662193119526 154.5578444898129 63.63487610220909 0.2786416113376617 284.9081990048289 0 1.081667803227901 113.7333930581808 0 0 0 0 61.22921150922775 1.199430704116821 0 0 126.8960707187653 0 0.4191796481609344 0.9434185996651649 64.5255157276988 0 0 0 1.0697271078825 0 0.641085296869278 0 30.61437657475471 0.2220253795385361 2.630013726651669 1.984600119292736 559.224164634943 0 2.172830104827881 0
0.4276663735508919 1099.686744362116 33.31013081967831 1.438522860407829 6.214086890220642 22.72587084770203 22.74490544945002 21.41526777297258 57.49600769579411 18.01290538907051 1723.792710609734 19.27637365460396 3724.020642623305 49.75993350148201 1.369635708630085 8.003311358392239 3.069201350212097 55.93928407132626 16.27406460791826 9.049090944230556 2.355443574488163 170.2710199430585 8.147022813558578 70.87362924218178 5998.058439135551 488.1073244810104 5009.412247605622 10.67451938986778 35.8812058120966 2.947221204638481 329.2476145625114 38.30507180839777 0.2166917994618416 1281.816785633564 1.442709371447563 198.0917551666498 2181.526815876365 1716.140868231654 271.991853825748 20.3657561019063 22.22676201164722 602.585969388485 4.108862847089767 0 68.11570066958666 9.55767460912466 0 0 0.1831394955515862 1.732393980026245 0.9873088672757149 0.0954282134771347 0.9509944915771484 442.9743548184633 0.720516249537468 2094.709637351334 0.8254900872707367 0 0.1187358498573303 2.328958474099636 43.23917126655579 10.47808349877596 0.2728668376803398 0 0.6137909293174744 0.9712549299001694 1.358816839754581 389.5730164647102 199.065543025732 653.458666883409 2.266064152121544 0.5639421045780182 0 140.0247099921107 0.3621564358472824 0 52.75837050378323 0.46030493080616 52.1658920943737 505.1692171171308 87.94689136743546 32.49586298316717 0.6434981599450111 0.5075668096542358 528.196543969214 0
2985.183799788356 1.367330759763718 582.7551347762346 56.164670586586 4.517298527061939 503.4806571826339 5156.331933714449 5695.367158479989 2.984628416597843 2256.635258100927 440.253805398941 763.3208466768265 49.75993350148201 8976.710121631622 1.632018625736237 0.7453374862670898 1493.300303794444 81.57477308064699 186.8269844353199 353.4420803263783 48.27769453823566 0.961238257586956 430.8245923966169 49.52537247538567 1.563968017697334 335.2592087835073 81.64654459804296 228.7978078499436 4716.042843267322 3783.395928561687 8.719327345490456 106.6291239783168 16.86167247593403 1181.928867511451 3.292244583368301 482.2722197026014 29.14740550518036 723.2868378609419 165.1819191351533 322.8251190707088 77.94725423306227 7.373466700315475 9.513999715447426 0 0.272036150097847 3.097421027719975 1.375704914331436 0 0.2678276523947716 3.029038868844509 0.3141208589076996 0.9234774336218834 1.51560827344656 0 3.898200862109661 0 0.1915200501680374 0.3372696042060852 0.3224889636039734 0.1088557615876198 0.09785206615924835 0.1199508681893349 0.7468709945678711 0.6814916953444481 0.10907232016325 0.2279820144176483 16.051757350564 0.3544611036777496 4.187349542975426 5.636072002351284 30.2346978187561 0.5507902503013611 3.598937466740608 0.1030248999595642 0 0 0 0.3374184370040894 7.744011804461479 0.5103562027215958 0.7773012146353722 0.7284682393074036 0.1398224383592606 0 0.5543286502361298 0
0 22.38398426771164 0.3634370937943459 145.8484790846705 1026.094285294414 991.5228830054402 7.097511574625969 73.98607191443443 1083.884007483721 30.2497675716877 0.6178857088088989 727.8345501646399 1.369635708630085 1.632018625736237 138.99387550354 0 0.3848919421434402 0 0 134.8460399657488 0.1843840777873993 53.06232898682356 0 355.5562444627285 2.518080398440361 2.82040648162365 27.01093216240406 24.43999922275543 5.688228748738766 0 0.8248386830091476 284.7021823376417 0.1406925022602081 20.38146083801985 0 222.4137746244669 0.9811316132545471 0.5607166290283203 0.1010515987873077 701.8226977586746 52.3234036564827 0 0 0 0 0.09121470153331757 6.997557267546654 1.065319687128067 0 4.686140835285187 0 4.972789168357849 3.841568030416965 0.2378773093223572 28.21104542165995 0 0 11.81088855862617 0 0 0 0 6.307670623064041 0.1443449854850769 0.42453932762146 0 10.60232850909233 0 0.1102268025279045 0 6.649386003613472 0 0 0 0 0 0 0 3.225507497787476 0 0.2431374490261078 0 118.1639522910118 0 6.950718402862549 0
0 100.2336317896843 3.910195596516132 0.09724067896604538 0 0 2.551707074046135 0 72.36257730424404 0.270754799246788 1.487650260329247 0 8.003311358392239 0.7453374862670898 0 1332.276077777147 18.17216757684946 1.463215224444866 3.918171420693398 0 2356.927781693637 3640.118348427117 6390.153818488121 3110.808861896396 5.80718470364809 31.1389447003603 2717.188233263791 1388.548533990979 0.6029170751571655 234.2430559918284 6.309234194457531 0.125983327627182 0.3278216123580933 36.03310924768448 25.4117616713047 766.1916299387813 481.4849543571472 153.4342502877116 270.2092062979937 17.57094533741474 0.2627809643745422 0.7520102858543396 1.60576893389225 0 1.28938078135252 8.238717414438725 0.3650580123066902 0 1.120225131511688 21.5849686190486 1.535398356616497 6.784589566290379 3.368544466793537 0.09238418191671371 0.2816884517669678 0.3054513931274414 0.3649213686585426 0 3005.860906474292 1.668750539422035 0 0.5012391358613968 0 355.524757258594 671.7368575707078 1950.698201775551 194.7542111724615 0.1101891472935677 3.798680000007153 243.0074274092913 210.1902280673385 0.896722748875618 18.97773671895266 0.1188618987798691 0 0 4.563145697116852 0.7725808322429657 56.8313814625144 9.849212534725666 21.33101151883602 21.10100165754557 3.707700826227665 0.3682921230792999 0 0.334216982126236
514.1629889383912 44.76081639528275 9446.099622584879 16.51842179149389 0.3873874917626381 66.57775554060936 776.7330406010151 1299.37150747329 7.111745961010456 79.84736827760935 218.6769733056426 2.00785668194294 3.069201350212097 1493.300303794444 0.3848919421434402 18.17216757684946 1692.543261647224 310.246453307569 5203.985290631652 2.972948931157589 728.7144925370812 31.47883997857571 3506.756588697433 198.3928741440177 0.332433819770813 1580.348325781524 5210.101443432271 307.8948009386659 1515.036312527955 3093.816472649574 3.739745534956455 9.654575429856777 73.55428095906973 1125.449451260269 5.331338882446289 229.1297147348523 123.373826302588 348.3965236917138 96.19780212640762 5.22705452144146 2.49318478256464 0.09879067540168762 0.08498142659664154 0.2349738553166389 25.8086775764823 118.3272543773055 0.1152021512389183 0 0.2259913831949234 3.744859993457794 0.09155701100826263 0.1011422574520111 0.2890729755163193 0 0 0.4117558375000954 0.2814087122678757 0 3.353393152356148 19.83872339129448 1.092642232775688 11.22728817164898 0.1502307951450348 1.015212036669254 3.454786762595177 12.00577866286039 3.717803500592709 0 175.446565784514 271.7379915490746 4.651872836053371 0 0.4859748333692551 0.214982733130455 0 0 2.955890394747257 0.1094702258706093 9.786163009703159 4.815126940608025 6.857782945036888 3.26121087372303 0.1126737892627716 0 0 0
10.62558820843697 14.90069434046745 80.25715790688992 1.250435672700405 3.643454387784004 20.32883402705193 28.94190483540297 31.4568979665637 1.799353405833244 29.05090263485909 2004.415715560317 26.57691167294979 55.93928407132626 81.57477308064699 0 1.463215224444866 310.246453307569 384.531120672822 2760.197110302746 11.95478282123804 7.536751165986061 5.663706585764885 71.34088426828384 10.86131864786148 17.66022252291441 3747.523022614419 936.508926436305 11.36408825218678 105.27026681602 40.49293901026249 53.92159218341112 35.46321675926447 6.012383975088596 1251.634984016418 15.02204565703869 766.6078813523054 1289.622349463403 1116.555972024798 514.9315388798714 14.9326151534915 1.986084975302219 8.739646077156067 3.803207240998745 0.1376764327287674 2.603642903268337 3.309084221720695 0 0 0 0.5645263344049454 0 0 0 25.93226273357868 0 141.5717207640409 0 0 0.252963200211525 1.17899502068758 29.50431174784899 9.514433152973652 0 0 0.1314046680927277 0 0.5339116975665092 18.73972027003765 68.16065669059753 184.9093661010265 1.551982283592224 0.1651194095611572 0.2520161271095276 45.03485500067472 0 0 0.4013234525918961 3.263359278440475 33.87236238270998 37.02389182150364 1.981976591050625 0.4710659831762314 0.3810473084449768 0 0.129990890622139 0
50.93139816075563 83.98441292345524 540.701022490859 3.418855175375938 3.709129601716995 16.96586566418409 80.77864948660135 116.7498364597559 4.805185906589031 31.04316923767328 1216.947953648865 18.71795185655355 16.27406460791826 186.8269844353199 0 3.918171420693398 5203.985290631652 2760.197110302746 2508.525640137494 9.579252451658249 27.78331691026688 12.93403040617704 797.7703004404902 23.15287052839994 6.09637526422739 3129.314464755356 2188.543258018792 28.36846018582582 271.7628392130136 164.8686000183225 8.970434717833996 22.43993543088436 20.55606938153505 4257.39321167767 9.195727944374084 708.9138009697199 652.0110526680946 1370.185404501855 651.1177866980433 12.98717238008976 0.8748001307249069 0.2469009160995483 1.30435585975647 0 30.54750097543001 82.01570350676775 0 0 0 0.5123688280582428 0.3471411466598511 0 0 4.906129941344261 0.2886880561709404 10.16939537227154 0.08561835438013077 0 1.171942144632339 23.34972834587097 13.53138776868582 50.24174439162016 0 0 0.5107403695583344 0.5843902230262756 2.086184866726398 4.780926898121834 472.2192593291402 580.234987989068 2.24109835922718 0 0 8.806591220200062 0 0 1.53416720032692 1.525848492980003 36.56650368869305 9.93400651216507 13.00682816654444 3.211535550653934 1.061805009841919 0.2339134961366653 0.3081685900688171 0
2.3291886895895 0 5.000880375504494 5861.2054201141 8.093098655343056 660.9365786090493 30.11798369139433 321.1898036897182 640.1429172828794 2847.27177786082 43.15655083209276 5697.241546012461 9.049090944230556 353.4420803263783 134.8460399657488 0 2.972948931157589 11.95478282123804 9.579252451658249 681.6986650601029 0.6982689946889877 0.6264690309762955 2.658122532069683 317.1357636153698 0.21097382158041 18.73715490847826 7.12795252352953 3563.189588308334 356.3513475731015 2.992948241531849 1.675848484039307 44.60141175985336 7.570206046104431 216.469831764698 4.119797706604004 406.4130612313747 7.854608781635761 304.4577519223094 100.7861580550671 549.6902570948005 21.2618917375803 1.270835414528847 2.419720537960529 0 0.1613302379846573 0 238.8345768526196 2.675435468554497 11.48841551691294 25.21856258064508 4.138948991894722 180.8984161615372 108.0630038231611 0 190.9694057703018 0 3.687912344932556 65.89843292534351 0.2780851870775223 0.12746661901474 0.1102713942527771 0 112.1462091356516 0.1740093380212784 1.413921356201172 0 291.7058313786983 0 0.2766944617033005 0.4764285758137703 191.5237022042274 0.7038232237100601 4.005946815013885 0 0.1551551222801208 0.09420390427112579 1.520374126732349 0 13.08325324207544 0.1716554164886475 7.955674864351749 2.924044527113438 351.7102802172303 0.5969257354736328 0.1245395764708519 1.872521162033081
19.51309248805046 8.146552406251431 766.3738595843315 4.370187766849995 0.1239297240972519 9.228441402316093 1275.390018731356 32.49414032697678 54.15930985659361 39.18651784211397 21.96638886630535 1.244363844394684 2.355443574488163 48.27769453823566 0.1843840777873993 2356.927781693637 728.7144925370812 7.536751165986061 27.78331691026688 0.6982689946889877 13338.12189915031 404.4269077256322 21496.26004003733 339.3700310066342 1.224723622202873 56.45821391046047 979.4413523525 5231.572936795652 186.0787809938192 10485.33375637233 1.977044612169266 1.377252273261547 55.04185999929905 4387.866431675851 252.0079236552119 6250.36516648531 1021.439752958715 4857.341410912573 3799.135470099747 176.9173884317279 7.525206536054611 1.385434195399284 19.02115902304649 0 0.2556146383285522 6.899534948170185 0.3033305406570435 0 0.7040200233459473 17.16361404955387 1.399634480476379 10.24510507285595 2.926329739391804 0.1668878570199013 0 0 0.108992874622345 0 591.9617194309831 1.973974093794823 0.09249690175056458 0.1393280625343323 1.333774924278259 378.6416244506836 202.6780239194632 227.7221015319228 308.7671763598919 0 0.3853568807244301 38.33539416640997 278.2116244956851 0.5626636520028114 35.77690181136131 0 0.08250752836465836 0.2086477130651474 2.946677759289742 14.55470092594624 64.50667871534824 3.741776332259178 8.853972338140011 10.29763474315405 3.352215841412544 2.937004566192627 3.529886245727539 0.7042653113603592
0.1184733808040619 1374.746641345322 18.56351548433304 2.815617009997368 0.8867077529430389 0.2054085955023766 9.673430413007736 0 1811.7520840168 0.4541024267673492 10.43270809948444 2.151403330266476 170.2710199430585 0.961238257586956 53.06232898682356 3640.118348427117 31.47883997857571 5.663706585764885 12.93403040617704 0.6264690309762955 404.4269077256322 1194.036686562002 582.2190899848938 6103.230125501752 310.1305798366666 153.9701023325324 5921.634662158787 226.4835757911205 1.383639216423035 64.12921789288521 32.47109235823154 0 0.5201600790023804 30.87078563868999 0.2617296874523163 44.68996193259954 17.30260447412729 36.25997814536095 11.02170936763287 42.5066697075963 0 3.392784014344215 0 0 12.37310553342104 130.8594273030758 2.331195399165154 0 1.967417910695076 23.701380379498 2.912809006869793 10.46916844695807 6.43426488339901 0.7232203334569931 0.1208422034978867 1.883093051612377 1.502450689673424 0.5184072554111481 1266.726345926523 47.26438897103071 0.8512633293867111 4.173958033323288 0.3057936429977417 120.0399124324322 190.8477086871862 505.0594455897808 159.2388933524489 1.384976305067539 14.2472373098135 1310.805762596428 104.6760196536779 0.8841474205255508 12.71694343537092 0.6157986223697662 0.08316028863191605 0.5069394111633301 21.2406167909503 2.076140075922012 94.75292484462261 21.26509407907724 62.31628207117319 44.47328861802816 8.413046449422836 0 0 0.625230610370636
129.7337834089994 4.651197500526905 5845.186659432948 12.33862307667732 1.120243459939957 33.54953207075596 2308.227345488966 293.6916995197535 12.90720088779926 75.46272569894791 80.31742202490568 3.039046309888363 8.147022813558578 430.8245923966169 0 6390.153818488121 3506.756588697433 71.34088426828384 797.7703004404902 2.658122532069683 21496.26004003733 582.2190899848938 22634.1519786194 1110.210410125554 2.475787237286568 818.4717833846807 6521.470375269651 5552.516180023551 320.016428090632 6208.185505412519 15.11322112381458 4.136939831078053 13.50263439118862 3009.445476777852 526.024072624743 10007.83304934949 4822.742434754968 8611.770028486848 7142.197082549334 496.5986470654607 41.54054682701826 6.823251836001873 40.76237851381302 0.3538037911057472 2.169216401875019 115.1125140860677 0.6453839540481567 0 2.612591043114662 68.18273868411779 11.92197819799185 1.475437343120575 8.646731749176979 0.3150439187884331 0.164888858795166 0.2030630260705948 7.151242397725582 0.4141380786895752 3329.255128331482 10.11741095781326 0 0.8368178009986877 0 219.9783629775047 392.3701630085707 3199.766979761422 108.0661050677299 0 5.235952958464622 1550.024145632982 143.3395472094417 2.052141711115837 11.73553541302681 0 0.1064570173621178 0 15.57571867108345 64.36630706489086 159.0797039419413 36.1467093154788 103.2797188088298 79.59239000082016 12.56584357470274 0.4339326620101929 0.3258616030216217 2.611177563667297
5.871365919709206 809.3865119442344 197.1055110692978 2656.534300744534 9.989152148365974 16.7513343244791 470.8740892037749 15.17764845490456 8436.531222134829 177.0597116351128 16.25236991047859 181.6078957393765 70.87362924218178 49.52537247538567 355.5562444627285 3110.808861896396 198.3928741440177 10.86131864786148 23.15287052839994 317.1357636153698 339.3700310066342 6103.230125501752 1110.210410125554 7137.724383838475 81.54807524383068 331.3958308249712 3239.246550701559 4886.454422689974 250.0513265505433 167.035519130528 42.90600004047155 9.718827404081821 107.6184828653932 413.5907406285405 62.79803316295147 2014.945178925991 143.7551712319255 659.0447958931327 499.2154975757003 457.6641562059522 45.24202730506659 3.864728413522243 8.155771911144257 2.74787462502718 15.33118956536055 55.55342211574316 347.8302203267813 1.337054014205933 39.51267462223768 399.1873188018799 31.40402819216251 846.4795634746552 224.5718541443348 3.5497185587883 218.5233075246215 1.193508669734001 20.53524443507195 49.88882740586996 415.5007291585207 10.07404847443104 1.611365109682083 2.211964696645737 144.8284487575293 319.2170600816607 269.6614844426513 127.1713995337486 3626.196829281747 0.6790062114596367 18.2444136813283 192.0771830305457 4115.049685828388 48.51108665019274 178.6631939560175 0.9186065196990967 1.331645362079144 5.853713996708393 27.38170163333416 10.38014575839043 263.13041587919 6.093864746391773 111.3980894237757 56.20158623158932 277.150320880115 6.264646358788013 30.6237680464983 4.477789089083672
0 1559.10499805212 1.544407807290554 0.1377676874399185 0.212418407201767 0.3667379170656204 0.6584923565387726 1.234775245189667 81.35394225269556 0.7741976380348206 524.1154053807259 0.7055996656417847 5998.058439135551 1.563968017697334 2.518080398440361 5.80718470364809 0.332433819770813 17.66022252291441 6.09637526422739 0.21097382158041 1.224723622202873 310.1305798366666 2.475787237286568 81.54807524383068 638.1110686436296 367.1562620997429 3876.194045618176 0.8300264477729797 0.9801623746752739 0.414848729968071 266.044136993587 1.6097362190485 0 596.1099433153868 0 87.7138381972909 137.8410259783268 388.6852602139115 185.093672811985 3.063542366027832 38.49105378985405 228.0759562253952 7.755278825759888 0.1373542100191116 81.67902113497257 7.428013347089291 0 0 0.1259109526872635 1.092940352857113 0.1666756123304367 0.5331343114376068 0.2116559818387032 105.7196706309915 0.08784610033035278 675.5613409280777 0.1318516880273819 0 0.4380623400211334 2.014130063354969 21.74985027313232 8.901166521012783 0 0 0.8282191157341003 0.1218418776988983 0.586600586771965 90.44089913368225 239.0682305172086 1099.019828639925 0.2706522345542908 0.2134193107485771 0 43.55052892118692 0.1447839438915253 0 23.30788095295429 5.760411262512207 12.59536524116993 37.28928050398827 33.79498847573996 10.6018882766366 0 0 43.49170146882534 0
58.34406090527773 581.6155398115516 9486.689389057457 45.10362102091312 7.556541949510574 75.71478032320738 1246.081577457488 410.8467066809535 64.91602319478989 179.6028188318014 2858.936794385314 31.88555324077606 488.1073244810104 335.2592087835073 2.82040648162365 31.1389447003603 1580.348325781524 3747.523022614419 3129.314464755356 18.73715490847826 56.45821391046047 153.9701023325324 818.4717833846807 331.3958308249712 367.1562620997429 27734.69915285707 12524.7417274937 381.7442923113704 215.6401142552495 230.3565528765321 649.3106632828712 37.34463365375996 9.09689999371767 1441.515575699508 17.48619641363621 1734.4230767712 3129.105336606503 2187.644748613238 898.8363682255149 25.60865467786789 1.365865133702755 22.12491577863693 3.420557543635368 0.2337944582104683 246.2426700517535 516.1359782516956 0.09317418187856674 0.1552008092403412 0.6673878580331802 10.39103838801384 2.755028091371059 1.495438955724239 1.683558344841003 220.7318431660533 0.6707063466310501 1265.619638338685 2.619403041899204 0 4.185461699962616 104.7689799815416 387.9955502822995 420.1789547428489 0 1.041616603732109 9.215522602200508 11.19190824776888 8.572028137743473 262.546882674098 2936.470743082464 5698.67952670157 7.067631840705872 1.109794333577156 1.46315823495388 402.3460919484496 0.2412005513906479 0 19.1604799926281 6.607285991311073 118.0335925742984 202.0200002714992 85.18197321891785 27.51205455511808 3.292436487972736 0.2290515750646591 6.586377903819084 0.1414769738912582
21.89724811911583 7642.896928153932 8364.062599524856 11.18153759092093 2.124706476926804 8.412090890109539 157.120790489018 53.8735631480813 829.7697096243501 22.72162821888924 418.2306042835116 9.437443196773529 5009.412247605622 81.64654459804296 27.01093216240406 2717.188233263791 5210.101443432271 936.508926436305 2188.543258018792 7.12795252352953 979.4413523525 5921.634662158787 6521.470375269651 3239.246550701559 3876.194045618176 12524.7417274937 35865.57531028986 1586.531444221735 124.1894869729877 90.57093476504087 1114.924750186503 11.46957117319107 8.216176740825176 3306.899058416486 200.6737125441432 6255.324429944158 4201.056544020772 6750.534134574234 2594.542022168636 206.1944661140442 48.58352172374725 16.13329966366291 28.53990009427071 3.577904045581818 1530.371079407632 2723.750930830836 2.079037934541702 0 7.979809306561947 185.9007399231195 35.24011574685574 15.15700785815716 27.03907775878906 58.08592341095209 1.261065378785133 356.1822330132127 19.60733933001757 0.409297987818718 1257.550545863807 492.2381150051951 145.7069914713502 318.1607219353318 1.086315676569939 31.88660160452127 993.6421673521399 2075.041345708072 112.4561204090714 180.700349137187 2698.87835739553 13488.7968730554 138.1504735201597 7.758676737546921 9.965677075088024 169.0843796432018 0.1711531952023506 0.1133354976773262 133.1164236068726 61.8141982331872 603.3370634615421 246.5007897168398 494.2601559236646 294.8317635729909 41.57288144528866 4.458166927099228 6.252145238220692 2.896967604756355
40.5573397949338 22.34429232031107 1136.654086202383 5179.936472341418 5.028927996754646 185.8337415531278 13146.40510088205 72.58209513127804 1175.272059872746 4677.955793842673 27.82720170915127 781.2553696632385 10.67451938986778 228.7978078499436 24.43999922275543 1388.548533990979 307.8948009386659 11.36408825218678 28.36846018582582 3563.189588308334 5231.572936795652 226.4835757911205 5552.516180023551 4886.454422689974 0.8300264477729797 381.7442923113704 1586.531444221735 18380.11891694367 1258.884324871004 12870.88621427119 23.42829485237598 15.61040545254946 605.0124936774373 1772.719775110483 237.9384766370058 5668.404707416892 319.1719328910112 2236.060378357768 1888.496772579849 320.1127192825079 68.44673399627209 9.09666445851326 29.46980776637793 2.803877212107182 4.026686750352383 38.58225470781326 606.3192618116736 2.141631774604321 54.83553862571716 526.5708255022764 45.79358000308275 410.6408275738358 400.1221632808447 3.4061538875103 284.65851932019 0.4966429695487022 25.71022369712591 41.07341766357422 256.6134657263756 7.743016116321087 1.005973540246487 0.8158393949270248 255.4016230851412 203.663965523243 117.4682227373123 76.68259209394455 2936.63767323643 0 8.51957580447197 121.5528520494699 4106.436256617308 48.43109279125929 169.4358120560646 0.1937734112143517 2.144484624266624 4.381812199950218 31.23913826048374 12.79595567286015 240.3262417018414 5.751361392438412 130.8654290735722 50.20419451594353 402.0257714763284 10.67283096164465 29.95294565707445 3.59745018184185
5331.117254003882 1.740868896245956 260.3704070299864 179.7157861739397 130.3445007652044 407.9740703850985 1807.846291638911 403.5757118314505 7.32862152159214 2320.846040248871 480.0712716579437 582.2575226426125 35.8812058120966 4716.042843267322 5.688228748738766 0.6029170751571655 1515.036312527955 105.27026681602 271.7628392130136 356.3513475731015 186.0787809938192 1.383639216423035 320.016428090632 250.0513265505433 0.9801623746752739 215.6401142552495 124.1894869729877 1258.884324871004 15494.48259627074 6643.841076672077 7.05385036021471 112.4809451326728 2426.875923410058 2399.91108250618 6.654300689697266 193.5150900483131 24.37613978981972 1298.660749852657 139.3671617656946 219.9548803642392 81.35232104361057 3.421040490269661 1.839997246861458 0 0.4063065499067307 1.217279501259327 3.710426606237888 0 0.2853608578443527 9.382483437657356 0 3.841649688780308 1.118534252047539 0 3.090646222233772 0.146844670176506 0.2098356857895851 0 0.3672936260700226 0.7924654111266136 0.1481079459190369 0.3452556580305099 1.824296467006207 0.852762758731842 0.585495837032795 0.1364622116088867 40.79216707497835 0 3.52043242752552 7.559851624071598 69.32926611602306 0.5784982070326805 1.268043830990791 0.1274493634700775 0.09230948984622955 0 0.2249576821923256 0 4.800074003636837 0.1089110001921654 1.426016375422478 1.702126264572144 2.600012570619583 0.1302119195461273 0 0
