1393.609559036791 0.1247917786240578 70.4137404486537 2.156294398009777 3.21577787399292 41.27762054651976 1771.410263903439 1213.612287901342 14.04931807518005 59.7072287350893 9.312919579446316 9.448310904204845 0.5054105445742607 6120.260751858354 0 0.765758603811264 136.9409867152572 4.987272433936596 5.891660034656525 3.102558605372906 41.91878746449947 0.9273447692394257 102.7552598118782 71.83654384315014 0 30.82992585748434 22.77144755423069 79.26799732446671 3436.387046895921 2461.27458935231 0.3388857394456863 105.3675088360906 42.2378805950284 263.0642798095942 22.4456687644124 159.3106376230717 15.32145036011934 184.7391211539507 75.63049533218145 30.72978187352419 21.0226296633482 0.2544390261173248 2.330328658223152 0.2276809364557266 0.2210560142993927 1.214551158249378 0.1521095782518387 0 0 10.36183643341064 0.7957443743944168 6.162726148962975 0.1409721225500107 0.1443327665328979 2.004042208194733 0 0.3619763255119324 0 1.525325089693069 0.2716394066810608 0 0 0.2503421157598495 0.5427544414997101 0.7648060023784637 0.3249263018369675 35.00989715009928 0 0.2544954344630241 3.512832440435886 24.04067181050777 2.841257154941559 9.109977759420872 0 0.1393937468528748 0.2301441133022308 0.7357989698648453 1.078502863645554 14.00075140595436 0 1.58650865405798 0.6344790458679199 0.4090504050254822 0 0 0
0.1247917786240578 378.4940841794014 566.4669953435659 0 0 0.1212644204497337 9.936446763575077 0.7777077108621597 272.7550634145737 0.6628350093960762 16.8346638828516 0.4191917330026627 340.7334267795086 0.1886104643344879 1.378239512443542 188.1232962831855 139.2516546472907 4.589932188391685 43.41804713010788 0 14.80916444957256 1452.995595902205 17.02265032380819 447.6161831170321 1937.751490563154 692.8289076909423 7001.804922841489 17.19591043144464 0.6570507660508156 5.415974840521812 14.47068863362074 0 0.1746328175067902 59.48653218895197 0.5703183561563492 47.55918548256159 73.8945677280426 79.2088873013854 21.1290570795536 2.524803176522255 0 131.1608299314976 0 0 60.91934902966022 156.2021058499813 0 0 0.08634444326162338 1.67940878868103 0.105107344686985 0.1181770712137222 0 8.775777548551559 0 91.73337411880493 0.202299453318119 0 3.141854479908943 17.11385544389486 15.2740758433938 19.37535990774632 0 0.3737344965338707 5.160304896533489 3.704910412430763 3.217833764851093 247.6504202485085 262.6360216215253 1664.033215455711 1.485078878700733 0.2481143996119499 0.4221396222710609 3.189330898225307 0.1129483059048653 0 2.765749841928482 0 12.99874375015497 29.29990371316671 15.03887107223272 7.694042928516865 0.4902906566858292 0 12.06356585025787 0
70.4137404486537 566.4669953435659 3033.361411228776 0.1375214159488678 0.9211714863777161 12.75158719718456 1074.58705663681 617.1289186924696 4.194248139858246 98.24919167906046 3.014795407652855 0.610535129904747 3.208756729960442 465.5479406118393 0 6.806741826236248 5090.074850797653 7.561010383069515 35.21958790719509 0.3177428022027016 2684.695220686495 464.1043351218104 7691.963620916009 35.2174200117588 8.533824652433395 5279.046170219779 13768.46867327392 256.3175417855382 122.2854627966881 609.3161686137319 1.725570373237133 9.095946326851845 3.026737101376057 369.8518251255155 35.42723605036736 1417.7662435323 4061.384655609727 1097.757099337876 337.8112949505448 52.92189359664917 3.974295049905777 63.67125564813614 9.916459232568741 0.7273707762360573 304.0889591574669 2337.306523308158 0.1101655587553978 0 0.07976169884204865 7.050146348774433 2.143356785178185 3.011435315012932 0.6541157215833664 0.6105782240629196 0.3815424144268036 3.648376546800137 2.326145894825459 0 28.70452777296305 342.9513830840588 2.216134339570999 61.12128036469221 0 16.70332087576389 224.1078993156552 201.0855089873075 24.97244216501713 14.56696131080389 672.3075772896409 3897.383891113102 12.78595302253962 0.5739824771881104 15.72553595155478 0.7632814943790436 0.2034638971090317 0.6466330885887146 13.11683769524097 8.322509080171585 135.8565154522657 1056.411409907043 86.32967725396156 58.69526568055153 8.687532819807529 0 1.057374954223633 1.271806374192238
2.156294398009777 0 0.1375214159488678 1221.545918062329 1.337883412837982 27.58399795740843 101.1536886543036 7.890741392970085 1031.351435340941 1748.171580731869 0.3229789286851883 2712.273352265358 0 5.660738945007324 118.5186333656311 0.285743311047554 0.3028951585292816 0.3160882741212845 0 797.9592802673578 0.1872761249542236 0.8008851110935211 0 583.3244198411703 0 0.2457402497529984 0.5025988221168518 1966.640298336744 27.09155816584826 1.834984578192234 0 3.604851402342319 1.155290544033051 12.58113067597151 2.814011976122856 181.3905553594232 0.9884892106056213 15.72353043407202 10.61299609392881 247.2111640945077 6.23775939643383 0.1569938510656357 0.8164346367120743 0.6036811321973801 0.1379560232162476 0 83.02709598839283 0.1327636390924454 7.561891071498394 58.47985281795263 3.964150033891201 27.68897362053394 110.649944037199 0.4818294271826744 303.0981951728463 0 1.468154489994049 10.33688214421272 0.2179518863558769 0 0 0 78.99511162191629 0.6126229465007782 0 0 99.30039849877357 0 0.09902834892272949 0.1478216648101807 105.631041392684 5.872653342783451 0.2689878940582275 0 1.555701300501823 0.3517002388834953 1.242112211883068 0 105.0985550284386 0 5.998021647334099 2.369314633309841 62.88313707709312 0.4697094410657883 0 0.1386096775531769
3.21577787399292 0 0.9211714863777161 1.337883412837982 23.27020816504955 160.3274862840772 3.468581095337868 19.12775170058012 14.38210977613926 8.898140959441662 1.413114957511425 58.3514446541667 0.106837660074234 28.0559132322669 963.2280133068562 0 0.2658497616648674 0.1710917800664902 0.1578740477561951 9.739968910813332 0 0.2976341992616653 0.2311919257044792 2.814251706004143 0 0.4188198819756508 0 2.341667853295803 55.3679119348526 2.030713319778442 0.09466551244258881 261.9270834773779 0 61.38480340689421 0.9934428185224533 26.75223455578089 0.7072724401950836 50.95989438891411 25.19110913574696 1549.878100186586 19.95882342755795 0 1.054189279675484 0 0 0 0 0 0 0 0 0 0 0 0.6283864974975586 0 0 0 0 0 0 0 0 0 0 0 0.4323351979255676 0 0 0 0.9173347055912018 0 0 0 0 0 0 0.5669963359832764 0.09962243586778641 0 0 2.892678260803223 0 0 0 0
41.27762054651976 0.1212644204497337 12.75158719718456 27.58399795740843 160.3274862840772 8740.913710184395 1963.148924797773 4358.95520658046 12.514758259058 4815.525702089071 23.10221228003502 3806.252271637321 1.165307492017746 310.4798624962568 1598.846700645983 0.3965726867318153 10.31764007359743 9.451516933739185 3.689262136816978 238.056460544467 24.87121523171663 3.039585575461388 7.963457182049751 26.54055015742779 0 12.21936636418104 9.40569680929184 227.8672205805779 215.1320112682879 42.8263997733593 0.7252674922347069 589.3539498001337 3.830407552421093 529.4698187187314 6.902720890939236 171.3252183049917 4.936651110649109 263.8919108882546 55.33196227252483 1881.90930172801 168.9790666475892 0.5218726396560669 6.82763447612524 0.2976114377379417 0 0.3446446433663368 1.020214170217514 0 0.4353864118456841 8.491865955293179 0.3899606689810753 2.830261439085007 1.213350333273411 0 0.2780334874987602 0 0.4218038767576218 0 1.741590276360512 0 0 0 0.8389536887407303 0.106225810945034 0.2251586616039276 0 14.34947104752064 0 0 1.192756578326225 9.836973428726196 1.593883194029331 2.387553192675114 0 0 0.09466700255870819 0.2866455167531967 0.2284453213214874 4.59053772687912 0.8393998593091965 0.1781113147735596 1.851537644863129 2.346717908978462 0.1277123540639877 0 0.1322554796934128
1771.410263903439 9.936446763575077 1074.58705663681 101.1536886543036 3.468581095337868 1963.148924797773 14473.51242854446 5257.528181225061 644.6092797070742 14697.34835501015 12.67491089552641 23.45168390125036 2.609106831252575 6305.039493225515 2.504025347530842 30.17490547150373 349.8310929387808 6.550730735063553 6.831692546606064 82.43169743567705 972.0307155773044 92.84513434022665 868.9174096137285 1238.514517977834 5.858116336166859 145.493054099381 371.9819869473577 15921.57744909078 1043.759281747043 5561.789012290537 0.0999554917216301 82.90413171052933 147.153596997261 412.2706660479307 85.31817060709 1338.29865270853 38.61724442243576 511.3412204608321 288.2284869998693 181.327805891633 74.19953402876854 2.539802297949791 20.06904355436563 16.86900424212217 1.777402281761169 11.37160142511129 86.09172704815865 0 16.66916540265083 459.1407276839018 38.27488209307194 268.8521054536104 168.8606839478016 0.9851517304778099 55.58460609614849 1.395511373877525 23.36651934683323 2.425311893224716 33.83022537082434 2.08781298995018 0.3163402155041695 0.4559716507792473 78.91251944750547 33.58989782631397 7.473309636116028 9.76087000221014 978.4478323161602 0.4787086546421051 2.107194975018501 24.65911655128002 804.0687323287129 55.1572360470891 114.442117460072 0.2129706740379333 3.006234876811504 2.973943427205086 14.28341287374496 14.91719157993793 356.6667366549373 2.187820240855217 41.37354888021946 23.84156785160303 86.29302022606134 4.56500182300806 0 0.6737099289894104
1213.612287901342 0.7777077108621597 617.1289186924696 7.890741392970085 19.12775170058012 4358.95520658046 5257.528181225061 10607.82725407928 3.636927023530006 3420.080447070301 16.79700344055891 765.4025093615055 1.151160076260567 4483.556367173791 211.4912954121828 2.058241091668606 491.5551825538278 7.409524232149124 14.74804511666298 83.88518881052732 276.6683434024453 5.303216323256493 391.4168945997953 43.44962614774704 0.2796407639980316 170.5680358633399 82.02966698259115 200.223744481802 635.7124928683043 1991.29674898088 0.7021521106362343 307.2289603762329 13.47060602158308 305.3584566414356 13.9318243265152 243.7721042707562 33.05010881274939 288.8373605757952 86.15492760390043 265.6661016792059 26.89562337100506 0.6186331138014793 3.444950103759766 0.8954987451434135 0 2.217436321079731 0.7273583263158798 0 0 15.24355089664459 2.922919057309628 4.770698040723801 1.157851248979568 0 0.280381441116333 0 1.217073418200016 0 1.148835390806198 0.9276335313916206 0.09547834098339081 0.4201233983039856 0.7266128659248352 4.473589569330215 0.4311079159379005 1.485781945288181 41.74109792709351 0 1.783979862928391 7.487009204924107 29.9926408752799 3.077034316956997 11.89265282452106 0 0 1.079394072294235 0.7323669344186783 0.5175417065620422 14.30595492571592 1.477449230849743 1.507153414189816 1.969965241849422 2.002562642097473 0.0627286285161972 0.08575788885354996 0
14.04931807518005 272.7550634145737 4.194248139858246 1031.351435340941 14.38210977613926 12.514758259058 644.6092797070742 3.636927023530006 831.8073990494013 520.2801114618778 0.8171948418021202 345.4762102365494 9.225852578878403 2.581862434744835 273.2650085240602 37.42869157344103 3.159201622009277 0.3191958740353584 0.5756537690758705 817.7341175675392 28.18797319382429 2488.567277394235 11.97319400310516 10174.75453979522 111.3423835635185 18.67904210090637 116.9866895079613 1987.478223666549 27.2747949808836 69.53108981996775 0.9876902401447296 1.73752548545599 5.25222010910511 20.49563493579626 4.198202654719353 91.95433265715837 6.620608501136303 26.03507568687201 19.87576541304588 134.9320533871651 7.858508989214897 11.2992547377944 1.549375787377357 16.88069926947355 27.70647791773081 32.17693069577217 174.5729156136513 0.2028970122337341 18.33865639567375 228.2643397673965 19.10210362821817 200.4188559874892 227.304844930768 1.00406339764595 249.305405728519 1.039650112390518 14.51096010953188 20.04869928210974 168.4363367632031 2.930662393569946 0.4715399891138077 1.007900804281235 149.5212553888559 103.6758116781712 87.18838065862656 16.9624332934618 1476.414214991033 5.495006822049618 6.306861735880375 101.972824446857 745.6161686480045 54.04675870388746 143.5673561319709 0.1161130517721176 2.16224754601717 9.700924679636955 11.73678239434958 1.447216704487801 118.602811448276 2.562274940311909 21.36616212874651 10.73712477833033 163.7425710186362 0.6239040568470955 0.1221485957503319 0.4626737385988235
59.7072287350893 0.6628350093960762 98.24919167906046 1748.171580731869 8.898140959441662 4815.525702089071 14697.34835501015 3420.080447070301 520.2801114618778 25020.55774334073 35.68039277940989 3748.129677511752 2.058462284505367 1530.992781057954 27.77943531423807 4.914949595928192 28.56985239684582 15.86763178557158 9.380773462355137 2317.657121092081 141.9730838313699 11.14582173526287 38.88671486079693 801.0131561532617 0.921859547495842 32.03204661607742 47.70103041082621 4328.76506870985 1209.239525400102 134.6776740178466 1.599486641585827 231.4135693013668 29.30530130118132 838.5263935402036 75.65045962482691 1160.8756005615 32.478077031672 1199.069019764662 425.399466611445 790.1470802202821 331.3050194680691 1.642525851726532 43.29215472191572 3.496218927204609 1.058637112379074 0.7833581864833832 88.43185926228762 0.3468044102191925 11.11922788619995 218.8391357809305 13.56298644095659 100.4188876524568 136.7274264022708 0.916871078312397 99.72408933192492 0.09580126404762268 8.052480809390545 2.96212312579155 5.757748171687126 0.5953868106007576 0 0.1185615435242653 87.1166170835495 4.677805319428444 2.11339607834816 0.7434054091572762 337.4208771213889 0.2866446822881699 0.7399191930890083 2.885709337890148 283.955396078527 11.76123353093863 17.90106630325317 0 0.3796318247914314 0.4016719460487366 4.495019994676113 9.420167155563831 164.4439021795988 1.181584641337395 11.52031105011702 6.178927943110466 67.61717417836189 1.754015445709229 0.3691252171993256 0.6953399777412415
9.312919579446316 16.8346638828516 3.014795407652855 0.3229789286851883 1.413114957511425 23.10221228003502 12.67491089552641 16.79700344055891 0.8171948418021202 35.68039277940989 8063.220377914608 25.62685268372297 3457.234337843955 23.67430254817009 3.637987412512302 1.40483047068119 146.9594297334552 1821.021622210741 576.3068228289485 5.023612141609192 6.868387542665005 7.034267127513885 16.67027835547924 3.951356820762157 726.5540049299598 2937.423726283014 376.1745118275285 3.983132183551788 87.25565655529499 11.51253179460764 325.9647256210446 39.61127910763025 1.054115608334541 7929.102109491825 5.592801675200462 329.1373357772827 4032.201107896864 3457.167270392179 775.1824690699577 24.3184657394886 0.6473412364721298 1385.003334753215 4.205681920051575 0 2.809825107455254 0.5018008053302765 0 0 0 0.7436359226703644 0 0.3143612444400787 0 131.9109019041061 0 794.2122571989894 0.1239727139472961 0 0 0.6520444750785828 61.12470205128193 7.793802104890347 0 0.09254072606563568 0.3733089491724968 0.3254610151052475 1.454995788633823 93.60637594759464 147.0962179601192 315.2037466615438 0.4470127671957016 0 0 139.272650025785 0 0 2.023253165185452 1.26053512096405 10.77045197039843 341.0550974905491 12.42685066908598 3.145804718136787 0 0 91.61861143261194 0
9.448310904204845 0.4191917330026627 0.610535129904747 2712.273352265358 58.3514446541667 3806.252271637321 23.45168390125036 765.4025093615055 345.4762102365494 3748.129677511752 25.62685268372297 5690.758375965059 2.089690238237381 229.3199099227786 1644.460282340646 0 2.443271785974503 8.53725940734148 3.591803126037121 4230.451419115067 0.8157973065972328 11.85299001634121 0.9253866374492645 345.2577563971281 1.094924002885818 11.53292733430862 4.381075076758862 1287.593003481627 301.4931356906891 2.626610070466995 0.6280955821275711 308.458237990737 0.9192423820495605 559.3570491522551 7.034513577818871 549.4846784099936 17.89210184663534 554.2336030080914 116.1518938690424 1879.937362290919 130.3077041208744 3.252664104104042 5.289644673466682 0 0 0.1798087954521179 48.15216688811779 0 4.17792009562254 19.50079526007175 1.85312856733799 10.77583252638578 59.03096888959408 0.4039455950260162 91.97307772934437 0 0.2985592186450958 2.768893957138062 0.223451092839241 0 0 0 30.28575477749109 0.4344678968191147 0.1906517595052719 0 27.75029148906469 0.1252616941928864 0 0.45236986130476 34.37351973354816 1.277796842157841 0.6867911815643311 0 0.1285534799098969 0.3451958894729614 0.09712590277194977 2.77224925160408 129.4696206375957 0.5178360939025879 3.336563862860203 1.605108007788658 71.75236368179321 0.1568785458803177 0 0
0.5054105445742607 340.7334267795086 3.208756729960442 0 0.106837660074234 1.165307492017746 2.609106831252575 1.151160076260567 9.225852578878403 2.058462284505367 3457.234337843955 2.089690238237381 2222.854817517102 0.7841025590896606 0 15.29547487944365 9.092760734260082 62.53118813037872 8.577629789710045 0.3812984898686409 7.525626830756664 126.5894313752651 24.26873394846916 30.38470241427422 5640.28169272095 620.1134177595377 1953.522576615214 3.329596325755119 4.689386919140816 5.013903871178627 355.5059179589152 1.189587011933327 0.4367196559906006 1824.949486367404 51.5801867172122 1874.22073020041 4138.751075834036 2837.118637084961 479.3177998960018 57.5465542152524 22.00486147403717 1439.220628172159 8.532445497810841 0 8.413495101034641 0.5556309223175049 0.2112495303153992 0 0.4307762384414673 0.7103435397148132 0 0.4705808907747269 0 499.5300669819117 0.3444380760192871 2966.638922229409 0.3035043179988861 0 7.77282303571701 1.190854594111443 143.5119470059872 11.05879648774862 0 0.761235237121582 1.016582436859608 11.86662875115871 1.656463444232941 626.1269278526306 471.879691645503 924.111913561821 0.4655605852603912 0.08824557065963745 0.5210574641823769 488.0437953844666 0.4261770993471146 0 10.69108980149031 25.60847726464272 190.3613983020186 1132.739107325673 113.1338679492474 182.6911044344306 4.433847308158875 0 457.4737736359239 0
6120.260751858354 0.1886104643344879 465.5479406118393 5.660738945007324 28.0559132322669 310.4798624962568 6305.039493225515 4483.556367173791 2.581862434744835 1530.992781057954 23.67430254817009 229.3199099227786 0.7841025590896606 12404.16232182086 24.44109205156565 0.58324334025383 448.6580461859703 16.3516688272357 17.93788039684296 53.81349387764931 114.6410280913115 0.7543667778372765 381.5951259359717 46.42244825512171 0 123.5283659249544 69.24196890741587 108.0252879112959 4355.924971006811 3188.526220068336 0.9133556857705116 1057.23121651262 9.177678920328617 710.0049383491278 3.7018698528409 285.1644712388515 20.69564188271761 349.1974608376622 57.44028399884701 64.6658258587122 43.8767015337944 0.4407247006893158 1.339358493685722 0.2210271209478378 0 3.070373922586441 0.3243060559034348 0 0.2031384706497192 4.368600457906723 0.2112202793359756 0.9395867139101028 0.2567752003669739 0 0 0 0.117785207927227 0 3.041522353887558 1.125351682305336 0.3010426163673401 0 0.7826777696609497 2.03799444437027 0.2628599852323532 0.5248614773154259 20.09314591437578 0 2.727698624134064 5.29774684458971 12.46642559766769 1.491189137101173 3.328447870910168 0 0 0 0.9275359660387039 0.6783190816640854 5.994562834501266 1.472591437399387 1.071666143834591 1.404874622821808 0.8182703703641891 0 0 0
0 1.378239512443542 0 118.5186333656311 963.2280133068562 1598.846700645983 2.504025347530842 211.4912954121828 273.2650085240602 27.77943531423807 3.637987412512302 1644.460282340646 0 24.44109205156565 637.0151983350515 0 0.1188925877213478 2.103065371513367 0.3755643218755722 425.1403583660722 0 12.41360206902027 0.09471260011196136 200.7312188893557 0.3315383791923523 1.031302556395531 0.5471095144748688 39.70059265941381 15.36552842706442 0.5826433449983597 0 373.8587553724647 0 157.5504191294312 0 13.13103315234184 0.2579474747180939 30.07461675256491 4.887661442160606 1240.909655608237 105.0976081043482 0 0 0 0.212963804602623 0.2280677556991577 0 0 0 0 0 0.6987904608249664 0 0 0 0 0 0 0.8144826218485832 0 0 0 0 0.3660458326339722 0.1394402086734772 0.2419123873114586 0.3387212827801704 0 0.1682176440954208 0.8596106767654419 0.9240580201148987 0 0.1665563136339188 0 0 0 0 0 0 0 0 0 0 0 0 0
0.765758603811264 188.1232962831855 6.806741826236248 0.285743311047554 0 0.3965726867318153 30.17490547150373 2.058241091668606 37.42869157344103 4.914949595928192 1.40483047068119 0 15.29547487944365 0.58324334025383 0 1864.690686739981 6.963514894247055 0 0.9119129553437233 0 2473.263725191355 3321.659495867789 5681.077943563461 1218.000264920294 105.7048167139292 17.76993504166603 3249.027746528387 628.9120143353939 9.222176544368267 71.09028681367636 0.4225698411464691 0.2192440330982208 3.927171796560287 64.26525724679232 47.98750486969948 1278.641052365303 338.1851056516171 234.3517105877399 525.1207265108824 65.90677256137133 5.480639159679413 7.755966305732727 9.332743391394615 1.630918763577938 11.88727268576622 81.30426362156868 0.13578000664711 0 0.3525841608643532 19.35826770216227 2.607241854071617 10.10236056149006 3.131898261606693 0.2393196001648903 0.2716194838285446 1.011623665690422 2.343837261199951 0 2516.203814931214 6.200725898146629 0.3655611276626587 0.4600326865911484 0 379.9921381697059 937.6244418472052 2018.817724227905 88.74795854836702 3.922158226370811 8.993143856525421 665.3713929802179 94.22827439755201 6.819792315363884 78.57435783743858 0.2456145137548447 0.2547628283500671 1.827104277908802 14.96314389258623 13.11245101690292 392.1929713487625 12.93239659816027 40.1221684589982 51.27874685078859 3.750242494046688 0.3976655602455139 0 1.279876232147217
136.9409867152572 139.2516546472907 5090.074850797653 0.3028951585292816 0.2658497616648674 10.31764007359743 349.8310929387808 491.5551825538278 3.159201622009277 28.56985239684582 146.9594297334552 2.443271785974503 9.092760734260082 448.6580461859703 0.1188925877213478 6.963514894247055 2261.907038912177 527.6323346123099 2518.936873272061 0.2293834313750267 659.5132337063551 22.39899452775717 4585.341078564525 37.78722222149372 40.70649086683989 3921.642202012241 7511.570995822549 105.4137732982635 378.0357947573066 1148.920446872711 6.886796817183495 18.8073329217732 8.848725043237209 3750.644892141223 23.77074905484915 1187.454302549362 1744.86591321975 4088.448996029794 526.5645411089063 34.43350600451231 5.553678348660469 12.22721587121487 5.924384526908398 0.9647482931613922 52.73328432440758 201.7530352696776 0 0 0 2.301236368715763 0.5487799718976021 2.42683295160532 0.1059717014431953 0.4515034481883049 0 2.602561369538307 0.7821270003914833 0 8.387396603822708 80.50413590669632 6.835253551602364 103.774081453681 0 3.406519949436188 5.409574158489704 8.857944034039974 10.41685908287764 8.819308280944824 476.3264329507947 1301.645762130618 5.227086819708347 1.060413010418415 3.979831129312515 1.006866455078125 0 0.7890496402978897 6.323688060045242 6.627911314368248 43.89508819580078 246.0152830183506 26.58921686559916 15.38609577715397 0.6843117475509644 0 0.3197599053382874 0
4.987272433936596 4.589932188391685 7.561010383069515 0.3160882741212845 0.1710917800664902 9.451516933739185 6.550730735063553 7.409524232149124 0.3191958740353584 15.86763178557158 1821.021622210741 8.53725940734148 62.53118813037872 16.3516688272357 2.103065371513367 0 527.6323346123099 69.72436688095331 1955.115388527513 1.743714429438114 8.663739681243896 1.097278118133545 36.07993833720684 2.374536849558353 35.15984700620174 3398.212027058005 833.3067856952548 3.552807383239269 41.60312613099813 15.6060029193759 224.8418347910047 14.36229354143143 0.3842536583542824 1250.339215099812 3.526228748261929 308.9038679227233 665.0956993252039 1268.074274256825 534.7000492215157 9.432028912007809 1.538604862987995 7.99185037612915 0.6041315943002701 0 2.486870408058167 0.8669368177652359 0 0 0 0.1337580680847168 0.3631500899791718 0.8230643570423126 0 3.242339015007019 0 20.10072949528694 0 0 0 0.2377776801586151 10.78682694584131 2.447577513754368 0 0 0.3924546539783478 0 0.3970098719000816 19.44050559401512 43.74498827755451 89.89663816988468 0.1931201070547104 0.09664545953273773 0 8.636223055422306 0 0 0.2746771275997162 0.2506169080734253 4.272492818534374 2.081603981554508 1.465605728328228 0.1494343131780624 0 0 0.6498970165848732 0
5.891660034656525 43.41804713010788 35.21958790719509 0 0.1578740477561951 3.689262136816978 6.831692546606064 14.74804511666298 0.5756537690758705 9.380773462355137 576.3068228289485 3.591803126037121 8.577629789710045 17.93788039684296 0.3755643218755722 0.9119129553437233 2518.936873272061 1955.115388527513 1580.104056842625 0.5296544432640076 16.57164360582829 2.416901864111423 104.5013364180923 3.244025088846684 33.6841179355979 4776.729298725724 1407.913081035018 3.402448937296867 33.19203788042068 41.50119508057833 17.38707016408443 4.184090599417686 0.7570493891835213 2921.963225871325 5.330663859844208 454.0227799415588 363.7236819043756 1365.617633759975 454.5986951366067 11.20600294321775 0.9292952567338943 0 0.9226117432117462 0 12.73520401120186 2.968583881855011 0 0 0.1004934459924698 0.1178559809923172 0 0.5463128983974457 0 2.586333185434341 0 7.949060797691345 0 0 0 5.806778118014336 13.89206846803427 28.79558251798153 0 0 0.3129640072584152 0.2629887610673904 0.4242824986577034 6.144914612174034 175.191231071949 365.2708642333746 0.09632692486047745 0.1423205733299255 0.2451543062925339 1.424515619874001 0 0 1.731455877423286 0.744189977645874 4.596119962632656 10.22427526861429 3.802048444747925 1.366124212741852 0.103328600525856 0.1422635316848755 1.070186913013458 0
3.102558605372906 0 0.3177428022027016 797.9592802673578 9.739968910813332 238.056460544467 82.43169743567705 83.88518881052732 817.7341175675392 2317.657121092081 5.023612141609192 4230.451419115067 0.3812984898686409 53.81349387764931 425.1403583660722 0 0.2293834313750267 1.743714429438114 0.5296544432640076 196.2811935842037 0.7576842159032822 0 0.1057638302445412 193.034256733954 0 1.670773789286613 1.775375857949257 2845.392600402236 111.5575692653656 0.765739768743515 0 32.39321021735668 0.3863473683595657 116.7579944729805 15.14242544770241 348.7315069362521 3.645879566669464 165.2963903993368 50.15997434407473 868.7526554912329 45.54934986680746 0.6000413149595261 5.269863799214363 0 0.1665376275777817 0 27.21289183944464 0 4.513806149363518 40.08459012955427 1.309699088335037 19.10095974802971 53.03720096498728 0 83.74208730459213 0 3.391486763954163 4.155928611755371 0.2401043400168419 0 0 0 35.99075289070606 0 0 0 54.17884342372417 0 0 0.3702983260154724 65.44571826606989 2.383450910449028 0.7737575024366379 0 0.4187788367271423 0 0.5470514446496964 0.3301470577716827 95.28693979233503 0 2.04143026471138 3.059878766536713 57.13288068771362 0.3006244301795959 0 0
41.91878746449947 14.80916444957256 2684.695220686495 0.1872761249542236 0 24.87121523171663 972.0307155773044 276.6683434024453 28.18797319382429 141.9730838313699 6.868387542665005 0.8157973065972328 7.525626830756664 114.6410280913115 0 2473.263725191355 659.5132337063551 8.663739681243896 16.57164360582829 0.7576842159032822 8102.036581680179 230.2999027222395 19430.33483863622 919.0354066491127 11.34681387245655 228.5765718445182 2014.11397305876 7049.223378911614 237.7168311551213 9579.183869667351 0 7.208043318241835 11.59612744301558 3095.211465090513 251.2073787897825 5814.338090449572 1116.704256400466 4191.937493942678 3631.065420120955 296.7728284820914 30.18781659007072 5.472383640706539 50.4443593993783 3.57409144192934 2.499715052545071 25.77611599117517 0.3224873244762421 0 0 7.655576884746552 0.7679781317710876 11.09691819548607 0.4647334814071655 0 0 1.516259782016277 1.017213828861713 0 572.3247386664152 5.931688092648983 0 0.9220637157559395 0.4401173293590546 355.5340309366584 134.6738599613309 231.7454349175096 111.2970616072416 0.6278482303023338 6.798753373324871 62.36222198605537 108.9620100408792 10.85903050005436 117.6165727749467 0 0.08005378395318985 8.113223105669022 9.982913568615913 54.97317223250866 303.7653258293867 7.218951061367989 16.82666661590338 30.93478134274483 0.7491718530654907 0.4345594942569733 0.1934124976396561 0.3629957735538483
0.9273447692394257 1452.995595902205 464.1043351218104 0.8008851110935211 0.2976341992616653 3.039585575461388 92.84513434022665 5.303216323256493 2488.567277394235 11.14582173526287 7.034267127513885 11.85299001634121 126.5894313752651 0.7543667778372765 12.41360206902027 3321.659495867789 22.39899452775717 1.097278118133545 2.416901864111423 0 230.2999027222395 1445.190259516239 290.4171706661582 5357.721153214574 1035.339018009603 176.8091727718711 4036.940769225359 237.9508168026805 10.81345570832491 77.04805888980627 7.180833168327808 0.5063896402716637 0.4725347757339478 15.34311409294605 1.639599174261093 82.12502217292786 19.3899544775486 37.59277561306953 22.72002630680799 35.33230797946453 0 40.49268904328346 0.4774980247020721 0.6759193986654282 95.32993933558464 241.939500592649 0 0 0.6884681284427643 7.338446967303753 2.441247418522835 7.499122321605682 0.1420370489358902 0.8525938242673874 0 10.522934243083 0.7359907701611519 0 1062.988833665848 10.40940427035093 0.4539037942886353 1.322169199585915 0 133.2369411364198 281.3666578158736 580.5748061090708 50.90441560745239 46.24863696098328 24.32069681584835 1291.689930997789 36.00041684508324 2.633786603808403 20.20402511209249 0.6116063743829727 0.1174700707197189 0.6692766100168228 2.986899144947529 0.1456264555454254 44.08211593329906 13.14169991016388 15.63494665920734 12.95546026527882 1.348232090473175 0 0.8104980662465096 0.3831450343132019
102.7552598118782 17.02265032380819 7691.963620916009 0 0.2311919257044792 7.963457182049751 868.9174096137285 391.4168945997953 11.97319400310516 38.88671486079693 16.67027835547924 0.9253866374492645 24.26873394846916 381.5951259359717 0.09471260011196136 5681.077943563461 4585.341078564525 36.07993833720684 104.5013364180923 0.1057638302445412 19430.33483863622 290.4171706661582 16090.22782687843 464.5486242622137 10.24703103303909 980.7007845416665 11637.10613117367 1399.099695980549 227.7989216893911 4180.686973460019 1.39122499525547 10.06534216552973 10.72405054420233 3887.075518496335 604.7852238416672 9600.331909567118 5987.733549386263 6930.483088441193 7291.237709410489 847.888668589294 75.40747505426407 28.52205327153206 135.3967230916023 1.17989145219326 6.346147768199444 503.8703450486064 0.7689358443021774 0 0.1089643761515617 14.1039425432682 1.818262666463852 5.033855728805065 2.386275447905064 0 0.1378202885389328 0.2234990894794464 0.954369843006134 0 1215.78081779927 27.68444357812405 0.3104054108262062 4.761772438883781 0.7181762456893921 126.1028065830469 331.4939032942057 1423.152319289744 41.6171662285924 1.27878725528717 27.15286836028099 1423.089919917285 37.49662367999554 1.99159163236618 35.69790638238192 0 0.1409735530614853 1.153692170977592 5.161351911723614 165.1403807923198 247.4618480205536 48.60896238684654 59.43931817263365 91.99573140591383 12.50393551588058 0.1155169159173965 0.237565666437149 1.926826164126396
71.83654384315014 447.6161831170321 35.2174200117588 583.3244198411703 2.814251706004143 26.54055015742779 1238.514517977834 43.44962614774704 10174.75453979522 801.0131561532617 3.951356820762157 345.2577563971281 30.38470241427422 46.42244825512171 200.7312188893557 1218.000264920294 37.78722222149372 2.374536849558353 3.244025088846684 193.034256733954 919.0354066491127 5357.721153214574 464.5486242622137 9752.295559510589 230.8253785595298 50.50185423344374 2738.740387044847 6282.467837899923 523.3303104564548 867.5197874754667 2.302560612559319 11.99018329381943 72.07385139912367 275.0976849272847 91.11380446702242 1293.573185406625 45.23966906964779 362.2937663197517 275.0788889527321 341.9000495001674 37.63535679131746 16.39198736101389 16.27402990311384 42.67785641551018 38.82327888160944 59.69265081733465 176.4995292201638 0.2558469399809837 25.04950366169214 740.5017763897777 67.27086467295885 843.7769775614142 301.0163496732712 1.480702966451645 169.4303419217467 2.716021791100502 49.75479542464018 9.844386756420135 439.8864537551999 9.848686397075653 1.210263848304749 2.034047834575176 166.2937174960971 321.4909865856171 209.5809247344732 82.68703756481409 2391.934951618314 14.49386080354452 14.02777792513371 198.4727653935552 1687.517050102353 157.1863434687257 457.786558367312 0.1452612280845642 4.296716831624508 21.83349972963333 45.4063039124012 18.31407222151756 631.4612182453275 7.751611918210983 78.23979907482862 41.96036120504141 172.4295943081379 9.168849401175976 1.56340953707695 3.780169613659382
0 1937.751490563154 8.533824652433395 0 0 0 5.858116336166859 0.2796407639980316 111.3423835635185 0.921859547495842 726.5540049299598 1.094924002885818 5640.28169272095 0 0.3315383791923523 105.7048167139292 40.70649086683989 35.15984700620174 33.6841179355979 0 11.34681387245655 1035.339018009603 10.24703103303909 230.8253785595298 564.688288487494 384.2558854371309 4334.599791400135 9.435880906879902 0.6408681347966194 4.297127425670624 189.3777377977967 0.1971332579851151 0 698.044247366488 2.156190305948257 837.5431477800012 477.3607037812471 1171.437769040465 58.95667185634375 25.13014976680279 25.84588426351547 1076.657251961529 0 0 15.78398704528809 1.809655666351318 0 0 0.1037483885884285 0.504016101360321 0 0.3010165244340897 0.359035462141037 127.5275886133313 0 1332.55774718523 0.08371899276971817 0 34.48854260146618 0.2739138901233673 39.27107648551464 13.73789812624454 0 3.256450951099396 2.318620339035988 71.51265200227499 1.252397276461124 151.6974498033524 226.1723487451673 583.41779371351 1.334158629179001 0 0.7337139993906021 113.5661121681333 0 0 5.588717393577099 1.458701252937317 214.2889942675829 140.0629117116332 27.03622402995825 11.65749920904636 1.07760152220726 0 57.61653584241867 0
30.82992585748434 692.8289076909423 5279.046170219779 0.2457402497529984 0.4188198819756508 12.21936636418104 145.493054099381 170.5680358633399 18.67904210090637 32.03204661607742 2937.423726283014 11.53292733430862 620.1134177595377 123.5283659249544 1.031302556395531 17.76993504166603 3921.642202012241 3398.212027058005 4776.729298725724 1.670773789286613 228.5765718445182 176.8091727718711 980.7007845416665 50.50185423344374 384.2558854371309 25943.50552230328 13229.24479759485 44.53918821364641 112.409003674984 229.7746406197548 1565.877503968775 13.0391853004694 2.987495929002762 1704.458890601993 14.92697272449732 1699.66138946265 3162.260085858405 2329.867344588041 1133.169338524342 40.21675892174244 2.527207255363464 30.18875286728144 5.56782104074955 0.7905779704451561 384.564225487411 106.7057842761278 0 0 0 1.182721972465515 0.2296891212463379 4.647354304790497 0 70.06220360100269 0.1414532363414764 330.0621521174908 0.2680108621716499 0 3.296902418136597 102.1998894512653 288.5450436919928 332.5728435888886 0 2.302615404129028 15.91454511135817 4.310857236385345 5.967985168099403 323.8481131270528 1940.643120959401 5572.487988941371 3.491680085659027 0.3190674036741257 3.402573861181736 124.1147407516837 0.09722506999969482 0.09060784429311752 14.67699356377125 6.216384455561638 81.02519862353802 344.7847383916378 73.91374270617962 20.11434323340654 3.318855278193951 0 8.069337710738182 0
22.77144755423069 7001.804922841489 13768.46867327392 0.5025988221168518 0 9.40569680929184 371.9819869473577 82.02966698259115 116.9866895079613 47.70103041082621 376.1745118275285 4.381075076758862 1953.522576615214 69.24196890741587 0.5471095144748688 3249.027746528387 7511.570995822549 833.3067856952548 1407.913081035018 1.775375857949257 2014.11397305876 4036.940769225359 11637.10613117367 2738.740387044847 4334.599791400135 13229.24479759485 25892.41708509624 1566.802421681583 82.70624253898859 235.8937267661095 751.9069254398346 6.251668341457844 7.804440088570118 3000.023464903235 232.3452353477478 7098.139919765294 4211.535662017763 6492.050590924919 2835.846594125032 403.6044447571039 23.80928273499012 47.6869627609849 65.26183148473501 4.238346114754677 1101.093212664127 2911.840792559087 0.6515030190348625 0 0.7487383931875229 32.68530875444412 5.035337194800377 16.15864969044924 4.691099755465984 101.10799908638 0.292341023683548 599.6508289277554 5.363330245018005 0 701.5857885852456 375.971217520535 415.3705845028162 372.0051500350237 0.6592595353722572 41.98291352391243 1061.331663236022 1564.824311517179 88.33734652400017 924.3405568376184 3409.140171460807 14129.85922860354 53.11368092149496 3.811370342969894 33.66046903282404 306.6268578395247 0.3680112361907959 0.1596879810094833 30.34838682413101 82.29164236783981 294.0927049666643 1319.749335944653 225.892934165895 133.8004127517343 10.09237652271986 0.7008477002382278 22.11272852867842 2.029024675488472
79.26799732446671 17.19591043144464 256.3175417855382 1966.640298336744 2.341667853295803 227.8672205805779 15921.57744909078 200.223744481802 1987.478223666549 4328.76506870985 3.983132183551788 1287.593003481627 3.329596325755119 108.0252879112959 39.70059265941381 628.9120143353939 105.4137732982635 3.552807383239269 3.402448937296867 2845.392600402236 7049.223378911614 237.9508168026805 1399.099695980549 6282.467837899923 9.435880906879902 44.53918821364641 1566.802421681583 18013.22764184326 1015.100706994534 6793.444317385554 0.3287451863288879 24.94037287309766 363.0485449209809 757.460175678134 171.8140986859798 2189.850103959441 108.0498862937093 850.0314143374562 618.9053418561816 297.4642580002546 72.11348929256201 3.810969613492489 36.41011374443769 31.43472615629435 3.84272138774395 20.06815526634455 141.1895191520452 0.5226187109947205 21.36826527118683 643.782409645617 62.96801476925611 441.9227859303355 276.3171593770385 1.12614968419075 167.9865617826581 0.5595680102705956 51.04641225934029 7.944256976246834 194.902631752193 5.741321787238121 0.3404206931591034 1.175580143928528 148.0151628404856 188.6940643265843 52.6454513669014 43.10236806422472 1704.415609247983 1.165789715945721 2.571194261312485 46.50857841968536 1254.288247689605 130.9353481829166 368.8071696087718 0 4.068132571876049 24.67098745703697 35.6112429574132 26.36668625473976 532.5400804579258 8.32309951633215 65.12804716080427 45.57143197208643 146.9122261926532 4.385291300714016 1.169422917068005 0.5530109405517578
3436.387046895921 0.6570507660508156 122.2854627966881 27.09155816584826 55.3679119348526 215.1320112682879 1043.759281747043 635.7124928683043 27.2747949808836 1209.239525400102 87.25565655529499 301.4931356906891 4.689386919140816 4355.924971006811 15.36552842706442 9.222176544368267 378.0357947573066 41.60312613099813 33.19203788042068 111.5575692653656 237.7168311551213 10.81345570832491 227.7989216893911 523.3303104564548 0.6408681347966194 112.409003674984 82.70624253898859 1015.100706994534 15973.20621521026 3714.549279615283 3.286060363054276 1767.338334847242 1868.403365492821 3618.270285345614 198.9992930516601 1715.475701004267 216.9585032016039 2777.934520468116 858.9696023240685 262.8140699118376 191.7016432136297 0.3310211449861526 34.9264215156436 1.341079987585545 0.4005218744277954 2.610563598573208 1.59854094684124 0 0.199162445962429 33.16313111037016 2.053456403315067 13.60167601704597 3.62861192971468 0 0.5548254102468491 0 2.440966203808784 0 14.68869208544493 1.193659752607346 0.0754641592502594 0.4576103687286377 0.806914359331131 18.43446177244186 5.195607610046864 4.469133719801903 80.32077880203724 0.2881849855184555 2.548035830259323 8.00441188365221 71.07623652368784 5.698607578873634 32.5578830987215 0 0 0.950507752597332 1.39229953289032 37.81877771019936 44.58276220411062 0.6021892577409744 7.588969863951206 9.600389331579208 4.456274874508381 0.1844273507595062 0 0
