1885.013416357338 0.1234222948551178 13.75753233581781 26.89838482439518 0.09390895068645477 32.11970838904381 2526.501493766904 1262.80927412957 10.87482665479183 160.9101307839155 12.00316000729799 2.625029176473618 0.6969819813966751 8423.225248992443 0 1.820144712924957 26.29756551980972 2.261892110109329 9.50184278190136 7.711446516215801 29.8046348541975 0.1857016831636429 78.80119399726391 60.86120989918709 0 9.107892297208309 25.09548346698284 142.1821447685361 2142.697464935482 4792.747275218368 0.2446037977933884 9.478876866400242 53.47598790377378 101.6601621061563 2.278394021093845 59.24126786738634 7.376014456152916 121.7901789918542 26.27236481755972 2.892274640500546 0.3062594756484032 0 1.111481167376041 0.2195292413234711 0.160309687256813 0.1165364533662796 0.5600752159953117 0 0 4.465789154171944 1.24963840842247 1.119339160621166 0.6559781581163406 0 0 0 2.581804819405079 0 1.495597645640373 0.111348882317543 0 0 0.1338373422622681 3.277696415781975 0.6561816185712814 0.1275738328695297 7.8905069231987 0 0.4389835372567177 1.337293967604637 13.55647397786379 0.6725427806377411 1.556901723146439 0 0 0 0.899935707449913 0 2.126317217946053 0 0.2650210112333298 0.3263227492570877 1.258676186203957 0 0.1279739588499069 0
0.1234222948551178 203.7281662374735 44.70658765733242 0 0 0 2.636287748813629 1.395593963563442 915.1923833936453 0.53737423568964 29.2898335903883 0 418.4930186793208 0.7037407010793686 0.65570467710495 14.3847221583128 21.68906709551811 0.7485820353031158 25.98533192276955 0 2.917011760175228 2103.522455975413 1.266605898737907 825.2095916420221 1127.652194008231 271.9745293036103 2776.182963699102 9.727885968983173 3.50617241859436 1.393191359937191 19.78689792752266 0.3026508986949921 0.6514697298407555 24.43388583511114 0.4313446283340454 35.26683520525694 25.06221321970224 48.39835725724697 4.714559711515903 2.004635140299797 0 24.31256926059723 0.1781070381402969 0 88.99176730960608 54.07924036681652 0.1612627357244492 0 0 0 0.2463242560625076 0.9633974209427834 0.3296495676040649 0.4687803387641907 0 4.826188534498215 0.6060499250888824 0 0.6776348873972893 4.870974764227867 1.219429075717926 2.703698351979256 0 0.3861727491021156 29.57837969064713 2.845063731074333 2.119976118206978 2.779469951987267 51.25711123645306 301.4398168250918 0.9485893324017525 0 0.4632543623447418 0.1714476495981216 0 0 0.8195369392633438 0.1876479983329773 4.538734272122383 6.646619230508804 2.61005324870348 0.4224830865859985 0 0 0 0
13.75753233581781 44.70658765733242 11782.46450376511 22.54888872057199 0.1162399500608444 8.030792556703091 1041.373241774738 46.04562198370695 22.12330591678619 59.47493229061365 12.85653600841761 0.1414007246494293 1.359137982130051 62.36359799653292 0 22.01253709197044 4408.072719871998 15.15048728883266 256.0244398862123 2.41769640147686 386.7718636915088 57.0457244515419 17690.79966233671 247.8293566405773 2.337362796068192 9681.889689937234 13065.3254891336 1015.131651952863 42.32498286664486 744.0594945177436 0 0.2455775812268257 12.60744960606098 368.8157251775265 27.13384614884853 1177.213635087013 1062.236663229764 1035.292192488909 456.1630629971623 22.03798633813858 3.556895099580288 3.361070334911346 6.920520976185799 1.260731846094131 565.422341838479 3120.554158210754 0 0 0 17.19880163669586 2.534941032528877 2.946977317333221 1.034062430262566 0.7644455581903458 0 0.7950290441513062 3.342627249658108 0 37.26652810722589 150.6694888994098 1.61382419615984 9.591007590293884 0.1653845012187958 28.40959347039461 137.3440740406513 223.6390750110149 19.97293864190578 2.338489353656769 333.5354888513684 5752.192770913243 28.99054092913866 3.603127256035805 10.06562840938568 0.5941278636455536 0 0 38.68782392144203 4.696671724319458 120.0450490862131 70.55839875340462 104.1362812519073 32.70723658800125 9.546161651611328 0.1933529675006866 0 0
26.89838482439518 0 22.54888872057199 3217.6236512959 0.7166964262723923 65.35456420481205 393.9408965036273 90.77580960839987 978.6578984037042 1481.092649355531 3.283061303198338 4104.243971377611 6.837720029056072 95.34708044677973 40.05459845811129 0.1234613806009293 5.708495996892452 0.3128983899950981 1.275054678320885 3209.939495891333 21.46672607958317 0 24.76464687287807 1894.668784059584 0 8.415159709751606 5.637860462069511 3381.22972958535 200.179201848805 66.02751887589693 0 5.392608739435673 10.86521700024605 43.84288542717695 9.517475083470345 180.4389545917511 7.421294122934341 136.21248267591 27.44776234775782 62.63400887697935 2.663975864648819 0.1131660267710686 3.599740453064442 0.332747608423233 0 0.6796267330646515 289.1012320667505 2.39235483109951 34.69331071525812 174.899092912674 64.01990871876478 202.5539180487394 515.4724248945713 2.392328828573227 137.2942942902446 0 43.83795677870512 43.94217737019062 0.3573752492666245 0.1335341334342957 0.1231340914964676 0 333.177654735744 0.5573797076940536 1.94380771368742 2.033375814557076 322.3425548896194 0 0.1642513871192932 3.916938416659832 255.4454616606236 3.551178477704525 2.71478645503521 0 0.8818645775318146 0 1.07175350934267 0.718493714928627 17.38352765142918 0.1460600048303604 13.25604180246592 3.208040170371532 141.8896189332008 0.2962591648101807 0.8541781306266785 0.6664304137229919
0.09390895068645477 0 0.1162399500608444 0.7166964262723923 80.91200955212116 598.9937670826912 2.152062699198723 426.5157942846417 40.48588880896568 14.2208556085825 39.76586008816957 35.36001747101545 6.785852998495102 24.02762644737959 2279.462333753705 0 0.2322940900921822 2.889962427318096 2.014309264719486 2.598371341824532 0 0.3727554082870483 0.1444143354892731 5.747469395399094 0 1.785164996981621 1.335032820701599 2.71491003036499 20.47214321792126 1.68702257424593 0 61.3250343054533 0 485.4643417745829 4.043012768030167 76.17909070849419 5.497661307454109 315.9768543764949 84.7382146269083 1469.977922201157 472.4484026581049 9.200306728482246 3.162662044167519 0 0 0 0 0 0 0 0.1047597676515579 0.3461185395717621 0 0.3736695647239685 0 0 0 0 0 0 0 0 0 0 0 0 0 0 0.1313527524471283 0 0.1768801063299179 0 0 0 0 0 0 0 0.2217600345611572 1.733066014945507 1.504149958491325 2.134779736399651 1.546380281448364 0.1245941817760468 1.177460476756096 0
32.11970838904381 0 8.030792556703091 65.35456420481205 598.9937670826912 11507.23119457811 931.9918496981263 12519.0814980045 207.5031779482961 8000.875485092402 167.2837280109525 3187.873409949243 28.69981620460749 1972.211435258389 1736.039776712656 3.040164731442928 3.872334018349648 18.3548021838069 22.78534345328808 263.5591319426894 11.5028673261404 0.1948195248842239 18.03672557324171 83.50244685262442 1.363070324063301 27.68199674040079 20.01179075241089 180.0741320252419 645.115892842412 48.64443463087082 1.967683382332325 712.0429322496057 2.176639690995216 570.101749740541 13.11300937086344 501.6847463101149 30.23183113336563 723.0340436697006 97.80935918539762 2140.163336038589 177.2027863413095 31.6558376327157 7.802825130522251 0.2175575196743011 0.2166306301951408 0.1391117721796036 20.48949389159679 0 7.076294489204884 56.65736438333988 13.15107043832541 10.78545205295086 56.54073179513216 2.31812010705471 20.24285468459129 1.000639647245407 10.35108813643456 21.84662032872438 0.1579861640930176 0 0.1054903343319893 0 29.4268704354763 2.21925476193428 0.245404377579689 0.4420358091592789 40.54867848753929 0.2293575778603554 0.4537212401628494 1.766239710152149 68.46710317581892 1.269092530012131 3.675748273730278 0.1260034888982773 1.193152964115143 0 1.068877205252647 0 16.71094067394733 4.395344518125057 8.483840294182301 2.006310313940048 134.7415197640657 1.066186599433422 2.992069594562054 0
2526.501493766904 2.636287748813629 1041.373241774738 393.9408965036273 2.152062699198723 931.9918496981263 30104.65796042234 3062.59490968287 260.2936028465629 16549.79642051458 21.56394502520561 36.47343634814024 7.628265552222729 7139.717822961509 4.525282606482506 9.583725526928902 145.012687548995 5.28068496286869 25.48812323063612 181.4333068653941 1714.877425178885 6.064179226756096 1273.304316580296 2773.005137525499 2.725990913808346 131.3886933252215 186.6566101014614 17335.96297682822 1846.173096910119 6495.974860519171 0.802150584757328 26.90669591724873 162.2953549847007 453.2871891856194 108.189827285707 1591.551704779267 45.91270422190428 1339.995824478567 352.7635847479105 143.4684544727206 39.82908946275711 5.531641103327274 31.97186318039894 1.790137380361557 2.874497383832932 19.79223174601793 24.39703375101089 0.1312367022037506 2.80559403449297 174.3289609029889 52.04708701372147 65.46882766485214 109.997351564467 0.957970917224884 8.724842861294746 0.09807417541742325 70.10409959405661 0.5522092580795288 11.44219556450844 1.113646373152733 0.3537137508392334 0.1387574076652527 47.59762191027403 9.170744106173515 4.474383041262627 7.239478327333927 171.3985292315483 0 1.464304029941559 39.61028761416674 254.8626210838556 7.550921492278576 9.916063576936722 0 0.1681898385286331 0.9543295651674271 2.650521628558636 4.69714418053627 51.29656986147165 1.616917967796326 14.72962938994169 7.606040857732296 20.83077864348888 0.500796802341938 0.6058522909879684 0
1262.80927412957 1.395593963563442 46.04562198370695 90.77580960839987 426.5157942846417 12519.0814980045 3062.59490968287 9597.158753238618 52.5428407266736 3940.882995098829 243.3013362884521 1394.151774227619 53.87316355109215 12844.18668075651 112.4308674037457 0.9575238823890686 45.52387047559023 21.5672895014286 41.01409077644348 256.2852057814598 70.66231050342321 4.492056131362915 159.5607401356101 150.6910265088081 2.195710979402065 45.61158145964146 61.2285071760416 453.6371139213443 1031.719175375998 1459.5954644382 2.989054135978222 1097.615549594164 17.97891468554735 859.0324176624417 16.71435411274433 421.4196267947555 38.00507983565331 789.1973445266485 137.0895254015923 454.6701459512115 120.2002476677299 38.49153357744217 5.873880423605442 0.4219751954078674 0.1147363111376762 1.053084462881088 2.455005452036858 0 1.566026031970978 68.70822277665138 15.12870720028877 17.76859457790852 20.9394348487258 0.9459906369447708 3.955650806427002 1.295463725924492 25.42648823559284 3.446095198392868 2.51408326625824 0 0.9337588176131248 0 6.594331681728363 6.547412186861038 1.520574361085892 0.9271799027919769 58.51904091984034 0.1258284002542496 1.120189234614372 4.544925861060619 104.7714001536369 2.104097455739975 5.305887326598167 0 0.1547009199857712 0.5028822347521782 0.7828660309314728 0.6682835221290588 14.75616239756346 5.425760582089424 6.794662967324257 2.943753734230995 5.453716978430748 0.8400285989046097 2.80175019800663 0.3898570537567139
10.87482665479183 915.1923833936453 22.12330591678619 978.6578984037042 40.48588880896568 207.5031779482961 260.2936028465629 52.5428407266736 288.3589820414782 387.1967991888523 4.307557538151741 1125.23873885721 22.57923103868961 48.69196756929159 783.251409009099 120.9837112873793 30.53631284832954 0.783071368932724 10.35359060019255 920.7239479273558 88.42249432206154 1751.287483081222 26.79613363742828 8447.306788288057 127.9706847667694 130.7651135846972 1104.570520110428 1280.377472177148 272.2659821882844 89.44477701932192 1.657515779137611 5.407764904201031 48.15279474109411 61.75833613425493 25.19573238492012 393.6188612058759 22.1103742942214 192.5017867833376 51.04890982061625 572.9780172258615 6.788913890719414 0.5922490358352661 3.480572208762169 18.28376854211092 5.587625049054623 4.86699653416872 162.4582525864244 1.40018305182457 26.68848034739494 251.3386550471187 71.58994559198618 156.9061670824885 307.2856542691588 4.243146449327469 152.4500182941556 0.7965753301978111 156.7461974918842 88.17310321331024 263.8086847066879 3.804224066436291 0.642521858215332 2.366935431957245 208.76054251194 199.1029441133142 12.86928033083677 57.50291215628386 1233.916178129613 0.35491843521595 9.23358091711998 31.71953443437815 757.4595374986529 63.10830226540565 154.3904870897532 0.270131379365921 2.558874167501926 4.87777005136013 12.13881834596395 6.305883049964905 99.02469406276941 3.902008093893528 42.03291186690331 11.75013826787472 255.7426449507475 0.524902768433094 3.123085737228394 0.8026882484555244
160.9101307839155 0.53737423568964 59.47493229061365 1481.092649355531 14.2208556085825 8000.875485092402 16549.79642051458 3940.882995098829 387.1967991888523 25055.71297077835 102.9046988338232 5218.180878028274 36.7645233348012 2334.808690726757 53.95117102563381 0.5418255254626274 18.61193327605724 20.71169166266918 33.96108069270849 2808.597742065787 62.47921341657639 1.061771914362907 93.15495761483908 800.3773240968585 28.92021591216326 40.01988216489553 48.72605899721384 3064.06622094661 1984.207228019834 190.525457881391 2.570385128259659 145.5209585875273 22.04850416630507 741.5328918620944 91.29733604937792 2359.208665311337 36.4369235932827 1900.050294585526 269.8980247229338 342.1895963847637 57.28390252590179 35.51720236241817 41.07095205038786 0.9496303200721741 1.206091001629829 1.166496947407722 151.8861188516021 3.338388323783875 41.15988732129335 530.6828519552946 170.5085784047842 123.779329136014 591.9910749718547 8.867452643811703 97.85919574648142 0.3834986239671707 164.5211109817028 31.75561130046844 3.100250571966171 0 0.09212330728769302 0 271.1482126787305 4.60284323990345 1.176389589905739 2.248667299747467 466.3783339485526 0.07822484523057938 3.705821126699448 3.616047978401184 662.3339465111494 12.78630848973989 15.25477769225836 0.1031334921717644 1.117689535021782 0.4033620357513428 5.039815627038479 7.238286800682545 89.34675797075033 1.722216859459877 51.19618625193834 14.98216832429171 144.0565355718136 0.4885282665491104 1.168271690607071 0
12.00316000729799 29.2898335903883 12.85653600841761 3.283061303198338 39.76586008816957 167.2837280109525 21.56394502520561 243.3013362884521 4.307557538151741 102.9046988338232 12191.16590560228 87.76183537393808 2874.226322814822 331.8689682856202 1.60495813190937 0.4973606616258621 630.3220384940505 3060.100857205689 973.0355626195669 21.40503223985434 21.60615162551403 4.979566223919392 85.00762767344713 7.494793348014355 1000.020228907466 3217.438092902303 653.7962559238076 17.49401747435331 554.9614986851811 71.95040187239647 411.1724300011992 652.1773194670677 11.63350331783295 7780.561014577746 1.889183923602104 313.3937030434608 4522.554792940617 5266.9306730479 637.3549775481224 19.78895872086287 24.41395383328199 1076.164587959647 6.216653116047382 0.1127530708909035 31.15739938616753 2.185430318117142 0 0 0.1364250183105469 2.236291408538818 2.878673203289509 0.5328373685479164 0.2075425237417221 523.7438063248992 0.1177971586585045 1430.293771326542 2.735910773277283 0 0 0.4224188327789307 117.6890807002783 14.81081084907055 0 0.8069675117731094 2.016098164021969 0.7199781239032745 2.584997743368149 224.8384112119675 347.6788564547896 474.569652736187 4.78750429302454 1.290516301989555 0.6149128377437592 99.38867710530758 1.395539872348309 0 19.17594654113054 0 18.72680158913136 597.3501829057932 51.88306004554033 3.248235993087292 0.3126521706581116 0.1880468130111694 410.8151095658541 0
2.625029176473618 0 0.1414007246494293 4104.243971377611 35.36001747101545 3187.873409949243 36.47343634814024 1394.151774227619 1125.23873885721 5218.180878028274 87.76183537393808 4626.377836957574 14.45938277989626 378.3605621606112 1002.174382694066 0 3.073917202651501 13.46896274387836 16.49037652462721 2821.947875529528 1.023071795701981 0 1.730356760323048 350.8718143478036 5.568897381424904 18.19464321434498 15.98530874401331 632.3466128259897 506.1204826384783 4.964802026748657 2.090584978461266 121.6223886162043 0.4550431966781616 329.4526244029403 4.893654622137547 510.6478151455522 13.23120922595263 624.6148298084736 43.52835132181644 1639.818174317479 16.29440339654684 6.365308858454227 2.483926087617874 0 0.2560398653149605 0 122.9193637743592 3.166239306330681 38.23607165366411 24.39620943367481 9.117992028594017 112.0125398188829 301.2064495533705 0.4960509836673737 198.2580015957355 0.4781106859445572 5.361115135252476 140.6947387456894 0 0 0 0 225.7568641155958 0.4376942813396454 0.4534608423709869 0 138.0401189252734 0.1246804147958755 0.2171063274145126 0.7624226287007332 59.41355469077826 0.3198071420192719 1.278148829936981 0 0 0 0.5711367726325989 1.056121453642845 70.64452601969242 0.5517450496554375 1.025386095046997 1.748620644211769 638.5896248072386 0.3089309930801392 8.528082177042961 0
0.6969819813966751 418.4930186793208 1.359137982130051 6.837720029056072 6.785852998495102 28.69981620460749 7.628265552222729 53.87316355109215 22.57923103868961 36.7645233348012 2874.226322814822 14.45938277989626 5042.166336677969 38.562963783741 0.2926274165511131 0.8565768152475357 4.091160610318184 153.2287677228451 26.67094627767801 2.797368459403515 3.565228395164013 82.74856416881084 6.036405347287655 25.96331459283829 6397.385757148266 2835.550675056875 6830.750708520412 11.31434160470963 56.88764224201441 7.567939542233944 1268.725070424378 74.63067504763603 0.3104602470993996 1363.811252728105 3.758534513413906 919.7569576576352 3776.522499792278 4487.545546464622 595.3109493777156 51.83701100945473 107.2723702341318 649.9031875282526 20.79549504816532 0 253.8680679947138 1.268536910414696 0 0 0.7515284270048141 6.193092785775661 5.197760485112667 0.3044351637363434 3.092835903167725 735.2782672196627 0.3999856486916542 2623.186230547726 1.5748196169734 4.781232476234436 1.524695597589016 1.649775162339211 245.3621434047818 33.59107506275177 0 3.692985326051712 4.347051694989204 0.2556269988417625 1.308797799050808 834.5534544438124 906.0750388801098 1222.37749299407 2.83355238288641 2.153117790818214 5.144733190536499 199.6277577131987 4.058119118213654 0 18.99500615894794 1.106878519058228 364.65554138273 915.0653883889318 128.8873942866921 18.96809627860785 142.2231393903494 14.56655685603619 282.4870986118913 0
8423.225248992443 0.7037407010793686 62.36359799653292 95.34708044677973 24.02762644737959 1972.211435258389 7139.717822961509 12844.18668075651 48.69196756929159 2334.808690726757 331.8689682856202 378.3605621606112 38.562963783741 13901.40382354707 3.517341822385788 2.947214692831039 89.17071234434843 44.3129805997014 93.88752024620771 152.618076838553 108.8101189732552 1.17300783097744 251.2690234184265 183.3949057608843 1.847023494541645 82.0558572858572 138.6886901184916 481.5922015309334 10704.578836523 4767.164844214916 3.501946516335011 1381.271877586842 61.82214500755072 1002.032244816422 17.9459503442049 511.9949794262648 38.1166775226593 1158.391506262124 142.5633026435971 203.5995085984468 43.33174379914999 16.71655383706093 5.610618844628334 0.6146836131811142 0.4609685018658638 0.9160016477108002 1.087026841938496 0.2206397503614426 0.1653554886579514 32.51424091309309 6.460447065532207 9.70438252389431 2.525228790938854 0.4310592636466026 0.3461684212088585 1.169603399932384 10.81067553162575 0.1955356895923615 3.171030215919018 0.4119856283068657 0 0.8491607382893562 0.700699120759964 10.88558815419674 1.254977248609066 0.2631067633628845 34.43418255448341 0.7526779472827911 3.098591670393944 6.423156440258026 72.62680634856224 4.483188569545746 8.83837304264307 0.240191638469696 0.2313065379858017 0.1671963185071945 0.914399266242981 0.3937842845916748 10.631961196661 2.233873419463634 7.495160460472107 2.593894496560097 2.262073889374733 1.781734764575958 1.585301294922829 0
0 0.65570467710495 0 40.05459845811129 2279.462333753705 1736.039776712656 4.525282606482506 112.4308674037457 783.251409009099 53.95117102563381 1.60495813190937 1002.174382694066 0.2926274165511131 3.517341822385788 525.6075144708157 0 0 0.1302069276571274 0.3703259378671646 102.6150713190436 0 0 0 267.988010674715 0 0.1079065427184105 2.990614555776119 16.03303924202919 3.930642671883106 0.90416419506073 0 226.5817014798522 0 2.885939799249172 0.167293593287468 8.195022508502007 0.5219687074422836 7.195866271853447 0.5222513377666473 1190.003905341029 280.7162629812956 0.348386824131012 0 0 0 0.3000633716583252 2.108094617724419 0 1.413086906075478 0 0 0 1.580113530158997 0 1.263041019439697 0 0.4576759934425354 7.514923810958862 0 0 0 0 2.843553945422173 0.6811234354972839 0 0 2.178615748882294 0 0 0 0 0 0 0 0 0 0 2.111991941928864 42.35362654924393 0 0.4823302030563354 0.4161064326763153 32.17610520124435 0 0.1526990085840225 0
1.820144712924957 14.3847221583128 22.01253709197044 0.1234613806009293 0 3.040164731442928 9.583725526928902 0.9575238823890686 120.9837112873793 0.5418255254626274 0.4973606616258621 0 0.8565768152475357 2.947214692831039 0 2684.39910236001 16.75857977569103 0.105164147913456 2.276535056531429 0.136125311255455 3772.520734712481 4351.602872781456 5257.880087606609 2285.842106923461 1.343849904835224 16.39551615715027 3281.899950675666 1235.23103312403 44.04357726871967 134.6492341458797 0.3228357136249542 0 18.25854813307524 57.80714506655931 58.47451867163181 1327.913141876459 352.8011246919632 406.261664301157 577.3808183223009 32.61419835686684 2.272602826356888 0.1482556611299515 16.63869126141071 10.8561612740159 2.020360797643661 26.5179420337081 0.9294424057006836 0.8958975672721863 0.2047864347696304 22.71791338175535 1.104563720524311 25.76450888812542 6.904758930206299 0.2858534380793571 0.1392087042331696 0 19.83392623066902 4.76942978054285 2076.82109478116 1.16055716574192 0 2.067291103303432 2.214618682861328 568.6794182285666 1032.624068297446 1536.596497535706 106.3207315281034 0.328989714384079 3.39894425868988 608.022622063756 169.8118209987879 27.43213149905205 96.95752016454935 0 0.09122702479362488 2.790045417845249 5.90580702573061 9.27128878235817 207.5173610970378 6.670316606760025 22.07918214052916 23.39164218306541 72.92381924390793 0.1306164562702179 0.294694185256958 0
26.29756551980972 21.68906709551811 4408.072719871998 5.708495996892452 0.2322940900921822 3.872334018349648 145.012687548995 45.52387047559023 30.53631284832954 18.61193327605724 630.3220384940505 3.073917202651501 4.091160610318184 89.17071234434843 0 16.75857977569103 2696.453229285777 219.8213449418545 5475.881180666387 0.5585461035370827 1116.514664180577 55.40985871106386 6987.624369420111 96.27494762837887 1.243083767592907 3072.500270769 11595.27774888277 84.37760430574417 126.8431126028299 1231.054810777307 0.618828073143959 7.316533870995045 31.32923898845911 2847.339514493942 10.41089714318514 631.1692490056157 165.1867685317993 1347.620487935841 192.611700065434 11.41975401341915 1.007665656507015 0.6703549325466156 1.688744194805622 0.4706269800662994 48.86543466895819 129.4782274886966 0 0 0 2.00396828353405 1.195068627595901 0.8469982370734215 0 0.3761503398418427 0 0.3038377910852432 0.8449156135320663 0 4.677408114075661 46.04823791235685 1.4407794252038 15.21754898130894 0 6.672080241143703 3.956632025539875 4.990112908184528 2.754956357181072 1.061353020370007 208.337820738554 419.8260745182633 5.199413858354092 0.8108063489198685 2.622273840010166 0.1750018298625946 0 0 6.976898059248924 2.198916047811508 29.94076749682426 13.34599821269512 20.09297964721918 1.723292425274849 1.372046023607254 0.5171670317649841 0 0
2.261892110109329 0.7485820353031158 15.15048728883266 0.3128983899950981 2.889962427318096 18.3548021838069 5.28068496286869 21.5672895014286 0.783071368932724 20.71169166266918 3060.100857205689 13.46896274387836 153.2287677228451 44.3129805997014 0.1302069276571274 0.105164147913456 219.8213449418545 198.741491407156 911.8120609968901 2.445387475192547 6.746976107358932 0.5710195004940033 22.52715290337801 2.080331839621067 41.83462199568748 3471.572051525116 333.5464852228761 2.543601170182228 63.6301488801837 20.50849340856075 115.6903536170721 53.26464450359344 2.064748145639896 956.4100948795676 1.938367381691933 395.82505184412 1137.750351570547 1893.09877423197 373.5233863517642 1.785491496324539 0.5273100212216377 11.97529642283916 2.060660615563393 0 7.159982897341251 0.42090954631567 0 0 0.1101084649562836 0.8913854733109474 0.5545184463262558 0.1836631596088409 0 27.55653300136328 0 107.0599167197943 0.3932235613465309 0 0 1.465761631727219 55.92665649205446 28.93654822558165 0 0.2706126272678375 0.5689622312784195 0.4095303192734718 0.7072130367159843 24.62674944102764 283.589431129396 319.2197795882821 0.5708074271678925 0.1104130521416664 0.4364321082830429 21.92567245662212 0 0 2.877444468438625 0.5600985139608383 9.576067641377449 62.26936268061399 15.0133417993784 3.463982105255127 0.2333894968032837 0 0.7344160079956055 0.1207013800740242
9.50184278190136 25.98533192276955 256.0244398862123 1.275054678320885 2.014309264719486 22.78534345328808 25.48812323063612 41.01409077644348 10.35359060019255 33.96108069270849 973.0355626195669 16.49037652462721 26.67094627767801 93.88752024620771 0.3703259378671646 2.276535056531429 5475.881180666387 911.8120609968901 2353.461441934109 4.156412817537785 66.92727063596249 16.59448461979628 425.4143157824874 22.06542864441872 19.77036310732365 5635.473725028336 3577.626380994916 13.9287266433239 132.2265300303698 241.9241552948952 15.34951838850975 70.74053425341845 14.54573014378548 3213.211935885251 4.654627293348312 771.8936301246285 739.6941787227988 2438.561789162457 393.2362485677004 8.694133199751377 0.7284045368432999 5.464598923921585 0.8626085594296455 0.1516161412000656 72.16514734178782 21.01735635101795 0 0 0.09151550382375717 3.091033577919006 0.2181070372462273 0.4822536557912827 0.1011822074651718 9.17970947176218 0 17.27244088798761 0.7140088975429535 0 0.5101510062813759 45.17593757808208 23.91538593173027 88.05934972316027 0 1.209665052592754 1.439087718725204 3.001483105123043 1.058635987341404 10.36631402373314 641.3506309911609 719.4395762234926 3.223848260939121 0.3092626184225082 2.831970408558846 5.563483364880085 0 0 8.691643014550209 0.2427768409252167 32.03938353806734 37.41025674343109 39.48140300810337 6.920092009007931 0.4983342066407204 0 1.93685906380415 0
7.711446516215801 0 2.41769640147686 3209.939495891333 2.598371341824532 263.5591319426894 181.4333068653941 256.2852057814598 920.7239479273558 2808.597742065787 21.40503223985434 2821.947875529528 2.797368459403515 152.618076838553 102.6150713190436 0.136125311255455 0.5585461035370827 2.445387475192547 4.156412817537785 554.8911409974098 1.778529070317745 0.3129628226161003 4.679621495306492 474.7043798789382 0.2308949157595634 4.823046311736107 4.378602042794228 2493.827648296952 225.381977185607 9.860133975744247 0 20.82174733281136 1.35069352388382 98.63891322165728 9.136491380631924 270.9621967598796 4.770335160195827 251.655706115067 29.49463399499655 161.8934405297041 6.095401994884014 2.85903187841177 4.289891570806503 0 0.9024715423583984 0 140.2984946370125 1.82158737629652 26.4620194286108 99.10722926259041 38.44400133192539 107.1617673486471 332.1827951073647 0.8253426998853683 94.43375348299742 0 30.30738284438848 50.56644679605961 0.2934370338916779 0 0.1108689606189728 0 210.3706851229072 0.1022497415542603 1.430571600794792 1.490866795182228 192.2886714413762 0 0.2310351729393005 0.6373049318790436 141.8815129622817 6.703348487615585 3.385373771190643 0 0.7122792601585388 0 0.1092702150344849 0 21.40067811310291 0 20.36700014770031 2.315620958805084 206.4504019767046 0 0.2219685465097427 0
29.8046348541975 2.917011760175228 386.7718636915088 21.46672607958317 0 11.5028673261404 1714.877425178885 70.66231050342321 88.42249432206154 62.47921341657639 21.60615162551403 1.023071795701981 3.565228395164013 108.8101189732552 0 3772.520734712481 1116.514664180577 6.746976107358932 66.92727063596249 1.778529070317745 14348.05132310092 265.9660753011703 17722.12935748696 570.3191713914275 1.690293431282043 41.9788978099823 1391.570346713066 11094.93940014392 384.4277665242553 12702.59161944687 0 2.346629776060581 240.9082873538136 3133.022396117449 458.933937177062 5256.899940475821 822.2345108836889 6050.618718966842 4160.92768381536 142.8385775312781 12.84281183034182 11.56191422790289 86.32202136516571 18.77000550180674 1.247701808810234 7.931046232581139 0.2051006853580475 0 0.7091378346085548 43.06917195022106 14.2615342438221 29.81158263236284 9.211185656487942 2.028068467974663 0.9894903302192688 0 37.02275775372982 2.691377066075802 707.5345080941916 2.089226938784122 0.6346296593546867 4.206626176834106 2.523072928190231 791.507152788341 276.8937354013324 331.2404369339347 162.8557417914271 0.2518810704350471 2.569067522883415 37.13725474476814 252.0890514627099 71.79635059833527 173.1905480027199 0 0.5483597964048386 8.648191176354885 15.55615396797657 42.50981865823269 118.9609132111073 11.24211601912975 33.87846300750971 30.48910231888294 39.19547032564878 0 0.296658992767334 1.102985680103302
0.1857016831636429 2103.522455975413 57.0457244515419 0 0.3727554082870483 0.1948195248842239 6.064179226756096 4.492056131362915 1751.287483081222 1.061771914362907 4.979566223919392 0 82.74856416881084 1.17300783097744 0 4351.602872781456 55.40985871106386 0.5710195004940033 16.59448461979628 0.3129628226161003 265.9660753011703 1857.014864444733 834.8163148611784 5929.87844157964 614.9562946557999 219.6264882832766 7278.432774715126 158.7176480591297 17.01212459802628 29.1375417560339 5.70268677175045 0.4868121147155762 5.024238474667072 43.61386863142252 6.286225274205208 221.1165526285768 61.72688377648592 179.2539346441627 69.60284144431353 5.782330930233002 0.4477701783180237 2.041939005255699 0.9118935465812683 1.684582456946373 62.2024085149169 245.3971043527126 0.7485519647598267 0 0.2945388555526733 2.809065490961075 0.7589706555008888 19.77081301808357 0.1278934180736542 0.190304160118103 0 0.4720709472894669 3.725008644163609 0 1061.152638465166 4.852222949266434 0 1.004974290728569 0.5869738161563873 87.76969647407532 301.0490229800344 710.319768846035 112.1311984062195 0.8408039808273315 18.50618664175272 2130.62780264765 49.40752343833447 4.922347567975521 7.863742545247078 0 0 0.8693042173981667 4.06348817050457 2.432673543691635 43.92437216639519 6.573396220803261 19.51257970184088 20.00125139951706 3.633235141634941 0 0.2248124033212662 0
78.80119399726391 1.266605898737907 17690.79966233671 24.76464687287807 0.1444143354892731 18.03672557324171 1273.304316580296 159.5607401356101 26.79613363742828 93.15495761483908 85.00762767344713 1.730356760323048 6.036405347287655 251.2690234184265 0 5257.880087606609 6987.624369420111 22.52715290337801 425.4143157824874 4.679621495306492 17722.12935748696 834.8163148611784 15129.16672886163 265.5693317949772 0.273209273815155 1242.122495993972 18474.74691261351 2288.039945274591 280.1450949981809 5367.839076220989 0 6.263579927384853 102.0615841820836 2932.831165492535 428.5722091794014 10751.02382507175 6681.751704789698 6595.885366678238 7535.343171730638 312.4099407494068 26.73136204481125 14.21073165535927 125.7858156636357 7.168321892619133 16.9069482088089 352.1708992868662 0 0 0 19.34626891463995 7.069161772727966 6.322980299592018 11.67397354543209 1.528472721576691 0 0 12.7621757760644 4.103515982627869 2064.468796037138 8.381763316690922 0.1738231480121613 2.611022375524044 0 392.5473276600242 873.8332541137934 1753.594804018736 48.65923053771257 0 13.15339959412813 1648.608650445938 106.956606246531 15.84633959829807 60.11154940724373 0 0.440317302942276 2.006292536854744 5.155081383883953 60.67473170161247 440.1956392601132 7.702402338385582 36.31985243409872 60.14006382972002 72.8144264742732 1.404004588723183 0.6184987425804138 1.143552005290985
60.86120989918709 825.2095916420221 247.8293566405773 1894.668784059584 5.747469395399094 83.50244685262442 2773.005137525499 150.6910265088081 8447.306788288057 800.3773240968585 7.494793348014355 350.8718143478036 25.96331459283829 183.3949057608843 267.988010674715 2285.842106923461 96.27494762837887 2.080331839621067 22.06542864441872 474.7043798789382 570.3191713914275 5929.87844157964 265.5693317949772 9840.249701477587 86.87587053328753 195.2539329528809 3273.616357780993 10833.38847619295 1363.866188652813 618.202229231596 2.650588899850845 12.89498928189278 331.7407714575529 370.7295184656978 144.0280595123768 2062.320196732879 129.2118711546063 1185.566598087549 344.2096256241202 282.8444436118007 17.69952218234539 3.275338664650917 19.8494942933321 44.62014835327864 17.70003130286932 24.06626503169537 237.9995248764753 2.602926589548588 57.52966660261154 1024.081801645458 285.2666565775871 944.4759052097797 634.032146461308 20.7493089735508 131.8673400506377 2.364178121089935 444.7871368601918 59.8854191377759 266.1355524659157 7.365178018808365 2.963659003376961 6.228959500789642 348.9068998098373 375.7993711903691 262.5263492837548 86.64271022379398 2020.018522113562 0.4066293984651566 18.95344734191895 128.9936795532703 2476.142902366817 129.3635145872831 321.991464741528 0 7.951559700071812 9.907729260623455 40.81919160485268 19.87598198652267 355.9050259962678 12.49634432792664 170.0820256769657 50.30822536349297 241.2872296646237 14.82927427440882 7.342915058135986 2.843253694474697
0 1127.652194008231 2.337362796068192 0 0 1.363070324063301 2.725990913808346 2.195710979402065 127.9706847667694 28.92021591216326 1000.020228907466 5.568897381424904 6397.385757148266 1.847023494541645 0 1.343849904835224 1.243083767592907 41.83462199568748 19.77036310732365 0.2308949157595634 1.690293431282043 614.9562946557999 0.273209273815155 86.87587053328753 722.4414835870266 524.1067851111293 3418.636158682406 6.400196239352226 2.776527181267738 0 224.3242794275284 3.592834785580635 0.1078102514147758 357.245299577713 0.2679381966590881 444.5791552886367 283.1524411663413 810.1082975193858 106.3520269989967 37.73890529572964 21.32475331425667 442.7870929539204 2.814248085021973 0 597.5425129085779 4.387288957834244 0.5617339015007019 0.1749939471483231 0.2206980884075165 1.089113608002663 4.909562520682812 0 6.843172550201416 494.1255713328719 0.09463550895452499 1231.578878715634 6.528726689517498 16.61271047592163 2.33127748966217 2.124455660581589 38.04217204451561 31.58807116001844 0.1317910701036453 2.69131538271904 46.89469796419144 0.3421810194849968 0.8730623796582222 308.2846164852381 439.071668356657 807.1625054106116 1.657592967152596 0.6721776053309441 2.92498978972435 30.52275609970093 3.635459251701832 0 20.26385749131441 4.467194080352783 414.4364867731929 100.5809227898717 91.51969891786575 11.43827171623707 115.0985952019691 0 91.75157390534878 0
9.107892297208309 271.9745293036103 9681.889689937234 8.415159709751606 1.785164996981621 27.68199674040079 131.3886933252215 45.61158145964146 130.7651135846972 40.01988216489553 3217.438092902303 18.19464321434498 2835.550675056875 82.0558572858572 0.1079065427184105 16.39551615715027 3072.500270769 3471.572051525116 5635.473725028336 4.823046311736107 41.9788978099823 219.6264882832766 1242.122495993972 195.2539329528809 524.1067851111293 22676.58721075207 18887.72440310568 89.25365307927132 97.08155728876591 189.8027622252703 551.4784227460623 68.24238982051611 10.36518969386816 1478.469963923097 12.0297854617238 2816.823318302631 3854.769720509648 3972.593104377389 768.5933108925819 41.89324745535851 2.290444456040859 38.54810362309217 6.149113707244396 1.275249615311623 766.7366446852684 495.9161468148232 0.1369448304176331 0 0.3115547895431519 7.539023816585541 2.343751542270184 3.267811179161072 0.4685833901166916 108.6906487122178 0.4243806004524231 483.5013033077121 6.680039912462234 0.1507745236158371 2.825401715934277 284.8468060418963 259.5777482539415 366.3783065751195 0 5.19520066678524 8.476129405200481 15.82102095335722 9.558630630373955 310.1140078902245 3628.225223571062 5175.786655843258 6.319367997348309 2.566110610961914 11.9638242572546 100.2059893608093 0.7541539520025253 0 56.96417227387428 1.502962291240692 193.3933488950133 322.5199148207903 247.9084100276232 34.25548979640007 6.616084732115269 0.1315265893936157 5.145506039261818 0.2490124553442001
25.09548346698284 2776.182963699102 13065.3254891336 5.637860462069511 1.335032820701599 20.01179075241089 186.6566101014614 61.2285071760416 1104.570520110428 48.72605899721384 653.7962559238076 15.98530874401331 6830.750708520412 138.6886901184916 2.990614555776119 3281.899950675666 11595.27774888277 333.5464852228761 3577.626380994916 4.378602042794228 1391.570346713066 7278.432774715126 18474.74691261351 3273.616357780993 3418.636158682406 18887.72440310568 37505.20554506034 701.2243195772171 198.5146393105388 670.4347853735089 1131.353320173919 51.98136755824089 52.6351665109396 4837.486835837364 209.2447723299265 13822.48033735901 4294.405713140965 12279.82519692928 4173.004699394107 337.6301622465253 12.59443696588278 61.50027327239513 53.77240223437548 1.005553334951401 4585.922232069075 3328.330330647528 0.7027208209037781 0 0.2725211158394814 16.88602674752474 4.577389664947987 11.71479000151157 0.3420857638120651 73.64988494664431 0.1936892196536064 360.748004116118 7.437015973031521 1.178125217556953 614.9171381294727 367.467122733593 201.517371982336 483.9194641336799 0.2108323127031326 38.56142862141132 1505.587939575315 1001.96177598834 64.80900110304356 884.6842853799462 5074.834913171828 18193.41652958095 53.28188888728619 2.494193442165852 16.17250823974609 68.88958576321602 0.6021273955702782 0.4642788916826248 81.37415105849504 47.0591456592083 577.3671973720193 401.4184330403805 419.4222303405404 115.587433360517 26.17010287940502 0.4488541185855865 6.036481358110905 1.530867055058479
142.1821447685361 9.727885968983173 1015.131651952863 3381.22972958535 2.71491003036499 180.0741320252419 17335.96297682822 453.6371139213443 1280.377472177148 3064.06622094661 17.49401747435331 632.3466128259897 11.31434160470963 481.5922015309334 16.03303924202919 1235.23103312403 84.37760430574417 2.543601170182228 13.9287266433239 2493.827648296952 11094.93940014392 158.7176480591297 2288.039945274591 10833.38847619295 6.400196239352226 89.25365307927132 701.2243195772171 23557.03020036221 1844.098723396659 8372.919778168201 0.4039951786398888 28.08927904069424 534.9349902644753 721.2903241664171 238.7041833177209 2862.912364602089 132.822724044323 2104.784912355244 589.5574621483684 172.2610651999712 32.10390831530094 18.78902740776539 44.07098423689604 28.8489762917161 2.439974300563335 17.78551582992077 155.5469864085317 1.044793754816055 42.97205613553524 738.150536634028 191.6883027851582 382.6914441809058 495.2187167182565 13.0737816542387 83.62065361440182 0.4760026633739471 296.3203175291419 28.29370452463627 201.1450795456767 3.31491482257843 2.358344927430153 5.199365168809891 256.803354665637 304.8320221751928 119.9091506078839 58.94599833339453 1101.539206005633 0 5.146602272987366 62.61251413822174 1490.434324227273 102.1954643130302 287.4582500979304 0 7.198946073651314 8.706995263695717 27.76152788102627 19.16823799908161 213.2535106912255 9.146696150302887 103.3300050869584 27.87042275071144 157.7675713449717 7.536537423729897 10.07584300637245 7.669325932860374
