541.2990858107805 0.2964560389518738 43.22232411056757 0.7186363488435745 0 3.765284173190594 1025.849635027349 177.1540735512972 15.38053818047047 3.219619184732437 13.59975835680962 0.188331812620163 0.1403802484273911 2900.24069210887 0.1085198894143105 0.9177566021680832 276.6345169022679 5.74983898550272 116.6051274389029 0.8301082327961922 41.40351769328117 15.60006377846003 98.02292924374342 110.45890121907 0 107.304946064949 18.34658386558294 51.34906349331141 3009.664834670722 2414.261713705957 0.4313077852129936 2.860097698867321 60.34806655347347 169.8310778290033 0.7334316968917847 5.645429246127605 7.386751540005207 105.2763121947646 7.319089151918888 0.2241754531860352 0.1220154613256454 0 0 0 0.2492968291044235 0.4135273098945618 0 0 0 1.605162769556046 1.27189889550209 3.776353776454926 0 0 0 0 1.402395859360695 0 4.014064207673073 0.1086888015270233 0.1404347270727158 0.9027921259403229 0 3.783313721418381 0 0.110433541238308 32.22271594405174 0 5.230343148112297 7.895131133496761 29.93813393265009 6.239346146583557 9.453622229397297 0 0 0.5737171620130539 6.609056368470192 1.001936078071594 38.15013012290001 0.442624993622303 18.84274492412806 14.85185297578573 7.117424309253693 3.853213503956795 0 0
0.2964560389518738 74.22148799151182 3.742018736898899 0.09798351675271988 2.513305261731148 1.254540108144283 3.990354806184769 1.033724874258041 436.539957717061 0 42.0170274078846 2.824319116771221 835.5767902508378 1.010027386248112 55.08923092484474 81.76429960131645 7.315356224775314 2.651727691292763 5.124081149697304 0 7.089156582951546 1586.140797652304 5.309870019555092 662.7791858464479 696.4803727641702 183.757386803627 7119.226288735867 27.21144779026508 1.525673165917397 12.8830254971981 151.3573064282537 1.025495059788227 0.4053039997816086 12.40284936130047 0.159976601600647 25.61435418576002 61.74426486343145 25.55360084027052 12.74041889607906 39.45281912386417 0.6988354474306107 60.62446783483028 0.5531139373779297 0 79.01341886073351 49.91606872528791 0.5697886943817139 0 0 0.2864212393760681 0.5670892000198364 1.919540897011757 0.1371133774518967 10.47463956475258 0 104.1688431873918 0.4987112060189247 0 7.759161330759525 41.74566279351711 1.077923238277435 16.06900316476822 0.3508750796318054 0.3657641634345055 70.26587940752506 3.700483679771423 9.479451477527618 16.8926390260458 275.2867828831077 2227.875664822757 0.6525972783565521 1.750351265072823 0.6654031053185463 22.13393457978964 0 0.107979416847229 0.9056814461946487 1.314430356025696 24.42098949849606 7.253602609038353 19.63914258778095 4.80281737446785 1.167016312479973 0 0.8962997794151306 0
43.22232411056757 3.742018736898899 5799.292522966862 0.12950399518013 0 248.2233203053474 529.6904094368219 606.3044355809689 0 22.90418970584869 2.16401033103466 1.346478775143623 0.3463335037231445 504.8624839559197 0 5.699871711432934 3025.308892436326 6.752815283834934 47.76677855104208 0.5875600874423981 674.0232557207346 1.707283496856689 8489.385165348649 5.829479284584522 0.1560615748167038 7086.601819567382 7732.109965465963 270.4003288671374 32.10630326718092 538.1359581872821 0.1514090746641159 1.118713825941086 2.140231274068356 233.4001800492406 16.38125929236412 1014.638508334756 545.583207115531 876.1863077431917 500.5177161693573 65.60946637392044 2.311261989176273 1.142143607139587 9.514988601207733 0.1148013770580292 67.58119320869446 381.6681524962187 0 0 0 0.5963016748428345 0.482397735118866 1.051648169755936 0 0.1511271744966507 0 0 0.4283806160092354 0 13.32096090912819 64.88723155856133 0 5.259921312332153 0 3.719636395573616 40.99852944910526 38.21722650527954 3.838271357119083 0 45.07124158740044 734.5756462067366 1.464460633695126 0.3142636716365814 1.828784257173538 0.107049897313118 0 0.1411051154136658 4.238145157694817 4.143619030714035 38.70981360971928 5.549829095602036 25.23191100358963 14.91401153057814 1.009375780820847 0 0 0
0.7186363488435745 0.09798351675271988 0.12950399518013 355.9555155038834 0.4526467397809029 13.14562506973743 258.280939117074 20.00378931313753 1010.82903753221 692.4128279462457 1.018502108752728 1617.943229369819 2.094015546143055 50.23019383102655 38.72690887749195 0.614378310739994 0.4172425791621208 0.6335955336689949 0.7199974358081818 1177.024267300963 0.9422792792320251 0.8641747236251831 0.2811140120029449 1257.412482067943 0.2194945439696312 1.601376906037331 6.180372647941113 2576.021599151194 75.29668358713388 0.9404800981283188 0.2271284535527229 3.278937496244907 4.542339853942394 34.95334617048502 17.52666743099689 449.7690891250968 9.030322454869747 150.2707192748785 120.0265982523561 31.51513615250587 23.90080583095551 1.107174038887024 1.706464797258377 4.185679793357849 0 0.119009792804718 284.0432632490993 0 7.42931854724884 78.94718075543642 5.734878979623318 158.5100344419479 385.2059361860156 0.9199382662773132 165.6205380707979 0 16.41616389900446 13.62725871801376 0 0 0 0.2369934916496277 414.4463988393545 0 0.1614200919866562 0.2965424507856369 553.10007237643 0 0.4277333766222 1.549574360251427 445.3037385120988 32.63816540688276 9.919511258602142 0 0.8944064080715179 3.870222553610802 15.10203777998686 2.460395872592926 47.29025885462761 0.5970134139060974 40.31689926981926 11.84723035246134 41.07068893313408 1.923902586102486 0.1782888472080231 2.538461938500404
0 2.513305261731148 0 0.4526467397809029 14.72272750735283 188.2747337073088 0.7224696129560471 13.29658406972885 123.5966504663229 1.300204291939735 4.754106536507607 14.09391213208437 0.5939420387148857 2.01570038497448 867.7913575470448 0 0.1049396023154259 0.378005713224411 0 1.068205043673515 0 10.58152189850807 0 18.83589291572571 0.2132070288062096 0.835927352309227 7.838228560984135 3.453552484512329 0 0.1213175877928734 0.2800473719835281 93.71920749545097 0 24.98588347434998 0 4.013298898935318 0.1213734224438667 24.7966975569725 4.033774822950363 1069.394175097346 11.56178253889084 0.5298973321914673 0 0 0 0 0 0 0 0 0 0 0 0 0 0 2.457058906555176 0 0 0 0 0 0 0 0 0 0.1643122285604477 0 0 0.5429332256317139 0 0 0 0 0 0 0 0 0 0 0 0 0 0 0 0
3.765284173190594 1.254540108144283 248.2233203053474 13.14562506973743 188.2747337073088 7451.702379837632 2541.415235809982 7159.250562347472 440.5303941294551 4772.808975733817 189.3527377098799 3743.169296547771 40.27217613905668 610.043709397316 1361.764317721128 1.352405786514282 70.0001305565238 35.62755342572927 42.99253476411104 356.2189006283879 292.0621494054794 10.39670721441507 182.4708918184042 184.784175530076 0.9522986337542534 343.6081822514534 136.0253023356199 144.8329885676503 271.0046207159758 63.43760894238949 6.469806008040905 937.9068601727486 2.887422278523445 1086.82524035871 9.423088476061821 249.2657843530178 25.52706097066402 768.4074566215277 179.1139149665833 2604.796197004616 295.6251346021891 21.51048151403666 0.4458587393164635 1.291734129190445 0.7066757380962372 2.148779086768627 16.12274088710546 0 8.910941958427429 40.30579645931721 3.466770172119141 53.25456783920527 40.57388214766979 1.612405061721802 16.74070806801319 0.2465083077549934 11.42496383190155 3.546344041824341 2.362805373966694 1.532757014036179 0.08754406869411469 0.7448962330818176 36.24415948987007 3.903197281062603 1.086504690349102 0.6740512773394585 365.2399377673864 0 2.224333666265011 10.21738566458225 266.0904044732451 49.51711371541023 33.56692311912775 0.08464442938566208 5.320931434631348 5.668292418122292 12.46331000328064 0.107578419148922 84.52696570008993 1.530475795269012 56.16187684237957 16.69606072455645 8.137694925069809 5.317187130451202 0.351980060338974 0
1025.849635027349 3.990354806184769 529.6904094368219 258.280939117074 0.7224696129560471 2541.415235809982 6751.310157686472 4707.542660325766 264.8118323162198 8577.508130177855 15.18752680718899 28.2987449541688 8.166046909987926 8007.192971915007 22.24730895459652 13.54015969485044 82.77636298537254 6.37437404692173 17.48842357099056 48.13529841601849 1414.433814227581 113.5416884198785 748.9517342448235 3109.373785614967 0.409060075879097 559.9109768941998 1202.437655605376 18334.65942898393 1124.137889534235 2056.296407744288 0.9677495732903481 26.73657876253128 47.58891726285219 415.3043966069818 73.22408602386713 1163.563925929368 50.89726007729769 1315.375520639122 716.8422823771834 73.25293645262718 83.51155693084002 16.86656994372606 10.05134299397469 10.74586717039347 1.245348885655403 4.568355388939381 85.45285799354315 0 7.00821179151535 142.4275756403804 12.33445085585117 124.9360844045877 252.6571384072304 3.093542739748955 83.29766552895308 0 69.41343858838081 5.415234312415123 20.74304445832968 2.724054239690304 3.306611686944962 0.9417743757367134 173.8268126994371 9.587460421025753 9.105030991137028 19.61149383336306 1040.597764156759 0.2984834760427475 3.796957269310951 41.44302443414927 897.3494603782892 160.0065697282553 145.3511810675263 0.09949048608541489 14.61574809253216 27.77186682075262 70.30482526868582 8.874197632074356 680.4719659090042 5.925418108701706 407.143636725843 168.2603569105268 65.49632230401039 27.83913534879684 1.258643388748169 1.391603410243988
177.1540735512972 1.033724874258041 606.3044355809689 20.00378931313753 13.29658406972885 7159.250562347472 4707.542660325766 8439.924815319479 22.12469800561666 1868.812432654202 460.0384776070714 315.9345628023148 52.59372271597385 5497.840056568384 71.50375358760357 2.124663360416889 659.8816976249218 93.60082522779703 330.4758227616549 96.55044945329428 661.348690547049 9.902760647237301 564.2414593026042 188.3440652042627 2.602954238653183 1118.121075041592 211.1873412206769 274.8714943379164 614.1719357445836 754.7890965417027 9.803780198097229 802.0173041522503 6.513831779360771 1311.086216159165 3.019559279084206 175.2871203422546 69.28795602917671 899.1621140092611 151.2165413722396 711.9100836142898 138.8194323256612 12.99979583919048 1.477573163807392 1.538840815424919 1.551171734929085 2.537195473909378 0.7721294015645981 0 0 2.207611292600632 0.2366137206554413 10.09065374732018 2.093209952116013 0.2115247026085854 0 0.5061959028244019 3.250228516757488 0 3.67477885633707 5.526652224361897 0.11004688590765 3.131335258483887 0.8026560992002487 3.585052698850632 1.073972620069981 2.073272079229355 71.62379705160856 0 20.34867689758539 44.77412216365337 60.71742734313011 12.93618674576283 27.89761749655008 0.2438632026314735 0.5441084653139114 1.913359172642231 4.261536680161953 0.8573979139328003 28.12586613744497 1.657369397580624 24.56872733682394 13.21590849757195 7.583435475826263 0 0.3330490291118622 1.005879044532776
15.38053818047047 436.539957717061 0 1010.82903753221 123.5966504663229 440.5303941294551 264.8118323162198 22.12469800561666 527.3743411526084 101.0899647772312 6.18338268250227 1146.028022646904 46.16008498519659 40.94680828601122 746.0098296254873 0.5163631290197372 2.526654161512852 0.8580312877893448 1.468486942350864 879.8404086232185 1.672682479023933 2222.12595911324 1.987417064607143 3955.442414619029 60.77908702939749 25.63705922663212 984.35448936373 813.6526433378458 83.48801078647375 186.5792419984937 12.62559142708778 13.23623643070459 5.22427836805582 18.48400507122278 7.116089344024658 159.6280484050512 34.91008890420198 61.3199030905962 37.63663045316935 374.083484865725 11.33861792087555 2.950694657862186 1.586644768714905 26.60447315126657 1.3083665817976 0.6758725121617317 134.1866974830627 0.2522235810756683 1.483272805809975 87.64516782015562 10.89010716229677 6.532725557684898 91.09792912751436 3.059238255023956 116.7412226200104 3.920630775392056 62.5820178091526 37.8194667994976 18.70848794281483 0.5650993287563324 0.1795426607131958 0.3475537970662117 178.7358357012272 16.83518605679274 17.33218267560005 2.39654628932476 1429.236213818192 0.5182149782776833 4.028806865215302 13.99151952564716 567.5369357094169 183.2398814111948 288.5222698748112 1.196812100708485 3.19652783870697 30.7780525162816 52.01214001327753 3.58030965924263 428.157443381846 10.823959633708 201.2229563891888 123.708815664053 67.03166520595551 23.24011958390474 0.195713073015213 0.4870944023132324
3.219619184732437 0 22.90418970584869 692.4128279462457 1.300204291939735 4772.808975733817 8577.508130177855 1868.812432654202 101.0899647772312 18175.76266754419 80.2199434787035 3052.490288928151 19.58059257268906 976.4839574918151 34.11680068075657 1.01208121329546 7.823873825371265 24.57946502417326 23.44337590783834 1642.596133388579 41.8082659766078 2.108548253774643 20.15640458464622 122.5148164853454 1.153854586184025 59.62489837408066 77.31436367332935 2315.957000806928 688.0224902555346 6.16655521094799 4.448709145188332 138.384768858552 6.45732781291008 685.835632301867 57.65824561566114 1326.436728574336 48.44911409169436 1690.758396662772 779.620968952775 189.6680744662881 289.9184518978 24.44836188107729 12.80426620692015 5.405459932982922 0 2.658453419804573 180.5177977755666 0.1759567260742188 5.849758684635162 160.1005942076445 12.9772292971611 71.19974511861801 366.4621262475848 3.671381242573261 141.2075724005699 0.1934661492705345 38.97636390477419 15.56107640266418 0.6807709708809853 0.4123757779598236 0.6991012394428253 0.3546032309532166 314.2619246691465 1.163890972733498 0.3515817821025848 2.110580526292324 732.7220867276192 0 1.723482742905617 5.473983198404312 611.9758942723274 73.26893376559019 29.87123735249043 0 1.791496708989143 9.907817035913467 27.47459927201271 5.351936668157578 125.3977371901274 0.1392458230257034 134.2669023349881 52.04056984186172 64.23082754015923 10.37572006881237 2.585351943969727 1.306761384010315
13.59975835680962 42.0170274078846 2.16401033103466 1.018502108752728 4.754106536507607 189.3527377098799 15.18752680718899 460.0384776070714 6.18338268250227 80.2199434787035 3737.554388299584 91.53383685648441 1110.614362590015 359.9742862433195 1.155641034245491 1.209342420101166 1103.76464330405 1370.96671320498 1229.946757905185 27.65618427097797 17.03064712136984 8.980632595717907 55.72553803771734 14.70699847489595 132.6212054789066 1862.459931761026 200.035842217505 8.697313353419304 447.2669456899166 28.94001015275717 188.2860146984458 542.6723045930266 55.10605178773403 5146.920322395861 4.720151379704475 392.8220612555742 998.6946232318878 3595.692337520421 464.2747137770057 59.34389814734459 44.82454219460487 628.6557887047529 9.338558070361614 0 14.5177695453167 0.3731949478387833 0 0 0 0 0 1.430921770632267 1.75503833591938 64.85647831857204 0 532.8441851362586 1.79818220436573 0.1073041260242462 0.654857337474823 0.1663937717676163 38.78546961396933 9.799316473305225 0 0.2302159667015076 5.827764503657818 0.07614707201719284 6.317243725061417 117.1709421128035 144.2928774878383 152.8976047188044 6.095454297959805 0 2.058306992053986 119.0353996530175 0 0.2308074980974197 3.12483973801136 2.353850424289703 12.4302326515317 254.7847452014685 11.19619350135326 0.7825054824352264 0.6630701050162315 0 41.68634140491486 0
0.188331812620163 2.824319116771221 1.346478775143623 1617.943229369819 14.09391213208437 3743.169296547771 28.2987449541688 315.9345628023148 1146.028022646904 3052.490288928151 91.53383685648441 5173.971744157374 22.09384994208813 360.7319210395217 586.1399914473295 0 1.529401160776615 21.79915758222342 22.59528802335262 2238.609887264669 0.7379337549209595 8.137686528265476 1.466986924409866 392.7662389948964 0.5201792195439339 33.98872960358858 16.029316611588 935.8313145637512 343.4065980091691 2.497402757406235 4.590968765318394 176.2882479280233 0.7092188969254494 430.6179800927639 21.10199944674969 228.6055078208447 18.65874903649092 703.3023179322481 147.7453664317727 841.5780052989721 136.7420743703842 9.633113116025925 1.992388039827347 0.6583614498376846 0 0 84.53033845126629 1.63260543346405 1.90920814871788 15.04322928190231 0.9364612102508545 67.92235326766968 54.06293439865112 0 75.53653185069561 0.1048761829733849 2.257816210389137 10.68293887376785 0 0 0 0 121.2371575385332 0 0 0 111.5198000743985 0 0.1096744537353516 0.3591897264122963 90.69414672255516 8.254685424268246 0.6236177980899811 0 1.051804915070534 0 4.366580680012703 0 15.09662145376205 0.4094015806913376 12.6658575758338 5.476620584726334 46.51161429286003 0 0.141805574297905 0
0.1403802484273911 835.5767902508378 0.3463335037231445 2.094015546143055 0.5939420387148857 40.27217613905668 8.166046909987926 52.59372271597385 46.16008498519659 19.58059257268906 1110.614362590015 22.09384994208813 1835.683113180101 13.19904065132141 4.436574533581734 3.427027329802513 1.140888556838036 68.81408317387104 11.39110873639584 7.313958376646042 2.106686264276505 144.2053364515305 7.378703109920025 60.99959629774094 2914.72020406276 280.1327559277415 1284.006862588227 11.1906838491559 7.79471144080162 3.172007605433464 343.3098729774356 55.41023673862219 0.141733855009079 568.4799508005381 17.30094677209854 2043.165551364422 2784.220740869641 1702.695834808052 505.1202088445425 206.104478366673 210.522890560329 438.1030520573258 29.50736786425114 0 56.04745499044657 0.1262297332286835 0.1926062554121017 0 0 0.1259504109621048 0.103545218706131 9.710075847804546 0 276.4659493714571 0 2455.697651341558 1.116373255848885 0.4083121865987778 0.7081463187932968 1.778932571411133 120.4119664132595 19.7708148509264 0 0.08811707049608231 22.21260802447796 1.002228140830994 14.82260099053383 379.258010879159 655.8875716626644 680.9109078198671 2.341006323695183 0.7212756276130676 0.2626690417528152 656.8492461293936 0.1053964346647263 0 24.04383988678455 2.727856010198593 170.1677056774497 519.7036054730415 180.2097759023309 50.51504691690207 8.150813102722168 3.734344094991684 167.6623811274767 0
2900.24069210887 1.010027386248112 504.8624839559197 50.23019383102655 2.01570038497448 610.043709397316 8007.192971915007 5497.840056568384 40.94680828601122 976.4839574918151 359.9742862433195 360.7319210395217 13.19904065132141 5537.375608488917 5.346946567296982 8.88494860380888 1514.327759183943 92.46164327859879 774.3246489167213 161.1031199470162 360.6020773947239 40.47016817331314 618.6857220381498 603.7036625146866 0.3725266084074974 1217.618124909699 173.7921906635165 637.626416683197 3414.789353445172 3433.625066302717 7.761810809373856 429.5257202163339 74.56198693811893 1208.87722876668 2.479374840855598 105.7576633319259 74.29070737957954 812.4708379209042 91.47058414667845 112.9747324883938 33.34128072857857 3.674094267189503 0.2348114177584648 1.604624629020691 2.106292597949505 4.224098615348339 0.3573871701955795 0 1.927121996879578 4.946195110678673 0.9321749657392502 12.97565338015556 1.553220383822918 0 0 0.4781991168856621 7.891116745769978 0 12.27628000080585 7.611951947212219 0 6.945552073419094 1.379857584834099 19.43592140823603 1.096983402967453 2.184715799987316 131.5076213106513 0.2429935932159424 31.95044998824596 68.73666454851627 116.7531032711267 24.74536287784576 62.23628856986761 0.320629820227623 2.038875162601471 5.016216352581978 7.886562056839466 0 79.67888069152832 1.499058596789837 35.41955661028624 23.21925135701895 3.540006905794144 1.196421146392822 0.6148768216371536 0.4837228357791901
0.1085198894143105 55.08923092484474 0 38.72690887749195 867.7913575470448 1361.764317721128 22.24730895459652 71.50375358760357 746.0098296254873 34.11680068075657 1.155641034245491 586.1399914473295 4.436574533581734 5.346946567296982 184.2136230915785 0 0.5049741342663765 0.350970022380352 0.2454025819897652 94.91453074663877 0 216.2093764171004 0 776.8000813797116 6.107504412531853 3.207280971109867 174.0613575130701 86.93406470865011 7.686982609331608 1.284663990139961 1.661005921661854 396.8349561169744 0.1322346776723862 28.84263563901186 0.529822051525116 7.763289533555508 1.266674540936947 13.12760270386934 2.049108199775219 497.8237505406141 42.9115939438343 0.3546558991074562 0 0 0.2981912940740585 0 0.1565009355545044 0 0 0 0 1.628514587879181 2.435864061117172 0 0 0.5920053273439407 0.1582943797111511 0 0.2505021095275879 0 0 0.1693969964981079 2.300593838095665 0 0 0 5.016437664628029 0.09614141285419464 0.6034822016954422 0.6520989388227463 0.3413440063595772 0.1026332303881645 0.1009567454457283 0.1495166718959808 0 0 0 0 1.448876142501831 0 0 0 0 0 0 0
0.9177566021680832 81.76429960131645 5.699871711432934 0.614378310739994 0 1.352405786514282 13.54015969485044 2.124663360416889 0.5163631290197372 1.01208121329546 1.209342420101166 0 3.427027329802513 8.88494860380888 0 2957.828912734985 10.29867168515921 0.5820369720458984 3.267367921769619 0 2718.336047075689 2008.121411263943 2762.272145211697 1838.573469527066 3.73605340719223 16.22512970864773 2714.238023556769 1606.096733875573 29.14914896339178 560.2065016776323 0.9563049226999283 0 5.326301164925098 47.31572020053864 123.7091845571995 3123.319417148829 815.2680492028594 692.5626366212964 800.2278573215008 265.9529613852501 1.942390978336334 2.479705363512039 18.4279298633337 0.541033148765564 2.589666932821274 14.93048339337111 0.1194059103727341 0 0 16.71418234705925 0.4974405020475388 5.875539131462574 0.2156400233507156 0 0 0.2282636389136314 1.665049716830254 0 2695.395606502891 1.843435250222683 0.1402301639318466 0.5331892371177673 0 348.2442413344979 1137.444855943322 1437.313423417509 116.9765060469508 0 2.533147245645523 406.3508500307798 83.57746245712042 14.49366775900126 129.898717045784 0.1048374995589256 0.0931818038225174 4.244813472032547 7.524197906255722 11.1758686453104 241.3928171917796 18.31229754537344 58.40509279817343 63.59872031211853 4.992482349276543 0.7144909203052521 0 1.343632370233536
276.6345169022679 7.315356224775314 3025.308892436326 0.4172425791621208 0.1049396023154259 70.0001305565238 82.77636298537254 659.8816976249218 2.526654161512852 7.823873825371265 1103.76464330405 1.529401160776615 1.140888556838036 1514.327759183943 0.5049741342663765 10.29867168515921 2860.941096164286 284.1248686164618 3721.436656303704 1.235078983008862 417.8133789300919 1.594681702554226 1923.672504000366 19.87938956916332 0.2537004575133324 3629.391847088933 5816.974447533488 35.98661497980356 1064.034150220454 1546.994297020137 2.227986700832844 8.626333735883236 102.1235673576593 2038.740508921444 0.4347026497125626 148.9745583683252 1321.111927226186 445.9178062304854 37.79678142815828 3.906618341803551 0.79395841807127 0.5013556480407715 0.2958931103348732 0 51.66393917053938 199.2423751354218 0 0 0 0.9611098095774651 0.5596331506967545 0.853080615401268 0 0 0 1.31909453868866 0.1299499273300171 0 12.14809234440327 122.0943193286657 1.11566224694252 60.92036984860897 0 0.8233665972948074 23.00944977998734 11.80463765561581 7.339359536767006 0.4176496565341949 336.2173827365041 894.3762864768505 3.212632603943348 0.590472973883152 2.382422000169754 2.3141028881073 0 0.1303484737873077 2.693944536149502 0 50.94721315801144 10.01751691102982 44.21440168470144 11.47863219678402 1.314317017793655 0 0 0
5.74983898550272 2.651727691292763 6.752815283834934 0.6335955336689949 0.378005713224411 35.62755342572927 6.37437404692173 93.60082522779703 0.8580312877893448 24.57946502417326 1370.96671320498 21.79915758222342 68.81408317387104 92.46164327859879 0.350970022380352 0.5820369720458984 284.1248686164618 162.7582544013858 1256.755357690156 7.851960428059101 6.033717758953571 0.7219803407788277 17.37192404270172 4.284047082066536 2.280210569500923 2302.390026368201 670.8009600564837 5.307786293327808 91.16266243159771 14.17542515695095 186.2813479229808 48.07710560411215 14.40806885808706 801.9632101804018 5.152396887540817 869.9962052628398 554.96291295439 1724.278650507331 316.9633423238993 12.93082883954048 4.076388753950596 13.04683792591095 2.824674382805824 0 1.623005241155624 0.36347895860672 0 0 0 0.1506046503782272 0 0.459789864718914 0.1451760232448578 3.575364507734776 0 17.12051761895418 0 0 0 3.214919209480286 22.065110206604 15.53228312730789 0 0.07400599867105484 1.095138773322105 0.07876580208539963 1.888347908854485 1.811085730791092 166.430623576045 96.81410610675812 0.7074615359306335 0.4676348268985748 0.3381942808628082 19.28946328163147 0 0 0.3978597372770309 0.9747068881988525 12.70465552061796 0.6903543770313263 1.638511918485165 0.252172589302063 0.6821298897266388 0.7759334444999695 0 0
116.6051274389029 5.124081149697304 47.76677855104208 0.7199974358081818 0 42.99253476411104 17.48842357099056 330.4758227616549 1.468486942350864 23.44337590783834 1229.946757905185 22.59528802335262 11.39110873639584 774.3246489167213 0.2454025819897652 3.267367921769619 3721.436656303704 1256.755357690156 1687.024564452469 6.98799641430378 89.62964787334204 0.3261407092213631 285.7694939523935 9.818737827241421 1.625161528587341 5826.349737226963 449.8117407932878 13.38494727760553 947.3662760555744 295.0018036067486 12.79160582274199 38.41971384733915 193.2915357574821 4690.177001141012 3.548039965331554 1252.795706883073 859.2879727557302 3236.897939987481 413.0267930328846 22.89023011177778 3.718266442418098 0.4988357126712799 2.203341796994209 0 32.22432565689087 8.55023755133152 0 0 0 0.2020826935768127 0.4217571392655373 1.670560635626316 0.4923816919326782 0.3106051832437515 0 12.52463832497597 0.4542356505990028 0.1832341253757477 4.386031292378902 32.85960166156292 8.669517032802105 130.8407834172249 0 0.4763969928026199 2.813886806368828 1.279418185353279 5.206689283251762 2.068293944001198 890.4605851471424 962.9160109162331 1.359028846025467 1.312640964984894 0.2627645134925842 7.061620131134987 0 0.2833028584718704 0.4547434896230698 9.682440549135208 12.35158696770668 6.347295090556145 13.79327815771103 4.071646727621555 0 0.1672733724117279 0 0
0.8301082327961922 0 0.5875600874423981 1177.024267300963 1.068205043673515 356.2189006283879 48.13529841601849 96.55044945329428 879.8404086232185 1642.596133388579 27.65618427097797 2238.609887264669 7.313958376646042 161.1031199470162 94.91453074663877 0 1.235078983008862 7.851960428059101 6.98799641430378 397.3163695335388 0.1974408701062202 0 0.7001553326845169 602.1621714755893 0.2064469754695892 11.97684311121702 4.401750788092613 6047.475802361965 162.5788449719548 0.7866851091384888 1.661629483103752 47.09015336632729 1.246333956718445 180.3172980621457 10.9633956104517 327.1145113781095 11.22560422867537 378.8616328015924 152.4035689085722 149.0740649551153 77.27255508303642 5.285567156970501 2.958517208695412 5.095272973179817 0 0 212.7332896739244 2.586668118834496 0.8813566565513611 76.90507207810879 5.728651933372021 112.2216753363609 259.8153579682112 0 125.6292919367552 0 15.20545320212841 18.49309176206589 0 0.3849657326936722 0 0 286.2203121930361 0 0.3020927011966705 0 424.1415342241526 0.1165023148059845 0 0.7636984288692474 358.1474339962006 33.05200079828501 7.358866676688194 0 2.114517204463482 4.033156387507915 10.07052594423294 1.186404287815094 43.36639642715454 1.449110552668571 35.27536274492741 11.257687240839 52.09090481698513 1.650890707969666 0.08825235813856125 0
41.40351769328117 7.089156582951546 674.0232557207346 0.9422792792320251 0 292.0621494054794 1414.433814227581 661.348690547049 1.672682479023933 41.8082659766078 17.03064712136984 0.7379337549209595 2.106686264276505 360.6020773947239 0 2718.336047075689 417.8133789300919 6.033717758953571 89.62964787334204 0.1974408701062202 11637.92500326037 235.0166489854455 19334.08803230524 79.62956970185041 0.5523447394371033 238.6076721325517 1508.637394338846 2269.124775566161 220.6254633069038 10983.76955875009 0.4203004390001297 1.750901825726032 37.58054606616497 2873.080942519009 87.0063212364912 2855.29723969847 478.1900301277637 4534.508425042033 1020.229638561606 153.6776399239898 2.652798734605312 3.655174158513546 17.18603299558163 0.4766189083456993 0.1376792341470718 9.109781883656979 0 0 0 1.874480903148651 0.4273436069488525 5.645860284566879 0 0.4477644041180611 0 0.1495018899440765 4.644943960011005 0 1151.351306580007 1.24747509509325 0 0.2569668143987656 0 454.0370939522982 217.8092429637909 560.0273159444332 133.4666267186403 0 1.187176592648029 96.366684474051 106.5039219781756 26.01579518616199 241.5163972526789 0.1296311914920807 0.1491576880216599 9.168472230434418 13.350875467062 5.29798735678196 275.0974511429667 13.96163982897997 83.7574160322547 50.90054266154766 8.323159612715244 2.533919356763363 0 1.454691112041473
15.60006377846003 1586.140797652304 1.707283496856689 0.8641747236251831 10.58152189850807 10.39670721441507 113.5416884198785 9.902760647237301 2222.12595911324 2.108548253774643 8.980632595717907 8.137686528265476 144.2053364515305 40.47016817331314 216.2093764171004 2008.121411263943 1.594681702554226 0.7219803407788277 0.3261407092213631 0 235.0166489854455 563.77578484267 191.3786757737398 6174.271425381303 225.3847545534372 53.16535529494286 3286.202232018113 463.8818075656891 75.28606849163771 450.7177754938602 36.6035485714674 3.287729382514954 8.638719171285629 22.41691271960735 12.05339470505714 217.8015153631568 71.15445259213448 99.11805103719234 53.12792018800974 172.0932032689452 8.996974237263203 6.40093132853508 0.8676127046346664 0.4572430327534676 2.734480001032352 27.30731074512005 0.6773177534341812 0 0.09423717856407166 4.22863732278347 0.3833997473120689 8.198382474482059 3.081500828266144 1.384475842118263 1.444496020674706 13.86633593589067 4.811954654753208 0 540.799934104085 2.932307727634907 0.3963663130998611 1.250557899475098 1.804951354861259 144.1925340220332 151.907093629241 173.1048996821046 270.2046443521976 1.349061951041222 8.714759364724159 532.6355535835028 103.2212928682566 34.21341981738806 180.1511639356613 1.782193772494793 0 11.52705135196447 13.49973456561565 3.658997863531113 155.4630553945899 6.137598372995853 57.9990464001894 41.38958217203617 3.467738345265388 1.953989923000336 2.048540979623795 1.172924309968948
98.02292924374342 5.309870019555092 8489.385165348649 0.2811140120029449 0 182.4708918184042 748.9517342448235 564.2414593026042 1.987417064607143 20.15640458464622 55.72553803771734 1.466986924409866 7.378703109920025 618.6857220381498 0 2762.272145211697 1923.672504000366 17.37192404270172 285.7694939523935 0.7001553326845169 19334.08803230524 191.3786757737398 17775.83612743765 162.6013768017292 0.4365479052066803 2193.659080654383 17693.60988689214 2782.94788787514 255.4113905802369 6492.707063816488 1.378060884773731 2.036481224000454 6.095007576048374 2361.868788279593 427.5148596018553 8112.668522469699 1380.311983652413 8486.551867172122 4630.686083756387 1033.437126919627 5.498572006821632 5.322567611932755 73.93528327345848 0.1081778183579445 4.167780414223671 151.7520761117339 0 0 0.2557609230279922 18.09974956512451 1.719614714384079 0.9253157451748848 0 0 0 0.3414257168769836 0.7715552002191544 0 2277.380456671119 4.592694126069546 0.5587979406118393 1.596298940479755 0 224.9180777668953 596.2254378646612 1716.579282902181 63.37357266247272 0 9.140678822994232 1477.413692079484 51.28377971798182 4.237575486302376 72.15091372281313 0 0 1.351301245391369 6.039138182997704 29.46950745582581 197.158763833344 31.71889848262072 57.18278021365404 77.60588159412146 6.691739037632942 0.1280419081449509 0.1954446583986282 0
110.45890121907 662.7791858464479 5.829479284584522 1257.412482067943 18.83589291572571 184.784175530076 3109.373785614967 188.3440652042627 3955.442414619029 122.5148164853454 14.70699847489595 392.7662389948964 60.99959629774094 603.7036625146866 776.8000813797116 1838.573469527066 19.87938956916332 4.284047082066536 9.818737827241421 602.1621714755893 79.62956970185041 6174.271425381303 162.6013768017292 6170.243475422263 66.252237200737 47.60338818281889 2795.699979998171 4401.347407922149 1161.53672798723 1719.116527818143 15.25601260364056 39.23681403696537 136.0678883269429 350.1397611498833 115.6945431903005 2237.943600304425 182.9000152647495 1177.813551023602 724.2730004042387 594.5855086296797 82.30302355438471 10.24905905127525 12.85061749815941 14.32765759527683 0.8543504327535629 6.31463348120451 192.2933398485184 0 13.53561761975288 156.2219037786126 18.22828687727451 464.8214909657836 415.8070160895586 0.5462847799062729 121.7860261052847 4.390024535357952 75.97661978751421 4.57877753674984 215.0881837829947 0.6205938905477524 1.996971897780895 0.8889153897762299 316.3597653508186 92.29589242488146 97.13418689370155 79.4571788161993 1486.683352604508 1.019748285412788 7.596758581697941 79.64027681201696 936.0305510386825 183.1190154850483 269.7293407544494 1.031958930194378 4.799643397331238 31.12759535014629 49.13770993053913 10.28348690271378 516.0481503009796 4.719909474253654 302.0990617498755 144.90145958215 54.12346688657999 18.70388459414244 0.8511204123497009 2.592075236141682
0 696.4803727641702 0.1560615748167038 0.2194945439696312 0.2132070288062096 0.9522986337542534 0.409060075879097 2.602954238653183 60.77908702939749 1.153854586184025 132.6212054789066 0.5201792195439339 2914.72020406276 0.3725266084074974 6.107504412531853 3.73605340719223 0.2537004575133324 2.280210569500923 1.625161528587341 0.2064469754695892 0.5523447394371033 225.3847545534372 0.4365479052066803 66.252237200737 235.3430408909917 236.9598716795444 2500.990898363292 3.070695124566555 0.9347433894872665 0.3885936513543129 505.1484446972609 1.334951624274254 0.1217675134539604 130.5992698669434 0 169.0003392621875 251.1938284114003 264.0056084617972 132.2789583802223 15.96282888948917 29.38650089502335 1202.375214703381 23.93805786967278 0 57.0540452376008 0.4837825298309326 0 0 0 0.08864793926477432 0.2278615161776543 3.331622704863548 0 43.6024978235364 0 848.6137004196644 0.1258532851934433 0.5877208411693573 0.4735802859067917 0.5064686983823776 4.18007842451334 2.628286279737949 0.1441054791212082 0.1260419636964798 11.24301631003618 0.2768505364656448 6.188074924051762 108.7624088823795 198.6872674971819 1045.120554603636 2.610059380531311 0.3840855062007904 0 108.2549169287086 0 0 8.995357140898705 0 5.02210621535778 28.70146587491035 17.16067273914814 1.722947724163532 0.4627127051353455 0 34.06892657279968 0
107.304946064949 183.757386803627 7086.601819567382 1.601376906037331 0.835927352309227 343.6081822514534 559.9109768941998 1118.121075041592 25.63705922663212 59.62489837408066 1862.459931761026 33.98872960358858 280.1327559277415 1217.618124909699 3.207280971109867 16.22512970864773 3629.391847088933 2302.390026368201 5826.349737226963 11.97684311121702 238.6076721325517 53.16535529494286 2193.659080654383 47.60338818281889 236.9598716795444 24244.32094821334 10828.33443296701 174.1679588481784 286.1624233946204 450.3486291915178 270.2296833395958 61.67185620218515 29.36294627934694 939.2984025999904 29.64857922494411 4785.629490762949 4610.312032058835 3897.164129562676 1270.988944239914 104.5235608071089 16.38799165934324 108.5228409916162 16.47629138827324 0.1351971626281738 328.6574263572693 286.8323091864586 0 0 0 1.865540526807308 0.5186654329299927 18.17966237664223 0 50.84546396881342 0 741.9951281026006 1.388469591736794 0.8019160628318787 18.51539378613234 225.6280358433723 338.7290623784065 366.5281974002719 0 2.140344992280006 43.00527329742908 8.420163512229919 34.29987444728613 213.9861598685384 3690.100756831467 4900.999404974282 9.328040085732937 1.564830124378204 3.381063982844353 510.9405397176743 0.1270566433668137 0.8729006797075272 4.28723182529211 18.20632135868073 105.6850068569183 40.30665490031242 72.13543858379126 17.18255998194218 3.618645049631596 0.1613350361585617 1.905293650925159 0
18.34658386558294 7119.226288735867 7732.109965465963 6.180372647941113 7.838228560984135 136.0253023356199 1202.437655605376 211.1873412206769 984.35448936373 77.31436367332935 200.035842217505 16.029316611588 1284.006862588227 173.7921906635165 174.0613575130701 2714.238023556769 5816.974447533488 670.8009600564837 449.8117407932878 4.401750788092613 1508.637394338846 3286.202232018113 17693.60988689214 2795.699979998171 2500.990898363292 10828.33443296701 27769.01610616595 1531.263384640217 105.5895484983921 311.3985223397613 962.2519342079759 15.52184646576643 24.59256891161203 1341.356561630964 263.8479273095727 12233.21271731704 4849.496851943433 7398.703395187855 4260.422473393381 1319.453327782452 24.05700203031301 11.48388800024986 84.35895568877459 2.091823443770409 1841.631141223013 2132.333939217031 0.2398156225681305 0 0.3625228628516197 17.28953871876001 4.680822283029556 18.95950508117676 1.98602607101202 14.64227887243032 0.2825938165187836 243.2927919775248 10.11885888874531 1.7006561383605 878.9848293811083 711.8033518269658 71.39687345176935 390.6542531400919 0.377750925719738 28.863904081285 2054.054697588086 1125.356616914272 141.2385595887899 309.1360785663128 3298.840492255986 17858.13688620925 42.09556946903467 15.47825332731009 16.52318851649761 188.2876214012504 1.283064998686314 1.120232500135899 28.16546122729778 74.84416404366493 481.9978985115886 96.20070341229439 268.9070820435882 171.5978696420789 17.22397900372744 1.252408176660538 2.59663812816143 0.6018534302711487
51.34906349331141 27.21144779026508 270.4003288671374 2576.021599151194 3.453552484512329 144.8329885676503 18334.65942898393 274.8714943379164 813.6526433378458 2315.957000806928 8.697313353419304 935.8313145637512 11.1906838491559 637.626416683197 86.93406470865011 1606.096733875573 35.98661497980356 5.307786293327808 13.38494727760553 6047.475802361965 2269.124775566161 463.8818075656891 2782.94788787514 4401.347407922149 3.070695124566555 174.1679588481784 1531.263384640217 11350.82796993852 1180.987113453448 8268.547565467656 1.309121564030647 16.45320801436901 212.5975141003728 709.2974882349372 136.4177449420094 3129.517325133085 277.6318103149533 2263.945113420486 1211.424850486219 189.2275914996862 53.18304324150085 21.45203739404678 21.69686485826969 14.6134245544672 0.6104093939065933 9.607072621583939 357.7220758721232 2.277740627527237 5.012052372097969 160.4469919353724 10.14066805690527 275.1931405439973 643.8728486597538 1.307855881750584 253.428690508008 0.5708306059241295 57.962377615273 39.46960878372192 174.862877830863 1.905138887465 2.416967257857323 1.142198584973812 691.7832006365061 143.0172459706664 55.07304231077433 65.2662962898612 1350.266750589013 0.3537973165512085 4.85433354228735 106.138953961432 1012.393253669143 152.8389328271151 272.8313375934958 0.1123437955975533 3.506157748401165 26.9043228700757 53.64791844040155 7.724125415086746 379.9478526189923 3.929171733558178 201.4653566479683 97.20675174146891 87.98581473529339 17.82679560780525 0.421782061457634 1.225559458136559
3009.664834670722 1.525673165917397 32.10630326718092 75.29668358713388 0 271.0046207159758 1124.137889534235 614.1719357445836 83.48801078647375 688.0224902555346 447.2669456899166 343.4065980091691 7.79471144080162 3414.789353445172 7.686982609331608 29.14914896339178 1064.034150220454 91.16266243159771 947.3662760555744 162.5788449719548 220.6254633069038 75.28606849163771 255.4113905802369 1161.53672798723 0.9347433894872665 286.1624233946204 105.5895484983921 1180.987113453448 12842.20805791765 3743.460231155157 4.914226464927197 215.9552840068936 2131.875455260277 2808.627637647092 3.504465162754059 180.6233218163252 53.85297982394695 1380.065536595881 74.73656547814608 168.9733924940228 15.14561717957258 1.375809103250504 0.8326023668050766 0.7460377365350723 0.3223629593849182 1.494915828108788 0.5920024812221527 0 1.652857661247253 8.321061208844185 1.698560625314713 23.74322029948235 4.224077485501766 0.3474649339914322 0.1602875590324402 0.1125833466649055 10.17046596109867 0 25.76424450427294 1.0842245221138 0.1282487809658051 2.978927671909332 2.624248050153255 37.81903304159641 3.547525353729725 2.353510178625584 198.8547021746635 0 24.36615951359272 39.69677770882845 171.2407663241029 35.83194343745708 82.53106075525284 0.1215422376990318 2.712471894919872 11.83318633586168 18.1850613206625 0 149.8592232763767 1.087597012519836 73.15674517303705 40.05312652885914 6.561096534132957 4.264365091919899 0 0.5893776267766953
