1863.216840609908 0.5306448712944984 180.6607396751642 4.91739110648632 0 9.170550018548965 1306.857380591333 1070.097547456622 13.82493905723095 57.51549692451954 3.254821464419365 0.5499624982476234 1.492827318608761 5531.63761022687 0.4025928303599358 1.143648393452168 245.6217529401183 1.327751956880093 29.21375139057636 4.84074779599905 506.8406590297818 3.045804567635059 880.3599733784795 46.57623758167028 2.567494429647923 34.29657652229071 22.37918777763844 73.75020319223404 4645.669817753136 5543.705390959978 0.07935616374015808 3.141225688159466 84.01216078549623 160.8534847870469 5.390071175992489 99.28973499685526 9.477576896548271 92.10730085521936 24.62231024354696 5.778152175247669 0.671211414039135 0 0.4881123900413513 0 0 0.7751426845788956 0 0 0 0.724632740020752 0 12.76316452771425 0.2095639407634735 0 1.425543189048767 0 0.1047849580645561 0 4.383285358548164 0.09511172771453857 0 0 0 3.698543757200241 2.391388297080994 0.2692473977804184 17.72912502288818 0 0.212788924574852 2.139513045549393 23.7335088327527 0.1592517048120499 7.17332585901022 0 0 0 0 0.5139738321304321 15.85364888608456 0 0.5691001266241074 0.5174299776554108 0 0 2.321865320205688 0
0.5306448712944984 398.4028406515718 28.83189704269171 0.2175590097904205 0.1588419228792191 0.1044869050383568 19.19854043424129 4.273151703178883 550.8602678179741 1.45405251532793 67.93303550034761 3.463954158127308 643.7485800683498 3.156614266335964 5.422467596828938 696.4424578100443 141.1447889581323 5.71877421438694 9.209853656589985 0.1046374961733818 40.25959657132626 2465.242579825222 111.197099506855 1280.421861663461 1006.191346362233 544.7001369446516 9798.009269230068 104.0361199378967 4.729827545583248 18.47303446382284 6.004368178546429 0.742983914911747 2.049122154712677 155.1396285444498 0.4731004983186722 102.981605604291 124.1865982413292 594.0741800367832 54.45549228042364 5.269478924572468 0.447968453168869 212.6681288480759 0 0.3791471570730209 205.5753288716078 133.2395099177957 0.1077794879674911 0 0 3.779712744057178 0.4876767694950104 1.94921438395977 0.07774213701486588 7.524017177522182 0 22.74826688319445 2.622136250138283 0 7.803118363022804 70.4596489444375 8.858983308076859 62.92570221424103 0.08399522304534912 0.6772569492459297 12.73953126370907 6.0177848264575 6.975940309464931 14.21763718128204 724.4237182512879 1934.130885861814 3.918068267405033 1.077468104660511 0.8194783627986908 4.253457106649876 0 0 11.53386059403419 0.19956074655056 41.18851791322231 30.04973721504211 62.77279930561781 8.792427040636539 0.6115174740552902 0 1.247743338346481 0.1901968568563461
180.6607396751642 28.83189704269171 5453.129149466753 17.98990654945374 0 30.15631275624037 2000.779106475413 620.1501980796456 19.0045812651515 101.4385583102703 12.55170542001724 1.283457562327385 2.531515672802925 825.8545930609107 0.2565299719572067 12.93326123803854 5910.198230475187 8.327470146119595 171.2858223319054 2.467988543212414 1262.966381125152 7.514334633946419 11026.9762166217 659.7094023600221 1.565611332654953 3789.073131501675 2616.819392241538 1119.369742751122 49.89008133113384 593.165987379849 0.1196848899126053 1.16574714332819 6.094997242093086 945.9311707690358 58.19203589111567 2932.703992642462 1160.363643229008 2701.571698904037 974.0411218777299 100.3919508904219 5.531731635332108 3.354577273130417 14.9414290189743 0.5959475859999657 86.59616052359343 577.5328937396407 0.1445249021053314 0.1269298195838928 0.1536401659250259 9.115598253905773 0.3599840775132179 7.559149213135242 0.1187836825847626 0.6398515328764915 0 0 3.140681110322475 0 24.6883384808898 76.0325617864728 1.559500522911549 29.06749374419451 0 3.93045037984848 24.74233327805996 76.040297485888 19.98491564393044 0.3750292435288429 279.9942526072264 1802.247115522623 18.68970102071762 0.9936288744211197 6.313808359205723 0 0 0.8497596681118011 23.18386189639568 6.901746869087219 79.33656499534845 19.01288099586964 67.92764919251204 12.16743247210979 1.928811743855476 0 3.368471443653107 0.3576698303222656
4.91739110648632 0.2175590097904205 17.98990654945374 555.1526137590408 0.7438732236623764 167.2903915643692 172.4392377436161 88.24123506247997 595.789217248559 2083.347119532526 2.792689807713032 927.6160397455096 1.52551393955946 92.30635893344879 13.45933066308498 0.2122608423233032 1.097239792346954 1.822431094944477 2.448247209191322 1130.892985381186 4.29183055460453 0.4382264614105225 2.944096922874451 811.5296518951654 1.581687673926353 4.037580162286758 8.382909268140793 2386.969179533422 127.0371860712767 1.354469560086727 0 7.393894903361797 1.102163322269917 64.86583963036537 7.965430982410908 270.2695894762874 8.497894652187824 136.6474501416087 26.39610467851162 55.62176111340523 22.40635947883129 1.33872839063406 4.238829731941223 0.2634416520595551 0 0 59.34342679381371 0.2096486389636993 11.38553080707788 124.9817059934139 2.690271101891994 109.8664174154401 133.1858814880252 0.6429740935564041 66.70229405164719 0.3347230032086372 3.018431387841702 14.2980979681015 0.3989305198192596 0 0.2078143730759621 0.144014298915863 32.04297461360693 0 0.7541860938072205 0.2134069427847862 220.7250953912735 0 0.3595871478319168 1.565417185425758 121.5782291069627 2.482488006353378 0.3231558054685593 0 0.2393741011619568 0.2448460012674332 2.385559521615505 0.1300150752067566 38.99917153269053 0 3.696810677647591 2.572568394243717 126.9099733680487 0.9316135942935944 0 0.8705833256244659
0 0.1588419228792191 0 0.7438732236623764 0 125.6203683316708 2.099363684654236 200.1769093051553 58.54687030613422 4.716220207512379 12.38082621246576 26.49564325064421 14.32308815419674 2.271335408091545 1000.219247505069 0.1660084426403046 0.09305056184530258 2.094263181090355 1.891444705426693 1.712693206965923 0.1111603677272797 0.1269617080688477 0.7188197672367096 3.661159723997116 1.141903132200241 1.86070155352354 0.7466098144650459 0.4530869126319885 1.441716395318508 0.2081103101372719 0.5583717152476311 228.8336482569575 0 56.14310874044895 1.166537165641785 24.42746394127607 8.213930174708366 126.2812127768993 14.92831414937973 1187.013008102775 25.28622396290302 8.048256069421768 2.239435777068138 0 0 0 0 0 0 0 0 0 0 0.1810849606990814 0 0 0 0 0 0 0.131988063454628 0 0 0 0 0 0.3465007767081261 0 0 0 0.1563526839017868 0 1.159894704818726 0.1963515281677246 0 0 0 0 0 0.8034171462059021 0 0 0 0 0 0
9.170550018548965 0.1044869050383568 30.15631275624037 167.2903915643692 125.6203683316708 8828.109140634537 3186.707704808563 7475.590643912554 78.04743537306786 8990.561123132706 87.31756445765495 2802.53382691741 76.377691231668 912.5797910392284 1862.352196492255 0.3902910351753235 4.875117637217045 19.30287215858698 20.61306393891573 634.5140376836061 18.5305632352829 0.7363906651735306 17.93937866389751 158.6249246373773 4.436158634722233 38.58846665918827 22.0321137830615 441.2109308466315 747.1980986371636 12.33362797647715 5.200883887708187 605.4755137786269 3.077038682997227 589.8589643239975 29.75142955034971 501.3166057094932 71.42102095484734 758.6369544491172 242.3075276166201 2218.890583790839 542.0524411350489 38.08660513907671 10.24608878791332 0.1474736481904984 0.1698266714811325 0 16.43185243755579 0 0.8764678239822388 25.65684919804335 0.2230339422821999 14.30027099698782 7.692611590027809 1.468722365796566 4.266581289470196 1.808701582252979 0.873561218380928 3.231212496757507 0.3596220761537552 0 0.1457475423812866 0.1327569484710693 3.221200965344906 0.1702928841114044 0.499967634677887 0 44.41705743968487 0.2750900238752365 0.8113040402531624 2.025607295334339 30.7945513650775 0.5459514260292053 4.783335596323013 0.3964973837137222 0 0 0 2.333456695079803 9.484301596879959 1.7502845749259 0.9274644330143929 0.4650595784187317 15.18554596602917 0 0 0
1306.857380591333 19.19854043424129 2000.779106475413 172.4392377436161 2.099363684654236 3186.707704808563 16812.3902496919 2947.404509812593 629.4738950133324 5227.214730076492 21.19106432795525 63.72004883736372 14.97118596732616 4164.369973212481 14.57616020739079 18.47496788203716 119.8977478295565 8.291940554976463 18.65828637033701 26.88605234771967 1731.28563336283 50.47081047296524 1285.76227197051 1981.838143371046 7.848916120827198 138.4206347689033 614.5082104355097 12152.51698249578 2586.589743472636 8359.619173489511 1.178510814905167 36.1745764836669 300.2139491513371 941.5161173865199 223.2654766365886 4689.312693595886 126.6997758597136 1844.468717113137 609.470521710813 330.2036147192121 162.4580273777246 11.37061135470867 40.75742711126804 5.189836978912354 3.220647424459457 8.627710171043873 40.02758219838142 0.5121179670095444 10.93151293694973 410.8062591552734 7.690591253340244 483.5088140666485 92.61269218474627 2.563727796077728 19.71749538183212 0.910385362803936 11.51787093281746 7.63037945330143 31.91591047495604 1.584577761590481 0.2825828641653061 0.9908854588866234 24.85528327524662 14.5513459444046 16.37124146521091 14.50082290917635 856.4637363106012 0.4649982005357742 3.601130865514278 35.89638349413872 597.3668791428208 18.85543165355921 118.0529483109713 0.2090078517794609 0 3.728089347481728 10.59507364779711 8.376548729836941 147.1539905667305 3.029969349503517 23.80507817864418 15.7056759595871 84.31626236438751 0.9639894962310791 0.8091415762901306 2.964711517095566
1070.097547456622 4.273151703178883 620.1501980796456 88.24123506247997 200.1769093051553 7475.590643912554 2947.404509812593 20050.6026269123 77.57926192134619 3143.522565156221 184.8953429684043 453.2212978824973 105.9976324737072 9728.07134835422 517.9739654362202 2.868290796875954 293.425884231925 48.45201193541288 101.9678572192788 542.5773767456412 510.3517493158579 6.7419698163867 836.2996621951461 256.6974961534142 11.68623474985361 176.6265644133091 139.7232874184847 232.9548264369369 1295.360850844532 1243.920996949077 10.27127734571695 1152.979166902602 6.097940109670162 965.6466783583164 21.57903522998095 719.6144529506564 128.2805904299021 1194.009064435959 328.9540644139051 1563.965216189623 722.4923125803471 59.1323674172163 14.19943229854107 0.4754841774702072 0.6712756380438805 1.793267711997032 5.586372084915638 0 2.021133281290531 71.16934306919575 1.425388194620609 69.50507795810699 10.43802633881569 1.578043669462204 1.849008210003376 8.033447742462158 1.72741474211216 1.139012314379215 14.10715524852276 0.2841573357582092 0.2815503180027008 0.2130580544471741 1.937295444309711 10.8069703578949 12.77777844667435 2.919100686907768 151.6573281735182 0.8967223912477493 2.504415810108185 8.027022190392017 135.3534911572933 6.425305142998695 53.28857688605785 0.8683865517377853 0.5859841704368591 1.11216227710247 2.137423053383827 1.713310420513153 41.07413274049759 4.254214763641357 5.295848578214645 2.178704470396042 19.42277760803699 0 0.7049483507871628 0
13.82493905723095 550.8602678179741 19.0045812651515 595.789217248559 58.54687030613422 78.04743537306786 629.4738950133324 77.57926192134619 1304.626947924495 434.8604859486222 3.887877441942692 897.4111301153898 36.97120024263859 44.91594924032688 839.0943931341171 128.577022023499 1.652347207069397 1.292395554482937 0.8731561452150345 457.3713486492634 137.5871333926916 2509.505608864129 32.05678472667933 9749.622320756316 102.4342037960887 23.57183282822371 317.758597150445 1512.570838868618 61.87847569584846 365.2632694169879 1.388351745903492 1.981701880693436 6.120051860809326 18.85153022408485 5.579888917505741 244.6031707674265 21.81078308075666 39.9394106566906 22.78816585242748 283.3621183410287 8.71971932053566 9.324048653244972 0.3403736501932144 5.698493853211403 1.520836994051933 4.813744120299816 130.6885087192059 2.048114225268364 20.6207864433527 182.7940345034003 6.340756632387638 217.9161349385977 174.3341751694679 1.269820660352707 118.9537120833993 1.336166426539421 8.463233128190041 38.45758138597012 240.9348062425852 1.364284679293633 0.2449314147233963 1.895984262228012 75.69671934098005 157.5029540136456 98.32806757837534 70.54504581540823 1133.546325534582 0.8218793869018555 5.129399336874485 23.94264417141676 493.7849333956838 25.78619671612978 121.684264972806 0.1132192388176918 0.3350315988063812 9.166609883308411 12.56377788633108 5.70917035639286 182.0654706209898 13.07403088361025 23.1990682631731 11.29630111902952 243.5804864913225 1.386911705136299 0.5746116489171982 0.5106374621391296
57.51549692451954 1.45405251532793 101.4385583102703 2083.347119532526 4.716220207512379 8990.561123132706 5227.214730076492 3143.522565156221 434.8604859486222 21689.43878049403 48.09052529931068 3665.692489735782 19.0498790666461 1399.380377441645 94.84667821228504 0.2389186099171638 8.527326695621014 22.25638882815838 28.45086236298084 2037.332979172468 36.00837241113186 0.9182835146784782 29.44715150073171 804.2899769544601 3.182004772126675 56.93805633485317 44.53523354977369 3278.027082584798 1342.045495338738 18.26677539944649 3.470608338713646 111.698077827692 17.5308982282877 569.3929749727249 29.34677124023438 1310.883059591055 53.89790579676628 983.9746067598462 155.7260846719146 362.6550974994898 129.8923536166549 8.194176629185677 17.22402228415012 1.153640180826187 0.5060103535652161 0.219428725540638 139.8273503482342 0.2869082391262054 12.11858452856541 193.4660349711776 5.255928687751293 152.5378141477704 193.0399168729782 0.9115436673164368 78.99494600296021 2.250303238630295 4.547678679227829 20.3931979611516 1.614836692810059 0.3750730976462364 0.599248506128788 0.6439005434513092 57.58383879810572 1.395022667944431 1.364689715206623 0.7438001334667206 345.7569389268756 1.168375462293625 0.7460966259241104 4.15617398172617 170.3265391290188 5.496368825435638 7.436929538846016 0 0.5667719841003418 0.8323452100157738 2.579246997833252 1.544684797525406 36.80508814007044 0.5061508119106293 7.307311303913593 4.315858140587807 113.3706892877817 0.460144005715847 0 0
3.254821464419365 67.93303550034761 12.55170542001724 2.792689807713032 12.38082621246576 87.31756445765495 21.19106432795525 184.8953429684043 3.887877441942692 48.09052529931068 11327.36749912053 8.204272106289864 2201.803720355034 234.0593601092696 4.919256307184696 3.009542606770992 604.5748687162995 5051.56330614537 2620.863134905696 15.97249253094196 11.37033842504025 14.82964446395636 25.96405994147062 10.17994856089354 454.6888305470347 3120.542788438499 1950.102810069919 7.462769761681557 177.9738234058022 11.20021507143974 709.7624735236168 154.2971433848143 1.853999689221382 5588.000366359949 4.469038590788841 175.2979900687933 2116.781975738704 1467.766648247838 230.7842205837369 31.15449974685907 19.25914149731398 627.622904792428 2.004552528262138 0.1093541011214256 11.45407566428185 0 0.6092833131551743 0 0.09489689022302628 0.489218458533287 1.35677145421505 1.691328711807728 0.08482443541288376 479.7362025529146 0.07774848490953445 1150.931801728904 3.196988917887211 0 0 0.09879312664270401 47.74125292897224 2.65251050889492 0 0.1942455172538757 0.4199094027280807 0.2883723080158234 2.253182157874107 268.8181676492095 98.2900028526783 155.6963355243206 1.012778788805008 1.963923238217831 0.20247483253479 79.36727873980999 1.964164480566978 0 25.57567889243364 0 1.853039897978306 131.4512958675623 47.13510486483574 2.207037478685379 0.152424156665802 0 185.2892928048968 0
0.5499624982476234 3.463954158127308 1.283457562327385 927.6160397455096 26.49564325064421 2802.53382691741 63.72004883736372 453.2212978824973 897.4111301153898 3665.692489735782 8.204272106289864 4954.765917792916 7.860684528946877 112.2595260962844 1331.318935103714 0 0.8582387007772923 4.083135537803173 3.713912636041641 3143.871454440057 0.6084489449858665 13.08625317364931 0.672712430357933 250.4854672849178 5.448028691112995 8.432612046599388 4.946433089673519 437.2100767493248 104.4895978197455 0.736844465136528 1.046242654323578 33.83253322541714 0.08595895022153854 44.01596733182669 0.8774262964725494 470.3904285132885 7.238489203155041 63.48848031461239 15.3602132499218 728.1074890345335 15.49370869249105 1.351374074816704 1.259557381272316 0 0 0 115.2885357514024 0.5828932672739029 8.821153029799461 57.8912952914834 3.494492992758751 164.4773081839085 149.5154131427407 0.7070449441671371 129.8795042037964 0.2183525934815407 0.5244392603635788 31.66895560920238 0.128251388669014 0 0.1111916899681091 0 44.66723717004061 0 0.3212621361017227 0 120.7385558411479 0.1184459328651428 0.3125583827495575 0 63.30681729316711 0.4916054904460907 2.419846892356873 0 0.2150021493434906 0 0 0 90.86476888507605 3.152882128953934 3.148980170488358 0.7204633504152298 290.4875122755766 0 0 0.8012118339538574
1.492827318608761 643.7485800683498 2.531515672802925 1.52551393955946 14.32308815419674 76.377691231668 14.97118596732616 105.9976324737072 36.97120024263859 19.0498790666461 2201.803720355034 7.860684528946877 2354.175568729639 51.6886174082756 2.154665686190128 25.94605217128992 2.371405981481075 81.47773230075836 3.677890785038471 5.14952390640974 8.011721402406693 180.3262985944748 11.12639323621988 60.5105404779315 3222.504355996847 74.58400321751833 3504.158928498626 15.31684007495642 48.57490538060665 20.68421805649996 742.5211306288838 81.50458473712206 1.256767898797989 1135.312514215708 57.88587668538094 1330.890967920423 1658.447859466076 2856.464854232967 248.8645510971546 67.92656221985817 295.3174050822854 620.4648684635758 13.52765209972858 0 44.79640318453312 0.5811600461602211 0 0 0.3731291964650154 0 1.90826827287674 1.153442069888115 0.1461851298809052 602.2953304499388 0.06353776901960373 1635.645831458271 3.336430169641972 0 1.923717215657234 0.5010923147201538 80.40849710255861 4.164231732487679 0 0.7717069387435913 8.396014675498009 1.92056143283844 3.260205999016762 836.9279288798571 157.5773588269949 288.8727845698595 0.4864508882164955 1.431173838675022 0.5468382686376572 145.0996755361557 0.8277623429894447 0 16.13341344147921 8.040212422609329 173.3664825484157 133.9128789305687 40.08241815119982 1.131025433540344 12.1209849640727 2.252702474594116 114.5745959728956 0
5531.63761022687 3.156614266335964 825.8545930609107 92.30635893344879 2.271335408091545 912.5797910392284 4164.369973212481 9728.07134835422 44.91594924032688 1399.380377441645 234.0593601092696 112.2595260962844 51.6886174082756 11653.22653669864 19.01052030920982 0.7462024986743927 497.9409978240728 82.43493920564651 195.3051046282053 359.3109313622117 1034.25524174422 5.852985642850399 1664.57034534961 201.3526437580585 8.766496494412422 295.957263045013 193.0725565478206 269.5696461796761 6255.701769761741 3974.717162616551 13.16907829791307 644.3168090283871 21.95691955089569 2479.932504326105 18.04541848599911 438.0862524807453 101.8567399978638 1043.685773037374 117.5426061749458 190.5466438308358 49.89399072527885 12.34586377441883 4.802293926477432 0.6597210243344307 0.2449149489402771 1.834860973060131 2.491693064570427 0 0.3063425719738007 25.3272682800889 0.6696645021438599 37.11963219195604 7.906127668917179 2.760534040629864 0.4949342906475067 5.993345491588116 1.007369235157967 0.7016712576150894 9.017424635589123 0.1754681318998337 0.3395844548940659 0.3475092649459839 1.1771210283041 11.37447192519903 10.38618443906307 3.761639483273029 81.56527011096478 2.111725568771362 5.620903730392456 9.632097572088242 67.0779325813055 2.541446879506111 33.31704612821341 1.858885273337364 0 0.8773944079875946 0.458187147974968 1.811538808047771 24.95071061700583 1.170248657464981 3.047880485653877 3.727446377277374 5.736352406442165 0 0.1679851710796356 0
0.4025928303599358 5.422467596828938 0.2565299719572067 13.45933066308498 1000.219247505069 1862.352196492255 14.57616020739079 517.9739654362202 839.0943931341171 94.84667821228504 4.919256307184696 1331.318935103714 2.154665686190128 19.01052030920982 627.5492376983166 0 0.09809708595275879 1.707262508571148 1.150307215750217 123.3302529677749 0.1156044602394104 34.83879955857992 0.08748161792755127 645.5666214749217 0.6325758174061775 2.413511678576469 4.578878499567509 20.49798400700092 53.21620412170887 0.1713995784521103 0.3317430838942528 337.0191717520356 0 22.22195510566235 5.293327875435352 190.6997369304299 2.543031871318817 39.41706915944815 10.55706960707903 1013.0138823241 92.49316474795341 0.8065799623727798 0 0 0 0 3.065092101693153 0 1.379442632198334 1.438139900565147 0 8.281499221920967 6.846019491553307 0.3492818474769592 10.9565003067255 0 0 0.8301466107368469 0.1957844644784927 0 0.1256298124790192 0 0.2284238189458847 0.5910697132349014 0.9236789047718048 0.1718953549861908 8.088013708591461 0 0.1205281615257263 0 5.477457463741302 0 2.438857227563858 0 0 0 0 25.1841179728508 7.568473398685455 0 2.902798414230347 3.770210444927216 23.96998968720436 0 0 0
1.143648393452168 696.4424578100443 12.93326123803854 0.2122608423233032 0.1660084426403046 0.3902910351753235 18.47496788203716 2.868290796875954 128.577022023499 0.2389186099171638 3.009542606770992 0 25.94605217128992 0.7462024986743927 0 1253.56346924603 6.847689747810364 0.689990796148777 2.418749466538429 0 3004.527311839163 2257.623448140919 3902.498247876763 2790.672912172973 74.46695441752672 26.49916860461235 2816.088838681579 1460.727923065424 3.766294412314892 15.367720477283 0.7867801263928413 0.7093119621276855 1.219677798449993 34.51818741112947 39.54487524181604 1082.591527968645 441.1429744586349 152.0508498251438 227.5456511676311 23.62044739723206 3.599633291363716 6.012888379395008 7.158497884869576 0.2121621444821358 10.56279790401459 37.83614932745695 0 0 0.3619594350457191 15.94375193119049 0.3218656033277512 11.42498194426298 1.320901334285736 0.3991838023066521 0.2554854154586792 1.779710009694099 0.9531596302986145 0.929502546787262 1685.426520735025 0.6622763499617577 0 0.8961424976587296 0 101.6554390862584 912.5111867040396 760.1312441080809 53.64080087840557 0.9314808323979378 9.584347866475582 405.2371243834496 69.78903893381357 1.870524279773235 21.13868134468794 0 0 0.8786771893501282 6.007357694208622 2.335627481341362 169.2168620824814 4.202639654278755 13.88254498690367 7.857354253530502 11.00779548287392 0 3.511064946651459 0
245.6217529401183 141.1447889581323 5910.198230475187 1.097239792346954 0.09305056184530258 4.875117637217045 119.8977478295565 293.425884231925 1.652347207069397 8.527326695621014 604.5748687162995 0.8582387007772923 2.371405981481075 497.9409978240728 0.09809708595275879 6.847689747810364 1183.550900623202 132.1579692512751 2938.277463801205 1.392000623047352 366.8430398330092 1.620041579008102 4296.070267632604 57.80336479097605 3.793173655867577 7155.480961658061 3700.926533386111 34.42380499839783 204.9198969006538 507.0769614651799 0.3000897914171219 2.004083678126335 31.60351166129112 2592.558506064117 14.06483428925276 901.8572230488062 836.4410033002496 1123.623511902988 351.5488375201821 26.16240532696247 1.5579988732934 0.3308715224266052 3.131901353597641 0.4744170755147934 30.51278804242611 15.30351787805557 0 0 0 1.214630208909512 0 0.8535741120576859 0 0.79158915579319 0 0.6805704310536385 0.7975357323884964 0 1.521965034306049 20.43131831288338 2.515773981809616 39.99826525896788 0 0.3339409232139587 1.435960672795773 1.236726202070713 2.688944302499294 3.175030954182148 313.8665184006095 431.5823635756969 1.947708144783974 0.2592188641428947 0.9878402352333069 1.348478063941002 0 0.2177069634199142 3.266974173486233 0.1102568358182907 16.48907057195902 7.515486739575863 13.15229880809784 2.23470164835453 0 0 1.700787425041199 0.1119556427001953
1.327751956880093 5.71877421438694 8.327470146119595 1.822431094944477 2.094263181090355 19.30287215858698 8.291940554976463 48.45201193541288 1.292395554482937 22.25638882815838 5051.56330614537 4.083135537803173 81.47773230075836 82.43493920564651 1.707262508571148 0.689990796148777 132.1579692512751 156.3305275291204 787.4986223131418 6.943266443908215 2.545949347317219 2.105226956307888 9.250933684408665 4.128313049674034 58.513303630054 3150.476844809949 620.0244782492518 1.667325884103775 38.68301758915186 4.544197641313076 143.9170100539923 25.93689212203026 0.1901801824569702 896.7529408633709 4.862953841686249 243.5085107088089 1126.023005396128 722.4372739568353 221.6916993334889 10.94401960074902 3.515879891812801 30.63553497195244 2.629778556525707 0 4.809886120259762 0 0 0 0 0.5730013325810432 0 0 0 32.68095861375332 0 155.5510169863701 0.3564423173666 0 0 0 61.11483653634787 3.518709294497967 0 0 0.256025493144989 0.1098180040717125 0.4347231611609459 35.07554173469543 152.4031679555774 239.573859423399 0.3564731627702713 0.1129064634442329 0 38.89580491930246 0 0 0.5648933276534081 0 3.87935920804739 7.230084866285324 2.781308345496655 0.3991551399230957 0.1027849316596985 0 1.459197871387005 0
29.21375139057636 9.209853656589985 171.2858223319054 2.448247209191322 1.891444705426693 20.61306393891573 18.65828637033701 101.9678572192788 0.8731561452150345 28.45086236298084 2620.863134905696 3.713912636041641 3.677890785038471 195.3051046282053 1.150307215750217 2.418749466538429 2938.277463801205 787.4986223131418 2333.015511095524 9.865365818142891 53.48821884393692 0.9247043952345848 293.6807395070791 10.59163094311953 14.44194112718105 3316.266078963876 631.6756195649505 5.825780890882015 122.2888693027198 81.15297082066536 2.954407714307308 14.81834916770458 13.77764486521482 3660.722467057407 6.862428300082684 655.425655439496 1094.968768037856 1323.551547378302 376.0558677092195 15.99097740650177 1.103972494602203 3.082875803112984 3.276458770036697 0 19.46316377818584 0.8362219631671906 0.1346044987440109 0 0.147649273276329 0 0 0.7908651158213615 0.1838051006197929 2.265959188342094 0 20.79394444823265 0 0 0 0.8357865288853645 24.40572436898947 17.25582997500896 0 0.1423783451318741 0.1459578275680542 0.155823141336441 1.730629026889801 11.78626886755228 267.1881442070007 234.7140700295568 0.639176219701767 0.1154283881187439 0.2124735563993454 11.47297367453575 0 0 1.391518160700798 0 6.099460370838642 5.735433250665665 4.925496354699135 0.5218369364738464 0 0 1.890863478183746 0.1683265715837479
4.84074779599905 0.1046374961733818 2.467988543212414 1130.892985381186 1.712693206965923 634.5140376836061 26.88605234771967 542.5773767456412 457.3713486492634 2037.332979172468 15.97249253094196 3143.871454440057 5.14952390640974 359.3109313622117 123.3302529677749 0 1.392000623047352 6.943266443908215 9.865365818142891 372.9027064219117 1.296339593827724 0 1.319639310240746 354.8957649990916 0.3298651576042175 14.8491487801075 7.791522555053234 1049.844145707786 328.086561255157 1.53825680911541 1.237740501761436 30.91993150115013 0.6660850420594215 165.1438226550817 5.893489643931389 359.3615497797728 14.52053882926702 280.4556364938617 43.7521340623498 269.1384080946445 41.26014943420887 2.645390711724758 5.484471708536148 0 0 0 28.96733888238668 0.9468842744827271 5.288170546293259 46.48963472247124 2.473032869398594 52.80589457601309 41.10380858927965 0.2813340127468109 24.35617319494486 0.8390099033713341 0.8513639122247696 12.9695205539465 0.2617118060588837 0 0.2280692383646965 0 15.03238850831985 0 0.4476161003112793 0 86.69849820435047 0 0.4377189576625824 0.315744623541832 53.80033472925425 1.525154784321785 0.8658954799175262 0 0 0.2861335128545761 0.2751268446445465 0 24.51207285374403 0.513638824224472 1.965705081820488 0.3583773076534271 66.5534056276083 0 0 0
506.8406590297818 40.25959657132626 1262.966381125152 4.29183055460453 0.1111603677272797 18.5305632352829 1731.28563336283 510.3517493158579 137.5871333926916 36.00837241113186 11.37033842504025 0.6084489449858665 8.011721402406693 1034.25524174422 0.1156044602394104 3004.527311839163 366.8430398330092 2.545949347317219 53.48821884393692 1.296339593827724 11081.80504697561 203.4623047560453 11923.19999308884 518.4554809853435 10.21621254831553 52.45529737323523 875.1990491226315 4955.322016082704 263.272550471127 9652.660230964422 0 1.083852797746658 63.59830988943577 3452.715482950211 358.3245688304305 6487.689436152577 797.5490175038576 3450.418447956443 2425.387420579791 174.5635562986135 18.96089174598455 5.332492366433144 57.19368297606707 0.507501557469368 1.962161935865879 6.476751424372196 0.1983459144830704 0 0.2063023671507835 8.521536454558372 0.7927226275205612 30.75961338728666 0.3787740170955658 0.7024694681167603 0.6022239923477173 2.722284078598022 0.4453883171081543 0 261.2811289057136 0.1340040266513824 0 1.806607700884342 0 112.9520996883512 246.5471751689911 77.2631848603487 85.85888615250587 0 5.92344755679369 40.96476450562477 108.9660665988922 7.484278090298176 53.58756051212549 0 0 3.03458160161972 9.781501196324825 18.25508383661509 178.5348557904363 4.540704265236855 10.63851169496775 5.887957625091076 6.823865406215191 0 1.959612667560577 1.038968443870544
3.045804567635059 2465.242579825222 7.514334633946419 0.4382264614105225 0.1269617080688477 0.7363906651735306 50.47081047296524 6.7419698163867 2509.505608864129 0.9182835146784782 14.82964446395636 13.08625317364931 180.3262985944748 5.852985642850399 34.83879955857992 2257.623448140919 1.620041579008102 2.105226956307888 0.9247043952345848 0 203.4623047560453 727.7176304236054 426.5171761512756 5959.715871058404 455.4379508793354 69.09078416228294 2475.497351691127 345.0201725289226 7.959851138293743 47.76362310349941 1.837967313826084 0.9175854623317719 0.2173598557710648 14.58183617889881 0.355758860707283 21.65485489368439 12.1971545740962 21.77967317402363 9.527965478599072 28.43941397964954 4.265049524605274 39.92666677385569 0.2379694730043411 0.2327080592513084 14.89104830473661 70.93570876121521 0.596607893705368 0 0 11.45377831161022 0.09708254039287567 20.59415590018034 0.6496894508600235 2.432385869324207 0 3.313415847718716 0.7871332243084908 1.591177821159363 935.4466872885823 3.750237956643105 0.6334417760372162 0.9989297017455101 0 52.58761348575354 59.4561163559556 315.0029190257192 50.80405634641647 7.252574756741524 15.72296913713217 720.7029810845852 28.06951433420181 0.9080010950565338 12.36722715944052 1.008015014231205 0 0.9058321490883827 7.388935960829258 2.685868054628372 36.72689370810986 4.914580017328262 19.74998702853918 8.300622001290321 6.251012809574604 0 10.94718194007874 0.7445608526468277
880.3599733784795 111.197099506855 11026.9762166217 2.944096922874451 0.7188197672367096 17.93937866389751 1285.76227197051 836.2996621951461 32.05678472667933 29.44715150073171 25.96405994147062 0.672712430357933 11.12639323621988 1664.57034534961 0.08748161792755127 3902.498247876763 4296.070267632604 9.250933684408665 293.6807395070791 1.319639310240746 11923.19999308884 426.5171761512756 16785.27485293895 561.0818377658725 12.98396477848291 834.0398458838463 9332.496542781591 2771.123128525913 398.68057975173 3219.979450620711 0.2335700541734695 5.422308079898357 69.66040193289518 4022.496364310384 407.6866963878274 11764.24636769295 5984.960162222385 7481.805829152465 6452.846554473042 389.2636315599084 24.78619059175253 13.48452255129814 87.03348086029291 0.5757962986826897 11.31069499254227 275.318628795445 0.1354340761899948 0 0.1001782491803169 34.83604580163956 0.2459029406309128 11.76059122383595 0.9845971986651421 0.323666051030159 0 1.311528727412224 1.592164501547813 0 1781.98974917084 9.430145852267742 0.1031087562441826 4.97371943295002 0 57.44710123538971 565.6322865188122 967.9262952581048 36.18013034015894 0.4327611103653908 23.99250526726246 1166.881530284882 42.52465373277664 1.361229166388512 14.06598886102438 0 0 1.575441136956215 9.851578265428543 20.06547059118748 128.4710971191525 9.92242293804884 25.03705620765686 16.56560559570789 5.854923069477081 0 0.3562427461147308 1.014885604381561
46.57623758167028 1280.421861663461 659.7094023600221 811.5296518951654 3.661159723997116 158.6249246373773 1981.838143371046 256.6974961534142 9749.622320756316 804.2899769544601 10.17994856089354 250.4854672849178 60.5105404779315 201.3526437580585 645.5666214749217 2790.672912172973 57.80336479097605 4.128313049674034 10.59163094311953 354.8957649990916 518.4554809853435 5959.715871058404 561.0818377658725 9390.566565036774 149.8327126950026 221.3931755647063 4132.738571077585 8449.191119112074 433.0925787463784 435.9567806273699 1.099836349487305 14.40163971483707 41.09338258951902 221.6742627471685 82.28026427328587 2613.976920485497 151.9054596349597 547.9089843183756 239.760824225843 469.6940034106374 52.46786706894636 18.04067894071341 18.32905208319426 7.90815082192421 30.26330625265837 59.32968824356794 242.9446446448565 1.677323788404465 40.76663148403168 881.9849198907614 28.25120168924332 1827.936024345458 395.2595629617572 3.32243649661541 159.3422510549426 1.44447685778141 31.30187307298183 41.15832213312387 309.4645280241966 6.741913095116615 2.416331715881824 6.323641315102577 162.9228109642863 141.7363367080688 260.1400738433003 132.1591876894236 2449.487093560398 0.9998828247189522 22.06235822290182 306.74091771245 1688.591188490391 57.6216746121645 398.9850411862135 0.09397438168525696 1.132956013083458 12.20290613174438 30.21508887410164 12.1428846642375 434.4641864150763 14.73565099388361 69.68739296495914 34.91641702502966 340.7798002660275 4.517676949501038 9.750444620847702 1.95063029229641
2.567494429647923 1006.191346362233 1.565611332654953 1.581687673926353 1.141903132200241 4.436158634722233 7.848916120827198 11.68623474985361 102.4342037960887 3.182004772126675 454.6888305470347 5.448028691112995 3222.504355996847 8.766496494412422 0.6325758174061775 74.46695441752672 3.793173655867577 58.513303630054 14.44194112718105 0.3298651576042175 10.21621254831553 455.4379508793354 12.98396477848291 149.8327126950026 426.5963469818234 726.4946046322584 6150.320480443537 35.75449746102095 12.96839947253466 36.37445475161076 191.770144470036 6.922753848135471 0.2784633040428162 285.3806987255812 5.484407536685467 761.8312343731523 163.431448251009 625.1892173960805 56.09892785549164 61.92109090834856 56.16788034886122 581.5074625611305 1.969888091087341 0 43.81781079620123 0.4197835028171539 0 0 0.1743671745061874 0.1084756925702095 0.09574886411428452 17.05463510751724 0.1982077807188034 110.7833727747202 0 364.4588887840509 0.8020874112844467 0 20.91459552943707 0.5187879800796509 58.77175745368004 8.014266334474087 0 2.588303685188293 12.13346867263317 1.640568494796753 1.319938026368618 97.9299393594265 375.9372390657663 713.7407058998942 1.867024786770344 0.1420224457979202 0.2591364979743958 53.20508975535631 0.1453867256641388 0 4.55867575109005 0 383.7071255296469 26.00457955151796 16.43042204529047 1.455455809831619 24.60737133026123 0 28.96604126691818 0
34.29657652229071 544.7001369446516 3789.073131501675 4.037580162286758 1.86070155352354 38.58846665918827 138.4206347689033 176.6265644133091 23.57183282822371 56.93805633485317 3120.542788438499 8.432612046599388 74.58400321751833 295.957263045013 2.413511678576469 26.49916860461235 7155.480961658061 3150.476844809949 3316.266078963876 14.8491487801075 52.45529737323523 69.09078416228294 834.0398458838463 221.3931755647063 726.4946046322584 24355.76638812572 8629.406563140452 64.18695139884949 129.0704298987985 107.6082544177771 110.4699891135097 33.6553298085928 12.84835877269506 2696.296140149236 38.44063154608011 3368.304713912308 5703.66877348721 5250.98177838698 1394.546350166202 66.04063526540995 5.174871295690536 38.54217256605625 10.91050934791565 1.573076374828815 494.1152175217867 29.13164453208447 0.1614238619804382 0 0.1336268335580826 3.281299620866776 1.261312060058117 1.741303384304047 0.9244907572865486 110.0059549808502 0 601.7956077009439 2.622626021504402 0 2.364675171673298 49.35061249881983 382.6441961750388 236.1660827621818 0.1112062782049179 1.368637278676033 3.492377191781998 4.277629129588604 5.881651937961578 417.3555048778653 3092.813894718885 3941.632629744709 3.169140957295895 1.806935288012028 1.944146148860455 168.8465527892113 0.2151490226387978 0.4723316729068756 15.80862087011337 2.317524239420891 64.39826674759388 72.78169236332178 71.57278002053499 13.2498095780611 2.489630997180939 0 4.595424748957157 0.1086900383234024
22.37918777763844 9798.009269230068 2616.819392241538 8.382909268140793 0.7466098144650459 22.0321137830615 614.5082104355097 139.7232874184847 317.758597150445 44.53523354977369 1950.102810069919 4.946433089673519 3504.158928498626 193.0725565478206 4.578878499567509 2816.088838681579 3700.926533386111 620.0244782492518 631.6756195649505 7.791522555053234 875.1990491226315 2475.497351691127 9332.496542781591 4132.738571077585 6150.320480443537 8629.406563140452 27806.51498197019 1959.791885390878 76.112199395895 166.4971177950501 853.2181762307882 21.20879815518856 12.75420258194208 2306.979580916464 105.6128315702081 5652.563758529723 4435.312565945089 6486.382338322699 2250.495819494128 170.3969662338495 6.974346809089184 32.17173188179731 25.59729142487049 5.883655108511448 3105.491771161556 2604.717781275511 0.7352936118841171 0 1.826222904026508 105.8670834079385 6.187729261815548 18.98649656772614 4.841019414365292 197.6017856448889 0.1251979172229767 829.9134808406234 17.09697185456753 0.1151352673768997 866.6011786982417 360.3438186943531 436.1467155963182 449.9019159823656 0 21.549156434834 867.195879034698 877.1406466513872 86.14833126217127 809.5999197438359 5343.817526675761 17089.09780593961 66.9689217954874 10.06675568968058 22.24131740629673 246.7536771371961 0.1906299814581871 2.123078100383282 125.8403699547052 9.713270023465157 440.9976609274745 204.3732442855835 457.0108519867063 88.7146679982543 17.2397868335247 0.2119998782873154 7.224845342338085 2.191381081938744
73.75020319223404 104.0361199378967 1119.369742751122 2386.969179533422 0.4530869126319885 441.2109308466315 12152.51698249578 232.9548264369369 1512.570838868618 3278.027082584798 7.462769761681557 437.2100767493248 15.31684007495642 269.5696461796761 20.49798400700092 1460.727923065424 34.42380499839783 1.667325884103775 5.825780890882015 1049.844145707786 4955.322016082704 345.0201725289226 2771.123128525913 8449.191119112074 35.75449746102095 64.18695139884949 1959.791885390878 16408.83609031141 576.1112437099218 3857.662797741592 0.3666103705763817 11.10454880446196 87.33424928039312 475.4382058084011 232.2680307328701 4435.712039418519 274.4502979815006 1094.360884271562 664.6670832261443 214.5486413836479 56.10703407227993 7.274765536189079 36.14700196683407 7.929115824401379 5.850624486804008 22.02453695237637 89.15513400733471 0.9265106469392776 15.89425783604383 476.5336455106735 13.52324365079403 748.1637837514281 150.7881587073207 1.302258938550949 53.87683643400669 0.8598886057734489 13.00667237490416 18.15554821491241 226.3675663992763 5.090638905763626 0.5746327564120293 2.144481427967548 48.8171471580863 107.6722655147314 107.0959964171052 74.81597389280796 1250.972596757114 0 8.53436528891325 130.1585650295019 1002.886315606534 40.81904139369726 330.1690486371517 0.2201126292347908 0 10.97665371745825 17.62632320821285 7.454646192491055 293.4799226894975 6.662066116929054 37.12268887460232 20.88668894767761 158.8363835960627 0.6049007624387741 3.458125442266464 0.6064872145652771
