1054.761540830135 0.3218047171831131 44.93889190256596 1.526981323957443 1.463587127625942 39.29511743038893 2639.547910958529 552.1035050228238 1.798513397574425 11.52914374321699 8.420129626989365 7.408438980579376 0.2430368885397911 6630.582740798593 0.4347369074821472 0.1731756627559662 37.96417573839426 4.607804916799068 16.85376644134521 2.407540395855904 7.404061168432236 0 24.20018454641104 8.773583441972733 0.1832913160324097 29.25413899123669 15.43497871607542 56.22117705643177 3255.514724716544 1018.456349879503 0.1159986779093742 39.92507869005203 9.873441956937313 111.7914683446288 4.481959030032158 89.04742676019669 7.244448743760586 177.6688779816031 65.07127891480923 8.762831524014473 5.136540584266186 0.4324816316366196 1.256444022059441 0 0 0.5077852010726929 0.2397562265396118 0 0.1151316687464714 3.95044331997633 0.5046610832214355 0.2684487104415894 0.4157396331429482 0 0 0 0.5765465945005417 0 1.955836445093155 0 0 0.6177892535924911 0 2.567457877099514 1.506382703781128 0 17.59171250462532 0 0.8912203386425972 1.392741069197655 17.43991530686617 1.306901976466179 1.481846794486046 0 0 0.1697112917900085 0.1159792318940163 0 5.74814173579216 0.8724598288536072 2.168054550886154 1.037499666213989 0.9745746403932571 0 0 0
0.3218047171831131 131.7513418346643 472.8299248218536 0.10430908203125 0.7683702558279037 1.743907496333122 14.68986883014441 1.393374599516392 413.628177985549 0.1551339477300644 55.66693715751171 3.514072634279728 1240.728520981967 2.62286314368248 17.620919957757 579.4948956519365 725.8554067760706 4.306692317128181 53.07584019750357 0.1312972009181976 23.68140460550785 2524.853171169758 37.60775482654572 701.6140475720167 2376.818764537573 1098.296425886452 11996.01508139074 65.20271170139313 7.804329678416252 12.09725914895535 37.96372490376234 2.965833246707916 0 250.651987940073 1.243811756372452 223.3787135854363 102.9812214002013 320.3533677086234 40.86234268546104 15.12553038448095 0.6574230492115021 140.2258659899235 0.8372723162174225 0 27.27109557390213 80.46882046759129 0 0 0 2.345536783337593 0 0.4542102515697479 0.1034858375787735 9.029094576835632 0 34.85977385938168 0.5255688428878784 0 11.17636746168137 51.20437637716532 6.065461292862892 145.9737262204289 0 4.484441041946411 10.96609376370907 6.377904899418354 5.716121233999729 22.59496338665485 1057.714283064008 2265.272082582116 3.442907072603703 0.44538963586092 0.9628401845693588 15.72093367576599 0.5956212729215622 0 21.32783184200525 0.4063095450401306 71.95508226007223 44.76610063761473 70.15983008593321 19.89638508111238 1.384067580103874 0.1641481965780258 3.089949950575829 0.2324457764625549
44.93889190256596 472.8299248218536 5141.603998877108 0.8310694321990013 0.7104992419481277 8.04764848202467 423.0082406625152 174.1436979994178 0 2.933614149689674 11.77271467447281 1.260533109307289 0.4859510511159897 206.0742178782821 0.1729051172733307 10.45996908843517 4372.673550792038 44.08244586735964 374.7976078018546 0.1737987026572227 1613.56654214859 15.66887432336807 12236.81837263703 5.987553663551807 0.2566807568073273 8123.220664702356 9712.652748003602 257.928484544158 187.4770730063319 559.3860283941031 1.270280972123146 11.31784377247095 10.90772627294064 656.056367084384 11.09789414703846 1244.836746953428 2696.593497142196 1797.2413918823 264.3040332347155 39.31057843565941 1.051798410713673 2.938240081071854 6.191003262996674 0.2621849477291107 208.7374186292291 855.2515175193548 0 0 0 9.334940530359745 0 0.5830173641443253 0 3.967283666133881 0 0.1387435793876648 0.5404705926775932 0 27.14179097115993 395.2171812206507 3.062257431447506 307.9946614354849 0 16.84752513468266 52.87560398876667 111.8304606676102 14.68747572600842 0.3347185552120209 1251.757597483695 2752.996839508414 16.71543880552053 0.7801911979913712 1.274365067481995 1.087140202522278 0.1503665894269943 0.1249321922659874 36.72727338224649 4.515971839427948 180.635528229177 513.5749241560698 136.4566463828087 40.06016609072685 3.181575000286102 0 0.2231339514255524 0.6207431256771088
1.526981323957443 0.10430908203125 0.8310694321990013 1669.292272515595 5.006176106631756 255.1257947534323 217.5508840084076 167.1794859319925 352.7344564124942 4418.774871200323 16.89974038302898 4389.305195398629 0.5100379660725594 80.91179429739714 71.62129691243172 0.2414943277835846 0.8625578731298447 7.350488543510437 6.118362426757812 2554.368578784168 0.1607326567173004 0.4829382598400116 0 1919.803589247167 0 2.72946947067976 1.136883474886417 1754.730170242488 88.60176383703947 0.9542067050933838 0.07992446422576904 28.91334147751331 1.51065918803215 70.84425825625658 6.710515253245831 205.2673508226871 2.605322517454624 149.5771019235253 41.1388391405344 156.1653932034969 20.37527991086245 0 3.330356732010841 0.3163686692714691 0.7883104756474495 0.1698735803365707 90.54031797498465 0.8440787494182587 20.83302038162947 113.2783360630274 14.10328586399555 61.52311243861914 108.933333478868 0.2820256650447845 77.67322351038456 0 6.187612302601337 8.177218049764633 0 0 0.1097334697842598 0 70.14921238273382 0.1245535090565681 1.135337024927139 0 402.7894417047501 0.6249559670686722 0.1400625854730606 0 426.4142486378551 5.360259756445885 0.3193903118371964 0.1343450099229813 0.9170485213398933 0.3459441959857941 1.148270986974239 1.602598026394844 14.72520617395639 0 13.97045500576496 3.856609381735325 127.7864078953862 1.044824078679085 0 0.205405592918396
1.463587127625942 0.7683702558279037 0.7104992419481277 5.006176106631756 6.147073447704315 566.1925217285752 10.1933561488986 77.730044670403 102.3479053154588 22.16076014190912 84.16069035232067 151.0382187590003 1.229103572666645 7.067474812269211 1381.51166164875 0 3.150250494480133 21.44685769826174 20.29711128026247 5.979335516691208 0.6573384404182434 7.013596177101135 0.8007299304008484 32.28113051503897 1.055505715310574 9.157684490084648 5.552629262208939 9.003128722310066 13.88259853422642 3.661990351974964 0.2249670699238777 31.82981380820274 0.09791626781225204 513.6017886921763 0.5311898589134216 33.60115019232035 4.294598512351513 172.3570929244161 79.65166444331408 1585.05570602417 93.17944642901421 0.1757477223873138 1.513382226228714 0 0 0 1.677928671240807 0 0 0.1365704089403152 0 1.721722990274429 0.9612825587391853 0 3.469025567173958 0 0 1.053826093673706 0.3158408254384995 0 0 0 2.247522667050362 0.1794122308492661 0.3818476349115372 0.1571307182312012 7.644275449216366 0 0.5612815767526627 0 7.058215238153934 0.09363886713981628 0.731605589389801 0 0 0 0 0 1.531733244657516 0 0.2502686381340027 0 7.73578080534935 0 0 0
39.29511743038893 1.743907496333122 8.04764848202467 255.1257947534323 566.1925217285752 8569.046101160347 1684.748463585973 6881.963375911117 145.0095498338342 8298.108677908778 275.3462805151939 3996.372087545693 5.820534721016884 597.8335425183177 2005.066656433046 0 9.222652040421963 66.91094935685396 49.78887510299683 521.7693127468228 0.7277662679553032 1.334127709269524 3.51289414614439 227.2523853257298 0.9335262626409531 32.35750502347946 12.88268442451954 1163.761676117778 203.5825849622488 43.4854448735714 0.7440952137112617 447.1551209613681 2.296687610447407 1188.810541197658 18.25332795083523 457.9651757255197 24.61600802093744 626.2199185416102 243.0190309509635 3702.978935629129 434.8881289288402 2.844783037900925 9.301984056830406 0.1402539610862732 0.2222598791122437 0 23.54521438479424 2.393256932497025 10.31119241565466 79.50535990297794 13.07370959967375 13.20803738385439 44.23021037876606 0.2574289962649345 24.32668057829142 0.1030710190534592 3.409449033439159 5.763406962156296 1.135070875287056 0 0 0.287849485874176 22.88386563956738 2.278673589229584 0.3190402239561081 0 184.7981497719884 0 1.811262302100658 0.3587209060788155 192.5287119373679 3.72707249969244 1.727449461817741 0 1.022674031555653 0.2985655665397644 2.289920896291733 0.7191294431686401 10.90430403500795 0.1501745134592056 7.400410987436771 4.465674072504044 59.68454222381115 3.516926899552345 0 0
2639.547910958529 14.68986883014441 423.0082406625152 217.5508840084076 10.1933561488986 1684.748463585973 6409.388544172049 5848.873432308435 238.1065560206771 6294.66455000639 42.06592654436827 98.12340493500233 1.27628942579031 11038.30487816781 75.84800123423338 11.93243163824081 95.10716676712036 17.69653987884521 39.65298705548048 79.13245797157288 278.2031888961792 28.01408140361309 348.3216627165675 682.2812051102519 0.1947524696588516 139.9445278197527 510.3945994749665 17341.27051191777 3275.99209420383 3823.506489507854 0.2343569472432137 84.52720131725073 382.8314396962523 655.1927334442735 227.0955448001623 4632.790046148002 115.7165878415108 1923.517788678408 1324.273368269205 455.6369488164783 155.7896825820208 3.329935058951378 63.33459296822548 3.408537030220032 4.728981658816338 19.35205382853746 63.73977970331907 2.476699382066727 24.05288665741682 538.9848034903407 61.23329546302557 77.60381611436605 133.6880913674831 3.69510218501091 20.29174158722162 0 47.74726993590593 4.124813050031662 38.57777061313391 4.200321219861507 0.68838170170784 4.217402070760727 46.12608117610216 58.50370267033577 30.52956534922123 38.8541711717844 1280.486607410014 0.4750015065073967 9.050170972943306 127.1619613617659 1263.315902426839 45.04952854663134 49.39406515657902 0.125437930226326 7.71019085496664 3.47018813341856 16.16056805104017 24.02467441558838 135.6450557857752 9.56151719391346 112.377905972302 38.4126855134964 85.92201303690672 5.559303924441338 4.144355654716492 2.007179416716099
552.1035050228238 1.393374599516392 174.1436979994178 167.1794859319925 77.730044670403 6881.963375911117 5848.873432308435 8383.359826624393 152.0443980097771 2091.22185665369 307.6389182955027 1241.159072577953 5.703384682536125 4021.138619750738 83.51717665046453 1.298954591155052 68.33323615789413 84.25228781998158 116.1737409830093 339.9664574712515 13.86466616392136 3.815076343715191 43.95429049432278 421.2636624723673 0.280160516500473 139.6227530762553 71.48481419682503 1311.955275401473 556.1946649327874 837.4161111116409 0.5737646967172623 1195.317087307572 8.693504385650158 1068.887767925858 10.66433634608984 446.0944466739893 42.75969889014959 973.5723395571113 221.1382846385241 776.024231992662 195.0562656745315 8.650611318647861 8.920070268213749 0.9314571544528008 0.9753172248601913 2.421048760414124 48.48587826639414 2.709455870091915 19.43930426985025 549.2897711619735 50.56994757056236 61.34345669299364 127.1622664555907 6.323298133909702 26.76638226211071 0.1129575669765472 48.24514946341515 5.129583217203617 5.106936618685722 0.9347091913223267 1.403649359941483 2.122598141431808 46.18440157920122 14.38520526885986 2.758053906261921 1.838841572403908 1093.299510970712 0 6.828986980021 10.08041878044605 1084.947048462927 33.82474624365568 56.03154439479113 0.5038960725069046 3.896186918020248 3.582321226596832 8.46216407418251 2.77539250254631 97.32380186766386 1.847612746059895 102.441154204309 41.1009451970458 82.51683284342289 7.401212714612484 0.7721695452928543 1.694802761077881
1.798513397574425 413.628177985549 0 352.7344564124942 102.3479053154588 145.0095498338342 238.1065560206771 152.0443980097771 583.6519591212273 306.0259842053056 5.511624895036221 423.5057212039828 141.9336961060762 53.85754697024822 1209.356912195683 20.85039140284061 0.2122953683137894 0.3342499062418938 0.5290665179491043 239.2544368579984 13.33822986483574 1783.771035060287 1.168922826647758 8478.416970133781 164.1059371978045 12.08630476891994 265.7442565411329 1526.030508540571 15.61714351177216 16.27594174444675 7.79128385335207 3.466289877891541 3.374630212783813 14.27490496635437 0.2241384834051132 49.5976512208581 3.094106733798981 22.28966284543276 9.172857284545898 576.0707253962755 2.011302560567856 4.026362247765064 0 0.8039507865905762 10.70054370164871 0 47.68878598511219 1.252280294895172 6.853175662457943 180.2794025018811 21.70103225111961 99.0885511636734 49.45170110464096 1.583451807498932 21.96759466081858 3.944867476820946 19.59364392608404 6.202110797166824 106.1247640401125 0 0.6365574896335602 0.585376501083374 24.72938170284033 58.55195884406567 137.5450695455074 14.431630641222 2224.049871318042 3.042711354792118 2.905434221029282 5.099005125463009 770.5871406272054 27.66699471324682 11.38713920116425 1.008739098906517 1.516122408211231 2.903114013373852 5.02100395411253 3.985473737120628 42.34907843917608 2.592339545488358 35.8923567160964 20.76308686286211 53.94866877794266 5.682442367076874 0 0
11.52914374321699 0.1551339477300644 2.933614149689674 4418.774871200323 22.16076014190912 8298.108677908778 6294.66455000639 2091.22185665369 306.0259842053056 27493.23296615481 67.81959721446037 7108.731019712985 2.0183045566082 799.8899484500289 198.4606693983078 0.1487410664558411 2.251289501786232 25.44513561576605 24.3033853545785 4293.139642499387 0.7425568625330925 0.3869412988424301 1.177419170737267 982.3451963067055 0 13.73819211125374 5.720842301845551 7324.05609241128 596.1475296318531 9.949612990021706 0.5695599541068077 101.6342513039708 9.41423399746418 331.8118935823441 45.16470448672771 1990.853621155024 19.35415641218424 917.1191989928484 447.8818695694208 539.6126152053475 177.6962014585733 0.9376788139343262 48.42010490596294 1.257856003940105 0.9089815020561218 0.1166470721364021 153.4112382158637 2.022049963474274 48.75257816165686 371.1250432059169 46.85634658485651 71.02243079990149 224.9278004541993 0.941772885620594 100.7961915209889 0 31.99292241036892 24.80081117898226 0.9594867080450058 0.6720142364501953 0.2286209911108017 0 117.2313893809915 0.469279870390892 2.09813429415226 0.2497501820325851 835.3269948661327 0.265868604183197 0.9609309956431389 1.087773166596889 974.1780756339431 17.5157013759017 2.127210393548012 0 3.610812038183212 0.7786142155528069 7.234819807112217 4.049962431192398 59.77870506048203 1.045731261372566 58.86972759664059 17.67623909562826 248.9234390482306 4.732984557747841 1.43253818154335 0
8.420129626989365 55.66693715751171 11.77271467447281 16.89974038302898 84.16069035232067 275.3462805151939 42.06592654436827 307.6389182955027 5.511624895036221 67.81959721446037 7782.321814231575 144.9774689525366 499.0634965226054 40.719263240695 2.041374109685421 2.377633169293404 258.1268192082644 3226.759554862976 1505.606359831989 36.9155446216464 31.58027359843254 10.36352101713419 55.67109712958336 13.62379767745733 148.8712501525879 1989.355595372617 344.9767103642225 28.77392040938139 187.0434441640973 53.97358346730471 167.7278767228127 471.3330277502537 0.8255440890789032 5757.252594962716 15.68939772248268 721.4986507445574 4758.756422124803 4476.893331877887 1708.429881550372 108.4095643758774 16.5803451910615 977.1371705457568 6.28339371830225 0 15.71428332477808 0.2120114415884018 0.151554211974144 0.4793767482042313 0.1158023104071617 4.929165080189705 0.8887613043189049 1.212416917085648 0.851796567440033 374.7336179092526 0.223581463098526 1615.595980331302 2.060143530368805 0 0 0.1510556489229202 15.05433776974678 15.98037326335907 0 0.3950500637292862 2.971511118113995 0 13.60825882852077 203.0102039426565 99.24144855886698 299.4328284189105 11.73456683754921 0.3855044394731522 0.5027379393577576 203.0333887934685 1.463393315672874 0 12.43905452638865 3.901379883289337 31.08147486299276 489.9709542691708 28.64859518408775 7.641297280788422 0.7198219895362854 1.876374095678329 192.5540205165744 0
7.408438980579376 3.514072634279728 1.260533109307289 4389.305195398629 151.0382187590003 3996.372087545693 98.12340493500233 1241.159072577953 423.5057212039828 7108.731019712985 144.9774689525366 6154.117854475975 5.177610628306866 495.8978814631701 1206.550788402557 0 4.38728891313076 49.30827621370554 43.17189489305019 4133.196994163096 0.3548225313425064 30.19382148981094 1.591147869825363 1153.355153203011 2.778834164142609 24.32069247961044 11.3768183812499 760.2466728612781 471.6530796512961 8.635355748236179 0.4653094485402107 237.8521528616548 0.3637863174080849 424.272023126483 9.903411701321602 521.4470956921577 12.42577697336674 819.112456843257 129.8536106422544 1655.568636335433 129.9351867213845 1.840653300285339 7.303831323981285 0 0 0 30.98683816194534 1.766718149185181 8.530102930963039 27.08759149909019 3.052902691066265 31.70881183445454 50.08097095042467 0.3460089862346649 69.58651953935623 0 1.591614432632923 6.820443421602249 1.238568425178528 0.1119212582707405 0 0 22.52640160173178 1.201716437935829 2.572015538811684 0.4016313552856445 133.0597857236862 0 0.5650612488389015 0.8952844589948654 122.563057243824 1.294285535812378 0 0 0.1157137155532837 0 0.4444351494312286 0.3679049611091614 11.44586573541164 0 3.941876463592052 2.701697707176208 80.53289216756821 0 0.154984176158905 0
0.2430368885397911 1240.728520981967 0.4859510511159897 0.5100379660725594 1.229103572666645 5.820534721016884 1.27628942579031 5.703384682536125 141.9336961060762 2.0183045566082 499.0634965226054 5.177610628306866 1720.643967978656 0.6942833065986633 10.57043978571892 63.4023083075881 1.649516716599464 1.308098971843719 2.291618824005127 0.7760394290089607 3.182126075029373 432.4009576290846 2.297926314175129 171.1158011481166 2300.730661526322 462.5649679750204 3118.033522874117 10.16819968819618 1.64074932038784 0.3506145104765892 746.1916546076536 4.650268957018852 0 1743.819971621037 7.794451594352722 198.0048023536801 2016.905571945012 782.9962232857943 461.3653589487076 12.85137316584587 22.19494209438562 1382.343811862171 17.20254023373127 0 20.84692720323801 0.1600469648838043 0 0 0.1136217564344406 0.1849425286054611 0.5964003056287766 1.198043987154961 0 460.7504150792956 0 2848.856565117836 0.3910999372601509 0 0.833233430981636 0 34.58637236058712 27.08276350796223 0 0.1654162555932999 4.627861171960831 0 2.514059312641621 562.1172438934445 243.0738071650267 687.3736182823777 0.9608529657125473 0.3298958763480186 0 643.7036201059818 0.8825070261955261 0 8.596737451851368 1.257884979248047 7.131232015788555 436.3533712550998 19.53265246748924 0.9411294236779213 0.1183226332068443 0.6227900832891464 100.9324179813266 0
6630.582740798593 2.62286314368248 206.0742178782821 80.91179429739714 7.067474812269211 597.8335425183177 11038.30487816781 4021.138619750738 53.85754697024822 799.8899484500289 40.719263240695 495.8978814631701 0.6942833065986633 7415.585906237364 7.948925070464611 2.453770622611046 111.769782781601 19.56321910768747 61.59281300753355 180.5795118361712 19.14225119352341 0.7438242807984352 71.18887972831726 144.9344068989158 0.3574239313602448 128.850347481668 71.28705224394798 579.2164918407798 4445.04046920687 1869.40183518827 0.4892319068312645 290.6289988607168 20.58197822421789 348.786982037127 24.81033015996218 501.3031303063035 31.38680435717106 733.8763082697988 309.816579118371 101.8400475978851 37.74971026182175 0.1231417655944824 9.815260276198387 0.7165304198861122 1.471570551395416 1.792561903595924 11.47844562679529 0.5652872920036316 4.260079726576805 147.3197394683957 15.79285492748022 20.97814793884754 28.30245415866375 0.4483982920646667 4.646686941385269 0 11.93431233614683 1.671240940690041 7.06479362398386 0.6280430555343628 0.9575997442007065 1.10822993516922 10.78040469437838 12.49726644158363 2.429537780582905 2.007175043225288 341.0353354141116 0.2473881393671036 6.054726913571358 11.65433237701654 340.6424766555429 13.34121123701334 20.63811232149601 0 1.472008652985096 0.6512253880500793 4.694086581468582 3.818412944674492 27.05997157841921 1.915772326290607 29.50337164103985 9.786686517298222 18.7979760915041 2.085671439766884 0.1287782341241837 1.335285782814026
0.4347369074821472 17.620919957757 0.1729051172733307 71.62129691243172 1381.51166164875 2005.066656433046 75.84800123423338 83.51717665046453 1209.356912195683 198.4606693983078 2.041374109685421 1206.550788402557 10.57043978571892 7.948925070464611 244.6709781736135 0 0 0.3614340871572495 0.2283519804477692 106.6973905339837 0.1306683272123337 149.9073881208897 0.1467938274145126 1416.940799795091 10.56295002251863 1.188436545431614 20.99483576416969 174.5963158681989 3.749432682991028 1.321074791252613 0.5525141954421997 239.856150187552 0.1113326027989388 35.02584435790777 3.108090192079544 288.2284556776285 2.87116602063179 44.12601586431265 3.151116251945496 1659.557254895568 40.83848788589239 1.438058018684387 1.117406234145164 0.1353496164083481 0 0 30.29297169297934 0.8356576561927795 12.75077729672194 12.35187023878098 1.590884909033775 22.05350413918495 46.42225879430771 0.5245904326438904 60.79123389720917 0.1141258031129837 0.3393552452325821 13.92922914028168 4.425707474350929 0 0 0.6909779906272888 29.90130098164082 3.086917400360107 11.27682898938656 0.4404344111680984 132.9405528530478 0 0 0.212728276848793 88.29100743681192 1.882649421691895 0.455037847161293 0 0 0 0 0 9.643702074885368 3.705159902572632 6.006770849227905 3.271389856934547 195.6306674033403 2.054436147212982 4.263664841651917 0
0.1731756627559662 579.4948956519365 10.45996908843517 0.2414943277835846 0 0 11.93243163824081 1.298954591155052 20.85039140284061 0.1487410664558411 2.377633169293404 0 63.4023083075881 2.453770622611046 0 3360.747520014644 21.35017047822475 0.4422335103154182 0.7170375511050224 0.2488836050033569 3193.314785219729 2738.405743688345 2645.075011529028 1600.795621685684 98.15120515227318 43.91556382924318 5237.154366187751 2402.621766254306 3.01578027009964 3.977001950144768 3.545768350362778 0 1.328186109662056 20.49707271158695 50.00445772707462 1934.182807028294 747.991210617125 236.5918400362134 565.9358001500368 93.06372290104628 2.461391285061836 2.520776301622391 19.6922719925642 0 10.92353979498148 46.18541432917118 0 0.2784088850021362 0.2811614871025085 3.964548669755459 0.2033074647188187 8.065008707344532 0 0.6112376004457474 0 1.106926284730434 0.4231963530182838 1.288529358804226 4011.398659713566 5.701861679553986 0 4.624914422631264 0 662.5508654415607 1022.193633779883 2509.988560594618 548.8583457320929 0.7288635969161987 15.05603405833244 1136.344936847687 267.4583585634828 2.657919198274612 28.34084341675043 0.9020540863275528 0 0.4866151064634323 5.569581717252731 9.169759601354599 61.35130558907986 12.79791824519634 10.29800470173359 4.99150975048542 5.300475180149078 0 0 0
37.96417573839426 725.8554067760706 4372.673550792038 0.8625578731298447 3.150250494480133 9.222652040421963 95.10716676712036 68.33323615789413 0.2122953683137894 2.251289501786232 258.1268192082644 4.38728891313076 1.649516716599464 111.769782781601 0 21.35017047822475 1781.24554283917 359.125999763608 4644.347064502537 1.330530874431133 2193.572105489671 3.411560416221619 3356.058978378773 11.30531093478203 44.58095265924931 841.3286270201206 8585.681048549712 161.4037807658315 392.4097418412566 1672.683232955635 1.793920636177063 36.82905476540327 9.099322818219662 1769.576174885035 14.69835068285465 773.0609760060906 6083.896443970501 1979.621888786554 605.7083143517375 27.92066276073456 2.220010861754417 14.01109674572945 8.013820953667164 0.09142249822616577 257.6525546610355 176.1354010552168 0 0 0 3.133650816977024 0 0.1489203721284866 0 0.6201798468828201 0 0.8650171607732773 0.8127839267253876 0 6.345995649695396 131.9403631538153 1.82508347928524 271.9269979298115 0 7.68678392469883 3.582612901926041 13.62552106380463 4.76950478553772 3.168024882674217 1447.416415065527 1359.757498890162 5.424383103847504 0.5668222084641457 0.4102867692708969 2.523461639881134 0 0 17.59927931427956 8.551246374845505 86.97648538649082 605.4863961264491 82.51578755676746 22.55294295400381 1.269556358456612 0.2038906663656235 0.5977039039134979 0.300388514995575
4.607804916799068 4.306692317128181 44.08244586735964 7.350488543510437 21.44685769826174 66.91094935685396 17.69653987884521 84.25228781998158 0.3342499062418938 25.44513561576605 3226.759554862976 49.30827621370554 1.308098971843719 19.56321910768747 0.3614340871572495 0.4422335103154182 359.125999763608 804.5531913861632 2199.315262638032 12.06418914347887 36.83647501468658 0 64.00382558256388 3.95284716039896 0.7068395018577576 1330.416464962065 78.25025649368763 13.97312372922897 76.17470432817936 38.00020304322243 0.1340909898281097 141.4101138040423 1.486310839653015 1216.72188603133 10.69304879754782 803.935939066112 1065.310459025204 2094.172330208123 582.6873569637537 30.71249979734421 0.8332354351878166 3.964666038751602 1.295510493218899 0 0.5202274769544601 0 0 0 0 1.163721472024918 0 0.6823967695236206 0 1.096318066120148 0 11.97224174439907 0 0 0.2686891257762909 0.3879707753658295 0.9676848948001862 5.576276421546936 0 0.1216416731476784 0 0.1288968026638031 6.073348626494408 0.9790500104427338 29.30846743285656 42.7506410330534 3.07272119820118 0 0.5832400918006897 7.418142586946487 0 0 0.1703005582094193 1.815005213022232 13.11418743431568 13.49472641944885 0.6729020029306412 0.2499701678752899 0.3848764002323151 0 0 0.7343099117279053
16.85376644134521 53.07584019750357 374.7976078018546 6.118362426757812 20.29711128026247 49.78887510299683 39.65298705548048 116.1737409830093 0.5290665179491043 24.3033853545785 1505.606359831989 43.17189489305019 2.291618824005127 61.59281300753355 0.2283519804477692 0.7170375511050224 4644.347064502537 2199.315262638032 2765.548706457019 12.6644451841712 279.0721865743399 0 436.0660117715597 2.902431070804596 54.59774139523506 1610.848550483584 754.1748353019357 34.73940955847502 215.138061478734 264.9285920038819 1.340903721749783 160.6765798330307 4.848610155284405 2818.585529357195 11.30953775346279 1043.973306335509 1881.646396897733 3173.884308800101 511.7238267511129 34.26133988797665 0.4964293017983437 2.116580247879028 2.77986653894186 0 20.24726071208715 4.228236176073551 0 0 0 0.960926316678524 0.2079795002937317 0 0.3413976281881332 0 0.1131178736686707 2.779750019311905 0 0 0.3483104258775711 4.15631441026926 1.516048058867455 39.55166523903608 0 0.4815454557538033 0.9157682657241821 0.5030169263482094 3.936090745031834 2.221948355436325 263.264053106308 188.7040701210499 3.695617340505123 0.2324310094118118 0 4.035741724073887 0 0 2.593424126505852 2.725860148668289 11.72030073404312 112.0974970310926 3.421198964118958 1.619716756045818 0 0 0 0.1575440466403961
2.407540395855904 0.1312972009181976 0.1737987026572227 2554.368578784168 5.979335516691208 521.7693127468228 79.13245797157288 339.9664574712515 239.2544368579984 4293.139642499387 36.9155446216464 4133.196994163096 0.7760394290089607 180.5795118361712 106.6973905339837 0.2488836050033569 1.330530874431133 12.06418914347887 12.6644451841712 675.5241442620754 0.2464984059333801 0.4682917445898056 0.2691395282745361 596.4845676422119 0 5.989608690142632 2.576432138681412 556.8979818299413 198.5281822010875 2.133286789059639 0.16585473716259 49.725316375494 0.4021995812654495 121.2781547233462 10.74802070856094 404.8569083958864 7.050298884510994 325.7402714416385 105.0502825602889 289.9814324453473 47.88081003725529 1.573060944676399 10.35775318741798 0.5611617937684059 0 0 62.09302407503128 0 16.52191977202892 97.82831255346537 14.62127686291933 33.55082592368126 75.88079328835011 0 58.99816261231899 0 6.982043616473675 9.432250395417213 0 0 0 0 37.76344768702984 0 0.3223760426044464 0.1499492228031158 293.465033352375 0 0.208752416074276 0.1346920877695084 299.0758964419365 7.613198839128017 0.2596992552280426 0 0.4109353795647621 0.109672985970974 0.7134521752595901 0.7144647240638733 13.44004961103201 0.1175402253866196 16.40848176181316 1.921220168471336 91.07281394302845 2.294093236327171 0 0
7.404061168432236 23.68140460550785 1613.56654214859 0.1607326567173004 0.6573384404182434 0.7277662679553032 278.2031888961792 13.86466616392136 13.33822986483574 0.7425568625330925 31.58027359843254 0.3548225313425064 3.182126075029373 19.14225119352341 0.1306683272123337 3193.314785219729 2193.572105489671 36.83647501468658 279.0721865743399 0.2464984059333801 13453.6758491993 216.9206299707294 17847.73113203049 179.1545340567827 6.780576378107071 543.719336874783 2863.71065081656 3392.369282305241 165.5216176956892 8649.580097928643 0.5054924935102463 4.964317381381989 22.05678883194923 1917.426028110087 336.183290719986 7504.753471985459 858.5455416068435 5826.656348921359 4682.934547849 384.7434664666653 7.498873762786388 9.173156298696995 79.97746559977531 0.1235434785485268 5.3692826628685 21.24997037649155 0 0 0 5.712059855461121 0 4.476956106722355 0 0 0.1336801797151566 0.3528311550617218 1.222257010638714 0.9325330555438995 883.5300678238273 4.210700795054436 0 3.616349674761295 1.25330638885498 624.9383023530245 176.660549134016 366.0975349098444 479.4984493330121 0 20.91091137379408 122.178528405726 264.2140905931592 10.13602785766125 40.23436935991049 0 0 0.8220887035131454 9.434698805212975 59.93094632029533 48.02450257539749 9.560537561774254 12.4800683632493 7.99029628932476 4.922996662557125 0.6280240714550018 0.2222527712583542 0
0 2524.853171169758 15.66887432336807 0.4829382598400116 7.013596177101135 1.334127709269524 28.01408140361309 3.815076343715191 1783.771035060287 0.3869412988424301 10.36352101713419 30.19382148981094 432.4009576290846 0.7438242807984352 149.9073881208897 2738.405743688345 3.411560416221619 0 0 0.4682917445898056 216.9206299707294 1807.562711082399 131.7860069870949 5710.608455583453 708.8583724424243 39.18597501516342 3898.965699903667 484.1201059669256 9.510743610560894 2.99689245223999 21.99578616023064 0.2413199841976166 2.044722184538841 15.92399998754263 0.6432650685310364 10.19684966653585 6.14458904415369 7.103626444935799 2.923434071242809 80.8364547342062 0 23.10866928100586 0.1283085644245148 0.2636396586894989 0.7968131899833679 64.03625945746899 0 0 0 3.122533209621906 0.2557338699698448 13.09054827690125 0 1.33634590357542 0.1245620474219322 8.71920582652092 0.3032463788986206 0.2473751157522202 1403.564466789365 5.798396870493889 0 0.9986921548843384 0 177.0553990155458 481.0282407850027 485.9697670340538 365.070846170187 3.754239939153194 13.28666695952415 1710.69806676358 93.73980973660946 2.369439572095871 5.418469503521919 3.720316484570503 0 2.103825449943542 0.7743550837039948 0.6795258224010468 5.367726713418961 6.73535618185997 2.574384622275829 1.621083721518517 1.939344838261604 0 0.1630365699529648 0
24.20018454641104 37.60775482654572 12236.81837263703 0 0.8007299304008484 3.51289414614439 348.3216627165675 43.95429049432278 1.168922826647758 1.177419170737267 55.67109712958336 1.591147869825363 2.297926314175129 71.18887972831726 0.1467938274145126 2645.075011529028 3356.058978378773 64.00382558256388 436.0660117715597 0.2691395282745361 17847.73113203049 131.7860069870949 19911.36838199943 32.13683762401342 4.923094734549522 2054.059785537422 16744.73415483534 1054.690925896168 182.099445477128 3420.582813419402 1.139723338186741 5.622442096471786 6.48258688300848 1972.219087846577 343.5583324432373 12500.9097681269 6039.013292305171 7231.661844998598 7836.597623206675 948.7970800697803 26.7721833884716 27.49261243641376 134.861957103014 0.1407019346952438 9.04902583360672 320.6452801525593 0 0 0 4.860778376460075 0 0.9722146689891815 0.1333322077989578 0.582066610455513 0 0.1234883069992065 0 0.5408367216587067 1668.198003776371 18.32687892764807 0 7.969820909202099 0 214.2091058045626 509.0736807957292 1561.40732165426 159.5620976909995 0 44.35534346103668 1840.262703038752 86.79811130464077 2.577397838234901 6.523893162608147 0 0 0 4.459047347307205 87.72847375273705 114.5879067778587 90.23796500265598 15.04734662175179 10.36446844041348 0.3504514843225479 0.1503825932741165 1.465116143226624 0
8.773583441972733 701.6140475720167 5.987553663551807 1919.803589247167 32.28113051503897 227.2523853257298 682.2812051102519 421.2636624723673 8478.416970133781 982.3451963067055 13.62379767745733 1153.355153203011 171.1158011481166 144.9344068989158 1416.940799795091 1600.795621685684 11.30531093478203 3.95284716039896 2.902431070804596 596.4845676422119 179.1545340567827 5710.608455583453 32.13683762401342 6835.690352201462 228.9516278356314 29.29576344043016 1810.418512843549 5699.131521694362 155.8657879531384 21.03402641415596 10.74925516545773 12.07763896882534 38.21605513989925 79.2318746522069 23.32981197535992 689.3638876900077 49.15344969183207 212.5218787640333 119.2990656495094 443.7800883576274 14.17148387432098 7.945446819067001 8.768483519554138 3.418349027633667 9.57044418156147 26.13534773886204 212.8544714972377 4.723651885986328 51.75340621173382 910.7197384163737 95.08503050357103 758.7113022506237 300.2386727333069 5.197759985923767 153.4707086756825 4.446042977273464 74.56884835660458 23.7476816251874 799.4613291025162 7.380106747150421 2.542431019246578 5.328313238918781 142.9604476094246 660.6256745383143 519.0357406362891 263.0532632544637 5834.855502739549 1.841266512870789 18.40194058418274 212.3623024374247 3790.082513540983 128.5124395415187 169.238702878356 3.156302347779274 10.91144432127476 17.09351076185703 35.20633450895548 9.756232813000679 260.1890706568956 12.65618465095758 226.1781546249986 98.92564021795988 289.9815461188555 12.80393944680691 8.254508763551712 2.057788208127022
0.1832913160324097 2376.818764537573 0.2566807568073273 0 1.055505715310574 0.9335262626409531 0.1947524696588516 0.280160516500473 164.1059371978045 0 148.8712501525879 2.778834164142609 2300.730661526322 0.3574239313602448 10.56295002251863 98.15120515227318 44.58095265924931 0.7068395018577576 54.59774139523506 0 6.780576378107071 708.8583724424243 4.923094734549522 228.9516278356314 111.181671410799 688.0990096926689 4598.797074303031 12.94277883321047 1.321080788969994 1.040343284606934 182.776207536459 0 0 549.7836639285088 3.808131456375122 91.75333225727081 142.1460838243365 216.8873473852873 56.69922888278961 8.799752563238144 2.472984790802002 670.1385050714016 5.99690169095993 0 16.67614214867353 0 0 0.8904076814651489 0 0 0.1474077701568604 0.4315675497055054 0 90.99758636206388 0 483.9713468030095 0.5830801501870155 0 1.146315701305866 0 0.9996317028999329 7.448038324713707 0 0.1153660789132118 3.766256019473076 0 2.539910942316055 77.92598038166761 155.1156331300735 482.2733739241958 0.5066907852888107 0 0 56.61552652716637 0.2848836183547974 0 2.027519300580025 0 4.188559547066689 47.07058573514223 12.56347929686308 0.6361113786697388 0.1618397384881973 0.3266439735889435 40.8214865475893 0
29.25413899123669 1098.296425886452 8123.220664702356 2.72946947067976 9.157684490084648 32.35750502347946 139.9445278197527 139.6227530762553 12.08630476891994 13.73819211125374 1989.355595372617 24.32069247961044 462.5649679750204 128.850347481668 1.188436545431614 43.91556382924318 841.3286270201206 1330.416464962065 1610.848550483584 5.989608690142632 543.719336874783 39.18597501516342 2054.059785537422 29.29576344043016 688.0990096926689 18626.34541404247 9830.178092725575 99.48451153934002 202.0455561131239 331.3420630991459 283.0289670228958 73.55854777991772 6.794612638652325 821.2999970689416 20.65950482338667 2799.987574361265 6284.895258255303 3692.934133410454 771.6229536756873 71.27087387442589 2.15635596960783 24.42800310254097 6.352301388978958 0.6230947226285934 552.1441666483879 26.49920738488436 0 0 0 1.978987723588943 0.1535839438438416 1.458231031894684 0 57.5828884691 0.08767910301685333 493.5980141758919 0.6289089322090149 0 8.942837551236153 38.62273386120796 87.90783950686455 575.0800303667784 0 4.668878011405468 11.14575610309839 3.852889530360699 9.305111795663834 251.8512775376439 3833.363597109914 4375.224543064833 4.184599936008453 0.9958971217274666 0.8714846521615982 289.4802798181772 0.2684881612658501 0 13.53889117389917 14.74755816161633 77.22070675343275 995.6233308836818 56.07626853883266 10.96262507885695 3.013328090310097 0.5294122099876404 1.545044869184494 0.1817706972360611
15.43497871607542 11996.01508139074 9712.652748003602 1.136883474886417 5.552629262208939 12.88268442451954 510.3945994749665 71.48481419682503 265.7442565411329 5.720842301845551 344.9767103642225 11.3768183812499 3118.033522874117 71.28705224394798 20.99483576416969 5237.154366187751 8585.681048549712 78.25025649368763 754.1748353019357 2.576432138681412 2863.71065081656 3898.965699903667 16744.73415483534 1810.418512843549 4598.797074303031 9830.178092725575 33428.40693499148 2493.477412201464 148.6055099889636 274.926865413785 538.8193331807852 43.97597189992666 9.896582342684269 2492.511350318789 87.78505064547062 4903.35978962481 3431.590718775988 6971.061363749206 1390.057818770409 236.9486475065351 7.626382872462273 13.07456569373608 29.85685540735722 0.2870327085256577 1704.419669307768 2073.448057897389 0 0 0 31.14199972897768 0.5129658132791519 2.37437953799963 0.5386062413454056 62.76668513566256 0.4182688295841217 595.6489892974496 3.279519140720367 0 623.2527258470654 486.7639046758413 57.06437812000513 689.9512991011143 0 88.72903465479612 1341.557730831206 1550.557232603431 89.73158484697342 658.6915590241551 4907.558645986021 15572.87407467514 74.21659760177135 3.629638560116291 5.18088685721159 407.7287274599075 0.3216409385204315 0 57.69256742298603 50.57880909740925 344.0991267561913 1249.014026097953 233.8360366746783 69.73363569378853 6.011821463704109 1.247287631034851 0.8888973444700241 0.4657926857471466
56.22117705643177 65.20271170139313 257.928484544158 1754.730170242488 9.003128722310066 1163.761676117778 17341.27051191777 1311.955275401473 1526.030508540571 7324.05609241128 28.77392040938139 760.2466728612781 10.16819968819618 579.2164918407798 174.5963158681989 2402.621766254306 161.4037807658315 13.97312372922897 34.73940955847502 556.8979818299413 3392.369282305241 484.1201059669256 1054.690925896168 5699.131521694362 12.94277883321047 99.48451153934002 2493.477412201464 15427.53696422279 1167.531374253333 9981.160191476345 0.642613597214222 49.53122893720865 413.3146665394306 639.9120669439435 216.9435970783234 5241.358238741755 262.7584636583924 1849.997747287154 1306.939238786697 433.5091843530536 70.86695289611816 5.516342110931873 51.00383368134499 6.450306795537472 14.59323417395353 36.97328905016184 218.9385245889425 5.033901445567608 66.6609600186348 1227.594221375883 116.9971977174282 377.9960355311632 367.869038425386 10.9444815069437 123.4438387304544 0.4057406112551689 98.38329401612282 17.7909048050642 724.9994653388858 14.42361766844988 2.577083133161068 9.119547307491302 169.611787237227 941.6946824938059 301.1349818259478 231.8052298128605 5172.439538583159 0.5816772878170013 17.87821101397276 257.9428185150027 4177.198557682335 158.1393709480762 273.9425863772631 1.065678283572197 11.17429000139236 16.39476194232702 53.01253835111856 34.95207715034485 309.4868393018842 18.42613191157579 251.165028937161 119.0767956972122 278.506610698998 13.96583848446608 11.1424255669117 2.97454359382391
