1355.068624295294 0 687.2740741595626 2.469119966030121 1.267523847520351 20.81268785148859 2243.548787258565 850.9110529720783 2.59092490375042 290.0472492575645 6.825136978179216 6.705060869455338 0.307926706969738 6100.814855657518 0.2399224489927292 0.2036733999848366 248.7178730145097 10.12991685420275 56.60831126570702 8.113868996500969 249.4370477646589 0 685.7246747761965 52.28549409657717 0 111.0668590739369 15.16230556368828 123.7683087587357 4518.207211889327 3569.70053987205 0 4.744320027530193 28.89214281737804 124.0660996437073 2.698570847511292 96.71691425144672 20.46314040571451 66.99424783140421 47.25107236206532 6.203997977077961 2.624722927808762 0.2150806933641434 0.6285953372716904 0.6782275587320328 0.1089895069599152 0.4808821827173233 0.08645109832286835 0 0 3.494764506816864 1.578435786068439 1.62221934646368 0 0 0 0 0.765603318810463 0 0.9241672307252884 0 0 0 0 1.39836909621954 0.2002990320324898 0.9750033095479012 7.673915863037109 0 0.3826132565736771 2.801756858825684 13.43781971186399 0.9654387608170509 3.771489918231964 0 0 0.08511438220739365 0.3674666434526443 0 5.370755292475224 1.025502122938633 0.5686057955026627 0.5451140478253365 0 0 0 0
0 34.57040233165026 11.724574431777 0.09396319091320038 1.366179913282394 0.4716221317648888 0.1046803966164589 0.8210587725043297 393.0130447968841 0.4087403193116188 133.6591616347432 0.2089453563094139 1136.338980063796 2.456827372312546 4.003503747284412 4.487481273710728 8.540704503655434 4.074147172272205 9.340293511748314 0.1113559007644653 0.1185430437326431 1254.588591575623 0.3233988657593727 433.4260501861572 1075.28968706727 387.9812901616096 5071.161126151681 16.66703825443983 2.137576200067997 0.2266629338264465 13.46182259172201 1.0515031889081 0 143.72765147686 0 21.43889244645834 131.9340705797076 167.4767944812775 9.369475238025188 7.713462978601456 0.7301411479711533 497.7283515781164 0.1448427587747574 0 45.92706020176411 39.58062960207462 0 0 0 0.1519228518009186 0.1155068948864937 12.65077601373196 0 4.481069169938564 0 33.89761431515217 0.5814811959862709 0 0.6164955273270607 9.231110394001007 6.166399456560612 5.545449607074261 0 0.7865918353199959 54.12735079228878 0.8844955861568451 6.295810379087925 34.1753282174468 264.77951605618 1366.779404692352 1.393343232572079 0 0.534753255546093 7.858237959444523 0 0 2.230860374867916 0 12.78397657722235 48.49767668545246 14.29858310520649 0.7235408946871758 0 0 8.714844271540642 0.1335242986679077
687.2740741595626 11.724574431777 2099.154700674117 3.427874378859997 1.350490942597389 160.5722021684051 908.8974845930934 1664.351651348174 3.712946228682995 242.3602729626 32.10059195011854 3.619500808417797 0.6077604815363884 1491.126411817968 0.5464912876486778 17.30037934333086 6881.075096979737 62.96794200688601 393.9152182340622 1.263961844146252 1349.065425693989 6.126334048807621 9562.47659137845 109.9814937785268 1.565270066261292 4535.077444985509 4971.137864679098 178.5388878807425 596.3612309023738 463.6439410373569 0 2.794351704418659 10.656957000494 773.7922884225845 27.05666748434305 1369.795757755637 3239.841500528157 2321.606559246778 544.396175943315 39.23897602409124 7.346032731235027 22.37067105621099 8.621632397174835 0.2976532578468323 23.69497662037611 340.6898804977536 0 0 0.1059231162071228 3.630063444375992 1.106066517531872 1.352570004761219 0.2094152942299843 0.3067483454942703 0 0.6721016764640808 0.8499893248081207 0 15.27947819232941 22.23685641586781 1.396112456917763 5.241500556468964 0.456634022295475 5.568433858454227 17.76114123314619 68.10384719073772 5.743731923401356 2.10589075088501 60.56675507128239 1242.339101031423 10.50419448316097 0.5940507650375366 3.350867435336113 0.1393064111471176 0 0 7.709764577448368 5.148061171174049 63.78348226845264 752.3221630230546 37.90287115424871 9.716749235987663 0.5093571394681931 0 0 0.1632353365421295
2.469119966030121 0.09396319091320038 3.427874378859997 1979.003130592406 2.363882571458817 69.67101919651031 80.12343410402536 57.59594409912825 398.8084867745638 1641.174740917981 1.526250600814819 1690.653851144016 0.1185927242040634 26.8367530182004 64.35688764601946 0.1382809579372406 0.2008320540189743 0.5273053571581841 0.08642536401748657 2443.496139079332 2.708133392035961 0.1247761622071266 1.583502076566219 1871.242788799107 0 1.352174960076809 1.269356958568096 1830.046873837709 41.09658861160278 1.399355709552765 0 1.384512908756733 7.897157482802868 14.41471004486084 2.968241862952709 164.8755511417985 0.7336127385497093 23.3052876368165 15.01738957315683 183.2012058272958 2.993740625679493 0.1400250494480133 2.32414747774601 0.4396557733416557 0.2524690330028534 0 246.2106593474746 0 7.389370553195477 48.44349804520607 17.71935351192951 66.88637862354517 101.3167482763529 0.1316225230693817 25.10556362569332 0.1165555790066719 11.10194168239832 3.385640367865562 0 0 0.1424583792686462 0 147.7067105621099 0.4652534127235413 0.6663386151194572 0.3257584571838379 221.3661958649755 0 0.2951958552002907 1.053123958408833 229.6375598981977 4.930043376982212 2.174567028880119 0.1261582672595978 0 0 2.080719366669655 0.3402464315295219 39.58079863339663 0.3383512943983078 10.42903842777014 1.851265929639339 42.29787400364876 1.646027140319347 0 0.3168199956417084
1.267523847520351 1.366179913282394 1.350490942597389 2.363882571458817 225.6385994851589 917.0451611876488 9.94872785359621 656.2056224122643 77.61423450708389 20.81331072002649 281.7817615792155 95.96531276404858 14.8859561830759 185.1759335398674 841.5325339436531 0 2.023886159062386 32.03656157106161 7.014250308275223 10.84481036663055 1.306455120444298 0.5822718739509583 2.109951518476009 28.00925554335117 3.555622108280659 57.72745935618877 10.16533050686121 10.32261566072702 297.8175830841064 9.7758953794837 0.9931025430560112 795.6691852137446 0.7178754508495331 1309.185910783708 2.975798398256302 74.75261574983597 18.58288624882698 635.5435430631042 175.0487463250756 1550.988051131368 436.6504458114505 18.80986171215773 6.428659066557884 0 0.3327847719192505 0.1171001046895981 0 0 0 1.419650048017502 0.5328718721866608 0.9476191326975822 0.1163879781961441 0.1100830733776093 0 0.1175466924905777 0.1014445573091507 0 0 0 0 0 0.2307720333337784 0 0 0 1.63193878531456 0.1201205253601074 0.2258485406637192 0.1163304001092911 2.651933670043945 0.3963644355535507 0.6469587311148643 0 0 0 0.1925173848867416 0.1469127833843231 2.485726445913315 0.5970450416207314 0.2767773196101189 0.346891462802887 0.1243366375565529 0 0.225499227643013 0
20.81268785148859 0.4716221317648888 160.5722021684051 69.67101919651031 917.0451611876488 6380.148018956184 1225.102642633021 5840.82171177119 143.5079545006156 4822.92466981709 217.5549542456865 3742.653017155826 18.14076264202595 1083.83415555954 3126.018401935697 0.5536149963736534 18.27009832859039 34.06519369035959 11.26680482178926 319.2539885044098 94.03786856308579 1.084241680800915 80.65901976823807 281.7678635269403 3.217537350952625 69.32461176067591 26.21852647513151 438.1529683545232 1289.469583205879 82.13875287026167 0.9104268625378609 1128.677241787314 15.33460458368063 884.3363819569349 24.96411963552237 649.0853805318475 34.96536060422659 871.5791063755751 404.7159769833088 4261.180052876472 510.794058278203 43.63456993550062 33.64980001747608 2.033434621989727 0.100491464138031 0.9788539037108421 19.27687934041023 0 2.60456421226263 37.01751545071602 11.88045710325241 18.31899720430374 22.01617451012135 0.7738548517227173 5.962101556360722 1.848917499184608 10.12160737812519 0.374274380505085 1.543850138783455 0.4731412082910538 0.5729729607701302 0.1972821429371834 16.21237082034349 0.6313103586435318 0.780241921544075 0.6036077663302422 99.74552629143 0 0.3961284980177879 3.248493067920208 122.2633930295706 7.685327038168907 18.80369041860104 0.1628440320491791 0 0.6543715372681618 3.043917648494244 1.578680157661438 42.64916013926268 1.417447805404663 10.34914597123861 2.00238524377346 17.19460678100586 1.591133244335651 1.2338807284832 0.609930008649826
2243.548787258565 0.1046803966164589 908.8974845930934 80.12343410402536 9.94872785359621 1225.102642633021 14817.95347911119 4356.15723676607 237.6384556517005 5473.74528676644 22.76256250590086 37.02228606492281 1.059371456503868 5448.165988944471 18.7166837528348 54.8127476349473 54.3832009807229 8.670504808425903 8.717803336679935 65.98633784800768 2387.308839403093 9.538236364722252 1021.809532895684 1445.837993726134 0.1946605890989304 60.68547020480037 352.7675350308418 16527.93075679243 1671.965842038393 2245.542204163969 0.1629738137125969 21.51386521011591 306.5541020408273 500.814714923501 71.53992926329374 1936.414952509105 59.10767666250467 585.2648054733872 451.9127327948809 254.9447748586535 127.5291161686182 6.302302524447441 47.52053243666887 11.9518224298954 0.9153909832239151 7.776624098420143 41.83007110655308 0.07114528119564056 9.516877084970474 124.1043181866407 46.96033689379692 109.7937664017081 41.51873206347227 1.449708640575409 7.791617423295975 1.729269802570343 29.59438572078943 0.7403019294142723 12.58919802308083 0.6749633550643921 0.5848384723067284 0.2536994181573391 42.91527081280947 27.67617381364107 6.618100292980671 14.22700402140617 415.0038361921906 0.2006099075078964 0.8751958832144737 31.35323940217495 413.6086532101035 32.75953847169876 66.37317573279142 0.1865653991699219 0.2729154825210571 2.483578398823738 6.196535751223564 10.26643734425306 100.0950610041618 9.823129788041115 30.66409891843796 9.150498434901237 26.50500129163265 2.04602275788784 0.6643167287111282 0.3892044723033905
850.9110529720783 0.8210587725043297 1664.351651348174 57.59594409912825 656.2056224122643 5840.82171177119 4356.15723676607 15122.64531693235 56.29644641280174 3559.573632329702 234.3567250519991 1750.391696825624 18.97583372890949 9833.308541003615 555.1879873052239 1.118673175573349 370.8781446665525 54.15079241991043 88.66828980669379 279.1158081740141 572.293222643435 0.7322874292731285 1068.425327017903 743.9629878997803 2.85116932541132 342.515916891396 59.3279977440834 998.7990444079041 1541.915195271373 1108.421693079174 2.419687189161777 1292.45946772024 11.48604265600443 556.1319228932261 14.16298144310713 390.2708197161555 61.46690081804991 876.6498349457979 355.2399183213711 1428.142676562071 367.1000862494111 40.03479393571615 21.83093622326851 9.281288415193558 0.1949213296175003 2.088309571146965 19.96215102821589 0 6.288387708365917 119.4641927555203 43.61074158549309 50.39368499815464 29.98405931890011 3.266340136528015 3.024671591818333 5.321906559169292 31.45741350203753 0.7183453068137169 3.346451304852962 0.7383985817432404 0.3848604038357735 0.2756223753094673 22.33781119436026 5.677350670099258 1.951336763799191 5.204048238694668 250.1695231422782 0.2161059230566025 1.080176457762718 10.99798522889614 324.1811791062355 26.14567564427853 60.54636672139168 0.2189811542630196 0.5215455144643784 0.7643192857503891 10.13499501347542 2.27680592238903 71.62536329776049 5.496138133108616 26.74482925236225 6.72924591973424 19.56113942712545 1.416796900331974 1.139432519674301 0.696517176926136
2.59092490375042 393.0130447968841 3.712946228682995 398.8084867745638 77.61423450708389 143.5079545006156 237.6384556517005 56.29644641280174 1010.984140768647 431.0317642092705 7.518961936235428 466.8782411813736 30.96834378689528 21.70218764990568 866.4346616268158 25.07779780775309 2.748786255717278 1.195958279073238 1.759371846914291 663.9578409790993 24.82778871804476 2805.128966838121 5.301137916743755 10608.01305034012 19.96496452391148 30.74908411502838 1313.295881278813 2307.709754355252 28.60212196409702 158.1150344014168 0.4584643021225929 3.328521810472012 2.235207691788673 8.701977580785751 0.9161319136619568 47.23464570194483 12.17106650024652 18.16431915014982 9.050157219171524 484.9506371691823 3.661427184939384 7.312796458601952 0.3389192819595337 16.37645977735519 4.831778600811958 13.23908786475658 105.5683890134096 0 6.401392236351967 103.8255448713899 35.68331211805344 186.1996737644076 60.6925190538168 2.385772563517094 25.89522896707058 1.180256851017475 37.15104295313358 8.031965024769306 106.3039885088801 1.388689137995243 1.529871456325054 0.3877925202250481 108.5724124237895 246.4839611649513 57.84077852964401 28.66062200814486 1644.70572887361 1.520109310746193 7.372201040387154 35.52393325418234 642.2960960790515 53.41279430687428 153.1884938701987 1.077649116516113 0.1315168738365173 6.585216119885445 13.1294012144208 1.678020067512989 89.07781475037336 9.349417544901371 28.84641273319721 9.442833490669727 43.2636958733201 1.315965265035629 0 0.4789765626192093
290.0472492575645 0.4087403193116188 242.3602729626 1641.174740917981 20.81331072002649 4822.92466981709 5473.74528676644 3559.573632329702 431.0317642092705 22857.50964339077 48.96274296194315 2681.572919458151 6.841113738715649 1388.45920471102 155.2223267629743 4.084804452955723 18.93588597327471 15.42986608296633 9.113843627274036 3571.747611403465 265.5119672492146 1.624020397663116 142.9621098786592 1443.736242428422 0.4262838885188103 43.17216145992279 51.82960019260645 8130.612338073552 1542.511863999069 43.64322163164616 0.7600933983922005 34.37365809828043 166.7126786932349 567.0032501667738 43.07790091633797 1895.921016685665 58.59657952189445 622.9520546123385 412.220804028213 625.1298829317093 138.9629158079624 11.72272560745478 46.72359736263752 7.666397430002689 1.019695460796356 1.951759658753872 244.2375856861472 0.2548803985118866 21.63936983793974 209.1902664080262 88.02119943499565 143.6691184788942 213.475979231298 3.464736923575401 44.61438646912575 6.657710701227188 48.68344639986753 3.123236455023289 2.546188466250896 0.143821582198143 0.8455384001135826 0.08290401846170425 255.1275585368276 7.384784735739231 3.506178073585033 3.836749203503132 749.4200383573771 0.1445633620023727 1.034221768379211 8.996963351964951 810.9270206317306 30.19001211971045 44.43818267434835 0.3392460867762566 1.01391825824976 1.298155054450035 13.82249904423952 5.326893582940102 140.4927743822336 6.475903898477554 36.70037524402142 6.342826806008816 62.55429215729237 3.971784710884094 4.016433328390121 0.8638822883367538
6.825136978179216 133.6591616347432 32.10059195011854 1.526250600814819 281.7817615792155 217.5549542456865 22.76256250590086 234.3567250519991 7.518961936235428 48.96274296194315 7691.431544259191 30.68343354016542 3160.64550062269 545.3257728070021 2.413847856223583 3.534935548901558 542.3626550659537 3455.407572731376 542.2039130628109 5.31669594347477 24.31711072474718 36.54587434977293 56.48096609115601 17.26467517763376 1018.878112174571 4031.271805554628 1080.713354438543 19.32127768546343 730.8023997098207 30.22845812886953 418.1312092393637 338.9853485226631 4.377463296055794 4675.235892519355 3.60135206580162 435.7056011036038 2971.440869525075 3371.840010747313 539.0397415608168 33.88991771638393 222.7587420344353 1078.79696932435 11.81745233386755 0.3372635915875435 5.044641472399235 0.943921372294426 0 0 0.08850809931755066 1.881870463490486 0.533051997423172 0.8303558751940727 0.786233626306057 89.46035728603601 0 395.2974057197571 0.7061905935406685 0 0 0 4.910375095903873 0.423283576965332 0.09667124599218369 0.2460610792040825 0.4703182429075241 0.2572836130857468 5.167395181953907 114.1299399584532 41.57488421350718 85.30879684537649 10.20960421860218 0.6266649886965752 1.80100978910923 40.58109192550182 0 0.1110619679093361 1.428014628589153 0.6976520121097565 42.05898007750511 157.25997158885 15.46416710317135 1.956745862960815 2.02211731672287 0.7903404831886292 84.64365455508232 0
6.705060869455338 0.2089453563094139 3.619500808417797 1690.653851144016 95.96531276404858 3742.653017155826 37.02228606492281 1750.391696825624 466.8782411813736 2681.572919458151 30.68343354016542 5118.1967664361 1.960153363645077 388.8855786770582 1336.719855837524 0 1.329426720738411 8.701103523373604 3.485426172614098 2209.827949151397 1.385147176682949 2.658290781080723 3.127889089286327 805.1651740148664 0.5775634720921516 14.02658729255199 5.071729853749275 359.1140844970942 323.5466412380338 5.537327229976654 0.3137868419289589 52.56822823733091 3.901697151362896 113.1442892923951 6.729645721614361 670.7439916357398 17.71136204153299 217.4362458139658 89.09472918510437 1728.759944573045 40.37093704938889 4.126985386013985 3.701431438326836 1.434399992227554 0.134804293513298 0.1257035732269287 89.56656029820442 0.1464545726776123 6.328428640961647 55.42042537033558 20.55727051943541 47.51984932273626 82.25628456473351 0.2718078196048737 86.25569073855877 0 9.32879327237606 2.926770821213722 0 0 0.1765590161085129 0 122.4608586579561 0.5075243934988976 0 0.1248801499605179 173.5479318574071 0 0 0.2941204011440277 187.6282252520323 6.1855748295784 11.66233822703362 0 0 0.1809271425008774 2.841656699776649 0.38441351801157 81.60411405563354 0.5898633897304535 12.93110202997923 1.501129597425461 50.19475248456001 0.2397347837686539 0.4639304876327515 0.2037160396575928
0.307926706969738 1136.338980063796 0.6077604815363884 0.1185927242040634 14.8859561830759 18.14076264202595 1.059371456503868 18.97583372890949 30.96834378689528 6.841113738715649 3160.64550062269 1.960153363645077 4326.871448852122 29.67087042331696 2.688966147601604 0.652879536151886 2.400101475417614 58.00624597072601 15.92493318766356 0.1376374959945679 3.432687863707542 243.7963628619909 3.941312536597252 30.47247148305178 3933.159787409008 675.7746334448457 4648.407592996955 8.126730866730213 21.07409483939409 1.103081569075584 898.1061060279608 14.94077317416668 0 581.8278072401881 10.43830296397209 196.1399946659803 1083.701553247869 1126.756861820817 97.21511273831129 29.39881775528193 173.271731890738 467.0914356037974 2.049122005701065 0 24.63823921233416 0.7687269747257233 0 0 0.1464163213968277 0.1723256781697273 0.3150187507271767 0.555083230137825 0.09101688116788864 138.631950378418 0 633.3260321691632 0.2768740504980087 0 0.1420346647500992 0.250323124229908 12.48909041285515 1.119866944849491 0 0 1.301145330071449 0.8331265449523926 1.162963882088661 189.7878327593207 83.86604418605566 183.6462750658393 0.4036248326301575 0 0.09034193307161331 87.01848602294922 0 0 1.657270088791847 31.03169643878937 35.30965786427259 264.3421864509583 20.67199226468801 1.354406334459782 0 0.3344945013523102 151.1068214848638 1.50622284412384
6100.814855657518 2.456827372312546 1491.126411817968 26.8367530182004 185.1759335398674 1083.83415555954 5448.165988944471 9833.308541003615 21.70218764990568 1388.45920471102 545.3257728070021 388.8855786770582 29.67087042331696 10368.42547338083 110.7458024024963 1.737000808119774 385.8048546425998 145.5248332619667 134.3794836178422 92.70282495766878 663.7746578976512 0.9488817751407623 1302.353537768126 338.1954565793276 4.812806040048599 418.0892973132432 70.15115361660719 577.7020191289485 6871.333798680454 2537.704417012632 5.072113648056984 252.181692738086 30.67458889633417 1604.66332950443 17.24341467022896 425.2049721330404 93.54056143760681 1352.829172547907 322.6166061908007 645.0976015850902 203.9090204462409 29.54902993887663 15.92573485523462 3.399178646504879 0.3716376125812531 1.835065886378288 3.213231168687344 0.1563508212566376 1.088595241308212 42.48837667703629 15.41459249705076 19.19001745432615 7.813566632568836 0.4414578974246979 0.6628718674182892 1.051466554403305 13.30861709266901 0.2203862816095352 2.155249454081059 0.2878106236457825 0.4428890943527222 0 2.567814886569977 4.301572732627392 1.379429653286934 2.897102810442448 88.52049910277128 0.175221711397171 0.8649857975542545 6.232953526079655 125.0562846511602 9.43986901640892 33.74666251987219 0.2202490419149399 0 1.440786331892014 3.958790272474289 2.920623548328876 35.37941239774227 4.96860907971859 11.21856644004583 2.747042864561081 5.347042843699455 0.7898159176111221 0.8966368585824966 1.485590666532516
0.2399224489927292 4.003503747284412 0.5464912876486778 64.35688764601946 841.5325339436531 3126.018401935697 18.7166837528348 555.1879873052239 866.4346616268158 155.2223267629743 2.413847856223583 1336.719855837524 2.688966147601604 110.7458024024963 446.7080570012331 0.197368785738945 0.4337329789996147 0.4176614731550217 0.2446012198925018 253.5725730359554 0.29877919703722 46.29667770862579 0.1333622187376022 1146.983441956341 0.09837766736745834 1.420135818421841 30.68552553653717 116.7852940559387 55.68060955405235 3.182077117264271 0.1118819937109947 165.9974283352494 0.2798349559307098 134.829177044332 0.2989106178283691 83.74942756444216 0.5313548445701599 25.83507376164198 10.76765364408493 1043.844055950642 90.74399621039629 4.214362934231758 0.7466704994440079 0 0 0 1.446348160505295 0 0 2.366203188896179 0.1912766098976135 1.29407025128603 1.573286965489388 1.353429794311523 0.5107933878898621 0 0 0.2737329751253128 0.1089028045535088 0 0 0 1.880610056221485 0.2625730037689209 0 0.09711077064275742 5.636834196746349 0 0.2558736130595207 0.3085955679416656 3.663911774754524 0.3086006641387939 0.4298721253871918 0 0 0 0 0.2172956317663193 3.98797120153904 0.476626455783844 0.8970797881484032 0 2.81572163105011 0 0 0
0.2036733999848366 4.487481273710728 17.30037934333086 0.1382809579372406 0 0.5536149963736534 54.8127476349473 1.118673175573349 25.07779780775309 4.084804452955723 3.534935548901558 0 0.652879536151886 1.737000808119774 0.197368785738945 2841.605041258037 31.701037324965 1.275944091379642 7.052168123424053 0.1319642513990402 2019.854146935046 2287.461690574884 2458.658395186067 2677.545776851475 0.706762284040451 5.452418811619282 4166.874843634665 699.1772509738803 1.431993544101715 27.0517800450325 0 0.2510242760181427 0 84.65639954805374 22.49783977121115 1142.562414981425 536.0952834486961 251.0465304031968 298.1878444924951 29.09563056379557 4.077795699238777 3.509460031986237 7.296050034463406 2.756144143640995 2.055099047720432 55.21995916962624 0 0 0.08870630711317062 15.65025265514851 1.180596463382244 23.30271371454 1.292053744196892 1.113968566060066 0 2.992570400238037 4.863164395093918 0 1611.332445755601 2.673351481556892 0.3190235495567322 0.5736927762627602 0 640.2974095866084 703.4552705213428 1690.371073767543 244.2752520516515 0 3.274686023592949 394.5030241310596 153.1309795454144 15.46496123820543 74.8437325283885 0.2065714746713638 0 6.216617651283741 8.546452023088932 3.199617654085159 737.9213973805308 35.9628514572978 19.86290048807859 13.29628843069077 4.692852027714252 0 0 0.2394659891724586
248.7178730145097 8.540704503655434 6881.075096979737 0.2008320540189743 2.023886159062386 18.27009832859039 54.3832009807229 370.8781446665525 2.748786255717278 18.93588597327471 542.3626550659537 1.329426720738411 2.400101475417614 385.8048546425998 0.4337329789996147 31.701037324965 525.7012287899852 184.1607856601477 2857.294044032693 0.440799817442894 520.8552736788988 8.412418507039547 2358.186070494354 53.05901618301868 0.5043391063809395 1976.446758590639 4984.406834088266 42.96986068040133 718.5134125910699 670.2749744430184 0.1173592656850815 2.4165029078722 16.81621757149696 2077.346101999283 8.340303510427475 463.6307751387358 2568.107799895108 1707.249943085015 474.8315147832036 11.28917150944471 6.013516515493393 13.96351212263107 2.849177747964859 0.09609527885913849 5.068552255630493 22.48273282498121 0 0 0 0.2112919762730598 0.1216543093323708 0.348960667848587 0 0 0 0.1763903200626373 0.1402798444032669 0 5.829151257872581 2.523001328110695 0.1007807701826096 1.670905627310276 0 4.894438602030277 2.877730973064899 7.857315875589848 3.534972824156284 0.1737160533666611 49.30037331581116 148.4012404233217 2.074311979115009 0.1772228851914406 1.692438647150993 0 0 0.5011309683322906 0.7204348146915436 0.3241254091262817 9.089294768869877 89.69899099320173 2.8714809268713 0.809547632932663 0.1333539038896561 0 0 0
10.12991685420275 4.074147172272205 62.96794200688601 0.5273053571581841 32.03656157106161 34.06519369035959 8.670504808425903 54.15079241991043 1.195958279073238 15.42986608296633 3455.407572731376 8.701103523373604 58.00624597072601 145.5248332619667 0.4176614731550217 1.275944091379642 184.1607856601477 278.0024706050754 809.5392552837729 2.162385702133179 5.233131937682629 2.30634855479002 16.20364986360073 7.484909303486347 17.77020201832056 5340.733075000346 1182.548211611807 7.739585936069489 174.0831429734826 18.9788649007678 24.03736308217049 53.48474495112896 1.315316319465637 937.4522877782583 3.343004994094372 431.242908410728 1648.270191974938 1631.49048653245 361.1803598254919 12.2943452373147 41.85191412270069 124.7397037521005 3.243109084665775 0 2.790734030306339 2.513015933334827 0 0.1029360815882683 0.1053802445530891 0.808383122086525 0.1890556663274765 0 0.1028647422790527 8.864818528294563 0 73.92066974192858 0.574724480509758 0 0.1962835565209389 0.6069030314683914 13.89734833687544 1.587723597884178 0.0813947394490242 0.3177343234419823 0.2311065569519997 0.2953456193208694 1.776685066521168 13.81627437472343 65.10704703629017 111.26566003263 2.28575748950243 0.1607381105422974 0.9850999936461449 26.90279665589333 0 0 0.4147293791174889 2.624114066362381 15.07145831733942 27.61924335360527 2.908293694257736 1.547036617994308 0 0 1.372344672679901 0.2394498586654663
56.60831126570702 9.340293511748314 393.9152182340622 0.08642536401748657 7.014250308275223 11.26680482178926 8.717803336679935 88.66828980669379 1.759371846914291 9.113843627274036 542.2039130628109 3.485426172614098 15.92493318766356 134.3794836178422 0.2446012198925018 7.052168123424053 2857.294044032693 809.5392552837729 2650.438632629812 1.215767115354538 42.95064786821604 6.324301064014435 151.6512623503804 13.06484749168158 6.966658562421799 4485.61999566853 1821.497804619372 10.23474135994911 297.0351662039757 138.3775631114841 4.237144127488136 15.45625438541174 7.876648120582104 1786.441665790975 7.183943763375282 843.5214042812586 1790.117862738669 1794.493854917586 483.4250681176782 12.78770018368959 16.93018623441458 9.003785692155361 3.939392112195492 0 7.465272702276707 11.04453371465206 0 0 0 0.241748072206974 0.1267724484205246 0.1111497208476067 0 0.8694149479269981 0 3.438384048640728 0.1111624017357826 0 1.1807044968009 3.084316402673721 3.168221890926361 5.115597136318684 0 1.924320757389069 1.182004734873772 1.189935624599457 0.9541823640465736 2.252781644463539 94.25237566977739 156.8959444388747 1.20259115844965 0.1857485175132751 0.5244149714708328 2.51940680295229 0 0.16750667989254 0.4948834553360939 0.9232395440340042 6.817410133779049 67.87055281549692 2.806337460875511 0.3507613018155098 0 0 0.215471476316452 0.5345325469970703
8.113868996500969 0.1113559007644653 1.263961844146252 2443.496139079332 10.84481036663055 319.2539885044098 65.98633784800768 279.1158081740141 663.9578409790993 3571.747611403465 5.31669594347477 2209.827949151397 0.1376374959945679 92.70282495766878 253.5725730359554 0.1319642513990402 0.440799817442894 2.162385702133179 1.215767115354538 343.7113237306476 1.449276469647884 0.5441122502088547 1.22500791400671 836.2489287406206 0 3.659107953310013 1.084752589464188 1122.32127622515 126.7325138524175 2.452737614512444 0.09859734028577805 6.496507033705711 10.76171747595072 47.33331944793463 3.988057218492031 436.3913280293345 9.26068027317524 64.73011358082294 37.91984666883945 604.6891699656844 15.68057744204998 1.12623555213213 4.688946008682251 4.205454938113689 0.5760760009288788 0.3440533578395844 209.4861563518643 0 16.19112455099821 103.6252265125513 33.26202770322561 107.7825233563781 154.324243940413 1.874618351459503 53.66773464530706 2.056172847747803 19.88819030672312 5.919208325445652 0 0 0.7357447668910027 0.3106637969613075 220.8468681126833 0.9713309779763222 1.089151680469513 1.568400025367737 438.5371967330575 0.411295123398304 0.8415378928184509 0.4551170393824577 432.295986674726 13.12068117409945 15.70816913247108 0.3613645508885384 0.8938856720924377 0.2459552362561226 4.702200375497341 0.9598735347390175 81.76152504980564 1.258116707205772 23.95593955367804 4.609361842274666 83.03161811083555 2.588035210967064 0.4827276766300201 0
249.4370477646589 0.1185430437326431 1349.065425693989 2.708133392035961 1.306455120444298 94.03786856308579 2387.308839403093 572.293222643435 24.82778871804476 265.5119672492146 24.31711072474718 1.385147176682949 3.432687863707542 663.7746578976512 0.29877919703722 2019.854146935046 520.8552736788988 5.233131937682629 42.95064786821604 1.449276469647884 17166.52765667439 206.4187720343471 19401.47456415743 722.9923886433244 1.879208892583847 46.1389589831233 1700.50039614737 6941.780820347369 214.798504896462 8500.44600263238 0 2.171345241367817 16.10614506155252 3918.560806654394 202.9309018626809 8731.621753364801 1020.297680132091 2875.563510105014 2614.14298132807 176.4911686107516 30.18095828592777 10.83909885585308 39.51068514585495 20.5337301492691 0.3261701613664627 77.37896877527237 0.3379377946257591 0 1.434246674180031 30.79940785467625 7.231340199708939 56.56954263150692 1.784603238105774 1.43599521368742 0.1100519523024559 3.456034064292908 26.44315948337317 0 437.2985930293798 3.858890525996685 0.09635643661022186 1.265979565680027 1.604867503046989 1041.963371053338 167.3718893006444 304.43842548877 515.7205843925476 0.09464344382286072 4.465322971343994 67.95354405790567 344.7738786935806 75.91349783539772 278.9938072115183 0.1479984223842621 0.1724706143140793 14.45405277609825 24.19547013193369 30.19904789328575 641.9955527558923 21.97061254829168 43.78446154296398 17.98580914735794 13.22772625088692 0.6018385887145996 1.123094528913498 0.141673818230629
0 1254.588591575623 6.126334048807621 0.1247761622071266 0.5822718739509583 1.084241680800915 9.538236364722252 0.7322874292731285 2805.128966838121 1.624020397663116 36.54587434977293 2.658290781080723 243.7963628619909 0.9488817751407623 46.29667770862579 2287.461690574884 8.412418507039547 2.30634855479002 6.324301064014435 0.5441122502088547 206.4187720343471 1383.854083240032 324.0615034997463 6582.653691612184 192.8257633298635 112.3348355963826 5538.636143513024 184.1960880607367 0.5498345643281937 11.5209708660841 3.655856095254421 0.1865002363920212 0.1970625221729279 24.469427742064 1.539476379752159 44.1042637526989 51.87644280493259 35.60527871549129 4.72303918749094 72.88307961821556 0.2971487492322922 70.02057407796383 0.1116267368197441 0.9269133806228638 18.8265787512064 73.54319624602795 0.1841464936733246 0 0.08212384581565857 6.108510591089725 0.9741521179676056 51.23813869059086 0.5543810129165649 1.517667159438133 0 7.791633896529675 1.567168846726418 0 1439.121029898524 7.095695368945599 1.414760932326317 2.527381673455238 0 236.6661738827825 141.6634534969926 900.2953246608377 169.4781909883022 6.293277658522129 28.53268234431744 1489.304743468761 57.39859471470118 4.041848957538605 22.34323494136333 1.774122267961502 0 0.2175284400582314 8.562860526144505 0.537507601082325 62.639365054667 42.09838513284922 19.4277820661664 7.179063148796558 0.7070188149809837 0 0.646935947239399 0
685.7246747761965 0.3233988657593727 9562.47659137845 1.583502076566219 2.109951518476009 80.65901976823807 1021.809532895684 1068.425327017903 5.301137916743755 142.9621098786592 56.48096609115601 3.127889089286327 3.941312536597252 1302.353537768126 0.1333622187376022 2458.658395186067 2358.186070494354 16.20364986360073 151.6512623503804 1.22500791400671 19401.47456415743 324.0615034997463 12709.16345913708 591.8055647164583 2.070398986339569 495.4979480281472 7812.219092607498 694.4483346790075 1198.579617194831 3623.958538040519 0 5.777798660099506 32.28954391181469 3925.965386547148 241.2414696440101 8734.686747811735 8612.163789086044 6411.460066899657 5968.375223480165 348.7947366312146 62.40174178034067 24.83802075684071 76.36479220539331 1.575470507144928 3.019520998001099 151.2048800736666 0.2021869346499443 0 0.1922005414962769 15.73982974886894 2.712975472211838 6.68081621825695 1.731989398598671 0.750313013792038 0 2.686823099851608 2.845406591892242 0.1587283760309219 1253.99287968874 4.125462546944618 0.08799640089273453 1.756972700357437 0.5551357269287109 268.7377417236567 325.4213657751679 1630.171130798757 93.67647989839315 0.185109406709671 2.803994968533516 998.9548196047544 56.1260444149375 7.63863231241703 40.33421902358532 0 0 3.098468653857708 7.538194932043552 48.28094456344843 800.4920334890485 244.5633940026164 37.19361203163862 28.92507322132587 4.198528908193111 2.15541198849678 0.2187373340129852 0.8967892825603485
52.28549409657717 433.4260501861572 109.9814937785268 1871.242788799107 28.00925554335117 281.7678635269403 1445.837993726134 743.9629878997803 10608.01305034012 1443.736242428422 17.26467517763376 805.1651740148664 30.47247148305178 338.1954565793276 1146.983441956341 2677.545776851475 53.05901618301868 7.484909303486347 13.06484749168158 836.2489287406206 722.9923886433244 6582.653691612184 591.8055647164583 10046.76623181999 23.97326441854239 47.90712664276361 4652.905178904533 10580.30950865895 627.9479510784149 654.5358611866832 0.8747952952980995 12.71690790355206 128.013186506927 290.6582342460752 68.89120211452246 2251.502727530897 125.0546277165413 421.1637436747551 358.9214856103063 812.3224617689848 69.91896222531796 13.50249651819468 20.27321569621563 83.04051368683577 6.095751650631428 70.129309207201 280.2611900120974 0.7864537313580513 30.20133110880852 533.0763557180762 175.2929540500045 974.5552328526974 226.0878438577056 5.583923205733299 69.40602447837591 14.86021535843611 170.1163099631667 9.178149856626987 175.9360843449831 5.937973365187645 2.120362587273121 2.659796461462975 275.4607322216034 630.4431708008051 103.7857168540359 93.88510467857122 2984.09811154753 1.781226992607117 18.51096603274345 140.209193341434 2289.105906628072 265.3111422285438 656.6552608311176 1.559194460511208 2.789023831486702 26.37584721297026 65.76082479208708 15.32982509583235 466.9012213498354 48.14703574776649 156.0361587479711 40.13109696656466 118.3241539746523 9.215146861970425 3.206422500312328 3.477807074785233
0 1075.28968706727 1.565270066261292 0 3.555622108280659 3.217537350952625 0.1946605890989304 2.85116932541132 19.96496452391148 0.4262838885188103 1018.878112174571 0.5775634720921516 3933.159787409008 4.812806040048599 0.09837766736745834 0.706762284040451 0.5043391063809395 17.77020201832056 6.966658562421799 0 1.879208892583847 192.8257633298635 2.070398986339569 23.97326441854239 582.4520092234015 627.5741757750511 4144.770514458418 2.752195939421654 4.522322662174702 0.3298744112253189 219.0585381388664 2.44573438167572 0 317.3266302421689 9.631154537200928 54.57936283946037 134.8673958256841 547.6643567755818 23.0370037406683 2.988684177398682 29.1224552989006 414.569273494184 5.234301090240479 0 36.55667451769114 0.4460100457072258 0 0.1349292248487473 0 0 0.1998631209135056 0.8070597723126411 0 85.35654830187559 0 257.3735063746572 0.1068930774927139 0 0 0.7645117491483688 16.38381154090166 1.083797790110111 0 0.9683869481086731 0.6499737873673439 0.1336496025323868 1.035297781229019 48.71853042393923 111.7393599674106 403.4070029035211 0.09135765582323074 0.2053980007767677 0 23.90221408009529 0 0 2.736805953085423 2.669678807258606 21.68674103915691 47.70232816785574 24.74469850212336 1.946665942668915 1.677448272705078 0 22.43153016269207 0
111.0668590739369 387.9812901616096 4535.077444985509 1.352174960076809 57.72745935618877 69.32461176067591 60.68547020480037 342.515916891396 30.74908411502838 43.17216145992279 4031.271805554628 14.02658729255199 675.7746334448457 418.0892973132432 1.420135818421841 5.452418811619282 1976.446758590639 5340.733075000346 4485.61999566853 3.659107953310013 46.1389589831233 112.3348355963826 495.4979480281472 47.90712664276361 627.5741757750511 23247.80811887234 15240.50274523348 38.85636428743601 400.4057946875691 82.90299550443888 445.6931328326464 89.14394709467888 6.915193341672421 1677.60771265626 16.00091893225908 1920.168424040079 14153.53470707685 3611.429726324975 778.0331353694201 42.23417712002993 78.73516824841499 700.3705232068896 14.44496960937977 1.03098314255476 303.0634189173579 204.6503645181656 0.1015084683895111 0 0.2224828228354454 4.480104021728039 2.73379261046648 5.024466969072819 0.301092192530632 230.6988289058208 0.2131151929497719 1830.928202964365 4.201037131249905 0.1015599593520164 2.168189272284508 41.73544575273991 386.8545783013105 92.17005916684866 0.2759339809417725 2.304633222520351 10.05522632598877 7.261952795088291 8.318732239305973 398.5630524381995 3014.996294088662 5791.263958223164 5.167534664273262 2.557170532643795 3.358244247734547 613.0738553404808 0.1926219761371613 0 20.23324073851109 6.031667523086071 96.62438359856606 1363.994883954525 91.22449137270451 12.25472784787416 2.167612046003342 0.4194297045469284 28.36520330607891 0.1396842747926712
15.16230556368828 5071.161126151681 4971.137864679098 1.269356958568096 10.16533050686121 26.21852647513151 352.7675350308418 59.3279977440834 1313.295881278813 51.82960019260645 1080.713354438543 5.071729853749275 4648.407592996955 70.15115361660719 30.68552553653717 4166.874843634665 4984.406834088266 1182.548211611807 1821.497804619372 1.084752589464188 1700.50039614737 5538.636143513024 7812.219092607498 4652.905178904533 4144.770514458418 15240.50274523348 25628.59322027117 718.9919177591801 83.01663894206285 42.36669877916574 1139.059784159064 17.63805482536554 1.35532520711422 2367.808369167149 131.4572083875537 6252.183120958507 7643.519626125693 6896.336196154356 1801.141599245369 234.9497001245618 31.97142708301544 193.7308003753424 47.24821147322655 1.690707869827747 1612.12978618592 2143.977055393159 0.1372522860765457 0 0.1042963266372681 33.27385348081589 6.050541289150715 17.46758149564266 1.540830418467522 145.0366506576538 0.4300959408283234 1015.590889558196 10.34058620780706 0 1058.21336761862 225.1454877108335 266.9956703186035 125.9523202627897 0 53.97524452954531 714.4182213768363 1273.794508561492 58.58684845268726 339.3166627064347 3716.091993913054 17317.91157225519 44.01987043023109 6.645823255181313 39.48621018230915 387.7420332208276 0.09569216519594193 0.3351590931415558 71.37464782595634 28.05602449178696 527.1618403196335 3661.874050550163 308.4815962910652 78.90436363220215 9.346287786960602 0.4714031666517258 18.63620214909315 1.547795176506042
123.7683087587357 16.66703825443983 178.5388878807425 1830.046873837709 10.32261566072702 438.1529683545232 16527.93075679243 998.7990444079041 2307.709754355252 8130.612338073552 19.32127768546343 359.1140844970942 8.126730866730213 577.7020191289485 116.7852940559387 699.1772509738803 42.96986068040133 7.739585936069489 10.23474135994911 1122.32127622515 6941.780820347369 184.1960880607367 694.4483346790075 10580.30950865895 2.752195939421654 38.85636428743601 718.9919177591801 24286.25095359981 1178.132638670504 6322.623625487089 0.1786188706755638 16.42682931572199 238.2192704752088 586.7898189872503 127.4015089422464 3997.487348519266 195.371735855937 733.0829515904188 679.1264347210526 364.2698589637876 91.6327840834856 15.97353703528643 41.12635415047407 132.1935874149203 4.605149857699871 46.33706871420145 181.407437056303 0.8791060075163841 35.59438870102167 723.8306250199676 214.7146461233497 752.4706443324685 153.9066841229796 8.900535270571709 34.77167328447104 22.83477526158094 251.2534607946873 6.834434762597084 79.44705884158611 6.129459850490093 4.433557599782944 4.103425040841103 169.6775087714195 439.0728033706546 48.13221070170403 63.12169676274061 2714.351511783898 3.825779423117638 7.774186365306377 52.58467521518469 2602.15301118046 406.0892105400562 1009.88972081989 2.478171743452549 2.021484695374966 35.69049755483866 77.64423589408398 19.8846847563982 701.1771845929325 18.62280500680208 196.395886875689 46.70207216590643 115.1156887486577 12.48380304127932 3.012931928038597 4.541597545146942
