1149.103965379298 0.8016030713915825 158.8665514141321 3.801681116223335 0.1081795990467072 30.1144190877676 1871.539918899536 1278.500731304288 1.525410205125809 85.10127367079258 7.295770220458508 4.041851207613945 0.4303694441914558 6740.423384793103 0 2.207027241587639 63.76770929992199 1.059456259012222 10.20513337105513 8.956973440945148 89.69174809008837 1.09210442006588 130.0299920216203 18.14824134111404 0.1672105938196182 35.81611521542072 43.95642521977425 56.54341468960047 3140.584868960083 3449.897528812289 0.1140380725264549 4.787224188446999 531.910537160933 174.1453996673226 2.837923407554626 57.26869604736567 5.688934303820133 61.60914106667042 17.7696929872036 3.545693054795265 3.315808080136776 0.4843744933605194 0.09219102561473846 0 0 0.1654545962810516 0.1002809330821037 0 0.1775866448879242 1.736099630594254 0 0.808631420135498 0 0 0 0 0 0 0.7648416608572006 0.2883772850036621 0 0 0.2427347600460052 0 0 0 3.273941524326801 0 0.555405892431736 1.027485005557537 2.809937387704849 0 0.5348621606826782 0 0 0 0 0 2.219649612903595 0.1084684506058693 0 0 0 0 0 0
0.8016030713915825 346.6714095026255 597.2297327667475 0.2066245973110199 0 3.704685442149639 54.04758135974407 1.984897427260876 187.6720088869333 2.495788067579269 539.3390138223767 0.3261420950293541 391.6906252652407 2.524241372942924 0.4778645187616348 562.7874054759741 16.56157434731722 7.763741910457611 26.70929781347513 0 51.40813813358545 3497.153888039291 128.3087389394641 751.0921467393637 3552.161422282457 1221.819914661348 7305.527512103319 259.6002769693732 3.370227001607418 41.40121611952782 39.66597971320152 0.1169369965791702 1.09320205450058 25.28576403856277 0 14.38220636546612 93.16087912768126 36.32267498224974 10.32566595077515 0.5972234830260277 1.165193855762482 2.67298811674118 0.1892380714416504 0.6540370136499405 228.5430705398321 131.262522354722 0.1185894906520844 0 0 0.3085654452443123 0.07350999116897583 0.4964777529239655 0 3.628866359591484 0 22.3520627990365 0.4820516332983971 0 6.500242859125137 49.81851264089346 0.6857654303312302 19.46283106505871 0 0.3935964852571487 13.95805196464062 18.25034607201815 1.833916991949081 124.6561524048448 397.012675717473 2057.285633966327 2.529204078018665 0.2459229156374931 1.109117671847343 6.149372294545174 0 0 11.29435274749994 0 7.877974785864353 15.33127119392157 23.95605498552322 2.768993116915226 1.268722295761108 0 0 0.3926339447498322
158.8665514141321 597.2297327667475 5444.443600401282 7.846391402184963 0.1170237958431244 37.40627517923713 819.8992618843913 290.994534958154 1.835910439491272 41.65335807204247 23.57360184192657 0.7177452445030212 2.792906403541565 455.3757864125073 0 19.5154337361455 4587.061851494014 9.519824720919132 309.9980165362358 12.37338629364967 1445.361604131758 248.8166801854968 14977.90789660811 38.99529131501913 67.56097891926765 8220.257838964462 6812.921611875296 699.6241477057338 277.3785078823566 1633.172558825463 0.698484905064106 1.340526156127453 31.16225744783878 2582.178261689842 22.18156779557467 1064.985074423254 2772.446802422404 2721.033862896264 614.6646433770657 59.80489149689674 2.37886918336153 3.271147951483727 1.734081767499447 0.6715011969208717 384.6153688952327 254.4681893140078 0 0 0.07532129436731339 3.582754649221897 0.08362668752670288 1.60920113325119 0 0.5254604369401932 0 0.4384669587016106 1.820170029997826 0 10.32817228883505 36.99204055964947 0.6255074739456177 7.897639043629169 0 2.934590369462967 86.90581369400024 70.33344273269176 6.953619949519634 7.713371068239212 139.796786300838 1422.999612256885 4.79623682051897 1.34008464962244 2.154680460691452 0.3075094595551491 0 0 15.38760508596897 3.721993699669838 27.01479354500771 24.52634333074093 40.10737936198711 9.786715194582939 2.046794176101685 0 0 0.3393078744411469
3.801681116223335 0.2066245973110199 7.846391402184963 3830.471645720303 0.7369581237435341 142.3323758020997 201.6818899214268 65.99232643097639 438.2538955435157 3065.667388230562 3.593713700771332 1125.302108556032 0.4808810502290726 55.41278933733702 40.93958505988121 1.402335688471794 1.358903378248215 0.7274038270115852 0.7583388984203339 4288.259253591299 9.863070845603943 0 3.529147669672966 2151.893744014204 0 3.161913350224495 4.545893184840679 6211.575786411762 96.11106050759554 6.971700422465801 0 3.840524815022945 5.148168206214905 64.74766393005848 9.448936030268669 285.5559875667095 4.883531033992767 114.5019900649786 44.72988397628069 77.91405150294304 26.01105891168118 1.079113088548183 7.626630589365959 0 0.1174847930669785 0 362.2062604948878 0 2.621742427349091 22.49905539304018 0.1761800944805145 85.4350713044405 90.43474776297808 0.1708509474992752 77.12065769731998 0 1.283250033855438 0.2410578280687332 0.5690528154373169 0 0 0 93.3521967753768 0.1480889022350311 0.104956366121769 0.129436582326889 137.4533212557435 0 0 1.295958280563354 148.9525485783815 2.471599601209164 0.8855331838130951 0.1105865836143494 0.1171591579914093 0 2.986694850027561 0.2137036174535751 8.55114971101284 0 5.428777702152729 0.405951127409935 35.49254697561264 0 0 0
0.1081795990467072 0 0.1170237958431244 0.7369581237435341 125.4937813282013 404.2837141156197 0.6623625084757805 37.25907176733017 35.81128323078156 3.411328926682472 22.53918539732695 104.7237660065293 6.024392291903496 0.8696229457855225 1056.2755632177 0 0 0.7111988663673401 0.1292542666196823 4.131847128272057 0.2211893051862717 0.2100480198860168 0.4162536561489105 18.08138112723827 0.9823242723941803 0.9257946386933327 0.2255311980843544 4.775379940867424 3.91502907127142 0.2015209197998047 0 240.1484852135181 0 422.1037798449397 3.688265830278397 54.99857709556818 6.37866897881031 134.9456752687693 48.54623094201088 1158.943131990731 303.9858000800014 14.46422696113586 2.547198861837387 0 0 0 0 0 0 0 0 2.267450541257858 0 3.976606547832489 0 0.1311362534761429 0.1437338143587112 0 0 0 0 0 0.1976090669631958 0 0 0 0.1654016822576523 0 0 0 1.888152897357941 0 0 0 0 0 0.2643303871154785 11.3865102827549 0 0 2.671660244464874 0.52276811003685 3.264524221420288 1.071640491485596 0.8766288757324219 0
30.1144190877676 3.704685442149639 37.40627517923713 142.3323758020997 404.2837141156197 9826.964878477156 2355.659442741424 10662.64173937589 167.7308586314321 7511.331092055887 156.7481428645551 5389.792838945985 36.45711769163609 1437.797390773892 2362.453934721649 8.787258721888065 7.868794575333595 17.4599633961916 18.12568670511246 830.1383120492101 37.1761042624712 7.800717443227768 18.36162100732327 296.146742798388 3.752859555184841 36.83405612409115 44.97428031265736 1672.395794697106 983.8642802871764 43.04933167994022 1.384284019470215 274.5376904681325 10.9463669359684 892.8862662017345 10.93141403049231 827.802625797689 53.15054393559694 999.5662976652384 322.7141553238034 4254.704111970961 304.8169387355447 51.58631943166256 24.7154027223587 0.09771941602230072 0.2938203439116478 0 10.63642328977585 0 0.1905309706926346 13.18648538738489 1.337825357913971 23.7455644980073 17.64709781110287 8.023395299911499 8.133771762251854 0.81038748472929 0.2471886202692986 0 0.8509564623236656 0 0.1047978103160858 0 16.06364610046148 0.2047891914844513 0 0.3885244801640511 42.46532490104437 0 1.070289738476276 2.839668467640877 78.29936094582081 1.491204850375652 0.7339842766523361 0.3639391660690308 0.4730008393526077 0 4.205580905079842 4.637229733169079 11.89276941865683 0.3887280523777008 9.549073979258537 6.830257743597031 24.76560074836016 3.982589468359947 4.866581946611404 0
1871.539918899536 54.04758135974407 819.8992618843913 201.6818899214268 0.6623625084757805 2355.659442741424 10776.30342843756 3466.694073695689 75.82217168062925 4416.752821002156 23.55861803889275 48.94664062559605 5.389014810323715 5675.846609894186 7.642619267106056 187.8577383980155 105.8925754055381 3.914867348968983 17.77632836997509 146.1192658692598 1094.683995574713 30.38567002117634 601.9337517395616 1092.443258218467 2.926842600107193 192.2020900845528 630.882835008204 16091.16478612274 1301.205624945462 4691.97886980325 0.1788841336965561 14.80165600031614 91.77795021235943 598.1523664742708 58.30472003668547 1774.438217803836 47.06976619362831 875.6022372096777 339.3058598935604 148.9146350547671 66.11103492230177 6.380574561655521 15.82215697318316 0.7136441767215729 1.432444997131824 3.028770804405212 13.45696471631527 0 0.1412623375654221 64.25175946205854 1.653185568749905 58.91403357684612 12.88075449317694 1.264109127223492 1.926315329968929 0.09782437980175018 4.027401082217693 0.09486474096775055 28.73056976497173 0.3675708621740341 0.1144450455904007 0.2826749682426453 11.52714274078608 8.456777721643448 10.36018092185259 11.16778442263603 150.4517431035638 0.2361936643719673 1.786981843411922 29.05563148111105 221.0647081509233 5.434974379837513 49.19857943803072 0 0 0.7936585173010826 5.677656546235085 1.622825063765049 49.42407444864511 0.4673202186822891 7.715648159384727 3.627115860581398 13.11998502910137 0 0 0
1278.500731304288 1.984897427260876 290.994534958154 65.99232643097639 37.25907176733017 10662.64173937589 3466.694073695689 7437.835568778217 56.12649186700583 2281.481158100069 32.8692489117384 1018.122726052999 9.429318964481354 8331.488586679101 562.1689853817225 6.252761237323284 84.6896281093359 3.471450962126255 16.75084377080202 383.3786562010646 156.3695709183812 5.407395146787167 189.0370610579848 214.7264681905508 1.702370643615723 71.62594148516655 86.33071568235755 566.0350642874837 1252.124999761581 1301.836202152073 0.1881692185997963 95.0280379652977 13.59597205370665 364.1171395964921 11.82810059189796 574.8495990335941 23.2162928879261 656.7552902065217 217.7506604269147 1625.8673446998 87.94680023193359 12.85751673579216 12.75433237850666 0 0.1914627030491829 0.1184642612934113 3.231276050209999 0 0.1583839058876038 11.83687364310026 0.5287397652864456 12.7778751924634 2.511817008256912 1.806191302835941 0.7881140410900116 0.3422636389732361 0.4300532117486 0 3.597478270530701 0 0 0 3.049497775733471 0.8378298580646515 0.5520589053630829 0.8694681227207184 28.02661872655153 0 0.1132945269346237 3.313296422362328 68.57410687208176 2.143390402197838 3.694459065794945 0.149642750620842 0 0.1414799988269806 2.606979958713055 1.05033028870821 10.10665162652731 0.08490278571844101 8.514190025627613 2.423683434724808 11.59602660685778 0.6330017447471619 1.87670861184597 0
1.525410205125809 187.6720088869333 1.835910439491272 438.2538955435157 35.81128323078156 167.7308586314321 75.82217168062925 56.12649186700583 608.4924169182777 103.9076374694705 3.595667697489262 579.1199216395617 0.5741980969905853 22.17417429387569 548.3334083855152 161.7333118319511 0.1106725558638573 1.250256970524788 0.3089485466480255 542.1242176815867 20.56505769491196 2763.867206268013 10.60209432244301 9251.486284121871 14.73923855274916 2.090687349438667 30.43898479640484 1179.998449482024 45.56250294297934 61.05612321943045 0.3796088546514511 2.358524605631828 6.730480670928955 38.05462823063135 3.390102781355381 339.6469963043928 9.726944290101528 82.96933199465275 22.60230007022619 399.8060831651092 5.817989647388458 1.336470156908035 0.1194293200969696 1.352560214698315 29.79249350726604 2.296499893069267 74.85194342583418 0 3.836982034146786 157.8951689079404 5.350249707698822 55.71423019468784 61.64410997927189 1.75018435716629 23.54528857767582 0 5.456438578665257 0.6735162958502769 87.1917021125555 0.9732892587780952 0.14407117664814 0.2860160171985626 52.40514859557152 34.89849042892456 341.4341317936778 7.678668700158596 883.5942226871848 0 0.3152424693107605 5.646230630576611 844.3658297210932 18.38971239700913 134.5618455931544 0 0.1143222823739052 2.275433979928493 13.93180346488953 0.2967370003461838 69.47573904693127 0.86551433801651 17.39188154786825 4.763239823281765 26.4511601254344 0.1103476360440254 0 0.3836926817893982
85.10127367079258 2.495788067579269 41.65335807204247 3065.667388230562 3.411328926682472 7511.331092055887 4416.752821002156 2281.481158100069 103.9076374694705 25061.24107504636 43.4273480027914 5823.942935429513 6.196563042700291 1673.320486485958 22.96307928860188 4.691557005047798 8.574057593941689 7.2832763902843 11.17403040826321 3558.935983601958 33.51406918466091 0.4980224817991257 23.66199413686991 319.7828125357628 0.4152477085590363 20.47507811337709 26.24429994821548 6021.063380345702 578.6662077456713 103.7782071083784 0.4136704802513123 31.90412905439734 11.80250395089388 432.5270037651062 19.23674852401018 677.4332431480289 19.3773052059114 648.7846420928836 150.3781264796853 177.0542769096792 109.3323081061244 4.978781409561634 23.00276454538107 0 0 0 112.8825321272016 0 0.1866995990276337 13.53180845081806 0.8558449670672417 26.19235884398222 30.06893122941256 0.3373444825410843 15.48816204071045 0.185346320271492 1.496631570160389 0.1098508015275002 1.025271654129028 0 0 0.08513344079256058 30.32552050054073 0 0.5299676060676575 0.2467325329780579 54.69092977046967 0 0.4327683001756668 1.137689262628555 79.76309966295958 1.183780185878277 0.8042720258235931 0.1625671833753586 0 0.1020674929022789 1.505074396729469 3.401242092251778 4.779739364981651 0.3331217914819717 3.766028471291065 0.3223904818296432 13.93825329840183 0.1050486117601395 0.343160480260849 0
7.295770220458508 539.3390138223767 23.57360184192657 3.593713700771332 22.53918539732695 156.7481428645551 23.55861803889275 32.8692489117384 3.595667697489262 43.4273480027914 9078.966765664518 75.23123539984226 2912.899112232029 20.25792747735977 6.667525917291641 1.082006379961967 309.370474845171 5675.09448877722 1571.113534316421 27.05191128700972 4.000576935708523 33.91887146234512 19.91030220687389 18.20482536405325 3502.287870936096 3642.236559085548 1497.307492472231 23.74439518153667 111.1753502190113 14.95460103452206 609.5162922441959 75.07111892849207 1.900374308228493 5543.426875956357 39.22524490952492 567.4443131163716 4111.229360207915 4479.708111032844 1112.97609385848 124.4535036310554 172.3733563274145 1458.014715127647 2.505836270749569 0 30.21889481693506 0 0.6150427907705307 0 0 2.779201008379459 0 0.9583495855331421 0.1137480959296227 919.5383338332176 0.2949840128421783 1019.644205525517 0 0 1.401015371084213 1.081882983446121 12.62050838768482 2.41837989538908 0 0.09934566915035248 0.5236416757106781 0.2808355540037155 5.83958238363266 361.3145146667957 262.2923644259572 286.8055443912745 8.622924126684666 0.9071470499038696 0 258.2375554516912 0 0 1.290821991860867 20.40752851963043 24.81266668438911 914.833274550736 22.94628185778856 6.787602819502354 0.7680599093437195 0.2409889400005341 394.4446168765426 0
4.041851207613945 0.3261420950293541 0.7177452445030212 1125.302108556032 104.7237660065293 5389.792838945985 48.94664062559605 1018.122726052999 579.1199216395617 5823.942935429513 75.23123539984226 7944.640755183995 10.83065475523472 373.0730950720608 1375.642270058393 0.3764217644929886 1.026078008115292 10.9405339807272 9.967711091041565 5975.871120363474 0.895408533513546 0.7610300779342651 1.7744215503335 437.7587944045663 1.196469351649284 12.56904389709234 7.620963647961617 1155.457007266581 416.9231258928776 4.572916388511658 0.3419136554002762 43.02515361458063 1.586234517395496 500.9783788025379 2.439630620181561 326.968971118331 16.3782524690032 562.249330163002 75.6679131090641 1868.894650936127 93.80583542585373 6.388624288141727 5.259914696216583 1.525685399770737 0.09997694194316864 0 79.44646595418453 0 7.660572454333305 15.70462238788605 0.4067657813429832 125.7389073297381 57.92966987192631 1.834371253848076 168.5223630517721 0.3784159496426582 2.442448914051056 2.980300143361092 0 0 0 0 138.0317528024316 0 0.1126431152224541 0.2207854837179184 64.5961906760931 0.09391149878501892 0.4549343585968018 1.096305586397648 74.58987735211849 1.463916815817356 0 0.3924207165837288 0 0 3.167823992669582 0 9.326245799660683 0.3938719034194946 1.617452539503574 1.609962850809097 143.6713694408536 0 0.1567256599664688 0
0.4303694441914558 391.6906252652407 2.792906403541565 0.4808810502290726 6.024392291903496 36.45711769163609 5.389014810323715 9.429318964481354 0.5741980969905853 6.196563042700291 2912.899112232029 10.83065475523472 4124.001821227372 1.716359183192253 1.075409054756165 5.790370874106884 1.308549016714096 161.288074940443 7.010672561824322 6.366386085748672 2.028147459030151 29.26765431463718 4.010519504547119 8.679952375590801 5635.46839992702 259.7830314412713 2820.922162562609 4.09377533942461 17.91021893173456 1.683779075741768 754.5905443429947 37.08648796379566 1.412280365824699 840.3232987746596 92.40118514001369 786.2544823512435 2341.507156126201 1738.784014470875 365.6353866308928 100.6081051081419 234.6405442208052 992.3119209185243 34.27324864268303 0.1033172234892845 18.77098291367292 0.1122615560889244 0 0 0.2666107714176178 0.1758136078715324 1.157622769474983 0.2125637829303741 0 888.2478433474898 0.1081206202507019 949.2487963438034 0.8391578048467636 0 9.603864997625351 0.2440430894494057 10.67602404206991 2.181010261178017 0.1151269599795341 3.65787398815155 0.2262502014636993 0.8887511491775513 2.296163588762283 504.6360010132194 229.1864634156227 254.5557211115956 2.513654306530952 1.371868222951889 0 248.5305641070008 0 0 2.700273454189301 54.64337077736855 309.3273464143276 783.5049540325999 46.77658349275589 22.91830735653639 7.042994350194931 3.195437163114548 400.9542605653405 5.88017201423645
6740.423384793103 2.524241372942924 455.3757864125073 55.41278933733702 0.8696229457855225 1437.797390773892 5675.846609894186 8331.488586679101 22.17417429387569 1673.320486485958 20.25792747735977 373.0730950720608 1.716359183192253 12076.85651444644 13.13831270486116 6.979548707604408 202.7389878407121 2.704053811728954 36.2469200566411 235.8364474736154 219.9519094154239 5.483102820813656 346.2587610557675 175.6163084506989 1.032438024878502 115.0142140910029 130.4240886196494 493.7075909860432 7650.485006384552 3589.122726477683 0.08367785066366196 286.7392466962337 42.5363510325551 476.970796123147 7.487683549523354 515.2426384985447 21.60508156940341 336.9007438383996 79.76921484619379 138.7702161446214 12.21191095560789 2.183563187718391 6.918680228292942 0 0.8038593083620071 0.7876748591661453 1.296317011117935 0 0 6.708252526819706 0.2006694227457047 11.23507991433144 1.752565450966358 0.397897407412529 0.2386960908770561 0 0.7055512815713882 0 2.991149947047234 0.2323001176118851 0 0 0.8700394034385681 1.214355885982513 0.9479826241731644 0.7798691615462303 22.11272532492876 0 0.09398097544908524 4.152348890900612 39.9700775668025 0.9347809478640556 5.104746036231518 0 0 0.922130823135376 1.773171916604042 0.1483146846294403 9.365458913147449 0.4915387034416199 3.264036141335964 1.917391747236252 0.7155724763870239 0 0.2056948691606522 0.6918866634368896
0 0.4778645187616348 0 40.93958505988121 1056.2755632177 2362.453934721649 7.642619267106056 562.1689853817225 548.3334083855152 22.96307928860188 6.667525917291641 1375.642270058393 1.075409054756165 13.13831270486116 582.3722012713552 0 0.07657478004693985 0.8501150161027908 1.078309707343578 101.079495318234 0 18.80845355987549 0 971.1662746071815 0 0.8436881750822067 0.9038751348853111 81.31966944783926 26.4216468706727 0.122037835419178 0.2589991688728333 556.9621580839157 0 143.9636743292212 0.1659207195043564 55.62389249354601 0.9516137763857841 29.22769265621901 7.51818536221981 1374.684291094542 185.6660863608122 0 0 0.1225972399115562 0 0 8.207144141197205 0 0 1.696327805519104 0 22.27644407749176 5.058752670884132 1.074671626091003 5.348897755146027 0.3822751194238663 0 0 0.2745054960250854 0 0 0 7.042929232120514 0.1233072355389595 0 0 10.52243975549936 0 0 0 5.140865199267864 0 0 0 0 0 0.1853926181793213 0.1067051440477371 4.421363368630409 0 0.761990025639534 0 47.06114992499352 0 0 0
2.207027241587639 562.7874054759741 19.5154337361455 1.402335688471794 0 8.787258721888065 187.8577383980155 6.252761237323284 161.7333118319511 4.691557005047798 1.082006379961967 0.3764217644929886 5.790370874106884 6.979548707604408 0 3435.330058179796 15.74924201518297 0.3060514405369759 0.9839011579751968 0.6251950114965439 2708.266966030002 3002.139460511506 4290.176865190268 2246.628715880215 30.71128402650356 7.141804322600365 7023.352041229606 1671.065724171698 4.247260823845863 119.1592851355672 0.5118074417114258 0.1983663886785507 0.5255384892225266 149.77193710953 100.4377591684461 2166.421765729785 204.1989700868726 498.8916916325688 829.6293902620673 102.1776079982519 2.79228749871254 5.995689794421196 11.3767538741231 4.029513165354729 18.02111577987671 34.93325609713793 0.5466565787792206 0 0.1323917359113693 22.09660033881664 0.9095169603824615 115.5231334939599 0.1389621049165726 0.1038116812705994 0 0 2.808398835361004 0.1494075208902359 2577.131727337837 3.074467368423939 0 0.5421854332089424 0 392.8334772512317 1565.759994573891 1117.687005385756 276.2806472107768 0 1.516029812395573 474.9028141126037 384.2307898551226 13.84859219193459 77.07364831119776 0 0 2.30210005491972 7.232638515532017 5.9329679235816 431.2559475824237 12.94377166777849 20.12676176428795 16.68515062332153 0.7286233305931091 0 0 0.1712247729301453
63.76770929992199 16.56157434731722 4587.061851494014 1.358903378248215 0 7.868794575333595 105.8925754055381 84.6896281093359 0.1106725558638573 8.574057593941689 309.370474845171 1.026078008115292 1.308549016714096 202.7389878407121 0.07657478004693985 15.74924201518297 1766.790104098618 653.1768308356404 2816.54478380084 2.134642079472542 798.4391231313348 2.989394970238209 4230.822269201279 12.98130035400391 1.810960665345192 8192.614428542554 3965.46083008498 66.30947089195251 265.5383850857615 901.786654792726 1.277781456708908 1.121744878590107 55.91948352009058 1531.712038449943 27.90719815343618 1398.078630208969 1909.284934476018 2085.551411278546 962.753521040082 52.13869277387857 5.087680138647556 3.292312294244766 3.714476808905602 0.1056185066699982 65.61410620808601 22.67376228421926 0 0 0 0 0 0.3329752087593079 0 0.2264535874128342 0 1.418354243040085 0 0 0.4928761869668961 17.30650731921196 0.2718028426170349 8.927871100604534 0 0 1.834525376558304 5.506034031510353 0.5560001283884048 7.034043326973915 90.8930778875947 282.0784021317959 0.7661610841751099 0.07162666320800781 0.9659905433654785 0.7774848937988281 0 0 3.053895279765129 7.400644704699516 7.921147376298904 3.778306968510151 8.498410075902939 1.905773513019085 0.1235492378473282 0 0 0
1.059456259012222 7.763741910457611 9.519824720919132 0.7274038270115852 0.7111988663673401 17.4599633961916 3.914867348968983 3.471450962126255 1.250256970524788 7.2832763902843 5675.09448877722 10.9405339807272 161.288074940443 2.704053811728954 0.8501150161027908 0.3060514405369759 653.1768308356404 181.3277347758412 1881.825452044606 4.344879630953074 0.6258821114897728 0.4372002854943275 7.480442278087139 1.292803585529327 32.98185540735722 1769.701674066484 156.1051396504045 4.83540153503418 8.628669992089272 4.612740471959114 55.60005419701338 3.767141357064247 0.1263068169355392 514.1697628870606 2.174263298511505 165.938692137599 1416.051840759814 1013.421886190772 285.4467258155346 9.880608037114143 7.142492286860943 28.09371864050627 0.4494579583406448 0 12.45219502598047 0.4501529708504677 0 0 0 0.2951328679919243 0 0.2184511870145798 0 36.14793138206005 0 82.43491449952126 0.07975552976131439 0 0 0.9583402127027512 8.820569559931755 1.60747305303812 0 0.1319262832403183 0.461635410785675 0 0.09183211624622345 139.014717720449 255.9696802869439 367.2082421779633 0.4429587572813034 0.07062769681215286 0 83.83172672241926 0 0 0.8921518623828888 1.159769281744957 3.72137251496315 9.820777781307697 4.662788331508636 1.128543123602867 0.4886832609772682 0 0.8194553181529045 0
10.20513337105513 26.70929781347513 309.9980165362358 0.7583388984203339 0.1292542666196823 18.12568670511246 17.77632836997509 16.75084377080202 0.3089485466480255 11.17403040826321 1571.113534316421 9.967711091041565 7.010672561824322 36.2469200566411 1.078309707343578 0.9839011579751968 2816.54478380084 1881.825452044606 1075.896306887269 5.37429166585207 24.1466906145215 1.681107848882675 153.6145861893892 3.39080436527729 6.616956777870655 5764.384664997458 757.8695023134351 12.18437349051237 51.71346516162157 58.45519064366817 4.87326941639185 2.606839835643768 7.822911977767944 1548.410141251981 14.08087581396103 826.0254342705011 3257.269795641303 2752.478152945638 953.2938711196184 29.98577697575092 5.012386411428452 12.71736554801464 2.824623994529247 0 96.63510277122259 3.195215731859207 0 0 0 0.0926816537976265 0 0.3931407034397125 0.08605789393186569 7.176194854080677 0 25.17052311450243 0.0826442763209343 0 0.3096615374088287 25.95613560080528 3.847609527409077 22.86378122866154 0 0.2487833872437477 0.6887610405683517 1.011761769652367 0.1123641729354858 56.12921205163002 307.7417802289128 603.0090769231319 0.3606850430369377 0.5318343639373779 0.4267966523766518 18.33554158359766 0 0 2.9878239184618 4.383032441139221 7.833668306469917 12.34184807538986 8.617540709674358 2.645919620990753 0.3539909198880196 0 0.1281451284885406 0
8.956973440945148 0 12.37338629364967 4288.259253591299 4.131847128272057 830.1383120492101 146.1192658692598 383.3786562010646 542.1242176815867 3558.935983601958 27.05191128700972 5975.871120363474 6.366386085748672 235.8364474736154 101.079495318234 0.6251950114965439 2.134642079472542 4.344879630953074 5.37429166585207 1025.460204299539 8.804228521883488 0 6.88667120039463 1457.08080521971 0.3398882448673248 9.031795285642147 7.501931883394718 5041.394432716072 336.1749800890684 14.64482798427343 0.1683455184102058 21.42899302393198 7.568805441260338 288.9807446375489 13.87183184176683 817.8144354075193 11.43747588992119 501.9290977045894 137.0838486403227 403.7300811558962 117.1297303810716 3.881119385361671 27.5574536472559 0 0.1165753975510597 0.1853214129805565 158.3694061338902 0 2.636398792266846 36.28628907352686 0.9820959270000458 90.87574665248394 76.16044851392508 0.6744697168469429 30.55710481107235 0 0.6778206899762154 0 0 0.1008561924099922 0 0.09194344282150269 76.15764111280441 0.7762632668018341 0.4139349907636642 0.2323332279920578 120.0343212485313 0 0.2417976558208466 0.9963408410549164 166.1284738779068 3.148141473531723 0.1009866967797279 0 0 0 5.319050118327141 1.764388635754585 15.52652258425951 0 8.053520329296589 2.346969768404961 48.04215758293867 0.3819372206926346 0 0
89.69174809008837 51.40813813358545 1445.361604131758 9.863070845603943 0.2211893051862717 37.1761042624712 1094.683995574713 156.3695709183812 20.56505769491196 33.51406918466091 4.000576935708523 0.895408533513546 2.028147459030151 219.9519094154239 0 2708.266966030002 798.4391231313348 0.6258821114897728 24.1466906145215 8.804228521883488 11873.42262884229 142.0253218635917 19116.73674029112 498.1878950074315 5.766572013497353 148.698983989656 1215.134869448841 7014.411436133087 222.7355884984136 14214.07483716309 0.4291639029979706 0.5703835040330887 45.67022420465946 4330.333176933229 338.0651085227728 5473.472242347896 762.3619424328208 4043.144903630018 2862.891877651215 298.0826224610209 19.14255208522081 3.893620133399963 29.45372597873211 0.6512352079153061 1.505018167197704 7.354039520025253 0.5482942759990692 0 0 2.637640900909901 0.3193473815917969 14.95928645133972 0.1185954511165619 0 0 0 0.2201075851917267 0 235.1695248559117 0.1401402503252029 0 0.1169968396425247 0 94.41788881272078 144.5568087920547 55.13042187690735 64.82958798855543 0.1762988418340683 1.356341250240803 29.55019643157721 95.6320464015007 3.406379066407681 14.24368824064732 0 0 0.4495327472686768 0.4632053449749947 20.21441639959812 105.1924748942256 1.16664057970047 3.598949313163757 8.341470927000046 1.295944020152092 0.2977494299411774 0.5427842140197754 0.1498427391052246
1.09210442006588 3497.153888039291 248.8166801854968 0 0.2100480198860168 7.800717443227768 30.38567002117634 5.407395146787167 2763.867206268013 0.4980224817991257 33.91887146234512 0.7610300779342651 29.26765431463718 5.483102820813656 18.80845355987549 3002.139460511506 2.989394970238209 0.4372002854943275 1.681107848882675 0 142.0253218635917 1867.88514072448 257.2542344629765 7005.187237486243 486.7362048625946 61.07172258943319 3661.938107572496 541.5642712190747 8.528175674378872 78.98769446462393 2.824164144694805 0.7186626195907593 1.620659925043583 17.11193406581879 4.746278584003448 150.1276052594185 19.34983072429895 34.45389734208584 25.85828484594822 33.03812545537949 3.965492270886898 0 0 1.631637506186962 44.71186418831348 70.45470388233662 0.1216224655508995 0 0 17.66962158679962 0.1194651424884796 53.23458553850651 0.4219333678483963 0 0 0.1808142066001892 0.2982839718461037 0 1058.191007338464 2.997236967086792 0 0.6800756528973579 0 118.8756608814001 238.5282934010029 439.8289412409067 134.3865843266249 6.770054899156094 7.680013477802277 832.390413440764 155.0975568518043 4.639592185616493 20.25530929863453 0.2127127051353455 0 1.824265122413635 6.555854059755802 0.7327200397849083 38.84011028707027 6.273433521389961 8.933051362633705 6.108881130814552 1.034806430339813 0 0 0.1262992322444916
130.0299920216203 128.3087389394641 14977.90789660811 3.529147669672966 0.4162536561489105 18.36162100732327 601.9337517395616 189.0370610579848 10.60209432244301 23.66199413686991 19.91030220687389 1.7744215503335 4.010519504547119 346.2587610557675 0 4290.176865190268 4230.822269201279 7.480442278087139 153.6145861893892 6.88667120039463 19116.73674029112 257.2542344629765 15141.55111789703 483.6540814489126 6.178635731339455 1559.302399255335 12076.98927626759 2857.208219364285 365.6991334408522 5412.451738607138 0.1886165589094162 1.152012757956982 66.11469496041536 4729.708346180618 379.7174371033907 8769.85977974534 4097.240478284657 7634.653949230909 6086.133869297802 508.1316742449999 34.47200994938612 11.10126405954361 42.79189162701368 0.1436552852392197 19.83330372720957 123.0333745181561 0.1616974771022797 0 0 6.512410044670105 0.7906955927610397 4.377852566540241 0.3091695457696915 0.5804432034492493 0 0.1481526494026184 1.174437813460827 0 790.3462627604604 3.65852365642786 0 1.478114202618599 0 34.78101629763842 426.4549553543329 820.4094256907701 26.93565356731415 0.7980387881398201 9.752718016505241 1358.932074472308 34.30457164347172 0.1140051037073135 1.939198456704617 0 0 0 3.287558183073997 40.74972634017467 98.83322799950838 8.715025119483471 21.21474955976009 34.48079228401184 2.320659190416336 0 0.9240220189094543 0
18.14824134111404 751.0921467393637 38.99529131501913 2151.893744014204 18.08138112723827 296.146742798388 1092.443258218467 214.7264681905508 9251.486284121871 319.7828125357628 18.20482536405325 437.7587944045663 8.679952375590801 175.6163084506989 971.1662746071815 2246.628715880215 12.98130035400391 1.292803585529327 3.39080436527729 1457.08080521971 498.1878950074315 7005.187237486243 483.6540814489126 14641.74964880943 54.90754966437817 17.06192234158516 1296.68571420759 9093.167661145329 484.2407011240721 403.8932164162397 0.2409257516264915 7.269099831581116 71.76022417098284 406.9602089896798 74.89030335098505 2375.481307260692 48.2773210927844 670.7435653954744 331.77509509027 879.9394301325083 62.92819071561098 1.855093523859978 17.08134831488132 7.492244206368923 3.623042196035385 7.757280506193638 380.8282431364059 0.1406215727329254 14.78598481416702 752.7965946123004 18.13882232457399 1306.632063753903 352.1731753200293 5.178014546632767 94.2523924857378 0.5003636553883553 40.17763080447912 0.8908268585801125 169.4591507092118 1.364672519266605 0.4377491697669029 0.5331015661358833 293.5373814925551 72.94911567121744 105.3248082995415 32.18384526669979 2420.919508799911 0 0.9158112704753876 29.98106990009546 3662.475006960332 90.9796343781054 216.7585771866143 0.4699389114975929 0.9410736858844757 8.394515782594681 83.44380456954241 4.63476900011301 380.1802315860987 2.005293853580952 101.7214933782816 23.47803191095591 201.0593783631921 5.346563585102558 0.4385567232966423 2.583955258131027
0.1672105938196182 3552.161422282457 67.56097891926765 0 0.9823242723941803 3.752859555184841 2.926842600107193 1.702370643615723 14.73923855274916 0.4152477085590363 3502.287870936096 1.196469351649284 5635.46839992702 1.032438024878502 0 30.71128402650356 1.810960665345192 32.98185540735722 6.616956777870655 0.3398882448673248 5.766572013497353 486.7362048625946 6.178635731339455 54.90754966437817 290.8469096496701 377.5564368292689 5357.403818279505 16.05360352993011 1.250981226563454 2.623852774500847 655.6495268344879 1.770481616258621 0 364.4903941750526 2.318123117089272 456.5669936463237 261.6054653823376 895.3375168591738 110.7522333562374 27.90426817536354 89.49144399166107 108.1051183715463 6.741774797439575 0.08747951686382294 283.8802118226886 3.891145132482052 0 0 0 0.9217079356312752 0 0.2332918047904968 0 101.4498820006847 0 224.6367024406791 0.07918586581945419 0 14.64986956119537 9.738278970122337 6.917144358158112 15.44429586827755 0 2.208822011947632 0.7439410835504532 0.5323268994688988 0 425.6013959720731 549.7037381380796 1132.838351599872 3.452363707125187 0 0.1174834594130516 50.60068006813526 0 0 2.202386908233166 1.603767991065979 1070.069757461548 61.29299411922693 25.39915355294943 3.574344635009766 20.09709244966507 2.20753338932991 15.98287197947502 0
35.81611521542072 1221.819914661348 8220.257838964462 3.161913350224495 0.9257946386933327 36.83405612409115 192.2020900845528 71.62594148516655 2.090687349438667 20.47507811337709 3642.236559085548 12.56904389709234 259.7830314412713 115.0142140910029 0.8436881750822067 7.141804322600365 8192.614428542554 1769.701674066484 5764.384664997458 9.031795285642147 148.698983989656 61.07172258943319 1559.302399255335 17.06192234158516 377.5564368292689 30764.42534179986 15990.37690182775 96.78920985013247 113.0222759284079 480.6910832151771 575.7389234155416 4.477430418133736 12.08709577471018 2833.537615321577 13.49552094936371 919.4843721985817 5080.132312826812 3469.533093638718 843.6677928417921 31.17341459542513 7.99267689883709 63.19207195192575 2.777613289654255 0.321676529943943 963.4756421968341 48.80270796269178 0.1074734181165695 0 0 2.491689838469028 0.23666812479496 0.5703354775905609 0 235.0179684236646 0 469.2326010614634 0.8602176234126091 0 1.920531094074249 136.8041194230318 28.15358514338732 87.05045711249113 0.1835105866193771 1.796162135899067 7.797352306544781 8.170585781335831 1.623321406543255 901.6479182466865 1670.440290562809 3588.040937870741 2.538441710174084 1.309960521757603 1.587601520121098 341.7267620489001 0 0 18.14306426048279 4.133932307362556 27.70660484582186 115.913005836308 42.69206933677197 10.60131222754717 1.711040541529655 0 5.434752091765404 0
43.95642521977425 7305.527512103319 6812.921611875296 4.545893184840679 0.2255311980843544 44.97428031265736 630.882835008204 86.33071568235755 30.43898479640484 26.24429994821548 1497.307492472231 7.620963647961617 2820.922162562609 130.4240886196494 0.9038751348853111 7023.352041229606 3965.46083008498 156.1051396504045 757.8695023134351 7.501931883394718 1215.134869448841 3661.938107572496 12076.98927626759 1296.68571420759 5357.403818279505 15990.37690182775 40389.8141226694 2977.878591239452 102.32654710114 493.0067597404122 1826.414206385612 2.167905889451504 11.66269724071026 5972.255876459181 78.67475793510675 3386.255090691149 9674.449705019593 7380.413318522274 2289.457875818014 185.6178823187947 9.158047020435333 24.36942647397518 10.32623149454594 3.29522766917944 3743.498582430184 1491.004504464567 0.08664513379335403 0 0 19.04694233089685 2.920126855373383 5.660597272217274 0 213.7471980974078 0 471.6724676713347 11.00717846304178 0 621.9040864631534 393.9730369225144 54.76851282268763 206.9044581130147 0 26.26483076065779 1186.160244762897 1194.987749382854 39.8776018768549 1113.37179043889 3840.260227717459 13830.72340595722 32.71006346493959 6.327216655015945 17.94253274053335 393.1655706390738 0 0.4675468429923058 114.9829430654645 23.07512384653091 177.593877710402 201.8934570774436 273.0984313264489 82.13022305816412 8.597344517707825 0.3496955335140228 6.170038335025311 0.2180064916610718
56.54341468960047 259.6002769693732 699.6241477057338 6211.575786411762 4.775379940867424 1672.395794697106 16091.16478612274 566.0350642874837 1179.998449482024 6021.063380345702 23.74439518153667 1155.457007266581 4.09377533942461 493.7075909860432 81.31966944783926 1671.065724171698 66.30947089195251 4.83540153503418 12.18437349051237 5041.394432716072 7014.411436133087 541.5642712190747 2857.208219364285 9093.167661145329 16.05360352993011 96.78920985013247 2977.878591239452 23933.33008221537 904.8870306126773 7452.372841507196 0.2014768272638321 15.7517000362277 146.933385103941 1319.764922589064 185.7139631435275 4156.468409605324 122.397929251194 1492.331178724766 834.4300513640046 428.0628926604986 109.4916532188654 6.920922733843327 29.54569534957409 8.907585136592388 4.271117672324181 12.36045019328594 456.8805427700281 0.4846240803599358 7.259257733821869 446.6411391124129 8.672839641571045 537.0780534669757 205.1731291040778 3.623331397771835 71.33564654737711 0.5498128011822701 22.38937902450562 1.22965183109045 283.4120028987527 2.732779949903488 0 0 179.9994045123458 116.7303400784731 125.4108643531799 55.05710162967443 1255.546175509691 0 1.186151720583439 91.20894590765238 1909.914438270032 47.15119529515505 283.9427381381392 0 0.09819325059652328 5.115123614668846 45.08498946577311 11.77610024064779 263.8154196217656 1.522693529725075 60.02733793854713 14.33747910708189 128.9442430213094 0.7400430142879486 1.140627935528755 1.31309749186039
3140.584868960083 3.370227001607418 277.3785078823566 96.11106050759554 3.91502907127142 983.8642802871764 1301.205624945462 1252.124999761581 45.56250294297934 578.6662077456713 111.1753502190113 416.9231258928776 17.91021893173456 7650.485006384552 26.4216468706727 4.247260823845863 265.5383850857615 8.628669992089272 51.71346516162157 336.1749800890684 222.7355884984136 8.528175674378872 365.6991334408522 484.2407011240721 1.250981226563454 113.0222759284079 102.32654710114 904.8870306126773 16652.13150918856 7429.246078692377 0.2195408120751381 311.3894893191755 4056.599049441516 2208.561631076038 13.15626363456249 1205.664956457913 70.96226252615452 1520.206014193594 315.3045294061303 408.1671539023519 30.10447480529547 16.11990460753441 16.31924564391375 0 0.2375286296010017 0.8566042110323906 3.723801217973232 0 0.3244424387812614 10.57118884474039 0.7835557013750076 15.30283099412918 2.258449874818325 1.761807627975941 0.7615296319127083 0 0.2101128548383713 0 4.416822537779808 0.2061754465103149 0 0 2.497488796710968 2.129255175590515 2.019555151462555 2.951596789062023 41.32249708473682 0 1.380877636373043 2.941857405006886 65.11296147853136 2.129011176526546 4.833960302174091 0.2368533611297607 0 0.1156102567911148 2.829731784760952 0.7664942294359207 17.11077288538218 1.028626263141632 3.53241491317749 1.732294231653214 5.196226999163628 0 1.396643325686455 0.1209867298603058
