779.9701491445303 0.09987166523933411 96.26166316866875 0.9113083854317665 0 1.484665676951408 1278.722402639687 482.6150678023696 5.005594626069069 4.391755372285843 8.365232229232788 0.4214650839567184 0.2041909769177437 3677.529058858752 0 2.624735251069069 171.1034636572003 9.687507681548595 61.74957550317049 0.8823487311601639 88.56515418738127 0.1360204815864563 265.8621782138944 48.18214083462954 0 155.6107610166073 53.43936035782099 40.71700271964073 3423.799781680107 1814.929779961705 0.1633005291223526 0.2714577317237854 104.1891838908195 490.1318072974682 0.3265914618968964 22.36024339497089 9.113921500742435 208.3317195475101 11.86125089228153 3.474103100597858 0.5900745391845703 3.914229989051819 0.4545916765928268 0 0.1617012321949005 0.8496510311961174 0 0 0 1.117076545953751 0.1981008872389793 3.857973113656044 0.09890364855527878 0 0.1933296769857407 0 0 0 28.94914080202579 0.4531096443533897 0 0 0 11.720129981637 4.238045655190945 2.075065769255161 4.114367663860321 0 1.09206984937191 4.067303217947483 10.12561824172735 0.4987946897745132 0.2533039450645447 0 0 0.3203514367341995 0 0 15.94413832575083 0 1.411111995577812 0.2218252420425415 0 1.697727799415588 1.590438485145569 0
0.09987166523933411 131.8956430032849 11.21375872939825 0 0.3964889794588089 0.4850978255271912 13.72720647603273 0.2415724843740463 233.9478554204106 0 15.41777235269547 0.1216900423169136 856.1587622091174 0.9411526992917061 1.469104789197445 982.125380858779 8.473846703767776 13.50834938883781 21.97669088840485 0 41.38421310484409 2106.784980557859 43.86284951120615 541.9693598002195 1101.972547359765 460.7366807162762 6024.518117636442 31.78416850417852 0.4430841952562332 1.697734981775284 22.56132587045431 0 0.1425873190164566 26.17066583037376 0 3.03194447606802 3.494813106954098 4.453888237476349 1.118131287395954 5.264716789126396 0 16.33717948198318 0 0 18.92033480852842 11.82543721050024 0 0 0 0.5385075956583023 0 0 0 0.5404282435774803 0 0.4919831827282906 0 0 6.435530543327332 19.87238295376301 0.5098489373922348 1.939480058848858 0 0 15.72131262719631 1.472898498177528 1.480743885040283 4.00007426738739 31.21825184673071 551.1381537169218 0.3728362619876862 0.123047836124897 0.2025348693132401 0.5733039006590843 0 0 5.614958718419075 0 11.16201365739107 6.486757822334766 7.982305735349655 5.131162159144878 0 0 0 0
96.26166316866875 11.21375872939825 6102.611967012286 0.4594451263546944 0 14.49523775279522 625.0807173401117 559.2632347345352 0.4388554096221924 3.243216872215271 15.79131931066513 0 21.13141889125109 539.9752246588469 0.1793387234210968 23.27353800833225 4493.318027801812 15.55156242847443 83.52598739415407 0.7929269298911095 42.60207944363356 0.6033484935760498 8760.509000815451 183.8255455642939 1.708062060177326 4686.194542869925 2868.905481092632 515.0182424783707 83.53879391402006 1090.140819884837 15.91846916079521 0 2.950639605522156 629.4198622703552 18.5054716616869 1047.83487534523 1857.417398400605 1111.995630085468 634.2087029218674 33.44309207051992 8.536979652941227 3.444911934435368 3.184883065521717 0.09009558707475662 76.39809864014387 138.8366280272603 0.1922572031617165 0 0 10.65768890082836 0.1983296573162079 3.473827034235001 0.10657998919487 0.6491710096597672 0 0.980007067322731 0.5377634465694427 0 16.11641139537096 126.9573591947556 0.3661375641822815 14.05755988508463 0 5.650324173271656 124.540627963841 35.65701195597649 5.526950247585773 0.3394156098365784 227.6076746582985 1865.589752756059 7.696916885674 0.6003599315881729 0.2494678795337677 0.6079239770770073 0 0 36.77466849982738 1.027240172028542 60.91297073662281 36.09351247549057 87.22192204743624 27.52161695808172 1.220869772136211 0 0 0
0.9113083854317665 0 0.4594451263546944 2847.232339903712 4.368098929524422 207.5235071033239 167.8790772557259 43.08357391506433 319.2140086367726 1498.415076889098 2.502629153430462 1453.891762234271 0 49.73348028212786 59.60549242794514 0.1700245589017868 0.1251888871192932 1.543729767203331 1.272518143057823 4137.779191091657 0.5284430980682373 0 0.9136906415224075 1901.991228409111 0 0.9638465419411659 0.9929734766483307 2857.628254316747 94.55984505265951 0.4921347722411156 0.1675486639142036 0.9669659808278084 1.384901724755764 48.29775173962116 10.6277236789465 297.5092419534922 1.640933826565742 110.0128252357244 60.12817665934563 219.6133155599236 32.69795503467321 1.748516529798508 8.77888049185276 0.1482357084751129 0 3.56627069413662 182.2468120902777 1.128700643777847 1.980715312063694 45.41351519525051 4.689909569919109 26.23832914978266 107.7006112188101 0.3491986244916916 60.25227094441652 2.726102717220783 8.527001045644283 8.566075332462788 9.419524446129799 0 0.4787320196628571 0.3662998899817467 132.1186437681317 3.652789115905762 0.9422573447227478 1.615470342338085 280.0036131441593 0 0.2922020331025124 0.5437274277210236 180.4234779477119 8.539010472595692 0 0 0.1900407746434212 1.582045741379261 3.288957804441452 0.6361923813819885 11.32757183164358 5.354593515396118 9.773262239992619 0.2289330214262009 203.7014332637191 0 2.529469966888428 0
0 0.3964889794588089 0 4.368098929524422 16.67923524975777 102.14960000664 7.019262731075287 50.46954880654812 187.9638955593109 7.819024555385113 80.51755657792091 159.4336739331484 2.527338348329067 24.02004966139793 1185.17953478545 0 0 4.148757144808769 2.570556931197643 18.49039925634861 0 1.723200164735317 0.168987900018692 83.74886744469404 0.101980060338974 1.750776514410973 0.4877177998423576 6.178569957613945 203.3841514438391 0 0.1542522311210632 998.1373798325658 0 223.0120209753513 0 3.55021758377552 4.422156319022179 63.93969105184078 6.857241123914719 1805.900115430355 2.397792980074883 0 0.06644587963819504 0 0 0 0.5495217144489288 0 0 0.3313906788825989 0 0.1652155220508575 0.4738040566444397 0 0 0.1026178151369095 0 0 0 0 0 0 0 0.661097526550293 0.09802274405956268 0.1032180115580559 0 0 0 0 0.4874584078788757 0 0 0 0 0 0 0 0 0 0 0 1.019240140914917 0 0 0
1.484665676951408 0.4850978255271912 14.49523775279522 207.5235071033239 102.14960000664 9133.636620029807 1849.260958209634 3325.797110967338 30.23196739703417 8575.540597528219 89.36518590152264 3157.918020442128 3.371517673134804 824.8577709794044 1252.732560388744 0.100340411067009 2.050139226019382 18.89144265651703 13.01097222417593 1048.195454344153 14.4325984865427 0.08565071225166321 13.0268788933754 45.26196393370628 0.7963443696498871 13.38044822961092 3.920224197208881 1365.963220760226 494.5987460315228 5.568616911768913 0.513939157128334 211.363328024745 2.280109584331512 341.0290681272745 2.777182921767235 98.80129980295897 12.63943523168564 232.0882121026516 47.20443353801966 1787.04741524905 66.32320269942284 5.801506541669369 4.711797840893269 0 0 0.3256196901202202 3.304113060235977 0 0 14.35177670419216 0.07343719899654388 1.407340422272682 1.566823460161686 0.1192219257354736 8.435530491173267 1.17424464225769 0.9557745754718781 0.2035951614379883 13.8903508707881 0 0 0 0.2026600912213326 1.98009978979826 1.081744082272053 1.275951854884624 10.95417128503323 0 0 2.69047087430954 31.778654769063 2.551363080739975 0.8350462839007378 0 0.8957380056381226 0.3273275941610336 0.1390147656202316 0.7352989763021469 5.589446566998959 0 6.192219860851765 1.4699467420578 8.651474989950657 0 0.1724747270345688 0
1278.722402639687 13.72720647603273 625.0807173401117 167.8790772557259 7.019262731075287 1849.260958209634 5044.201955758035 3131.214586306363 306.6792532578111 2022.755526002496 23.3525849878788 47.77642133831978 5.669570349156857 5070.321461845189 45.30529540032148 6.639372102916241 69.98681709170341 12.90779889374971 14.74488495662808 48.43811623752117 1492.00218103081 18.03344320505857 597.2924518361688 2933.926526278257 7.491307288408279 67.3601854853332 321.0562283247709 12524.20605485141 2773.214326821268 2520.900088757277 0.5348944216966629 7.220617681741714 344.6554070338607 897.0309429615736 207.8823069408536 3374.504058763385 82.78262376785278 1982.065080132335 937.839068248868 853.4414120167494 186.6168408319354 17.98086235672235 71.09502839297056 0.1913450658321381 1.398417443037033 11.52765018492937 29.14414788037539 0 0.5971367135643959 118.7497877031565 4.71030018478632 68.91747546941042 27.62036956101656 4.571388736367226 6.252243518829346 4.738782197237015 15.51682688295841 0.6102158352732658 208.2132795229554 1.370021924376488 0.3653152883052826 0.6204346194863319 15.46757857501507 67.23022408783436 65.43978036940098 24.4643280506134 318.938229367137 0.1881179213523865 4.836459644138813 143.5469004735351 434.0917639657855 22.67377131432295 7.168233200907707 0.1967997774481773 0.08037744462490082 5.58213709294796 15.95175002515316 8.647475607693195 98.62036565691233 5.263476230204105 56.51827981323004 17.2954470962286 33.00214230269194 4.146795116364956 5.112669348716736 3.837596081197262
482.6150678023696 0.2415724843740463 559.2632347345352 43.08357391506433 50.46954880654812 3325.797110967338 3131.214586306363 8624.596006982028 7.25762677937746 2468.791774474084 395.8968113809824 146.9964811392128 27.25613359361887 6788.408408217132 329.4293369054794 1.999057710170746 297.5743675082922 120.1719423606992 159.427340619266 114.4004855826497 250.7259081155062 0.9376052841544151 1139.848273664713 42.20050512254238 5.87688785046339 366.5952829644084 101.0115910917521 402.0793915763497 912.5837694332004 1030.89278203994 2.856296204030514 26.71056079119444 7.676038801670074 1213.697337806225 19.096351377666 473.0969299376011 127.8793405070901 1060.887072492391 215.9685624837875 1743.955827921629 353.3324382007122 46.90952920913696 21.26131095737219 0 0.07958172261714935 4.314208902418613 0.9454530254006386 0 0.5033071041107178 10.76703006029129 1.070547856390476 7.539523221552372 0.4659831672906876 3.539402410387993 0.4834595024585724 0.8398778960108757 1.594908334314823 0 58.94337920099497 0.246047630906105 0 0 0.6552758887410164 22.16085498034954 16.23978351801634 9.456974700093269 18.36542047560215 0 1.704201959073544 32.69057736545801 59.54533526301384 2.209401316940784 1.563304007053375 0 0 0.778672382235527 2.593563579022884 1.091603942215443 13.84840168058872 3.925045937299728 11.60108166188002 3.468282371759415 0.9765674769878387 0.4325422048568726 2.282623529434204 0
5.005594626069069 233.9478554204106 0.4388554096221924 319.2140086367726 187.9638955593109 30.23196739703417 306.6792532578111 7.25762677937746 917.528720729053 169.0476183220744 1.016790352761745 259.0667260959744 10.87482237070799 9.783614344894886 646.397982634604 234.4746248498559 0.09103403985500336 0.1037784218788147 0.3965103104710579 421.9542368575931 138.4494722336531 3378.813530020416 21.60631181299686 8683.916188359261 33.8307752981782 3.701885588467121 40.64072299748659 650.7997666448355 43.95467591285706 53.37462287396193 0.332509383559227 4.49894492328167 9.673107787966728 5.783613421022892 1.534498266875744 160.1897522732615 3.839099995791912 18.9185990318656 7.544506125152111 628.170520119369 17.25991855561733 6.554339006543159 0.2083589881658554 0 1.974603228271008 6.124978393316269 231.4663142040372 3.918767184019089 1.353249549865723 77.61844493448734 5.350416585803032 49.66484642773867 96.32678763568401 0.9733220264315605 143.3277278915048 0.2408898025751114 13.92232459038496 37.63408004492521 750.0599008277059 1.369248807430267 0.9314912557601929 2.014684572815895 99.41507576406002 124.6144685074687 52.21241610497236 104.9233059585094 1409.321196340024 0.1210769265890121 3.943632937967777 19.72589653730392 488.0499699935317 20.23578893393278 10.3781686425209 0.1402710974216461 0.8484027162194252 4.065072916448116 10.75851155072451 6.415911100804806 74.69186718016863 5.019278436899185 51.50246715545654 21.57376144081354 302.7605272084475 0.931471198797226 0 1.330231264233589
4.391755372285843 0 3.243216872215271 1498.415076889098 7.819024555385113 8575.540597528219 2022.755526002496 2468.791774474084 169.0476183220744 17597.77777061611 26.85385293513536 2008.098018057644 3.046584740281105 1284.262068405747 85.96249710768461 0.2465453147888184 1.531264521181583 13.07129444926977 16.55238927900791 2895.329747229815 3.87254922837019 0 3.362113013863564 461.3202220275998 0.6102445796132088 12.16358149051666 0.8341246545314789 2600.901351064444 825.2229635864496 2.173534668982029 0.4271704852581024 10.67835744470358 2.230471678078175 410.3931114003062 32.44904049485922 734.7432571798563 10.17582903802395 636.8547872975469 243.8395759612322 829.3954556435347 146.4274525642395 4.727995552122593 28.42496064305305 0 0 1.420670866966248 179.5432759076357 0.9727086275815964 0.9283499866724014 81.2538835555315 4.395366720855236 16.61788516491652 95.8772100508213 0.9652791917324066 164.7400821819901 0.2708841860294342 8.468718878924847 4.900669395923615 14.61610433459282 0 0 0.1239290609955788 69.27613662183285 9.165874414145947 0.1824706494808197 1.693036615848541 260.3321329504251 0 0.5103368908166885 1.710930675268173 215.4100017398596 7.34699659794569 4.252736896276474 0 0.6294394135475159 1.908867791295052 5.342265218496323 3.623775959014893 27.37598592042923 1.567561030387878 12.15349209308624 1.768726974725723 149.5227996706963 0 3.789435267448425 0
8.365232229232788 15.41777235269547 15.79131931066513 2.502629153430462 80.51755657792091 89.36518590152264 23.3525849878788 395.8968113809824 1.016790352761745 26.85385293513536 3768.62837100029 12.03134279698133 282.0521057099104 382.6519273817539 0.09804744273424149 1.987775042653084 127.2180685922503 875.7090028524399 822.0124122723937 13.36397514492273 4.907932847738266 0.7879298701882362 7.361588925123215 1.923652946949005 66.38193774968386 823.3923561125994 177.5690404474735 11.98320772498846 715.7680493444204 21.95401549339294 273.7054203301668 396.295823648572 9.76631872355938 4915.103095382452 18.13414843380451 520.1584821492434 3558.236008837819 2802.326840341091 997.2104599028826 193.9562692567706 70.91133690625429 790.6036594957113 9.036148004233837 0 0.2962585091590881 0 0.08013885468244553 0 0 1.335472151637077 0 0.2204518169164658 0 54.587985701859 0 279.0343486741185 0.07749447971582413 0 3.111010454595089 0 19.50336344540119 0.3469350934028625 0 0.7283722087740898 0.3345755636692047 0.4086354076862335 2.029565997421741 56.11016166210175 31.61925222724676 105.0546843782067 7.616599589586258 0.08852237462997437 0 22.80743203312159 0 0 0.1778827458620071 2.057301551103592 16.55873025208712 164.7195404320955 20.15289303660393 3.65403987467289 0.2552116811275482 0.6484237760305405 50.3972062766552 0
0.4214650839567184 0.1216900423169136 0 1453.891762234271 159.4336739331484 3157.918020442128 47.77642133831978 146.9964811392128 259.0667260959744 2008.098018057644 12.03134279698133 10168.29937857389 0.8830621615052223 259.7497592866421 1771.848863132298 0 0.2223994731903076 7.370206341147423 6.926602125167847 5665.644067980349 0.1984440833330154 1.847156524658203 0.2965941950678825 357.2411190196872 0 6.606369748711586 0 512.0425557643175 380.987943906337 0.1784411072731018 0.2417354509234428 18.70516619086266 0.09152999520301819 160.1821016892791 1.954493835568428 654.3838442713022 7.510023586452007 158.5413521304727 33.09873137623072 1542.128764092922 32.09446256607771 1.686313956975937 3.396824054419994 0 0 0 169.5717036351562 1.42192679643631 2.500435709953308 16.12094636261463 9.91995020955801 8.473947040736675 73.12086072564125 0.56696417927742 162.2880635932088 0 8.779465645551682 10.29461506009102 2.747448027133942 0.54105544090271 0.2590452879667282 0.1700778678059578 91.32503197342157 1.198952823877335 0 0.6945744156837463 83.80159349739552 0 0.2611054927110672 0.4432155787944794 59.41275703161955 4.035614937543869 0.8578878864645958 0 0.1289299428462982 0.2252805680036545 2.448640756309032 0.9135850667953491 13.71504753082991 0 5.466161027550697 0.6475915908813477 359.5751811265945 0.1459735035896301 0 0
0.2041909769177437 856.1587622091174 21.13141889125109 0 2.527338348329067 3.371517673134804 5.669570349156857 27.25613359361887 10.87482237070799 3.046584740281105 282.0521057099104 0.8830621615052223 705.2324921563268 19.73138292878866 0 92.71106967329979 4.039596207439899 66.09881390631199 1.171619094908237 1.25871804356575 4.15350479632616 112.1180846989155 13.72732006013393 38.89220028370619 2869.026438653469 1425.800379745662 1506.912329934537 3.429642282426357 31.77940846979618 2.486287578940392 509.4519028887153 10.15806559473276 0 562.7186769768596 8.541779644787312 176.6271517574787 2183.665686011314 715.5356338471174 196.7391581907868 19.48396598547697 54.28405842930079 844.3666792213917 4.27579253911972 0 28.03223563730717 0 0 0 0.2026143670082092 0.1751587688922882 0.4226899892091751 0 0 308.3994402289391 0.2464370205998421 1874.057709932327 0.6568715944886208 0 0.2591034695506096 0.8276359215378761 113.5679583400488 1.450510323047638 0 0.3126430213451385 0.3032006323337555 0 0.3132776618003845 531.7646615430713 246.2582728415728 898.7547685876489 0.5759943276643753 0.9427430853247643 0 186.2549661025405 1.327918142080307 0 4.821589589118958 0.3887735605239868 9.817013181746006 755.8645541891456 41.88746273517609 4.812865644693375 1.078479662537575 1.005150578916073 202.8456519022584 0
3677.529058858752 0.9411526992917061 539.9752246588469 49.73348028212786 24.02004966139793 824.8577709794044 5070.321461845189 6788.408408217132 9.783614344894886 1284.262068405747 382.6519273817539 259.7497592866421 19.73138292878866 8906.253900192678 29.27751132845879 5.837205938994884 439.7010427117348 147.702301107347 269.5149268582463 200.3035807237029 316.2039058580995 1.237223774194717 1248.788086675107 62.0183882266283 3.357747487723827 497.4767794460058 157.3351255431771 357.4258405044675 3299.89267263934 2575.905738204718 3.389711529016495 2.642571337521076 18.13346350938082 1278.57330654189 14.22612965106964 575.5365458056331 112.9125689268112 1198.043146524578 120.6025492548943 1002.114187955856 170.544111981988 27.56345272809267 14.23140999674797 0 0.5174897387623787 4.120197132229805 1.288739554584026 0 0 30.43940833956003 1.322821006178856 9.100651368498802 0.8071653246879578 0.7593797296285629 0.6534125208854675 0.445282369852066 1.487075261771679 0 82.57753884792328 0.2713783979415894 0 0.2094386518001556 1.23352812230587 23.49734744429588 14.97761249542236 9.694996774196625 36.45756398141384 0 2.843655198812485 38.44166576117277 97.895388353616 3.004149414598942 3.816686362028122 0 0.2779741287231445 1.250170923769474 1.861032411456108 1.885458067059517 28.72299681603909 2.308172397315502 19.05603579431772 5.55540057271719 2.115004256367683 0 4.179392546415329 0
0 1.469104789197445 0.1793387234210968 59.60549242794514 1185.17953478545 1252.732560388744 45.30529540032148 329.4293369054794 646.397982634604 85.96249710768461 0.09804744273424149 1771.848863132298 0 29.27751132845879 103.3250396996737 0 0 0 0 327.1446487382054 0.101677417755127 19.15354963392019 0 1045.052173957229 0 0 0.220254547894001 58.07885352522135 39.19469191133976 0.09904395788908005 0 563.8664366081357 0.2044792324304581 0.7614677101373672 0 34.09756545722485 0 1.223714053630829 0.3297080919146538 679.8618780449033 111.8488912433386 0 0 0 0 0 2.265710085630417 0.1494576036930084 0 0.2208255976438522 0 0.8061767071485519 0.3271931707859039 0 11.40143337845802 0 0 0 0 0 0 0 0.5292326807975769 0 0.1467736512422562 0 2.977772027254105 0 0 0 1.685724206268787 0 0 0 0 0 0 0 0 0 0 0 19.7723403275013 0 0 0
2.624735251069069 982.125380858779 23.27353800833225 0.1700245589017868 0 0.100340411067009 6.639372102916241 1.999057710170746 234.4746248498559 0.2465453147888184 1.987775042653084 0 92.71106967329979 5.837205938994884 0 1501.661061495543 19.23629438877106 1.33892023563385 5.255644597113132 0 3290.493226855993 3213.399488069117 1742.103358969092 706.7254263982177 201.5978751033545 204.6964337304235 3753.691886074841 252.0528955757618 4.843965075910091 320.2859705835581 2.799105599522591 0 1.937961228191853 185.467559568584 52.89295756071806 2392.942732892931 1147.868582926691 447.4086626917124 715.4771637693048 129.711283698678 10.805917493999 74.47509115934372 17.64570736140013 0 16.16834717988968 18.13086722791195 0 1.8851557970047 0 1.681229636073112 0 4.044195562601089 0 11.23580610752106 0 32.81386775523424 0.09835107624530792 0 3323.663292683661 3.135203272104263 0.08347614109516144 0.4637568295001984 0 141.3217224106193 826.7734437808394 1907.321252413094 20.43396227061749 1.346981346607208 10.49679797887802 705.773220077157 90.84043727070093 0.376595064997673 9.084440022706985 0 0 0.4421019181609154 3.265019953250885 12.17483992129564 114.1281108185649 25.05283706635237 43.07964689284563 56.74584333598614 1.424316853284836 1.138251416385174 45.47904443740845 1.766651228070259
171.1034636572003 8.473846703767776 4493.318027801812 0.1251888871192932 0 2.050139226019382 69.98681709170341 297.5743675082922 0.09103403985500336 1.531264521181583 127.2180685922503 0.2223994731903076 4.039596207439899 439.7010427117348 0 19.23629438877106 286.7527338936925 79.21305902302265 1542.623418904841 0.6846230030059814 445.7792761027813 0.4825005084276199 2581.87473025918 28.63525816053152 1.336557418107986 2480.609954275191 6140.155556388199 59.70087296515703 167.7890324518085 1701.541860967875 5.343414843082428 1.52223265171051 8.920155182480812 2255.965306587517 21.14122121036053 962.4512079209089 563.8787314072251 1984.115713045001 613.0029500350356 28.04417383670807 5.512955725193024 4.700666315853596 2.348538003861904 0 10.21192922443151 13.23545503616333 0 0 0 0.7557191327214241 0 0 0 0.4499015808105469 0 0.2505849897861481 0.06565061211585999 0 3.509662806987762 18.9954944178462 0.1403948664665222 4.652028135955334 0 0.2553780525922775 4.879941292107105 4.93868400156498 0.4736122786998749 0.419529139995575 63.08036471903324 252.4833819195628 0.8575327396392822 0.09313218295574188 0 0.1044313162565231 0 0 6.212690562009811 0.8741563558578491 12.92366259545088 10.69943070411682 9.427838340401649 3.798027031123638 0 0 0 0
9.687507681548595 13.50834938883781 15.55156242847443 1.543729767203331 4.148757144808769 18.89144265651703 12.90779889374971 120.1719423606992 0.1037784218788147 13.07129444926977 875.7090028524399 7.370206341147423 66.09881390631199 147.702301107347 0 1.33892023563385 79.21305902302265 18.23120293021202 418.9963442310691 5.237858355045319 3.810382075607777 2.576813742518425 7.691263474524021 1.480225011706352 370.1854378134012 822.3442794457078 601.5421242713928 7.709601543843746 191.427900120616 30.97263269126415 164.7827508300543 54.92813014984131 2.493439450860023 1115.153631009161 14.45315251499414 497.0242615118623 1059.057608410716 1284.469504348934 641.3421600610018 73.33342008665204 7.934119544923306 10.74572000652552 1.660066269338131 0 5.402964487671852 0.0875462144613266 0 0 0.07813842594623566 1.406131431460381 0.08592841774225235 0 0 2.922310546040535 0 8.336408153176308 0 0 1.607781738042831 0 5.803111165761948 0.3456267789006233 0 0.914229080080986 0 0 0.8353337720036507 54.14159955829382 87.92860363423824 200.0384351685643 3.420207537710667 0.8694215342402458 0 8.574947066605091 0 0 0.2518095299601555 1.295214086771011 6.080211222171783 2.039983078837395 1.532365188002586 0.2984466701745987 0.08289899677038193 0 0 0
61.74957550317049 21.97669088840485 83.52598739415407 1.272518143057823 2.570556931197643 13.01097222417593 14.74488495662808 159.427340619266 0.3965103104710579 16.55238927900791 822.0124122723937 6.926602125167847 1.171619094908237 269.5149268582463 0 5.255644597113132 1542.623418904841 418.9963442310691 1095.144486933947 7.187359016388655 40.32620498538017 3.518179513514042 60.66639123857021 2.787355236709118 33.73358473181725 1040.8042768538 821.2735043168068 10.93977627158165 280.9059843048453 368.8657809644938 1.237486138939857 44.74911537766457 12.2423442453146 3717.640768006444 27.14779814332724 1180.786235272884 974.5493162050843 2670.061122588813 882.6354989856482 94.78820294886827 5.445019349455833 1.691071450710297 1.820777639746666 0 20.98237042874098 0 0 0 0 0.1028231903910637 0 0 0 0.4051028788089752 0 1.817042142152786 0 0 2.85844724625349 0.6262523308396339 0.8991636633872986 2.598027773201466 0 0.6556645035743713 0.1143217980861664 0.8012073636054993 0.3877987936139107 8.229955747723579 91.50736813992262 186.9872203990817 2.656964994966984 0 0 1.473108105361462 0 0 0.414626844227314 2.458373203873634 5.361541643738747 2.050961896777153 1.101991094648838 0.8420489206910133 1.027627319097519 0 0 0
0.8823487311601639 0 0.7929269298911095 4137.779191091657 18.49039925634861 1048.195454344153 48.43811623752117 114.4004855826497 421.9542368575931 2895.329747229815 13.36397514492273 5665.644067980349 1.25871804356575 200.3035807237029 327.1446487382054 0 0.6846230030059814 5.237858355045319 7.187359016388655 1556.99629817903 0.5395799651741982 0.2145336866378784 0.07572539895772934 1078.303230240941 0.1395307332277298 6.002136778086424 0.276457741856575 2236.706824943423 300.257617905736 0 0.4130270779132843 7.785819187760353 0.7120585516095161 165.1779879778624 10.96546969562769 485.4173709973693 5.489116869866848 216.2143472358584 76.29375739395618 716.7434253171086 61.06215313076973 0.8994902372360229 10.19344009459019 0 0 0 285.9095517918468 1.640500970184803 1.248819842934608 52.50216249376535 4.929435923695564 23.66408628970385 91.55517750233412 4.425937280058861 65.79551542550325 1.641601204872131 11.12218967080116 12.46280285716057 9.607941344380379 0 0.07788655161857605 0.1814026981592178 79.29198098182678 4.973888486623764 0.5554748773574829 0.9027756452560425 288.4088123738766 0 0.5768150240182877 0.7787204682826996 196.4896854385734 9.179691083729267 1.276097126305103 0 0 0.6198359355330467 4.16574414819479 2.366193413734436 18.09992825984955 0.1552015542984009 19.41058800369501 2.394684322178364 272.2062802016735 0 0 0
88.56515418738127 41.38421310484409 42.60207944363356 0.5284430980682373 0 14.4325984865427 1492.00218103081 250.7259081155062 138.4494722336531 3.87254922837019 4.907932847738266 0.1984440833330154 4.15350479632616 316.2039058580995 0.101677417755127 3290.493226855993 445.7792761027813 3.810382075607777 40.32620498538017 0.5395799651741982 8436.011570386589 146.8967505991459 8912.205467350781 458.2358286380768 7.380343414843082 63.22107040882111 648.1914872080088 3219.280798375607 104.2651259154081 14200.92000199109 0.4499129801988602 0.2184169590473175 46.22353625297546 2139.230011723936 183.6537473797798 5681.629810385406 695.769995264709 5073.776951290667 3357.009915709496 513.1395425349474 31.75640281289816 69.09682513028383 74.8684187233448 0 0.7700193524360657 5.807532735168934 0 0 0 0.7011161968111992 0 2.335659526288509 0 6.109279274940491 0 5.552550554275513 0.09642204642295837 0 609.9836180508137 0.4479980766773224 0 0 0 88.18570280820131 146.7437006831169 196.4120524823666 5.469298705458641 0 2.834549278020859 41.15182137489319 35.11283896118402 0.2805807143449783 7.185164250433445 0 0.3066749572753906 0.1042444184422493 1.500277288258076 4.547651425004005 48.25907403230667 9.765886500477791 16.37759143859148 10.52172683924437 0.5504632890224457 0.2027581632137299 19.51640456914902 2.30783474445343
0.1360204815864563 2106.784980557859 0.6033484935760498 0 1.723200164735317 0.08565071225166321 18.03344320505857 0.9376052841544151 3378.813530020416 0 0.7879298701882362 1.847156524658203 112.1180846989155 1.237223774194717 19.15354963392019 3213.399488069117 0.4825005084276199 2.576813742518425 3.518179513514042 0.2145336866378784 146.8967505991459 1285.671764105558 154.8625471815467 5073.693732120097 336.5157211348414 65.88158448040485 1329.583390668035 126.4144328311086 4.537221021950245 10.96169339865446 3.151925221085548 0 0.8395765647292137 10.46499270945787 0.2361900806427002 19.3367183431983 1.860519215464592 5.931351102888584 3.422012254595757 80.2695122435689 0 3.725563317537308 0.1509763300418854 0 37.33027320355177 4.056282259523869 0 0 0 0.8303507640957832 0 1.552710391581059 0 2.765881299972534 0 2.547559663653374 0.3970995545387268 0 1386.359138146043 1.73745358735323 0 0.2806676030158997 0 53.13160610198975 327.633966229856 530.9701688662171 14.27206895500422 5.167122073471546 2.42715959250927 514.3699306473136 30.19140165299177 0.1096173897385597 5.201631546020508 0 0 0 2.739014804363251 3.269200198352337 34.56174633651972 6.674107253551483 12.62907880544662 16.56322404742241 0.1753355711698532 0 0 0
265.8621782138944 43.86284951120615 8760.509000815451 0.9136906415224075 0.168987900018692 13.0268788933754 597.2924518361688 1139.848273664713 21.60631181299686 3.362113013863564 7.361588925123215 0.2965941950678825 13.72732006013393 1248.788086675107 0 1742.103358969092 2581.87473025918 7.691263474524021 60.66639123857021 0.07572539895772934 8912.205467350781 154.8625471815467 12436.3563318029 672.697517812252 20.90821281075478 1596.356124475598 10001.87565633655 3354.826592177153 168.7682171463966 6851.962692566216 2.048064224421978 0.6328959167003632 10.16509995609522 1920.393347382545 269.3740323036909 9003.116372212768 5001.758206054568 5991.505454316735 6310.236817061901 720.8086776807904 84.81088306009769 106.4387879818678 102.2507361620665 0 16.21386164426804 131.4546924456954 0 0 0 3.314726658165455 0.181744173169136 0.6564353257417679 0 4.959132194519043 0 8.266027338802814 0.5066267997026443 0 1115.040777444839 6.751257844269276 0 1.019611835479736 0 25.82534632086754 324.268240980804 850.0762510672212 13.37081602215767 0.4053507819771767 16.77238092571497 1699.177824430168 38.1679523140192 0.1449939757585526 1.609178453683853 0 0 0.1459191292524338 2.615527488291264 20.77221693098545 58.45805398374796 11.19361978024244 17.42946688085794 30.46446356922388 0.5427186340093613 2.298463702201843 12.45031921565533 0
48.18214083462954 541.9693598002195 183.8255455642939 1901.991228409111 83.74886744469404 45.26196393370628 2933.926526278257 42.20050512254238 8683.916188359261 461.3202220275998 1.923652946949005 357.2411190196872 38.89220028370619 62.0183882266283 1045.052173957229 706.7254263982177 28.63525816053152 1.480225011706352 2.787355236709118 1078.303230240941 458.2358286380768 5073.693732120097 672.697517812252 5558.906697973609 85.50991898030043 73.27390174567699 2533.258515387774 7112.739748246968 471.6534230262041 980.8018862754107 1.513761058449745 2.08833970874548 218.5766867920756 283.5143090635538 120.5851176306605 2420.400049172342 98.46202366054058 779.7669171392918 445.5848152786493 1825.795245841146 31.29745464026928 22.90584290772676 32.57338375598192 6.392424903810024 7.090105585753918 29.31957736611366 538.5402442738414 4.508025698363781 12.185451798141 892.2306933775544 93.15632982552052 1297.722165815532 429.6916836649179 26.42942608892918 135.6327774599195 12.09877046942711 164.8084045387805 30.46162479370832 1298.7091935426 5.131045371294022 7.394553102552891 4.796241007745266 334.4348745197058 296.1588852629066 333.737555526197 171.7997668907046 4158.498754888773 0.4071163758635521 23.95030339807272 111.3834595233202 3471.828918494284 186.4685009717941 44.20584692806005 1.977454401552677 3.551881209015846 30.36690612509847 130.8001448735595 45.21718940883875 461.2713579908013 26.56272398680449 356.4064242988825 106.6816194429994 737.9323981031775 18.26072182506323 11.31827199459076 2.578213386237621
0 1101.972547359765 1.708062060177326 0 0.101980060338974 0.7963443696498871 7.491307288408279 5.87688785046339 33.8307752981782 0.6102445796132088 66.38193774968386 0 2869.026438653469 3.357747487723827 0 201.5978751033545 1.336557418107986 370.1854378134012 33.73358473181725 0.1395307332277298 7.380343414843082 336.5157211348414 20.90821281075478 85.50991898030043 187.452290661633 1032.879991933703 5485.752878494561 6.20924336463213 1.348279476165771 0.5528343766927719 681.7950550615788 1.104394569993019 0 775.8324392512441 13.86812895536423 96.98362292349339 69.82797359675169 607.9537494033575 46.8675050586462 6.085039243102074 74.09802359342575 258.7364297956228 9.177792072296143 0 33.5213740542531 0.8235345035791397 0 0 0 0 0 0.4300734847784042 0 45.73854853212833 0 452.1929311975837 0.07337599992752075 0 0 1.227820448577404 23.07026832550764 0.4562527984380722 0 0 0.3778297305107117 0.08465442806482315 0 51.5112861841917 74.15466719865799 531.9332819208503 0 0.08270462602376938 0 39.22905271500349 0.100734569132328 0 0.9697311520576477 5.056824684143066 6.50232120603323 33.66137334704399 20.5991787314415 0.2839215248823166 0 0 5.58886456489563 0
155.6107610166073 460.7366807162762 4686.194542869925 0.9638465419411659 1.750776514410973 13.38044822961092 67.3601854853332 366.5952829644084 3.701885588467121 12.16358149051666 823.3923561125994 6.606369748711586 1425.800379745662 497.4767794460058 0 204.6964337304235 2480.609954275191 822.3442794457078 1040.8042768538 6.002136778086424 63.22107040882111 65.88158448040485 1596.356124475598 73.27390174567699 1032.879991933703 22879.36158110946 14186.09423436224 50.86056239157915 264.3411638811231 654.8292471468449 1235.280661068857 29.85202721506357 6.768585428595543 1285.707111231983 49.22494075447321 2835.522622600198 5947.892926558852 2665.542740188539 1364.704703897238 124.5611641928554 18.09639813005924 48.86681139469147 7.276152215898037 0.1069122105836868 380.2024308443069 29.50650279968977 0 0.1048099175095558 0 2.767407462000847 0.5108557268977165 0.1294761300086975 0.1639257669448853 61.51712290942669 0 244.8541211485863 0.5075531080365181 0.09339456260204315 5.925012953579426 136.6564903110266 106.7190512940288 123.7928669601679 0.08570568263530731 0.7409708574414253 25.3466390222311 4.663263402879238 1.778798401355743 266.277213819325 2723.060381099582 6075.162841379642 4.80050078779459 1.006507463753223 0 117.4177361801267 0.1912017837166786 0 38.4894143268466 4.207491517066956 83.2585216909647 194.0597840324044 77.02830141782761 22.59855574369431 2.173870362341404 0 1.60895112901926 0
53.43936035782099 6024.518117636442 2868.905481092632 0.9929734766483307 0.4877177998423576 3.920224197208881 321.0562283247709 101.0115910917521 40.64072299748659 0.8341246545314789 177.5690404474735 0 1506.912329934537 157.3351255431771 0.220254547894001 3753.691886074841 6140.155556388199 601.5421242713928 821.2735043168068 0.276457741856575 648.1914872080088 1329.583390668035 10001.87565633655 2533.258515387774 5485.752878494561 14186.09423436224 17099.59105776995 1742.654856361449 66.796047732234 240.5974041000009 1012.565520696342 1.171064183115959 2.535796098411083 2603.514494910836 138.2354349792004 4677.677199490368 2706.311070889235 4234.184312358499 2266.645939491689 191.2448175773025 42.753233499825 39.95138646662235 16.37607229501009 0.1228149309754372 2781.209908604622 717.5603074878454 0.1121955141425133 0 0 31.9876434803009 1.331628009676933 9.556157857179642 0.1222059354186058 15.79340092092752 0 62.52879931032658 1.386173762381077 0 603.6693814769387 487.8490399047732 26.80016785860062 141.7119795903563 0.2454383596777916 32.65303843468428 2015.235266856849 772.9132335782051 35.8339059650898 279.4709842205048 2865.064054369926 18552.11523157358 51.9850103110075 2.202377431094646 3.216252274811268 44.93596221506596 0.1988011002540588 0.6496332064270973 138.4817161783576 18.0264113470912 326.9374579563737 212.804770283401 317.1984907835722 149.9079825803638 10.6621405929327 0.9003732800483704 1.200541339814663 0.5727244019508362
40.71700271964073 31.78416850417852 515.0182424783707 2857.628254316747 6.178569957613945 1365.963220760226 12524.20605485141 402.0793915763497 650.7997666448355 2600.901351064444 11.98320772498846 512.0425557643175 3.429642282426357 357.4258405044675 58.07885352522135 252.0528955757618 59.70087296515703 7.709601543843746 10.93977627158165 2236.706824943423 3219.280798375607 126.4144328311086 3354.826592177153 7112.739748246968 6.20924336463213 50.86056239157915 1742.654856361449 13701.19099693 1006.886971369386 4947.437129363418 0.4279541671276093 3.910187974572182 411.6475718393922 894.8628759235144 241.7225569412112 3875.580286353827 134.2500250563025 2337.023847416043 1131.364382147789 962.1841997951269 126.3977351561189 37.19669147580862 74.21484836935997 1.101488955318928 2.603909604251385 20.23119217902422 239.0303887724876 1.226481646299362 2.554157830774784 345.1370958462358 26.21780382841825 244.5274767801166 163.326638944447 8.618491321802139 54.92751657217741 8.908351443707943 48.4917331263423 10.96871253848076 671.246607594192 2.056498058140278 2.810319170355797 2.167102374136448 135.3519890382886 193.1224672198296 104.7557189390063 67.27475113421679 1106.624013900757 0 11.91222520172596 66.27853360027075 1280.633625477552 59.90681966394186 23.79676020145416 0.317151203751564 1.370666772127151 15.1285533234477 36.32619597762823 17.9020009636879 226.6972276940942 17.835782751441 154.8920603618026 50.84769708663225 243.7937313392758 3.806550726294518 15.77031383663416 0.4645429849624634
3423.799781680107 0.4430841952562332 83.53879391402006 94.55984505265951 203.3841514438391 494.5987460315228 2773.214326821268 912.5837694332004 43.95467591285706 825.2229635864496 715.7680493444204 380.987943906337 31.77940846979618 3299.89267263934 39.19469191133976 4.843965075910091 167.7890324518085 191.427900120616 280.9059843048453 300.257617905736 104.2651259154081 4.537221021950245 168.7682171463966 471.6534230262041 1.348279476165771 264.3411638811231 66.796047732234 1006.886971369386 13738.43489616364 1913.334924452007 3.459486372768879 129.9169501066208 2403.625836264342 4713.731673881412 13.8161029368639 801.5342252850533 94.81266192346811 2451.101962938905 178.8947511911392 1189.508264690638 486.0813719406724 39.49747541546822 21.99296221137047 0.2968358099460602 0.5144534111022949 13.23167275637388 4.442789167165756 0 1.507074743509293 74.90662505477667 2.28787038475275 31.36096791177988 1.971048086881638 4.162352152168751 1.84741996973753 3.792593404650688 3.520116157829762 0 263.4006424620748 0.4652647376060486 0.9257723316550255 0.8455477133393288 1.590112775564194 98.25388595461845 43.75499054044485 36.7897470369935 91.76869615912437 0 4.170643232762814 12.82696034759283 251.9770004600286 9.927671648561954 11.41690468788147 0.3761313855648041 0.1504856497049332 4.720148205757141 5.660352863371372 4.045220524072647 90.26338504254818 9.942064039409161 40.42871921509504 16.40249137580395 12.64589685201645 1.740128844976425 24.91205990314484 0.2774653732776642
1814.929779961705 1.697734981775284 1090.140819884837 0.4921347722411156 0 5.568616911768913 2520.900088757277 1030.89278203994 53.37462287396193 2.173534668982029 21.95401549339294 0.1784411072731018 2.486287578940392 2575.905738204718 0.09904395788908005 320.2859705835581 1701.541860967875 30.97263269126415 368.8657809644938 0 14200.92000199109 10.96169339865446 6851.962692566216 980.8018862754107 0.5528343766927719 654.8292471468449 240.5974041000009 4947.437129363418 1913.334924452007 7269.327913977206 0.4758604392409325 0 603.3279137313366 2585.462504431605 54.21642974019051 2222.412454798818 267.4527168646455 1519.621891900897 354.929976798594 99.22487065196037 4.824659146368504 23.4767557233572 13.24253412336111 0.3061720728874207 0.1155955418944359 11.85378997772932 0 0 0.2376342117786407 13.10686530172825 0.3044013977050781 33.81161122024059 0.1699551045894623 1.774003610014915 0 12.54099240154028 2.453549206256866 0 311.9401943907142 3.126639351248741 0 0.7136962413787842 0.1744792908430099 88.71397573500872 76.79871271550655 69.38241970539093 39.98336362838745 0.1257364451885223 2.892900459468365 82.01319801807404 115.6980902180076 5.536120608448982 10.00599572062492 0.2608988285064697 0 1.58488067984581 5.798522800207138 4.67561287432909 64.98816502094269 7.805652655661106 30.4405412375927 14.87722478061914 5.745685413479805 3.008749008178711 16.56415748596191 0.1189869567751884
