2945.399478249252 1.470935545861721 73.13193108141422 12.2183433175087 0 41.22065620869398 3231.400701858103 996.8460760191083 9.556364350020885 76.16111170500517 72.18195876479149 2.325986638665199 4.659474149346352 8941.977389857173 0 0.2617606818675995 162.312167622149 19.8818893879652 51.98738212883472 4.382869064807892 17.88226507604122 1.2158123254776 46.23371899873018 152.1831159070134 0.215411439538002 110.2175158038735 92.53981985151768 104.4465926513076 6769.885102882981 2717.757690265775 2.12268703430891 62.27788706868887 44.63485457003117 305.311097599566 1.437605425715446 38.53782390058041 11.274498231709 311.1142851114273 16.19603995233774 1.741144590079784 17.12302418798208 1.220549739897251 0.7479133829474449 0 0.3481942117214203 1.706559002399445 0 0 0 5.416013330221176 0 0.3937459960579872 0 0 0 3.514952704310417 0 0 0.1340415328741074 0.4542026668787003 0 0 0 0.7163399532437325 0.1066818162798882 0 9.505025632679462 0 1.785711877048016 3.368904165923595 8.389001525938511 1.065456688404083 1.313246957957745 0.1496035158634186 0 0 0.5183322429656982 0 12.30857423692942 0.4260060042142868 1.027918964624405 0.6815304756164551 1.585692822933197 0 0.1248446851968765 0
1.470935545861721 1013.194052733481 513.4515973627567 0.3054684102535248 0.2404275685548782 1.161124631762505 7.272584185004234 1.123306073248386 617.6126058697701 0.997903048992157 119.3122236132622 7.79918859153986 1234.596796102822 3.090498864650726 40.95738703012466 126.4841532483697 271.4200708121061 134.9684591218829 936.1293702423573 0.1212204024195671 7.944289334118366 2558.832870543003 36.63541939854622 770.2554554790258 4244.058305673301 2203.405927464366 12563.74481547624 17.92258977890015 6.22818348556757 8.847292721271515 89.98455218225718 0.4044751599431038 0.1198232844471931 458.7768589183688 9.267343610525131 494.587340965867 1544.806089192629 728.5236647054553 240.0815535187721 19.43507219851017 4.309759818017483 1264.467713586986 1.42997907102108 0 130.6891362294555 13.55065654218197 0 0 0 1.839368380606174 0.4638680592179298 0.9707525297999382 0 23.0690695270896 0 202.1970891132951 0.4947241693735123 0 4.303978860378265 23.61920653283596 5.525909125804901 91.01183103770018 0 0.9477997943758965 7.786696538329124 4.507369995117188 4.445946805179119 102.8787335008383 338.4646461978555 1858.1076939255 1.360580652952194 0.2289258167147636 2.538505077362061 46.9720019325614 0.1585471034049988 0 13.96344020217657 2.088850259780884 60.41025505959988 52.34130676835775 48.16280099004507 20.64180381596088 1.020549476146698 0 7.523965500295162 0
73.13193108141422 513.4515973627567 10002.86054261774 10.64314384758472 0 61.04589775204659 1932.934244215488 204.3028065860271 44.20064900070429 29.81090936809778 22.42538646608591 0.800619937479496 3.367482125759125 211.1943671554327 0.4509932398796082 34.80884875357151 4109.518566668034 31.69922216236591 195.330045349896 0.8627626001834869 1379.388407588005 241.2265138030052 20136.43123524636 410.1346381157637 0.4209916144609451 14637.90003331751 23579.34510937333 1373.609552659094 108.7026442140341 1414.908620409667 5.821477241814137 3.988669998943806 14.67804705351591 900.8591257035732 53.62841654568911 2583.613172248006 1033.025868549943 2205.188548795879 1124.043814718723 107.0836117267609 13.7267844825983 3.886934220790863 19.93533191084862 3.773264609277248 466.0142231285572 2333.816397368908 0.4936412572860718 0 2.620152853429317 79.06235421448946 5.293152622878551 7.242934204638004 3.274431616067886 5.338976874947548 0 2.385265216231346 6.791555747389793 0 83.47252255678177 402.8938634544611 4.726435177028179 29.07120989263058 0.1529693603515625 39.31544638425112 188.8947536721826 464.0850577801466 86.37367664277554 0.9326090067625046 585.4623209610581 5741.032267078757 56.91483461111784 5.866044774651527 40.61164483428001 0.9431308731436729 0.3130531087517738 1.115686804056168 122.9954927265644 24.64954550564289 698.9302650541067 249.7153280600905 479.7276809513569 182.1271276623011 19.49499075114727 1.494021743535995 1.112313032150269 2.102961838245392
12.2183433175087 0.3054684102535248 10.64314384758472 6554.905721664429 1.023976638913155 69.86239306628704 335.5954043790698 59.86600190401077 1524.533347092569 4416.38865172863 7.420471869409084 5624.938093960285 0.397204726934433 44.97218488901854 92.80167356133461 1.809893980622292 2.153885945677757 0.8962738886475563 0.4913310259580612 13019.25762392581 0.7754577398300171 1.01472806930542 5.661280117928982 4012.594130031765 0.1424918174743652 2.967404045164585 8.560656107962132 6719.027188226581 142.461610481143 7.363294847309589 0 3.923145733773708 11.44770708680153 37.58073599636555 15.70988686382771 465.0110279247165 4.825988911092281 176.2768258750439 32.73974131047726 144.8583068996668 55.2984124571085 2.509294897317886 6.978072673082352 0.1194638088345528 0.1916484981775284 1.509834945201874 278.147073790431 1.829813778400421 33.48845351487398 138.1734112352133 1.188137084245682 101.6860538870096 142.7218408584595 0 126.6935528069735 1.906957149505615 3.877014338970184 21.42868487536907 0 0 0 0 116.9326562136412 0.9120736718177795 1.016807913780212 0.542327493429184 690.6374087408185 0 0.2226891815662384 1.487001374363899 469.11085473001 11.51014390587807 1.194234058260918 0 0 1.669693380594254 5.466392830014229 1.462251931428909 59.37636857479811 0.3267267346382141 14.45416975021362 1.012305915355682 100.6819127053022 5.38661915063858 1.134630441665649 1.300860553979874
0 0.2404275685548782 0 1.023976638913155 2.004679203033447 43.66969879716635 0.4252273216843605 1.142856046557426 27.08886364102364 3.658946976065636 0.6813589483499527 12.30334608256817 0 0.6147976517677307 921.2745525538921 0 0.1493547856807709 0 0 0.3040415644645691 0 2.085720933973789 0 5.635922566056252 0.108381986618042 0.1592564433813095 1.877823539078236 0.6221995204687119 0 0 0 296.8781400024891 0 53.53222805261612 0 27.05130024254322 0 74.21177616715431 9.184635579586029 725.4038839489222 54.79179222881794 0 2.634414821863174 0 0 0 0 0 0 0 0 0.19490647315979 0 0 0 0 0 0 0 0 0 0 0 0 0 0 0 0 0 0 0 0 0 0 0 0 0 0 0 0 0 0 0 0 0 0
41.22065620869398 1.161124631762505 61.04589775204659 69.86239306628704 43.66969879716635 23231.51948492974 5310.626085035503 7084.014237418771 97.00564023852348 11367.48862550408 117.2144424766302 5839.008800268173 16.95144242048264 814.9005428627133 1151.761925533414 0.8797939270734787 35.55650528520346 12.39122302085161 17.35404176265001 265.4797112345695 4.399597063660622 1.807675339281559 27.34532850235701 326.9520633891225 1.674245543777943 58.55264656245708 40.4280654489994 1249.291506268084 371.5666737183928 66.445262350142 1.475967437028885 735.1010795533657 34.73753337562084 471.2976682260633 19.05330780148506 667.5480232164264 31.21412305533886 581.0251580998302 128.4593073278666 2934.053796514869 818.9193587526679 13.07397921383381 15.07724111527205 0 0 2.696006625890732 4.842006295919418 0 0.4319098293781281 39.29632020741701 1.02486377954483 7.329386085271835 3.451109170913696 0.1482275128364563 11.86864922940731 0.3419222980737686 0.819963663816452 0.6425737738609314 0.135271817445755 0 0 0 2.924257457256317 0.1434212327003479 0.2091491669416428 0.4462025463581085 93.53538759052753 0 0.1199424713850021 3.169035449624062 58.01617202162743 2.207908883690834 5.910407863557339 0 0 1.24903815984726 0.9084907099604607 0.1337606906890869 19.77598038315773 1.133398711681366 6.228253655135632 2.105873063206673 4.285071298480034 0.3326272368431091 0.5217770934104919 0
3231.400701858103 7.272584185004234 1932.934244215488 335.5954043790698 0.4252273216843605 5310.626085035503 28115.52589292079 4043.139325074852 122.0757650360465 14926.5103751272 87.17937701940536 96.37175399065018 6.763407781720161 8157.500566795468 4.75868684053421 12.43112249672413 532.0607750937343 34.56649405509233 77.84805328398943 53.17186409235001 132.7995645552874 14.33654890954494 1117.866131745279 2692.850757241249 2.321810513734818 626.9803862795234 664.2543913275003 33793.23005306721 1681.925794675946 6817.449340052903 2.952937170863152 79.91535666584969 113.0004202947021 364.4834327995777 43.50990964472294 1190.760594218969 94.9166124984622 1018.485490493476 229.3883732333779 78.03051909059286 138.9188314601779 6.081022903323174 22.18644108623266 0.4119917452335358 5.069581814110279 29.4857229590416 5.369489952921867 0 1.588301688432693 105.7983407750726 2.843714825809002 27.66689904779196 8.037327937781811 0.9309308603405952 1.34020134806633 1.666285589337349 1.463150419294834 0.09430558979511261 14.25186166167259 1.92946782708168 0 0.6509914547204971 5.155118361115456 2.880044050514698 6.261478766798973 20.89873974025249 276.6142582073808 0 4.884661808609962 118.3847741708159 169.5072704404593 13.81596766412258 14.85886849462986 0 0 1.203001789748669 4.961065649986267 5.348869830369949 118.7817959114909 2.422710329294205 31.22493375092745 3.645336136221886 4.340291514992714 2.163237363100052 5.569933727383614 0.288722038269043
996.8460760191083 1.123306073248386 204.3028065860271 59.86600190401077 1.142856046557426 7084.014237418771 4043.139325074852 13855.91365592927 22.0198824480176 2868.776195414364 81.29014521092176 1138.715660326183 7.793668791651726 11906.02029094845 78.09618731588125 3.000097408890724 365.9945021271706 39.41993699222803 84.45258973538876 164.273401260376 24.4361904785037 1.349300988018513 110.7448571920395 305.2672171592712 0.7960117012262344 279.549150377512 178.3340863063931 349.526205830276 813.7474111765623 1940.618271671236 2.524902082979679 223.6391359493136 34.22083468735218 305.8785080835223 11.99105570465326 709.3650098890066 31.98799492418766 454.7280261516571 121.9004035666585 1051.393206223845 233.5290636122227 7.910310119390488 18.63819615542889 0.7181875333189964 0.1001983731985092 3.345617882907391 0.2043171375989914 0 2.067970722913742 34.01898944377899 0.752401202917099 7.086210526525974 3.684613391757011 0.147449716925621 5.955789662897587 0.265529990196228 0.1057272404432297 0 0.854672022163868 0.1211385205388069 0.3655223548412323 0 1.089632451534271 0.3959784507751465 0.8755525201559067 1.192140251398087 75.03048434108496 0 1.512846626341343 8.888734631240368 47.19552593678236 4.723970539867878 5.519419305026531 0 0 1.852584138512611 2.448578730225563 0 14.81617488712072 0.8103218749165535 2.826786451041698 1.045914575457573 0 0 0.2053964287042618 0.2750235199928284
9.556364350020885 617.6126058697701 44.20064900070429 1524.533347092569 27.08886364102364 97.00564023852348 122.0757650360465 22.0198824480176 1144.33027305454 303.7194892913103 4.171585664153099 592.1127458661795 67.54594007134438 16.402882181108 1323.336958877742 58.60691121220589 17.49735479056835 0.7448105439543724 2.186920545995235 662.2532942742109 52.84666696935892 3440.091311790049 19.55190428346395 17537.19413293898 244.5665192380548 46.2305336073041 2214.74314134568 1486.91849065572 68.30900134146214 216.018085449934 4.63297200948 8.683790937066078 15.04300190508366 25.23599041253328 5.168979182839394 265.8825784027576 27.10944074392319 96.16116565465927 36.34954503923655 322.3925892114639 13.49004857242107 11.86416669934988 4.060306951403618 10.45217721164227 4.21993537992239 6.922780737280846 197.9963929206133 0.1864771395921707 43.54566174000502 387.0653435438871 11.52717144042253 96.67353028059006 145.4370148703456 2.128369376063347 60.94343856722116 9.894272066652775 14.36846957355738 8.632307901978493 43.07050082087517 1.986782386898994 0.4144048988819122 1.12575027346611 135.363633915782 19.11685790866613 11.82390235364437 5.650316894054413 1890.906754136086 2.776318073272705 8.58320090174675 37.11320012062788 623.0516945570707 54.40557987242937 112.5801631659269 1.319021143019199 1.021943934261799 12.707234762609 13.8420762643218 5.519899770617485 210.873583085835 3.957096755504608 60.23753928393126 10.95935396850109 56.15564648807049 5.042434483766556 0.6523452401161194 2.35003499686718
76.16111170500517 0.997903048992157 29.81090936809778 4416.38865172863 3.658946976065636 11367.48862550408 14926.5103751272 2868.776195414364 303.7194892913103 52683.88292217255 302.5268392190337 10237.78571983427 23.34666462242603 1810.873760610819 46.25883972644806 0.8060998618602753 13.78205063939095 31.58971375226974 36.7250344529748 4837.991569802165 1.395413689315319 0.2224627211689949 11.95341414958239 692.1131516396999 4.019610688090324 69.6245175153017 67.31880573928356 9232.624490462244 1073.114215031266 19.63191022723913 4.733315281569958 217.0719881951809 32.6385744959116 840.1542091146111 79.30069546401501 2981.145308151841 85.11573185771704 2945.112291932106 260.6267853081226 536.4181845337152 627.9848958775401 25.56260211765766 96.75846462696791 0.6634171977639198 0.5202500522136688 0.1523179709911346 40.38603548705578 0 10.79875899851322 82.11496359109879 0 47.57290144264698 28.71552489697933 3.429927207529545 34.17132234573364 5.750400245189667 1.373083963990211 4.68935152888298 0.3473566249012947 0 0 0 27.72639946639538 0 0 1.51535302400589 339.2296193689108 4.128387063741684 0.8927486389875412 2.672771483659744 135.0151435732841 4.717042900621891 1.204525500535965 0.1527701914310455 0 2.956106722354889 1.145603537559509 1.834693819284439 40.68702770769596 1.698127999901772 4.453652426600456 0.9190802499651909 31.95237283408642 0.5857150554656982 1.263774201273918 0
72.18195876479149 119.3122236132622 22.42538646608591 7.420471869409084 0.6813589483499527 117.2144424766302 87.17937701940536 81.29014521092176 4.171585664153099 302.5268392190337 13706.99940778315 207.2392821460962 1309.794583752751 411.5774900391698 3.595936082303524 0.8516227900981903 253.5439371913671 3523.626778192818 2977.645636312664 36.12895472347736 30.12466537952423 8.307601802051067 54.39711776375771 29.4220862314105 763.3648324012756 2306.616994321346 1162.399400502443 32.66430174559355 363.3054024428129 118.3204998597503 416.3540058881044 104.0294114947319 20.56551186740398 10981.11675328016 5.237366750836372 494.5813053995371 5455.041007824242 6791.562039598823 796.419150672853 31.85342507064342 72.19581427425146 1438.070860289037 6.094477601349354 0.2310788854956627 40.61385507881641 0.8410918563604355 0 0 0.515494205057621 0.5082085207104683 0.2854250520467758 5.264137886464596 0.1979729533195496 476.1632935255766 1.415808796882629 2426.598157435656 1.110739625990391 0.2288202792406082 0.6222070008516312 1.437358617782593 87.68025125563145 30.95373695343733 0.09001350402832031 0.4379767701029778 7.985566914081573 0.2929978966712952 4.75845643132925 483.5238253995776 230.9939522370696 670.2648563012481 0.4294173941016197 0.5110039338469505 0.2345872819423676 239.4576513469219 0.5103739574551582 0 8.670942902565002 4.60489809513092 26.19556427747011 328.7389411702752 38.64466795325279 6.336817607283592 0.1462366729974747 0 377.2274413332343 0
2.325986638665199 7.79918859153986 0.800619937479496 5624.938093960285 12.30334608256817 5839.008800268173 96.37175399065018 1138.715660326183 592.1127458661795 10237.78571983427 207.2392821460962 14005.43539023399 26.9876866415143 373.29027377069 1269.593353912234 0 0.849451370537281 19.48630591481924 16.9975371658802 9455.541054800153 0.5555143430829048 32.00248326361179 0.7588270753622055 541.8564364090562 4.550515457987785 37.79387778788805 47.25616862624884 1283.175084814429 327.8496045172215 2.393264167010784 2.395724594593048 273.4410744532943 0.5268586128950119 528.9478567242622 34.70645943284035 1321.847196698189 43.26715211570263 759.3154812380672 113.0980984419584 2069.812519587576 265.7171964272857 18.08690930902958 11.59701930731535 0 0 0 52.00594319403172 0.5033860206604004 6.446655169129372 15.20254212617874 1.0231012403965 24.51443462073803 14.62150931358337 9.995063543319702 348.0323218405247 5.123980619013309 0.2679387032985687 5.788485810160637 0.1210995987057686 0 0 0 30.4099235534668 0 0 0 142.8836707100272 0.1844941973686218 0 1.67272612452507 51.83607889711857 1.557748131453991 0.2106263786554337 0 0 0.4584536850452423 1.540601313114166 1.463678359985352 28.62469089031219 1.082026258111 2.907395243644714 0.4588868618011475 66.20480042695999 0 8.298805050551891 0
4.659474149346352 1234.596796102822 3.367482125759125 0.397204726934433 0 16.95144242048264 6.763407781720161 7.793668791651726 67.54594007134438 23.34666462242603 1309.794583752751 26.9876866415143 6915.925230778754 22.83431576192379 3.80381378531456 1.915582314133644 4.028424225747585 23.82389046251774 12.7644759863615 3.935558579862118 1.177315890789032 246.703026868403 2.920513123273849 61.91289631277323 5037.888454481959 284.1298290267587 3780.919768832624 3.019060529768467 9.070429638028145 4.540516026318073 1042.962497055531 5.864461742341518 0.2348513826727867 1427.168140046299 1.856955036520958 184.6472762748599 3542.552801668644 1933.033199183643 179.1868946701288 15.31175733357668 66.20501983910799 1963.654913187027 1.886818394064903 0.2399544045329094 70.09800021350384 0 0 0 0.8432857245206833 0.1241861209273338 0.5885327309370041 6.893299654126167 0.5734841823577881 765.1713424995542 0.4542707800865173 4113.72321011126 0.6466058790683746 0 0.8497739732265472 1.380515530705452 101.9092471897602 17.91785328835249 0 0 6.563601911067963 0.3628816530108452 3.812181256711483 1258.923038847744 151.8171473369002 771.0157004073262 0.2477054297924042 0.5268582403659821 0.5325080156326294 296.7204738482833 0.4452445507049561 0 9.141400031745434 0.4838585406541824 22.50844527035952 397.0087205395103 48.78378967195749 6.403981745243073 0.8160624131560326 1.213317982852459 373.8347843959928 0
8941.977389857173 3.090498864650726 211.1943671554327 44.97218488901854 0.6147976517677307 814.9005428627133 8157.500566795468 11906.02029094845 16.402882181108 1810.873760610819 411.5774900391698 373.29027377069 22.83431576192379 25785.8054665029 5.69233588129282 1.459374785423279 435.1616423651576 74.54008574038744 137.690192066133 90.94979567825794 34.21675381064415 0.8617314249277115 119.5623065233231 254.0701339989901 3.46642266958952 345.2179707214236 281.9152037799358 321.2862385138869 9462.786890633404 3934.759815901518 8.479147553443909 385.6536847501993 33.39346291869879 1007.836840189993 8.995814606547356 210.2934758961201 53.89245241135359 755.2047022283077 73.84669928997755 73.80486310273409 79.16239508986473 7.428013272583485 4.716526418924332 0.08908385783433914 0.8367707803845406 3.605061270296574 0.2471705675125122 0 1.217574745416641 16.18868733197451 0.2284573316574097 3.930439874529839 4.434309899806976 0.4217428416013718 2.581576742231846 4.232105411589146 0 0 1.650708697736263 0.4806040674448013 0 0.5903371274471283 0.3925147950649261 0.4968220666050911 0.8785342425107956 2.302734337747097 49.15437645465136 0.1776645481586456 2.039024814963341 14.56707902252674 31.67381552606821 1.185946762561798 3.298691436648369 0.5342674255371094 0 0 0.2119354158639908 0.8415164947509766 16.46809323132038 1.285435274243355 5.208750203251839 0.2195453196763992 0.6319111436605453 0.4852305501699448 0.3301192969083786 1.130861222743988
0 40.95738703012466 0.4509932398796082 92.80167356133461 921.2745525538921 1151.761925533414 4.75868684053421 78.09618731588125 1323.336958877742 46.25883972644806 3.595936082303524 1269.593353912234 3.80381378531456 5.69233588129282 642.9927471280098 1.890156917273998 1.135954454541206 0 0 135.6693674772978 0 194.5493836849928 0.2288509160280228 937.0511714890599 12.83574020862579 1.531117580831051 144.6455861106515 66.95017805695534 3.103418409824371 0.7152168080210686 0 664.5992775037885 0 28.36218160390854 0 54.57423838973045 1.206244833767414 8.070116586983204 0.4062083512544632 1762.467355176806 191.3364043086767 1.477259397506714 0 0 0.1231829449534416 0 6.580427408218384 0 0 0.6229916214942932 0 3.4141865670681 1.826776742935181 0.1128772273659706 4.863427191972733 0.5641693249344826 0 0 0.2712216377258301 0 0 0.2972478568553925 1.758936136960983 0.3318092674016953 0.4567643404006958 0.1261593848466873 8.801238983869553 0 0.3865772634744644 1.970721565186977 2.347166314721107 0.3430989012122154 0 0 0 0.560455322265625 0 0 0 0.2005553394556046 0.3299472630023956 0 4.007969737052917 0 0 0
0.2617606818675995 126.4841532483697 34.80884875357151 1.809893980622292 0 0.8797939270734787 12.43112249672413 3.000097408890724 58.60691121220589 0.8060998618602753 0.8516227900981903 0 1.915582314133644 1.459374785423279 1.890156917273998 7543.139943443239 29.41098941862583 0.7047106996178627 2.311542712152004 0.1762521713972092 6931.809179455042 6223.469034194946 8585.181723587215 3984.385406173766 8.600676000118256 6.587744556367397 12697.55016378313 1073.935459002852 45.08084791153669 157.0253230258822 0.3583386540412903 0 14.97707356512547 48.99204732477665 41.25579085946083 3464.150613330305 1812.341020718217 633.9149654358625 496.3013769313693 224.4003353267908 9.837495915591717 3.636373415589333 31.2829969227314 10.19886652380228 7.09135277569294 53.81887995451689 0.4339509755373001 0 1.154991321265697 46.5236637070775 3.956140801310539 85.15553253144026 1.819923155009747 0.4028856009244919 0.9435021355748177 0.1104206070303917 9.28599875420332 2.512103386223316 3369.009633935988 5.550083562731743 0.8893654271960258 1.483994193375111 0 904.3988555371761 1015.902734450996 1181.326406672597 420.9048178568482 0.4377822801470757 6.789603136479855 927.8731059283018 235.6274653449655 37.22400941699743 168.2718714401126 0 0.2222560420632362 3.100238882005215 14.04640446603298 9.038689464330673 308.2025379315019 35.20863045752048 68.03628282994032 22.85010586678982 14.0070606470108 1.751993380486965 0 1.09061761200428
162.312167622149 271.4200708121061 4109.518566668034 2.153885945677757 0.1493547856807709 35.55650528520346 532.0607750937343 365.9945021271706 17.49735479056835 13.78205063939095 253.5439371913671 0.849451370537281 4.028424225747585 435.1616423651576 1.135954454541206 29.41098941862583 4072.648602858186 580.1583901420236 7320.185280874372 0.5148140490055084 1868.048318617046 38.48782231658697 6158.854007184505 117.3188177719712 36.28538407385349 8766.527203924954 10232.67104522884 247.7310365736485 561.3033699244261 3747.212505638599 10.56864155828953 9.815471857786179 74.54426752030849 946.881374001503 3.573336318135262 245.1634863764048 116.1630771458149 709.114341840148 138.352761156857 15.07138314843178 10.0537931099534 2.033494040369987 4.049278974533081 0.3491761684417725 108.0493442192674 137.335621252656 0 0 0 8.428391024470329 0.5908675193786621 0.9408659413456917 0 1.14115035533905 0.1284573674201965 1.834804885089397 0.7523082941770554 0.1159267723560333 13.10171311348677 125.822420462966 1.760435581207275 128.9939572811127 0 10.48140799254179 3.543745152652264 17.39716710150242 12.87387619912624 1.500458970665932 648.2844065651298 1146.868868775666 6.872362121939659 1.28527720272541 9.171347640454769 2.303725481033325 0 0.1170647814869881 46.1100822687149 3.41211611032486 145.259998485446 82.12635564059019 145.0372760519385 39.19984737038612 4.941714495420456 0 0 0
19.8818893879652 134.9684591218829 31.69922216236591 0.8962738886475563 0 12.39122302085161 34.56649405509233 39.41993699222803 0.7448105439543724 31.58971375226974 3523.626778192818 19.48630591481924 23.82389046251774 74.54008574038744 0 0.7047106996178627 580.1583901420236 546.9834138005972 2359.499237179756 3.90354186296463 26.72283974289894 1.087822034955025 100.5348723083735 8.451286002993584 532.9786693900824 4573.726696252823 691.6960371732712 11.69808582216501 100.2763110026717 125.7808154150844 131.0633042305708 9.45704348385334 12.84260138124228 1061.182467773557 4.117977067828178 454.3974919840693 976.2385332882404 2010.205880172551 583.3010443598032 6.192864179611206 1.989268854260445 9.50701841711998 2.133239336311817 0.1391855776309967 2.864278174936771 0.471449077129364 0 0 0 0.1338251829147339 0.2227198481559753 0.5161935836076736 0 19.68231602758169 0 103.4020508751273 0.6487949788570404 0 0.2562590464949608 0.2060334831476212 32.21245519816875 53.60645338892937 0 0 0 0.6706318557262421 1.220297798514366 42.88534640520811 242.6252273470163 458.2048028856516 0.5368657261133194 0 0.9094942808151245 66.4877073019743 0 0 3.631695158779621 0.2259998023509979 18.46260034292936 29.10466956347227 18.69613765180111 3.17424675822258 0 0 0.321131631731987 0
51.98738212883472 936.1293702423573 195.330045349896 0.4913310259580612 0 17.35404176265001 77.84805328398943 84.45258973538876 2.186920545995235 36.7250344529748 2977.645636312664 16.9975371658802 12.7644759863615 137.690192066133 0 2.311542712152004 7320.185280874372 2359.499237179756 3600.596082769334 4.477448731660843 145.4214003309608 6.176219396293163 618.0686940327287 17.07221882045269 973.3961312696338 4972.55105150491 1645.394239604473 28.44257556647062 229.6452755555511 490.0834385305643 26.56140080094337 13.56230890750885 30.57723038643599 3200.520399585366 2.705959632992744 305.3644399493933 227.2336418330669 2230.113169647753 356.5188640654087 3.455241061747074 3.507824771106243 3.524468600749969 1.197155229747295 0.2348411828279495 30.50564451515675 5.95340783149004 0 0 0.09447392076253891 1.127717763185501 0.231839545071125 0.1244944706559181 0 9.171970203518867 0 30.39247770607471 0.7031222209334373 0 1.158576466143131 14.67412266135216 8.802919246256351 192.9494576528668 0 1.600472249090672 0.6206292808055878 2.908443227410316 2.476669870316982 13.74756924808025 605.5841892585158 990.9634955748916 1.110838316380978 0.2107625380158424 3.126271918416023 24.02777273207903 0 0 20.98269132524729 1.30170701444149 54.30485393851995 74.05601143091917 66.29518081992865 23.65041413903236 1.67076388001442 0 0.2955000996589661 0
4.382869064807892 0.1212204024195671 0.8627626001834869 13019.25762392581 0.3040415644645691 265.4797112345695 53.17186409235001 164.273401260376 662.2532942742109 4837.991569802165 36.12895472347736 9455.541054800153 3.935558579862118 90.94979567825794 135.6693674772978 0.1762521713972092 0.5148140490055084 3.90354186296463 4.477448731660843 1494.124349102378 0.3321038708090782 2.604745328426361 1.476174622774124 912.7571366429329 1.164367824792862 7.774606183171272 6.627890378236771 3423.243261635303 98.33731787651777 1.407608442008495 0 41.22943465411663 3.469591237604618 94.43506978452206 15.25273644924164 451.1967522278428 10.18924805521965 273.2497889101505 44.61320785433054 603.0376161634922 71.00079686194658 2.180549696087837 10.94539229571819 0 0 0 128.6051645427942 0 6.030974611639977 30.11250200867653 0 28.23840117454529 14.03310006856918 0.1401906907558441 111.2616734802723 0.6306414604187012 1.176796019077301 3.939297437667847 0 0 0 0 27.602668851614 0 0 0 167.2981593310833 0 0.2767795622348785 0.3160128891468048 78.00968933105469 1.329843655228615 0 0 0 0.5396084785461426 0.8579558432102203 0 23.11782053112984 0.2522557079792023 2.868986144661903 2.458717048168182 35.40000978112221 0 0.2112641930580139 0
17.88226507604122 7.944289334118366 1379.388407588005 0.7754577398300171 0 4.399597063660622 132.7995645552874 24.4361904785037 52.84666696935892 1.395413689315319 30.12466537952423 0.5555143430829048 1.177315890789032 34.21675381064415 0 6931.809179455042 1868.048318617046 26.72283974289894 145.4214003309608 0.3321038708090782 18427.85963334143 573.3349506482482 27280.93816395849 1413.776591420174 1.51664911955595 242.097863085568 1121.106123462319 8233.423634380102 264.7983773946762 12984.69194412231 1.63328180462122 1.840173922479153 86.19683314114809 4445.787610992789 103.1106874421239 12703.68935413659 1454.936989106238 8195.522089399397 2486.06128398329 735.035227663815 45.48207458853722 12.42963260412216 109.4123793244362 19.19010498374701 2.017423123121262 28.6681842058897 0.7088446170091629 0 3.041099987924099 113.9927723035216 10.03684788942337 120.836424395442 3.88102114200592 2.243847765028477 0.6863101422786713 0.3313807919621468 21.00439843535423 2.375878214836121 882.9304874688387 4.509352043271065 0.7183201462030411 1.189322076737881 1.062529772520065 992.5553574413061 164.1650682091713 113.1539362519979 622.9018101766706 0.1436497569084167 9.335367523133755 71.30136946588755 383.6467563956976 95.37627516686916 286.4406002014875 0.1247067824006081 0.5858395770192146 8.49013464897871 22.68118008226156 19.74802039563656 261.0912681594491 5.898464679718018 63.41503028571606 13.1008350327611 17.24117703735828 3.031671464443207 5.913563534617424 2.726945273578167
1.2158123254776 2558.832870543003 241.2265138030052 1.01472806930542 2.085720933973789 1.807675339281559 14.33654890954494 1.349300988018513 3440.091311790049 0.2224627211689949 8.307601802051067 32.00248326361179 246.703026868403 0.8617314249277115 194.5493836849928 6223.469034194946 38.48782231658697 1.087822034955025 6.176219396293163 2.604745328426361 573.3349506482482 1914.49801389128 599.3861710429192 8472.582737728953 1087.889922611415 87.38886068761349 9049.540263220668 138.1774839088321 4.760158754885197 46.97805618494749 10.37006059288979 0.5029502362012863 2.154873333871365 55.011868275702 2.569216370582581 131.2635091394186 113.8472509756684 105.5857537537813 40.09446896612644 76.65649586170912 2.216757237911224 78.01357967406511 0.3985530585050583 2.787564501166344 13.72977519035339 117.4887600317597 0.2040287852287292 0 0.2882065027952194 17.98705919831991 2.118212454020977 46.89744025468826 1.25551401078701 7.435996897518635 1.423099681735039 35.07470081746578 2.826645180583 4.387125246226788 1616.617337301373 5.863454073667526 1.428077034652233 3.927218712866306 0 336.8824110627174 92.32135158777237 394.6527515277267 277.8949924185872 8.00406701862812 18.45928490161896 1379.545152030885 111.1316635534167 13.74445237219334 81.57559385895729 1.581975318491459 0.3103463649749756 1.593656525015831 7.004293099045753 1.033616676926613 118.1716426536441 18.82677620649338 34.69032549858093 17.3130775988102 5.951153233647346 1.134477466344833 2.668362081050873 0.5916423350572586
46.23371899873018 36.63541939854622 20136.43123524636 5.661280117928982 0 27.34532850235701 1117.866131745279 110.7448571920395 19.55190428346395 11.95341414958239 54.39711776375771 0.7588270753622055 2.920513123273849 119.5623065233231 0.2288509160280228 8585.181723587215 6158.854007184505 100.5348723083735 618.0686940327287 1.476174622774124 27280.93816395849 599.3861710429192 30496.6186613813 1139.62318932265 3.088410876691341 2078.581986404955 15291.04996982217 7711.714474014938 154.7179734781384 9116.866176851094 6.403589680790901 3.442470252513885 22.03700298815966 3137.7149919644 231.0793392881751 16252.80008184165 7037.716248571873 7729.878127351403 4804.624727904797 1653.954737126827 70.06276899576187 22.03048084676266 220.8988592103124 1.964623264968395 14.81345595419407 442.6894657090306 0.2074350416660309 0 0.6575608551502228 41.59618063271046 1.782076865434647 16.27150751650333 1.764572441577911 3.439987689256668 1.21082216501236 0.6845396757125854 3.562494464218616 0 2186.157484106719 25.64059695601463 0.1508853733539581 5.561789356172085 0 449.6202337145805 484.9078828468919 1480.358427107334 152.3822371065617 0.4601981788873672 46.56942606717348 2042.26170283556 77.94804663956165 10.44686081260443 84.8459552526474 0.570994958281517 0 1.966407813131809 10.89380357414484 41.58116036653519 392.3686266615987 41.41888059675694 95.13038669526577 54.12578509747982 7.22335296869278 1.432095155119896 4.016479223966599 2.898859187960625
152.1831159070134 770.2554554790258 410.1346381157637 4012.594130031765 5.635922566056252 326.9520633891225 2692.850757241249 305.2672171592712 17537.19413293898 692.1131516396999 29.4220862314105 541.8564364090562 61.91289631277323 254.0701339989901 937.0511714890599 3984.385406173766 117.3188177719712 8.451286002993584 17.07221882045269 912.7571366429329 1413.776591420174 8472.582737728953 1139.62318932265 23175.30438837409 222.6113941073418 105.3013574779034 7041.705533057451 12901.19350659847 1787.772019289434 2828.206754915416 3.411072909832001 25.20849067717791 492.0583990514278 552.3316295817494 180.6294659227133 6598.970494650304 290.9180033653975 2446.376449033618 769.9128980413079 809.3995605483651 334.1556385606527 26.24818294495344 92.55764362215996 39.85400056093931 14.26640299707651 53.07749959081411 227.1185054257512 0.4384163022041321 80.40432847291231 1382.532684862614 34.36699746549129 870.0095511749387 245.2204668596387 22.59053799510002 72.68585276603699 12.74584590643644 50.43346933275461 26.77845222502947 335.0673097521067 4.12809781730175 0.829287126660347 2.007244139909744 186.9304675012827 172.3789079040289 98.08342922478914 102.3950093239546 4260.069794207811 2.418756365776062 17.25948732346296 206.0914956256747 2128.800071321428 201.0660999342799 328.1411914154887 0.7414204403758049 3.408123940229416 45.43836288154125 54.71516017615795 36.11826937645674 904.55755636096 13.86683689057827 229.9974352568388 54.28337354958057 224.8473629131913 34.55844753235579 8.011859051883221 4.501172818243504
0.215411439538002 4244.058305673301 0.4209916144609451 0.1424918174743652 0.108381986618042 1.674245543777943 2.321810513734818 0.7960117012262344 244.5665192380548 4.019610688090324 763.3648324012756 4.550515457987785 5037.888454481959 3.46642266958952 12.83574020862579 8.600676000118256 36.28538407385349 532.9786693900824 973.3961312696338 1.164367824792862 1.51664911955595 1087.889922611415 3.088410876691341 222.6113941073418 2500.076936885715 506.4719312861562 2313.836036264896 2.095651887357235 2.710060954093933 1.870530776679516 83.3620238751173 1.181276112794876 0.3537633717060089 1145.52236276865 3.759382545948029 147.5269578173757 1258.471070848405 935.1571197658777 77.87097066640854 6.303715065121651 24.00314055383205 1638.284223437309 3.49396812915802 0 113.3889645785093 0.5964459180831909 0 0 0 0.1027204245328903 0.1853340119123459 0.3779295608401299 0.09984014928340912 263.6099873334169 0.1366925984621048 1840.445811890066 0.3159014582633972 0 0.1994926929473877 2.627861797809601 67.69274245202541 22.62553249299526 0 0.1275584995746613 4.429302051663399 0.9858972281217575 1.525278523564339 491.8077024668455 245.7967742681503 790.0424194484949 0.2525645196437836 0.1736836284399033 0 281.3580064475536 0.206627368927002 0 5.213384509086609 0 31.7049461081624 183.2808734700084 29.99855875968933 4.77046699821949 0.2862415462732315 0.1945395618677139 67.39742882549763 0
110.2175158038735 2203.405927464366 14637.90003331751 2.967404045164585 0.1592564433813095 58.55264656245708 626.9803862795234 279.549150377512 46.2305336073041 69.6245175153017 2306.616994321346 37.79387778788805 284.1298290267587 345.2179707214236 1.531117580831051 6.587744556367397 8766.527203924954 4573.726696252823 4972.55105150491 7.774606183171272 242.097863085568 87.38886068761349 2078.581986404955 105.3013574779034 506.4719312861562 46156.2583258599 12501.89347419143 203.6329138949513 390.1469350531697 792.7951879128814 1131.267487637699 20.3454133272171 51.93083941936493 2637.797913141549 27.7039457410574 1778.758714325726 3839.067787975073 4786.183818511665 1400.173852682114 16.65056448429823 17.05572468787432 60.29456245154142 8.211264349520206 0.7190959230065346 479.3352912515402 153.8423369675875 0 0 0.22829320281744 11.16350628435612 1.305622681975365 2.009939320385456 1.144753992557526 98.2221452742815 0.335783064365387 802.5613146275282 3.232565961778164 0.1507277637720108 18.2528323456645 378.0442399680614 162.7393333762884 754.8081855103374 0 6.988211013376713 16.64360751211643 23.92063676565886 13.97732605785131 303.538562245667 3037.38582444191 6469.898896358907 8.381077580153942 2.761482320725918 13.60660534352064 222.1618475317955 0.1477482318878174 0.1053685024380684 165.5494509190321 8.903116926550865 489.4194754734635 400.8735962286592 449.3794247210026 138.0249581262469 9.797842979431152 0.5523991733789444 4.767139613628387 1.840159520506859
92.53981985151768 12563.74481547624 23579.34510937333 8.560656107962132 1.877823539078236 40.4280654489994 664.2543913275003 178.3340863063931 2214.74314134568 67.31880573928356 1162.399400502443 47.25616862624884 3780.919768832624 281.9152037799358 144.6455861106515 12697.55016378313 10232.67104522884 691.6960371732712 1645.394239604473 6.627890378236771 1121.106123462319 9049.540263220668 15291.04996982217 7041.705533057451 2313.836036264896 12501.89347419143 51981.15836017579 2951.730735495687 389.0782522931695 976.8068223744631 3669.517140373588 16.32255463302135 65.91648171842098 6800.330294847488 321.4891158863902 16171.13660287112 10760.67467276007 16729.14690371603 6762.343880929053 733.4992537796497 57.31964036822319 96.84712506085634 126.1903465241194 6.806297071278095 1778.05824355036 1865.402712829411 0.5326859951019287 0 1.714449010789394 65.9175500869751 7.706017784774303 13.40023036301136 2.595066852867603 192.8275174051523 0.7833244577050209 1203.974965564907 11.81549944728613 0.1247555091977119 951.5984033420682 504.3773076981306 228.3485709428787 981.261790163815 0 102.8971175774932 1170.124193899333 1308.864382848144 128.6798690333962 768.3815357536077 4286.643785469234 18054.27756825089 80.03726232796907 10.78494298458099 80.01503998041153 591.255567163229 0.5803132951259613 0.6214052364230156 220.1396152600646 64.13096184283495 1305.505579710007 555.7944748699665 775.0468992069364 281.7886331006885 33.4998052790761 2.10599310696125 12.23963366448879 8.306012168526649
104.4465926513076 17.92258977890015 1373.609552659094 6719.027188226581 0.6221995204687119 1249.291506268084 33793.23005306721 349.526205830276 1486.91849065572 9232.624490462244 32.66430174559355 1283.175084814429 3.019060529768467 321.2862385138869 66.95017805695534 1073.935459002852 247.7310365736485 11.69808582216501 28.44257556647062 3423.243261635303 8233.423634380102 138.1774839088321 7711.714474014938 12901.19350659847 2.095651887357235 203.6329138949513 2951.730735495687 48299.8563414216 1344.206265807152 14216.74083199352 1.462389849126339 25.26358439773321 336.6592848077416 852.1381885409355 115.8181710392237 5669.448344685137 291.8233643397689 3092.45678807795 871.5755499228835 296.5963308960199 223.5375911742449 22.70420004427433 66.45584863424301 39.33239004760981 6.329572714865208 40.72182662039995 142.7540376037359 0 38.56598405539989 859.5714160352945 23.66375329345465 272.2885299324989 125.4403032660484 17.47933509945869 66.40452010929585 11.20790565013885 41.23529464006424 10.09252840280533 224.7089368477464 2.8784554079175 0.1414962559938431 1.428301826119423 75.34058333933353 230.3925041779876 40.43492835760117 57.46415911614895 2098.756813064218 0.1018333956599236 6.504859015345573 143.7223743051291 1235.421473532915 174.3650899082422 350.0552838146687 0.3303603082895279 2.314227268099785 36.38094169646502 31.68743215501308 20.61056662350893 594.2979028522968 16.85022070258856 141.9359906986356 31.02914892137051 146.2324064224958 11.54611130803823 23.83087725937366 1.882211431860924
